LECROYHDO6104B,11090,Waveform
Segments,1,SegmentSize,5002
Segment,TrigTime,TimeSinceSegment1
#1,04-May-2026 18:33:59,0                 
Time,Ampl
-3.70848e-08,-0.00501117128
-3.69848e-08,-0.00500525272
-3.68848e-08,-0.00499526515
-3.67848e-08,-0.00498342803
-3.66848e-08,-0.00497418028
-3.65848e-08,-0.00496974136
-3.64848e-08,-0.00497159091
-3.63848e-08,-0.00497824929
-3.62848e-08,-0.00498675722
-3.61848e-08,-0.0049934156
-3.60848e-08,-0.00499526515
-3.59848e-08,-0.00499156605
-3.58848e-08,-0.00498379794
-3.57848e-08,-0.00497455019
-3.56848e-08,-0.00496567235
-3.55848e-08,-0.00495901397
-3.54848e-08,-0.00495494496
-3.53848e-08,-0.00495161577
-3.52848e-08,-0.00494791667
-3.51848e-08,-0.00494310784
-3.50848e-08,-0.00493681937
-3.49848e-08,-0.00493016098
-3.48848e-08,-0.00492424242
-3.47848e-08,-0.00491906368
-3.46848e-08,-0.00491388494
-3.45848e-08,-0.00490796638
-3.44848e-08,-0.00490056818
-3.43848e-08,-0.00489132043
-3.42848e-08,-0.00488096295
-3.41848e-08,-0.0048717152
-3.40848e-08,-0.00486505682
-3.39848e-08,-0.00486209754
-3.38848e-08,-0.00486209754
-3.37848e-08,-0.00486357718
-3.36848e-08,-0.00486505682
-3.35848e-08,-0.00486468691
-3.34848e-08,-0.00486246745
-3.33848e-08,-0.00486024799
-3.32848e-08,-0.00485913826
-3.31848e-08,-0.00486172763
-3.30848e-08,-0.0048680161
-3.29848e-08,-0.00487800367
-3.28848e-08,-0.00488873106
-3.27848e-08,-0.00489834872
-3.26848e-08,-0.00490463719
-3.25848e-08,-0.00490722656
-3.24848e-08,-0.00490648674
-3.23848e-08,-0.00490463719
-3.22848e-08,-0.00490315755
-3.21848e-08,-0.00490352746
-3.20848e-08,-0.00490648674
-3.19848e-08,-0.00491166548
-3.18848e-08,-0.00491795395
-3.17848e-08,-0.00492424242
-3.16848e-08,-0.00493016098
-3.15848e-08,-0.00493496982
-3.14848e-08,-0.00493866892
-3.13848e-08,-0.00494125829
-3.12848e-08,-0.00494199811
-3.11848e-08,-0.00494125829
-3.10848e-08,-0.00493866892
-3.09848e-08,-0.00493496982
-3.08848e-08,-0.00493016098
-3.07848e-08,-0.00492572206
-3.06848e-08,-0.00492276278
-3.05848e-08,-0.00492202296
-3.04848e-08,-0.00492424242
-3.03848e-08,-0.00492905125
-3.02848e-08,-0.00493533973
-3.01848e-08,-0.00494236802
-3.00848e-08,-0.00494791667
-2.99848e-08,-0.00495124586
-2.98848e-08,-0.00495124586
-2.97848e-08,-0.00494791667
-2.96848e-08,-0.00494199811
-2.95848e-08,-0.00493459991
-2.94848e-08,-0.00492757161
-2.93848e-08,-0.00492165305
-2.92848e-08,-0.00491832386
-2.91848e-08,-0.00491684422
-2.90848e-08,-0.00491647431
-2.89848e-08,-0.00491536458
-2.88848e-08,-0.0049124053
-2.87848e-08,-0.00490685665
-2.86848e-08,-0.00489908854
-2.85848e-08,-0.00489058061
-2.84848e-08,-0.0048828125
-2.83848e-08,-0.00487763376
-2.82848e-08,-0.00487652403
-2.81848e-08,-0.00487874349
-2.80848e-08,-0.0048828125
-2.79848e-08,-0.00488688151
-2.78848e-08,-0.00488910097
-2.77848e-08,-0.00488799124
-2.76848e-08,-0.0048828125
-2.75848e-08,-0.00487467448
-2.74848e-08,-0.00486542673
-2.73848e-08,-0.00485580907
-2.72848e-08,-0.00484730114
-2.71848e-08,-0.00484027285
-2.70848e-08,-0.00483398438
-2.69848e-08,-0.00482880563
-2.68848e-08,-0.00482362689
-2.67848e-08,-0.00481881806
-2.66848e-08,-0.00481511896
-2.65848e-08,-0.00481252959
-2.64848e-08,-0.00481178977
-2.63848e-08,-0.00481215968
-2.62848e-08,-0.0048128995
-2.61848e-08,-0.00481326941
-2.60848e-08,-0.00481178977
-2.59848e-08,-0.00480883049
-2.58848e-08,-0.00480476148
-2.57848e-08,-0.00480143229
-2.56848e-08,-0.00479995265
-2.55848e-08,-0.00480143229
-2.54848e-08,-0.00480661103
-2.53848e-08,-0.00481437914
-2.52848e-08,-0.00482362689
-2.51848e-08,-0.00483324455
-2.50848e-08,-0.0048421224
-2.49848e-08,-0.00485063033
-2.48848e-08,-0.00485913826
-2.47848e-08,-0.00486838601
-2.46848e-08,-0.00487874349
-2.45848e-08,-0.00488984079
-2.44848e-08,-0.00490056818
-2.43848e-08,-0.00491018584
-2.42848e-08,-0.00491795395
-2.41848e-08,-0.00492387251
-2.40848e-08,-0.00493016098
-2.39848e-08,-0.00493755919
-2.38848e-08,-0.00494754676
-2.37848e-08,-0.00495938388
-2.36848e-08,-0.00497159091
-2.35848e-08,-0.0049823183
-2.34848e-08,-0.0049897165
-2.33848e-08,-0.0049934156
-2.32848e-08,-0.00499526515
-2.31848e-08,-0.00499785452
-2.30848e-08,-0.00500340317
-2.29848e-08,-0.00501265092
-2.28848e-08,-0.00502485795
-2.27848e-08,-0.00503669508
-2.26848e-08,-0.00504446319
-2.25848e-08,-0.00504631274
-2.24848e-08,-0.00504261364
-2.23848e-08,-0.00503669508
-2.22848e-08,-0.00503262607
-2.21848e-08,-0.00503410571
-2.20848e-08,-0.00504261364
-2.19848e-08,-0.00505556049
-2.18848e-08,-0.00506961707
-2.17848e-08,-0.00507960464
-2.16848e-08,-0.00508404356
-2.15848e-08,-0.00508330374
-2.14848e-08,-0.00508071437
-2.13848e-08,-0.00508034446
-2.12848e-08,-0.00508404356
-2.11848e-08,-0.00509181167
-2.10848e-08,-0.00510105942
-2.09848e-08,-0.00510734789
-2.08848e-08,-0.0051077178
-2.07848e-08,-0.00510253906
-2.06848e-08,-0.00509403113
-2.05848e-08,-0.00508700284
-2.04848e-08,-0.00508404356
-2.03848e-08,-0.0050855232
-2.02848e-08,-0.0050892223
-2.01848e-08,-0.00508996212
-2.00848e-08,-0.00508404356
-1.99848e-08,-0.00507035689
-1.98848e-08,-0.00505149148
-1.97848e-08,-0.00503262607
-1.96848e-08,-0.00501893939
-1.95848e-08,-0.00501413056
-1.94848e-08,-0.00501708984
-1.93848e-08,-0.00502448804
-1.92848e-08,-0.00503077652
-1.91848e-08,-0.00503188625
-1.90848e-08,-0.00502633759
-1.89848e-08,-0.00501708984
-1.88848e-08,-0.00500710227
-1.87848e-08,-0.00500044389
-1.86848e-08,-0.00499859434
-1.85848e-08,-0.00500007398
-1.84848e-08,-0.00500118371
-1.83848e-08,-0.00499822443
-1.82848e-08,-0.0049897165
-1.81848e-08,-0.00497565992
-1.80848e-08,-0.00495975379
-1.79848e-08,-0.00494495739
-1.78848e-08,-0.00493386009
-1.77848e-08,-0.00492757161
-1.76848e-08,-0.00492424242
-1.75848e-08,-0.00492202296
-1.74848e-08,-0.0049198035
-1.73848e-08,-0.0049161044
-1.72848e-08,-0.0049124053
-1.71848e-08,-0.00490944602
-1.70848e-08,-0.00490796638
-1.69848e-08,-0.00490759647
-1.68848e-08,-0.00490648674
-1.67848e-08,-0.00490278764
-1.66848e-08,-0.00489612926
-1.65848e-08,-0.00488688151
-1.64848e-08,-0.00487689394
-1.63848e-08,-0.00486875592
-1.62848e-08,-0.00486394709
-1.61848e-08,-0.00486320727
-1.60848e-08,-0.00486505682
-1.59848e-08,-0.0048680161
-1.58848e-08,-0.00487023556
-1.57848e-08,-0.00487097538
-1.56848e-08,-0.00487097538
-1.55848e-08,-0.0048717152
-1.54848e-08,-0.00487504439
-1.53848e-08,-0.00488096295
-1.52848e-08,-0.00488873106
-1.51848e-08,-0.00489686908
-1.50848e-08,-0.00490278764
-1.49848e-08,-0.00490611683
-1.48848e-08,-0.00490648674
-1.47848e-08,-0.00490537701
-1.46848e-08,-0.00490426728
-1.45848e-08,-0.00490463719
-1.44848e-08,-0.00490648674
-1.43848e-08,-0.00490907611
-1.42848e-08,-0.00491092566
-1.41848e-08,-0.00491203539
-1.40848e-08,-0.0049124053
-1.39848e-08,-0.00491388494
-1.38848e-08,-0.00491758404
-1.37848e-08,-0.00492535215
-1.36848e-08,-0.00493607955
-1.35848e-08,-0.00494791667
-1.34848e-08,-0.00495790424
-1.33848e-08,-0.00496419271
-1.32848e-08,-0.00496567235
-1.31848e-08,-0.00496419271
-1.30848e-08,-0.00496271307
-1.29848e-08,-0.00496456262
-1.28848e-08,-0.00497159091
-1.27848e-08,-0.00498416785
-1.26848e-08,-0.00500007398
-1.25848e-08,-0.00501635002
-1.24848e-08,-0.00503077652
-1.23848e-08,-0.00504150391
-1.22848e-08,-0.00504927202
-1.21848e-08,-0.00505482067
-1.20848e-08,-0.00506036932
-1.19848e-08,-0.00506628788
-1.18848e-08,-0.00507294626
-1.17848e-08,-0.00507923473
-1.16848e-08,-0.00508404356
-1.15848e-08,-0.00508774266
-1.14848e-08,-0.00509144176
-1.13848e-08,-0.00509588068
-1.12848e-08,-0.00510179924
-1.11848e-08,-0.00510845762
-1.10848e-08,-0.00511474609
-1.09848e-08,-0.00511844519
-1.08848e-08,-0.00511955492
-1.07848e-08,-0.00511844519
-1.06848e-08,-0.00511733546
-1.05848e-08,-0.00511918501
-1.04848e-08,-0.00512547348
-1.03848e-08,-0.00513620088
-1.02848e-08,-0.005148038
-1.01848e-08,-0.00515765566
-1.00848e-08,-0.00516098485
-9.984804e-09,-0.00515654593
-9.884804e-09,-0.00514655836
-9.784804e-09,-0.00513435133
-9.684804e-09,-0.00512547348
-9.584804e-09,-0.00512288411
-9.484804e-09,-0.00512695313
-9.384804e-09,-0.00513509115
-9.284804e-09,-0.00514322917
-9.184804e-09,-0.00514655836
-9.084804e-09,-0.00514285926
-8.984804e-09,-0.00513287169
-8.884804e-09,-0.00511955492
-8.784804e-09,-0.00510660807
-8.684804e-09,-0.00509736032
-8.584804e-09,-0.00509218158
-8.484804e-09,-0.00508996212
-8.384804e-09,-0.00508811257
-8.284804e-09,-0.00508478338
-8.184804e-09,-0.00507886482
-8.084804e-09,-0.00507220644
-7.984804e-09,-0.0050670277
-7.884804e-09,-0.00506517815
-7.784804e-09,-0.00506739761
-7.684804e-09,-0.00507220644
-7.584804e-09,-0.00507701527
-7.484804e-09,-0.00507923473
-7.384804e-09,-0.00507738518
-7.284804e-09,-0.00507220644
-7.184804e-09,-0.00506591797
-7.084804e-09,-0.00506184896
-6.984804e-09,-0.00506184896
-6.884804e-09,-0.00506628788
-6.784804e-09,-0.00507331617
-6.684804e-09,-0.00507997455
-6.584804e-09,-0.00508367365
-6.484804e-09,-0.00508404356
-6.384804e-09,-0.00508145419
-6.284804e-09,-0.00507849491
-6.184804e-09,-0.00507701527
-6.084804e-09,-0.005078125
-5.984804e-09,-0.00508108428
-5.884804e-09,-0.00508367365
-5.784804e-09,-0.00508330374
-5.684804e-09,-0.005078125
-5.584804e-09,-0.00506850734
-5.484804e-09,-0.00505630031
-5.384804e-09,-0.00504335346
-5.284804e-09,-0.00503077652
-5.184804e-09,-0.00501819957
-5.084804e-09,-0.00500414299
-4.984804e-09,-0.00498527758
-4.884804e-09,-0.00495975379
-4.784804e-09,-0.00492646188
-4.684804e-09,-0.00488614169
-4.584804e-09,-0.00483990294
-4.484804e-09,-0.00478811553
-4.384804e-09,-0.00473114938
-4.284804e-09,-0.00466863459
-4.184804e-09,-0.0045990915
-4.084804e-09,-0.0045217803
-3.984804e-09,-0.00443781072
-3.884804e-09,-0.00434792259
-3.784804e-09,-0.00425359553
-3.684804e-09,-0.00415482955
-3.584804e-09,-0.00405051491
-3.484804e-09,-0.00393917199
-3.384804e-09,-0.00381969105
-3.284804e-09,-0.00369318182
-3.184804e-09,-0.00356223366
-3.084804e-09,-0.00343017578
-2.984804e-09,-0.00329996745
-2.884804e-09,-0.00317234848
-2.784804e-09,-0.00304546934
-2.684804e-09,-0.00291563092
-2.584804e-09,-0.00278061375
-2.484804e-09,-0.00263967803
-2.384804e-09,-0.00249615294
-2.284804e-09,-0.00235521721
-2.184804e-09,-0.00222093987
-2.084804e-09,-0.00209517045
-1.984804e-09,-0.00197494969
-1.884804e-09,-0.00185546875
-1.784804e-09,-0.00173043916
-1.684804e-09,-0.00159801136
-1.584804e-09,-0.00146003492
-1.484804e-09,-0.0013227983
-1.384804e-09,-0.00119332978
-1.284804e-09,-0.00107717803
-1.184804e-09,-0.00097434304
-1.084804e-09,-0.0008807558
-9.84804e-10,-0.000790497751
-8.84804e-10,-0.000698390152
-7.84804e-10,-0.000603693182
-6.84804e-10,-0.000510475852
-5.84804e-10,-0.000424286813
-4.84804e-10,-0.000349195076
-3.84804e-10,-0.000286310369
-2.84804e-10,-0.000231563684
-1.84804e-10,-0.000179036458
-8.480402e-11,-0.000124289773
1.519598e-11,-6.65838068e-05
1.15196e-10,-9.61766098e-06
2.15196e-10,3.99502841e-05
3.15196e-10,7.69412879e-05
4.15196e-10,0.00010061553
5.15196e-10,0.000115411932
6.15196e-10,0.000129098603
7.15196e-10,0.000147964015
8.15196e-10,0.000174967448
9.15196e-10,0.000207519531
1.015196e-09,0.000238222064
1.115196e-09,0.000260416667
1.215196e-09,0.000271144058
1.315196e-09,0.000271513968
1.415196e-09,0.000267814867
1.515196e-09,0.000266335227
1.615196e-09,0.000270034328
1.715196e-09,0.000278542259
1.815196e-09,0.000286680279
1.915196e-09,0.00029000947
2.015196e-09,0.000286310369
2.115196e-09,0.000277432528
2.215196e-09,0.000269294508
2.315196e-09,0.000266335227
2.415196e-09,0.000271513968
2.515196e-09,0.000282981179
2.615196e-09,0.0002948183
2.715196e-09,0.000301846591
2.815196e-09,0.000301106771
2.915196e-09,0.00029444839
3.015196e-09,0.000286680279
3.115196e-09,0.000284090909
3.215196e-09,0.00028926965
3.315196e-09,0.000301106771
3.415196e-09,0.000315163352
3.515196e-09,0.000325520833
3.615196e-09,0.000329589844
3.715196e-09,0.000327740294
3.815196e-09,0.000325150923
3.915196e-09,0.000325520833
4.015196e-09,0.000331809304
4.115196e-09,0.000342906605
4.215196e-09,0.000354373816
4.315196e-09,0.000361032197
4.415196e-09,0.000361032197
4.515196e-09,0.000356223366
4.615196e-09,0.000350674716
4.715196e-09,0.000349195076
4.815196e-09,0.000354373816
4.915196e-09,0.000364731297
5.015196e-09,0.000376198509
5.115196e-09,0.000384706439
5.215196e-09,0.00038766572
5.315196e-09,0.0003869259
5.415196e-09,0.00038655599
5.515196e-09,0.000390625
5.615196e-09,0.000401352391
5.715196e-09,0.000416518703
5.815196e-09,0.000432054924
5.915196e-09,0.000443892045
6.015196e-09,0.000450180516
6.115196e-09,0.000452769886
6.215196e-09,0.000455359257
6.315196e-09,0.000461647727
6.415196e-09,0.000472745028
6.515196e-09,0.0004864317
6.615196e-09,0.000497898911
6.715196e-09,0.000503077652
6.815196e-09,0.000501967921
6.915196e-09,0.000497898911
7.015196e-09,0.000496789181
7.115196e-09,0.000503077652
7.215196e-09,0.000517874053
7.315196e-09,0.000537479285
7.415196e-09,0.000554125237
7.515196e-09,0.000562263258
7.615196e-09,0.000558934067
7.715196e-09,0.000547096946
7.815196e-09,0.000533780185
7.915196e-09,0.000526751894
8.015196e-09,0.000530081084
8.115196e-09,0.000542658026
8.215196e-09,0.000559673887
8.315196e-09,0.000574100379
8.415196e-09,0.00058112867
8.515196e-09,0.000580758759
8.615196e-09,0.000576689749
8.715196e-09,0.000574100379
8.815196e-09,0.000576689749
8.915196e-09,0.00058482777
9.015196e-09,0.000595555161
9.115196e-09,0.000603693182
9.215196e-09,0.000606282552
9.315196e-09,0.000603323272
9.415196e-09,0.000597034801
9.515196e-09,0.000591856061
9.615196e-09,0.0005896366
9.715196e-09,0.0005896366
9.815196e-09,0.0005896366
9.915196e-09,0.0005859375
1.00152e-08,0.000577429569
1.01152e-08,0.000565592448
1.02152e-08,0.000555234967
1.03152e-08,0.000550426136
1.04152e-08,0.000553385417
1.05152e-08,0.000562633168
1.06152e-08,0.000573360559
1.07152e-08,0.000580018939
1.08152e-08,0.000579649029
1.09152e-08,0.000572250829
1.10152e-08,0.000560783617
1.11152e-08,0.000550426136
1.12152e-08,0.000543767756
1.13152e-08,0.000541178385
1.14152e-08,0.000540438565
1.15152e-08,0.000538589015
1.16152e-08,0.000533410275
1.17152e-08,0.000526751894
1.18152e-08,0.000521203243
1.19152e-08,0.000520833333
1.20152e-08,0.000527861624
1.21152e-08,0.000540808475
1.22152e-08,0.000555604877
1.23152e-08,0.000568181818
1.24152e-08,0.000574840199
1.25152e-08,0.000575949929
1.26152e-08,0.000574470289
1.27152e-08,0.000574100379
1.28152e-08,0.000577799479
1.29152e-08,0.00058556759
1.30152e-08,0.000595555161
1.31152e-08,0.000603693182
1.32152e-08,0.000608132102
1.33152e-08,0.000608502012
1.34152e-08,0.000608132102
1.35152e-08,0.000609611742
1.36152e-08,0.000616270123
1.37152e-08,0.000627737334
1.38152e-08,0.000642533736
1.39152e-08,0.000656960227
1.40152e-08,0.000668797348
1.41152e-08,0.000676935369
1.42152e-08,0.00068211411
1.43152e-08,0.00068655303
1.44152e-08,0.000691361861
1.45152e-08,0.000696910511
1.46152e-08,0.000701719342
1.47152e-08,0.000704308712
1.48152e-08,0.000704678622
1.49152e-08,0.000703568892
1.50152e-08,0.000702829072
1.51152e-08,0.000704308712
1.52152e-08,0.000709117543
1.53152e-08,0.000715775923
1.54152e-08,0.000722804214
1.55152e-08,0.000727982955
1.56152e-08,0.000730942235
1.57152e-08,0.000732421875
1.58152e-08,0.000733161695
1.59152e-08,0.000733901515
1.60152e-08,0.000734271425
1.61152e-08,0.000732051965
1.62152e-08,0.000726133404
1.63152e-08,0.000716145833
1.64152e-08,0.000704308712
1.65152e-08,0.000693951231
1.66152e-08,0.000689512311
1.67152e-08,0.000692471591
1.68152e-08,0.000700979522
1.69152e-08,0.000710967093
1.70152e-08,0.000717255563
1.71152e-08,0.000716145833
1.72152e-08,0.000708007813
1.73152e-08,0.000695430871
1.74152e-08,0.00068322384
1.75152e-08,0.000674715909
1.76152e-08,0.000670276989
1.77152e-08,0.000666947798
1.78152e-08,0.000661399148
1.79152e-08,0.000651041667
1.80152e-08,0.000636615175
1.81152e-08,0.000621818774
1.82152e-08,0.000611831203
1.83152e-08,0.000609611742
1.84152e-08,0.000614050663
1.85152e-08,0.000620709044
1.86152e-08,0.000622558594
1.87152e-08,0.000615530303
1.88152e-08,0.000598514441
1.89152e-08,0.000575580019
1.90152e-08,0.000553755327
1.91152e-08,0.000538589015
1.92152e-08,0.000531930634
1.93152e-08,0.000530450994
1.94152e-08,0.000528601444
1.95152e-08,0.000520833333
1.96152e-08,0.000504927202
1.97152e-08,0.00048347242
1.98152e-08,0.000463127367
1.99152e-08,0.000449810606
2.00152e-08,0.000447221236
2.01152e-08,0.000453509706
2.02152e-08,0.000464607008
2.03152e-08,0.000473484848
2.04152e-08,0.000476444129
2.05152e-08,0.000472745028
2.06152e-08,0.000464607008
2.07152e-08,0.000455729167
2.08152e-08,0.000447961056
2.09152e-08,0.000440562855
2.10152e-08,0.000432054924
2.11152e-08,0.000420217803
2.12152e-08,0.000405421402
2.13152e-08,0.00039025509
2.14152e-08,0.000378417969
2.15152e-08,0.000372869318
2.16152e-08,0.000372499408
2.17152e-08,0.000373609138
2.18152e-08,0.000371019768
2.19152e-08,0.000361032197
2.20152e-08,0.000343646425
2.21152e-08,0.000323301373
2.22152e-08,0.000305915601
2.23152e-08,0.00029592803
2.24152e-08,0.00029407848
2.25152e-08,0.00029629794
2.26152e-08,0.00029666785
2.27152e-08,0.00029000947
2.28152e-08,0.000275213068
2.29152e-08,0.000255607836
2.30152e-08,0.000237112334
2.31152e-08,0.000224905303
2.32152e-08,0.000220466383
2.33152e-08,0.000220466383
2.34152e-08,0.000219356652
2.35152e-08,0.000213068182
2.36152e-08,0.000200491241
2.37152e-08,0.000185694839
2.38152e-08,0.000174227628
2.39152e-08,0.000171638258
2.40152e-08,0.000177556818
2.41152e-08,0.000187544389
2.42152e-08,0.00019346295
2.43152e-08,0.000189393939
2.44152e-08,0.000173857718
2.45152e-08,0.000151293205
2.46152e-08,0.000130578243
2.47152e-08,0.000118371212
2.48152e-08,0.000118371212
2.49152e-08,0.000127249053
2.50152e-08,0.000137606534
2.51152e-08,0.000142045455
2.52152e-08,0.000136866714
2.53152e-08,0.000123919863
2.54152e-08,0.000109493371
2.55152e-08,0.00010061553
2.56152e-08,0.00010024562
2.57152e-08,0.000107273911
2.58152e-08,0.000115411932
2.59152e-08,0.000118371212
2.60152e-08,0.000113562382
2.61152e-08,0.000103204901
2.62152e-08,9.28474195e-05
2.63152e-08,8.87784091e-05
2.64152e-08,9.32173295e-05
2.65152e-08,0.000103944721
2.66152e-08,0.000114672112
2.67152e-08,0.000118371212
2.68152e-08,0.000112082741
2.69152e-08,9.765625e-05
2.70152e-08,8.17501184e-05
2.71152e-08,7.10227273e-05
2.72152e-08,6.95430871e-05
2.73152e-08,7.58315578e-05
2.74152e-08,8.43394886e-05
2.75152e-08,8.87784091e-05
2.76152e-08,8.54492188e-05
2.77152e-08,7.50917377e-05
2.78152e-08,6.25147964e-05
2.79152e-08,5.32670455e-05
2.80152e-08,5.06776752e-05
2.81152e-08,5.36369555e-05
2.82152e-08,5.80758759e-05
2.83152e-08,5.91856061e-05
2.84152e-08,5.40068655e-05
2.85152e-08,4.43892045e-05
2.86152e-08,3.47715436e-05
2.87152e-08,2.9592803e-05
2.88152e-08,3.07025331e-05
2.89152e-08,3.55113636e-05
2.90152e-08,3.8840554e-05
2.91152e-08,3.55113636e-05
2.92152e-08,2.40441525e-05
2.93152e-08,7.39820076e-06
2.94152e-08,-8.50793087e-06
2.95152e-08,-1.77556818e-05
2.96152e-08,-1.73857718e-05
2.97152e-08,-9.98757102e-06
2.98152e-08,-2.21946023e-06
2.99152e-08,0
3.00152e-08,-7.7681108e-06
3.01152e-08,-2.47839725e-05
3.02152e-08,-4.54989347e-05
3.03152e-08,-6.51041667e-05
3.04152e-08,-7.91607481e-05
3.05152e-08,-8.84084991e-05
3.06152e-08,-9.61766098e-05
3.07152e-08,-0.000106534091
3.08152e-08,-0.000121700402
3.09152e-08,-0.000140565814
3.10152e-08,-0.000160540956
3.11152e-08,-0.000177556818
3.12152e-08,-0.00019087358
3.13152e-08,-0.000201970881
3.14152e-08,-0.000214547822
3.15152e-08,-0.000230823864
3.16152e-08,-0.000250059186
3.17152e-08,-0.000269294508
3.18152e-08,-0.000283351089
3.19152e-08,-0.00029000947
3.20152e-08,-0.00029074929
3.21152e-08,-0.00029074929
3.22152e-08,-0.00029703776
3.23152e-08,-0.000313683712
3.24152e-08,-0.000339207505
3.25152e-08,-0.000366950758
3.26152e-08,-0.00038840554
3.27152e-08,-0.000396543561
3.28152e-08,-0.00039025509
3.29152e-08,-0.000375458688
3.30152e-08,-0.000361032197
3.31152e-08,-0.000355113636
3.32152e-08,-0.000360662287
3.33152e-08,-0.000374718868
3.34152e-08,-0.00038914536
3.35152e-08,-0.000396543561
3.36152e-08,-0.0003943241
3.37152e-08,-0.00038618608
3.38152e-08,-0.000378417969
3.39152e-08,-0.000378787879
3.40152e-08,-0.00038951527
3.41152e-08,-0.000407270952
3.42152e-08,-0.000423916903
3.43152e-08,-0.000432054924
3.44152e-08,-0.000427985914
3.45152e-08,-0.000414299242
3.46152e-08,-0.000399132931
3.47152e-08,-0.000390625
3.48152e-08,-0.00039358428
3.49152e-08,-0.000406901042
3.50152e-08,-0.000424286813
3.51152e-08,-0.000437973485
3.52152e-08,-0.000443892045
3.53152e-08,-0.000442412405
3.54152e-08,-0.000438343395
3.55152e-08,-0.000437973485
3.56152e-08,-0.000445001776
3.57152e-08,-0.000458318537
3.58152e-08,-0.000473484848
3.59152e-08,-0.00048532197
3.60152e-08,-0.00049087062
3.61152e-08,-0.00049124053
3.62152e-08,-0.00049198035
3.63152e-08,-0.000497159091
3.64152e-08,-0.000508996212
3.65152e-08,-0.000524902344
3.66152e-08,-0.000540438565
3.67152e-08,-0.000550426136
3.68152e-08,-0.000553755327
3.69152e-08,-0.000553755327
3.70152e-08,-0.000557084517
3.71152e-08,-0.000568181818
3.72152e-08,-0.00058889678
3.73152e-08,-0.000615530303
3.74152e-08,-0.000640314276
3.75152e-08,-0.000656960227
3.76152e-08,-0.000662508878
3.77152e-08,-0.000659919508
3.78152e-08,-0.000655850497
3.79152e-08,-0.000656960227
3.80152e-08,-0.000666207978
3.81152e-08,-0.00068100438
3.82152e-08,-0.000695800781
3.83152e-08,-0.000704308712
3.84152e-08,-0.000704308712
3.85152e-08,-0.000699129972
3.86152e-08,-0.000695060961
3.87152e-08,-0.000698390152
3.88152e-08,-0.000711337003
3.89152e-08,-0.000730572325
3.90152e-08,-0.000748328007
3.91152e-08,-0.000757575758
3.92152e-08,-0.000754986387
3.93152e-08,-0.000743519176
3.94152e-08,-0.000731682055
3.95152e-08,-0.000727982955
3.96152e-08,-0.000736860795
3.97152e-08,-0.000756466027
3.98152e-08,-0.00078014027
3.99152e-08,-0.000799005682
4.00152e-08,-0.000807513613
4.01152e-08,-0.000805664063
4.02152e-08,-0.000798635772
4.03152e-08,-0.000793087121
4.04152e-08,-0.000794566761
4.05152e-08,-0.000803074692
4.06152e-08,-0.000814541903
4.07152e-08,-0.000822679924
4.08152e-08,-0.000823049834
4.09152e-08,-0.000816021544
4.10152e-08,-0.000806033973
4.11152e-08,-0.000799005682
4.12152e-08,-0.000799745502
4.13152e-08,-0.000809733073
4.14152e-08,-0.000824899384
4.15152e-08,-0.000840435606
4.16152e-08,-0.000851902817
4.17152e-08,-0.000858561198
4.18152e-08,-0.000861150568
4.19152e-08,-0.000864109848
4.20152e-08,-0.000869288589
4.21152e-08,-0.00087742661
4.22152e-08,-0.000886304451
4.23152e-08,-0.000893702652
4.24152e-08,-0.000898511482
4.25152e-08,-0.000901470762
4.26152e-08,-0.000904799953
4.27152e-08,-0.000911458333
4.28152e-08,-0.000921075994
4.29152e-08,-0.000931803385
4.30152e-08,-0.000941051136
4.31152e-08,-0.000946969697
4.32152e-08,-0.000950668797
4.33152e-08,-0.000955477628
4.34152e-08,-0.000965465199
4.35152e-08,-0.000982481061
4.36152e-08,-0.00100467566
4.37152e-08,-0.00102687027
4.38152e-08,-0.00104240649
4.39152e-08,-0.00104758523
4.40152e-08,-0.00104388613
4.41152e-08,-0.00103685784
4.42152e-08,-0.00103426847
4.43152e-08,-0.00104166667
4.44152e-08,-0.00105905244
4.45152e-08,-0.00108087713
4.46152e-08,-0.00109900272
4.47152e-08,-0.00110677083
4.48152e-08,-0.00110270182
4.49152e-08,-0.00109197443
4.50152e-08,-0.00108272668
4.51152e-08,-0.00108309659
4.52152e-08,-0.00109641335
4.53152e-08,-0.00111934777
4.54152e-08,-0.00114487157
4.55152e-08,-0.00116595644
4.56152e-08,-0.00117816347
4.57152e-08,-0.0011829723
4.58152e-08,-0.00118482185
4.59152e-08,-0.00118963068
4.60152e-08,-0.00119924834
4.61152e-08,-0.00121145537
4.62152e-08,-0.00122144295
4.63152e-08,-0.00122514205
4.64152e-08,-0.00122181286
4.65152e-08,-0.00121478456
4.66152e-08,-0.00121071555
4.67152e-08,-0.00121330492
4.68152e-08,-0.00122366241
4.69152e-08,-0.00123734908
4.70152e-08,-0.00124733665
4.71152e-08,-0.00124881629
4.72152e-08,-0.00124104818
4.73152e-08,-0.00122884115
4.74152e-08,-0.00121959339
4.75152e-08,-0.00121922348
4.76152e-08,-0.00122847124
4.77152e-08,-0.00124215791
4.78152e-08,-0.0012528853
4.79152e-08,-0.00125473485
4.80152e-08,-0.00124696674
4.81152e-08,-0.00123475971
4.82152e-08,-0.00122736151
4.83152e-08,-0.00123106061
4.84152e-08,-0.00124770656
4.85152e-08,-0.00127101089
4.86152e-08,-0.00129209576
4.87152e-08,-0.00130208333
4.88152e-08,-0.00129801432
4.89152e-08,-0.00128395774
4.90152e-08,-0.00126879143
4.91152e-08,-0.00126065341
4.92152e-08,-0.00126324278
4.93152e-08,-0.00127360026
4.94152e-08,-0.00128469756
4.95152e-08,-0.00129024621
4.96152e-08,-0.00128802675
4.97152e-08,-0.00128173828
4.98152e-08,-0.00127840909
4.99152e-08,-0.00128432765
5.00152e-08,-0.00130023378
5.01152e-08,-0.00132094875
5.02152e-08,-0.00133796461
5.03152e-08,-0.00134351326
5.04152e-08,-0.00133648497
5.05152e-08,-0.00132205848
5.06152e-08,-0.00130985144
5.07152e-08,-0.00130800189
5.08152e-08,-0.0013190992
5.09152e-08,-0.00133833452
5.10152e-08,-0.00135719993
5.11152e-08,-0.0013671875
5.12152e-08,-0.00136644768
5.13152e-08,-0.00136015921
5.14152e-08,-0.00135756984
5.15152e-08,-0.0013671875
5.16152e-08,-0.00139086174
5.17152e-08,-0.00142267401
5.18152e-08,-0.0014518969
5.19152e-08,-0.00146780303
5.20152e-08,-0.0014666933
5.21152e-08,-0.00145263672
5.22152e-08,-0.00143599077
5.23152e-08,-0.00142637311
5.24152e-08,-0.00142896248
5.25152e-08,-0.00144153942
5.26152e-08,-0.00145522609
5.27152e-08,-0.00146188447
5.28152e-08,-0.00145818537
5.29152e-08,-0.0014481978
5.30152e-08,-0.00144042969
5.31152e-08,-0.00144412879
5.32152e-08,-0.00146188447
5.33152e-08,-0.00148851799
5.34152e-08,-0.00151367188
5.35152e-08,-0.00152698864
5.36152e-08,-0.00152254972
5.37152e-08,-0.00150405421
5.38152e-08,-0.00148001006
5.39152e-08,-0.00146188447
5.40152e-08,-0.00145522609
5.41152e-08,-0.00145892519
5.42152e-08,-0.00146558357
5.43152e-08,-0.00146780303
5.44152e-08,-0.00146114465
5.45152e-08,-0.00144856771
5.46152e-08,-0.00143821023
5.47152e-08,-0.00143821023
5.48152e-08,-0.00145263672
5.49152e-08,-0.00147742069
5.50152e-08,-0.0015036843
5.51152e-08,-0.00152107008
5.52152e-08,-0.00152402936
5.53152e-08,-0.00151404179
5.54152e-08,-0.0014999852
5.55152e-08,-0.00149147727
5.56152e-08,-0.00149443655
5.57152e-08,-0.00150886304
5.58152e-08,-0.00152809837
5.59152e-08,-0.00154474432
5.60152e-08,-0.00155399207
5.61152e-08,-0.00155695135
5.62152e-08,-0.00155954072
5.63152e-08,-0.00156841856
5.64152e-08,-0.00158691406
5.65152e-08,-0.00161206795
5.66152e-08,-0.0016361121
5.67152e-08,-0.00165127841
5.68152e-08,-0.00165312796
5.69152e-08,-0.00164388021
5.70152e-08,-0.00163056345
5.71152e-08,-0.00162168561
5.72152e-08,-0.00162205552
5.73152e-08,-0.00163056345
5.74152e-08,-0.00164240057
5.75152e-08,-0.00165127841
5.76152e-08,-0.00165386778
5.77152e-08,-0.00165275805
5.78152e-08,-0.00165386778
5.79152e-08,-0.00166311553
5.80152e-08,-0.00168235085
5.81152e-08,-0.00170787464
5.82152e-08,-0.0017319188
5.83152e-08,-0.00174597538
5.84152e-08,-0.00174745502
5.85152e-08,-0.001739317
5.86152e-08,-0.00173006925
5.87152e-08,-0.0017282197
5.88152e-08,-0.00173857718
5.89152e-08,-0.00175966205
5.90152e-08,-0.00178444602
5.91152e-08,-0.00180516098
5.92152e-08,-0.0018166282
5.93152e-08,-0.00181995739
5.94152e-08,-0.00181958748
5.95152e-08,-0.00182291667
5.96152e-08,-0.00183327415
5.97152e-08,-0.0018499201
5.98152e-08,-0.00186804569
5.99152e-08,-0.00188210227
6.00152e-08,-0.00188950047
6.01152e-08,-0.00189208984
6.02152e-08,-0.00189393939
6.03152e-08,-0.00189985795
6.04152e-08,-0.00191021544
6.05152e-08,-0.00192131274
6.06152e-08,-0.0019272313
6.07152e-08,-0.0019235322
6.08152e-08,-0.00190947562
6.09152e-08,-0.00189098011
6.10152e-08,-0.00187544389
6.11152e-08,-0.00187026515
6.12152e-08,-0.00187655362
6.13152e-08,-0.00188950047
6.14152e-08,-0.00189985795
6.15152e-08,-0.00189985795
6.16152e-08,-0.00188654119
6.17152e-08,-0.00186434659
6.18152e-08,-0.00184215199
6.19152e-08,-0.00182883523
6.20152e-08,-0.00182809541
6.21152e-08,-0.00183734316
6.22152e-08,-0.00184807055
6.23152e-08,-0.00185250947
6.24152e-08,-0.00184585109
6.25152e-08,-0.00183068478
6.26152e-08,-0.00181403883
6.27152e-08,-0.00180516098
6.28152e-08,-0.00180812027
6.29152e-08,-0.00182069721
6.30152e-08,-0.00183660334
6.31152e-08,-0.00184659091
6.32152e-08,-0.001846221
6.33152e-08,-0.00183660334
6.34152e-08,-0.00182439631
6.35152e-08,-0.00181699811
6.36152e-08,-0.00181995739
6.37152e-08,-0.00183290424
6.38152e-08,-0.00185029001
6.39152e-08,-0.00186434659
6.40152e-08,-0.00187026515
6.41152e-08,-0.0018684156
6.42152e-08,-0.00186212713
6.43152e-08,-0.00185842803
6.44152e-08,-0.00186064749
6.45152e-08,-0.0018684156
6.46152e-08,-0.00187729344
6.47152e-08,-0.00188210227
6.48152e-08,-0.00187914299
6.49152e-08,-0.00187026515
6.50152e-08,-0.00185916785
6.51152e-08,-0.00185250947
6.52152e-08,-0.00185287938
6.53152e-08,-0.00185916785
6.54152e-08,-0.00186656605
6.55152e-08,-0.00187026515
6.56152e-08,-0.00186730587
6.57152e-08,-0.00185879794
6.58152e-08,-0.0018499201
6.59152e-08,-0.00184659091
6.60152e-08,-0.00185139974
6.61152e-08,-0.00186323686
6.62152e-08,-0.00187729344
6.63152e-08,-0.00188802083
6.64152e-08,-0.00189245975
6.65152e-08,-0.00189098011
6.66152e-08,-0.00188802083
6.67152e-08,-0.00188802083
6.68152e-08,-0.00189319957
6.69152e-08,-0.00190244732
6.70152e-08,-0.00191206499
6.71152e-08,-0.00191761364
6.72152e-08,-0.00191872337
6.73152e-08,-0.00191761364
6.74152e-08,-0.00191946319
6.75152e-08,-0.00192945076
6.76152e-08,-0.00194831617
6.77152e-08,-0.00197273023
6.78152e-08,-0.00199640447
6.79152e-08,-0.00201231061
6.80152e-08,-0.00201785926
6.81152e-08,-0.00201489998
6.82152e-08,-0.00200898142
6.83152e-08,-0.00200639205
6.84152e-08,-0.00201083097
6.85152e-08,-0.00202155836
6.86152e-08,-0.00203339548
6.87152e-08,-0.00204190341
6.88152e-08,-0.00204412287
6.89152e-08,-0.00204116359
6.90152e-08,-0.00203894413
6.91152e-08,-0.00204190341
6.92152e-08,-0.00205337062
6.93152e-08,-0.00207149621
6.94152e-08,-0.00209147135
6.95152e-08,-0.00210700758
6.96152e-08,-0.00211477569
6.97152e-08,-0.00211551551
6.98152e-08,-0.00211329605
6.99152e-08,-0.00211292614
7.00152e-08,-0.00211810488
7.01152e-08,-0.00212809245
7.02152e-08,-0.00213955966
7.03152e-08,-0.0021484375
7.04152e-08,-0.0021521366
7.05152e-08,-0.00215176669
7.06152e-08,-0.00215102687
7.07152e-08,-0.00215435606
7.08152e-08,-0.00216397372
7.09152e-08,-0.0021780303
7.10152e-08,-0.00219245679
7.11152e-08,-0.00220170455
7.12152e-08,-0.00220318419
7.13152e-08,-0.00219800545
7.14152e-08,-0.00218986742
7.15152e-08,-0.00218394886
7.16152e-08,-0.00218320904
7.17152e-08,-0.00218764796
7.18152e-08,-0.00219319661
7.19152e-08,-0.00219578598
7.20152e-08,-0.0021928267
7.21152e-08,-0.00218431877
7.22152e-08,-0.0021743312
7.23152e-08,-0.00216619318
7.24152e-08,-0.0021632339
7.25152e-08,-0.00216545336
7.26152e-08,-0.00216952237
7.27152e-08,-0.00217211174
7.28152e-08,-0.00217100201
7.29152e-08,-0.00216619318
7.30152e-08,-0.0021595348
7.31152e-08,-0.00215435606
7.32152e-08,-0.00215139678
7.33152e-08,-0.00215028705
7.34152e-08,-0.00214806759
7.35152e-08,-0.00214251894
7.36152e-08,-0.0021336411
7.37152e-08,-0.00212439335
7.38152e-08,-0.00211810488
7.39152e-08,-0.0021188447
7.40152e-08,-0.00212735263
7.41152e-08,-0.00214029948
7.42152e-08,-0.00215324633
7.43152e-08,-0.00216027462
7.44152e-08,-0.0021595348
7.45152e-08,-0.0021521366
7.46152e-08,-0.00214251894
7.47152e-08,-0.00213660038
7.48152e-08,-0.0021373402
7.49152e-08,-0.0021447384
7.50152e-08,-0.0021558357
7.51152e-08,-0.00216619318
7.52152e-08,-0.00217285156
7.53152e-08,-0.00217544093
7.54152e-08,-0.00217618075
7.55152e-08,-0.0021780303
7.56152e-08,-0.00218320904
7.57152e-08,-0.00219171697
7.58152e-08,-0.00220059482
7.59152e-08,-0.00220762311
7.60152e-08,-0.00221132221
7.61152e-08,-0.00221243194
7.62152e-08,-0.00221428149
7.63152e-08,-0.00221946023
7.64152e-08,-0.0022294478
7.65152e-08,-0.00224202474
7.66152e-08,-0.00225423177
7.67152e-08,-0.00226089015
7.68152e-08,-0.00226015033
7.69152e-08,-0.00225349195
7.70152e-08,-0.00224387429
7.71152e-08,-0.00223721591
7.72152e-08,-0.00223647609
7.73152e-08,-0.00224239465
7.74152e-08,-0.00225201231
7.75152e-08,-0.00226089015
7.76152e-08,-0.00226495916
7.77152e-08,-0.0022627397
7.78152e-08,-0.00225423177
7.79152e-08,-0.00224313447
7.80152e-08,-0.00223240708
7.81152e-08,-0.00222426906
7.82152e-08,-0.00221983014
7.83152e-08,-0.00221946023
7.84152e-08,-0.0022220496
7.85152e-08,-0.00222685843
7.86152e-08,-0.00223425663
7.87152e-08,-0.00224313447
7.88152e-08,-0.00225238222
7.89152e-08,-0.00226052024
7.90152e-08,-0.00226569898
7.91152e-08,-0.00226680871
7.92152e-08,-0.00226532907
7.93152e-08,-0.00226310961
7.94152e-08,-0.00226310961
7.95152e-08,-0.00226680871
7.96152e-08,-0.002273837
7.97152e-08,-0.00228160511
7.98152e-08,-0.00228789358
7.99152e-08,-0.00229048295
8.00152e-08,-0.00229011304
8.01152e-08,-0.00228937322
8.02152e-08,-0.00229270241
8.03152e-08,-0.00230232008
8.04152e-08,-0.00231896603
8.05152e-08,-0.0023400509
8.06152e-08,-0.00236150568
8.07152e-08,-0.00237926136
8.08152e-08,-0.0023918383
8.09152e-08,-0.00239923651
8.10152e-08,-0.00240404534
8.11152e-08,-0.00240885417
8.12152e-08,-0.00241477273
8.13152e-08,-0.00242143111
8.14152e-08,-0.00242771958
8.15152e-08,-0.00243252841
8.16152e-08,-0.00243696733
8.17152e-08,-0.00244288589
8.18152e-08,-0.00245287346
8.19152e-08,-0.00246803977
8.20152e-08,-0.00248653527
8.21152e-08,-0.00250466087
8.22152e-08,-0.00251723781
8.23152e-08,-0.00252130682
8.24152e-08,-0.00251760772
8.25152e-08,-0.00250909979
8.26152e-08,-0.00250133168
8.27152e-08,-0.00249763258
8.28152e-08,-0.00249948213
8.29152e-08,-0.00250355114
8.30152e-08,-0.00250614051
8.31152e-08,-0.00250355114
8.32152e-08,-0.00249504321
8.33152e-08,-0.00248357599
8.34152e-08,-0.00247506806
8.35152e-08,-0.00247395833
8.36152e-08,-0.00248135653
8.37152e-08,-0.0024946733
8.38152e-08,-0.00250799006
8.39152e-08,-0.00251538826
8.40152e-08,-0.00251390862
8.41152e-08,-0.00250503078
8.42152e-08,-0.00249356357
8.43152e-08,-0.00248579545
8.44152e-08,-0.00248579545
8.45152e-08,-0.00249430339
8.46152e-08,-0.00250762015
8.47152e-08,-0.00252130682
8.48152e-08,-0.00253129439
8.49152e-08,-0.00253684304
8.50152e-08,-0.00254017223
8.51152e-08,-0.00254498106
8.52152e-08,-0.00255422881
8.53152e-08,-0.00256828539
8.54152e-08,-0.00258419152
8.55152e-08,-0.00259824811
8.56152e-08,-0.00260675604
8.57152e-08,-0.00260934541
8.58152e-08,-0.00260712595
8.59152e-08,-0.00260416667
8.60152e-08,-0.00260379676
8.61152e-08,-0.00260712595
8.62152e-08,-0.00261415424
8.63152e-08,-0.00262192235
8.64152e-08,-0.00262895064
8.65152e-08,-0.00263449929
8.66152e-08,-0.00263930812
8.67152e-08,-0.00264559659
8.68152e-08,-0.00265447443
8.69152e-08,-0.00266557173
8.70152e-08,-0.00267740885
8.71152e-08,-0.00268702652
8.72152e-08,-0.00269294508
8.73152e-08,-0.00269516454
8.74152e-08,-0.00269627427
8.75152e-08,-0.00269886364
8.76152e-08,-0.00270515211
8.77152e-08,-0.0027158795
8.78152e-08,-0.00272845644
8.79152e-08,-0.00274029356
8.80152e-08,-0.00274843158
8.81152e-08,-0.00275176077
8.82152e-08,-0.00275213068
8.83152e-08,-0.00275213068
8.84152e-08,-0.00275508996
8.85152e-08,-0.00276248816
8.86152e-08,-0.00277432528
8.87152e-08,-0.00278764205
8.88152e-08,-0.00279984908
8.89152e-08,-0.00280835701
8.90152e-08,-0.00281205611
8.91152e-08,-0.00281131629
8.92152e-08,-0.00280835701
8.93152e-08,-0.00280539773
8.94152e-08,-0.00280391809
8.95152e-08,-0.00280539773
8.96152e-08,-0.00280946674
8.97152e-08,-0.00281575521
8.98152e-08,-0.0028227835
8.99152e-08,-0.00282907197
9.00152e-08,-0.0028338808
9.01152e-08,-0.00283610026
9.02152e-08,-0.00283647017
9.03152e-08,-0.00283499053
9.04152e-08,-0.00283314098
9.05152e-08,-0.00283166134
9.06152e-08,-0.00283055161
9.07152e-08,-0.00282907197
9.08152e-08,-0.00282537287
9.09152e-08,-0.00281871449
9.10152e-08,-0.00280946674
9.11152e-08,-0.00279947917
9.12152e-08,-0.00279282079
9.13152e-08,-0.0027931907
9.14152e-08,-0.00280169863
9.15152e-08,-0.00281723485
9.16152e-08,-0.00283536044
9.17152e-08,-0.00285015684
9.18152e-08,-0.00285644531
9.19152e-08,-0.00285274621
9.20152e-08,-0.00284090909
9.21152e-08,-0.0028264826
9.22152e-08,-0.00281501539
9.23152e-08,-0.00281131629
9.24152e-08,-0.0028153853
9.25152e-08,-0.00282463305
9.26152e-08,-0.00283425071
9.27152e-08,-0.00284090909
9.28152e-08,-0.00284349846
9.29152e-08,-0.00284386837
9.30152e-08,-0.00284608783
9.31152e-08,-0.00285274621
9.32152e-08,-0.00286421342
9.33152e-08,-0.00287827
9.34152e-08,-0.00289121686
9.35152e-08,-0.0029000947
9.36152e-08,-0.00290490353
9.37152e-08,-0.00290786281
9.38152e-08,-0.00291341146
9.39152e-08,-0.00292376894
9.40152e-08,-0.00293967507
9.41152e-08,-0.00295780066
9.42152e-08,-0.00297370679
9.43152e-08,-0.00298295455
9.44152e-08,-0.00298443419
9.45152e-08,-0.00298073509
9.46152e-08,-0.00297666607
9.47152e-08,-0.00297703598
9.48152e-08,-0.00298406428
9.49152e-08,-0.00299701113
9.50152e-08,-0.00301180753
9.51152e-08,-0.00302438447
9.52152e-08,-0.00303178267
9.53152e-08,-0.00303437204
9.54152e-08,-0.00303474195
9.55152e-08,-0.00303622159
9.56152e-08,-0.00304066051
9.57152e-08,-0.00304842862
9.58152e-08,-0.00305730646
9.59152e-08,-0.00306581439
9.60152e-08,-0.0030735825
9.61152e-08,-0.00308172053
9.62152e-08,-0.00309207801
9.63152e-08,-0.00310724432
9.64152e-08,-0.00312610973
9.65152e-08,-0.00314571496
9.66152e-08,-0.003161991
9.67152e-08,-0.00317234848
9.68152e-08,-0.0031764175
9.69152e-08,-0.00317678741
9.70152e-08,-0.00317789714
9.71152e-08,-0.00318418561
9.72152e-08,-0.00319676255
9.73152e-08,-0.00321377841
9.74152e-08,-0.00323042436
9.75152e-08,-0.00324337121
9.76152e-08,-0.00325002959
9.77152e-08,-0.00325224905
9.78152e-08,-0.00325261896
9.79152e-08,-0.00325520833
9.80152e-08,-0.00326112689
9.81152e-08,-0.00326926491
9.82152e-08,-0.00327629321
9.83152e-08,-0.00327888258
9.84152e-08,-0.00327555339
9.85152e-08,-0.00326741536
9.86152e-08,-0.0032577977
9.87152e-08,-0.00324928977
9.88152e-08,-0.00324263139
9.89152e-08,-0.00323634292
9.90152e-08,-0.00322746508
9.91152e-08,-0.00321377841
9.92152e-08,-0.00319565282
9.93152e-08,-0.00317567768
9.94152e-08,-0.00315903172
9.95152e-08,-0.00314867424
9.96152e-08,-0.00314534505
9.97152e-08,-0.00314534505
9.98152e-08,-0.00314423532
9.99152e-08,-0.00313683712
1.000152e-07,-0.00312204072
1.001152e-07,-0.00310169567
1.002152e-07,-0.00308135062
1.003152e-07,-0.00306581439
1.004152e-07,-0.00305730646
1.005152e-07,-0.00305397727
1.006152e-07,-0.00305212772
1.007152e-07,-0.00304805871
1.008152e-07,-0.0030402906
1.009152e-07,-0.00303215258
1.010152e-07,-0.0030291933
1.011152e-07,-0.00303622159
1.012152e-07,-0.00305582682
1.013152e-07,-0.00308504972
1.014152e-07,-0.00311649207
1.015152e-07,-0.00314275568
1.016152e-07,-0.00315792199
1.017152e-07,-0.00316125118
1.018152e-07,-0.00315792199
1.019152e-07,-0.0031545928
1.020152e-07,-0.00315792199
1.021152e-07,-0.00317049893
1.022152e-07,-0.00319047408
1.023152e-07,-0.00321377841
1.024152e-07,-0.00323486328
1.025152e-07,-0.00325187914
1.026152e-07,-0.0032651959
1.027152e-07,-0.00327888258
1.028152e-07,-0.00329700817
1.029152e-07,-0.00332105232
1.030152e-07,-0.0033499053
1.031152e-07,-0.00337949811
1.032152e-07,-0.00340465199
1.033152e-07,-0.00342203776
1.034152e-07,-0.00343054569
1.035152e-07,-0.00343276515
1.036152e-07,-0.00343239524
1.037152e-07,-0.00343387488
1.038152e-07,-0.00343979344
1.039152e-07,-0.00345052083
1.040152e-07,-0.00346494732
1.041152e-07,-0.00348085346
1.042152e-07,-0.00349638968
1.043152e-07,-0.00350970644
1.044152e-07,-0.00351969401
1.045152e-07,-0.00352598248
1.046152e-07,-0.00352820194
1.047152e-07,-0.00352746212
1.048152e-07,-0.00352450284
1.049152e-07,-0.00352080374
1.050152e-07,-0.00351747455
1.051152e-07,-0.003515625
1.052152e-07,-0.00351488518
1.053152e-07,-0.00351414536
1.054152e-07,-0.00351229581
1.055152e-07,-0.00350970644
1.056152e-07,-0.00350637725
1.057152e-07,-0.00350341797
1.058152e-07,-0.00350230824
1.059152e-07,-0.00350378788
1.060152e-07,-0.00350674716
1.061152e-07,-0.00350970644
1.062152e-07,-0.00351118608
1.063152e-07,-0.00350970644
1.064152e-07,-0.00350600734
1.065152e-07,-0.00350193833
1.066152e-07,-0.00349897905
1.067152e-07,-0.00349786932
1.068152e-07,-0.00349823923
1.069152e-07,-0.00349786932
1.070152e-07,-0.00349601977
1.071152e-07,-0.00349195076
1.072152e-07,-0.00348751184
1.073152e-07,-0.00348529238
1.074152e-07,-0.00348862157
1.075152e-07,-0.00349786932
1.076152e-07,-0.00351118608
1.077152e-07,-0.00352413293
1.078152e-07,-0.00353264086
1.079152e-07,-0.00353338068
1.080152e-07,-0.00352746212
1.081152e-07,-0.00351784446
1.082152e-07,-0.00351081617
1.083152e-07,-0.00350970644
1.084152e-07,-0.00351636482
1.085152e-07,-0.00352820194
1.086152e-07,-0.0035415187
1.087152e-07,-0.00355113636
1.088152e-07,-0.00355520537
1.089152e-07,-0.00355446555
1.090152e-07,-0.00355187618
1.091152e-07,-0.00355113636
1.092152e-07,-0.00355372573
1.093152e-07,-0.00355964429
1.094152e-07,-0.00356556286
1.095152e-07,-0.00356889205
1.096152e-07,-0.00356815223
1.097152e-07,-0.00356445313
1.098152e-07,-0.00355964429
1.099152e-07,-0.00355705492
1.100152e-07,-0.00355779474
1.101152e-07,-0.00356149384
1.102152e-07,-0.00356593277
1.103152e-07,-0.00356889205
1.104152e-07,-0.00356963187
1.105152e-07,-0.00357000178
1.106152e-07,-0.00357296106
1.107152e-07,-0.00358072917
1.108152e-07,-0.00359441584
1.109152e-07,-0.0036114317
1.110152e-07,-0.00362807765
1.111152e-07,-0.00363991477
1.112152e-07,-0.00364398378
1.113152e-07,-0.0036410245
1.114152e-07,-0.00363436612
1.115152e-07,-0.00362807765
1.116152e-07,-0.00362659801
1.117152e-07,-0.00363066702
1.118152e-07,-0.00363991477
1.119152e-07,-0.00365175189
1.120152e-07,-0.00366321911
1.121152e-07,-0.00367283677
1.122152e-07,-0.00368060488
1.123152e-07,-0.00368726326
1.124152e-07,-0.00369318182
1.125152e-07,-0.00369836056
1.126152e-07,-0.00370242957
1.127152e-07,-0.00370501894
1.128152e-07,-0.00370612867
1.129152e-07,-0.00370649858
1.130152e-07,-0.00370797822
1.131152e-07,-0.0037109375
1.132152e-07,-0.00371500651
1.133152e-07,-0.00371870561
1.134152e-07,-0.00371944543
1.135152e-07,-0.00371685606
1.136152e-07,-0.00371130741
1.137152e-07,-0.00370538885
1.138152e-07,-0.00370279948
1.139152e-07,-0.00370501894
1.140152e-07,-0.00371241714
1.141152e-07,-0.0037220348
1.142152e-07,-0.00373054273
1.143152e-07,-0.00373461174
1.144152e-07,-0.0037331321
1.145152e-07,-0.00372758345
1.146152e-07,-0.00372129498
1.147152e-07,-0.00371685606
1.148152e-07,-0.00371574633
1.149152e-07,-0.00371685606
1.150152e-07,-0.00371796579
1.151152e-07,-0.00371685606
1.152152e-07,-0.00371315696
1.153152e-07,-0.00370871804
1.154152e-07,-0.00370686849
1.155152e-07,-0.0037109375
1.156152e-07,-0.00372129498
1.157152e-07,-0.00373609138
1.158152e-07,-0.00375199751
1.159152e-07,-0.00376420455
1.160152e-07,-0.00377086293
1.161152e-07,-0.00377234257
1.162152e-07,-0.00377086293
1.163152e-07,-0.00377012311
1.164152e-07,-0.00377197266
1.165152e-07,-0.00377641158
1.166152e-07,-0.00378233014
1.167152e-07,-0.00378787879
1.168152e-07,-0.0037919478
1.169152e-07,-0.00379601681
1.170152e-07,-0.00380193537
1.171152e-07,-0.00381155303
1.172152e-07,-0.00382486979
1.173152e-07,-0.00383966619
1.174152e-07,-0.00385224313
1.175152e-07,-0.00385890152
1.176152e-07,-0.0038581617
1.177152e-07,-0.00385150331
1.178152e-07,-0.00384262547
1.179152e-07,-0.00383522727
1.180152e-07,-0.0038326379
1.181152e-07,-0.00383522727
1.182152e-07,-0.00384114583
1.183152e-07,-0.00384706439
1.184152e-07,-0.0038511334
1.185152e-07,-0.00385335286
1.186152e-07,-0.0038548325
1.187152e-07,-0.00385890152
1.188152e-07,-0.00386629972
1.189152e-07,-0.0038766572
1.190152e-07,-0.00388738459
1.191152e-07,-0.00389441288
1.192152e-07,-0.0038951527
1.193152e-07,-0.00388886423
1.194152e-07,-0.00387776693
1.195152e-07,-0.00386482008
1.196152e-07,-0.00385372277
1.197152e-07,-0.00384669448
1.198152e-07,-0.00384484493
1.199152e-07,-0.00384706439
1.200152e-07,-0.00385224313
1.201152e-07,-0.00385890152
1.202152e-07,-0.00386740945
1.203152e-07,-0.0038766572
1.204152e-07,-0.00388664477
1.205152e-07,-0.00389589252
1.206152e-07,-0.00390292081
1.207152e-07,-0.00390625
1.208152e-07,-0.00390588009
1.209152e-07,-0.00390292081
1.210152e-07,-0.00390033144
1.211152e-07,-0.00390033144
1.212152e-07,-0.00390477036
1.213152e-07,-0.00391327829
1.214152e-07,-0.00392437559
1.215152e-07,-0.0039358428
1.216152e-07,-0.00394583037
1.217152e-07,-0.00395359848
1.218152e-07,-0.00395951705
1.219152e-07,-0.00396543561
1.220152e-07,-0.00397209399
1.221152e-07,-0.00397949219
1.222152e-07,-0.00398763021
1.223152e-07,-0.00399502841
1.224152e-07,-0.00400094697
1.225152e-07,-0.0040057558
1.226152e-07,-0.00400908499
1.227152e-07,-0.00401278409
1.228152e-07,-0.00401648319
1.229152e-07,-0.00402018229
1.230152e-07,-0.00402314157
1.231152e-07,-0.00402462121
1.232152e-07,-0.00402462121
1.233152e-07,-0.00402388139
1.234152e-07,-0.00402351148
1.235152e-07,-0.00402462121
1.236152e-07,-0.00402721058
1.237152e-07,-0.00403053977
1.238152e-07,-0.00403386896
1.239152e-07,-0.00403645833
1.240152e-07,-0.00403793797
1.241152e-07,-0.0040390477
1.242152e-07,-0.00404052734
1.243152e-07,-0.00404237689
1.244152e-07,-0.00404459635
1.245152e-07,-0.00404607599
1.246152e-07,-0.00404533617
1.247152e-07,-0.00404237689
1.248152e-07,-0.00403830788
1.249152e-07,-0.00403460878
1.250152e-07,-0.00403386896
1.251152e-07,-0.00403645833
1.252152e-07,-0.00404200698
1.253152e-07,-0.00404829545
1.254152e-07,-0.00405273438
1.255152e-07,-0.00405421402
1.256152e-07,-0.00405236446
1.257152e-07,-0.00404829545
1.258152e-07,-0.00404459635
1.259152e-07,-0.00404237689
1.260152e-07,-0.00404089725
1.261152e-07,-0.0040390477
1.262152e-07,-0.00403386896
1.263152e-07,-0.00402462121
1.264152e-07,-0.00401241418
1.265152e-07,-0.00400020715
1.266152e-07,-0.00399169922
1.267152e-07,-0.00398910985
1.268152e-07,-0.00399280895
1.269152e-07,-0.00399983724
1.270152e-07,-0.0040057558
1.271152e-07,-0.00400686553
1.272152e-07,-0.00400168679
1.273152e-07,-0.00399132931
1.274152e-07,-0.0039798621
1.275152e-07,-0.00397135417
1.276152e-07,-0.0039687648
1.277152e-07,-0.00397172408
1.278152e-07,-0.00397764264
1.279152e-07,-0.00398319129
1.280152e-07,-0.00398504084
1.281152e-07,-0.0039835612
1.282152e-07,-0.0039798621
1.283152e-07,-0.00397727273
1.284152e-07,-0.00397838246
1.285152e-07,-0.00398430102
1.286152e-07,-0.00399243904
1.287152e-07,-0.00400094697
1.288152e-07,-0.00400686553
1.289152e-07,-0.00400982481
1.290152e-07,-0.00401056463
1.291152e-07,-0.00401278409
1.292152e-07,-0.00401833274
1.293152e-07,-0.00402832031
1.294152e-07,-0.00404126716
1.295152e-07,-0.00405421402
1.296152e-07,-0.00406420159
1.297152e-07,-0.00406938033
1.298152e-07,-0.00407122988
1.299152e-07,-0.0040719697
1.300152e-07,-0.00407529889
1.301152e-07,-0.00408269709
1.302152e-07,-0.00409453421
1.303152e-07,-0.00410748106
1.304152e-07,-0.00411783854
1.305152e-07,-0.00412264737
1.306152e-07,-0.00412079782
1.307152e-07,-0.00411339962
1.308152e-07,-0.00410415187
1.309152e-07,-0.00409712358
1.310152e-07,-0.0040941643
1.311152e-07,-0.00409564394
1.312152e-07,-0.00409971295
1.313152e-07,-0.00410304214
1.314152e-07,-0.00410415187
1.315152e-07,-0.0041015625
1.316152e-07,-0.00409712358
1.317152e-07,-0.00409268466
1.318152e-07,-0.00409009529
1.319152e-07,-0.00408972538
1.320152e-07,-0.0040904652
1.321152e-07,-0.00408972538
1.322152e-07,-0.00408565637
1.323152e-07,-0.00407788826
1.324152e-07,-0.00406790069
1.325152e-07,-0.00405902285
1.326152e-07,-0.00405384411
1.327152e-07,-0.00405421402
1.328152e-07,-0.00405939276
1.329152e-07,-0.00406716087
1.330152e-07,-0.00407381925
1.331152e-07,-0.00407788826
1.332152e-07,-0.00407862808
1.333152e-07,-0.00407788826
1.334152e-07,-0.00407899799
1.335152e-07,-0.00408380682
1.336152e-07,-0.00409342448
1.337152e-07,-0.00410563151
1.338152e-07,-0.00411746863
1.339152e-07,-0.00412523674
1.340152e-07,-0.00412671638
1.341152e-07,-0.00412301728
1.342152e-07,-0.00411709872
1.343152e-07,-0.00411339962
1.344152e-07,-0.00411561908
1.345152e-07,-0.00412449692
1.346152e-07,-0.00413892341
1.347152e-07,-0.00415482955
1.348152e-07,-0.00416851622
1.349152e-07,-0.00417776397
1.350152e-07,-0.00418220289
1.351152e-07,-0.00418442235
1.352152e-07,-0.00418701172
1.353152e-07,-0.00419293028
1.354152e-07,-0.00420254794
1.355152e-07,-0.00421401515
1.356152e-07,-0.00422474254
1.357152e-07,-0.00423251065
1.358152e-07,-0.00423657966
1.359152e-07,-0.00423768939
1.360152e-07,-0.00423879912
1.361152e-07,-0.00424286813
1.362152e-07,-0.00425063625
1.363152e-07,-0.00426136364
1.364152e-07,-0.00427209103
1.365152e-07,-0.00427985914
1.366152e-07,-0.0042820786
1.367152e-07,-0.00427911932
1.368152e-07,-0.00427320076
1.369152e-07,-0.00426765211
1.370152e-07,-0.00426543265
1.371152e-07,-0.0042672822
1.372152e-07,-0.00427209103
1.373152e-07,-0.00427689986
1.374152e-07,-0.00427948923
1.375152e-07,-0.00427911932
1.376152e-07,-0.00427652995
1.377152e-07,-0.00427431049
1.378152e-07,-0.0042746804
1.379152e-07,-0.00427911932
1.380152e-07,-0.0042857777
1.381152e-07,-0.00429169626
1.382152e-07,-0.00429391572
1.383152e-07,-0.00429095644
1.384152e-07,-0.00428355824
1.385152e-07,-0.0042746804
1.386152e-07,-0.00426839193
1.387152e-07,-0.0042672822
1.388152e-07,-0.00427209103
1.389152e-07,-0.00428096887
1.390152e-07,-0.00429021662
1.391152e-07,-0.004296875
1.392152e-07,-0.00429983428
1.393152e-07,-0.0043005741
1.394152e-07,-0.0043005741
1.395152e-07,-0.00430279356
1.396152e-07,-0.0043079723
1.397152e-07,-0.00431500059
1.398152e-07,-0.00432165897
1.399152e-07,-0.0043264678
1.400152e-07,-0.00432831735
1.401152e-07,-0.00432794744
1.402152e-07,-0.00432683771
1.403152e-07,-0.0043264678
1.404152e-07,-0.0043264678
1.405152e-07,-0.00432572798
1.406152e-07,-0.00432202888
1.407152e-07,-0.00431463068
1.408152e-07,-0.00430464311
1.409152e-07,-0.00429539536
1.410152e-07,-0.00429021662
1.411152e-07,-0.00429095644
1.412152e-07,-0.00429761482
1.413152e-07,-0.00430686257
1.414152e-07,-0.00431389086
1.415152e-07,-0.00431463068
1.416152e-07,-0.00430760239
1.417152e-07,-0.00429502545
1.418152e-07,-0.00427985914
1.419152e-07,-0.0042672822
1.420152e-07,-0.00425951409
1.421152e-07,-0.00425655481
1.422152e-07,-0.0042561849
1.423152e-07,-0.00425544508
1.424152e-07,-0.0042524858
1.425152e-07,-0.00424693714
1.426152e-07,-0.00424138849
1.427152e-07,-0.00423768939
1.428152e-07,-0.00423694957
1.429152e-07,-0.00423842921
1.430152e-07,-0.00423916903
1.431152e-07,-0.00423768939
1.432152e-07,-0.00423214074
1.433152e-07,-0.00422363281
1.434152e-07,-0.00421475497
1.435152e-07,-0.00420809659
1.436152e-07,-0.00420439749
1.437152e-07,-0.00420291785
1.438152e-07,-0.0042010683
1.439152e-07,-0.00419625947
1.440152e-07,-0.00418738163
1.441152e-07,-0.00417628433
1.442152e-07,-0.00416629676
1.443152e-07,-0.00416074811
1.444152e-07,-0.00416148793
1.445152e-07,-0.00416740649
1.446152e-07,-0.00417443478
1.447152e-07,-0.00417850379
1.448152e-07,-0.00417591442
1.449152e-07,-0.00416592685
1.450152e-07,-0.00415150036
1.451152e-07,-0.00413707386
1.452152e-07,-0.00412671638
1.453152e-07,-0.00412301728
1.454152e-07,-0.00412560665
1.455152e-07,-0.0041311553
1.456152e-07,-0.00413707386
1.457152e-07,-0.00414114287
1.458152e-07,-0.00414262251
1.459152e-07,-0.00414299242
1.460152e-07,-0.00414373224
1.461152e-07,-0.00414632161
1.462152e-07,-0.00415039063
1.463152e-07,-0.00415482955
1.464152e-07,-0.00415852865
1.465152e-07,-0.00416074811
1.466152e-07,-0.00416111802
1.467152e-07,-0.00416074811
1.468152e-07,-0.0041603782
1.469152e-07,-0.00416074811
1.470152e-07,-0.00416111802
1.471152e-07,-0.00416074811
1.472152e-07,-0.00415963838
1.473152e-07,-0.00415741892
1.474152e-07,-0.00415519946
1.475152e-07,-0.00415482955
1.476152e-07,-0.00415704901
1.477152e-07,-0.00416259766
1.478152e-07,-0.00417036577
1.479152e-07,-0.00417850379
1.480152e-07,-0.00418590199
1.481152e-07,-0.00419108073
1.482152e-07,-0.00419440992
1.483152e-07,-0.00419625947
1.484152e-07,-0.00419773911
1.485152e-07,-0.00419995857
1.486152e-07,-0.00420365767
1.487152e-07,-0.00420809659
1.488152e-07,-0.00421364524
1.489152e-07,-0.0042195638
1.490152e-07,-0.00422585227
1.491152e-07,-0.00423177083
1.492152e-07,-0.00423694957
1.493152e-07,-0.00424101858
1.494152e-07,-0.00424323804
1.495152e-07,-0.00424360795
1.496152e-07,-0.00424286813
1.497152e-07,-0.0042417584
1.498152e-07,-0.0042417584
1.499152e-07,-0.00424360795
1.500152e-07,-0.00424730705
1.501152e-07,-0.0042524858
1.502152e-07,-0.00425766454
1.503152e-07,-0.00426136364
1.504152e-07,-0.0042635831
1.505152e-07,-0.00426469283
1.506152e-07,-0.00426543265
1.507152e-07,-0.0042672822
1.508152e-07,-0.00427061139
1.509152e-07,-0.00427579013
1.510152e-07,-0.00428096887
1.511152e-07,-0.00428503788
1.512152e-07,-0.00428725734
1.513152e-07,-0.00428762725
1.514152e-07,-0.00428651752
1.515152e-07,-0.00428503788
1.516152e-07,-0.00428466797
1.517152e-07,-0.00428614761
1.518152e-07,-0.00429021662
1.519152e-07,-0.004296875
1.520152e-07,-0.00430575284
1.521152e-07,-0.00431611032
1.522152e-07,-0.00432720762
1.523152e-07,-0.00433830492
1.524152e-07,-0.0043482925
1.525152e-07,-0.00435680043
1.526152e-07,-0.0043630889
1.527152e-07,-0.00436789773
1.528152e-07,-0.00437233665
1.529152e-07,-0.00437714548
1.530152e-07,-0.00438380386
1.531152e-07,-0.00439157197
1.532152e-07,-0.00440044981
1.533152e-07,-0.00440932765
1.534152e-07,-0.00441820549
1.535152e-07,-0.00442708333
1.536152e-07,-0.0044370709
1.537152e-07,-0.00444964785
1.538152e-07,-0.00446444425
1.539152e-07,-0.00448035038
1.540152e-07,-0.00449440696
1.541152e-07,-0.00450402462
1.542152e-07,-0.00450735381
1.543152e-07,-0.00450402462
1.544152e-07,-0.00449699633
1.545152e-07,-0.00448959813
1.546152e-07,-0.00448552912
1.547152e-07,-0.00448626894
1.548152e-07,-0.00449033795
1.549152e-07,-0.00449514678
1.550152e-07,-0.00449625651
1.551152e-07,-0.0044921875
1.552152e-07,-0.00448330966
1.553152e-07,-0.00447295218
1.554152e-07,-0.00446518407
1.555152e-07,-0.0044625947
1.556152e-07,-0.00446592389
1.557152e-07,-0.00447295218
1.558152e-07,-0.00447924065
1.559152e-07,-0.00448035038
1.560152e-07,-0.00447443182
1.561152e-07,-0.00446185488
1.562152e-07,-0.00444520893
1.563152e-07,-0.00442708333
1.564152e-07,-0.00441006747
1.565152e-07,-0.00439490116
1.566152e-07,-0.00438084458
1.567152e-07,-0.00436789773
1.568152e-07,-0.00435606061
1.569152e-07,-0.00434607304
1.570152e-07,-0.00434015447
1.571152e-07,-0.00433830492
1.572152e-07,-0.00433941465
1.573152e-07,-0.00434089429
1.574152e-07,-0.00433904474
1.575152e-07,-0.00433238636
1.576152e-07,-0.00432128906
1.577152e-07,-0.00430871212
1.578152e-07,-0.00429946437
1.579152e-07,-0.004296875
1.580152e-07,-0.00430168383
1.581152e-07,-0.00431056167
1.582152e-07,-0.00431832978
1.583152e-07,-0.00432054924
1.584152e-07,-0.00431500059
1.585152e-07,-0.00430316347
1.586152e-07,-0.00429132635
1.587152e-07,-0.00428503788
1.588152e-07,-0.00428910689
1.589152e-07,-0.00430353338
1.590152e-07,-0.00432424834
1.591152e-07,-0.00434422348
1.592152e-07,-0.00435680043
1.593152e-07,-0.0043593898
1.594152e-07,-0.00435347124
1.595152e-07,-0.00434422348
1.596152e-07,-0.00433867483
1.597152e-07,-0.00434237393
1.598152e-07,-0.00435680043
1.599152e-07,-0.00437973485
1.600152e-07,-0.00440562855
1.601152e-07,-0.00442893288
1.602152e-07,-0.00444631866
1.603152e-07,-0.00445667614
1.604152e-07,-0.00446222479
1.605152e-07,-0.0044662938
1.606152e-07,-0.00447221236
1.607152e-07,-0.00448035038
1.608152e-07,-0.00449033795
1.609152e-07,-0.0044995857
1.610152e-07,-0.00450661399
1.611152e-07,-0.00450994318
1.612152e-07,-0.00451031309
1.613152e-07,-0.00450994318
1.614152e-07,-0.00451142282
1.615152e-07,-0.00451586174
1.616152e-07,-0.00452399976
1.617152e-07,-0.00453509706
1.618152e-07,-0.00454656428
1.619152e-07,-0.00455729167
1.620152e-07,-0.00456542969
1.621152e-07,-0.00457060843
1.622152e-07,-0.00457356771
1.623152e-07,-0.00457504735
1.624152e-07,-0.00457652699
1.625152e-07,-0.00457874645
1.626152e-07,-0.00458207564
1.627152e-07,-0.00458688447
1.628152e-07,-0.00459280303
1.629152e-07,-0.0045990915
1.630152e-07,-0.00460537997
1.631152e-07,-0.00461055871
1.632152e-07,-0.00461425781
1.633152e-07,-0.00461610736
1.634152e-07,-0.00461647727
1.635152e-07,-0.00461647727
1.636152e-07,-0.00461721709
1.637152e-07,-0.00461980646
1.638152e-07,-0.00462572502
1.639152e-07,-0.00463423295
1.640152e-07,-0.00464459044
1.641152e-07,-0.00465457801
1.642152e-07,-0.00466123639
1.643152e-07,-0.00466382576
1.644152e-07,-0.00466123639
1.645152e-07,-0.00465457801
1.646152e-07,-0.00464643999
1.647152e-07,-0.00464015152
1.648152e-07,-0.00463793205
1.649152e-07,-0.00464163116
1.650152e-07,-0.00465087891
1.651152e-07,-0.00466382576
1.652152e-07,-0.00467825225
1.653152e-07,-0.0046911991
1.654152e-07,-0.00470044685
1.655152e-07,-0.00470525568
1.656152e-07,-0.0047059955
1.657152e-07,-0.00470377604
1.658152e-07,-0.00470081676
1.659152e-07,-0.00469933712
1.660152e-07,-0.00470044685
1.661152e-07,-0.00470414595
1.662152e-07,-0.00471006451
1.663152e-07,-0.0047170928
1.664152e-07,-0.00472375118
1.665152e-07,-0.00472966974
1.666152e-07,-0.00473484848
1.667152e-07,-0.00474076705
1.668152e-07,-0.00474890507
1.669152e-07,-0.00476000237
1.670152e-07,-0.00477368904
1.671152e-07,-0.00478811553
1.672152e-07,-0.00480032256
1.673152e-07,-0.00480809067
1.674152e-07,-0.00480957031
1.675152e-07,-0.00480587121
1.676152e-07,-0.00479958274
1.677152e-07,-0.00479366418
1.678152e-07,-0.00479181463
1.679152e-07,-0.00479403409
1.680152e-07,-0.00479995265
1.681152e-07,-0.00480624112
1.682152e-07,-0.00481104995
1.683152e-07,-0.00481178977
1.684152e-07,-0.00480957031
1.685152e-07,-0.00480587121
1.686152e-07,-0.00480402166
1.687152e-07,-0.00480587121
1.688152e-07,-0.00481104995
1.689152e-07,-0.00481733842
1.690152e-07,-0.00482251716
1.691152e-07,-0.00482362689
1.692152e-07,-0.0048202977
1.693152e-07,-0.00481363932
1.694152e-07,-0.00480587121
1.695152e-07,-0.00479995265
1.696152e-07,-0.00479625355
1.697152e-07,-0.004794404
1.698152e-07,-0.00479218454
1.699152e-07,-0.00478811553
1.700152e-07,-0.00478145715
1.701152e-07,-0.00477368904
1.702152e-07,-0.00476740057
1.703152e-07,-0.00476444129
1.704152e-07,-0.00476592093
1.705152e-07,-0.00476962003
1.706152e-07,-0.0047722094
1.707152e-07,-0.00477035985
1.708152e-07,-0.0047611121
1.709152e-07,-0.00474483606
1.710152e-07,-0.00472486091
1.711152e-07,-0.00470525568
1.712152e-07,-0.0046911991
1.713152e-07,-0.00468491063
1.714152e-07,-0.00468639027
1.715152e-07,-0.00469341856
1.716152e-07,-0.00470192649
1.717152e-07,-0.00470784505
1.718152e-07,-0.00470932469
1.719152e-07,-0.00470525568
1.720152e-07,-0.00469711766
1.721152e-07,-0.00468713009
1.722152e-07,-0.00467751243
1.723152e-07,-0.00466974432
1.724152e-07,-0.00466456558
1.725152e-07,-0.0046616063
1.726152e-07,-0.00465975675
1.727152e-07,-0.0046579072
1.728152e-07,-0.0046542081
1.729152e-07,-0.00464791963
1.730152e-07,-0.00463904179
1.731152e-07,-0.00462831439
1.732152e-07,-0.00461795691
1.733152e-07,-0.00461055871
1.734152e-07,-0.00460796934
1.735152e-07,-0.00461055871
1.736152e-07,-0.004617587
1.737152e-07,-0.00462683475
1.738152e-07,-0.00463497277
1.739152e-07,-0.00464015152
1.740152e-07,-0.00464126125
1.741152e-07,-0.0046394117
1.742152e-07,-0.00463645241
1.743152e-07,-0.00463423295
1.744152e-07,-0.00463423295
1.745152e-07,-0.00463682232
1.746152e-07,-0.00464126125
1.747152e-07,-0.00464607008
1.748152e-07,-0.004650509
1.749152e-07,-0.00465457801
1.750152e-07,-0.00465864702
1.751152e-07,-0.00466382576
1.752152e-07,-0.00466974432
1.753152e-07,-0.00467566288
1.754152e-07,-0.0046801018
1.755152e-07,-0.00468158144
1.756152e-07,-0.00467973189
1.757152e-07,-0.00467566288
1.758152e-07,-0.00467122396
1.759152e-07,-0.00466974432
1.760152e-07,-0.00467233369
1.761152e-07,-0.00467936198
1.762152e-07,-0.00468934955
1.763152e-07,-0.00469933712
1.764152e-07,-0.00470673532
1.765152e-07,-0.00471080433
1.766152e-07,-0.00471191406
1.767152e-07,-0.00471117424
1.768152e-07,-0.00471117424
1.769152e-07,-0.00471265388
1.770152e-07,-0.00471524325
1.771152e-07,-0.0047170928
1.772152e-07,-0.00471561316
1.773152e-07,-0.00470932469
1.774152e-07,-0.00469933712
1.775152e-07,-0.0046875
1.776152e-07,-0.00467751243
1.777152e-07,-0.0046727036
1.778152e-07,-0.00467455315
1.779152e-07,-0.00468158144
1.780152e-07,-0.00469082919
1.781152e-07,-0.0046985973
1.782152e-07,-0.00470155658
1.783152e-07,-0.00469933712
1.784152e-07,-0.00469341856
1.785152e-07,-0.00468676018
1.786152e-07,-0.00468232126
1.787152e-07,-0.00468158144
1.788152e-07,-0.00468417081
1.789152e-07,-0.00468786991
1.790152e-07,-0.00468934955
1.791152e-07,-0.0046875
1.792152e-07,-0.00468195135
1.793152e-07,-0.00467529297
1.794152e-07,-0.00467011423
1.795152e-07,-0.00466974432
1.796152e-07,-0.00467492306
1.797152e-07,-0.00468417081
1.798152e-07,-0.00469563802
1.799152e-07,-0.00470525568
1.800152e-07,-0.00471154415
1.801152e-07,-0.00471450343
1.802152e-07,-0.00471524325
1.803152e-07,-0.0047170928
1.804152e-07,-0.00472190163
1.805152e-07,-0.00473114938
1.806152e-07,-0.00474409624
1.807152e-07,-0.00475852273
1.808152e-07,-0.00477294922
1.809152e-07,-0.00478663589
1.810152e-07,-0.00479921283
1.811152e-07,-0.00481178977
1.812152e-07,-0.00482547644
1.813152e-07,-0.00484064276
1.814152e-07,-0.00485654889
1.815152e-07,-0.00487097538
1.816152e-07,-0.00488207268
1.817152e-07,-0.00488836115
1.818152e-07,-0.00488984079
1.819152e-07,-0.00488873106
1.820152e-07,-0.00488688151
1.821152e-07,-0.0048865116
1.822152e-07,-0.00488910097
1.823152e-07,-0.00489464962
1.824152e-07,-0.00490167791
1.825152e-07,-0.0049087062
1.826152e-07,-0.00491425485
1.827152e-07,-0.00491832386
1.828152e-07,-0.00492091323
1.829152e-07,-0.00492239287
1.830152e-07,-0.0049235026
1.831152e-07,-0.00492424242
1.832152e-07,-0.00492387251
1.833152e-07,-0.00492128314
1.834152e-07,-0.00491758404
1.835152e-07,-0.0049124053
1.836152e-07,-0.00490796638
1.837152e-07,-0.00490574692
1.838152e-07,-0.00490722656
1.839152e-07,-0.0049124053
1.840152e-07,-0.00492017341
1.841152e-07,-0.00492831143
1.842152e-07,-0.00493423
1.843152e-07,-0.00493607955
1.844152e-07,-0.00493386009
1.845152e-07,-0.00492868134
1.846152e-07,-0.00492276278
1.847152e-07,-0.00491832386
1.848152e-07,-0.00491684422
1.849152e-07,-0.00491832386
1.850152e-07,-0.00492165305
1.851152e-07,-0.00492424242
1.852152e-07,-0.00492461233
1.853152e-07,-0.00492202296
1.854152e-07,-0.00491721413
1.855152e-07,-0.0049124053
1.856152e-07,-0.00490981593
1.857152e-07,-0.00491092566
1.858152e-07,-0.0049161044
1.859152e-07,-0.00492424242
1.860152e-07,-0.00493238045
1.861152e-07,-0.0049379291
1.862152e-07,-0.00493903883
1.863152e-07,-0.00493607955
1.864152e-07,-0.00493053089
1.865152e-07,-0.00492535215
1.866152e-07,-0.00492276278
1.867152e-07,-0.00492424242
1.868152e-07,-0.00492905125
1.869152e-07,-0.00493607955
1.870152e-07,-0.00494273793
1.871152e-07,-0.00494791667
1.872152e-07,-0.00495050604
1.873152e-07,-0.00495124586
1.874152e-07,-0.00495198568
1.875152e-07,-0.00495383523
1.876152e-07,-0.00495790424
1.877152e-07,-0.00496456262
1.878152e-07,-0.00497344046
1.879152e-07,-0.00498342803
1.880152e-07,-0.00499378551
1.881152e-07,-0.0050045129
1.882152e-07,-0.00501487038
1.883152e-07,-0.00502485795
1.884152e-07,-0.00503410571
1.885152e-07,-0.00504224373
1.886152e-07,-0.00504890211
1.887152e-07,-0.00505445076
1.888152e-07,-0.00505925959
1.889152e-07,-0.00506443833
1.890152e-07,-0.0050707268
1.891152e-07,-0.005078125
1.892152e-07,-0.00508589311
1.893152e-07,-0.00509329131
1.894152e-07,-0.00509883996
1.895152e-07,-0.00510179924
1.896152e-07,-0.00510290897
1.897152e-07,-0.00510290897
1.898152e-07,-0.00510438861
1.899152e-07,-0.0051077178
1.900152e-07,-0.00511363636
1.901152e-07,-0.00512140447
1.902152e-07,-0.00512991241
1.903152e-07,-0.00513731061
1.904152e-07,-0.00514322917
1.905152e-07,-0.005148038
1.906152e-07,-0.0051517371
1.907152e-07,-0.00515506629
1.908152e-07,-0.00515802557
1.909152e-07,-0.00516061494
1.910152e-07,-0.00516172467
1.911152e-07,-0.00516098485
1.912152e-07,-0.00515876539
1.913152e-07,-0.00515654593
1.914152e-07,-0.00515506629
1.915152e-07,-0.00515506629
1.916152e-07,-0.00515691584
1.917152e-07,-0.0051591353
1.918152e-07,-0.00516098485
1.919152e-07,-0.00516098485
1.920152e-07,-0.00515950521
1.921152e-07,-0.00515765566
1.922152e-07,-0.00515765566
1.923152e-07,-0.00516098485
1.924152e-07,-0.00516801314
1.925152e-07,-0.00517726089
1.926152e-07,-0.00518576882
1.927152e-07,-0.00519057765
1.928152e-07,-0.00518983783
1.929152e-07,-0.00518317945
1.930152e-07,-0.00517245206
1.931152e-07,-0.00516098485
1.932152e-07,-0.00515210701
1.933152e-07,-0.00514766809
1.934152e-07,-0.00514914773
1.935152e-07,-0.00515506629
1.936152e-07,-0.00516357422
1.937152e-07,-0.00517245206
1.938152e-07,-0.00517985026
1.939152e-07,-0.00518465909
1.940152e-07,-0.00518724846
1.941152e-07,-0.00518835819
1.942152e-07,-0.00518909801
1.943152e-07,-0.00519057765
1.944152e-07,-0.00519427675
1.945152e-07,-0.00520019531
1.946152e-07,-0.00520944306
1.947152e-07,-0.00522017045
1.948152e-07,-0.00523126776
1.949152e-07,-0.00524088542
1.950152e-07,-0.0052475438
1.951152e-07,-0.00524976326
1.952152e-07,-0.00524865353
1.953152e-07,-0.00524569425
1.954152e-07,-0.00524347479
1.955152e-07,-0.0052438447
1.956152e-07,-0.0052475438
1.957152e-07,-0.00525420218
1.958152e-07,-0.00526160038
1.959152e-07,-0.00526751894
1.960152e-07,-0.0052697384
1.961152e-07,-0.00526751894
1.962152e-07,-0.0052623402
1.963152e-07,-0.00525568182
1.964152e-07,-0.00525013317
1.965152e-07,-0.00524717389
1.966152e-07,-0.0052475438
1.967152e-07,-0.00524976326
1.968152e-07,-0.00525272254
1.969152e-07,-0.00525531191
1.970152e-07,-0.00525605173
1.971152e-07,-0.00525568182
1.972152e-07,-0.00525420218
1.973152e-07,-0.00525272254
1.974152e-07,-0.0052512429
1.975152e-07,-0.00524976326
1.976152e-07,-0.00524791371
1.977152e-07,-0.00524532434
1.978152e-07,-0.00524199515
1.979152e-07,-0.00523792614
1.980152e-07,-0.00523422704
1.981152e-07,-0.00523200758
1.982152e-07,-0.00523126776
1.983152e-07,-0.00523200758
1.984152e-07,-0.00523385713
1.985152e-07,-0.00523570668
1.986152e-07,-0.00523718632
1.987152e-07,-0.00523792614
1.988152e-07,-0.00523792614
1.989152e-07,-0.00523792614
1.990152e-07,-0.00523792614
1.991152e-07,-0.00523792614
1.992152e-07,-0.00523792614
1.993152e-07,-0.00523718632
1.994152e-07,-0.00523533677
1.995152e-07,-0.00523200758
1.996152e-07,-0.00522756866
1.997152e-07,-0.00522275982
1.998152e-07,-0.00521795099
1.999152e-07,-0.00521425189
2.000152e-07,-0.00521129261
2.001152e-07,-0.00520870324
2.002152e-07,-0.00520611387
2.003152e-07,-0.00520241477
2.004152e-07,-0.00519797585
2.005152e-07,-0.00519279711
2.006152e-07,-0.00518798828
2.007152e-07,-0.00518465909
2.008152e-07,-0.00518317945
2.009152e-07,-0.00518354936
2.010152e-07,-0.00518428918
2.011152e-07,-0.00518465909
2.012152e-07,-0.00518280954
2.013152e-07,-0.00517874053
2.014152e-07,-0.00517282197
2.015152e-07,-0.00516690341
2.016152e-07,-0.00516320431
2.017152e-07,-0.00516394413
2.018152e-07,-0.00516949278
2.019152e-07,-0.00517874053
2.020152e-07,-0.00518946792
2.021152e-07,-0.00519834576
2.022152e-07,-0.00520315459
2.023152e-07,-0.00520241477
2.024152e-07,-0.00519686612
2.025152e-07,-0.00518835819
2.026152e-07,-0.00517948035
2.027152e-07,-0.00517282197
2.028152e-07,-0.00516986269
2.029152e-07,-0.00517060251
2.030152e-07,-0.0051739317
2.031152e-07,-0.00517874053
2.032152e-07,-0.00518354936
2.033152e-07,-0.00518798828
2.034152e-07,-0.00519205729
2.035152e-07,-0.00519649621
2.036152e-07,-0.00520167495
2.037152e-07,-0.00520870324
2.038152e-07,-0.00521684126
2.039152e-07,-0.00522608902
2.040152e-07,-0.00523607659
2.041152e-07,-0.00524569425
2.042152e-07,-0.00525420218
2.043152e-07,-0.00526160038
2.044152e-07,-0.00526677912
2.045152e-07,-0.00526936849
2.046152e-07,-0.00526936849
2.047152e-07,-0.00526751894
2.048152e-07,-0.00526455966
2.049152e-07,-0.00526197029
2.050152e-07,-0.00526086056
2.051152e-07,-0.00526160038
2.052152e-07,-0.00526381984
2.053152e-07,-0.00526640921
2.054152e-07,-0.00526788885
2.055152e-07,-0.00526751894
2.056152e-07,-0.00526418975
2.057152e-07,-0.0052586411
2.058152e-07,-0.00525161281
2.059152e-07,-0.0052438447
2.060152e-07,-0.00523681641
2.061152e-07,-0.00523052794
2.062152e-07,-0.00522497929
2.063152e-07,-0.00522017045
2.064152e-07,-0.00521610144
2.065152e-07,-0.00521314216
2.066152e-07,-0.00521240234
2.067152e-07,-0.00521425189
2.068152e-07,-0.00521869081
2.069152e-07,-0.00522497929
2.070152e-07,-0.00523200758
2.071152e-07,-0.00523792614
2.072152e-07,-0.00524199515
2.073152e-07,-0.00524347479
2.074152e-07,-0.00524347479
2.075152e-07,-0.0052438447
2.076152e-07,-0.00524532434
2.077152e-07,-0.00524939335
2.078152e-07,-0.005254942
2.079152e-07,-0.00526160038
2.080152e-07,-0.00526788885
2.081152e-07,-0.00527269768
2.082152e-07,-0.00527639678
2.083152e-07,-0.00527935606
2.084152e-07,-0.00528305516
2.085152e-07,-0.0052882339
2.086152e-07,-0.00529489228
2.087152e-07,-0.0053030303
2.088152e-07,-0.00531116832
2.089152e-07,-0.00531856652
2.090152e-07,-0.00532559482
2.091152e-07,-0.00533262311
2.092152e-07,-0.00534076113
2.093152e-07,-0.00535111861
2.094152e-07,-0.00536258582
2.095152e-07,-0.00537405303
2.096152e-07,-0.00538256096
2.097152e-07,-0.00538662997
2.098152e-07,-0.00538515033
2.099152e-07,-0.00537997159
2.100152e-07,-0.00537442294
2.101152e-07,-0.00537257339
2.102152e-07,-0.00537627249
2.103152e-07,-0.00538589015
2.104152e-07,-0.00539920691
2.105152e-07,-0.00541178385
2.106152e-07,-0.00541992188
2.107152e-07,-0.00542140152
2.108152e-07,-0.00541622277
2.109152e-07,-0.00540734493
2.110152e-07,-0.00539809718
2.111152e-07,-0.00539180871
2.112152e-07,-0.00538958925
2.113152e-07,-0.00539032907
2.114152e-07,-0.00539180871
2.115152e-07,-0.00539180871
2.116152e-07,-0.00538884943
2.117152e-07,-0.0053840406
2.118152e-07,-0.00537849195
2.119152e-07,-0.00537405303
2.120152e-07,-0.00537183357
2.121152e-07,-0.00537072384
2.122152e-07,-0.00536998402
2.123152e-07,-0.00536813447
2.124152e-07,-0.00536517519
2.125152e-07,-0.005361846
2.126152e-07,-0.00536036636
2.127152e-07,-0.00536221591
2.128152e-07,-0.00536739465
2.129152e-07,-0.00537368312
2.130152e-07,-0.00537886186
2.131152e-07,-0.00537997159
2.132152e-07,-0.00537590258
2.133152e-07,-0.00536850438
2.134152e-07,-0.00536073627
2.135152e-07,-0.00535629735
2.136152e-07,-0.0053581469
2.137152e-07,-0.00536665483
2.138152e-07,-0.00537923177
2.139152e-07,-0.00539180871
2.140152e-07,-0.00540068655
2.141152e-07,-0.00540401574
2.142152e-07,-0.00540216619
2.143152e-07,-0.00539772727
2.144152e-07,-0.00539402817
2.145152e-07,-0.00539328835
2.146152e-07,-0.00539698745
2.147152e-07,-0.00540364583
2.148152e-07,-0.00541104403
2.149152e-07,-0.0054173325
2.150152e-07,-0.0054206617
2.151152e-07,-0.00542140152
2.152152e-07,-0.00542029179
2.153152e-07,-0.00541844223
2.154152e-07,-0.00541696259
2.155152e-07,-0.00541548295
2.156152e-07,-0.00541400331
2.157152e-07,-0.00541215376
2.158152e-07,-0.00541030421
2.159152e-07,-0.00540956439
2.160152e-07,-0.00541067412
2.161152e-07,-0.0054136334
2.162152e-07,-0.00541770241
2.163152e-07,-0.00542140152
2.164152e-07,-0.00542251125
2.165152e-07,-0.00542029179
2.166152e-07,-0.00541511304
2.167152e-07,-0.00540956439
2.168152e-07,-0.00540660511
2.169152e-07,-0.00540956439
2.170152e-07,-0.00541881214
2.171152e-07,-0.00543323864
2.172152e-07,-0.00544914477
2.173152e-07,-0.00546283144
2.174152e-07,-0.00547133937
2.175152e-07,-0.00547466856
2.176152e-07,-0.00547466856
2.177152e-07,-0.00547503847
2.178152e-07,-0.00547836766
2.179152e-07,-0.00548650568
2.180152e-07,-0.00549797289
2.181152e-07,-0.00551017992
2.182152e-07,-0.00552053741
2.183152e-07,-0.00552793561
2.184152e-07,-0.00553311435
2.185152e-07,-0.005538663
2.186152e-07,-0.00554643111
2.187152e-07,-0.00555752841
2.188152e-07,-0.00557047526
2.189152e-07,-0.00558194247
2.190152e-07,-0.00559008049
2.191152e-07,-0.00559303977
2.192152e-07,-0.00559266986
2.193152e-07,-0.00559266986
2.194152e-07,-0.00559599905
2.195152e-07,-0.00560487689
2.196152e-07,-0.00561819366
2.197152e-07,-0.00563225024
2.198152e-07,-0.00564223781
2.199152e-07,-0.00564630682
2.200152e-07,-0.00564408736
2.201152e-07,-0.00563964844
2.202152e-07,-0.00563705907
2.203152e-07,-0.00564038826
2.204152e-07,-0.00565037583
2.205152e-07,-0.00566480232
2.206152e-07,-0.00567848899
2.207152e-07,-0.00568773674
2.208152e-07,-0.00569069602
2.209152e-07,-0.00568884647
2.210152e-07,-0.00568662701
2.211152e-07,-0.00568773674
2.212152e-07,-0.00569439512
2.213152e-07,-0.00570586233
2.214152e-07,-0.00571843928
2.215152e-07,-0.00572916667
2.216152e-07,-0.00573545514
2.217152e-07,-0.0057376746
2.218152e-07,-0.00573878433
2.219152e-07,-0.00574100379
2.220152e-07,-0.00574655244
2.221152e-07,-0.00575469046
2.222152e-07,-0.0057635683
2.223152e-07,-0.00577059659
2.224152e-07,-0.00577503551
2.225152e-07,-0.00577799479
2.226152e-07,-0.00578169389
2.227152e-07,-0.00578835227
2.228152e-07,-0.00579833984
2.229152e-07,-0.00581091679
2.230152e-07,-0.00582201409
2.231152e-07,-0.0058297822
2.232152e-07,-0.00583274148
2.233152e-07,-0.00583200166
2.234152e-07,-0.00583015211
2.235152e-07,-0.0058297822
2.236152e-07,-0.00583126184
2.237152e-07,-0.0058334813
2.238152e-07,-0.0058334813
2.239152e-07,-0.0058297822
2.240152e-07,-0.005822384
2.241152e-07,-0.00581350616
2.242152e-07,-0.00580721768
2.243152e-07,-0.00580610795
2.244152e-07,-0.00581054688
2.245152e-07,-0.00581831499
2.246152e-07,-0.00582386364
2.247152e-07,-0.00582386364
2.248152e-07,-0.00581646544
2.249152e-07,-0.00580388849
2.250152e-07,-0.00579094164
2.251152e-07,-0.00578243371
2.252152e-07,-0.00578132398
2.253152e-07,-0.00578761245
2.254152e-07,-0.00579723011
2.255152e-07,-0.00580610795
2.256152e-07,-0.0058112867
2.257152e-07,-0.00581239643
2.258152e-07,-0.0058112867
2.259152e-07,-0.00581202652
2.260152e-07,-0.00581609553
2.261152e-07,-0.00582349373
2.262152e-07,-0.00583126184
2.263152e-07,-0.00583570076
2.264152e-07,-0.00583459103
2.265152e-07,-0.00582756274
2.266152e-07,-0.00581683535
2.267152e-07,-0.00580610795
2.268152e-07,-0.00579760002
2.269152e-07,-0.00579279119
2.270152e-07,-0.00579057173
2.271152e-07,-0.00578835227
2.272152e-07,-0.00578539299
2.273152e-07,-0.00578095407
2.274152e-07,-0.00577762488
2.275152e-07,-0.00577651515
2.276152e-07,-0.00577873461
2.277152e-07,-0.00578354344
2.278152e-07,-0.00578761245
2.279152e-07,-0.00578835227
2.280152e-07,-0.00578317353
2.281152e-07,-0.00577170632
2.282152e-07,-0.00575654001
2.283152e-07,-0.00574100379
2.284152e-07,-0.00572768703
2.285152e-07,-0.00571806937
2.286152e-07,-0.00571141098
2.287152e-07,-0.00570549242
2.288152e-07,-0.00569846413
2.289152e-07,-0.00568884647
2.290152e-07,-0.00567700935
2.291152e-07,-0.0056640625
2.292152e-07,-0.00565074574
2.293152e-07,-0.00563742898
2.294152e-07,-0.00562411222
2.295152e-07,-0.00561079545
2.296152e-07,-0.0055978486
2.297152e-07,-0.0055867513
2.298152e-07,-0.00557898319
2.299152e-07,-0.00557528409
2.300152e-07,-0.005575654
2.301152e-07,-0.00557750355
2.302152e-07,-0.00557824337
2.303152e-07,-0.00557528409
2.304152e-07,-0.00556751598
2.305152e-07,-0.00555604877
2.306152e-07,-0.00554384174
2.307152e-07,-0.00553385417
2.308152e-07,-0.00552830552
2.309152e-07,-0.00552682588
2.310152e-07,-0.0055275657
2.311152e-07,-0.00552793561
2.312152e-07,-0.00552608606
2.313152e-07,-0.00552238696
2.314152e-07,-0.00551831795
2.315152e-07,-0.00551609848
2.316152e-07,-0.00551794804
2.317152e-07,-0.0055238666
2.318152e-07,-0.00553237453
2.319152e-07,-0.00553977273
2.320152e-07,-0.00554384174
2.321152e-07,-0.00554310192
2.322152e-07,-0.00553903291
2.323152e-07,-0.00553385417
2.324152e-07,-0.00553089489
2.325152e-07,-0.00553274444
2.326152e-07,-0.00553977273
2.327152e-07,-0.00555160985
2.328152e-07,-0.00556566643
2.329152e-07,-0.0055793531
2.330152e-07,-0.00559082031
2.331152e-07,-0.00559895833
2.332152e-07,-0.00560450698
2.333152e-07,-0.00560820608
2.334152e-07,-0.00561190518
2.335152e-07,-0.00561671402
2.336152e-07,-0.00562374231
2.337152e-07,-0.00563225024
2.338152e-07,-0.00564260772
2.339152e-07,-0.00565222538
2.340152e-07,-0.0056603634
2.341152e-07,-0.00566554214
2.342152e-07,-0.00566850142
2.343152e-07,-0.00566998106
2.344152e-07,-0.00567183061
2.345152e-07,-0.00567626953
2.346152e-07,-0.00568366773
2.347152e-07,-0.0056936553
2.348152e-07,-0.00570364287
2.349152e-07,-0.00571067116
2.350152e-07,-0.00571363045
2.351152e-07,-0.00571141098
2.352152e-07,-0.00570660215
2.353152e-07,-0.00570216323
2.354152e-07,-0.00570142341
2.355152e-07,-0.00570549242
2.356152e-07,-0.00571326054
2.357152e-07,-0.00572213838
2.358152e-07,-0.00572842685
2.359152e-07,-0.00572916667
2.360152e-07,-0.00572472775
2.361152e-07,-0.00571732955
2.362152e-07,-0.00570993134
2.363152e-07,-0.00570549242
2.364152e-07,-0.00570549242
2.365152e-07,-0.00570882161
2.366152e-07,-0.00571363045
2.367152e-07,-0.00571732955
2.368152e-07,-0.00571991892
2.369152e-07,-0.00572213838
2.370152e-07,-0.00572694721
2.371152e-07,-0.00573508523
2.372152e-07,-0.00574729226
2.373152e-07,-0.00576097893
2.374152e-07,-0.00577392578
2.375152e-07,-0.00578243371
2.376152e-07,-0.00578613281
2.377152e-07,-0.00578724254
2.378152e-07,-0.00578835227
2.379152e-07,-0.00579427083
2.380152e-07,-0.00580610795
2.381152e-07,-0.00582349373
2.382152e-07,-0.00584272905
2.383152e-07,-0.005859375
2.384152e-07,-0.00587010239
2.385152e-07,-0.0058741714
2.386152e-07,-0.00587306167
2.387152e-07,-0.00587121212
2.388152e-07,-0.00587195194
2.389152e-07,-0.00587676077
2.390152e-07,-0.0058852687
2.391152e-07,-0.00589488636
2.392152e-07,-0.00590191465
2.393152e-07,-0.00590413411
2.394152e-07,-0.00590117483
2.395152e-07,-0.00589488636
2.396152e-07,-0.00588748816
2.397152e-07,-0.0058815696
2.398152e-07,-0.00587824041
2.399152e-07,-0.00587713068
2.400152e-07,-0.00587676077
2.401152e-07,-0.00587639086
2.402152e-07,-0.0058741714
2.403152e-07,-0.00587121212
2.404152e-07,-0.00586788293
2.405152e-07,-0.00586566347
2.406152e-07,-0.00586492365
2.407152e-07,-0.00586529356
2.408152e-07,-0.00586603338
2.409152e-07,-0.0058667732
2.410152e-07,-0.00586640329
2.411152e-07,-0.00586529356
2.412152e-07,-0.00586418383
2.413152e-07,-0.00586455374
2.414152e-07,-0.0058667732
2.415152e-07,-0.00587121212
2.416152e-07,-0.00587713068
2.417152e-07,-0.00588341915
2.418152e-07,-0.00588785807
2.419152e-07,-0.0058889678
2.420152e-07,-0.00588600852
2.421152e-07,-0.00587972005
2.422152e-07,-0.00587195194
2.423152e-07,-0.00586529356
2.424152e-07,-0.00586270419
2.425152e-07,-0.00586566347
2.426152e-07,-0.00587343158
2.427152e-07,-0.00588304924
2.428152e-07,-0.00589081735
2.429152e-07,-0.00589340672
2.430152e-07,-0.00588859789
2.431152e-07,-0.00587713068
2.432152e-07,-0.00586233428
2.433152e-07,-0.00584938743
2.434152e-07,-0.00584198923
2.435152e-07,-0.00584161932
2.436152e-07,-0.00584753788
2.437152e-07,-0.00585641572
2.438152e-07,-0.0058630741
2.439152e-07,-0.00586529356
2.440152e-07,-0.00586196437
2.441152e-07,-0.00585456617
2.442152e-07,-0.00584679806
2.443152e-07,-0.00584161932
2.444152e-07,-0.00584013968
2.445152e-07,-0.00584124941
2.446152e-07,-0.00584235914
2.447152e-07,-0.00584161932
2.448152e-07,-0.00583755031
2.449152e-07,-0.00583126184
2.450152e-07,-0.00582571319
2.451152e-07,-0.00582386364
2.452152e-07,-0.00582682292
2.453152e-07,-0.00583385121
2.454152e-07,-0.00584198923
2.455152e-07,-0.00584753788
2.456152e-07,-0.0058482777
2.457152e-07,-0.00584383878
2.458152e-07,-0.00583681049
2.459152e-07,-0.0058297822
2.460152e-07,-0.00582645301
2.461152e-07,-0.00582830256
2.462152e-07,-0.00583459103
2.463152e-07,-0.00584161932
2.464152e-07,-0.00584642815
2.465152e-07,-0.00584605824
2.466152e-07,-0.00584013968
2.467152e-07,-0.0058297822
2.468152e-07,-0.00581831499
2.469152e-07,-0.00580906723
2.470152e-07,-0.00580462831
2.471152e-07,-0.00580610795
2.472152e-07,-0.00581239643
2.473152e-07,-0.00582127427
2.474152e-07,-0.0058297822
2.475152e-07,-0.00583570076
2.476152e-07,-0.0058371804
2.477152e-07,-0.00583459103
2.478152e-07,-0.00582941229
2.479152e-07,-0.00582386364
2.480152e-07,-0.00582090436
2.481152e-07,-0.00582312382
2.482152e-07,-0.00583015211
2.483152e-07,-0.00584161932
2.484152e-07,-0.00585493608
2.485152e-07,-0.00586714311
2.486152e-07,-0.00587639086
2.487152e-07,-0.00588304924
2.488152e-07,-0.00588785807
2.489152e-07,-0.0058926669
2.490152e-07,-0.00589895537
2.491152e-07,-0.00590672348
2.492152e-07,-0.00591375178
2.493152e-07,-0.00591708097
2.494152e-07,-0.00591486151
2.495152e-07,-0.00590672348
2.496152e-07,-0.00589451645
2.497152e-07,-0.00588193951
2.498152e-07,-0.00587343158
2.499152e-07,-0.00587121212
2.500152e-07,-0.00587491122
2.501152e-07,-0.00588230942
2.502152e-07,-0.00589007753
2.503152e-07,-0.00589488636
2.504152e-07,-0.00589599609
2.505152e-07,-0.00589488636
2.506152e-07,-0.00589377663
2.507152e-07,-0.00589488636
2.508152e-07,-0.00589821555
2.509152e-07,-0.00590265447
2.510152e-07,-0.00590598366
2.511152e-07,-0.00590672348
2.512152e-07,-0.00590524384
2.513152e-07,-0.0059037642
2.514152e-07,-0.00590561375
2.515152e-07,-0.00591264205
2.516152e-07,-0.00592484908
2.517152e-07,-0.00593964548
2.518152e-07,-0.00595259233
2.519152e-07,-0.00595999053
2.520152e-07,-0.00596073035
2.521152e-07,-0.00595629143
2.522152e-07,-0.00595074278
2.523152e-07,-0.00594815341
2.524152e-07,-0.00595111269
2.525152e-07,-0.00595925071
2.526152e-07,-0.00596960819
2.527152e-07,-0.00597774621
2.528152e-07,-0.0059810754
2.529152e-07,-0.00597848603
2.530152e-07,-0.00597256747
2.531152e-07,-0.00596590909
2.532152e-07,-0.00596184008
2.533152e-07,-0.00596110026
2.534152e-07,-0.00596331972
2.535152e-07,-0.00596590909
2.536152e-07,-0.00596701882
2.537152e-07,-0.00596590909
2.538152e-07,-0.00596294981
2.539152e-07,-0.00595999053
2.540152e-07,-0.00595814098
2.541152e-07,-0.00595740116
2.542152e-07,-0.00595666134
2.543152e-07,-0.00595407197
2.544152e-07,-0.00594815341
2.545152e-07,-0.00593816584
2.546152e-07,-0.00592595881
2.547152e-07,-0.00591264205
2.548152e-07,-0.00590117483
2.549152e-07,-0.00589303681
2.550152e-07,-0.0058889678
2.551152e-07,-0.0058889678
2.552152e-07,-0.00589155717
2.553152e-07,-0.00589562618
2.554152e-07,-0.00589932528
2.555152e-07,-0.00590080492
2.556152e-07,-0.00589821555
2.557152e-07,-0.00589118726
2.558152e-07,-0.00587935014
2.559152e-07,-0.00586529356
2.560152e-07,-0.00585234671
2.561152e-07,-0.0058445786
2.562152e-07,-0.0058445786
2.563152e-07,-0.00585345644
2.564152e-07,-0.00586862275
2.565152e-07,-0.00588711825
2.566152e-07,-0.00590450402
2.567152e-07,-0.00591856061
2.568152e-07,-0.00592891809
2.569152e-07,-0.00593742602
2.570152e-07,-0.00594519413
2.571152e-07,-0.00595407197
2.572152e-07,-0.0059625799
2.573152e-07,-0.00596812855
2.574152e-07,-0.00596923828
2.575152e-07,-0.00596590909
2.576152e-07,-0.00596073035
2.577152e-07,-0.00595851089
2.578152e-07,-0.00596331972
2.579152e-07,-0.00597774621
2.580152e-07,-0.0059995709
2.581152e-07,-0.00602324515
2.582152e-07,-0.00604322029
2.583152e-07,-0.0060546875
2.584152e-07,-0.00605690696
2.585152e-07,-0.00605320786
2.586152e-07,-0.00604876894
2.587152e-07,-0.00604876894
2.588152e-07,-0.00605394768
2.589152e-07,-0.00606171579
2.590152e-07,-0.00606763435
2.591152e-07,-0.00606652462
2.592152e-07,-0.00605727687
2.593152e-07,-0.00604285038
2.594152e-07,-0.00602842389
2.595152e-07,-0.00601917614
2.596152e-07,-0.00601843632
2.597152e-07,-0.00602435488
2.598152e-07,-0.0060324929
2.599152e-07,-0.00603693182
2.600152e-07,-0.00603434245
2.601152e-07,-0.00602435488
2.602152e-07,-0.00601177794
2.603152e-07,-0.00600142045
2.604152e-07,-0.00599698153
2.605152e-07,-0.00599883108
2.606152e-07,-0.00600400982
2.607152e-07,-0.00600733902
2.608152e-07,-0.00600511955
2.609152e-07,-0.00599698153
2.610152e-07,-0.00598588423
2.611152e-07,-0.00597774621
2.612152e-07,-0.0059773763
2.613152e-07,-0.00598625414
2.614152e-07,-0.00600216027
2.615152e-07,-0.00601917614
2.616152e-07,-0.00603138317
2.617152e-07,-0.00603434245
2.618152e-07,-0.00602731416
2.619152e-07,-0.00601325758
2.620152e-07,-0.00599772135
2.621152e-07,-0.00598514441
2.622152e-07,-0.00597848603
2.623152e-07,-0.00597774621
2.624152e-07,-0.00598070549
2.625152e-07,-0.0059847745
2.626152e-07,-0.00598773378
2.627152e-07,-0.00598958333
2.628152e-07,-0.00599180279
2.629152e-07,-0.0059958718
2.630152e-07,-0.00600290009
2.631152e-07,-0.00601325758
2.632152e-07,-0.00602546461
2.633152e-07,-0.00603730173
2.634152e-07,-0.00604765921
2.635152e-07,-0.0060546875
2.636152e-07,-0.00605875651
2.637152e-07,-0.00606134588
2.638152e-07,-0.00606319543
2.639152e-07,-0.00606652462
2.640152e-07,-0.00607244318
2.641152e-07,-0.00608169093
2.642152e-07,-0.00609389796
2.643152e-07,-0.00610795455
2.644152e-07,-0.00612275095
2.645152e-07,-0.00613606771
2.646152e-07,-0.00614716501
2.647152e-07,-0.00615530303
2.648152e-07,-0.00616085168
2.649152e-07,-0.00616492069
2.650152e-07,-0.00616861979
2.651152e-07,-0.00617305871
2.652152e-07,-0.00617823745
2.653152e-07,-0.00618341619
2.654152e-07,-0.00618785511
2.655152e-07,-0.00619081439
2.656152e-07,-0.00619155421
2.657152e-07,-0.00619044448
2.658152e-07,-0.00618785511
2.659152e-07,-0.00618489583
2.660152e-07,-0.00618156664
2.661152e-07,-0.00617749763
2.662152e-07,-0.00617305871
2.663152e-07,-0.00616714015
2.664152e-07,-0.00616011186
2.665152e-07,-0.00615197384
2.666152e-07,-0.00614272609
2.667152e-07,-0.00613162879
2.668152e-07,-0.00611831203
2.669152e-07,-0.00610203598
2.670152e-07,-0.00608280066
2.671152e-07,-0.00606060606
2.672152e-07,-0.00603767164
2.673152e-07,-0.00601695668
2.674152e-07,-0.00600031072
2.675152e-07,-0.00598958333
2.676152e-07,-0.00598440459
2.677152e-07,-0.00598329486
2.678152e-07,-0.00598366477
2.679152e-07,-0.00598366477
2.680152e-07,-0.00598144531
2.681152e-07,-0.0059773763
2.682152e-07,-0.00597219756
2.683152e-07,-0.00596590909
2.684152e-07,-0.00595925071
2.685152e-07,-0.0059514826
2.686152e-07,-0.00594223485
2.687152e-07,-0.00593039773
2.688152e-07,-0.00591708097
2.689152e-07,-0.00590450402
2.690152e-07,-0.00589451645
2.691152e-07,-0.0058889678
2.692152e-07,-0.00588822798
2.693152e-07,-0.00589044744
2.694152e-07,-0.00589377663
2.695152e-07,-0.00589488636
2.696152e-07,-0.00589229699
2.697152e-07,-0.00588637843
2.698152e-07,-0.00587861032
2.699152e-07,-0.00587121212
2.700152e-07,-0.00586640329
2.701152e-07,-0.00586455374
2.702152e-07,-0.00586455374
2.703152e-07,-0.00586529356
2.704152e-07,-0.00586455374
2.705152e-07,-0.00586159446
2.706152e-07,-0.00585715554
2.707152e-07,-0.00585345644
2.708152e-07,-0.0058519768
2.709152e-07,-0.00585456617
2.710152e-07,-0.00586122455
2.711152e-07,-0.00587121212
2.712152e-07,-0.00588193951
2.713152e-07,-0.00589118726
2.714152e-07,-0.00589599609
2.715152e-07,-0.00589488636
2.716152e-07,-0.00588748816
2.717152e-07,-0.00587380149
2.718152e-07,-0.00585604581
2.719152e-07,-0.00583570076
2.720152e-07,-0.00581424598
2.721152e-07,-0.00579279119
2.722152e-07,-0.00576911695
2.723152e-07,-0.00574100379
2.724152e-07,-0.00570401278
2.725152e-07,-0.00565481475
2.726152e-07,-0.0055904504
2.727152e-07,-0.00551017992
2.728152e-07,-0.00541474313
2.729152e-07,-0.00530598958
2.730152e-07,-0.00518391927
2.731152e-07,-0.0050485322
2.732152e-07,-0.00489723899
2.733152e-07,-0.00472782019
2.734152e-07,-0.00453916607
2.735152e-07,-0.00433238636
2.736152e-07,-0.00411081025
2.737152e-07,-0.00387850675
2.738152e-07,-0.00363880504
2.739152e-07,-0.00339133523
2.740152e-07,-0.00313350793
2.741152e-07,-0.00286014441
2.742152e-07,-0.00256791548
2.743152e-07,-0.00225497159
2.744152e-07,-0.00192501184
2.745152e-07,-0.00158358487
2.746152e-07,-0.00123845881
2.747152e-07,-0.000893702652
2.748152e-07,-0.000551165956
2.749152e-07,-0.000208999171
2.750152e-07,0.000136126894
2.751152e-07,0.00048532197
2.752152e-07,0.000837106416
2.753152e-07,0.00118741122
2.754152e-07,0.00153105765
2.755152e-07,0.00186434659
2.756152e-07,0.00218801787
2.757152e-07,0.0025057706
2.758152e-07,0.00282315341
2.759152e-07,0.00314275568
2.760152e-07,0.00346383759
2.761152e-07,0.00378122041
2.762152e-07,0.0040867661
2.763152e-07,0.00437381629
2.764152e-07,0.0046394117
2.765152e-07,0.00488614169
2.766152e-07,0.0051188151
2.767152e-07,0.00534446023
2.768152e-07,0.00556603634
2.769152e-07,0.00578280362
2.770152e-07,0.00599069306
2.771152e-07,0.00618489583
2.772152e-07,0.00636245265
2.773152e-07,0.00652299361
2.774152e-07,0.00666984789
2.775152e-07,0.0068063447
2.776152e-07,0.00693470348
2.777152e-07,0.00705455433
2.778152e-07,0.00716256806
2.779152e-07,0.0072561553
2.780152e-07,0.00733383641
2.781152e-07,0.00739746094
2.782152e-07,0.00745109789
2.783152e-07,0.00749881629
2.784152e-07,0.0075435754
2.785152e-07,0.00758426551
2.786152e-07,0.00761977687
2.787152e-07,0.0076467803
2.788152e-07,0.0076652758
2.789152e-07,0.00767785275
2.790152e-07,0.00768821023
2.791152e-07,0.00770004735
2.792152e-07,0.00771521366
2.793152e-07,0.0077314897
2.794152e-07,0.00774554628
2.795152e-07,0.00775331439
2.796152e-07,0.0077536843
2.797152e-07,0.00774924538
2.798152e-07,0.00774369673
2.799152e-07,0.00774147727
2.800152e-07,0.00774443655
2.801152e-07,0.00775109493
2.802152e-07,0.0077573834
2.803152e-07,0.00775923295
2.804152e-07,0.00775479403
2.805152e-07,0.0077462861
2.806152e-07,0.00773814808
2.807152e-07,0.00773555871
2.808152e-07,0.00774110736
2.809152e-07,0.00775331439
2.810152e-07,0.00776922053
2.811152e-07,0.0077829072
2.812152e-07,0.00779178504
2.813152e-07,0.00779548414
2.814152e-07,0.00779696378
2.815152e-07,0.00780066288
2.816152e-07,0.00780917081
2.817152e-07,0.00782248757
2.818152e-07,0.0078383937
2.819152e-07,0.00785392992
2.820152e-07,0.0078676166
2.821152e-07,0.00787982363
2.822152e-07,0.00789388021
2.823152e-07,0.00791311553
2.824152e-07,0.00793863932
2.825152e-07,0.00796971177
2.826152e-07,0.00800226385
2.827152e-07,0.00803148674
2.828152e-07,0.00805479107
2.829152e-07,0.00807143703
2.830152e-07,0.00808438388
2.831152e-07,0.00809659091
2.832152e-07,0.00811138731
2.833152e-07,0.00812988281
2.834152e-07,0.00815133759
2.835152e-07,0.0081735322
2.836152e-07,0.0081957268
2.837152e-07,0.00821755149
2.838152e-07,0.00824122573
2.839152e-07,0.00826822917
2.840152e-07,0.00829856179
2.841152e-07,0.00833111387
2.842152e-07,0.00836329605
2.843152e-07,0.00839251894
2.844152e-07,0.00841841264
2.845152e-07,0.00844208688
2.846152e-07,0.00846650095
2.847152e-07,0.00849313447
2.848152e-07,0.00852235736
2.849152e-07,0.00855195017
2.850152e-07,0.0085789536
2.851152e-07,0.00859966856
2.852152e-07,0.00861409505
2.853152e-07,0.00862408262
2.854152e-07,0.00863407019
2.855152e-07,0.00864701705
2.856152e-07,0.00866477273
2.857152e-07,0.00868548769
2.858152e-07,0.00870472301
2.859152e-07,0.00871803977
2.860152e-07,0.00872247869
2.861152e-07,0.00871877959
2.862152e-07,0.00870990175
2.863152e-07,0.00870028409
2.864152e-07,0.00869288589
2.865152e-07,0.00868844697
2.866152e-07,0.0086858576
2.867152e-07,0.00868252841
2.868152e-07,0.00867660985
2.869152e-07,0.00866773201
2.870152e-07,0.00865737453
2.871152e-07,0.00864701705
2.872152e-07,0.00863776929
2.873152e-07,0.00862852154
2.874152e-07,0.00861853397
2.875152e-07,0.00860558712
2.876152e-07,0.00858968099
2.877152e-07,0.00857192531
2.878152e-07,0.00855490945
2.879152e-07,0.00854048295
2.880152e-07,0.00852901574
2.881152e-07,0.00851939808
2.882152e-07,0.00850793087
2.883152e-07,0.00849313447
2.884152e-07,0.00847426906
2.885152e-07,0.00845392401
2.886152e-07,0.0084354285
2.887152e-07,0.00842211174
2.888152e-07,0.00841545336
2.889152e-07,0.00841397372
2.890152e-07,0.00841360381
2.891152e-07,0.00841027462
2.892152e-07,0.00840139678
2.893152e-07,0.00838660038
2.894152e-07,0.0083688447
2.895152e-07,0.00835108902
2.896152e-07,0.0083359227
2.897152e-07,0.00832371567
2.898152e-07,0.0083137281
2.899152e-07,0.00830374053
2.900152e-07,0.00829301314
2.901152e-07,0.00828117602
2.902152e-07,0.00827044863
2.903152e-07,0.00826231061
2.904152e-07,0.00825750178
2.905152e-07,0.00825602214
2.906152e-07,0.00825602214
2.907152e-07,0.00825639205
2.908152e-07,0.00825639205
2.909152e-07,0.00825602214
2.910152e-07,0.00825639205
2.911152e-07,0.00825639205
2.912152e-07,0.00825528232
2.913152e-07,0.00825084339
2.914152e-07,0.00824159564
2.915152e-07,0.00822679924
2.916152e-07,0.00820941347
2.917152e-07,0.00819424716
2.918152e-07,0.00818536932
2.919152e-07,0.00818536932
2.920152e-07,0.00819313743
2.921152e-07,0.00820460464
2.922152e-07,0.00821348248
2.923152e-07,0.00821496212
2.924152e-07,0.00820830374
2.925152e-07,0.0081957268
2.926152e-07,0.00818241004
2.927152e-07,0.0081735322
2.928152e-07,0.00817094283
2.929152e-07,0.00817279238
2.930152e-07,0.00817501184
2.931152e-07,0.0081735322
2.932152e-07,0.00816576409
2.933152e-07,0.00815318714
2.934152e-07,0.00814024029
2.935152e-07,0.00813210227
2.936152e-07,0.00813136245
2.937152e-07,0.00813765092
2.938152e-07,0.00814763849
2.939152e-07,0.00815577652
2.940152e-07,0.0081587358
2.941152e-07,0.0081550367
2.942152e-07,0.00814689867
2.943152e-07,0.00813802083
2.944152e-07,0.00813136245
2.945152e-07,0.00812803326
2.946152e-07,0.00812729344
2.947152e-07,0.00812618371
2.948152e-07,0.00812285452
2.949152e-07,0.00811693596
2.950152e-07,0.00810953776
2.951152e-07,0.00810250947
2.952152e-07,0.00809733073
2.953152e-07,0.00809363163
2.954152e-07,0.00809030244
2.955152e-07,0.00808475379
2.956152e-07,0.00807624586
2.957152e-07,0.00806514856
2.958152e-07,0.00805331143
2.959152e-07,0.00804332386
2.960152e-07,0.00803666548
2.961152e-07,0.00803259647
2.962152e-07,0.00802963719
2.963152e-07,0.00802556818
2.964152e-07,0.00801927971
2.965152e-07,0.00801077178
2.966152e-07,0.00800263376
2.967152e-07,0.00799597538
2.968152e-07,0.00799190637
2.969152e-07,0.007989317
2.970152e-07,0.0079856179
2.971152e-07,0.0079782197
2.972152e-07,0.00796564276
2.973152e-07,0.0079489968
2.974152e-07,0.0079305013
2.975152e-07,0.00791311553
2.976152e-07,0.00789942886
2.977152e-07,0.00788907138
2.978152e-07,0.00788093336
2.979152e-07,0.00787168561
2.980152e-07,0.00785984848
2.981152e-07,0.00784431226
2.982152e-07,0.00782581676
2.983152e-07,0.00780658144
2.984152e-07,0.00778808594
2.985152e-07,0.00777107008
2.986152e-07,0.00775553385
2.987152e-07,0.00774147727
2.988152e-07,0.00772816051
2.989152e-07,0.00771521366
2.990152e-07,0.0077018969
2.991152e-07,0.00768821023
2.992152e-07,0.00767267401
2.993152e-07,0.0076541785
2.994152e-07,0.00763346354
2.995152e-07,0.00761126894
2.996152e-07,0.00759092389
2.997152e-07,0.00757538767
2.998152e-07,0.00756687973
2.999152e-07,0.00756392045
3.000152e-07,0.00756355054
3.001152e-07,0.00756022135
3.002152e-07,0.0075509736
3.003152e-07,0.00753432765
3.004152e-07,0.00751361269
3.005152e-07,0.00749474728
3.006152e-07,0.00748291016
3.007152e-07,0.00748106061
3.008152e-07,0.00748734908
3.009152e-07,0.00749659683
3.010152e-07,0.00750177557
3.011152e-07,0.00749881629
3.012152e-07,0.00748734908
3.013152e-07,0.00747144295
3.014152e-07,0.00745775627
3.015152e-07,0.0074514678
3.016152e-07,0.00745405717
3.017152e-07,0.0074625651
3.018152e-07,0.00747107304
3.019152e-07,0.00747514205
3.020152e-07,0.00747218277
3.021152e-07,0.00746441465
3.022152e-07,0.00745590672
3.023152e-07,0.0074514678
3.024152e-07,0.00745257753
3.025152e-07,0.00745738636
3.026152e-07,0.00746219519
3.027152e-07,0.00746330492
3.028152e-07,0.00745997573
3.029152e-07,0.00745405717
3.030152e-07,0.00745035807
3.031152e-07,0.0074514678
3.032152e-07,0.00745812618
3.033152e-07,0.00746774384
3.034152e-07,0.00747477214
3.035152e-07,0.00747514205
3.036152e-07,0.00746774384
3.037152e-07,0.00745553681
3.038152e-07,0.00744258996
3.039152e-07,0.00743371212
3.040152e-07,0.00743001302
3.041152e-07,0.00742964311
3.042152e-07,0.00742779356
3.043152e-07,0.007421875
3.044152e-07,0.0074107777
3.045152e-07,0.00739820076
3.046152e-07,0.00738895301
3.047152e-07,0.00738636364
3.048152e-07,0.00739043265
3.049152e-07,0.00739709103
3.050152e-07,0.00739931049
3.051152e-07,0.0073922822
3.052152e-07,0.00737489643
3.053152e-07,0.00735048236
3.054152e-07,0.00732680812
3.055152e-07,0.00730942235
3.056152e-07,0.00730165424
3.057152e-07,0.00730054451
3.058152e-07,0.00730128433
3.059152e-07,0.00729758523
3.060152e-07,0.00728685784
3.061152e-07,0.00727058179
3.062152e-07,0.00725467566
3.063152e-07,0.00724431818
3.064152e-07,0.00724209872
3.065152e-07,0.00724579782
3.066152e-07,0.00725023674
3.067152e-07,0.00725023674
3.068152e-07,0.00724320845
3.069152e-07,0.00723063151
3.070152e-07,0.00721731475
3.071152e-07,0.00720880682
3.072152e-07,0.00720658736
3.073152e-07,0.00720880682
3.074152e-07,0.00720917673
3.075152e-07,0.00720288826
3.076152e-07,0.00718772195
3.077152e-07,0.00716700698
3.078152e-07,0.00714777166
3.079152e-07,0.00713778409
3.080152e-07,0.00714074337
3.081152e-07,0.00715516986
3.082152e-07,0.00717292554
3.083152e-07,0.00718513258
3.084152e-07,0.00718513258
3.085152e-07,0.0071714459
3.086152e-07,0.00714888139
3.087152e-07,0.00712594697
3.088152e-07,0.00711041075
3.089152e-07,0.00710560192
3.090152e-07,0.00711078066
3.091152e-07,0.00712002841
3.092152e-07,0.00712742661
3.093152e-07,0.00712853634
3.094152e-07,0.0071233576
3.095152e-07,0.00711410985
3.096152e-07,0.0071048621
3.097152e-07,0.00709820372
3.098152e-07,0.00709413471
3.099152e-07,0.00709043561
3.100152e-07,0.00708451705
3.101152e-07,0.00707452947
3.102152e-07,0.00706010298
3.103152e-07,0.00704308712
3.104152e-07,0.00702533144
3.105152e-07,0.00700868549
3.106152e-07,0.00699314927
3.107152e-07,0.00697798295
3.108152e-07,0.00696281664
3.109152e-07,0.00694765033
3.110152e-07,0.00693285393
3.111152e-07,0.00691879735
3.112152e-07,0.00690548059
3.113152e-07,0.0068910541
3.114152e-07,0.00687440814
3.115152e-07,0.00685369318
3.116152e-07,0.0068285393
3.117152e-07,0.00680042614
3.118152e-07,0.00677268288
3.119152e-07,0.00674715909
3.120152e-07,0.00672570431
3.121152e-07,0.00670831854
3.122152e-07,0.00669241241
3.123152e-07,0.00667613636
3.124152e-07,0.00665875059
3.125152e-07,0.00664099491
3.126152e-07,0.00662471887
3.127152e-07,0.0066110322
3.128152e-07,0.00660067472
3.129152e-07,0.00659142696
3.130152e-07,0.00657995975
3.131152e-07,0.00656368371
3.132152e-07,0.00654074929
3.133152e-07,0.00651189631
3.134152e-07,0.00648082386
3.135152e-07,0.00645123106
3.136152e-07,0.00642570727
3.137152e-07,0.00640573213
3.138152e-07,0.00638908617
3.139152e-07,0.00637428977
3.140152e-07,0.00635912346
3.141152e-07,0.00634321733
3.142152e-07,0.00632805102
3.143152e-07,0.00631510417
3.144152e-07,0.00630585642
3.145152e-07,0.00630030777
3.146152e-07,0.00629623875
3.147152e-07,0.00629142992
3.148152e-07,0.00628366181
3.149152e-07,0.00627256451
3.150152e-07,0.00625887784
3.151152e-07,0.00624408144
3.152152e-07,0.00623002486
3.153152e-07,0.00621744792
3.154152e-07,0.00620672053
3.155152e-07,0.00619673295
3.156152e-07,0.0061874852
3.157152e-07,0.00617897727
3.158152e-07,0.00617194898
3.159152e-07,0.00616714015
3.160152e-07,0.00616492069
3.161152e-07,0.00616455078
3.162152e-07,0.00616381096
3.163152e-07,0.00616122159
3.164152e-07,0.00615567294
3.165152e-07,0.00614642519
3.166152e-07,0.00613421816
3.167152e-07,0.00611979167
3.168152e-07,0.00610425545
3.169152e-07,0.00608760949
3.170152e-07,0.00607096354
3.171152e-07,0.0060546875
3.172152e-07,0.00604026101
3.173152e-07,0.00602916371
3.174152e-07,0.00602213542
3.175152e-07,0.00601917614
3.176152e-07,0.00601843632
3.177152e-07,0.00601695668
3.178152e-07,0.00601177794
3.179152e-07,0.00600142045
3.180152e-07,0.00598625414
3.181152e-07,0.00596886837
3.182152e-07,0.0059514826
3.183152e-07,0.00593631629
3.184152e-07,0.00592410926
3.185152e-07,0.00591301196
3.186152e-07,0.00590191465
3.187152e-07,0.0058889678
3.188152e-07,0.00587380149
3.189152e-07,0.00585826527
3.190152e-07,0.00584309896
3.191152e-07,0.0058297822
3.192152e-07,0.00581757517
3.193152e-07,0.00580462831
3.194152e-07,0.00578909209
3.195152e-07,0.00577059659
3.196152e-07,0.00575025154
3.197152e-07,0.00573101622
3.198152e-07,0.00571584991
3.199152e-07,0.00570549242
3.200152e-07,0.00569883404
3.201152e-07,0.00569180575
3.202152e-07,0.00568107836
3.203152e-07,0.0056640625
3.204152e-07,0.00564149799
3.205152e-07,0.00561745384
3.206152e-07,0.00559599905
3.207152e-07,0.00558120265
3.208152e-07,0.00557306463
3.209152e-07,0.0055682558
3.210152e-07,0.00556233724
3.211152e-07,0.00555160985
3.212152e-07,0.00553459399
3.213152e-07,0.00551239938
3.214152e-07,0.00548946496
3.215152e-07,0.00546875
3.216152e-07,0.00545173414
3.217152e-07,0.00543730765
3.218152e-07,0.00542399089
3.219152e-07,0.00540956439
3.220152e-07,0.0053951379
3.221152e-07,0.00538367069
3.222152e-07,0.00537812204
3.223152e-07,0.00537997159
3.224152e-07,0.0053877397
3.225152e-07,0.00539661754
3.226152e-07,0.00540142637
3.227152e-07,0.00539772727
3.228152e-07,0.00538552024
3.229152e-07,0.00536776456
3.230152e-07,0.0053507487
3.231152e-07,0.00533854167
3.232152e-07,0.00533336293
3.233152e-07,0.00533299302
3.234152e-07,0.00533373284
3.235152e-07,0.00533262311
3.236152e-07,0.00532929392
3.237152e-07,0.00532559482
3.238152e-07,0.00532596473
3.239152e-07,0.00533262311
3.240152e-07,0.00534446023
3.241152e-07,0.00535666726
3.242152e-07,0.00536406546
3.243152e-07,0.00536221591
3.244152e-07,0.0053507487
3.245152e-07,0.00533410275
3.246152e-07,0.00531856652
3.247152e-07,0.00530894886
3.248152e-07,0.00530635949
3.249152e-07,0.00530709931
3.250152e-07,0.00530561967
3.251152e-07,0.00529711174
3.252152e-07,0.00528046579
3.253152e-07,0.00525975083
3.254152e-07,0.00524162524
3.255152e-07,0.00523200758
3.256152e-07,0.00523163767
3.257152e-07,0.00523681641
3.258152e-07,0.00523940578
3.259152e-07,0.00523200758
3.260152e-07,0.00521166252
3.261152e-07,0.0051813299
3.262152e-07,0.00514766809
3.263152e-07,0.00511955492
3.264152e-07,0.00510179924
3.265152e-07,0.00509440104
3.266152e-07,0.0050929214
3.267152e-07,0.00508996212
3.268152e-07,0.00508145419
3.269152e-07,0.00506628788
3.270152e-07,0.00504779238
3.271152e-07,0.00503077652
3.272152e-07,0.00501893939
3.273152e-07,0.00501228101
3.274152e-07,0.00500784209
3.275152e-07,0.00500118371
3.276152e-07,0.0049897165
3.277152e-07,0.00497344046
3.278152e-07,0.00495420514
3.279152e-07,0.00493607955
3.280152e-07,0.00492054332
3.281152e-07,0.00490759647
3.282152e-07,0.00489538944
3.283152e-07,0.0048828125
3.284152e-07,0.00487023556
3.285152e-07,0.00486024799
3.286152e-07,0.00485580907
3.287152e-07,0.00485913826
3.288152e-07,0.0048680161
3.289152e-07,0.00487689394
3.290152e-07,0.00487948331
3.291152e-07,0.00487097538
3.292152e-07,0.00485137015
3.293152e-07,0.00482547644
3.294152e-07,0.00480032256
3.295152e-07,0.00478219697
3.296152e-07,0.00477368904
3.297152e-07,0.00477183949
3.298152e-07,0.00477035985
3.299152e-07,0.00476444129
3.300152e-07,0.00475112453
3.301152e-07,0.00473336884
3.302152e-07,0.00471635298
3.303152e-07,0.00470525568
3.304152e-07,0.00470155658
3.305152e-07,0.00470155658
3.306152e-07,0.00469896721
3.307152e-07,0.0046875
3.308152e-07,0.00466382576
3.309152e-07,0.00463090376
3.310152e-07,0.00459502249
3.311152e-07,0.00456321023
3.312152e-07,0.00453953598
3.313152e-07,0.00452399976
3.314152e-07,0.00451179273
3.315152e-07,0.00449810606
3.316152e-07,0.00447961056
3.317152e-07,0.00445778587
3.318152e-07,0.00443670099
3.319152e-07,0.00442116477
3.320152e-07,0.00441376657
3.321152e-07,0.00441191702
3.322152e-07,0.00441043738
3.323152e-07,0.00440340909
3.324152e-07,0.00438787287
3.325152e-07,0.00436493845
3.326152e-07,0.00434052438
3.327152e-07,0.00432054924
3.328152e-07,0.00430945194
3.329152e-07,0.00430649266
3.330152e-07,0.0043079723
3.331152e-07,0.00430871212
3.332152e-07,0.0043042732
3.333152e-07,0.00429465554
3.334152e-07,0.00428318833
3.335152e-07,0.00427320076
3.336152e-07,0.00426802202
3.337152e-07,0.00426765211
3.338152e-07,0.00426876184
3.339152e-07,0.0042672822
3.340152e-07,0.00426136364
3.341152e-07,0.00425211589
3.342152e-07,0.00424286813
3.343152e-07,0.00423768939
3.344152e-07,0.00423916903
3.345152e-07,0.00424656723
3.346152e-07,0.00425544508
3.347152e-07,0.00426136364
3.348152e-07,0.00426173355
3.349152e-07,0.00425692472
3.350152e-07,0.00424952652
3.351152e-07,0.00424360795
3.352152e-07,0.0042417584
3.353152e-07,0.00424397786
3.354152e-07,0.00424767696
3.355152e-07,0.00424952652
3.356152e-07,0.00424804688
3.357152e-07,0.00424397786
3.358152e-07,0.00423953894
3.359152e-07,0.00423768939
3.360152e-07,0.00423879912
3.361152e-07,0.00424138849
3.362152e-07,0.00424212831
3.363152e-07,0.00423768939
3.364152e-07,0.00422770182
3.365152e-07,0.00421438506
3.366152e-07,0.00420291785
3.367152e-07,0.00419625947
3.368152e-07,0.00419625947
3.369152e-07,0.00420069839
3.370152e-07,0.00420402758
3.371152e-07,0.00420217803
3.372152e-07,0.00419219046
3.373152e-07,0.00417591442
3.374152e-07,0.00415778883
3.375152e-07,0.00414299242
3.376152e-07,0.00413411458
3.377152e-07,0.00413078539
3.378152e-07,0.00412967566
3.379152e-07,0.00412523674
3.380152e-07,0.00411487926
3.381152e-07,0.00409860322
3.382152e-07,0.00407899799
3.383152e-07,0.00406013258
3.384152e-07,0.00404533617
3.385152e-07,0.00403497869
3.386152e-07,0.00402721058
3.387152e-07,0.00401870265
3.388152e-07,0.00400760535
3.389152e-07,0.00399354877
3.390152e-07,0.00397875237
3.391152e-07,0.00396543561
3.392152e-07,0.00395507813
3.393152e-07,0.0039469401
3.394152e-07,0.0039395419
3.395152e-07,0.00392992424
3.396152e-07,0.0039173473
3.397152e-07,0.00390292081
3.398152e-07,0.00388886423
3.399152e-07,0.0038766572
3.400152e-07,0.00386666963
3.401152e-07,0.00385742188
3.402152e-07,0.00384595466
3.403152e-07,0.00382930871
3.404152e-07,0.00380785393
3.405152e-07,0.00378417969
3.406152e-07,0.003762355
3.407152e-07,0.00374644886
3.408152e-07,0.00373757102
3.409152e-07,0.00373387192
3.410152e-07,0.00373239228
3.411152e-07,0.00372869318
3.412152e-07,0.00372092507
3.413152e-07,0.00370982777
3.414152e-07,0.00369762074
3.415152e-07,0.00368726326
3.416152e-07,0.00367986506
3.417152e-07,0.0036739465
3.418152e-07,0.00366765803
3.419152e-07,0.00365767045
3.420152e-07,0.00364398378
3.421152e-07,0.00362844756
3.422152e-07,0.00361402107
3.423152e-07,0.00360440341
3.424152e-07,0.00359996449
3.425152e-07,0.00359848485
3.426152e-07,0.00359737512
3.427152e-07,0.00359256629
3.428152e-07,0.00358294863
3.429152e-07,0.00357037169
3.430152e-07,0.00355668501
3.431152e-07,0.0035452178
3.432152e-07,0.00353633996
3.433152e-07,0.00352820194
3.434152e-07,0.00351821437
3.435152e-07,0.00350378788
3.436152e-07,0.00348492247
3.437152e-07,0.00346457741
3.438152e-07,0.00344608191
3.439152e-07,0.00343276515
3.440152e-07,0.00342499704
3.441152e-07,0.0034198183
3.442152e-07,0.00341352983
3.443152e-07,0.00340317235
3.444152e-07,0.00338800604
3.445152e-07,0.00337136009
3.446152e-07,0.0033573035
3.447152e-07,0.0033499053
3.448152e-07,0.00334879557
3.449152e-07,0.00335138494
3.450152e-07,0.00335101503
3.451152e-07,0.00334398674
3.452152e-07,0.00332845052
3.453152e-07,0.00330773556
3.454152e-07,0.00328739051
3.455152e-07,0.00327296402
3.456152e-07,0.00326704545
3.457152e-07,0.00326741536
3.458152e-07,0.00326963482
3.459152e-07,0.00326704545
3.460152e-07,0.00325668797
3.461152e-07,0.00323967211
3.462152e-07,0.00321969697
3.463152e-07,0.00320194129
3.464152e-07,0.00319047408
3.465152e-07,0.00318492543
3.466152e-07,0.00318233606
3.467152e-07,0.00317826705
3.468152e-07,0.0031693892
3.469152e-07,0.00315607244
3.470152e-07,0.0031397964
3.471152e-07,0.003125
3.472152e-07,0.0031139027
3.473152e-07,0.00310687441
3.474152e-07,0.00310169567
3.475152e-07,0.0030954072
3.476152e-07,0.00308652936
3.477152e-07,0.00307506214
3.478152e-07,0.00306359493
3.479152e-07,0.00305397727
3.480152e-07,0.00304731889
3.481152e-07,0.00304214015
3.482152e-07,0.00303548177
3.483152e-07,0.00302438447
3.484152e-07,0.00300810843
3.485152e-07,0.00298813329
3.486152e-07,0.00296852805
3.487152e-07,0.00295336174
3.488152e-07,0.00294411399
3.489152e-07,0.00293930516
3.490152e-07,0.00293560606
3.491152e-07,0.0029296875
3.492152e-07,0.00291933002
3.493152e-07,0.00290490353
3.494152e-07,0.00288936731
3.495152e-07,0.00287642045
3.496152e-07,0.0028671727
3.497152e-07,0.00286125414
3.498152e-07,0.00285533558
3.499152e-07,0.00284682765
3.500152e-07,0.00283425071
3.501152e-07,0.00281834458
3.502152e-07,0.00280206854
3.503152e-07,0.00278764205
3.504152e-07,0.00277691465
3.505152e-07,0.00276877663
3.506152e-07,0.00276137843
3.507152e-07,0.00275213068
3.508152e-07,0.00274029356
3.509152e-07,0.0027269768
3.510152e-07,0.00271476977
3.511152e-07,0.0027047822
3.512152e-07,0.00269701409
3.513152e-07,0.00268924598
3.514152e-07,0.00267851858
3.515152e-07,0.00266335227
3.516152e-07,0.00264485677
3.517152e-07,0.00262599136
3.518152e-07,0.00261156487
3.519152e-07,0.00260416667
3.520152e-07,0.00260342685
3.521152e-07,0.0026052764
3.522152e-07,0.00260490649
3.523152e-07,0.00259824811
3.524152e-07,0.00258493134
3.525152e-07,0.00256754557
3.526152e-07,0.00255089962
3.527152e-07,0.0025390625
3.528152e-07,0.00253277403
3.529152e-07,0.00252981475
3.530152e-07,0.00252500592
3.531152e-07,0.00251538826
3.532152e-07,0.00249985204
3.533152e-07,0.00248209635
3.534152e-07,0.00246619022
3.535152e-07,0.00245620265
3.536152e-07,0.00245287346
3.537152e-07,0.00245324337
3.538152e-07,0.00245176373
3.539152e-07,0.00244436553
3.540152e-07,0.00242993904
3.541152e-07,0.00241181345
3.542152e-07,0.00239553741
3.543152e-07,0.00238517992
3.544152e-07,0.00238222064
3.545152e-07,0.00238407019
3.546152e-07,0.0023844401
3.547152e-07,0.00237926136
3.548152e-07,0.00236668442
3.549152e-07,0.00234929865
3.550152e-07,0.00233228279
3.551152e-07,0.00232007576
3.552152e-07,0.0023141572
3.553152e-07,0.00231193774
3.554152e-07,0.00230749882
3.555152e-07,0.00229640152
3.556152e-07,0.0022775361
3.557152e-07,0.00225349195
3.558152e-07,0.00223055753
3.559152e-07,0.00221354167
3.560152e-07,0.00220466383
3.561152e-07,0.00220133464
3.562152e-07,0.00219837536
3.563152e-07,0.00218986742
3.564152e-07,0.00217396129
3.565152e-07,0.00215250651
3.566152e-07,0.00213031191
3.567152e-07,0.00211292614
3.568152e-07,0.00210219875
3.569152e-07,0.00209665009
3.570152e-07,0.00209184126
3.571152e-07,0.00208333333
3.572152e-07,0.00206927675
3.573152e-07,0.00205226089
3.574152e-07,0.00203561494
3.575152e-07,0.00202414773
3.576152e-07,0.00201785926
3.577152e-07,0.00201379025
3.578152e-07,0.00200750178
3.579152e-07,0.00199455492
3.580152e-07,0.0019753196
3.581152e-07,0.001953125
3.582152e-07,0.00193425959
3.583152e-07,0.0019235322
3.584152e-07,0.00192094283
3.585152e-07,0.00192242247
3.586152e-07,0.00192094283
3.587152e-07,0.00191169508
3.588152e-07,0.00189393939
3.589152e-07,0.00187248461
3.590152e-07,0.00185435902
3.591152e-07,0.00184659091
3.592152e-07,0.0018499201
3.593152e-07,0.00185953776
3.594152e-07,0.00186693596
3.595152e-07,0.00186434659
3.596152e-07,0.00184844046
3.597152e-07,0.00182254676
3.598152e-07,0.00179554332
3.599152e-07,0.00177556818
3.600152e-07,0.00176816998
3.601152e-07,0.00177186908
3.602152e-07,0.00178074692
3.603152e-07,0.0017874053
3.604152e-07,0.00178629557
3.605152e-07,0.00177815755
3.606152e-07,0.00176669034
3.607152e-07,0.0017578125
3.608152e-07,0.00175485322
3.609152e-07,0.00175633286
3.610152e-07,0.00175707268
3.611152e-07,0.00175189394
3.612152e-07,0.00173746745
3.613152e-07,0.00171601267
3.614152e-07,0.00169270833
3.615152e-07,0.00167495265
3.616152e-07,0.00166644472
3.617152e-07,0.00166718454
3.618152e-07,0.00167199337
3.619152e-07,0.00167495265
3.620152e-07,0.00167125355
3.621152e-07,0.00166052616
3.622152e-07,0.00164462003
3.623152e-07,0.00162760417
3.624152e-07,0.00161206795
3.625152e-07,0.00159727154
3.626152e-07,0.00158173532
3.627152e-07,0.0015625
3.628152e-07,0.00153993549
3.629152e-07,0.00151663116
3.630152e-07,0.00149739583
3.631152e-07,0.00148555871
3.632152e-07,0.0014814897
3.633152e-07,0.00148074988
3.634152e-07,0.00147816051
3.635152e-07,0.00146780303
3.636152e-07,0.00144930753
3.637152e-07,0.0014260032
3.638152e-07,0.00140454841
3.639152e-07,0.00139086174
3.640152e-07,0.00138679273
3.641152e-07,0.00138901219
3.642152e-07,0.00139049183
3.643152e-07,0.00138494318
3.644152e-07,0.00136866714
3.645152e-07,0.00134314335
3.646152e-07,0.00131503018
3.647152e-07,0.00129024621
3.648152e-07,0.00127323035
3.649152e-07,0.00126324278
3.650152e-07,0.0012565844
3.651152e-07,0.00124881629
3.652152e-07,0.0012380889
3.653152e-07,0.00122588187
3.654152e-07,0.0012162642
3.655152e-07,0.00121330492
3.656152e-07,0.00121774384
3.657152e-07,0.00122662169
3.658152e-07,0.00123291016
3.659152e-07,0.00123106061
3.660152e-07,0.00121848366
3.661152e-07,0.00119739879
3.662152e-07,0.00117372455
3.663152e-07,0.00115411932
3.664152e-07,0.00114191229
3.665152e-07,0.00113673355
3.666152e-07,0.00113451409
3.667152e-07,0.00113044508
3.668152e-07,0.00112193714
3.669152e-07,0.00111083984
3.670152e-07,0.00110048236
3.671152e-07,0.00109493371
3.672152e-07,0.00109530362
3.673152e-07,0.00109900272
3.674152e-07,0.00110048236
3.675152e-07,0.00109493371
3.676152e-07,0.00108087713
3.677152e-07,0.00106164181
3.678152e-07,0.0010427764
3.679152e-07,0.00102982955
3.680152e-07,0.00102576054
3.681152e-07,0.00102798
3.682152e-07,0.00103130919
3.683152e-07,0.00102982955
3.684152e-07,0.00102058179
3.685152e-07,0.00100541548
3.686152e-07,0.000989139441
3.687152e-07,0.0009765625
3.688152e-07,0.000970643939
3.689152e-07,0.000969534209
3.690152e-07,0.000969164299
3.691152e-07,0.000964725379
3.692152e-07,0.000953997988
3.693152e-07,0.000938461766
3.694152e-07,0.000922925545
3.695152e-07,0.000911458333
3.696152e-07,0.000905909683
3.697152e-07,0.000903320313
3.698152e-07,0.000898881392
3.699152e-07,0.000887784091
3.700152e-07,0.000868918679
3.701152e-07,0.000845614347
3.702152e-07,0.000824159564
3.703152e-07,0.000810842803
3.704152e-07,0.000808253433
3.705152e-07,0.000813802083
3.706152e-07,0.000820830374
3.707152e-07,0.000822679924
3.708152e-07,0.000814911813
3.709152e-07,0.000797895952
3.710152e-07,0.00077681108
3.711152e-07,0.000757575758
3.712152e-07,0.000743889086
3.713152e-07,0.000736120975
3.714152e-07,0.000730572325
3.715152e-07,0.000722064394
3.716152e-07,0.000708377723
3.717152e-07,0.000690252131
3.718152e-07,0.000671386719
3.719152e-07,0.000656960227
3.720152e-07,0.000649562027
3.721152e-07,0.000647712476
3.722152e-07,0.000648082386
3.723152e-07,0.000645123106
3.724152e-07,0.000636245265
3.725152e-07,0.000622188684
3.726152e-07,0.000605912642
3.727152e-07,0.000591856061
3.728152e-07,0.00058260831
3.729152e-07,0.000576689749
3.730152e-07,0.000571141098
3.731152e-07,0.000562263258
3.732152e-07,0.000548206676
3.733152e-07,0.000530820904
3.734152e-07,0.000514174953
3.735152e-07,0.000503077652
3.736152e-07,0.000499748461
3.737152e-07,0.000502707741
3.738152e-07,0.000507516572
3.739152e-07,0.000508996212
3.740152e-07,0.000504557292
3.741152e-07,0.000494569721
3.742152e-07,0.000482732599
3.743152e-07,0.000473484848
3.744152e-07,0.000470155658
3.745152e-07,0.000472375118
3.746152e-07,0.000478663589
3.747152e-07,0.00048532197
3.748152e-07,0.00049087062
3.749152e-07,0.000496049361
3.750152e-07,0.000503447562
3.751152e-07,0.000514914773
3.752152e-07,0.000531190814
3.753152e-07,0.000549686316
3.754152e-07,0.000567072088
3.755152e-07,0.000580018939
3.756152e-07,0.00058778705
3.757152e-07,0.000591856061
3.758152e-07,0.000596294981
3.759152e-07,0.000603693182
3.760152e-07,0.000615160393
3.761152e-07,0.000628107244
3.762152e-07,0.000639204545
3.763152e-07,0.000645123106
3.764152e-07,0.000646232836
3.765152e-07,0.000645862926
3.766152e-07,0.000648452296
3.767152e-07,0.000656960227
3.768152e-07,0.000671756629
3.769152e-07,0.000689142401
3.770152e-07,0.000703568892
3.771152e-07,0.000710227273
3.772152e-07,0.000708377723
3.773152e-07,0.000701349432
3.774152e-07,0.000694321141
3.775152e-07,0.000692471591
3.776152e-07,0.000696910511
3.777152e-07,0.000705048532
3.778152e-07,0.000710967093
3.779152e-07,0.000710227273
3.780152e-07,0.000700609612
3.781152e-07,0.0006854433
3.782152e-07,0.000669167259
3.783152e-07,0.000656960227
3.784152e-07,0.000651041667
3.785152e-07,0.000649192116
3.786152e-07,0.000646972656
3.787152e-07,0.000639204545
3.788152e-07,0.000624778054
3.789152e-07,0.000605912642
3.790152e-07,0.00058778705
3.791152e-07,0.000574100379
3.792152e-07,0.000566702178
3.793152e-07,0.000562633168
3.794152e-07,0.000556714607
3.795152e-07,0.000544507576
3.796152e-07,0.000525272254
3.797152e-07,0.000501967921
3.798152e-07,0.000480883049
3.799152e-07,0.000467566288
3.800152e-07,0.000464237098
3.801152e-07,0.000467936198
3.802152e-07,0.000473114938
3.803152e-07,0.000473484848
3.804152e-07,0.000466456558
3.805152e-07,0.000453509706
3.806152e-07,0.000438343395
3.807152e-07,0.000426136364
3.808152e-07,0.000418738163
3.809152e-07,0.000415039063
3.810152e-07,0.000410970052
3.811152e-07,0.000402462121
3.812152e-07,0.00038914536
3.813152e-07,0.000373979048
3.814152e-07,0.000361402107
3.815152e-07,0.000355113636
3.816152e-07,0.000355853456
3.817152e-07,0.000359552557
3.818152e-07,0.000361032197
3.819152e-07,0.000355113636
3.820152e-07,0.000341426965
3.821152e-07,0.000322931463
3.822152e-07,0.000306285511
3.823152e-07,0.00029592803
3.824152e-07,0.00029333866
3.825152e-07,0.00029518821
3.826152e-07,0.00029555812
3.827152e-07,0.00029000947
3.828152e-07,0.000277432528
3.829152e-07,0.000261526397
3.830152e-07,0.000248209635
3.831152e-07,0.000242660985
3.832152e-07,0.000244880445
3.833152e-07,0.000250059186
3.834152e-07,0.000251168916
3.835152e-07,0.000242660985
3.836152e-07,0.000223795573
3.837152e-07,0.00020012133
3.838152e-07,0.000180516098
3.839152e-07,0.000171638258
3.840152e-07,0.000176077178
3.841152e-07,0.000189393939
3.842152e-07,0.000202710701
3.843152e-07,0.000207149621
3.844152e-07,0.00019864169
3.845152e-07,0.000179776278
3.846152e-07,0.000158321496
3.847152e-07,0.000142045455
3.848152e-07,0.000135756984
3.849152e-07,0.000138346354
3.850152e-07,0.000142785275
3.851152e-07,0.000142045455
3.852152e-07,0.000131687973
3.853152e-07,0.000112452652
3.854152e-07,9.02580492e-05
3.855152e-07,7.10227273e-05
3.856152e-07,5.91856061e-05
3.857152e-07,5.36369555e-05
3.858152e-07,4.95679451e-05
3.859152e-07,4.14299242e-05
3.860152e-07,2.55237926e-05
3.861152e-07,3.32919034e-06
3.862152e-07,-2.07149621e-05
3.863152e-07,-4.14299242e-05
3.864152e-07,-5.58564157e-05
3.865152e-07,-6.54740767e-05
3.866152e-07,-7.50917377e-05
3.867152e-07,-8.87784091e-05
3.868152e-07,-0.000108383641
3.869152e-07,-0.000131318063
3.870152e-07,-0.000152402936
3.871152e-07,-0.000165719697
3.872152e-07,-0.000170528527
3.873152e-07,-0.000170528527
3.874152e-07,-0.000172747988
3.875152e-07,-0.000183475379
3.876152e-07,-0.000205300071
3.877152e-07,-0.000235632694
3.878152e-07,-0.000266335227
3.879152e-07,-0.00029000947
3.880152e-07,-0.000301476681
3.881152e-07,-0.000301846591
3.882152e-07,-0.00029592803
3.883152e-07,-0.00029000947
3.884152e-07,-0.00028926965
3.885152e-07,-0.00029370857
3.886152e-07,-0.000301106771
3.887152e-07,-0.000307765152
3.888152e-07,-0.000311464252
3.889152e-07,-0.000313683712
3.890152e-07,-0.000317752723
3.891152e-07,-0.000325520833
3.892152e-07,-0.000337357955
3.893152e-07,-0.000349564986
3.894152e-07,-0.000356593277
3.895152e-07,-0.000355113636
3.896152e-07,-0.000345495975
3.897152e-07,-0.000332919034
3.898152e-07,-0.000324411103
3.899152e-07,-0.000325520833
3.900152e-07,-0.000337357955
3.901152e-07,-0.000355113636
3.902152e-07,-0.000371389678
3.903152e-07,-0.000378787879
3.904152e-07,-0.000375458688
3.905152e-07,-0.000365471117
3.906152e-07,-0.000356223366
3.907152e-07,-0.000355113636
3.908152e-07,-0.000365841027
3.909152e-07,-0.000385446259
3.910152e-07,-0.000408010772
3.911152e-07,-0.000426136364
3.912152e-07,-0.000436123935
3.913152e-07,-0.000439083215
3.914152e-07,-0.000439823035
3.915152e-07,-0.000443892045
3.916152e-07,-0.000453139796
3.917152e-07,-0.000465346828
3.918152e-07,-0.000475704309
3.919152e-07,-0.000479403409
3.920152e-07,-0.000476444129
3.921152e-07,-0.000470155658
3.922152e-07,-0.000467196378
3.923152e-07,-0.000473484848
3.924152e-07,-0.00048939098
3.925152e-07,-0.000510475852
3.926152e-07,-0.000528971354
3.927152e-07,-0.000538589015
3.928152e-07,-0.000537479285
3.929152e-07,-0.000530081084
3.930152e-07,-0.000524162524
3.931152e-07,-0.000526751894
3.932152e-07,-0.000540438565
3.933152e-07,-0.000562263258
3.934152e-07,-0.00058371804
3.935152e-07,-0.000597774621
3.936152e-07,-0.000601103812
3.937152e-07,-0.000596294981
3.938152e-07,-0.00059074633
3.939152e-07,-0.000591856061
3.940152e-07,-0.000602953362
3.941152e-07,-0.000621818774
3.942152e-07,-0.000642163826
3.943152e-07,-0.000656960227
3.944152e-07,-0.000663248698
3.945152e-07,-0.000662508878
3.946152e-07,-0.000660659328
3.947152e-07,-0.000662878788
3.948152e-07,-0.000671756629
3.949152e-07,-0.00068433357
3.950152e-07,-0.000695060961
3.951152e-07,-0.000698390152
3.952152e-07,-0.000692841501
3.953152e-07,-0.00068248402
3.954152e-07,-0.000674345999
3.955152e-07,-0.000674715909
3.956152e-07,-0.00068581321
3.957152e-07,-0.000703198982
3.958152e-07,-0.000719844934
3.959152e-07,-0.000727982955
3.960152e-07,-0.000725393584
3.961152e-07,-0.000715775923
3.962152e-07,-0.000706158262
3.963152e-07,-0.000704308712
3.964152e-07,-0.000712816643
3.965152e-07,-0.000728722775
3.966152e-07,-0.000743889086
3.967152e-07,-0.000751657197
3.968152e-07,-0.000748697917
3.969152e-07,-0.000738340436
3.970152e-07,-0.000728722775
3.971152e-07,-0.000727982955
3.972152e-07,-0.000739450166
3.973152e-07,-0.000760535038
3.974152e-07,-0.00078346946
3.975152e-07,-0.000799005682
3.976152e-07,-0.000803074692
3.977152e-07,-0.000796786222
3.978152e-07,-0.000786798651
3.979152e-07,-0.00078125
3.980152e-07,-0.00078531901
3.981152e-07,-0.000798265862
3.982152e-07,-0.000814911813
3.983152e-07,-0.000828598485
3.984152e-07,-0.000835996686
3.985152e-07,-0.000837846236
3.986152e-07,-0.000839325876
3.987152e-07,-0.000846354167
3.988152e-07,-0.000861890388
3.989152e-07,-0.000884454901
3.990152e-07,-0.000907019413
3.991152e-07,-0.000923295455
3.992152e-07,-0.000929214015
3.993152e-07,-0.000925884825
3.994152e-07,-0.000918116714
3.995152e-07,-0.000911458333
3.996152e-07,-0.000909978693
3.997152e-07,-0.000913307884
3.998152e-07,-0.000918856534
3.999152e-07,-0.000923295455
4.000152e-07,-0.000925884825
4.001152e-07,-0.000928844105
4.002152e-07,-0.000936982126
4.003152e-07,-0.000952888258
4.004152e-07,-0.00097619259
4.005152e-07,-0.00100208629
4.006152e-07,-0.00102354107
4.007152e-07,-0.00103574811
4.008152e-07,-0.00103870739
4.009152e-07,-0.00103685784
4.010152e-07,-0.00103796757
4.011152e-07,-0.00104758523
4.012152e-07,-0.00106608073
4.013152e-07,-0.00108864524
4.014152e-07,-0.00110825047
4.015152e-07,-0.00111860795
4.016152e-07,-0.00111971768
4.017152e-07,-0.00111786813
4.018152e-07,-0.00112082741
4.019152e-07,-0.00113636364
4.020152e-07,-0.00116484671
4.021152e-07,-0.00120072798
4.022152e-07,-0.00123364998
4.023152e-07,-0.00125473485
4.024152e-07,-0.00126102332
4.025152e-07,-0.00125621449
4.026152e-07,-0.0012491862
4.027152e-07,-0.00124881629
4.028152e-07,-0.00125843395
4.029152e-07,-0.00127544981
4.030152e-07,-0.00129246567
4.031152e-07,-0.00130208333
4.032152e-07,-0.00130171342
4.033152e-07,-0.00129431522
4.034152e-07,-0.00128839666
4.035152e-07,-0.00129024621
4.036152e-07,-0.00130282315
4.037152e-07,-0.00132242839
4.038152e-07,-0.00134018407
4.039152e-07,-0.00134943182
4.040152e-07,-0.00134647254
4.041152e-07,-0.00133537524
4.042152e-07,-0.00132390803
4.043152e-07,-0.00131983902
4.044152e-07,-0.00132612749
4.045152e-07,-0.00133981416
4.046152e-07,-0.00135387074
4.047152e-07,-0.00136126894
4.048152e-07,-0.0013597893
4.049152e-07,-0.00135350083
4.050152e-07,-0.00134980173
4.051152e-07,-0.00135535038
4.052152e-07,-0.00137125651
4.053152e-07,-0.00139234138
4.054152e-07,-0.00140935724
4.055152e-07,-0.00141453598
4.056152e-07,-0.00140565814
4.057152e-07,-0.00138790246
4.058152e-07,-0.00137199633
4.059152e-07,-0.0013671875
4.060152e-07,-0.00137754498
4.061152e-07,-0.00139899976
4.062152e-07,-0.00142267401
4.063152e-07,-0.00143821023
4.064152e-07,-0.00144153942
4.065152e-07,-0.00143488104
4.066152e-07,-0.00142674302
4.067152e-07,-0.00142637311
4.068152e-07,-0.00143747041
4.069152e-07,-0.00145707564
4.070152e-07,-0.00147631096
4.071152e-07,-0.00148555871
4.072152e-07,-0.00148037997
4.073152e-07,-0.00146336411
4.074152e-07,-0.00144375888
4.075152e-07,-0.00143229167
4.076152e-07,-0.00143488104
4.077152e-07,-0.00145078717
4.078152e-07,-0.00147298177
4.079152e-07,-0.00149147727
4.080152e-07,-0.0014999852
4.081152e-07,-0.00149776574
4.082152e-07,-0.00149036754
4.083152e-07,-0.00148555871
4.084152e-07,-0.00148814808
4.085152e-07,-0.00149739583
4.086152e-07,-0.00150886304
4.087152e-07,-0.00151515152
4.088152e-07,-0.00151219223
4.089152e-07,-0.00150109493
4.090152e-07,-0.00148777817
4.091152e-07,-0.00147964015
4.092152e-07,-0.0014814897
4.093152e-07,-0.00149332682
4.094152e-07,-0.00151071259
4.095152e-07,-0.00152698864
4.096152e-07,-0.00153845585
4.097152e-07,-0.00154474432
4.098152e-07,-0.00154918324
4.099152e-07,-0.00155658144
4.100152e-07,-0.00156878847
4.101152e-07,-0.0015846946
4.102152e-07,-0.001599491
4.103152e-07,-0.00160984848
4.104152e-07,-0.00161428741
4.105152e-07,-0.00161613696
4.106152e-07,-0.00162094579
4.107152e-07,-0.00163352273
4.108152e-07,-0.0016546076
4.109152e-07,-0.00168013139
4.110152e-07,-0.0017026959
4.111152e-07,-0.00171638258
4.112152e-07,-0.00171971177
4.113152e-07,-0.00171749231
4.114152e-07,-0.00171786222
4.115152e-07,-0.0017282197
4.116152e-07,-0.00175152403
4.117152e-07,-0.0017837062
4.118152e-07,-0.0018166282
4.119152e-07,-0.00184067235
4.120152e-07,-0.00185102983
4.121152e-07,-0.00184881037
4.122152e-07,-0.00184067235
4.123152e-07,-0.00183475379
4.124152e-07,-0.00183697325
4.125152e-07,-0.00184770064
4.126152e-07,-0.00186249704
4.127152e-07,-0.00187618371
4.128152e-07,-0.00188432173
4.129152e-07,-0.00188765092
4.130152e-07,-0.00188950047
4.131152e-07,-0.00189393939
4.132152e-07,-0.00190318714
4.133152e-07,-0.00191576409
4.134152e-07,-0.00192575166
4.135152e-07,-0.00192945076
4.136152e-07,-0.00192501184
4.137152e-07,-0.00191576409
4.138152e-07,-0.00190762607
4.139152e-07,-0.00190577652
4.140152e-07,-0.00191206499
4.141152e-07,-0.00192242247
4.142152e-07,-0.00193056049
4.143152e-07,-0.00192945076
4.144152e-07,-0.00191761364
4.145152e-07,-0.00189874822
4.146152e-07,-0.00188210227
4.147152e-07,-0.00187618371
4.148152e-07,-0.00188580137
4.149152e-07,-0.0019087358
4.150152e-07,-0.00193647905
4.151152e-07,-0.00195904356
4.152152e-07,-0.00196829131
4.153152e-07,-0.00196237275
4.154152e-07,-0.00194683653
4.155152e-07,-0.00192945076
4.156152e-07,-0.00191872337
4.157152e-07,-0.00191835346
4.158152e-07,-0.00192760121
4.159152e-07,-0.00194128788
4.160152e-07,-0.00195460464
4.161152e-07,-0.00196385239
4.162152e-07,-0.00196866122
4.163152e-07,-0.00197088068
4.164152e-07,-0.00197310014
4.165152e-07,-0.00197605942
4.166152e-07,-0.00197938861
4.167152e-07,-0.0019827178
4.168152e-07,-0.00198567708
4.169152e-07,-0.001990116
4.170152e-07,-0.00199862393
4.171152e-07,-0.00201231061
4.172152e-07,-0.00203080611
4.173152e-07,-0.00205078125
4.174152e-07,-0.0020674272
4.175152e-07,-0.00207741477
4.176152e-07,-0.00208000414
4.177152e-07,-0.0020785245
4.178152e-07,-0.00207778468
4.179152e-07,-0.00208333333
4.180152e-07,-0.00209628018
4.181152e-07,-0.0021151456
4.182152e-07,-0.00213401101
4.183152e-07,-0.0021484375
4.184152e-07,-0.00215546579
4.185152e-07,-0.0021558357
4.186152e-07,-0.00215398615
4.187152e-07,-0.00215435606
4.188152e-07,-0.00215879498
4.189152e-07,-0.00216656309
4.190152e-07,-0.00217396129
4.191152e-07,-0.0021780303
4.192152e-07,-0.00217692057
4.193152e-07,-0.00217285156
4.194152e-07,-0.00216989228
4.195152e-07,-0.00217211174
4.196152e-07,-0.0021817294
4.197152e-07,-0.0021965258
4.198152e-07,-0.00221243194
4.199152e-07,-0.00222537879
4.200152e-07,-0.00223277699
4.201152e-07,-0.00223573627
4.202152e-07,-0.00223795573
4.203152e-07,-0.00224313447
4.204152e-07,-0.00225312204
4.205152e-07,-0.00226569898
4.206152e-07,-0.0022775361
4.207152e-07,-0.00228456439
4.208152e-07,-0.00228567412
4.209152e-07,-0.00228271484
4.210152e-07,-0.00228086529
4.211152e-07,-0.00228456439
4.212152e-07,-0.00229529179
4.213152e-07,-0.00231119792
4.214152e-07,-0.00232747396
4.215152e-07,-0.00233783144
4.216152e-07,-0.00233968099
4.217152e-07,-0.00233302261
4.218152e-07,-0.00232303504
4.219152e-07,-0.0023141572
4.220152e-07,-0.00231082801
4.221152e-07,-0.00231304747
4.222152e-07,-0.00231933594
4.223152e-07,-0.00232599432
4.224152e-07,-0.00233043324
4.225152e-07,-0.00233228279
4.226152e-07,-0.00233413234
4.227152e-07,-0.00233783144
4.228152e-07,-0.00234448982
4.229152e-07,-0.00235225793
4.230152e-07,-0.00235743667
4.231152e-07,-0.00235558712
4.232152e-07,-0.00234522964
4.233152e-07,-0.00232784387
4.234152e-07,-0.00230786873
4.235152e-07,-0.00229048295
4.236152e-07,-0.00227938565
4.237152e-07,-0.00227531664
4.238152e-07,-0.00227642637
4.239152e-07,-0.00227864583
4.240152e-07,-0.00227938565
4.241152e-07,-0.00227679628
4.242152e-07,-0.00227198745
4.243152e-07,-0.00226680871
4.244152e-07,-0.00226199988
4.245152e-07,-0.00225719105
4.246152e-07,-0.00225127249
4.247152e-07,-0.00224313447
4.248152e-07,-0.0022331469
4.249152e-07,-0.00222315933
4.250152e-07,-0.00221576113
4.251152e-07,-0.00221354167
4.252152e-07,-0.00221613104
4.253152e-07,-0.00222130978
4.254152e-07,-0.00222537879
4.255152e-07,-0.00222537879
4.256152e-07,-0.00222056996
4.257152e-07,-0.00221354167
4.258152e-07,-0.00220799302
4.259152e-07,-0.00220762311
4.260152e-07,-0.00221354167
4.261152e-07,-0.00222426906
4.262152e-07,-0.00223536636
4.263152e-07,-0.00224313447
4.264152e-07,-0.00224572384
4.265152e-07,-0.00224387429
4.266152e-07,-0.00224165483
4.267152e-07,-0.00224313447
4.268152e-07,-0.00225016276
4.269152e-07,-0.00226236979
4.270152e-07,-0.00227679628
4.271152e-07,-0.00229048295
4.272152e-07,-0.00230158026
4.273152e-07,-0.00231193774
4.274152e-07,-0.00232488459
4.275152e-07,-0.00234375
4.276152e-07,-0.00237038352
4.277152e-07,-0.00240330552
4.278152e-07,-0.00243770715
4.279152e-07,-0.00246803977
4.280152e-07,-0.00249060429
4.281152e-07,-0.00250466087
4.282152e-07,-0.0025131688
4.283152e-07,-0.00252130682
4.284152e-07,-0.00253314394
4.285152e-07,-0.00255163944
4.286152e-07,-0.0025760535
4.287152e-07,-0.00260416667
4.288152e-07,-0.00263264974
4.289152e-07,-0.00265965317
4.290152e-07,-0.00268332741
4.291152e-07,-0.0027047822
4.292152e-07,-0.00272364761
4.293152e-07,-0.00273918383
4.294152e-07,-0.00275102095
4.295152e-07,-0.00275804924
4.296152e-07,-0.00276063861
4.297152e-07,-0.00275989879
4.298152e-07,-0.00275841915
4.299152e-07,-0.00275804924
4.300152e-07,-0.00275952888
4.301152e-07,-0.00276248816
4.302152e-07,-0.00276470762
4.303152e-07,-0.0027639678
4.304152e-07,-0.00275989879
4.305152e-07,-0.00275324041
4.306152e-07,-0.00274621212
4.307152e-07,-0.00274029356
4.308152e-07,-0.00273659446
4.309152e-07,-0.00273363518
4.310152e-07,-0.00272993608
4.311152e-07,-0.00272253788
4.312152e-07,-0.00271107067
4.313152e-07,-0.00269701409
4.314152e-07,-0.00268221768
4.315152e-07,-0.00266927083
4.316152e-07,-0.00265965317
4.317152e-07,-0.00265262488
4.318152e-07,-0.00264670632
4.319152e-07,-0.00263967803
4.320152e-07,-0.00263154001
4.321152e-07,-0.00262340199
4.322152e-07,-0.00261748343
4.323152e-07,-0.00261600379
4.324152e-07,-0.00261933298
4.325152e-07,-0.00262562145
4.326152e-07,-0.00263154001
4.327152e-07,-0.00263375947
4.328152e-07,-0.00263043028
4.329152e-07,-0.00262155244
4.330152e-07,-0.00260971532
4.331152e-07,-0.00259824811
4.332152e-07,-0.00259011009
4.333152e-07,-0.00258678089
4.334152e-07,-0.00258752071
4.335152e-07,-0.00259232955
4.336152e-07,-0.00259935784
4.337152e-07,-0.00260786577
4.338152e-07,-0.00261785334
4.339152e-07,-0.00262784091
4.340152e-07,-0.00263708866
4.341152e-07,-0.00264374704
4.342152e-07,-0.00264633641
4.343152e-07,-0.00264559659
4.344152e-07,-0.00264263731
4.345152e-07,-0.00264041785
4.346152e-07,-0.00264078776
4.347152e-07,-0.00264559659
4.348152e-07,-0.0026533647
4.349152e-07,-0.00266150272
4.350152e-07,-0.00266705137
4.351152e-07,-0.00266927083
4.352152e-07,-0.00266890092
4.353152e-07,-0.00266890092
4.354152e-07,-0.00267260002
4.355152e-07,-0.00268110795
4.356152e-07,-0.0026936849
4.357152e-07,-0.00270700166
4.358152e-07,-0.00271735914
4.359152e-07,-0.00272253788
4.360152e-07,-0.00272290779
4.361152e-07,-0.00272216797
4.362152e-07,-0.0027232777
4.363152e-07,-0.00272845644
4.364152e-07,-0.00273659446
4.365152e-07,-0.00274362275
4.366152e-07,-0.0027454723
4.367152e-07,-0.00274029356
4.368152e-07,-0.00272993608
4.369152e-07,-0.0027195786
4.370152e-07,-0.00271550959
4.371152e-07,-0.00272253788
4.372152e-07,-0.00273955374
4.373152e-07,-0.00276100852
4.374152e-07,-0.00277950402
4.375152e-07,-0.00278764205
4.376152e-07,-0.00278357304
4.377152e-07,-0.00276988636
4.378152e-07,-0.00275324041
4.379152e-07,-0.00274029356
4.380152e-07,-0.00273511482
4.381152e-07,-0.00273733428
4.382152e-07,-0.00274288293
4.383152e-07,-0.00274621212
4.384152e-07,-0.00274510239
4.385152e-07,-0.00273992365
4.386152e-07,-0.00273511482
4.387152e-07,-0.002734375
4.388152e-07,-0.00274029356
4.389152e-07,-0.00275102095
4.390152e-07,-0.00276248816
4.391152e-07,-0.00276988636
4.392152e-07,-0.00277025627
4.393152e-07,-0.00276470762
4.394152e-07,-0.00275693951
4.395152e-07,-0.00275213068
4.396152e-07,-0.00275324041
4.397152e-07,-0.00276100852
4.398152e-07,-0.002771366
4.399152e-07,-0.00278172348
4.400152e-07,-0.00278875178
4.401152e-07,-0.00279245088
4.402152e-07,-0.00279541016
4.403152e-07,-0.00279947917
4.404152e-07,-0.00280613755
4.405152e-07,-0.00281427557
4.406152e-07,-0.00282093395
4.407152e-07,-0.00282315341
4.408152e-07,-0.00282056404
4.409152e-07,-0.00281464548
4.410152e-07,-0.00281057647
4.411152e-07,-0.00281131629
4.412152e-07,-0.0028190844
4.413152e-07,-0.00283203125
4.414152e-07,-0.00284682765
4.415152e-07,-0.00285866477
4.416152e-07,-0.00286606297
4.417152e-07,-0.00286939216
4.418152e-07,-0.00287198153
4.419152e-07,-0.00287642045
4.420152e-07,-0.00288455848
4.421152e-07,-0.00289491596
4.422152e-07,-0.00290527344
4.423152e-07,-0.00291193182
4.424152e-07,-0.00291452119
4.425152e-07,-0.00291452119
4.426152e-07,-0.0029148911
4.427152e-07,-0.00291785038
4.428152e-07,-0.00292376894
4.429152e-07,-0.00293079723
4.430152e-07,-0.00293560606
4.431152e-07,-0.00293560606
4.432152e-07,-0.00293227687
4.433152e-07,-0.00292894768
4.434152e-07,-0.00293079723
4.435152e-07,-0.00294152462
4.436152e-07,-0.00296075994
4.437152e-07,-0.00298406428
4.438152e-07,-0.00300514915
4.439152e-07,-0.00301846591
4.440152e-07,-0.00302216501
4.441152e-07,-0.00301846591
4.442152e-07,-0.00301365708
4.443152e-07,-0.00301254735
4.444152e-07,-0.00301846591
4.445152e-07,-0.00303030303
4.446152e-07,-0.00304361979
4.447152e-07,-0.00305397727
4.448152e-07,-0.00305952592
4.449152e-07,-0.00306100556
4.450152e-07,-0.00306174538
4.451152e-07,-0.00306581439
4.452152e-07,-0.00307395241
4.453152e-07,-0.00308504972
4.454152e-07,-0.00309503729
4.455152e-07,-0.00310132576
4.456152e-07,-0.0031028054
4.457152e-07,-0.00310206558
4.458152e-07,-0.0031028054
4.459152e-07,-0.00310724432
4.460152e-07,-0.00311575225
4.461152e-07,-0.00312536991
4.462152e-07,-0.00313165838
4.463152e-07,-0.00313091856
4.464152e-07,-0.00312389027
4.465152e-07,-0.00311427261
4.466152e-07,-0.00310724432
4.467152e-07,-0.00310724432
4.468152e-07,-0.00311353279
4.469152e-07,-0.00312278054
4.470152e-07,-0.00312795928
4.471152e-07,-0.003125
4.472152e-07,-0.0031139027
4.473152e-07,-0.00309873639
4.474152e-07,-0.00308652936
4.475152e-07,-0.00308357008
4.476152e-07,-0.00309059837
4.477152e-07,-0.00310317531
4.478152e-07,-0.00311501243
4.479152e-07,-0.00311908144
4.480152e-07,-0.0031139027
4.481152e-07,-0.00310354522
4.482152e-07,-0.00309503729
4.483152e-07,-0.0030954072
4.484152e-07,-0.00310761423
4.485152e-07,-0.0031286991
4.486152e-07,-0.0031508937
4.487152e-07,-0.00316642992
4.488152e-07,-0.00317123875
4.489152e-07,-0.00316642992
4.490152e-07,-0.0031582919
4.491152e-07,-0.0031545928
4.492152e-07,-0.00315940163
4.493152e-07,-0.00317271839
4.494152e-07,-0.00318899444
4.495152e-07,-0.00320194129
4.496152e-07,-0.00320748994
4.497152e-07,-0.00320675012
4.498152e-07,-0.00320453066
4.499152e-07,-0.00320785985
4.500152e-07,-0.00322154652
4.501152e-07,-0.00324485085
4.502152e-07,-0.0032722242
4.503152e-07,-0.00329663826
4.504152e-07,-0.00331143466
4.505152e-07,-0.00331476385
4.506152e-07,-0.00330958511
4.507152e-07,-0.00330255682
4.508152e-07,-0.00329959754
4.509152e-07,-0.00330440637
4.510152e-07,-0.00331624349
4.511152e-07,-0.00333214962
4.512152e-07,-0.00334731593
4.513152e-07,-0.00335952296
4.514152e-07,-0.00336803089
4.515152e-07,-0.00337357955
4.516152e-07,-0.00337838838
4.517152e-07,-0.00338319721
4.518152e-07,-0.00338763613
4.519152e-07,-0.00339133523
4.520152e-07,-0.0033939246
4.521152e-07,-0.00339614406
4.522152e-07,-0.00339910334
4.523152e-07,-0.00340317235
4.524152e-07,-0.00340798118
4.525152e-07,-0.00341168028
4.526152e-07,-0.0034124201
4.527152e-07,-0.00340909091
4.528152e-07,-0.00340428208
4.529152e-07,-0.00340206262
4.530152e-07,-0.00340687145
4.531152e-07,-0.00342092803
4.532152e-07,-0.00344312263
4.533152e-07,-0.00346790661
4.534152e-07,-0.00348788175
4.535152e-07,-0.00349786932
4.536152e-07,-0.00349564986
4.537152e-07,-0.00348455256
4.538152e-07,-0.0034712358
4.539152e-07,-0.00346235795
4.540152e-07,-0.00346161813
4.541152e-07,-0.00346901634
4.542152e-07,-0.00348085346
4.543152e-07,-0.00349195076
4.544152e-07,-0.00349934896
4.545152e-07,-0.00350267815
4.546152e-07,-0.00350526752
4.547152e-07,-0.00350970644
4.548152e-07,-0.00351821437
4.549152e-07,-0.00352931167
4.550152e-07,-0.00353966915
4.551152e-07,-0.0035452178
4.552152e-07,-0.00354410807
4.553152e-07,-0.00353707978
4.554152e-07,-0.00352820194
4.555152e-07,-0.00352154356
4.556152e-07,-0.00352006392
4.557152e-07,-0.00352339311
4.558152e-07,-0.00352894176
4.559152e-07,-0.00353338068
4.560152e-07,-0.00353449041
4.561152e-07,-0.00353264086
4.562152e-07,-0.00353153113
4.563152e-07,-0.00353338068
4.564152e-07,-0.00354003906
4.565152e-07,-0.00354965672
4.566152e-07,-0.00355890447
4.567152e-07,-0.00356297348
4.568152e-07,-0.00356038411
4.569152e-07,-0.00355150627
4.570152e-07,-0.00354114879
4.571152e-07,-0.00353338068
4.572152e-07,-0.00353153113
4.573152e-07,-0.00353486032
4.574152e-07,-0.00354114879
4.575152e-07,-0.0035452178
4.576152e-07,-0.00354447798
4.577152e-07,-0.00353892933
4.578152e-07,-0.00353190104
4.579152e-07,-0.00352746212
4.580152e-07,-0.00352968158
4.581152e-07,-0.00353855942
4.582152e-07,-0.00355150627
4.583152e-07,-0.00356297348
4.584152e-07,-0.00356778232
4.585152e-07,-0.0035637133
4.586152e-07,-0.00355076645
4.587152e-07,-0.00353338068
4.588152e-07,-0.00351636482
4.589152e-07,-0.00350378788
4.590152e-07,-0.00349786932
4.591152e-07,-0.00349786932
4.592152e-07,-0.00350193833
4.593152e-07,-0.00350711707
4.594152e-07,-0.0035119259
4.595152e-07,-0.003515625
4.596152e-07,-0.00351784446
4.597152e-07,-0.00351895419
4.598152e-07,-0.00351858428
4.599152e-07,-0.003515625
4.600152e-07,-0.00350970644
4.601152e-07,-0.00350008878
4.602152e-07,-0.00348788175
4.603152e-07,-0.00347419508
4.604152e-07,-0.00346013849
4.605152e-07,-0.00344793146
4.606152e-07,-0.0034383138
4.607152e-07,-0.00343276515
4.608152e-07,-0.00343165542
4.609152e-07,-0.00343498461
4.610152e-07,-0.00344164299
4.611152e-07,-0.00345052083
4.612152e-07,-0.00345828894
4.613152e-07,-0.00346309777
4.614152e-07,-0.00346235795
4.615152e-07,-0.00345643939
4.616152e-07,-0.00344719164
4.617152e-07,-0.0034383138
4.618152e-07,-0.00343239524
4.619152e-07,-0.00343276515
4.620152e-07,-0.00343868371
4.621152e-07,-0.00344756155
4.622152e-07,-0.0034568093
4.623152e-07,-0.00346235795
4.624152e-07,-0.00346346768
4.625152e-07,-0.00346087831
4.626152e-07,-0.00345754912
4.627152e-07,-0.00345643939
4.628152e-07,-0.00345939867
4.629152e-07,-0.00346642696
4.630152e-07,-0.00347604463
