LECROYHDO6104B,11090,Waveform
Segments,1,SegmentSize,5002
Segment,TrigTime,TimeSinceSegment1
#1,04-May-2026 18:34:25,0                 
Time,Ampl
-3.709269e-08,-0.00644827178
-3.699269e-08,-0.00643939394
-3.689269e-08,-0.00643162583
-3.679269e-08,-0.00642718691
-3.669269e-08,-0.00642792673
-3.659269e-08,-0.00643347538
-3.649269e-08,-0.0064416134
-3.639269e-08,-0.00644864169
-3.629269e-08,-0.00645049124
-3.619269e-08,-0.0064453125
-3.609269e-08,-0.0064342152
-3.599269e-08,-0.00642089844
-3.589269e-08,-0.00640980114
-3.579269e-08,-0.00640388258
-3.569269e-08,-0.00640425249
-3.559269e-08,-0.00640795159
-3.549269e-08,-0.00641091087
-3.539269e-08,-0.00640980114
-3.529269e-08,-0.00640240294
-3.519269e-08,-0.00639056581
-3.509269e-08,-0.00637798887
-3.499269e-08,-0.00636837121
-3.489269e-08,-0.00636467211
-3.479269e-08,-0.00636726148
-3.469269e-08,-0.00637354995
-3.459269e-08,-0.00638020833
-3.449269e-08,-0.00638464725
-3.439269e-08,-0.00638575698
-3.429269e-08,-0.00638390743
-3.419269e-08,-0.00638020833
-3.409269e-08,-0.0063753995
-3.399269e-08,-0.00636948094
-3.389269e-08,-0.00636319247
-3.379269e-08,-0.00635653409
-3.369269e-08,-0.00635098544
-3.359269e-08,-0.00634839607
-3.349269e-08,-0.00635024562
-3.339269e-08,-0.00635653409
-3.329269e-08,-0.00636541193
-3.319269e-08,-0.00637244022
-3.309269e-08,-0.00637428977
-3.299269e-08,-0.00636837121
-3.289269e-08,-0.00635653409
-3.279269e-08,-0.0063421076
-3.269269e-08,-0.0063310103
-3.259269e-08,-0.00632694129
-3.249269e-08,-0.00633027048
-3.239269e-08,-0.00633766868
-3.229269e-08,-0.00634395715
-3.219269e-08,-0.00634469697
-3.209269e-08,-0.00633766868
-3.199269e-08,-0.00632509174
-3.189269e-08,-0.00631177498
-3.179269e-08,-0.00630326705
-3.169269e-08,-0.00630289714
-3.159269e-08,-0.00631066525
-3.149269e-08,-0.00632250237
-3.139269e-08,-0.00633285985
-3.129269e-08,-0.00633766868
-3.119269e-08,-0.00633544922
-3.109269e-08,-0.00632694129
-3.099269e-08,-0.00631510417
-3.089269e-08,-0.00630326705
-3.079269e-08,-0.00629253965
-3.069269e-08,-0.0062832919
-3.059269e-08,-0.00627367424
-3.049269e-08,-0.00626331676
-3.039269e-08,-0.00625295928
-3.029269e-08,-0.00624408144
-3.019269e-08,-0.00623816288
-3.009269e-08,-0.00623594342
-2.999269e-08,-0.00623705315
-2.989269e-08,-0.00623853279
-2.979269e-08,-0.00623816288
-2.969269e-08,-0.0062352036
-2.959269e-08,-0.00622965495
-2.949269e-08,-0.0062241063
-2.939269e-08,-0.0062204072
-2.929269e-08,-0.00621966738
-2.919269e-08,-0.00622151693
-2.909269e-08,-0.00622447621
-2.899269e-08,-0.00622632576
-2.889269e-08,-0.00622669567
-2.879269e-08,-0.00622669567
-2.869269e-08,-0.0062278054
-2.859269e-08,-0.00623224432
-2.849269e-08,-0.00624038234
-2.839269e-08,-0.00625073982
-2.829269e-08,-0.00626035748
-2.819269e-08,-0.00626775568
-2.809269e-08,-0.00627145478
-2.799269e-08,-0.0062721946
-2.789269e-08,-0.0062721946
-2.779269e-08,-0.00627367424
-2.769269e-08,-0.00627737334
-2.759269e-08,-0.00628181226
-2.749269e-08,-0.00628514145
-2.739269e-08,-0.00628551136
-2.729269e-08,-0.00628292199
-2.719269e-08,-0.0062795928
-2.709269e-08,-0.00627737334
-2.699269e-08,-0.0062795928
-2.689269e-08,-0.00628625118
-2.679269e-08,-0.00629549893
-2.669269e-08,-0.00630400687
-2.659269e-08,-0.00630918561
-2.649269e-08,-0.00630992543
-2.639269e-08,-0.00630696615
-2.629269e-08,-0.00630400687
-2.619269e-08,-0.00630326705
-2.609269e-08,-0.00630659624
-2.599269e-08,-0.00631325462
-2.589269e-08,-0.00632065282
-2.579269e-08,-0.00632694129
-2.569269e-08,-0.00633064039
-2.559269e-08,-0.00633248994
-2.549269e-08,-0.0063347094
-2.539269e-08,-0.00633877841
-2.529269e-08,-0.00634506688
-2.519269e-08,-0.00635283499
-2.509269e-08,-0.00635912346
-2.499269e-08,-0.00636245265
-2.489269e-08,-0.00636282256
-2.479269e-08,-0.00636134292
-2.469269e-08,-0.00636097301
-2.459269e-08,-0.00636245265
-2.449269e-08,-0.00636615175
-2.439269e-08,-0.00636985085
-2.429269e-08,-0.00637096058
-2.419269e-08,-0.00636837121
-2.409269e-08,-0.00636282256
-2.399269e-08,-0.00635801373
-2.389269e-08,-0.006356904
-2.379269e-08,-0.00636245265
-2.369269e-08,-0.00637318004
-2.359269e-08,-0.00638612689
-2.349269e-08,-0.00639537464
-2.339269e-08,-0.00639796402
-2.329269e-08,-0.00639278527
-2.319269e-08,-0.00638205788
-2.309269e-08,-0.00637096058
-2.299269e-08,-0.00636245265
-2.289269e-08,-0.00635801373
-2.279269e-08,-0.00635579427
-2.269269e-08,-0.00635246508
-2.259269e-08,-0.00634469697
-2.249269e-08,-0.00633285985
-2.239269e-08,-0.00631917318
-2.229269e-08,-0.00630844579
-2.219269e-08,-0.00630326705
-2.209269e-08,-0.00630363696
-2.199269e-08,-0.00630622633
-2.189269e-08,-0.00630548651
-2.179269e-08,-0.00629734848
-2.169269e-08,-0.00628070253
-2.159269e-08,-0.00625998757
-2.149269e-08,-0.00624186198
-2.139269e-08,-0.00623224432
-2.129269e-08,-0.00623446378
-2.119269e-08,-0.00624593099
-2.109269e-08,-0.00626146721
-2.099269e-08,-0.00627367424
-2.089269e-08,-0.00627774325
-2.079269e-08,-0.00627256451
-2.069269e-08,-0.00626146721
-2.059269e-08,-0.00625
-2.049269e-08,-0.00624223189
-2.039269e-08,-0.00623964252
-2.029269e-08,-0.00624112216
-2.019269e-08,-0.00624408144
-2.009269e-08,-0.00624556108
-1.999269e-08,-0.00624408144
-1.989269e-08,-0.00624112216
-1.979269e-08,-0.00623816288
-1.969269e-08,-0.00623557351
-1.959269e-08,-0.00623335405
-1.949269e-08,-0.00623076468
-1.939269e-08,-0.00622632576
-1.929269e-08,-0.00622151693
-1.919269e-08,-0.00621855765
-1.909269e-08,-0.00621966738
-1.899269e-08,-0.00622632576
-1.889269e-08,-0.00623668324
-1.879269e-08,-0.0062463009
-1.869269e-08,-0.00624963009
-1.859269e-08,-0.00624408144
-1.849269e-08,-0.00622928504
-1.839269e-08,-0.0062093099
-1.829269e-08,-0.00619081439
-1.819269e-08,-0.00617897727
-1.809269e-08,-0.00617564808
-1.799269e-08,-0.00617897727
-1.789269e-08,-0.0061837861
-1.779269e-08,-0.00618489583
-1.769269e-08,-0.006180087
-1.759269e-08,-0.00617083925
-1.749269e-08,-0.00616085168
-1.739269e-08,-0.00615530303
-1.729269e-08,-0.00615604285
-1.719269e-08,-0.00616196141
-1.709269e-08,-0.0061689897
-1.699269e-08,-0.00617305871
-1.689269e-08,-0.00617157907
-1.679269e-08,-0.00616566051
-1.669269e-08,-0.00615900213
-1.659269e-08,-0.00615530303
-1.649269e-08,-0.00615641276
-1.639269e-08,-0.0061615915
-1.629269e-08,-0.00616640033
-1.619269e-08,-0.00616714015
-1.609269e-08,-0.0061615915
-1.599269e-08,-0.00615012429
-1.589269e-08,-0.00613680753
-1.579269e-08,-0.00612571023
-1.569269e-08,-0.00611942176
-1.559269e-08,-0.00611757221
-1.549269e-08,-0.00611868194
-1.539269e-08,-0.00611979167
-1.529269e-08,-0.00611942176
-1.519269e-08,-0.00611794212
-1.509269e-08,-0.00611757221
-1.499269e-08,-0.00611979167
-1.489269e-08,-0.00612423059
-1.479269e-08,-0.00612903942
-1.469269e-08,-0.00613014915
-1.459269e-08,-0.00612571023
-1.449269e-08,-0.00611609257
-1.439269e-08,-0.00610536518
-1.429269e-08,-0.00609722715
-1.419269e-08,-0.00609611742
-1.409269e-08,-0.00610203598
-1.399269e-08,-0.00611128374
-1.389269e-08,-0.00611868194
-1.379269e-08,-0.00611979167
-1.369269e-08,-0.00611313329
-1.359269e-08,-0.00610203598
-1.349269e-08,-0.00609241832
-1.339269e-08,-0.00609019886
-1.329269e-08,-0.00609759706
-1.319269e-08,-0.00611276338
-1.309269e-08,-0.00613014915
-1.299269e-08,-0.00614346591
-1.289269e-08,-0.00614864465
-1.279269e-08,-0.00614642519
-1.269269e-08,-0.00614087654
-1.259269e-08,-0.00613754735
-1.249269e-08,-0.00614087654
-1.239269e-08,-0.00615086411
-1.229269e-08,-0.0061652906
-1.219269e-08,-0.00617897727
-1.209269e-08,-0.00618859493
-1.199269e-08,-0.00619340376
-1.189269e-08,-0.0061948834
-1.179269e-08,-0.00619673295
-1.169269e-08,-0.00620154179
-1.159269e-08,-0.00621041963
-1.149269e-08,-0.00622114702
-1.139269e-08,-0.00623224432
-1.129269e-08,-0.00624186198
-1.119269e-08,-0.00625036991
-1.109269e-08,-0.00625998757
-1.099269e-08,-0.00627367424
-1.089269e-08,-0.00629179983
-1.079269e-08,-0.00631325462
-1.069269e-08,-0.00633396958
-1.059269e-08,-0.00635061553
-1.049269e-08,-0.00636097301
-1.039269e-08,-0.00636504202
-1.029269e-08,-0.00636652166
-1.019269e-08,-0.00636837121
-1.009269e-08,-0.00637354995
-9.992692e-09,-0.00638242779
-9.892692e-09,-0.00639315518
-9.792692e-09,-0.00640388258
-9.692692e-09,-0.00641239051
-9.592692e-09,-0.0064194188
-9.492692e-09,-0.00642570727
-9.392692e-09,-0.00643347538
-9.292692e-09,-0.00644309304
-9.192692e-09,-0.00645382043
-9.092692e-09,-0.00646306818
-8.992692e-09,-0.00646898674
-8.892692e-09,-0.00647046638
-8.792692e-09,-0.00646935665
-8.692692e-09,-0.00646824692
-8.592692e-09,-0.00646898674
-8.492692e-09,-0.00647268584
-8.392692e-09,-0.00647749467
-8.292692e-09,-0.00648119377
-8.192692e-09,-0.00648082386
-8.092692e-09,-0.00647638494
-7.992692e-09,-0.00647009647
-7.892692e-09,-0.00646454782
-7.792692e-09,-0.00646306818
-7.692692e-09,-0.00646565755
-7.592692e-09,-0.00647009647
-7.492692e-09,-0.00647231593
-7.392692e-09,-0.00646898674
-7.292692e-09,-0.00645899917
-7.192692e-09,-0.00644494259
-7.092692e-09,-0.00643088601
-6.992692e-09,-0.00642163826
-6.892692e-09,-0.0064194188
-6.792692e-09,-0.0064231179
-6.692692e-09,-0.00642940637
-6.592692e-09,-0.00643347538
-6.492692e-09,-0.00643236565
-6.392692e-09,-0.00642607718
-6.292692e-09,-0.00641719934
-6.192692e-09,-0.00640980114
-6.092692e-09,-0.00640647195
-5.992692e-09,-0.00640758168
-5.892692e-09,-0.00641165069
-5.792692e-09,-0.0064157197
-5.692692e-09,-0.00641719934
-5.592692e-09,-0.00641534979
-5.492692e-09,-0.00641017105
-5.392692e-09,-0.00640388258
-5.292692e-09,-0.00639685429
-5.192692e-09,-0.00638908617
-5.092692e-09,-0.00637946851
-4.992692e-09,-0.00636837121
-4.892692e-09,-0.00635542436
-4.792692e-09,-0.00634321733
-4.692692e-09,-0.00633322976
-4.592692e-09,-0.00632694129
-4.492692e-09,-0.00632398201
-4.392692e-09,-0.00632213246
-4.292692e-09,-0.00631806345
-4.192692e-09,-0.00630918561
-4.092692e-09,-0.00629549893
-3.992692e-09,-0.00627922289
-3.892692e-09,-0.00626331676
-3.792692e-09,-0.00625
-3.692692e-09,-0.00623964252
-3.592692e-09,-0.00622965495
-3.492692e-09,-0.00621633819
-3.392692e-09,-0.00619673295
-3.292692e-09,-0.00616935961
-3.192692e-09,-0.00613643762
-3.092692e-09,-0.00610129616
-2.992692e-09,-0.00606652462
-2.892692e-09,-0.00603397254
-2.792692e-09,-0.00600216027
-2.692692e-09,-0.00596849846
-2.592692e-09,-0.00593039773
-2.492692e-09,-0.00588637843
-2.392692e-09,-0.00583681049
-2.292692e-09,-0.00578243371
-2.192692e-09,-0.00572324811
-2.092692e-09,-0.00565777403
-1.992692e-09,-0.00558194247
-1.892692e-09,-0.00549205433
-1.792692e-09,-0.00538589015
-1.692692e-09,-0.00526381984
-1.592692e-09,-0.00512880268
-1.492692e-09,-0.00498342803
-1.392692e-09,-0.00482954545
-1.292692e-09,-0.00466456558
-1.192692e-09,-0.00448404948
-1.092692e-09,-0.00428170869
-9.926921e-10,-0.00405421402
-8.926921e-10,-0.00380156546
-7.926921e-10,-0.00352746212
-6.926921e-10,-0.00323745265
-5.926921e-10,-0.00293560606
-4.926921e-10,-0.00262229226
-3.926921e-10,-0.00229492188
-2.926921e-10,-0.00195016572
-1.926921e-10,-0.00158617424
-9.269207e-11,-0.00120553681
7.307935e-12,-0.000814911813
1.073079e-10,-0.000422807173
2.073079e-10,-3.55113636e-05
3.073079e-10,0.000345495975
4.073079e-10,0.000723913944
5.073079e-10,0.00110640092
6.073079e-10,0.00149739583
7.073079e-10,0.00189763849
8.073079e-10,0.00230195017
9.073079e-10,0.00270182292
1.007308e-09,0.00308948864
1.107308e-09,0.00346124822
1.207308e-09,0.00382006096
1.307308e-09,0.00417295514
1.407308e-09,0.00452769886
1.507308e-09,0.00488910097
1.607308e-09,0.00525642164
1.707308e-09,0.00562374231
1.807308e-09,0.00598366477
1.907308e-09,0.00633138021
2.007308e-09,0.00666577888
2.107308e-09,0.00699018999
2.207308e-09,0.00730942235
2.307308e-09,0.00762606534
2.407308e-09,0.00794011896
2.507308e-09,0.00824640447
2.607308e-09,0.00854048295
2.707308e-09,0.00881902521
2.807308e-09,0.00908240116
2.907308e-09,0.00933504972
3.007308e-09,0.00958214962
3.107308e-09,0.00982592034
3.207308e-09,0.0100648822
3.307308e-09,0.0102938565
3.407308e-09,0.0105054451
3.507308e-09,0.0106952089
3.607308e-09,0.0108627782
3.707308e-09,0.0110122218
3.807308e-09,0.0111505682
3.907308e-09,0.011282996
4.007308e-09,0.0114106149
4.107308e-09,0.0115300959
4.207308e-09,0.0116358902
4.307308e-09,0.0117224491
4.407308e-09,0.0117875533
4.507308e-09,0.0118356416
4.607308e-09,0.0118726326
4.707308e-09,0.0119070342
4.807308e-09,0.0119440252
4.907308e-09,0.0119850852
5.007308e-09,0.0120265152
5.107308e-09,0.0120265152
5.207308e-09,0.0120265152
5.307308e-09,0.0120265152
5.407308e-09,0.0120265152
5.507308e-09,0.0120265152
5.607308e-09,0.0120265152
5.707308e-09,0.0120265152
5.807308e-09,0.0120265152
5.907308e-09,0.0120265152
6.007308e-09,0.0120265152
6.107308e-09,0.0120265152
6.207308e-09,0.0120265152
6.307308e-09,0.0120265152
6.407308e-09,0.0120265152
6.507308e-09,0.0120265152
6.607308e-09,0.0120265152
6.707308e-09,0.0120265152
6.807308e-09,0.0120265152
6.907308e-09,0.0120265152
7.007308e-09,0.0120265152
7.107308e-09,0.0120265152
7.207308e-09,0.0120265152
7.307308e-09,0.0120265152
7.407308e-09,0.0120265152
7.507308e-09,0.0120265152
7.607308e-09,0.0120265152
7.707308e-09,0.0120265152
7.807308e-09,0.0120265152
7.907308e-09,0.0120265152
8.007308e-09,0.0120265152
8.107308e-09,0.0120265152
8.207308e-09,0.0120265152
8.307308e-09,0.0120265152
8.407308e-09,0.0120265152
8.507308e-09,0.0120265152
8.607308e-09,0.0120265152
8.707308e-09,0.0120265152
8.807308e-09,0.0120265152
8.907308e-09,0.0120265152
9.007308e-09,0.0120265152
9.107308e-09,0.0120265152
9.207308e-09,0.0120265152
9.307308e-09,0.0120265152
9.407308e-09,0.0120265152
9.507308e-09,0.0120265152
9.607308e-09,0.0120265152
9.707308e-09,0.0120265152
9.807308e-09,0.0120265152
9.907308e-09,0.0120265152
1.000731e-08,0.0120265152
1.010731e-08,0.0120265152
1.020731e-08,0.0120265152
1.030731e-08,0.0120265152
1.040731e-08,0.0120265152
1.050731e-08,0.0120265152
1.060731e-08,0.0120265152
1.070731e-08,0.0120265152
1.080731e-08,0.0120265152
1.090731e-08,0.0120265152
1.100731e-08,0.0120265152
1.110731e-08,0.0120265152
1.120731e-08,0.0120265152
1.130731e-08,0.0120265152
1.140731e-08,0.0120265152
1.150731e-08,0.0120265152
1.160731e-08,0.0120265152
1.170731e-08,0.0120265152
1.180731e-08,0.0120265152
1.190731e-08,0.0120265152
1.200731e-08,0.0120265152
1.210731e-08,0.0120265152
1.220731e-08,0.0120265152
1.230731e-08,0.0120265152
1.240731e-08,0.0120265152
1.250731e-08,0.0120265152
1.260731e-08,0.0120265152
1.270731e-08,0.0120265152
1.280731e-08,0.0120265152
1.290731e-08,0.0120265152
1.300731e-08,0.0120265152
1.310731e-08,0.0120265152
1.320731e-08,0.0120265152
1.330731e-08,0.0120265152
1.340731e-08,0.0120265152
1.350731e-08,0.0120265152
1.360731e-08,0.0120265152
1.370731e-08,0.0120265152
1.380731e-08,0.0120265152
1.390731e-08,0.0120265152
1.400731e-08,0.0120265152
1.410731e-08,0.0120265152
1.420731e-08,0.0120265152
1.430731e-08,0.0120265152
1.440731e-08,0.0120265152
1.450731e-08,0.0120265152
1.460731e-08,0.0120265152
1.470731e-08,0.0120265152
1.480731e-08,0.0120265152
1.490731e-08,0.0120265152
1.500731e-08,0.0120265152
1.510731e-08,0.0120265152
1.520731e-08,0.0120265152
1.530731e-08,0.0120265152
1.540731e-08,0.0120265152
1.550731e-08,0.0120265152
1.560731e-08,0.0120265152
1.570731e-08,0.0120265152
1.580731e-08,0.0120265152
1.590731e-08,0.0120265152
1.600731e-08,0.0120265152
1.610731e-08,0.0120265152
1.620731e-08,0.0120265152
1.630731e-08,0.0120265152
1.640731e-08,0.0120265152
1.650731e-08,0.0120265152
1.660731e-08,0.0120265152
1.670731e-08,0.0120265152
1.680731e-08,0.0120265152
1.690731e-08,0.0120265152
1.700731e-08,0.0120265152
1.710731e-08,0.0120265152
1.720731e-08,0.0120265152
1.730731e-08,0.0120265152
1.740731e-08,0.0120265152
1.750731e-08,0.0120265152
1.760731e-08,0.0120265152
1.770731e-08,0.0120265152
1.780731e-08,0.0120265152
1.790731e-08,0.0120265152
1.800731e-08,0.0120265152
1.810731e-08,0.0120265152
1.820731e-08,0.0120265152
1.830731e-08,0.0120265152
1.840731e-08,0.0120265152
1.850731e-08,0.0120265152
1.860731e-08,0.0120265152
1.870731e-08,0.0120265152
1.880731e-08,0.0120265152
1.890731e-08,0.0120265152
1.900731e-08,0.0120265152
1.910731e-08,0.0120265152
1.920731e-08,0.0120265152
1.930731e-08,0.0120265152
1.940731e-08,0.0120265152
1.950731e-08,0.0120265152
1.960731e-08,0.0120265152
1.970731e-08,0.0120265152
1.980731e-08,0.0120265152
1.990731e-08,0.0120265152
2.000731e-08,0.0120265152
2.010731e-08,0.0120265152
2.020731e-08,0.0120265152
2.030731e-08,0.0120265152
2.040731e-08,0.0120265152
2.050731e-08,0.0120265152
2.060731e-08,0.0120265152
2.070731e-08,0.0120265152
2.080731e-08,0.0120265152
2.090731e-08,0.0120265152
2.100731e-08,0.0120265152
2.110731e-08,0.0120265152
2.120731e-08,0.0120265152
2.130731e-08,0.0120265152
2.140731e-08,0.0120265152
2.150731e-08,0.0120265152
2.160731e-08,0.0120265152
2.170731e-08,0.0120265152
2.180731e-08,0.0120265152
2.190731e-08,0.0120265152
2.200731e-08,0.0120265152
2.210731e-08,0.0120265152
2.220731e-08,0.0120265152
2.230731e-08,0.0120265152
2.240731e-08,0.0120265152
2.250731e-08,0.0120265152
2.260731e-08,0.0120265152
2.270731e-08,0.0120265152
2.280731e-08,0.0120265152
2.290731e-08,0.0120265152
2.300731e-08,0.0120265152
2.310731e-08,0.0120265152
2.320731e-08,0.0120265152
2.330731e-08,0.0120265152
2.340731e-08,0.0120265152
2.350731e-08,0.0120265152
2.360731e-08,0.0120265152
2.370731e-08,0.0120265152
2.380731e-08,0.0120265152
2.390731e-08,0.0120265152
2.400731e-08,0.0120265152
2.410731e-08,0.0120265152
2.420731e-08,0.0120265152
2.430731e-08,0.0120265152
2.440731e-08,0.0120265152
2.450731e-08,0.0120265152
2.460731e-08,0.0120265152
2.470731e-08,0.0120265152
2.480731e-08,0.0120265152
2.490731e-08,0.0120265152
2.500731e-08,0.0120265152
2.510731e-08,0.0120265152
2.520731e-08,0.0120265152
2.530731e-08,0.0120265152
2.540731e-08,0.0120265152
2.550731e-08,0.0120265152
2.560731e-08,0.0120265152
2.570731e-08,0.0120265152
2.580731e-08,0.0120265152
2.590731e-08,0.0120265152
2.600731e-08,0.0120265152
2.610731e-08,0.0120265152
2.620731e-08,0.0120265152
2.630731e-08,0.0120265152
2.640731e-08,0.0120265152
2.650731e-08,0.0120265152
2.660731e-08,0.0120265152
2.670731e-08,0.0120265152
2.680731e-08,0.0120265152
2.690731e-08,0.0120265152
2.700731e-08,0.0120265152
2.710731e-08,0.0120265152
2.720731e-08,0.0120265152
2.730731e-08,0.0120265152
2.740731e-08,0.0120265152
2.750731e-08,0.0120265152
2.760731e-08,0.0120265152
2.770731e-08,0.0120265152
2.780731e-08,0.0120265152
2.790731e-08,0.0120265152
2.800731e-08,0.0120265152
2.810731e-08,0.0120265152
2.820731e-08,0.0120265152
2.830731e-08,0.0120265152
2.840731e-08,0.0120265152
2.850731e-08,0.0120265152
2.860731e-08,0.0120265152
2.870731e-08,0.0120265152
2.880731e-08,0.0120265152
2.890731e-08,0.0120265152
2.900731e-08,0.0120265152
2.910731e-08,0.0120265152
2.920731e-08,0.0120265152
2.930731e-08,0.0120265152
2.940731e-08,0.0120265152
2.950731e-08,0.0120265152
2.960731e-08,0.0120265152
2.970731e-08,0.0120265152
2.980731e-08,0.0120265152
2.990731e-08,0.0120265152
3.000731e-08,0.0120265152
3.010731e-08,0.0120265152
3.020731e-08,0.0120265152
3.030731e-08,0.0120265152
3.040731e-08,0.0120265152
3.050731e-08,0.0120265152
3.060731e-08,0.0120265152
3.070731e-08,0.0120265152
3.080731e-08,0.0120265152
3.090731e-08,0.0120265152
3.100731e-08,0.0120265152
3.110731e-08,0.0120265152
3.120731e-08,0.0120265152
3.130731e-08,0.0120265152
3.140731e-08,0.0120265152
3.150731e-08,0.0120265152
3.160731e-08,0.0120265152
3.170731e-08,0.0120265152
3.180731e-08,0.0120265152
3.190731e-08,0.0120265152
3.200731e-08,0.0120265152
3.210731e-08,0.0120265152
3.220731e-08,0.0120265152
3.230731e-08,0.0120265152
3.240731e-08,0.0120265152
3.250731e-08,0.0120265152
3.260731e-08,0.0120265152
3.270731e-08,0.0120265152
3.280731e-08,0.0120265152
3.290731e-08,0.0120265152
3.300731e-08,0.0120265152
3.310731e-08,0.0120265152
3.320731e-08,0.0120265152
3.330731e-08,0.0120265152
3.340731e-08,0.0120265152
3.350731e-08,0.0120254054
3.360731e-08,0.0120180072
3.370731e-08,0.0120039506
3.380731e-08,0.0119791667
3.390731e-08,0.0119462447
3.400731e-08,0.0119122129
3.410731e-08,0.0118855794
3.420731e-08,0.0118726326
3.430731e-08,0.0118726326
3.440731e-08,0.0118785511
3.450731e-08,0.0118815104
3.460731e-08,0.0118726326
3.470731e-08,0.0118500681
3.480731e-08,0.0118178859
3.490731e-08,0.0117849639
3.500731e-08,0.0117601799
3.510731e-08,0.0117472331
3.520731e-08,0.0117439039
3.530731e-08,0.0117431641
3.540731e-08,0.0117365057
3.550731e-08,0.0117198597
3.560731e-08,0.0116943359
3.570731e-08,0.0116658529
3.580731e-08,0.0116418087
3.590731e-08,0.0116270123
3.600731e-08,0.0116214637
3.610731e-08,0.0116207238
3.620731e-08,0.0116181345
3.630731e-08,0.0116096265
3.640731e-08,0.0115944602
3.650731e-08,0.0115759647
3.660731e-08,0.0115589489
3.670731e-08,0.0115467418
3.680731e-08,0.0115397135
3.690731e-08,0.0115352746
3.700731e-08,0.0115293561
3.710731e-08,0.0115201083
3.720731e-08,0.0115082712
3.730731e-08,0.011496804
3.740731e-08,0.0114879261
3.750731e-08,0.0114827474
3.760731e-08,0.0114786784
3.770731e-08,0.0114716501
3.780731e-08,0.0114583333
3.790731e-08,0.0114379883
3.800731e-08,0.0114139441
3.810731e-08,0.0113913796
3.820731e-08,0.0113754735
3.830731e-08,0.0113669656
3.840731e-08,0.0113628965
3.850731e-08,0.0113577178
3.860731e-08,0.0113458807
3.870731e-08,0.0113251657
3.880731e-08,0.0112989021
3.890731e-08,0.0112722686
3.900731e-08,0.0112511837
3.910731e-08,0.0112382369
3.920731e-08,0.0112319484
3.930731e-08,0.0112260298
3.940731e-08,0.0112156723
3.950731e-08,0.0111979167
3.960731e-08,0.0111742424
3.970731e-08,0.0111509381
3.980731e-08,0.0111328125
3.990731e-08,0.0111228249
4.000731e-08,0.011118386
4.010731e-08,0.011114317
4.020731e-08,0.0111032197
4.030731e-08,0.0110821348
4.040731e-08,0.0110521721
4.050731e-08,0.0110192501
4.060731e-08,0.010990767
4.070731e-08,0.0109715317
4.080731e-08,0.0109619141
4.090731e-08,0.0109585849
4.100731e-08,0.0109552557
4.110731e-08,0.0109467478
4.120731e-08,0.0109315814
4.130731e-08,0.0109116063
4.140731e-08,0.0108901515
4.150731e-08,0.0108709162
4.160731e-08,0.0108550101
4.170731e-08,0.0108405836
4.180731e-08,0.0108250473
4.190731e-08,0.0108072917
4.200731e-08,0.0107884263
4.210731e-08,0.0107717803
4.220731e-08,0.0107599432
4.230731e-08,0.0107551344
4.240731e-08,0.0107551344
4.250731e-08,0.010756614
4.260731e-08,0.0107540246
4.270731e-08,0.0107447769
4.280731e-08,0.0107285008
4.290731e-08,0.0107088956
4.300731e-08,0.0106889205
4.310731e-08,0.0106722745
4.320731e-08,0.0106589577
4.330731e-08,0.0106474905
4.340731e-08,0.0106356534
4.350731e-08,0.0106219667
4.360731e-08,0.0106071703
4.370731e-08,0.0105934837
4.380731e-08,0.0105823864
4.390731e-08,0.0105746183
4.400731e-08,0.0105683298
4.410731e-08,0.0105601918
4.420731e-08,0.010546875
4.430731e-08,0.0105276397
4.440731e-08,0.0105039654
4.450731e-08,0.0104795514
4.460731e-08,0.0104580966
4.470731e-08,0.0104410807
4.480731e-08,0.0104273941
4.490731e-08,0.0104140773
4.500731e-08,0.010398911
4.510731e-08,0.0103804155
4.520731e-08,0.0103597005
4.530731e-08,0.0103397254
4.540731e-08,0.0103219697
4.550731e-08,0.0103071733
4.560731e-08,0.0102931167
4.570731e-08,0.0102772106
4.580731e-08,0.0102568655
4.590731e-08,0.0102328214
4.600731e-08,0.0102069277
4.610731e-08,0.0101825136
4.620731e-08,0.0101621686
4.630731e-08,0.0101451527
4.640731e-08,0.0101285067
4.650731e-08,0.0101089015
4.660731e-08,0.0100852273
4.670731e-08,0.0100585938
4.680731e-08,0.01003307
4.690731e-08,0.0100134647
4.700731e-08,0.0100023674
4.710731e-08,0.00999755859
4.720731e-08,0.00999311967
4.730731e-08,0.00998239228
4.740731e-08,0.0099609375
4.750731e-08,0.00992949515
4.760731e-08,0.00989324396
4.770731e-08,0.00986032197
4.780731e-08,0.00983664773
4.790731e-08,0.00982407079
4.800731e-08,0.00981852214
4.810731e-08,0.00981334339
4.820731e-08,0.00980113636
4.830731e-08,0.00978005149
4.840731e-08,0.00975304806
4.850731e-08,0.00972641454
4.860731e-08,0.00970643939
4.870731e-08,0.00969645182
4.880731e-08,0.00969423236
4.890731e-08,0.00969386245
4.900731e-08,0.00968868371
4.910731e-08,0.00967610677
4.920731e-08,0.00965724136
4.930731e-08,0.00963763613
4.940731e-08,0.00962357955
4.950731e-08,0.00961766098
4.960731e-08,0.00961729107
4.970731e-08,0.00961766098
4.980731e-08,0.00961174242
4.990731e-08,0.0095962062
5.000731e-08,0.00957290187
5.010731e-08,0.00954774799
5.020731e-08,0.00952888258
5.030731e-08,0.00952148438
5.040731e-08,0.00952555339
5.050731e-08,0.00953628078
5.060731e-08,0.00954663826
5.070731e-08,0.00954996745
5.080731e-08,0.00954367898
5.090731e-08,0.00952888258
5.100731e-08,0.00951112689
5.110731e-08,0.00949448094
5.120731e-08,0.009481904
5.130731e-08,0.00947228634
5.140731e-08,0.00946377841
5.150731e-08,0.00945379084
5.160731e-08,0.00944158381
5.170731e-08,0.00942826705
5.180731e-08,0.00941642992
5.190731e-08,0.00940718217
5.200731e-08,0.00940052379
5.210731e-08,0.00939460523
5.220731e-08,0.00938683712
5.230731e-08,0.00937610973
5.240731e-08,0.00936316288
5.250731e-08,0.00935021603
5.260731e-08,0.00933948864
5.270731e-08,0.00933209044
5.280731e-08,0.00932580196
5.290731e-08,0.00931766394
5.300731e-08,0.00930397727
5.310731e-08,0.00928437204
5.320731e-08,0.00926106771
5.330731e-08,0.0092385032
5.340731e-08,0.00922111742
5.350731e-08,0.00921186967
5.360731e-08,0.00920891039
5.370731e-08,0.00920780066
5.380731e-08,0.00920336174
5.390731e-08,0.00919152462
5.400731e-08,0.00917154948
5.410731e-08,0.00914676551
5.420731e-08,0.00912050189
5.430731e-08,0.00909719756
5.440731e-08,0.00907759233
5.450731e-08,0.00906094638
5.460731e-08,0.00904356061
5.470731e-08,0.00902358546
5.480731e-08,0.00900028113
5.490731e-08,0.00897623698
5.500731e-08,0.0089547822
5.510731e-08,0.00893813625
5.520731e-08,0.00892629912
5.530731e-08,0.00891742128
5.540731e-08,0.00890743371
5.550731e-08,0.0088922674
5.560731e-08,0.00887081262
5.570731e-08,0.00884306937
5.580731e-08,0.00881273674
5.590731e-08,0.00878314394
5.600731e-08,0.00875688033
5.610731e-08,0.00873542554
5.620731e-08,0.00871803977
5.630731e-08,0.00870250355
5.640731e-08,0.00868659742
5.650731e-08,0.00866847183
5.660731e-08,0.00864701705
5.670731e-08,0.00862223307
5.680731e-08,0.00859522964
5.690731e-08,0.00856711648
5.700731e-08,0.00854048295
5.710731e-08,0.00851717862
5.720731e-08,0.00849905303
5.730731e-08,0.00848573627
5.740731e-08,0.00847537879
5.750731e-08,0.00846428149
5.760731e-08,0.00844837536
5.770731e-08,0.00842618075
5.780731e-08,0.0083984375
5.790731e-08,0.00836810488
5.800731e-08,0.00834036162
5.810731e-08,0.00831853693
5.820731e-08,0.00830374053
5.830731e-08,0.00829375296
5.840731e-08,0.00828450521
5.850731e-08,0.00827266809
5.860731e-08,0.00825639205
5.870731e-08,0.00823826645
5.880731e-08,0.00822236032
5.890731e-08,0.00821274266
5.900731e-08,0.00820904356
5.910731e-08,0.00820830374
5.920731e-08,0.00820423473
5.930731e-08,0.00819128788
5.940731e-08,0.00816761364
5.950731e-08,0.00813617128
5.960731e-08,0.00810509884
5.970731e-08,0.00808216442
5.980731e-08,0.00807291667
5.990731e-08,0.00807624586
6.000731e-08,0.00808549361
6.010731e-08,0.0080925219
6.020731e-08,0.00809067235
6.030731e-08,0.00807809541
6.040731e-08,0.00805849018
6.050731e-08,0.00803925485
6.060731e-08,0.00802556818
6.070731e-08,0.00801964962
6.080731e-08,0.00801743016
6.090731e-08,0.00801336115
6.100731e-08,0.00800189394
6.110731e-08,0.0079819188
6.120731e-08,0.00795787464
6.130731e-08,0.00793678977
6.140731e-08,0.00792495265
6.150731e-08,0.00792458274
6.160731e-08,0.00793198094
6.170731e-08,0.00794048887
6.180731e-08,0.00794270833
6.190731e-08,0.00793568004
6.200731e-08,0.00792088364
6.210731e-08,0.00790386778
6.220731e-08,0.00788944129
6.230731e-08,0.00788056345
6.240731e-08,0.00787464489
6.250731e-08,0.00786724669
6.260731e-08,0.00785392992
6.270731e-08,0.00783358487
6.280731e-08,0.00780991063
6.290731e-08,0.00778919567
6.300731e-08,0.00777698864
6.310731e-08,0.007775509
6.320731e-08,0.00778068774
6.330731e-08,0.00778549657
6.340731e-08,0.0077829072
6.350731e-08,0.00776996035
6.360731e-08,0.00774850556
6.370731e-08,0.00772483132
6.380731e-08,0.00770596591
6.390731e-08,0.00769486861
6.400731e-08,0.00769005978
6.410731e-08,0.00768562086
6.420731e-08,0.00767637311
6.430731e-08,0.00765898733
6.440731e-08,0.00763531309
6.450731e-08,0.00761126894
6.460731e-08,0.00759351326
6.470731e-08,0.00758463542
6.480731e-08,0.00758278587
6.490731e-08,0.00758204605
6.500731e-08,0.00757575758
6.510731e-08,0.00755948153
6.520731e-08,0.00753469756
6.530731e-08,0.00750621449
6.540731e-08,0.00748106061
6.550731e-08,0.00746367483
6.560731e-08,0.00745368726
6.570731e-08,0.0074477687
6.580731e-08,0.00743963068
6.590731e-08,0.0074255741
6.600731e-08,0.00740596887
6.610731e-08,0.00738340436
6.620731e-08,0.00736268939
6.630731e-08,0.00734678326
6.640731e-08,0.00733494614
6.650731e-08,0.00732384884
6.660731e-08,0.00730942235
6.670731e-08,0.00728944721
6.680731e-08,0.00726503314
6.690731e-08,0.00724098899
6.700731e-08,0.00722064394
6.710731e-08,0.00720658736
6.720731e-08,0.0071969697
6.730731e-08,0.00718735204
6.740731e-08,0.00717329545
6.750731e-08,0.0071529504
6.760731e-08,0.00712853634
6.770731e-08,0.00710597183
6.780731e-08,0.00709043561
6.790731e-08,0.00708525687
6.800731e-08,0.00708821615
6.810731e-08,0.00709413471
6.820731e-08,0.00709635417
6.830731e-08,0.0070900657
6.840731e-08,0.00707489938
6.850731e-08,0.00705529415
6.860731e-08,0.00703716856
6.870731e-08,0.00702496153
6.880731e-08,0.00701978279
6.890731e-08,0.00701941288
6.900731e-08,0.00701941288
6.910731e-08,0.0070164536
6.920731e-08,0.00701016513
6.930731e-08,0.00700202711
6.940731e-08,0.00699573864
6.950731e-08,0.00699388909
6.960731e-08,0.00699647846
6.970731e-08,0.00700017756
6.980731e-08,0.0070016572
6.990731e-08,0.00699758819
7.000731e-08,0.00698760062
7.010731e-08,0.00697391394
7.020731e-08,0.00696022727
7.030731e-08,0.00694912997
7.040731e-08,0.00694062204
7.050731e-08,0.00693359375
7.060731e-08,0.00692471591
7.070731e-08,0.00691213897
7.080731e-08,0.00689586293
7.090731e-08,0.00687736742
7.100731e-08,0.00685961174
7.110731e-08,0.00684370561
7.120731e-08,0.00683001894
7.130731e-08,0.00681633227
7.140731e-08,0.00680042614
7.150731e-08,0.0067808209
7.160731e-08,0.00675825639
7.170731e-08,0.00673458215
7.180731e-08,0.00671164773
7.190731e-08,0.00669093277
7.200731e-08,0.00667206735
7.210731e-08,0.00665394176
7.220731e-08,0.00663470644
7.230731e-08,0.0066147313
7.240731e-08,0.00659512607
7.250731e-08,0.0065781102
7.260731e-08,0.00656368371
7.270731e-08,0.00655147668
7.280731e-08,0.00653852983
7.290731e-08,0.00652151397
7.300731e-08,0.00649857955
7.310731e-08,0.00646972656
7.320731e-08,0.00643902403
7.330731e-08,0.00640980114
7.340731e-08,0.00638612689
7.350731e-08,0.0063680013
7.360731e-08,0.0063532049
7.370731e-08,0.00633692886
7.380731e-08,0.00631510417
7.390731e-08,0.00628662109
7.400731e-08,0.0062536991
7.410731e-08,0.0062204072
7.420731e-08,0.00619081439
7.430731e-08,0.00616714015
7.440731e-08,0.00614864465
7.450731e-08,0.0061319987
7.460731e-08,0.00611387311
7.470731e-08,0.00609278823
7.480731e-08,0.00606911399
7.490731e-08,0.00604580966
7.500731e-08,0.0060250947
7.510731e-08,0.00600696911
7.520731e-08,0.00599032315
7.530731e-08,0.00597145774
7.540731e-08,0.00594815341
7.550731e-08,0.00592004025
7.560731e-08,0.00588933771
7.570731e-08,0.00586011482
7.580731e-08,0.00583570076
7.590731e-08,0.00581683535
7.600731e-08,0.00580129912
7.610731e-08,0.00578502308
7.620731e-08,0.00576467803
7.630731e-08,0.00573952415
7.640731e-08,0.00571178089
7.650731e-08,0.00568551728
7.660731e-08,0.0056640625
7.670731e-08,0.00564852628
7.680731e-08,0.00563631925
7.690731e-08,0.00562300249
7.700731e-08,0.00560487689
7.710731e-08,0.00558083274
7.720731e-08,0.00555419922
7.730731e-08,0.00553052498
7.740731e-08,0.00551609848
7.750731e-08,0.0055131392
7.760731e-08,0.0055201675
7.770731e-08,0.0055312648
7.780731e-08,0.00553977273
7.790731e-08,0.00554088246
7.800731e-08,0.00553422408
7.810731e-08,0.00552201705
7.820731e-08,0.00551017992
7.830731e-08,0.00550278172
7.840731e-08,0.00550167199
7.850731e-08,0.00550537109
7.860731e-08,0.00551017992
7.870731e-08,0.00551276929
7.880731e-08,0.00551165956
7.890731e-08,0.00550796046
7.900731e-08,0.00550426136
7.910731e-08,0.00550241181
7.920731e-08,0.00550315163
7.930731e-08,0.00550463127
7.940731e-08,0.00550426136
7.950731e-08,0.00549982244
7.960731e-08,0.00549131451
7.970731e-08,0.00548021721
7.980731e-08,0.00546875
7.990731e-08,0.00545950225
8.000731e-08,0.00545321378
8.010731e-08,0.00544877486
8.020731e-08,0.00544507576
8.030731e-08,0.00544063684
8.040731e-08,0.0054354581
8.050731e-08,0.00543064927
8.060731e-08,0.00542732008
8.070731e-08,0.00542584044
8.080731e-08,0.00542584044
8.090731e-08,0.00542510062
8.100731e-08,0.00542140152
8.110731e-08,0.00541400331
8.120731e-08,0.00540364583
8.130731e-08,0.0053914388
8.140731e-08,0.00537997159
8.150731e-08,0.00536998402
8.160731e-08,0.00536221591
8.170731e-08,0.00535592744
8.180731e-08,0.00535037879
8.190731e-08,0.00534593987
8.200731e-08,0.00534298059
8.210731e-08,0.00534261068
8.220731e-08,0.00534446023
8.230731e-08,0.0053470496
8.240731e-08,0.00534741951
8.250731e-08,0.00534261068
8.260731e-08,0.00533262311
8.270731e-08,0.00531856652
8.280731e-08,0.00530414003
8.290731e-08,0.00529415246
8.300731e-08,0.00529119318
8.310731e-08,0.00529526219
8.320731e-08,0.00530266039
8.330731e-08,0.00530857895
8.340731e-08,0.00530894886
8.350731e-08,0.00530229048
8.360731e-08,0.00529082327
8.370731e-08,0.00527787642
8.380731e-08,0.00526751894
8.390731e-08,0.00526123047
8.400731e-08,0.00525753137
8.410731e-08,0.00525272254
8.420731e-08,0.0052438447
8.430731e-08,0.0052290483
8.440731e-08,0.00520981297
8.450731e-08,0.00518983783
8.460731e-08,0.00517282197
8.470731e-08,0.00516098485
8.480731e-08,0.00515321674
8.490731e-08,0.00514655836
8.500731e-08,0.00513731061
8.510731e-08,0.00512325402
8.520731e-08,0.00510438861
8.530731e-08,0.00508441347
8.540731e-08,0.00506628788
8.550731e-08,0.0050522313
8.560731e-08,0.00504150391
8.570731e-08,0.00503188625
8.580731e-08,0.00501893939
8.590731e-08,0.0050008138
8.600731e-08,0.00497713956
8.610731e-08,0.00495050604
8.620731e-08,0.00492424242
8.630731e-08,0.004901308
8.640731e-08,0.00488207268
8.650731e-08,0.00486505682
8.660731e-08,0.00484730114
8.670731e-08,0.00482621626
8.680731e-08,0.00480069247
8.690731e-08,0.00477331913
8.700731e-08,0.00474668561
8.710731e-08,0.00472412109
8.720731e-08,0.00470710523
8.730731e-08,0.00469526811
8.740731e-08,0.0046875
8.750731e-08,0.00468084162
8.760731e-08,0.00467233369
8.770731e-08,0.00466123639
8.780731e-08,0.00464607008
8.790731e-08,0.00462646484
8.800731e-08,0.00460242069
8.810731e-08,0.00457467744
8.820731e-08,0.00454545455
8.830731e-08,0.00451734138
8.840731e-08,0.00449366714
8.850731e-08,0.00447702119
8.860731e-08,0.00446851326
8.870731e-08,0.0044662938
8.880731e-08,0.0044662938
8.890731e-08,0.00446407434
8.900731e-08,0.00445667614
8.910731e-08,0.00444261955
8.920731e-08,0.00442375414
8.930731e-08,0.004403779
8.940731e-08,0.00438565341
8.950731e-08,0.00437196674
8.960731e-08,0.00436234908
8.970731e-08,0.0043556907
8.980731e-08,0.00435014205
8.990731e-08,0.00434459339
9.000731e-08,0.00433904474
9.010731e-08,0.00433497573
9.020731e-08,0.00433238636
9.030731e-08,0.00433053681
9.040731e-08,0.00432720762
9.050731e-08,0.00432054924
9.060731e-08,0.00430871212
9.070731e-08,0.0042931759
9.080731e-08,0.00427579013
9.090731e-08,0.00426062382
9.100731e-08,0.00424952652
9.110731e-08,0.00424249822
9.120731e-08,0.00423694957
9.130731e-08,0.00423029119
9.140731e-08,0.00421993371
9.150731e-08,0.00420550722
9.160731e-08,0.00418923118
9.170731e-08,0.00417369496
9.180731e-08,0.00416074811
9.190731e-08,0.00415076054
9.200731e-08,0.00414188269
9.210731e-08,0.00413189512
9.220731e-08,0.00411931818
9.230731e-08,0.00410489169
9.240731e-08,0.0040904652
9.250731e-08,0.0040793679
9.260731e-08,0.0040719697
9.270731e-08,0.00406642105
9.280731e-08,0.00405865294
9.290731e-08,0.00404496626
9.300731e-08,0.00402462121
9.310731e-08,0.00400057706
9.320731e-08,0.00397875237
9.330731e-08,0.00396580552
9.340731e-08,0.00396543561
9.350731e-08,0.003976163
9.360731e-08,0.00399169922
9.370731e-08,0.00400390625
9.380731e-08,0.00400686553
9.390731e-08,0.0039983576
9.400731e-08,0.00398134174
9.410731e-08,0.00396284624
9.420731e-08,0.00394767992
9.430731e-08,0.00393880208
9.440731e-08,0.00393399325
9.450731e-08,0.0039284446
9.460731e-08,0.00391808712
9.470731e-08,0.00390144117
9.480731e-08,0.00388109612
9.490731e-08,0.00386334044
9.500731e-08,0.00385298295
9.510731e-08,0.00385150331
9.520731e-08,0.00385557232
9.530731e-08,0.00386001125
9.540731e-08,0.00385890152
9.550731e-08,0.00384928385
9.560731e-08,0.00383337772
9.570731e-08,0.00381525213
9.580731e-08,0.00379971591
9.590731e-08,0.00378935843
9.600731e-08,0.00378159032
9.610731e-08,0.00377271248
9.620731e-08,0.00375828598
9.630731e-08,0.0037368312
9.640731e-08,0.00371130741
9.650731e-08,0.00368689335
9.660731e-08,0.00366950758
9.670731e-08,0.00366062973
9.680731e-08,0.00365841027
9.690731e-08,0.00365730054
9.700731e-08,0.00365175189
9.710731e-08,0.00363917495
9.720731e-08,0.00362104936
9.730731e-08,0.00360218395
9.740731e-08,0.00358664773
9.750731e-08,0.00357739998
9.760731e-08,0.00357222124
9.770731e-08,0.00356667259
9.780731e-08,0.00355705492
9.790731e-08,0.00354114879
9.800731e-08,0.00352154356
9.810731e-08,0.00350341797
9.820731e-08,0.00349195076
9.830731e-08,0.00348899148
9.840731e-08,0.00349269058
9.850731e-08,0.00349749941
9.860731e-08,0.00349786932
9.870731e-08,0.00349158085
9.880731e-08,0.00348048355
9.890731e-08,0.00346901634
9.900731e-08,0.00346235795
9.910731e-08,0.00346309777
9.920731e-08,0.00346864643
9.930731e-08,0.00347419508
9.940731e-08,0.00347419508
9.950731e-08,0.00346568714
9.960731e-08,0.00345015092
9.970731e-08,0.00343313506
9.980731e-08,0.00342092803
9.990731e-08,0.00341648911
1.000073e-07,0.00341944839
1.001073e-07,0.00342499704
1.002073e-07,0.00342684659
1.003073e-07,0.00342092803
1.004073e-07,0.00340761127
1.005073e-07,0.00338985559
1.006073e-07,0.00337357955
1.007073e-07,0.00336248224
1.008073e-07,0.00335656368
1.009073e-07,0.00335397431
1.010073e-07,0.0033499053
1.011073e-07,0.00334139737
1.012073e-07,0.00332882043
1.013073e-07,0.00331439394
1.014073e-07,0.00330255682
1.015073e-07,0.00329552853
1.016073e-07,0.00329367898
1.017073e-07,0.00329330907
1.018073e-07,0.0032907197
1.019073e-07,0.00328295159
1.020073e-07,0.00326963482
1.021073e-07,0.00325335878
1.022073e-07,0.00323745265
1.023073e-07,0.00322524562
1.024073e-07,0.0032171076
1.025073e-07,0.00321229877
1.026073e-07,0.00320785985
1.027073e-07,0.00320268111
1.028073e-07,0.00319676255
1.029073e-07,0.00319195372
1.030073e-07,0.00319010417
1.031073e-07,0.00319158381
1.032073e-07,0.003194913
1.033073e-07,0.00319750237
1.034073e-07,0.00319602273
1.035073e-07,0.00319010417
1.036073e-07,0.00318085642
1.037073e-07,0.00317234848
1.038073e-07,0.00316642992
1.039073e-07,0.00316458037
1.040073e-07,0.00316421046
1.041073e-07,0.00316236091
1.042073e-07,0.0031545928
1.043073e-07,0.00314016631
1.044073e-07,0.00312056108
1.045073e-07,0.00310021603
1.046073e-07,0.00308357008
1.047073e-07,0.00307284268
1.048073e-07,0.00306655421
1.049073e-07,0.00306174538
1.050073e-07,0.00305397727
1.051073e-07,0.00304066051
1.052073e-07,0.00302327474
1.053073e-07,0.00300440933
1.054073e-07,0.00298887311
1.055073e-07,0.00297925545
1.056073e-07,0.00297555634
1.057073e-07,0.00297444661
1.058073e-07,0.00297111742
1.059073e-07,0.0029629794
1.060073e-07,0.00294929273
1.061073e-07,0.00293301669
1.062073e-07,0.00291785038
1.063073e-07,0.00290786281
1.064073e-07,0.00290416371
1.065073e-07,0.00290490353
1.066073e-07,0.00290601326
1.067073e-07,0.0029037938
1.068073e-07,0.00289565578
1.069073e-07,0.00288196911
1.070073e-07,0.00286458333
1.071073e-07,0.00284645774
1.072073e-07,0.00283092152
1.073073e-07,0.0028190844
1.074073e-07,0.00281131629
1.075073e-07,0.00280761719
1.076073e-07,0.00280687737
1.077073e-07,0.00280872692
1.078073e-07,0.00281131629
1.079073e-07,0.00281353575
1.080073e-07,0.00281316584
1.081073e-07,0.00280835701
1.082073e-07,0.00279947917
1.083073e-07,0.00278690223
1.084073e-07,0.00277321555
1.085073e-07,0.00276100852
1.086073e-07,0.00275213068
1.087073e-07,0.00274695194
1.088073e-07,0.00274362275
1.089073e-07,0.00273992365
1.090073e-07,0.002734375
1.091073e-07,0.00272660689
1.092073e-07,0.00271809896
1.093073e-07,0.00271033085
1.094073e-07,0.0027047822
1.095073e-07,0.0027010831
1.096073e-07,0.002697384
1.097073e-07,0.00269146544
1.098073e-07,0.00268110795
1.099073e-07,0.00266705137
1.100073e-07,0.00265188506
1.101073e-07,0.00263819839
1.102073e-07,0.00262784091
1.103073e-07,0.00262081262
1.104073e-07,0.00261489406
1.105073e-07,0.00260601622
1.106073e-07,0.00259232955
1.107073e-07,0.00257346413
1.108073e-07,0.00255200935
1.109073e-07,0.0025316643
1.110073e-07,0.00251538826
1.111073e-07,0.00250466087
1.112073e-07,0.00249726267
1.113073e-07,0.00249023438
1.114073e-07,0.00247987689
1.115073e-07,0.0024654504
1.116073e-07,0.00244769472
1.117073e-07,0.00242993904
1.118073e-07,0.00241477273
1.119073e-07,0.00240367543
1.120073e-07,0.00239553741
1.121073e-07,0.0023881392
1.122073e-07,0.00237926136
1.123073e-07,0.00236927379
1.124073e-07,0.00236002604
1.125073e-07,0.00235447739
1.126073e-07,0.00235558712
1.127073e-07,0.00236335523
1.128073e-07,0.00237482244
1.129073e-07,0.00238554983
1.130073e-07,0.00239109848
1.131073e-07,0.00238961884
1.132073e-07,0.00238185073
1.133073e-07,0.00237112334
1.134073e-07,0.00236150568
1.135073e-07,0.00235521721
1.136073e-07,0.00235225793
1.137073e-07,0.0023511482
1.138073e-07,0.00234966856
1.139073e-07,0.00234707919
1.140073e-07,0.00234411991
1.141073e-07,0.00234264027
1.142073e-07,0.00234375
1.143073e-07,0.0023474491
1.144073e-07,0.0023511482
1.145073e-07,0.00235262784
1.146073e-07,0.00234966856
1.147073e-07,0.00234227036
1.148073e-07,0.0023326527
1.149073e-07,0.00232451468
1.150073e-07,0.00232007576
1.151073e-07,0.00231970585
1.152073e-07,0.00232081558
1.153073e-07,0.00232007576
1.154073e-07,0.0023141572
1.155073e-07,0.0023030599
1.156073e-07,0.00229011304
1.157073e-07,0.00227864583
1.158073e-07,0.00227272727
1.159073e-07,0.00227272727
1.160073e-07,0.00227531664
1.161073e-07,0.00227679628
1.162073e-07,0.00227272727
1.163073e-07,0.00226199988
1.164073e-07,0.00224757339
1.165073e-07,0.00223388672
1.166073e-07,0.00222537879
1.167073e-07,0.00222352924
1.168073e-07,0.00222611861
1.169073e-07,0.00222833807
1.170073e-07,0.00222537879
1.171073e-07,0.00221502131
1.172073e-07,0.00219911518
1.173073e-07,0.00218098958
1.174073e-07,0.00216619318
1.175073e-07,0.00215731534
1.176073e-07,0.00215361624
1.177073e-07,0.0021521366
1.178073e-07,0.0021484375
1.179073e-07,0.00214029948
1.180073e-07,0.00212772254
1.181073e-07,0.00211366596
1.182073e-07,0.00210108902
1.183073e-07,0.00209221117
1.184073e-07,0.0020859227
1.185073e-07,0.00208000414
1.186073e-07,0.00207149621
1.187073e-07,0.00205891927
1.188073e-07,0.00204375296
1.189073e-07,0.00202932647
1.190073e-07,0.00201822917
1.191073e-07,0.0020119407
1.192073e-07,0.0020082416
1.193073e-07,0.00200380268
1.194073e-07,0.00199455492
1.195073e-07,0.00197864879
1.196073e-07,0.00195719401
1.197073e-07,0.00193351977
1.198073e-07,0.00191169508
1.199073e-07,0.00189393939
1.200073e-07,0.00188062263
1.201073e-07,0.00186952533
1.202073e-07,0.00185842803
1.203073e-07,0.001846221
1.204073e-07,0.00183327415
1.205073e-07,0.00182106712
1.206073e-07,0.00181107955
1.207073e-07,0.00180257161
1.208073e-07,0.00179369377
1.209073e-07,0.00178111683
1.210073e-07,0.00176373106
1.211073e-07,0.00174227628
1.212073e-07,0.00172008168
1.213073e-07,0.00170084635
1.214073e-07,0.00168678977
1.215073e-07,0.00167717211
1.216073e-07,0.00166866418
1.217073e-07,0.00165719697
1.218073e-07,0.00163944129
1.219073e-07,0.00161650687
1.220073e-07,0.00159283262
1.221073e-07,0.0015735973
1.222073e-07,0.0015625
1.223073e-07,0.00155917081
1.224073e-07,0.00155991063
1.225073e-07,0.0015588009
1.226073e-07,0.00155066288
1.227073e-07,0.00153512666
1.228073e-07,0.00151552143
1.229073e-07,0.00149739583
1.230073e-07,0.00148555871
1.231073e-07,0.00148111979
1.232073e-07,0.00148185961
1.233073e-07,0.00148259943
1.234073e-07,0.00147964015
1.235073e-07,0.00147187204
1.236073e-07,0.00146262429
1.237073e-07,0.00145596591
1.238073e-07,0.00145596591
1.239073e-07,0.00146225438
1.240073e-07,0.00147076231
1.241073e-07,0.00147631096
1.242073e-07,0.00147372159
1.243073e-07,0.00146336411
1.244073e-07,0.00144930753
1.245073e-07,0.00143747041
1.246073e-07,0.00143229167
1.247073e-07,0.0014334014
1.248073e-07,0.00143599077
1.249073e-07,0.0014334014
1.250073e-07,0.00142045455
1.251073e-07,0.00139715021
1.252073e-07,0.00136977687
1.253073e-07,0.00134758227
1.254073e-07,0.0013375947
1.255073e-07,0.00134203362
1.256073e-07,0.00135572029
1.257073e-07,0.00136940696
1.258073e-07,0.00137310606
1.259073e-07,0.00136237867
1.260073e-07,0.00133981416
1.261073e-07,0.00131281072
1.262073e-07,0.00129024621
1.263073e-07,0.00127840909
1.264073e-07,0.00127655954
1.265073e-07,0.00127914891
1.266073e-07,0.00127840909
1.267073e-07,0.00126879143
1.268073e-07,0.00124955611
1.269073e-07,0.00122514205
1.270073e-07,0.0012014678
1.271073e-07,0.00118371212
1.272073e-07,0.00117224491
1.273073e-07,0.00116410689
1.274073e-07,0.00115411932
1.275073e-07,0.00113895301
1.276073e-07,0.00111897786
1.277073e-07,0.00109678326
1.278073e-07,0.00107717803
1.279073e-07,0.00106312145
1.280073e-07,0.0010538737
1.281073e-07,0.00104610559
1.282073e-07,0.00103574811
1.283073e-07,0.00102058179
1.284073e-07,0.00100097656
1.285073e-07,0.00098100142
1.286073e-07,0.000964725379
1.287073e-07,0.000953997988
1.288073e-07,0.000948079427
1.289073e-07,0.000943270597
1.290073e-07,0.000935132576
1.291073e-07,0.000922185724
1.292073e-07,0.000905909683
1.293073e-07,0.000889263731
1.294073e-07,0.00087594697
1.295073e-07,0.000867069129
1.296073e-07,0.000859670928
1.297073e-07,0.000850053267
1.298073e-07,0.000834517045
1.299073e-07,0.000812692353
1.300073e-07,0.000788648201
1.301073e-07,0.000768303149
1.302073e-07,0.000757575758
1.303073e-07,0.000757575758
1.304073e-07,0.000764604048
1.305073e-07,0.000770892519
1.306073e-07,0.000769412879
1.307073e-07,0.000756096117
1.308073e-07,0.000733161695
1.309073e-07,0.000707267992
1.310073e-07,0.00068655303
1.311073e-07,0.000676565459
1.312073e-07,0.000676935369
1.313073e-07,0.00068285393
1.314073e-07,0.00068655303
1.315073e-07,0.0006817442
1.316073e-07,0.000666577888
1.317073e-07,0.000644013376
1.318073e-07,0.000621448864
1.319073e-07,0.000604802912
1.320073e-07,0.000597774621
1.321073e-07,0.000598884351
1.322073e-07,0.000603693182
1.323073e-07,0.000606652462
1.324073e-07,0.000603693182
1.325073e-07,0.000594445431
1.326073e-07,0.000580018939
1.327073e-07,0.000564112808
1.328073e-07,0.000549316406
1.329073e-07,0.000537109375
1.330073e-07,0.000526751894
1.331073e-07,0.000517874053
1.332073e-07,0.000510105942
1.333073e-07,0.000503077652
1.334073e-07,0.000497159091
1.335073e-07,0.00049235026
1.336073e-07,0.00048754143
1.337073e-07,0.000481622869
1.338073e-07,0.000473484848
1.339073e-07,0.000463497277
1.340073e-07,0.000453139796
1.341073e-07,0.000444261955
1.342073e-07,0.000437973485
1.343073e-07,0.000433904474
1.344073e-07,0.000429835464
1.345073e-07,0.000423916903
1.346073e-07,0.000414299242
1.347073e-07,0.000402092211
1.348073e-07,0.00038988518
1.349073e-07,0.000381377249
1.350073e-07,0.000378787879
1.351073e-07,0.000382117069
1.352073e-07,0.00038914536
1.353073e-07,0.00039506392
1.354073e-07,0.000396543561
1.355073e-07,0.00039284446
1.356073e-07,0.000385446259
1.357073e-07,0.000377678149
1.358073e-07,0.000372869318
1.359073e-07,0.000372129498
1.360073e-07,0.000374348958
1.361073e-07,0.000377308239
1.362073e-07,0.000378787879
1.363073e-07,0.000378048059
1.364073e-07,0.000376568419
1.365073e-07,0.000376568419
1.366073e-07,0.000378787879
1.367073e-07,0.000382856889
1.368073e-07,0.00038618608
1.369073e-07,0.000385076349
1.370073e-07,0.000378787879
1.371073e-07,0.000367690578
1.372073e-07,0.000355853456
1.373073e-07,0.000346975616
1.374073e-07,0.000343276515
1.375073e-07,0.000343646425
1.376073e-07,0.000343646425
1.377073e-07,0.000338837595
1.378073e-07,0.000325520833
1.379073e-07,0.000305175781
1.380073e-07,0.000281871449
1.381073e-07,0.000261526397
1.382073e-07,0.000248579545
1.383073e-07,0.000243030895
1.384073e-07,0.000241181345
1.385073e-07,0.000236742424
1.386073e-07,0.000224905303
1.387073e-07,0.000204560251
1.388073e-07,0.000179036458
1.389073e-07,0.000154622396
1.390073e-07,0.000136126894
1.391073e-07,0.000125769413
1.392073e-07,0.000120960582
1.393073e-07,0.000116151752
1.394073e-07,0.000106534091
1.395073e-07,9.02580492e-05
1.396073e-07,6.8803267e-05
1.397073e-07,4.73484848e-05
1.398073e-07,2.9592803e-05
1.399073e-07,1.62760417e-05
1.400073e-07,5.17874053e-06
1.401073e-07,-8.87784091e-06
1.402073e-07,-2.9592803e-05
1.403073e-07,-5.77059659e-05
1.404073e-07,-8.95182292e-05
1.405073e-07,-0.000119480942
1.406073e-07,-0.000142045455
1.407073e-07,-0.000156841856
1.408073e-07,-0.000166459517
1.409073e-07,-0.000177556818
1.410073e-07,-0.0001953125
1.411073e-07,-0.000220836293
1.412073e-07,-0.000251168916
1.413073e-07,-0.000280021899
1.414073e-07,-0.000301846591
1.415073e-07,-0.000314423532
1.416073e-07,-0.000320712003
1.417073e-07,-0.000326630563
1.418073e-07,-0.000337357955
1.419073e-07,-0.000355483546
1.420073e-07,-0.000378048059
1.421073e-07,-0.000399502841
1.422073e-07,-0.000414299242
1.423073e-07,-0.000420587713
1.424073e-07,-0.000420587713
1.425073e-07,-0.000420587713
1.426073e-07,-0.000426136364
1.427073e-07,-0.000439823035
1.428073e-07,-0.000459058357
1.429073e-07,-0.000478293679
1.430073e-07,-0.00049124053
1.431073e-07,-0.000494199811
1.432073e-07,-0.00048902107
1.433073e-07,-0.000480513139
1.434073e-07,-0.000473484848
1.435073e-07,-0.000472005208
1.436073e-07,-0.000475334399
1.437073e-07,-0.000480883049
1.438073e-07,-0.00048532197
1.439073e-07,-0.00048828125
1.440073e-07,-0.00049198035
1.441073e-07,-0.000500118371
1.442073e-07,-0.000514914773
1.443073e-07,-0.000535259825
1.444073e-07,-0.000555974787
1.445073e-07,-0.000570401278
1.446073e-07,-0.000574100379
1.447073e-07,-0.000567441998
1.448073e-07,-0.000555234967
1.449073e-07,-0.000545617306
1.450073e-07,-0.000544507576
1.451073e-07,-0.000553385417
1.452073e-07,-0.000568551728
1.453073e-07,-0.00058149858
1.454073e-07,-0.0005859375
1.455073e-07,-0.000580388849
1.456073e-07,-0.000568181818
1.457073e-07,-0.000557824337
1.458073e-07,-0.000556344697
1.459073e-07,-0.000565962358
1.460073e-07,-0.00058334813
1.461073e-07,-0.000600363991
1.462073e-07,-0.000609611742
1.463073e-07,-0.000607392282
1.464073e-07,-0.000597034801
1.465073e-07,-0.00058519768
1.466073e-07,-0.000580018939
1.467073e-07,-0.00058556759
1.468073e-07,-0.000600363991
1.469073e-07,-0.000616640033
1.470073e-07,-0.000627367424
1.471073e-07,-0.000627737334
1.472073e-07,-0.000618489583
1.473073e-07,-0.000606282552
1.474073e-07,-0.000597774621
1.475073e-07,-0.000598144531
1.476073e-07,-0.000606652462
1.477073e-07,-0.000618859493
1.478073e-07,-0.000627367424
1.479073e-07,-0.000628107244
1.480073e-07,-0.000621448864
1.481073e-07,-0.000611461293
1.482073e-07,-0.000603693182
1.483073e-07,-0.000602213542
1.484073e-07,-0.000606282552
1.485073e-07,-0.000612571023
1.486073e-07,-0.000615530303
1.487073e-07,-0.000612940933
1.488073e-07,-0.000605542732
1.489073e-07,-0.000598884351
1.490073e-07,-0.000597774621
1.491073e-07,-0.000605542732
1.492073e-07,-0.000620339134
1.493073e-07,-0.000637724905
1.494073e-07,-0.000651041667
1.495073e-07,-0.000656960227
1.496073e-07,-0.000655850497
1.497073e-07,-0.000652151397
1.498073e-07,-0.000651041667
1.499073e-07,-0.000656590317
1.500073e-07,-0.000668797348
1.501073e-07,-0.00068433357
1.502073e-07,-0.000698390152
1.503073e-07,-0.000708007813
1.504073e-07,-0.000713186553
1.505073e-07,-0.000716515743
1.506073e-07,-0.000722064394
1.507073e-07,-0.000731312145
1.508073e-07,-0.000743889086
1.509073e-07,-0.000755726207
1.510073e-07,-0.000763494318
1.511073e-07,-0.000766453598
1.512073e-07,-0.000766083688
1.513073e-07,-0.000767563329
1.514073e-07,-0.000775331439
1.515073e-07,-0.000791237571
1.516073e-07,-0.000813432173
1.517073e-07,-0.000837476326
1.518073e-07,-0.000858191288
1.519073e-07,-0.000872247869
1.520073e-07,-0.00088038589
1.521073e-07,-0.000886304451
1.522073e-07,-0.000893702652
1.523073e-07,-0.000905539773
1.524073e-07,-0.000921075994
1.525073e-07,-0.000937721946
1.526073e-07,-0.000952888258
1.527073e-07,-0.000965095289
1.528073e-07,-0.00097508286
1.529073e-07,-0.000986180161
1.530073e-07,-0.00100023674
1.531073e-07,-0.0010172526
1.532073e-07,-0.00103500829
1.533073e-07,-0.00104980469
1.534073e-07,-0.00105942235
1.535073e-07,-0.00106423118
1.536073e-07,-0.00106830019
1.537073e-07,-0.00107532848
1.538073e-07,-0.00108901515
1.539073e-07,-0.00110862038
1.540073e-07,-0.00113044508
1.541073e-07,-0.00114894058
1.542073e-07,-0.00116003788
1.543073e-07,-0.0011644768
1.544073e-07,-0.00116632635
1.545073e-07,-0.00117113518
1.546073e-07,-0.00118371212
1.547073e-07,-0.00120368726
1.548073e-07,-0.00122625178
1.549073e-07,-0.00124511719
1.550073e-07,-0.00125473485
1.551073e-07,-0.00125473485
1.552073e-07,-0.0012491862
1.553073e-07,-0.00124511719
1.554073e-07,-0.00124881629
1.555073e-07,-0.00126139323
1.556073e-07,-0.00127914891
1.557073e-07,-0.00129468513
1.558073e-07,-0.00130208333
1.559073e-07,-0.00129949396
1.560073e-07,-0.00129024621
1.561073e-07,-0.00128136837
1.562073e-07,-0.00127840909
1.563073e-07,-0.00128432765
1.564073e-07,-0.00129616477
1.565073e-07,-0.00130763198
1.566073e-07,-0.00131392045
1.567073e-07,-0.00131281072
1.568073e-07,-0.00130726207
1.569073e-07,-0.00130393288
1.570073e-07,-0.00130800189
1.571073e-07,-0.00132094875
1.572073e-07,-0.00133981416
1.573073e-07,-0.00135719993
1.574073e-07,-0.0013671875
1.575073e-07,-0.00136792732
1.576073e-07,-0.00136200876
1.577073e-07,-0.00135572029
1.578073e-07,-0.00135535038
1.579073e-07,-0.00136237867
1.580073e-07,-0.00137421579
1.581073e-07,-0.00138531309
1.582073e-07,-0.00139086174
1.583073e-07,-0.00139012192
1.584073e-07,-0.00138753255
1.585073e-07,-0.00138975201
1.586073e-07,-0.00140269886
1.587073e-07,-0.00142637311
1.588073e-07,-0.00145596591
1.589073e-07,-0.00148185961
1.590073e-07,-0.00149739583
1.591073e-07,-0.00149924538
1.592073e-07,-0.00149147727
1.593073e-07,-0.00148259943
1.594073e-07,-0.00147964015
1.595073e-07,-0.00148666844
1.596073e-07,-0.00150146484
1.597073e-07,-0.00151700107
1.598073e-07,-0.00152698864
1.599073e-07,-0.00152809837
1.600073e-07,-0.00152328954
1.601073e-07,-0.00151885062
1.602073e-07,-0.00152107008
1.603073e-07,-0.00153216738
1.604073e-07,-0.00154955315
1.605073e-07,-0.00156545928
1.606073e-07,-0.00157433712
1.607073e-07,-0.00157322739
1.608073e-07,-0.00156471946
1.609073e-07,-0.0015551018
1.610073e-07,-0.00155066288
1.611073e-07,-0.00155288234
1.612073e-07,-0.00155843099
1.613073e-07,-0.00156139027
1.614073e-07,-0.00155658144
1.615073e-07,-0.0015440045
1.616073e-07,-0.0015292081
1.617073e-07,-0.00151922053
1.618073e-07,-0.00152107008
1.619073e-07,-0.00153475675
1.620073e-07,-0.00155362216
1.621073e-07,-0.00156767874
1.622073e-07,-0.00156841856
1.623073e-07,-0.00155288234
1.624073e-07,-0.00152587891
1.625073e-07,-0.00149813565
1.626073e-07,-0.00147964015
1.627073e-07,-0.00147520123
1.628073e-07,-0.00148185961
1.629073e-07,-0.00149221709
1.630073e-07,-0.00149739583
1.631073e-07,-0.00149295691
1.632073e-07,-0.0014814897
1.633073e-07,-0.0014703924
1.634073e-07,-0.00146780303
1.635073e-07,-0.00147742069
1.636073e-07,-0.00149591619
1.637073e-07,-0.00151552143
1.638073e-07,-0.00152698864
1.639073e-07,-0.00152587891
1.640073e-07,-0.00151404179
1.641073e-07,-0.00149961529
1.642073e-07,-0.00149147727
1.643073e-07,-0.00149480646
1.644073e-07,-0.00150849313
1.645073e-07,-0.00152587891
1.646073e-07,-0.00153882576
1.647073e-07,-0.00154178504
1.648073e-07,-0.00153586648
1.649073e-07,-0.00152624882
1.650073e-07,-0.00152107008
1.651073e-07,-0.00152439927
1.652073e-07,-0.00153586648
1.653073e-07,-0.00154881333
1.654073e-07,-0.00155658144
1.655073e-07,-0.00155399207
1.656073e-07,-0.00154215495
1.657073e-07,-0.00152661873
1.658073e-07,-0.00151515152
1.659073e-07,-0.00151256214
1.660073e-07,-0.00151922053
1.661073e-07,-0.00152994792
1.662073e-07,-0.00153882576
1.663073e-07,-0.00154141513
1.664073e-07,-0.00153808594
1.665073e-07,-0.0015329072
1.666073e-07,-0.0015329072
1.667073e-07,-0.00154141513
1.668073e-07,-0.00155732126
1.669073e-07,-0.00157655658
1.670073e-07,-0.0015920928
1.671073e-07,-0.00159986091
1.672073e-07,-0.00159912109
1.673073e-07,-0.00159468217
1.674073e-07,-0.0015920928
1.675073e-07,-0.00159542199
1.676073e-07,-0.00160540956
1.677073e-07,-0.00161946615
1.678073e-07,-0.00163352273
1.679073e-07,-0.00164462003
1.680073e-07,-0.00165423769
1.681073e-07,-0.00166496508
1.682073e-07,-0.00168087121
1.683073e-07,-0.00170380563
1.684073e-07,-0.00173080907
1.685073e-07,-0.00175670277
1.686073e-07,-0.00177556818
1.687073e-07,-0.00178481593
1.688073e-07,-0.00178592566
1.689073e-07,-0.00178444602
1.690073e-07,-0.0017874053
1.691073e-07,-0.00179924242
1.692073e-07,-0.00181995739
1.693073e-07,-0.00184585109
1.694073e-07,-0.00187026515
1.695073e-07,-0.00188913056
1.696073e-07,-0.00190096768
1.697073e-07,-0.0019087358
1.698073e-07,-0.00191761364
1.699073e-07,-0.00193130031
1.700073e-07,-0.00195053563
1.701073e-07,-0.00197310014
1.702073e-07,-0.00199455492
1.703073e-07,-0.00201083097
1.704073e-07,-0.00202118845
1.705073e-07,-0.00202636719
1.706073e-07,-0.00203006629
1.707073e-07,-0.00203524503
1.708073e-07,-0.00204264323
1.709073e-07,-0.00205189098
1.710073e-07,-0.00205965909
1.711073e-07,-0.00206483783
1.712073e-07,-0.0020674272
1.713073e-07,-0.00206853693
1.714073e-07,-0.00207149621
1.715073e-07,-0.00207704486
1.716073e-07,-0.00208518288
1.717073e-07,-0.00209406072
1.718073e-07,-0.00210108902
1.719073e-07,-0.00210515803
1.720073e-07,-0.00210737749
1.721073e-07,-0.00210922704
1.722073e-07,-0.00211292614
1.723073e-07,-0.00211958452
1.724073e-07,-0.00212735263
1.725073e-07,-0.00213401101
1.726073e-07,-0.00213660038
1.727073e-07,-0.00213438092
1.728073e-07,-0.00212957209
1.729073e-07,-0.00212513317
1.730073e-07,-0.00212476326
1.731073e-07,-0.002129942
1.732073e-07,-0.00213881984
1.733073e-07,-0.0021484375
1.734073e-07,-0.00215435606
1.735073e-07,-0.00215435606
1.736073e-07,-0.00214880741
1.737073e-07,-0.00214177912
1.738073e-07,-0.00213660038
1.739073e-07,-0.00213697029
1.740073e-07,-0.00214251894
1.741073e-07,-0.00215176669
1.742073e-07,-0.00216027462
1.743073e-07,-0.00216545336
1.744073e-07,-0.002166933
1.745073e-07,-0.00216582327
1.746073e-07,-0.00216619318
1.747073e-07,-0.0021706321
1.748073e-07,-0.00218024976
1.749073e-07,-0.00219356652
1.750073e-07,-0.00220762311
1.751073e-07,-0.00221983014
1.752073e-07,-0.00222833807
1.753073e-07,-0.00223351681
1.754073e-07,-0.00223721591
1.755073e-07,-0.00224165483
1.756073e-07,-0.00224905303
1.757073e-07,-0.00225978042
1.758073e-07,-0.00227272727
1.759073e-07,-0.00228715376
1.760073e-07,-0.00230158026
1.761073e-07,-0.00231452711
1.762073e-07,-0.00232599432
1.763073e-07,-0.00233450225
1.764073e-07,-0.00233968099
1.765073e-07,-0.00234079072
1.766073e-07,-0.00233783144
1.767073e-07,-0.0023326527
1.768073e-07,-0.00232747396
1.769073e-07,-0.00232488459
1.770073e-07,-0.00232599432
1.771073e-07,-0.00233154297
1.772073e-07,-0.00233968099
1.773073e-07,-0.00234855883
1.774073e-07,-0.00235558712
1.775073e-07,-0.00236076586
1.776073e-07,-0.00236409505
1.777073e-07,-0.00236816406
1.778073e-07,-0.0023733428
1.779073e-07,-0.00238037109
1.780073e-07,-0.00238702947
1.781073e-07,-0.00239146839
1.782073e-07,-0.00239109848
1.783073e-07,-0.00238554983
1.784073e-07,-0.00237593217
1.785073e-07,-0.00236483487
1.786073e-07,-0.00235558712
1.787073e-07,-0.00235003847
1.788073e-07,-0.00234818892
1.789073e-07,-0.00234855883
1.790073e-07,-0.00234966856
1.791073e-07,-0.00235040838
1.792073e-07,-0.00235077829
1.793073e-07,-0.00235188802
1.794073e-07,-0.00235558712
1.795073e-07,-0.00236187559
1.796073e-07,-0.00236927379
1.797073e-07,-0.00237630208
1.798073e-07,-0.00237926136
1.799073e-07,-0.00237741181
1.800073e-07,-0.00237112334
1.801073e-07,-0.00236298532
1.802073e-07,-0.00235558712
1.803073e-07,-0.00235225793
1.804073e-07,-0.0023548473
1.805073e-07,-0.0023622455
1.806073e-07,-0.0023733428
1.807073e-07,-0.00238591974
1.808073e-07,-0.0023988666
1.809073e-07,-0.00241033381
1.810073e-07,-0.00242069129
1.811073e-07,-0.00242956913
1.812073e-07,-0.00243659742
1.813073e-07,-0.00244140625
1.814073e-07,-0.00244436553
1.815073e-07,-0.00244584517
1.816073e-07,-0.00244621508
1.817073e-07,-0.00244769472
1.818073e-07,-0.00245028409
1.819073e-07,-0.0024543531
1.820073e-07,-0.00245916193
1.821073e-07,-0.00246397076
1.822073e-07,-0.00246803977
1.823073e-07,-0.00247136896
1.824073e-07,-0.00247469815
1.825073e-07,-0.00247950698
1.826073e-07,-0.00248579545
1.827073e-07,-0.00249356357
1.828073e-07,-0.00250096177
1.829073e-07,-0.00250688033
1.830073e-07,-0.0025094697
1.831073e-07,-0.0025094697
1.832073e-07,-0.00250799006
1.833073e-07,-0.00250762015
1.834073e-07,-0.0025094697
1.835073e-07,-0.00251427853
1.836073e-07,-0.002520567
1.837073e-07,-0.00252759529
1.838073e-07,-0.00253314394
1.839073e-07,-0.00253795277
1.840073e-07,-0.00254350142
1.841073e-07,-0.00255126953
1.842073e-07,-0.00256273674
1.843073e-07,-0.00257753314
1.844073e-07,-0.00259343928
1.845073e-07,-0.00260712595
1.846073e-07,-0.00261600379
1.847073e-07,-0.00261933298
1.848073e-07,-0.00261859316
1.849073e-07,-0.0026163737
1.850073e-07,-0.00261600379
1.851073e-07,-0.00261896307
1.852073e-07,-0.00262525154
1.853073e-07,-0.00263264974
1.854073e-07,-0.00263967803
1.855073e-07,-0.00264485677
1.856073e-07,-0.00264818596
1.857073e-07,-0.00265188506
1.858073e-07,-0.00265743371
1.859073e-07,-0.00266668146
1.860073e-07,-0.00267851858
1.861073e-07,-0.00269220526
1.862073e-07,-0.0027047822
1.863073e-07,-0.00271513968
1.864073e-07,-0.00272290779
1.865073e-07,-0.00272882635
1.866073e-07,-0.002734375
1.867073e-07,-0.00274066347
1.868073e-07,-0.00274732185
1.869073e-07,-0.00275324041
1.870073e-07,-0.00275804924
1.871073e-07,-0.00276063861
1.872073e-07,-0.00276174834
1.873073e-07,-0.00276248816
1.874073e-07,-0.0027639678
1.875073e-07,-0.00276729699
1.876073e-07,-0.00277210582
1.877073e-07,-0.00277728456
1.878073e-07,-0.00278172348
1.879073e-07,-0.00278431286
1.880073e-07,-0.00278505268
1.881073e-07,-0.00278394295
1.882073e-07,-0.00278172348
1.883073e-07,-0.00277802438
1.884073e-07,-0.00277358546
1.885073e-07,-0.00276840672
1.886073e-07,-0.0027639678
1.887073e-07,-0.00276248816
1.888073e-07,-0.00276581735
1.889073e-07,-0.00277469519
1.890073e-07,-0.00278764205
1.891073e-07,-0.00280169863
1.892073e-07,-0.00281316584
1.893073e-07,-0.00281871449
1.894073e-07,-0.00281723485
1.895073e-07,-0.00281131629
1.896073e-07,-0.00280502782
1.897073e-07,-0.00280206854
1.898073e-07,-0.00280539773
1.899073e-07,-0.00281316584
1.900073e-07,-0.00282241359
1.901073e-07,-0.00282833215
1.902073e-07,-0.00282907197
1.903073e-07,-0.00282574278
1.904073e-07,-0.00282204368
1.905073e-07,-0.00282426314
1.906073e-07,-0.00283499053
1.907073e-07,-0.00285422585
1.908073e-07,-0.00287790009
1.909073e-07,-0.00289898497
1.910073e-07,-0.00291193182
1.911073e-07,-0.00291415128
1.912073e-07,-0.00290823272
1.913073e-07,-0.00289935488
1.914073e-07,-0.00289417614
1.915073e-07,-0.0028963956
1.916073e-07,-0.00290564335
1.917073e-07,-0.00291822029
1.918073e-07,-0.0029296875
1.919073e-07,-0.00293634588
1.920073e-07,-0.00293819543
1.921073e-07,-0.00293856534
1.922073e-07,-0.00294152462
1.923073e-07,-0.00295077237
1.924073e-07,-0.00296630859
1.925073e-07,-0.0029848041
1.926073e-07,-0.00300071023
1.927073e-07,-0.00300995798
1.928073e-07,-0.00301032789
1.929073e-07,-0.00300366951
1.930073e-07,-0.00299479167
1.931073e-07,-0.00298813329
1.932073e-07,-0.00298739347
1.933073e-07,-0.0029922023
1.934073e-07,-0.00300071023
1.935073e-07,-0.00300958807
1.936073e-07,-0.00301661636
1.937073e-07,-0.00302105528
1.938073e-07,-0.00302438447
1.939073e-07,-0.00302882339
1.940073e-07,-0.00303622159
1.941073e-07,-0.00304694898
1.942073e-07,-0.00305989583
1.943073e-07,-0.00307247277
1.944073e-07,-0.00308209044
1.945073e-07,-0.003088009
1.946073e-07,-0.00308948864
1.947073e-07,-0.003088009
1.948073e-07,-0.00308541963
1.949073e-07,-0.00308357008
1.950073e-07,-0.00308357008
1.951073e-07,-0.00308652936
1.952073e-07,-0.00309207801
1.953073e-07,-0.00309947621
1.954073e-07,-0.00310724432
1.955073e-07,-0.00311353279
1.956073e-07,-0.00311686198
1.957073e-07,-0.00311649207
1.958073e-07,-0.00311316288
1.959073e-07,-0.00310909387
1.960073e-07,-0.0031065045
1.961073e-07,-0.00310761423
1.962073e-07,-0.00311316288
1.963073e-07,-0.00312167081
1.964073e-07,-0.00313054865
1.965073e-07,-0.00313646721
1.966073e-07,-0.00313683712
1.967073e-07,-0.00313202829
1.968073e-07,-0.00312315045
1.969073e-07,-0.0031139027
1.970073e-07,-0.00310724432
1.971073e-07,-0.00310465495
1.972073e-07,-0.00310613459
1.973073e-07,-0.00310983369
1.974073e-07,-0.00311316288
1.975073e-07,-0.00311464252
1.976073e-07,-0.0031139027
1.977073e-07,-0.00311131333
1.978073e-07,-0.00310724432
1.979073e-07,-0.00310243549
1.980073e-07,-0.00309614702
1.981073e-07,-0.00308837891
1.982073e-07,-0.00307765152
1.983073e-07,-0.00306507457
1.984073e-07,-0.00305249763
1.985073e-07,-0.00304214015
1.986073e-07,-0.00303622159
1.987073e-07,-0.00303548177
1.988073e-07,-0.00303844105
1.989073e-07,-0.00304361979
1.990073e-07,-0.00304805871
1.991073e-07,-0.00304953835
1.992073e-07,-0.0030476888
1.993073e-07,-0.00304287997
1.994073e-07,-0.00303622159
1.995073e-07,-0.00302882339
1.996073e-07,-0.0030217951
1.997073e-07,-0.00301402699
1.998073e-07,-0.00300662879
1.999073e-07,-0.00299923059
2.000073e-07,-0.00299331203
2.001073e-07,-0.00298961293
2.002073e-07,-0.00298887311
2.003073e-07,-0.00299072266
2.004073e-07,-0.00299331203
2.005073e-07,-0.00299516158
2.006073e-07,-0.00299479167
2.007073e-07,-0.00299183239
2.008073e-07,-0.00298739347
2.009073e-07,-0.00298406428
2.010073e-07,-0.00298295455
2.011073e-07,-0.0029848041
2.012073e-07,-0.00298887311
2.013073e-07,-0.00299294212
2.014073e-07,-0.00299479167
2.015073e-07,-0.00299368194
2.016073e-07,-0.00299035275
2.017073e-07,-0.00298591383
2.018073e-07,-0.00298295455
2.019073e-07,-0.00298221473
2.020073e-07,-0.00298406428
2.021073e-07,-0.00298665365
2.022073e-07,-0.00298887311
2.023073e-07,-0.00298961293
2.024073e-07,-0.00298924302
2.025073e-07,-0.0029885032
2.026073e-07,-0.00298887311
2.027073e-07,-0.00299109257
2.028073e-07,-0.00299442176
2.029073e-07,-0.00299812086
2.030073e-07,-0.00300071023
2.031073e-07,-0.00300218987
2.032073e-07,-0.0030032996
2.033073e-07,-0.00300625888
2.034073e-07,-0.00301254735
2.035073e-07,-0.00302290483
2.036073e-07,-0.00303585168
2.037073e-07,-0.00304916844
2.038073e-07,-0.00305989583
2.039073e-07,-0.00306581439
2.040073e-07,-0.00306655421
2.041073e-07,-0.00306359493
2.042073e-07,-0.00305989583
2.043073e-07,-0.00305804628
2.044073e-07,-0.00305915601
2.045073e-07,-0.00306433475
2.046073e-07,-0.00307173295
2.047073e-07,-0.0030806108
2.048073e-07,-0.00308948864
2.049073e-07,-0.00309836648
2.050073e-07,-0.00310724432
2.051073e-07,-0.00311649207
2.052073e-07,-0.00312610973
2.053073e-07,-0.00313498757
2.054073e-07,-0.00314275568
2.055073e-07,-0.00314830433
2.056073e-07,-0.0031508937
2.057073e-07,-0.0031508937
2.058073e-07,-0.00314867424
2.059073e-07,-0.00314497514
2.060073e-07,-0.00314127604
2.061073e-07,-0.00313794685
2.062073e-07,-0.00313683712
2.063073e-07,-0.00313868667
2.064073e-07,-0.00314386541
2.065073e-07,-0.00315163352
2.066073e-07,-0.00316051136
2.067073e-07,-0.00316864938
2.068073e-07,-0.00317345821
2.069073e-07,-0.00317456795
2.070073e-07,-0.00317234848
2.071073e-07,-0.0031693892
2.072073e-07,-0.00316864938
2.073073e-07,-0.00317160866
2.074073e-07,-0.00317826705
2.075073e-07,-0.00318677498
2.076073e-07,-0.00319417318
2.077073e-07,-0.00319713246
2.078073e-07,-0.00319602273
2.079073e-07,-0.00319195372
2.080073e-07,-0.00318899444
2.081073e-07,-0.00318973426
2.082073e-07,-0.00319602273
2.083073e-07,-0.00320638021
2.084073e-07,-0.0032171076
2.085073e-07,-0.00322413589
2.086073e-07,-0.00322561553
2.087073e-07,-0.00322154652
2.088073e-07,-0.00321525805
2.089073e-07,-0.0032097094
2.090073e-07,-0.00320785985
2.091073e-07,-0.00320896958
2.092073e-07,-0.00321044922
2.093073e-07,-0.00320859967
2.094073e-07,-0.00320194129
2.095073e-07,-0.00319084399
2.096073e-07,-0.00317826705
2.097073e-07,-0.0031693892
2.098073e-07,-0.00316642992
2.099073e-07,-0.0031693892
2.100073e-07,-0.00317530777
2.101073e-07,-0.00317937678
2.102073e-07,-0.00317826705
2.103073e-07,-0.00317086884
2.104073e-07,-0.00315977154
2.105073e-07,-0.00314904415
2.106073e-07,-0.00314275568
2.107073e-07,-0.00314164595
2.108073e-07,-0.0031434955
2.109073e-07,-0.00314497514
2.110073e-07,-0.00314275568
2.111073e-07,-0.00313646721
2.112073e-07,-0.00312906901
2.113073e-07,-0.00312389027
2.114073e-07,-0.003125
2.115073e-07,-0.00313276811
2.116073e-07,-0.00314423532
2.117073e-07,-0.0031545928
2.118073e-07,-0.00316051136
2.119073e-07,-0.00315977154
2.120073e-07,-0.00315496271
2.121073e-07,-0.00314978397
2.122073e-07,-0.00314867424
2.123073e-07,-0.00315311316
2.124073e-07,-0.003161991
2.125073e-07,-0.00317123875
2.126073e-07,-0.00317826705
2.127073e-07,-0.00318196615
2.128073e-07,-0.00318418561
2.129073e-07,-0.00318973426
2.130073e-07,-0.00320194129
2.131073e-07,-0.00322117661
2.132073e-07,-0.00324411103
2.133073e-07,-0.0032651959
2.134073e-07,-0.00327888258
2.135073e-07,-0.0032833215
2.136073e-07,-0.00328036222
2.137073e-07,-0.00327481357
2.138073e-07,-0.00327296402
2.139073e-07,-0.00327740294
2.140073e-07,-0.00328776042
2.141073e-07,-0.00329959754
2.142073e-07,-0.00330847538
2.143073e-07,-0.00331106475
2.144073e-07,-0.00330847538
2.145073e-07,-0.00330403646
2.146073e-07,-0.00330255682
2.147073e-07,-0.00330699574
2.148073e-07,-0.00331698331
2.149073e-07,-0.00332697088
2.150073e-07,-0.00333214962
2.151073e-07,-0.00332808061
2.152073e-07,-0.00331402403
2.153073e-07,-0.00329367898
2.154073e-07,-0.00327296402
2.155073e-07,-0.00325705788
2.156073e-07,-0.00324891986
2.157073e-07,-0.00324707031
2.158073e-07,-0.00324928977
2.159073e-07,-0.00325150923
2.160073e-07,-0.00325150923
2.161073e-07,-0.0032503995
2.162073e-07,-0.00324928977
2.163073e-07,-0.00325076941
2.164073e-07,-0.00325520833
2.165073e-07,-0.0032614968
2.166073e-07,-0.00326704545
2.167073e-07,-0.00326963482
2.168073e-07,-0.00326852509
2.169073e-07,-0.00326482599
2.170073e-07,-0.00326112689
2.171073e-07,-0.00325927734
2.172073e-07,-0.00326112689
2.173073e-07,-0.00326630563
2.174073e-07,-0.00327296402
2.175073e-07,-0.00328036222
2.176073e-07,-0.00328739051
2.177073e-07,-0.0032944188
2.178073e-07,-0.00330255682
2.179073e-07,-0.00331180457
2.180073e-07,-0.00332179214
2.181073e-07,-0.00333103989
2.182073e-07,-0.00333806818
2.183073e-07,-0.00334213719
2.184073e-07,-0.00334398674
2.185073e-07,-0.00334583629
2.186073e-07,-0.0033499053
2.187073e-07,-0.00335767341
2.188073e-07,-0.0033684008
2.189073e-07,-0.00338060784
2.190073e-07,-0.00339133523
2.191073e-07,-0.00339910334
2.192073e-07,-0.00340354226
2.193073e-07,-0.00340613163
2.194073e-07,-0.00340909091
2.195073e-07,-0.00341463956
2.196073e-07,-0.00342277758
2.197073e-07,-0.00343350497
2.198073e-07,-0.00344460227
2.199073e-07,-0.00345348011
2.200073e-07,-0.00345939867
2.201073e-07,-0.00346198804
2.202073e-07,-0.00346235795
2.203073e-07,-0.00346161813
2.204073e-07,-0.00346124822
2.205073e-07,-0.00346161813
2.206073e-07,-0.00346235795
2.207073e-07,-0.00346346768
2.208073e-07,-0.00346494732
2.209073e-07,-0.00346642696
2.210073e-07,-0.00346827652
2.211073e-07,-0.00347012607
2.212073e-07,-0.00347197562
2.213073e-07,-0.00347345526
2.214073e-07,-0.00347419508
2.215073e-07,-0.0034749349
2.216073e-07,-0.00347567472
2.217073e-07,-0.00347752427
2.218073e-07,-0.00348011364
2.219073e-07,-0.00348344283
2.220073e-07,-0.00348640211
2.221073e-07,-0.00348899148
2.222073e-07,-0.00349195076
2.223073e-07,-0.00349601977
2.224073e-07,-0.00350304806
2.225073e-07,-0.00351377545
2.226073e-07,-0.00352746212
2.227073e-07,-0.0035415187
2.228073e-07,-0.00355298591
2.229073e-07,-0.00355853456
2.230073e-07,-0.00355705492
2.231073e-07,-0.00355002663
2.232073e-07,-0.00354114879
2.233073e-07,-0.00353449041
2.234073e-07,-0.00353338068
2.235073e-07,-0.00353929924
2.236073e-07,-0.00355113636
2.237073e-07,-0.00356593277
2.238073e-07,-0.00358072917
2.239073e-07,-0.00359404593
2.240073e-07,-0.00360551314
2.241073e-07,-0.00361661044
2.242073e-07,-0.00362807765
2.243073e-07,-0.00364065459
2.244073e-07,-0.00365397135
2.245073e-07,-0.00366580848
2.246073e-07,-0.00367542614
2.247073e-07,-0.00368319425
2.248073e-07,-0.00369059245
2.249073e-07,-0.00369947029
2.250073e-07,-0.0037109375
2.251073e-07,-0.00372536399
2.252073e-07,-0.00374016039
2.253073e-07,-0.00375384706
2.254073e-07,-0.00376420455
2.255073e-07,-0.00377123284
2.256073e-07,-0.00377678149
2.257073e-07,-0.00378380978
2.258073e-07,-0.00379379735
2.259073e-07,-0.00380711411
2.260073e-07,-0.0038215406
2.261073e-07,-0.00383374763
2.262073e-07,-0.00384114583
2.263073e-07,-0.00384299538
2.264073e-07,-0.00384040601
2.265073e-07,-0.00383670691
2.266073e-07,-0.00383522727
2.267073e-07,-0.00383707682
2.268073e-07,-0.00384114583
2.269073e-07,-0.00384558475
2.270073e-07,-0.00384706439
2.271073e-07,-0.00384447502
2.272073e-07,-0.00383781664
2.273073e-07,-0.00383004853
2.274073e-07,-0.00382339015
2.275073e-07,-0.00381932114
2.276073e-07,-0.00381821141
2.277073e-07,-0.00381821141
2.278073e-07,-0.00381747159
2.279073e-07,-0.00381488222
2.280073e-07,-0.00381007339
2.281073e-07,-0.00380489465
2.282073e-07,-0.00379971591
2.283073e-07,-0.0037956469
2.284073e-07,-0.00379157789
2.285073e-07,-0.00378713897
2.286073e-07,-0.00378196023
2.287073e-07,-0.00377641158
2.288073e-07,-0.00377271248
2.289073e-07,-0.00377234257
2.290073e-07,-0.00377604167
2.291073e-07,-0.00378270005
2.292073e-07,-0.00379009825
2.293073e-07,-0.00379416726
2.294073e-07,-0.00379379735
2.295073e-07,-0.00378935843
2.296073e-07,-0.00378270005
2.297073e-07,-0.00377789122
2.298073e-07,-0.00377604167
2.299073e-07,-0.0037771514
2.300073e-07,-0.00377863104
2.301073e-07,-0.00377678149
2.302073e-07,-0.00377012311
2.303073e-07,-0.00375939571
2.304073e-07,-0.0037479285
2.305073e-07,-0.00374090021
2.306073e-07,-0.0037405303
2.307073e-07,-0.00374755859
2.308073e-07,-0.00375791607
2.309073e-07,-0.00376716383
2.310073e-07,-0.00377012311
2.311073e-07,-0.00376568419
2.312073e-07,-0.0037553267
2.313073e-07,-0.00374385949
2.314073e-07,-0.00373461174
2.315073e-07,-0.00372980291
2.316073e-07,-0.00372869318
2.317073e-07,-0.00372721354
2.318073e-07,-0.00372277462
2.319073e-07,-0.0037146366
2.320073e-07,-0.00370538885
2.321073e-07,-0.00369910038
2.322073e-07,-0.00369910038
2.323073e-07,-0.00370686849
2.324073e-07,-0.00371944543
2.325073e-07,-0.00373239228
2.326073e-07,-0.0037405303
2.327073e-07,-0.0037405303
2.328073e-07,-0.0037331321
2.329073e-07,-0.0037220348
2.330073e-07,-0.0037109375
2.331073e-07,-0.00370316939
2.332073e-07,-0.00369873047
2.333073e-07,-0.0036961411
2.334073e-07,-0.00369318182
2.335073e-07,-0.0036887429
2.336073e-07,-0.00368430398
2.337073e-07,-0.00368282434
2.338073e-07,-0.00368726326
2.339073e-07,-0.00369762074
2.340073e-07,-0.00371204723
2.341073e-07,-0.0037257339
2.342073e-07,-0.00373461174
2.343073e-07,-0.00373609138
2.344073e-07,-0.00373128255
2.345073e-07,-0.00372351444
2.346073e-07,-0.00371685606
2.347073e-07,-0.00371352687
2.348073e-07,-0.00371389678
2.349073e-07,-0.00371611624
2.350073e-07,-0.00371685606
2.351073e-07,-0.00371574633
2.352073e-07,-0.00371352687
2.353073e-07,-0.00371315696
2.354073e-07,-0.00371685606
2.355073e-07,-0.0037257339
2.356073e-07,-0.00373794093
2.357073e-07,-0.00375014796
2.358073e-07,-0.00375828598
2.359073e-07,-0.00376124527
2.360073e-07,-0.00376087536
2.361073e-07,-0.00376050545
2.362073e-07,-0.00376420455
2.363073e-07,-0.00377382221
2.364073e-07,-0.00378787879
2.365073e-07,-0.00380378492
2.366073e-07,-0.00381747159
2.367073e-07,-0.00382708925
2.368073e-07,-0.00383300781
2.369073e-07,-0.00383855646
2.370073e-07,-0.00384706439
2.371073e-07,-0.00386075107
2.372073e-07,-0.00387850675
2.373073e-07,-0.00389700225
2.374073e-07,-0.00391216856
2.375073e-07,-0.0039210464
2.376073e-07,-0.00392252604
2.377073e-07,-0.00391845703
2.378073e-07,-0.00391216856
2.379073e-07,-0.00390588009
2.380073e-07,-0.00390181108
2.381073e-07,-0.00389996153
2.382073e-07,-0.00390033144
2.383073e-07,-0.0039025509
2.384073e-07,-0.00390735973
2.385073e-07,-0.00391475793
2.386073e-07,-0.00392400568
2.387073e-07,-0.00393325343
2.388073e-07,-0.00393880208
2.389073e-07,-0.00393806226
2.390073e-07,-0.00392992424
2.391073e-07,-0.00391623757
2.392073e-07,-0.00390181108
2.393073e-07,-0.0038914536
2.394073e-07,-0.00388849432
2.395073e-07,-0.00389330315
2.396073e-07,-0.00390181108
2.397073e-07,-0.00390957919
2.398073e-07,-0.00391216856
2.399073e-07,-0.00390846946
2.400073e-07,-0.00390144117
2.401073e-07,-0.0038951527
2.402073e-07,-0.00389441288
2.403073e-07,-0.00390070135
2.404073e-07,-0.00391142874
2.405073e-07,-0.00392252604
2.406073e-07,-0.00392992424
2.407073e-07,-0.00393177379
2.408073e-07,-0.00392992424
2.409073e-07,-0.00392992424
2.410073e-07,-0.0039358428
2.411073e-07,-0.00395026929
2.412073e-07,-0.00397024444
2.413073e-07,-0.00399132931
2.414073e-07,-0.00400686553
2.415073e-07,-0.00401352391
2.416073e-07,-0.00401204427
2.417073e-07,-0.00400760535
2.418073e-07,-0.00400686553
2.419073e-07,-0.00401500355
2.420073e-07,-0.00403238932
2.421073e-07,-0.00405569366
2.422073e-07,-0.00407788826
2.423073e-07,-0.00409305457
2.424073e-07,-0.00409749349
2.425073e-07,-0.00409268466
2.426073e-07,-0.00408380682
2.427073e-07,-0.00407677853
2.428073e-07,-0.00407640862
2.429073e-07,-0.00408343691
2.430073e-07,-0.00409564394
2.431073e-07,-0.0041089607
2.432073e-07,-0.00411931818
2.433073e-07,-0.00412449692
2.434073e-07,-0.00412523674
2.435073e-07,-0.0041237571
2.436073e-07,-0.00412301728
2.437073e-07,-0.00412523674
2.438073e-07,-0.0041311553
2.439073e-07,-0.00413929332
2.440073e-07,-0.00414817116
2.441073e-07,-0.00415556937
2.442073e-07,-0.00416074811
2.443073e-07,-0.00416333748
2.444073e-07,-0.00416444721
2.445073e-07,-0.00416518703
2.446073e-07,-0.00416666667
2.447073e-07,-0.00417036577
2.448073e-07,-0.00417591442
2.449073e-07,-0.00418331262
2.450073e-07,-0.00419034091
2.451073e-07,-0.00419551965
2.452073e-07,-0.0041973692
2.453073e-07,-0.00419514974
2.454073e-07,-0.00419034091
2.455073e-07,-0.00418516217
2.456073e-07,-0.00418220289
2.457073e-07,-0.00418368253
2.458073e-07,-0.00419034091
2.459073e-07,-0.00420032848
2.460073e-07,-0.00421105587
2.461073e-07,-0.00421993371
2.462073e-07,-0.00422585227
2.463073e-07,-0.00422955137
2.464073e-07,-0.00423325047
2.465073e-07,-0.00423916903
2.466073e-07,-0.00424952652
2.467073e-07,-0.00426284328
2.468073e-07,-0.00427726977
2.469073e-07,-0.00428910689
2.470073e-07,-0.004296875
2.471073e-07,-0.00430020419
2.472073e-07,-0.00430168383
2.473073e-07,-0.00430353338
2.474073e-07,-0.00430871212
2.475073e-07,-0.00431685014
2.476073e-07,-0.0043264678
2.477073e-07,-0.00433423591
2.478073e-07,-0.00433830492
2.479073e-07,-0.00433830492
2.480073e-07,-0.00433571555
2.481073e-07,-0.00433275627
2.482073e-07,-0.00433238636
2.483073e-07,-0.004333866
2.484073e-07,-0.00433571555
2.485073e-07,-0.00433423591
2.486073e-07,-0.0043264678
2.487073e-07,-0.0043116714
2.488073e-07,-0.00429169626
2.489073e-07,-0.00426987157
2.490073e-07,-0.00424952652
2.491073e-07,-0.00423251065
2.492073e-07,-0.00421845407
2.493073e-07,-0.00420513731
2.494073e-07,-0.00419034091
2.495073e-07,-0.00417221532
2.496073e-07,-0.00415224018
2.497073e-07,-0.00413152521
2.498073e-07,-0.00411339962
2.499073e-07,-0.00409860322
2.500073e-07,-0.00408713601
2.501073e-07,-0.00407714844
2.502073e-07,-0.00406605114
2.503073e-07,-0.00405310429
2.504073e-07,-0.0040390477
2.505073e-07,-0.00402499112
2.506073e-07,-0.00401278409
2.507073e-07,-0.00400316643
2.508073e-07,-0.00399502841
2.509073e-07,-0.00398689039
2.510073e-07,-0.00397727273
2.511073e-07,-0.00396617543
2.512073e-07,-0.00395470821
2.513073e-07,-0.00394620028
2.514073e-07,-0.00394176136
2.515073e-07,-0.00394213127
2.516073e-07,-0.00394509055
2.517073e-07,-0.00394804983
2.518073e-07,-0.00394767992
2.519073e-07,-0.00394361091
2.520073e-07,-0.00393732244
2.521073e-07,-0.00393177379
2.522073e-07,-0.00392992424
2.523073e-07,-0.00393251361
2.524073e-07,-0.00393843217
2.525073e-07,-0.00394435073
2.526073e-07,-0.00394767992
2.527073e-07,-0.0039469401
2.528073e-07,-0.003943241
2.529073e-07,-0.00394028172
2.530073e-07,-0.00394176136
2.531073e-07,-0.00394915956
2.532073e-07,-0.00396210642
2.533073e-07,-0.00397690282
2.534073e-07,-0.00398910985
2.535073e-07,-0.00399650805
2.536073e-07,-0.00399872751
2.537073e-07,-0.00399872751
2.538073e-07,-0.00400094697
2.539073e-07,-0.00400908499
2.540073e-07,-0.00402499112
2.541073e-07,-0.00404718572
2.542073e-07,-0.0040719697
2.543073e-07,-0.00409527403
2.544073e-07,-0.00411413944
2.545073e-07,-0.00412782611
2.546073e-07,-0.00413707386
2.547073e-07,-0.00414484197
2.548073e-07,-0.00415334991
2.549073e-07,-0.00416444721
2.550073e-07,-0.00417850379
2.551073e-07,-0.00419514974
2.552073e-07,-0.00421364524
2.553073e-07,-0.00423214074
2.554073e-07,-0.00424952652
2.555073e-07,-0.00426432292
2.556073e-07,-0.00427616004
2.557073e-07,-0.00428429806
2.558073e-07,-0.00429095644
2.559073e-07,-0.00429798473
2.560073e-07,-0.0043079723
2.561073e-07,-0.00432313861
2.562073e-07,-0.00434422348
2.563073e-07,-0.00436900746
2.564073e-07,-0.00439453125
2.565073e-07,-0.00441672585
2.566073e-07,-0.00443300189
2.567073e-07,-0.00444298946
2.568073e-07,-0.00444816821
2.569073e-07,-0.00445186731
2.570073e-07,-0.00445667614
2.571073e-07,-0.00446333452
2.572073e-07,-0.00447073272
2.573073e-07,-0.0044773911
2.574073e-07,-0.00448035038
2.575073e-07,-0.00447998047
2.576073e-07,-0.00447776101
2.577073e-07,-0.00447702119
2.578073e-07,-0.00448035038
2.579073e-07,-0.0044884884
2.580073e-07,-0.00450069543
2.581073e-07,-0.00451290246
2.582073e-07,-0.0045217803
2.583073e-07,-0.00452436967
2.584073e-07,-0.00451993075
2.585073e-07,-0.00451031309
2.586073e-07,-0.00449810606
2.587073e-07,-0.00448626894
2.588073e-07,-0.00447628137
2.589073e-07,-0.00446851326
2.590073e-07,-0.0044625947
2.591073e-07,-0.00445815578
2.592073e-07,-0.0044551965
2.593073e-07,-0.00445445668
2.594073e-07,-0.00445667614
2.595073e-07,-0.00446111506
2.596073e-07,-0.00446703362
2.597073e-07,-0.00447221236
2.598073e-07,-0.00447443182
2.599073e-07,-0.00447295218
2.600073e-07,-0.00446740353
2.601073e-07,-0.00445963542
2.602073e-07,-0.00445075758
2.603073e-07,-0.00444224964
2.604073e-07,-0.00443485144
2.605073e-07,-0.0044296727
2.606073e-07,-0.00442708333
2.607073e-07,-0.00442782315
2.608073e-07,-0.00443226207
2.609073e-07,-0.00444040009
2.610073e-07,-0.00445075758
2.611073e-07,-0.00446037524
2.612073e-07,-0.0044662938
2.613073e-07,-0.00446703362
2.614073e-07,-0.0044625947
2.615073e-07,-0.00445556641
2.616073e-07,-0.00445038767
2.617073e-07,-0.00445038767
2.618073e-07,-0.00445667614
2.619073e-07,-0.00446814335
2.620073e-07,-0.0044810902
2.621073e-07,-0.00449181759
2.622073e-07,-0.00449810606
2.623073e-07,-0.00450143525
2.624073e-07,-0.00450513435
2.625073e-07,-0.00451327237
2.626073e-07,-0.00452769886
2.627073e-07,-0.00454693419
2.628073e-07,-0.00456653942
2.629073e-07,-0.00458096591
2.630073e-07,-0.00458688447
2.631073e-07,-0.00458466501
2.632073e-07,-0.00457800663
2.633073e-07,-0.0045731978
2.634073e-07,-0.00457504735
2.635073e-07,-0.00458540483
2.636073e-07,-0.00460094105
2.637073e-07,-0.00461721709
2.638073e-07,-0.00462831439
2.639073e-07,-0.00463275331
2.640073e-07,-0.00463275331
2.641073e-07,-0.00463349313
2.642073e-07,-0.00464015152
2.643073e-07,-0.00465531783
2.644073e-07,-0.00467714252
2.645073e-07,-0.00470007694
2.646073e-07,-0.0047170928
2.647073e-07,-0.00472412109
2.648073e-07,-0.00472116181
2.649073e-07,-0.00471265388
2.650073e-07,-0.00470525568
2.651073e-07,-0.00470414595
2.652073e-07,-0.00471191406
2.653073e-07,-0.00472597064
2.654073e-07,-0.00474076705
2.655073e-07,-0.00475112453
2.656073e-07,-0.00475482363
2.657073e-07,-0.00475186435
2.658073e-07,-0.00474668561
2.659073e-07,-0.00474446615
2.660073e-07,-0.00474816525
2.661073e-07,-0.00475778291
2.662073e-07,-0.00477035985
2.663073e-07,-0.00478108724
2.664073e-07,-0.00478552616
2.665073e-07,-0.00478145715
2.666073e-07,-0.00477035985
2.667073e-07,-0.00475445372
2.668073e-07,-0.00473780777
2.669073e-07,-0.00472301136
2.670073e-07,-0.00471117424
2.671073e-07,-0.00470192649
2.672073e-07,-0.00469452829
2.673073e-07,-0.00468786991
2.674073e-07,-0.00468158144
2.675073e-07,-0.00467603279
2.676073e-07,-0.00467122396
2.677073e-07,-0.00466715495
2.678073e-07,-0.00466382576
2.679073e-07,-0.00466012666
2.680073e-07,-0.00465605765
2.681073e-07,-0.00465124882
2.682073e-07,-0.00464607008
2.683073e-07,-0.00464126125
2.684073e-07,-0.00463756214
2.685073e-07,-0.00463534268
2.686073e-07,-0.00463423295
2.687073e-07,-0.00463460286
2.688073e-07,-0.00463645241
2.689073e-07,-0.00464052143
2.690073e-07,-0.00464607008
2.691073e-07,-0.00465309837
2.692073e-07,-0.00466049657
2.693073e-07,-0.00466678504
2.694073e-07,-0.00466974432
2.695073e-07,-0.00466863459
2.696073e-07,-0.00466419567
2.697073e-07,-0.00465753729
2.698073e-07,-0.00465198864
2.699073e-07,-0.00465013909
2.700073e-07,-0.00465383819
2.701073e-07,-0.00466308594
2.702073e-07,-0.00467566288
2.703073e-07,-0.00468897964
2.704073e-07,-0.00470044685
2.705073e-07,-0.00470784505
2.706073e-07,-0.00471117424
2.707073e-07,-0.00471228397
2.708073e-07,-0.0047133937
2.709073e-07,-0.00471672289
2.710073e-07,-0.00472301136
2.711073e-07,-0.00473225911
2.712073e-07,-0.00474224669
2.713073e-07,-0.00475149444
2.714073e-07,-0.00475852273
2.715073e-07,-0.00476296165
2.716073e-07,-0.00476555102
2.717073e-07,-0.00476740057
2.718073e-07,-0.00477035985
2.719073e-07,-0.00477442886
2.720073e-07,-0.0047796076
2.721073e-07,-0.00478441643
2.722073e-07,-0.00478811553
2.723073e-07,-0.0047907049
2.724073e-07,-0.00479218454
2.725073e-07,-0.00479477391
2.726073e-07,-0.00479995265
2.727073e-07,-0.00480846058
2.728073e-07,-0.0048202977
2.729073e-07,-0.00483398438
2.730073e-07,-0.00484730114
2.731073e-07,-0.00485839844
2.732073e-07,-0.00486579664
2.733073e-07,-0.00486949574
2.734073e-07,-0.00487097538
2.735073e-07,-0.0048717152
2.736073e-07,-0.00487430457
2.737073e-07,-0.00487985322
2.738073e-07,-0.00488873106
2.739073e-07,-0.00490093809
2.740073e-07,-0.00491499467
2.741073e-07,-0.00492905125
2.742073e-07,-0.00494199811
2.743073e-07,-0.00495198568
2.744073e-07,-0.00495827415
2.745073e-07,-0.00496086352
2.746073e-07,-0.00495975379
2.747073e-07,-0.00495605469
2.748073e-07,-0.00495087595
2.749073e-07,-0.00494606712
2.750073e-07,-0.00494199811
2.751073e-07,-0.00494014856
2.752073e-07,-0.00494051847
2.753073e-07,-0.00494347775
2.754073e-07,-0.00494791667
2.755073e-07,-0.00495309541
2.756073e-07,-0.00495753433
2.757073e-07,-0.0049601237
2.758073e-07,-0.00495975379
2.759073e-07,-0.00495605469
2.760073e-07,-0.00494939631
2.761073e-07,-0.00494014856
2.762073e-07,-0.00493016098
2.763073e-07,-0.00492054332
2.764073e-07,-0.00491314512
2.765073e-07,-0.00490833629
2.766073e-07,-0.00490648674
2.767073e-07,-0.00490648674
2.768073e-07,-0.00490722656
2.769073e-07,-0.00490722656
2.770073e-07,-0.00490648674
2.771073e-07,-0.0049050071
2.772073e-07,-0.00490389737
2.773073e-07,-0.00490389737
2.774073e-07,-0.00490648674
2.775073e-07,-0.00491055575
2.776073e-07,-0.00491536458
2.777073e-07,-0.00491832386
2.778073e-07,-0.00491832386
2.779073e-07,-0.00491425485
2.780073e-07,-0.00490648674
2.781073e-07,-0.00489723899
2.782073e-07,-0.00488873106
2.783073e-07,-0.00488318241
2.784073e-07,-0.00488207268
2.785073e-07,-0.00488429214
2.786073e-07,-0.00488873106
2.787073e-07,-0.00489280007
2.788073e-07,-0.00489464962
2.789073e-07,-0.00489316998
2.790073e-07,-0.00488873106
2.791073e-07,-0.00488207268
2.792073e-07,-0.00487430457
2.793073e-07,-0.00486690637
2.794073e-07,-0.00485913826
2.795073e-07,-0.00485137015
2.796073e-07,-0.00484286222
2.797073e-07,-0.00483324455
2.798073e-07,-0.00482362689
2.799073e-07,-0.00481437914
2.800073e-07,-0.00480624112
2.801073e-07,-0.00479995265
2.802073e-07,-0.00479403409
2.803073e-07,-0.00478811553
2.804073e-07,-0.00478108724
2.805073e-07,-0.00477294922
2.806073e-07,-0.00476444129
2.807073e-07,-0.00475630327
2.808073e-07,-0.00474927498
2.809073e-07,-0.0047426166
2.810073e-07,-0.00473484848
2.811073e-07,-0.00472301136
2.812073e-07,-0.00470525568
2.813073e-07,-0.00468084162
2.814073e-07,-0.00465198864
2.815073e-07,-0.00462313565
2.816073e-07,-0.0045990915
2.817073e-07,-0.00458281546
2.818073e-07,-0.00457504735
2.819073e-07,-0.0045731978
2.820073e-07,-0.00457282789
2.821073e-07,-0.00456838897
2.822073e-07,-0.00455729167
2.823073e-07,-0.00453953598
2.824073e-07,-0.00451771129
2.825073e-07,-0.00449477687
2.826073e-07,-0.00447443182
2.827073e-07,-0.00445667614
2.828073e-07,-0.00444113991
2.829073e-07,-0.00442560369
2.830073e-07,-0.00440932765
2.831073e-07,-0.00439305161
2.832073e-07,-0.00437936494
2.833073e-07,-0.0043704871
2.834073e-07,-0.00436789773
2.835073e-07,-0.00436974728
2.836073e-07,-0.00437270656
2.837073e-07,-0.00437270656
2.838073e-07,-0.00436789773
2.839073e-07,-0.00435864998
2.840073e-07,-0.0043482925
2.841073e-07,-0.00434237393
2.842073e-07,-0.00434422348
2.843073e-07,-0.00435421106
2.844073e-07,-0.00436974728
2.845073e-07,-0.00438565341
2.846073e-07,-0.00439749053
2.847073e-07,-0.00440303918
2.848073e-07,-0.00440414891
2.849073e-07,-0.00440451882
2.850073e-07,-0.00440932765
2.851073e-07,-0.00442116477
2.852073e-07,-0.00443929036
2.853073e-07,-0.00446037524
2.854073e-07,-0.00448035038
2.855073e-07,-0.00449551669
2.856073e-07,-0.00450513435
2.857073e-07,-0.00451105291
2.858073e-07,-0.00451586174
2.859073e-07,-0.00452252012
2.860073e-07,-0.00453139796
2.861073e-07,-0.00454175545
2.862073e-07,-0.00455137311
2.863073e-07,-0.00455914122
2.864073e-07,-0.0045657996
2.865073e-07,-0.00457208807
2.866073e-07,-0.00458096591
2.867073e-07,-0.00459280303
2.868073e-07,-0.00460722952
2.869073e-07,-0.00462165601
2.870073e-07,-0.00463423295
2.871073e-07,-0.0046431108
2.872073e-07,-0.00464902936
2.873073e-07,-0.00465309837
2.874073e-07,-0.0046579072
2.875073e-07,-0.00466382576
2.876073e-07,-0.00467011423
2.877073e-07,-0.00467455315
2.878073e-07,-0.00467566288
2.879073e-07,-0.0046727036
2.880073e-07,-0.00466752486
2.881073e-07,-0.00466345585
2.882073e-07,-0.00466382576
2.883073e-07,-0.00467048414
2.884073e-07,-0.00468232126
2.885073e-07,-0.00469526811
2.886073e-07,-0.00470525568
2.887073e-07,-0.00470895478
2.888073e-07,-0.00470562559
2.889073e-07,-0.00469711766
2.890073e-07,-0.0046875
2.891073e-07,-0.0046801018
2.892073e-07,-0.00467677261
2.893073e-07,-0.00467788234
2.894073e-07,-0.00468158144
2.895073e-07,-0.00468639027
2.896073e-07,-0.00469156901
2.897073e-07,-0.00469748757
2.898073e-07,-0.00470525568
2.899073e-07,-0.00471635298
2.900073e-07,-0.00473114938
2.901073e-07,-0.00474779534
2.902073e-07,-0.00476444129
2.903073e-07,-0.00477849787
2.904073e-07,-0.00478885535
2.905073e-07,-0.00479588364
2.906073e-07,-0.00479995265
2.907073e-07,-0.00480328184
2.908073e-07,-0.00480772076
2.909073e-07,-0.00481437914
2.910073e-07,-0.00482362689
2.911073e-07,-0.00483583393
2.912073e-07,-0.00485100024
2.913073e-07,-0.00486727628
2.914073e-07,-0.0048828125
2.915073e-07,-0.00489538944
2.916073e-07,-0.00490241773
2.917073e-07,-0.00490204782
2.918073e-07,-0.00489464962
2.919073e-07,-0.00488207268
2.920073e-07,-0.00486727628
2.921073e-07,-0.00485358961
2.922073e-07,-0.00484138258
2.923073e-07,-0.00483028527
2.924073e-07,-0.00481733842
2.925073e-07,-0.0047981031
2.926073e-07,-0.00477035985
2.927073e-07,-0.00473225911
2.928073e-07,-0.00468491063
2.929073e-07,-0.00463016394
2.930073e-07,-0.00456912879
2.931073e-07,-0.00450291489
2.932073e-07,-0.00443041252
2.933073e-07,-0.00435051196
2.934073e-07,-0.00426136364
2.935073e-07,-0.00416296757
2.936073e-07,-0.00405495384
2.937073e-07,-0.00393806226
2.938073e-07,-0.00381155303
2.939073e-07,-0.0036739465
2.940073e-07,-0.00352339311
2.941073e-07,-0.00335952296
2.942073e-07,-0.00318418561
2.943073e-07,-0.00300108014
2.944073e-07,-0.00281427557
2.945073e-07,-0.00262710109
2.946073e-07,-0.00243844697
2.947073e-07,-0.00224498402
2.948073e-07,-0.00204005386
2.949073e-07,-0.00181884766
2.950073e-07,-0.00158025568
2.951073e-07,-0.00132760713
2.952073e-07,-0.00106793028
2.953073e-07,-0.000809363163
2.954073e-07,-0.000556344697
2.955073e-07,-0.000309244792
2.956073e-07,-6.39944366e-05
2.957073e-07,0.000186064749
2.958073e-07,0.000443892045
2.959073e-07,0.000709487453
2.960073e-07,0.00097804214
2.961073e-07,0.00124252782
2.962073e-07,0.00149739583
2.963073e-07,0.00174190637
2.964073e-07,0.00197864879
2.965073e-07,0.00221354167
2.966073e-07,0.00245028409
2.967073e-07,0.00268887607
2.968073e-07,0.00292450876
2.969073e-07,0.0031508937
2.970073e-07,0.00336174242
2.971073e-07,0.0035563151
2.972073e-07,0.00373831084
2.973073e-07,0.00391438802
2.974073e-07,0.00408972538
2.975073e-07,0.00426580256
2.976073e-07,0.00443855054
2.977073e-07,0.00460094105
2.978073e-07,0.00474668561
2.979073e-07,0.00487356475
2.980073e-07,0.00498490767
2.981073e-07,0.00508811257
2.982073e-07,0.00519057765
2.983073e-07,0.00529600201
2.984073e-07,0.0054025361
2.985073e-07,0.00550389145
2.986073e-07,0.00559303977
2.987073e-07,0.00566628196
2.988073e-07,0.00572435784
2.989073e-07,0.00577244614
2.990073e-07,0.00581794508
2.991073e-07,0.00586418383
2.992073e-07,0.00591153232
2.993073e-07,0.0059551817
2.994073e-07,0.00598958333
2.995073e-07,0.00601177794
2.996073e-07,0.00602361506
2.997073e-07,0.00602953362
2.998073e-07,0.00603693182
2.999073e-07,0.00605024858
3.000073e-07,0.0060694839
3.001073e-07,0.00609056877
3.002073e-07,0.00610795455
3.003073e-07,0.00611646248
3.004073e-07,0.00611498284
3.005073e-07,0.00610647491
3.006073e-07,0.00609611742
3.007073e-07,0.00608834931
3.008073e-07,0.00608575994
3.009073e-07,0.00608686967
3.010073e-07,0.00609019886
3.011073e-07,0.00609315814
3.012073e-07,0.00609500769
3.013073e-07,0.00609759706
3.014073e-07,0.00610203598
3.015073e-07,0.00610906428
3.016073e-07,0.00611757221
3.017073e-07,0.00612386068
3.018073e-07,0.00612571023
3.019073e-07,0.00612238104
3.020073e-07,0.00611609257
3.021073e-07,0.00611017401
3.022073e-07,0.00610795455
3.023073e-07,0.00611091383
3.024073e-07,0.0061172023
3.025073e-07,0.00612349077
3.026073e-07,0.00612571023
3.027073e-07,0.00612349077
3.028073e-07,0.00611868194
3.029073e-07,0.00611609257
3.030073e-07,0.00611979167
3.031073e-07,0.00613125888
3.032073e-07,0.00614827474
3.033073e-07,0.00616603042
3.034073e-07,0.00617897727
3.035073e-07,0.00618452592
3.036073e-07,0.0061837861
3.037073e-07,0.00618045691
3.038073e-07,0.00617897727
3.039073e-07,0.00618230646
3.040073e-07,0.00618933475
3.041073e-07,0.00619747277
3.042073e-07,0.00620265152
3.043073e-07,0.00620228161
3.044073e-07,0.00619747277
3.045073e-07,0.00619192412
3.046073e-07,0.00619081439
3.047073e-07,0.00619636304
3.048073e-07,0.00620893999
3.049073e-07,0.0062241063
3.050073e-07,0.00623816288
3.051073e-07,0.00624704072
3.052073e-07,0.00625
3.053073e-07,0.00624963009
3.054073e-07,0.00625
3.055073e-07,0.00625406901
3.056073e-07,0.00626368667
3.057073e-07,0.00627700343
3.058073e-07,0.00629142992
3.059073e-07,0.0063051166
3.060073e-07,0.00631658381
3.061073e-07,0.0063273112
3.062073e-07,0.00633877841
3.063073e-07,0.00635135535
3.064073e-07,0.00636393229
3.065073e-07,0.00637428977
3.066073e-07,0.00638020833
3.067073e-07,0.00638094815
3.068073e-07,0.00637761896
3.069073e-07,0.00637428977
3.070073e-07,0.00637428977
3.071073e-07,0.00637983842
3.072073e-07,0.00638982599
3.073073e-07,0.00640166312
3.074073e-07,0.00640980114
3.075073e-07,0.00641165069
3.076073e-07,0.00640647195
3.077073e-07,0.00639648438
3.078073e-07,0.00638612689
3.079073e-07,0.0063790986
3.080073e-07,0.00637761896
3.081073e-07,0.00638094815
3.082073e-07,0.00638612689
3.083073e-07,0.00638908617
3.084073e-07,0.00638760653
3.085073e-07,0.00638057824
3.086073e-07,0.00636837121
3.087073e-07,0.00635357481
3.088073e-07,0.00633766868
3.089073e-07,0.00632250237
3.090073e-07,0.00630918561
3.091073e-07,0.00629771839
3.092073e-07,0.00628810073
3.093073e-07,0.00627996271
3.094073e-07,0.00627367424
3.095073e-07,0.00626775568
3.096073e-07,0.00626146721
3.097073e-07,0.0062536991
3.098073e-07,0.00624408144
3.099073e-07,0.00623298414
3.100073e-07,0.00622151693
3.101073e-07,0.00621115945
3.102073e-07,0.00620265152
3.103073e-07,0.00619562322
3.104073e-07,0.00618859493
3.105073e-07,0.00618119673
3.106073e-07,0.00617305871
3.107073e-07,0.00616566051
3.108073e-07,0.00616085168
3.109073e-07,0.00616122159
3.110073e-07,0.00616714015
3.111073e-07,0.00617749763
3.112073e-07,0.00618933475
3.113073e-07,0.0061985825
3.114073e-07,0.00620265152
3.115073e-07,0.00620154179
3.116073e-07,0.00619747277
3.117073e-07,0.00619266394
3.118073e-07,0.00619081439
3.119073e-07,0.00619229403
3.120073e-07,0.00619599313
3.121073e-07,0.00620006214
3.122073e-07,0.00620265152
3.123073e-07,0.00620302143
3.124073e-07,0.00620265152
3.125073e-07,0.00620413116
3.126073e-07,0.00620857008
3.127073e-07,0.00621633819
3.128073e-07,0.00622558594
3.129073e-07,0.00623335405
3.130073e-07,0.00623816288
3.131073e-07,0.00623927261
3.132073e-07,0.00623816288
3.133073e-07,0.00623742306
3.134073e-07,0.00623816288
3.135073e-07,0.00624075225
3.136073e-07,0.00624297171
3.137073e-07,0.0062426018
3.138073e-07,0.00623816288
3.139073e-07,0.00623039477
3.140073e-07,0.00622262666
3.141073e-07,0.00621855765
3.142073e-07,0.0062204072
3.143073e-07,0.0062278054
3.144073e-07,0.00623816288
3.145073e-07,0.00624667081
3.146073e-07,0.00625
3.147073e-07,0.00624667081
3.148073e-07,0.00623816288
3.149073e-07,0.00622854522
3.150073e-07,0.0062204072
3.151073e-07,0.00621485855
3.152073e-07,0.00621078954
3.153073e-07,0.00620524089
3.154073e-07,0.00619673295
3.155073e-07,0.00618489583
3.156073e-07,0.00617194898
3.157073e-07,0.00616122159
3.158073e-07,0.00615530303
3.159073e-07,0.00615382339
3.160073e-07,0.0061541933
3.161073e-07,0.00615160393
3.162073e-07,0.00614346591
3.163073e-07,0.00612866951
3.164073e-07,0.00610943419
3.165073e-07,0.00608982895
3.166073e-07,0.00607244318
3.167073e-07,0.00605801669
3.168073e-07,0.00604433002
3.169073e-07,0.00602805398
3.170073e-07,0.00600733902
3.171073e-07,0.00598292495
3.172073e-07,0.00595925071
3.173073e-07,0.0059403853
3.174073e-07,0.00593039773
3.175073e-07,0.00592817827
3.176073e-07,0.00592965791
3.177073e-07,0.00592817827
3.178073e-07,0.00591856061
3.179073e-07,0.0059000651
3.180073e-07,0.00587602095
3.181073e-07,0.00585271662
3.182073e-07,0.00583570076
3.183073e-07,0.00582756274
3.184073e-07,0.0058260831
3.185073e-07,0.00582645301
3.186073e-07,0.00582386364
3.187073e-07,0.00581609553
3.188073e-07,0.00580462831
3.189073e-07,0.00579390092
3.190073e-07,0.00578835227
3.191073e-07,0.00578909209
3.192073e-07,0.00579464074
3.193073e-07,0.00579981948
3.194073e-07,0.00580018939
3.195073e-07,0.00579390092
3.196073e-07,0.0057820638
3.197073e-07,0.00576911695
3.198073e-07,0.00575875947
3.199073e-07,0.00575284091
3.200073e-07,0.00574951172
3.201073e-07,0.00574655244
3.202073e-07,0.00574100379
3.203073e-07,0.00573286577
3.204073e-07,0.00572472775
3.205073e-07,0.00572065874
3.206073e-07,0.00572324811
3.207073e-07,0.00573138613
3.208073e-07,0.00574100379
3.209073e-07,0.00574544271
3.210073e-07,0.00574100379
3.211073e-07,0.00572768703
3.212073e-07,0.00571030125
3.213073e-07,0.00569513494
3.214073e-07,0.00568773674
3.215073e-07,0.00568884647
3.216073e-07,0.00569402521
3.217073e-07,0.00569772431
3.218073e-07,0.0056936553
3.219073e-07,0.00568107836
3.220073e-07,0.00566369259
3.221073e-07,0.00564815637
3.222073e-07,0.00564038826
3.223073e-07,0.0056418679
3.224073e-07,0.00564852628
3.225073e-07,0.00565407493
3.226073e-07,0.00565222538
3.227073e-07,0.00564075817
3.228073e-07,0.00562263258
3.229073e-07,0.00560450698
3.230073e-07,0.00559303977
3.231073e-07,0.00559008049
3.232073e-07,0.00559303977
3.233073e-07,0.00559599905
3.234073e-07,0.00559303977
3.235073e-07,0.00558194247
3.236073e-07,0.00556529652
3.237073e-07,0.00554939039
3.238073e-07,0.00553977273
3.239073e-07,0.00553829309
3.240073e-07,0.00554088246
3.241073e-07,0.00554162228
3.242073e-07,0.00553385417
3.243073e-07,0.00551535866
3.244073e-07,0.00548946496
3.245073e-07,0.00546394117
3.246073e-07,0.00544507576
3.247073e-07,0.00543656783
3.248073e-07,0.00543508819
3.249073e-07,0.00543471828
3.250073e-07,0.00542732008
3.251073e-07,0.0054099343
3.252073e-07,0.00538478042
3.253073e-07,0.00535851681
3.254073e-07,0.00533854167
3.255073e-07,0.0053285541
3.256073e-07,0.00532633464
3.257073e-07,0.00532633464
3.258073e-07,0.00532078598
3.259073e-07,0.00530561967
3.260073e-07,0.00528231534
3.261073e-07,0.00525716146
3.262073e-07,0.00523792614
3.263073e-07,0.00523015803
3.264073e-07,0.00523311731
3.265073e-07,0.00524199515
3.266073e-07,0.00524976326
3.267073e-07,0.00525087299
3.268073e-07,0.00524532434
3.269073e-07,0.00523681641
3.270073e-07,0.00523200758
3.271073e-07,0.00523533677
3.272073e-07,0.00524717389
3.273073e-07,0.00526418975
3.274073e-07,0.00527935606
3.275073e-07,0.0052882339
3.276073e-07,0.00528897372
3.277073e-07,0.00528416489
3.278073e-07,0.00527935606
3.279073e-07,0.00527898615
3.280073e-07,0.00528527462
3.281073e-07,0.00529637192
3.282073e-07,0.00530894886
3.283073e-07,0.00531930634
3.284073e-07,0.00532633464
3.285073e-07,0.00533003374
3.286073e-07,0.00533262311
3.287073e-07,0.0053359523
3.288073e-07,0.00534002131
3.289073e-07,0.0053433505
3.290073e-07,0.00534446023
3.291073e-07,0.00534261068
3.292073e-07,0.00533854167
3.293073e-07,0.00533447266
3.294073e-07,0.00533262311
3.295073e-07,0.00533262311
3.296073e-07,0.0053322532
3.297073e-07,0.00532892401
3.298073e-07,0.00532078598
3.299073e-07,0.00530820904
3.300073e-07,0.00529452237
3.301073e-07,0.00528379498
3.302073e-07,0.00527935606
3.303073e-07,0.00528046579
3.304073e-07,0.00528342507
3.305073e-07,0.00528268525
3.306073e-07,0.0052734375
3.307073e-07,0.005254942
3.308073e-07,0.00523015803
3.309073e-07,0.00520463423
3.310073e-07,0.00518465909
3.311073e-07,0.00517208215
3.312073e-07,0.00516542377
3.313073e-07,0.00515950521
3.314073e-07,0.00514914773
3.315073e-07,0.00513176196
3.316073e-07,0.00510808771
3.317073e-07,0.00508256392
3.318073e-07,0.00506036932
3.319073e-07,0.00504446319
3.320073e-07,0.00503484553
3.321073e-07,0.00502781723
3.322073e-07,0.00501893939
3.323073e-07,0.00500562263
3.324073e-07,0.00498786695
3.325073e-07,0.0049675219
3.326073e-07,0.00494791667
3.327073e-07,0.00493053089
3.328073e-07,0.00491462476
3.329073e-07,0.0048976089
3.330073e-07,0.00487689394
3.331073e-07,0.00485247988
3.332073e-07,0.00482584635
3.333073e-07,0.00480143229
3.334073e-07,0.00478219697
3.335073e-07,0.0047685103
3.336073e-07,0.00475815282
3.337073e-07,0.0047463157
3.338073e-07,0.00472892992
3.339073e-07,0.00470414595
3.340073e-07,0.00467418324
3.341073e-07,0.00464348071
3.342073e-07,0.00461647727
3.343073e-07,0.0045953924
3.344073e-07,0.00457874645
3.345073e-07,0.00456358014
3.346073e-07,0.00454545455
3.347073e-07,0.00452252012
3.348073e-07,0.00449551669
3.349073e-07,0.00446851326
3.350073e-07,0.00444483902
3.351073e-07,0.00442634351
3.352073e-07,0.00441154711
3.353073e-07,0.00439712062
3.354073e-07,0.00437973485
3.355073e-07,0.00435791016
3.356073e-07,0.00433238636
3.357073e-07,0.00430686257
3.358073e-07,0.00428503788
3.359073e-07,0.00426839193
3.360073e-07,0.00425581499
3.361073e-07,0.00424434777
3.362073e-07,0.00423177083
3.363073e-07,0.00421697443
3.364073e-07,0.00420143821
3.365073e-07,0.00418775154
3.366073e-07,0.00417850379
3.367073e-07,0.00417295514
3.368073e-07,0.0041677764
3.369073e-07,0.00415889856
3.370073e-07,0.00414299242
3.371073e-07,0.00411968809
3.372073e-07,0.00409268466
3.373073e-07,0.00406753078
3.374073e-07,0.00404829545
3.375073e-07,0.00403719815
3.376073e-07,0.00403238932
3.377073e-07,0.00402943004
3.378073e-07,0.00402462121
3.379073e-07,0.00401611328
3.380073e-07,0.00400538589
3.381073e-07,0.00399539832
3.382073e-07,0.00398910985
3.383073e-07,0.00398615057
3.384073e-07,0.00398393111
3.385073e-07,0.00397801255
3.386073e-07,0.00396543561
3.387073e-07,0.0039469401
3.388073e-07,0.00392659505
3.389073e-07,0.0039099491
3.390073e-07,0.00390033144
3.391073e-07,0.00389811198
3.392073e-07,0.00389959162
3.393073e-07,0.00389774207
3.394073e-07,0.00388849432
3.395073e-07,0.00387073864
3.396073e-07,0.00384780421
3.397073e-07,0.00382634943
3.398073e-07,0.00381155303
3.399073e-07,0.00380526456
3.400073e-07,0.00380452474
3.401073e-07,0.00380452474
3.402073e-07,0.00379971591
3.403073e-07,0.00378898852
3.404073e-07,0.00377419212
3.405073e-07,0.00376087536
3.406073e-07,0.00375236742
3.407073e-07,0.00374903823
3.408073e-07,0.00374755859
3.409073e-07,0.00374237985
3.410073e-07,0.00372869318
3.411073e-07,0.0037072384
3.412073e-07,0.00368245443
3.413073e-07,0.00366210938
3.414073e-07,0.00365175189
3.415073e-07,0.00365249171
3.416073e-07,0.00365988991
3.417073e-07,0.00366580848
3.418073e-07,0.00366358902
3.419073e-07,0.00365027225
3.420073e-07,0.00362844756
3.421073e-07,0.00360514323
3.422073e-07,0.00358664773
3.423073e-07,0.00357629025
3.424073e-07,0.00357259115
3.425073e-07,0.00357000178
3.426073e-07,0.00356297348
3.427073e-07,0.00355002663
3.428073e-07,0.0035341205
3.429073e-07,0.00352080374
3.430073e-07,0.003515625
3.431073e-07,0.00351969401
3.432073e-07,0.00352931167
3.433073e-07,0.00353818951
3.434073e-07,0.00353929924
3.435073e-07,0.00353079131
3.436073e-07,0.00351599491
3.437073e-07,0.0035008286
3.438073e-07,0.00349195076
3.439073e-07,0.00349158085
3.440073e-07,0.00349749941
3.441073e-07,0.00350341797
3.442073e-07,0.00350378788
3.443073e-07,0.00349638968
3.444073e-07,0.00348381274
3.445073e-07,0.00347271544
3.446073e-07,0.00346827652
3.447073e-07,0.00347271544
3.448073e-07,0.0034823331
3.449073e-07,0.00349084103
3.450073e-07,0.00349195076
3.451073e-07,0.00348344283
3.452073e-07,0.00346864643
3.453073e-07,0.00345385002
3.454073e-07,0.00344460227
3.455073e-07,0.00344312263
3.456073e-07,0.00344645182
3.457073e-07,0.00344682173
3.458073e-07,0.00343868371
3.459073e-07,0.00342018821
3.460073e-07,0.00339614406
3.461073e-07,0.00337394946
3.462073e-07,0.00336174242
3.463073e-07,0.00336211233
3.464073e-07,0.00337173
3.465073e-07,0.00338245739
3.466073e-07,0.00338541667
3.467073e-07,0.00337690874
3.468073e-07,0.00335915305
3.469073e-07,0.00333954782
3.470073e-07,0.00332623106
3.471073e-07,0.0033240116
3.472073e-07,0.00333030007
3.473073e-07,0.00333806818
3.474073e-07,0.00333806818
3.475073e-07,0.00332549124
3.476073e-07,0.00330107718
3.477073e-07,0.0032722242
3.478073e-07,0.00324928977
3.479073e-07,0.00323893229
3.480073e-07,0.00324263139
3.481073e-07,0.00325483842
3.482073e-07,0.00326704545
3.483073e-07,0.00327111446
3.484073e-07,0.00326371626
3.485073e-07,0.0032467004
3.486073e-07,0.00322561553
3.487073e-07,0.00320675012
3.488073e-07,0.00319306345
3.489073e-07,0.00318492543
3.490073e-07,0.00317826705
3.491073e-07,0.00317012902
3.492073e-07,0.00315977154
3.493073e-07,0.00314756451
3.494073e-07,0.00313683712
3.495073e-07,0.00312980883
3.496073e-07,0.00312610973
3.497073e-07,0.00312389027
3.498073e-07,0.00311908144
3.499073e-07,0.00310946378
3.500073e-07,0.00309503729
3.501073e-07,0.00307728161
3.502073e-07,0.00305989583
3.503073e-07,0.00304435961
3.504073e-07,0.00303030303
3.505073e-07,0.00301661636
3.506073e-07,0.00300071023
3.507073e-07,0.00298295455
3.508073e-07,0.00296482895
3.509073e-07,0.00295003255
3.510073e-07,0.00294152462
3.511073e-07,0.00293967507
3.512073e-07,0.00294152462
3.513073e-07,0.00294189453
3.514073e-07,0.00293560606
3.515073e-07,0.00292080966
3.516073e-07,0.00289861506
3.517073e-07,0.00287420099
3.518073e-07,0.00285274621
3.519073e-07,0.00283831972
3.520073e-07,0.00283092152
3.521073e-07,0.00282722242
3.522073e-07,0.00282315341
3.523073e-07,0.00281464548
3.524073e-07,0.0028005889
3.525073e-07,0.00278283321
3.526073e-07,0.0027639678
3.527073e-07,0.00274732185
3.528073e-07,0.002734375
3.529073e-07,0.00272438743
3.530073e-07,0.00271661932
3.531073e-07,0.00271033085
3.532073e-07,0.0027047822
3.533073e-07,0.0027010831
3.534073e-07,0.00269886364
3.535073e-07,0.00269664418
3.536073e-07,0.00269183535
3.537073e-07,0.0026829575
3.538073e-07,0.00266927083
3.539073e-07,0.0026533647
3.540073e-07,0.00263930812
3.541073e-07,0.00263190992
3.542073e-07,0.00263375947
3.543073e-07,0.00264300722
3.544073e-07,0.00265521425
3.545073e-07,0.00266335227
3.546073e-07,0.00266335227
3.547073e-07,0.00265410452
3.548073e-07,0.00263893821
3.549073e-07,0.00262414181
3.550073e-07,0.00261600379
3.551073e-07,0.00261674361
3.552073e-07,0.00262488163
3.553073e-07,0.00263634884
3.554073e-07,0.00264559659
3.555073e-07,0.00264929569
3.556073e-07,0.00264781605
3.557073e-07,0.00264374704
3.558073e-07,0.00263967803
3.559073e-07,0.00263782848
3.560073e-07,0.00263782848
3.561073e-07,0.00263708866
3.562073e-07,0.00263375947
3.563073e-07,0.002627471
3.564073e-07,0.00261970289
3.565073e-07,0.00261341442
3.566073e-07,0.00261008523
3.567073e-07,0.00260934541
3.568073e-07,0.00260749586
3.569073e-07,0.00260083748
3.570073e-07,0.00258641098
3.571073e-07,0.00256606593
3.572073e-07,0.00254424124
3.573073e-07,0.0025279652
3.574073e-07,0.00252130682
3.575073e-07,0.00252500592
3.576073e-07,0.00253425367
3.577073e-07,0.00254128196
3.578073e-07,0.0025390625
3.579073e-07,0.0025242661
3.580073e-07,0.00249911222
3.581073e-07,0.00247025923
3.582073e-07,0.00244436553
3.583073e-07,0.00242660985
3.584073e-07,0.00241662228
3.585073e-07,0.00241033381
3.586073e-07,0.00240293561
3.587073e-07,0.00239072857
3.588073e-07,0.00237408262
3.589073e-07,0.00235669685
3.590073e-07,0.00234375
3.591073e-07,0.00233820135
3.592073e-07,0.00233968099
3.593073e-07,0.00234338009
3.594073e-07,0.00234375
3.595073e-07,0.00233672171
3.596073e-07,0.00232229522
3.597073e-07,0.0023030599
3.598073e-07,0.00228456439
3.599073e-07,0.00227124763
3.600073e-07,0.00226495916
3.601073e-07,0.0022627397
3.602073e-07,0.00226089015
3.603073e-07,0.0022553415
3.604073e-07,0.00224461411
3.605073e-07,0.0022294478
3.606073e-07,0.00221354167
3.607073e-07,0.00220022491
3.608073e-07,0.00219097715
3.609073e-07,0.00218616832
3.610073e-07,0.00218394886
3.611073e-07,0.00218209931
3.612073e-07,0.00217987985
3.613073e-07,0.00217618075
3.614073e-07,0.00217211174
3.615073e-07,0.002166933
3.616073e-07,0.00215990471
3.617073e-07,0.00215028705
3.618073e-07,0.00213660038
3.619073e-07,0.00212032434
3.620073e-07,0.0021040483
3.621073e-07,0.00209110144
3.622073e-07,0.00208333333
3.623073e-07,0.00208148378
3.624073e-07,0.00208296342
3.625073e-07,0.00208481297
3.626073e-07,0.00208333333
3.627073e-07,0.00207704486
3.628073e-07,0.00206631747
3.629073e-07,0.00205411044
3.630073e-07,0.00204190341
3.631073e-07,0.00203117602
3.632073e-07,0.00202192827
3.633073e-07,0.0020119407
3.634073e-07,0.00200047348
3.635073e-07,0.00198789654
3.636073e-07,0.00197568951
3.637073e-07,0.00196570194
3.638073e-07,0.00195904356
3.639073e-07,0.00195460464
3.640073e-07,0.0019494259
3.641073e-07,0.00194128788
3.642073e-07,0.00192945076
3.643073e-07,0.00191502427
3.644073e-07,0.0019017075
3.645073e-07,0.00189245975
3.646073e-07,0.00188802083
3.647073e-07,0.00188654119
3.648073e-07,0.00188358191
3.649073e-07,0.00187470407
3.650073e-07,0.00185842803
3.651073e-07,0.00183697325
3.652073e-07,0.0018166282
3.653073e-07,0.00180294152
3.654073e-07,0.00179924242
3.655073e-07,0.00180331143
3.656073e-07,0.00180812027
3.657073e-07,0.00180664063
3.658073e-07,0.00179332386
3.659073e-07,0.00176816998
3.660073e-07,0.00173672763
3.661073e-07,0.00170750473
3.662073e-07,0.00168678977
3.663073e-07,0.00167717211
3.664073e-07,0.00167495265
3.665073e-07,0.00167421283
3.666073e-07,0.00166903409
3.667073e-07,0.00165682706
3.668073e-07,0.00164055102
3.669073e-07,0.00162538471
3.670073e-07,0.00161576705
3.671073e-07,0.00161206795
3.672073e-07,0.00161095821
3.673073e-07,0.00160577947
3.674073e-07,0.0015920928
3.675073e-07,0.00156915838
3.676073e-07,0.00154178504
3.677073e-07,0.00151774089
3.678073e-07,0.00150331439
3.679073e-07,0.00150072502
3.680073e-07,0.00150590376
3.681073e-07,0.0015110825
3.682073e-07,0.00150923295
3.683073e-07,0.00149739583
3.684073e-07,0.0014777906
3.685073e-07,0.00145781546
3.686073e-07,0.00144412879
3.687073e-07,0.0014407996
3.688073e-07,0.00144560843
3.689073e-07,0.00145263672
3.690073e-07,0.00145596591
3.691073e-07,0.0014518969
3.692073e-07,0.00144227924
3.693073e-07,0.00143192176
3.694073e-07,0.00142637311
3.695073e-07,0.00142822266
3.696073e-07,0.00143562086
3.697073e-07,0.00144264915
3.698073e-07,0.00144412879
3.699073e-07,0.00143784032
3.700073e-07,0.00142674302
3.701073e-07,0.00141675545
3.702073e-07,0.00141453598
3.703073e-07,0.00142267401
3.704073e-07,0.00143858014
3.705073e-07,0.00145596591
3.706073e-07,0.00146780303
3.707073e-07,0.00146965258
3.708073e-07,0.00146225438
3.709073e-07,0.00144967744
3.710073e-07,0.00143821023
3.711073e-07,0.00143081203
3.712073e-07,0.00142748284
3.713073e-07,0.00142526338
3.714073e-07,0.00142045455
3.715073e-07,0.00141231652
3.716073e-07,0.00140306877
3.717073e-07,0.0013967803
3.718073e-07,0.0013967803
3.719073e-07,0.00140306877
3.720073e-07,0.00141120679
3.721073e-07,0.00141490589
3.722073e-07,0.00140861742
3.723073e-07,0.00139160156
3.724073e-07,0.00136866714
3.725073e-07,0.00134647254
3.726073e-07,0.00133167614
3.727073e-07,0.0013264974
3.728073e-07,0.00132723722
3.729073e-07,0.00132723722
3.730073e-07,0.00131983902
3.731073e-07,0.00130245324
3.732073e-07,0.00127803918
3.733073e-07,0.00125399503
3.734073e-07,0.00123697917
3.735073e-07,0.0012306907
3.736073e-07,0.00123328007
3.737073e-07,0.00123734908
3.738073e-07,0.00123697917
3.739073e-07,0.00122773142
3.740073e-07,0.00121108546
3.741073e-07,0.00119258996
3.742073e-07,0.00117779356
3.743073e-07,0.00117076527
3.744073e-07,0.00117002545
3.745073e-07,0.00117224491
3.746073e-07,0.001171875
3.747073e-07,0.00116706617
3.748073e-07,0.00115892815
3.749073e-07,0.00115152995
3.750073e-07,0.00114820076
3.751073e-07,0.0011496804
3.752073e-07,0.00115226977
3.753073e-07,0.00115152995
3.754073e-07,0.0011422822
3.755073e-07,0.00112489643
3.756073e-07,0.00110344164
3.757073e-07,0.00108383641
3.758073e-07,0.00107125947
3.759073e-07,0.00106608073
3.760073e-07,0.00106386127
3.761073e-07,0.00105720289
3.762073e-07,0.00104166667
3.763073e-07,0.00101651278
3.764073e-07,0.000987659801
3.765073e-07,0.000964355469
3.766073e-07,0.000952888258
3.767073e-07,0.000955107718
3.768073e-07,0.000965465199
3.769073e-07,0.00097397313
3.770073e-07,0.000970643939
3.771073e-07,0.000952148438
3.772073e-07,0.000921815814
3.773073e-07,0.000888893821
3.774073e-07,0.000864109848
3.775073e-07,0.000852272727
3.776073e-07,0.000851162997
3.777073e-07,0.000852642637
3.778073e-07,0.000846354167
3.779073e-07,0.000825639205
3.780073e-07,0.000791607481
3.781073e-07,0.000751287287
3.782073e-07,0.000716145833
3.783073e-07,0.000694321141
3.784073e-07,0.00068803267
3.785073e-07,0.000692101681
3.786073e-07,0.000698390152
3.787073e-07,0.000697280421
3.788073e-07,0.00068470348
3.789073e-07,0.000661399148
3.790073e-07,0.000633285985
3.791073e-07,0.000606282552
3.792073e-07,0.00058445786
3.793073e-07,0.000568551728
3.794073e-07,0.000556344697
3.795073e-07,0.000544507576
3.796073e-07,0.000531930634
3.797073e-07,0.000519353693
3.798073e-07,0.000508996212
3.799073e-07,0.000502337831
3.800073e-07,0.000499748461
3.801073e-07,0.000499008641
3.802073e-07,0.000497159091
3.803073e-07,0.00049272017
3.804073e-07,0.00048606179
3.805073e-07,0.000479033499
3.806073e-07,0.000473484848
3.807073e-07,0.000470155658
3.808073e-07,0.000467936198
3.809073e-07,0.000463867188
3.810073e-07,0.000455729167
3.811073e-07,0.000443152225
3.812073e-07,0.000428725734
3.813073e-07,0.000415778883
3.814073e-07,0.000408380682
3.815073e-07,0.000407270952
3.816073e-07,0.000410230232
3.817073e-07,0.000413559422
3.818073e-07,0.000414299242
3.819073e-07,0.000410600142
3.820073e-07,0.000403571851
3.821073e-07,0.000396173651
3.822073e-07,0.000390625
3.823073e-07,0.00038729581
3.824073e-07,0.000384336529
3.825073e-07,0.000378048059
3.826073e-07,0.000366950758
3.827073e-07,0.000352154356
3.828073e-07,0.000337357955
3.829073e-07,0.000327740294
3.830073e-07,0.000325520833
3.831073e-07,0.000330329664
3.832073e-07,0.000337727865
3.833073e-07,0.000341426965
3.834073e-07,0.000337357955
3.835073e-07,0.000325150923
3.836073e-07,0.000309244792
3.837073e-07,0.00029592803
3.838073e-07,0.00029000947
3.839073e-07,0.00029296875
3.840073e-07,0.000300736861
3.841073e-07,0.000307395241
3.842073e-07,0.000307765152
3.843073e-07,0.000299997041
3.844073e-07,0.000287790009
3.845073e-07,0.000276692708
3.846073e-07,0.000272253788
3.847073e-07,0.000275952888
3.848073e-07,0.000285200639
3.849073e-07,0.00029370857
3.850073e-07,0.00029592803
3.851073e-07,0.00029037938
3.852073e-07,0.000278912169
3.853073e-07,0.000267444957
3.854073e-07,0.000260416667
3.855073e-07,0.000259676847
3.856073e-07,0.000261896307
3.857073e-07,0.000261896307
3.858073e-07,0.000254498106
3.859073e-07,0.000238961884
3.860073e-07,0.000219356652
3.861073e-07,0.000202340791
3.862073e-07,0.0001953125
3.863073e-07,0.00019975142
3.864073e-07,0.000212328362
3.865073e-07,0.000225275213
3.866073e-07,0.000230823864
3.867073e-07,0.000224535393
3.868073e-07,0.000208259351
3.869073e-07,0.000188284209
3.870073e-07,0.000171638258
3.871073e-07,0.000163500237
3.872073e-07,0.000164240057
3.873073e-07,0.000168678977
3.874073e-07,0.000171638258
3.875073e-07,0.000168678977
3.876073e-07,0.000159801136
3.877073e-07,0.000149073745
3.878073e-07,0.000142045455
3.879073e-07,0.000141305634
3.880073e-07,0.000146114465
3.881073e-07,0.000152402936
3.882073e-07,0.000153882576
3.883073e-07,0.000147594105
3.884073e-07,0.000133537524
3.885073e-07,0.000116151752
3.886073e-07,0.00010061553
3.887073e-07,9.13677794e-05
3.888073e-07,8.84084991e-05
3.889073e-07,8.91483191e-05
3.890073e-07,8.87784091e-05
3.891073e-07,8.43394886e-05
3.892073e-07,7.50917377e-05
3.893073e-07,6.36245265e-05
3.894073e-07,5.32670455e-05
3.895073e-07,4.66086648e-05
3.896073e-07,4.40192945e-05
3.897073e-07,4.29095644e-05
3.898073e-07,4.14299242e-05
3.899073e-07,3.81007339e-05
3.900073e-07,3.36618134e-05
3.901073e-07,2.99627131e-05
3.902073e-07,2.9592803e-05
3.903073e-07,3.18122633e-05
3.904073e-07,3.36618134e-05
3.905073e-07,3.18122633e-05
3.906073e-07,2.36742424e-05
3.907073e-07,9.24775095e-06
3.908073e-07,-7.7681108e-06
3.909073e-07,-2.18246922e-05
3.910073e-07,-2.9592803e-05
3.911073e-07,-2.9222893e-05
3.912073e-07,-2.40441525e-05
3.913073e-07,-1.88654119e-05
3.914073e-07,-1.77556818e-05
3.915073e-07,-2.25645123e-05
3.916073e-07,-3.18122633e-05
3.917073e-07,-4.10600142e-05
3.918073e-07,-4.73484848e-05
3.919073e-07,-5.03077652e-05
3.920073e-07,-5.25272254e-05
3.921073e-07,-5.8445786e-05
3.922073e-07,-7.10227273e-05
3.923073e-07,-9.02580492e-05
3.924073e-07,-0.000112082741
3.925073e-07,-0.000130948153
3.926073e-07,-0.000142045455
3.927073e-07,-0.000145374645
3.928073e-07,-0.000144264915
3.929073e-07,-0.000145374645
3.930073e-07,-0.000153882576
3.931073e-07,-0.000170898438
3.932073e-07,-0.00019309304
3.933073e-07,-0.000214547822
3.934073e-07,-0.000230823864
3.935073e-07,-0.000240441525
3.936073e-07,-0.000246729995
3.937073e-07,-0.000255977746
3.938073e-07,-0.000272253788
3.939073e-07,-0.00029666785
3.940073e-07,-0.000324041193
3.941073e-07,-0.000347715436
3.942073e-07,-0.000361032197
3.943073e-07,-0.000362141927
3.944073e-07,-0.000355483546
3.945073e-07,-0.000348455256
3.946073e-07,-0.000349195076
3.947073e-07,-0.000361772017
3.948073e-07,-0.000384336529
3.949073e-07,-0.000410230232
3.950073e-07,-0.000432054924
3.951073e-07,-0.000445001776
3.952073e-07,-0.000449440696
3.953073e-07,-0.000449070786
3.954073e-07,-0.000449810606
3.955073e-07,-0.000454989347
3.956073e-07,-0.000464976918
3.957073e-07,-0.000476444129
3.958073e-07,-0.00048532197
3.959073e-07,-0.0004901308
3.960073e-07,-0.00049235026
3.961073e-07,-0.000495309541
3.962073e-07,-0.000503077652
3.963073e-07,-0.000516024503
3.964073e-07,-0.000531190814
3.965073e-07,-0.000544137666
3.966073e-07,-0.000550426136
3.967073e-07,-0.000549686316
3.968073e-07,-0.000544877486
3.969073e-07,-0.000541548295
3.970073e-07,-0.000544507576
3.971073e-07,-0.000554495147
3.972073e-07,-0.000568181818
3.973073e-07,-0.000580388849
3.974073e-07,-0.0005859375
3.975073e-07,-0.00058445786
3.976073e-07,-0.000578909209
3.977073e-07,-0.000575949929
3.978073e-07,-0.000580018939
3.979073e-07,-0.000592225971
3.980073e-07,-0.000608502012
3.981073e-07,-0.000621818774
3.982073e-07,-0.000627367424
3.983073e-07,-0.000623668324
3.984073e-07,-0.000614790483
3.985073e-07,-0.000607762192
3.986073e-07,-0.000609611742
3.987073e-07,-0.000621448864
3.988073e-07,-0.000640314276
3.989073e-07,-0.000658069957
3.990073e-07,-0.000668797348
3.991073e-07,-0.000669537169
3.992073e-07,-0.000663248698
3.993073e-07,-0.000656960227
3.994073e-07,-0.000656960227
3.995073e-07,-0.000666207978
3.996073e-07,-0.00068137429
3.997073e-07,-0.000696170691
3.998073e-07,-0.000704308712
3.999073e-07,-0.000703198982
4.000073e-07,-0.000696170691
4.001073e-07,-0.000690252131
4.002073e-07,-0.000692471591
4.003073e-07,-0.000705048532
4.004073e-07,-0.000725393584
4.005073e-07,-0.000745368726
4.006073e-07,-0.000757575758
4.007073e-07,-0.000758685488
4.008073e-07,-0.000750917377
4.009073e-07,-0.000742039536
4.010073e-07,-0.000739820076
4.011073e-07,-0.000749437737
4.012073e-07,-0.000769782789
4.013073e-07,-0.000794936671
4.014073e-07,-0.000816761364
4.015073e-07,-0.000830448035
4.016073e-07,-0.000835996686
4.017073e-07,-0.000837106416
4.018073e-07,-0.000840435606
4.019073e-07,-0.000849683357
4.020073e-07,-0.000865219579
4.021073e-07,-0.00088371508
4.022073e-07,-0.000899621212
4.023073e-07,-0.000910718513
4.024073e-07,-0.000917746804
4.025073e-07,-0.000924405185
4.026073e-07,-0.000935132576
4.027073e-07,-0.000951038707
4.028073e-07,-0.000970643939
4.029073e-07,-0.000988399621
4.030073e-07,-0.00100023674
4.031073e-07,-0.00100430575
4.032073e-07,-0.00100393584
4.033073e-07,-0.00100467566
4.034073e-07,-0.00101207386
4.035073e-07,-0.00102834991
4.036073e-07,-0.00105128433
4.037073e-07,-0.00107347893
4.038073e-07,-0.00108901515
4.039073e-07,-0.00109382398
4.040073e-07,-0.00108975497
4.041073e-07,-0.00108198686
4.042073e-07,-0.00107717803
4.043073e-07,-0.00107939749
4.044073e-07,-0.00108790542
4.045073e-07,-0.00109900272
4.046073e-07,-0.00110677083
4.047073e-07,-0.00110862038
4.048073e-07,-0.00110455137
4.049073e-07,-0.00109863281
4.050073e-07,-0.00109493371
4.051073e-07,-0.00109604344
4.052073e-07,-0.00110011245
4.053073e-07,-0.00110307173
4.054073e-07,-0.00110085227
4.055073e-07,-0.00109160452
4.056073e-07,-0.00107717803
4.057073e-07,-0.00106275154
4.058073e-07,-0.00105350379
4.059073e-07,-0.00105239406
4.060073e-07,-0.0010575728
4.061073e-07,-0.00106534091
4.062073e-07,-0.00107125947
4.063073e-07,-0.00107273911
4.064073e-07,-0.00107088956
4.065073e-07,-0.00106904001
4.066073e-07,-0.00107125947
4.067073e-07,-0.00107828776
4.068073e-07,-0.0010871656
4.069073e-07,-0.00109419389
4.070073e-07,-0.00109493371
4.071073e-07,-0.00108864524
4.072073e-07,-0.00107791785
4.073073e-07,-0.0010686701
4.074073e-07,-0.00106534091
4.075073e-07,-0.00106904001
4.076073e-07,-0.00107754794
4.077073e-07,-0.00108568596
4.078073e-07,-0.00108901515
4.079073e-07,-0.00108679569
4.080073e-07,-0.00108235677
4.081073e-07,-0.00108161695
4.082073e-07,-0.00108901515
4.083073e-07,-0.00110529119
4.084073e-07,-0.00112600616
4.085073e-07,-0.00114450166
4.086073e-07,-0.00115411932
4.087073e-07,-0.00115226977
4.088073e-07,-0.00114191229
4.089073e-07,-0.00113007517
4.090073e-07,-0.00112452652
4.091073e-07,-0.00112896544
4.092073e-07,-0.00114265211
4.093073e-07,-0.00116114761
4.094073e-07,-0.00117779356
4.095073e-07,-0.00118889086
4.096073e-07,-0.00119480942
4.097073e-07,-0.0011977687
4.098073e-07,-0.0012014678
4.099073e-07,-0.00120775627
4.100073e-07,-0.00121478456
4.101073e-07,-0.00121959339
4.102073e-07,-0.00121922348
4.103073e-07,-0.00121367483
4.104073e-07,-0.00120590672
4.105073e-07,-0.00120072798
4.106073e-07,-0.0012014678
4.107073e-07,-0.00120812618
4.108073e-07,-0.0012162642
4.109073e-07,-0.00122144295
4.110073e-07,-0.00121922348
4.111073e-07,-0.00121071555
4.112073e-07,-0.00120035807
4.113073e-07,-0.00119554924
4.114073e-07,-0.0012014678
4.115073e-07,-0.00121737393
4.116073e-07,-0.0012380889
4.117073e-07,-0.00125473485
4.118073e-07,-0.00126065341
4.119073e-07,-0.00125362512
4.120073e-07,-0.0012380889
4.121073e-07,-0.00122218277
4.122073e-07,-0.00121330492
4.123073e-07,-0.00121515447
4.124073e-07,-0.00122588187
4.125073e-07,-0.00123882872
4.126073e-07,-0.00124881629
4.127073e-07,-0.00125325521
4.128073e-07,-0.00125399503
4.129073e-07,-0.00125695431
4.130073e-07,-0.00126657197
4.131073e-07,-0.00128321792
4.132073e-07,-0.00130208333
4.133073e-07,-0.00131613991
4.134073e-07,-0.00131983902
4.135073e-07,-0.00131170099
4.136073e-07,-0.00129653468
4.137073e-07,-0.00128321792
4.138073e-07,-0.00127840909
4.139073e-07,-0.00128506747
4.140073e-07,-0.00129949396
4.141073e-07,-0.00131355054
4.142073e-07,-0.00131983902
4.143073e-07,-0.00131577
4.144073e-07,-0.00130430279
4.145073e-07,-0.0012935754
4.146073e-07,-0.00129024621
4.147073e-07,-0.0012972745
4.148073e-07,-0.00131170099
4.149073e-07,-0.00132575758
4.150073e-07,-0.00133167614
4.151073e-07,-0.0013264974
4.152073e-07,-0.00131244081
4.153073e-07,-0.00129801432
4.154073e-07,-0.00129024621
4.155073e-07,-0.00129320549
4.156073e-07,-0.00130504261
4.157073e-07,-0.00131835938
4.158073e-07,-0.00132575758
4.159073e-07,-0.00132353812
4.160073e-07,-0.00131392045
4.161073e-07,-0.00130245324
4.162073e-07,-0.00129616477
4.163073e-07,-0.00129875414
4.164073e-07,-0.00130874171
4.165073e-07,-0.00131983902
4.166073e-07,-0.00132575758
4.167073e-07,-0.00132316821
4.168073e-07,-0.00131466027
4.169073e-07,-0.00130541252
4.170073e-07,-0.00130208333
4.171073e-07,-0.00130800189
4.172073e-07,-0.00132168857
4.173073e-07,-0.00133722479
4.174073e-07,-0.00134943182
4.175073e-07,-0.00135535038
4.176073e-07,-0.00135683002
4.177073e-07,-0.00135904948
4.178073e-07,-0.0013671875
4.179073e-07,-0.00138235381
4.180073e-07,-0.00140084931
4.181073e-07,-0.00141749527
4.182073e-07,-0.00142637311
4.183073e-07,-0.00142674302
4.184073e-07,-0.00142341383
4.185073e-07,-0.00142304392
4.186073e-07,-0.00143229167
4.187073e-07,-0.00145263672
4.188073e-07,-0.00147964015
4.189073e-07,-0.00150479403
4.190073e-07,-0.00152107008
4.191073e-07,-0.001525509
4.192073e-07,-0.0015218099
4.193073e-07,-0.00151774089
4.194073e-07,-0.00152107008
4.195073e-07,-0.00153512666
4.196073e-07,-0.00155695135
4.197073e-07,-0.00157840613
4.198073e-07,-0.0015920928
4.199073e-07,-0.00159431226
4.200073e-07,-0.0015883937
4.201073e-07,-0.0015809955
4.202073e-07,-0.00158025568
4.203073e-07,-0.00159024325
4.204073e-07,-0.00160799893
4.205073e-07,-0.00162723426
4.206073e-07,-0.00163944129
4.207073e-07,-0.00164092093
4.208073e-07,-0.00163463246
4.209073e-07,-0.00162723426
4.210073e-07,-0.00162760417
4.211073e-07,-0.00164018111
4.212073e-07,-0.00166348544
4.213073e-07,-0.00169011896
4.214073e-07,-0.00171046402
4.215073e-07,-0.00171860204
4.216073e-07,-0.00171453303
4.217073e-07,-0.00170306581
4.218073e-07,-0.00169270833
4.219073e-07,-0.00169011896
4.220073e-07,-0.00169751716
4.221073e-07,-0.00171194366
4.222073e-07,-0.0017282197
4.223073e-07,-0.00174227628
4.224073e-07,-0.00175300367
4.225073e-07,-0.00176262133
4.226073e-07,-0.00177556818
4.227073e-07,-0.00179295395
4.228073e-07,-0.00181403883
4.229073e-07,-0.00183327415
4.230073e-07,-0.00184659091
4.231073e-07,-0.00185102983
4.232073e-07,-0.00184881037
4.233073e-07,-0.00184548118
4.234073e-07,-0.00184659091
4.235073e-07,-0.00185657848
4.236073e-07,-0.00187396425
4.237073e-07,-0.0018943093
4.238073e-07,-0.00191169508
4.239073e-07,-0.00192131274
4.240073e-07,-0.00192316229
4.241073e-07,-0.00192020301
4.242073e-07,-0.00191761364
4.243073e-07,-0.00191872337
4.244073e-07,-0.00192390211
4.245073e-07,-0.00193056049
4.246073e-07,-0.00193536932
4.247073e-07,-0.00193610914
4.248073e-07,-0.00193388968
4.249073e-07,-0.00193241004
4.250073e-07,-0.00193536932
4.251073e-07,-0.00194461707
4.252073e-07,-0.00195904356
4.253073e-07,-0.00197310014
4.254073e-07,-0.0019827178
4.255073e-07,-0.00198456735
4.256073e-07,-0.00197938861
4.257073e-07,-0.00197125059
4.258073e-07,-0.00196496212
4.259073e-07,-0.0019642223
4.260073e-07,-0.00196866122
4.261073e-07,-0.00197642933
4.262073e-07,-0.0019827178
4.263073e-07,-0.00198530717
4.264073e-07,-0.00198345762
4.265073e-07,-0.00197975852
4.266073e-07,-0.00197679924
4.267073e-07,-0.00197605942
4.268073e-07,-0.00197716915
4.269073e-07,-0.00197827888
4.270073e-07,-0.00197679924
4.271073e-07,-0.00197273023
4.272073e-07,-0.00196718158
4.273073e-07,-0.00196385239
4.274073e-07,-0.00196496212
4.275073e-07,-0.00197051077
4.276073e-07,-0.00197753906
4.277073e-07,-0.0019827178
4.278073e-07,-0.0019827178
4.279073e-07,-0.00197679924
4.280073e-07,-0.0019679214
4.281073e-07,-0.00196089311
4.282073e-07,-0.00195904356
4.283073e-07,-0.00196385239
4.284073e-07,-0.00197236032
4.285073e-07,-0.00198012843
4.286073e-07,-0.0019827178
4.287073e-07,-0.00197938861
4.288073e-07,-0.00197310014
4.289073e-07,-0.00196829131
4.290073e-07,-0.00197088068
4.291073e-07,-0.00198197798
4.292073e-07,-0.00199936375
4.293073e-07,-0.00201748935
4.294073e-07,-0.00203006629
4.295073e-07,-0.00203450521
4.296073e-07,-0.00203154593
4.297073e-07,-0.00202599728
4.298073e-07,-0.00202414773
4.299073e-07,-0.00202932647
4.300073e-07,-0.0020415335
4.301073e-07,-0.00205743963
4.302073e-07,-0.00207149621
4.303073e-07,-0.00208037405
4.304073e-07,-0.00208407315
4.305073e-07,-0.00208555279
4.306073e-07,-0.00208925189
4.307073e-07,-0.00209886955
4.308073e-07,-0.0021151456
4.309073e-07,-0.00213512074
4.310073e-07,-0.00215435606
4.311073e-07,-0.00216841264
4.312073e-07,-0.00217618075
4.313073e-07,-0.0021780303
4.314073e-07,-0.0021780303
4.315073e-07,-0.00217914003
4.316073e-07,-0.00218320904
4.317073e-07,-0.00219134706
4.318073e-07,-0.00220170455
4.319073e-07,-0.00221354167
4.320073e-07,-0.0022257487
4.321073e-07,-0.00223758582
4.322073e-07,-0.00224905303
4.323073e-07,-0.00225830078
4.324073e-07,-0.00226347952
4.325073e-07,-0.00226236979
4.326073e-07,-0.00225497159
4.327073e-07,-0.00224313447
4.328073e-07,-0.00223129735
4.329073e-07,-0.00222426906
4.330073e-07,-0.00222537879
4.331073e-07,-0.00223462654
4.332073e-07,-0.0022479433
4.333073e-07,-0.00226052024
4.334073e-07,-0.00226680871
4.335073e-07,-0.00226421934
4.336073e-07,-0.00225423177
4.337073e-07,-0.00224165483
4.338073e-07,-0.00223129735
4.339073e-07,-0.00222685843
4.340073e-07,-0.00222870798
4.341073e-07,-0.00223351681
4.342073e-07,-0.00223721591
4.343073e-07,-0.00223647609
4.344073e-07,-0.00223055753
4.345073e-07,-0.00222167969
4.346073e-07,-0.00221354167
4.347073e-07,-0.00220984257
4.348073e-07,-0.00221132221
4.349073e-07,-0.00221761068
4.350073e-07,-0.00222537879
4.351073e-07,-0.00223240708
4.352073e-07,-0.00223758582
4.353073e-07,-0.0022405451
4.354073e-07,-0.00224313447
4.355073e-07,-0.00224572384
4.356073e-07,-0.00224905303
4.357073e-07,-0.00225238222
4.358073e-07,-0.00225497159
4.359073e-07,-0.00225645123
4.360073e-07,-0.00225793087
4.361073e-07,-0.00226089015
4.362073e-07,-0.00226680871
4.363073e-07,-0.00227605646
4.364073e-07,-0.00228826349
4.365073e-07,-0.00230121035
4.366073e-07,-0.0023141572
4.367073e-07,-0.00232673414
4.368073e-07,-0.00233968099
4.369073e-07,-0.00235521721
4.370073e-07,-0.0023733428
4.371073e-07,-0.00239331795
4.372073e-07,-0.00241292318
4.373073e-07,-0.00242882931
4.374073e-07,-0.00243844697
4.375073e-07,-0.00244214607
4.376073e-07,-0.00244214607
4.377073e-07,-0.00244177616
4.378073e-07,-0.00244436553
4.379073e-07,-0.002450654
4.380073e-07,-0.00246027166
4.381073e-07,-0.00247062914
4.382073e-07,-0.00247987689
4.383073e-07,-0.00248727509
4.384073e-07,-0.0024946733
4.385073e-07,-0.00250355114
4.386073e-07,-0.00251538826
4.387073e-07,-0.00252981475
4.388073e-07,-0.00254350142
4.389073e-07,-0.00255348899
4.390073e-07,-0.00255681818
4.391073e-07,-0.00255311908
4.392073e-07,-0.00254535097
4.393073e-07,-0.00253758286
4.394073e-07,-0.00253314394
4.395073e-07,-0.00253425367
4.396073e-07,-0.00254054214
4.397073e-07,-0.00254905007
4.398073e-07,-0.00255681818
4.399073e-07,-0.00256310665
4.400073e-07,-0.00256791548
4.401073e-07,-0.00257346413
4.402073e-07,-0.00258049242
4.403073e-07,-0.00258900036
4.404073e-07,-0.00259639856
4.405073e-07,-0.00260046757
4.406073e-07,-0.00259824811
4.407073e-07,-0.00259048
4.408073e-07,-0.0025797526
4.409073e-07,-0.00256976503
4.410073e-07,-0.00256273674
4.411073e-07,-0.00255977746
4.412073e-07,-0.00255829782
4.413073e-07,-0.00255607836
4.414073e-07,-0.00255089962
4.415073e-07,-0.00254313151
4.416073e-07,-0.0025353634
4.417073e-07,-0.0025316643
4.418073e-07,-0.00253314394
4.419073e-07,-0.0025390625
4.420073e-07,-0.00254535097
4.421073e-07,-0.0025464607
4.422073e-07,-0.0025390625
4.423073e-07,-0.00252352628
4.424073e-07,-0.00250503078
4.425073e-07,-0.00249060429
4.426073e-07,-0.00248579545
4.427073e-07,-0.00249245384
4.428073e-07,-0.00250725024
4.429073e-07,-0.00252278646
4.430073e-07,-0.00253314394
4.431073e-07,-0.00253425367
4.432073e-07,-0.00252722538
4.433073e-07,-0.00251871745
4.434073e-07,-0.00251538826
4.435073e-07,-0.00252167673
4.436073e-07,-0.00253721295
4.437073e-07,-0.002557558
4.438073e-07,-0.00257457386
4.439073e-07,-0.00258271188
4.440073e-07,-0.00258012251
4.441073e-07,-0.00256939512
4.442073e-07,-0.00255681818
4.443073e-07,-0.00254868016
4.444073e-07,-0.00254905007
4.445073e-07,-0.00255866773
4.446073e-07,-0.00257457386
4.447073e-07,-0.00259269946
4.448073e-07,-0.00260934541
4.449073e-07,-0.00262266217
4.450073e-07,-0.00263375947
4.451073e-07,-0.00264337713
4.452073e-07,-0.00265225497
4.453073e-07,-0.00266113281
4.454073e-07,-0.00266927083
4.455073e-07,-0.00267703894
4.456073e-07,-0.00268480705
4.457073e-07,-0.0026936849
4.458073e-07,-0.0027047822
4.459073e-07,-0.00271883878
4.460073e-07,-0.002734375
4.461073e-07,-0.00275028113
4.462073e-07,-0.0027639678
4.463073e-07,-0.00277543501
4.464073e-07,-0.00278468277
4.465073e-07,-0.00279430043
4.466073e-07,-0.00280539773
4.467073e-07,-0.0028190844
4.468073e-07,-0.0028338808
4.469073e-07,-0.00284793738
4.470073e-07,-0.00285866477
4.471073e-07,-0.00286532315
4.472073e-07,-0.00286791252
4.473073e-07,-0.00286902225
4.474073e-07,-0.00287050189
4.475073e-07,-0.00287494081
4.476073e-07,-0.00288233902
4.477073e-07,-0.00289306641
4.478073e-07,-0.00290601326
4.479073e-07,-0.00292043975
4.480073e-07,-0.00293560606
4.481073e-07,-0.00295077237
4.482073e-07,-0.00296519886
4.483073e-07,-0.00297666607
4.484073e-07,-0.00298332446
4.485073e-07,-0.00298517401
4.486073e-07,-0.00298295455
4.487073e-07,-0.00298073509
4.488073e-07,-0.00298258464
4.489073e-07,-0.00299109257
4.490073e-07,-0.00300662879
4.491073e-07,-0.0030254942
4.492073e-07,-0.00304140033
4.493073e-07,-0.00304990826
4.494073e-07,-0.00304805871
4.495073e-07,-0.00303881096
4.496073e-07,-0.00302845348
4.497073e-07,-0.00302401456
4.498073e-07,-0.00303030303
4.499073e-07,-0.00304694898
4.500073e-07,-0.00306951349
4.501073e-07,-0.00308985855
4.502073e-07,-0.00310132576
4.503073e-07,-0.00310169567
4.504073e-07,-0.00309392756
4.505073e-07,-0.00308357008
4.506073e-07,-0.00307765152
4.507073e-07,-0.00307987098
4.508073e-07,-0.00308985855
4.509073e-07,-0.0031028054
4.510073e-07,-0.00311316288
4.511073e-07,-0.00311723189
4.512073e-07,-0.00311464252
4.513073e-07,-0.00310761423
4.514073e-07,-0.00310132576
4.515073e-07,-0.00309873639
4.516073e-07,-0.00310095585
4.517073e-07,-0.0031065045
4.518073e-07,-0.00311316288
4.519073e-07,-0.00311908144
4.520073e-07,-0.00312352036
4.521073e-07,-0.00312758937
4.522073e-07,-0.00313091856
4.523073e-07,-0.00313350793
4.524073e-07,-0.00313350793
4.525073e-07,-0.0031286991
4.526073e-07,-0.00311908144
4.527073e-07,-0.00310687441
4.528073e-07,-0.00309614702
4.529073e-07,-0.00309133819
4.530073e-07,-0.0030954072
4.531073e-07,-0.00310687441
4.532073e-07,-0.00312056108
4.533073e-07,-0.00313017874
4.534073e-07,-0.00313091856
4.535073e-07,-0.00312241063
4.536073e-07,-0.00310835405
4.537073e-07,-0.0030954072
4.538073e-07,-0.00308948864
4.539073e-07,-0.00309244792
4.540073e-07,-0.00310243549
4.541073e-07,-0.00311316288
4.542073e-07,-0.00311908144
4.543073e-07,-0.00311686198
4.544073e-07,-0.00310798414
4.545073e-07,-0.00309688684
4.546073e-07,-0.00308948864
4.547073e-07,-0.00308948864
4.548073e-07,-0.00309688684
4.549073e-07,-0.00310798414
4.550073e-07,-0.00311908144
4.551073e-07,-0.00312684955
4.552073e-07,-0.00313054865
4.553073e-07,-0.00313313802
4.554073e-07,-0.00313683712
4.555073e-07,-0.0031434955
4.556073e-07,-0.00315200343
4.557073e-07,-0.00316051136
4.558073e-07,-0.00316642992
4.559073e-07,-0.00316901929
4.560073e-07,-0.00317012902
4.561073e-07,-0.00317271839
4.562073e-07,-0.00317826705
4.563073e-07,-0.0031875148
4.564073e-07,-0.00319750237
4.565073e-07,-0.00320490057
4.566073e-07,-0.00320785985
4.567073e-07,-0.00320638021
4.568073e-07,-0.00320342093
4.569073e-07,-0.00320305102
4.570073e-07,-0.00320785985
4.571073e-07,-0.00321747751
4.572073e-07,-0.00322746508
4.573073e-07,-0.00323301373
4.574073e-07,-0.00323153409
4.575073e-07,-0.00322376598
4.576073e-07,-0.00321525805
4.577073e-07,-0.00321229877
4.578073e-07,-0.00321969697
4.579073e-07,-0.00323782256
4.580073e-07,-0.00326075698
4.581073e-07,-0.00328073213
4.582073e-07,-0.0032907197
4.583073e-07,-0.00328813033
4.584073e-07,-0.00327629321
4.585073e-07,-0.00326297644
4.586073e-07,-0.00325520833
4.587073e-07,-0.00325705788
4.588073e-07,-0.00326667554
4.589073e-07,-0.00327814276
4.590073e-07,-0.00328480114
4.591073e-07,-0.0032833215
4.592073e-07,-0.00327481357
4.593073e-07,-0.0032651959
4.594073e-07,-0.00326112689
4.595073e-07,-0.00326630563
4.596073e-07,-0.00327999231
4.597073e-07,-0.00329626835
4.598073e-07,-0.00330847538
4.599073e-07,-0.00331143466
4.600073e-07,-0.00330440637
4.601073e-07,-0.00329145952
4.602073e-07,-0.00327888258
4.603073e-07,-0.00327148438
4.604073e-07,-0.00327074455
4.605073e-07,-0.00327481357
4.606073e-07,-0.00327888258
4.607073e-07,-0.00327999231
4.608073e-07,-0.00327666312
4.609073e-07,-0.00327148438
4.610073e-07,-0.00326704545
4.611073e-07,-0.00326630563
4.612073e-07,-0.003268895
4.613073e-07,-0.0032722242
4.614073e-07,-0.00327296402
4.615073e-07,-0.003268895
4.616073e-07,-0.00326038707
4.617073e-07,-0.0032503995
4.618073e-07,-0.00324337121
4.619073e-07,-0.00324226148
4.620073e-07,-0.00324707031
4.621073e-07,-0.00325631806
4.622073e-07,-0.00326704545
4.623073e-07,-0.00327629321
4.624073e-07,-0.0032833215
4.625073e-07,-0.00328960997
4.626073e-07,-0.00329663826
4.627073e-07,-0.00330514619
4.628073e-07,-0.00331402403
4.629073e-07,-0.00332179214
4.630073e-07,-0.00332623106
