LECROYHDO6104B,11090,Waveform
Segments,1,SegmentSize,5002
Segment,TrigTime,TimeSinceSegment1
#1,04-May-2026 18:34:05,0                 
Time,Ampl
-3.708201e-08,-0.00327740294
-3.698201e-08,-0.00327296402
-3.688201e-08,-0.00327999231
-3.678201e-08,-0.00329515862
-3.668201e-08,-0.00331069484
-3.658201e-08,-0.0033203125
-3.648201e-08,-0.00332105232
-3.638201e-08,-0.00331587358
-3.628201e-08,-0.00331143466
-3.618201e-08,-0.00331439394
-3.608201e-08,-0.00332734079
-3.598201e-08,-0.00334694602
-3.588201e-08,-0.00336507161
-3.578201e-08,-0.00337357955
-3.568201e-08,-0.00336877071
-3.558201e-08,-0.00335212476
-3.548201e-08,-0.00333103989
-3.538201e-08,-0.00331439394
-3.528201e-08,-0.00330847538
-3.518201e-08,-0.00331365412
-3.508201e-08,-0.00332549124
-3.498201e-08,-0.00333806818
-3.488201e-08,-0.00334546638
-3.478201e-08,-0.00334731593
-3.468201e-08,-0.00334509647
-3.458201e-08,-0.00334398674
-3.448201e-08,-0.00334583629
-3.438201e-08,-0.00335027521
-3.428201e-08,-0.00335323449
-3.418201e-08,-0.0033499053
-3.408201e-08,-0.00333843809
-3.398201e-08,-0.00332142223
-3.388201e-08,-0.00330329664
-3.378201e-08,-0.0032907197
-3.368201e-08,-0.0032870206
-3.358201e-08,-0.00329108961
-3.348201e-08,-0.0032981179
-3.338201e-08,-0.00330255682
-3.328201e-08,-0.00330033736
-3.318201e-08,-0.00329145952
-3.308201e-08,-0.00328073213
-3.298201e-08,-0.00327296402
-3.288201e-08,-0.00327185429
-3.278201e-08,-0.00327703303
-3.268201e-08,-0.0032833215
-3.258201e-08,-0.00328480114
-3.248201e-08,-0.00327740294
-3.238201e-08,-0.00326112689
-3.228201e-08,-0.00323967211
-3.218201e-08,-0.00321969697
-3.208201e-08,-0.00320712003
-3.198201e-08,-0.00320453066
-3.188201e-08,-0.00321007931
-3.178201e-08,-0.00321969697
-3.168201e-08,-0.00322857481
-3.158201e-08,-0.00323412346
-3.148201e-08,-0.00323634292
-3.138201e-08,-0.00323745265
-3.128201e-08,-0.00323967211
-3.118201e-08,-0.00324448094
-3.108201e-08,-0.0032503995
-3.098201e-08,-0.00325520833
-3.088201e-08,-0.00325742779
-3.078201e-08,-0.00325631806
-3.068201e-08,-0.00325335878
-3.058201e-08,-0.00324928977
-3.048201e-08,-0.00324633049
-3.038201e-08,-0.00324448094
-3.028201e-08,-0.00324337121
-3.018201e-08,-0.00324337121
-3.008201e-08,-0.00324485085
-2.998201e-08,-0.00325002959
-2.988201e-08,-0.00326112689
-2.978201e-08,-0.00327888258
-2.968201e-08,-0.003301817
-2.958201e-08,-0.00332623106
-2.948201e-08,-0.00334768584
-2.938201e-08,-0.00336174242
-2.928201e-08,-0.00336803089
-2.918201e-08,-0.00336877071
-2.908201e-08,-0.00336914063
-2.898201e-08,-0.00337357955
-2.888201e-08,-0.00338467685
-2.878201e-08,-0.0034013228
-2.868201e-08,-0.00342092803
-2.858201e-08,-0.00343868371
-2.848201e-08,-0.00345237038
-2.838201e-08,-0.00346235795
-2.828201e-08,-0.00347049598
-2.818201e-08,-0.00348011364
-2.808201e-08,-0.0034934304
-2.798201e-08,-0.00351007635
-2.788201e-08,-0.00352820194
-2.778201e-08,-0.0035452178
-2.768201e-08,-0.00355927438
-2.758201e-08,-0.0035707416
-2.748201e-08,-0.00358109908
-2.738201e-08,-0.00359256629
-2.728201e-08,-0.00360588305
-2.718201e-08,-0.00361993963
-2.708201e-08,-0.00363399621
-2.698201e-08,-0.00364583333
-2.688201e-08,-0.00365619081
-2.678201e-08,-0.0036665483
-2.668201e-08,-0.00368023497
-2.658201e-08,-0.00369910038
-2.648201e-08,-0.00372240471
-2.638201e-08,-0.00374681877
-2.628201e-08,-0.00376827356
-2.618201e-08,-0.00378196023
-2.608201e-08,-0.00378676906
-2.598201e-08,-0.00378417969
-2.588201e-08,-0.00377900095
-2.578201e-08,-0.00377604167
-2.568201e-08,-0.00377863104
-2.558201e-08,-0.00378713897
-2.548201e-08,-0.003799346
-2.538201e-08,-0.00381155303
-2.528201e-08,-0.00382117069
-2.518201e-08,-0.00382819898
-2.508201e-08,-0.00383374763
-2.498201e-08,-0.00384114583
-2.488201e-08,-0.0038511334
-2.478201e-08,-0.00386334044
-2.468201e-08,-0.00387480765
-2.458201e-08,-0.00388257576
-2.448201e-08,-0.00388442531
-2.438201e-08,-0.00388072621
-2.428201e-08,-0.00387480765
-2.418201e-08,-0.00387073864
-2.408201e-08,-0.00387184837
-2.398201e-08,-0.00387850675
-2.388201e-08,-0.00388923414
-2.378201e-08,-0.00390033144
-2.368201e-08,-0.00390846946
-2.358201e-08,-0.00391142874
-2.348201e-08,-0.0039099491
-2.338201e-08,-0.00390625
-2.328201e-08,-0.00390329072
-2.318201e-08,-0.00390329072
-2.308201e-08,-0.00390625
-2.298201e-08,-0.00391216856
-2.288201e-08,-0.00391882694
-2.278201e-08,-0.00392548532
-2.268201e-08,-0.00393103397
-2.258201e-08,-0.0039358428
-2.248201e-08,-0.00393991181
-2.238201e-08,-0.00394361091
-2.228201e-08,-0.00394657019
-2.218201e-08,-0.00394767992
-2.208201e-08,-0.00394767992
-2.198201e-08,-0.0039469401
-2.188201e-08,-0.00394657019
-2.178201e-08,-0.00394767992
-2.168201e-08,-0.0039506392
-2.158201e-08,-0.00395470821
-2.148201e-08,-0.00395803741
-2.138201e-08,-0.00395951705
-2.128201e-08,-0.00395840732
-2.118201e-08,-0.00395507813
-2.108201e-08,-0.00395100911
-2.098201e-08,-0.00394767992
-2.088201e-08,-0.00394620028
-2.078201e-08,-0.00394657019
-2.068201e-08,-0.00394731001
-2.058201e-08,-0.00394767992
-2.048201e-08,-0.00394657019
-2.038201e-08,-0.00394435073
-2.028201e-08,-0.00394213127
-2.018201e-08,-0.00394176136
-2.008201e-08,-0.00394398082
-1.998201e-08,-0.00394878965
-1.988201e-08,-0.0039543383
-1.978201e-08,-0.00395951705
-1.968201e-08,-0.00396247633
-1.958201e-08,-0.00396284624
-1.948201e-08,-0.0039613666
-1.938201e-08,-0.00395951705
-1.928201e-08,-0.00395803741
-1.918201e-08,-0.00395803741
-1.908201e-08,-0.00395877723
-1.898201e-08,-0.00395951705
-1.888201e-08,-0.00395988696
-1.878201e-08,-0.00395988696
-1.868201e-08,-0.00395951705
-1.858201e-08,-0.00395951705
-1.848201e-08,-0.00395988696
-1.838201e-08,-0.00396062678
-1.828201e-08,-0.00396062678
-1.818201e-08,-0.00395951705
-1.808201e-08,-0.00395692768
-1.798201e-08,-0.0039543383
-1.788201e-08,-0.00395248875
-1.778201e-08,-0.00395359848
-1.768201e-08,-0.0039576675
-1.758201e-08,-0.00396432588
-1.748201e-08,-0.00397172408
-1.738201e-08,-0.00397727273
-1.728201e-08,-0.00397949219
-1.718201e-08,-0.00397764264
-1.708201e-08,-0.00397209399
-1.698201e-08,-0.00396543561
-1.688201e-08,-0.00395951705
-1.678201e-08,-0.00395618786
-1.668201e-08,-0.00395618786
-1.658201e-08,-0.00395951705
-1.648201e-08,-0.00396432588
-1.638201e-08,-0.00396913471
-1.628201e-08,-0.00397209399
-1.618201e-08,-0.00397135417
-1.608201e-08,-0.00396654534
-1.598201e-08,-0.00395803741
-1.588201e-08,-0.00394731001
-1.578201e-08,-0.0039358428
-1.568201e-08,-0.00392585523
-1.558201e-08,-0.00391956676
-1.548201e-08,-0.00391697739
-1.538201e-08,-0.00391808712
-1.528201e-08,-0.00392178622
-1.518201e-08,-0.00392696496
-1.508201e-08,-0.00393177379
-1.498201e-08,-0.0039358428
-1.488201e-08,-0.0039395419
-1.478201e-08,-0.00394287109
-1.468201e-08,-0.00394583037
-1.458201e-08,-0.00394767992
-1.448201e-08,-0.0039469401
-1.438201e-08,-0.00394287109
-1.428201e-08,-0.00393473307
-1.418201e-08,-0.00392400568
-1.408201e-08,-0.0039136482
-1.398201e-08,-0.00390735973
-1.388201e-08,-0.00390661991
-1.378201e-08,-0.00391216856
-1.368201e-08,-0.0039210464
-1.358201e-08,-0.00392955433
-1.348201e-08,-0.00393325343
-1.338201e-08,-0.00392992424
-1.328201e-08,-0.00392030658
-1.318201e-08,-0.00390735973
-1.308201e-08,-0.00389552261
-1.298201e-08,-0.00388849432
-1.288201e-08,-0.00388738459
-1.278201e-08,-0.00389071378
-1.268201e-08,-0.00389589252
-1.258201e-08,-0.00390033144
-1.248201e-08,-0.00390218099
-1.238201e-08,-0.0039025509
-1.228201e-08,-0.00390329072
-1.218201e-08,-0.00390625
-1.208201e-08,-0.00391216856
-1.198201e-08,-0.00391993667
-1.188201e-08,-0.00392659505
-1.178201e-08,-0.00392992424
-1.168201e-08,-0.00392881451
-1.158201e-08,-0.00392437559
-1.148201e-08,-0.00391993667
-1.138201e-08,-0.00391808712
-1.128201e-08,-0.0039210464
-1.118201e-08,-0.00392881451
-1.108201e-08,-0.00393843217
-1.098201e-08,-0.00394767992
-1.088201e-08,-0.0039543383
-1.078201e-08,-0.00395803741
-1.068201e-08,-0.00396099669
-1.058201e-08,-0.00396543561
-1.048201e-08,-0.00397357363
-1.038201e-08,-0.00398578066
-1.028201e-08,-0.00399983724
-1.018201e-08,-0.00401278409
-1.008201e-08,-0.00402277166
-9.982005e-09,-0.00402979995
-9.882005e-09,-0.0040353486
-9.782005e-09,-0.00404237689
-9.682005e-09,-0.00405310429
-9.582005e-09,-0.00406864051
-9.482005e-09,-0.00408602628
-9.382005e-09,-0.0041015625
-9.282005e-09,-0.00411155007
-9.182005e-09,-0.00411376953
-9.082005e-09,-0.00410933061
-8.982005e-09,-0.0041015625
-8.882005e-09,-0.00409601385
-8.782005e-09,-0.00409638376
-8.682005e-09,-0.00410489169
-8.582005e-09,-0.00411931818
-8.482005e-09,-0.00413522431
-8.382005e-09,-0.00414743134
-8.282005e-09,-0.00415224018
-8.182005e-09,-0.00414891098
-8.082005e-09,-0.00413929332
-7.982005e-09,-0.00412819602
-7.882005e-09,-0.00412042791
-7.782005e-09,-0.00411931818
-7.682005e-09,-0.00412523674
-7.582005e-09,-0.00413596413
-7.482005e-09,-0.00414743134
-7.382005e-09,-0.00415482955
-7.282005e-09,-0.00415556937
-7.182005e-09,-0.0041496508
-7.082005e-09,-0.00413818359
-6.982005e-09,-0.00412523674
-6.882005e-09,-0.00411413944
-6.782005e-09,-0.00410748106
-6.682005e-09,-0.00410563151
-6.582005e-09,-0.00410748106
-6.482005e-09,-0.00411081025
-6.382005e-09,-0.00411339962
-6.282005e-09,-0.00411413944
-6.182005e-09,-0.00411339962
-6.082005e-09,-0.00411155007
-5.982005e-09,-0.00411007043
-5.882005e-09,-0.0041089607
-5.782005e-09,-0.00410748106
-5.682005e-09,-0.0041052616
-5.582005e-09,-0.00410119259
-5.482005e-09,-0.00409564394
-5.382005e-09,-0.00408972538
-5.282005e-09,-0.00408528646
-5.182005e-09,-0.00408343691
-5.082005e-09,-0.00408380682
-4.982005e-09,-0.00408380682
-4.882005e-09,-0.00408010772
-4.782005e-09,-0.00406938033
-4.682005e-09,-0.00405051491
-4.582005e-09,-0.00402462121
-4.482005e-09,-0.00399539832
-4.382005e-09,-0.00396654534
-4.282005e-09,-0.00394102154
-4.182005e-09,-0.00391808712
-4.082005e-09,-0.00389441288
-3.982005e-09,-0.00386482008
-3.882005e-09,-0.00382412997
-3.782005e-09,-0.00377012311
-3.682005e-09,-0.00370390921
-3.582005e-09,-0.00363029711
-3.482005e-09,-0.00355446555
-3.382005e-09,-0.00348011364
-3.282005e-09,-0.00340798118
-3.182005e-09,-0.00333547881
-3.082005e-09,-0.00325816761
-2.982005e-09,-0.00317234848
-2.882005e-09,-0.0030769117
-2.782005e-09,-0.00297370679
-2.682005e-09,-0.00286606297
-2.582005e-09,-0.00275804924
-2.482005e-09,-0.00265077533
-2.382005e-09,-0.00254313151
-2.282005e-09,-0.00243178859
-2.182005e-09,-0.0023141572
-2.082005e-09,-0.00218838778
-1.982005e-09,-0.00205669981
-1.882005e-09,-0.0019235322
-1.782005e-09,-0.00179332386
-1.682005e-09,-0.00167014382
-1.582005e-09,-0.00155473189
-1.482005e-09,-0.00144523852
-1.382005e-09,-0.0013375947
-1.282005e-09,-0.00122921106
-1.182005e-09,-0.00111897786
-1.082005e-09,-0.00100800485
-9.82005e-10,-0.000899621212
-8.82005e-10,-0.000796786222
-7.82005e-10,-0.000700979522
-6.82005e-10,-0.000611461293
-5.82005e-10,-0.000526751894
-4.82005e-10,-0.000444261955
-3.82005e-10,-0.000363251657
-2.82005e-10,-0.000283720999
-1.82005e-10,-0.000207149621
-8.200504e-11,-0.000136126894
1.799496e-11,-7.17625473e-05
1.17995e-10,-1.51663116e-05
2.17995e-10,3.55113636e-05
3.17995e-10,8.10102983e-05
4.17995e-10,0.000122440223
5.17995e-10,0.000160540956
6.17995e-10,0.0001953125
7.17995e-10,0.000226015033
8.17995e-10,0.000253018466
9.17995e-10,0.000276322798
1.017995e-09,0.00029592803
1.117995e-09,0.000312943892
1.217995e-09,0.000327370384
1.317995e-09,0.000339577415
1.417995e-09,0.000349195076
1.517995e-09,0.000356223366
1.617995e-09,0.000360662287
1.717995e-09,0.000362511837
1.817995e-09,0.000361032197
1.917995e-09,0.000356223366
2.017995e-09,0.000348085346
2.117995e-09,0.000337357955
2.217995e-09,0.000325520833
2.317995e-09,0.000314793442
2.417995e-09,0.000308135062
2.517995e-09,0.000305915601
2.617995e-09,0.000307765152
2.717995e-09,0.000310354522
2.817995e-09,0.000309614702
2.917995e-09,0.000301106771
3.017995e-09,0.000284090909
3.117995e-09,0.000259676847
3.217995e-09,0.000231933594
3.317995e-09,0.000207149621
3.417995e-09,0.000189393939
3.517995e-09,0.000180516098
3.617995e-09,0.000178296638
3.717995e-09,0.000179036458
3.817995e-09,0.000177556818
3.917995e-09,0.000170528527
4.017995e-09,0.000157581676
4.117995e-09,0.000140935724
4.217995e-09,0.000124289773
4.317995e-09,0.000110233191
4.417995e-09,0.00010061553
4.517995e-09,9.43270597e-05
4.617995e-09,8.87784091e-05
4.717995e-09,8.17501184e-05
4.817995e-09,7.21324574e-05
4.917995e-09,6.02953362e-05
5.017995e-09,4.73484848e-05
5.117995e-09,3.55113636e-05
5.217995e-09,2.66335227e-05
5.317995e-09,2.07149621e-05
5.417995e-09,1.77556818e-05
5.517995e-09,1.66459517e-05
5.617995e-09,1.59061316e-05
5.717995e-09,1.44264915e-05
5.817995e-09,1.18371212e-05
5.917995e-09,7.02829072e-06
6.017995e-09,0
6.117995e-09,-8.87784091e-06
6.217995e-09,-1.77556818e-05
6.317995e-09,-2.44140625e-05
6.417995e-09,-2.73733428e-05
6.517995e-09,-2.47839725e-05
6.617995e-09,-1.77556818e-05
6.717995e-09,-8.50793087e-06
6.817995e-09,0
6.917995e-09,5.17874053e-06
7.017995e-09,5.91856061e-06
7.117995e-09,3.32919034e-06
7.217995e-09,7.39820076e-07
7.317995e-09,1.10973011e-06
7.417995e-09,5.91856061e-06
7.517995e-09,1.44264915e-05
7.617995e-09,2.40441525e-05
7.717995e-09,3.18122633e-05
7.817995e-09,3.55113636e-05
7.917995e-09,3.58812737e-05
8.017995e-09,3.58812737e-05
8.117995e-09,3.8840554e-05
8.217995e-09,4.73484848e-05
8.317995e-09,6.10351563e-05
8.417995e-09,7.8051018e-05
8.517995e-09,9.39571496e-05
8.617995e-09,0.000106534091
8.717995e-09,0.000115042022
8.817995e-09,0.000121330492
8.917995e-09,0.000129468513
9.017995e-09,0.000142045455
9.117995e-09,0.000159431226
9.217995e-09,0.000179776278
9.317995e-09,0.0001990116
9.417995e-09,0.000213068182
9.517995e-09,0.000220836293
9.617995e-09,0.000223795573
9.717995e-09,0.000225645123
9.817995e-09,0.000230823864
9.917995e-09,0.000241551255
1.001799e-08,0.000257087476
1.011799e-08,0.000274473248
1.021799e-08,0.00029000947
1.031799e-08,0.000301106771
1.041799e-08,0.000307025331
1.051799e-08,0.000310354522
1.061799e-08,0.000313683712
1.071799e-08,0.000319232363
1.081799e-08,0.000327000473
1.091799e-08,0.000335878314
1.101799e-08,0.000343276515
1.111799e-08,0.000348085346
1.121799e-08,0.000350674716
1.131799e-08,0.000352154356
1.141799e-08,0.000355113636
1.151799e-08,0.000360662287
1.161799e-08,0.000367690578
1.171799e-08,0.000374718868
1.181799e-08,0.000378787879
1.191799e-08,0.000378417969
1.201799e-08,0.000372869318
1.211799e-08,0.000364731297
1.221799e-08,0.000355113636
1.231799e-08,0.000346235795
1.241799e-08,0.000338837595
1.251799e-08,0.000332179214
1.261799e-08,0.000325520833
1.271799e-08,0.000318492543
1.281799e-08,0.000311464252
1.291799e-08,0.000305915601
1.301799e-08,0.000301846591
1.311799e-08,0.000298887311
1.321799e-08,0.00029555812
1.331799e-08,0.00028889974
1.341799e-08,0.000278172348
1.351799e-08,0.000263375947
1.361799e-08,0.000246729995
1.371799e-08,0.000231193774
1.381799e-08,0.000218986742
1.391799e-08,0.000210848722
1.401799e-08,0.000204930161
1.411799e-08,0.00019827178
1.421799e-08,0.000189393939
1.431799e-08,0.000177186908
1.441799e-08,0.000164240057
1.451799e-08,0.000153512666
1.461799e-08,0.000147964015
1.471799e-08,0.000148333925
1.481799e-08,0.000152033026
1.491799e-08,0.000155362216
1.501799e-08,0.000153882576
1.511799e-08,0.000145004735
1.521799e-08,0.000129098603
1.531799e-08,0.000108753551
1.541799e-08,8.87784091e-05
1.551799e-08,7.21324574e-05
1.561799e-08,6.02953362e-05
1.571799e-08,5.25272254e-05
1.581799e-08,4.73484848e-05
1.591799e-08,4.25396544e-05
1.601799e-08,3.77308239e-05
1.611799e-08,3.29219934e-05
1.621799e-08,2.9592803e-05
1.631799e-08,2.73733428e-05
1.641799e-08,2.58937027e-05
1.651799e-08,2.29344223e-05
1.661799e-08,1.77556818e-05
1.671799e-08,9.98757102e-06
1.681799e-08,1.10973011e-06
1.691799e-08,-6.65838068e-06
1.701799e-08,-1.18371212e-05
1.711799e-08,-1.36866714e-05
1.721799e-08,-1.44264915e-05
1.731799e-08,-1.66459517e-05
1.741799e-08,-2.36742424e-05
1.751799e-08,-3.62511837e-05
1.761799e-08,-5.36369555e-05
1.771799e-08,-7.25023674e-05
1.781799e-08,-8.87784091e-05
1.791799e-08,-9.98757102e-05
1.801799e-08,-0.000105424361
1.811799e-08,-0.000106904001
1.821799e-08,-0.000106534091
1.831799e-08,-0.000107273911
1.841799e-08,-0.000110603101
1.851799e-08,-0.000116521662
1.861799e-08,-0.000124289773
1.871799e-08,-0.000133167614
1.881799e-08,-0.000142785275
1.891799e-08,-0.000153512666
1.901799e-08,-0.000165719697
1.911799e-08,-0.000179036458
1.921799e-08,-0.00019309304
1.931799e-08,-0.000206409801
1.941799e-08,-0.000218986742
1.951799e-08,-0.000231563684
1.961799e-08,-0.000245990175
1.971799e-08,-0.000263375947
1.981799e-08,-0.000284090909
1.991799e-08,-0.000307395241
2.001799e-08,-0.000330329664
2.011799e-08,-0.000350674716
2.021799e-08,-0.000366950758
2.031799e-08,-0.000379527699
2.041799e-08,-0.00038988518
2.051799e-08,-0.000401352391
2.061799e-08,-0.000414299242
2.071799e-08,-0.000428725734
2.081799e-08,-0.000442782315
2.091799e-08,-0.000454249527
2.101799e-08,-0.000461647727
2.111799e-08,-0.000466826468
2.121799e-08,-0.000472375118
2.131799e-08,-0.000481992779
2.141799e-08,-0.000497159091
2.151799e-08,-0.000517134233
2.161799e-08,-0.000538219105
2.171799e-08,-0.000555974787
2.181799e-08,-0.000568181818
2.191799e-08,-0.000574470289
2.201799e-08,-0.000578169389
2.211799e-08,-0.00058297822
2.221799e-08,-0.000591856061
2.231799e-08,-0.000604802912
2.241799e-08,-0.000618489583
2.251799e-08,-0.000629216974
2.261799e-08,-0.000633285985
2.271799e-08,-0.000631436435
2.281799e-08,-0.000626257694
2.291799e-08,-0.000623668324
2.301799e-08,-0.000627367424
2.311799e-08,-0.000638094815
2.321799e-08,-0.000652521307
2.331799e-08,-0.000666207978
2.341799e-08,-0.000674715909
2.351799e-08,-0.000676195549
2.361799e-08,-0.000673606179
2.371799e-08,-0.000671756629
2.381799e-08,-0.000674715909
2.391799e-08,-0.00068507339
2.401799e-08,-0.000700609612
2.411799e-08,-0.000716515743
2.421799e-08,-0.000727982955
2.431799e-08,-0.000732791785
2.441799e-08,-0.000732421875
2.451799e-08,-0.000731312145
2.461799e-08,-0.000733901515
2.471799e-08,-0.000743149266
2.481799e-08,-0.000757575758
2.491799e-08,-0.000774221709
2.501799e-08,-0.000787168561
2.511799e-08,-0.000793826941
2.521799e-08,-0.000794936671
2.531799e-08,-0.000793087121
2.541799e-08,-0.000793087121
2.551799e-08,-0.000798265862
2.561799e-08,-0.000808623343
2.571799e-08,-0.000821940104
2.581799e-08,-0.000834517045
2.591799e-08,-0.000844134706
2.601799e-08,-0.000850793087
2.611799e-08,-0.000856341738
2.621799e-08,-0.000864109848
2.631799e-08,-0.00087594697
2.641799e-08,-0.000891853101
2.651799e-08,-0.000908499053
2.661799e-08,-0.000923295455
2.671799e-08,-0.000933652936
2.681799e-08,-0.000939571496
2.691799e-08,-0.000942900687
2.701799e-08,-0.000946969697
2.711799e-08,-0.000952888258
2.721799e-08,-0.000960656368
2.731799e-08,-0.000967314749
2.741799e-08,-0.000970643939
2.751799e-08,-0.000969164299
2.761799e-08,-0.000963615649
2.771799e-08,-0.000957327178
2.781799e-08,-0.000952888258
2.791799e-08,-0.000952518348
2.801799e-08,-0.000956217448
2.811799e-08,-0.000961396188
2.821799e-08,-0.000964725379
2.831799e-08,-0.000963985559
2.841799e-08,-0.000958806818
2.851799e-08,-0.000950298887
2.861799e-08,-0.000941051136
2.871799e-08,-0.000932543205
2.881799e-08,-0.000925145005
2.891799e-08,-0.000918116714
2.901799e-08,-0.000911458333
2.911799e-08,-0.000904799953
2.921799e-08,-0.000899621212
2.931799e-08,-0.000897401752
2.941799e-08,-0.000899621212
2.951799e-08,-0.000905539773
2.961799e-08,-0.000913307884
2.971799e-08,-0.000919966264
2.981799e-08,-0.000923295455
2.991799e-08,-0.000923295455
3.001799e-08,-0.000921815814
3.011799e-08,-0.000921445904
3.021799e-08,-0.000923295455
3.031799e-08,-0.000927364465
3.041799e-08,-0.000931433475
3.051799e-08,-0.000932543205
3.061799e-08,-0.000929214015
3.071799e-08,-0.000922185724
3.081799e-08,-0.000914417614
3.091799e-08,-0.000909978693
3.101799e-08,-0.000911458333
3.111799e-08,-0.000918856534
3.121799e-08,-0.000929214015
3.131799e-08,-0.000937721946
3.141799e-08,-0.000941051136
3.151799e-08,-0.000937721946
3.161799e-08,-0.000930323745
3.171799e-08,-0.000922555634
3.181799e-08,-0.000917376894
3.191799e-08,-0.000915527344
3.201799e-08,-0.000915157434
3.211799e-08,-0.000912937973
3.221799e-08,-0.000905539773
3.231799e-08,-0.000893332741
3.241799e-08,-0.00087964607
3.251799e-08,-0.000868918679
3.261799e-08,-0.000864109848
3.271799e-08,-0.000866329309
3.281799e-08,-0.000871877959
3.291799e-08,-0.00087668679
3.301799e-08,-0.00087594697
3.311799e-08,-0.000868918679
3.321799e-08,-0.000858561198
3.331799e-08,-0.000849313447
3.341799e-08,-0.000846354167
3.351799e-08,-0.000850793087
3.361799e-08,-0.000860780658
3.371799e-08,-0.000870768229
3.381799e-08,-0.00087594697
3.391799e-08,-0.00087409742
3.401799e-08,-0.000866329309
3.411799e-08,-0.000857451468
3.421799e-08,-0.000852272727
3.431799e-08,-0.000853382457
3.441799e-08,-0.000860410748
3.451799e-08,-0.000869288589
3.461799e-08,-0.00087594697
3.471799e-08,-0.00087816643
3.481799e-08,-0.0008770567
3.491799e-08,-0.00087483724
3.501799e-08,-0.00087594697
3.511799e-08,-0.00088186553
3.521799e-08,-0.000891853101
3.531799e-08,-0.000902580492
3.541799e-08,-0.000911458333
3.551799e-08,-0.000917746804
3.561799e-08,-0.000922925545
3.571799e-08,-0.000931803385
3.581799e-08,-0.000946969697
3.591799e-08,-0.000969164299
3.601799e-08,-0.000995427912
3.611799e-08,-0.00101947206
3.621799e-08,-0.00103574811
3.631799e-08,-0.00104129676
3.641799e-08,-0.00103722775
3.651799e-08,-0.00102945964
3.661799e-08,-0.00102391098
3.671799e-08,-0.00102502071
3.681799e-08,-0.00103389856
3.691799e-08,-0.00104684541
3.701799e-08,-0.00105942235
3.711799e-08,-0.00106756037
3.721799e-08,-0.00106977983
3.731799e-08,-0.00106793028
3.741799e-08,-0.00106534091
3.751799e-08,-0.00106534091
3.761799e-08,-0.00106940992
3.771799e-08,-0.0010760683
3.781799e-08,-0.00108309659
3.791799e-08,-0.00108864524
3.801799e-08,-0.00109160452
3.811799e-08,-0.00109345407
3.821799e-08,-0.00109493371
3.831799e-08,-0.00109752308
3.841799e-08,-0.00110085227
3.851799e-08,-0.00110418146
3.861799e-08,-0.00110677083
3.871799e-08,-0.0011093602
3.881799e-08,-0.00111379912
3.891799e-08,-0.00112267696
3.901799e-08,-0.00113636364
3.911799e-08,-0.00115448923
3.921799e-08,-0.00117372455
3.931799e-08,-0.0011903705
3.941799e-08,-0.0012014678
3.951799e-08,-0.00120664654
3.961799e-08,-0.00120849609
3.971799e-08,-0.00120997573
3.981799e-08,-0.00121330492
3.991799e-08,-0.00121959339
4.001799e-08,-0.00122662169
4.011799e-08,-0.00123291016
4.021799e-08,-0.00123697917
4.031799e-08,-0.00124067827
4.041799e-08,-0.00124696674
4.051799e-08,-0.00125917377
4.061799e-08,-0.00127840909
4.071799e-08,-0.00130171342
4.081799e-08,-0.00132353812
4.091799e-08,-0.00133833452
4.101799e-08,-0.00134351326
4.111799e-08,-0.00134055398
4.121799e-08,-0.00133500533
4.131799e-08,-0.00133463542
4.141799e-08,-0.00134351326
4.151799e-08,-0.00136200876
4.161799e-08,-0.001385683
4.171799e-08,-0.00140676787
4.181799e-08,-0.00142045455
4.191799e-08,-0.00142526338
4.201799e-08,-0.00142489347
4.211799e-08,-0.00142563329
4.221799e-08,-0.00143229167
4.231799e-08,-0.00144634825
4.241799e-08,-0.00146447384
4.251799e-08,-0.00148111979
4.261799e-08,-0.00149147727
4.271799e-08,-0.00149480646
4.281799e-08,-0.00149369673
4.291799e-08,-0.00149332682
4.301799e-08,-0.00149739583
4.311799e-08,-0.00150553385
4.321799e-08,-0.00151330196
4.331799e-08,-0.00151552143
4.341799e-08,-0.00150923295
4.351799e-08,-0.0014962861
4.361799e-08,-0.00148370916
4.371799e-08,-0.00148001006
4.381799e-08,-0.00149147727
4.391799e-08,-0.00151700107
4.401799e-08,-0.00154955315
4.411799e-08,-0.00157766631
4.421799e-08,-0.0015920928
4.431799e-08,-0.00158987334
4.441799e-08,-0.00157507694
4.451799e-08,-0.00155695135
4.461799e-08,-0.00154474432
4.471799e-08,-0.00154363459
4.481799e-08,-0.00155251243
4.491799e-08,-0.00156471946
4.501799e-08,-0.00157433712
4.511799e-08,-0.00157766631
4.521799e-08,-0.00157692649
4.531799e-08,-0.00157803622
4.541799e-08,-0.00158617424
4.551799e-08,-0.0016031901
4.561799e-08,-0.00162575462
4.571799e-08,-0.00164609967
4.581799e-08,-0.00165719697
4.591799e-08,-0.00165682706
4.601799e-08,-0.00164794922
4.611799e-08,-0.00163796165
4.621799e-08,-0.00163352273
4.631799e-08,-0.00163796165
4.641799e-08,-0.00164831913
4.651799e-08,-0.00165904652
4.661799e-08,-0.00166311553
4.671799e-08,-0.00165904652
4.681799e-08,-0.00164942886
4.691799e-08,-0.00164092093
4.701799e-08,-0.00163944129
4.711799e-08,-0.00164683949
4.721799e-08,-0.00165867661
4.731799e-08,-0.00166829427
4.741799e-08,-0.00166903409
4.751799e-08,-0.00165904652
4.761799e-08,-0.00164240057
4.771799e-08,-0.00162760417
4.781799e-08,-0.00162168561
4.791799e-08,-0.00162686435
4.801799e-08,-0.00163870147
4.811799e-08,-0.00164942886
4.821799e-08,-0.00165127841
4.831799e-08,-0.00164166075
4.841799e-08,-0.00162427498
4.851799e-08,-0.00160910866
4.861799e-08,-0.00160392992
4.871799e-08,-0.00161280777
4.881799e-08,-0.00163167318
4.891799e-08,-0.00165201823
4.901799e-08,-0.00166311553
4.911799e-08,-0.00166015625
4.921799e-08,-0.00164462003
4.931799e-08,-0.00162464489
4.941799e-08,-0.00160984848
4.951799e-08,-0.00160725911
4.961799e-08,-0.00161687678
4.971799e-08,-0.00163426255
4.981799e-08,-0.00165127841
4.991799e-08,-0.00166274562
5.001799e-08,-0.00166792436
5.011799e-08,-0.00167051373
5.021799e-08,-0.00167495265
5.031799e-08,-0.00168457031
5.041799e-08,-0.00169751716
5.051799e-08,-0.00171009411
5.061799e-08,-0.00171638258
5.071799e-08,-0.00171490294
5.081799e-08,-0.00170787464
5.091799e-08,-0.00170047644
5.101799e-08,-0.00169862689
5.111799e-08,-0.00170417554
5.121799e-08,-0.00171453303
5.131799e-08,-0.00172415069
5.141799e-08,-0.0017282197
5.151799e-08,-0.00172489051
5.161799e-08,-0.0017171224
5.171799e-08,-0.00171046402
5.181799e-08,-0.00171046402
5.191799e-08,-0.00171786222
5.201799e-08,-0.00172895952
5.211799e-08,-0.00173635772
5.221799e-08,-0.00173413826
5.231799e-08,-0.00172119141
5.241799e-08,-0.00170158617
5.251799e-08,-0.00168383049
5.261799e-08,-0.00167495265
5.271799e-08,-0.00167754202
5.281799e-08,-0.00168826941
5.291799e-08,-0.00169973662
5.301799e-08,-0.00170454545
5.311799e-08,-0.00170047644
5.321799e-08,-0.00169122869
5.331799e-08,-0.0016842004
5.341799e-08,-0.00168678977
5.351799e-08,-0.00170195608
5.361799e-08,-0.00172563033
5.371799e-08,-0.00174930457
5.381799e-08,-0.00176373106
5.391799e-08,-0.00176484079
5.401799e-08,-0.00175485322
5.411799e-08,-0.00174153646
5.421799e-08,-0.00173413826
5.431799e-08,-0.00173857718
5.441799e-08,-0.00175448331
5.451799e-08,-0.00177519827
5.461799e-08,-0.00179332386
5.471799e-08,-0.00180331143
5.481799e-08,-0.00180479107
5.491799e-08,-0.00180331143
5.501799e-08,-0.00180516098
5.511799e-08,-0.00181514856
5.521799e-08,-0.00183327415
5.531799e-08,-0.00185398911
5.541799e-08,-0.00187026515
5.551799e-08,-0.00187766335
5.561799e-08,-0.0018758138
5.571799e-08,-0.00186952533
5.581799e-08,-0.00186434659
5.591799e-08,-0.00186545632
5.601799e-08,-0.00187433416
5.611799e-08,-0.00188728101
5.621799e-08,-0.00189985795
5.631799e-08,-0.00190910571
5.641799e-08,-0.00191539418
5.651799e-08,-0.00192094283
5.661799e-08,-0.00192945076
5.671799e-08,-0.00194276752
5.681799e-08,-0.00195830374
5.691799e-08,-0.00197125059
5.701799e-08,-0.00197679924
5.711799e-08,-0.00197236032
5.721799e-08,-0.0019605232
5.731799e-08,-0.0019457268
5.741799e-08,-0.00193536932
5.751799e-08,-0.00193241004
5.761799e-08,-0.00193647905
5.771799e-08,-0.00194313743
5.781799e-08,-0.00194720644
5.791799e-08,-0.00194498698
5.801799e-08,-0.00193721887
5.811799e-08,-0.00192834103
5.821799e-08,-0.0019235322
5.831799e-08,-0.00192649148
5.841799e-08,-0.00193647905
5.851799e-08,-0.0019494259
5.861799e-08,-0.00195904356
5.871799e-08,-0.00196163293
5.881799e-08,-0.00195645419
5.891799e-08,-0.00194794626
5.901799e-08,-0.00194128788
5.911799e-08,-0.00194054806
5.921799e-08,-0.00194683653
5.931799e-08,-0.00195645419
5.941799e-08,-0.00196496212
5.951799e-08,-0.0019679214
5.961799e-08,-0.00196385239
5.971799e-08,-0.00195571437
5.981799e-08,-0.00194720644
5.991799e-08,-0.00194276752
6.001799e-08,-0.00194461707
6.011799e-08,-0.00195127545
6.021799e-08,-0.00195904356
6.031799e-08,-0.00196496212
6.041799e-08,-0.00196718158
6.051799e-08,-0.00196644176
6.061799e-08,-0.00196496212
6.071799e-08,-0.00196533203
6.081799e-08,-0.00196903113
6.091799e-08,-0.0019753196
6.101799e-08,-0.0019827178
6.111799e-08,-0.00198974609
6.121799e-08,-0.00199640447
6.131799e-08,-0.00200343277
6.141799e-08,-0.00201231061
6.151799e-08,-0.00202414773
6.161799e-08,-0.00203857422
6.171799e-08,-0.00205300071
6.181799e-08,-0.00206557765
6.191799e-08,-0.00207371567
6.201799e-08,-0.00207778468
6.211799e-08,-0.00207815459
6.221799e-08,-0.00207741477
6.231799e-08,-0.00207704486
6.241799e-08,-0.00207815459
6.251799e-08,-0.00208037405
6.261799e-08,-0.00208333333
6.271799e-08,-0.00208703243
6.281799e-08,-0.00209184126
6.291799e-08,-0.00209849964
6.301799e-08,-0.00210700758
6.311799e-08,-0.00211662524
6.321799e-08,-0.00212476326
6.331799e-08,-0.002129942
6.341799e-08,-0.00213068182
6.351799e-08,-0.00212735263
6.361799e-08,-0.00212217389
6.371799e-08,-0.0021188447
6.381799e-08,-0.0021188447
6.391799e-08,-0.00212328362
6.401799e-08,-0.00213031191
6.411799e-08,-0.00213771011
6.421799e-08,-0.00214251894
6.431799e-08,-0.00214436849
6.441799e-08,-0.00214436849
6.451799e-08,-0.00214510831
6.461799e-08,-0.0021484375
6.471799e-08,-0.00215435606
6.481799e-08,-0.00216138435
6.491799e-08,-0.00216619318
6.501799e-08,-0.00216619318
6.511799e-08,-0.00216101444
6.521799e-08,-0.0021521366
6.531799e-08,-0.00214325876
6.541799e-08,-0.00213660038
6.551799e-08,-0.00213438092
6.561799e-08,-0.00213512074
6.571799e-08,-0.00213697029
6.581799e-08,-0.00213660038
6.591799e-08,-0.00213327119
6.601799e-08,-0.00212846236
6.611799e-08,-0.00212476326
6.621799e-08,-0.00212476326
6.631799e-08,-0.00212957209
6.641799e-08,-0.00213771011
6.651799e-08,-0.00214510831
6.661799e-08,-0.0021484375
6.671799e-08,-0.00214510831
6.681799e-08,-0.00213549065
6.691799e-08,-0.00212328362
6.701799e-08,-0.00211292614
6.711799e-08,-0.00210811731
6.721799e-08,-0.00210996686
6.731799e-08,-0.00211699515
6.741799e-08,-0.00212476326
6.751799e-08,-0.002129942
6.761799e-08,-0.00213031191
6.771799e-08,-0.00212587299
6.781799e-08,-0.0021188447
6.791799e-08,-0.00211218632
6.801799e-08,-0.00210737749
6.811799e-08,-0.00210626776
6.821799e-08,-0.00210700758
6.831799e-08,-0.00210885713
6.841799e-08,-0.00211033677
6.851799e-08,-0.00211181641
6.861799e-08,-0.00211292614
6.871799e-08,-0.0021151456
6.881799e-08,-0.0021188447
6.891799e-08,-0.00212402344
6.901799e-08,-0.00213068182
6.911799e-08,-0.00213808002
6.921799e-08,-0.00214621804
6.931799e-08,-0.00215546579
6.941799e-08,-0.00216619318
6.951799e-08,-0.0021780303
6.961799e-08,-0.00219060724
6.971799e-08,-0.00220281428
6.981799e-08,-0.00221354167
6.991799e-08,-0.00222241951
7.001799e-08,-0.00223055753
7.011799e-08,-0.00223869555
7.021799e-08,-0.00224905303
7.031799e-08,-0.00226236979
7.041799e-08,-0.00227864583
7.051799e-08,-0.00229640152
7.061799e-08,-0.0023141572
7.071799e-08,-0.00233043324
7.081799e-08,-0.00234411991
7.091799e-08,-0.00235632694
7.101799e-08,-0.00236742424
7.111799e-08,-0.00237852154
7.121799e-08,-0.00239035866
7.131799e-08,-0.0024025657
7.141799e-08,-0.00241477273
7.151799e-08,-0.00242587003
7.161799e-08,-0.00243548769
7.171799e-08,-0.00244362571
7.181799e-08,-0.00245028409
7.191799e-08,-0.00245620265
7.201799e-08,-0.0024617513
7.211799e-08,-0.00246729995
7.221799e-08,-0.00247395833
7.231799e-08,-0.00248209635
7.241799e-08,-0.00249282375
7.251799e-08,-0.0025057706
7.261799e-08,-0.00252130682
7.271799e-08,-0.00253795277
7.281799e-08,-0.00255459872
7.291799e-08,-0.00256902521
7.301799e-08,-0.00258049242
7.311799e-08,-0.00258863045
7.321799e-08,-0.00259343928
7.331799e-08,-0.00259639856
7.341799e-08,-0.00259824811
7.351799e-08,-0.00259935784
7.361799e-08,-0.00260046757
7.371799e-08,-0.0026015773
7.381799e-08,-0.00260416667
7.391799e-08,-0.00260934541
7.401799e-08,-0.00261785334
7.411799e-08,-0.00263043028
7.421799e-08,-0.00264559659
7.431799e-08,-0.00266002308
7.441799e-08,-0.00267038056
7.451799e-08,-0.00267407966
7.461799e-08,-0.00266927083
7.471799e-08,-0.00265817353
7.481799e-08,-0.00264485677
7.491799e-08,-0.00263375947
7.501799e-08,-0.00262784091
7.511799e-08,-0.00262821082
7.521799e-08,-0.00263301965
7.531799e-08,-0.00263782848
7.541799e-08,-0.00263967803
7.551799e-08,-0.00263634884
7.561799e-08,-0.00262895064
7.571799e-08,-0.00262081262
7.581799e-08,-0.00261600379
7.591799e-08,-0.00261748343
7.601799e-08,-0.00262488163
7.611799e-08,-0.00263560902
7.621799e-08,-0.00264559659
7.631799e-08,-0.00265003551
7.641799e-08,-0.00264670632
7.651799e-08,-0.00263634884
7.661799e-08,-0.00262192235
7.671799e-08,-0.00260823568
7.681799e-08,-0.00259935784
7.691799e-08,-0.0025978782
7.701799e-08,-0.00260416667
7.711799e-08,-0.0026163737
7.721799e-08,-0.00263227983
7.731799e-08,-0.00264855587
7.741799e-08,-0.00266335227
7.751799e-08,-0.0026755593
7.761799e-08,-0.00268554688
7.771799e-08,-0.00269294508
7.781799e-08,-0.00269886364
7.791799e-08,-0.00270330256
7.801799e-08,-0.00270700166
7.811799e-08,-0.00270959103
7.821799e-08,-0.00271070076
7.831799e-08,-0.00271107067
7.841799e-08,-0.00271033085
7.851799e-08,-0.00270996094
7.861799e-08,-0.00271070076
7.871799e-08,-0.00271366004
7.881799e-08,-0.00271994851
7.891799e-08,-0.00272882635
7.901799e-08,-0.00274029356
7.911799e-08,-0.00275176077
7.921799e-08,-0.00276174834
7.931799e-08,-0.0027676669
7.941799e-08,-0.00276988636
7.951799e-08,-0.00276877663
7.961799e-08,-0.00276581735
7.971799e-08,-0.0027639678
7.981799e-08,-0.0027639678
7.991799e-08,-0.00276692708
8.001799e-08,-0.002771366
8.011799e-08,-0.00277691465
8.021799e-08,-0.00278172348
8.031799e-08,-0.00278542259
8.041799e-08,-0.00278801196
8.051799e-08,-0.00279060133
8.061799e-08,-0.00279356061
8.071799e-08,-0.00279651989
8.081799e-08,-0.00279910926
8.091799e-08,-0.0028005889
8.101799e-08,-0.00279947917
8.111799e-08,-0.00279651989
8.121799e-08,-0.00279282079
8.131799e-08,-0.0027894916
8.141799e-08,-0.00278764205
8.151799e-08,-0.00278690223
8.161799e-08,-0.00278727214
8.171799e-08,-0.00278764205
8.181799e-08,-0.00278764205
8.191799e-08,-0.00278801196
8.201799e-08,-0.00279060133
8.211799e-08,-0.00279614998
8.221799e-08,-0.00280539773
8.231799e-08,-0.00281760476
8.241799e-08,-0.00283055161
8.251799e-08,-0.00284090909
8.261799e-08,-0.00284682765
8.271799e-08,-0.00284830729
8.281799e-08,-0.00284645774
8.291799e-08,-0.0028449781
8.301799e-08,-0.00284682765
8.311799e-08,-0.00285348603
8.321799e-08,-0.00286532315
8.331799e-08,-0.00287974964
8.341799e-08,-0.00289417614
8.351799e-08,-0.00290638317
8.361799e-08,-0.0029148911
8.371799e-08,-0.00292006984
8.381799e-08,-0.00292376894
8.391799e-08,-0.00292672822
8.401799e-08,-0.00293005741
8.411799e-08,-0.00293301669
8.421799e-08,-0.00293560606
8.431799e-08,-0.00293745561
8.441799e-08,-0.00293930516
8.451799e-08,-0.00294226444
8.461799e-08,-0.00294744318
8.471799e-08,-0.00295521129
8.481799e-08,-0.00296519886
8.491799e-08,-0.00297518643
8.501799e-08,-0.00298295455
8.511799e-08,-0.00298739347
8.521799e-08,-0.00298887311
8.531799e-08,-0.0029885032
8.541799e-08,-0.00298887311
8.551799e-08,-0.0029922023
8.561799e-08,-0.00299886068
8.571799e-08,-0.00300847834
8.581799e-08,-0.00301846591
8.591799e-08,-0.00302623402
8.601799e-08,-0.00303030303
8.611799e-08,-0.0030291933
8.621799e-08,-0.00302438447
8.631799e-08,-0.003018096
8.641799e-08,-0.00301291726
8.651799e-08,-0.0030106978
8.661799e-08,-0.00301254735
8.671799e-08,-0.003018096
8.681799e-08,-0.00302623402
8.691799e-08,-0.00303474195
8.701799e-08,-0.00304214015
8.711799e-08,-0.00304731889
8.721799e-08,-0.00305027817
8.731799e-08,-0.00305212772
8.741799e-08,-0.00305397727
8.751799e-08,-0.00305804628
8.761799e-08,-0.00306470466
8.771799e-08,-0.0030735825
8.781799e-08,-0.00308357008
8.791799e-08,-0.00309244792
8.801799e-08,-0.00309836648
8.811799e-08,-0.00310095585
8.821799e-08,-0.00310132576
8.831799e-08,-0.00310206558
8.841799e-08,-0.00310539477
8.851799e-08,-0.00311353279
8.861799e-08,-0.003125
8.871799e-08,-0.00313831676
8.881799e-08,-0.00314978397
8.891799e-08,-0.00315755208
8.901799e-08,-0.00316051136
8.911799e-08,-0.00316051136
8.921799e-08,-0.00316088127
8.931799e-08,-0.00316458037
8.941799e-08,-0.00317234848
8.951799e-08,-0.00318344579
8.961799e-08,-0.003194913
8.971799e-08,-0.00320379084
8.981799e-08,-0.00320785985
8.991799e-08,-0.00320822976
9.001799e-08,-0.00320748994
9.011799e-08,-0.00320859967
9.021799e-08,-0.00321377841
9.031799e-08,-0.00322265625
9.041799e-08,-0.00323264382
9.051799e-08,-0.00324041193
9.061799e-08,-0.00324337121
9.071799e-08,-0.00324189157
9.081799e-08,-0.00323819247
9.091799e-08,-0.0032356031
9.101799e-08,-0.00323745265
9.111799e-08,-0.00324411103
9.121799e-08,-0.00325335878
9.131799e-08,-0.00326186671
9.141799e-08,-0.00326704545
9.151799e-08,-0.00326741536
9.161799e-08,-0.00326445608
9.171799e-08,-0.0032614968
9.181799e-08,-0.00326112689
9.191799e-08,-0.00326445608
9.201799e-08,-0.00327074455
9.211799e-08,-0.00327629321
9.221799e-08,-0.00327888258
9.231799e-08,-0.00327703303
9.241799e-08,-0.00327148438
9.251799e-08,-0.00326556581
9.261799e-08,-0.00326112689
9.271799e-08,-0.00326001716
9.281799e-08,-0.00326223662
9.291799e-08,-0.00326482599
9.301799e-08,-0.00326704545
9.311799e-08,-0.00326778527
9.321799e-08,-0.00326852509
9.331799e-08,-0.00327185429
9.341799e-08,-0.00327888258
9.351799e-08,-0.00328997988
9.361799e-08,-0.00330255682
9.371799e-08,-0.00331365412
9.381799e-08,-0.0033203125
9.391799e-08,-0.00332142223
9.401799e-08,-0.00331846295
9.411799e-08,-0.00331513376
9.421799e-08,-0.00331439394
9.431799e-08,-0.00331735322
9.441799e-08,-0.00332290187
9.451799e-08,-0.00332845052
9.461799e-08,-0.00333214962
9.471799e-08,-0.00333325935
9.481799e-08,-0.00333325935
9.491799e-08,-0.00333621863
9.501799e-08,-0.00334398674
9.511799e-08,-0.0033573035
9.521799e-08,-0.00337394946
9.531799e-08,-0.00338874586
9.541799e-08,-0.00339725379
9.551799e-08,-0.00339725379
9.561799e-08,-0.00338985559
9.571799e-08,-0.00337838838
9.581799e-08,-0.00336766098
9.591799e-08,-0.0033610026
9.601799e-08,-0.00336026278
9.611799e-08,-0.00336322206
9.621799e-08,-0.00336766098
9.631799e-08,-0.00337173
9.641799e-08,-0.00337431937
9.651799e-08,-0.00337690874
9.661799e-08,-0.00337949811
9.671799e-08,-0.00338319721
9.681799e-08,-0.0033865264
9.691799e-08,-0.00338763613
9.701799e-08,-0.00338541667
9.711799e-08,-0.00337949811
9.721799e-08,-0.00337173
9.731799e-08,-0.0033647017
9.741799e-08,-0.00336174242
9.751799e-08,-0.00336322206
9.761799e-08,-0.0033684008
9.771799e-08,-0.00337468928
9.781799e-08,-0.00337949811
9.791799e-08,-0.00338171757
9.801799e-08,-0.00338208748
9.811799e-08,-0.0033828273
9.821799e-08,-0.00338541667
9.831799e-08,-0.00338985559
9.841799e-08,-0.0033939246
9.851799e-08,-0.00339503433
9.861799e-08,-0.00339133523
9.871799e-08,-0.00338245739
9.881799e-08,-0.00337099018
9.891799e-08,-0.0033610026
9.901799e-08,-0.00335582386
9.911799e-08,-0.00335693359
9.921799e-08,-0.00336322206
9.931799e-08,-0.00337173
9.941799e-08,-0.00337949811
9.951799e-08,-0.00338504676
9.961799e-08,-0.00338874586
9.971799e-08,-0.00339207505
9.981799e-08,-0.00339725379
9.991799e-08,-0.00340391217
1.00018e-07,-0.00341057055
1.00118e-07,-0.00341463956
1.00218e-07,-0.00341500947
1.00318e-07,-0.00341168028
1.00418e-07,-0.00340761127
1.00518e-07,-0.00340613163
1.00618e-07,-0.00340909091
1.00718e-07,-0.00341648911
1.00818e-07,-0.00342610677
1.00918e-07,-0.00343424479
1.01018e-07,-0.00343868371
1.01118e-07,-0.00344016335
1.01218e-07,-0.0034420129
1.01318e-07,-0.00344830137
1.01418e-07,-0.00346235795
1.01518e-07,-0.00348307292
1.01618e-07,-0.00350563743
1.01718e-07,-0.00352413293
1.01818e-07,-0.00353338068
1.01918e-07,-0.00353190104
1.02018e-07,-0.00352339311
1.02118e-07,-0.00351377545
1.02218e-07,-0.00350970644
1.02318e-07,-0.00351525509
1.02418e-07,-0.00353005149
1.02518e-07,-0.00354965672
1.02618e-07,-0.00356889205
1.02718e-07,-0.00358368845
1.02818e-07,-0.00359404593
1.02918e-07,-0.00360144413
1.03018e-07,-0.00361032197
1.03118e-07,-0.00362215909
1.03218e-07,-0.00363621567
1.03318e-07,-0.00364916252
1.03418e-07,-0.00365767045
1.03518e-07,-0.00365878018
1.03618e-07,-0.00365397135
1.03718e-07,-0.00364583333
1.03818e-07,-0.00363991477
1.03918e-07,-0.00363917495
1.04018e-07,-0.00364435369
1.04118e-07,-0.00365360144
1.04218e-07,-0.00366358902
1.04318e-07,-0.00367172704
1.04418e-07,-0.0036776456
1.04518e-07,-0.00368208452
1.04618e-07,-0.00368726326
1.04718e-07,-0.00369392164
1.04818e-07,-0.00370168975
1.04918e-07,-0.00370797822
1.05018e-07,-0.0037109375
1.05118e-07,-0.00370908795
1.05218e-07,-0.0037035393
1.05318e-07,-0.00369725083
1.05418e-07,-0.00369318182
1.05518e-07,-0.00369281191
1.05618e-07,-0.00369577119
1.05718e-07,-0.00369873047
1.05818e-07,-0.00369910038
1.05918e-07,-0.00369577119
1.06018e-07,-0.00368911281
1.06118e-07,-0.00368319425
1.06218e-07,-0.0036813447
1.06318e-07,-0.00368578362
1.06418e-07,-0.0036961411
1.06518e-07,-0.00370982777
1.06618e-07,-0.00372277462
1.06718e-07,-0.00373239228
1.06818e-07,-0.00373720111
1.06918e-07,-0.00373905066
1.07018e-07,-0.0037405303
1.07118e-07,-0.00374348958
1.07218e-07,-0.00374940814
1.07318e-07,-0.00375680634
1.07418e-07,-0.00376420455
1.07518e-07,-0.00377049302
1.07618e-07,-0.00377604167
1.07718e-07,-0.00378122041
1.07818e-07,-0.00378787879
1.07918e-07,-0.00379712654
1.08018e-07,-0.00380822384
1.08118e-07,-0.00381969105
1.08218e-07,-0.00382930871
1.08318e-07,-0.00383596709
1.08418e-07,-0.00383966619
1.08518e-07,-0.00384077592
1.08618e-07,-0.00384114583
1.08718e-07,-0.00384114583
1.08818e-07,-0.00384114583
1.08918e-07,-0.00384114583
1.09018e-07,-0.00384114583
1.09118e-07,-0.00384262547
1.09218e-07,-0.00384706439
1.09318e-07,-0.00385631214
1.09418e-07,-0.00387073864
1.09518e-07,-0.00388812441
1.09618e-07,-0.00390551018
1.09718e-07,-0.00391808712
1.09818e-07,-0.00392400568
1.09918e-07,-0.00392289595
1.10018e-07,-0.00391808712
1.10118e-07,-0.00391327829
1.10218e-07,-0.00391216856
1.10318e-07,-0.00391623757
1.10418e-07,-0.00392363577
1.10518e-07,-0.00393140388
1.10618e-07,-0.0039358428
1.10718e-07,-0.0039358428
1.10818e-07,-0.00393251361
1.10918e-07,-0.00392955433
1.11018e-07,-0.00392992424
1.11118e-07,-0.00393510298
1.11218e-07,-0.003943241
1.11318e-07,-0.00395100911
1.11418e-07,-0.00395359848
1.11518e-07,-0.00394878965
1.11618e-07,-0.00393769235
1.11718e-07,-0.00392400568
1.11818e-07,-0.00391216856
1.11918e-07,-0.00390625
1.12018e-07,-0.00390735973
1.12118e-07,-0.00391253847
1.12218e-07,-0.00391808712
1.12318e-07,-0.00391956676
1.12418e-07,-0.00391549775
1.12518e-07,-0.00390588009
1.12618e-07,-0.00389441288
1.12718e-07,-0.00388479522
1.12818e-07,-0.00387961648
1.12918e-07,-0.00387961648
1.13018e-07,-0.00388257576
1.13118e-07,-0.00388590495
1.13218e-07,-0.00388701468
1.13318e-07,-0.00388368549
1.13418e-07,-0.0038766572
1.13518e-07,-0.00386703954
1.13618e-07,-0.00385668205
1.13718e-07,-0.00384780421
1.13818e-07,-0.00384114583
1.13918e-07,-0.00383744673
1.14018e-07,-0.00383670691
1.14118e-07,-0.00383818655
1.14218e-07,-0.00384114583
1.14318e-07,-0.00384447502
1.14418e-07,-0.00384669448
1.14518e-07,-0.0038474343
1.14618e-07,-0.00384706439
1.14718e-07,-0.00384558475
1.14818e-07,-0.00384484493
1.14918e-07,-0.00384521484
1.15018e-07,-0.00384706439
1.15118e-07,-0.00385039358
1.15218e-07,-0.00385372277
1.15318e-07,-0.00385668205
1.15418e-07,-0.00385890152
1.15518e-07,-0.0038618608
1.15618e-07,-0.00386703954
1.15718e-07,-0.00387591738
1.15818e-07,-0.00388849432
1.15918e-07,-0.00390292081
1.16018e-07,-0.00391549775
1.16118e-07,-0.00392326586
1.16218e-07,-0.00392400568
1.16318e-07,-0.00391808712
1.16418e-07,-0.00390809955
1.16518e-07,-0.00389922171
1.16618e-07,-0.00389441288
1.16718e-07,-0.00389626243
1.16818e-07,-0.00390366063
1.16918e-07,-0.00391401811
1.17018e-07,-0.00392400568
1.17118e-07,-0.00393066406
1.17218e-07,-0.00393362334
1.17318e-07,-0.00393473307
1.17418e-07,-0.0039358428
1.17518e-07,-0.0039395419
1.17618e-07,-0.00394657019
1.17718e-07,-0.00395581795
1.17818e-07,-0.00396543561
1.17918e-07,-0.00397320372
1.18018e-07,-0.00397838246
1.18118e-07,-0.00398134174
1.18218e-07,-0.00398319129
1.18318e-07,-0.00398541075
1.18418e-07,-0.00398837003
1.18518e-07,-0.00399169922
1.18618e-07,-0.00399502841
1.18718e-07,-0.00399724787
1.18818e-07,-0.0039983576
1.18918e-07,-0.00399946733
1.19018e-07,-0.00400094697
1.19118e-07,-0.00400390625
1.19218e-07,-0.00400871508
1.19318e-07,-0.00401426373
1.19418e-07,-0.00401870265
1.19518e-07,-0.00402129202
1.19618e-07,-0.00402166193
1.19718e-07,-0.0040205522
1.19818e-07,-0.00401870265
1.19918e-07,-0.00401796283
1.20018e-07,-0.00401870265
1.20118e-07,-0.00402129202
1.20218e-07,-0.00402462121
1.20318e-07,-0.00402832031
1.20418e-07,-0.00403127959
1.20518e-07,-0.00403386896
1.20618e-07,-0.00403645833
1.20718e-07,-0.00403941761
1.20818e-07,-0.0040427468
1.20918e-07,-0.00404570608
1.21018e-07,-0.00404829545
1.21118e-07,-0.00404940518
1.21218e-07,-0.00404866536
1.21318e-07,-0.00404607599
1.21418e-07,-0.00404237689
1.21518e-07,-0.00403830788
1.21618e-07,-0.00403460878
1.21718e-07,-0.00403201941
1.21818e-07,-0.00403053977
1.21918e-07,-0.00403016986
1.22018e-07,-0.00403016986
1.22118e-07,-0.00403053977
1.22218e-07,-0.00403053977
1.22318e-07,-0.00402943004
1.22418e-07,-0.00402647076
1.22518e-07,-0.00402277166
1.22618e-07,-0.00401870265
1.22718e-07,-0.00401574337
1.22818e-07,-0.00401463364
1.22918e-07,-0.00401574337
1.23018e-07,-0.00401870265
1.23118e-07,-0.00402203184
1.23218e-07,-0.0040242513
1.23318e-07,-0.00402499112
1.23418e-07,-0.00402462121
1.23518e-07,-0.00402499112
1.23618e-07,-0.00402832031
1.23718e-07,-0.00403608842
1.23818e-07,-0.00404829545
1.23918e-07,-0.00406272195
1.24018e-07,-0.00407640862
1.24118e-07,-0.00408602628
1.24218e-07,-0.00408972538
1.24318e-07,-0.00408824574
1.24418e-07,-0.00408454664
1.24518e-07,-0.00408232718
1.24618e-07,-0.00408380682
1.24718e-07,-0.00409009529
1.24818e-07,-0.00409897313
1.24918e-07,-0.00410785097
1.25018e-07,-0.00411339962
1.25118e-07,-0.00411413944
1.25218e-07,-0.00411081025
1.25318e-07,-0.00410563151
1.25418e-07,-0.0041015625
1.25518e-07,-0.00410008286
1.25618e-07,-0.00410119259
1.25718e-07,-0.00410267223
1.25818e-07,-0.0041015625
1.25918e-07,-0.00409675367
1.26018e-07,-0.00408750592
1.26118e-07,-0.00407640862
1.26218e-07,-0.00406605114
1.26318e-07,-0.00405902285
1.26418e-07,-0.00405606357
1.26518e-07,-0.0040571733
1.26618e-07,-0.00406013258
1.26718e-07,-0.00406272195
1.26818e-07,-0.00406383168
1.26918e-07,-0.00406272195
1.27018e-07,-0.00406013258
1.27118e-07,-0.00405791312
1.27218e-07,-0.00405791312
1.27318e-07,-0.00406050249
1.27418e-07,-0.00406605114
1.27518e-07,-0.00407381925
1.27618e-07,-0.00408232718
1.27718e-07,-0.0040904652
1.27818e-07,-0.00409564394
1.27918e-07,-0.00409712358
1.28018e-07,-0.00409490412
1.28118e-07,-0.00408972538
1.28218e-07,-0.00408380682
1.28318e-07,-0.00408047763
1.28418e-07,-0.00408232718
1.28518e-07,-0.00408972538
1.28618e-07,-0.0041015625
1.28718e-07,-0.00411450935
1.28818e-07,-0.00412523674
1.28918e-07,-0.00413078539
1.29018e-07,-0.0041311553
1.29118e-07,-0.00412893584
1.29218e-07,-0.00412819602
1.29318e-07,-0.00413226503
1.29418e-07,-0.00414299242
1.29518e-07,-0.00415815874
1.29618e-07,-0.00417406487
1.29718e-07,-0.00418553208
1.29818e-07,-0.00419034091
1.29918e-07,-0.00418849136
1.30018e-07,-0.00418294271
1.30118e-07,-0.00417850379
1.30218e-07,-0.00417850379
1.30318e-07,-0.00418405244
1.30418e-07,-0.00419293028
1.30518e-07,-0.00420180812
1.30618e-07,-0.00420809659
1.30718e-07,-0.00421105587
1.30818e-07,-0.0042121656
1.30918e-07,-0.00421438506
1.31018e-07,-0.00421993371
1.31118e-07,-0.00422844164
1.31218e-07,-0.00423731948
1.31318e-07,-0.00424323804
1.31418e-07,-0.00424360795
1.31518e-07,-0.00423879912
1.31618e-07,-0.00423251065
1.31718e-07,-0.00422881155
1.31818e-07,-0.00423177083
1.31918e-07,-0.00424212831
1.32018e-07,-0.00425692472
1.32118e-07,-0.00427061139
1.32218e-07,-0.00427911932
1.32318e-07,-0.00427985914
1.32418e-07,-0.00427394058
1.32518e-07,-0.00426617247
1.32618e-07,-0.00426136364
1.32718e-07,-0.00426210346
1.32818e-07,-0.00426913175
1.32918e-07,-0.00427985914
1.33018e-07,-0.00429095644
1.33118e-07,-0.00430131392
1.33218e-07,-0.00431093158
1.33318e-07,-0.0043227687
1.33418e-07,-0.00433830492
1.33518e-07,-0.00435828007
1.33618e-07,-0.00438047467
1.33718e-07,-0.00440081972
1.33818e-07,-0.00441524621
1.33918e-07,-0.0044222745
1.34018e-07,-0.00442264441
1.34118e-07,-0.00442079486
1.34218e-07,-0.00442116477
1.34318e-07,-0.00442634351
1.34418e-07,-0.00443670099
1.34518e-07,-0.00445001776
1.34618e-07,-0.0044625947
1.34718e-07,-0.00447221236
1.34818e-07,-0.0044773911
1.34918e-07,-0.00447961056
1.35018e-07,-0.00448035038
1.35118e-07,-0.0044810902
1.35218e-07,-0.00448146011
1.35318e-07,-0.00448146011
1.35418e-07,-0.00448035038
1.35518e-07,-0.00447850083
1.35618e-07,-0.00447665128
1.35718e-07,-0.0044773911
1.35818e-07,-0.00448035038
1.35918e-07,-0.00448441939
1.36018e-07,-0.00448737867
1.36118e-07,-0.00448626894
1.36218e-07,-0.00448035038
1.36318e-07,-0.00447147254
1.36418e-07,-0.00446333452
1.36518e-07,-0.00446000533
1.36618e-07,-0.0044625947
1.36718e-07,-0.00446962299
1.36818e-07,-0.00447702119
1.36918e-07,-0.00447961056
1.37018e-07,-0.00447443182
1.37118e-07,-0.00446296461
1.37218e-07,-0.00444964785
1.37318e-07,-0.00444040009
1.37418e-07,-0.00443892045
1.37518e-07,-0.00444483902
1.37618e-07,-0.00445334695
1.37718e-07,-0.0044588956
1.37818e-07,-0.00445667614
1.37918e-07,-0.00444631866
1.38018e-07,-0.00443226207
1.38118e-07,-0.00442005504
1.38218e-07,-0.00441524621
1.38318e-07,-0.00441894531
1.38418e-07,-0.00442708333
1.38518e-07,-0.00443374171
1.38618e-07,-0.00443300189
1.38718e-07,-0.00442375414
1.38818e-07,-0.00440858783
1.38918e-07,-0.00439416134
1.39018e-07,-0.00438565341
1.39118e-07,-0.00438565341
1.39218e-07,-0.00439157197
1.39318e-07,-0.00439712062
1.39418e-07,-0.00439749053
1.39518e-07,-0.00438972242
1.39618e-07,-0.00437640566
1.39718e-07,-0.0043630889
1.39818e-07,-0.00435606061
1.39918e-07,-0.00435828007
1.40018e-07,-0.00436752782
1.40118e-07,-0.00437899503
1.40218e-07,-0.00438565341
1.40318e-07,-0.00438454368
1.40418e-07,-0.00437677557
1.40518e-07,-0.00436715791
1.40618e-07,-0.00436197917
1.40718e-07,-0.00436493845
1.40818e-07,-0.00437529593
1.40918e-07,-0.00439009233
1.41018e-07,-0.00440340909
1.41118e-07,-0.00441154711
1.41218e-07,-0.00441413648
1.41318e-07,-0.00441413648
1.41418e-07,-0.00441524621
1.41518e-07,-0.00441968513
1.41618e-07,-0.00442745324
1.41718e-07,-0.00443485144
1.41818e-07,-0.00443892045
1.41918e-07,-0.00443744081
1.42018e-07,-0.00443263198
1.42118e-07,-0.00442745324
1.42218e-07,-0.00442708333
1.42318e-07,-0.00443263198
1.42418e-07,-0.00444261955
1.42518e-07,-0.00445223722
1.42618e-07,-0.00445667614
1.42718e-07,-0.00445297704
1.42818e-07,-0.00444335938
1.42918e-07,-0.00443263198
1.43018e-07,-0.00442708333
1.43118e-07,-0.00443078243
1.43218e-07,-0.00444335938
1.43318e-07,-0.00446000533
1.43418e-07,-0.00447443182
1.43518e-07,-0.00448146011
1.43618e-07,-0.00447961056
1.43718e-07,-0.00447147254
1.43818e-07,-0.0044625947
1.43918e-07,-0.00445815578
1.44018e-07,-0.00446037524
1.44118e-07,-0.00446888317
1.44218e-07,-0.00448035038
1.44318e-07,-0.00449070786
1.44418e-07,-0.00449847597
1.44518e-07,-0.00450402462
1.44618e-07,-0.00450994318
1.44718e-07,-0.00451845111
1.44818e-07,-0.00453065814
1.44918e-07,-0.00454471473
1.45018e-07,-0.00455729167
1.45118e-07,-0.0045657996
1.45218e-07,-0.00456912879
1.45318e-07,-0.00456912879
1.45418e-07,-0.00456912879
1.45518e-07,-0.00457282789
1.45618e-07,-0.00458170573
1.45718e-07,-0.0045953924
1.45818e-07,-0.00461055871
1.45918e-07,-0.00462387547
1.46018e-07,-0.00463275331
1.46118e-07,-0.00463756214
1.46218e-07,-0.00464015152
1.46318e-07,-0.00464422053
1.46418e-07,-0.00465198864
1.46518e-07,-0.0046653054
1.46618e-07,-0.00468158144
1.46718e-07,-0.00469822739
1.46818e-07,-0.00471191406
1.46918e-07,-0.00472042199
1.47018e-07,-0.00472301136
1.47118e-07,-0.00472190163
1.47218e-07,-0.00471931226
1.47318e-07,-0.00471931226
1.47418e-07,-0.00472301136
1.47518e-07,-0.0047318892
1.47618e-07,-0.00474483606
1.47718e-07,-0.00476037228
1.47818e-07,-0.00477627841
1.47918e-07,-0.0047907049
1.48018e-07,-0.00480217211
1.48118e-07,-0.00481104995
1.48218e-07,-0.00481770833
1.48318e-07,-0.00482362689
1.48418e-07,-0.00483028527
1.48518e-07,-0.00483805339
1.48618e-07,-0.00484730114
1.48718e-07,-0.0048569188
1.48818e-07,-0.00486616655
1.48918e-07,-0.00487467448
1.49018e-07,-0.0048828125
1.49118e-07,-0.00489132043
1.49218e-07,-0.00490204782
1.49318e-07,-0.00491499467
1.49418e-07,-0.00493016098
1.49518e-07,-0.0049453273
1.49618e-07,-0.00495864406
1.49718e-07,-0.0049675219
1.49818e-07,-0.00497159091
1.49918e-07,-0.00497196082
1.50018e-07,-0.004971221
1.50118e-07,-0.00497233073
1.50218e-07,-0.00497750947
1.50318e-07,-0.00498675722
1.50418e-07,-0.00499822443
1.50518e-07,-0.00501006155
1.50618e-07,-0.00501893939
1.50718e-07,-0.00502448804
1.50818e-07,-0.00502707741
1.50918e-07,-0.00502855705
1.51018e-07,-0.00503077652
1.51118e-07,-0.00503484553
1.51218e-07,-0.00503965436
1.51318e-07,-0.00504298355
1.51418e-07,-0.00504261364
1.51518e-07,-0.00503706499
1.51618e-07,-0.0050267075
1.51718e-07,-0.00501376065
1.51818e-07,-0.00500118371
1.51918e-07,-0.00499119614
1.52018e-07,-0.00498490767
1.52118e-07,-0.00498120857
1.52218e-07,-0.00497750947
1.52318e-07,-0.004971221
1.52418e-07,-0.00496123343
1.52518e-07,-0.00494680694
1.52618e-07,-0.00493016098
1.52718e-07,-0.00491388494
1.52818e-07,-0.00489982836
1.52918e-07,-0.00488984079
1.53018e-07,-0.0048828125
1.53118e-07,-0.00487726385
1.53218e-07,-0.00487097538
1.53318e-07,-0.00486135772
1.53418e-07,-0.00484730114
1.53518e-07,-0.00482880563
1.53618e-07,-0.00480772076
1.53718e-07,-0.00478515625
1.53818e-07,-0.00476444129
1.53918e-07,-0.00474705552
1.54018e-07,-0.00473410866
1.54118e-07,-0.00472634055
1.54218e-07,-0.00472301136
1.54318e-07,-0.00472264145
1.54418e-07,-0.00472338127
1.54518e-07,-0.00472375118
1.54618e-07,-0.00472301136
1.54718e-07,-0.00472042199
1.54818e-07,-0.00471598307
1.54918e-07,-0.00471080433
1.55018e-07,-0.00470525568
1.55118e-07,-0.00470044685
1.55218e-07,-0.00469637784
1.55318e-07,-0.00469415838
1.55418e-07,-0.00469341856
1.55518e-07,-0.0046948982
1.55618e-07,-0.0046985973
1.55718e-07,-0.00470414595
1.55818e-07,-0.00471117424
1.55918e-07,-0.00471857244
1.56018e-07,-0.00472560073
1.56118e-07,-0.00473077947
1.56218e-07,-0.00473484848
1.56318e-07,-0.00473743786
1.56418e-07,-0.00474002723
1.56518e-07,-0.00474298651
1.56618e-07,-0.00474668561
1.56718e-07,-0.00475075462
1.56818e-07,-0.00475482363
1.56918e-07,-0.004757413
1.57018e-07,-0.00475852273
1.57118e-07,-0.00475889264
1.57218e-07,-0.00476000237
1.57318e-07,-0.00476333156
1.57418e-07,-0.00477035985
1.57518e-07,-0.00478071733
1.57618e-07,-0.00479292436
1.57718e-07,-0.00480402166
1.57818e-07,-0.00481178977
1.57918e-07,-0.00481437914
1.58018e-07,-0.00481215968
1.58118e-07,-0.00480661103
1.58218e-07,-0.00479995265
1.58318e-07,-0.00479514382
1.58418e-07,-0.00479366418
1.58518e-07,-0.00479551373
1.58618e-07,-0.00479995265
1.58718e-07,-0.00480513139
1.58818e-07,-0.00480994022
1.58918e-07,-0.00481363932
1.59018e-07,-0.00481770833
1.59118e-07,-0.00482251716
1.59218e-07,-0.00482954545
1.59318e-07,-0.00483805339
1.59418e-07,-0.00484730114
1.59518e-07,-0.00485506925
1.59618e-07,-0.00485913826
1.59718e-07,-0.00485839844
1.59818e-07,-0.0048532197
1.59918e-07,-0.00484508168
1.60018e-07,-0.00483657375
1.60118e-07,-0.00483065518
1.60218e-07,-0.00482954545
1.60318e-07,-0.00483324455
1.60418e-07,-0.00484101267
1.60518e-07,-0.00485063033
1.60618e-07,-0.00485913826
1.60718e-07,-0.00486505682
1.60818e-07,-0.00486727628
1.60918e-07,-0.00486690637
1.61018e-07,-0.00486505682
1.61118e-07,-0.00486357718
1.61218e-07,-0.004864317
1.61318e-07,-0.00486690637
1.61418e-07,-0.00487097538
1.61518e-07,-0.00487578421
1.61618e-07,-0.00488059304
1.61718e-07,-0.00488466205
1.61818e-07,-0.00488873106
1.61918e-07,-0.00489316998
1.62018e-07,-0.00489871863
1.62118e-07,-0.00490537701
1.62218e-07,-0.0049124053
1.62318e-07,-0.00491906368
1.62418e-07,-0.00492424242
1.62518e-07,-0.00492794152
1.62618e-07,-0.00493016098
1.62718e-07,-0.00493275036
1.62818e-07,-0.00493681937
1.62918e-07,-0.00494421757
1.63018e-07,-0.00495383523
1.63118e-07,-0.00496456262
1.63218e-07,-0.00497455019
1.63318e-07,-0.00498120857
1.63418e-07,-0.00498342803
1.63518e-07,-0.00498157848
1.63618e-07,-0.00497750947
1.63718e-07,-0.00497344046
1.63818e-07,-0.00497159091
1.63918e-07,-0.00497233073
1.64018e-07,-0.0049749201
1.64118e-07,-0.00497713956
1.64218e-07,-0.00497750947
1.64318e-07,-0.00497418028
1.64418e-07,-0.00496678208
1.64518e-07,-0.00495753433
1.64618e-07,-0.00494791667
1.64718e-07,-0.00494051847
1.64818e-07,-0.00493607955
1.64918e-07,-0.00493496982
1.65018e-07,-0.00493607955
1.65118e-07,-0.0049379291
1.65218e-07,-0.00493977865
1.65318e-07,-0.00494088838
1.65418e-07,-0.00494199811
1.65518e-07,-0.00494384766
1.65618e-07,-0.00494680694
1.65718e-07,-0.00495050604
1.65818e-07,-0.00495383523
1.65918e-07,-0.00495568478
1.66018e-07,-0.00495494496
1.66118e-07,-0.00495198568
1.66218e-07,-0.00494791667
1.66318e-07,-0.00494458748
1.66418e-07,-0.00494310784
1.66518e-07,-0.00494421757
1.66618e-07,-0.00494791667
1.66718e-07,-0.0049527255
1.66818e-07,-0.00495753433
1.66918e-07,-0.00496160334
1.67018e-07,-0.00496567235
1.67118e-07,-0.00497085109
1.67218e-07,-0.00497824929
1.67318e-07,-0.00498860677
1.67418e-07,-0.00500118371
1.67518e-07,-0.00501450047
1.67618e-07,-0.00502633759
1.67718e-07,-0.00503558535
1.67818e-07,-0.00504261364
1.67918e-07,-0.0050485322
1.68018e-07,-0.00505556049
1.68118e-07,-0.00506517815
1.68218e-07,-0.005078125
1.68318e-07,-0.0050929214
1.68418e-07,-0.00510697798
1.68518e-07,-0.00511844519
1.68618e-07,-0.00512547348
1.68718e-07,-0.00512917259
1.68818e-07,-0.00513065223
1.68918e-07,-0.0051332416
1.69018e-07,-0.00513731061
1.69118e-07,-0.00514285926
1.69218e-07,-0.005148038
1.69318e-07,-0.00515062737
1.69418e-07,-0.00514914773
1.69518e-07,-0.00514396899
1.69618e-07,-0.00513805043
1.69718e-07,-0.00513472124
1.69818e-07,-0.00513731061
1.69918e-07,-0.00514655836
1.70018e-07,-0.00516061494
1.70118e-07,-0.00517504143
1.70218e-07,-0.00518465909
1.70318e-07,-0.00518576882
1.70418e-07,-0.0051776308
1.70518e-07,-0.00516209458
1.70618e-07,-0.00514322917
1.70718e-07,-0.00512510357
1.70818e-07,-0.0051114169
1.70918e-07,-0.00510179924
1.71018e-07,-0.00509588068
1.71118e-07,-0.00509107185
1.71218e-07,-0.00508515329
1.71318e-07,-0.00507886482
1.71418e-07,-0.00507220644
1.71518e-07,-0.00506739761
1.71618e-07,-0.00506554806
1.71718e-07,-0.00506554806
1.71818e-07,-0.00506628788
1.71918e-07,-0.00506443833
1.72018e-07,-0.00505814986
1.72118e-07,-0.00504631274
1.72218e-07,-0.00503077652
1.72318e-07,-0.00501413056
1.72418e-07,-0.00499970407
1.72518e-07,-0.00498934659
1.72618e-07,-0.00498342803
1.72718e-07,-0.00498046875
1.72818e-07,-0.00497750947
1.72918e-07,-0.00497307055
1.73018e-07,-0.00496567235
1.73118e-07,-0.00495605469
1.73218e-07,-0.00494569721
1.73318e-07,-0.00493681937
1.73418e-07,-0.00493016098
1.73518e-07,-0.00492535215
1.73618e-07,-0.00492165305
1.73718e-07,-0.00491758404
1.73818e-07,-0.0049124053
1.73918e-07,-0.00490648674
1.74018e-07,-0.00490093809
1.74118e-07,-0.00489686908
1.74218e-07,-0.00489464962
1.74318e-07,-0.0048939098
1.74418e-07,-0.00489243016
1.74518e-07,-0.00488910097
1.74618e-07,-0.0048828125
1.74718e-07,-0.00487393466
1.74818e-07,-0.00486468691
1.74918e-07,-0.00485728871
1.75018e-07,-0.0048532197
1.75118e-07,-0.00485284979
1.75218e-07,-0.00485543916
1.75318e-07,-0.00485802853
1.75418e-07,-0.00485913826
1.75518e-07,-0.00485765862
1.75618e-07,-0.00485395952
1.75718e-07,-0.00484989051
1.75818e-07,-0.00484730114
1.75918e-07,-0.00484693123
1.76018e-07,-0.00484878078
1.76118e-07,-0.00485137015
1.76218e-07,-0.0048532197
1.76318e-07,-0.00485395952
1.76418e-07,-0.00485395952
1.76518e-07,-0.00485506925
1.76618e-07,-0.00485913826
1.76718e-07,-0.00486764619
1.76818e-07,-0.0048791134
1.76918e-07,-0.00489132043
1.77018e-07,-0.00490056818
1.77118e-07,-0.00490389737
1.77218e-07,-0.00489982836
1.77318e-07,-0.00488984079
1.77418e-07,-0.00487689394
1.77518e-07,-0.00486542673
1.77618e-07,-0.00485876835
1.77718e-07,-0.00485876835
1.77818e-07,-0.00486505682
1.77918e-07,-0.00487578421
1.78018e-07,-0.00488762133
1.78118e-07,-0.00489834872
1.78218e-07,-0.00490648674
1.78318e-07,-0.00491166548
1.78418e-07,-0.00491388494
1.78518e-07,-0.00491388494
1.78618e-07,-0.0049124053
1.78718e-07,-0.00490944602
1.78818e-07,-0.00490611683
1.78918e-07,-0.00490241773
1.79018e-07,-0.00490056818
1.79118e-07,-0.00490167791
1.79218e-07,-0.00490685665
1.79318e-07,-0.00491647431
1.79418e-07,-0.00493016098
1.79518e-07,-0.00494569721
1.79618e-07,-0.00496049361
1.79718e-07,-0.00497344046
1.79818e-07,-0.00498342803
1.79918e-07,-0.00499045632
1.80018e-07,-0.00499600497
1.80118e-07,-0.00500118371
1.80218e-07,-0.00500710227
1.80318e-07,-0.00501413056
1.80418e-07,-0.00502189867
1.80518e-07,-0.00502966679
1.80618e-07,-0.00503669508
1.80718e-07,-0.00504298355
1.80818e-07,-0.00504964193
1.80918e-07,-0.00505704013
1.81018e-07,-0.00506628788
1.81118e-07,-0.00507701527
1.81218e-07,-0.00508848248
1.81318e-07,-0.00509883996
1.81418e-07,-0.0051077178
1.81518e-07,-0.00511400627
1.81618e-07,-0.00511807528
1.81718e-07,-0.00512177438
1.81818e-07,-0.00512547348
1.81918e-07,-0.00513028232
1.82018e-07,-0.00513620088
1.82118e-07,-0.00514100971
1.82218e-07,-0.00514322917
1.82318e-07,-0.00514174953
1.82418e-07,-0.0051369407
1.82518e-07,-0.00513028232
1.82618e-07,-0.00512547348
1.82718e-07,-0.00512547348
1.82818e-07,-0.00513176196
1.82918e-07,-0.00514470881
1.83018e-07,-0.00516098485
1.83118e-07,-0.00517689098
1.83218e-07,-0.00518798828
1.83318e-07,-0.0051924272
1.83418e-07,-0.00519057765
1.83518e-07,-0.00518465909
1.83618e-07,-0.00517837062
1.83718e-07,-0.00517578125
1.83818e-07,-0.00517874053
1.83918e-07,-0.00518650864
1.84018e-07,-0.00519723603
1.84118e-07,-0.0052072236
1.84218e-07,-0.00521425189
1.84318e-07,-0.00521721117
1.84418e-07,-0.00521684126
1.84518e-07,-0.00521536162
1.84618e-07,-0.00521425189
1.84718e-07,-0.00521499171
1.84818e-07,-0.00521721117
1.84918e-07,-0.00521943063
1.85018e-07,-0.00522017045
1.85118e-07,-0.00521869081
1.85218e-07,-0.00521536162
1.85318e-07,-0.00521129261
1.85418e-07,-0.00520833333
1.85518e-07,-0.0052072236
1.85618e-07,-0.00520759351
1.85718e-07,-0.00520870324
1.85818e-07,-0.00520833333
1.85918e-07,-0.00520500414
1.86018e-07,-0.00519908558
1.86118e-07,-0.00519168738
1.86218e-07,-0.00518465909
1.86318e-07,-0.00518022017
1.86418e-07,-0.00517985026
1.86518e-07,-0.00518169981
1.86618e-07,-0.00518465909
1.86718e-07,-0.00518539891
1.86818e-07,-0.00518280954
1.86918e-07,-0.00517615116
1.87018e-07,-0.00516690341
1.87118e-07,-0.00515802557
1.87218e-07,-0.0051517371
1.87318e-07,-0.00514877782
1.87418e-07,-0.00514914773
1.87518e-07,-0.00515025746
1.87618e-07,-0.00514951764
1.87718e-07,-0.00514507872
1.87818e-07,-0.00513731061
1.87918e-07,-0.00512769295
1.88018e-07,-0.00511918501
1.88118e-07,-0.00511437618
1.88218e-07,-0.00511363636
1.88318e-07,-0.00511622573
1.88418e-07,-0.00511992483
1.88518e-07,-0.00512140447
1.88618e-07,-0.00511955492
1.88718e-07,-0.00511400627
1.88818e-07,-0.00510660807
1.88918e-07,-0.00509994969
1.89018e-07,-0.00509588068
1.89118e-07,-0.00509514086
1.89218e-07,-0.00509625059
1.89318e-07,-0.00509736032
1.89418e-07,-0.00509588068
1.89518e-07,-0.00509107185
1.89618e-07,-0.00508404356
1.89718e-07,-0.00507664536
1.89818e-07,-0.00507220644
1.89918e-07,-0.00507220644
1.90018e-07,-0.00507738518
1.90118e-07,-0.00508626302
1.90218e-07,-0.00509588068
1.90318e-07,-0.0051040187
1.90418e-07,-0.00510845762
1.90518e-07,-0.00510919744
1.90618e-07,-0.0051077178
1.90718e-07,-0.00510586825
1.90818e-07,-0.00510586825
1.90918e-07,-0.00510845762
1.91018e-07,-0.00511363636
1.91118e-07,-0.00512066465
1.91218e-07,-0.00512806286
1.91318e-07,-0.00513398142
1.91418e-07,-0.00513731061
1.91518e-07,-0.00513768052
1.91618e-07,-0.00513509115
1.91718e-07,-0.00513028232
1.91818e-07,-0.00512547348
1.91918e-07,-0.00512177438
1.92018e-07,-0.00512029474
1.92118e-07,-0.00512140447
1.92218e-07,-0.00512547348
1.92318e-07,-0.00513028232
1.92418e-07,-0.00513435133
1.92518e-07,-0.00513509115
1.92618e-07,-0.00513139205
1.92718e-07,-0.00512325402
1.92818e-07,-0.0051114169
1.92918e-07,-0.00509773023
1.93018e-07,-0.00508404356
1.93118e-07,-0.00507183653
1.93218e-07,-0.00506110914
1.93318e-07,-0.00505149148
1.93418e-07,-0.00504261364
1.93518e-07,-0.00503336589
1.93618e-07,-0.0050230084
1.93718e-07,-0.00501228101
1.93818e-07,-0.00500118371
1.93918e-07,-0.00499045632
1.94018e-07,-0.00498046875
1.94118e-07,-0.00497196082
1.94218e-07,-0.00496567235
1.94318e-07,-0.00496160334
1.94418e-07,-0.00495975379
1.94518e-07,-0.00495938388
1.94618e-07,-0.00495975379
1.94718e-07,-0.00495901397
1.94818e-07,-0.00495605469
1.94918e-07,-0.00495013613
1.95018e-07,-0.00494199811
1.95118e-07,-0.00493312027
1.95218e-07,-0.00492498224
1.95318e-07,-0.00492017341
1.95418e-07,-0.00491832386
1.95518e-07,-0.00491869377
1.95618e-07,-0.0049198035
1.95718e-07,-0.0049198035
1.95818e-07,-0.00491832386
1.95918e-07,-0.0049161044
1.96018e-07,-0.00491536458
1.96118e-07,-0.00491795395
1.96218e-07,-0.00492424242
1.96318e-07,-0.00493312027
1.96418e-07,-0.0049416282
1.96518e-07,-0.00494717685
1.96618e-07,-0.00494791667
1.96718e-07,-0.00494421757
1.96818e-07,-0.00493866892
1.96918e-07,-0.00493496982
1.97018e-07,-0.00493607955
1.97118e-07,-0.00494310784
1.97218e-07,-0.00495346532
1.97318e-07,-0.00496456262
1.97418e-07,-0.00497159091
1.97518e-07,-0.00497307055
1.97618e-07,-0.00496900154
1.97718e-07,-0.00496345289
1.97818e-07,-0.00495975379
1.97918e-07,-0.00496197325
1.98018e-07,-0.00497085109
1.98118e-07,-0.00498527758
1.98218e-07,-0.00500118371
1.98318e-07,-0.00501524029
1.98418e-07,-0.00502485795
1.98518e-07,-0.00502929688
1.98618e-07,-0.00503077652
1.98718e-07,-0.00503151634
1.98818e-07,-0.00503336589
1.98918e-07,-0.0050374349
1.99018e-07,-0.00504261364
1.99118e-07,-0.00504779238
1.99218e-07,-0.00505149148
1.99318e-07,-0.00505334103
1.99418e-07,-0.00505445076
1.99518e-07,-0.00505667022
1.99618e-07,-0.00506110914
1.99718e-07,-0.00506850734
1.99818e-07,-0.005078125
1.99918e-07,-0.00508811257
2.00018e-07,-0.0050966205
2.00118e-07,-0.00510290897
2.00218e-07,-0.0051077178
2.00318e-07,-0.00511215672
2.00418e-07,-0.00511807528
2.00518e-07,-0.00512658321
2.00618e-07,-0.00513731061
2.00718e-07,-0.00514914773
2.00818e-07,-0.00515987512
2.00918e-07,-0.00516801314
2.01018e-07,-0.00517282197
2.01118e-07,-0.00517504143
2.01218e-07,-0.00517689098
2.01318e-07,-0.00517948035
2.01418e-07,-0.00518465909
2.01518e-07,-0.00519279711
2.01618e-07,-0.00520315459
2.01718e-07,-0.0052146218
2.01818e-07,-0.00522608902
2.01918e-07,-0.00523681641
2.02018e-07,-0.00524643407
2.02118e-07,-0.00525457209
2.02218e-07,-0.00526160038
2.02318e-07,-0.00526714903
2.02418e-07,-0.00527158795
2.02518e-07,-0.00527528705
2.02618e-07,-0.00527935606
2.02718e-07,-0.00528490471
2.02818e-07,-0.00529267282
2.02918e-07,-0.0053030303
2.03018e-07,-0.00531486742
2.03118e-07,-0.00532559482
2.03218e-07,-0.00533299302
2.03318e-07,-0.00533558239
2.03418e-07,-0.00533262311
2.03518e-07,-0.00532633464
2.03618e-07,-0.00531967625
2.03718e-07,-0.00531523733
2.03818e-07,-0.00531486742
2.03918e-07,-0.0053178267
2.04018e-07,-0.00532263554
2.04118e-07,-0.00532596473
2.04218e-07,-0.00532670455
2.04318e-07,-0.00532448509
2.04418e-07,-0.00532041607
2.04518e-07,-0.00531708688
2.04618e-07,-0.00531486742
2.04718e-07,-0.0053141276
2.04818e-07,-0.00531338778
2.04918e-07,-0.00531005859
2.05018e-07,-0.0053030303
2.05118e-07,-0.00529267282
2.05218e-07,-0.00528157552
2.05318e-07,-0.00527232777
2.05418e-07,-0.00526751894
2.05518e-07,-0.00526788885
2.05618e-07,-0.00527195786
2.05718e-07,-0.00527676669
2.05818e-07,-0.00527935606
2.05918e-07,-0.00527861624
2.06018e-07,-0.00527491714
2.06118e-07,-0.00527010831
2.06218e-07,-0.00526751894
2.06318e-07,-0.00526862867
2.06418e-07,-0.00527380741
2.06518e-07,-0.00528194543
2.06618e-07,-0.00529119318
2.06718e-07,-0.00530007102
2.06818e-07,-0.00530709931
2.06918e-07,-0.00531190814
2.07018e-07,-0.00531486742
2.07118e-07,-0.00531560724
2.07218e-07,-0.00531449751
2.07318e-07,-0.00531190814
2.07418e-07,-0.00530894886
2.07518e-07,-0.00530746922
2.07618e-07,-0.00530931877
2.07718e-07,-0.00531597715
2.07818e-07,-0.00532670455
2.07918e-07,-0.00533854167
2.08018e-07,-0.00534741951
2.08118e-07,-0.00534963897
2.08218e-07,-0.00534446023
2.08318e-07,-0.00533373284
2.08418e-07,-0.00532189571
2.08518e-07,-0.00531449751
2.08618e-07,-0.00531486742
2.08718e-07,-0.00532300545
2.08818e-07,-0.00533521248
2.08918e-07,-0.00534593987
2.09018e-07,-0.00535037879
2.09118e-07,-0.00534667969
2.09218e-07,-0.00533632221
2.09318e-07,-0.00532411518
2.09418e-07,-0.00531486742
2.09518e-07,-0.00531190814
2.09618e-07,-0.00531523733
2.09718e-07,-0.0053215258
2.09818e-07,-0.00532670455
2.09918e-07,-0.00532781428
2.10018e-07,-0.00532448509
2.10118e-07,-0.00531893643
2.10218e-07,-0.00531486742
2.10318e-07,-0.00531486742
2.10418e-07,-0.00532004616
2.10518e-07,-0.00532892401
2.10618e-07,-0.00533854167
2.10718e-07,-0.00534630978
2.10818e-07,-0.00535111861
2.10918e-07,-0.00535370798
2.11018e-07,-0.00535629735
2.11118e-07,-0.00536036636
2.11218e-07,-0.00536628492
2.11318e-07,-0.00537331321
2.11418e-07,-0.00537997159
2.11518e-07,-0.00538515033
2.11618e-07,-0.00538921934
2.11718e-07,-0.00539476799
2.11818e-07,-0.00540364583
2.11918e-07,-0.00541807232
2.12018e-07,-0.00543767756
2.12118e-07,-0.00545950225
2.12218e-07,-0.00548058712
2.12318e-07,-0.00549686316
2.12418e-07,-0.00550685073
2.12518e-07,-0.00551054983
2.12618e-07,-0.00551017992
2.12718e-07,-0.00550870028
2.12818e-07,-0.00550833037
2.12918e-07,-0.00551091974
2.13018e-07,-0.00551609848
2.13118e-07,-0.00552275687
2.13218e-07,-0.00552941525
2.13318e-07,-0.0055349639
2.13418e-07,-0.00553977273
2.13518e-07,-0.00554347183
2.13618e-07,-0.00554643111
2.13718e-07,-0.00554902048
2.13818e-07,-0.00555160985
2.13918e-07,-0.00555419922
2.14018e-07,-0.00555641868
2.14118e-07,-0.00555789832
2.14218e-07,-0.00555752841
2.14318e-07,-0.00555493904
2.14418e-07,-0.0055497603
2.14518e-07,-0.00554199219
2.14618e-07,-0.00553385417
2.14718e-07,-0.00552682588
2.14818e-07,-0.00552349669
2.14918e-07,-0.0055238666
2.15018e-07,-0.00552793561
2.15118e-07,-0.00553274444
2.15218e-07,-0.00553533381
2.15318e-07,-0.00553385417
2.15418e-07,-0.00552793561
2.15518e-07,-0.00551979759
2.15618e-07,-0.00551350911
2.15718e-07,-0.00551165956
2.15818e-07,-0.00551609848
2.15918e-07,-0.00552497633
2.16018e-07,-0.00553348426
2.16118e-07,-0.00553755327
2.16218e-07,-0.00553385417
2.16318e-07,-0.00552238696
2.16418e-07,-0.00550722064
2.16518e-07,-0.00549353397
2.16618e-07,-0.00548650568
2.16718e-07,-0.00548872514
2.16818e-07,-0.00549871271
2.16918e-07,-0.00551165956
2.17018e-07,-0.00552201705
2.17118e-07,-0.00552608606
2.17218e-07,-0.00552275687
2.17318e-07,-0.00551387902
2.17418e-07,-0.00550426136
2.17518e-07,-0.00549723307
2.17618e-07,-0.0054946437
2.17718e-07,-0.00549575343
2.17818e-07,-0.0054983428
2.17918e-07,-0.00550019235
2.18018e-07,-0.00550019235
2.18118e-07,-0.00549871271
2.18218e-07,-0.0054983428
2.18318e-07,-0.00550019235
2.18418e-07,-0.00550537109
2.18518e-07,-0.00551128965
2.18618e-07,-0.00551609848
2.18718e-07,-0.00551646839
2.18818e-07,-0.00551165956
2.18918e-07,-0.00550241181
2.19018e-07,-0.00549242424
2.19118e-07,-0.00548502604
2.19218e-07,-0.00548280658
2.19318e-07,-0.00548613577
2.19418e-07,-0.00549242424
2.19518e-07,-0.0054983428
2.19618e-07,-0.00550093217
2.19718e-07,-0.0054983428
2.19818e-07,-0.00549242424
2.19918e-07,-0.00548576586
2.20018e-07,-0.00548132694
2.20118e-07,-0.00548169685
2.20218e-07,-0.00548650568
2.20318e-07,-0.00549353397
2.20418e-07,-0.00549945253
2.20518e-07,-0.00550130208
2.20618e-07,-0.0054983428
2.20718e-07,-0.00549131451
2.20818e-07,-0.00548206676
2.20918e-07,-0.00547429865
2.21018e-07,-0.00546875
2.21118e-07,-0.00546616063
2.21218e-07,-0.00546468099
2.21318e-07,-0.00546246153
2.21418e-07,-0.00545691288
2.21518e-07,-0.00544766513
2.21618e-07,-0.0054354581
2.21718e-07,-0.00542214134
2.21818e-07,-0.00540956439
2.21918e-07,-0.005398837
2.22018e-07,-0.00539032907
2.22118e-07,-0.00538256096
2.22218e-07,-0.00537405303
2.22318e-07,-0.00536406546
2.22418e-07,-0.00535185843
2.22518e-07,-0.00533891158
2.22618e-07,-0.00532670455
2.22718e-07,-0.00531634706
2.22818e-07,-0.00530820904
2.22918e-07,-0.00530229048
2.23018e-07,-0.00529711174
2.23118e-07,-0.00529156309
2.23218e-07,-0.00528490471
2.23318e-07,-0.00527676669
2.23418e-07,-0.00526751894
2.23518e-07,-0.00525827119
2.23618e-07,-0.00524939335
2.23718e-07,-0.00524051551
2.23818e-07,-0.00523200758
2.23918e-07,-0.00522275982
2.24018e-07,-0.00521314216
2.24118e-07,-0.00520426432
2.24218e-07,-0.00519649621
2.24318e-07,-0.00519168738
2.24418e-07,-0.00519057765
2.24518e-07,-0.00519279711
2.24618e-07,-0.00519649621
2.24718e-07,-0.0051998254
2.24818e-07,-0.00520130504
2.24918e-07,-0.00520019531
2.25018e-07,-0.00519649621
2.25118e-07,-0.0051924272
2.25218e-07,-0.00518909801
2.25318e-07,-0.00518835819
2.25418e-07,-0.00519057765
2.25518e-07,-0.00519464666
2.25618e-07,-0.00519945549
2.25718e-07,-0.00520426432
2.25818e-07,-0.00520833333
2.25918e-07,-0.00521277225
2.26018e-07,-0.00521906072
2.26118e-07,-0.00522719875
2.26218e-07,-0.00523792614
2.26318e-07,-0.00524976326
2.26418e-07,-0.00526049065
2.26518e-07,-0.00526899858
2.26618e-07,-0.0052734375
2.26718e-07,-0.00527454723
2.26818e-07,-0.00527417732
2.26918e-07,-0.00527306759
2.27018e-07,-0.0052734375
2.27118e-07,-0.00527491714
2.27218e-07,-0.00527750651
2.27318e-07,-0.00527898615
2.27418e-07,-0.00527935606
2.27518e-07,-0.00527824633
2.27618e-07,-0.00527676669
2.27718e-07,-0.00527676669
2.27818e-07,-0.00527935606
2.27918e-07,-0.0052845348
2.28018e-07,-0.00529156309
2.28118e-07,-0.00529859138
2.28218e-07,-0.0053030303
2.28318e-07,-0.00530414003
2.28418e-07,-0.00530192057
2.28518e-07,-0.00529711174
2.28618e-07,-0.00529119318
2.28718e-07,-0.00528564453
2.28818e-07,-0.0052808357
2.28918e-07,-0.00527676669
2.29018e-07,-0.0052734375
2.29118e-07,-0.00527047822
2.29218e-07,-0.00526899858
2.29318e-07,-0.0052697384
2.29418e-07,-0.0052734375
2.29518e-07,-0.00528009588
2.29618e-07,-0.00528860381
2.29718e-07,-0.00529711174
2.29818e-07,-0.0053030303
2.29918e-07,-0.00530524976
2.30018e-07,-0.0053030303
2.30118e-07,-0.00529785156
2.30218e-07,-0.00529119318
2.30318e-07,-0.00528527462
2.30418e-07,-0.00528231534
2.30518e-07,-0.00528231534
2.30618e-07,-0.00528527462
2.30718e-07,-0.00529008345
2.30818e-07,-0.0052956321
2.30918e-07,-0.00530044093
2.31018e-07,-0.0053030303
2.31118e-07,-0.00530340021
2.31218e-07,-0.00530192057
2.31318e-07,-0.0052993312
2.31418e-07,-0.00529711174
2.31518e-07,-0.00529637192
2.31618e-07,-0.00529822147
2.31718e-07,-0.0053030303
2.31818e-07,-0.00530894886
2.31918e-07,-0.00531449751
2.32018e-07,-0.00531671697
2.32118e-07,-0.00531486742
2.32218e-07,-0.00530894886
2.32318e-07,-0.00530081084
2.32418e-07,-0.00529304273
2.32518e-07,-0.00528934363
2.32618e-07,-0.00529119318
2.32718e-07,-0.00529822147
2.32818e-07,-0.00530857895
2.32918e-07,-0.00531893643
2.33018e-07,-0.00532670455
2.33118e-07,-0.00533003374
2.33218e-07,-0.00532892401
2.33318e-07,-0.00532559482
2.33418e-07,-0.00532078598
2.33518e-07,-0.00531634706
2.33618e-07,-0.00531227805
2.33718e-07,-0.00530783913
2.33818e-07,-0.0053030303
2.33918e-07,-0.00529822147
2.34018e-07,-0.00529415246
2.34118e-07,-0.00529341264
2.34218e-07,-0.00529711174
2.34318e-07,-0.00530561967
2.34418e-07,-0.00531708688
2.34518e-07,-0.00532892401
2.34618e-07,-0.00533854167
2.34718e-07,-0.0053433505
2.34818e-07,-0.00534298059
2.34918e-07,-0.00533891158
2.35018e-07,-0.00533262311
2.35118e-07,-0.00532707446
2.35218e-07,-0.00532374527
2.35318e-07,-0.00532374527
2.35418e-07,-0.00532670455
2.35518e-07,-0.0053322532
2.35618e-07,-0.00533928149
2.35718e-07,-0.00534778942
2.35818e-07,-0.00535629735
2.35918e-07,-0.00536443537
2.36018e-07,-0.00537035393
2.36118e-07,-0.00537368312
2.36218e-07,-0.00537405303
2.36318e-07,-0.00537183357
2.36418e-07,-0.00536813447
2.36518e-07,-0.00536443537
2.36618e-07,-0.00536221591
2.36718e-07,-0.00536073627
2.36818e-07,-0.00535962654
2.36918e-07,-0.00535629735
2.37018e-07,-0.00535037879
2.37118e-07,-0.00534224077
2.37218e-07,-0.00533373284
2.37318e-07,-0.00532781428
2.37418e-07,-0.00532670455
2.37518e-07,-0.00533151338
2.37618e-07,-0.00534113104
2.37718e-07,-0.00535259825
2.37818e-07,-0.00536221591
2.37918e-07,-0.00536702474
2.38018e-07,-0.00536628492
2.38118e-07,-0.005361846
2.38218e-07,-0.00535629735
2.38318e-07,-0.00535259825
2.38418e-07,-0.00535296816
2.38518e-07,-0.00535666726
2.38618e-07,-0.00536221591
2.38718e-07,-0.00536739465
2.38818e-07,-0.00536998402
2.38918e-07,-0.00536961411
2.39018e-07,-0.00536813447
2.39118e-07,-0.00536739465
2.39218e-07,-0.00536887429
2.39318e-07,-0.00537331321
2.39418e-07,-0.00537997159
2.39518e-07,-0.00538626006
2.39618e-07,-0.00538995916
2.39718e-07,-0.00538995916
2.39818e-07,-0.00538589015
2.39918e-07,-0.00537923177
2.40018e-07,-0.00537220348
2.40118e-07,-0.00536628492
2.40218e-07,-0.00536221591
2.40318e-07,-0.00535925663
2.40418e-07,-0.00535666726
2.40518e-07,-0.00535370798
2.40618e-07,-0.00535037879
2.40718e-07,-0.00534778942
2.40818e-07,-0.00534778942
2.40918e-07,-0.00535037879
2.41018e-07,-0.00535629735
2.41118e-07,-0.00536332564
2.41218e-07,-0.00536887429
2.41318e-07,-0.00537109375
2.41418e-07,-0.00536813447
2.41518e-07,-0.00536073627
2.41618e-07,-0.0053507487
2.41718e-07,-0.00534076113
2.41818e-07,-0.00533262311
2.41918e-07,-0.00532744437
2.42018e-07,-0.00532448509
2.42118e-07,-0.00532300545
2.42218e-07,-0.00532078598
2.42318e-07,-0.0053178267
2.42418e-07,-0.00531486742
2.42518e-07,-0.00531338778
2.42618e-07,-0.00531486742
2.42718e-07,-0.00532004616
2.42818e-07,-0.00532892401
2.42918e-07,-0.0053396514
2.43018e-07,-0.00535037879
2.43118e-07,-0.00535925663
2.43218e-07,-0.00536517519
2.43318e-07,-0.00536813447
2.43418e-07,-0.00536813447
2.43518e-07,-0.00536665483
2.43618e-07,-0.00536443537
2.43718e-07,-0.00536295573
2.43818e-07,-0.00536221591
2.43918e-07,-0.00536332564
2.44018e-07,-0.00536591501
2.44118e-07,-0.00536998402
2.44218e-07,-0.00537405303
2.44318e-07,-0.0053766424
2.44418e-07,-0.00537590258
2.44518e-07,-0.00537072384
2.44618e-07,-0.00536221591
2.44718e-07,-0.00535185843
2.44818e-07,-0.00534298059
2.44918e-07,-0.00533817176
2.45018e-07,-0.00533854167
2.45118e-07,-0.00534372041
2.45218e-07,-0.00535037879
2.45318e-07,-0.00535592744
2.45418e-07,-0.00535629735
2.45518e-07,-0.00535111861
2.45618e-07,-0.00534113104
2.45718e-07,-0.00533003374
2.45818e-07,-0.00532078598
2.45918e-07,-0.00531634706
2.46018e-07,-0.00531708688
2.46118e-07,-0.0053215258
2.46218e-07,-0.00532670455
2.46318e-07,-0.00532966383
2.46418e-07,-0.00532966383
2.46518e-07,-0.00532596473
2.46618e-07,-0.00532078598
2.46718e-07,-0.00531597715
2.46818e-07,-0.00531227805
2.46918e-07,-0.0053104285
2.47018e-07,-0.00530894886
2.47118e-07,-0.00530746922
2.47218e-07,-0.00530635949
2.47318e-07,-0.00530635949
2.47418e-07,-0.00530894886
2.47518e-07,-0.00531560724
2.47618e-07,-0.00532670455
2.47718e-07,-0.00533928149
2.47818e-07,-0.00535037879
2.47918e-07,-0.00535629735
2.48018e-07,-0.0053544478
2.48118e-07,-0.00534556996
2.48218e-07,-0.00533262311
2.48318e-07,-0.00532078598
2.48418e-07,-0.00531449751
2.48518e-07,-0.00531671697
2.48618e-07,-0.00532670455
2.48718e-07,-0.00534150095
2.48818e-07,-0.00535592744
2.48918e-07,-0.0053655451
2.49018e-07,-0.00536813447
2.49118e-07,-0.00536443537
2.49218e-07,-0.00535777699
2.49318e-07,-0.00535185843
2.49418e-07,-0.00535037879
2.49518e-07,-0.0053544478
2.49618e-07,-0.00536258582
2.49718e-07,-0.00537220348
2.49818e-07,-0.00537997159
2.49918e-07,-0.00538367069
2.50018e-07,-0.00538256096
2.50118e-07,-0.00537886186
2.50218e-07,-0.00537405303
2.50318e-07,-0.00537072384
2.50418e-07,-0.00536998402
2.50518e-07,-0.00537146366
2.50618e-07,-0.00537405303
2.50718e-07,-0.0053766424
2.50818e-07,-0.00537775213
2.50918e-07,-0.0053766424
2.51018e-07,-0.00537405303
2.51118e-07,-0.0053692442
2.51218e-07,-0.00536295573
2.51318e-07,-0.0053544478
2.51418e-07,-0.00534446023
2.51518e-07,-0.00533410275
2.51618e-07,-0.00532448509
2.51718e-07,-0.0053178267
2.51818e-07,-0.00531486742
2.51918e-07,-0.00531597715
2.52018e-07,-0.00532004616
2.52118e-07,-0.00532411518
2.52218e-07,-0.00532670455
2.52318e-07,-0.00532522491
2.52418e-07,-0.00532004616
2.52518e-07,-0.00531190814
2.52618e-07,-0.0053030303
2.52718e-07,-0.00529600201
2.52818e-07,-0.00529267282
2.52918e-07,-0.00529341264
2.53018e-07,-0.00529711174
2.53118e-07,-0.00530229048
2.53218e-07,-0.00530746922
2.53318e-07,-0.00531190814
2.53418e-07,-0.00531486742
2.53518e-07,-0.00531745679
2.53618e-07,-0.00532078598
2.53718e-07,-0.00532559482
2.53818e-07,-0.00533262311
2.53918e-07,-0.00534187086
2.54018e-07,-0.00535296816
2.54118e-07,-0.00536406546
2.54218e-07,-0.00537405303
2.54318e-07,-0.00538219105
2.54418e-07,-0.00538736979
2.54518e-07,-0.00539032907
2.54618e-07,-0.00539180871
2.54718e-07,-0.00539365826
2.54818e-07,-0.00539661754
2.54918e-07,-0.00540216619
2.55018e-07,-0.00540956439
2.55118e-07,-0.00541807232
2.55218e-07,-0.00542621035
2.55318e-07,-0.00543323864
2.55418e-07,-0.0054391572
2.55518e-07,-0.00544433594
2.55618e-07,-0.00544988459
2.55718e-07,-0.00545617306
2.55818e-07,-0.00546283144
2.55918e-07,-0.00546911991
2.56018e-07,-0.00547318892
2.56118e-07,-0.00547503847
2.56218e-07,-0.00547466856
2.56318e-07,-0.00547392874
2.56418e-07,-0.00547503847
2.56518e-07,-0.00547947739
2.56618e-07,-0.00548650568
2.56718e-07,-0.00549501361
2.56818e-07,-0.00550278172
2.56918e-07,-0.00550796046
2.57018e-07,-0.00551017992
2.57118e-07,-0.00551091974
2.57218e-07,-0.0055131392
2.57318e-07,-0.00551868786
2.57418e-07,-0.00552793561
2.57518e-07,-0.005538663
2.57618e-07,-0.00554791075
2.57718e-07,-0.00555234967
2.57818e-07,-0.00555160985
2.57918e-07,-0.00554791075
2.58018e-07,-0.00554495147
2.58118e-07,-0.00554754084
2.58218e-07,-0.00555752841
2.58318e-07,-0.00557343454
2.58418e-07,-0.00559082031
2.58518e-07,-0.00560450698
2.58618e-07,-0.00561079545
2.58718e-07,-0.0056089459
2.58818e-07,-0.00560265743
2.58918e-07,-0.00559562914
2.59018e-07,-0.00559303977
2.59118e-07,-0.00559562914
2.59218e-07,-0.00560117779
2.59318e-07,-0.00560561671
2.59418e-07,-0.00560487689
2.59518e-07,-0.00559747869
2.59618e-07,-0.00558564157
2.59718e-07,-0.00557454427
2.59818e-07,-0.00556936553
2.59918e-07,-0.00557306463
2.60018e-07,-0.00558490175
2.60118e-07,-0.0056015477
2.60218e-07,-0.00561671402
2.60318e-07,-0.00562633168
2.60418e-07,-0.00562855114
2.60518e-07,-0.00562448213
2.60618e-07,-0.00561671402
2.60718e-07,-0.0056089459
2.60818e-07,-0.00560302734
2.60918e-07,-0.00560006806
2.61018e-07,-0.00559895833
2.61118e-07,-0.00559969815
2.61218e-07,-0.00560228752
2.61318e-07,-0.00560783617
2.61418e-07,-0.00561671402
2.61518e-07,-0.00562892105
2.61618e-07,-0.00564260772
2.61718e-07,-0.00565518466
2.61818e-07,-0.0056640625
2.61918e-07,-0.00566887133
2.62018e-07,-0.00567109079
2.62118e-07,-0.00567257043
2.62218e-07,-0.00567589962
2.62318e-07,-0.00568218809
2.62418e-07,-0.00569106593
2.62518e-07,-0.00569957386
2.62618e-07,-0.00570549242
2.62718e-07,-0.0057084517
2.62818e-07,-0.00570882161
2.62918e-07,-0.00570882161
2.63018e-07,-0.00571141098
2.63118e-07,-0.00571732955
2.63218e-07,-0.00572546757
2.63318e-07,-0.0057339755
2.63418e-07,-0.00574100379
2.63518e-07,-0.0057450728
2.63618e-07,-0.00574766217
2.63718e-07,-0.00574951172
2.63818e-07,-0.00575284091
2.63918e-07,-0.00575764974
2.64018e-07,-0.00576282848
2.64118e-07,-0.00576578776
2.64218e-07,-0.00576467803
2.64318e-07,-0.00576023911
2.64418e-07,-0.00575432055
2.64518e-07,-0.00575099136
2.64618e-07,-0.00575284091
2.64718e-07,-0.00576097893
2.64818e-07,-0.00577318596
2.64918e-07,-0.0057857629
2.65018e-07,-0.00579427083
2.65118e-07,-0.0057968602
2.65218e-07,-0.00579390092
2.65318e-07,-0.00578798236
2.65418e-07,-0.00578243371
2.65518e-07,-0.00577947443
2.65618e-07,-0.00577910452
2.65718e-07,-0.00577910452
2.65818e-07,-0.00577651515
2.65918e-07,-0.00576985677
2.66018e-07,-0.0057598692
2.66118e-07,-0.00574914181
2.66218e-07,-0.00574100379
2.66318e-07,-0.00573804451
2.66418e-07,-0.0057413737
2.66518e-07,-0.00574914181
2.66618e-07,-0.00575875947
2.66718e-07,-0.00576800722
2.66818e-07,-0.00577503551
2.66918e-07,-0.00577947443
2.67018e-07,-0.00578243371
2.67118e-07,-0.00578391335
2.67218e-07,-0.00578465317
2.67318e-07,-0.00578391335
2.67418e-07,-0.00578243371
2.67518e-07,-0.00578058416
2.67618e-07,-0.00578021425
2.67718e-07,-0.00578280362
2.67818e-07,-0.00578835227
2.67918e-07,-0.00579612038
2.68018e-07,-0.0058042584
2.68118e-07,-0.00580980705
2.68218e-07,-0.00581202652
2.68318e-07,-0.0058112867
2.68418e-07,-0.00581017696
2.68518e-07,-0.00581165661
2.68618e-07,-0.00581794508
2.68718e-07,-0.00582830256
2.68818e-07,-0.00584013968
2.68918e-07,-0.00584938743
2.69018e-07,-0.00585345644
2.69118e-07,-0.00585160689
2.69218e-07,-0.00584642815
2.69318e-07,-0.00584198923
2.69418e-07,-0.00584161932
2.69518e-07,-0.00584716797
2.69618e-07,-0.00585752545
2.69718e-07,-0.00586862275
2.69818e-07,-0.00587713068
2.69918e-07,-0.00588082978
2.70018e-07,-0.00588008996
2.70118e-07,-0.0058778705
2.70218e-07,-0.00587713068
2.70318e-07,-0.00588008996
2.70418e-07,-0.00588637843
2.70518e-07,-0.00589414654
2.70618e-07,-0.00590080492
2.70718e-07,-0.00590413411
2.70818e-07,-0.00590413411
2.70918e-07,-0.00590228456
2.71018e-07,-0.00590080492
2.71118e-07,-0.00590117483
2.71218e-07,-0.00590302438
2.71318e-07,-0.00590524384
2.71418e-07,-0.00590672348
2.71518e-07,-0.00590672348
2.71618e-07,-0.00590672348
2.71718e-07,-0.00590820313
2.71818e-07,-0.00591264205
2.71918e-07,-0.00592078007
2.72018e-07,-0.00593076764
2.72118e-07,-0.00594075521
2.72218e-07,-0.00594815341
2.72318e-07,-0.00595222242
2.72418e-07,-0.00595407197
2.72518e-07,-0.00595592152
2.72618e-07,-0.00595999053
2.72718e-07,-0.00596701882
2.72818e-07,-0.00597663648
2.72918e-07,-0.00598625414
2.73018e-07,-0.00599550189
2.73118e-07,-0.00600327
2.73218e-07,-0.00601103812
2.73318e-07,-0.00601991596
2.73418e-07,-0.00603101326
2.73518e-07,-0.00604248047
2.73618e-07,-0.00605209813
2.73718e-07,-0.00605653705
2.73818e-07,-0.0060546875
2.73918e-07,-0.0060472893
2.74018e-07,-0.00603915128
2.74118e-07,-0.00603434245
2.74218e-07,-0.00603693182
2.74318e-07,-0.0060472893
2.74418e-07,-0.0060620857
2.74518e-07,-0.00607577237
2.74618e-07,-0.0060842803
2.74718e-07,-0.00608502012
2.74818e-07,-0.00608021129
2.74918e-07,-0.00607429273
2.75018e-07,-0.00607244318
2.75118e-07,-0.0060768821
2.75218e-07,-0.00608612985
2.75318e-07,-0.00609648733
2.75418e-07,-0.00610203598
2.75518e-07,-0.00609944661
2.75618e-07,-0.00608908913
2.75718e-07,-0.00607392282
2.75818e-07,-0.00606060606
2.75918e-07,-0.00605357777
2.76018e-07,-0.00605542732
2.76118e-07,-0.00606504498
2.76218e-07,-0.00607836174
2.76318e-07,-0.00609093868
2.76418e-07,-0.00609981652
2.76518e-07,-0.00610314571
2.76618e-07,-0.00610203598
2.76718e-07,-0.00609796697
2.76818e-07,-0.00609241832
2.76918e-07,-0.00608575994
2.77018e-07,-0.00607836174
2.77118e-07,-0.00607022372
2.77218e-07,-0.00606171579
2.77318e-07,-0.00605394768
2.77418e-07,-0.00604876894
2.77518e-07,-0.00604654948
2.77618e-07,-0.00604654948
2.77718e-07,-0.00604802912
2.77818e-07,-0.00604876894
2.77918e-07,-0.00604802912
2.78018e-07,-0.00604469993
2.78118e-07,-0.00603878137
2.78218e-07,-0.00603101326
2.78318e-07,-0.0060213956
2.78418e-07,-0.00600955848
2.78518e-07,-0.00599661162
2.78618e-07,-0.00598366477
2.78718e-07,-0.00597256747
2.78818e-07,-0.00596516927
2.78918e-07,-0.00596331972
2.79018e-07,-0.00596590909
2.79118e-07,-0.00597071792
2.79218e-07,-0.00597404711
2.79318e-07,-0.00597293738
2.79418e-07,-0.00596590909
2.79518e-07,-0.00595481179
2.79618e-07,-0.00594260476
2.79718e-07,-0.00593409683
2.79818e-07,-0.00593039773
2.79918e-07,-0.00593076764
2.80018e-07,-0.00593224728
2.80118e-07,-0.00593076764
2.80218e-07,-0.00592447917
2.80318e-07,-0.00591412169
2.80418e-07,-0.00590413411
2.80518e-07,-0.00589858546
2.80618e-07,-0.00590080492
2.80718e-07,-0.00590968277
2.80818e-07,-0.00592114998
2.80918e-07,-0.00592965791
2.81018e-07,-0.00593039773
2.81118e-07,-0.00592299953
2.81218e-07,-0.0059107925
2.81318e-07,-0.00589969519
2.81418e-07,-0.00589488636
2.81518e-07,-0.00589821555
2.81618e-07,-0.0059074633
2.81718e-07,-0.00591634115
2.81818e-07,-0.00591856061
2.81918e-07,-0.00591116241
2.82018e-07,-0.00589525627
2.82118e-07,-0.00587565104
2.82218e-07,-0.005859375
2.82318e-07,-0.00585123698
2.82418e-07,-0.00585271662
2.82518e-07,-0.00586122455
2.82618e-07,-0.00587121212
2.82718e-07,-0.0058778705
2.82818e-07,-0.00587861032
2.82918e-07,-0.00587380149
2.83018e-07,-0.00586529356
2.83118e-07,-0.00585641572
2.83218e-07,-0.00584901752
2.83318e-07,-0.00584235914
2.83418e-07,-0.00583570076
2.83518e-07,-0.00582756274
2.83618e-07,-0.00581720526
2.83718e-07,-0.00580573804
2.83818e-07,-0.00579427083
2.83918e-07,-0.00578428326
2.84018e-07,-0.00577540542
2.84118e-07,-0.0057672674
2.84218e-07,-0.00575875947
2.84318e-07,-0.00574951172
2.84418e-07,-0.00573989406
2.84518e-07,-0.00573064631
2.84618e-07,-0.00572324811
2.84718e-07,-0.00571621982
2.84818e-07,-0.0057084517
2.84918e-07,-0.0056973544
2.85018e-07,-0.00568181818
2.85118e-07,-0.00566332268
2.85218e-07,-0.00564482718
2.85318e-07,-0.00563003078
2.85418e-07,-0.00562263258
2.85518e-07,-0.00562263258
2.85618e-07,-0.00562744141
2.85718e-07,-0.00563262015
2.85818e-07,-0.0056344697
2.85918e-07,-0.00563040069
2.86018e-07,-0.00562189276
2.86118e-07,-0.00561227509
2.86218e-07,-0.00560487689
2.86318e-07,-0.00560265743
2.86418e-07,-0.00560561671
2.86518e-07,-0.00561116536
2.86618e-07,-0.00561671402
2.86718e-07,-0.00562004321
2.86818e-07,-0.00562152285
2.86918e-07,-0.0056233724
2.87018e-07,-0.00562855114
2.87118e-07,-0.0056381688
2.87218e-07,-0.00565148556
2.87318e-07,-0.00566517223
2.87418e-07,-0.00567589962
2.87518e-07,-0.00568107836
2.87618e-07,-0.00568070845
2.87718e-07,-0.00567774917
2.87818e-07,-0.00567589962
2.87918e-07,-0.00567848899
2.88018e-07,-0.0056862571
2.88118e-07,-0.00569624467
2.88218e-07,-0.00570549242
2.88318e-07,-0.00570956143
2.88418e-07,-0.00570697206
2.88518e-07,-0.00569846413
2.88618e-07,-0.00568773674
2.88718e-07,-0.00567811908
2.88818e-07,-0.00567257043
2.88918e-07,-0.00567035097
2.89018e-07,-0.00566998106
2.89118e-07,-0.00566739169
2.89218e-07,-0.00565999349
2.89318e-07,-0.00564667673
2.89418e-07,-0.00562855114
2.89518e-07,-0.0056089459
2.89618e-07,-0.00559082031
2.89718e-07,-0.00557750355
2.89818e-07,-0.00556936553
2.89918e-07,-0.00556603634
2.90018e-07,-0.00556566643
2.90118e-07,-0.00556529652
2.90218e-07,-0.00556344697
2.90318e-07,-0.00555863814
2.90418e-07,-0.00555050012
2.90518e-07,-0.00553977273
2.90618e-07,-0.00552793561
2.90718e-07,-0.00551646839
2.90818e-07,-0.00550611091
2.90918e-07,-0.00549797289
2.91018e-07,-0.00549242424
2.91118e-07,-0.00548872514
2.91218e-07,-0.00548687559
2.91318e-07,-0.00548613577
2.91418e-07,-0.00548650568
2.91518e-07,-0.00548835523
2.91618e-07,-0.00549205433
2.91718e-07,-0.00549723307
2.91818e-07,-0.00550426136
2.91918e-07,-0.00551165956
2.92018e-07,-0.00551868786
2.92118e-07,-0.00552423651
2.92218e-07,-0.00552793561
2.92318e-07,-0.00553052498
2.92418e-07,-0.00553311435
2.92518e-07,-0.00553607363
2.92618e-07,-0.00553977273
2.92718e-07,-0.00554310192
2.92818e-07,-0.00554569129
2.92918e-07,-0.00554643111
2.93018e-07,-0.00554569129
2.93118e-07,-0.00554495147
2.93218e-07,-0.0055460612
2.93318e-07,-0.00555013021
2.93418e-07,-0.00555752841
2.93518e-07,-0.00556640625
2.93618e-07,-0.00557454427
2.93718e-07,-0.00558009292
2.93818e-07,-0.00558120265
2.93918e-07,-0.0055793531
2.94018e-07,-0.00557602391
2.94118e-07,-0.00557417436
2.94218e-07,-0.00557528409
2.94318e-07,-0.00557898319
2.94418e-07,-0.00558379202
2.94518e-07,-0.00558712121
2.94618e-07,-0.00558712121
2.94718e-07,-0.00558416193
2.94818e-07,-0.00558046283
2.94918e-07,-0.00557861328
2.95018e-07,-0.00558120265
2.95118e-07,-0.00558860085
2.95218e-07,-0.00559895833
2.95318e-07,-0.00560931581
2.95418e-07,-0.00561671402
2.95518e-07,-0.00561930339
2.95618e-07,-0.00561745384
2.95718e-07,-0.00561338482
2.95818e-07,-0.00561079545
2.95918e-07,-0.00561116536
2.96018e-07,-0.00561560429
2.96118e-07,-0.00562189276
2.96218e-07,-0.00562855114
2.96318e-07,-0.00563335997
2.96418e-07,-0.00563631925
2.96518e-07,-0.0056381688
2.96618e-07,-0.00564038826
2.96718e-07,-0.00564482718
2.96818e-07,-0.00565111565
2.96918e-07,-0.00565814394
2.97018e-07,-0.0056640625
2.97118e-07,-0.00566739169
2.97218e-07,-0.00566739169
2.97318e-07,-0.00566554214
2.97418e-07,-0.0056640625
2.97518e-07,-0.00566480232
2.97618e-07,-0.00566850142
2.97718e-07,-0.00567478989
2.97818e-07,-0.00568181818
2.97918e-07,-0.00568699692
2.98018e-07,-0.00568884647
2.98118e-07,-0.00568662701
2.98218e-07,-0.00568181818
2.98318e-07,-0.00567589962
2.98418e-07,-0.00567035097
2.98518e-07,-0.00566628196
2.98618e-07,-0.0056640625
2.98718e-07,-0.00566258286
2.98818e-07,-0.00566073331
2.98918e-07,-0.00565740412
2.99018e-07,-0.00565222538
2.99118e-07,-0.005645567
2.99218e-07,-0.00563779889
2.99318e-07,-0.00562966087
2.99418e-07,-0.00562263258
2.99518e-07,-0.00561745384
2.99618e-07,-0.00561486446
2.99718e-07,-0.00561486446
2.99818e-07,-0.00561671402
2.99918e-07,-0.00561930339
3.00018e-07,-0.00562078303
3.00118e-07,-0.00562041312
3.00218e-07,-0.00561671402
3.00318e-07,-0.00561042554
3.00418e-07,-0.00560228752
3.00518e-07,-0.0055941495
3.00618e-07,-0.00558712121
3.00718e-07,-0.00558194247
3.00818e-07,-0.00557861328
3.00918e-07,-0.00557639382
3.01018e-07,-0.00557528409
3.01118e-07,-0.00557417436
3.01218e-07,-0.00557269472
3.01318e-07,-0.00557121508
3.01418e-07,-0.00556936553
3.01518e-07,-0.00556714607
3.01618e-07,-0.00556381688
3.01718e-07,-0.00556048769
3.01818e-07,-0.00555752841
3.01918e-07,-0.00555567886
3.02018e-07,-0.00555604877
3.02118e-07,-0.00555900805
3.02218e-07,-0.00556344697
3.02318e-07,-0.00556788589
3.02418e-07,-0.00557010535
3.02518e-07,-0.00556862571
3.02618e-07,-0.00556344697
3.02718e-07,-0.00555567886
3.02818e-07,-0.00554754084
3.02918e-07,-0.00554199219
3.03018e-07,-0.00553977273
3.03118e-07,-0.00554125237
3.03218e-07,-0.00554495147
3.03318e-07,-0.00554865057
3.03418e-07,-0.00555160985
3.03518e-07,-0.0055534594
3.03618e-07,-0.00555419922
3.03718e-07,-0.00555567886
3.03818e-07,-0.00555752841
3.03918e-07,-0.00555900805
3.04018e-07,-0.00555863814
3.04118e-07,-0.00555604877
3.04218e-07,-0.00555160985
3.04318e-07,-0.00554791075
3.04418e-07,-0.00554791075
3.04518e-07,-0.00555493904
3.04618e-07,-0.00556936553
3.04718e-07,-0.00558860085
3.04818e-07,-0.00560820608
3.04918e-07,-0.00562263258
3.05018e-07,-0.00562855114
3.05118e-07,-0.00562633168
3.05218e-07,-0.0056196733
3.05318e-07,-0.00561486446
3.05418e-07,-0.00561671402
3.05518e-07,-0.00562781132
3.05618e-07,-0.00564667673
3.05718e-07,-0.00566850142
3.05818e-07,-0.00568773674
3.05918e-07,-0.00569994377
3.06018e-07,-0.00570401278
3.06118e-07,-0.00570253314
3.06218e-07,-0.00569957386
3.06318e-07,-0.00569957386
3.06418e-07,-0.00570401278
3.06518e-07,-0.00571289063
3.06618e-07,-0.00572324811
3.06718e-07,-0.00573175604
3.06818e-07,-0.00573656487
3.06918e-07,-0.00573730469
3.07018e-07,-0.00573508523
3.07118e-07,-0.00573249586
3.07218e-07,-0.00573101622
3.07318e-07,-0.00573212595
3.07418e-07,-0.00573508523
3.07518e-07,-0.00573915424
3.07618e-07,-0.00574396307
3.07718e-07,-0.00574840199
3.07818e-07,-0.00575284091
3.07918e-07,-0.00575690992
3.08018e-07,-0.00576023911
3.08118e-07,-0.00576282848
3.08218e-07,-0.00576467803
3.08318e-07,-0.00576652758
3.08418e-07,-0.00576837713
3.08518e-07,-0.00577207623
3.08618e-07,-0.00577651515
3.08718e-07,-0.00578169389
3.08818e-07,-0.00578613281
3.08918e-07,-0.00578835227
3.09018e-07,-0.00578835227
3.09118e-07,-0.00578650272
3.09218e-07,-0.00578465317
3.09318e-07,-0.00578502308
3.09418e-07,-0.00578835227
3.09518e-07,-0.00579427083
3.09618e-07,-0.0058005593
3.09718e-07,-0.00580536813
3.09818e-07,-0.00580610795
3.09918e-07,-0.00580351858
3.10018e-07,-0.00579870975
3.10118e-07,-0.00579501065
3.10218e-07,-0.00579427083
3.10318e-07,-0.00579723011
3.10418e-07,-0.00580314867
3.10518e-07,-0.00580869732
3.10618e-07,-0.00581202652
3.10718e-07,-0.00581165661
3.10818e-07,-0.00580832741
3.10918e-07,-0.00580388849
3.11018e-07,-0.00580018939
3.11118e-07,-0.00579833984
3.11218e-07,-0.00579796993
3.11318e-07,-0.00579723011
3.11418e-07,-0.00579427083
3.11518e-07,-0.00578835227
3.11618e-07,-0.00577984434
3.11718e-07,-0.00577133641
3.11818e-07,-0.00576467803
3.11918e-07,-0.00576097893
3.12018e-07,-0.0057598692
3.12118e-07,-0.0057598692
3.12218e-07,-0.00575875947
3.12318e-07,-0.00575580019
3.12418e-07,-0.00575099136
3.12518e-07,-0.00574581262
3.12618e-07,-0.00574100379
3.12718e-07,-0.0057376746
3.12818e-07,-0.00573545514
3.12918e-07,-0.00573286577
3.13018e-07,-0.00572916667
3.13118e-07,-0.00572398793
3.13218e-07,-0.00571880919
3.13318e-07,-0.00571584991
3.13418e-07,-0.00571732955
3.13518e-07,-0.00572361802
3.13618e-07,-0.00573323568
3.13718e-07,-0.00574396307
3.13818e-07,-0.00575284091
3.13918e-07,-0.00575801965
3.14018e-07,-0.00575949929
3.14118e-07,-0.00575875947
3.14218e-07,-0.00575875947
3.14318e-07,-0.00576097893
3.14418e-07,-0.00576541785
3.14518e-07,-0.00577133641
3.14618e-07,-0.00577651515
3.14718e-07,-0.00577984434
3.14818e-07,-0.00578132398
3.14918e-07,-0.00578169389
3.15018e-07,-0.00578243371
3.15118e-07,-0.00578539299
3.15218e-07,-0.00579094164
3.15318e-07,-0.00579796993
3.15418e-07,-0.00580610795
3.15518e-07,-0.00581387607
3.15618e-07,-0.00582090436
3.15718e-07,-0.00582793265
3.15818e-07,-0.00583570076
3.15918e-07,-0.00584494851
3.16018e-07,-0.0058556759
3.16118e-07,-0.0058667732
3.16218e-07,-0.00587713068
3.16318e-07,-0.00588600852
3.16418e-07,-0.0058926669
3.16518e-07,-0.00589747573
3.16618e-07,-0.00590080492
3.16718e-07,-0.00590265447
3.16818e-07,-0.00590228456
3.16918e-07,-0.00589969519
3.17018e-07,-0.00589488636
3.17118e-07,-0.00588933771
3.17218e-07,-0.0058852687
3.17318e-07,-0.00588452888
3.17418e-07,-0.0058889678
3.17518e-07,-0.00589858546
3.17618e-07,-0.00591153232
3.17718e-07,-0.00592484908
3.17818e-07,-0.00593631629
3.17918e-07,-0.0059440844
3.18018e-07,-0.00594889323
3.18118e-07,-0.0059514826
3.18218e-07,-0.00595407197
3.18318e-07,-0.00595740116
3.18418e-07,-0.00596147017
3.18518e-07,-0.00596479936
3.18618e-07,-0.00596590909
3.18718e-07,-0.00596368963
3.18818e-07,-0.0059588808
3.18918e-07,-0.00595296224
3.19018e-07,-0.00594815341
3.19118e-07,-0.00594630386
3.19218e-07,-0.00594704368
3.19318e-07,-0.00595037287
3.19418e-07,-0.00595407197
3.19518e-07,-0.00595629143
3.19618e-07,-0.00595592152
3.19718e-07,-0.00595296224
3.19818e-07,-0.00594815341
3.19918e-07,-0.00594186494
3.20018e-07,-0.00593557647
3.20118e-07,-0.00592965791
3.20218e-07,-0.00592447917
3.20318e-07,-0.00592114998
3.20418e-07,-0.00591967034
3.20518e-07,-0.00592078007
3.20618e-07,-0.00592447917
3.20718e-07,-0.00592965791
3.20818e-07,-0.00593483665
3.20918e-07,-0.00593927557
3.21018e-07,-0.00594223485
3.21118e-07,-0.0059440844
3.21218e-07,-0.00594519413
3.21318e-07,-0.00594667377
3.21418e-07,-0.00594815341
3.21518e-07,-0.00594926314
3.21618e-07,-0.00594889323
3.21718e-07,-0.00594630386
3.21818e-07,-0.00594223485
3.21918e-07,-0.00593927557
3.22018e-07,-0.00593964548
3.22118e-07,-0.00594667377
3.22218e-07,-0.00595999053
3.22318e-07,-0.0059773763
3.22418e-07,-0.00599513198
3.22518e-07,-0.00600770893
3.22618e-07,-0.00601325758
3.22718e-07,-0.00601140803
3.22818e-07,-0.00600585938
3.22918e-07,-0.00600105054
3.23018e-07,-0.00600142045
3.23118e-07,-0.00600844875
3.23218e-07,-0.00602065578
3.23318e-07,-0.00603360263
3.23418e-07,-0.00604285038
3.23518e-07,-0.00604543975
3.23618e-07,-0.00604100083
3.23718e-07,-0.00603286281
3.23818e-07,-0.0060250947
3.23918e-07,-0.00602176551
3.24018e-07,-0.00602435488
3.24118e-07,-0.00603212299
3.24218e-07,-0.00604285038
3.24318e-07,-0.00605320786
3.24418e-07,-0.00606060606
3.24518e-07,-0.00606504498
3.24618e-07,-0.00606652462
3.24718e-07,-0.00606689453
3.24818e-07,-0.00606652462
3.24918e-07,-0.00606652462
3.25018e-07,-0.00606652462
3.25118e-07,-0.00606615471
3.25218e-07,-0.00606467507
3.25318e-07,-0.00606282552
3.25418e-07,-0.00606060606
3.25518e-07,-0.00605764678
3.25618e-07,-0.0060546875
3.25718e-07,-0.00605135831
3.25818e-07,-0.00604876894
3.25918e-07,-0.00604802912
3.26018e-07,-0.00605061849
3.26118e-07,-0.00605727687
3.26218e-07,-0.00606652462
3.26318e-07,-0.00607651219
3.26418e-07,-0.0060842803
3.26518e-07,-0.00608723958
3.26618e-07,-0.0060842803
3.26718e-07,-0.0060768821
3.26818e-07,-0.00606911399
3.26918e-07,-0.00606467507
3.27018e-07,-0.00606652462
3.27118e-07,-0.00607503255
3.27218e-07,-0.00608834931
3.27318e-07,-0.00610240589
3.27418e-07,-0.00611387311
3.27518e-07,-0.0061209014
3.27618e-07,-0.0061246005
3.27718e-07,-0.00612755978
3.27818e-07,-0.00613162879
3.27918e-07,-0.00613865708
3.28018e-07,-0.00614753492
3.28118e-07,-0.00615567294
3.28218e-07,-0.00616122159
3.28318e-07,-0.00616307114
3.28418e-07,-0.00616233132
3.28518e-07,-0.00616270123
3.28618e-07,-0.00616714015
3.28718e-07,-0.00617749763
3.28818e-07,-0.00619303385
3.28918e-07,-0.00621041963
3.29018e-07,-0.00622632576
3.29118e-07,-0.00623705315
3.29218e-07,-0.00624223189
3.29318e-07,-0.00624334162
3.29418e-07,-0.00624408144
3.29518e-07,-0.00624741063
3.29618e-07,-0.00625554865
3.29718e-07,-0.00626701586
3.29818e-07,-0.0062795928
3.29918e-07,-0.00628958037
3.30018e-07,-0.0062943892
3.30118e-07,-0.00629253965
3.30218e-07,-0.00628551136
3.30318e-07,-0.00627515388
3.30418e-07,-0.00626442649
3.30518e-07,-0.00625554865
3.30618e-07,-0.00625
3.30718e-07,-0.00624815045
3.30818e-07,-0.00624963009
3.30918e-07,-0.00625295928
3.31018e-07,-0.00625591856
3.31118e-07,-0.00625665838
3.31218e-07,-0.00625332919
3.31318e-07,-0.00624519117
3.31418e-07,-0.00623224432
3.31518e-07,-0.0062167081
3.31618e-07,-0.00620080196
3.31718e-07,-0.00618785511
3.31818e-07,-0.00617897727
3.31918e-07,-0.00617490826
3.32018e-07,-0.00617379853
3.32118e-07,-0.00617379853
3.32218e-07,-0.00617305871
3.32318e-07,-0.00617083925
3.32418e-07,-0.00616751006
3.32518e-07,-0.00616381096
3.32618e-07,-0.00616122159
3.32718e-07,-0.00615937204
3.32818e-07,-0.00615715258
3.32918e-07,-0.00615382339
3.33018e-07,-0.00614938447
3.33118e-07,-0.00614420573
3.33218e-07,-0.00614013672
3.33318e-07,-0.0061393969
3.33418e-07,-0.00614346591
3.33518e-07,-0.00615123402
3.33618e-07,-0.00616085168
3.33718e-07,-0.0061689897
3.33818e-07,-0.00617305871
3.33918e-07,-0.00617194898
3.34018e-07,-0.00616714015
3.34118e-07,-0.00616085168
3.34218e-07,-0.00615530303
3.34318e-07,-0.00615197384
3.34418e-07,-0.00615123402
3.34518e-07,-0.00615086411
3.34618e-07,-0.00614938447
3.34718e-07,-0.00614605528
3.34818e-07,-0.00614124645
3.34918e-07,-0.00613606771
3.35018e-07,-0.00613162879
3.35118e-07,-0.00612866951
3.35218e-07,-0.00612645005
3.35318e-07,-0.00612386068
3.35418e-07,-0.00611979167
3.35518e-07,-0.00611387311
3.35618e-07,-0.00610684482
3.35718e-07,-0.00610055634
3.35818e-07,-0.00609611742
3.35918e-07,-0.00609352805
3.36018e-07,-0.0060916785
3.36118e-07,-0.00608908913
3.36218e-07,-0.0060842803
3.36318e-07,-0.00607725201
3.36418e-07,-0.00606985381
3.36518e-07,-0.00606393525
3.36618e-07,-0.00606060606
3.36718e-07,-0.00606023615
3.36818e-07,-0.00606171579
3.36918e-07,-0.00606245561
3.37018e-07,-0.00606060606
3.37118e-07,-0.00605616714
3.37218e-07,-0.00605061849
3.37318e-07,-0.00604543975
3.37418e-07,-0.00604285038
3.37518e-07,-0.00604248047
3.37618e-07,-0.00604322029
3.37718e-07,-0.00604174065
3.37818e-07,-0.00603693182
3.37918e-07,-0.00602805398
3.38018e-07,-0.00601732659
3.38118e-07,-0.00600770893
3.38218e-07,-0.00600142045
3.38318e-07,-0.0059995709
3.38418e-07,-0.00600068063
3.38518e-07,-0.00600216027
3.38618e-07,-0.00600142045
3.38718e-07,-0.00599698153
3.38818e-07,-0.00599032315
3.38918e-07,-0.00598292495
3.39018e-07,-0.00597774621
3.39118e-07,-0.00597515684
3.39218e-07,-0.00597404711
3.39318e-07,-0.00597145774
3.39418e-07,-0.00596590909
3.39518e-07,-0.00595629143
3.39618e-07,-0.00594482422
3.39718e-07,-0.00593520656
3.39818e-07,-0.00593039773
3.39918e-07,-0.00593224728
3.40018e-07,-0.00593927557
3.40118e-07,-0.00594815341
3.40218e-07,-0.00595407197
3.40318e-07,-0.00595370206
3.40418e-07,-0.00594704368
3.40518e-07,-0.00593594638
3.40618e-07,-0.00592447917
3.40718e-07,-0.00591634115
3.40818e-07,-0.00591301196
3.40918e-07,-0.00591486151
3.41018e-07,-0.00591856061
3.41118e-07,-0.0059218898
3.41218e-07,-0.00592299953
3.41318e-07,-0.00592151989
3.41418e-07,-0.00591856061
3.41518e-07,-0.00591523142
3.41618e-07,-0.00591338187
3.41718e-07,-0.00591227214
3.41818e-07,-0.00591264205
3.41918e-07,-0.00591301196
3.42018e-07,-0.00591338187
3.42118e-07,-0.00591338187
3.42218e-07,-0.00591264205
3.42318e-07,-0.00591042259
3.42418e-07,-0.00590635357
3.42518e-07,-0.00589932528
3.42618e-07,-0.0058889678
3.42718e-07,-0.00587639086
3.42818e-07,-0.00586381392
3.42918e-07,-0.00585345644
3.43018e-07,-0.00584753788
3.43118e-07,-0.00584642815
3.43218e-07,-0.00584864761
3.43318e-07,-0.0058519768
3.43418e-07,-0.00585345644
3.43518e-07,-0.00585086707
3.43618e-07,-0.00584420869
3.43718e-07,-0.00583459103
3.43818e-07,-0.00582386364
3.43918e-07,-0.00581387607
3.44018e-07,-0.00580573804
3.44118e-07,-0.00579944957
3.44218e-07,-0.00579427083
3.44318e-07,-0.00579020182
3.44418e-07,-0.00578650272
3.44518e-07,-0.00578391335
3.44618e-07,-0.00578243371
3.44718e-07,-0.00578132398
3.44818e-07,-0.00577910452
3.44918e-07,-0.00577577533
3.45018e-07,-0.00577059659
3.45118e-07,-0.00576393821
3.45218e-07,-0.00575801965
3.45318e-07,-0.00575395064
3.45418e-07,-0.00575284091
3.45518e-07,-0.00575432055
3.45618e-07,-0.00575727983
3.45718e-07,-0.00575912938
3.45818e-07,-0.00575875947
3.45918e-07,-0.00575654001
3.46018e-07,-0.00575432055
3.46118e-07,-0.00575432055
3.46218e-07,-0.00575875947
3.46318e-07,-0.00576837713
3.46418e-07,-0.0057820638
3.46518e-07,-0.00579723011
3.46618e-07,-0.00581202652
3.46718e-07,-0.00582460346
3.46818e-07,-0.00583496094
3.46918e-07,-0.00584420869
3.47018e-07,-0.00585345644
3.47118e-07,-0.0058630741
3.47218e-07,-0.00587269176
3.47318e-07,-0.00588119969
3.47418e-07,-0.0058889678
3.47518e-07,-0.00589599609
3.47618e-07,-0.00590413411
3.47718e-07,-0.00591523142
3.47818e-07,-0.00593039773
3.47918e-07,-0.00594889323
3.48018e-07,-0.00596849846
3.48118e-07,-0.00598662405
3.48218e-07,-0.00600142045
3.48318e-07,-0.00601214785
3.48418e-07,-0.00602028587
3.48518e-07,-0.00602805398
3.48618e-07,-0.00603693182
3.48718e-07,-0.00604691939
3.48818e-07,-0.00605579723
3.48918e-07,-0.00606097597
3.49018e-07,-0.00606060606
3.49118e-07,-0.00605431759
3.49218e-07,-0.00604469993
3.49318e-07,-0.00603582209
3.49418e-07,-0.00603101326
3.49518e-07,-0.00603212299
3.49618e-07,-0.00603730173
3.49718e-07,-0.00604433002
3.49818e-07,-0.00604876894
3.49918e-07,-0.00604876894
3.50018e-07,-0.00604506984
3.50118e-07,-0.0060398911
3.50218e-07,-0.00603693182
3.50318e-07,-0.00603804155
3.50418e-07,-0.00604322029
3.50518e-07,-0.00604987867
3.50618e-07,-0.0060546875
3.50718e-07,-0.00605505741
3.50818e-07,-0.00605061849
3.50918e-07,-0.00604322029
3.51018e-07,-0.00603693182
3.51118e-07,-0.00603471236
3.51218e-07,-0.00603841146
3.51318e-07,-0.00604617957
3.51418e-07,-0.0060546875
3.51518e-07,-0.00606023615
3.51618e-07,-0.00606023615
3.51718e-07,-0.00605357777
3.51818e-07,-0.00604285038
3.51918e-07,-0.00603064335
3.52018e-07,-0.00602065578
3.52118e-07,-0.00601473722
3.52218e-07,-0.00601325758
3.52318e-07,-0.00601510713
3.52418e-07,-0.0060176965
3.52518e-07,-0.00601991596
3.52618e-07,-0.00601917614
3.52718e-07,-0.00601547704
3.52818e-07,-0.00600955848
3.52918e-07,-0.00600253018
3.53018e-07,-0.00599550189
3.53118e-07,-0.00598995324
3.53218e-07,-0.00598662405
3.53318e-07,-0.00598514441
3.53418e-07,-0.00598366477
3.53518e-07,-0.00598033558
3.53618e-07,-0.0059736772
3.53718e-07,-0.0059625799
3.53818e-07,-0.00594815341
3.53918e-07,-0.00593261719
3.54018e-07,-0.00591893052
3.54118e-07,-0.00591005268
3.54218e-07,-0.00590672348
3.54318e-07,-0.00590783321
3.54418e-07,-0.00591116241
3.54518e-07,-0.00591338187
3.54618e-07,-0.00591264205
3.54718e-07,-0.00590857304
3.54818e-07,-0.00590302438
3.54918e-07,-0.00589784564
3.55018e-07,-0.00589488636
3.55118e-07,-0.00589488636
3.55218e-07,-0.00589673591
3.55318e-07,-0.00589895537
3.55418e-07,-0.00590080492
3.55518e-07,-0.00590191465
3.55618e-07,-0.0059037642
3.55718e-07,-0.00590709339
3.55818e-07,-0.00591264205
3.55918e-07,-0.00591967034
3.56018e-07,-0.00592632872
3.56118e-07,-0.00593039773
3.56218e-07,-0.00593039773
3.56318e-07,-0.00592743845
3.56418e-07,-0.00592373935
3.56518e-07,-0.0059218898
3.56618e-07,-0.00592447917
3.56718e-07,-0.00593076764
3.56818e-07,-0.00593890566
3.56918e-07,-0.00594556404
3.57018e-07,-0.00594815341
3.57118e-07,-0.00594630386
3.57218e-07,-0.00594223485
3.57318e-07,-0.00593779593
3.57418e-07,-0.00593631629
3.57518e-07,-0.00593816584
3.57618e-07,-0.00594149503
3.57718e-07,-0.00594371449
3.57818e-07,-0.00594223485
3.57918e-07,-0.00593557647
3.58018e-07,-0.0059255889
3.58118e-07,-0.00591486151
3.58218e-07,-0.00590672348
3.58318e-07,-0.00590228456
3.58418e-07,-0.00590154474
3.58518e-07,-0.00590191465
3.58618e-07,-0.00590080492
3.58718e-07,-0.00589673591
3.58818e-07,-0.00589007753
3.58918e-07,-0.00588304924
3.59018e-07,-0.00587713068
3.59118e-07,-0.00587380149
3.59218e-07,-0.00587306167
3.59318e-07,-0.00587269176
3.59418e-07,-0.00587121212
3.59518e-07,-0.00586751302
3.59618e-07,-0.00586233428
3.59718e-07,-0.00585715554
3.59818e-07,-0.00585345644
3.59918e-07,-0.0058519768
3.60018e-07,-0.00585160689
3.60118e-07,-0.00585049716
3.60218e-07,-0.00584753788
3.60318e-07,-0.00584198923
3.60418e-07,-0.00583459103
3.60518e-07,-0.00582830256
3.60618e-07,-0.00582386364
3.60718e-07,-0.005822384
3.60818e-07,-0.00582312382
3.60918e-07,-0.00582386364
3.61018e-07,-0.00582386364
3.61118e-07,-0.00582349373
3.61218e-07,-0.00582423355
3.61318e-07,-0.00582793265
3.61418e-07,-0.00583570076
3.61518e-07,-0.00584642815
3.61618e-07,-0.00585715554
3.61718e-07,-0.00586418383
3.61818e-07,-0.00586529356
3.61918e-07,-0.00586048473
3.62018e-07,-0.00585308653
3.62118e-07,-0.00584753788
3.62218e-07,-0.00584753788
3.62318e-07,-0.00585493608
3.62418e-07,-0.00586788293
3.62518e-07,-0.00588267933
3.62618e-07,-0.00589488636
3.62718e-07,-0.00590265447
3.62818e-07,-0.00590672348
3.62918e-07,-0.00590894295
3.63018e-07,-0.00591264205
3.63118e-07,-0.00591930043
3.63218e-07,-0.00592817827
3.63318e-07,-0.0059366862
3.63418e-07,-0.00594223485
3.63518e-07,-0.00594371449
3.63618e-07,-0.00594149503
3.63718e-07,-0.00593816584
3.63818e-07,-0.00593631629
3.63918e-07,-0.00593779593
3.64018e-07,-0.00594223485
3.64118e-07,-0.00594815341
3.64218e-07,-0.00595407197
3.64318e-07,-0.0059588808
3.64418e-07,-0.00596368963
3.64518e-07,-0.00596960819
3.64618e-07,-0.00597774621
3.64718e-07,-0.00598662405
3.64818e-07,-0.00599365234
3.64918e-07,-0.00599513198
3.65018e-07,-0.00598958333
3.65118e-07,-0.00597774621
3.65218e-07,-0.00596331972
3.65318e-07,-0.00595185251
3.65418e-07,-0.00594815341
3.65518e-07,-0.00595407197
3.65618e-07,-0.00596701882
3.65718e-07,-0.00598292495
3.65818e-07,-0.00599550189
3.65918e-07,-0.00600179036
3.66018e-07,-0.00600179036
3.66118e-07,-0.00599809126
3.66218e-07,-0.00599550189
3.66318e-07,-0.00599661162
3.66418e-07,-0.00600253018
3.66518e-07,-0.00601140803
3.66618e-07,-0.00601917614
3.66718e-07,-0.00602361506
3.66818e-07,-0.00602398497
3.66918e-07,-0.00602176551
3.67018e-07,-0.00601917614
3.67118e-07,-0.00601917614
3.67218e-07,-0.00602250533
3.67318e-07,-0.00602916371
3.67418e-07,-0.00603693182
3.67518e-07,-0.00604469993
3.67618e-07,-0.00605209813
3.67718e-07,-0.00605949633
3.67818e-07,-0.00606652462
3.67918e-07,-0.00607355291
3.68018e-07,-0.00607873165
3.68118e-07,-0.0060805812
3.68218e-07,-0.00607836174
3.68318e-07,-0.00607244318
3.68418e-07,-0.00606541489
3.68518e-07,-0.00606060606
3.68618e-07,-0.00606060606
3.68718e-07,-0.00606615471
3.68818e-07,-0.00607614228
3.68918e-07,-0.00608723958
3.69018e-07,-0.00609611742
3.69118e-07,-0.00610129616
3.69218e-07,-0.00610351563
3.69318e-07,-0.00610499527
3.69418e-07,-0.00610795455
3.69518e-07,-0.0061135032
3.69618e-07,-0.00612127131
3.69718e-07,-0.00612792969
3.69818e-07,-0.00613162879
3.69918e-07,-0.00613125888
3.70018e-07,-0.00612792969
3.70118e-07,-0.00612497041
3.70218e-07,-0.00612571023
3.70318e-07,-0.00613236861
3.70418e-07,-0.00614457564
3.70518e-07,-0.00615937204
3.70618e-07,-0.00617305871
3.70718e-07,-0.00618267637
3.70818e-07,-0.00618674538
3.70918e-07,-0.00618674538
3.71018e-07,-0.00618489583
3.71118e-07,-0.00618415601
3.71218e-07,-0.00618600556
3.71318e-07,-0.00619044448
3.71418e-07,-0.00619673295
3.71518e-07,-0.00620376125
3.71618e-07,-0.00621078954
3.71718e-07,-0.00621818774
3.71818e-07,-0.00622632576
3.71918e-07,-0.00623483369
3.72018e-07,-0.0062426018
3.72118e-07,-0.00624815045
3.72218e-07,-0.00625
3.72318e-07,-0.00624778054
3.72418e-07,-0.0062426018
3.72518e-07,-0.00623668324
3.72618e-07,-0.00623224432
3.72718e-07,-0.00623002486
3.72818e-07,-0.00622928504
3.72918e-07,-0.00622891513
3.73018e-07,-0.00622632576
3.73118e-07,-0.00622114702
3.73218e-07,-0.00621411873
3.73318e-07,-0.00620746035
3.73418e-07,-0.00620265152
3.73518e-07,-0.00620117188
3.73618e-07,-0.00620228161
3.73718e-07,-0.00620376125
3.73818e-07,-0.00620265152
3.73918e-07,-0.00619747277
3.74018e-07,-0.0061874852
3.74118e-07,-0.00617490826
3.74218e-07,-0.00616122159
3.74318e-07,-0.00614901456
3.74418e-07,-0.00613865708
3.74518e-07,-0.00612977924
3.74618e-07,-0.00611979167
3.74718e-07,-0.00610721473
3.74818e-07,-0.0060916785
3.74918e-07,-0.00607355291
3.75018e-07,-0.0060546875
3.75118e-07,-0.00603693182
3.75218e-07,-0.00602102569
3.75318e-07,-0.00600770893
3.75418e-07,-0.00599550189
3.75518e-07,-0.00598366477
3.75618e-07,-0.00597182765
3.75718e-07,-0.00595962062
3.75818e-07,-0.00594815341
3.75918e-07,-0.00593816584
3.76018e-07,-0.00593002782
3.76118e-07,-0.00592336944
3.76218e-07,-0.00591856061
3.76318e-07,-0.00591486151
3.76418e-07,-0.00591227214
3.76518e-07,-0.00591153232
3.76618e-07,-0.00591264205
3.76718e-07,-0.00591597124
3.76818e-07,-0.00592078007
3.76918e-07,-0.00592632872
3.77018e-07,-0.00593039773
3.77118e-07,-0.0059329871
3.77218e-07,-0.00593372692
3.77318e-07,-0.00593446674
3.77418e-07,-0.00593631629
3.77518e-07,-0.00594112512
3.77618e-07,-0.00595000296
3.77718e-07,-0.0059625799
3.77818e-07,-0.00597774621
3.77918e-07,-0.00599365234
3.78018e-07,-0.00600955848
3.78118e-07,-0.00602398497
3.78218e-07,-0.00603693182
3.78318e-07,-0.00604876894
3.78418e-07,-0.00606023615
3.78518e-07,-0.00607207327
3.78618e-07,-0.0060842803
3.78718e-07,-0.00609685724
3.78818e-07,-0.00610943419
3.78918e-07,-0.00612164122
3.79018e-07,-0.00613162879
3.79118e-07,-0.0061393969
3.79218e-07,-0.00614457564
3.79318e-07,-0.00614753492
3.79418e-07,-0.00614938447
3.79518e-07,-0.00615197384
3.79618e-07,-0.00615567294
3.79718e-07,-0.00616122159
3.79818e-07,-0.00616714015
3.79918e-07,-0.00617157907
3.80018e-07,-0.00617342862
3.80118e-07,-0.00617157907
3.80218e-07,-0.00616714015
3.80318e-07,-0.00616270123
3.80418e-07,-0.00616048177
3.80518e-07,-0.00616233132
3.80618e-07,-0.00616714015
3.80718e-07,-0.00617305871
3.80818e-07,-0.0061763879
3.80918e-07,-0.00617453835
3.81018e-07,-0.00616714015
3.81118e-07,-0.00615567294
3.81218e-07,-0.00614383582
3.81318e-07,-0.00613495798
3.81418e-07,-0.00613162879
3.81518e-07,-0.00613310843
3.81618e-07,-0.00613754735
3.81718e-07,-0.00614161636
3.81818e-07,-0.00614346591
3.81918e-07,-0.00614346591
3.82018e-07,-0.006143096
3.82118e-07,-0.00614457564
3.82218e-07,-0.00614938447
3.82318e-07,-0.00615641276
3.82418e-07,-0.00616344105
3.82518e-07,-0.00616751006
3.82618e-07,-0.00616714015
3.82718e-07,-0.00616418087
3.82818e-07,-0.0061615915
3.82918e-07,-0.00616381096
3.83018e-07,-0.00617305871
3.83118e-07,-0.00618896484
3.83218e-07,-0.00620820017
3.83318e-07,-0.00622595585
3.83418e-07,-0.00623816288
3.83518e-07,-0.00624408144
3.83618e-07,-0.0062463009
3.83718e-07,-0.00624889027
3.83818e-07,-0.00625591856
3.83918e-07,-0.0062684955
3.84018e-07,-0.00628514145
3.84118e-07,-0.00630215732
3.84218e-07,-0.00631510417
3.84318e-07,-0.00632250237
3.84418e-07,-0.00632583156
3.84518e-07,-0.00632805102
3.84618e-07,-0.00633285985
3.84718e-07,-0.00634136778
3.84818e-07,-0.00635283499
3.84918e-07,-0.00636319247
3.85018e-07,-0.00636837121
3.85118e-07,-0.00636652166
3.85218e-07,-0.00635875355
3.85318e-07,-0.00634802616
3.85418e-07,-0.00633877841
3.85518e-07,-0.00633433949
3.85618e-07,-0.00633544922
3.85718e-07,-0.00633988814
3.85818e-07,-0.00634469697
3.85918e-07,-0.00634765625
3.86018e-07,-0.00634765625
3.86118e-07,-0.00634617661
3.86218e-07,-0.00634469697
3.86318e-07,-0.00634469697
3.86418e-07,-0.0063458067
3.86518e-07,-0.00634617661
3.86618e-07,-0.00634469697
3.86718e-07,-0.00633988814
3.86818e-07,-0.00633212003
3.86918e-07,-0.00632324219
3.87018e-07,-0.00631510417
3.87118e-07,-0.00630807588
3.87218e-07,-0.00630178741
3.87318e-07,-0.00629475911
3.87418e-07,-0.00628551136
3.87518e-07,-0.00627441406
3.87618e-07,-0.00626368667
3.87718e-07,-0.00625480883
3.87818e-07,-0.00625
3.87918e-07,-0.00624889027
3.88018e-07,-0.00624926018
3.88118e-07,-0.00624852036
3.88218e-07,-0.00624408144
3.88318e-07,-0.00623594342
3.88418e-07,-0.00622669567
3.88518e-07,-0.00621855765
3.88618e-07,-0.00621448864
3.88718e-07,-0.00621411873
3.88818e-07,-0.00621559837
3.88918e-07,-0.00621448864
3.89018e-07,-0.00620857008
3.89118e-07,-0.00619710286
3.89218e-07,-0.00618304628
3.89318e-07,-0.00616972952
3.89418e-07,-0.00616122159
3.89518e-07,-0.00615826231
3.89618e-07,-0.00615974195
3.89718e-07,-0.00616196141
3.89818e-07,-0.00616122159
3.89918e-07,-0.00615641276
3.90018e-07,-0.00614790483
3.90118e-07,-0.00613902699
3.90218e-07,-0.00613162879
3.90318e-07,-0.00612645005
3.90418e-07,-0.00612164122
3.90518e-07,-0.00611424302
3.90618e-07,-0.00610203598
3.90718e-07,-0.00608502012
3.90818e-07,-0.0060657848
3.90918e-07,-0.00604876894
3.91018e-07,-0.00603693182
3.91118e-07,-0.00603101326
3.91218e-07,-0.0060287938
3.91318e-07,-0.00602620443
3.91418e-07,-0.00601917614
3.91518e-07,-0.0060065992
3.91618e-07,-0.00599106297
3.91718e-07,-0.00597626657
3.91818e-07,-0.00596590909
3.91918e-07,-0.00596184008
3.92018e-07,-0.00596220999
3.92118e-07,-0.00596294981
3.92218e-07,-0.00595999053
3.92318e-07,-0.00595185251
3.92418e-07,-0.00593964548
3.92518e-07,-0.00592706854
3.92618e-07,-0.00591856061
3.92718e-07,-0.00591560133
3.92818e-07,-0.00591745088
3.92918e-07,-0.00592151989
3.93018e-07,-0.00592447917
3.93118e-07,-0.00592484908
3.93218e-07,-0.00592336944
3.93318e-07,-0.00592262962
3.93418e-07,-0.00592447917
3.93518e-07,-0.005929288
3.93618e-07,-0.00593483665
3.93718e-07,-0.00593816584
3.93818e-07,-0.00593631629
3.93918e-07,-0.00593002782
3.94018e-07,-0.0059218898
3.94118e-07,-0.00591671106
3.94218e-07,-0.00591856061
3.94318e-07,-0.00592780836
3.94418e-07,-0.00594186494
3.94518e-07,-0.00595592152
3.94618e-07,-0.00596590909
3.94718e-07,-0.0059699781
3.94818e-07,-0.0059699781
3.94918e-07,-0.00596960819
3.95018e-07,-0.00597182765
3.95118e-07,-0.00597774621
3.95218e-07,-0.00598514441
3.95318e-07,-0.00599032315
3.95418e-07,-0.00598958333
3.95518e-07,-0.00598292495
3.95618e-07,-0.0059736772
3.95718e-07,-0.00596664891
3.95818e-07,-0.00596590909
3.95918e-07,-0.00597293738
3.96018e-07,-0.00598551432
3.96118e-07,-0.00599846117
3.96218e-07,-0.00600733902
3.96318e-07,-0.00600992839
3.96418e-07,-0.00600844875
3.96518e-07,-0.00600622929
3.96618e-07,-0.00600733902
3.96718e-07,-0.00601288767
3.96818e-07,-0.00602028587
3.96918e-07,-0.00602583452
3.97018e-07,-0.0060250947
3.97118e-07,-0.00601806641
3.97218e-07,-0.00600770893
3.97318e-07,-0.00600031072
3.97418e-07,-0.00600142045
3.97518e-07,-0.00601251776
3.97618e-07,-0.00603027344
3.97718e-07,-0.00604876894
3.97818e-07,-0.00606060606
3.97918e-07,-0.0060620857
3.98018e-07,-0.00605431759
3.98118e-07,-0.00604211056
3.98218e-07,-0.00603101326
3.98318e-07,-0.00602583452
3.98418e-07,-0.00602694425
3.98518e-07,-0.00603027344
3.98618e-07,-0.00603101326
3.98718e-07,-0.00602472479
3.98818e-07,-0.00601140803
3.98918e-07,-0.00599402225
3.99018e-07,-0.00597774621
3.99118e-07,-0.00596664891
3.99218e-07,-0.00596220999
3.99318e-07,-0.00596331972
3.99418e-07,-0.00596590909
3.99518e-07,-0.00596664891
3.99618e-07,-0.00596405954
3.99718e-07,-0.00595740116
3.99818e-07,-0.00594815341
3.99918e-07,-0.00593705611
4.00018e-07,-0.00592373935
4.00118e-07,-0.00590783321
4.00218e-07,-0.0058889678
4.00318e-07,-0.00586862275
4.00418e-07,-0.00585049716
4.00518e-07,-0.00583866004
4.00618e-07,-0.00583570076
4.00718e-07,-0.00584124941
4.00818e-07,-0.00585123698
4.00918e-07,-0.00585900509
4.01018e-07,-0.005859375
4.01118e-07,-0.00584975734
4.01218e-07,-0.00583237157
4.01318e-07,-0.00581387607
4.01418e-07,-0.00580018939
4.01518e-07,-0.00579612038
4.01618e-07,-0.00580129912
4.01718e-07,-0.00581091679
4.01818e-07,-0.00581794508
4.01918e-07,-0.00581683535
4.02018e-07,-0.00580573804
4.02118e-07,-0.00578798236
4.02218e-07,-0.00577059659
4.02318e-07,-0.0057598692
4.02418e-07,-0.00576023911
4.02518e-07,-0.00577133641
4.02618e-07,-0.00578835227
4.02718e-07,-0.00580499822
4.02818e-07,-0.00581572562
4.02918e-07,-0.00581757517
4.03018e-07,-0.00581202652
4.03118e-07,-0.00580240885
4.03218e-07,-0.00579353101
4.03318e-07,-0.00578835227
4.03418e-07,-0.00578835227
4.03518e-07,-0.00579279119
4.03618e-07,-0.00579944957
4.03718e-07,-0.00580647786
4.03818e-07,-0.00581202652
4.03918e-07,-0.00581646544
4.04018e-07,-0.00581979463
4.04118e-07,-0.00582386364
4.04218e-07,-0.0058297822
4.04318e-07,-0.00583755031
4.04418e-07,-0.00584716797
4.04518e-07,-0.00585715554
4.04618e-07,-0.00586529356
4.04718e-07,-0.00586973248
4.04818e-07,-0.00586936257
4.04918e-07,-0.00586529356
4.05018e-07,-0.005859375
4.05118e-07,-0.00585530599
4.05218e-07,-0.00585641572
4.05318e-07,-0.00586418383
4.05418e-07,-0.00587713068
4.05518e-07,-0.00589229699
4.05618e-07,-0.00590487393
4.05718e-07,-0.00591190223
4.05818e-07,-0.00591264205
4.05918e-07,-0.00590894295
4.06018e-07,-0.00590561375
4.06118e-07,-0.00590598366
4.06218e-07,-0.00591264205
4.06318e-07,-0.00592410926
4.06418e-07,-0.00593631629
4.06518e-07,-0.00594556404
4.06618e-07,-0.00594815341
4.06718e-07,-0.00594482422
4.06818e-07,-0.00593890566
4.06918e-07,-0.00593520656
4.07018e-07,-0.00593631629
4.07118e-07,-0.00594334458
4.07218e-07,-0.00595333215
4.07318e-07,-0.00596220999
4.07418e-07,-0.00596590909
4.07518e-07,-0.00596331972
4.07618e-07,-0.00595629143
4.07718e-07,-0.0059477835
4.07818e-07,-0.00594223485
4.07918e-07,-0.00594075521
4.08018e-07,-0.00594297467
4.08118e-07,-0.00594630386
4.08218e-07,-0.00594815341
4.08318e-07,-0.00594741359
4.08418e-07,-0.00594482422
4.08518e-07,-0.00594260476
4.08618e-07,-0.00594223485
4.08718e-07,-0.00594371449
4.08818e-07,-0.00594519413
4.08918e-07,-0.00594519413
4.09018e-07,-0.00594223485
4.09118e-07,-0.00593705611
4.09218e-07,-0.00593261719
4.09318e-07,-0.00593224728
4.09418e-07,-0.00593631629
4.09518e-07,-0.00594371449
4.09618e-07,-0.00595000296
4.09718e-07,-0.00595037287
4.09818e-07,-0.00594223485
4.09918e-07,-0.00592632872
4.10018e-07,-0.00590783321
4.10118e-07,-0.00589377663
4.10218e-07,-0.0058889678
4.10318e-07,-0.00589525627
4.10418e-07,-0.00590931286
4.10518e-07,-0.00592484908
4.10618e-07,-0.00593631629
4.10718e-07,-0.00594001539
4.10818e-07,-0.00593705611
4.10918e-07,-0.00593039773
4.11018e-07,-0.00592447917
4.11118e-07,-0.00592151989
4.11218e-07,-0.00592041016
4.11318e-07,-0.00591856061
4.11418e-07,-0.00591264205
4.11518e-07,-0.00590228456
4.11618e-07,-0.00588970762
4.11718e-07,-0.00587972005
4.11818e-07,-0.00587713068
4.11918e-07,-0.00588304924
4.12018e-07,-0.00589525627
4.12118e-07,-0.00590857304
4.12218e-07,-0.00591856061
4.12318e-07,-0.00592151989
4.12418e-07,-0.00591856061
4.12518e-07,-0.00591227214
4.12618e-07,-0.00590672348
4.12718e-07,-0.00590413411
4.12818e-07,-0.00590450402
4.12918e-07,-0.00590413411
4.13018e-07,-0.00590080492
4.13118e-07,-0.00589377663
4.13218e-07,-0.00588452888
4.13318e-07,-0.0058778705
4.13418e-07,-0.00587713068
4.13518e-07,-0.00588415897
4.13618e-07,-0.00589710582
4.13718e-07,-0.00591190223
4.13818e-07,-0.00592447917
4.13918e-07,-0.00593187737
4.14018e-07,-0.00593483665
4.14118e-07,-0.00593557647
4.14218e-07,-0.00593631629
4.14318e-07,-0.00593853575
4.14418e-07,-0.00594186494
4.14518e-07,-0.00594334458
4.14618e-07,-0.00594223485
4.14718e-07,-0.00593890566
4.14818e-07,-0.0059366862
4.14918e-07,-0.00593890566
4.15018e-07,-0.00594815341
4.15118e-07,-0.00596294981
4.15218e-07,-0.00597959576
4.15318e-07,-0.00599180279
4.15418e-07,-0.00599550189
4.15518e-07,-0.00599069306
4.15618e-07,-0.00598144531
4.15718e-07,-0.00597330729
4.15818e-07,-0.00597182765
4.15918e-07,-0.00597848603
4.16018e-07,-0.00599069306
4.16118e-07,-0.00600216027
4.16218e-07,-0.00600733902
4.16318e-07,-0.00600437973
4.16418e-07,-0.00599513198
4.16518e-07,-0.00598440459
4.16618e-07,-0.00597774621
4.16718e-07,-0.00597774621
4.16818e-07,-0.00598366477
4.16918e-07,-0.00599069306
4.17018e-07,-0.00599550189
4.17118e-07,-0.00599550189
4.17218e-07,-0.0059921727
4.17318e-07,-0.00598921342
4.17418e-07,-0.00598958333
4.17518e-07,-0.00599328243
4.17618e-07,-0.00599809126
4.17718e-07,-0.00599809126
4.17818e-07,-0.00598958333
4.17918e-07,-0.00597256747
4.18018e-07,-0.00595037287
4.18118e-07,-0.00593039773
4.18218e-07,-0.00591856061
4.18318e-07,-0.00591782079
4.18418e-07,-0.0059255889
4.18518e-07,-0.00593594638
4.18618e-07,-0.00594223485
4.18718e-07,-0.0059403853
4.18818e-07,-0.00593113755
4.18918e-07,-0.0059181907
4.19018e-07,-0.00590672348
4.19118e-07,-0.00589969519
4.19218e-07,-0.00589673591
4.19318e-07,-0.00589451645
4.19418e-07,-0.0058889678
4.19518e-07,-0.00587861032
4.19618e-07,-0.00586529356
4.19718e-07,-0.00585345644
4.19818e-07,-0.00584753788
4.19918e-07,-0.00585012725
4.20018e-07,-0.00585900509
4.20118e-07,-0.00586973248
4.20218e-07,-0.00587713068
4.20318e-07,-0.00587750059
4.20418e-07,-0.00587195194
4.20518e-07,-0.00586455374
4.20618e-07,-0.005859375
4.20718e-07,-0.00586011482
4.20818e-07,-0.0058667732
4.20918e-07,-0.00587565104
4.21018e-07,-0.00588304924
4.21118e-07,-0.00588637843
4.21218e-07,-0.00588637843
4.21318e-07,-0.00588600852
4.21418e-07,-0.0058889678
4.21518e-07,-0.00589747573
4.21618e-07,-0.0059107925
4.21718e-07,-0.00592521899
4.21818e-07,-0.00593631629
4.21918e-07,-0.00594223485
4.22018e-07,-0.00594371449
4.22118e-07,-0.00594445431
4.22218e-07,-0.00594815341
4.22318e-07,-0.00595703125
4.22418e-07,-0.00596923828
4.22518e-07,-0.00598181522
4.22618e-07,-0.00598958333
4.22718e-07,-0.00599032315
4.22818e-07,-0.0059847745
4.22918e-07,-0.00597700639
4.23018e-07,-0.00597182765
4.23118e-07,-0.00597256747
4.23218e-07,-0.00597922585
4.23318e-07,-0.0059884736
4.23418e-07,-0.00599550189
4.23518e-07,-0.00599661162
4.23618e-07,-0.00599106297
4.23718e-07,-0.00598144531
4.23818e-07,-0.00597182765
4.23918e-07,-0.00596553918
4.24018e-07,-0.00596368963
4.24118e-07,-0.00596516927
4.24218e-07,-0.00596590909
4.24318e-07,-0.00596331972
4.24418e-07,-0.00595629143
4.24518e-07,-0.00594630386
4.24618e-07,-0.00593631629
4.24718e-07,-0.00592854818
4.24818e-07,-0.00592484908
4.24918e-07,-0.00592410926
4.25018e-07,-0.00592447917
4.25118e-07,-0.00592373935
4.25218e-07,-0.00592114998
4.25318e-07,-0.00591671106
4.25418e-07,-0.00591264205
4.25518e-07,-0.00590968277
4.25618e-07,-0.00590820313
4.25718e-07,-0.00590783321
4.25818e-07,-0.00590672348
4.25918e-07,-0.00590487393
4.26018e-07,-0.00590228456
4.26118e-07,-0.00590043501
4.26218e-07,-0.00590080492
4.26318e-07,-0.0059037642
4.26418e-07,-0.00590894295
4.26518e-07,-0.00591412169
4.26618e-07,-0.00591856061
4.26718e-07,-0.00592151989
4.26818e-07,-0.00592373935
4.26918e-07,-0.00592817827
4.27018e-07,-0.00593631629
4.27118e-07,-0.00594815341
4.27218e-07,-0.00596220999
4.27318e-07,-0.00597515684
4.27418e-07,-0.00598366477
4.27518e-07,-0.00598662405
4.27618e-07,-0.00598514441
4.27718e-07,-0.00598255504
4.27818e-07,-0.00598366477
4.27918e-07,-0.00599106297
4.28018e-07,-0.00600548946
4.28118e-07,-0.00602435488
4.28218e-07,-0.00604285038
4.28318e-07,-0.00605653705
4.28418e-07,-0.00606282552
4.28518e-07,-0.00606134588
4.28618e-07,-0.0060546875
4.28718e-07,-0.00604654948
4.28818e-07,-0.00604100083
4.28918e-07,-0.00603952119
4.29018e-07,-0.00604285038
4.29118e-07,-0.00604950876
4.29218e-07,-0.00605727687
4.29318e-07,-0.00606356534
4.29418e-07,-0.00606652462
4.29518e-07,-0.00606504498
4.29618e-07,-0.00605912642
4.29718e-07,-0.00604913885
4.29818e-07,-0.00603693182
4.29918e-07,-0.00602435488
4.30018e-07,-0.0060139974
4.30118e-07,-0.00600622929
4.30218e-07,-0.00600142045
4.30318e-07,-0.00599846117
4.30418e-07,-0.00599476207
4.30518e-07,-0.0059884736
4.30618e-07,-0.00597774621
4.30718e-07,-0.0059625799
4.30818e-07,-0.0059440844
4.30918e-07,-0.00592484908
4.31018e-07,-0.00590672348
4.31118e-07,-0.00589081735
4.31218e-07,-0.00587750059
4.31318e-07,-0.00586529356
4.31418e-07,-0.00585345644
4.31518e-07,-0.00584161932
4.31618e-07,-0.00583015211
4.31718e-07,-0.00581979463
4.31818e-07,-0.00581202652
4.31918e-07,-0.00580684777
4.32018e-07,-0.00580462831
4.32118e-07,-0.0058042584
4.32218e-07,-0.00580610795
4.32318e-07,-0.00580980705
4.32418e-07,-0.0058149858
4.32518e-07,-0.00582201409
4.32618e-07,-0.0058297822
4.32718e-07,-0.0058371804
4.32818e-07,-0.00584272905
4.32918e-07,-0.00584568833
4.33018e-07,-0.00584753788
4.33118e-07,-0.00585086707
4.33218e-07,-0.00585863518
4.33318e-07,-0.00587343158
4.33418e-07,-0.00589488636
4.33518e-07,-0.00592078007
4.33618e-07,-0.00594593395
4.33718e-07,-0.00596590909
4.33818e-07,-0.00597774621
4.33918e-07,-0.00598181522
4.34018e-07,-0.00598218513
4.34118e-07,-0.00598329486
4.34218e-07,-0.00598958333
4.34318e-07,-0.00600290009
4.34418e-07,-0.00602176551
4.34518e-07,-0.00604211056
4.34618e-07,-0.00606060606
4.34718e-07,-0.00607503255
4.34818e-07,-0.00608575994
4.34918e-07,-0.00609574751
4.35018e-07,-0.00610795455
4.35118e-07,-0.00612386068
4.35218e-07,-0.00614235618
4.35318e-07,-0.00616011186
4.35418e-07,-0.00617305871
4.35518e-07,-0.00617897727
4.35618e-07,-0.00617786754
4.35718e-07,-0.0061726888
4.35818e-07,-0.00616714015
4.35918e-07,-0.00616492069
4.36018e-07,-0.00616787997
4.36118e-07,-0.00617527817
4.36218e-07,-0.00618489583
4.36318e-07,-0.00619340376
4.36418e-07,-0.0061985825
4.36518e-07,-0.00619969223
4.36618e-07,-0.00619673295
4.36718e-07,-0.0061911843
4.36818e-07,-0.00618489583
4.36918e-07,-0.00617823745
4.37018e-07,-0.00617305871
4.37118e-07,-0.00616972952
4.37218e-07,-0.0061689897
4.37318e-07,-0.00617046934
4.37418e-07,-0.00617305871
4.37518e-07,-0.00617453835
4.37618e-07,-0.00617379853
4.37718e-07,-0.0061689897
4.37818e-07,-0.00616122159
4.37918e-07,-0.00615308357
4.38018e-07,-0.00614827474
4.38118e-07,-0.00614864465
4.38218e-07,-0.00615530303
4.38318e-07,-0.0061652906
4.38418e-07,-0.00617416844
4.38518e-07,-0.00617749763
4.38618e-07,-0.00617305871
4.38718e-07,-0.00616122159
4.38818e-07,-0.00614642519
4.38918e-07,-0.00613310843
4.39018e-07,-0.00612571023
4.39118e-07,-0.00612534032
4.39218e-07,-0.00613051906
4.39318e-07,-0.00613791726
4.39418e-07,-0.00614346591
4.39518e-07,-0.00614642519
4.39618e-07,-0.0061467951
4.39718e-07,-0.00614753492
4.39818e-07,-0.00614938447
4.39918e-07,-0.00615234375
4.40018e-07,-0.0061541933
4.40118e-07,-0.00615197384
4.40218e-07,-0.00614346591
4.40318e-07,-0.00612977924
4.40418e-07,-0.00611424302
4.40518e-07,-0.00610203598
4.40618e-07,-0.00609611742
4.40718e-07,-0.00609796697
4.40818e-07,-0.00610536518
4.40918e-07,-0.00611387311
4.41018e-07,-0.00611979167
4.41118e-07,-0.00612127131
4.41218e-07,-0.00611905185
4.41318e-07,-0.00611572266
4.41418e-07,-0.00611387311
4.41518e-07,-0.00611424302
4.41618e-07,-0.00611609257
4.41718e-07,-0.00611646248
4.41818e-07,-0.00611387311
4.41918e-07,-0.00610869437
4.42018e-07,-0.00610314571
4.42118e-07,-0.00610055634
4.42218e-07,-0.00610203598
4.42318e-07,-0.00610684482
4.42418e-07,-0.00611128374
4.42518e-07,-0.00611054392
4.42618e-07,-0.00610203598
4.42718e-07,-0.00608723958
4.42818e-07,-0.00607133345
4.42918e-07,-0.00606060606
4.43018e-07,-0.00606060606
4.43118e-07,-0.00607133345
4.43218e-07,-0.00608908913
4.43318e-07,-0.00610536518
4.43418e-07,-0.00611387311
4.43518e-07,-0.00611128374
4.43618e-07,-0.00610092625
4.43718e-07,-0.00608908913
4.43818e-07,-0.0060842803
4.43918e-07,-0.0060916785
4.44018e-07,-0.00611091383
4.44118e-07,-0.00613680753
4.44218e-07,-0.00616122159
4.44318e-07,-0.00617749763
4.44418e-07,-0.00618267637
4.44518e-07,-0.00617934718
4.44618e-07,-0.00617305871
4.44718e-07,-0.00616972952
4.44818e-07,-0.00617231889
4.44918e-07,-0.00618045691
4.45018e-07,-0.00619081439
4.45118e-07,-0.0061985825
4.45218e-07,-0.00620080196
4.45318e-07,-0.00619747277
4.45418e-07,-0.00619081439
4.45518e-07,-0.00618415601
4.45618e-07,-0.00617934718
4.45718e-07,-0.00617823745
4.45818e-07,-0.00617897727
4.45918e-07,-0.00618045691
4.46018e-07,-0.00618193655
4.46118e-07,-0.00618341619
4.46218e-07,-0.00618489583
4.46318e-07,-0.0061874852
4.46418e-07,-0.0061911843
4.46518e-07,-0.00619451349
4.46618e-07,-0.00619673295
4.46718e-07,-0.00619673295
4.46818e-07,-0.00619562322
4.46918e-07,-0.0061948834
4.47018e-07,-0.00619673295
4.47118e-07,-0.00620265152
4.47218e-07,-0.00621189927
4.47318e-07,-0.00622299657
4.47418e-07,-0.00623224432
4.47518e-07,-0.00623779297
4.47618e-07,-0.0062389027
4.47718e-07,-0.00623631333
4.47818e-07,-0.00623224432
4.47918e-07,-0.00622854522
4.48018e-07,-0.00622632576
4.48118e-07,-0.00622558594
4.48218e-07,-0.00622632576
4.48318e-07,-0.0062278054
4.48418e-07,-0.00623039477
4.48518e-07,-0.0062352036
4.48618e-07,-0.00624408144
4.48718e-07,-0.00625665838
4.48818e-07,-0.00627256451
4.48918e-07,-0.00628884055
4.49018e-07,-0.00630326705
4.49118e-07,-0.00631362453
4.49218e-07,-0.00632028291
4.49318e-07,-0.0063236121
4.49418e-07,-0.00632694129
4.49518e-07,-0.00633138021
4.49618e-07,-0.00633803859
4.49718e-07,-0.00634506688
4.49818e-07,-0.00635061553
4.49918e-07,-0.00635172526
4.50018e-07,-0.00634765625
4.50118e-07,-0.0063384085
4.50218e-07,-0.00632694129
4.50318e-07,-0.0063162139
4.50418e-07,-0.00630918561
4.50518e-07,-0.00630696615
4.50618e-07,-0.00630918561
4.50718e-07,-0.00631362453
4.50818e-07,-0.00631769354
4.50918e-07,-0.00631880327
4.51018e-07,-0.00631510417
4.51118e-07,-0.00630696615
4.51218e-07,-0.00629549893
4.51318e-07,-0.00628366181
4.51418e-07,-0.00627367424
4.51518e-07,-0.00626738577
4.51618e-07,-0.00626442649
4.51718e-07,-0.00626331676
4.51818e-07,-0.00626183712
4.51918e-07,-0.00625702829
4.52018e-07,-0.00624778054
4.52118e-07,-0.00623483369
4.52218e-07,-0.0062204072
4.52318e-07,-0.00620857008
4.52418e-07,-0.00620154179
4.52518e-07,-0.00620043205
4.52618e-07,-0.00620265152
4.52718e-07,-0.00620376125
4.52818e-07,-0.00619932232
4.52918e-07,-0.00618674538
4.53018e-07,-0.00616714015
4.53118e-07,-0.00614531546
4.53218e-07,-0.00612681996
4.53318e-07,-0.00611794212
4.53418e-07,-0.00611979167
4.53518e-07,-0.00613051906
4.53618e-07,-0.00614457564
4.53718e-07,-0.00615604285
4.53818e-07,-0.00616122159
4.53918e-07,-0.00615937204
4.54018e-07,-0.00615382339
4.54118e-07,-0.00614938447
4.54218e-07,-0.00614938447
4.54318e-07,-0.0061541933
4.54418e-07,-0.0061615915
4.54518e-07,-0.00616677024
4.54618e-07,-0.00616714015
4.54718e-07,-0.0061615915
4.54818e-07,-0.00615308357
4.54918e-07,-0.00614568537
4.55018e-07,-0.00614346591
4.55118e-07,-0.00614790483
4.55218e-07,-0.0061578924
4.55318e-07,-0.00616935961
4.55418e-07,-0.00617897727
4.55518e-07,-0.00618452592
4.55618e-07,-0.00618600556
4.55718e-07,-0.00618563565
4.55818e-07,-0.00618489583
4.55918e-07,-0.0061837861
4.56018e-07,-0.00618045691
4.56118e-07,-0.00617342862
4.56218e-07,-0.00616122159
4.56318e-07,-0.00614568537
4.56418e-07,-0.00613088897
4.56518e-07,-0.00612127131
4.56618e-07,-0.00611979167
4.56718e-07,-0.00612645005
4.56818e-07,-0.00613717744
4.56918e-07,-0.00614642519
4.57018e-07,-0.00614938447
4.57118e-07,-0.00614457564
4.57218e-07,-0.00613421816
4.57318e-07,-0.00612275095
4.57418e-07,-0.00611387311
4.57518e-07,-0.00611017401
4.57618e-07,-0.0061098041
4.57718e-07,-0.00611017401
4.57818e-07,-0.00610795455
4.57918e-07,-0.00610240589
4.58018e-07,-0.00609611742
4.58118e-07,-0.00609315814
4.58218e-07,-0.00609611742
4.58318e-07,-0.00610573509
4.58418e-07,-0.00611942176
4.58518e-07,-0.00613125888
4.58618e-07,-0.00613754735
4.58718e-07,-0.00613606771
4.58818e-07,-0.00612940933
4.58918e-07,-0.00612238104
4.59018e-07,-0.00611979167
4.59118e-07,-0.00612386068
4.59218e-07,-0.00613310843
4.59318e-07,-0.006143096
4.59418e-07,-0.00614938447
4.59518e-07,-0.00614938447
4.59618e-07,-0.00614383582
4.59718e-07,-0.00613643762
4.59818e-07,-0.00613162879
4.59918e-07,-0.00613162879
4.60018e-07,-0.0061356978
4.60118e-07,-0.00614087654
4.60218e-07,-0.00614346591
4.60318e-07,-0.00614124645
4.60418e-07,-0.0061356978
4.60518e-07,-0.00612940933
4.60618e-07,-0.00612571023
4.60718e-07,-0.00612571023
4.60818e-07,-0.00612792969
4.60918e-07,-0.00612903942
4.61018e-07,-0.00612571023
4.61118e-07,-0.00611683239
4.61218e-07,-0.00610536518
4.61318e-07,-0.00609500769
4.61418e-07,-0.00609019886
4.61518e-07,-0.00609315814
4.61618e-07,-0.00610166607
4.61718e-07,-0.00611239347
4.61818e-07,-0.00611979167
4.61918e-07,-0.00612201113
4.62018e-07,-0.00611942176
4.62118e-07,-0.00611572266
4.62218e-07,-0.00611387311
4.62318e-07,-0.00611609257
4.62418e-07,-0.0061209014
4.62518e-07,-0.00612534032
4.62618e-07,-0.00612571023
4.62718e-07,-0.0061209014
4.62818e-07,-0.00611239347
4.62918e-07,-0.00610462536
4.63018e-07,-0.00610203598
