LECROYHDO6104B,11090,Waveform
Segments,1,SegmentSize,5002
Segment,TrigTime,TimeSinceSegment1
#1,04-May-2026 18:32:06,0                 
Time,Ampl
-3.708989e-08,-0.0058659295
-3.698989e-08,-0.0058695198
-3.688989e-08,-0.0058709559
-3.678989e-08,-0.0058695198
-3.668989e-08,-0.0058666475
-3.658989e-08,-0.0058623392
-3.648989e-08,-0.0058594669
-3.638989e-08,-0.0058580308
-3.628989e-08,-0.0058565947
-3.618989e-08,-0.0058537224
-3.608989e-08,-0.0058479779
-3.598989e-08,-0.0058386432
-3.588989e-08,-0.0058264361
-3.578989e-08,-0.005812793
-3.568989e-08,-0.0058020221
-3.558989e-08,-0.0057955595
-3.548989e-08,-0.0057934053
-3.538989e-08,-0.0057962776
-3.528989e-08,-0.0058020221
-3.518989e-08,-0.0058070485
-3.508989e-08,-0.0058106388
-3.498989e-08,-0.0058092027
-3.488989e-08,-0.0058020221
-3.478989e-08,-0.005789815
-3.468989e-08,-0.0057725816
-3.458989e-08,-0.0057531939
-3.448989e-08,-0.0057330882
-3.438989e-08,-0.0057165728
-3.428989e-08,-0.00570652
-3.418989e-08,-0.0057043658
-3.408989e-08,-0.0057101103
-3.398989e-08,-0.0057208812
-3.388989e-08,-0.0057323702
-3.378989e-08,-0.0057409869
-3.368989e-08,-0.0057445772
-3.358989e-08,-0.0057431411
-3.348989e-08,-0.0057381147
-3.338989e-08,-0.0057338063
-3.328989e-08,-0.0057330882
-3.318989e-08,-0.0057373966
-3.308989e-08,-0.0057467314
-3.298989e-08,-0.0057575023
-3.288989e-08,-0.0057675551
-3.278989e-08,-0.0057747358
-3.268989e-08,-0.0057783261
-3.258989e-08,-0.0057790441
-3.248989e-08,-0.0057790441
-3.238989e-08,-0.0057797622
-3.228989e-08,-0.0057819164
-3.218989e-08,-0.0057855067
-3.208989e-08,-0.0057905331
-3.198989e-08,-0.0057955595
-3.188989e-08,-0.005801304
-3.178989e-08,-0.0058077665
-3.168989e-08,-0.005813511
-3.158989e-08,-0.0058185375
-3.148989e-08,-0.0058206916
-3.138989e-08,-0.0058185375
-3.128989e-08,-0.005813511
-3.118989e-08,-0.0058056124
-3.108989e-08,-0.0057977137
-3.098989e-08,-0.0057919692
-3.088989e-08,-0.0057905331
-3.078989e-08,-0.0057919692
-3.068989e-08,-0.0057948415
-3.058989e-08,-0.0057948415
-3.048989e-08,-0.0057905331
-3.038989e-08,-0.0057811983
-3.028989e-08,-0.0057689913
-3.018989e-08,-0.0057596565
-3.008989e-08,-0.0057560662
-2.998989e-08,-0.0057603745
-2.988989e-08,-0.0057718635
-2.978989e-08,-0.0057833525
-2.968989e-08,-0.0057905331
-2.958989e-08,-0.0057869428
-2.948989e-08,-0.0057725816
-2.938989e-08,-0.0057481675
-2.928989e-08,-0.0057215993
-2.918989e-08,-0.0056986213
-2.908989e-08,-0.0056849782
-2.898989e-08,-0.0056821059
-2.888989e-08,-0.0056871324
-2.878989e-08,-0.0056957491
-2.868989e-08,-0.0057014936
-2.858989e-08,-0.0057029297
-2.848989e-08,-0.0056986213
-2.838989e-08,-0.0056914407
-2.828989e-08,-0.0056856962
-2.818989e-08,-0.005683542
-2.808989e-08,-0.0056871324
-2.798989e-08,-0.0056935949
-2.788989e-08,-0.0057000574
-2.778989e-08,-0.0057029297
-2.768989e-08,-0.0056986213
-2.758989e-08,-0.0056885685
-2.748989e-08,-0.0056742073
-2.738989e-08,-0.0056612822
-2.728989e-08,-0.0056526654
-2.718989e-08,-0.0056512293
-2.708989e-08,-0.0056576919
-2.698989e-08,-0.005670617
-2.688989e-08,-0.0056871324
-2.678989e-08,-0.0057043658
-2.668989e-08,-0.0057194451
-2.658989e-08,-0.0057330882
-2.648989e-08,-0.0057445772
-2.638989e-08,-0.0057546301
-2.628989e-08,-0.0057639648
-2.618989e-08,-0.0057718635
-2.608989e-08,-0.0057790441
-2.598989e-08,-0.0057847886
-2.588989e-08,-0.005789815
-2.578989e-08,-0.0057948415
-2.568989e-08,-0.0058020221
-2.558989e-08,-0.0058120749
-2.548989e-08,-0.0058257181
-2.538989e-08,-0.0058422335
-2.528989e-08,-0.0058594669
-2.518989e-08,-0.0058752642
-2.508989e-08,-0.0058867532
-2.498989e-08,-0.0058932158
-2.488989e-08,-0.0058939338
-2.478989e-08,-0.0058910616
-2.468989e-08,-0.0058874713
-2.458989e-08,-0.005883881
-2.448989e-08,-0.0058824449
-2.438989e-08,-0.0058824449
-2.428989e-08,-0.0058831629
-2.418989e-08,-0.0058831629
-2.408989e-08,-0.0058824449
-2.398989e-08,-0.0058810087
-2.388989e-08,-0.0058802907
-2.378989e-08,-0.0058802907
-2.368989e-08,-0.0058824449
-2.358989e-08,-0.0058853171
-2.348989e-08,-0.0058889074
-2.338989e-08,-0.0058917796
-2.328989e-08,-0.0058939338
-2.318989e-08,-0.0058946519
-2.308989e-08,-0.0058946519
-2.298989e-08,-0.0058939338
-2.288989e-08,-0.0058939338
-2.278989e-08,-0.0058939338
-2.268989e-08,-0.0058932158
-2.258989e-08,-0.0058932158
-2.248989e-08,-0.0058939338
-2.238989e-08,-0.0058975241
-2.228989e-08,-0.0059061409
-2.218989e-08,-0.0059205021
-2.208989e-08,-0.0059398897
-2.198989e-08,-0.0059628676
-2.188989e-08,-0.0059858456
-2.178989e-08,-0.0060052332
-2.168989e-08,-0.0060203125
-2.158989e-08,-0.0060296473
-2.148989e-08,-0.0060353918
-2.138989e-08,-0.0060397001
-2.128989e-08,-0.0060432904
-2.118989e-08,-0.0060475988
-2.108989e-08,-0.0060511891
-2.098989e-08,-0.0060540614
-2.088989e-08,-0.0060547794
-2.078989e-08,-0.0060547794
-2.068989e-08,-0.0060547794
-2.058989e-08,-0.0060583697
-2.048989e-08,-0.0060662684
-2.038989e-08,-0.0060763212
-2.028989e-08,-0.0060863741
-2.018989e-08,-0.0060921186
-2.008989e-08,-0.0060892463
-1.998989e-08,-0.0060777574
-1.988989e-08,-0.0060590878
-1.978989e-08,-0.006038264
-1.968989e-08,-0.0060203125
-1.958989e-08,-0.0060088235
-1.948989e-08,-0.0060059513
-1.938989e-08,-0.0060109777
-1.928989e-08,-0.0060203125
-1.918989e-08,-0.0060303653
-1.908989e-08,-0.0060389821
-1.898989e-08,-0.0060432904
-1.888989e-08,-0.0060432904
-1.878989e-08,-0.0060397001
-1.868989e-08,-0.0060346737
-1.858989e-08,-0.0060274931
-1.848989e-08,-0.0060203125
-1.838989e-08,-0.0060131319
-1.828989e-08,-0.0060073874
-1.818989e-08,-0.006002361
-1.808989e-08,-0.0059973346
-1.798989e-08,-0.0059923081
-1.788989e-08,-0.0059865636
-1.778989e-08,-0.0059801011
-1.768989e-08,-0.0059743566
-1.758989e-08,-0.0059707663
-1.748989e-08,-0.0059714844
-1.738989e-08,-0.0059772289
-1.728989e-08,-0.0059858456
-1.718989e-08,-0.0059951804
-1.708989e-08,-0.006002361
-1.698989e-08,-0.006003079
-1.688989e-08,-0.0059973346
-1.678989e-08,-0.0059865636
-1.668989e-08,-0.0059736386
-1.658989e-08,-0.0059614315
-1.648989e-08,-0.0059513787
-1.638989e-08,-0.0059427619
-1.628989e-08,-0.0059327091
-1.618989e-08,-0.0059205021
-1.608989e-08,-0.0059054228
-1.598989e-08,-0.0058910616
-1.588989e-08,-0.0058802907
-1.578989e-08,-0.0058774184
-1.568989e-08,-0.0058824449
-1.558989e-08,-0.0058917796
-1.548989e-08,-0.0059003964
-1.538989e-08,-0.0059018325
-1.528989e-08,-0.0058939338
-1.518989e-08,-0.0058788545
-1.508989e-08,-0.0058616211
-1.498989e-08,-0.0058501321
-1.488989e-08,-0.0058479779
-1.478989e-08,-0.0058558766
-1.468989e-08,-0.0058688017
-1.458989e-08,-0.0058795726
-1.448989e-08,-0.0058824449
-1.438989e-08,-0.0058752642
-1.428989e-08,-0.005860185
-1.418989e-08,-0.0058458238
-1.408989e-08,-0.005836489
-1.398989e-08,-0.0058357709
-1.388989e-08,-0.0058400793
-1.378989e-08,-0.0058429515
-1.368989e-08,-0.005836489
-1.358989e-08,-0.0058149472
-1.348989e-08,-0.0057804802
-1.338989e-08,-0.0057388327
-1.328989e-08,-0.0056986213
-1.318989e-08,-0.0056677447
-1.308989e-08,-0.0056490751
-1.298989e-08,-0.0056383042
-1.288989e-08,-0.0056296875
-1.278989e-08,-0.0056146082
-1.268989e-08,-0.0055873219
-1.258989e-08,-0.0055492647
-1.248989e-08,-0.0055033088
-1.238989e-08,-0.0054551988
-1.228989e-08,-0.0054092429
-1.218989e-08,-0.0053647231
-1.208989e-08,-0.0053194853
-1.198989e-08,-0.0052670669
-1.188989e-08,-0.0052038775
-1.178989e-08,-0.0051291992
-1.168989e-08,-0.00504375
-1.158989e-08,-0.0049525563
-1.148989e-08,-0.0048606445
-1.138989e-08,-0.0047687328
-1.128989e-08,-0.0046761029
-1.118989e-08,-0.0045798828
-1.108989e-08,-0.0044779182
-1.098989e-08,-0.0043673369
-1.088989e-08,-0.004251011
-1.078989e-08,-0.004132531
-1.068989e-08,-0.0040154871
-1.058989e-08,-0.0039020335
-1.048989e-08,-0.0037914522
-1.038989e-08,-0.0036801528
-1.028989e-08,-0.0035623909
-1.018989e-08,-0.0034352941
-1.008989e-08,-0.0032974265
-9.989893e-09,-0.0031516602
-9.889893e-09,-0.0030037397
-9.789893e-09,-0.0028594095
-9.689893e-09,-0.0027229779
-9.589893e-09,-0.0025951631
-9.489893e-09,-0.0024730928
-9.389893e-09,-0.0023524586
-9.289893e-09,-0.0022289522
-9.189893e-09,-0.0021011374
-9.089893e-09,-0.0019697323
-8.989893e-09,-0.0018383272
-8.889893e-09,-0.0017119485
-8.789893e-09,-0.0015941866
-8.689893e-09,-0.0014864775
-8.589893e-09,-0.0013888212
-8.489893e-09,-0.0012983456
-8.389893e-09,-0.0012128964
-8.289893e-09,-0.0011288833
-8.189893e-09,-0.0010463063
-8.089893e-09,-0.00096516544
-7.989893e-09,-0.00088617877
-7.889893e-09,-0.00081150046
-7.789893e-09,-0.00074184858
-7.689893e-09,-0.00067794118
-7.589893e-09,-0.00062121438
-7.489893e-09,-0.00057023208
-7.389893e-09,-0.00052427619
-7.289893e-09,-0.00048262868
-7.189893e-09,-0.00044241728
-7.089893e-09,-0.00040292394
-6.989893e-09,-0.00036199449
-6.889893e-09,-0.00032178309
-6.789893e-09,-0.00028372587
-6.689893e-09,-0.00024997702
-6.589893e-09,-0.00022412684
-6.489893e-09,-0.00020689338
-6.389893e-09,-0.00019827665
-6.289893e-09,-0.00019540441
-6.189893e-09,-0.00019540441
-6.089893e-09,-0.00019540441
-5.989893e-09,-0.00019396829
-5.889893e-09,-0.00019037799
-5.789893e-09,-0.00018678768
-5.689893e-09,-0.00018391544
-5.589893e-09,-0.00018247932
-5.489893e-09,-0.00018247932
-5.389893e-09,-0.00018319738
-5.289893e-09,-0.00018391544
-5.189893e-09,-0.00018535156
-5.089893e-09,-0.00018894187
-4.989893e-09,-0.00019612247
-4.889893e-09,-0.00020689338
-4.789893e-09,-0.0002212546
-4.689893e-09,-0.00023705193
-4.589893e-09,-0.0002521312
-4.489893e-09,-0.00026433824
-4.389893e-09,-0.00027295496
-4.289893e-09,-0.00027941751
-4.189893e-09,-0.00028372587
-4.089893e-09,-0.00028731618
-3.989893e-09,-0.00029090648
-3.889893e-09,-0.00029449678
-3.789893e-09,-0.00029736903
-3.689893e-09,-0.00029880515
-3.589893e-09,-0.00029952321
-3.489893e-09,-0.00030167739
-3.389893e-09,-0.00030526769
-3.289893e-09,-0.00031029412
-3.189893e-09,-0.0003160386
-3.089893e-09,-0.00031891085
-2.989893e-09,-0.00031747472
-2.889893e-09,-0.00031029412
-2.789893e-09,-0.00029952321
-2.689893e-09,-0.00028803424
-2.589893e-09,-0.00027941751
-2.489893e-09,-0.00027582721
-2.389893e-09,-0.00027582721
-2.289893e-09,-0.00027654527
-2.189893e-09,-0.00027367302
-2.089893e-09,-0.00026433824
-1.989893e-09,-0.00024925896
-1.889893e-09,-0.00023202551
-1.789893e-09,-0.00021694623
-1.689893e-09,-0.00020689338
-1.589893e-09,-0.00020186696
-1.489893e-09,-0.00019827665
-1.389893e-09,-0.00019037799
-1.289893e-09,-0.00017242647
-1.189893e-09,-0.00014370404
-1.089893e-09,-0.00010636489
-9.898931e-10,-6.7589614e-05
-8.898931e-10,-3.4558824e-05
-7.898931e-10,-1.2298943e-05
-6.898931e-10,-2.2460937e-06
-5.898931e-10,-9.1911765e-08
-4.898931e-10,-9.1911765e-08
-3.898931e-10,3.4983915e-06
-2.898931e-10,1.283318e-05
-1.898931e-10,2.7912454e-05
-8.989308e-11,4.5863971e-05
1.010692e-11,6.1661305e-05
1.101069e-10,7.2432215e-05
2.101069e-10,7.81767e-05
3.101069e-10,8.0330882e-05
4.101069e-10,8.1048943e-05
5.101069e-10,8.2485064e-05
6.101069e-10,8.6793428e-05
7.101069e-10,9.1819853e-05
8.101069e-10,9.8282399e-05
9.101069e-10,0.00010402688
1.010107e-09,0.00010977137
1.110107e-09,0.00011479779
1.210107e-09,0.0001183881
1.310107e-09,0.00012054228
1.410107e-09,0.00011982422
1.510107e-09,0.00011479779
1.610107e-09,0.00010546301
1.710107e-09,9.2537914e-05
1.810107e-09,7.6022518e-05
1.910107e-09,5.7352941e-05
2.010107e-09,3.7965303e-05
2.110107e-09,1.8577665e-05
2.210107e-09,1.3442096e-06
2.310107e-09,-1.1580882e-05
2.410107e-09,-1.8761489e-05
2.510107e-09,-2.019761e-05
2.610107e-09,-1.6607307e-05
2.710107e-09,-1.1580882e-05
2.810107e-09,-1.0144761e-05
2.910107e-09,-1.7325368e-05
3.010107e-09,-3.3840763e-05
3.110107e-09,-5.7536765e-05
3.210107e-09,-8.3386949e-05
3.310107e-09,-0.00010349265
3.410107e-09,-0.00011498162
3.510107e-09,-0.00011498162
3.610107e-09,-0.00010851907
3.710107e-09,-0.00010133847
3.810107e-09,-9.8466222e-05
3.910107e-09,-0.00010349265
4.010107e-09,-0.00011282744
4.110107e-09,-0.0001207261
4.210107e-09,-0.00012144416
4.310107e-09,-0.00011498162
4.410107e-09,-0.00010421071
4.510107e-09,-9.631204e-05
4.610107e-09,-9.8466222e-05
4.710107e-09,-0.00011498162
4.810107e-09,-0.0001408318
4.910107e-09,-0.00016740005
5.010107e-09,-0.00018391544
5.110107e-09,-0.00018391544
5.210107e-09,-0.00016811811
5.310107e-09,-0.00014585823
5.410107e-09,-0.00012790671
5.510107e-09,-0.00012647059
5.610107e-09,-0.00014298598
5.710107e-09,-0.00017242647
5.810107e-09,-0.0002011489
5.910107e-09,-0.00021838235
6.010107e-09,-0.00021622817
6.110107e-09,-0.00019684053
6.210107e-09,-0.00017027229
6.310107e-09,-0.00014944853
6.410107e-09,-0.00014370404
6.510107e-09,-0.00015662914
6.610107e-09,-0.0001810432
6.710107e-09,-0.00020689338
6.810107e-09,-0.00022340878
6.910107e-09,-0.00022340878
7.010107e-09,-0.0002083295
7.110107e-09,-0.00018391544
7.210107e-09,-0.00015806526
7.310107e-09,-0.0001372415
7.410107e-09,-0.00012288028
7.510107e-09,-0.00011498162
7.610107e-09,-0.00010923713
7.710107e-09,-0.00010421071
7.810107e-09,-9.7748162e-05
7.910107e-09,-9.2003676e-05
8.010107e-09,-8.6977252e-05
8.110107e-09,-8.2668888e-05
8.210107e-09,-7.7642463e-05
8.310107e-09,-6.9025735e-05
8.410107e-09,-5.6100643e-05
8.510107e-09,-3.8867187e-05
8.610107e-09,-2.3069853e-05
8.710107e-09,-1.1580882e-05
8.810107e-09,-8.7086397e-06
8.910107e-09,-1.4453125e-05
9.010107e-09,-2.5224035e-05
9.110107e-09,-3.4558824e-05
9.210107e-09,-3.8149127e-05
9.310107e-09,-3.3840763e-05
9.410107e-09,-2.3069853e-05
9.510107e-09,-1.1580882e-05
9.610107e-09,-5.1183364e-06
9.710107e-09,-7.2725184e-06
9.810107e-09,-1.8043428e-05
9.910107e-09,-3.4558824e-05
1.001011e-08,-5.0356158e-05
1.011011e-08,-5.8972886e-05
1.021011e-08,-5.7536765e-05
1.031011e-08,-4.6047794e-05
1.041011e-08,-2.8814338e-05
1.051011e-08,-1.1580882e-05
1.061011e-08,-9.1911765e-08
1.071011e-08,-9.1911765e-08
1.081011e-08,-1.1580882e-05
1.091011e-08,-3.2404642e-05
1.101011e-08,-5.7536765e-05
1.111011e-08,-8.0514706e-05
1.121011e-08,-9.559398e-05
1.131011e-08,-0.0001006204
1.141011e-08,-9.4157858e-05
1.151011e-08,-8.0514706e-05
1.161011e-08,-6.5435432e-05
1.171011e-08,-5.4664522e-05
1.181011e-08,-5.1792279e-05
1.191011e-08,-5.7536765e-05
1.201011e-08,-6.9743796e-05
1.211011e-08,-8.3386949e-05
1.221011e-08,-9.559398e-05
1.231011e-08,-0.00010349265
1.241011e-08,-0.00010851907
1.251011e-08,-0.00011282744
1.261011e-08,-0.00011857192
1.271011e-08,-0.00012647059
1.281011e-08,-0.00013365119
1.291011e-08,-0.00013795956
1.301011e-08,-0.00013580538
1.311011e-08,-0.00012647059
1.321011e-08,-0.0001135455
1.331011e-08,-0.00010277459
1.341011e-08,-9.8466222e-05
1.351011e-08,-0.00010349265
1.361011e-08,-0.00011569968
1.371011e-08,-0.00013149701
1.381011e-08,-0.00014370404
1.391011e-08,-0.00014944853
1.401011e-08,-0.00014873047
1.411011e-08,-0.00014514017
1.421011e-08,-0.0001444221
1.431011e-08,-0.00014944853
1.441011e-08,-0.00016165556
1.451011e-08,-0.00017673483
1.461011e-08,-0.00018894187
1.471011e-08,-0.00019540441
1.481011e-08,-0.00019396829
1.491011e-08,-0.00018822381
1.501011e-08,-0.00018319738
1.511011e-08,-0.00018391544
1.521011e-08,-0.00019181411
1.531011e-08,-0.00020545726
1.541011e-08,-0.00021910041
1.551011e-08,-0.00022987132
1.561011e-08,-0.00023561581
1.571011e-08,-0.00023848805
1.581011e-08,-0.00024351448
1.591011e-08,-0.00025284926
1.601011e-08,-0.0002686466
1.611011e-08,-0.00028731618
1.621011e-08,-0.00030311351
1.631011e-08,-0.00031029412
1.641011e-08,-0.00030742187
1.651011e-08,-0.00029665097
1.661011e-08,-0.00028372587
1.671011e-08,-0.00027582721
1.681011e-08,-0.00027654527
1.691011e-08,-0.00028588006
1.701011e-08,-0.00029880515
1.711011e-08,-0.00031029412
1.721011e-08,-0.00031460248
1.731011e-08,-0.00031173024
1.741011e-08,-0.00030454963
1.751011e-08,-0.00029880515
1.761011e-08,-0.00029952321
1.771011e-08,-0.00030813994
1.781011e-08,-0.00032465533
1.791011e-08,-0.00034476103
1.801011e-08,-0.00036271255
1.811011e-08,-0.00037563764
1.821011e-08,-0.00038066406
1.831011e-08,-0.00037922794
1.841011e-08,-0.00037204733
1.851011e-08,-0.00036127642
1.861011e-08,-0.00034763327
1.871011e-08,-0.00033327206
1.881011e-08,-0.00031962891
1.891011e-08,-0.00030957606
1.901011e-08,-0.00030670381
1.911011e-08,-0.00031029412
1.921011e-08,-0.00032034697
1.931011e-08,-0.000332554
1.941011e-08,-0.00034188879
1.951011e-08,-0.00034476103
1.961011e-08,-0.00033901654
1.971011e-08,-0.00032609145
1.981011e-08,-0.00031101218
1.991011e-08,-0.00029880515
2.001011e-08,-0.00029090648
2.011011e-08,-0.00028731618
2.021011e-08,-0.00028372587
2.031011e-08,-0.00027582721
2.041011e-08,-0.00026146599
2.051011e-08,-0.00024136029
2.061011e-08,-0.0002212546
2.071011e-08,-0.00020689338
2.081011e-08,-0.00020402114
2.091011e-08,-0.00021407399
2.101011e-08,-0.00023274357
2.111011e-08,-0.00025284926
2.121011e-08,-0.00026721048
2.131011e-08,-0.00027151884
2.141011e-08,-0.00026577436
2.151011e-08,-0.00025284926
2.161011e-08,-0.00023992417
2.171011e-08,-0.00023346163
2.181011e-08,-0.00023417969
2.191011e-08,-0.00024136029
2.201011e-08,-0.00025069508
2.211011e-08,-0.00025643957
2.221011e-08,-0.00025715763
2.231011e-08,-0.00025284926
2.241011e-08,-0.00024782284
2.251011e-08,-0.00024638672
2.261011e-08,-0.00025141314
2.271011e-08,-0.00026433824
2.281011e-08,-0.00028157169
2.291011e-08,-0.00029736903
2.301011e-08,-0.00030813994
2.311011e-08,-0.00031029412
2.321011e-08,-0.00030598575
2.331011e-08,-0.00029736903
2.341011e-08,-0.00029018842
2.351011e-08,-0.00028731618
2.361011e-08,-0.00029090648
2.371011e-08,-0.00029952321
2.381011e-08,-0.00031029412
2.391011e-08,-0.00032178309
2.401011e-08,-0.00033183594
2.411011e-08,-0.0003397346
2.421011e-08,-0.00034763327
2.431011e-08,-0.00035625
2.441011e-08,-0.00036630285
2.451011e-08,-0.00037779182
2.461011e-08,-0.00038999885
2.471011e-08,-0.00040220588
2.481011e-08,-0.00041369485
2.491011e-08,-0.0004237477
2.501011e-08,-0.00043164637
2.511011e-08,-0.00043667279
2.521011e-08,-0.00043810892
2.531011e-08,-0.00043523667
2.541011e-08,-0.00043021025
2.551011e-08,-0.00042518382
2.561011e-08,-0.00042446576
2.571011e-08,-0.00043092831
2.581011e-08,-0.0004474437
2.591011e-08,-0.00047113971
2.601011e-08,-0.00049698989
2.611011e-08,-0.00051853171
2.621011e-08,-0.00053002068
2.631011e-08,-0.00052858456
2.641011e-08,-0.00051781365
2.651011e-08,-0.00050345244
2.661011e-08,-0.00049411765
2.671011e-08,-0.00049411765
2.681011e-08,-0.00050488856
2.691011e-08,-0.00052212201
2.701011e-08,-0.00054007353
2.711011e-08,-0.0005515625
2.721011e-08,-0.00055443474
2.731011e-08,-0.00054940832
2.741011e-08,-0.00054294577
2.751011e-08,-0.00054007353
2.761011e-08,-0.00054509995
2.771011e-08,-0.00055730699
2.781011e-08,-0.00057310432
2.791011e-08,-0.00058602941
2.801011e-08,-0.0005917739
2.811011e-08,-0.00058961972
2.821011e-08,-0.00058243911
2.831011e-08,-0.00057454044
2.841011e-08,-0.0005716682
2.851011e-08,-0.0005752585
2.861011e-08,-0.00058531135
2.871011e-08,-0.00059751838
2.881011e-08,-0.00060828929
2.891011e-08,-0.00061618796
2.901011e-08,-0.0006190602
2.911011e-08,-0.00062049632
2.921011e-08,-0.00062265051
2.931011e-08,-0.00062767693
2.941011e-08,-0.00063485754
2.951011e-08,-0.00064347426
2.961011e-08,-0.00065209099
2.971011e-08,-0.0006592716
2.981011e-08,-0.00066717027
2.991011e-08,-0.00067794118
3.001011e-08,-0.00069373851
3.011011e-08,-0.00071528033
3.021011e-08,-0.00074184858
3.031011e-08,-0.00076985294
3.041011e-08,-0.00079498506
3.051011e-08,-0.00081293658
3.061011e-08,-0.00082370749
3.071011e-08,-0.00082729779
3.081011e-08,-0.00082729779
3.091011e-08,-0.00082729779
3.101011e-08,-0.0008308881
3.111011e-08,-0.00083878676
3.121011e-08,-0.00085027574
3.131011e-08,-0.00086391889
3.141011e-08,-0.00087612592
3.151011e-08,-0.00088474265
3.161011e-08,-0.00088976907
3.171011e-08,-0.00089192325
3.181011e-08,-0.00089335937
3.191011e-08,-0.00089623162
3.201011e-08,-0.00090341222
3.211011e-08,-0.00091418313
3.221011e-08,-0.00092854435
3.231011e-08,-0.0009421875
3.241011e-08,-0.00095295841
3.251011e-08,-0.00095798483
3.261011e-08,-0.00095798483
3.271011e-08,-0.00095367647
3.281011e-08,-0.00094865005
3.291011e-08,-0.00094649586
3.301011e-08,-0.00094793199
3.311011e-08,-0.00095367647
3.321011e-08,-0.00096085708
3.331011e-08,-0.0009658835
3.341011e-08,-0.00096731962
3.351011e-08,-0.00096516544
3.361011e-08,-0.00096157514
3.371011e-08,-0.00096085708
3.381011e-08,-0.0009658835
3.391011e-08,-0.00097665441
3.401011e-08,-0.00099101563
3.411011e-08,-0.0010046588
3.421011e-08,-0.0010125574
3.431011e-08,-0.0010111213
3.441011e-08,-0.0010010685
3.451011e-08,-0.00098670726
3.461011e-08,-0.00097306411
3.471011e-08,-0.00096516544
3.481011e-08,-0.00096372932
3.491011e-08,-0.00096803768
3.501011e-08,-0.00097306411
3.511011e-08,-0.00097665441
3.521011e-08,-0.00097593635
3.531011e-08,-0.00097162799
3.541011e-08,-0.00096660156
3.551011e-08,-0.00096516544
3.561011e-08,-0.00096803768
3.571011e-08,-0.00097521829
3.581011e-08,-0.00098311696
3.591011e-08,-0.00098814338
3.601011e-08,-0.00098886144
3.611011e-08,-0.00098527114
3.621011e-08,-0.00098024472
3.631011e-08,-0.00097665441
3.641011e-08,-0.00097737247
3.651011e-08,-0.00098311696
3.661011e-08,-0.00099173369
3.671011e-08,-0.00099963235
3.681011e-08,-0.0010046588
3.691011e-08,-0.0010060949
3.701011e-08,-0.0010032227
3.711011e-08,-0.00099963235
3.721011e-08,-0.00099676011
3.731011e-08,-0.00099604205
3.741011e-08,-0.00099747817
3.751011e-08,-0.00099963235
3.761011e-08,-0.0010017865
3.771011e-08,-0.0010025046
3.781011e-08,-0.0010017865
3.791011e-08,-0.00099963235
3.801011e-08,-0.00099747817
3.811011e-08,-0.00099460593
3.821011e-08,-0.00099173369
3.831011e-08,-0.00098814338
3.841011e-08,-0.00098455308
3.851011e-08,-0.00098096278
3.861011e-08,-0.00097880859
3.871011e-08,-0.00097665441
3.881011e-08,-0.00097521829
3.891011e-08,-0.00097306411
3.901011e-08,-0.00097019187
3.911011e-08,-0.00096516544
3.921011e-08,-0.00096013902
3.931011e-08,-0.00095726677
3.941011e-08,-0.0009587029
3.951011e-08,-0.00096516544
3.961011e-08,-0.00097521829
3.971011e-08,-0.00098670726
3.981011e-08,-0.00099532399
3.991011e-08,-0.00099963235
4.001011e-08,-0.00099819623
4.011011e-08,-0.00099316981
4.021011e-08,-0.00098886144
4.031011e-08,-0.00098814338
4.041011e-08,-0.00099388787
4.051011e-08,-0.0010046588
4.061011e-08,-0.0010197381
4.071011e-08,-0.0010340993
4.081011e-08,-0.0010455882
4.091011e-08,-0.0010527688
4.101011e-08,-0.0010563591
4.111011e-08,-0.0010570772
4.121011e-08,-0.0010570772
4.131011e-08,-0.0010570772
4.141011e-08,-0.0010570772
4.151011e-08,-0.0010570772
4.161011e-08,-0.0010563591
4.171011e-08,-0.0010556411
4.181011e-08,-0.0010556411
4.191011e-08,-0.0010570772
4.201011e-08,-0.0010599494
4.211011e-08,-0.0010635398
4.221011e-08,-0.001066412
4.231011e-08,-0.0010685662
4.241011e-08,-0.0010692842
4.251011e-08,-0.0010692842
4.261011e-08,-0.0010685662
4.271011e-08,-0.0010685662
4.281011e-08,-0.0010671301
4.291011e-08,-0.0010635398
4.301011e-08,-0.0010563591
4.311011e-08,-0.0010455882
4.321011e-08,-0.0010326631
4.331011e-08,-0.0010226103
4.341011e-08,-0.0010183019
4.351011e-08,-0.0010226103
4.361011e-08,-0.0010348173
4.371011e-08,-0.0010506147
4.381011e-08,-0.0010635398
4.391011e-08,-0.0010685662
4.401011e-08,-0.0010621036
4.411011e-08,-0.0010463063
4.421011e-08,-0.0010269187
4.431011e-08,-0.0010111213
4.441011e-08,-0.0010053768
4.451011e-08,-0.0010125574
4.461011e-08,-0.0010276367
4.471011e-08,-0.0010455882
4.481011e-08,-0.0010577953
4.491011e-08,-0.0010592314
4.501011e-08,-0.0010498966
4.511011e-08,-0.0010340993
4.521011e-08,-0.00101902
4.531011e-08,-0.0010125574
4.541011e-08,-0.0010183019
4.551011e-08,-0.0010340993
4.561011e-08,-0.0010556411
4.571011e-08,-0.0010757468
4.581011e-08,-0.0010886719
4.591011e-08,-0.0010915441
4.601011e-08,-0.0010872358
4.611011e-08,-0.0010800551
4.621011e-08,-0.0010764648
4.631011e-08,-0.0010800551
4.641011e-08,-0.0010915441
4.651011e-08,-0.0011087776
4.661011e-08,-0.001125293
4.671011e-08,-0.0011375
4.681011e-08,-0.0011425264
4.691011e-08,-0.0011418084
4.701011e-08,-0.0011389361
4.711011e-08,-0.0011375
4.721011e-08,-0.0011418084
4.731011e-08,-0.0011540154
4.741011e-08,-0.001172685
4.751011e-08,-0.0011949449
4.761011e-08,-0.0012179228
4.771011e-08,-0.0012380285
4.781011e-08,-0.0012538258
4.791011e-08,-0.0012638787
4.801011e-08,-0.0012696232
4.811011e-08,-0.0012724954
4.821011e-08,-0.0012732135
4.831011e-08,-0.0012753676
4.841011e-08,-0.001279676
4.851011e-08,-0.0012890108
4.861011e-08,-0.001302654
4.871011e-08,-0.0013213235
4.881011e-08,-0.0013428653
4.891011e-08,-0.0013636891
4.901011e-08,-0.0013809226
4.911011e-08,-0.0013902574
4.921011e-08,-0.0013916935
4.931011e-08,-0.0013881032
4.941011e-08,-0.0013816406
4.951011e-08,-0.0013787684
4.961011e-08,-0.0013830767
4.971011e-08,-0.0013960018
4.981011e-08,-0.0014153895
4.991011e-08,-0.0014362132
5.001011e-08,-0.0014527286
5.011011e-08,-0.0014606273
5.021011e-08,-0.0014577551
5.031011e-08,-0.0014477022
5.041011e-08,-0.0014347771
5.051011e-08,-0.0014261604
5.061011e-08,-0.0014261604
5.071011e-08,-0.0014362132
5.081011e-08,-0.0014548828
5.091011e-08,-0.0014778608
5.101011e-08,-0.0015001206
5.111011e-08,-0.001516636
5.121011e-08,-0.0015259708
5.131011e-08,-0.001528125
5.141011e-08,-0.0015245347
5.151011e-08,-0.001516636
5.161011e-08,-0.0015080193
5.171011e-08,-0.0014994026
5.181011e-08,-0.0014943761
5.191011e-08,-0.0014936581
5.201011e-08,-0.0014986845
5.211011e-08,-0.0015094554
5.221011e-08,-0.0015245347
5.231011e-08,-0.001539614
5.241011e-08,-0.0015503849
5.251011e-08,-0.0015539752
5.261011e-08,-0.0015496668
5.271011e-08,-0.001539614
5.281011e-08,-0.0015295611
5.291011e-08,-0.0015259708
5.301011e-08,-0.0015331514
5.311011e-08,-0.0015511029
5.321011e-08,-0.0015762351
5.331011e-08,-0.0016013672
5.341011e-08,-0.0016214729
5.351011e-08,-0.0016315257
5.361011e-08,-0.0016329619
5.371011e-08,-0.0016308077
5.381011e-08,-0.0016286535
5.391011e-08,-0.0016315257
5.401011e-08,-0.0016379883
5.411011e-08,-0.0016451689
5.421011e-08,-0.0016480411
5.431011e-08,-0.0016430147
5.441011e-08,-0.0016308077
5.451011e-08,-0.0016150103
5.461011e-08,-0.0016028033
5.471011e-08,-0.0015970588
5.481011e-08,-0.0016006491
5.491011e-08,-0.001610702
5.501011e-08,-0.0016221909
5.511011e-08,-0.0016315257
5.521011e-08,-0.0016365522
5.531011e-08,-0.0016379883
5.541011e-08,-0.0016387063
5.551011e-08,-0.0016430147
5.561011e-08,-0.0016501953
5.571011e-08,-0.001658812
5.581011e-08,-0.0016652746
5.591011e-08,-0.0016659926
5.601011e-08,-0.0016616843
5.611011e-08,-0.0016552217
5.621011e-08,-0.0016516314
5.631011e-08,-0.0016545037
5.641011e-08,-0.0016652746
5.651011e-08,-0.0016796358
5.661011e-08,-0.001693279
5.671011e-08,-0.0017004596
5.681011e-08,-0.0016997415
5.691011e-08,-0.0016954331
5.701011e-08,-0.001693279
5.711011e-08,-0.0017004596
5.721011e-08,-0.0017191291
5.731011e-08,-0.0017471335
5.741011e-08,-0.0017780101
5.751011e-08,-0.0018038603
5.761011e-08,-0.0018182215
5.771011e-08,-0.0018218118
5.781011e-08,-0.0018182215
5.791011e-08,-0.0018153493
5.801011e-08,-0.0018189396
5.811011e-08,-0.0018318647
5.821011e-08,-0.0018519704
5.831011e-08,-0.0018727941
5.841011e-08,-0.0018893095
5.851011e-08,-0.0018972082
5.861011e-08,-0.0018986443
5.871011e-08,-0.0018957721
5.881011e-08,-0.0018936179
5.891011e-08,-0.0018957721
5.901011e-08,-0.0019007985
5.911011e-08,-0.001907261
5.921011e-08,-0.0019108513
5.931011e-08,-0.0019094152
5.941011e-08,-0.0019029527
5.951011e-08,-0.0018957721
5.961011e-08,-0.0018907456
5.971011e-08,-0.0018928998
5.981011e-08,-0.0019022346
5.991011e-08,-0.00191875
6.001011e-08,-0.0019388557
6.011011e-08,-0.0019589614
6.021011e-08,-0.0019761949
6.031011e-08,-0.0019876838
6.041011e-08,-0.0019927102
6.051011e-08,-0.0019919922
6.061011e-08,-0.0019862477
6.071011e-08,-0.0019761949
6.081011e-08,-0.0019647059
6.091011e-08,-0.0019532169
6.101011e-08,-0.0019453182
6.111011e-08,-0.0019417279
6.121011e-08,-0.0019431641
6.131011e-08,-0.0019481905
6.141011e-08,-0.0019560892
6.151011e-08,-0.0019647059
6.161011e-08,-0.0019718865
6.171011e-08,-0.001977631
6.181011e-08,-0.0019826574
6.191011e-08,-0.0019876838
6.201011e-08,-0.0019934283
6.211011e-08,-0.002001327
6.221011e-08,-0.0020106618
6.231011e-08,-0.0020221507
6.241011e-08,-0.0020350758
6.251011e-08,-0.002048719
6.261011e-08,-0.002060926
6.271011e-08,-0.0020681066
6.281011e-08,-0.0020688247
6.291011e-08,-0.0020623621
6.301011e-08,-0.002049437
6.311011e-08,-0.0020336397
6.321011e-08,-0.0020207146
6.331011e-08,-0.0020142521
6.341011e-08,-0.0020156882
6.351011e-08,-0.0020221507
6.361011e-08,-0.0020286133
6.371011e-08,-0.0020286133
6.381011e-08,-0.0020185604
6.391011e-08,-0.0019991728
6.401011e-08,-0.0019754768
6.411011e-08,-0.001954653
6.421011e-08,-0.0019431641
6.431011e-08,-0.0019417279
6.441011e-08,-0.0019481905
6.451011e-08,-0.001954653
6.461011e-08,-0.0019575253
6.471011e-08,-0.0019532169
6.481011e-08,-0.0019460363
6.491011e-08,-0.001942446
6.501011e-08,-0.0019481905
6.511011e-08,-0.0019647059
6.521011e-08,-0.0019869658
6.531011e-08,-0.0020049173
6.541011e-08,-0.0020106618
6.551011e-08,-0.0019991728
6.561011e-08,-0.0019754768
6.571011e-08,-0.0019481905
6.581011e-08,-0.001930957
6.591011e-08,-0.001930239
6.601011e-08,-0.0019460363
6.611011e-08,-0.0019704504
6.621011e-08,-0.0019912741
6.631011e-08,-0.0019991728
6.641011e-08,-0.0019919922
6.651011e-08,-0.0019747587
6.661011e-08,-0.0019589614
6.671011e-08,-0.0019532169
6.681011e-08,-0.0019618336
6.691011e-08,-0.0019805032
6.701011e-08,-0.0019998909
6.711011e-08,-0.0020106618
6.721011e-08,-0.0020085076
6.731011e-08,-0.0019963006
6.741011e-08,-0.0019826574
6.751011e-08,-0.0019761949
6.761011e-08,-0.0019833755
6.771011e-08,-0.002001327
6.781011e-08,-0.002025023
6.791011e-08,-0.0020451287
6.801011e-08,-0.0020566176
6.811011e-08,-0.002060926
6.821011e-08,-0.0020623621
6.831011e-08,-0.0020681066
6.841011e-08,-0.0020817498
6.851011e-08,-0.0021025735
6.861011e-08,-0.0021226792
6.871011e-08,-0.0021370404
6.881011e-08,-0.0021413488
6.891011e-08,-0.0021384766
6.901011e-08,-0.0021348863
6.911011e-08,-0.0021370404
6.921011e-08,-0.0021492475
6.931011e-08,-0.0021693532
6.941011e-08,-0.002190895
6.951011e-08,-0.0022059743
6.961011e-08,-0.0022102826
6.971011e-08,-0.0022045381
6.981011e-08,-0.0021966395
6.991011e-08,-0.0021944853
7.001011e-08,-0.002203102
7.011011e-08,-0.0022217716
7.021011e-08,-0.0022447495
7.031011e-08,-0.0022634191
7.041011e-08,-0.0022720358
7.051011e-08,-0.0022691636
7.061011e-08,-0.0022598288
7.071011e-08,-0.0022519301
7.081011e-08,-0.0022519301
7.091011e-08,-0.002261983
7.101011e-08,-0.0022799345
7.111011e-08,-0.002297886
7.121011e-08,-0.0023108111
7.131011e-08,-0.0023158375
7.141011e-08,-0.0023136834
7.151011e-08,-0.002309375
7.161011e-08,-0.0023065028
7.171011e-08,-0.0023065028
7.181011e-08,-0.0023086569
7.191011e-08,-0.002309375
7.201011e-08,-0.0023057847
7.211011e-08,-0.002297168
7.221011e-08,-0.002285679
7.231011e-08,-0.0022749081
7.241011e-08,-0.0022677275
7.251011e-08,-0.0022641372
7.261011e-08,-0.0022641372
7.271011e-08,-0.0022634191
7.281011e-08,-0.0022612649
7.291011e-08,-0.0022569566
7.301011e-08,-0.0022526482
7.311011e-08,-0.0022519301
7.321011e-08,-0.0022555205
7.331011e-08,-0.0022612649
7.341011e-08,-0.0022648552
7.351011e-08,-0.0022634191
7.361011e-08,-0.0022533663
7.371011e-08,-0.0022354148
7.381011e-08,-0.0022138729
7.391011e-08,-0.0021944853
7.401011e-08,-0.0021815602
7.411011e-08,-0.0021758157
7.421011e-08,-0.0021736615
7.431011e-08,-0.0021715074
7.441011e-08,-0.0021628906
7.451011e-08,-0.0021463752
7.461011e-08,-0.0021212431
7.471011e-08,-0.0020910846
7.481011e-08,-0.0020587718
7.491011e-08,-0.0020278952
7.501011e-08,-0.0019970186
7.511011e-08,-0.0019647059
7.521011e-08,-0.0019280848
7.531011e-08,-0.0018857192
7.541011e-08,-0.001835455
7.551011e-08,-0.0017808824
7.561011e-08,-0.0017227194
7.571011e-08,-0.0016645565
7.581011e-08,-0.0016071117
7.591011e-08,-0.0015511029
7.601011e-08,-0.0014950942
7.611011e-08,-0.0014376494
7.621011e-08,-0.0013766142
7.631011e-08,-0.0013098346
7.641011e-08,-0.0012358743
7.651011e-08,-0.0011561696
7.661011e-08,-0.0010721565
7.671011e-08,-0.00098814338
7.681011e-08,-0.00090772059
7.691011e-08,-0.00083376034
7.701011e-08,-0.00076554458
7.711011e-08,-0.00070091912
7.721011e-08,-0.00063342142
7.731011e-08,-0.00055802505
7.741011e-08,-0.00047257583
7.751011e-08,-0.00037922794
7.761011e-08,-0.00028516199
7.771011e-08,-0.00019827665
7.781011e-08,-0.00012575253
7.791011e-08,-6.9025735e-05
7.801011e-08,-2.3787914e-05
7.811011e-08,1.7859605e-05
7.821011e-08,6.668773e-05
7.831011e-08,0.00012628676
7.841011e-08,0.00019665671
7.851011e-08,0.0002698989
7.861011e-08,0.0003373966
7.871011e-08,0.00039053309
7.881011e-08,0.00042715418
7.891011e-08,0.00045013212
7.901011e-08,0.00046592946
7.911011e-08,0.00048244485
7.921011e-08,0.00050255055
7.931011e-08,0.00052696461
7.941011e-08,0.00055209674
7.951011e-08,0.00057435662
7.961011e-08,0.00059302619
7.971011e-08,0.00060882353
7.981011e-08,0.00062533892
7.991011e-08,0.00064329044
8.001011e-08,0.00066196002
8.011011e-08,0.00067703929
8.021011e-08,0.00068350184
8.031011e-08,0.00067775735
8.041011e-08,0.00066267808
8.051011e-08,0.00064472656
8.061011e-08,0.00063180147
8.071011e-08,0.00063180147
8.081011e-08,0.00064472656
8.091011e-08,0.0006641142
8.101011e-08,0.00068206572
8.111011e-08,0.00068924632
8.121011e-08,0.00068206572
8.131011e-08,0.0006641142
8.141011e-08,0.00064472656
8.151011e-08,0.00063180147
8.161011e-08,0.00063180147
8.171011e-08,0.00064329044
8.181011e-08,0.00065765165
8.191011e-08,0.00066626838
8.201011e-08,0.0006605239
8.211011e-08,0.00063970014
8.221011e-08,0.00060738741
8.231011e-08,0.00057435662
8.241011e-08,0.00054922449
8.251011e-08,0.00053845358
8.261011e-08,0.00054060777
8.271011e-08,0.00055137868
8.281011e-08,0.00056430377
8.291011e-08,0.00057363856
8.301011e-08,0.00057722886
8.311011e-08,0.00057435662
8.321011e-08,0.00056789407
8.331011e-08,0.00055927734
8.341011e-08,0.00054994256
8.351011e-08,0.00053988971
8.361011e-08,0.00052840074
8.371011e-08,0.0005161937
8.381011e-08,0.00050398667
8.391011e-08,0.00049393382
8.401011e-08,0.0004853171
8.411011e-08,0.00047741843
8.421011e-08,0.00046951976
8.431011e-08,0.00045946691
8.441011e-08,0.000448696
8.451011e-08,0.00043936121
8.461011e-08,0.00043433479
8.471011e-08,0.00043648897
8.481011e-08,0.00044438764
8.491011e-08,0.00045372243
8.501011e-08,0.00046090303
8.511011e-08,0.00045946691
8.521011e-08,0.00044941406
8.531011e-08,0.00043218061
8.541011e-08,0.00041422909
8.551011e-08,0.00040202206
8.561011e-08,0.00039843176
8.571011e-08,0.00040417624
8.581011e-08,0.00041494715
8.591011e-08,0.000425
8.601011e-08,0.00043002642
8.611011e-08,0.00042787224
8.621011e-08,0.00042069164
8.631011e-08,0.00041351103
8.641011e-08,0.0004084846
8.651011e-08,0.00040704848
8.661011e-08,0.00040561236
8.671011e-08,0.00040202206
8.681011e-08,0.00039196921
8.691011e-08,0.00037473575
8.701011e-08,0.00035319393
8.711011e-08,0.00033308824
8.721011e-08,0.00031872702
8.731011e-08,0.00031298254
8.741011e-08,0.00031513672
8.751011e-08,0.00032159926
8.761011e-08,0.00032662569
8.771011e-08,0.00032662569
8.781011e-08,0.00032016314
8.791011e-08,0.00031011029
8.801011e-08,0.00030005744
8.811011e-08,0.00029431296
8.821011e-08,0.00029431296
8.831011e-08,0.00029862132
8.841011e-08,0.00030292969
8.851011e-08,0.00030221163
8.861011e-08,0.0002935949
8.871011e-08,0.00027564338
8.881011e-08,0.00025194738
8.891011e-08,0.00022681526
8.901011e-08,0.00020670956
8.911011e-08,0.00019522059
8.921011e-08,0.00019378447
8.931011e-08,0.00020024701
8.941011e-08,0.00021029986
8.951011e-08,0.00021819853
8.961011e-08,0.00021891659
8.971011e-08,0.0002095818
8.981011e-08,0.00019306641
8.991011e-08,0.00017224265
9.001011e-08,0.00015213695
9.011011e-08,0.00013777574
9.021011e-08,0.00012915901
9.031011e-08,0.00012628676
9.041011e-08,0.00012485064
9.051011e-08,0.0001219784
9.061011e-08,0.00011407973
9.071011e-08,0.00010330882
9.081011e-08,9.2537914e-05
9.091011e-08,8.5357307e-05
9.101011e-08,8.5357307e-05
9.111011e-08,9.1819853e-05
9.121011e-08,0.0001018727
9.131011e-08,0.00010905331
9.141011e-08,0.00011048943
9.151011e-08,0.00010330882
9.161011e-08,9.0383732e-05
9.171011e-08,7.6022518e-05
9.181011e-08,6.8123851e-05
9.191011e-08,6.8841912e-05
9.201011e-08,7.8894761e-05
9.211011e-08,9.3974035e-05
9.221011e-08,0.00010761719
9.231011e-08,0.00011479779
9.241011e-08,0.00011264361
9.251011e-08,0.00010330882
9.261011e-08,9.1101792e-05
9.271011e-08,8.0330882e-05
9.281011e-08,7.5304458e-05
9.291011e-08,7.745864e-05
9.301011e-08,8.3921186e-05
9.311011e-08,9.1819853e-05
9.321011e-08,9.8282399e-05
9.331011e-08,0.0001018727
9.341011e-08,0.00010330882
9.351011e-08,0.00010330882
9.361011e-08,0.00010330882
9.371011e-08,0.00010259076
9.381011e-08,0.00010330882
9.391011e-08,0.00010330882
9.401011e-08,0.00010402688
9.411011e-08,0.00010618107
9.421011e-08,0.00011048943
9.431011e-08,0.00011479779
9.441011e-08,0.00011767004
9.451011e-08,0.00011551585
9.461011e-08,0.00010689913
9.471011e-08,9.1819853e-05
9.481011e-08,7.3868336e-05
9.491011e-08,5.7352941e-05
9.501011e-08,4.7300092e-05
9.511011e-08,4.5863971e-05
9.521011e-08,5.0172335e-05
9.531011e-08,5.591682e-05
9.541011e-08,5.5198759e-05
9.551011e-08,4.5863971e-05
9.561011e-08,2.7912454e-05
9.571011e-08,5.6525735e-06
9.581011e-08,-1.3017004e-05
9.591011e-08,-2.3069853e-05
9.601011e-08,-2.2351792e-05
9.611011e-08,-1.5171186e-05
9.621011e-08,-9.4267004e-06
9.631011e-08,-1.1580882e-05
9.641011e-08,-2.6660156e-05
9.651011e-08,-5.3946461e-05
9.661011e-08,-8.6259191e-05
9.671011e-08,-0.00011498162
9.681011e-08,-0.00013293313
9.691011e-08,-0.0001372415
9.701011e-08,-0.00012934283
9.711011e-08,-0.00011498162
9.721011e-08,-0.00010133847
9.731011e-08,-9.4157858e-05
9.741011e-08,-9.4875919e-05
9.751011e-08,-0.00010349265
9.761011e-08,-0.0001171358
9.771011e-08,-0.00013436926
9.781011e-08,-0.00015303883
9.791011e-08,-0.00017242647
9.801011e-08,-0.00019109605
9.811011e-08,-0.0002083295
9.821011e-08,-0.0002212546
9.831011e-08,-0.00022987132
9.841011e-08,-0.00023417969
9.851011e-08,-0.00023705193
9.861011e-08,-0.00024207835
9.871011e-08,-0.00025284926
9.881011e-08,-0.00027151884
9.891011e-08,-0.0002959329
9.901011e-08,-0.00032178309
9.911011e-08,-0.00034476103
9.921011e-08,-0.00036055836
9.931011e-08,-0.00036917509
9.941011e-08,-0.00037348346
9.951011e-08,-0.00037922794
9.961011e-08,-0.00039071691
9.971011e-08,-0.00040938649
9.981011e-08,-0.00043380055
9.991011e-08,-0.00045965074
1.000101e-07,-0.00048047449
1.001101e-07,-0.00049339959
1.002101e-07,-0.00049698989
1.003101e-07,-0.00049411765
1.004101e-07,-0.00048909122
1.005101e-07,-0.00048550092
1.006101e-07,-0.00048334674
1.007101e-07,-0.00048262868
1.008101e-07,-0.00047903837
1.009101e-07,-0.00047185777
1.010101e-07,-0.0004603688
1.011101e-07,-0.00044816176
1.012101e-07,-0.0004402631
1.013101e-07,-0.00043954504
1.014101e-07,-0.0004474437
1.015101e-07,-0.00045965074
1.016101e-07,-0.00046970358
1.017101e-07,-0.00047042165
1.018101e-07,-0.00045893267
1.019101e-07,-0.00043667279
1.020101e-07,-0.00040938649
1.021101e-07,-0.00038712661
1.022101e-07,-0.00037563764
1.023101e-07,-0.00037922794
1.024101e-07,-0.00039502528
1.025101e-07,-0.00041513097
1.026101e-07,-0.00043092831
1.027101e-07,-0.00043667279
1.028101e-07,-0.00043092831
1.029101e-07,-0.0004165671
1.030101e-07,-0.00040076976
1.031101e-07,-0.00039071691
1.032101e-07,-0.00038856273
1.033101e-07,-0.00039502528
1.034101e-07,-0.00040507812
1.035101e-07,-0.00041369485
1.036101e-07,-0.00041872128
1.037101e-07,-0.00042087546
1.038101e-07,-0.00042159352
1.039101e-07,-0.00042518382
1.040101e-07,-0.00043380055
1.041101e-07,-0.00044672564
1.042101e-07,-0.0004603688
1.043101e-07,-0.00047113971
1.044101e-07,-0.00047688419
1.045101e-07,-0.00047760225
1.046101e-07,-0.00047832031
1.047101e-07,-0.00048262868
1.048101e-07,-0.00049555377
1.049101e-07,-0.00051709559
1.050101e-07,-0.00054509995
1.051101e-07,-0.00057454044
1.052101e-07,-0.00059967256
1.053101e-07,-0.00061762408
1.054101e-07,-0.00062767693
1.055101e-07,-0.00063198529
1.056101e-07,-0.00063342142
1.057101e-07,-0.0006355756
1.058101e-07,-0.0006391659
1.059101e-07,-0.00064347426
1.060101e-07,-0.00064706457
1.061101e-07,-0.00064850069
1.062101e-07,-0.00064706457
1.063101e-07,-0.00064347426
1.064101e-07,-0.00063988396
1.065101e-07,-0.00063772978
1.066101e-07,-0.0006391659
1.067101e-07,-0.00064347426
1.068101e-07,-0.00065065487
1.069101e-07,-0.00065998966
1.070101e-07,-0.00066932445
1.071101e-07,-0.00067794118
1.072101e-07,-0.00068440372
1.073101e-07,-0.00068727597
1.074101e-07,-0.00068512178
1.075101e-07,-0.00067794118
1.076101e-07,-0.00066717027
1.077101e-07,-0.00065424517
1.078101e-07,-0.00064132008
1.079101e-07,-0.00063198529
1.080101e-07,-0.00062624081
1.081101e-07,-0.00062552275
1.082101e-07,-0.00062767693
1.083101e-07,-0.00063198529
1.084101e-07,-0.00063701172
1.085101e-07,-0.00064060202
1.086101e-07,-0.0006427562
1.087101e-07,-0.00064347426
1.088101e-07,-0.00064203814
1.089101e-07,-0.00063844784
1.090101e-07,-0.00063485754
1.091101e-07,-0.00063198529
1.092101e-07,-0.00063270335
1.093101e-07,-0.00063844784
1.094101e-07,-0.00065065487
1.095101e-07,-0.00066645221
1.096101e-07,-0.0006829676
1.097101e-07,-0.00069661075
1.098101e-07,-0.0007030733
1.099101e-07,-0.00070091912
1.100101e-07,-0.00069230239
1.101101e-07,-0.00068153148
1.102101e-07,-0.00067147863
1.103101e-07,-0.00066645221
1.104101e-07,-0.00066645221
1.105101e-07,-0.00066860639
1.106101e-07,-0.00066932445
1.107101e-07,-0.00066645221
1.108101e-07,-0.00065855354
1.109101e-07,-0.00064706457
1.110101e-07,-0.00063701172
1.111101e-07,-0.00063198529
1.112101e-07,-0.00063342142
1.113101e-07,-0.00063988396
1.114101e-07,-0.00064850069
1.115101e-07,-0.00065496324
1.116101e-07,-0.00065639936
1.117101e-07,-0.00065280905
1.118101e-07,-0.00064778263
1.119101e-07,-0.00064347426
1.120101e-07,-0.00064491039
1.121101e-07,-0.00065209099
1.122101e-07,-0.00066429802
1.123101e-07,-0.00067794118
1.124101e-07,-0.00068943015
1.125101e-07,-0.00069732881
1.126101e-07,-0.00070091912
1.127101e-07,-0.00070091912
1.128101e-07,-0.00070091912
1.129101e-07,-0.00070235524
1.130101e-07,-0.00070594554
1.131101e-07,-0.00071240809
1.132101e-07,-0.00071958869
1.133101e-07,-0.00072820542
1.134101e-07,-0.00073682215
1.135101e-07,-0.000746875
1.136101e-07,-0.00075836397
1.137101e-07,-0.000770571
1.138101e-07,-0.00078277803
1.139101e-07,-0.00079283088
1.140101e-07,-0.00079857537
1.141101e-07,-0.00080001149
1.142101e-07,-0.00079785731
1.143101e-07,-0.00079283088
1.144101e-07,-0.00078924058
1.145101e-07,-0.00078924058
1.146101e-07,-0.000794267
1.147101e-07,-0.00080431985
1.148101e-07,-0.00081796301
1.149101e-07,-0.00083232422
1.150101e-07,-0.00084381319
1.151101e-07,-0.00085027574
1.152101e-07,-0.00084955767
1.153101e-07,-0.00084237707
1.154101e-07,-0.00082945198
1.155101e-07,-0.00081580882
1.156101e-07,-0.00080431985
1.157101e-07,-0.00079929343
1.158101e-07,-0.00080288373
1.159101e-07,-0.00081580882
1.160101e-07,-0.00083663258
1.161101e-07,-0.00086176471
1.162101e-07,-0.00088617877
1.163101e-07,-0.00090772059
1.164101e-07,-0.00092279986
1.165101e-07,-0.00093285271
1.166101e-07,-0.00093787914
1.167101e-07,-0.0009421875
1.168101e-07,-0.00094721392
1.169101e-07,-0.00095511259
1.170101e-07,-0.0009658835
1.171101e-07,-0.00097665441
1.172101e-07,-0.00098670726
1.173101e-07,-0.00099388787
1.174101e-07,-0.00099747817
1.175101e-07,-0.00099963235
1.176101e-07,-0.0010017865
1.177101e-07,-0.0010053768
1.178101e-07,-0.0010125574
1.179101e-07,-0.0010226103
1.180101e-07,-0.0010355354
1.181101e-07,-0.0010484605
1.182101e-07,-0.0010599494
1.183101e-07,-0.0010685662
1.184101e-07,-0.0010743107
1.185101e-07,-0.0010771829
1.186101e-07,-0.001078619
1.187101e-07,-0.0010800551
1.188101e-07,-0.0010829274
1.189101e-07,-0.0010879538
1.190101e-07,-0.0010944164
1.191101e-07,-0.0011030331
1.192101e-07,-0.0011116498
1.193101e-07,-0.0011195485
1.194101e-07,-0.0011245749
1.195101e-07,-0.001126011
1.196101e-07,-0.0011231388
1.197101e-07,-0.0011166762
1.198101e-07,-0.0011094956
1.199101e-07,-0.0011030331
1.200101e-07,-0.0011001608
1.201101e-07,-0.001101597
1.202101e-07,-0.0011073415
1.203101e-07,-0.0011145221
1.204101e-07,-0.0011202665
1.205101e-07,-0.0011217027
1.206101e-07,-0.0011188304
1.207101e-07,-0.0011145221
1.208101e-07,-0.0011109318
1.209101e-07,-0.0011116498
1.210101e-07,-0.0011166762
1.211101e-07,-0.001126011
1.212101e-07,-0.0011353458
1.213101e-07,-0.0011403722
1.214101e-07,-0.0011403722
1.215101e-07,-0.0011375
1.216101e-07,-0.0011360639
1.217101e-07,-0.0011410903
1.218101e-07,-0.0011568876
1.219101e-07,-0.0011834559
1.220101e-07,-0.0012150506
1.221101e-07,-0.001244491
1.222101e-07,-0.0012653148
1.223101e-07,-0.0012753676
1.224101e-07,-0.0012760857
1.225101e-07,-0.0012746496
1.226101e-07,-0.0012768038
1.227101e-07,-0.0012868566
1.228101e-07,-0.0013048081
1.229101e-07,-0.0013256319
1.230101e-07,-0.0013443015
1.231101e-07,-0.0013557904
1.232101e-07,-0.0013608169
1.233101e-07,-0.001362253
1.234101e-07,-0.0013672794
1.235101e-07,-0.0013787684
1.236101e-07,-0.001397438
1.237101e-07,-0.0014182617
1.238101e-07,-0.0014369313
1.239101e-07,-0.0014477022
1.240101e-07,-0.0014505744
1.241101e-07,-0.0014498564
1.242101e-07,-0.0014512925
1.243101e-07,-0.0014591912
1.244101e-07,-0.0014742705
1.245101e-07,-0.00149294
1.246101e-07,-0.0015087374
1.247101e-07,-0.001516636
1.248101e-07,-0.001515918
1.249101e-07,-0.0015094554
1.250101e-07,-0.001504429
1.251101e-07,-0.0015051471
1.252101e-07,-0.0015151999
1.253101e-07,-0.0015309972
1.254101e-07,-0.0015489488
1.255101e-07,-0.0015625919
1.256101e-07,-0.0015704906
1.257101e-07,-0.0015740809
1.258101e-07,-0.0015776712
1.259101e-07,-0.0015855699
1.260101e-07,-0.0015977769
1.261101e-07,-0.0016128562
1.262101e-07,-0.0016250632
1.263101e-07,-0.0016315257
1.264101e-07,-0.0016308077
1.265101e-07,-0.0016272174
1.266101e-07,-0.0016264993
1.267101e-07,-0.0016315257
1.268101e-07,-0.0016437328
1.269101e-07,-0.0016595301
1.270101e-07,-0.0016724552
1.271101e-07,-0.0016774816
1.272101e-07,-0.0016753274
1.273101e-07,-0.001669583
1.274101e-07,-0.0016688649
1.275101e-07,-0.0016774816
1.276101e-07,-0.0016968693
1.277101e-07,-0.0017205653
1.278101e-07,-0.0017399529
1.279101e-07,-0.0017464154
1.280101e-07,-0.0017377987
1.281101e-07,-0.0017184111
1.282101e-07,-0.0016983054
1.283101e-07,-0.0016889706
1.284101e-07,-0.0016961512
1.285101e-07,-0.0017198472
1.286101e-07,-0.0017521599
1.287101e-07,-0.0017808824
1.288101e-07,-0.0017981158
1.289101e-07,-0.0018009881
1.290101e-07,-0.0017930894
1.291101e-07,-0.0017808824
1.292101e-07,-0.0017722656
1.293101e-07,-0.0017715476
1.294101e-07,-0.0017758559
1.295101e-07,-0.0017808824
1.296101e-07,-0.0017823185
1.297101e-07,-0.001777292
1.298101e-07,-0.0017679573
1.299101e-07,-0.0017579044
1.300101e-07,-0.0017507238
1.301101e-07,-0.0017485696
1.302101e-07,-0.0017478516
1.303101e-07,-0.0017464154
1.304101e-07,-0.001740671
1.305101e-07,-0.0017306181
1.306101e-07,-0.0017191291
1.307101e-07,-0.0017119485
1.308101e-07,-0.0017119485
1.309101e-07,-0.0017205653
1.310101e-07,-0.0017334903
1.311101e-07,-0.0017464154
1.312101e-07,-0.001752878
1.313101e-07,-0.0017500057
1.314101e-07,-0.0017385168
1.315101e-07,-0.0017234375
1.316101e-07,-0.0017097943
1.317101e-07,-0.0017011776
1.318101e-07,-0.0016990234
1.319101e-07,-0.0017004596
1.320101e-07,-0.0017018957
1.321101e-07,-0.0016997415
1.322101e-07,-0.0016918428
1.323101e-07,-0.0016774816
1.324101e-07,-0.001658812
1.325101e-07,-0.0016387063
1.326101e-07,-0.0016178826
1.327101e-07,-0.0015970588
1.328101e-07,-0.001575517
1.329101e-07,-0.0015503849
1.330101e-07,-0.0015202263
1.331101e-07,-0.0014821691
1.332101e-07,-0.0014340591
1.333101e-07,-0.00137446
1.334101e-07,-0.0013055262
1.335101e-07,-0.0012294118
1.336101e-07,-0.0011511432
1.337101e-07,-0.0010750287
1.338101e-07,-0.0010046588
1.339101e-07,-0.0009421875
1.340101e-07,-0.00088474265
1.341101e-07,-0.00082657973
1.342101e-07,-0.00076267233
1.343101e-07,-0.00068943015
1.344101e-07,-0.00060541705
1.345101e-07,-0.00051422335
1.346101e-07,-0.00042087546
1.347101e-07,-0.00033327206
1.348101e-07,-0.00025428539
1.349101e-07,-0.00018391544
1.350101e-07,-0.00012000804
1.351101e-07,-5.7536765e-05
1.352101e-07,8.5248162e-06
1.353101e-07,7.9612822e-05
1.354101e-07,0.00015429113
1.355101e-07,0.0002296875
1.356101e-07,0.00030077551
1.357101e-07,0.0003646829
1.358101e-07,0.00042069164
1.359101e-07,0.00047095588
1.360101e-07,0.00051834789
1.361101e-07,0.00056430377
1.362101e-07,0.00061025965
1.363101e-07,0.00065477941
1.364101e-07,0.00069570887
1.365101e-07,0.00073089384
1.366101e-07,0.00075961627
1.367101e-07,0.00078115809
1.368101e-07,0.00079767348
1.369101e-07,0.0008120347
1.370101e-07,0.00082567785
1.371101e-07,0.00083860294
1.372101e-07,0.00085152803
1.373101e-07,0.00086445312
1.374101e-07,0.0008759421
1.375101e-07,0.00088455882
1.376101e-07,0.00089030331
1.377101e-07,0.00089245749
1.378101e-07,0.00089030331
1.379101e-07,0.00088455882
1.380101e-07,0.00087450597
1.381101e-07,0.00086229894
1.382101e-07,0.00085009191
1.383101e-07,0.00083860294
1.384101e-07,0.00082998621
1.385101e-07,0.00082424173
1.386101e-07,0.00082065142
1.387101e-07,0.000815625
1.388101e-07,0.00080700827
1.389101e-07,0.00079408318
1.390101e-07,0.00077684972
1.391101e-07,0.00075818015
1.392101e-07,0.00074094669
1.393101e-07,0.00072873966
1.394101e-07,0.00072371324
1.395101e-07,0.00072371324
1.396101e-07,0.00072658548
1.397101e-07,0.00072730354
1.398101e-07,0.00072299517
1.399101e-07,0.00071222426
1.400101e-07,0.00069642693
1.401101e-07,0.00067847541
1.402101e-07,0.00066339614
1.403101e-07,0.00065477941
1.404101e-07,0.00065262523
1.405101e-07,0.00065621553
1.406101e-07,0.00066196002
1.407101e-07,0.00066626838
1.408101e-07,0.00066555032
1.409101e-07,0.00065908778
1.410101e-07,0.00064688074
1.411101e-07,0.00063180147
1.412101e-07,0.00061528608
1.413101e-07,0.0006002068
1.414101e-07,0.00058656365
1.415101e-07,0.00057435662
1.416101e-07,0.00056430377
1.417101e-07,0.00055712316
1.418101e-07,0.0005528148
1.419101e-07,0.00055137868
1.420101e-07,0.0005528148
1.421101e-07,0.00055568704
1.422101e-07,0.00055568704
1.423101e-07,0.00055137868
1.424101e-07,0.00054060777
1.425101e-07,0.00052265625
1.426101e-07,0.00050255055
1.427101e-07,0.00048244485
1.428101e-07,0.00046736558
1.429101e-07,0.00045946691
1.430101e-07,0.00045803079
1.431101e-07,0.00045946691
1.432101e-07,0.00045874885
1.433101e-07,0.00045300437
1.434101e-07,0.00044079733
1.435101e-07,0.000425
1.436101e-07,0.00040992073
1.437101e-07,0.00039986788
1.438101e-07,0.00039771369
1.439101e-07,0.00040202206
1.440101e-07,0.00041063879
1.441101e-07,0.00041853745
1.442101e-07,0.00042284582
1.443101e-07,0.000425
1.444101e-07,0.00042643612
1.445101e-07,0.00043002642
1.446101e-07,0.00043720703
1.447101e-07,0.00044797794
1.448101e-07,0.00045803079
1.449101e-07,0.00046377528
1.450101e-07,0.00046305722
1.451101e-07,0.00045946691
1.452101e-07,0.00045731273
1.453101e-07,0.00046305722
1.454101e-07,0.00048029067
1.455101e-07,0.00050542279
1.456101e-07,0.00053199104
1.457101e-07,0.00054994256
1.458101e-07,0.0005528148
1.459101e-07,0.00053988971
1.460101e-07,0.00051834789
1.461101e-07,0.00050111443
1.462101e-07,0.00049824219
1.463101e-07,0.00051691176
1.464101e-07,0.00055425092
1.465101e-07,0.00060092486
1.466101e-07,0.00064472656
1.467101e-07,0.00067775735
1.468101e-07,0.00069786305
1.469101e-07,0.0007115062
1.470101e-07,0.00072873966
1.471101e-07,0.00075818015
1.472101e-07,0.00080126379
1.473101e-07,0.00085368222
1.474101e-07,0.0009068187
1.475101e-07,0.00095349265
1.476101e-07,0.00099226792
1.477101e-07,0.001028171
1.478101e-07,0.0010698185
1.479101e-07,0.0011258272
1.480101e-07,0.0011976333
1.481101e-07,0.0012802102
1.482101e-07,0.0013635053
1.483101e-07,0.0014360294
1.484101e-07,0.0014934743
1.485101e-07,0.0015394301
1.486101e-07,0.0015817957
1.487101e-07,0.0016313419
1.488101e-07,0.0016952493
1.489101e-07,0.0017735179
1.490101e-07,0.0018582491
1.491101e-07,0.0019415441
1.492101e-07,0.0020147863
1.493101e-07,0.0020765395
1.494101e-07,0.0021303941
1.495101e-07,0.0021828125
1.496101e-07,0.0022395393
1.497101e-07,0.0023027286
1.498101e-07,0.0023695083
1.499101e-07,0.0024355699
1.500101e-07,0.0024973231
1.501101e-07,0.0025533318
1.502101e-07,0.0026050322
1.503101e-07,0.0026538603
1.504101e-07,0.0027005342
1.505101e-07,0.0027436179
1.506101e-07,0.0027788028
1.507101e-07,0.0028032169
1.508101e-07,0.0028182962
1.509101e-07,0.002828349
1.510101e-07,0.0028405561
1.511101e-07,0.0028606618
1.512101e-07,0.0028901023
1.513101e-07,0.0029260053
1.514101e-07,0.0029611903
1.515101e-07,0.0029870404
1.516101e-07,0.0030006836
1.517101e-07,0.0030035558
1.518101e-07,0.0030006836
1.519101e-07,0.0029985294
1.520101e-07,0.0030014017
1.521101e-07,0.0030085823
1.522101e-07,0.0030164809
1.523101e-07,0.0030215074
1.524101e-07,0.0030215074
1.525101e-07,0.003017199
1.526101e-07,0.0030121726
1.527101e-07,0.0030100184
1.528101e-07,0.0030114545
1.529101e-07,0.0030128906
1.530101e-07,0.0030100184
1.531101e-07,0.0029985294
1.532101e-07,0.0029791418
1.533101e-07,0.0029561638
1.534101e-07,0.0029382123
1.535101e-07,0.0029295956
1.536101e-07,0.0029324678
1.537101e-07,0.0029432387
1.538101e-07,0.0029518555
1.539101e-07,0.0029525735
1.540101e-07,0.0029410846
1.541101e-07,0.0029202608
1.542101e-07,0.0028980009
1.543101e-07,0.0028836397
1.544101e-07,0.0028829216
1.545101e-07,0.0028958467
1.546101e-07,0.0029173886
1.547101e-07,0.0029410846
1.548101e-07,0.0029604722
1.549101e-07,0.0029733973
1.550101e-07,0.002981296
1.551101e-07,0.0029870404
1.552101e-07,0.0029920669
1.553101e-07,0.0029949391
1.554101e-07,0.002994221
1.555101e-07,0.0029870404
1.556101e-07,0.0029748334
1.557101e-07,0.0029611903
1.558101e-07,0.0029525735
1.559101e-07,0.0029525735
1.560101e-07,0.0029619083
1.561101e-07,0.0029777057
1.562101e-07,0.0029913488
1.563101e-07,0.0029985294
1.564101e-07,0.0029970933
1.565101e-07,0.0029906307
1.566101e-07,0.0029848863
1.567101e-07,0.0029870404
1.568101e-07,0.0029985294
1.569101e-07,0.0030150448
1.570101e-07,0.003028688
1.571101e-07,0.0030329963
1.572101e-07,0.0030236615
1.573101e-07,0.0030035558
1.574101e-07,0.0029805779
1.575101e-07,0.0029640625
1.576101e-07,0.0029604722
1.577101e-07,0.0029712431
1.578101e-07,0.0029899127
1.579101e-07,0.0030100184
1.580101e-07,0.0030243796
1.581101e-07,0.003029406
1.582101e-07,0.0030272518
1.583101e-07,0.0030215074
1.584101e-07,0.0030157629
1.585101e-07,0.0030114545
1.586101e-07,0.0030071461
1.587101e-07,0.0029985294
1.588101e-07,0.0029848863
1.589101e-07,0.0029683709
1.590101e-07,0.0029518555
1.591101e-07,0.0029410846
1.592101e-07,0.0029382123
1.593101e-07,0.0029439568
1.594101e-07,0.0029540097
1.595101e-07,0.0029640625
1.596101e-07,0.0029712431
1.597101e-07,0.0029762695
1.598101e-07,0.0029798598
1.599101e-07,0.0029870404
1.600101e-07,0.0029992475
1.601101e-07,0.0030164809
1.602101e-07,0.0030365866
1.603101e-07,0.0030559743
1.604101e-07,0.0030746438
1.605101e-07,0.0030940315
1.606101e-07,0.0031177275
1.607101e-07,0.003147886
1.608101e-07,0.0031859432
1.609101e-07,0.0032290269
1.610101e-07,0.0032721105
1.611101e-07,0.0033087316
1.612101e-07,0.003336736
1.613101e-07,0.0033582778
1.614101e-07,0.0033769474
1.615101e-07,0.0034006434
1.616101e-07,0.0034329561
1.617101e-07,0.0034746036
1.618101e-07,0.0035234318
1.619101e-07,0.0035729779
1.620101e-07,0.0036189338
1.621101e-07,0.0036584272
1.622101e-07,0.003692176
1.623101e-07,0.0037223346
1.624101e-07,0.0037524931
1.625101e-07,0.0037833697
1.626101e-07,0.0038156824
1.627101e-07,0.0038487132
1.628101e-07,0.0038803079
1.629101e-07,0.0039104665
1.630101e-07,0.0039377528
1.631101e-07,0.0039636029
1.632101e-07,0.0039858628
1.633101e-07,0.0040030963
1.634101e-07,0.0040145852
1.635101e-07,0.0040210478
1.636101e-07,0.0040246381
1.637101e-07,0.0040303826
1.638101e-07,0.0040433077
1.639101e-07,0.0040670037
1.640101e-07,0.0041000345
1.641101e-07,0.0041388097
1.642101e-07,0.0041754308
1.643101e-07,0.0042048713
1.644101e-07,0.0042228228
1.645101e-07,0.0042292854
1.646101e-07,0.0042300034
1.647101e-07,0.0042278493
1.648101e-07,0.0042278493
1.649101e-07,0.0042307215
1.650101e-07,0.0042350299
1.651101e-07,0.0042393382
1.652101e-07,0.0042422105
1.653101e-07,0.0042436466
1.654101e-07,0.0042458008
1.655101e-07,0.0042508272
1.656101e-07,0.0042572898
1.657101e-07,0.0042637523
1.658101e-07,0.0042666245
1.659101e-07,0.0042623162
1.660101e-07,0.0042515453
1.661101e-07,0.004236466
1.662101e-07,0.0042235409
1.663101e-07,0.0042163603
1.664101e-07,0.0042177964
1.665101e-07,0.0042256951
1.666101e-07,0.0042350299
1.667101e-07,0.0042393382
1.668101e-07,0.0042350299
1.669101e-07,0.0042235409
1.670101e-07,0.0042070255
1.671101e-07,0.0041933824
1.672101e-07,0.0041862017
1.673101e-07,0.0041883559
1.674101e-07,0.0041962546
1.675101e-07,0.0042048713
1.676101e-07,0.0042098977
1.677101e-07,0.0042091797
1.678101e-07,0.0042019991
1.679101e-07,0.0041933824
1.680101e-07,0.0041869198
1.681101e-07,0.0041854837
1.682101e-07,0.0041883559
1.683101e-07,0.0041933824
1.684101e-07,0.0041969727
1.685101e-07,0.0041962546
1.686101e-07,0.0041905101
1.687101e-07,0.0041818934
1.688101e-07,0.0041739947
1.689101e-07,0.0041711225
1.690101e-07,0.0041739947
1.691101e-07,0.0041818934
1.692101e-07,0.0041933824
1.693101e-07,0.0042041533
1.694101e-07,0.00421277
1.695101e-07,0.0042163603
1.696101e-07,0.0042163603
1.697101e-07,0.00421277
1.698101e-07,0.0042084616
1.699101e-07,0.0042048713
1.700101e-07,0.004201281
1.701101e-07,0.0041955365
1.702101e-07,0.0041862017
1.703101e-07,0.0041704044
1.704101e-07,0.0041474265
1.705101e-07,0.004118704
1.706101e-07,0.0040899816
1.707101e-07,0.0040670037
1.708101e-07,0.0040562328
1.709101e-07,0.0040612592
1.710101e-07,0.0040784926
1.711101e-07,0.0041014706
1.712101e-07,0.0041201402
1.713101e-07,0.0041266027
1.714101e-07,0.0041151137
1.715101e-07,0.0040899816
1.716101e-07,0.004059105
1.717101e-07,0.0040325368
1.718101e-07,0.0040196117
1.719101e-07,0.0040210478
1.720101e-07,0.0040325368
1.721101e-07,0.0040454619
1.722101e-07,0.0040504883
1.723101e-07,0.0040440257
1.724101e-07,0.0040289465
1.725101e-07,0.0040124311
1.726101e-07,0.0040045324
1.727101e-07,0.0040095588
1.728101e-07,0.0040267923
1.729101e-07,0.0040483341
1.730101e-07,0.0040641314
1.731101e-07,0.0040670037
1.732101e-07,0.0040562328
1.733101e-07,0.004035409
1.734101e-07,0.0040138672
1.735101e-07,0.0039980699
1.736101e-07,0.0039901712
1.737101e-07,0.003988017
1.738101e-07,0.0039844267
1.739101e-07,0.0039750919
1.740101e-07,0.0039592946
1.741101e-07,0.003940625
1.742101e-07,0.0039255457
1.743101e-07,0.0039176471
1.744101e-07,0.0039176471
1.745101e-07,0.0039198012
1.746101e-07,0.0039176471
1.747101e-07,0.0039061581
1.748101e-07,0.0038860524
1.749101e-07,0.0038623564
1.750101e-07,0.0038444049
1.751101e-07,0.0038372243
1.752101e-07,0.0038415326
1.753101e-07,0.0038515855
1.754101e-07,0.0038566119
1.755101e-07,0.0038487132
1.756101e-07,0.0038264534
1.757101e-07,0.0037934226
1.758101e-07,0.0037596737
1.759101e-07,0.0037338235
1.760101e-07,0.0037194623
1.761101e-07,0.0037129998
1.762101e-07,0.0037086914
1.763101e-07,0.0036993566
1.764101e-07,0.0036828412
1.765101e-07,0.0036627355
1.766101e-07,0.0036469382
1.767101e-07,0.0036419118
1.768101e-07,0.0036490924
1.769101e-07,0.0036612994
1.770101e-07,0.0036699161
1.771101e-07,0.0036648897
1.772101e-07,0.0036433479
1.773101e-07,0.0036117532
1.774101e-07,0.0035801585
1.775101e-07,0.003561489
1.776101e-07,0.003562207
1.777101e-07,0.0035787224
1.778101e-07,0.0036017004
1.779101e-07,0.0036189338
1.780101e-07,0.0036203699
1.781101e-07,0.0036045726
1.782101e-07,0.0035780044
1.783101e-07,0.00355
1.784101e-07,0.0035298943
1.785101e-07,0.0035219956
1.786101e-07,0.0035227137
1.787101e-07,0.0035270221
1.788101e-07,0.0035277401
1.789101e-07,0.0035234318
1.790101e-07,0.003514097
1.791101e-07,0.0035040441
1.792101e-07,0.0034947093
1.793101e-07,0.0034860926
1.794101e-07,0.0034753217
1.795101e-07,0.0034580882
1.796101e-07,0.0034336742
1.797101e-07,0.0034042337
1.798101e-07,0.0033762293
1.799101e-07,0.0033546875
1.800101e-07,0.0033431985
1.801101e-07,0.0033403263
1.802101e-07,0.0033424805
1.803101e-07,0.0033431985
1.804101e-07,0.0033388902
1.805101e-07,0.0033281193
1.806101e-07,0.003313758
1.807101e-07,0.0032972426
1.808101e-07,0.0032807273
1.809101e-07,0.0032642119
1.810101e-07,0.0032469784
1.811101e-07,0.0032283088
1.812101e-07,0.0032117934
1.813101e-07,0.0032024586
1.814101e-07,0.0032038948
1.815101e-07,0.0032168199
1.816101e-07,0.0032362075
1.817101e-07,0.0032548771
1.818101e-07,0.0032649299
1.819101e-07,0.0032627757
1.820101e-07,0.0032512868
1.821101e-07,0.0032383617
1.822101e-07,0.0032333352
1.823101e-07,0.0032397978
1.824101e-07,0.0032555951
1.825101e-07,0.0032713925
1.826101e-07,0.0032764189
1.827101e-07,0.0032627757
1.828101e-07,0.0032333352
1.829101e-07,0.0031974322
1.830101e-07,0.0031694278
1.831101e-07,0.003159375
1.832101e-07,0.0031701459
1.833101e-07,0.0031938419
1.834101e-07,0.0032168199
1.835101e-07,0.0032283088
1.836101e-07,0.0032232824
1.837101e-07,0.0032060489
1.838101e-07,0.0031888155
1.839101e-07,0.0031823529
1.840101e-07,0.0031902516
1.841101e-07,0.0032082031
1.842101e-07,0.0032247185
1.843101e-07,0.0032283088
1.844101e-07,0.0032139476
1.845101e-07,0.0031859432
1.846101e-07,0.0031557847
1.847101e-07,0.0031363971
1.848101e-07,0.0031349609
1.849101e-07,0.0031514763
1.850101e-07,0.0031744543
1.851101e-07,0.0031938419
1.852101e-07,0.0031995864
1.853101e-07,0.0031909697
1.854101e-07,0.0031744543
1.855101e-07,0.003159375
1.856101e-07,0.0031529125
1.857101e-07,0.0031565028
1.858101e-07,0.0031651195
1.859101e-07,0.003170864
1.860101e-07,0.0031672737
1.861101e-07,0.0031550666
1.862101e-07,0.0031385512
1.863101e-07,0.0031249081
1.864101e-07,0.0031198817
1.865101e-07,0.00312419
1.866101e-07,0.0031320887
1.867101e-07,0.0031363971
1.868101e-07,0.0031335248
1.869101e-07,0.0031227539
1.870101e-07,0.0031098288
1.871101e-07,0.0031019301
1.872101e-07,0.0031026482
1.873101e-07,0.0031112649
1.874101e-07,0.0031213178
1.875101e-07,0.0031249081
1.876101e-07,0.0031170094
1.877101e-07,0.0030969037
1.878101e-07,0.0030703355
1.879101e-07,0.0030444853
1.880101e-07,0.0030265338
1.881101e-07,0.0030207893
1.882101e-07,0.0030243796
1.883101e-07,0.0030329963
1.884101e-07,0.0030423311
1.885101e-07,0.0030480756
1.886101e-07,0.0030487937
1.887101e-07,0.0030444853
1.888101e-07,0.0030344324
1.889101e-07,0.0030186351
1.890101e-07,0.002994221
1.891101e-07,0.0029640625
1.892101e-07,0.0029317498
1.893101e-07,0.0029058996
1.894101e-07,0.0028922564
1.895101e-07,0.0028951287
1.896101e-07,0.0029130802
1.897101e-07,0.0029367762
1.898101e-07,0.0029568819
1.899101e-07,0.0029640625
1.900101e-07,0.0029540097
1.901101e-07,0.0029317498
1.902101e-07,0.0029051815
1.903101e-07,0.0028836397
1.904101e-07,0.0028735869
1.905101e-07,0.0028735869
1.906101e-07,0.0028793313
1.907101e-07,0.0028836397
1.908101e-07,0.0028822036
1.909101e-07,0.002875023
1.910101e-07,0.0028664063
1.911101e-07,0.0028606618
1.912101e-07,0.0028606618
1.913101e-07,0.0028656882
1.914101e-07,0.0028707146
1.915101e-07,0.0028721507
1.916101e-07,0.0028671243
1.917101e-07,0.0028585076
1.918101e-07,0.002851327
1.919101e-07,0.0028491728
1.920101e-07,0.0028541992
1.921101e-07,0.0028620979
1.922101e-07,0.0028664063
1.923101e-07,0.0028606618
1.924101e-07,0.0028419922
1.925101e-07,0.0028154239
1.926101e-07,0.0027874196
1.927101e-07,0.00276875
1.928101e-07,0.0027644416
1.929101e-07,0.0027752125
1.930101e-07,0.0027946002
1.931101e-07,0.0028147059
1.932101e-07,0.002827631
1.933101e-07,0.0028305032
1.934101e-07,0.0028247587
1.935101e-07,0.0028147059
1.936101e-07,0.0028053711
1.937101e-07,0.0027974724
1.938101e-07,0.0027902918
1.939101e-07,0.002780239
1.940101e-07,0.0027658778
1.941101e-07,0.0027472082
1.942101e-07,0.0027278205
1.943101e-07,0.0027113051
1.944101e-07,0.0026990981
1.945101e-07,0.0026919175
1.946101e-07,0.002685455
1.947101e-07,0.0026768382
1.948101e-07,0.0026639131
1.949101e-07,0.0026473977
1.950101e-07,0.0026316004
1.951101e-07,0.0026193934
1.952101e-07,0.0026136489
1.953101e-07,0.0026122128
1.954101e-07,0.0026122128
1.955101e-07,0.0026079044
1.956101e-07,0.0025964154
1.957101e-07,0.0025784639
1.958101e-07,0.0025576402
1.959101e-07,0.0025389706
1.960101e-07,0.0025253274
1.961101e-07,0.0025188649
1.962101e-07,0.0025167107
1.963101e-07,0.0025159926
1.964101e-07,0.0025138385
1.965101e-07,0.0025102482
1.966101e-07,0.0025066579
1.967101e-07,0.0025045037
1.968101e-07,0.0025066579
1.969101e-07,0.0025116843
1.970101e-07,0.002519583
1.971101e-07,0.0025274816
1.972101e-07,0.0025332261
1.973101e-07,0.0025368164
1.974101e-07,0.0025389706
1.975101e-07,0.0025389706
1.976101e-07,0.0025375345
1.977101e-07,0.0025332261
1.978101e-07,0.0025253274
1.979101e-07,0.0025159926
1.980101e-07,0.0025073759
1.981101e-07,0.0025030676
1.982101e-07,0.0025059398
1.983101e-07,0.0025159926
1.984101e-07,0.0025281997
1.985101e-07,0.0025368164
1.986101e-07,0.0025332261
1.987101e-07,0.0025159926
1.988101e-07,0.0024858341
1.989101e-07,0.0024513672
1.990101e-07,0.0024204906
1.991101e-07,0.0024011029
1.992101e-07,0.0023960765
1.993101e-07,0.0024032571
1.994101e-07,0.0024147461
1.995101e-07,0.0024240809
1.996101e-07,0.0024276712
1.997101e-07,0.0024269531
1.998101e-07,0.0024240809
1.999101e-07,0.0024240809
2.000101e-07,0.0024269531
2.001101e-07,0.0024291073
2.002101e-07,0.0024262351
2.003101e-07,0.0024125919
2.004101e-07,0.0023874598
2.005101e-07,0.002354429
2.006101e-07,0.0023221163
2.007101e-07,0.0022977022
2.008101e-07,0.0022869313
2.009101e-07,0.0022890855
2.010101e-07,0.0022991383
2.011101e-07,0.0023091912
2.012101e-07,0.0023134995
2.013101e-07,0.0023099092
2.014101e-07,0.0022991383
2.015101e-07,0.0022862132
2.016101e-07,0.0022732881
2.017101e-07,0.0022625172
2.018101e-07,0.0022524644
2.019101e-07,0.0022402574
2.020101e-07,0.0022258961
2.021101e-07,0.0022115349
2.022101e-07,0.002200046
2.023101e-07,0.0021943015
2.024101e-07,0.0021950195
2.025101e-07,0.0021993279
2.026101e-07,0.002200764
2.027101e-07,0.0021943015
2.028101e-07,0.00217635
2.029101e-07,0.0021483456
2.030101e-07,0.002117469
2.031101e-07,0.0020909007
2.032101e-07,0.0020751034
2.033101e-07,0.002070795
2.034101e-07,0.0020743853
2.035101e-07,0.0020794118
2.036101e-07,0.0020786937
2.037101e-07,0.0020679228
2.038101e-07,0.002047099
2.039101e-07,0.0020219669
2.040101e-07,0.0019975528
2.041101e-07,0.0019796013
2.042101e-07,0.0019688304
2.043101e-07,0.0019645221
2.044101e-07,0.0019630859
2.045101e-07,0.0019602137
2.046101e-07,0.0019530331
2.047101e-07,0.0019415441
2.048101e-07,0.0019264648
2.049101e-07,0.0019106675
2.050101e-07,0.0018955882
2.051101e-07,0.0018840993
2.052101e-07,0.0018776367
2.053101e-07,0.0018762006
2.054101e-07,0.0018783548
2.055101e-07,0.0018840993
2.056101e-07,0.0018898438
2.057101e-07,0.0018919979
2.058101e-07,0.0018905618
2.059101e-07,0.0018840993
2.060101e-07,0.0018740464
2.061101e-07,0.0018639936
2.062101e-07,0.0018546588
2.063101e-07,0.0018496324
2.064101e-07,0.0018467601
2.065101e-07,0.001845324
2.066101e-07,0.0018431698
2.067101e-07,0.0018381434
2.068101e-07,0.0018323989
2.069101e-07,0.0018273725
2.070101e-07,0.0018252183
2.071101e-07,0.0018266544
2.072101e-07,0.0018295267
2.073101e-07,0.0018309628
2.074101e-07,0.0018266544
2.075101e-07,0.0018151654
2.076101e-07,0.001797932
2.077101e-07,0.0017778263
2.078101e-07,0.0017598748
2.079101e-07,0.0017462316
2.080101e-07,0.0017376149
2.081101e-07,0.0017311523
2.082101e-07,0.0017232537
2.083101e-07,0.0017117647
2.084101e-07,0.0016981216
2.085101e-07,0.0016851965
2.086101e-07,0.0016772978
2.087101e-07,0.0016772978
2.088101e-07,0.0016837603
2.089101e-07,0.001691659
2.090101e-07,0.0016952493
2.091101e-07,0.0016887868
2.092101e-07,0.0016715533
2.093101e-07,0.0016471392
2.094101e-07,0.001620571
2.095101e-07,0.001596875
2.096101e-07,0.0015789235
2.097101e-07,0.0015659984
2.098101e-07,0.0015537914
2.099101e-07,0.0015394301
2.100101e-07,0.0015207606
2.101101e-07,0.0015006549
2.102101e-07,0.0014819853
2.103101e-07,0.0014704963
2.104101e-07,0.001466906
2.105101e-07,0.0014690602
2.106101e-07,0.0014719324
2.107101e-07,0.0014704963
2.108101e-07,0.0014618796
2.109101e-07,0.0014475184
2.110101e-07,0.0014295669
2.111101e-07,0.0014130515
2.112101e-07,0.0014001264
2.113101e-07,0.0013900735
2.114101e-07,0.0013800207
2.115101e-07,0.0013670956
2.116101e-07,0.0013491441
2.117101e-07,0.0013276023
2.118101e-07,0.0013053424
2.119101e-07,0.0012866728
2.120101e-07,0.0012744658
2.121101e-07,0.0012680032
2.122101e-07,0.001265849
2.123101e-07,0.0012636949
2.124101e-07,0.0012601045
2.125101e-07,0.0012543601
2.126101e-07,0.0012471795
2.127101e-07,0.0012407169
2.128101e-07,0.0012342544
2.129101e-07,0.0012256376
2.130101e-07,0.0012127125
2.131101e-07,0.001194761
2.132101e-07,0.0011725011
2.133101e-07,0.0011502413
2.134101e-07,0.0011330078
2.135101e-07,0.0011258272
2.136101e-07,0.0011286994
2.137101e-07,0.0011373162
2.138101e-07,0.001146651
2.139101e-07,0.0011488051
2.140101e-07,0.0011416245
2.141101e-07,0.0011243911
2.142101e-07,0.0011021312
2.143101e-07,0.0010798713
2.144101e-07,0.0010612017
2.145101e-07,0.0010468405
2.146101e-07,0.0010346335
2.147101e-07,0.0010224265
2.148101e-07,0.0010080653
2.149101e-07,0.00099154986
2.150101e-07,0.00097647059
2.151101e-07,0.00096498162
2.152101e-07,0.00095780101
2.153101e-07,0.00095421071
2.154101e-07,0.00094990234
2.155101e-07,0.00094200368
2.156101e-07,0.00092764246
2.157101e-07,0.00090969095
2.158101e-07,0.00088958525
2.159101e-07,0.00087306985
2.160101e-07,0.00086158088
2.161101e-07,0.00085368222
2.162101e-07,0.00084721967
2.163101e-07,0.00083860294
2.164101e-07,0.00082567785
2.165101e-07,0.00080988051
2.166101e-07,0.00079336512
2.167101e-07,0.00078115809
2.168101e-07,0.00077397748
2.169101e-07,0.00077038718
2.170101e-07,0.00076679687
2.171101e-07,0.00075818015
2.172101e-07,0.00074310087
2.173101e-07,0.00072155905
2.174101e-07,0.00069786305
2.175101e-07,0.00067775735
2.176101e-07,0.0006641142
2.177101e-07,0.00065836972
2.178101e-07,0.00065693359
2.179101e-07,0.00065477941
2.180101e-07,0.00064759881
2.181101e-07,0.00063395565
2.182101e-07,0.00061528608
2.183101e-07,0.00059733456
2.184101e-07,0.00058369141
2.185101e-07,0.00057794692
2.186101e-07,0.0005801011
2.187101e-07,0.00058584559
2.188101e-07,0.00059159007
2.189101e-07,0.00059446232
2.190101e-07,0.00059230813
2.191101e-07,0.00058584559
2.192101e-07,0.00057722886
2.193101e-07,0.00056789407
2.194101e-07,0.0005599954
2.195101e-07,0.00055137868
2.196101e-07,0.00054204389
2.197101e-07,0.00053127298
2.198101e-07,0.00051834789
2.199101e-07,0.00050542279
2.200101e-07,0.00049465188
2.201101e-07,0.0004889074
2.202101e-07,0.00048818934
2.203101e-07,0.00049393382
2.204101e-07,0.00050398667
2.205101e-07,0.00051475758
2.206101e-07,0.00052409237
2.207101e-07,0.00052840074
2.208101e-07,0.00052624655
2.209101e-07,0.0005161937
2.210101e-07,0.00050039637
2.211101e-07,0.00048244485
2.212101e-07,0.0004652114
2.213101e-07,0.00045300437
2.214101e-07,0.00044725988
2.215101e-07,0.00044797794
2.216101e-07,0.00045300437
2.217101e-07,0.00045874885
2.218101e-07,0.00046162109
2.219101e-07,0.00045946691
2.220101e-07,0.00045156824
2.221101e-07,0.00044007927
2.222101e-07,0.00042715418
2.223101e-07,0.00041351103
2.224101e-07,0.00039986788
2.225101e-07,0.00038407054
2.226101e-07,0.00036611903
2.227101e-07,0.00034457721
2.228101e-07,0.0003208812
2.229101e-07,0.00029933938
2.230101e-07,0.00028354205
2.231101e-07,0.00027564338
2.232101e-07,0.00027636144
2.233101e-07,0.00028210593
2.234101e-07,0.00028713235
2.235101e-07,0.00028713235
2.236101e-07,0.00027779756
2.237101e-07,0.00025840993
2.238101e-07,0.0002332778
2.239101e-07,0.00020670956
2.240101e-07,0.00018301356
2.241101e-07,0.00016434398
2.242101e-07,0.00014998277
2.243101e-07,0.00013777574
2.244101e-07,0.0001255687
2.245101e-07,0.00011192555
2.246101e-07,9.971852e-05
2.247101e-07,9.1819853e-05
2.248101e-07,9.1819853e-05
2.249101e-07,0.0001018727
2.250101e-07,0.0001183881
2.251101e-07,0.00013777574
2.252101e-07,0.00015285501
2.253101e-07,0.00015859949
2.254101e-07,0.00015213695
2.255101e-07,0.00013777574
2.256101e-07,0.00011982422
2.257101e-07,0.00010546301
2.258101e-07,9.971852e-05
2.259101e-07,0.00010330882
2.260101e-07,0.00011407973
2.261101e-07,0.00012628676
2.262101e-07,0.00013490349
2.263101e-07,0.00013777574
2.264101e-07,0.00013490349
2.265101e-07,0.00012915901
2.266101e-07,0.00012485064
2.267101e-07,0.00012628676
2.268101e-07,0.00013346737
2.269101e-07,0.00014352022
2.270101e-07,0.00015429113
2.271101e-07,0.00016075368
2.272101e-07,0.0001621898
2.273101e-07,0.00015859949
2.274101e-07,0.00015285501
2.275101e-07,0.00014926471
2.276101e-07,0.00014926471
2.277101e-07,0.00015213695
2.278101e-07,0.00015716337
2.279101e-07,0.00016075368
2.280101e-07,0.00016075368
2.281101e-07,0.00015644531
2.282101e-07,0.00014782858
2.283101e-07,0.00013777574
2.284101e-07,0.00012772289
2.285101e-07,0.0001183881
2.286101e-07,0.00011048943
2.287101e-07,0.00010330882
2.288101e-07,9.5410156e-05
2.289101e-07,8.6793428e-05
2.290101e-07,7.745864e-05
2.291101e-07,6.8841912e-05
2.292101e-07,6.1661305e-05
2.293101e-07,5.591682e-05
2.294101e-07,5.0890395e-05
2.295101e-07,4.5863971e-05
2.296101e-07,3.9401425e-05
2.297101e-07,3.0784697e-05
2.298101e-07,2.0731847e-05
2.299101e-07,1.1397059e-05
2.300101e-07,2.7803309e-06
2.301101e-07,-5.8363971e-06
2.302101e-07,-1.3735064e-05
2.303101e-07,-2.3069853e-05
2.304101e-07,-3.5276884e-05
2.305101e-07,-4.9638097e-05
2.306101e-07,-6.5435432e-05
2.307101e-07,-8.0514706e-05
2.308101e-07,-9.3439798e-05
2.309101e-07,-0.00010349265
2.310101e-07,-0.00010995519
2.311101e-07,-0.00011498162
2.312101e-07,-0.00012000804
2.313101e-07,-0.00012575253
2.314101e-07,-0.00013221507
2.315101e-07,-0.00013795956
2.316101e-07,-0.00014226792
2.317101e-07,-0.0001444221
2.318101e-07,-0.00014585823
2.319101e-07,-0.00014944853
2.320101e-07,-0.00015806526
2.321101e-07,-0.00017386259
2.322101e-07,-0.00019468635
2.323101e-07,-0.00021838235
2.324101e-07,-0.00023920611
2.325101e-07,-0.00025284926
2.326101e-07,-0.00025643957
2.327101e-07,-0.00025284926
2.328101e-07,-0.00024566866
2.329101e-07,-0.00024064223
2.330101e-07,-0.00024207835
2.331101e-07,-0.00025284926
2.332101e-07,-0.00027008272
2.333101e-07,-0.00029018842
2.334101e-07,-0.000308858
2.335101e-07,-0.00032178309
2.336101e-07,-0.00032968176
2.337101e-07,-0.00033399012
2.338101e-07,-0.00033829848
2.339101e-07,-0.00034476103
2.340101e-07,-0.0003526597
2.341101e-07,-0.00036055836
2.342101e-07,-0.00036630285
2.343101e-07,-0.00036773897
2.344101e-07,-0.00036702091
2.345101e-07,-0.00036630285
2.346101e-07,-0.00036989315
2.347101e-07,-0.00037922794
2.348101e-07,-0.00039358915
2.349101e-07,-0.00041010455
2.350101e-07,-0.00042159352
2.351101e-07,-0.00042518382
2.352101e-07,-0.00041872128
2.353101e-07,-0.000403642
2.354101e-07,-0.00038497243
2.355101e-07,-0.00036773897
2.356101e-07,-0.00035553194
2.357101e-07,-0.00034835133
2.358101e-07,-0.00034619715
2.359101e-07,-0.00034476103
2.360101e-07,-0.00034260685
2.361101e-07,-0.0003397346
2.362101e-07,-0.0003361443
2.363101e-07,-0.00033327206
2.364101e-07,-0.000332554
2.365101e-07,-0.00033470818
2.366101e-07,-0.00033901654
2.367101e-07,-0.00034476103
2.368101e-07,-0.00035194164
2.369101e-07,-0.00036199449
2.370101e-07,-0.00037491958
2.371101e-07,-0.00039071691
2.372101e-07,-0.00040651425
2.373101e-07,-0.00041943934
2.374101e-07,-0.00042590188
2.375101e-07,-0.00042518382
2.376101e-07,-0.00041872128
2.377101e-07,-0.00041082261
2.378101e-07,-0.00040795037
2.379101e-07,-0.00041369485
2.380101e-07,-0.00042877413
2.381101e-07,-0.00045103401
2.382101e-07,-0.00047473001
2.383101e-07,-0.00049411765
2.384101e-07,-0.00050632468
2.385101e-07,-0.00051206916
2.386101e-07,-0.00051422335
2.387101e-07,-0.00051709559
2.388101e-07,-0.00052355813
2.389101e-07,-0.0005350471
2.390101e-07,-0.00054869026
2.391101e-07,-0.00056305147
2.392101e-07,-0.00057597656
2.393101e-07,-0.00058890165
2.394101e-07,-0.00060326287
2.395101e-07,-0.00062049632
2.396101e-07,-0.00064132008
2.397101e-07,-0.00066429802
2.398101e-07,-0.00068512178
2.399101e-07,-0.00070091912
2.400101e-07,-0.00070953585
2.401101e-07,-0.00071169003
2.402101e-07,-0.00071169003
2.403101e-07,-0.00071240809
2.404101e-07,-0.00071599839
2.405101e-07,-0.000723179
2.406101e-07,-0.0007303596
2.407101e-07,-0.00073538603
2.408101e-07,-0.00073538603
2.409101e-07,-0.00073179573
2.410101e-07,-0.0007267693
2.411101e-07,-0.00072389706
2.412101e-07,-0.00072533318
2.413101e-07,-0.00073107767
2.414101e-07,-0.00073897633
2.415101e-07,-0.000746875
2.416101e-07,-0.00075118336
2.417101e-07,-0.00074974724
2.418101e-07,-0.00074400276
2.419101e-07,-0.00073538603
2.420101e-07,-0.00072605124
2.421101e-07,-0.00071815257
2.422101e-07,-0.00071312615
2.423101e-07,-0.00071240809
2.424101e-07,-0.00071671645
2.425101e-07,-0.0007267693
2.426101e-07,-0.00074184858
2.427101e-07,-0.00075836397
2.428101e-07,-0.00077272518
2.429101e-07,-0.00078062385
2.430101e-07,-0.00077990579
2.431101e-07,-0.00076985294
2.432101e-07,-0.00075477367
2.433101e-07,-0.00074113051
2.434101e-07,-0.00073323185
2.435101e-07,-0.00073538603
2.436101e-07,-0.00074472082
2.437101e-07,-0.00075764591
2.438101e-07,-0.0007669807
2.439101e-07,-0.00076985294
2.440101e-07,-0.00076626264
2.441101e-07,-0.00075980009
2.442101e-07,-0.00075549173
2.443101e-07,-0.00075836397
2.444101e-07,-0.00076841682
2.445101e-07,-0.00078277803
2.446101e-07,-0.00079570312
2.447101e-07,-0.00080431985
2.448101e-07,-0.0008071921
2.449101e-07,-0.0008071921
2.450101e-07,-0.00080862822
2.451101e-07,-0.00081580882
2.452101e-07,-0.00082945198
2.453101e-07,-0.00084596737
2.454101e-07,-0.00086176471
2.455101e-07,-0.00087325368
2.456101e-07,-0.00087971622
2.457101e-07,-0.00088474265
2.458101e-07,-0.00089335937
2.459101e-07,-0.00090772059
2.460101e-07,-0.00092782629
2.461101e-07,-0.00095008617
2.462101e-07,-0.00096803768
2.463101e-07,-0.00097665441
2.464101e-07,-0.00097593635
2.465101e-07,-0.00097019187
2.466101e-07,-0.00096444738
2.467101e-07,-0.00096516544
2.468101e-07,-0.00097306411
2.469101e-07,-0.00098455308
2.470101e-07,-0.00099532399
2.471101e-07,-0.00099963235
2.472101e-07,-0.00099819623
2.473101e-07,-0.00099532399
2.474101e-07,-0.00099747817
2.475101e-07,-0.0010111213
2.476101e-07,-0.0010369715
2.477101e-07,-0.0010707204
2.478101e-07,-0.0011030331
2.479101e-07,-0.001126011
2.480101e-07,-0.0011360639
2.481101e-07,-0.0011360639
2.482101e-07,-0.0011331916
2.483101e-07,-0.0011375
2.484101e-07,-0.0011532973
2.485101e-07,-0.0011805836
2.486101e-07,-0.0012128964
2.487101e-07,-0.0012409007
2.488101e-07,-0.0012574161
2.489101e-07,-0.0012602884
2.490101e-07,-0.0012523897
2.491101e-07,-0.0012409007
2.492101e-07,-0.0012330021
2.493101e-07,-0.001232284
2.494101e-07,-0.0012394646
2.495101e-07,-0.0012523897
2.496101e-07,-0.001267469
2.497101e-07,-0.0012818302
2.498101e-07,-0.0012961914
2.499101e-07,-0.0013098346
2.500101e-07,-0.0013234777
2.501101e-07,-0.0013349667
2.502101e-07,-0.0013428653
2.503101e-07,-0.0013443015
2.504101e-07,-0.0013399931
2.505101e-07,-0.0013342486
2.506101e-07,-0.0013299403
2.507101e-07,-0.0013328125
2.508101e-07,-0.0013428653
2.509101e-07,-0.0013572266
2.510101e-07,-0.0013715878
2.511101e-07,-0.0013787684
2.512101e-07,-0.0013766142
2.513101e-07,-0.0013672794
2.514101e-07,-0.0013543543
2.515101e-07,-0.0013443015
2.516101e-07,-0.0013414292
2.517101e-07,-0.0013471737
2.518101e-07,-0.0013572266
2.519101e-07,-0.0013672794
2.520101e-07,-0.001373742
2.521101e-07,-0.00137446
2.522101e-07,-0.0013715878
2.523101e-07,-0.0013672794
2.524101e-07,-0.0013636891
2.525101e-07,-0.0013615349
2.526101e-07,-0.0013593807
2.527101e-07,-0.0013557904
2.528101e-07,-0.001350764
2.529101e-07,-0.0013450195
2.530101e-07,-0.0013421473
2.531101e-07,-0.0013443015
2.532101e-07,-0.0013514821
2.533101e-07,-0.001362971
2.534101e-07,-0.0013730239
2.535101e-07,-0.0013787684
2.536101e-07,-0.0013780503
2.537101e-07,-0.0013708697
2.538101e-07,-0.001362253
2.539101e-07,-0.0013557904
2.540101e-07,-0.0013550724
2.541101e-07,-0.001362253
2.542101e-07,-0.00137446
2.543101e-07,-0.0013902574
2.544101e-07,-0.0014067727
2.545101e-07,-0.001421852
2.546101e-07,-0.0014362132
2.547101e-07,-0.0014477022
2.548101e-07,-0.0014563189
2.549101e-07,-0.0014591912
2.550101e-07,-0.0014563189
2.551101e-07,-0.0014477022
2.552101e-07,-0.0014354952
2.553101e-07,-0.0014254423
2.554101e-07,-0.0014204159
2.555101e-07,-0.0014247243
2.556101e-07,-0.0014362132
2.557101e-07,-0.0014498564
2.558101e-07,-0.0014591912
2.559101e-07,-0.0014591912
2.560101e-07,-0.0014498564
2.561101e-07,-0.0014340591
2.562101e-07,-0.0014196978
2.563101e-07,-0.0014132353
2.564101e-07,-0.0014189798
2.565101e-07,-0.0014347771
2.566101e-07,-0.0014541648
2.567101e-07,-0.0014706801
2.568101e-07,-0.0014771427
2.569101e-07,-0.0014728343
2.570101e-07,-0.0014606273
2.571101e-07,-0.0014477022
2.572101e-07,-0.0014398035
2.573101e-07,-0.0014398035
2.574101e-07,-0.0014469841
2.575101e-07,-0.0014591912
2.576101e-07,-0.0014706801
2.577101e-07,-0.0014800149
2.578101e-07,-0.0014871955
2.579101e-07,-0.0014936581
2.580101e-07,-0.0015029929
2.581101e-07,-0.0015173541
2.582101e-07,-0.0015338695
2.583101e-07,-0.0015511029
2.584101e-07,-0.0015647461
2.585101e-07,-0.0015719267
2.586101e-07,-0.0015740809
2.587101e-07,-0.0015740809
2.588101e-07,-0.0015762351
2.589101e-07,-0.0015841337
2.590101e-07,-0.001599213
2.591101e-07,-0.0016200368
2.592101e-07,-0.0016437328
2.593101e-07,-0.0016645565
2.594101e-07,-0.0016803539
2.595101e-07,-0.0016889706
2.596101e-07,-0.0016911248
2.597101e-07,-0.0016911248
2.598101e-07,-0.001693279
2.599101e-07,-0.0017004596
2.600101e-07,-0.0017162569
2.601101e-07,-0.0017392348
2.602101e-07,-0.0017658031
2.603101e-07,-0.0017923713
2.604101e-07,-0.001812477
2.605101e-07,-0.0018225299
2.606101e-07,-0.0018225299
2.607101e-07,-0.0018153493
2.608101e-07,-0.0018052964
2.609101e-07,-0.0017981158
2.610101e-07,-0.0017973977
2.611101e-07,-0.0018038603
2.612101e-07,-0.0018139131
2.613101e-07,-0.0018232479
2.614101e-07,-0.0018282744
2.615101e-07,-0.0018268382
2.616101e-07,-0.0018210938
2.617101e-07,-0.0018153493
2.618101e-07,-0.0018131951
2.619101e-07,-0.0018153493
2.620101e-07,-0.0018210938
2.621101e-07,-0.0018275563
2.622101e-07,-0.0018297105
2.623101e-07,-0.0018268382
2.624101e-07,-0.0018196576
2.625101e-07,-0.0018131951
2.626101e-07,-0.0018110409
2.627101e-07,-0.0018153493
2.628101e-07,-0.0018261202
2.629101e-07,-0.0018397633
2.630101e-07,-0.0018526884
2.631101e-07,-0.0018613051
2.632101e-07,-0.0018670496
2.633101e-07,-0.0018720761
2.634101e-07,-0.0018814108
2.635101e-07,-0.0018957721
2.636101e-07,-0.0019130055
2.637101e-07,-0.0019280848
2.638101e-07,-0.0019345473
2.639101e-07,-0.001930239
2.640101e-07,-0.0019165958
2.641101e-07,-0.0019015165
2.642101e-07,-0.0018921818
2.643101e-07,-0.0018957721
2.644101e-07,-0.0019137236
2.645101e-07,-0.0019410099
2.646101e-07,-0.0019682962
2.647101e-07,-0.0019876838
2.648101e-07,-0.0019941464
2.649101e-07,-0.001989838
2.650101e-07,-0.0019805032
2.651101e-07,-0.0019761949
2.652101e-07,-0.0019812213
2.653101e-07,-0.0019970186
2.654101e-07,-0.0020171243
2.655101e-07,-0.0020336397
2.656101e-07,-0.0020393842
2.657101e-07,-0.0020314855
2.658101e-07,-0.0020120979
2.659101e-07,-0.0019876838
2.660101e-07,-0.001966142
2.661101e-07,-0.0019517808
2.662101e-07,-0.0019481905
2.663101e-07,-0.0019532169
2.664101e-07,-0.0019625517
2.665101e-07,-0.0019733226
2.666101e-07,-0.0019819393
2.667101e-07,-0.0019876838
2.668101e-07,-0.001989838
2.669101e-07,-0.0019891199
2.670101e-07,-0.0019840935
2.671101e-07,-0.0019761949
2.672101e-07,-0.0019668601
2.673101e-07,-0.0019603975
2.674101e-07,-0.0019582433
2.675101e-07,-0.0019647059
2.676101e-07,-0.0019790671
2.677101e-07,-0.0019984547
2.678101e-07,-0.0020185604
2.679101e-07,-0.0020336397
2.680101e-07,-0.0020415384
2.681101e-07,-0.0020415384
2.682101e-07,-0.0020379481
2.683101e-07,-0.0020336397
2.684101e-07,-0.0020329216
2.685101e-07,-0.0020379481
2.686101e-07,-0.0020465648
2.687101e-07,-0.0020566176
2.688101e-07,-0.0020659524
2.689101e-07,-0.0020738511
2.690101e-07,-0.0020817498
2.691101e-07,-0.0020910846
2.692101e-07,-0.0021040097
2.693101e-07,-0.0021212431
2.694101e-07,-0.0021406307
2.695101e-07,-0.0021600184
2.696101e-07,-0.0021758157
2.697101e-07,-0.0021865866
2.698101e-07,-0.0021923311
2.699101e-07,-0.0021944853
2.700101e-07,-0.0021952034
2.701101e-07,-0.0021959214
2.702101e-07,-0.0021995117
2.703101e-07,-0.0022059743
2.704101e-07,-0.0022160271
2.705101e-07,-0.0022296703
2.706101e-07,-0.0022461857
2.707101e-07,-0.0022634191
2.708101e-07,-0.0022792165
2.709101e-07,-0.0022928596
2.710101e-07,-0.0023021944
2.711101e-07,-0.002309375
2.712101e-07,-0.0023165556
2.713101e-07,-0.0023280446
2.714101e-07,-0.00234456
2.715101e-07,-0.0023668199
2.716101e-07,-0.002391952
2.717101e-07,-0.0024142119
2.718101e-07,-0.0024292911
2.719101e-07,-0.0024357537
2.720101e-07,-0.0024335995
2.721101e-07,-0.002427855
2.722101e-07,-0.0024235466
2.723101e-07,-0.0024242647
2.724101e-07,-0.0024314453
2.725101e-07,-0.0024429343
2.726101e-07,-0.0024529871
2.727101e-07,-0.0024587316
2.728101e-07,-0.0024580136
2.729101e-07,-0.002451551
2.730101e-07,-0.0024429343
2.731101e-07,-0.0024357537
2.732101e-07,-0.0024314453
2.733101e-07,-0.0024292911
2.734101e-07,-0.0024271369
2.735101e-07,-0.0024242647
2.736101e-07,-0.0024206744
2.737101e-07,-0.0024199563
2.738101e-07,-0.0024242647
2.739101e-07,-0.0024357537
2.740101e-07,-0.0024537052
2.741101e-07,-0.0024730928
2.742101e-07,-0.0024881721
2.743101e-07,-0.0024931985
2.744101e-07,-0.002486736
2.745101e-07,-0.0024723748
2.746101e-07,-0.0024565774
2.747101e-07,-0.0024472426
2.748101e-07,-0.0024493968
2.749101e-07,-0.0024623219
2.750101e-07,-0.0024831457
2.751101e-07,-0.0025046875
2.752101e-07,-0.0025197668
2.753101e-07,-0.0025262293
2.754101e-07,-0.0025233571
2.755101e-07,-0.0025161765
2.756101e-07,-0.0025089959
2.757101e-07,-0.0025054056
2.758101e-07,-0.0025082778
2.759101e-07,-0.0025161765
2.760101e-07,-0.0025262293
2.761101e-07,-0.0025355641
2.762101e-07,-0.0025405905
2.763101e-07,-0.0025391544
2.764101e-07,-0.0025312557
2.765101e-07,-0.0025176126
2.766101e-07,-0.0025032514
2.767101e-07,-0.0024931985
2.768101e-07,-0.0024917624
2.769101e-07,-0.0025018153
2.770101e-07,-0.0025233571
2.771101e-07,-0.0025506434
2.772101e-07,-0.0025764936
2.773101e-07,-0.0025922909
2.774101e-07,-0.0025944451
2.775101e-07,-0.0025851103
2.776101e-07,-0.0025714671
2.777101e-07,-0.0025635685
2.778101e-07,-0.0025707491
2.779101e-07,-0.0025965993
2.780101e-07,-0.0026353745
2.781101e-07,-0.0026770221
2.782101e-07,-0.0027093348
2.783101e-07,-0.0027229779
2.784101e-07,-0.0027179515
2.785101e-07,-0.0027014361
2.786101e-07,-0.0026842027
2.787101e-07,-0.0026770221
2.788101e-07,-0.0026842027
2.789101e-07,-0.0027035903
2.790101e-07,-0.0027265682
2.791101e-07,-0.0027459559
2.792101e-07,-0.0027552907
2.793101e-07,-0.0027545726
2.794101e-07,-0.0027495462
2.795101e-07,-0.0027459559
2.796101e-07,-0.0027481101
2.797101e-07,-0.0027552907
2.798101e-07,-0.0027639074
2.799101e-07,-0.0027689338
2.800101e-07,-0.0027682158
2.801101e-07,-0.0027624713
2.802101e-07,-0.0027574449
2.803101e-07,-0.0027574449
2.804101e-07,-0.0027646255
2.805101e-07,-0.0027768325
2.806101e-07,-0.0027876034
2.807101e-07,-0.0027919118
2.808101e-07,-0.0027854492
2.809101e-07,-0.0027696519
2.810101e-07,-0.0027502642
2.811101e-07,-0.0027344669
2.812101e-07,-0.0027272863
2.813101e-07,-0.0027294405
2.814101e-07,-0.0027373392
2.815101e-07,-0.0027459559
2.816101e-07,-0.0027502642
2.817101e-07,-0.0027481101
2.818101e-07,-0.0027416475
2.819101e-07,-0.0027344669
2.820101e-07,-0.0027287224
2.821101e-07,-0.0027265682
2.822101e-07,-0.0027251321
2.823101e-07,-0.0027229779
2.824101e-07,-0.0027186696
2.825101e-07,-0.0027136432
2.826101e-07,-0.0027100528
2.827101e-07,-0.002711489
2.828101e-07,-0.0027186696
2.829101e-07,-0.0027315947
2.830101e-07,-0.0027452378
2.831101e-07,-0.0027574449
2.832101e-07,-0.0027646255
2.833101e-07,-0.0027674977
2.834101e-07,-0.0027682158
2.835101e-07,-0.0027689338
2.836101e-07,-0.0027703699
2.837101e-07,-0.0027725241
2.838101e-07,-0.0027718061
2.839101e-07,-0.0027689338
2.840101e-07,-0.0027639074
2.841101e-07,-0.0027610352
2.842101e-07,-0.0027653435
2.843101e-07,-0.0027804228
2.844101e-07,-0.0028048369
2.845101e-07,-0.0028335593
2.846101e-07,-0.0028586914
2.847101e-07,-0.0028723346
2.848101e-07,-0.0028701804
2.849101e-07,-0.002854383
2.850101e-07,-0.0028328412
2.851101e-07,-0.0028148897
2.852101e-07,-0.0028077091
2.853101e-07,-0.0028134536
2.854101e-07,-0.002829969
2.855101e-07,-0.0028493566
2.856101e-07,-0.002865154
2.857101e-07,-0.0028716165
2.858101e-07,-0.0028694623
2.859101e-07,-0.0028608456
2.860101e-07,-0.0028515108
2.861101e-07,-0.0028472024
2.862101e-07,-0.0028500747
2.863101e-07,-0.0028608456
2.864101e-07,-0.0028766429
2.865101e-07,-0.0028953125
2.866101e-07,-0.0029139821
2.867101e-07,-0.0029297794
2.868101e-07,-0.0029419864
2.869101e-07,-0.002949167
2.870101e-07,-0.0029520393
2.871101e-07,-0.0029527574
2.872101e-07,-0.0029534754
2.873101e-07,-0.0029563477
2.874101e-07,-0.0029635283
2.875101e-07,-0.0029757353
2.876101e-07,-0.0029900965
2.877101e-07,-0.0030023035
2.878101e-07,-0.0030094841
2.879101e-07,-0.0030102022
2.880101e-07,-0.0030058938
2.881101e-07,-0.0030015855
2.882101e-07,-0.0030023035
2.883101e-07,-0.0030102022
2.884101e-07,-0.0030259995
2.885101e-07,-0.0030446691
2.886101e-07,-0.0030604665
2.887101e-07,-0.0030676471
2.888101e-07,-0.0030626206
2.889101e-07,-0.0030482594
2.890101e-07,-0.0030281537
2.891101e-07,-0.0030102022
2.892101e-07,-0.0029987132
2.893101e-07,-0.002995841
2.894101e-07,-0.0030008674
2.895101e-07,-0.0030102022
2.896101e-07,-0.0030209731
2.897101e-07,-0.0030303079
2.898101e-07,-0.0030382066
2.899101e-07,-0.0030446691
2.900101e-07,-0.0030489775
2.901101e-07,-0.0030511317
2.902101e-07,-0.0030496955
2.903101e-07,-0.0030446691
2.904101e-07,-0.0030367705
2.905101e-07,-0.0030288718
2.906101e-07,-0.0030231273
2.907101e-07,-0.0030216912
2.908101e-07,-0.0030252815
2.909101e-07,-0.003031744
2.910101e-07,-0.0030389246
2.911101e-07,-0.0030446691
2.912101e-07,-0.0030482594
2.913101e-07,-0.0030525678
2.914101e-07,-0.0030583123
2.915101e-07,-0.0030676471
2.916101e-07,-0.0030798541
2.917101e-07,-0.0030913431
2.918101e-07,-0.0030999598
2.919101e-07,-0.003102114
2.920101e-07,-0.0030985237
2.921101e-07,-0.0030913431
2.922101e-07,-0.0030841625
2.923101e-07,-0.003079136
2.924101e-07,-0.0030769818
2.925101e-07,-0.0030762638
2.926101e-07,-0.0030741096
2.927101e-07,-0.0030676471
2.928101e-07,-0.0030583123
2.929101e-07,-0.0030496955
2.930101e-07,-0.0030446691
2.931101e-07,-0.0030446691
2.932101e-07,-0.0030489775
2.933101e-07,-0.0030532858
2.934101e-07,-0.0030532858
2.935101e-07,-0.0030446691
2.936101e-07,-0.0030288718
2.937101e-07,-0.0030102022
2.938101e-07,-0.0029951229
2.939101e-07,-0.0029872243
2.940101e-07,-0.0029879423
2.941101e-07,-0.0029929687
2.942101e-07,-0.0029979952
2.943101e-07,-0.0029987132
2.944101e-07,-0.0029936868
2.945101e-07,-0.0029872243
2.946101e-07,-0.002983634
2.947101e-07,-0.0029872243
2.948101e-07,-0.0029979952
2.949101e-07,-0.0030116383
2.950101e-07,-0.0030216912
2.951101e-07,-0.0030216912
2.952101e-07,-0.0030094841
2.953101e-07,-0.0029893784
2.954101e-07,-0.0029678366
2.955101e-07,-0.0029527574
2.956101e-07,-0.002949167
2.957101e-07,-0.0029570657
2.958101e-07,-0.002972145
2.959101e-07,-0.0029872243
2.960101e-07,-0.0029979952
2.961101e-07,-0.0030030216
2.962101e-07,-0.0030023035
2.963101e-07,-0.0029987132
2.964101e-07,-0.0029944049
2.965101e-07,-0.0029893784
2.966101e-07,-0.0029829159
2.967101e-07,-0.0029757353
2.968101e-07,-0.0029692727
2.969101e-07,-0.0029671186
2.970101e-07,-0.002972145
2.971101e-07,-0.0029872243
2.972101e-07,-0.0030087661
2.973101e-07,-0.003031744
2.974101e-07,-0.0030496955
2.975101e-07,-0.0030561581
2.976101e-07,-0.0030518497
2.977101e-07,-0.0030403608
2.978101e-07,-0.0030288718
2.979101e-07,-0.0030216912
2.980101e-07,-0.0030209731
2.981101e-07,-0.0030238454
2.982101e-07,-0.0030252815
2.983101e-07,-0.0030216912
2.984101e-07,-0.0030130744
2.985101e-07,-0.0030030216
2.986101e-07,-0.0029972771
2.987101e-07,-0.0029987132
2.988101e-07,-0.00300733
2.989101e-07,-0.0030166648
2.990101e-07,-0.003019537
2.991101e-07,-0.0030102022
2.992101e-07,-0.0029893784
2.993101e-07,-0.0029628102
2.994101e-07,-0.0029405503
2.995101e-07,-0.0029297794
2.996101e-07,-0.0029340878
2.997101e-07,-0.002949167
2.998101e-07,-0.0029656824
2.999101e-07,-0.0029757353
3.000101e-07,-0.0029742992
3.001101e-07,-0.0029628102
3.002101e-07,-0.002949167
3.003101e-07,-0.0029412684
3.004101e-07,-0.0029441406
3.005101e-07,-0.0029570657
3.006101e-07,-0.0029742992
3.007101e-07,-0.0029872243
3.008101e-07,-0.0029915326
3.009101e-07,-0.0029879423
3.010101e-07,-0.0029800437
3.011101e-07,-0.0029757353
3.012101e-07,-0.0029778895
3.013101e-07,-0.0029865062
3.014101e-07,-0.002995841
3.015101e-07,-0.0029987132
3.016101e-07,-0.0029908146
3.017101e-07,-0.0029728631
3.018101e-07,-0.0029498851
3.019101e-07,-0.0029297794
3.020101e-07,-0.0029182904
3.021101e-07,-0.0029161363
3.022101e-07,-0.0029218807
3.023101e-07,-0.0029297794
3.024101e-07,-0.0029355239
3.025101e-07,-0.00293696
3.026101e-07,-0.0029376781
3.027101e-07,-0.0029412684
3.028101e-07,-0.0029506032
3.029101e-07,-0.0029649644
3.030101e-07,-0.0029829159
3.031101e-07,-0.0029987132
3.032101e-07,-0.0030087661
3.033101e-07,-0.0030123564
3.034101e-07,-0.0030116383
3.035101e-07,-0.0030102022
3.036101e-07,-0.0030109203
3.037101e-07,-0.0030152286
3.038101e-07,-0.0030231273
3.039101e-07,-0.0030331801
3.040101e-07,-0.0030439511
3.041101e-07,-0.003054722
3.042101e-07,-0.003066929
3.043101e-07,-0.003079136
3.044101e-07,-0.003090625
3.045101e-07,-0.0030978056
3.046101e-07,-0.0030978056
3.047101e-07,-0.003090625
3.048101e-07,-0.003078418
3.049101e-07,-0.003066929
3.050101e-07,-0.0030619026
3.051101e-07,-0.0030676471
3.052101e-07,-0.0030841625
3.053101e-07,-0.0031064223
3.054101e-07,-0.0031294003
3.055101e-07,-0.0031480699
3.056101e-07,-0.0031602769
3.057101e-07,-0.0031674575
3.058101e-07,-0.00317392
3.059101e-07,-0.0031825368
3.060101e-07,-0.0031925896
3.061101e-07,-0.0032004883
3.062101e-07,-0.0032019244
3.063101e-07,-0.0031940257
3.064101e-07,-0.0031796645
3.065101e-07,-0.0031638672
3.066101e-07,-0.0031559685
3.067101e-07,-0.0031595588
3.068101e-07,-0.0031753562
3.069101e-07,-0.003197616
3.070101e-07,-0.0032177217
3.071101e-07,-0.0032284926
3.072101e-07,-0.0032277746
3.073101e-07,-0.0032184398
3.074101e-07,-0.003209105
3.075101e-07,-0.0032055147
3.076101e-07,-0.0032112592
3.077101e-07,-0.0032234662
3.078101e-07,-0.0032349552
3.079101e-07,-0.0032399816
3.080101e-07,-0.0032349552
3.081101e-07,-0.0032234662
3.082101e-07,-0.0032112592
3.083101e-07,-0.0032055147
3.084101e-07,-0.0032098231
3.085101e-07,-0.003221312
3.086101e-07,-0.0032342371
3.087101e-07,-0.0032399816
3.088101e-07,-0.0032356733
3.089101e-07,-0.0032220301
3.090101e-07,-0.0032055147
3.091101e-07,-0.0031940257
3.092101e-07,-0.0031918716
3.093101e-07,-0.0031990522
3.094101e-07,-0.003209105
3.095101e-07,-0.0032170037
3.096101e-07,-0.0032170037
3.097101e-07,-0.0032098231
3.098101e-07,-0.0031997702
3.099101e-07,-0.0031940257
3.100101e-07,-0.0031961799
3.101101e-07,-0.0032062328
3.102101e-07,-0.0032191579
3.103101e-07,-0.0032284926
3.104101e-07,-0.0032292107
3.105101e-07,-0.003221312
3.106101e-07,-0.0032069508
3.107101e-07,-0.0031940257
3.108101e-07,-0.0031875632
3.109101e-07,-0.0031889993
3.110101e-07,-0.003196898
3.111101e-07,-0.0032055147
3.112101e-07,-0.003209105
3.113101e-07,-0.0032055147
3.114101e-07,-0.0031954619
3.115101e-07,-0.0031825368
3.116101e-07,-0.0031717659
3.117101e-07,-0.0031660214
3.118101e-07,-0.0031660214
3.119101e-07,-0.0031710478
3.120101e-07,-0.0031789465
3.121101e-07,-0.0031875632
3.122101e-07,-0.0031961799
3.123101e-07,-0.0032055147
3.124101e-07,-0.0032148495
3.125101e-07,-0.0032227482
3.126101e-07,-0.0032277746
3.127101e-07,-0.0032284926
3.128101e-07,-0.0032249023
3.129101e-07,-0.0032184398
3.130101e-07,-0.0032112592
3.131101e-07,-0.0032055147
3.132101e-07,-0.0032033605
3.133101e-07,-0.0032055147
3.134101e-07,-0.0032098231
3.135101e-07,-0.0032170037
3.136101e-07,-0.0032263385
3.137101e-07,-0.0032392636
3.138101e-07,-0.003255779
3.139101e-07,-0.0032744485
3.140101e-07,-0.0032924
3.141101e-07,-0.0033060432
3.142101e-07,-0.0033110696
3.143101e-07,-0.0033089154
3.144101e-07,-0.0033024529
3.145101e-07,-0.0032981445
3.146101e-07,-0.003303171
3.147101e-07,-0.0033204044
3.148101e-07,-0.0033476907
3.149101e-07,-0.0033778493
3.150101e-07,-0.0034022633
3.151101e-07,-0.0034123162
3.152101e-07,-0.0034072898
3.153101e-07,-0.0033914924
3.154101e-07,-0.003374259
3.155101e-07,-0.0033663603
3.156101e-07,-0.0033728228
3.157101e-07,-0.0033914924
3.158101e-07,-0.0034159065
3.159101e-07,-0.0034352941
3.160101e-07,-0.0034417567
3.161101e-07,-0.003433858
3.162101e-07,-0.0034166245
3.163101e-07,-0.0034008272
3.164101e-07,-0.0033950827
3.165101e-07,-0.0034051356
3.166101e-07,-0.0034288316
3.167101e-07,-0.0034582721
3.168101e-07,-0.0034826861
3.169101e-07,-0.0034948932
3.170101e-07,-0.003493457
3.171101e-07,-0.00348125
3.172101e-07,-0.0034676068
3.173101e-07,-0.0034611443
3.174101e-07,-0.0034661707
3.175101e-07,-0.00348125
3.176101e-07,-0.0035013557
3.177101e-07,-0.0035185892
3.178101e-07,-0.0035279239
3.179101e-07,-0.0035272059
3.180101e-07,-0.0035200253
3.181101e-07,-0.0035121266
3.182101e-07,-0.0035099724
3.183101e-07,-0.0035157169
3.184101e-07,-0.0035293601
3.185101e-07,-0.0035465935
3.186101e-07,-0.0035623909
3.187101e-07,-0.0035731618
3.188101e-07,-0.0035774701
3.189101e-07,-0.0035789062
3.190101e-07,-0.0035796243
3.191101e-07,-0.0035846507
3.192101e-07,-0.0035947036
3.193101e-07,-0.0036097829
3.194101e-07,-0.0036262983
3.195101e-07,-0.0036420956
3.196101e-07,-0.0036557387
3.197101e-07,-0.0036679458
3.198101e-07,-0.003682307
3.199101e-07,-0.0036995404
3.200101e-07,-0.0037218003
3.201101e-07,-0.0037476505
3.202101e-07,-0.0037720646
3.203101e-07,-0.0037914522
3.204101e-07,-0.0038022231
3.205101e-07,-0.0038029412
3.206101e-07,-0.0037979148
3.207101e-07,-0.0037914522
3.208101e-07,-0.00378858
3.209101e-07,-0.0037921703
3.210101e-07,-0.0038015051
3.211101e-07,-0.0038144301
3.212101e-07,-0.0038252011
3.213101e-07,-0.0038309455
3.214101e-07,-0.0038302275
3.215101e-07,-0.0038259191
3.216101e-07,-0.0038216108
3.217101e-07,-0.0038216108
3.218101e-07,-0.0038273552
3.219101e-07,-0.0038374081
3.220101e-07,-0.003848179
3.221101e-07,-0.0038553596
3.222101e-07,-0.0038553596
3.223101e-07,-0.0038488971
3.224101e-07,-0.0038395623
3.225101e-07,-0.0038302275
3.226101e-07,-0.0038259191
3.227101e-07,-0.0038259191
3.228101e-07,-0.0038280733
3.229101e-07,-0.0038280733
3.230101e-07,-0.0038237649
3.231101e-07,-0.0038144301
3.232101e-07,-0.0038043773
3.233101e-07,-0.0037979148
3.234101e-07,-0.003800787
3.235101e-07,-0.0038144301
3.236101e-07,-0.0038352539
3.237101e-07,-0.0038582318
3.238101e-07,-0.0038754653
3.239101e-07,-0.003883364
3.240101e-07,-0.0038819278
3.241101e-07,-0.0038754653
3.242101e-07,-0.0038697208
3.243101e-07,-0.003871875
3.244101e-07,-0.003883364
3.245101e-07,-0.0039013155
3.246101e-07,-0.0039228573
3.247101e-07,-0.0039408088
3.248101e-07,-0.0039530159
3.249101e-07,-0.0039594784
3.250101e-07,-0.0039623506
3.251101e-07,-0.0039637868
3.252101e-07,-0.0039659409
3.253101e-07,-0.0039680951
3.254101e-07,-0.0039673771
3.255101e-07,-0.0039637868
3.256101e-07,-0.0039566062
3.257101e-07,-0.0039494256
3.258101e-07,-0.0039465533
3.259101e-07,-0.0039522978
3.260101e-07,-0.0039659409
3.261101e-07,-0.0039846105
3.262101e-07,-0.0040011259
3.263101e-07,-0.0040097426
3.264101e-07,-0.0040061523
3.265101e-07,-0.0039917911
3.266101e-07,-0.0039709674
3.267101e-07,-0.0039522978
3.268101e-07,-0.0039408088
3.269101e-07,-0.0039393727
3.270101e-07,-0.0039451172
3.271101e-07,-0.0039522978
3.272101e-07,-0.0039558881
3.273101e-07,-0.0039522978
3.274101e-07,-0.0039422449
3.275101e-07,-0.0039293199
3.276101e-07,-0.003919267
3.277101e-07,-0.0039163948
3.278101e-07,-0.0039207031
3.279101e-07,-0.0039293199
3.280101e-07,-0.0039386546
3.281101e-07,-0.003942963
3.282101e-07,-0.0039400908
3.283101e-07,-0.0039293199
3.284101e-07,-0.0039135225
3.285101e-07,-0.0038962891
3.286101e-07,-0.0038812098
3.287101e-07,-0.003871875
3.288101e-07,-0.0038690028
3.289101e-07,-0.0038711569
3.290101e-07,-0.0038769014
3.291101e-07,-0.003883364
3.292101e-07,-0.0038869543
3.293101e-07,-0.0038862362
3.294101e-07,-0.0038812098
3.295101e-07,-0.003871875
3.296101e-07,-0.0038625402
3.297101e-07,-0.0038553596
3.298101e-07,-0.0038546415
3.299101e-07,-0.003860386
3.300101e-07,-0.0038711569
3.301101e-07,-0.0038826459
3.302101e-07,-0.0038919807
3.303101e-07,-0.0038948529
3.304101e-07,-0.0038912626
3.305101e-07,-0.003884082
3.306101e-07,-0.0038761834
3.307101e-07,-0.003871875
3.308101e-07,-0.0038740292
3.309101e-07,-0.0038819278
3.310101e-07,-0.0038941349
3.311101e-07,-0.0039063419
3.312101e-07,-0.0039149586
3.313101e-07,-0.0039178309
3.314101e-07,-0.0039142406
3.315101e-07,-0.0039063419
3.316101e-07,-0.003895571
3.317101e-07,-0.0038855182
3.318101e-07,-0.0038769014
3.319101e-07,-0.003871875
3.320101e-07,-0.003871875
3.321101e-07,-0.0038761834
3.322101e-07,-0.003884082
3.323101e-07,-0.0038948529
3.324101e-07,-0.0039049058
3.325101e-07,-0.0039128045
3.326101e-07,-0.0039163948
3.327101e-07,-0.0039178309
3.328101e-07,-0.0039185489
3.329101e-07,-0.0039214212
3.330101e-07,-0.0039286018
3.331101e-07,-0.0039408088
3.332101e-07,-0.0039558881
3.333101e-07,-0.0039695312
3.334101e-07,-0.0039803022
3.335101e-07,-0.0039867647
3.336101e-07,-0.0039896369
3.337101e-07,-0.0039925092
3.338101e-07,-0.0039989717
3.339101e-07,-0.0040097426
3.340101e-07,-0.0040248219
3.341101e-07,-0.0040406193
3.342101e-07,-0.0040549805
3.343101e-07,-0.0040671875
3.344101e-07,-0.0040779584
3.345101e-07,-0.0040894474
3.346101e-07,-0.0041052447
3.347101e-07,-0.0041246324
3.348101e-07,-0.0041454561
3.349101e-07,-0.0041626896
3.350101e-07,-0.0041720244
3.351101e-07,-0.0041705882
3.352101e-07,-0.0041619715
3.353101e-07,-0.0041512006
3.354101e-07,-0.0041447381
3.355101e-07,-0.0041476103
3.356101e-07,-0.0041605354
3.357101e-07,-0.004179205
3.358101e-07,-0.0041993107
3.359101e-07,-0.0042165441
3.360101e-07,-0.0042301873
3.361101e-07,-0.0042423943
3.362101e-07,-0.0042567555
3.363101e-07,-0.004273989
3.364101e-07,-0.0042926585
3.365101e-07,-0.0043077378
3.366101e-07,-0.0043142004
3.367101e-07,-0.0043084559
3.368101e-07,-0.0042933766
3.369101e-07,-0.0042754251
3.370101e-07,-0.0042625
3.371101e-07,-0.0042625
3.372101e-07,-0.0042754251
3.373101e-07,-0.0042962489
3.374101e-07,-0.0043170726
3.375101e-07,-0.0043314338
3.376101e-07,-0.0043364602
3.377101e-07,-0.0043343061
3.378101e-07,-0.0043307158
3.379101e-07,-0.0043314338
3.380101e-07,-0.0043371783
3.381101e-07,-0.004345077
3.382101e-07,-0.0043486673
3.383101e-07,-0.0043429228
3.384101e-07,-0.0043256893
3.385101e-07,-0.0043019933
3.386101e-07,-0.0042782973
3.387101e-07,-0.0042625
3.388101e-07,-0.0042581916
3.389101e-07,-0.0042625
3.390101e-07,-0.0042696806
3.391101e-07,-0.004273989
3.392101e-07,-0.0042711167
3.393101e-07,-0.0042610639
3.394101e-07,-0.0042488568
3.395101e-07,-0.0042395221
3.396101e-07,-0.0042344956
3.397101e-07,-0.0042316234
3.398101e-07,-0.004226597
3.399101e-07,-0.0042165441
3.400101e-07,-0.0042000287
3.401101e-07,-0.0041806411
3.402101e-07,-0.0041655618
3.403101e-07,-0.0041590993
3.404101e-07,-0.0041626896
3.405101e-07,-0.0041727424
3.406101e-07,-0.0041813591
3.407101e-07,-0.0041820772
3.408101e-07,-0.0041713063
3.409101e-07,-0.0041519187
3.410101e-07,-0.0041303768
3.411101e-07,-0.0041131434
3.412101e-07,-0.0041038086
3.413101e-07,-0.0041023725
3.414101e-07,-0.0041030905
3.415101e-07,-0.0041016544
3.416101e-07,-0.0040951919
3.417101e-07,-0.0040865751
3.418101e-07,-0.0040793945
3.419101e-07,-0.0040786765
3.420101e-07,-0.0040858571
3.421101e-07,-0.0040980641
3.422101e-07,-0.004108835
3.423101e-07,-0.0041131434
3.424101e-07,-0.004108117
3.425101e-07,-0.004097346
3.426101e-07,-0.0040858571
3.427101e-07,-0.0040786765
3.428101e-07,-0.0040779584
3.429101e-07,-0.0040815487
3.430101e-07,-0.0040829848
3.431101e-07,-0.0040786765
3.432101e-07,-0.0040671875
3.433101e-07,-0.0040535443
3.434101e-07,-0.0040434915
3.435101e-07,-0.0040442096
3.436101e-07,-0.0040564166
3.437101e-07,-0.0040750862
3.438101e-07,-0.0040930377
3.439101e-07,-0.0041016544
3.440101e-07,-0.0040980641
3.441101e-07,-0.0040858571
3.442101e-07,-0.004072932
3.443101e-07,-0.0040671875
3.444101e-07,-0.004072932
3.445101e-07,-0.0040872932
3.446101e-07,-0.0041038086
3.447101e-07,-0.0041131434
3.448101e-07,-0.0041117073
3.449101e-07,-0.0041002183
3.450101e-07,-0.0040858571
3.451101e-07,-0.0040786765
3.452101e-07,-0.004084421
3.453101e-07,-0.0041038086
3.454101e-07,-0.0041310949
3.455101e-07,-0.0041590993
3.456101e-07,-0.004179923
3.457101e-07,-0.0041906939
3.458101e-07,-0.0041935662
3.459101e-07,-0.0041935662
3.460101e-07,-0.0041957204
3.461101e-07,-0.004202901
3.462101e-07,-0.0042143899
3.463101e-07,-0.0042280331
3.464101e-07,-0.0042423943
3.465101e-07,-0.0042581916
3.466101e-07,-0.0042754251
3.467101e-07,-0.0042969669
3.468101e-07,-0.004322099
3.469101e-07,-0.0043486673
3.470101e-07,-0.0043723633
3.471101e-07,-0.0043888787
3.472101e-07,-0.0043982135
3.473101e-07,-0.0044018038
3.474101e-07,-0.004404676
3.475101e-07,-0.0044118566
3.476101e-07,-0.0044240636
3.477101e-07,-0.0044384249
3.478101e-07,-0.00445135
3.479101e-07,-0.0044578125
3.480101e-07,-0.0044563764
3.481101e-07,-0.0044491958
3.482101e-07,-0.004440579
3.483101e-07,-0.0044348346
3.484101e-07,-0.0044333984
3.485101e-07,-0.0044355526
3.486101e-07,-0.0044369887
3.487101e-07,-0.0044348346
3.488101e-07,-0.004428372
3.489101e-07,-0.0044204733
3.490101e-07,-0.0044140108
3.491101e-07,-0.0044118566
3.492101e-07,-0.0044132927
3.493101e-07,-0.0044140108
3.494101e-07,-0.0044111386
3.495101e-07,-0.0044003676
3.496101e-07,-0.0043838523
3.497101e-07,-0.0043666188
3.498101e-07,-0.0043558479
3.499101e-07,-0.0043544118
3.500101e-07,-0.0043623104
3.501101e-07,-0.0043730813
3.502101e-07,-0.0043802619
3.503101e-07,-0.0043773897
3.504101e-07,-0.0043651827
3.505101e-07,-0.0043479492
3.506101e-07,-0.0043350241
3.507101e-07,-0.0043314338
3.508101e-07,-0.0043371783
3.509101e-07,-0.0043472312
3.510101e-07,-0.0043515395
3.511101e-07,-0.0043429228
3.512101e-07,-0.0043199449
3.513101e-07,-0.0042876321
3.514101e-07,-0.0042574736
3.515101e-07,-0.0042395221
3.516101e-07,-0.0042395221
3.517101e-07,-0.0042546013
3.518101e-07,-0.0042775793
3.519101e-07,-0.0042969669
3.520101e-07,-0.0043063017
3.521101e-07,-0.0043048656
3.522101e-07,-0.0042955308
3.523101e-07,-0.0042854779
3.524101e-07,-0.0042790154
3.525101e-07,-0.0042768612
3.526101e-07,-0.0042768612
3.527101e-07,-0.004273989
3.528101e-07,-0.0042668084
3.529101e-07,-0.0042567555
3.530101e-07,-0.0042467027
3.531101e-07,-0.0042395221
3.532101e-07,-0.0042359318
3.533101e-07,-0.0042337776
3.534101e-07,-0.0042280331
3.535101e-07,-0.0042165441
3.536101e-07,-0.0041993107
3.537101e-07,-0.0041820772
3.538101e-07,-0.0041705882
3.539101e-07,-0.0041705882
3.540101e-07,-0.0041813591
3.541101e-07,-0.0041957204
3.542101e-07,-0.0042064913
3.543101e-07,-0.0042050551
3.544101e-07,-0.0041899759
3.545101e-07,-0.0041655618
3.546101e-07,-0.0041411477
3.547101e-07,-0.0041246324
3.548101e-07,-0.004121042
3.549101e-07,-0.0041275046
3.550101e-07,-0.0041389936
3.551101e-07,-0.0041476103
3.552101e-07,-0.0041504825
3.553101e-07,-0.0041483284
3.554101e-07,-0.0041461742
3.555101e-07,-0.0041476103
3.556101e-07,-0.0041533548
3.557101e-07,-0.0041583812
3.558101e-07,-0.0041583812
3.559101e-07,-0.0041476103
3.560101e-07,-0.0041267865
3.561101e-07,-0.0041030905
3.562101e-07,-0.004084421
3.563101e-07,-0.0040786765
3.564101e-07,-0.0040880113
3.565101e-07,-0.0041066808
3.566101e-07,-0.0041253504
3.567101e-07,-0.0041361213
3.568101e-07,-0.0041361213
3.569101e-07,-0.0041282227
3.570101e-07,-0.0041217601
3.571101e-07,-0.0041246324
3.572101e-07,-0.0041397116
3.573101e-07,-0.0041641257
3.574101e-07,-0.0041885398
3.575101e-07,-0.0042050551
3.576101e-07,-0.0042093635
3.577101e-07,-0.0042050551
3.578101e-07,-0.0042007468
3.579101e-07,-0.0042050551
3.580101e-07,-0.0042222886
3.581101e-07,-0.0042488568
3.582101e-07,-0.0042768612
3.583101e-07,-0.0042969669
3.584101e-07,-0.0043027114
3.585101e-07,-0.0042962489
3.586101e-07,-0.0042833238
3.587101e-07,-0.004273989
3.588101e-07,-0.0042732709
3.589101e-07,-0.0042804515
3.590101e-07,-0.0042912224
3.591101e-07,-0.0042969669
3.592101e-07,-0.0042940947
3.593101e-07,-0.0042833238
3.594101e-07,-0.0042696806
3.595101e-07,-0.0042625
3.596101e-07,-0.0042653722
3.597101e-07,-0.0042782973
3.598101e-07,-0.0042955308
3.599101e-07,-0.0043084559
3.600101e-07,-0.0043127642
3.601101e-07,-0.0043070198
3.602101e-07,-0.0042955308
3.603101e-07,-0.0042854779
3.604101e-07,-0.0042804515
3.605101e-07,-0.0042811696
3.606101e-07,-0.0042847599
3.607101e-07,-0.0042854779
3.608101e-07,-0.0042811696
3.609101e-07,-0.0042725528
3.610101e-07,-0.0042646542
3.611101e-07,-0.0042625
3.612101e-07,-0.0042689625
3.613101e-07,-0.0042826057
3.614101e-07,-0.004298403
3.615101e-07,-0.0043084559
3.616101e-07,-0.004309892
3.617101e-07,-0.0043027114
3.618101e-07,-0.0042919405
3.619101e-07,-0.0042854779
3.620101e-07,-0.0042883502
3.621101e-07,-0.0043012753
3.622101e-07,-0.004321381
3.623101e-07,-0.0043429228
3.624101e-07,-0.0043587201
3.625101e-07,-0.0043659007
3.626101e-07,-0.0043637466
3.627101e-07,-0.0043544118
3.628101e-07,-0.0043407686
3.629101e-07,-0.0043271255
3.630101e-07,-0.0043156365
3.631101e-07,-0.0043084559
3.632101e-07,-0.0043091739
3.633101e-07,-0.0043192268
3.634101e-07,-0.0043393325
3.635101e-07,-0.0043659007
3.636101e-07,-0.004392469
3.637101e-07,-0.0044118566
3.638101e-07,-0.0044183192
3.639101e-07,-0.0044118566
3.640101e-07,-0.0043967773
3.641101e-07,-0.0043831342
3.642101e-07,-0.0043788258
3.643101e-07,-0.0043888787
3.644101e-07,-0.0044104205
3.645101e-07,-0.0044348346
3.646101e-07,-0.0044527861
3.647101e-07,-0.0044578125
3.648101e-07,-0.0044491958
3.649101e-07,-0.0044348346
3.650101e-07,-0.0044240636
3.651101e-07,-0.0044233456
3.652101e-07,-0.0044333984
3.653101e-07,-0.0044484777
3.654101e-07,-0.0044592486
3.655101e-07,-0.0044578125
3.656101e-07,-0.0044441693
3.657101e-07,-0.0044247817
3.658101e-07,-0.0044111386
3.659101e-07,-0.0044118566
3.660101e-07,-0.004428372
3.661101e-07,-0.0044527861
3.662101e-07,-0.0044743279
3.663101e-07,-0.0044807904
3.664101e-07,-0.0044664292
3.665101e-07,-0.0044369887
3.666101e-07,-0.0044025218
3.667101e-07,-0.0043773897
3.668101e-07,-0.0043702091
3.669101e-07,-0.00438098
3.670101e-07,-0.0044018038
3.671101e-07,-0.0044233456
3.672101e-07,-0.0044355526
3.673101e-07,-0.0044348346
3.674101e-07,-0.0044247817
3.675101e-07,-0.0044118566
3.676101e-07,-0.0044018038
3.677101e-07,-0.0043960593
3.678101e-07,-0.004393187
3.679101e-07,-0.0043888787
3.680101e-07,-0.0043802619
3.681101e-07,-0.004369491
3.682101e-07,-0.0043587201
3.683101e-07,-0.0043544118
3.684101e-07,-0.004357284
3.685101e-07,-0.0043659007
3.686101e-07,-0.0043737994
3.687101e-07,-0.0043773897
3.688101e-07,-0.0043737994
3.689101e-07,-0.0043644646
3.690101e-07,-0.0043565659
3.691101e-07,-0.0043544118
3.692101e-07,-0.0043608743
3.693101e-07,-0.0043745175
3.694101e-07,-0.0043888787
3.695101e-07,-0.0044003676
3.696101e-07,-0.0044061121
3.697101e-07,-0.0044089844
3.698101e-07,-0.0044125747
3.699101e-07,-0.0044233456
3.700101e-07,-0.0044412971
3.701101e-07,-0.0044621209
3.702101e-07,-0.0044815085
3.703101e-07,-0.0044922794
3.704101e-07,-0.0044937155
3.705101e-07,-0.0044901252
3.706101e-07,-0.004487253
3.707101e-07,-0.0044922794
3.708101e-07,-0.0045066406
3.709101e-07,-0.0045267463
3.710101e-07,-0.004546852
3.711101e-07,-0.0045612132
3.712101e-07,-0.0045676758
3.713101e-07,-0.00456983
3.714101e-07,-0.0045741383
3.715101e-07,-0.0045841912
3.716101e-07,-0.0046014246
3.717101e-07,-0.0046215303
3.718101e-07,-0.0046373277
3.719101e-07,-0.004641636
3.720101e-07,-0.0046344554
3.721101e-07,-0.0046208123
3.722101e-07,-0.0046093233
3.723101e-07,-0.0046071691
3.724101e-07,-0.004617222
3.725101e-07,-0.0046358915
3.726101e-07,-0.0046545611
3.727101e-07,-0.004664614
3.728101e-07,-0.0046638959
3.729101e-07,-0.0046545611
3.730101e-07,-0.0046445083
3.731101e-07,-0.004641636
3.732101e-07,-0.0046488166
3.733101e-07,-0.0046638959
3.734101e-07,-0.0046789752
3.735101e-07,-0.0046875919
3.736101e-07,-0.0046861558
3.737101e-07,-0.0046782571
3.738101e-07,-0.0046682043
3.739101e-07,-0.004664614
3.740101e-07,-0.0046689223
3.741101e-07,-0.0046782571
3.742101e-07,-0.0046861558
3.743101e-07,-0.0046875919
3.744101e-07,-0.0046796932
3.745101e-07,-0.0046667682
3.746101e-07,-0.0046552792
3.747101e-07,-0.004653125
3.748101e-07,-0.0046610237
3.749101e-07,-0.004676821
3.750101e-07,-0.0046911822
3.751101e-07,-0.0046990809
3.752101e-07,-0.0046969267
3.753101e-07,-0.00468831
3.754101e-07,-0.0046796932
3.755101e-07,-0.0046761029
3.756101e-07,-0.0046796932
3.757101e-07,-0.0046854377
3.758101e-07,-0.0046861558
3.759101e-07,-0.0046761029
3.760101e-07,-0.0046559972
3.761101e-07,-0.0046308651
3.762101e-07,-0.0046121955
3.763101e-07,-0.0046071691
3.764101e-07,-0.0046186581
3.765101e-07,-0.0046401999
3.766101e-07,-0.0046624598
3.767101e-07,-0.0046761029
3.768101e-07,-0.004676821
3.769101e-07,-0.0046674862
3.770101e-07,-0.0046567153
3.771101e-07,-0.004653125
3.772101e-07,-0.0046595875
3.773101e-07,-0.0046732307
3.774101e-07,-0.0046847197
3.775101e-07,-0.0046875919
3.776101e-07,-0.0046782571
3.777101e-07,-0.0046617417
3.778101e-07,-0.0046466625
3.779101e-07,-0.004641636
3.780101e-07,-0.0046502528
3.781101e-07,-0.0046667682
3.782101e-07,-0.0046825655
3.783101e-07,-0.0046875919
3.784101e-07,-0.004676821
3.785101e-07,-0.0046552792
3.786101e-07,-0.0046323012
3.787101e-07,-0.0046186581
3.788101e-07,-0.0046222484
3.789101e-07,-0.0046401999
3.790101e-07,-0.0046660501
3.791101e-07,-0.0046875919
3.792101e-07,-0.0046976448
3.793101e-07,-0.0046954906
3.794101e-07,-0.0046854377
3.795101e-07,-0.0046761029
3.796101e-07,-0.0046725126
3.797101e-07,-0.0046761029
3.798101e-07,-0.0046832835
3.799101e-07,-0.0046875919
3.800101e-07,-0.0046868739
3.801101e-07,-0.0046832835
3.802101e-07,-0.0046818474
3.803101e-07,-0.0046875919
3.804101e-07,-0.0047026712
3.805101e-07,-0.004724213
3.806101e-07,-0.0047443187
3.807101e-07,-0.0047565257
3.808101e-07,-0.0047572438
3.809101e-07,-0.0047507813
3.810101e-07,-0.0047436006
3.811101e-07,-0.0047450368
3.812101e-07,-0.0047586799
3.813101e-07,-0.0047823759
3.814101e-07,-0.0048082261
3.815101e-07,-0.0048254596
3.816101e-07,-0.0048283318
3.817101e-07,-0.0048175609
3.818101e-07,-0.0047981733
3.819101e-07,-0.0047795037
3.820101e-07,-0.0047680147
3.821101e-07,-0.0047644244
3.822101e-07,-0.0047665786
3.823101e-07,-0.0047680147
3.824101e-07,-0.0047651425
3.825101e-07,-0.0047579619
3.826101e-07,-0.0047493451
3.827101e-07,-0.0047450368
3.828101e-07,-0.0047471909
3.829101e-07,-0.0047529354
3.830101e-07,-0.0047586799
3.831101e-07,-0.0047565257
3.832101e-07,-0.0047436006
3.833101e-07,-0.0047220588
3.834101e-07,-0.0046969267
3.835101e-07,-0.0046761029
3.836101e-07,-0.004665332
3.837101e-07,-0.0046660501
3.838101e-07,-0.0046753849
3.839101e-07,-0.0046875919
3.840101e-07,-0.0046983628
3.841101e-07,-0.0047033892
3.842101e-07,-0.0047033892
3.843101e-07,-0.0046990809
3.844101e-07,-0.0046904642
3.845101e-07,-0.0046782571
3.846101e-07,-0.0046617417
3.847101e-07,-0.004641636
3.848101e-07,-0.0046222484
3.849101e-07,-0.0046071691
3.850101e-07,-0.0046021427
3.851101e-07,-0.0046071691
3.852101e-07,-0.0046193761
3.853101e-07,-0.0046315832
3.854101e-07,-0.0046358915
3.855101e-07,-0.0046301471
3.856101e-07,-0.0046150678
3.857101e-07,-0.0045992705
3.858101e-07,-0.0045913718
3.859101e-07,-0.0045956801
3.860101e-07,-0.0046121955
3.861101e-07,-0.0046323012
3.862101e-07,-0.0046445083
3.863101e-07,-0.004641636
3.864101e-07,-0.0046215303
3.865101e-07,-0.0045899357
3.866101e-07,-0.004558341
3.867101e-07,-0.0045382353
3.868101e-07,-0.0045332089
3.869101e-07,-0.0045418256
3.870101e-07,-0.0045540326
3.871101e-07,-0.0045612132
3.872101e-07,-0.004558341
3.873101e-07,-0.004546852
3.874101e-07,-0.0045339269
3.875101e-07,-0.0045267463
3.876101e-07,-0.0045296186
3.877101e-07,-0.0045411075
3.878101e-07,-0.0045540326
3.879101e-07,-0.0045612132
3.880101e-07,-0.0045576229
3.881101e-07,-0.004546134
3.882101e-07,-0.0045332089
3.883101e-07,-0.0045267463
3.884101e-07,-0.0045317727
3.885101e-07,-0.004546852
3.886101e-07,-0.0045669577
3.887101e-07,-0.0045841912
3.888101e-07,-0.0045928079
3.889101e-07,-0.004593526
3.890101e-07,-0.0045884995
3.891101e-07,-0.0045841912
3.892101e-07,-0.0045856273
3.893101e-07,-0.004593526
3.894101e-07,-0.004605733
3.895101e-07,-0.0046186581
3.896101e-07,-0.0046301471
3.897101e-07,-0.0046387638
3.898101e-07,-0.0046459444
3.899101e-07,-0.004653125
3.900101e-07,-0.0046581514
3.901101e-07,-0.0046588695
3.902101e-07,-0.004653125
3.903101e-07,-0.004641636
3.904101e-07,-0.0046287109
3.905101e-07,-0.0046229665
3.906101e-07,-0.0046301471
3.907101e-07,-0.004653125
3.908101e-07,-0.0046868739
3.909101e-07,-0.0047199046
3.910101e-07,-0.0047421645
3.911101e-07,-0.0047450368
3.912101e-07,-0.0047306756
3.913101e-07,-0.0047084157
3.914101e-07,-0.0046904642
3.915101e-07,-0.0046875919
3.916101e-07,-0.0047019531
3.917101e-07,-0.0047263672
3.918101e-07,-0.0047486271
3.919101e-07,-0.0047565257
3.920101e-07,-0.0047457548
3.921101e-07,-0.0047213408
3.922101e-07,-0.0046940545
3.923101e-07,-0.0046761029
3.924101e-07,-0.0046739488
3.925101e-07,-0.0046847197
3.926101e-07,-0.0047012351
3.927101e-07,-0.0047105699
3.928101e-07,-0.0047069795
3.929101e-07,-0.0046911822
3.930101e-07,-0.0046703585
3.931101e-07,-0.004653125
3.932101e-07,-0.0046459444
3.933101e-07,-0.0046480986
3.934101e-07,-0.0046538431
3.935101e-07,-0.004653125
3.936101e-07,-0.004641636
3.937101e-07,-0.0046193761
3.938101e-07,-0.004593526
3.939101e-07,-0.0045727022
3.940101e-07,-0.0045626494
3.941101e-07,-0.0045619313
3.942101e-07,-0.0045648035
3.943101e-07,-0.0045612132
3.944101e-07,-0.0045454159
3.945101e-07,-0.0045166935
3.946101e-07,-0.0044800724
3.947101e-07,-0.0044463235
3.948101e-07,-0.0044226275
3.949101e-07,-0.0044118566
3.950101e-07,-0.0044104205
3.951101e-07,-0.0044118566
3.952101e-07,-0.0044089844
3.953101e-07,-0.0043982135
3.954101e-07,-0.0043824161
3.955101e-07,-0.0043659007
3.956101e-07,-0.0043544118
3.957101e-07,-0.0043501034
3.958101e-07,-0.0043515395
3.959101e-07,-0.0043544118
3.960101e-07,-0.0043536937
3.961101e-07,-0.0043479492
3.962101e-07,-0.0043393325
3.963101e-07,-0.0043314338
3.964101e-07,-0.0043292796
3.965101e-07,-0.0043357422
3.966101e-07,-0.0043486673
3.967101e-07,-0.0043659007
3.968101e-07,-0.0043831342
3.969101e-07,-0.0043989315
3.970101e-07,-0.0044118566
3.971101e-07,-0.0044233456
3.972101e-07,-0.0044348346
3.973101e-07,-0.0044448874
3.974101e-07,-0.0044535041
3.975101e-07,-0.0044578125
3.976101e-07,-0.0044592486
3.977101e-07,-0.0044592486
3.978101e-07,-0.0044614028
3.979101e-07,-0.0044693015
3.980101e-07,-0.0044843807
3.981101e-07,-0.0045037684
3.982101e-07,-0.0045238741
3.983101e-07,-0.0045382353
3.984101e-07,-0.0045439798
3.985101e-07,-0.0045418256
3.986101e-07,-0.004534645
3.987101e-07,-0.0045267463
3.988101e-07,-0.004523156
3.989101e-07,-0.0045253102
3.990101e-07,-0.0045317727
3.991101e-07,-0.0045382353
3.992101e-07,-0.0045418256
3.993101e-07,-0.0045403895
3.994101e-07,-0.004534645
3.995101e-07,-0.0045267463
3.996101e-07,-0.0045188477
3.997101e-07,-0.0045145393
3.998101e-07,-0.0045131032
3.999101e-07,-0.0045152574
4.000101e-07,-0.0045202838
4.001101e-07,-0.0045281824
4.002101e-07,-0.0045382353
4.003101e-07,-0.0045497243
4.004101e-07,-0.0045612132
4.005101e-07,-0.0045719841
4.006101e-07,-0.0045798828
4.007101e-07,-0.0045841912
4.008101e-07,-0.0045870634
4.009101e-07,-0.0045899357
4.010101e-07,-0.0045963982
4.011101e-07,-0.0046071691
4.012101e-07,-0.0046208123
4.013101e-07,-0.0046351735
4.014101e-07,-0.0046466625
4.015101e-07,-0.004653125
4.016101e-07,-0.0046559972
4.017101e-07,-0.0046588695
4.018101e-07,-0.004664614
4.019101e-07,-0.0046761029
4.020101e-07,-0.0046940545
4.021101e-07,-0.0047163143
4.022101e-07,-0.0047378562
4.023101e-07,-0.0047565257
4.024101e-07,-0.0047708869
4.025101e-07,-0.004783812
4.026101e-07,-0.0047974552
4.027101e-07,-0.0048139706
4.028101e-07,-0.0048347943
4.029101e-07,-0.0048570542
4.030101e-07,-0.004877878
4.031101e-07,-0.0048943934
4.032101e-07,-0.0049066004
4.033101e-07,-0.0049173713
4.034101e-07,-0.0049274242
4.035101e-07,-0.0049403493
4.036101e-07,-0.0049554285
4.037101e-07,-0.0049697898
4.038101e-07,-0.0049805607
4.039101e-07,-0.0049863051
4.040101e-07,-0.0049877413
4.041101e-07,-0.0049884593
4.042101e-07,-0.0049913316
4.043101e-07,-0.0049977941
4.044101e-07,-0.0050064108
4.045101e-07,-0.0050135915
4.046101e-07,-0.0050150276
4.047101e-07,-0.0050092831
4.048101e-07,-0.0049985122
4.049101e-07,-0.0049870232
4.050101e-07,-0.0049819968
4.051101e-07,-0.0049863051
4.052101e-07,-0.0049977941
4.053101e-07,-0.0050114373
4.054101e-07,-0.0050207721
4.055101e-07,-0.0050207721
4.056101e-07,-0.0050128734
4.057101e-07,-0.0050028205
4.058101e-07,-0.0049956399
4.059101e-07,-0.0049977941
4.060101e-07,-0.005008565
4.061101e-07,-0.0050236443
4.062101e-07,-0.0050372875
4.063101e-07,-0.00504375
4.064101e-07,-0.0050430319
4.065101e-07,-0.0050394416
4.066101e-07,-0.0050387236
4.067101e-07,-0.00504375
4.068101e-07,-0.0050538028
4.069101e-07,-0.0050624196
4.070101e-07,-0.0050645738
4.071101e-07,-0.005055239
4.072101e-07,-0.0050380055
4.073101e-07,-0.0050207721
4.074101e-07,-0.0050128734
4.075101e-07,-0.0050207721
4.076101e-07,-0.0050423139
4.077101e-07,-0.0050681641
4.078101e-07,-0.0050875517
4.079101e-07,-0.0050897059
4.080101e-07,-0.0050739085
4.081101e-07,-0.0050473403
4.082101e-07,-0.0050214901
4.083101e-07,-0.0050092831
4.084101e-07,-0.0050135915
4.085101e-07,-0.0050308249
4.086101e-07,-0.0050480584
4.087101e-07,-0.005055239
4.088101e-07,-0.0050451861
4.089101e-07,-0.0050214901
4.090101e-07,-0.0049942038
4.091101e-07,-0.0049748162
4.092101e-07,-0.0049712259
4.093101e-07,-0.0049834329
4.094101e-07,-0.0050035386
4.095101e-07,-0.0050207721
4.096101e-07,-0.0050265165
4.097101e-07,-0.0050171818
4.098101e-07,-0.0049977941
4.099101e-07,-0.0049748162
4.100101e-07,-0.0049547105
4.101101e-07,-0.0049417854
4.102101e-07,-0.0049338867
4.103101e-07,-0.0049288603
4.104101e-07,-0.0049245519
4.105101e-07,-0.0049209616
4.106101e-07,-0.0049216797
4.107101e-07,-0.0049288603
4.108101e-07,-0.0049425034
4.109101e-07,-0.004960455
4.110101e-07,-0.0049762523
4.111101e-07,-0.0049863051
4.112101e-07,-0.0049906135
4.113101e-07,-0.0049927677
4.114101e-07,-0.0049977941
4.115101e-07,-0.0050092831
4.116101e-07,-0.0050265165
4.117101e-07,-0.0050444681
4.118101e-07,-0.005055239
4.119101e-07,-0.005055239
4.120101e-07,-0.0050451861
4.121101e-07,-0.005031543
4.122101e-07,-0.0050250804
4.123101e-07,-0.005032261
4.124101e-07,-0.0050530848
4.125101e-07,-0.0050810892
4.126101e-07,-0.0051040671
4.127101e-07,-0.0051126838
4.128101e-07,-0.0051047852
4.129101e-07,-0.0050853975
4.130101e-07,-0.0050652918
4.131101e-07,-0.005055239
4.132101e-07,-0.0050609835
4.133101e-07,-0.005078935
4.134101e-07,-0.0050997587
4.135101e-07,-0.0051126838
4.136101e-07,-0.0051119658
4.137101e-07,-0.0050990407
4.138101e-07,-0.0050803711
4.139101e-07,-0.0050667279
4.140101e-07,-0.0050631376
4.141101e-07,-0.0050696002
4.142101e-07,-0.0050810892
4.143101e-07,-0.0050897059
4.144101e-07,-0.0050904239
4.145101e-07,-0.0050839614
4.146101e-07,-0.0050739085
4.147101e-07,-0.0050667279
4.148101e-07,-0.0050645738
4.149101e-07,-0.005067446
4.150101e-07,-0.0050696002
4.151101e-07,-0.0050667279
4.152101e-07,-0.0050573932
4.153101e-07,-0.0050430319
4.154101e-07,-0.0050293888
4.155101e-07,-0.0050207721
4.156101e-07,-0.0050171818
4.157101e-07,-0.0050157456
4.158101e-07,-0.0050100011
4.159101e-07,-0.0049977941
4.160101e-07,-0.0049798426
4.161101e-07,-0.0049633272
4.162101e-07,-0.0049561466
4.163101e-07,-0.0049633272
4.164101e-07,-0.004984869
4.165101e-07,-0.0050121553
4.166101e-07,-0.0050344152
4.167101e-07,-0.00504375
4.168101e-07,-0.0050372875
4.169101e-07,-0.0050214901
4.170101e-07,-0.0050049747
4.171101e-07,-0.0049977941
4.172101e-07,-0.0050013844
4.173101e-07,-0.0050107192
4.174101e-07,-0.0050164637
4.175101e-07,-0.0050092831
4.176101e-07,-0.0049877413
4.177101e-07,-0.0049575827
4.178101e-07,-0.0049310145
4.179101e-07,-0.0049173713
4.180101e-07,-0.0049216797
4.181101e-07,-0.0049403493
4.182101e-07,-0.0049618911
4.183101e-07,-0.0049748162
4.184101e-07,-0.0049733801
4.185101e-07,-0.0049597369
4.186101e-07,-0.0049410673
4.187101e-07,-0.0049288603
4.188101e-07,-0.0049281422
4.189101e-07,-0.004937477
4.190101e-07,-0.0049518382
4.191101e-07,-0.0049633272
4.192101e-07,-0.0049683536
4.193101e-07,-0.0049690717
4.194101e-07,-0.0049733801
4.195101e-07,-0.0049863051
4.196101e-07,-0.0050107192
4.197101e-07,-0.0050408778
4.198101e-07,-0.0050660099
4.199101e-07,-0.0050782169
4.200101e-07,-0.0050724724
4.201101e-07,-0.0050538028
4.202101e-07,-0.005032261
4.203101e-07,-0.0050207721
4.204101e-07,-0.0050250804
4.205101e-07,-0.0050423139
4.206101e-07,-0.0050638557
4.207101e-07,-0.0050782169
4.208101e-07,-0.0050767808
4.209101e-07,-0.0050609835
4.210101e-07,-0.0050387236
4.211101e-07,-0.0050207721
4.212101e-07,-0.0050164637
4.213101e-07,-0.0050272346
4.214101e-07,-0.0050473403
4.215101e-07,-0.0050667279
4.216101e-07,-0.0050760627
4.217101e-07,-0.0050724724
4.218101e-07,-0.0050588293
4.219101e-07,-0.00504375
4.220101e-07,-0.0050344152
4.221101e-07,-0.0050351333
4.222101e-07,-0.00504375
4.223101e-07,-0.005055239
4.224101e-07,-0.0050638557
4.225101e-07,-0.0050660099
4.226101e-07,-0.0050617015
4.227101e-07,-0.005055239
4.228101e-07,-0.0050494945
4.229101e-07,-0.0050466222
4.230101e-07,-0.0050451861
4.231101e-07,-0.00504375
4.232101e-07,-0.0050408778
4.233101e-07,-0.0050372875
4.234101e-07,-0.0050336972
4.235101e-07,-0.005032261
4.236101e-07,-0.0050336972
4.237101e-07,-0.0050365694
4.238101e-07,-0.0050365694
4.239101e-07,-0.005032261
4.240101e-07,-0.0050236443
4.241101e-07,-0.0050143095
4.242101e-07,-0.005007847
4.243101e-07,-0.0050092831
4.244101e-07,-0.0050178998
4.245101e-07,-0.005032261
4.246101e-07,-0.0050459042
4.247101e-07,-0.005055239
4.248101e-07,-0.0050588293
4.249101e-07,-0.0050581112
4.250101e-07,-0.005055957
4.251101e-07,-0.005055239
4.252101e-07,-0.0050545209
4.253101e-07,-0.0050502125
4.254101e-07,-0.0050394416
4.255101e-07,-0.0050207721
4.256101e-07,-0.0049977941
4.257101e-07,-0.0049776884
4.258101e-07,-0.0049683536
4.259101e-07,-0.0049748162
4.260101e-07,-0.0049956399
4.261101e-07,-0.0050222082
4.262101e-07,-0.0050451861
4.263101e-07,-0.005055239
4.264101e-07,-0.0050502125
4.265101e-07,-0.0050358513
4.266101e-07,-0.0050193359
4.267101e-07,-0.0050092831
4.268101e-07,-0.0050092831
4.269101e-07,-0.0050157456
4.270101e-07,-0.0050222082
4.271101e-07,-0.0050207721
4.272101e-07,-0.0050100011
4.273101e-07,-0.0049927677
4.274101e-07,-0.0049784065
4.275101e-07,-0.0049748162
4.276101e-07,-0.0049855871
4.277101e-07,-0.005007847
4.278101e-07,-0.0050336972
4.279101e-07,-0.005055239
4.280101e-07,-0.0050660099
4.281101e-07,-0.0050667279
4.282101e-07,-0.0050609835
4.283101e-07,-0.005055239
4.284101e-07,-0.0050538028
4.285101e-07,-0.0050573932
4.286101e-07,-0.0050624196
4.287101e-07,-0.0050667279
4.288101e-07,-0.0050681641
4.289101e-07,-0.0050703182
4.290101e-07,-0.0050760627
4.291101e-07,-0.0050897059
4.292101e-07,-0.0051090935
4.293101e-07,-0.0051299173
4.294101e-07,-0.0051442785
4.295101e-07,-0.0051471507
4.296101e-07,-0.0051378159
4.297101e-07,-0.0051213006
4.298101e-07,-0.0051062213
4.299101e-07,-0.0051011949
4.300101e-07,-0.0051076574
4.301101e-07,-0.0051227367
4.302101e-07,-0.005138534
4.303101e-07,-0.0051471507
4.304101e-07,-0.0051464327
4.305101e-07,-0.0051399701
4.306101e-07,-0.0051335076
4.307101e-07,-0.0051356618
4.308101e-07,-0.0051478688
4.309101e-07,-0.0051672564
4.310101e-07,-0.005185208
4.311101e-07,-0.0051931066
4.312101e-07,-0.0051880802
4.313101e-07,-0.005173719
4.314101e-07,-0.0051564855
4.315101e-07,-0.0051471507
4.316101e-07,-0.005150023
4.317101e-07,-0.0051629481
4.318101e-07,-0.0051801815
4.319101e-07,-0.0051931066
4.320101e-07,-0.0051959789
4.321101e-07,-0.0051887983
4.322101e-07,-0.0051773093
4.323101e-07,-0.0051701287
4.324101e-07,-0.0051715648
4.325101e-07,-0.0051816176
4.326101e-07,-0.0051952608
4.327101e-07,-0.0052045956
4.328101e-07,-0.0052053136
4.329101e-07,-0.0051966969
4.330101e-07,-0.0051823357
4.331101e-07,-0.0051701287
4.332101e-07,-0.0051643842
4.333101e-07,-0.0051665384
4.334101e-07,-0.005173719
4.335101e-07,-0.0051816176
4.336101e-07,-0.0051866441
4.337101e-07,-0.0051880802
4.338101e-07,-0.0051887983
4.339101e-07,-0.0051931066
4.340101e-07,-0.0052024414
4.341101e-07,-0.0052153665
4.342101e-07,-0.0052297277
4.343101e-07,-0.0052390625
4.344101e-07,-0.0052419347
4.345101e-07,-0.0052390625
4.346101e-07,-0.0052326
4.347101e-07,-0.0052275735
4.348101e-07,-0.0052261374
4.349101e-07,-0.0052290097
4.350101e-07,-0.0052340361
4.351101e-07,-0.0052390625
4.352101e-07,-0.0052433709
4.353101e-07,-0.0052469612
4.354101e-07,-0.0052534237
4.355101e-07,-0.0052620404
4.356101e-07,-0.0052720933
4.357101e-07,-0.0052792739
4.358101e-07,-0.005279992
4.359101e-07,-0.0052735294
4.360101e-07,-0.0052627585
4.361101e-07,-0.0052534237
4.362101e-07,-0.0052519876
4.363101e-07,-0.0052620404
4.364101e-07,-0.005279992
4.365101e-07,-0.0052993796
4.366101e-07,-0.0053108686
4.367101e-07,-0.0053079963
4.368101e-07,-0.005292199
4.369101e-07,-0.005269221
4.370101e-07,-0.0052491153
4.371101e-07,-0.0052390625
4.372101e-07,-0.0052397806
4.373101e-07,-0.0052462431
4.374101e-07,-0.0052491153
4.375101e-07,-0.0052390625
4.376101e-07,-0.0052160846
4.377101e-07,-0.005185208
4.378101e-07,-0.0051586397
4.379101e-07,-0.0051471507
4.380101e-07,-0.0051550494
4.381101e-07,-0.0051794635
4.382101e-07,-0.0052074678
4.383101e-07,-0.0052275735
4.384101e-07,-0.0052304458
4.385101e-07,-0.0052160846
4.386101e-07,-0.0051923886
4.387101e-07,-0.0051701287
4.388101e-07,-0.0051593578
4.389101e-07,-0.0051636661
4.390101e-07,-0.0051773093
4.391101e-07,-0.0051931066
4.392101e-07,-0.0052010053
4.393101e-07,-0.005197415
4.394101e-07,-0.005185208
4.395101e-07,-0.0051701287
4.396101e-07,-0.0051607939
4.397101e-07,-0.0051629481
4.398101e-07,-0.0051751551
4.399101e-07,-0.0051931066
4.400101e-07,-0.0052110581
4.401101e-07,-0.0052232652
4.402101e-07,-0.0052282916
4.403101e-07,-0.0052275735
4.404101e-07,-0.0052239832
4.405101e-07,-0.0052203929
4.406101e-07,-0.0052175207
4.407101e-07,-0.0052160846
4.408101e-07,-0.0052139304
4.409101e-07,-0.0052110581
4.410101e-07,-0.0052074678
4.411101e-07,-0.0052045956
4.412101e-07,-0.0052031595
4.413101e-07,-0.0052031595
4.414101e-07,-0.0052038775
4.415101e-07,-0.0052045956
4.416101e-07,-0.0052053136
4.417101e-07,-0.0052074678
4.418101e-07,-0.0052110581
4.419101e-07,-0.0052160846
4.420101e-07,-0.0052225471
4.421101e-07,-0.0052268555
4.422101e-07,-0.0052290097
4.423101e-07,-0.0052275735
4.424101e-07,-0.0052247013
4.425101e-07,-0.0052232652
4.426101e-07,-0.0052275735
4.427101e-07,-0.0052390625
4.428101e-07,-0.0052555779
4.429101e-07,-0.0052720933
4.430101e-07,-0.0052828642
4.431101e-07,-0.0052850184
4.432101e-07,-0.0052785558
4.433101e-07,-0.005269221
4.434101e-07,-0.0052613224
4.435101e-07,-0.0052620404
4.436101e-07,-0.0052720933
4.437101e-07,-0.0052886087
4.438101e-07,-0.0053065602
4.439101e-07,-0.0053194853
4.440101e-07,-0.0053245117
4.441101e-07,-0.0053223575
4.442101e-07,-0.0053151769
4.443101e-07,-0.0053079963
4.444101e-07,-0.0053029699
4.445101e-07,-0.0053000977
4.446101e-07,-0.0052979435
4.447101e-07,-0.0052965074
4.448101e-07,-0.0052950712
4.449101e-07,-0.0052957893
4.450101e-07,-0.0053000977
4.451101e-07,-0.0053079963
4.452101e-07,-0.0053166131
4.453101e-07,-0.0053202034
4.454101e-07,-0.0053137408
4.455101e-07,-0.0052965074
4.456101e-07,-0.0052713752
4.457101e-07,-0.005245525
4.458101e-07,-0.0052290097
4.459101e-07,-0.0052275735
4.460101e-07,-0.0052419347
4.461101e-07,-0.0052656307
4.462101e-07,-0.0052907629
4.463101e-07,-0.0053079963
4.464101e-07,-0.0053130227
4.465101e-07,-0.0053072783
4.466101e-07,-0.0052957893
4.467101e-07,-0.0052850184
4.468101e-07,-0.0052792739
4.469101e-07,-0.0052771197
4.470101e-07,-0.0052764017
4.471101e-07,-0.0052735294
4.472101e-07,-0.0052677849
4.473101e-07,-0.0052613224
4.474101e-07,-0.0052584501
4.475101e-07,-0.0052620404
4.476101e-07,-0.0052720933
4.477101e-07,-0.0052850184
4.478101e-07,-0.0052943532
4.479101e-07,-0.0052965074
4.480101e-07,-0.0052907629
4.481101e-07,-0.0052828642
4.482101e-07,-0.0052785558
4.483101e-07,-0.0052850184
4.484101e-07,-0.0053022518
4.485101e-07,-0.0053266659
4.486101e-07,-0.0053503619
4.487101e-07,-0.0053654412
4.488101e-07,-0.0053697495
4.489101e-07,-0.0053668773
4.490101e-07,-0.0053625689
4.491101e-07,-0.0053654412
4.492101e-07,-0.0053776482
4.493101e-07,-0.0053977539
4.494101e-07,-0.0054185777
4.495101e-07,-0.005434375
4.496101e-07,-0.0054415556
4.497101e-07,-0.0054422737
4.498101e-07,-0.0054415556
4.499101e-07,-0.005445864
4.500101e-07,-0.0054573529
4.501101e-07,-0.0054731503
4.502101e-07,-0.0054875115
4.503101e-07,-0.0054918199
4.504101e-07,-0.0054839212
4.505101e-07,-0.0054666877
4.506101e-07,-0.0054473001
4.507101e-07,-0.005434375
4.508101e-07,-0.005434375
4.509101e-07,-0.0054480182
4.510101e-07,-0.00546956
4.511101e-07,-0.0054918199
4.512101e-07,-0.0055076172
4.513101e-07,-0.0055155159
4.514101e-07,-0.0055162339
4.515101e-07,-0.0055147978
4.516101e-07,-0.0055147978
4.517101e-07,-0.0055162339
4.518101e-07,-0.00551767
4.519101e-07,-0.0055147978
4.520101e-07,-0.0055061811
4.521101e-07,-0.0054925379
4.522101e-07,-0.0054788948
4.523101e-07,-0.0054688419
4.524101e-07,-0.0054659697
4.525101e-07,-0.00546956
4.526101e-07,-0.0054760225
4.527101e-07,-0.0054803309
4.528101e-07,-0.0054788948
4.529101e-07,-0.0054709961
4.530101e-07,-0.0054587891
4.531101e-07,-0.005445864
4.532101e-07,-0.005434375
4.533101e-07,-0.0054236041
4.534101e-07,-0.0054128332
4.535101e-07,-0.0053999081
4.536101e-07,-0.0053848288
4.537101e-07,-0.0053704676
4.538101e-07,-0.0053589786
4.539101e-07,-0.0053539522
4.540101e-07,-0.0053553883
4.541101e-07,-0.0053589786
4.542101e-07,-0.0053596967
4.543101e-07,-0.0053539522
4.544101e-07,-0.005339591
4.545101e-07,-0.0053202034
4.546101e-07,-0.0053000977
4.547101e-07,-0.0052850184
4.548101e-07,-0.0052771197
4.549101e-07,-0.0052756836
4.550101e-07,-0.0052756836
4.551101e-07,-0.0052735294
4.552101e-07,-0.0052677849
4.553101e-07,-0.0052591682
4.554101e-07,-0.0052519876
4.555101e-07,-0.0052505515
4.556101e-07,-0.0052555779
4.557101e-07,-0.0052641946
4.558101e-07,-0.0052720933
4.559101e-07,-0.0052735294
4.560101e-07,-0.0052670669
4.561101e-07,-0.0052541418
4.562101e-07,-0.0052397806
4.563101e-07,-0.0052275735
4.564101e-07,-0.005221111
4.565101e-07,-0.005221111
4.566101e-07,-0.0052239832
4.567101e-07,-0.0052275735
4.568101e-07,-0.0052297277
4.569101e-07,-0.0052318819
4.570101e-07,-0.0052347541
4.571101e-07,-0.0052390625
4.572101e-07,-0.005244807
4.573101e-07,-0.0052476792
4.574101e-07,-0.0052462431
4.575101e-07,-0.0052390625
4.576101e-07,-0.0052290097
4.577101e-07,-0.0052203929
4.578101e-07,-0.0052196749
4.579101e-07,-0.0052275735
4.580101e-07,-0.0052419347
4.581101e-07,-0.0052548598
4.582101e-07,-0.0052598863
4.583101e-07,-0.0052505515
4.584101e-07,-0.0052297277
4.585101e-07,-0.0052053136
4.586101e-07,-0.0051866441
4.587101e-07,-0.0051816176
4.588101e-07,-0.0051923886
4.589101e-07,-0.0052139304
4.590101e-07,-0.0052361903
4.591101e-07,-0.0052505515
4.592101e-07,-0.0052527057
4.593101e-07,-0.0052440889
4.594101e-07,-0.005233318
4.595101e-07,-0.0052275735
4.596101e-07,-0.0052304458
4.597101e-07,-0.0052390625
4.598101e-07,-0.0052483973
4.599101e-07,-0.0052505515
4.600101e-07,-0.0052433709
4.601101e-07,-0.0052282916
4.602101e-07,-0.0052132123
4.603101e-07,-0.0052045956
4.604101e-07,-0.0052067498
4.605101e-07,-0.0052182387
4.606101e-07,-0.0052318819
4.607101e-07,-0.0052390625
4.608101e-07,-0.0052361903
4.609101e-07,-0.0052232652
4.610101e-07,-0.0052060317
4.611101e-07,-0.0051931066
4.612101e-07,-0.0051887983
4.613101e-07,-0.0051923886
4.614101e-07,-0.0052002872
4.615101e-07,-0.0052045956
4.616101e-07,-0.0052002872
4.617101e-07,-0.0051880802
4.618101e-07,-0.0051722829
4.619101e-07,-0.0051586397
4.620101e-07,-0.0051536133
4.621101e-07,-0.0051586397
4.622101e-07,-0.0051694106
4.623101e-07,-0.0051816176
4.624101e-07,-0.0051895163
4.625101e-07,-0.0051902344
4.626101e-07,-0.0051866441
4.627101e-07,-0.0051816176
4.628101e-07,-0.0051794635
4.629101e-07,-0.0051816176
4.630101e-07,-0.0051873621
