LECROYHDO6104B,11090,Waveform
Segments,1,SegmentSize,5002
Segment,TrigTime,TimeSinceSegment1
#1,04-May-2026 18:29:50,0                 
Time,Ampl
-3.706826e-08,-0.0056131721
-3.696826e-08,-0.0055837316
-3.686826e-08,-0.005552855
-3.676826e-08,-0.0055298771
-3.666826e-08,-0.0055205423
-3.656826e-08,-0.0055262868
-3.646826e-08,-0.0055420841
-3.636826e-08,-0.0055600356
-3.626826e-08,-0.0055715246
-3.616826e-08,-0.0055722426
-3.606826e-08,-0.0055614717
-3.596826e-08,-0.0055442383
-3.586826e-08,-0.0055270048
-3.576826e-08,-0.0055147978
-3.566826e-08,-0.0055104894
-3.556826e-08,-0.0055104894
-3.546826e-08,-0.0055097714
-3.536826e-08,-0.0055033088
-3.526826e-08,-0.0054875115
-3.516826e-08,-0.0054645335
-3.506826e-08,-0.0054372472
-3.496826e-08,-0.0054113971
-3.486826e-08,-0.0053912914
-3.476826e-08,-0.0053783663
-3.466826e-08,-0.0053704676
-3.456826e-08,-0.0053654412
-3.446826e-08,-0.0053596967
-3.436826e-08,-0.0053532341
-3.426826e-08,-0.0053467716
-3.416826e-08,-0.0053424632
-3.406826e-08,-0.0053410271
-3.396826e-08,-0.0053417452
-3.386826e-08,-0.0053431813
-3.376826e-08,-0.0053424632
-3.366826e-08,-0.0053374368
-3.356826e-08,-0.0053288201
-3.346826e-08,-0.0053180492
-3.336826e-08,-0.0053079963
-3.326826e-08,-0.0053015338
-3.316826e-08,-0.0053000977
-3.306826e-08,-0.0053029699
-3.296826e-08,-0.0053079963
-3.286826e-08,-0.0053130227
-3.276826e-08,-0.005315895
-3.266826e-08,-0.0053144589
-3.256826e-08,-0.0053079963
-3.246826e-08,-0.0052972254
-3.236826e-08,-0.0052828642
-3.226826e-08,-0.0052663488
-3.216826e-08,-0.0052505515
-3.206826e-08,-0.0052383444
-3.196826e-08,-0.0052304458
-3.186826e-08,-0.0052275735
-3.176826e-08,-0.0052275735
-3.166826e-08,-0.0052261374
-3.156826e-08,-0.0052196749
-3.146826e-08,-0.0052081859
-3.136826e-08,-0.0051931066
-3.126826e-08,-0.0051801815
-3.116826e-08,-0.005174437
-3.106826e-08,-0.0051794635
-3.096826e-08,-0.0051931066
-3.086826e-08,-0.005208904
-3.076826e-08,-0.0052175207
-3.066826e-08,-0.0052132123
-3.056826e-08,-0.0051931066
-3.046826e-08,-0.0051629481
-3.036826e-08,-0.0051335076
-3.026826e-08,-0.005114838
-3.016826e-08,-0.0051126838
-3.006826e-08,-0.005127045
-2.996826e-08,-0.0051493049
-2.986826e-08,-0.0051708467
-2.976826e-08,-0.0051816176
-2.966826e-08,-0.0051794635
-2.956826e-08,-0.0051686926
-2.946826e-08,-0.0051557675
-2.936826e-08,-0.0051471507
-2.926826e-08,-0.0051457146
-2.916826e-08,-0.0051493049
-2.906826e-08,-0.005150741
-2.896826e-08,-0.0051471507
-2.886826e-08,-0.0051363798
-2.876826e-08,-0.0051227367
-2.866826e-08,-0.0051134019
-2.856826e-08,-0.0051126838
-2.846826e-08,-0.0051227367
-2.836826e-08,-0.0051406882
-2.826826e-08,-0.0051579216
-2.816826e-08,-0.0051701287
-2.806826e-08,-0.005174437
-2.796826e-08,-0.005174437
-2.786826e-08,-0.0051751551
-2.776826e-08,-0.0051816176
-2.766826e-08,-0.0051952608
-2.756826e-08,-0.0052132123
-2.746826e-08,-0.0052290097
-2.736826e-08,-0.0052390625
-2.726826e-08,-0.0052419347
-2.716826e-08,-0.0052433709
-2.706826e-08,-0.0052483973
-2.696826e-08,-0.0052620404
-2.686826e-08,-0.0052843003
-2.676826e-08,-0.0053101505
-2.666826e-08,-0.0053316923
-2.656826e-08,-0.0053424632
-2.646826e-08,-0.0053417452
-2.636826e-08,-0.0053345646
-2.626826e-08,-0.0053288201
-2.616826e-08,-0.0053309743
-2.606826e-08,-0.0053424632
-2.596826e-08,-0.0053589786
-2.586826e-08,-0.0053726218
-2.576826e-08,-0.0053769301
-2.566826e-08,-0.0053711857
-2.556826e-08,-0.0053611328
-2.546826e-08,-0.0053532341
-2.536826e-08,-0.0053539522
-2.526826e-08,-0.0053640051
-2.516826e-08,-0.0053762121
-2.506826e-08,-0.0053826746
-2.496826e-08,-0.0053769301
-2.486826e-08,-0.0053589786
-2.476826e-08,-0.0053360007
-2.466826e-08,-0.0053194853
-2.456826e-08,-0.0053194853
-2.446826e-08,-0.0053367188
-2.436826e-08,-0.0053625689
-2.426826e-08,-0.0053841108
-2.416826e-08,-0.0053884191
-2.406826e-08,-0.0053704676
-2.396826e-08,-0.0053338465
-2.386826e-08,-0.005292917
-2.376826e-08,-0.0052620404
-2.366826e-08,-0.0052498334
-2.356826e-08,-0.0052577321
-2.346826e-08,-0.0052771197
-2.336826e-08,-0.0052965074
-2.326826e-08,-0.0053079963
-2.316826e-08,-0.0053101505
-2.306826e-08,-0.0053072783
-2.296826e-08,-0.0053079963
-2.286826e-08,-0.0053187672
-2.276826e-08,-0.005339591
-2.266826e-08,-0.0053654412
-2.256826e-08,-0.0053884191
-2.246826e-08,-0.0054034984
-2.236826e-08,-0.0054092429
-2.226826e-08,-0.0054099609
-2.216826e-08,-0.0054113971
-2.206826e-08,-0.0054178596
-2.196826e-08,-0.0054300666
-2.186826e-08,-0.0054451459
-2.176826e-08,-0.0054573529
-2.166826e-08,-0.0054659697
-2.156826e-08,-0.0054717142
-2.146826e-08,-0.0054788948
-2.136826e-08,-0.0054918199
-2.126826e-08,-0.0055104894
-2.116826e-08,-0.0055320312
-2.106826e-08,-0.0055507008
-2.096826e-08,-0.0055607537
-2.086826e-08,-0.0055621898
-2.076826e-08,-0.0055578814
-2.066826e-08,-0.0055557273
-2.056826e-08,-0.0055607537
-2.046826e-08,-0.0055743968
-2.036826e-08,-0.0055923483
-2.026826e-08,-0.0056088637
-2.016826e-08,-0.0056181985
-2.006826e-08,-0.0056203527
-1.996826e-08,-0.0056189166
-1.986826e-08,-0.0056203527
-1.976826e-08,-0.0056296875
-1.966826e-08,-0.0056462029
-1.956826e-08,-0.0056641544
-1.946826e-08,-0.0056756434
-1.936826e-08,-0.0056756434
-1.926826e-08,-0.0056641544
-1.916826e-08,-0.0056490751
-1.906826e-08,-0.0056390223
-1.896826e-08,-0.0056411765
-1.886826e-08,-0.0056555377
-1.876826e-08,-0.0056763614
-1.866826e-08,-0.0056928768
-1.856826e-08,-0.0056986213
-1.846826e-08,-0.0056935949
-1.836826e-08,-0.0056856962
-1.826826e-08,-0.0056849782
-1.816826e-08,-0.0056986213
-1.806826e-08,-0.0057266257
-1.796826e-08,-0.0057596565
-1.786826e-08,-0.0057847886
-1.776826e-08,-0.0057905331
-1.766826e-08,-0.0057747358
-1.756826e-08,-0.0057460133
-1.746826e-08,-0.0057158548
-1.736826e-08,-0.0056986213
-1.726826e-08,-0.0056993394
-1.716826e-08,-0.0057158548
-1.706826e-08,-0.0057373966
-1.696826e-08,-0.0057560662
-1.686826e-08,-0.0057668371
-1.676826e-08,-0.0057718635
-1.666826e-08,-0.005777608
-1.656826e-08,-0.0057905331
-1.646826e-08,-0.0058092027
-1.636826e-08,-0.0058278722
-1.626826e-08,-0.0058350528
-1.616826e-08,-0.005825
-1.606826e-08,-0.0057998679
-1.596826e-08,-0.0057689913
-1.586826e-08,-0.0057474494
-1.576826e-08,-0.0057445772
-1.566826e-08,-0.0057618107
-1.556826e-08,-0.0057905331
-1.546826e-08,-0.0058156652
-1.536826e-08,-0.005825
-1.526826e-08,-0.0058163833
-1.516826e-08,-0.0057984318
-1.506826e-08,-0.0057855067
-1.496826e-08,-0.0057905331
-1.486826e-08,-0.0058178194
-1.476826e-08,-0.0058580308
-1.466826e-08,-0.005896088
-1.456826e-08,-0.0059169118
-1.446826e-08,-0.0059133215
-1.436826e-08,-0.0058910616
-1.426826e-08,-0.0058644933
-1.416826e-08,-0.0058479779
-1.406826e-08,-0.0058508502
-1.396826e-08,-0.0058702378
-1.386826e-08,-0.0058968061
-1.376826e-08,-0.0059169118
-1.366826e-08,-0.0059248104
-1.356826e-08,-0.0059233743
-1.346826e-08,-0.0059212201
-1.336826e-08,-0.0059284007
-1.326826e-08,-0.0059485064
-1.316826e-08,-0.0059765108
-1.306826e-08,-0.0060002068
-1.296826e-08,-0.0060088235
-1.286826e-08,-0.0059980526
-1.276826e-08,-0.0059743566
-1.266826e-08,-0.0059506606
-1.256826e-08,-0.0059398897
-1.246826e-08,-0.0059485064
-1.236826e-08,-0.0059722024
-1.226826e-08,-0.0060002068
-1.216826e-08,-0.0060203125
-1.206826e-08,-0.0060253389
-1.196826e-08,-0.0060181583
-1.186826e-08,-0.0060095416
-1.176826e-08,-0.0060088235
-1.166826e-08,-0.0060203125
-1.156826e-08,-0.0060397001
-1.146826e-08,-0.0060547794
-1.136826e-08,-0.0060547794
-1.126826e-08,-0.0060353918
-1.116826e-08,-0.006002361
-1.106826e-08,-0.0059700483
-1.096826e-08,-0.0059513787
-1.086826e-08,-0.0059542509
-1.076826e-08,-0.0059750747
-1.066826e-08,-0.006002361
-1.056826e-08,-0.0060203125
-1.046826e-08,-0.0060217486
-1.036826e-08,-0.0060081055
-1.026826e-08,-0.0059879998
-1.016826e-08,-0.0059743566
-1.006826e-08,-0.0059736386
-9.968265e-09,-0.0059844095
-9.868265e-09,-0.0059958984
-9.768265e-09,-0.0059973346
-9.668265e-09,-0.0059822553
-9.568265e-09,-0.0059520967
-9.468265e-09,-0.0059183479
-9.368265e-09,-0.0058939338
-9.268265e-09,-0.0058867532
-9.168265e-09,-0.005896088
-9.068265e-09,-0.0059140395
-8.968265e-09,-0.0059284007
-8.868265e-09,-0.0059298369
-8.768265e-09,-0.0059183479
-8.668265e-09,-0.0058996783
-8.568265e-09,-0.0058824449
-8.468265e-09,-0.0058738281
-8.368265e-09,-0.0058738281
-8.268265e-09,-0.0058752642
-8.168265e-09,-0.0058709559
-8.068265e-09,-0.0058551585
-7.968265e-09,-0.0058285903
-7.868265e-09,-0.0058005859
-7.768265e-09,-0.0057790441
-7.668265e-09,-0.0057704274
-7.568265e-09,-0.0057747358
-7.468265e-09,-0.0057847886
-7.368265e-09,-0.0057905331
-7.268265e-09,-0.0057869428
-7.168265e-09,-0.0057732996
-7.068265e-09,-0.0057567842
-6.968265e-09,-0.0057445772
-6.868265e-09,-0.0057431411
-6.768265e-09,-0.0057510398
-6.668265e-09,-0.0057618107
-6.568265e-09,-0.0057675551
-6.468265e-09,-0.0057610926
-6.368265e-09,-0.0057438591
-6.268265e-09,-0.0057201631
-6.168265e-09,-0.0056986213
-6.068265e-09,-0.0056864143
-5.968265e-09,-0.005683542
-5.868265e-09,-0.0056856962
-5.768265e-09,-0.0056871324
-5.668265e-09,-0.0056821059
-5.568265e-09,-0.0056691808
-5.468265e-09,-0.0056533835
-5.368265e-09,-0.0056411765
-5.268265e-09,-0.00563615
-5.168265e-09,-0.0056375862
-5.068265e-09,-0.0056418945
-4.968265e-09,-0.0056411765
-4.868265e-09,-0.0056318417
-4.768265e-09,-0.0056138902
-4.668265e-09,-0.0055916303
-4.568265e-09,-0.0055722426
-4.468265e-09,-0.0055614717
-4.368265e-09,-0.0055593176
-4.268265e-09,-0.0055614717
-4.168265e-09,-0.0055607537
-4.068265e-09,-0.0055507008
-3.968265e-09,-0.0055270048
-3.868265e-09,-0.0054911018
-3.768265e-09,-0.005445864
-3.668265e-09,-0.0053948817
-3.568265e-09,-0.0053417452
-3.468265e-09,-0.0052857364
-3.368265e-09,-0.0052275735
-3.268265e-09,-0.0051658203
-3.168265e-09,-0.005102631
-3.068265e-09,-0.0050387236
-2.968265e-09,-0.0049748162
-2.868265e-09,-0.0049087546
-2.768265e-09,-0.0048355124
-2.668265e-09,-0.004747909
-2.568265e-09,-0.004641636
-2.468265e-09,-0.0045145393
-2.368265e-09,-0.0043716452
-2.268265e-09,-0.0042194164
-2.168265e-09,-0.0040671875
-2.068265e-09,-0.003919267
-1.968265e-09,-0.0037756549
-1.868265e-09,-0.0036313247
-1.768265e-09,-0.00348125
-1.668265e-09,-0.0033196864
-1.568265e-09,-0.0031466337
-1.468265e-09,-0.0029642463
-1.368265e-09,-0.0027804228
-1.268265e-09,-0.0025987534
-1.168265e-09,-0.0024213925
-1.068265e-09,-0.0022461857
-9.682646e-10,-0.0020681066
-8.682646e-10,-0.001883565
-7.682646e-10,-0.0016904067
-6.682646e-10,-0.0014907858
-5.682646e-10,-0.0012868566
-4.682646e-10,-0.0010829274
-3.682646e-10,-0.00088115234
-2.682646e-10,-0.00068153148
-1.682646e-10,-0.00048262868
-6.826458e-11,-0.00028372587
3.173542e-11,-8.6977252e-05
1.317354e-10,0.00010474494
2.317354e-10,0.00028713235
3.317354e-10,0.00045659467
4.317354e-10,0.00061384995
5.317354e-10,0.00076248851
6.317354e-10,0.00090753676
7.317354e-10,0.0010554573
8.317354e-10,0.0012076861
9.317354e-10,0.0013635053
1.031735e-09,0.0015164522
1.131735e-09,0.0016600643
1.231735e-09,0.0017878791
1.331735e-09,0.0018963063
1.431735e-09,0.0019875
1.531735e-09,0.0020650506
1.631735e-09,0.0021347024
1.731735e-09,0.0022036363
1.831735e-09,0.0022747243
1.931735e-09,0.0023494026
2.031735e-09,0.002425517
2.131735e-09,0.0024980411
2.231735e-09,0.0025619485
2.331735e-09,0.0026129308
2.431735e-09,0.0026495519
2.531735e-09,0.0026732479
2.631735e-09,0.0026883272
2.731735e-09,0.0027005342
2.831735e-09,0.0027148955
2.931735e-09,0.0027342831
3.031735e-09,0.002757261
3.131735e-09,0.0027795209
3.231735e-09,0.0027967544
3.331735e-09,0.002804653
3.431735e-09,0.0028032169
3.531735e-09,0.0027946002
3.631735e-09,0.0027838293
3.731735e-09,0.0027744945
3.831735e-09,0.00276875
3.931735e-09,0.0027644416
4.031735e-09,0.0027594152
4.131735e-09,0.0027493624
4.231735e-09,0.0027342831
4.331735e-09,0.0027170496
4.431735e-09,0.0027012523
4.531735e-09,0.0026919175
4.631735e-09,0.0026883272
4.731735e-09,0.0026868911
4.831735e-09,0.0026818647
4.931735e-09,0.0026675034
5.031735e-09,0.0026423713
5.131735e-09,0.0026114947
5.231735e-09,0.0025842084
5.331735e-09,0.0025698472
5.431735e-09,0.0025734375
5.531735e-09,0.0025942613
5.631735e-09,0.0026244198
5.731735e-09,0.0026517061
5.831735e-09,0.0026653493
5.931735e-09,0.002662477
6.031735e-09,0.0026452436
6.131735e-09,0.0026237017
6.231735e-09,0.0026079044
6.331735e-09,0.0026043141
6.431735e-09,0.002615085
6.531735e-09,0.0026337546
6.631735e-09,0.0026538603
6.731735e-09,0.0026696576
6.831735e-09,0.0026789924
6.931735e-09,0.0026833008
7.031735e-09,0.0026883272
7.131735e-09,0.0026962259
7.231735e-09,0.0027084329
7.331735e-09,0.0027220761
7.431735e-09,0.0027342831
7.531735e-09,0.0027421818
7.631735e-09,0.0027457721
7.731735e-09,0.0027500804
7.831735e-09,0.002757261
7.931735e-09,0.0027709042
8.031735e-09,0.0027910099
8.131735e-09,0.0028147059
8.231735e-09,0.0028376838
8.331735e-09,0.0028570715
8.431735e-09,0.0028714327
8.531735e-09,0.0028836397
8.631735e-09,0.0028951287
8.731735e-09,0.0029080538
8.831735e-09,0.0029209789
8.931735e-09,0.0029324678
9.031735e-09,0.0029410846
9.131735e-09,0.0029453929
9.231735e-09,0.002946829
9.331735e-09,0.0029482652
9.431735e-09,0.0029525735
9.531735e-09,0.0029597541
9.631735e-09,0.002969807
9.731735e-09,0.0029791418
9.831735e-09,0.0029870404
9.931735e-09,0.002993503
1.003174e-08,0.0029999655
1.013174e-08,0.0030093003
1.023174e-08,0.0030215074
1.033174e-08,0.0030344324
1.043174e-08,0.0030437672
1.053174e-08,0.0030444853
1.063174e-08,0.0030329963
1.073174e-08,0.0030121726
1.083174e-08,0.0029870404
1.093174e-08,0.0029654986
1.103174e-08,0.0029525735
1.113174e-08,0.0029504193
1.123174e-08,0.0029547277
1.133174e-08,0.0029611903
1.143174e-08,0.0029640625
1.153174e-08,0.0029611903
1.163174e-08,0.0029540097
1.173174e-08,0.002946111
1.183174e-08,0.0029410846
1.193174e-08,0.0029382123
1.203174e-08,0.002934622
1.213174e-08,0.0029245692
1.223174e-08,0.0029066176
1.233174e-08,0.0028814855
1.243174e-08,0.0028556353
1.253174e-08,0.0028355296
1.263174e-08,0.0028261949
1.273174e-08,0.002827631
1.283174e-08,0.0028348116
1.293174e-08,0.002839838
1.303174e-08,0.0028376838
1.313174e-08,0.0028269129
1.323174e-08,0.0028132698
1.333174e-08,0.0028032169
1.343174e-08,0.0028032169
1.353174e-08,0.0028125517
1.363174e-08,0.0028254768
1.373174e-08,0.0028326574
1.383174e-08,0.0028261949
1.393174e-08,0.002804653
1.403174e-08,0.0027730584
1.413174e-08,0.0027421818
1.423174e-08,0.0027227941
1.433174e-08,0.0027220761
1.443174e-08,0.0027385915
1.453174e-08,0.0027651597
1.463174e-08,0.0027917279
1.473174e-08,0.0028111156
1.483174e-08,0.0028204504
1.493174e-08,0.0028197323
1.503174e-08,0.0028147059
1.513174e-08,0.0028075253
1.523174e-08,0.0027996266
1.533174e-08,0.0027910099
1.543174e-08,0.002780239
1.553174e-08,0.0027694681
1.563174e-08,0.0027622875
1.573174e-08,0.0027615694
1.583174e-08,0.00276875
1.593174e-08,0.002780239
1.603174e-08,0.0027902918
1.613174e-08,0.0027910099
1.623174e-08,0.002780239
1.633174e-08,0.0027601333
1.643174e-08,0.0027385915
1.653174e-08,0.0027249483
1.663174e-08,0.0027227941
1.673174e-08,0.0027321289
1.683174e-08,0.0027443359
1.693174e-08,0.0027507985
1.703174e-08,0.0027457721
1.713174e-08,0.0027292567
1.723174e-08,0.002709869
1.733174e-08,0.002697662
1.743174e-08,0.0026998162
1.753174e-08,0.0027170496
1.763174e-08,0.0027414637
1.773174e-08,0.0027615694
1.783174e-08,0.00276875
1.793174e-08,0.0027608513
1.803174e-08,0.0027443359
1.813174e-08,0.0027285386
1.823174e-08,0.0027227941
1.833174e-08,0.0027285386
1.843174e-08,0.0027400276
1.853174e-08,0.0027479262
1.863174e-08,0.0027457721
1.873174e-08,0.002732847
1.883174e-08,0.0027156135
1.893174e-08,0.0027062787
1.903174e-08,0.0027113051
1.913174e-08,0.0027321289
1.923174e-08,0.0027594152
1.933174e-08,0.0027831112
1.943174e-08,0.0027917279
1.953174e-08,0.0027845473
1.963174e-08,0.0027694681
1.973174e-08,0.002756543
1.983174e-08,0.002757261
1.993174e-08,0.0027716222
2.003174e-08,0.002792446
2.013174e-08,0.0028068072
2.023174e-08,0.0028032169
2.033174e-08,0.002780239
2.043174e-08,0.0027457721
2.053174e-08,0.0027148955
2.063174e-08,0.0026998162
2.073174e-08,0.0027048426
2.083174e-08,0.0027235122
2.093174e-08,0.0027421818
2.103174e-08,0.0027457721
2.113174e-08,0.0027299747
2.123174e-08,0.0026983801
2.133174e-08,0.0026653493
2.143174e-08,0.0026423713
2.153174e-08,0.0026359088
2.163174e-08,0.0026416533
2.173174e-08,0.0026481158
2.183174e-08,0.0026423713
2.193174e-08,0.0026193934
2.203174e-08,0.0025834903
2.213174e-08,0.0025483054
2.223174e-08,0.0025274816
2.233174e-08,0.0025267636
2.243174e-08,0.002543279
2.253174e-08,0.0025633847
2.263174e-08,0.0025734375
2.273174e-08,0.0025648208
2.283174e-08,0.0025396886
2.293174e-08,0.0025073759
2.303174e-08,0.0024815257
2.313174e-08,0.0024707548
2.323174e-08,0.002472909
2.333174e-08,0.0024808077
2.343174e-08,0.0024815257
2.353174e-08,0.0024678826
2.363174e-08,0.0024420324
2.373174e-08,0.0024118739
2.383174e-08,0.002389614
2.393174e-08,0.0023824334
2.403174e-08,0.002389614
2.413174e-08,0.0024032571
2.423174e-08,0.0024125919
2.433174e-08,0.0024097197
2.443174e-08,0.0023960765
2.453174e-08,0.002378125
2.463174e-08,0.002366636
2.473174e-08,0.0023687902
2.483174e-08,0.0023824334
2.493174e-08,0.0024011029
2.503174e-08,0.0024125919
2.513174e-08,0.0024090016
2.523174e-08,0.002389614
2.533174e-08,0.0023601735
2.543174e-08,0.0023321691
2.553174e-08,0.0023134995
2.563174e-08,0.0023077551
2.573174e-08,0.0023120634
2.583174e-08,0.0023206801
2.593174e-08,0.0023264246
2.603174e-08,0.0023278608
2.613174e-08,0.0023249885
2.623174e-08,0.0023206801
2.633174e-08,0.0023170898
2.643174e-08,0.0023120634
2.653174e-08,0.0023027286
2.663174e-08,0.0022862132
2.673174e-08,0.0022632353
2.683174e-08,0.0022388212
2.693174e-08,0.0022208697
2.703174e-08,0.0022172794
2.713174e-08,0.0022280503
2.723174e-08,0.0022495921
2.733174e-08,0.002271852
2.743174e-08,0.0022862132
2.753174e-08,0.0022890855
2.763174e-08,0.0022819049
2.773174e-08,0.002271134
2.783174e-08,0.0022632353
2.793174e-08,0.0022610811
2.803174e-08,0.0022625172
2.813174e-08,0.0022610811
2.823174e-08,0.0022517463
2.833174e-08,0.0022323587
2.843174e-08,0.0022093807
2.853174e-08,0.0021899931
2.863174e-08,0.0021828125
2.873174e-08,0.0021907112
2.883174e-08,0.0022093807
2.893174e-08,0.0022287684
2.903174e-08,0.0022402574
2.913174e-08,0.0022381032
2.923174e-08,0.0022251781
2.933174e-08,0.0022072266
2.943174e-08,0.0021943015
2.953174e-08,0.0021907112
2.963174e-08,0.0021957376
2.973174e-08,0.0022029182
2.983174e-08,0.0022057904
2.993174e-08,0.002200764
3.003174e-08,0.002188557
3.013174e-08,0.002177068
3.023174e-08,0.0021713235
3.033174e-08,0.0021756319
3.043174e-08,0.0021871209
3.053174e-08,0.002200046
3.063174e-08,0.0022057904
3.073174e-08,0.002200764
3.083174e-08,0.0021871209
3.093174e-08,0.0021706055
3.103174e-08,0.0021598346
3.113174e-08,0.0021576804
3.123174e-08,0.0021641429
3.133174e-08,0.0021706055
3.143174e-08,0.0021713235
3.153174e-08,0.0021605526
3.163174e-08,0.0021390108
3.173174e-08,0.0021131606
3.183174e-08,0.0020909007
3.193174e-08,0.0020779756
3.203174e-08,0.0020758215
3.213174e-08,0.0020786937
3.223174e-08,0.0020794118
3.233174e-08,0.0020736673
3.243174e-08,0.0020593061
3.253174e-08,0.0020399184
3.263174e-08,0.0020219669
3.273174e-08,0.0020090418
3.283174e-08,0.0020011432
3.293174e-08,0.0019953987
3.303174e-08,0.0019875
3.313174e-08,0.0019738568
3.323174e-08,0.0019544692
3.333174e-08,0.0019343635
3.343174e-08,0.0019185662
3.353174e-08,0.0019121036
3.363174e-08,0.0019142578
3.373174e-08,0.0019228745
3.383174e-08,0.0019300551
3.393174e-08,0.0019322093
3.403174e-08,0.0019271829
3.413174e-08,0.0019178481
3.423174e-08,0.0019070772
3.433174e-08,0.0018991785
3.443174e-08,0.0018941521
3.453174e-08,0.0018905618
3.463174e-08,0.0018840993
3.473174e-08,0.0018733284
3.483174e-08,0.0018589671
3.493174e-08,0.001846042
3.503174e-08,0.0018381434
3.513174e-08,0.0018395795
3.523174e-08,0.0018496324
3.533174e-08,0.0018632755
3.543174e-08,0.0018726103
3.553174e-08,0.0018733284
3.563174e-08,0.0018625574
3.573174e-08,0.0018446059
3.583174e-08,0.0018266544
3.593174e-08,0.0018151654
3.603174e-08,0.0018151654
3.613174e-08,0.0018245002
3.623174e-08,0.0018381434
3.633174e-08,0.0018489143
3.643174e-08,0.0018510685
3.653174e-08,0.0018424517
3.663174e-08,0.0018266544
3.673174e-08,0.0018087029
3.683174e-08,0.0017957778
3.693174e-08,0.0017900333
3.703174e-08,0.0017921875
3.713174e-08,0.001797932
3.723174e-08,0.0018015223
3.733174e-08,0.0018000862
3.743174e-08,0.0017921875
3.753174e-08,0.0017799805
3.763174e-08,0.0017670554
3.773174e-08,0.0017591567
3.783174e-08,0.0017577206
3.793174e-08,0.001762747
3.803174e-08,0.0017713637
3.813174e-08,0.0017785443
3.823174e-08,0.0017806985
3.833174e-08,0.001774954
3.843174e-08,0.001762747
3.853174e-08,0.0017476677
3.863174e-08,0.0017347426
3.873174e-08,0.001727562
3.883174e-08,0.0017289982
3.893174e-08,0.0017361788
3.903174e-08,0.0017462316
3.913174e-08,0.0017534122
3.923174e-08,0.0017548483
3.933174e-08,0.0017476677
3.943174e-08,0.0017347426
3.953174e-08,0.0017203814
3.963174e-08,0.0017103286
3.973174e-08,0.0017074563
3.983174e-08,0.0017117647
3.993174e-08,0.0017210995
4.003174e-08,0.0017289982
4.013174e-08,0.0017304343
4.023174e-08,0.0017232537
4.033174e-08,0.0017067383
4.043174e-08,0.0016844784
4.053174e-08,0.0016622185
4.063174e-08,0.0016428309
4.073174e-08,0.0016299058
4.083174e-08,0.0016227252
4.093174e-08,0.0016198529
4.103174e-08,0.0016198529
4.113174e-08,0.001620571
4.123174e-08,0.0016227252
4.133174e-08,0.0016255974
4.143174e-08,0.0016313419
4.153174e-08,0.0016385225
4.163174e-08,0.0016457031
4.173174e-08,0.0016514476
4.183174e-08,0.0016543199
4.193174e-08,0.0016543199
4.203174e-08,0.0016514476
4.213174e-08,0.0016478573
4.223174e-08,0.0016428309
4.233174e-08,0.0016363683
4.243174e-08,0.0016284697
4.253174e-08,0.0016184168
4.263174e-08,0.001608364
4.273174e-08,0.0016011834
4.283174e-08,0.0016004653
4.293174e-08,0.0016069278
4.303174e-08,0.0016198529
4.313174e-08,0.0016349322
4.323174e-08,0.0016464212
4.333174e-08,0.0016492934
4.343174e-08,0.0016428309
4.353174e-08,0.0016284697
4.363174e-08,0.0016112362
4.373174e-08,0.0015961569
4.383174e-08,0.001585386
4.393174e-08,0.0015767693
4.403174e-08,0.0015667165
4.413174e-08,0.0015509191
4.423174e-08,0.0015279412
4.433174e-08,0.0015013729
4.443174e-08,0.0014769589
4.453174e-08,0.0014618796
4.463174e-08,0.0014590074
4.473174e-08,0.001466906
4.483174e-08,0.001478395
4.493174e-08,0.0014855756
4.503174e-08,0.0014819853
4.513174e-08,0.001466906
4.523174e-08,0.0014439281
4.533174e-08,0.0014202321
4.543174e-08,0.0014015625
4.553174e-08,0.0013886374
4.563174e-08,0.0013785846
4.573174e-08,0.0013649414
4.583174e-08,0.0013441176
4.593174e-08,0.0013146772
4.603174e-08,0.0012816464
4.613174e-08,0.0012514878
4.623174e-08,0.0012292279
4.633174e-08,0.0012170209
4.643174e-08,0.0012112764
4.653174e-08,0.0012055319
4.663174e-08,0.001194761
4.673174e-08,0.0011760915
4.683174e-08,0.0011531135
4.693174e-08,0.0011308536
4.703174e-08,0.0011143382
4.713174e-08,0.0011042854
4.723174e-08,0.0010963867
4.733174e-08,0.0010856158
4.743174e-08,0.0010683824
4.753174e-08,0.0010446864
4.763174e-08,0.0010195542
4.773174e-08,0.0010023208
4.783174e-08,0.00099944853
4.793174e-08,0.0010109375
4.803174e-08,0.0010317613
4.813174e-08,0.0010497128
4.823174e-08,0.0010568934
4.833174e-08,0.0010475586
4.843174e-08,0.0010245807
4.853174e-08,0.00099801241
4.863174e-08,0.00097647059
4.873174e-08,0.0009671358
4.883174e-08,0.0009707261
4.893174e-08,0.00098006089
4.903174e-08,0.00098795956
4.913174e-08,0.00098795956
4.923174e-08,0.00097934283
4.933174e-08,0.00096569968
4.943174e-08,0.00095349265
4.953174e-08,0.0009470301
4.963174e-08,0.00094774816
4.973174e-08,0.00095133847
4.983174e-08,0.00095349265
4.993174e-08,0.00095133847
5.003174e-08,0.00094415786
5.013174e-08,0.00093554113
5.023174e-08,0.00093051471
5.033174e-08,0.00093123277
5.043174e-08,0.00093625919
5.053174e-08,0.00094128562
5.063174e-08,0.00094200368
5.073174e-08,0.00093625919
5.083174e-08,0.00092477022
5.093174e-08,0.00091399931
5.103174e-08,0.00090753676
5.113174e-08,0.00090897289
5.123174e-08,0.00091687155
5.133174e-08,0.00092620634
5.143174e-08,0.00093051471
5.153174e-08,0.00092548828
5.163174e-08,0.00091184513
5.173174e-08,0.00089245749
5.183174e-08,0.00087306985
5.193174e-08,0.00085799058
5.203174e-08,0.00084793773
5.213174e-08,0.00084219324
5.223174e-08,0.00083860294
5.233174e-08,0.0008357307
5.243174e-08,0.00083357652
5.253174e-08,0.00083429458
5.263174e-08,0.00083860294
5.273174e-08,0.00084434743
5.283174e-08,0.00084721967
5.293174e-08,0.00084291131
5.303174e-08,0.00082711397
5.313174e-08,0.00080198185
5.323174e-08,0.00077325942
5.333174e-08,0.00074884536
5.343174e-08,0.00073520221
5.353174e-08,0.00073448415
5.363174e-08,0.00074166475
5.373174e-08,0.00074884536
5.383174e-08,0.00074669118
5.393174e-08,0.0007316119
5.403174e-08,0.00070504366
5.413174e-08,0.00067632123
5.423174e-08,0.00065477941
5.433174e-08,0.00064759881
5.443174e-08,0.00065549747
5.453174e-08,0.00067273093
5.463174e-08,0.00068924632
5.473174e-08,0.00069714499
5.483174e-08,0.00069211857
5.493174e-08,0.00067560317
5.503174e-08,0.00065477941
5.513174e-08,0.00063610983
5.523174e-08,0.00062462086
5.533174e-08,0.0006203125
5.543174e-08,0.0006203125
5.553174e-08,0.00061887638
5.563174e-08,0.00061097771
5.573174e-08,0.00059518038
5.583174e-08,0.00057435662
5.593174e-08,0.00055209674
5.603174e-08,0.00053342716
5.613174e-08,0.00052122013
5.623174e-08,0.00051691176
5.633174e-08,0.00051906595
5.643174e-08,0.00052409237
5.653174e-08,0.00052840074
5.663174e-08,0.00052840074
5.673174e-08,0.00052122013
5.683174e-08,0.00050614085
5.693174e-08,0.00048459903
5.703174e-08,0.00045946691
5.713174e-08,0.00043720703
5.723174e-08,0.00042284582
5.733174e-08,0.00041925551
5.743174e-08,0.000425
5.753174e-08,0.00043648897
5.763174e-08,0.0004451057
5.773174e-08,0.00044654182
5.783174e-08,0.00043648897
5.793174e-08,0.00041638327
5.803174e-08,0.00039268727
5.813174e-08,0.00037114545
5.823174e-08,0.00035606618
5.833174e-08,0.00034960363
5.843174e-08,0.00034816751
5.853174e-08,0.00034744945
5.863174e-08,0.00034457721
5.873174e-08,0.00033883272
5.883174e-08,0.00033308824
5.893174e-08,0.00033093405
5.903174e-08,0.00033308824
5.913174e-08,0.00033883272
5.923174e-08,0.00034242302
5.933174e-08,0.00033811466
5.943174e-08,0.00032159926
5.953174e-08,0.00029503102
5.963174e-08,0.00026343635
5.973174e-08,0.00023543199
5.983174e-08,0.00021819853
5.993174e-08,0.00021460823
6.003174e-08,0.00022107077
6.013174e-08,0.00023255974
6.023174e-08,0.00024117647
6.033174e-08,0.00024404871
6.043174e-08,0.00024045841
6.053174e-08,0.00023471392
6.063174e-08,0.0002296875
6.073174e-08,0.00022681526
6.083174e-08,0.00022466108
6.093174e-08,0.00021891659
6.103174e-08,0.00020670956
6.113174e-08,0.00018803998
6.123174e-08,0.00016649816
6.133174e-08,0.00014854665
6.143174e-08,0.00013777574
6.153174e-08,0.00013633961
6.163174e-08,0.0001420841
6.173174e-08,0.00014782858
6.183174e-08,0.00014926471
6.193174e-08,0.00014352022
6.203174e-08,0.00013274931
6.213174e-08,0.00012126034
6.223174e-08,0.00011479779
6.233174e-08,0.00011479779
6.243174e-08,0.00011982422
6.253174e-08,0.00012485064
6.263174e-08,0.00012628676
6.273174e-08,0.00012126034
6.283174e-08,0.00011264361
6.293174e-08,0.00010546301
6.303174e-08,0.00010330882
6.313174e-08,0.00010833525
6.323174e-08,0.00011767004
6.333174e-08,0.0001255687
6.343174e-08,0.00012628676
6.353174e-08,0.0001183881
6.363174e-08,0.00010546301
6.373174e-08,9.4692096e-05
6.383174e-08,9.1819853e-05
6.393174e-08,0.00010115464
6.403174e-08,0.0001183881
6.413174e-08,0.00013777574
6.423174e-08,0.00014926471
6.433174e-08,0.00014711052
6.443174e-08,0.00013203125
6.453174e-08,0.00011048943
6.463174e-08,9.1819853e-05
6.473174e-08,8.4639246e-05
6.483174e-08,9.0383732e-05
6.493174e-08,0.00010761719
6.503174e-08,0.00012628676
6.513174e-08,0.0001384938
6.523174e-08,0.00013992992
6.533174e-08,0.00012987707
6.543174e-08,0.00011479779
6.553174e-08,0.00010043658
6.563174e-08,9.2537914e-05
6.573174e-08,9.1101792e-05
6.583174e-08,9.1819853e-05
6.593174e-08,8.822955e-05
6.603174e-08,7.5304458e-05
6.613174e-08,5.2326517e-05
6.623174e-08,2.2886029e-05
6.633174e-08,-5.8363971e-06
6.643174e-08,-2.7378217e-05
6.653174e-08,-3.6713006e-05
6.663174e-08,-3.4558824e-05
6.673174e-08,-2.5224035e-05
6.683174e-08,-1.6607307e-05
6.693174e-08,-1.4453125e-05
6.703174e-08,-2.3069853e-05
6.713174e-08,-4.3175551e-05
6.723174e-08,-7.0461857e-05
6.733174e-08,-9.9902344e-05
6.743174e-08,-0.00012647059
6.753174e-08,-0.00014585823
6.763174e-08,-0.00015806526
6.773174e-08,-0.00016596392
6.783174e-08,-0.00017242647
6.793174e-08,-0.00018176126
6.803174e-08,-0.00019755859
6.813174e-08,-0.00021766429
6.823174e-08,-0.00024136029
6.833174e-08,-0.00026362017
6.843174e-08,-0.00028228975
6.853174e-08,-0.00029306066
6.863174e-08,-0.00029880515
6.873174e-08,-0.00030095933
6.883174e-08,-0.00030383157
6.893174e-08,-0.00031029412
6.903174e-08,-0.00032178309
6.913174e-08,-0.00033758042
6.923174e-08,-0.00035625
6.933174e-08,-0.00037420152
6.943174e-08,-0.00039071691
6.953174e-08,-0.00040579619
6.963174e-08,-0.00042231158
6.973174e-08,-0.0004402631
6.983174e-08,-0.00045965074
6.993174e-08,-0.00047903837
7.003174e-08,-0.00049339959
7.013174e-08,-0.00049914407
7.023174e-08,-0.00049411765
7.033174e-08,-0.00047975643
7.043174e-08,-0.00046108686
7.053174e-08,-0.00044528952
7.063174e-08,-0.00043667279
7.073174e-08,-0.00043954504
7.083174e-08,-0.00045390625
7.093174e-08,-0.00047401195
7.103174e-08,-0.00049411765
7.113174e-08,-0.00050919692
7.123174e-08,-0.00051637753
7.133174e-08,-0.00051422335
7.143174e-08,-0.00050560662
7.153174e-08,-0.00049411765
7.163174e-08,-0.00048334674
7.173174e-08,-0.00047544807
7.183174e-08,-0.00047113971
7.193174e-08,-0.00047113971
7.203174e-08,-0.00047616613
7.213174e-08,-0.0004840648
7.223174e-08,-0.00049411765
7.233174e-08,-0.00050488856
7.243174e-08,-0.00051422335
7.253174e-08,-0.00051853171
7.263174e-08,-0.00051709559
7.273174e-08,-0.00050919692
7.283174e-08,-0.00049698989
7.293174e-08,-0.00048334674
7.303174e-08,-0.00047113971
7.313174e-08,-0.00046324104
7.323174e-08,-0.00045965074
7.333174e-08,-0.00045893267
7.343174e-08,-0.00045965074
7.353174e-08,-0.00045821461
7.363174e-08,-0.00045390625
7.373174e-08,-0.00044600758
7.383174e-08,-0.00043667279
7.393174e-08,-0.00042733801
7.403174e-08,-0.0004201574
7.413174e-08,-0.00041513097
7.423174e-08,-0.00041369485
7.433174e-08,-0.00041369485
7.443174e-08,-0.00041513097
7.453174e-08,-0.00041513097
7.463174e-08,-0.00041369485
7.473174e-08,-0.00040938649
7.483174e-08,-0.00040148782
7.493174e-08,-0.00039143497
7.503174e-08,-0.00037922794
7.513174e-08,-0.00036773897
7.523174e-08,-0.00035912224
7.533174e-08,-0.00035481388
7.543174e-08,-0.00035625
7.553174e-08,-0.00036199449
7.563174e-08,-0.00036917509
7.573174e-08,-0.0003763557
7.583174e-08,-0.00037922794
7.593174e-08,-0.00037707376
7.603174e-08,-0.00036989315
7.613174e-08,-0.00035840418
7.623174e-08,-0.00034476103
7.633174e-08,-0.00033039982
7.643174e-08,-0.00031675666
7.653174e-08,-0.00030598575
7.663174e-08,-0.00029880515
7.673174e-08,-0.00029736903
7.683174e-08,-0.00030239545
7.693174e-08,-0.00031532054
7.703174e-08,-0.00033327206
7.713174e-08,-0.00035409582
7.723174e-08,-0.0003727654
7.733174e-08,-0.00038640855
7.743174e-08,-0.00039071691
7.753174e-08,-0.00038640855
7.763174e-08,-0.0003763557
7.773174e-08,-0.00036486673
7.783174e-08,-0.00035625
7.793174e-08,-0.0003526597
7.803174e-08,-0.00035481388
7.813174e-08,-0.00036127642
7.823174e-08,-0.00036773897
7.833174e-08,-0.0003727654
7.843174e-08,-0.0003763557
7.853174e-08,-0.00037779182
7.863174e-08,-0.00037922794
7.873174e-08,-0.00038281824
7.883174e-08,-0.00038856273
7.893174e-08,-0.00039574334
7.903174e-08,-0.00040220588
7.913174e-08,-0.00040723231
7.923174e-08,-0.00041010455
7.933174e-08,-0.00041225873
7.943174e-08,-0.00041369485
7.953174e-08,-0.0004165671
7.963174e-08,-0.00042231158
7.973174e-08,-0.00042877413
7.983174e-08,-0.00043667279
7.993174e-08,-0.0004438534
8.003174e-08,-0.00044959789
8.013174e-08,-0.00045390625
8.023174e-08,-0.00045965074
8.033174e-08,-0.0004675494
8.043174e-08,-0.00047903837
8.053174e-08,-0.00049555377
8.063174e-08,-0.00051709559
8.073174e-08,-0.00054150965
8.083174e-08,-0.00056520565
8.093174e-08,-0.00058531135
8.103174e-08,-0.00059751838
8.113174e-08,-0.00060039063
8.123174e-08,-0.00059464614
8.133174e-08,-0.00058387523
8.143174e-08,-0.00057454044
8.153174e-08,-0.0005716682
8.163174e-08,-0.00057956687
8.173174e-08,-0.00059680032
8.183174e-08,-0.00062049632
8.193174e-08,-0.0006427562
8.203174e-08,-0.00065855354
8.213174e-08,-0.00066501608
8.223174e-08,-0.00066645221
8.233174e-08,-0.00066932445
8.243174e-08,-0.00068009536
8.253174e-08,-0.0007030733
8.263174e-08,-0.00073538603
8.273174e-08,-0.00076769876
8.283174e-08,-0.00078995864
8.293174e-08,-0.00079498506
8.303174e-08,-0.00078134191
8.313174e-08,-0.00075764591
8.323174e-08,-0.00073754021
8.333174e-08,-0.00073179573
8.343174e-08,-0.000746875
8.353174e-08,-0.00077918773
8.363174e-08,-0.00081724494
8.373174e-08,-0.00084812155
8.383174e-08,-0.00086176471
8.393174e-08,-0.00085673828
8.403174e-08,-0.00084022289
8.413174e-08,-0.00082370749
8.423174e-08,-0.00081580882
8.433174e-08,-0.00082011719
8.443174e-08,-0.00083232422
8.453174e-08,-0.00084524931
8.463174e-08,-0.00085027574
8.473174e-08,-0.00084596737
8.483174e-08,-0.00083519646
8.493174e-08,-0.00082729779
8.503174e-08,-0.00082729779
8.513174e-08,-0.00083663258
8.523174e-08,-0.0008509938
8.533174e-08,-0.00086176471
8.543174e-08,-0.00086176471
8.553174e-08,-0.00084955767
8.563174e-08,-0.00083017004
8.573174e-08,-0.00081221852
8.583174e-08,-0.00080431985
8.593174e-08,-0.00080862822
8.603174e-08,-0.00082083525
8.613174e-08,-0.00083304228
8.623174e-08,-0.00083878676
8.633174e-08,-0.00083519646
8.643174e-08,-0.00082657973
8.653174e-08,-0.00082155331
8.663174e-08,-0.00082729779
8.673174e-08,-0.00084596737
8.683174e-08,-0.00087253562
8.693174e-08,-0.00089623162
8.703174e-08,-0.00090772059
8.713174e-08,-0.00090269416
8.723174e-08,-0.00088474265
8.733174e-08,-0.00086391889
8.743174e-08,-0.00085027574
8.753174e-08,-0.00084955767
8.763174e-08,-0.00086176471
8.773174e-08,-0.00087971622
8.783174e-08,-0.00089623162
8.793174e-08,-0.00090628447
8.803174e-08,-0.00090987477
8.813174e-08,-0.00091202895
8.823174e-08,-0.00091920956
8.833174e-08,-0.00093285271
8.843174e-08,-0.00095080423
8.853174e-08,-0.00096731962
8.863174e-08,-0.00097665441
8.873174e-08,-0.00097880859
8.883174e-08,-0.00097665441
8.893174e-08,-0.00097809053
8.903174e-08,-0.00098814338
8.913174e-08,-0.001007531
8.923174e-08,-0.001031227
8.933174e-08,-0.0010498966
8.943174e-08,-0.0010570772
8.953174e-08,-0.0010527688
8.963174e-08,-0.0010441521
8.973174e-08,-0.001042716
8.983174e-08,-0.0010570772
8.993174e-08,-0.001090108
9.003174e-08,-0.0011353458
9.013174e-08,-0.0011784295
9.023174e-08,-0.0012064338
9.033174e-08,-0.0012128964
9.043174e-08,-0.0012014074
9.053174e-08,-0.0011827378
9.063174e-08,-0.0011719669
9.073174e-08,-0.0011777114
9.083174e-08,-0.0012014074
9.093174e-08,-0.0012337201
9.103174e-08,-0.0012638787
9.113174e-08,-0.0012818302
9.123174e-08,-0.0012847024
9.133174e-08,-0.001279676
9.143174e-08,-0.0012753676
9.153174e-08,-0.0012818302
9.163174e-08,-0.0013019359
9.173174e-08,-0.0013328125
9.183174e-08,-0.0013672794
9.193174e-08,-0.0013960018
9.203174e-08,-0.0014146714
9.213174e-08,-0.0014225701
9.223174e-08,-0.0014247243
9.233174e-08,-0.0014247243
9.243174e-08,-0.0014268784
9.253174e-08,-0.0014304688
9.263174e-08,-0.0014362132
9.273174e-08,-0.0014419577
9.283174e-08,-0.0014469841
9.293174e-08,-0.0014527286
9.303174e-08,-0.0014591912
9.313174e-08,-0.0014649357
9.323174e-08,-0.001468526
9.333174e-08,-0.0014663718
9.343174e-08,-0.0014591912
9.353174e-08,-0.0014498564
9.363174e-08,-0.0014441119
9.373174e-08,-0.0014462661
9.383174e-08,-0.0014591912
9.393174e-08,-0.0014785788
9.403174e-08,-0.0014979665
9.413174e-08,-0.0015080193
9.423174e-08,-0.0015051471
9.433174e-08,-0.0014907858
9.443174e-08,-0.0014728343
9.453174e-08,-0.0014606273
9.463174e-08,-0.0014591912
9.473174e-08,-0.0014699621
9.483174e-08,-0.0014857594
9.493174e-08,-0.0014994026
9.503174e-08,-0.0015051471
9.513174e-08,-0.0015029929
9.523174e-08,-0.0014986845
9.533174e-08,-0.0015015568
9.543174e-08,-0.001516636
9.553174e-08,-0.0015417682
9.563174e-08,-0.0015690545
9.573174e-08,-0.0015855699
9.583174e-08,-0.0015855699
9.593174e-08,-0.0015690545
9.603174e-08,-0.0015446404
9.613174e-08,-0.0015274069
9.623174e-08,-0.001528125
9.633174e-08,-0.0015482307
9.643174e-08,-0.0015812615
9.653174e-08,-0.0016135742
9.663174e-08,-0.0016315257
9.673174e-08,-0.0016308077
9.683174e-08,-0.0016171645
9.693174e-08,-0.0016013672
9.703174e-08,-0.0015970588
9.713174e-08,-0.001610702
9.723174e-08,-0.0016379883
9.733174e-08,-0.0016681468
9.743174e-08,-0.0016889706
9.753174e-08,-0.0016918428
9.763174e-08,-0.0016789177
9.773174e-08,-0.001658812
9.783174e-08,-0.0016430147
9.793174e-08,-0.0016408605
9.803174e-08,-0.0016523495
9.813174e-08,-0.0016717371
9.823174e-08,-0.0016889706
9.833174e-08,-0.0016975873
9.843174e-08,-0.0016968693
9.853174e-08,-0.0016918428
9.863174e-08,-0.0016889706
9.873174e-08,-0.0016947151
9.883174e-08,-0.0017090763
9.893174e-08,-0.0017284639
9.903174e-08,-0.0017464154
9.913174e-08,-0.0017593405
9.923174e-08,-0.0017665211
9.933174e-08,-0.0017722656
9.943174e-08,-0.0017808824
9.953174e-08,-0.0017930894
9.963174e-08,-0.0018060145
9.973174e-08,-0.0018146312
9.983174e-08,-0.0018153493
9.993174e-08,-0.0018074506
1.000317e-07,-0.0017952436
1.001317e-07,-0.0017844727
1.002317e-07,-0.0017808824
1.003317e-07,-0.0017837546
1.004317e-07,-0.0017902171
1.005317e-07,-0.0017938074
1.006317e-07,-0.0017923713
1.007317e-07,-0.0017866268
1.008317e-07,-0.0017830365
1.009317e-07,-0.001788063
1.010317e-07,-0.0018038603
1.011317e-07,-0.0018268382
1.012317e-07,-0.0018462259
1.013317e-07,-0.0018519704
1.014317e-07,-0.0018383272
1.015317e-07,-0.0018088867
1.016317e-07,-0.0017758559
1.017317e-07,-0.0017521599
1.018317e-07,-0.0017464154
1.019317e-07,-0.0017579044
1.020317e-07,-0.0017758559
1.021317e-07,-0.0017866268
1.022317e-07,-0.0017808824
1.023317e-07,-0.0017593405
1.024317e-07,-0.0017313362
1.025317e-07,-0.0017126666
1.026317e-07,-0.0017119485
1.027317e-07,-0.0017299
1.028317e-07,-0.0017557502
1.029317e-07,-0.0017729837
1.030317e-07,-0.0017693934
1.031317e-07,-0.0017442613
1.032317e-07,-0.0017090763
1.033317e-07,-0.00168179
1.034317e-07,-0.0016774816
1.035317e-07,-0.0017004596
1.036317e-07,-0.001740671
1.037317e-07,-0.0017808824
1.038317e-07,-0.0018038603
1.039317e-07,-0.0018024242
1.040317e-07,-0.0017816004
1.041317e-07,-0.0017579044
1.042317e-07,-0.0017464154
1.043317e-07,-0.0017557502
1.044317e-07,-0.0017830365
1.045317e-07,-0.0018153493
1.046317e-07,-0.0018383272
1.047317e-07,-0.0018440717
1.048317e-07,-0.0018368911
1.049317e-07,-0.0018268382
1.050317e-07,-0.0018268382
1.051317e-07,-0.0018426356
1.052317e-07,-0.001871358
1.053317e-07,-0.0019000804
1.054317e-07,-0.00191875
1.055317e-07,-0.0019216222
1.056317e-07,-0.0019144416
1.057317e-07,-0.0019094152
1.058317e-07,-0.00191875
1.059317e-07,-0.0019467544
1.060317e-07,-0.0019848116
1.061317e-07,-0.0020192785
1.062317e-07,-0.0020336397
1.063317e-07,-0.0020214327
1.064317e-07,-0.0019891199
1.065317e-07,-0.0019524989
1.066317e-07,-0.001930239
1.067317e-07,-0.0019338293
1.068317e-07,-0.0019618336
1.069317e-07,-0.0020006089
1.070317e-07,-0.0020336397
1.071317e-07,-0.0020472829
1.072317e-07,-0.0020393842
1.073317e-07,-0.0020185604
1.074317e-07,-0.0019991728
1.075317e-07,-0.0019919922
1.076317e-07,-0.0019998909
1.077317e-07,-0.0020171243
1.078317e-07,-0.0020336397
1.079317e-07,-0.0020408203
1.080317e-07,-0.00203723
1.081317e-07,-0.0020278952
1.082317e-07,-0.0020221507
1.083317e-07,-0.0020264591
1.084317e-07,-0.0020401023
1.085317e-07,-0.0020573357
1.086317e-07,-0.0020681066
1.087317e-07,-0.0020681066
1.088317e-07,-0.0020587718
1.089317e-07,-0.0020472829
1.090317e-07,-0.0020451287
1.091317e-07,-0.0020573357
1.092317e-07,-0.002083904
1.093317e-07,-0.0021140625
1.094317e-07,-0.0021370404
1.095317e-07,-0.002143503
1.096317e-07,-0.002131296
1.097317e-07,-0.0021061638
1.098317e-07,-0.0020795956
1.099317e-07,-0.002060926
1.100317e-07,-0.0020544635
1.101317e-07,-0.0020587718
1.102317e-07,-0.0020681066
1.103317e-07,-0.0020767233
1.104317e-07,-0.0020803136
1.105317e-07,-0.0020810317
1.106317e-07,-0.0020795956
1.107317e-07,-0.0020788775
1.108317e-07,-0.0020774414
1.109317e-07,-0.0020745692
1.110317e-07,-0.0020681066
1.111317e-07,-0.0020594899
1.112317e-07,-0.0020537454
1.113317e-07,-0.0020551815
1.114317e-07,-0.0020681066
1.115317e-07,-0.0020896484
1.116317e-07,-0.0021133444
1.117317e-07,-0.0021277057
1.118317e-07,-0.0021255515
1.119317e-07,-0.0021068819
1.120317e-07,-0.0020788775
1.121317e-07,-0.0020544635
1.122317e-07,-0.0020451287
1.123317e-07,-0.0020566176
1.124317e-07,-0.002083904
1.125317e-07,-0.0021154986
1.126317e-07,-0.0021370404
1.127317e-07,-0.0021384766
1.128317e-07,-0.002119807
1.129317e-07,-0.0020882123
1.130317e-07,-0.0020566176
1.131317e-07,-0.00203723
1.132317e-07,-0.0020336397
1.133317e-07,-0.0020429745
1.134317e-07,-0.0020566176
1.135317e-07,-0.0020637983
1.136317e-07,-0.0020587718
1.137317e-07,-0.0020429745
1.138317e-07,-0.0020221507
1.139317e-07,-0.0020041992
1.140317e-07,-0.0019955825
1.141317e-07,-0.0019984547
1.142317e-07,-0.0020106618
1.143317e-07,-0.0020271772
1.144317e-07,-0.0020436926
1.145317e-07,-0.0020573357
1.146317e-07,-0.0020681066
1.147317e-07,-0.0020767233
1.148317e-07,-0.002083904
1.149317e-07,-0.0020925207
1.150317e-07,-0.0021025735
1.151317e-07,-0.0021154986
1.152317e-07,-0.002131296
1.153317e-07,-0.0021506836
1.154317e-07,-0.0021715074
1.155317e-07,-0.002190895
1.156317e-07,-0.0022045381
1.157317e-07,-0.0022095646
1.158317e-07,-0.0022059743
1.159317e-07,-0.0021980756
1.160317e-07,-0.0021916131
1.161317e-07,-0.0021930492
1.162317e-07,-0.0022059743
1.163317e-07,-0.0022282341
1.164317e-07,-0.0022555205
1.165317e-07,-0.0022806526
1.166317e-07,-0.002297886
1.167317e-07,-0.0023079389
1.168317e-07,-0.0023136834
1.169317e-07,-0.0023201459
1.170317e-07,-0.0023323529
1.171317e-07,-0.0023488683
1.172317e-07,-0.0023661018
1.173317e-07,-0.0023768727
1.174317e-07,-0.0023783088
1.175317e-07,-0.0023704102
1.176317e-07,-0.0023574851
1.177317e-07,-0.0023467142
1.178317e-07,-0.0023438419
1.179317e-07,-0.0023503045
1.180317e-07,-0.0023617934
1.181317e-07,-0.0023725643
1.182317e-07,-0.0023783088
1.183317e-07,-0.0023775908
1.184317e-07,-0.0023740005
1.185317e-07,-0.0023732824
1.186317e-07,-0.0023783088
1.187317e-07,-0.0023883617
1.188317e-07,-0.0023984145
1.189317e-07,-0.0024005687
1.190317e-07,-0.0023897978
1.191317e-07,-0.0023675379
1.192317e-07,-0.0023402516
1.193317e-07,-0.0023187098
1.194317e-07,-0.002309375
1.195317e-07,-0.0023151195
1.196317e-07,-0.0023309168
1.197317e-07,-0.0023467142
1.198317e-07,-0.0023553309
1.199317e-07,-0.0023524586
1.200317e-07,-0.0023416877
1.201317e-07,-0.0023323529
1.202317e-07,-0.0023323529
1.203317e-07,-0.002345278
1.204317e-07,-0.002368974
1.205317e-07,-0.0023941062
1.206317e-07,-0.0024127757
1.207317e-07,-0.0024185202
1.208317e-07,-0.0024120577
1.209317e-07,-0.0023998506
1.210317e-07,-0.0023897978
1.211317e-07,-0.0023869256
1.212317e-07,-0.002391952
1.213317e-07,-0.0024020048
1.214317e-07,-0.0024127757
1.215317e-07,-0.0024206744
1.216317e-07,-0.0024271369
1.217317e-07,-0.0024350356
1.218317e-07,-0.0024472426
1.219317e-07,-0.00246304
1.220317e-07,-0.0024781193
1.221317e-07,-0.0024860179
1.222317e-07,-0.0024817096
1.223317e-07,-0.0024651942
1.224317e-07,-0.0024422162
1.225317e-07,-0.0024221105
1.226317e-07,-0.0024127757
1.227317e-07,-0.0024170841
1.228317e-07,-0.0024321634
1.229317e-07,-0.0024486788
1.230317e-07,-0.0024587316
1.231317e-07,-0.0024572955
1.232317e-07,-0.0024465246
1.233317e-07,-0.0024328814
1.234317e-07,-0.0024242647
1.235317e-07,-0.0024249828
1.236317e-07,-0.0024350356
1.237317e-07,-0.0024486788
1.238317e-07,-0.0024587316
1.239317e-07,-0.0024616039
1.240317e-07,-0.0024572955
1.241317e-07,-0.002450833
1.242317e-07,-0.0024472426
1.243317e-07,-0.0024501149
1.244317e-07,-0.0024580136
1.245317e-07,-0.0024659122
1.246317e-07,-0.0024702206
1.247317e-07,-0.0024680664
1.248317e-07,-0.0024623219
1.249317e-07,-0.0024572955
1.250317e-07,-0.0024587316
1.251317e-07,-0.0024680664
1.252317e-07,-0.0024824276
1.253317e-07,-0.0024967888
1.254317e-07,-0.0025046875
1.255317e-07,-0.0025061236
1.256317e-07,-0.0025039694
1.257317e-07,-0.0025054056
1.258317e-07,-0.0025161765
1.259317e-07,-0.0025391544
1.260317e-07,-0.002569313
1.261317e-07,-0.0025987534
1.262317e-07,-0.0026195772
1.263317e-07,-0.0026267578
1.264317e-07,-0.0026231675
1.265317e-07,-0.0026138327
1.266317e-07,-0.0026080882
1.267317e-07,-0.0026102424
1.268317e-07,-0.0026195772
1.269317e-07,-0.0026325023
1.270317e-07,-0.0026425551
1.271317e-07,-0.0026468635
1.272317e-07,-0.0026475816
1.273317e-07,-0.0026475816
1.274317e-07,-0.0026540441
1.275317e-07,-0.0026684053
1.276317e-07,-0.0026892291
1.277317e-07,-0.0027100528
1.278317e-07,-0.0027229779
1.279317e-07,-0.002723696
1.280317e-07,-0.0027129251
1.281317e-07,-0.0026949736
1.282317e-07,-0.0026770221
1.283317e-07,-0.0026633789
1.284317e-07,-0.0026569164
1.285317e-07,-0.0026547622
1.286317e-07,-0.0026540441
1.287317e-07,-0.002652608
1.288317e-07,-0.0026511719
1.289317e-07,-0.0026511719
1.290317e-07,-0.0026540441
1.291317e-07,-0.0026605067
1.292317e-07,-0.0026691234
1.293317e-07,-0.0026748679
1.294317e-07,-0.0026770221
1.295317e-07,-0.0026748679
1.296317e-07,-0.0026719956
1.297317e-07,-0.0026719956
1.298317e-07,-0.0026770221
1.299317e-07,-0.0026849207
1.300317e-07,-0.0026906652
1.301317e-07,-0.0026892291
1.302317e-07,-0.0026770221
1.303317e-07,-0.0026576344
1.304317e-07,-0.0026382468
1.305317e-07,-0.0026274759
1.306317e-07,-0.0026310662
1.307317e-07,-0.0026468635
1.308317e-07,-0.0026684053
1.309317e-07,-0.0026849207
1.310317e-07,-0.002688511
1.311317e-07,-0.0026784582
1.312317e-07,-0.0026605067
1.313317e-07,-0.0026454274
1.314317e-07,-0.0026425551
1.315317e-07,-0.0026554802
1.316317e-07,-0.0026784582
1.317317e-07,-0.0027007181
1.318317e-07,-0.002711489
1.319317e-07,-0.0027057445
1.320317e-07,-0.0026856388
1.321317e-07,-0.0026605067
1.322317e-07,-0.0026425551
1.323317e-07,-0.0026389648
1.324317e-07,-0.0026504538
1.325317e-07,-0.0026705595
1.326317e-07,-0.002688511
1.327317e-07,-0.0026971278
1.328317e-07,-0.0026935375
1.329317e-07,-0.0026806124
1.330317e-07,-0.0026655331
1.331317e-07,-0.0026547622
1.332317e-07,-0.0026504538
1.333317e-07,-0.0026511719
1.334317e-07,-0.0026540441
1.335317e-07,-0.0026554802
1.336317e-07,-0.0026540441
1.337317e-07,-0.002652608
1.338317e-07,-0.0026540441
1.339317e-07,-0.0026590705
1.340317e-07,-0.0026669692
1.341317e-07,-0.0026741498
1.342317e-07,-0.0026770221
1.343317e-07,-0.0026755859
1.344317e-07,-0.0026719956
1.345317e-07,-0.0026712776
1.346317e-07,-0.0026770221
1.347317e-07,-0.0026913833
1.348317e-07,-0.0027107709
1.349317e-07,-0.0027308766
1.350317e-07,-0.0027459559
1.351317e-07,-0.0027538545
1.352317e-07,-0.0027560087
1.353317e-07,-0.0027560087
1.354317e-07,-0.0027574449
1.355317e-07,-0.0027617532
1.356317e-07,-0.0027667796
1.357317e-07,-0.0027696519
1.358317e-07,-0.0027689338
1.359317e-07,-0.0027660616
1.360317e-07,-0.0027653435
1.361317e-07,-0.0027732422
1.362317e-07,-0.0027919118
1.363317e-07,-0.0028191981
1.364317e-07,-0.0028472024
1.365317e-07,-0.0028665901
1.366317e-07,-0.0028723346
1.367317e-07,-0.0028629998
1.368317e-07,-0.0028464844
1.369317e-07,-0.002830687
1.370317e-07,-0.0028263787
1.371317e-07,-0.0028357135
1.372317e-07,-0.002853665
1.373317e-07,-0.0028730526
1.374317e-07,-0.0028838235
1.375317e-07,-0.0028823874
1.376317e-07,-0.0028708984
1.377317e-07,-0.0028572553
1.378317e-07,-0.0028493566
1.379317e-07,-0.0028522289
1.380317e-07,-0.002865154
1.381317e-07,-0.0028823874
1.382317e-07,-0.0028953125
1.383317e-07,-0.0029003389
1.384317e-07,-0.0028967486
1.385317e-07,-0.002889568
1.386317e-07,-0.0028838235
1.387317e-07,-0.0028831055
1.388317e-07,-0.0028866958
1.389317e-07,-0.0028917222
1.390317e-07,-0.0028953125
1.391317e-07,-0.0028960306
1.392317e-07,-0.0028960306
1.393317e-07,-0.0028989028
1.394317e-07,-0.0029068015
1.395317e-07,-0.0029182904
1.396317e-07,-0.0029276252
1.397317e-07,-0.0029290614
1.398317e-07,-0.0029182904
1.399317e-07,-0.0028974667
1.400317e-07,-0.0028744887
1.401317e-07,-0.0028601275
1.402317e-07,-0.0028608456
1.403317e-07,-0.002878079
1.404317e-07,-0.0029046473
1.405317e-07,-0.0029290614
1.406317e-07,-0.0029412684
1.407317e-07,-0.002936242
1.408317e-07,-0.0029182904
1.409317e-07,-0.0028967486
1.410317e-07,-0.0028838235
1.411317e-07,-0.0028845416
1.412317e-07,-0.0028981847
1.413317e-07,-0.0029168543
1.414317e-07,-0.0029297794
1.415317e-07,-0.0029319336
1.416317e-07,-0.0029233169
1.417317e-07,-0.0029118279
1.418317e-07,-0.0029068015
1.419317e-07,-0.0029154182
1.420317e-07,-0.0029383961
1.421317e-07,-0.0029692727
1.422317e-07,-0.0029987132
1.423317e-07,-0.0030188189
1.424317e-07,-0.0030267176
1.425317e-07,-0.0030252815
1.426317e-07,-0.0030216912
1.427317e-07,-0.0030216912
1.428317e-07,-0.0030295898
1.429317e-07,-0.0030425149
1.430317e-07,-0.0030561581
1.431317e-07,-0.0030662109
1.432317e-07,-0.0030698012
1.433317e-07,-0.0030690832
1.434317e-07,-0.0030676471
1.435317e-07,-0.0030690832
1.436317e-07,-0.0030741096
1.437317e-07,-0.0030820083
1.438317e-07,-0.003090625
1.439317e-07,-0.0030978056
1.440317e-07,-0.003102832
1.441317e-07,-0.0031071404
1.442317e-07,-0.0031136029
1.443317e-07,-0.0031222197
1.444317e-07,-0.0031308364
1.445317e-07,-0.0031365809
1.446317e-07,-0.0031365809
1.447317e-07,-0.0031301183
1.448317e-07,-0.0031186294
1.449317e-07,-0.0031078585
1.450317e-07,-0.003102114
1.451317e-07,-0.003102832
1.452317e-07,-0.0031100126
1.453317e-07,-0.0031186294
1.454317e-07,-0.0031250919
1.455317e-07,-0.0031272461
1.456317e-07,-0.00312581
1.457317e-07,-0.0031243739
1.458317e-07,-0.0031250919
1.459317e-07,-0.0031294003
1.460317e-07,-0.0031372989
1.461317e-07,-0.0031437615
1.462317e-07,-0.0031480699
1.463317e-07,-0.003149506
1.464317e-07,-0.003149506
1.465317e-07,-0.0031523782
1.466317e-07,-0.0031595588
1.467317e-07,-0.0031710478
1.468317e-07,-0.0031818187
1.469317e-07,-0.0031868451
1.470317e-07,-0.0031825368
1.471317e-07,-0.0031688936
1.472317e-07,-0.003149506
1.473317e-07,-0.0031329906
1.474317e-07,-0.0031250919
1.475317e-07,-0.0031279642
1.476317e-07,-0.0031408892
1.477317e-07,-0.0031566866
1.478317e-07,-0.0031710478
1.479317e-07,-0.0031811006
1.480317e-07,-0.0031875632
1.481317e-07,-0.0031940257
1.482317e-07,-0.0032055147
1.483317e-07,-0.0032220301
1.484317e-07,-0.0032399816
1.485317e-07,-0.003255779
1.486317e-07,-0.0032629596
1.487317e-07,-0.0032608054
1.488317e-07,-0.0032521886
1.489317e-07,-0.0032435719
1.490317e-07,-0.0032399816
1.491317e-07,-0.0032457261
1.492317e-07,-0.0032586512
1.493317e-07,-0.0032737305
1.494317e-07,-0.0032859375
1.495317e-07,-0.0032909639
1.496317e-07,-0.0032902459
1.497317e-07,-0.0032873736
1.498317e-07,-0.0032859375
1.499317e-07,-0.0032902459
1.500317e-07,-0.0032988626
1.501317e-07,-0.0033103516
1.502317e-07,-0.0033204044
1.503317e-07,-0.003326867
1.504317e-07,-0.0033297392
1.505317e-07,-0.0033304573
1.506317e-07,-0.0033318934
1.507317e-07,-0.0033333295
1.508317e-07,-0.0033326114
1.509317e-07,-0.0033290211
1.510317e-07,-0.0033204044
1.511317e-07,-0.0033089154
1.512317e-07,-0.0032988626
1.513317e-07,-0.0032945542
1.514317e-07,-0.0032974265
1.515317e-07,-0.0033060432
1.516317e-07,-0.003315378
1.517317e-07,-0.0033211225
1.518317e-07,-0.0033204044
1.519317e-07,-0.0033146599
1.520317e-07,-0.0033103516
1.521317e-07,-0.0033110696
1.522317e-07,-0.0033204044
1.523317e-07,-0.0033340476
1.524317e-07,-0.0033448185
1.525317e-07,-0.0033455365
1.526317e-07,-0.0033318934
1.527317e-07,-0.0033074793
1.528317e-07,-0.0032816291
1.529317e-07,-0.0032643957
1.530317e-07,-0.0032629596
1.531317e-07,-0.0032766027
1.532317e-07,-0.0032974265
1.533317e-07,-0.0033146599
1.534317e-07,-0.0033204044
1.535317e-07,-0.0033132238
1.536317e-07,-0.0032988626
1.537317e-07,-0.0032873736
1.538317e-07,-0.0032859375
1.539317e-07,-0.0032959903
1.540317e-07,-0.0033110696
1.541317e-07,-0.0033218405
1.542317e-07,-0.0033204044
1.543317e-07,-0.0033074793
1.544317e-07,-0.0032895278
1.545317e-07,-0.003279475
1.546317e-07,-0.0032859375
1.547317e-07,-0.0033096335
1.548317e-07,-0.0033433824
1.549317e-07,-0.003374259
1.550317e-07,-0.0033893382
1.551317e-07,-0.0033850299
1.552317e-07,-0.0033677964
1.553317e-07,-0.0033498449
1.554317e-07,-0.0033433824
1.555317e-07,-0.0033555894
1.556317e-07,-0.0033828757
1.557317e-07,-0.0034137523
1.558317e-07,-0.0034352941
1.559317e-07,-0.0034396025
1.560317e-07,-0.0034266774
1.561317e-07,-0.0034065717
1.562317e-07,-0.0033893382
1.563317e-07,-0.0033843118
1.564317e-07,-0.0033929285
1.565317e-07,-0.0034087259
1.566317e-07,-0.0034238051
1.567317e-07,-0.0034317038
1.568317e-07,-0.0034309858
1.569317e-07,-0.0034266774
1.570317e-07,-0.0034238051
1.571317e-07,-0.0034266774
1.572317e-07,-0.0034352941
1.573317e-07,-0.0034439108
1.574317e-07,-0.0034467831
1.575317e-07,-0.0034424747
1.576317e-07,-0.0034331399
1.577317e-07,-0.0034252413
1.578317e-07,-0.0034238051
1.579317e-07,-0.0034309858
1.580317e-07,-0.0034417567
1.581317e-07,-0.0034496553
1.582317e-07,-0.0034467831
1.583317e-07,-0.0034317038
1.584317e-07,-0.0034094439
1.585317e-07,-0.0033886202
1.586317e-07,-0.0033778493
1.587317e-07,-0.0033807215
1.588317e-07,-0.0033936466
1.589317e-07,-0.0034072898
1.590317e-07,-0.0034123162
1.591317e-07,-0.0034044175
1.592317e-07,-0.0033843118
1.593317e-07,-0.0033613339
1.594317e-07,-0.0033433824
1.595317e-07,-0.0033347656
1.596317e-07,-0.0033347656
1.597317e-07,-0.0033362017
1.598317e-07,-0.0033318934
1.599317e-07,-0.0033182502
1.600317e-07,-0.0032967084
1.601317e-07,-0.0032722943
1.602317e-07,-0.0032514706
1.603317e-07,-0.0032378274
1.604317e-07,-0.0032306468
1.605317e-07,-0.0032249023
1.606317e-07,-0.0032170037
1.607317e-07,-0.0032062328
1.608317e-07,-0.0031954619
1.609317e-07,-0.0031904354
1.610317e-07,-0.0031940257
1.611317e-07,-0.0032055147
1.612317e-07,-0.0032177217
1.613317e-07,-0.0032234662
1.614317e-07,-0.0032170037
1.615317e-07,-0.0032004883
1.616317e-07,-0.0031803826
1.617317e-07,-0.0031688936
1.618317e-07,-0.0031710478
1.619317e-07,-0.0031875632
1.620317e-07,-0.0032098231
1.621317e-07,-0.0032263385
1.622317e-07,-0.0032284926
1.623317e-07,-0.0032155676
1.624317e-07,-0.0031961799
1.625317e-07,-0.0031811006
1.626317e-07,-0.0031825368
1.627317e-07,-0.0032012063
1.628317e-07,-0.0032313649
1.629317e-07,-0.0032593693
1.630317e-07,-0.0032744485
1.631317e-07,-0.0032722943
1.632317e-07,-0.0032579331
1.633317e-07,-0.0032428539
1.634317e-07,-0.0032399816
1.635317e-07,-0.0032529067
1.636317e-07,-0.0032780388
1.637317e-07,-0.0033046071
1.638317e-07,-0.0033204044
1.639317e-07,-0.0033204044
1.640317e-07,-0.0033081974
1.641317e-07,-0.0032924
1.642317e-07,-0.0032859375
1.643317e-07,-0.0032931181
1.644317e-07,-0.0033132238
1.645317e-07,-0.0033369198
1.646317e-07,-0.0033548713
1.647317e-07,-0.0033634881
1.648317e-07,-0.0033649242
1.649317e-07,-0.0033670784
1.650317e-07,-0.0033778493
1.651317e-07,-0.0034001091
1.652317e-07,-0.0034288316
1.653317e-07,-0.0034553998
1.654317e-07,-0.003469761
1.655317e-07,-0.003469761
1.656317e-07,-0.0034611443
1.657317e-07,-0.0034532456
1.658317e-07,-0.0034582721
1.659317e-07,-0.0034790958
1.660317e-07,-0.0035106905
1.661317e-07,-0.0035422852
1.662317e-07,-0.0035616728
1.663317e-07,-0.003563827
1.664317e-07,-0.0035509019
1.665317e-07,-0.0035351045
1.666317e-07,-0.0035272059
1.667317e-07,-0.0035343865
1.668317e-07,-0.0035544922
1.669317e-07,-0.0035789062
1.670317e-07,-0.0035961397
1.671317e-07,-0.0035990119
1.672317e-07,-0.003588241
1.673317e-07,-0.0035724437
1.674317e-07,-0.0035616728
1.675317e-07,-0.0035631089
1.676317e-07,-0.003576034
1.677317e-07,-0.0035939855
1.678317e-07,-0.0036076287
1.679317e-07,-0.003611937
1.680317e-07,-0.0036069106
1.681317e-07,-0.0035990119
1.682317e-07,-0.0035961397
1.683317e-07,-0.0036033203
1.684317e-07,-0.0036183996
1.685317e-07,-0.0036341969
1.686317e-07,-0.0036420956
1.687317e-07,-0.0036377872
1.688317e-07,-0.003622708
1.689317e-07,-0.0036061926
1.690317e-07,-0.0035961397
1.691317e-07,-0.00359973
1.692317e-07,-0.0036155273
1.693317e-07,-0.0036370692
1.694317e-07,-0.0036535846
1.695317e-07,-0.003658611
1.696317e-07,-0.0036507123
1.697317e-07,-0.003634915
1.698317e-07,-0.0036191176
1.699317e-07,-0.0036105009
1.700317e-07,-0.0036097829
1.701317e-07,-0.0036148093
1.702317e-07,-0.0036191176
1.703317e-07,-0.0036191176
1.704317e-07,-0.0036148093
1.705317e-07,-0.0036097829
1.706317e-07,-0.0036076287
1.707317e-07,-0.0036126551
1.708317e-07,-0.0036248621
1.709317e-07,-0.0036399414
1.710317e-07,-0.0036535846
1.711317e-07,-0.0036636374
1.712317e-07,-0.0036701
1.713317e-07,-0.0036772806
1.714317e-07,-0.0036880515
1.715317e-07,-0.0037031307
1.716317e-07,-0.0037203642
1.717317e-07,-0.0037354435
1.718317e-07,-0.0037454963
1.719317e-07,-0.0037498047
1.720317e-07,-0.003753395
1.721317e-07,-0.0037620117
1.722317e-07,-0.0037799632
1.723317e-07,-0.0038065315
1.724317e-07,-0.0038374081
1.725317e-07,-0.0038646944
1.726317e-07,-0.003883364
1.727317e-07,-0.0038919807
1.728317e-07,-0.0038962891
1.729317e-07,-0.0039027516
1.730317e-07,-0.0039178309
1.731317e-07,-0.0039415269
1.732317e-07,-0.0039688132
1.733317e-07,-0.003990355
1.734317e-07,-0.0039982537
1.735317e-07,-0.003990355
1.736317e-07,-0.0039724035
1.737317e-07,-0.0039522978
1.738317e-07,-0.0039408088
1.739317e-07,-0.0039408088
1.740317e-07,-0.0039501436
1.741317e-07,-0.0039601965
1.742317e-07,-0.0039637868
1.743317e-07,-0.0039573242
1.744317e-07,-0.0039422449
1.745317e-07,-0.0039264476
1.746317e-07,-0.0039178309
1.747317e-07,-0.0039185489
1.748317e-07,-0.0039278837
1.749317e-07,-0.0039372185
1.750317e-07,-0.0039408088
1.751317e-07,-0.0039350643
1.752317e-07,-0.0039228573
1.753317e-07,-0.0039113683
1.754317e-07,-0.0039063419
1.755317e-07,-0.0039120864
1.756317e-07,-0.0039242934
1.757317e-07,-0.0039365005
1.758317e-07,-0.0039408088
1.759317e-07,-0.0039336282
1.760317e-07,-0.0039163948
1.761317e-07,-0.0038977252
1.762317e-07,-0.003883364
1.763317e-07,-0.0038790556
1.764317e-07,-0.0038848001
1.765317e-07,-0.003895571
1.766317e-07,-0.0039063419
1.767317e-07,-0.0039149586
1.768317e-07,-0.0039228573
1.769317e-07,-0.0039336282
1.770317e-07,-0.0039522978
1.771317e-07,-0.0039767119
1.772317e-07,-0.004001844
1.773317e-07,-0.0040190774
1.774317e-07,-0.0040212316
1.775317e-07,-0.0040075885
1.776317e-07,-0.0039831744
1.777317e-07,-0.0039580423
1.778317e-07,-0.0039408088
1.779317e-07,-0.0039372185
1.780317e-07,-0.0039443991
1.781317e-07,-0.0039558881
1.782317e-07,-0.0039637868
1.783317e-07,-0.0039637868
1.784317e-07,-0.0039566062
1.785317e-07,-0.0039472714
1.786317e-07,-0.0039408088
1.787317e-07,-0.0039400908
1.788317e-07,-0.003942963
1.789317e-07,-0.0039451172
1.790317e-07,-0.0039408088
1.791317e-07,-0.003930756
1.792317e-07,-0.003919267
1.793317e-07,-0.0039135225
1.794317e-07,-0.0039178309
1.795317e-07,-0.0039329102
1.796317e-07,-0.0039537339
1.797317e-07,-0.0039702493
1.798317e-07,-0.0039752757
1.799317e-07,-0.0039673771
1.800317e-07,-0.0039515797
1.801317e-07,-0.0039365005
1.802317e-07,-0.0039293199
1.803317e-07,-0.0039329102
1.804317e-07,-0.003942963
1.805317e-07,-0.0039515797
1.806317e-07,-0.0039522978
1.807317e-07,-0.0039436811
1.808317e-07,-0.003931474
1.809317e-07,-0.0039235754
1.810317e-07,-0.0039293199
1.811317e-07,-0.0039494256
1.812317e-07,-0.003978148
1.813317e-07,-0.0040054343
1.814317e-07,-0.0040212316
1.815317e-07,-0.0040212316
1.816317e-07,-0.0040090246
1.817317e-07,-0.0039939453
1.818317e-07,-0.0039867647
1.819317e-07,-0.0039910731
1.820317e-07,-0.0040054343
1.821317e-07,-0.0040219497
1.822317e-07,-0.0040327206
1.823317e-07,-0.0040334386
1.824317e-07,-0.0040269761
1.825317e-07,-0.0040205136
1.826317e-07,-0.0040212316
1.827317e-07,-0.0040320025
1.828317e-07,-0.004049954
1.829317e-07,-0.0040679056
1.830317e-07,-0.0040786765
1.831317e-07,-0.0040793945
1.832317e-07,-0.004072932
1.833317e-07,-0.0040664694
1.834317e-07,-0.0040671875
1.835317e-07,-0.0040758042
1.836317e-07,-0.0040880113
1.837317e-07,-0.0040951919
1.838317e-07,-0.0040901654
1.839317e-07,-0.0040714959
1.840317e-07,-0.0040456457
1.841317e-07,-0.0040219497
1.842317e-07,-0.0040097426
1.843317e-07,-0.004013333
1.844317e-07,-0.0040291303
1.845317e-07,-0.004049954
1.846317e-07,-0.0040671875
1.847317e-07,-0.0040779584
1.848317e-07,-0.0040837029
1.849317e-07,-0.0040901654
1.850317e-07,-0.0041016544
1.851317e-07,-0.0041174517
1.852317e-07,-0.0041303768
1.853317e-07,-0.0041346852
1.854317e-07,-0.0041246324
1.855317e-07,-0.0041045267
1.856317e-07,-0.0040837029
1.857317e-07,-0.0040765223
1.858317e-07,-0.0040901654
1.859317e-07,-0.0041239143
1.860317e-07,-0.0041669979
1.861317e-07,-0.0042021829
1.862317e-07,-0.0042165441
1.863317e-07,-0.0042072093
1.864317e-07,-0.0041813591
1.865317e-07,-0.0041569451
1.866317e-07,-0.0041476103
1.867317e-07,-0.0041619715
1.868317e-07,-0.0041950023
1.869317e-07,-0.0042337776
1.870317e-07,-0.0042625
1.871317e-07,-0.0042725528
1.872317e-07,-0.0042653722
1.873317e-07,-0.004250293
1.874317e-07,-0.0042395221
1.875317e-07,-0.0042423943
1.876317e-07,-0.0042581916
1.877317e-07,-0.0042804515
1.878317e-07,-0.0042969669
1.879317e-07,-0.0043019933
1.880317e-07,-0.0042948127
1.881317e-07,-0.0042826057
1.882317e-07,-0.004273989
1.883317e-07,-0.004273989
1.884317e-07,-0.0042811696
1.885317e-07,-0.0042912224
1.886317e-07,-0.0042969669
1.887317e-07,-0.0042940947
1.888317e-07,-0.0042854779
1.889317e-07,-0.0042768612
1.890317e-07,-0.004273989
1.891317e-07,-0.0042790154
1.892317e-07,-0.0042883502
1.893317e-07,-0.0042962489
1.894317e-07,-0.0042969669
1.895317e-07,-0.0042919405
1.896317e-07,-0.0042869141
1.897317e-07,-0.0042912224
1.898317e-07,-0.0043084559
1.899317e-07,-0.0043371783
1.900317e-07,-0.0043659007
1.901317e-07,-0.0043824161
1.902317e-07,-0.0043773897
1.903317e-07,-0.0043508215
1.904317e-07,-0.0043134823
1.905317e-07,-0.0042826057
1.906317e-07,-0.004273989
1.907317e-07,-0.0042919405
1.908317e-07,-0.0043292796
1.909317e-07,-0.0043709272
1.910317e-07,-0.0044003676
1.911317e-07,-0.0044082663
1.912317e-07,-0.0043974954
1.913317e-07,-0.0043781078
1.914317e-07,-0.0043659007
1.915317e-07,-0.004368773
1.916317e-07,-0.0043852884
1.917317e-07,-0.0044075483
1.918317e-07,-0.0044233456
1.919317e-07,-0.0044240636
1.920317e-07,-0.0044111386
1.921317e-07,-0.0043917509
1.922317e-07,-0.0043773897
1.923317e-07,-0.0043745175
1.924317e-07,-0.0043845703
1.925317e-07,-0.0043996496
1.926317e-07,-0.0044118566
1.927317e-07,-0.004416165
1.928317e-07,-0.0044125747
1.929317e-07,-0.0044089844
1.930317e-07,-0.0044118566
1.931317e-07,-0.0044247817
1.932317e-07,-0.0044441693
1.933317e-07,-0.0044621209
1.934317e-07,-0.0044693015
1.935317e-07,-0.0044614028
1.936317e-07,-0.004440579
1.937317e-07,-0.004416883
1.938317e-07,-0.0044003676
1.939317e-07,-0.0043960593
1.940317e-07,-0.004403958
1.941317e-07,-0.0044154469
1.942317e-07,-0.0044233456
1.943317e-07,-0.0044219095
1.944317e-07,-0.0044132927
1.945317e-07,-0.004403958
1.946317e-07,-0.0044003676
1.947317e-07,-0.0044068302
1.948317e-07,-0.0044197553
1.949317e-07,-0.0044319623
1.950317e-07,-0.0044348346
1.951317e-07,-0.0044247817
1.952317e-07,-0.004403958
1.953317e-07,-0.0043816981
1.954317e-07,-0.0043659007
1.955317e-07,-0.0043608743
1.956317e-07,-0.0043659007
1.957317e-07,-0.0043737994
1.958317e-07,-0.0043773897
1.959317e-07,-0.0043745175
1.960317e-07,-0.0043673369
1.961317e-07,-0.0043623104
1.962317e-07,-0.0043659007
1.963317e-07,-0.0043788258
1.964317e-07,-0.0043967773
1.965317e-07,-0.0044104205
1.966317e-07,-0.0044118566
1.967317e-07,-0.0043989315
1.968317e-07,-0.0043781078
1.969317e-07,-0.0043594382
1.970317e-07,-0.0043544118
1.971317e-07,-0.0043673369
1.972317e-07,-0.0043939051
1.973317e-07,-0.0044240636
1.974317e-07,-0.0044463235
1.975317e-07,-0.0044527861
1.976317e-07,-0.0044441693
1.977317e-07,-0.004427654
1.978317e-07,-0.0044118566
1.979317e-07,-0.004404676
1.980317e-07,-0.0044068302
1.981317e-07,-0.0044154469
1.982317e-07,-0.0044233456
1.983317e-07,-0.004427654
1.984317e-07,-0.004428372
1.985317e-07,-0.0044290901
1.986317e-07,-0.0044348346
1.987317e-07,-0.0044456055
1.988317e-07,-0.0044585306
1.989317e-07,-0.0044678653
1.990317e-07,-0.0044693015
1.991317e-07,-0.004463557
1.992317e-07,-0.0044563764
1.993317e-07,-0.0044563764
1.994317e-07,-0.0044693015
1.995317e-07,-0.0044951517
1.996317e-07,-0.0045281824
1.997317e-07,-0.0045569049
1.998317e-07,-0.0045727022
1.999317e-07,-0.0045719841
2.000317e-07,-0.0045604952
2.001317e-07,-0.004546134
2.002317e-07,-0.0045382353
2.003317e-07,-0.0045418256
2.004317e-07,-0.0045533146
2.005317e-07,-0.0045662397
2.006317e-07,-0.0045727022
2.007317e-07,-0.00456983
2.008317e-07,-0.0045619313
2.009317e-07,-0.0045569049
2.010317e-07,-0.0045612132
2.011317e-07,-0.0045777286
2.012317e-07,-0.0046007066
2.013317e-07,-0.0046208123
2.014317e-07,-0.0046301471
2.015317e-07,-0.0046244026
2.016317e-07,-0.0046093233
2.017317e-07,-0.0045928079
2.018317e-07,-0.0045841912
2.019317e-07,-0.0045870634
2.020317e-07,-0.0045985524
2.021317e-07,-0.0046078872
2.022317e-07,-0.0046071691
2.023317e-07,-0.0045920898
2.024317e-07,-0.0045655216
2.025317e-07,-0.0045367992
2.026317e-07,-0.0045152574
2.027317e-07,-0.0045052045
2.028317e-07,-0.0045052045
2.029317e-07,-0.0045073587
2.030317e-07,-0.0045037684
2.031317e-07,-0.0044908433
2.032317e-07,-0.0044714557
2.033317e-07,-0.0044542222
2.034317e-07,-0.0044463235
2.035317e-07,-0.00445135
2.036317e-07,-0.004464275
2.037317e-07,-0.0044772001
2.038317e-07,-0.0044807904
2.039317e-07,-0.0044707376
2.040317e-07,-0.0044499138
2.041317e-07,-0.0044269359
2.042317e-07,-0.0044118566
2.043317e-07,-0.0044097024
2.044317e-07,-0.0044176011
2.045317e-07,-0.0044290901
2.046317e-07,-0.0044348346
2.047317e-07,-0.0044298081
2.048317e-07,-0.004416165
2.049317e-07,-0.0043996496
2.050317e-07,-0.0043888787
2.051317e-07,-0.0043874426
2.052317e-07,-0.0043946232
2.053317e-07,-0.0044053941
2.054317e-07,-0.0044118566
2.055317e-07,-0.0044118566
2.056317e-07,-0.0044082663
2.057317e-07,-0.0044061121
2.058317e-07,-0.0044118566
2.059317e-07,-0.0044262178
2.060317e-07,-0.0044456055
2.061317e-07,-0.0044621209
2.062317e-07,-0.0044693015
2.063317e-07,-0.0044657112
2.064317e-07,-0.0044563764
2.065317e-07,-0.0044506319
2.066317e-07,-0.0044578125
2.067317e-07,-0.0044800724
2.068317e-07,-0.0045138212
2.069317e-07,-0.0045482881
2.070317e-07,-0.0045727022
2.071317e-07,-0.0045827551
2.072317e-07,-0.0045798828
2.073317e-07,-0.0045734203
2.074317e-07,-0.0045727022
2.075317e-07,-0.0045827551
2.076317e-07,-0.0046028608
2.077317e-07,-0.0046258387
2.078317e-07,-0.004641636
2.079317e-07,-0.0046459444
2.080317e-07,-0.0046387638
2.081317e-07,-0.0046272748
2.082317e-07,-0.0046186581
2.083317e-07,-0.0046186581
2.084317e-07,-0.0046258387
2.085317e-07,-0.0046358915
2.086317e-07,-0.004641636
2.087317e-07,-0.0046394818
2.088317e-07,-0.0046315832
2.089317e-07,-0.0046222484
2.090317e-07,-0.0046186581
2.091317e-07,-0.0046236845
2.092317e-07,-0.0046358915
2.093317e-07,-0.0046480986
2.094317e-07,-0.004653125
2.095317e-07,-0.0046473805
2.096317e-07,-0.0046323012
2.097317e-07,-0.0046129136
2.098317e-07,-0.0045956801
2.099317e-07,-0.0045834731
2.100317e-07,-0.0045762925
2.101317e-07,-0.00456983
2.102317e-07,-0.0045612132
2.103317e-07,-0.0045482881
2.104317e-07,-0.0045353631
2.105317e-07,-0.0045267463
2.106317e-07,-0.0045267463
2.107317e-07,-0.0045353631
2.108317e-07,-0.004546134
2.109317e-07,-0.0045533146
2.110317e-07,-0.0045497243
2.111317e-07,-0.004534645
2.112317e-07,-0.0045131032
2.113317e-07,-0.0044922794
2.114317e-07,-0.0044807904
2.115317e-07,-0.0044800724
2.116317e-07,-0.0044858169
2.117317e-07,-0.0044922794
2.118317e-07,-0.0044922794
2.119317e-07,-0.0044843807
2.120317e-07,-0.0044714557
2.121317e-07,-0.0044614028
2.122317e-07,-0.0044578125
2.123317e-07,-0.0044621209
2.124317e-07,-0.0044678653
2.125317e-07,-0.0044678653
2.126317e-07,-0.0044578125
2.127317e-07,-0.0044377068
2.128317e-07,-0.004416883
2.129317e-07,-0.0044053941
2.130317e-07,-0.0044118566
2.131317e-07,-0.0044369887
2.132317e-07,-0.0044728918
2.133317e-07,-0.0045066406
2.134317e-07,-0.0045267463
2.135317e-07,-0.0045289005
2.136317e-07,-0.0045166935
2.137317e-07,-0.0045008961
2.138317e-07,-0.0044922794
2.139317e-07,-0.0044965878
2.140317e-07,-0.004511667
2.141317e-07,-0.0045289005
2.142317e-07,-0.0045382353
2.143317e-07,-0.0045353631
2.144317e-07,-0.0045238741
2.145317e-07,-0.0045102309
2.146317e-07,-0.0045037684
2.147317e-07,-0.0045102309
2.148317e-07,-0.0045267463
2.149317e-07,-0.004546134
2.150317e-07,-0.0045612132
2.151317e-07,-0.0045669577
2.152317e-07,-0.0045655216
2.153317e-07,-0.0045612132
2.154317e-07,-0.0045612132
2.155317e-07,-0.0045669577
2.156317e-07,-0.0045748564
2.157317e-07,-0.0045784467
2.158317e-07,-0.0045727022
2.159317e-07,-0.0045569049
2.160317e-07,-0.0045360811
2.161317e-07,-0.0045202838
2.162317e-07,-0.0045152574
2.163317e-07,-0.004522438
2.164317e-07,-0.0045353631
2.165317e-07,-0.0045432617
2.166317e-07,-0.0045382353
2.167317e-07,-0.0045174115
2.168317e-07,-0.004487971
2.169317e-07,-0.0044606847
2.170317e-07,-0.0044463235
2.171317e-07,-0.0044477597
2.172317e-07,-0.0044599667
2.173317e-07,-0.0044714557
2.174317e-07,-0.0044693015
2.175317e-07,-0.0044484777
2.176317e-07,-0.0044111386
2.177317e-07,-0.0043680549
2.178317e-07,-0.0043314338
2.179317e-07,-0.0043091739
2.180317e-07,-0.0043027114
2.181317e-07,-0.0043048656
2.182317e-07,-0.0043084559
2.183317e-07,-0.0043084559
2.184317e-07,-0.0043048656
2.185317e-07,-0.0043034295
2.186317e-07,-0.0043084559
2.187317e-07,-0.004321381
2.188317e-07,-0.0043364602
2.189317e-07,-0.004345795
2.190317e-07,-0.0043429228
2.191317e-07,-0.0043256893
2.192317e-07,-0.0043005572
2.193317e-07,-0.0042797335
2.194317e-07,-0.004273989
2.195317e-07,-0.0042869141
2.196317e-07,-0.0043149184
2.197317e-07,-0.004345077
2.198317e-07,-0.0043659007
2.199317e-07,-0.0043702091
2.200317e-07,-0.0043587201
2.201317e-07,-0.0043422047
2.202317e-07,-0.0043314338
2.203317e-07,-0.0043350241
2.204317e-07,-0.0043536937
2.205317e-07,-0.0043788258
2.206317e-07,-0.0044003676
2.207317e-07,-0.0044097024
2.208317e-07,-0.004404676
2.209317e-07,-0.0043910329
2.210317e-07,-0.0043773897
2.211317e-07,-0.0043716452
2.212317e-07,-0.0043759536
2.213317e-07,-0.0043881606
2.214317e-07,-0.0044003676
2.215317e-07,-0.0044075483
2.216317e-07,-0.0044082663
2.217317e-07,-0.004403958
2.218317e-07,-0.0044003676
2.219317e-07,-0.0044003676
2.220317e-07,-0.004404676
2.221317e-07,-0.0044097024
2.222317e-07,-0.0044118566
2.223317e-07,-0.0044097024
2.224317e-07,-0.004403958
2.225317e-07,-0.0043996496
2.226317e-07,-0.0044003676
2.227317e-07,-0.0044082663
2.228317e-07,-0.0044204733
2.229317e-07,-0.0044312443
2.230317e-07,-0.0044348346
2.231317e-07,-0.0044290901
2.232317e-07,-0.004416883
2.233317e-07,-0.0044053941
2.234317e-07,-0.0044003676
2.235317e-07,-0.0044061121
2.236317e-07,-0.0044197553
2.237317e-07,-0.0044355526
2.238317e-07,-0.0044463235
2.239317e-07,-0.0044491958
2.240317e-07,-0.0044463235
2.241317e-07,-0.0044427332
2.242317e-07,-0.0044463235
2.243317e-07,-0.0044599667
2.244317e-07,-0.0044829446
2.245317e-07,-0.0045073587
2.246317e-07,-0.0045267463
2.247317e-07,-0.004534645
2.248317e-07,-0.0045317727
2.249317e-07,-0.004522438
2.250317e-07,-0.0045152574
2.251317e-07,-0.0045159754
2.252317e-07,-0.0045281824
2.253317e-07,-0.0045490062
2.254317e-07,-0.0045727022
2.255317e-07,-0.0045949621
2.256317e-07,-0.0046121955
2.257317e-07,-0.0046229665
2.258317e-07,-0.0046301471
2.259317e-07,-0.0046344554
2.260317e-07,-0.0046373277
2.261317e-07,-0.0046394818
2.262317e-07,-0.004641636
2.263317e-07,-0.0046452263
2.264317e-07,-0.0046516889
2.265317e-07,-0.0046624598
2.266317e-07,-0.0046761029
2.267317e-07,-0.00468831
2.268317e-07,-0.0046926183
2.269317e-07,-0.0046847197
2.270317e-07,-0.004664614
2.271317e-07,-0.0046358915
2.272317e-07,-0.0046078872
2.273317e-07,-0.0045892176
2.274317e-07,-0.0045841912
2.275317e-07,-0.0045906537
2.276317e-07,-0.0046007066
2.277317e-07,-0.0046050149
2.278317e-07,-0.0045956801
2.279317e-07,-0.0045734203
2.280317e-07,-0.0045439798
2.281317e-07,-0.0045181296
2.282317e-07,-0.0045037684
2.283317e-07,-0.0045037684
2.284317e-07,-0.0045131032
2.285317e-07,-0.0045238741
2.286317e-07,-0.0045267463
2.287317e-07,-0.0045195657
2.288317e-07,-0.0045044864
2.289317e-07,-0.0044894072
2.290317e-07,-0.0044807904
2.291317e-07,-0.0044815085
2.292317e-07,-0.004487253
2.293317e-07,-0.0044929975
2.294317e-07,-0.0044922794
2.295317e-07,-0.0044836627
2.296317e-07,-0.0044714557
2.297317e-07,-0.004464275
2.298317e-07,-0.0044693015
2.299317e-07,-0.004487253
2.300317e-07,-0.0045131032
2.301317e-07,-0.0045367992
2.302317e-07,-0.0045497243
2.303317e-07,-0.004546852
2.304317e-07,-0.0045310547
2.305317e-07,-0.0045095129
2.306317e-07,-0.0044922794
2.307317e-07,-0.0044829446
2.308317e-07,-0.0044815085
2.309317e-07,-0.0044829446
2.310317e-07,-0.0044807904
2.311317e-07,-0.0044736098
2.312317e-07,-0.0044649931
2.313317e-07,-0.0044614028
2.314317e-07,-0.0044693015
2.315317e-07,-0.0044901252
2.316317e-07,-0.0045181296
2.317317e-07,-0.0045446978
2.318317e-07,-0.0045612132
2.319317e-07,-0.0045626494
2.320317e-07,-0.0045518784
2.321317e-07,-0.0045367992
2.322317e-07,-0.0045267463
2.323317e-07,-0.0045289005
2.324317e-07,-0.0045439798
2.325317e-07,-0.0045683938
2.326317e-07,-0.0045956801
2.327317e-07,-0.0046208123
2.328317e-07,-0.0046423541
2.329317e-07,-0.0046610237
2.330317e-07,-0.0046761029
2.331317e-07,-0.0046868739
2.332317e-07,-0.0046904642
2.333317e-07,-0.0046825655
2.334317e-07,-0.004664614
2.335317e-07,-0.004641636
2.336317e-07,-0.0046229665
2.337317e-07,-0.00461794
2.338317e-07,-0.0046301471
2.339317e-07,-0.0046559972
2.340317e-07,-0.0046854377
2.341317e-07,-0.0047062615
2.342317e-07,-0.0047105699
2.343317e-07,-0.0046990809
2.344317e-07,-0.0046796932
2.345317e-07,-0.004665332
2.346317e-07,-0.004664614
2.347317e-07,-0.0046775391
2.348317e-07,-0.0046969267
2.349317e-07,-0.0047105699
2.350317e-07,-0.0047105699
2.351317e-07,-0.0046954906
2.352317e-07,-0.0046739488
2.353317e-07,-0.0046567153
2.354317e-07,-0.004653125
2.355317e-07,-0.0046638959
2.356317e-07,-0.0046804113
2.357317e-07,-0.0046919003
2.358317e-07,-0.0046875919
2.359317e-07,-0.0046689223
2.360317e-07,-0.0046452263
2.361317e-07,-0.0046323012
2.362317e-07,-0.004641636
2.363317e-07,-0.0046761029
2.364317e-07,-0.0047256491
2.365317e-07,-0.0047730411
2.366317e-07,-0.0048024816
2.367317e-07,-0.00480679
2.368317e-07,-0.0047917107
2.369317e-07,-0.0047694508
2.370317e-07,-0.0047565257
2.371317e-07,-0.0047615522
2.372317e-07,-0.004783094
2.373317e-07,-0.0048118164
2.374317e-07,-0.0048369485
2.375317e-07,-0.0048505917
2.376317e-07,-0.0048549
2.377317e-07,-0.0048549
2.378317e-07,-0.0048599265
2.379317e-07,-0.0048714154
2.380317e-07,-0.0048864947
2.381317e-07,-0.0048965476
2.382317e-07,-0.0048943934
2.383317e-07,-0.0048807502
2.384317e-07,-0.0048613626
2.385317e-07,-0.0048477194
2.386317e-07,-0.0048484375
2.387317e-07,-0.0048627987
2.388317e-07,-0.0048836225
2.389317e-07,-0.0048972656
2.390317e-07,-0.0048943934
2.391317e-07,-0.0048742877
2.392317e-07,-0.0048455653
2.393317e-07,-0.0048218693
2.394317e-07,-0.0048139706
2.395317e-07,-0.0048225873
2.396317e-07,-0.0048391027
2.397317e-07,-0.0048477194
2.398317e-07,-0.0048369485
2.399317e-07,-0.0048053539
2.400317e-07,-0.0047622702
2.401317e-07,-0.0047263672
2.402317e-07,-0.0047105699
2.403317e-07,-0.0047206227
2.404317e-07,-0.0047486271
2.405317e-07,-0.0047773495
2.406317e-07,-0.0047909926
2.407317e-07,-0.004783094
2.408317e-07,-0.004759398
2.409317e-07,-0.0047342659
2.410317e-07,-0.0047220588
2.411317e-07,-0.0047292394
2.412317e-07,-0.0047500632
2.413317e-07,-0.004771605
2.414317e-07,-0.0047795037
2.415317e-07,-0.0047687328
2.416317e-07,-0.0047436006
2.417317e-07,-0.0047199046
2.418317e-07,-0.0047105699
2.419317e-07,-0.0047220588
2.420317e-07,-0.004747909
2.421317e-07,-0.0047759134
2.422317e-07,-0.0047909926
2.423317e-07,-0.0047866843
2.424317e-07,-0.0047694508
2.425317e-07,-0.0047507813
2.426317e-07,-0.0047450368
2.427317e-07,-0.0047579619
2.428317e-07,-0.004783094
2.429317e-07,-0.00480679
2.430317e-07,-0.0048139706
2.431317e-07,-0.0047981733
2.432317e-07,-0.0047651425
2.433317e-07,-0.0047299575
2.434317e-07,-0.0047105699
2.435317e-07,-0.0047155963
2.436317e-07,-0.0047414465
2.437317e-07,-0.0047759134
2.438317e-07,-0.0048024816
2.439317e-07,-0.0048118164
2.440317e-07,-0.0048031997
2.441317e-07,-0.0047888385
2.442317e-07,-0.0047795037
2.443317e-07,-0.004783812
2.444317e-07,-0.0048003274
2.445317e-07,-0.004818279
2.446317e-07,-0.0048254596
2.447317e-07,-0.0048154067
2.448317e-07,-0.0047909926
2.449317e-07,-0.0047637063
2.450317e-07,-0.0047450368
2.451317e-07,-0.0047436006
2.452317e-07,-0.0047579619
2.453317e-07,-0.0047773495
2.454317e-07,-0.0047909926
2.455317e-07,-0.0047909926
2.456317e-07,-0.0047795037
2.457317e-07,-0.0047644244
2.458317e-07,-0.0047565257
2.459317e-07,-0.0047608341
2.460317e-07,-0.0047744773
2.461317e-07,-0.0047874023
2.462317e-07,-0.0047909926
2.463317e-07,-0.0047795037
2.464317e-07,-0.0047572438
2.465317e-07,-0.0047342659
2.466317e-07,-0.0047220588
2.467317e-07,-0.0047249311
2.468317e-07,-0.0047385742
2.469317e-07,-0.0047529354
2.470317e-07,-0.0047565257
2.471317e-07,-0.0047436006
2.472317e-07,-0.0047177505
2.473317e-07,-0.0046911822
2.474317e-07,-0.0046761029
2.475317e-07,-0.0046796932
2.476317e-07,-0.0046990809
2.477317e-07,-0.0047256491
2.478317e-07,-0.0047450368
2.479317e-07,-0.0047500632
2.480317e-07,-0.0047414465
2.481317e-07,-0.0047249311
2.482317e-07,-0.0047105699
2.483317e-07,-0.0047055434
2.484317e-07,-0.0047091337
2.485317e-07,-0.0047170324
2.486317e-07,-0.0047220588
2.487317e-07,-0.0047213408
2.488317e-07,-0.0047177505
2.489317e-07,-0.0047163143
2.490317e-07,-0.0047220588
2.491317e-07,-0.004735702
2.492317e-07,-0.0047514993
2.493317e-07,-0.0047608341
2.494317e-07,-0.0047565257
2.495317e-07,-0.0047392923
2.496317e-07,-0.0047163143
2.497317e-07,-0.0046997989
2.498317e-07,-0.0046990809
2.499317e-07,-0.0047170324
2.500317e-07,-0.0047464729
2.501317e-07,-0.0047744773
2.502317e-07,-0.0047909926
2.503317e-07,-0.0047909926
2.504317e-07,-0.0047809398
2.505317e-07,-0.0047694508
2.506317e-07,-0.0047680147
2.507317e-07,-0.0047795037
2.508317e-07,-0.0047974552
2.509317e-07,-0.0048125345
2.510317e-07,-0.0048139706
2.511317e-07,-0.0048003274
2.512317e-07,-0.0047773495
2.513317e-07,-0.004759398
2.514317e-07,-0.0047565257
2.515317e-07,-0.004771605
2.516317e-07,-0.0047981733
2.517317e-07,-0.0048204331
2.518317e-07,-0.0048254596
2.519317e-07,-0.0048082261
2.520317e-07,-0.0047744773
2.521317e-07,-0.0047407284
2.522317e-07,-0.0047220588
2.523317e-07,-0.0047285214
2.524317e-07,-0.0047572438
2.525317e-07,-0.004795301
2.526317e-07,-0.0048254596
2.527317e-07,-0.0048362305
2.528317e-07,-0.0048261776
2.529317e-07,-0.0048031997
2.530317e-07,-0.0047795037
2.531317e-07,-0.0047658605
2.532317e-07,-0.0047658605
2.533317e-07,-0.0047730411
2.534317e-07,-0.0047795037
2.535317e-07,-0.0047773495
2.536317e-07,-0.0047651425
2.537317e-07,-0.004747909
2.538317e-07,-0.0047335478
2.539317e-07,-0.0047285214
2.540317e-07,-0.0047342659
2.541317e-07,-0.0047457548
2.542317e-07,-0.0047565257
2.543317e-07,-0.0047615522
2.544317e-07,-0.004760116
2.545317e-07,-0.0047572438
2.546317e-07,-0.0047565257
2.547317e-07,-0.0047608341
2.548317e-07,-0.0047680147
2.549317e-07,-0.004771605
2.550317e-07,-0.0047680147
2.551317e-07,-0.0047550896
2.552317e-07,-0.0047378562
2.553317e-07,-0.0047249311
2.554317e-07,-0.0047220588
2.555317e-07,-0.0047313936
2.556317e-07,-0.0047486271
2.557317e-07,-0.0047637063
2.558317e-07,-0.0047680147
2.559317e-07,-0.004759398
2.560317e-07,-0.0047421645
2.561317e-07,-0.0047263672
2.562317e-07,-0.0047220588
2.563317e-07,-0.0047335478
2.564317e-07,-0.0047565257
2.565317e-07,-0.004783094
2.566317e-07,-0.0048024816
2.567317e-07,-0.0048082261
2.568317e-07,-0.0048031997
2.569317e-07,-0.0047938649
2.570317e-07,-0.0047909926
2.571317e-07,-0.0047996094
2.572317e-07,-0.004818997
2.573317e-07,-0.004841975
2.574317e-07,-0.0048599265
2.575317e-07,-0.004865671
2.576317e-07,-0.0048599265
2.577317e-07,-0.0048477194
2.578317e-07,-0.0048369485
2.579317e-07,-0.0048340763
2.580317e-07,-0.0048391027
2.581317e-07,-0.0048498736
2.582317e-07,-0.0048599265
2.583317e-07,-0.004865671
2.584317e-07,-0.0048671071
2.585317e-07,-0.0048678251
2.586317e-07,-0.0048714154
2.587317e-07,-0.004878596
2.588317e-07,-0.0048879308
2.589317e-07,-0.0048943934
2.590317e-07,-0.0048943934
2.591317e-07,-0.0048879308
2.592317e-07,-0.0048800322
2.593317e-07,-0.0048771599
2.594317e-07,-0.0048829044
2.595317e-07,-0.0048979837
2.596317e-07,-0.0049159352
2.597317e-07,-0.0049288603
2.598317e-07,-0.0049288603
2.599317e-07,-0.0049152171
2.600317e-07,-0.0048929573
2.601317e-07,-0.0048714154
2.602317e-07,-0.0048599265
2.603317e-07,-0.0048613626
2.604317e-07,-0.0048721335
2.605317e-07,-0.0048857767
2.606317e-07,-0.0048943934
2.607317e-07,-0.0048951114
2.608317e-07,-0.004890085
2.609317e-07,-0.0048879308
2.610317e-07,-0.0048943934
2.611317e-07,-0.0049109088
2.612317e-07,-0.0049338867
2.613317e-07,-0.0049539924
2.614317e-07,-0.0049633272
2.615317e-07,-0.0049590188
2.616317e-07,-0.0049446576
2.617317e-07,-0.0049281422
2.618317e-07,-0.0049173713
2.619317e-07,-0.0049166533
2.620317e-07,-0.0049223977
2.621317e-07,-0.0049288603
2.622317e-07,-0.0049288603
2.623317e-07,-0.0049195255
2.624317e-07,-0.0049051643
2.625317e-07,-0.0048908031
2.626317e-07,-0.0048829044
2.627317e-07,-0.0048836225
2.628317e-07,-0.0048879308
2.629317e-07,-0.004890085
2.630317e-07,-0.0048829044
2.631317e-07,-0.0048671071
2.632317e-07,-0.0048484375
2.633317e-07,-0.0048362305
2.634317e-07,-0.0048369485
2.635317e-07,-0.0048513097
2.636317e-07,-0.0048714154
2.637317e-07,-0.0048857767
2.638317e-07,-0.0048829044
2.639317e-07,-0.0048599265
2.640317e-07,-0.0048233054
2.641317e-07,-0.0047845301
2.642317e-07,-0.0047565257
2.643317e-07,-0.0047471909
2.644317e-07,-0.0047543716
2.645317e-07,-0.0047687328
2.646317e-07,-0.0047795037
2.647317e-07,-0.0047787856
2.648317e-07,-0.0047665786
2.649317e-07,-0.0047486271
2.650317e-07,-0.0047335478
2.651317e-07,-0.0047270852
2.652317e-07,-0.0047285214
2.653317e-07,-0.0047328297
2.654317e-07,-0.0047335478
2.655317e-07,-0.0047256491
2.656317e-07,-0.0047105699
2.657317e-07,-0.0046919003
2.658317e-07,-0.0046761029
2.659317e-07,-0.004665332
2.660317e-07,-0.0046588695
2.661317e-07,-0.0046516889
2.662317e-07,-0.004641636
2.663317e-07,-0.0046272748
2.664317e-07,-0.0046136317
2.665317e-07,-0.0046050149
2.666317e-07,-0.0046071691
2.667317e-07,-0.0046186581
2.668317e-07,-0.0046330193
2.669317e-07,-0.0046423541
2.670317e-07,-0.004641636
2.671317e-07,-0.0046301471
2.672317e-07,-0.0046150678
2.673317e-07,-0.0046050149
2.674317e-07,-0.0046071691
2.675317e-07,-0.0046215303
2.676317e-07,-0.0046423541
2.677317e-07,-0.0046588695
2.678317e-07,-0.004664614
2.679317e-07,-0.0046581514
2.680317e-07,-0.0046459444
2.681317e-07,-0.0046380457
2.682317e-07,-0.004641636
2.683317e-07,-0.0046574334
2.684317e-07,-0.0046782571
2.685317e-07,-0.0046947725
2.686317e-07,-0.0046990809
2.687317e-07,-0.0046911822
2.688317e-07,-0.0046796932
2.689317e-07,-0.0046753849
2.690317e-07,-0.0046875919
2.691317e-07,-0.0047163143
2.692317e-07,-0.0047522174
2.693317e-07,-0.0047809398
2.694317e-07,-0.0047909926
2.695317e-07,-0.0047802217
2.696317e-07,-0.0047550896
2.697317e-07,-0.0047313936
2.698317e-07,-0.0047220588
2.699317e-07,-0.0047313936
2.700317e-07,-0.0047550896
2.701317e-07,-0.0047787856
2.702317e-07,-0.0047909926
2.703317e-07,-0.0047852482
2.704317e-07,-0.0047658605
2.705317e-07,-0.0047450368
2.706317e-07,-0.0047335478
2.707317e-07,-0.0047378562
2.708317e-07,-0.0047550896
2.709317e-07,-0.0047723231
2.710317e-07,-0.0047795037
2.711317e-07,-0.0047708869
2.712317e-07,-0.0047507813
2.713317e-07,-0.0047306756
2.714317e-07,-0.0047220588
2.715317e-07,-0.0047313936
2.716317e-07,-0.0047536535
2.717317e-07,-0.0047780676
2.718317e-07,-0.0047909926
2.719317e-07,-0.0047852482
2.720317e-07,-0.0047622702
2.721317e-07,-0.0047328297
2.722317e-07,-0.0047105699
2.723317e-07,-0.0047026712
2.724317e-07,-0.0047098518
2.725317e-07,-0.004724213
2.726317e-07,-0.0047335478
2.727317e-07,-0.0047321117
2.728317e-07,-0.0047206227
2.729317e-07,-0.0047062615
2.730317e-07,-0.0046990809
2.731317e-07,-0.0047055434
2.732317e-07,-0.0047256491
2.733317e-07,-0.0047493451
2.734317e-07,-0.0047680147
2.735317e-07,-0.0047737592
2.736317e-07,-0.0047672966
2.737317e-07,-0.0047543716
2.738317e-07,-0.0047450368
2.739317e-07,-0.0047450368
2.740317e-07,-0.0047543716
2.741317e-07,-0.0047687328
2.742317e-07,-0.0047795037
2.743317e-07,-0.0047823759
2.744317e-07,-0.0047773495
2.745317e-07,-0.0047701689
2.746317e-07,-0.0047680147
2.747317e-07,-0.0047744773
2.748317e-07,-0.0047888385
2.749317e-07,-0.0048039177
2.750317e-07,-0.0048139706
2.751317e-07,-0.0048146886
2.752317e-07,-0.0048089442
2.753317e-07,-0.0048024816
2.754317e-07,-0.0048024816
2.755317e-07,-0.0048125345
2.756317e-07,-0.0048283318
2.757317e-07,-0.004842693
2.758317e-07,-0.0048484375
2.759317e-07,-0.0048412569
2.760317e-07,-0.0048233054
2.761317e-07,-0.0048039177
2.762317e-07,-0.0047909926
2.763317e-07,-0.0047888385
2.764317e-07,-0.0047960191
2.765317e-07,-0.0048031997
2.766317e-07,-0.0048024816
2.767317e-07,-0.0047881204
2.768317e-07,-0.0047629883
2.769317e-07,-0.0047335478
2.770317e-07,-0.0047105699
2.771317e-07,-0.0046997989
2.772317e-07,-0.0047026712
2.773317e-07,-0.004712724
2.774317e-07,-0.0047220588
2.775317e-07,-0.004724213
2.776317e-07,-0.0047177505
2.777317e-07,-0.0047076976
2.778317e-07,-0.0046990809
2.779317e-07,-0.0046969267
2.780317e-07,-0.0047012351
2.781317e-07,-0.0047076976
2.782317e-07,-0.0047105699
2.783317e-07,-0.0047048254
2.784317e-07,-0.0046897461
2.785317e-07,-0.0046710765
2.786317e-07,-0.004653125
2.787317e-07,-0.004640918
2.788317e-07,-0.0046351735
2.789317e-07,-0.0046330193
2.790317e-07,-0.0046301471
2.791317e-07,-0.0046244026
2.792317e-07,-0.0046165039
2.793317e-07,-0.0046093233
2.794317e-07,-0.0046071691
2.795317e-07,-0.0046107594
2.796317e-07,-0.0046186581
2.797317e-07,-0.0046265568
2.798317e-07,-0.0046301471
2.799317e-07,-0.0046272748
2.800317e-07,-0.0046193761
2.801317e-07,-0.0046114775
2.802317e-07,-0.0046071691
2.803317e-07,-0.0046078872
2.804317e-07,-0.0046107594
2.805317e-07,-0.0046114775
2.806317e-07,-0.0046071691
2.807317e-07,-0.0045971163
2.808317e-07,-0.0045863454
2.809317e-07,-0.0045806009
2.810317e-07,-0.0045841912
2.811317e-07,-0.0045992705
2.812317e-07,-0.0046200942
2.813317e-07,-0.004640918
2.814317e-07,-0.004653125
2.815317e-07,-0.0046552792
2.816317e-07,-0.0046495347
2.817317e-07,-0.0046423541
2.818317e-07,-0.004641636
2.819317e-07,-0.0046509708
2.820317e-07,-0.0046689223
2.821317e-07,-0.0046911822
2.822317e-07,-0.0047105699
2.823317e-07,-0.004724213
2.824317e-07,-0.0047321117
2.825317e-07,-0.0047378562
2.826317e-07,-0.0047450368
2.827317e-07,-0.0047550896
2.828317e-07,-0.0047665786
2.829317e-07,-0.0047751953
2.830317e-07,-0.0047795037
2.831317e-07,-0.0047787856
2.832317e-07,-0.0047766314
2.833317e-07,-0.0047795037
2.834317e-07,-0.0047909926
2.835317e-07,-0.0048118164
2.836317e-07,-0.0048376666
2.837317e-07,-0.0048627987
2.838317e-07,-0.0048829044
2.839317e-07,-0.0048951114
2.840317e-07,-0.0049030101
2.841317e-07,-0.0049087546
2.842317e-07,-0.0049173713
2.843317e-07,-0.0049267061
2.844317e-07,-0.0049346048
2.845317e-07,-0.0049353228
2.846317e-07,-0.0049288603
2.847317e-07,-0.0049180894
2.848317e-07,-0.0049101907
2.849317e-07,-0.0049123449
2.850317e-07,-0.0049288603
2.851317e-07,-0.0049547105
2.852317e-07,-0.0049812787
2.853317e-07,-0.0049977941
2.854317e-07,-0.0049977941
2.855317e-07,-0.0049819968
2.856317e-07,-0.0049575827
2.857317e-07,-0.004937477
2.858317e-07,-0.0049288603
2.859317e-07,-0.0049331687
2.860317e-07,-0.0049432215
2.861317e-07,-0.0049518382
2.862317e-07,-0.0049518382
2.863317e-07,-0.0049439396
2.864317e-07,-0.0049353228
2.865317e-07,-0.0049360409
2.866317e-07,-0.0049518382
2.867317e-07,-0.0049812787
2.868317e-07,-0.0050150276
2.869317e-07,-0.0050387236
2.870317e-07,-0.00504375
2.871317e-07,-0.0050293888
2.872317e-07,-0.0050049747
2.873317e-07,-0.0049834329
2.874317e-07,-0.0049748162
2.875317e-07,-0.0049819968
2.876317e-07,-0.0049977941
2.877317e-07,-0.0050100011
2.878317e-07,-0.0050092831
2.879317e-07,-0.0049956399
2.880317e-07,-0.0049769704
2.881317e-07,-0.0049661994
2.882317e-07,-0.0049748162
2.883317e-07,-0.0050028205
2.884317e-07,-0.0050394416
2.885317e-07,-0.0050688821
2.886317e-07,-0.0050782169
2.887317e-07,-0.0050624196
2.888317e-07,-0.0050293888
2.889317e-07,-0.0049949219
2.890317e-07,-0.0049748162
2.891317e-07,-0.0049755342
2.892317e-07,-0.0049920496
2.893317e-07,-0.0050121553
2.894317e-07,-0.0050207721
2.895317e-07,-0.0050114373
2.896317e-07,-0.0049870232
2.897317e-07,-0.0049597369
2.898317e-07,-0.0049403493
2.899317e-07,-0.0049360409
2.900317e-07,-0.0049432215
2.901317e-07,-0.0049518382
2.902317e-07,-0.0049518382
2.903317e-07,-0.0049381951
2.904317e-07,-0.0049159352
2.905317e-07,-0.0048936753
2.906317e-07,-0.0048829044
2.907317e-07,-0.0048857767
2.908317e-07,-0.0048958295
2.909317e-07,-0.004902292
2.910317e-07,-0.0048943934
2.911317e-07,-0.0048692613
2.912317e-07,-0.0048340763
2.913317e-07,-0.0048039177
2.914317e-07,-0.0047909926
2.915317e-07,-0.0048017636
2.916317e-07,-0.0048290499
2.917317e-07,-0.0048613626
2.918317e-07,-0.0048829044
2.919317e-07,-0.0048872128
2.920317e-07,-0.0048757238
2.921317e-07,-0.0048592084
2.922317e-07,-0.0048484375
2.923317e-07,-0.0048491556
2.924317e-07,-0.0048584903
2.925317e-07,-0.0048685432
2.926317e-07,-0.0048714154
2.927317e-07,-0.004865671
2.928317e-07,-0.0048577723
2.929317e-07,-0.0048570542
2.930317e-07,-0.0048714154
2.931317e-07,-0.0048994198
2.932317e-07,-0.0049310145
2.933317e-07,-0.0049525563
2.934317e-07,-0.0049518382
2.935317e-07,-0.0049288603
2.936317e-07,-0.0048951114
2.937317e-07,-0.0048671071
2.938317e-07,-0.0048599265
2.939317e-07,-0.0048764419
2.940317e-07,-0.0049087546
2.941317e-07,-0.0049389131
2.942317e-07,-0.0049518382
2.943317e-07,-0.0049425034
2.944317e-07,-0.0049188074
2.945317e-07,-0.0048972656
2.946317e-07,-0.0048943934
2.947317e-07,-0.0049166533
2.948317e-07,-0.0049561466
2.949317e-07,-0.0049970761
2.950317e-07,-0.0050207721
2.951317e-07,-0.0050171818
2.952317e-07,-0.0049906135
2.953317e-07,-0.0049554285
2.954317e-07,-0.0049288603
2.955317e-07,-0.0049223977
2.956317e-07,-0.0049360409
2.957317e-07,-0.0049575827
2.958317e-07,-0.0049748162
2.959317e-07,-0.0049776884
2.960317e-07,-0.0049683536
2.961317e-07,-0.0049554285
2.962317e-07,-0.0049518382
2.963317e-07,-0.0049633272
2.964317e-07,-0.0049884593
2.965317e-07,-0.0050150276
2.966317e-07,-0.005032261
2.967317e-07,-0.0050329791
2.968317e-07,-0.0050207721
2.969317e-07,-0.0050049747
2.970317e-07,-0.0049977941
2.971317e-07,-0.0050049747
2.972317e-07,-0.0050222082
2.973317e-07,-0.0050394416
2.974317e-07,-0.00504375
2.975317e-07,-0.0050301068
2.976317e-07,-0.0050021025
2.977317e-07,-0.0049712259
2.978317e-07,-0.0049518382
2.979317e-07,-0.0049504021
2.980317e-07,-0.0049654814
2.981317e-07,-0.004984869
2.982317e-07,-0.0049977941
2.983317e-07,-0.0049956399
2.984317e-07,-0.0049812787
2.985317e-07,-0.0049626091
2.986317e-07,-0.0049518382
2.987317e-07,-0.0049554285
2.988317e-07,-0.004972662
2.989317e-07,-0.0049942038
2.990317e-07,-0.0050092831
2.991317e-07,-0.0050121553
2.992317e-07,-0.0050042567
2.993317e-07,-0.0049927677
2.994317e-07,-0.0049863051
2.995317e-07,-0.0049898955
2.996317e-07,-0.0050021025
2.997317e-07,-0.0050143095
2.998317e-07,-0.0050207721
2.999317e-07,-0.0050178998
3.000317e-07,-0.0050100011
3.001317e-07,-0.0050049747
3.002317e-07,-0.0050092831
3.003317e-07,-0.0050243624
3.004317e-07,-0.00504375
3.005317e-07,-0.0050573932
3.006317e-07,-0.005055239
3.007317e-07,-0.0050372875
3.008317e-07,-0.0050114373
3.009317e-07,-0.0049906135
3.010317e-07,-0.0049863051
3.011317e-07,-0.0050013844
3.012317e-07,-0.0050308249
3.013317e-07,-0.0050602654
3.014317e-07,-0.0050782169
3.015317e-07,-0.005079653
3.016317e-07,-0.0050688821
3.017317e-07,-0.0050573932
3.018317e-07,-0.005055239
3.019317e-07,-0.0050660099
3.020317e-07,-0.0050839614
3.021317e-07,-0.0050954504
3.022317e-07,-0.0050897059
3.023317e-07,-0.0050638557
3.024317e-07,-0.0050250804
3.025317e-07,-0.0049898955
3.026317e-07,-0.0049748162
3.027317e-07,-0.0049877413
3.028317e-07,-0.0050229262
3.029317e-07,-0.005067446
3.030317e-07,-0.0051011949
3.031317e-07,-0.0051126838
3.032317e-07,-0.0050997587
3.033317e-07,-0.0050717544
3.034317e-07,-0.00504375
3.035317e-07,-0.0050279527
3.036317e-07,-0.0050279527
3.037317e-07,-0.0050401597
3.038317e-07,-0.005055239
3.039317e-07,-0.0050638557
3.040317e-07,-0.0050645738
3.041317e-07,-0.0050595473
3.042317e-07,-0.005055239
3.043317e-07,-0.0050573932
3.044317e-07,-0.0050645738
3.045317e-07,-0.0050739085
3.046317e-07,-0.0050782169
3.047317e-07,-0.0050746266
3.048317e-07,-0.0050652918
3.049317e-07,-0.0050566751
3.050317e-07,-0.005055239
3.051317e-07,-0.0050638557
3.052317e-07,-0.005079653
3.053317e-07,-0.0050947323
3.054317e-07,-0.0051011949
3.055317e-07,-0.0050961684
3.056317e-07,-0.0050832433
3.057317e-07,-0.0050703182
3.058317e-07,-0.0050667279
3.059317e-07,-0.0050760627
3.060317e-07,-0.0050961684
3.061317e-07,-0.0051191464
3.062317e-07,-0.0051356618
3.063317e-07,-0.0051406882
3.064317e-07,-0.0051356618
3.065317e-07,-0.005127045
3.066317e-07,-0.0051241728
3.067317e-07,-0.0051306353
3.068317e-07,-0.0051449966
3.069317e-07,-0.0051607939
3.070317e-07,-0.0051701287
3.071317e-07,-0.0051694106
3.072317e-07,-0.0051607939
3.073317e-07,-0.005150741
3.074317e-07,-0.0051471507
3.075317e-07,-0.0051543313
3.076317e-07,-0.0051686926
3.077317e-07,-0.0051844899
3.078317e-07,-0.0051931066
3.079317e-07,-0.0051895163
3.080317e-07,-0.0051758732
3.081317e-07,-0.0051593578
3.082317e-07,-0.0051471507
3.083317e-07,-0.0051457146
3.084317e-07,-0.0051550494
3.085317e-07,-0.0051686926
3.086317e-07,-0.0051816176
3.087317e-07,-0.0051887983
3.088317e-07,-0.0051902344
3.089317e-07,-0.0051902344
3.090317e-07,-0.0051931066
3.091317e-07,-0.0052017233
3.092317e-07,-0.0052132123
3.093317e-07,-0.0052232652
3.094317e-07,-0.0052275735
3.095317e-07,-0.0052247013
3.096317e-07,-0.0052196749
3.097317e-07,-0.0052182387
3.098317e-07,-0.0052275735
3.099317e-07,-0.0052476792
3.100317e-07,-0.0052742475
3.101317e-07,-0.0052972254
3.102317e-07,-0.0053079963
3.103317e-07,-0.005303688
3.104317e-07,-0.0052878906
3.105317e-07,-0.0052706572
3.106317e-07,-0.0052620404
3.107317e-07,-0.0052677849
3.108317e-07,-0.0052864545
3.109317e-07,-0.0053108686
3.110317e-07,-0.0053309743
3.111317e-07,-0.005339591
3.112317e-07,-0.0053367188
3.113317e-07,-0.005327384
3.114317e-07,-0.0053194853
3.115317e-07,-0.0053202034
3.116317e-07,-0.0053309743
3.117317e-07,-0.0053482077
3.118317e-07,-0.0053654412
3.119317e-07,-0.0053769301
3.120317e-07,-0.0053805205
3.121317e-07,-0.0053790843
3.122317e-07,-0.0053769301
3.123317e-07,-0.0053783663
3.124317e-07,-0.0053841108
3.125317e-07,-0.0053927275
3.126317e-07,-0.0053999081
3.127317e-07,-0.0054034984
3.128317e-07,-0.0054034984
3.129317e-07,-0.0054013442
3.130317e-07,-0.0053999081
3.131317e-07,-0.0054006261
3.132317e-07,-0.0054027803
3.133317e-07,-0.0054034984
3.134317e-07,-0.0053999081
3.135317e-07,-0.0053920094
3.136317e-07,-0.0053826746
3.137317e-07,-0.0053762121
3.138317e-07,-0.0053769301
3.139317e-07,-0.0053855469
3.140317e-07,-0.00539919
3.141317e-07,-0.0054135512
3.142317e-07,-0.005422886
3.143317e-07,-0.0054257583
3.144317e-07,-0.0054243222
3.145317e-07,-0.005422168
3.146317e-07,-0.005422886
3.147317e-07,-0.0054279125
3.148317e-07,-0.005434375
3.149317e-07,-0.0054379653
3.150317e-07,-0.005434375
3.151317e-07,-0.005422168
3.152317e-07,-0.0054056526
3.153317e-07,-0.0053884191
3.154317e-07,-0.0053769301
3.155317e-07,-0.0053726218
3.156317e-07,-0.0053733398
3.157317e-07,-0.0053762121
3.158317e-07,-0.0053769301
3.159317e-07,-0.0053762121
3.160317e-07,-0.005375494
3.161317e-07,-0.0053790843
3.162317e-07,-0.0053884191
3.163317e-07,-0.0054020623
3.164317e-07,-0.0054142693
3.165317e-07,-0.0054185777
3.166317e-07,-0.0054113971
3.167317e-07,-0.0053941636
3.168317e-07,-0.005374776
3.169317e-07,-0.0053625689
3.170317e-07,-0.0053654412
3.171317e-07,-0.0053841108
3.172317e-07,-0.0054128332
3.173317e-07,-0.0054401195
3.174317e-07,-0.0054573529
3.175317e-07,-0.005458071
3.176317e-07,-0.005445864
3.177317e-07,-0.0054271944
3.178317e-07,-0.0054113971
3.179317e-07,-0.0054042165
3.180317e-07,-0.0054056526
3.181317e-07,-0.0054099609
3.182317e-07,-0.0054113971
3.183317e-07,-0.0054049345
3.184317e-07,-0.0053920094
3.185317e-07,-0.0053769301
3.186317e-07,-0.0053654412
3.187317e-07,-0.0053604148
3.188317e-07,-0.0053596967
3.189317e-07,-0.0053596967
3.190317e-07,-0.0053539522
3.191317e-07,-0.005339591
3.192317e-07,-0.0053194853
3.193317e-07,-0.0052986615
3.194317e-07,-0.0052850184
3.195317e-07,-0.0052821461
3.196317e-07,-0.0052886087
3.197317e-07,-0.0052993796
3.198317e-07,-0.0053079963
3.199317e-07,-0.0053087144
3.200317e-07,-0.0053008157
3.201317e-07,-0.0052871726
3.202317e-07,-0.0052735294
3.203317e-07,-0.0052627585
3.204317e-07,-0.005257014
3.205317e-07,-0.0052534237
3.206317e-07,-0.0052505515
3.207317e-07,-0.0052462431
3.208317e-07,-0.0052419347
3.209317e-07,-0.0052383444
3.210317e-07,-0.0052390625
3.211317e-07,-0.0052426528
3.212317e-07,-0.005245525
3.213317e-07,-0.005245525
3.214317e-07,-0.0052390625
3.215317e-07,-0.0052275735
3.216317e-07,-0.0052168026
3.217317e-07,-0.0052110581
3.218317e-07,-0.0052160846
3.219317e-07,-0.0052297277
3.220317e-07,-0.0052476792
3.221317e-07,-0.0052606043
3.222317e-07,-0.0052620404
3.223317e-07,-0.0052512695
3.224317e-07,-0.0052318819
3.225317e-07,-0.0052139304
3.226317e-07,-0.0052045956
3.227317e-07,-0.005208904
3.228317e-07,-0.0052239832
3.229317e-07,-0.005244807
3.230317e-07,-0.0052620404
3.231317e-07,-0.0052713752
3.232317e-07,-0.0052720933
3.233317e-07,-0.0052670669
3.234317e-07,-0.0052620404
3.235317e-07,-0.0052591682
3.236317e-07,-0.0052577321
3.237317e-07,-0.0052555779
3.238317e-07,-0.0052505515
3.239317e-07,-0.0052426528
3.240317e-07,-0.0052347541
3.241317e-07,-0.0052326
3.242317e-07,-0.0052390625
3.243317e-07,-0.0052541418
3.244317e-07,-0.0052720933
3.245317e-07,-0.0052843003
3.246317e-07,-0.0052850184
3.247317e-07,-0.0052728114
3.248317e-07,-0.0052534237
3.249317e-07,-0.0052354722
3.250317e-07,-0.0052275735
3.251317e-07,-0.0052340361
3.252317e-07,-0.0052512695
3.253317e-07,-0.0052713752
3.254317e-07,-0.0052850184
3.255317e-07,-0.0052857364
3.256317e-07,-0.0052735294
3.257317e-07,-0.0052548598
3.258317e-07,-0.0052390625
3.259317e-07,-0.0052318819
3.260317e-07,-0.0052361903
3.261317e-07,-0.0052483973
3.262317e-07,-0.0052620404
3.263317e-07,-0.0052713752
3.264317e-07,-0.0052735294
3.265317e-07,-0.005269221
3.266317e-07,-0.0052620404
3.267317e-07,-0.005256296
3.268317e-07,-0.0052541418
3.269317e-07,-0.0052555779
3.270317e-07,-0.0052620404
3.271317e-07,-0.0052720933
3.272317e-07,-0.0052857364
3.273317e-07,-0.0053022518
3.274317e-07,-0.0053194853
3.275317e-07,-0.0053331284
3.276317e-07,-0.0053388729
3.277317e-07,-0.0053338465
3.278317e-07,-0.0053194853
3.279317e-07,-0.0053008157
3.280317e-07,-0.0052850184
3.281317e-07,-0.0052792739
3.282317e-07,-0.0052850184
3.283317e-07,-0.0052979435
3.284317e-07,-0.0053087144
3.285317e-07,-0.0053094324
3.286317e-07,-0.0052965074
3.287317e-07,-0.0052742475
3.288317e-07,-0.0052512695
3.289317e-07,-0.0052376264
3.290317e-07,-0.0052390625
3.291317e-07,-0.0052519876
3.292317e-07,-0.005268503
3.293317e-07,-0.0052778378
3.294317e-07,-0.0052735294
3.295317e-07,-0.005257014
3.296317e-07,-0.0052376264
3.297317e-07,-0.0052254193
3.298317e-07,-0.0052275735
3.299317e-07,-0.0052419347
3.300317e-07,-0.0052591682
3.301317e-07,-0.005268503
3.302317e-07,-0.0052620404
3.303317e-07,-0.0052426528
3.304317e-07,-0.0052203929
3.305317e-07,-0.005208904
3.306317e-07,-0.0052160846
3.307317e-07,-0.0052397806
3.308317e-07,-0.005269221
3.309317e-07,-0.0052878906
3.310317e-07,-0.0052850184
3.311317e-07,-0.0052591682
3.312317e-07,-0.0052225471
3.313317e-07,-0.0051916705
3.314317e-07,-0.0051816176
3.315317e-07,-0.0051952608
3.316317e-07,-0.0052247013
3.317317e-07,-0.0052519876
3.318317e-07,-0.0052620404
3.319317e-07,-0.0052483973
3.320317e-07,-0.0052168026
3.321317e-07,-0.005185208
3.322317e-07,-0.0051701287
3.323317e-07,-0.0051801815
3.324317e-07,-0.0052110581
3.325317e-07,-0.0052476792
3.326317e-07,-0.0052735294
3.327317e-07,-0.0052764017
3.328317e-07,-0.0052555779
3.329317e-07,-0.0052225471
3.330317e-07,-0.0051931066
3.331317e-07,-0.0051787454
3.332317e-07,-0.0051830538
3.333317e-07,-0.0051988511
3.334317e-07,-0.0052160846
3.335317e-07,-0.0052254193
3.336317e-07,-0.0052254193
3.337317e-07,-0.0052196749
3.338317e-07,-0.0052160846
3.339317e-07,-0.0052203929
3.340317e-07,-0.0052297277
3.341317e-07,-0.0052390625
3.342317e-07,-0.0052390625
3.343317e-07,-0.0052254193
3.344317e-07,-0.0052017233
3.345317e-07,-0.0051758732
3.346317e-07,-0.0051586397
3.347317e-07,-0.0051572036
3.348317e-07,-0.0051694106
3.349317e-07,-0.0051887983
3.350317e-07,-0.0052045956
3.351317e-07,-0.0052110581
3.352317e-07,-0.0052074678
3.353317e-07,-0.0051988511
3.354317e-07,-0.0051931066
3.355317e-07,-0.0051945427
3.356317e-07,-0.0052010053
3.357317e-07,-0.0052067498
3.358317e-07,-0.0052045956
3.359317e-07,-0.0051923886
3.360317e-07,-0.0051730009
3.361317e-07,-0.0051550494
3.362317e-07,-0.0051471507
3.363317e-07,-0.0051521772
3.364317e-07,-0.0051672564
3.365317e-07,-0.0051844899
3.366317e-07,-0.0051931066
3.367317e-07,-0.0051895163
3.368317e-07,-0.0051765912
3.369317e-07,-0.0051629481
3.370317e-07,-0.0051586397
3.371317e-07,-0.0051679745
3.372317e-07,-0.0051887983
3.373317e-07,-0.0052124943
3.374317e-07,-0.0052275735
3.375317e-07,-0.0052275735
3.376317e-07,-0.0052139304
3.377317e-07,-0.0051945427
3.378317e-07,-0.0051816176
3.379317e-07,-0.0051830538
3.380317e-07,-0.0051995692
3.381317e-07,-0.0052254193
3.382317e-07,-0.0052505515
3.383317e-07,-0.0052656307
3.384317e-07,-0.0052677849
3.385317e-07,-0.0052598863
3.386317e-07,-0.0052505515
3.387317e-07,-0.0052469612
3.388317e-07,-0.0052548598
3.389317e-07,-0.0052728114
3.390317e-07,-0.0052965074
3.391317e-07,-0.0053209214
3.392317e-07,-0.0053410271
3.393317e-07,-0.0053561064
3.394317e-07,-0.0053654412
3.395317e-07,-0.0053704676
3.396317e-07,-0.0053711857
3.397317e-07,-0.0053690315
3.398317e-07,-0.0053654412
3.399317e-07,-0.005363287
3.400317e-07,-0.0053668773
3.401317e-07,-0.0053790843
3.402317e-07,-0.0053999081
3.403317e-07,-0.0054243222
3.404317e-07,-0.0054451459
3.405317e-07,-0.0054537626
3.406317e-07,-0.005445864
3.407317e-07,-0.0054236041
3.408317e-07,-0.0053941636
3.409317e-07,-0.0053683134
3.410317e-07,-0.0053539522
3.411317e-07,-0.0053532341
3.412317e-07,-0.0053618509
3.413317e-07,-0.0053719037
3.414317e-07,-0.0053769301
3.415317e-07,-0.0053733398
3.416317e-07,-0.0053647231
3.417317e-07,-0.0053561064
3.418317e-07,-0.0053539522
3.419317e-07,-0.0053589786
3.420317e-07,-0.0053661592
3.421317e-07,-0.0053704676
3.422317e-07,-0.0053654412
3.423317e-07,-0.00535108
3.424317e-07,-0.0053324104
3.425317e-07,-0.005315895
3.426317e-07,-0.0053079963
3.427317e-07,-0.0053087144
3.428317e-07,-0.0053137408
3.429317e-07,-0.0053151769
3.430317e-07,-0.0053079963
3.431317e-07,-0.005292199
3.432317e-07,-0.0052735294
3.433317e-07,-0.0052620404
3.434317e-07,-0.0052620404
3.435317e-07,-0.0052735294
3.436317e-07,-0.0052886087
3.437317e-07,-0.0052957893
3.438317e-07,-0.0052850184
3.439317e-07,-0.0052555779
3.440317e-07,-0.0052160846
3.441317e-07,-0.0051794635
3.442317e-07,-0.0051586397
3.443317e-07,-0.0051586397
3.444317e-07,-0.0051765912
3.445317e-07,-0.0051995692
3.446317e-07,-0.0052160846
3.447317e-07,-0.0052175207
3.448317e-07,-0.0052045956
3.449317e-07,-0.005185208
3.450317e-07,-0.0051701287
3.451317e-07,-0.0051651023
3.452317e-07,-0.0051701287
3.453317e-07,-0.0051787454
3.454317e-07,-0.0051816176
3.455317e-07,-0.005174437
3.456317e-07,-0.0051572036
3.457317e-07,-0.0051378159
3.458317e-07,-0.0051241728
3.459317e-07,-0.0051227367
3.460317e-07,-0.0051320715
3.461317e-07,-0.0051471507
3.462317e-07,-0.0051586397
3.463317e-07,-0.0051607939
3.464317e-07,-0.0051543313
3.465317e-07,-0.0051435604
3.466317e-07,-0.0051356618
3.467317e-07,-0.0051370979
3.468317e-07,-0.0051478688
3.469317e-07,-0.0051651023
3.470317e-07,-0.0051816176
3.471317e-07,-0.0051931066
3.472317e-07,-0.0051988511
3.473317e-07,-0.0052017233
3.474317e-07,-0.0052045956
3.475317e-07,-0.0052110581
3.476317e-07,-0.0052203929
3.477317e-07,-0.0052311638
3.478317e-07,-0.0052390625
3.479317e-07,-0.0052440889
3.480317e-07,-0.0052483973
3.481317e-07,-0.0052541418
3.482317e-07,-0.0052620404
3.483317e-07,-0.0052713752
3.484317e-07,-0.0052771197
3.485317e-07,-0.0052742475
3.486317e-07,-0.0052620404
3.487317e-07,-0.0052440889
3.488317e-07,-0.0052268555
3.489317e-07,-0.0052203929
3.490317e-07,-0.0052275735
3.491317e-07,-0.0052462431
3.492317e-07,-0.005268503
3.493317e-07,-0.0052835823
3.494317e-07,-0.0052850184
3.495317e-07,-0.0052735294
3.496317e-07,-0.0052577321
3.497317e-07,-0.0052476792
3.498317e-07,-0.0052505515
3.499317e-07,-0.0052656307
3.500317e-07,-0.0052843003
3.501317e-07,-0.0052936351
3.502317e-07,-0.0052850184
3.503317e-07,-0.0052577321
3.504317e-07,-0.0052203929
3.505317e-07,-0.0051873621
3.506317e-07,-0.0051701287
3.507317e-07,-0.005173719
3.508317e-07,-0.0051931066
3.509317e-07,-0.0052153665
3.510317e-07,-0.0052275735
3.511317e-07,-0.0052232652
3.512317e-07,-0.0052060317
3.513317e-07,-0.0051844899
3.514317e-07,-0.0051701287
3.515317e-07,-0.0051679745
3.516317e-07,-0.0051765912
3.517317e-07,-0.0051880802
3.518317e-07,-0.0051931066
3.519317e-07,-0.0051873621
3.520317e-07,-0.005173719
3.521317e-07,-0.0051615119
3.522317e-07,-0.0051586397
3.523317e-07,-0.0051694106
3.524317e-07,-0.0051902344
3.525317e-07,-0.0052132123
3.526317e-07,-0.0052275735
3.527317e-07,-0.0052297277
3.528317e-07,-0.005221111
3.529317e-07,-0.0052103401
3.530317e-07,-0.0052045956
3.531317e-07,-0.0052081859
3.532317e-07,-0.0052182387
3.533317e-07,-0.0052275735
3.534317e-07,-0.0052275735
3.535317e-07,-0.0052160846
3.536317e-07,-0.005197415
3.537317e-07,-0.0051794635
3.538317e-07,-0.0051701287
3.539317e-07,-0.0051722829
3.540317e-07,-0.0051823357
3.541317e-07,-0.0051916705
3.542317e-07,-0.0051931066
3.543317e-07,-0.0051837718
3.544317e-07,-0.0051694106
3.545317e-07,-0.0051579216
3.546317e-07,-0.0051586397
3.547317e-07,-0.0051722829
3.548317e-07,-0.0051916705
3.549317e-07,-0.0052060317
3.550317e-07,-0.0052045956
3.551317e-07,-0.005185208
3.552317e-07,-0.0051528952
3.553317e-07,-0.0051205825
3.554317e-07,-0.0051011949
3.555317e-07,-0.0050997587
3.556317e-07,-0.0051141199
3.557317e-07,-0.0051335076
3.558317e-07,-0.0051471507
3.559317e-07,-0.0051478688
3.560317e-07,-0.0051363798
3.561317e-07,-0.0051213006
3.562317e-07,-0.0051126838
3.563317e-07,-0.005114838
3.564317e-07,-0.005127045
3.565317e-07,-0.0051406882
3.566317e-07,-0.0051471507
3.567317e-07,-0.0051421243
3.568317e-07,-0.0051277631
3.569317e-07,-0.0051112477
3.570317e-07,-0.0051011949
3.571317e-07,-0.005103349
3.572317e-07,-0.0051155561
3.573317e-07,-0.0051320715
3.574317e-07,-0.0051471507
3.575317e-07,-0.0051572036
3.576317e-07,-0.0051643842
3.577317e-07,-0.0051751551
3.578317e-07,-0.0051931066
3.579317e-07,-0.0052189568
3.580317e-07,-0.0052469612
3.581317e-07,-0.0052670669
3.582317e-07,-0.0052735294
3.583317e-07,-0.0052663488
3.584317e-07,-0.0052527057
3.585317e-07,-0.0052440889
3.586317e-07,-0.0052505515
3.587317e-07,-0.0052735294
3.588317e-07,-0.0053065602
3.589317e-07,-0.0053374368
3.590317e-07,-0.0053539522
3.591317e-07,-0.005351798
3.592317e-07,-0.0053360007
3.593317e-07,-0.0053180492
3.594317e-07,-0.0053079963
3.595317e-07,-0.0053123047
3.596317e-07,-0.005328102
3.597317e-07,-0.0053453355
3.598317e-07,-0.0053539522
3.599317e-07,-0.0053489258
3.600317e-07,-0.0053331284
3.601317e-07,-0.005315895
3.602317e-07,-0.0053079963
3.603317e-07,-0.0053137408
3.604317e-07,-0.0053295381
3.605317e-07,-0.0053460535
3.606317e-07,-0.0053539522
3.607317e-07,-0.0053467716
3.608317e-07,-0.0053266659
3.609317e-07,-0.0053029699
3.610317e-07,-0.0052850184
3.611317e-07,-0.0052778378
3.612317e-07,-0.00528071
3.613317e-07,-0.0052857364
3.614317e-07,-0.0052850184
3.615317e-07,-0.0052749655
3.616317e-07,-0.0052584501
3.617317e-07,-0.0052433709
3.618317e-07,-0.0052390625
3.619317e-07,-0.0052491153
3.620317e-07,-0.0052699391
3.621317e-07,-0.005292917
3.622317e-07,-0.0053079963
3.623317e-07,-0.0053094324
3.624317e-07,-0.0052993796
3.625317e-07,-0.0052843003
3.626317e-07,-0.0052735294
3.627317e-07,-0.0052720933
3.628317e-07,-0.0052785558
3.629317e-07,-0.0052893267
3.630317e-07,-0.0052965074
3.631317e-07,-0.0052986615
3.632317e-07,-0.0052979435
3.633317e-07,-0.0052993796
3.634317e-07,-0.0053079963
3.635317e-07,-0.0053237937
3.636317e-07,-0.0053417452
3.637317e-07,-0.0053539522
3.638317e-07,-0.0053539522
3.639317e-07,-0.0053417452
3.640317e-07,-0.0053237937
3.641317e-07,-0.0053101505
3.642317e-07,-0.0053079963
3.643317e-07,-0.0053180492
3.644317e-07,-0.0053316923
3.645317e-07,-0.005339591
3.646317e-07,-0.0053309743
3.647317e-07,-0.0053051241
3.648317e-07,-0.0052706572
3.649317e-07,-0.0052404986
3.650317e-07,-0.0052275735
3.651317e-07,-0.0052376264
3.652317e-07,-0.0052641946
3.653317e-07,-0.0052965074
3.654317e-07,-0.0053194853
3.655317e-07,-0.0053259478
3.656317e-07,-0.0053180492
3.657317e-07,-0.005304406
3.658317e-07,-0.0052965074
3.659317e-07,-0.0053008157
3.660317e-07,-0.0053151769
3.661317e-07,-0.0053324104
3.662317e-07,-0.0053424632
3.663317e-07,-0.0053388729
3.664317e-07,-0.0053245117
3.665317e-07,-0.0053065602
3.666317e-07,-0.0052965074
3.667317e-07,-0.0053000977
3.668317e-07,-0.0053180492
3.669317e-07,-0.0053424632
3.670317e-07,-0.0053654412
3.671317e-07,-0.0053790843
3.672317e-07,-0.0053826746
3.673317e-07,-0.0053805205
3.674317e-07,-0.0053769301
3.675317e-07,-0.0053769301
3.676317e-07,-0.0053790843
3.677317e-07,-0.0053798024
3.678317e-07,-0.0053769301
3.679317e-07,-0.0053697495
3.680317e-07,-0.005363287
3.681317e-07,-0.0053640051
3.682317e-07,-0.0053769301
3.683317e-07,-0.0054006261
3.684317e-07,-0.0054279125
3.685317e-07,-0.0054494543
3.686317e-07,-0.0054573529
3.687317e-07,-0.0054501723
3.688317e-07,-0.0054358111
3.689317e-07,-0.0054236041
3.690317e-07,-0.005422886
3.691317e-07,-0.0054365292
3.692317e-07,-0.005458071
3.693317e-07,-0.0054760225
3.694317e-07,-0.0054803309
3.695317e-07,-0.0054666877
3.696317e-07,-0.0054415556
3.697317e-07,-0.0054149874
3.698317e-07,-0.0053999081
3.699317e-07,-0.0054020623
3.700317e-07,-0.0054192957
3.701317e-07,-0.0054415556
3.702317e-07,-0.0054573529
3.703317e-07,-0.0054602252
3.704317e-07,-0.0054501723
3.705317e-07,-0.0054350931
3.706317e-07,-0.005422886
3.707317e-07,-0.0054178596
3.708317e-07,-0.0054192957
3.709317e-07,-0.0054200138
3.710317e-07,-0.0054113971
3.711317e-07,-0.0053912914
3.712317e-07,-0.005363287
3.713317e-07,-0.0053367188
3.714317e-07,-0.0053194853
3.715317e-07,-0.0053173311
3.716317e-07,-0.0053259478
3.717317e-07,-0.0053381549
3.718317e-07,-0.0053424632
3.719317e-07,-0.0053331284
3.720317e-07,-0.0053094324
3.721317e-07,-0.0052792739
3.722317e-07,-0.0052505515
3.723317e-07,-0.0052290097
3.724317e-07,-0.0052153665
3.725317e-07,-0.0052045956
3.726317e-07,-0.0051931066
3.727317e-07,-0.0051773093
3.728317e-07,-0.0051607939
3.729317e-07,-0.0051485869
3.730317e-07,-0.0051471507
3.731317e-07,-0.0051564855
3.732317e-07,-0.0051730009
3.733317e-07,-0.0051880802
3.734317e-07,-0.0051931066
3.735317e-07,-0.005185208
3.736317e-07,-0.0051679745
3.737317e-07,-0.0051493049
3.738317e-07,-0.0051356618
3.739317e-07,-0.0051313534
3.740317e-07,-0.0051342256
3.741317e-07,-0.0051378159
3.742317e-07,-0.0051356618
3.743317e-07,-0.0051256089
3.744317e-07,-0.0051119658
3.745317e-07,-0.0051019129
3.746317e-07,-0.0051011949
3.747317e-07,-0.0051112477
3.748317e-07,-0.005126327
3.749317e-07,-0.0051370979
3.750317e-07,-0.0051356618
3.751317e-07,-0.0051191464
3.752317e-07,-0.0050932962
3.753317e-07,-0.0050688821
3.754317e-07,-0.005055239
3.755317e-07,-0.0050573932
3.756317e-07,-0.0050724724
3.757317e-07,-0.0050904239
3.758317e-07,-0.0051011949
3.759317e-07,-0.0050997587
3.760317e-07,-0.0050882698
3.761317e-07,-0.0050746266
3.762317e-07,-0.0050667279
3.763317e-07,-0.0050703182
3.764317e-07,-0.0050846795
3.765317e-07,-0.0051011949
3.766317e-07,-0.0051126838
3.767317e-07,-0.0051141199
3.768317e-07,-0.0051062213
3.769317e-07,-0.0050954504
3.770317e-07,-0.0050897059
3.771317e-07,-0.0050932962
3.772317e-07,-0.0051040671
3.773317e-07,-0.0051169922
3.774317e-07,-0.0051241728
3.775317e-07,-0.0051213006
3.776317e-07,-0.0051112477
3.777317e-07,-0.0050983226
3.778317e-07,-0.0050897059
3.779317e-07,-0.0050897059
3.780317e-07,-0.0050968865
3.781317e-07,-0.0051069393
3.782317e-07,-0.0051126838
3.783317e-07,-0.0051119658
3.784317e-07,-0.0051047852
3.785317e-07,-0.0050961684
3.786317e-07,-0.0050897059
3.787317e-07,-0.0050853975
3.788317e-07,-0.0050810892
3.789317e-07,-0.0050717544
3.790317e-07,-0.005055239
3.791317e-07,-0.0050344152
3.792317e-07,-0.0050171818
3.793317e-07,-0.0050107192
3.794317e-07,-0.0050207721
3.795317e-07,-0.0050451861
3.796317e-07,-0.0050739085
3.797317e-07,-0.0050961684
3.798317e-07,-0.0051011949
3.799317e-07,-0.0050882698
3.800317e-07,-0.0050638557
3.801317e-07,-0.0050415958
3.802317e-07,-0.005032261
3.803317e-07,-0.0050408778
3.804317e-07,-0.0050631376
3.805317e-07,-0.0050868336
3.806317e-07,-0.0051011949
3.807317e-07,-0.0050997587
3.808317e-07,-0.0050853975
3.809317e-07,-0.0050667279
3.810317e-07,-0.005055239
3.811317e-07,-0.0050573932
3.812317e-07,-0.0050710363
3.813317e-07,-0.0050889878
3.814317e-07,-0.0051011949
3.815317e-07,-0.0051019129
3.816317e-07,-0.005091142
3.817317e-07,-0.0050767808
3.818317e-07,-0.0050667279
3.819317e-07,-0.005067446
3.820317e-07,-0.0050782169
3.821317e-07,-0.0050925781
3.822317e-07,-0.0051011949
3.823317e-07,-0.0050990407
3.824317e-07,-0.0050868336
3.825317e-07,-0.0050688821
3.826317e-07,-0.005055239
3.827317e-07,-0.0050502125
3.828317e-07,-0.005055957
3.829317e-07,-0.005067446
3.830317e-07,-0.0050782169
3.831317e-07,-0.0050839614
3.832317e-07,-0.0050839614
3.833317e-07,-0.0050810892
3.834317e-07,-0.0050782169
3.835317e-07,-0.0050774989
3.836317e-07,-0.0050774989
3.837317e-07,-0.0050746266
3.838317e-07,-0.0050667279
3.839317e-07,-0.0050538028
3.840317e-07,-0.0050415958
3.841317e-07,-0.0050365694
3.842317e-07,-0.00504375
3.843317e-07,-0.0050631376
3.844317e-07,-0.0050889878
3.845317e-07,-0.0051119658
3.846317e-07,-0.0051241728
3.847317e-07,-0.0051234547
3.848317e-07,-0.0051141199
3.849317e-07,-0.005103349
3.850317e-07,-0.0051011949
3.851317e-07,-0.0051098116
3.852317e-07,-0.0051277631
3.853317e-07,-0.0051464327
3.854317e-07,-0.0051586397
3.855317e-07,-0.0051600758
3.856317e-07,-0.0051528952
3.857317e-07,-0.0051421243
3.858317e-07,-0.0051356618
3.859317e-07,-0.0051356618
3.860317e-07,-0.0051414062
3.861317e-07,-0.0051464327
3.862317e-07,-0.0051471507
3.863317e-07,-0.0051406882
3.864317e-07,-0.0051313534
3.865317e-07,-0.0051241728
3.866317e-07,-0.0051241728
3.867317e-07,-0.0051327895
3.868317e-07,-0.0051464327
3.869317e-07,-0.0051564855
3.870317e-07,-0.0051586397
3.871317e-07,-0.005150741
3.872317e-07,-0.005138534
3.873317e-07,-0.0051277631
3.874317e-07,-0.0051241728
3.875317e-07,-0.0051291992
3.876317e-07,-0.0051378159
3.877317e-07,-0.0051414062
3.878317e-07,-0.0051356618
3.879317e-07,-0.0051198644
3.880317e-07,-0.0051011949
3.881317e-07,-0.0050882698
3.882317e-07,-0.0050897059
3.883317e-07,-0.0051055032
3.884317e-07,-0.0051291992
3.885317e-07,-0.005150023
3.886317e-07,-0.0051586397
3.887317e-07,-0.0051536133
3.888317e-07,-0.0051392521
3.889317e-07,-0.005126327
3.890317e-07,-0.0051241728
3.891317e-07,-0.0051363798
3.892317e-07,-0.0051586397
3.893317e-07,-0.0051808996
3.894317e-07,-0.0051931066
3.895317e-07,-0.0051923886
3.896317e-07,-0.0051823357
3.897317e-07,-0.0051715648
3.898317e-07,-0.0051701287
3.899317e-07,-0.0051816176
3.900317e-07,-0.0052031595
3.901317e-07,-0.0052247013
3.902317e-07,-0.0052390625
3.903317e-07,-0.0052419347
3.904317e-07,-0.0052369083
3.905317e-07,-0.005233318
3.906317e-07,-0.0052390625
3.907317e-07,-0.005257014
3.908317e-07,-0.0052828642
3.909317e-07,-0.0053072783
3.910317e-07,-0.0053194853
3.911317e-07,-0.0053166131
3.912317e-07,-0.0053029699
3.913317e-07,-0.0052886087
3.914317e-07,-0.0052850184
3.915317e-07,-0.0052972254
3.916317e-07,-0.0053230756
3.917317e-07,-0.0053532341
3.918317e-07,-0.0053769301
3.919317e-07,-0.005386983
3.920317e-07,-0.0053833927
3.921317e-07,-0.0053733398
3.922317e-07,-0.0053654412
3.923317e-07,-0.0053654412
3.924317e-07,-0.0053733398
3.925317e-07,-0.0053833927
3.926317e-07,-0.0053884191
3.927317e-07,-0.0053848288
3.928317e-07,-0.0053740579
3.929317e-07,-0.0053618509
3.930317e-07,-0.0053539522
3.931317e-07,-0.0053539522
3.932317e-07,-0.0053596967
3.933317e-07,-0.0053654412
3.934317e-07,-0.0053654412
3.935317e-07,-0.0053582606
3.936317e-07,-0.0053482077
3.937317e-07,-0.0053410271
3.938317e-07,-0.0053424632
3.939317e-07,-0.0053525161
3.940317e-07,-0.0053654412
3.941317e-07,-0.0053726218
3.942317e-07,-0.0053654412
3.943317e-07,-0.0053431813
3.944317e-07,-0.0053115866
3.945317e-07,-0.0052814281
3.946317e-07,-0.0052620404
3.947317e-07,-0.0052584501
3.948317e-07,-0.0052663488
3.949317e-07,-0.0052785558
3.950317e-07,-0.0052850184
3.951317e-07,-0.0052828642
3.952317e-07,-0.0052735294
3.953317e-07,-0.0052641946
3.954317e-07,-0.0052620404
3.955317e-07,-0.005268503
3.956317e-07,-0.0052792739
3.957317e-07,-0.0052871726
3.958317e-07,-0.0052850184
3.959317e-07,-0.0052728114
3.960317e-07,-0.005257014
3.961317e-07,-0.0052469612
3.962317e-07,-0.0052505515
3.963317e-07,-0.0052699391
3.964317e-07,-0.0052993796
3.965317e-07,-0.0053266659
3.966317e-07,-0.0053424632
3.967317e-07,-0.0053424632
3.968317e-07,-0.0053302562
3.969317e-07,-0.005315895
3.970317e-07,-0.0053079963
3.971317e-07,-0.0053108686
3.972317e-07,-0.0053209214
3.973317e-07,-0.0053302562
3.974317e-07,-0.0053309743
3.975317e-07,-0.0053209214
3.976317e-07,-0.0053058421
3.977317e-07,-0.0052950712
3.978317e-07,-0.0052965074
3.979317e-07,-0.0053130227
3.980317e-07,-0.0053381549
3.981317e-07,-0.0053625689
3.982317e-07,-0.0053769301
3.983317e-07,-0.0053783663
3.984317e-07,-0.0053726218
3.985317e-07,-0.0053690315
3.986317e-07,-0.0053769301
3.987317e-07,-0.0053977539
3.988317e-07,-0.0054257583
3.989317e-07,-0.0054487362
3.990317e-07,-0.0054573529
3.991317e-07,-0.0054501723
3.992317e-07,-0.0054336569
3.993317e-07,-0.0054207318
3.994317e-07,-0.005422886
3.995317e-07,-0.0054451459
3.996317e-07,-0.0054803309
3.997317e-07,-0.0055155159
3.998317e-07,-0.0055377757
3.999317e-07,-0.0055399299
4.000317e-07,-0.0055248506
4.001317e-07,-0.0055047449
4.002317e-07,-0.0054918199
4.003317e-07,-0.005493974
4.004317e-07,-0.0055097714
4.005317e-07,-0.0055320312
4.006317e-07,-0.0055492647
4.007317e-07,-0.0055557273
4.008317e-07,-0.0055507008
4.009317e-07,-0.0055420841
4.010317e-07,-0.0055377757
4.011317e-07,-0.005541366
4.012317e-07,-0.0055507008
4.013317e-07,-0.0055593176
4.014317e-07,-0.0055607537
4.015317e-07,-0.0055521369
4.016317e-07,-0.0055370577
4.017317e-07,-0.0055226965
4.018317e-07,-0.0055147978
4.019317e-07,-0.0055155159
4.020317e-07,-0.0055198242
4.021317e-07,-0.0055212603
4.022317e-07,-0.0055147978
4.023317e-07,-0.0055011546
4.024317e-07,-0.0054875115
4.025317e-07,-0.0054824851
4.026317e-07,-0.0054918199
4.027317e-07,-0.0055126436
4.028317e-07,-0.0055349035
4.029317e-07,-0.0055463925
4.030317e-07,-0.0055377757
4.031317e-07,-0.0055119256
4.032317e-07,-0.0054810489
4.033317e-07,-0.0054587891
4.034317e-07,-0.0054573529
4.035317e-07,-0.0054760225
4.036317e-07,-0.0055047449
4.037317e-07,-0.0055255687
4.038317e-07,-0.0055262868
4.039317e-07,-0.0055047449
4.040317e-07,-0.0054709961
4.041317e-07,-0.0054422737
4.042317e-07,-0.005434375
4.043317e-07,-0.0054508904
4.044317e-07,-0.0054832031
4.045317e-07,-0.0055133617
4.046317e-07,-0.0055262868
4.047317e-07,-0.0055140797
4.048317e-07,-0.0054839212
4.049317e-07,-0.0054516085
4.050317e-07,-0.005434375
4.051317e-07,-0.0054401195
4.052317e-07,-0.0054652516
4.053317e-07,-0.0054954102
4.054317e-07,-0.0055147978
4.055317e-07,-0.0055147978
4.056317e-07,-0.0054968463
4.057317e-07,-0.0054731503
4.058317e-07,-0.0054573529
4.059317e-07,-0.0054573529
4.060317e-07,-0.005470278
4.061317e-07,-0.0054853573
4.062317e-07,-0.0054918199
4.063317e-07,-0.005481767
4.064317e-07,-0.0054595071
4.065317e-07,-0.0054358111
4.066317e-07,-0.005422886
4.067317e-07,-0.0054264763
4.068317e-07,-0.0054429917
4.069317e-07,-0.0054609432
4.070317e-07,-0.0054688419
4.071317e-07,-0.0054595071
4.072317e-07,-0.0054372472
4.073317e-07,-0.0054135512
4.074317e-07,-0.0053999081
4.075317e-07,-0.0054027803
4.076317e-07,-0.0054192957
4.077317e-07,-0.0054379653
4.078317e-07,-0.005445864
4.079317e-07,-0.0054372472
4.080317e-07,-0.0054157054
4.081317e-07,-0.0053920094
4.082317e-07,-0.0053769301
4.083317e-07,-0.0053776482
4.084317e-07,-0.0053905733
4.085317e-07,-0.0054056526
4.086317e-07,-0.0054113971
4.087317e-07,-0.0054013442
4.088317e-07,-0.0053790843
4.089317e-07,-0.0053553883
4.090317e-07,-0.0053424632
4.091317e-07,-0.0053467716
4.092317e-07,-0.0053654412
4.093317e-07,-0.005386983
4.094317e-07,-0.0053999081
4.095317e-07,-0.0053970358
4.096317e-07,-0.0053798024
4.097317e-07,-0.0053575425
4.098317e-07,-0.0053424632
4.099317e-07,-0.0053410271
4.100317e-07,-0.005351798
4.101317e-07,-0.0053675954
4.102317e-07,-0.0053769301
4.103317e-07,-0.005374776
4.104317e-07,-0.0053625689
4.105317e-07,-0.0053489258
4.106317e-07,-0.0053424632
4.107317e-07,-0.0053482077
4.108317e-07,-0.005363287
4.109317e-07,-0.0053798024
4.110317e-07,-0.0053884191
4.111317e-07,-0.0053855469
4.112317e-07,-0.0053740579
4.113317e-07,-0.0053640051
4.114317e-07,-0.0053654412
4.115317e-07,-0.0053812385
4.116317e-07,-0.0054078068
4.117317e-07,-0.0054329389
4.118317e-07,-0.005445864
4.119317e-07,-0.0054408375
4.120317e-07,-0.005422168
4.121317e-07,-0.0054006261
4.122317e-07,-0.0053884191
4.123317e-07,-0.0053941636
4.124317e-07,-0.0054157054
4.125317e-07,-0.0054451459
4.126317e-07,-0.0054688419
4.127317e-07,-0.0054788948
4.128317e-07,-0.0054738683
4.129317e-07,-0.0054595071
4.130317e-07,-0.005445864
4.131317e-07,-0.0054408375
4.132317e-07,-0.005445864
4.133317e-07,-0.0054573529
4.134317e-07,-0.0054688419
4.135317e-07,-0.0054753045
4.136317e-07,-0.0054774586
4.137317e-07,-0.0054774586
4.138317e-07,-0.0054803309
4.139317e-07,-0.0054882295
4.140317e-07,-0.0054975643
4.141317e-07,-0.0055047449
4.142317e-07,-0.0055033088
4.143317e-07,-0.005493974
4.144317e-07,-0.0054803309
4.145317e-07,-0.005470278
4.146317e-07,-0.0054688419
4.147317e-07,-0.0054774586
4.148317e-07,-0.0054896657
4.149317e-07,-0.0054968463
4.150317e-07,-0.0054918199
4.151317e-07,-0.0054731503
4.152317e-07,-0.0054473001
4.153317e-07,-0.0054236041
4.154317e-07,-0.0054113971
4.155317e-07,-0.0054142693
4.156317e-07,-0.0054271944
4.157317e-07,-0.0054408375
4.158317e-07,-0.005445864
4.159317e-07,-0.0054379653
4.160317e-07,-0.0054207318
4.161317e-07,-0.0054013442
4.162317e-07,-0.0053884191
4.163317e-07,-0.0053848288
4.164317e-07,-0.0053884191
4.165317e-07,-0.0053920094
4.166317e-07,-0.0053884191
4.167317e-07,-0.0053762121
4.168317e-07,-0.0053589786
4.169317e-07,-0.0053460535
4.170317e-07,-0.0053424632
4.171317e-07,-0.0053503619
4.172317e-07,-0.0053647231
4.173317e-07,-0.0053762121
4.174317e-07,-0.0053769301
4.175317e-07,-0.0053661592
4.176317e-07,-0.0053489258
4.177317e-07,-0.0053345646
4.178317e-07,-0.0053309743
4.179317e-07,-0.005339591
4.180317e-07,-0.0053546703
4.181317e-07,-0.0053661592
4.182317e-07,-0.0053654412
4.183317e-07,-0.005351798
4.184317e-07,-0.0053324104
4.185317e-07,-0.0053187672
4.186317e-07,-0.0053194853
4.187317e-07,-0.0053367188
4.188317e-07,-0.0053640051
4.189317e-07,-0.0053884191
4.190317e-07,-0.0053999081
4.191317e-07,-0.0053941636
4.192317e-07,-0.0053783663
4.193317e-07,-0.0053647231
4.194317e-07,-0.0053654412
4.195317e-07,-0.0053841108
4.196317e-07,-0.0054149874
4.197317e-07,-0.0054444278
4.198317e-07,-0.0054573529
4.199317e-07,-0.0054473001
4.200317e-07,-0.0054178596
4.201317e-07,-0.0053812385
4.202317e-07,-0.0053539522
4.203317e-07,-0.0053453355
4.204317e-07,-0.0053546703
4.205317e-07,-0.0053733398
4.206317e-07,-0.0053884191
4.207317e-07,-0.0053891372
4.208317e-07,-0.005374776
4.209317e-07,-0.005351798
4.210317e-07,-0.0053309743
4.211317e-07,-0.0053209214
4.212317e-07,-0.0053237937
4.213317e-07,-0.0053338465
4.214317e-07,-0.0053424632
4.215317e-07,-0.0053417452
4.216317e-07,-0.0053302562
4.217317e-07,-0.0053123047
4.218317e-07,-0.0052965074
4.219317e-07,-0.0052886087
4.220317e-07,-0.0052886087
4.221317e-07,-0.0052936351
4.222317e-07,-0.0052965074
4.223317e-07,-0.0052914809
4.224317e-07,-0.0052785558
4.225317e-07,-0.0052627585
4.226317e-07,-0.0052505515
4.227317e-07,-0.0052476792
4.228317e-07,-0.0052541418
4.229317e-07,-0.0052649127
4.230317e-07,-0.0052735294
4.231317e-07,-0.0052735294
4.232317e-07,-0.0052641946
4.233317e-07,-0.0052469612
4.234317e-07,-0.0052275735
4.235317e-07,-0.005209622
4.236317e-07,-0.0051952608
4.237317e-07,-0.0051830538
4.238317e-07,-0.0051701287
4.239317e-07,-0.0051557675
4.240317e-07,-0.0051421243
4.241317e-07,-0.0051306353
4.242317e-07,-0.0051241728
4.243317e-07,-0.0051227367
4.244317e-07,-0.0051227367
4.245317e-07,-0.0051198644
4.246317e-07,-0.0051126838
4.247317e-07,-0.0051011949
4.248317e-07,-0.0050904239
4.249317e-07,-0.0050861156
4.250317e-07,-0.0050897059
4.251317e-07,-0.0051004768
4.252317e-07,-0.0051119658
4.253317e-07,-0.0051177102
4.254317e-07,-0.0051126838
4.255317e-07,-0.0050997587
4.256317e-07,-0.0050839614
4.257317e-07,-0.0050753447
4.258317e-07,-0.0050782169
4.259317e-07,-0.005091142
4.260317e-07,-0.0051069393
4.261317e-07,-0.0051162741
4.262317e-07,-0.0051126838
4.263317e-07,-0.0050976045
4.264317e-07,-0.005078935
4.265317e-07,-0.0050660099
4.266317e-07,-0.0050667279
4.267317e-07,-0.0050818072
4.268317e-07,-0.005102631
4.269317e-07,-0.0051198644
4.270317e-07,-0.0051241728
4.271317e-07,-0.005114838
4.272317e-07,-0.0050968865
4.273317e-07,-0.0050825253
4.274317e-07,-0.0050782169
4.275317e-07,-0.0050853975
4.276317e-07,-0.0050961684
4.277317e-07,-0.0051004768
4.278317e-07,-0.0050897059
4.279317e-07,-0.0050645738
4.280317e-07,-0.0050336972
4.281317e-07,-0.0050114373
4.282317e-07,-0.0050092831
4.283317e-07,-0.0050301068
4.284317e-07,-0.0050667279
4.285317e-07,-0.005102631
4.286317e-07,-0.0051241728
4.287317e-07,-0.0051241728
4.288317e-07,-0.0051062213
4.289317e-07,-0.0050825253
4.290317e-07,-0.0050667279
4.291317e-07,-0.0050660099
4.292317e-07,-0.005078935
4.293317e-07,-0.0050940142
4.294317e-07,-0.0051011949
4.295317e-07,-0.0050918601
4.296317e-07,-0.0050688821
4.297317e-07,-0.0050408778
4.298317e-07,-0.0050207721
4.299317e-07,-0.0050164637
4.300317e-07,-0.0050279527
4.301317e-07,-0.0050480584
4.302317e-07,-0.0050667279
4.303317e-07,-0.0050753447
4.304317e-07,-0.0050724724
4.305317e-07,-0.0050631376
4.306317e-07,-0.005055239
4.307317e-07,-0.0050538028
4.308317e-07,-0.0050602654
4.309317e-07,-0.0050696002
4.310317e-07,-0.0050782169
4.311317e-07,-0.0050825253
4.312317e-07,-0.0050846795
4.313317e-07,-0.0050897059
4.314317e-07,-0.0051011949
4.315317e-07,-0.0051198644
4.316317e-07,-0.0051414062
4.317317e-07,-0.0051564855
4.318317e-07,-0.0051586397
4.319317e-07,-0.0051471507
4.320317e-07,-0.005127045
4.321317e-07,-0.0051083755
4.322317e-07,-0.0051011949
4.323317e-07,-0.0051083755
4.324317e-07,-0.0051277631
4.325317e-07,-0.0051514591
4.326317e-07,-0.0051701287
4.327317e-07,-0.0051801815
4.328317e-07,-0.0051837718
4.329317e-07,-0.0051866441
4.330317e-07,-0.0051931066
4.331317e-07,-0.0052045956
4.332317e-07,-0.0052160846
4.333317e-07,-0.005221829
4.334317e-07,-0.0052160846
4.335317e-07,-0.0052017233
4.336317e-07,-0.005185926
4.337317e-07,-0.0051808996
4.338317e-07,-0.0051931066
4.339317e-07,-0.0052232652
4.340317e-07,-0.0052627585
4.341317e-07,-0.0052986615
4.342317e-07,-0.0053194853
4.343317e-07,-0.0053223575
4.344317e-07,-0.0053137408
4.345317e-07,-0.0053051241
4.346317e-07,-0.0053079963
4.347317e-07,-0.0053259478
4.348317e-07,-0.0053539522
4.349317e-07,-0.0053819566
4.350317e-07,-0.0053999081
4.351317e-07,-0.0054042165
4.352317e-07,-0.0053999081
4.353317e-07,-0.00539919
4.354317e-07,-0.0054113971
4.355317e-07,-0.0054394014
4.356317e-07,-0.0054760225
4.357317e-07,-0.0055090533
4.358317e-07,-0.0055262868
4.359317e-07,-0.0055219784
4.360317e-07,-0.0055025908
4.361317e-07,-0.0054803309
4.362317e-07,-0.0054688419
4.363317e-07,-0.0054760225
4.364317e-07,-0.0054997185
4.365317e-07,-0.0055284409
4.366317e-07,-0.0055492647
4.367317e-07,-0.0055542911
4.368317e-07,-0.0055435202
4.369317e-07,-0.0055270048
4.370317e-07,-0.0055147978
4.371317e-07,-0.0055155159
4.372317e-07,-0.005529159
4.373317e-07,-0.0055478286
4.374317e-07,-0.0055607537
4.375317e-07,-0.0055607537
4.376317e-07,-0.0055471105
4.377317e-07,-0.0055248506
4.378317e-07,-0.0055033088
4.379317e-07,-0.0054889476
4.380317e-07,-0.0054839212
4.381317e-07,-0.0054860754
4.382317e-07,-0.0054918199
4.383317e-07,-0.0054975643
4.384317e-07,-0.0055040269
4.385317e-07,-0.0055133617
4.386317e-07,-0.0055262868
4.387317e-07,-0.0055399299
4.388317e-07,-0.0055485466
4.389317e-07,-0.0055449563
4.390317e-07,-0.0055262868
4.391317e-07,-0.0054982824
4.392317e-07,-0.0054717142
4.393317e-07,-0.0054587891
4.394317e-07,-0.0054688419
4.395317e-07,-0.0054990005
4.396317e-07,-0.0055384938
4.397317e-07,-0.0055708065
4.398317e-07,-0.0055837316
4.399317e-07,-0.0055736788
4.400317e-07,-0.0055492647
4.401317e-07,-0.0055248506
4.402317e-07,-0.0055147978
4.403317e-07,-0.0055248506
4.404317e-07,-0.0055507008
4.405317e-07,-0.0055787052
4.406317e-07,-0.0055952206
4.407317e-07,-0.0055937845
4.408317e-07,-0.0055772691
4.409317e-07,-0.0055578814
4.410317e-07,-0.0055492647
4.411317e-07,-0.0055585995
4.412317e-07,-0.0055822955
4.413317e-07,-0.0056110179
4.414317e-07,-0.0056296875
4.415317e-07,-0.0056304056
4.416317e-07,-0.005612454
4.417317e-07,-0.0055851677
4.418317e-07,-0.0055607537
4.419317e-07,-0.0055485466
4.420317e-07,-0.0055499828
4.421317e-07,-0.0055607537
4.422317e-07,-0.0055722426
4.423317e-07,-0.0055779871
4.424317e-07,-0.0055772691
4.425317e-07,-0.0055729607
4.426317e-07,-0.0055722426
4.427317e-07,-0.0055779871
4.428317e-07,-0.005588758
4.429317e-07,-0.005600247
4.430317e-07,-0.0056067096
4.431317e-07,-0.0056067096
4.432317e-07,-0.0056031193
4.433317e-07,-0.0056016831
4.434317e-07,-0.0056067096
4.435317e-07,-0.0056189166
4.436317e-07,-0.0056325597
4.437317e-07,-0.0056418945
4.438317e-07,-0.0056411765
4.439317e-07,-0.0056311236
4.440317e-07,-0.0056181985
4.441317e-07,-0.005611736
4.442317e-07,-0.0056181985
4.443317e-07,-0.0056368681
4.444317e-07,-0.005659846
4.445317e-07,-0.0056756434
4.446317e-07,-0.0056756434
4.447317e-07,-0.005659128
4.448317e-07,-0.0056339959
4.449317e-07,-0.0056131721
4.450317e-07,-0.0056067096
4.451317e-07,-0.0056189166
4.452317e-07,-0.0056433307
4.453317e-07,-0.0056691808
4.454317e-07,-0.0056871324
4.455317e-07,-0.0056928768
4.456317e-07,-0.0056907227
4.457317e-07,-0.0056900046
4.458317e-07,-0.0056986213
4.459317e-07,-0.0057172909
4.460317e-07,-0.0057402688
4.461317e-07,-0.0057560662
4.462317e-07,-0.0057560662
4.463317e-07,-0.0057402688
4.464317e-07,-0.0057172909
4.465317e-07,-0.0056993394
4.466317e-07,-0.0056986213
4.467317e-07,-0.0057165728
4.468317e-07,-0.0057467314
4.469317e-07,-0.0057747358
4.470317e-07,-0.0057905331
4.471317e-07,-0.005789815
4.472317e-07,-0.0057797622
4.473317e-07,-0.0057718635
4.474317e-07,-0.0057790441
4.475317e-07,-0.0058027401
4.476317e-07,-0.0058350528
4.477317e-07,-0.0058623392
4.478317e-07,-0.0058709559
4.479317e-07,-0.0058558766
4.480317e-07,-0.0058242819
4.481317e-07,-0.005789815
4.482317e-07,-0.0057675551
4.483317e-07,-0.0057639648
4.484317e-07,-0.0057747358
4.485317e-07,-0.0057876608
4.486317e-07,-0.0057905331
4.487317e-07,-0.005777608
4.488317e-07,-0.0057531939
4.489317e-07,-0.0057309341
4.490317e-07,-0.0057215993
4.491317e-07,-0.0057309341
4.492317e-07,-0.005753912
4.493317e-07,-0.0057747358
4.494317e-07,-0.0057790441
4.495317e-07,-0.0057596565
4.496317e-07,-0.0057223173
4.497317e-07,-0.0056806698
4.498317e-07,-0.0056526654
4.499317e-07,-0.0056490751
4.500317e-07,-0.0056677447
4.501317e-07,-0.0056979033
4.502317e-07,-0.0057215993
4.503317e-07,-0.0057266257
4.504317e-07,-0.0057108284
4.505317e-07,-0.0056813879
4.506317e-07,-0.0056526654
4.507317e-07,-0.0056368681
4.508317e-07,-0.0056375862
4.509317e-07,-0.0056505113
4.510317e-07,-0.0056641544
4.511317e-07,-0.0056691808
4.512317e-07,-0.0056612822
4.513317e-07,-0.0056454848
4.514317e-07,-0.0056296875
4.515317e-07,-0.0056217888
4.516317e-07,-0.0056253791
4.517317e-07,-0.0056383042
4.518317e-07,-0.0056526654
4.519317e-07,-0.0056634364
4.520317e-07,-0.0056670267
4.521317e-07,-0.0056663086
4.522317e-07,-0.0056641544
4.523317e-07,-0.0056641544
4.524317e-07,-0.0056663086
4.525317e-07,-0.0056677447
4.526317e-07,-0.0056641544
4.527317e-07,-0.0056548196
4.528317e-07,-0.0056433307
4.529317e-07,-0.0056332778
4.530317e-07,-0.0056296875
4.531317e-07,-0.0056339959
4.532317e-07,-0.0056433307
4.533317e-07,-0.0056512293
4.534317e-07,-0.0056526654
4.535317e-07,-0.005646921
4.536317e-07,-0.0056375862
4.537317e-07,-0.0056296875
4.538317e-07,-0.0056296875
4.539317e-07,-0.00563615
4.540317e-07,-0.0056454848
4.541317e-07,-0.0056483571
4.542317e-07,-0.0056411765
4.543317e-07,-0.005623225
4.544317e-07,-0.005599529
4.545317e-07,-0.0055808594
4.546317e-07,-0.0055722426
4.547317e-07,-0.005575833
4.548317e-07,-0.0055866039
4.549317e-07,-0.0055952206
4.550317e-07,-0.0055952206
4.551317e-07,-0.0055858858
4.552317e-07,-0.0055715246
4.553317e-07,-0.0055614717
4.554317e-07,-0.0055607537
4.555317e-07,-0.0055700885
4.556317e-07,-0.0055830136
4.557317e-07,-0.0055894761
4.558317e-07,-0.0055837316
4.559317e-07,-0.0055657801
4.560317e-07,-0.0055449563
4.561317e-07,-0.0055327493
4.562317e-07,-0.0055377757
4.563317e-07,-0.0055614717
4.564317e-07,-0.0055952206
4.565317e-07,-0.0056253791
4.566317e-07,-0.0056411765
4.567317e-07,-0.0056390223
4.568317e-07,-0.0056246611
4.569317e-07,-0.0056095818
4.570317e-07,-0.0056067096
4.571317e-07,-0.0056189166
4.572317e-07,-0.0056404584
4.573317e-07,-0.005659128
4.574317e-07,-0.0056641544
4.575317e-07,-0.0056497932
4.576317e-07,-0.0056203527
4.577317e-07,-0.0055866039
4.578317e-07,-0.0055607537
4.579317e-07,-0.0055499828
4.580317e-07,-0.0055514189
4.581317e-07,-0.0055585995
4.582317e-07,-0.0055607537
4.583317e-07,-0.0055535731
4.584317e-07,-0.0055392119
4.585317e-07,-0.0055234145
4.586317e-07,-0.0055147978
4.587317e-07,-0.0055140797
4.588317e-07,-0.00551767
4.589317e-07,-0.0055162339
4.590317e-07,-0.0055033088
4.591317e-07,-0.0054774586
4.592317e-07,-0.0054451459
4.593317e-07,-0.0054164235
4.594317e-07,-0.0053999081
4.595317e-07,-0.0053977539
4.596317e-07,-0.0054042165
4.597317e-07,-0.0054078068
4.598317e-07,-0.0053999081
4.599317e-07,-0.0053798024
4.600317e-07,-0.0053539522
4.601317e-07,-0.0053345646
4.602317e-07,-0.0053309743
4.603317e-07,-0.0053446174
4.604317e-07,-0.0053675954
4.605317e-07,-0.0053862649
4.606317e-07,-0.0053884191
4.607317e-07,-0.0053711857
4.608317e-07,-0.0053403091
4.609317e-07,-0.0053115866
4.610317e-07,-0.0052965074
4.611317e-07,-0.0053008157
4.612317e-07,-0.0053187672
4.613317e-07,-0.0053367188
4.614317e-07,-0.0053424632
4.615317e-07,-0.0053288201
4.616317e-07,-0.0053000977
4.617317e-07,-0.0052699391
4.618317e-07,-0.0052505515
4.619317e-07,-0.0052505515
4.620317e-07,-0.0052670669
4.621317e-07,-0.0052900448
4.622317e-07,-0.0053079963
4.623317e-07,-0.0053130227
4.624317e-07,-0.0053072783
4.625317e-07,-0.0052986615
4.626317e-07,-0.0052965074
4.627317e-07,-0.0053051241
4.628317e-07,-0.0053216395
4.629317e-07,-0.0053367188
4.630317e-07,-0.0053424632
