LECROYHDO6104B,11090,Waveform
Segments,1,SegmentSize,5002
Segment,TrigTime,TimeSinceSegment1
#1,04-May-2026 18:33:01,0                 
Time,Ampl
-3.704714e-08,-0.0058939338
-3.694714e-08,-0.0058996783
-3.684714e-08,-0.0059054228
-3.674714e-08,-0.0059097312
-3.664714e-08,-0.0059097312
-3.654714e-08,-0.0059003964
-3.644714e-08,-0.0058824449
-3.634714e-08,-0.0058594669
-3.624714e-08,-0.0058415154
-3.614714e-08,-0.005836489
-3.604714e-08,-0.0058479779
-3.594714e-08,-0.0058716739
-3.584714e-08,-0.0058946519
-3.574714e-08,-0.0059047047
-3.564714e-08,-0.0058939338
-3.554714e-08,-0.0058637753
-3.544714e-08,-0.0058271542
-3.534714e-08,-0.0057984318
-3.524714e-08,-0.0057905331
-3.514714e-08,-0.0058048943
-3.504714e-08,-0.0058336167
-3.494714e-08,-0.005860185
-3.484714e-08,-0.0058709559
-3.474714e-08,-0.005860903
-3.464714e-08,-0.0058357709
-3.454714e-08,-0.0058077665
-3.444714e-08,-0.0057905331
-3.434714e-08,-0.005789815
-3.424714e-08,-0.0058027401
-3.414714e-08,-0.0058178194
-3.404714e-08,-0.005825
-3.394714e-08,-0.0058185375
-3.384714e-08,-0.0058020221
-3.374714e-08,-0.0057855067
-3.364714e-08,-0.0057790441
-3.354714e-08,-0.0057862247
-3.344714e-08,-0.005801304
-3.334714e-08,-0.0058142291
-3.324714e-08,-0.005813511
-3.314714e-08,-0.0057962776
-3.304714e-08,-0.0057682732
-3.294714e-08,-0.0057431411
-3.284714e-08,-0.0057330882
-3.274714e-08,-0.0057438591
-3.264714e-08,-0.0057697093
-3.254714e-08,-0.0057984318
-3.244714e-08,-0.005813511
-3.234714e-08,-0.0058070485
-3.224714e-08,-0.0057811983
-3.214714e-08,-0.0057481675
-3.204714e-08,-0.0057215993
-3.194714e-08,-0.0057129825
-3.184714e-08,-0.0057244715
-3.174714e-08,-0.0057467314
-3.164714e-08,-0.0057675551
-3.154714e-08,-0.0057761719
-3.144714e-08,-0.0057697093
-3.134714e-08,-0.0057524759
-3.124714e-08,-0.0057330882
-3.114714e-08,-0.0057208812
-3.104714e-08,-0.005718727
-3.094714e-08,-0.0057251896
-3.084714e-08,-0.0057330882
-3.074714e-08,-0.0057381147
-3.064714e-08,-0.0057388327
-3.054714e-08,-0.0057359605
-3.044714e-08,-0.0057330882
-3.034714e-08,-0.0057316521
-3.024714e-08,-0.0057294979
-3.014714e-08,-0.0057237534
-3.004714e-08,-0.0057101103
-2.994714e-08,-0.0056907227
-2.984714e-08,-0.0056698989
-2.974714e-08,-0.0056555377
-2.964714e-08,-0.0056526654
-2.954714e-08,-0.0056612822
-2.944714e-08,-0.0056749253
-2.934714e-08,-0.0056856962
-2.924714e-08,-0.0056871324
-2.914714e-08,-0.0056770795
-2.904714e-08,-0.0056612822
-2.894714e-08,-0.005646921
-2.884714e-08,-0.0056411765
-2.874714e-08,-0.0056447668
-2.864714e-08,-0.0056519474
-2.854714e-08,-0.0056569738
-2.844714e-08,-0.0056526654
-2.834714e-08,-0.0056411765
-2.824714e-08,-0.0056275333
-2.814714e-08,-0.0056225069
-2.804714e-08,-0.0056296875
-2.794714e-08,-0.0056483571
-2.784714e-08,-0.0056684628
-2.774714e-08,-0.0056799517
-2.764714e-08,-0.0056756434
-2.754714e-08,-0.0056569738
-2.744714e-08,-0.0056332778
-2.734714e-08,-0.0056174805
-2.724714e-08,-0.0056181985
-2.714714e-08,-0.0056347139
-2.704714e-08,-0.0056576919
-2.694714e-08,-0.005670617
-2.684714e-08,-0.0056641544
-2.674714e-08,-0.0056375862
-2.664714e-08,-0.0056009651
-2.654714e-08,-0.0055708065
-2.644714e-08,-0.0055607537
-2.634714e-08,-0.0055743968
-2.624714e-08,-0.0056031193
-2.614714e-08,-0.0056304056
-2.604714e-08,-0.0056411765
-2.594714e-08,-0.0056304056
-2.584714e-08,-0.0056031193
-2.574714e-08,-0.0055751149
-2.564714e-08,-0.0055607537
-2.554714e-08,-0.0055664982
-2.544714e-08,-0.005588758
-2.534714e-08,-0.0056138902
-2.524714e-08,-0.0056296875
-2.514714e-08,-0.0056282514
-2.504714e-08,-0.0056138902
-2.494714e-08,-0.0055988109
-2.484714e-08,-0.0055952206
-2.474714e-08,-0.0056095818
-2.464714e-08,-0.0056375862
-2.454714e-08,-0.0056677447
-2.444714e-08,-0.0056871324
-2.434714e-08,-0.0056885685
-2.424714e-08,-0.0056763614
-2.414714e-08,-0.005659846
-2.404714e-08,-0.0056526654
-2.394714e-08,-0.0056605641
-2.384714e-08,-0.0056799517
-2.374714e-08,-0.0057000574
-2.364714e-08,-0.0057101103
-2.354714e-08,-0.0057029297
-2.344714e-08,-0.005683542
-2.334714e-08,-0.0056627183
-2.324714e-08,-0.0056526654
-2.314714e-08,-0.0056620002
-2.304714e-08,-0.0056871324
-2.294714e-08,-0.0057194451
-2.284714e-08,-0.0057445772
-2.274714e-08,-0.0057560662
-2.264714e-08,-0.005753912
-2.254714e-08,-0.0057467314
-2.244714e-08,-0.0057445772
-2.234714e-08,-0.0057531939
-2.224714e-08,-0.0057718635
-2.214714e-08,-0.0057912511
-2.204714e-08,-0.0058020221
-2.194714e-08,-0.0057991498
-2.184714e-08,-0.0057840705
-2.174714e-08,-0.0057668371
-2.164714e-08,-0.0057560662
-2.154714e-08,-0.0057582204
-2.144714e-08,-0.0057697093
-2.134714e-08,-0.0057840705
-2.124714e-08,-0.0057905331
-2.114714e-08,-0.0057847886
-2.104714e-08,-0.0057697093
-2.094714e-08,-0.0057531939
-2.084714e-08,-0.0057445772
-2.074714e-08,-0.0057467314
-2.064714e-08,-0.0057575023
-2.054714e-08,-0.0057675551
-2.044714e-08,-0.0057675551
-2.034714e-08,-0.0057546301
-2.024714e-08,-0.0057323702
-2.014714e-08,-0.0057101103
-2.004714e-08,-0.0056986213
-1.994714e-08,-0.0057022116
-1.984714e-08,-0.0057172909
-1.974714e-08,-0.0057352424
-1.964714e-08,-0.0057445772
-1.954714e-08,-0.0057409869
-1.944714e-08,-0.0057266257
-1.934714e-08,-0.0057093922
-1.924714e-08,-0.0056986213
-1.914714e-08,-0.0056979033
-1.904714e-08,-0.0057050839
-1.894714e-08,-0.0057122645
-1.884714e-08,-0.0057101103
-1.874714e-08,-0.0056964671
-1.864714e-08,-0.0056763614
-1.854714e-08,-0.0056584099
-1.844714e-08,-0.0056526654
-1.834714e-08,-0.0056627183
-1.824714e-08,-0.0056842601
-1.814714e-08,-0.0057079561
-1.804714e-08,-0.0057215993
-1.794714e-08,-0.0057208812
-1.784714e-08,-0.0057086742
-1.774714e-08,-0.005694313
-1.764714e-08,-0.0056871324
-1.754714e-08,-0.0056928768
-1.744714e-08,-0.0057079561
-1.734714e-08,-0.0057251896
-1.724714e-08,-0.0057330882
-1.714714e-08,-0.0057266257
-1.704714e-08,-0.0057072381
-1.694714e-08,-0.005683542
-1.684714e-08,-0.0056641544
-1.674714e-08,-0.0056562557
-1.664714e-08,-0.005659128
-1.654714e-08,-0.0056684628
-1.644714e-08,-0.0056756434
-1.634714e-08,-0.0056785156
-1.624714e-08,-0.0056777976
-1.614714e-08,-0.0056792337
-1.604714e-08,-0.0056871324
-1.594714e-08,-0.0057022116
-1.584714e-08,-0.0057194451
-1.574714e-08,-0.0057280618
-1.564714e-08,-0.0057215993
-1.554714e-08,-0.0056979033
-1.544714e-08,-0.0056648725
-1.534714e-08,-0.0056339959
-1.524714e-08,-0.0056181985
-1.514714e-08,-0.005623943
-1.504714e-08,-0.0056483571
-1.494714e-08,-0.0056813879
-1.484714e-08,-0.0057101103
-1.474714e-08,-0.0057266257
-1.464714e-08,-0.0057294979
-1.454714e-08,-0.0057251896
-1.444714e-08,-0.0057215993
-1.434714e-08,-0.0057244715
-1.424714e-08,-0.0057352424
-1.414714e-08,-0.0057474494
-1.404714e-08,-0.0057560662
-1.394714e-08,-0.0057567842
-1.384714e-08,-0.0057510398
-1.374714e-08,-0.0057452953
-1.364714e-08,-0.0057445772
-1.354714e-08,-0.0057524759
-1.344714e-08,-0.005765401
-1.334714e-08,-0.0057761719
-1.324714e-08,-0.0057790441
-1.314714e-08,-0.0057704274
-1.304714e-08,-0.0057546301
-1.294714e-08,-0.0057395508
-1.284714e-08,-0.0057330882
-1.274714e-08,-0.0057402688
-1.264714e-08,-0.0057575023
-1.254714e-08,-0.005777608
-1.244714e-08,-0.0057905331
-1.234714e-08,-0.0057905331
-1.224714e-08,-0.0057783261
-1.214714e-08,-0.0057603745
-1.204714e-08,-0.0057445772
-1.194714e-08,-0.0057359605
-1.184714e-08,-0.0057366785
-1.174714e-08,-0.0057409869
-1.164714e-08,-0.0057445772
-1.154714e-08,-0.0057445772
-1.144714e-08,-0.005741705
-1.134714e-08,-0.0057402688
-1.124714e-08,-0.0057445772
-1.114714e-08,-0.0057560662
-1.104714e-08,-0.0057711455
-1.094714e-08,-0.0057847886
-1.084714e-08,-0.0057905331
-1.074714e-08,-0.0057869428
-1.064714e-08,-0.0057783261
-1.054714e-08,-0.0057697093
-1.044714e-08,-0.0057675551
-1.034714e-08,-0.0057740177
-1.024714e-08,-0.0057855067
-1.014714e-08,-0.0057969956
-1.004714e-08,-0.0058020221
-9.947145e-09,-0.0057998679
-9.847145e-09,-0.0057948415
-9.747145e-09,-0.0057934053
-9.647145e-09,-0.0058020221
-9.547145e-09,-0.0058206916
-9.447145e-09,-0.0058451057
-9.347145e-09,-0.0058680836
-9.247145e-09,-0.0058824449
-9.147145e-09,-0.0058867532
-9.047145e-09,-0.0058860352
-8.947145e-09,-0.0058860352
-8.847145e-09,-0.0058939338
-8.747145e-09,-0.0059104492
-8.647145e-09,-0.005931991
-8.547145e-09,-0.0059513787
-8.447145e-09,-0.0059628676
-8.347145e-09,-0.005967176
-8.247145e-09,-0.0059700483
-8.147145e-09,-0.005978665
-8.047145e-09,-0.0059973346
-7.947145e-09,-0.0060253389
-7.847145e-09,-0.0060526252
-7.747145e-09,-0.0060691406
-7.647145e-09,-0.0060662684
-7.547145e-09,-0.0060440085
-7.447145e-09,-0.0060102597
-7.347145e-09,-0.005979383
-7.247145e-09,-0.0059628676
-7.147145e-09,-0.0059650218
-7.047145e-09,-0.0059801011
-6.947145e-09,-0.0059987707
-6.847145e-09,-0.0060088235
-6.747145e-09,-0.0060059513
-6.647145e-09,-0.0059937443
-6.547145e-09,-0.0059801011
-6.447145e-09,-0.0059743566
-6.347145e-09,-0.0059801011
-6.247145e-09,-0.0059915901
-6.147145e-09,-0.0060009249
-6.047145e-09,-0.0059973346
-5.947145e-09,-0.0059772289
-5.847145e-09,-0.0059441981
-5.747145e-09,-0.0059090131
-5.647145e-09,-0.0058824449
-5.547145e-09,-0.0058702378
-5.447145e-09,-0.0058709559
-5.347145e-09,-0.0058774184
-5.247145e-09,-0.0058824449
-5.147145e-09,-0.0058810087
-5.047145e-09,-0.0058745462
-4.947145e-09,-0.0058695198
-4.847145e-09,-0.0058709559
-4.747145e-09,-0.0058781365
-4.647145e-09,-0.0058867532
-4.547145e-09,-0.0058860352
-4.447145e-09,-0.0058709559
-4.347145e-09,-0.0058407973
-4.247145e-09,-0.0058034582
-4.147145e-09,-0.0057718635
-4.047145e-09,-0.0057560662
-3.947145e-09,-0.0057589384
-3.847145e-09,-0.0057725816
-3.747145e-09,-0.0057833525
-3.647145e-09,-0.0057790441
-3.547145e-09,-0.0057531939
-3.447145e-09,-0.0057093922
-3.347145e-09,-0.005659846
-3.247145e-09,-0.0056181985
-3.147145e-09,-0.0055901942
-3.047145e-09,-0.0055736788
-2.947145e-09,-0.0055571634
-2.847145e-09,-0.0055262868
-2.747145e-09,-0.0054738683
-2.647145e-09,-0.00539919
-2.547145e-09,-0.0053130227
-2.447145e-09,-0.0052275735
-2.347145e-09,-0.0051514591
-2.247145e-09,-0.0050846795
-2.147145e-09,-0.0050186179
-2.047145e-09,-0.0049403493
-1.947145e-09,-0.0048391027
-1.847145e-09,-0.0047112879
-1.747145e-09,-0.0045619313
-1.647145e-09,-0.0044003676
-1.547145e-09,-0.0042359318
-1.447145e-09,-0.0040714959
-1.347145e-09,-0.0039027516
-1.247145e-09,-0.0037225184
-1.147145e-09,-0.0035221795
-1.047145e-09,-0.0032988626
-9.47145e-10,-0.0030568761
-8.47145e-10,-0.0028034007
-7.47145e-10,-0.002546335
-6.47145e-10,-0.0022899874
-5.47145e-10,-0.0020329216
-4.47145e-10,-0.0017693934
-3.47145e-10,-0.00149294
-2.47145e-10,-0.0012006893
-1.47145e-10,-0.00089264131
-4.714499e-11,-0.00057454044
5.285501e-11,-0.00025069508
1.52855e-10,7.6022518e-05
2.52855e-10,0.00040417624
3.52855e-10,0.00073520221
4.52855e-10,0.0010712546
5.52855e-10,0.0014130515
6.52855e-10,0.0017577206
7.52855e-10,0.0021023897
8.52855e-10,0.0024434685
9.52855e-10,0.002780239
1.052855e-09,0.0031105469
1.152855e-09,0.0034351103
1.252855e-09,0.0037524931
1.352855e-09,0.0040612592
1.452855e-09,0.0043578182
1.552855e-09,0.0046414522
1.652855e-09,0.0049135972
1.752855e-09,0.0051764074
1.852855e-09,0.0054334731
1.952855e-09,0.0056869485
2.052855e-09,0.0059353975
2.152855e-09,0.0061737937
2.252855e-09,0.0063985466
2.352855e-09,0.0066060662
2.452855e-09,0.0067970703
2.552855e-09,0.0069765855
2.652855e-09,0.00714892
2.752855e-09,0.0073183824
2.852855e-09,0.0074835363
2.952855e-09,0.0076400735
3.052855e-09,0.0077815315
3.152855e-09,0.0079043199
3.252855e-09,0.0080084386
3.352855e-09,0.0080981962
3.452855e-09,0.0081807732
3.552855e-09,0.0082604779
3.652855e-09,0.0083387466
3.752855e-09,0.0084112707
3.852855e-09,0.00847446
3.952855e-09,0.0085247243
4.052855e-09,0.0085634995
4.152855e-09,0.0085950942
4.252855e-09,0.0086274069
4.352855e-09,0.0086625919
4.452855e-09,0.008699213
4.552855e-09,0.0087315257
4.652855e-09,0.0087516314
4.752855e-09,0.0087545037
4.852855e-09,0.0087422966
4.952855e-09,0.008722909
5.052855e-09,0.0087056756
5.152855e-09,0.0086970588
5.252855e-09,0.0086977769
5.352855e-09,0.0087013672
5.452855e-09,0.0086999311
5.552855e-09,0.0086855699
5.652855e-09,0.0086611558
5.752855e-09,0.0086338695
5.852855e-09,0.008615918
5.952855e-09,0.008616636
6.052855e-09,0.0086360237
6.152855e-09,0.0086669003
6.252855e-09,0.0086949046
6.352855e-09,0.0087085478
6.452855e-09,0.0087020852
6.552855e-09,0.0086805434
6.652855e-09,0.0086554113
6.752855e-09,0.008639614
6.852855e-09,0.008639614
6.952855e-09,0.0086554113
7.052855e-09,0.0086776712
7.152855e-09,0.0086970588
7.252855e-09,0.0087063936
7.352855e-09,0.0087071117
7.452855e-09,0.0087049575
7.552855e-09,0.0087085478
7.652855e-09,0.008722909
7.752855e-09,0.0087473231
7.852855e-09,0.0087760455
7.952855e-09,0.0088004596
8.052855e-09,0.008816975
8.152855e-09,0.0088263097
8.252855e-09,0.0088334903
8.352855e-09,0.0088464154
8.452855e-09,0.0088672392
8.552855e-09,0.0088938074
8.652855e-09,0.0089196576
8.752855e-09,0.0089383272
8.852855e-09,0.0089469439
8.952855e-09,0.0089490981
9.052855e-09,0.0089512523
9.152855e-09,0.0089613051
9.252855e-09,0.0089821289
9.352855e-09,0.0090108513
9.452855e-09,0.0090410099
9.552855e-09,0.0090647059
9.652855e-09,0.009077631
9.752855e-09,0.0090812213
9.852855e-09,0.0090826574
9.952855e-09,0.0090876838
1.005286e-08,0.0091006089
1.015286e-08,0.0091199966
1.025286e-08,0.0091408203
1.035286e-08,0.0091566176
1.045286e-08,0.0091645163
1.055286e-08,0.0091666705
1.065286e-08,0.0091666705
1.075286e-08,0.0091681066
1.085286e-08,0.009172415
1.095286e-08,0.0091767233
1.105286e-08,0.0091760053
1.115286e-08,0.0091681066
1.125286e-08,0.0091558996
1.135286e-08,0.0091458467
1.145286e-08,0.0091444106
1.155286e-08,0.0091566176
1.165286e-08,0.0091781595
1.175286e-08,0.0091997013
1.185286e-08,0.0092097541
1.195286e-08,0.0092025735
1.205286e-08,0.0091781595
1.215286e-08,0.0091465648
1.225286e-08,0.0091207146
1.235286e-08,0.0091106618
1.245286e-08,0.0091171243
1.255286e-08,0.0091336397
1.265286e-08,0.0091465648
1.275286e-08,0.0091451287
1.285286e-08,0.0091278952
1.295286e-08,0.0091006089
1.305286e-08,0.0090754768
1.315286e-08,0.0090647059
1.325286e-08,0.0090704504
1.335286e-08,0.0090862477
1.345286e-08,0.0090998909
1.355286e-08,0.0090991728
1.365286e-08,0.0090812213
1.375286e-08,0.0090510627
1.385286e-08,0.0090216222
1.395286e-08,0.009007261
1.405286e-08,0.0090122875
1.415286e-08,0.0090323932
1.425286e-08,0.009054653
1.435286e-08,0.0090647059
1.445286e-08,0.009054653
1.455286e-08,0.0090259306
1.465286e-08,0.0089900276
1.475286e-08,0.0089613051
1.485286e-08,0.0089483801
1.495286e-08,0.0089519704
1.505286e-08,0.0089634593
1.515286e-08,0.0089727941
1.525286e-08,0.0089699219
1.535286e-08,0.0089526884
1.545286e-08,0.0089282744
1.555286e-08,0.0089038603
1.565286e-08,0.008888063
1.575286e-08,0.0088837546
1.585286e-08,0.0088873449
1.595286e-08,0.0088923713
1.605286e-08,0.0088945255
1.615286e-08,0.0088916533
1.625286e-08,0.0088866268
1.635286e-08,0.0088808824
1.645286e-08,0.0088758559
1.655286e-08,0.0088701114
1.665286e-08,0.0088600586
1.675286e-08,0.0088464154
1.685286e-08,0.0088320542
1.695286e-08,0.0088234375
1.705286e-08,0.0088277459
1.715286e-08,0.0088464154
1.725286e-08,0.0088737017
1.735286e-08,0.0088973977
1.745286e-08,0.0089060145
1.755286e-08,0.0088923713
1.765286e-08,0.0088600586
1.775286e-08,0.0088220014
1.785286e-08,0.0087947151
1.795286e-08,0.0087889706
1.805286e-08,0.0088069221
1.815286e-08,0.0088392348
1.825286e-08,0.0088686753
1.835286e-08,0.0088808824
1.845286e-08,0.0088708295
1.855286e-08,0.0088428251
1.865286e-08,0.0088112305
1.875286e-08,0.0087889706
1.885286e-08,0.008782508
1.895286e-08,0.0087911248
1.905286e-08,0.0088040499
1.915286e-08,0.0088119485
1.925286e-08,0.0088112305
1.935286e-08,0.0088040499
1.945286e-08,0.0087983054
1.955286e-08,0.0088004596
1.965286e-08,0.0088119485
1.975286e-08,0.0088263097
1.985286e-08,0.0088320542
1.995286e-08,0.0088234375
2.005286e-08,0.0087990234
2.015286e-08,0.0087681468
2.025286e-08,0.0087422966
2.035286e-08,0.0087315257
2.045286e-08,0.0087358341
2.055286e-08,0.0087451689
2.065286e-08,0.0087473231
2.075286e-08,0.0087315257
2.085286e-08,0.0086970588
2.095286e-08,0.0086539752
2.105286e-08,0.0086195083
2.115286e-08,0.0086051471
2.125286e-08,0.0086144818
2.135286e-08,0.0086388959
2.145286e-08,0.0086597197
2.155286e-08,0.0086625919
2.165286e-08,0.0086417682
2.175286e-08,0.0086037109
2.185286e-08,0.0085634995
2.195286e-08,0.0085362132
2.205286e-08,0.0085283146
2.215286e-08,0.0085347771
2.225286e-08,0.0085419577
2.235286e-08,0.0085362132
2.245286e-08,0.0085117992
2.255286e-08,0.0084751781
2.265286e-08,0.0084399931
2.275286e-08,0.0084213235
2.285286e-08,0.0084249138
2.295286e-08,0.0084450195
2.305286e-08,0.0084679975
2.315286e-08,0.0084787684
2.325286e-08,0.0084687155
2.335286e-08,0.0084421473
2.345286e-08,0.0084098346
2.355286e-08,0.0083868566
2.365286e-08,0.0083803941
2.375286e-08,0.0083868566
2.385286e-08,0.0083969095
2.395286e-08,0.0083983456
2.405286e-08,0.0083854205
2.415286e-08,0.0083617245
2.425286e-08,0.0083394646
2.435286e-08,0.0083294118
2.445286e-08,0.0083358743
2.455286e-08,0.0083531078
2.465286e-08,0.0083667509
2.475286e-08,0.0083638787
2.485286e-08,0.0083387466
2.495286e-08,0.008297099
2.505286e-08,0.0082540154
2.515286e-08,0.008226011
2.525286e-08,0.0082224207
2.535286e-08,0.0082396542
2.545286e-08,0.0082655044
2.555286e-08,0.0082834559
2.565286e-08,0.0082813017
2.575286e-08,0.0082590418
2.585286e-08,0.0082245749
2.595286e-08,0.0081915441
2.605286e-08,0.0081692842
2.615286e-08,0.0081599494
2.625286e-08,0.0081592314
2.635286e-08,0.0081570772
2.645286e-08,0.0081491785
2.655286e-08,0.0081348173
2.665286e-08,0.0081197381
2.675286e-08,0.0081111213
2.685286e-08,0.0081096852
2.695286e-08,0.0081111213
2.705286e-08,0.008106813
2.715286e-08,0.0080881434
2.725286e-08,0.0080543945
2.735286e-08,0.008012747
2.745286e-08,0.0079739717
2.755286e-08,0.0079502757
2.765286e-08,0.0079445312
2.775286e-08,0.0079524299
2.785286e-08,0.0079617647
2.795286e-08,0.0079617647
2.805286e-08,0.0079474035
2.815286e-08,0.0079222714
2.825286e-08,0.0078964212
2.835286e-08,0.0078813419
2.845286e-08,0.0078791877
2.855286e-08,0.0078842142
2.865286e-08,0.0078842142
2.875286e-08,0.0078698529
2.885286e-08,0.0078368222
2.895286e-08,0.0077937385
2.905286e-08,0.0077535271
2.915286e-08,0.0077319853
2.925286e-08,0.0077355756
2.935286e-08,0.0077592716
2.945286e-08,0.0077901482
2.955286e-08,0.0078124081
2.965286e-08,0.0078159984
2.975286e-08,0.0078009191
2.985286e-08,0.007775787
2.995286e-08,0.0077549632
3.005286e-08,0.0077463465
3.015286e-08,0.0077499368
3.025286e-08,0.0077599897
3.035286e-08,0.0077664522
3.045286e-08,0.0077628619
3.055286e-08,0.0077492188
3.065286e-08,0.0077327034
3.075286e-08,0.0077204963
3.085286e-08,0.0077183421
3.095286e-08,0.0077240866
3.105286e-08,0.0077312672
3.115286e-08,0.0077319853
3.125286e-08,0.0077233686
3.135286e-08,0.0077075712
3.145286e-08,0.007692492
3.155286e-08,0.0076860294
3.165286e-08,0.0076903378
3.175286e-08,0.0077018267
3.185286e-08,0.0077111615
3.195286e-08,0.0077090074
3.205286e-08,0.007692492
3.215286e-08,0.0076659237
3.225286e-08,0.0076379193
3.235286e-08,0.0076170956
3.245286e-08,0.0076084789
3.255286e-08,0.007610633
3.265286e-08,0.0076156595
3.275286e-08,0.0076170956
3.285286e-08,0.0076120692
3.295286e-08,0.0076020163
3.305286e-08,0.0075912454
3.315286e-08,0.0075826287
3.325286e-08,0.0075740119
3.335286e-08,0.0075589327
3.345286e-08,0.0075316464
3.355286e-08,0.0074907169
3.365286e-08,0.0074418888
3.375286e-08,0.0073980871
3.385286e-08,0.0073700827
3.395286e-08,0.0073643382
3.405286e-08,0.0073758272
3.415286e-08,0.0073909065
3.425286e-08,0.0073937787
3.435286e-08,0.0073758272
3.445286e-08,0.0073399242
3.455286e-08,0.0072982767
3.465286e-08,0.0072688362
3.475286e-08,0.0072609375
3.485286e-08,0.0072717084
3.495286e-08,0.0072875057
3.505286e-08,0.0072875057
3.515286e-08,0.0072609375
3.525286e-08,0.0072085191
3.535286e-08,0.0071453297
3.545286e-08,0.0070957835
3.555286e-08,0.007077114
3.565286e-08,0.0070921932
3.575286e-08,0.0071280963
3.585286e-08,0.0071611271
3.595286e-08,0.0071690257
3.605286e-08,0.0071431756
3.615286e-08,0.0070907571
3.625286e-08,0.0070311581
3.635286e-08,0.0069852022
3.645286e-08,0.0069636604
3.655286e-08,0.0069629423
3.665286e-08,0.0069679687
3.675286e-08,0.0069622243
3.685286e-08,0.0069378102
3.695286e-08,0.0068990349
3.705286e-08,0.0068602597
3.715286e-08,0.0068358456
3.725286e-08,0.0068336914
3.735286e-08,0.0068487707
3.745286e-08,0.0068660041
3.755286e-08,0.0068703125
3.765286e-08,0.0068545152
3.775286e-08,0.0068236386
3.785286e-08,0.0067891716
3.795286e-08,0.0067669118
3.805286e-08,0.0067618853
3.815286e-08,0.0067690659
3.825286e-08,0.0067748104
3.835286e-08,0.0067669118
3.845286e-08,0.0067396255
3.855286e-08,0.0067001321
3.865286e-08,0.006662793
3.875286e-08,0.0066405331
3.885286e-08,0.006639097
3.895286e-08,0.0066520221
3.905286e-08,0.0066649472
3.915286e-08,0.006663511
3.925286e-08,0.0066434053
3.935286e-08,0.0066118107
3.945286e-08,0.0065838063
3.955286e-08,0.0065715993
3.965286e-08,0.0065794979
3.975286e-08,0.0065988856
3.985286e-08,0.0066125287
3.995286e-08,0.0066060662
4.005286e-08,0.0065751896
4.015286e-08,0.0065299517
4.025286e-08,0.0064883042
4.035286e-08,0.0064681985
4.045286e-08,0.0064753791
4.055286e-08,0.0065033835
4.065286e-08,0.0065342601
4.075286e-08,0.0065486213
4.085286e-08,0.0065385685
4.095286e-08,0.006509846
4.105286e-08,0.0064768153
4.115286e-08,0.0064567096
4.125286e-08,0.0064574276
4.135286e-08,0.006473943
4.145286e-08,0.0064904584
4.155286e-08,0.0064911765
4.165286e-08,0.0064689166
4.175286e-08,0.0064301413
4.185286e-08,0.0063899299
4.195286e-08,0.0063647978
4.205286e-08,0.0063633617
4.215286e-08,0.0063813132
4.225286e-08,0.006402855
4.235286e-08,0.0064107537
4.245286e-08,0.0063971105
4.255286e-08,0.0063655159
4.265286e-08,0.0063303309
4.275286e-08,0.0063073529
4.285286e-08,0.0063037626
4.295286e-08,0.0063145335
4.305286e-08,0.0063253045
4.315286e-08,0.0063188419
4.325286e-08,0.0062886834
4.335286e-08,0.0062398552
4.345286e-08,0.006189591
4.355286e-08,0.0061579963
4.365286e-08,0.0061551241
4.375286e-08,0.006177384
4.385286e-08,0.0062082606
4.395286e-08,0.0062269301
4.405286e-08,0.0062190315
4.415286e-08,0.0061845646
4.425286e-08,0.0061350184
4.435286e-08,0.0060890625
4.445286e-08,0.0060624943
4.455286e-08,0.006058904
4.465286e-08,0.0060689568
4.475286e-08,0.0060775735
4.485286e-08,0.0060703929
4.495286e-08,0.0060438247
4.505286e-08,0.0060028952
4.515286e-08,0.0059626838
4.525286e-08,0.0059346795
4.535286e-08,0.0059253447
4.545286e-08,0.0059303711
4.555286e-08,0.0059397059
4.565286e-08,0.0059418601
4.575286e-08,0.0059318072
4.585286e-08,0.0059102654
4.595286e-08,0.005882261
4.605286e-08,0.0058556928
4.615286e-08,0.005834151
4.625286e-08,0.0058169175
4.635286e-08,0.0058018382
4.645286e-08,0.005786759
4.655286e-08,0.0057738339
4.665286e-08,0.0057659352
4.675286e-08,0.0057673713
4.685286e-08,0.0057774242
4.695286e-08,0.0057910673
4.705286e-08,0.0058018382
4.715286e-08,0.0058018382
4.725286e-08,0.0057903493
4.735286e-08,0.0057709616
4.745286e-08,0.0057530101
4.755286e-08,0.0057443934
4.765286e-08,0.0057465476
4.775286e-08,0.0057558824
4.785286e-08,0.0057616268
4.795286e-08,0.0057558824
4.805286e-08,0.0057350586
4.815286e-08,0.005704182
4.825286e-08,0.0056725873
4.835286e-08,0.0056524816
4.845286e-08,0.0056488913
4.855286e-08,0.0056596622
4.865286e-08,0.0056754596
4.875286e-08,0.0056869485
4.885286e-08,0.0056855124
4.895286e-08,0.0056718693
4.905286e-08,0.0056503274
4.915286e-08,0.0056295037
4.925286e-08,0.0056151425
4.935286e-08,0.0056079619
4.945286e-08,0.0056029354
4.955286e-08,0.0055950368
4.965286e-08,0.0055806756
4.975286e-08,0.0055605699
4.985286e-08,0.0055404642
4.995286e-08,0.0055261029
5.005286e-08,0.0055203585
5.015286e-08,0.0055203585
5.025286e-08,0.0055203585
5.035286e-08,0.005514614
5.045286e-08,0.0054995347
5.055286e-08,0.0054772748
5.065286e-08,0.0054535788
5.075286e-08,0.0054341912
5.085286e-08,0.0054219841
5.095286e-08,0.0054133674
5.105286e-08,0.0054040326
5.115286e-08,0.0053882353
5.125286e-08,0.0053652574
5.135286e-08,0.0053394072
5.145286e-08,0.0053178653
5.155286e-08,0.0053078125
5.165286e-08,0.0053114028
5.175286e-08,0.0053236098
5.185286e-08,0.005337253
5.195286e-08,0.0053422794
5.205286e-08,0.0053350988
5.215286e-08,0.0053171473
5.225286e-08,0.0052941693
5.235286e-08,0.0052733456
5.245286e-08,0.0052582663
5.255286e-08,0.0052467773
5.265286e-08,0.0052345703
5.275286e-08,0.0052159007
5.285286e-08,0.0051907686
5.295286e-08,0.0051634823
5.305286e-08,0.0051426585
5.315286e-08,0.0051354779
5.325286e-08,0.0051426585
5.335286e-08,0.005159892
5.345286e-08,0.0051756893
5.355286e-08,0.0051814338
5.365286e-08,0.005171381
5.375286e-08,0.0051491211
5.385286e-08,0.0051225528
5.395286e-08,0.005101011
5.405286e-08,0.0050909582
5.415286e-08,0.0050902401
5.425286e-08,0.0050931124
5.435286e-08,0.0050895221
5.445286e-08,0.0050744428
5.455286e-08,0.0050485926
5.465286e-08,0.0050198702
5.475286e-08,0.0049976103
5.485286e-08,0.0049897116
5.495286e-08,0.0049976103
5.505286e-08,0.0050148437
5.515286e-08,0.0050320772
5.525286e-08,0.0050406939
5.535286e-08,0.0050363856
5.545286e-08,0.0050198702
5.555286e-08,0.0049976103
5.565286e-08,0.0049753504
5.575286e-08,0.0049566808
5.585286e-08,0.0049423196
5.595286e-08,0.0049286765
5.605286e-08,0.0049135972
5.615286e-08,0.0048956457
5.625286e-08,0.004876258
5.635286e-08,0.0048597426
5.645286e-08,0.0048475356
5.655286e-08,0.0048410731
5.665286e-08,0.0048382008
5.675286e-08,0.0048367647
5.685286e-08,0.0048338925
5.695286e-08,0.004828866
5.705286e-08,0.0048224035
5.715286e-08,0.0048137868
5.725286e-08,0.0048037339
5.735286e-08,0.0047893727
5.745286e-08,0.0047699851
5.755286e-08,0.0047448529
5.765286e-08,0.0047168486
5.775286e-08,0.0046909984
5.785286e-08,0.0046723288
5.795286e-08,0.0046644301
5.805286e-08,0.0046665843
5.815286e-08,0.0046730469
5.825286e-08,0.0046780733
5.835286e-08,0.0046759191
5.845286e-08,0.0046644301
5.855286e-08,0.0046457606
5.865286e-08,0.0046249368
5.875286e-08,0.0046069853
5.885286e-08,0.0045926241
5.895286e-08,0.004580417
5.905286e-08,0.0045667739
5.915286e-08,0.0045495404
5.925286e-08,0.0045287167
5.935286e-08,0.004509329
5.945286e-08,0.004496404
5.955286e-08,0.0044920956
5.965286e-08,0.0044956859
5.975286e-08,0.0045021484
5.985286e-08,0.0045028665
5.995286e-08,0.0044920956
6.005286e-08,0.0044705538
6.015286e-08,0.0044418313
6.025286e-08,0.0044166992
6.035286e-08,0.0044001838
6.045286e-08,0.0043965935
6.055286e-08,0.0044016199
6.065286e-08,0.0044095186
6.075286e-08,0.0044116728
6.085286e-08,0.0044052102
6.095286e-08,0.0043915671
6.105286e-08,0.0043764878
6.115286e-08,0.0043657169
6.125286e-08,0.0043628447
6.135286e-08,0.0043649989
6.145286e-08,0.0043678711
6.155286e-08,0.0043657169
6.165286e-08,0.0043563821
6.175286e-08,0.0043420209
6.185286e-08,0.0043276597
6.195286e-08,0.004319761
6.205286e-08,0.004319761
6.215286e-08,0.0043240694
6.225286e-08,0.0043262236
6.235286e-08,0.004319761
6.245286e-08,0.0043018095
6.255286e-08,0.0042759593
6.265286e-08,0.004248673
6.275286e-08,0.0042278493
6.285286e-08,0.0042177964
6.295286e-08,0.0042170784
6.305286e-08,0.0042192325
6.315286e-08,0.0042163603
6.325286e-08,0.0042041533
6.335286e-08,0.0041826114
6.345286e-08,0.0041574793
6.355286e-08,0.0041359375
6.365286e-08,0.0041244485
6.375286e-08,0.0041237305
6.385286e-08,0.004130193
6.395286e-08,0.0041359375
6.405286e-08,0.0041359375
6.415286e-08,0.0041280388
6.425286e-08,0.0041151137
6.435286e-08,0.0041014706
6.445286e-08,0.0040928539
6.455286e-08,0.0040914177
6.465286e-08,0.0040957261
6.475286e-08,0.0041014706
6.485286e-08,0.0041043428
6.495286e-08,0.0041029067
6.505286e-08,0.0040971622
6.515286e-08,0.0040899816
6.525286e-08,0.0040842371
6.535286e-08,0.0040813649
6.545286e-08,0.0040799288
6.555286e-08,0.0040784926
6.565286e-08,0.0040749023
6.575286e-08,0.0040691579
6.585286e-08,0.0040619773
6.595286e-08,0.0040555147
6.605286e-08,0.0040512063
6.615286e-08,0.0040490522
6.625286e-08,0.004046898
6.635286e-08,0.0040440257
6.645286e-08,0.0040389993
6.655286e-08,0.0040332548
6.665286e-08,0.0040267923
6.675286e-08,0.0040210478
6.685286e-08,0.0040160214
6.695286e-08,0.0040095588
6.705286e-08,0.004000224
6.715286e-08,0.0039865809
6.725286e-08,0.0039707835
6.735286e-08,0.0039571404
6.745286e-08,0.0039499598
6.755286e-08,0.003952114
6.765286e-08,0.0039628849
6.775286e-08,0.003976528
6.785286e-08,0.0039865809
6.795286e-08,0.0039865809
6.805286e-08,0.0039729377
6.815286e-08,0.0039492417
6.825286e-08,0.0039205193
6.835286e-08,0.0038946691
6.845286e-08,0.0038781537
6.855286e-08,0.0038709731
6.865286e-08,0.0038709731
6.875286e-08,0.0038716912
6.885286e-08,0.0038681009
6.895286e-08,0.0038566119
6.905286e-08,0.0038372243
6.915286e-08,0.0038142463
6.925286e-08,0.0037912684
6.935286e-08,0.0037733169
6.945286e-08,0.0037611098
6.955286e-08,0.0037568015
6.965286e-08,0.0037582376
6.975286e-08,0.003763264
6.985286e-08,0.0037675724
6.995286e-08,0.0037682904
7.005286e-08,0.0037611098
7.015286e-08,0.0037445944
7.025286e-08,0.0037187443
7.035286e-08,0.0036878676
7.045286e-08,0.0036577091
7.055286e-08,0.0036354492
7.065286e-08,0.0036261144
7.075286e-08,0.0036304228
7.085286e-08,0.0036426298
7.095286e-08,0.0036555549
7.105286e-08,0.0036605813
7.115286e-08,0.0036534007
7.125286e-08,0.0036354492
7.135286e-08,0.0036131893
7.145286e-08,0.0035945198
7.155286e-08,0.0035844669
7.165286e-08,0.0035837489
7.175286e-08,0.0035866211
7.185286e-08,0.003585185
7.195286e-08,0.0035729779
7.205286e-08,0.0035478458
7.215286e-08,0.003514815
7.225286e-08,0.0034817842
7.235286e-08,0.0034580882
7.245286e-08,0.0034487534
7.255286e-08,0.0034523437
7.265286e-08,0.0034623966
7.275286e-08,0.0034695772
7.285286e-08,0.003467423
7.295286e-08,0.0034530618
7.305286e-08,0.0034293658
7.315286e-08,0.0034006434
7.325286e-08,0.0033733571
7.335286e-08,0.0033503791
7.345286e-08,0.0033331457
7.355286e-08,0.0033202206
7.365286e-08,0.0033101677
7.375286e-08,0.0033029871
7.385286e-08,0.0032986788
7.395286e-08,0.0032972426
7.405286e-08,0.0032972426
7.415286e-08,0.0032958065
7.425286e-08,0.0032886259
7.435286e-08,0.0032742647
7.445286e-08,0.0032534409
7.455286e-08,0.0032297449
7.465286e-08,0.0032082031
7.475286e-08,0.0031938419
7.485286e-08,0.0031866613
7.495286e-08,0.0031837891
7.505286e-08,0.0031794807
7.515286e-08,0.003170864
7.525286e-08,0.0031550666
7.535286e-08,0.0031349609
7.545286e-08,0.0031155733
7.555286e-08,0.0031019301
7.565286e-08,0.0030961857
7.575286e-08,0.0030969037
7.585286e-08,0.003099776
7.595286e-08,0.0031019301
7.605286e-08,0.003100494
7.615286e-08,0.0030961857
7.625286e-08,0.0030918773
7.635286e-08,0.0030904412
7.645286e-08,0.0030918773
7.655286e-08,0.0030933134
7.665286e-08,0.0030904412
7.675286e-08,0.0030789522
7.685286e-08,0.0030595646
7.695286e-08,0.0030351505
7.705286e-08,0.0030128906
7.715286e-08,0.0029985294
7.725286e-08,0.002993503
7.735286e-08,0.0029978114
7.745286e-08,0.0030042739
7.755286e-08,0.0030100184
7.765286e-08,0.0030107364
7.775286e-08,0.0030071461
7.785286e-08,0.0030021197
7.795286e-08,0.0029985294
7.805286e-08,0.0029970933
7.815286e-08,0.0029970933
7.825286e-08,0.002994221
7.835286e-08,0.0029870404
7.845286e-08,0.0029755515
7.855286e-08,0.0029626264
7.865286e-08,0.0029540097
7.875286e-08,0.0029525735
7.885286e-08,0.0029590361
7.895286e-08,0.0029683709
7.905286e-08,0.0029755515
7.915286e-08,0.0029755515
7.925286e-08,0.0029662167
7.935286e-08,0.0029504193
7.945286e-08,0.0029331859
7.955286e-08,0.0029181066
7.965286e-08,0.0029073357
7.975286e-08,0.0028980009
7.985286e-08,0.00288723
7.995286e-08,0.0028721507
8.005286e-08,0.0028541992
8.015286e-08,0.0028376838
8.025286e-08,0.002827631
8.035286e-08,0.0028261949
8.045286e-08,0.0028326574
8.055286e-08,0.0028405561
8.065286e-08,0.0028434283
8.075286e-08,0.0028376838
8.085286e-08,0.0028240407
8.095286e-08,0.0028096795
8.105286e-08,0.0028010627
8.115286e-08,0.0028032169
8.125286e-08,0.0028154239
8.135286e-08,0.0028290671
8.145286e-08,0.0028355296
8.155286e-08,0.0028261949
8.165286e-08,0.0028010627
8.175286e-08,0.0027680319
8.185286e-08,0.0027378734
8.195286e-08,0.0027227941
8.205286e-08,0.0027271025
8.215286e-08,0.0027464901
8.225286e-08,0.0027716222
8.235286e-08,0.0027917279
8.245286e-08,0.0027989085
8.255286e-08,0.0027938821
8.265286e-08,0.002780957
8.275286e-08,0.00276875
8.285286e-08,0.0027630055
8.295286e-08,0.0027637236
8.305286e-08,0.0027673139
8.315286e-08,0.00276875
8.325286e-08,0.0027651597
8.335286e-08,0.0027579791
8.345286e-08,0.0027500804
8.355286e-08,0.0027457721
8.365286e-08,0.0027457721
8.375286e-08,0.0027472082
8.385286e-08,0.0027443359
8.395286e-08,0.0027342831
8.405286e-08,0.0027170496
8.415286e-08,0.0026969439
8.425286e-08,0.0026818647
8.435286e-08,0.0026768382
8.445286e-08,0.0026825827
8.455286e-08,0.0026919175
8.465286e-08,0.0026969439
8.475286e-08,0.0026883272
8.485286e-08,0.0026653493
8.495286e-08,0.0026337546
8.505286e-08,0.002603596
8.515286e-08,0.0025849265
8.525286e-08,0.0025827723
8.535286e-08,0.0025921071
8.545286e-08,0.0026043141
8.555286e-08,0.0026079044
8.565286e-08,0.0025964154
8.575286e-08,0.0025705653
8.585286e-08,0.0025404067
8.595286e-08,0.0025159926
8.605286e-08,0.0025052217
8.615286e-08,0.002508812
8.625286e-08,0.002519583
8.635286e-08,0.0025274816
8.645286e-08,0.0025231733
8.655286e-08,0.0025045037
8.665286e-08,0.0024757812
8.675286e-08,0.0024470588
8.685286e-08,0.0024269531
8.695286e-08,0.0024204906
8.705286e-08,0.002425517
8.715286e-08,0.0024355699
8.725286e-08,0.0024427505
8.735286e-08,0.0024420324
8.745286e-08,0.0024348518
8.755286e-08,0.0024240809
8.765286e-08,0.0024154642
8.775286e-08,0.0024118739
8.785286e-08,0.0024118739
8.795286e-08,0.0024125919
8.805286e-08,0.0024090016
8.815286e-08,0.0023989488
8.825286e-08,0.0023831514
8.835286e-08,0.002366636
8.845286e-08,0.0023537109
8.855286e-08,0.0023486845
8.865286e-08,0.0023501206
8.875286e-08,0.0023551471
8.885286e-08,0.0023594554
8.895286e-08,0.0023601735
8.905286e-08,0.002354429
8.915286e-08,0.0023436581
8.925286e-08,0.002330733
8.935286e-08,0.0023163718
8.945286e-08,0.0023020106
8.955286e-08,0.0022862132
8.965286e-08,0.0022675437
8.975286e-08,0.0022452838
8.985286e-08,0.0022208697
8.995286e-08,0.0021943015
9.005286e-08,0.0021691693
9.015286e-08,0.0021476275
9.025286e-08,0.002128958
9.035286e-08,0.0021138787
9.045286e-08,0.0021009536
9.055286e-08,0.0020887466
9.065286e-08,0.0020779756
9.075286e-08,0.0020679228
9.085286e-08,0.002058588
9.095286e-08,0.0020492532
9.105286e-08,0.0020377642
9.115286e-08,0.0020219669
9.125286e-08,0.0020004251
9.135286e-08,0.0019738568
9.145286e-08,0.0019458525
9.155286e-08,0.0019185662
9.165286e-08,0.0018970244
9.175286e-08,0.0018826631
9.185286e-08,0.0018754825
9.195286e-08,0.0018726103
9.205286e-08,0.0018704561
9.215286e-08,0.0018647116
9.225286e-08,0.0018539407
9.235286e-08,0.0018381434
9.245286e-08,0.0018187557
9.255286e-08,0.0017993681
9.265286e-08,0.0017821347
9.275286e-08,0.0017692096
9.285286e-08,0.0017605928
9.295286e-08,0.0017548483
9.305286e-08,0.00175054
9.315286e-08,0.0017462316
9.325286e-08,0.0017404871
9.335286e-08,0.0017325885
9.345286e-08,0.0017232537
9.355286e-08,0.0017117647
9.365286e-08,0.0016988396
9.375286e-08,0.0016844784
9.385286e-08,0.0016686811
9.395286e-08,0.0016543199
9.405286e-08,0.0016413948
9.415286e-08,0.001632778
9.425286e-08,0.0016291877
9.435286e-08,0.0016313419
9.445286e-08,0.0016378045
9.455286e-08,0.0016457031
9.465286e-08,0.0016521657
9.475286e-08,0.0016543199
9.485286e-08,0.0016492934
9.495286e-08,0.0016385225
9.505286e-08,0.0016234432
9.515286e-08,0.001608364
9.525286e-08,0.0015983111
9.535286e-08,0.0015947208
9.545286e-08,0.0015990292
9.555286e-08,0.001608364
9.565286e-08,0.0016169807
9.575286e-08,0.001620571
9.585286e-08,0.0016141085
9.595286e-08,0.001596875
9.605286e-08,0.0015703068
9.615286e-08,0.0015387121
9.625286e-08,0.0015078355
9.635286e-08,0.0014819853
9.645286e-08,0.0014647518
9.655286e-08,0.0014561351
9.665286e-08,0.001454699
9.675286e-08,0.0014590074
9.685286e-08,0.0014654699
9.695286e-08,0.0014704963
9.705286e-08,0.0014726505
9.715286e-08,0.0014704963
9.725286e-08,0.0014625977
9.735286e-08,0.0014496726
9.745286e-08,0.0014324391
9.755286e-08,0.0014130515
9.765286e-08,0.0013929458
9.775286e-08,0.0013742762
9.785286e-08,0.0013577608
9.795286e-08,0.0013441176
9.805286e-08,0.0013326287
9.815286e-08,0.0013225758
9.825286e-08,0.0013146772
9.835286e-08,0.0013096507
9.845286e-08,0.0013082146
9.855286e-08,0.0013110869
9.865286e-08,0.0013168313
9.875286e-08,0.0013211397
9.885286e-08,0.0013197036
9.895286e-08,0.0013082146
9.905286e-08,0.0012845186
9.915286e-08,0.0012522059
9.925286e-08,0.0012163028
9.935286e-08,0.0011854262
9.945286e-08,0.0011660386
9.955286e-08,0.0011602941
9.965286e-08,0.0011667567
9.975286e-08,0.0011789637
9.985286e-08,0.0011904527
9.995286e-08,0.001194761
1.000529e-07,0.0011911707
1.001529e-07,0.0011818359
1.002529e-07,0.001170347
1.003529e-07,0.0011602941
1.004529e-07,0.0011516774
1.005529e-07,0.0011423426
1.006529e-07,0.0011265453
1.007529e-07,0.0011028493
1.008529e-07,0.0010712546
1.009529e-07,0.0010382238
1.010529e-07,0.0010116556
1.011529e-07,0.00099944853
1.012529e-07,0.001004475
1.013529e-07,0.0010238626
1.014529e-07,0.0010482767
1.015529e-07,0.0010683824
1.016529e-07,0.0010741268
1.017529e-07,0.0010626379
1.018529e-07,0.0010346335
1.019529e-07,0.00099944853
1.020529e-07,0.00096498162
1.021529e-07,0.00093841337
1.022529e-07,0.0009233341
1.023529e-07,0.00091902574
1.024529e-07,0.00092117992
1.025529e-07,0.00092548828
1.026529e-07,0.00092907858
1.027529e-07,0.00093051471
1.028529e-07,0.00093051471
1.029529e-07,0.00092979665
1.030529e-07,0.00092979665
1.031529e-07,0.00093051471
1.032529e-07,0.00093051471
1.033529e-07,0.00092907858
1.034529e-07,0.00092548828
1.035529e-07,0.00091902574
1.036529e-07,0.00091112707
1.037529e-07,0.00090251034
1.038529e-07,0.00089317555
1.039529e-07,0.00088455882
1.040529e-07,0.00087666016
1.041529e-07,0.00086947955
1.042529e-07,0.00086445312
1.043529e-07,0.00086158088
1.044529e-07,0.00086086282
1.045529e-07,0.00086086282
1.046529e-07,0.00086158088
1.047529e-07,0.00086158088
1.048529e-07,0.00086014476
1.049529e-07,0.00085727252
1.050529e-07,0.00085368222
1.051529e-07,0.00085009191
1.052529e-07,0.00084721967
1.053529e-07,0.00084506549
1.054529e-07,0.00084219324
1.055529e-07,0.00083860294
1.056529e-07,0.00083429458
1.057529e-07,0.00083070427
1.058529e-07,0.00082783203
1.059529e-07,0.00082711397
1.060529e-07,0.00082855009
1.061529e-07,0.00083070427
1.062529e-07,0.00083142233
1.063529e-07,0.00082711397
1.064529e-07,0.00081634306
1.065529e-07,0.00079982767
1.066529e-07,0.00077900391
1.067529e-07,0.00075818015
1.068529e-07,0.00074094669
1.069529e-07,0.00072945772
1.070529e-07,0.0007244313
1.071529e-07,0.00072371324
1.072529e-07,0.00072514936
1.073529e-07,0.0007244313
1.074529e-07,0.00072084099
1.075529e-07,0.00071222426
1.076529e-07,0.00070073529
1.077529e-07,0.0006878102
1.078529e-07,0.00067632123
1.079529e-07,0.00066626838
1.080529e-07,0.00065836972
1.081529e-07,0.00065262523
1.082529e-07,0.00064759881
1.083529e-07,0.00064329044
1.084529e-07,0.00063898208
1.085529e-07,0.00063539177
1.086529e-07,0.00063323759
1.087529e-07,0.00063180147
1.088529e-07,0.00063036535
1.089529e-07,0.00062892923
1.090529e-07,0.00062533892
1.091529e-07,0.0006203125
1.092529e-07,0.00061313189
1.093529e-07,0.00060595129
1.094529e-07,0.0006002068
1.095529e-07,0.00059733456
1.096529e-07,0.00059877068
1.097529e-07,0.0006037971
1.098529e-07,0.00061169577
1.099529e-07,0.0006203125
1.100529e-07,0.00062821117
1.101529e-07,0.00063323759
1.102529e-07,0.00063395565
1.103529e-07,0.00063180147
1.104529e-07,0.00062677505
1.105529e-07,0.00062246668
1.106529e-07,0.00061959444
1.107529e-07,0.0006203125
1.108529e-07,0.00062605699
1.109529e-07,0.00063539177
1.110529e-07,0.00064616268
1.111529e-07,0.00065477941
1.112529e-07,0.00065908778
1.113529e-07,0.00065765165
1.114529e-07,0.00065118911
1.115529e-07,0.00064329044
1.116529e-07,0.0006368279
1.117529e-07,0.00063467371
1.118529e-07,0.00063754596
1.119529e-07,0.00064329044
1.120529e-07,0.00064759881
1.121529e-07,0.00064616268
1.122529e-07,0.0006368279
1.123529e-07,0.0006203125
1.124529e-07,0.00060092486
1.125529e-07,0.00058297335
1.126529e-07,0.00057004825
1.127529e-07,0.00056286765
1.128529e-07,0.00055855928
1.129529e-07,0.00055137868
1.130529e-07,0.00053845358
1.131529e-07,0.00051691176
1.132529e-07,0.00049034352
1.133529e-07,0.00046305722
1.134529e-07,0.00044007927
1.135529e-07,0.000425
1.136529e-07,0.00041710133
1.137529e-07,0.00041135685
1.138529e-07,0.00040345818
1.139529e-07,0.00039053309
1.140529e-07,0.00037186351
1.141529e-07,0.00035175781
1.142529e-07,0.0003338063
1.143529e-07,0.00032159926
1.144529e-07,0.00031513672
1.145529e-07,0.00031011029
1.146529e-07,0.00030149357
1.147529e-07,0.00028713235
1.148529e-07,0.00026630859
1.149529e-07,0.00024476677
1.150529e-07,0.00022681526
1.151529e-07,0.00021819853
1.152529e-07,0.00021963465
1.153529e-07,0.00022681526
1.154529e-07,0.00023184168
1.155529e-07,0.0002296875
1.156529e-07,0.00021604435
1.157529e-07,0.00019378447
1.158529e-07,0.0001693704
1.159529e-07,0.00014926471
1.160529e-07,0.00013921186
1.161529e-07,0.00013921186
1.162529e-07,0.00014495634
1.163529e-07,0.00014926471
1.164529e-07,0.00014782858
1.165529e-07,0.00013921186
1.166529e-07,0.00012628676
1.167529e-07,0.00011479779
1.168529e-07,0.00010905331
1.169529e-07,0.00011048943
1.170529e-07,0.0001183881
1.171529e-07,0.00012628676
1.172529e-07,0.00012915901
1.173529e-07,0.00012413258
1.174529e-07,0.00011048943
1.175529e-07,9.1819853e-05
1.176529e-07,7.1714154e-05
1.177529e-07,5.4480699e-05
1.178529e-07,4.2273667e-05
1.179529e-07,3.4375e-05
1.180529e-07,3.0066636e-05
1.181529e-07,2.7194393e-05
1.182529e-07,2.5040211e-05
1.183529e-07,2.2886029e-05
1.184529e-07,2.0731847e-05
1.185529e-07,1.7859605e-05
1.186529e-07,1.4987362e-05
1.187529e-07,1.1397059e-05
1.188529e-07,7.8067555e-06
1.189529e-07,4.2164522e-06
1.190529e-07,2.0622702e-06
1.191529e-07,-9.1911765e-08
1.192529e-07,-2.2460937e-06
1.193529e-07,-6.5544577e-06
1.194529e-07,-1.3017004e-05
1.195529e-07,-2.3069853e-05
1.196529e-07,-3.3122702e-05
1.197529e-07,-4.1021369e-05
1.198529e-07,-4.173943e-05
1.199529e-07,-3.4558824e-05
1.200529e-07,-2.0915671e-05
1.201529e-07,-4.4002757e-06
1.202529e-07,7.8067555e-06
1.203529e-07,1.1397059e-05
1.204529e-07,3.4983915e-06
1.205529e-07,-1.3735064e-05
1.206529e-07,-3.5994945e-05
1.207529e-07,-5.7536765e-05
1.208529e-07,-7.4770221e-05
1.209529e-07,-8.7695313e-05
1.210529e-07,-9.9902344e-05
1.211529e-07,-0.00011498162
1.212529e-07,-0.0001372415
1.213529e-07,-0.00016596392
1.214529e-07,-0.00019899472
1.215529e-07,-0.00022987132
1.216529e-07,-0.0002521312
1.217529e-07,-0.00026218405
1.218529e-07,-0.00026074793
1.219529e-07,-0.00025284926
1.220529e-07,-0.00024566866
1.221529e-07,-0.00024710478
1.222529e-07,-0.00026074793
1.223529e-07,-0.00028731618
1.224529e-07,-0.00032393727
1.225529e-07,-0.00036486673
1.226529e-07,-0.00040436006
1.227529e-07,-0.00043667279
1.228529e-07,-0.00045965074
1.229529e-07,-0.00047401195
1.230529e-07,-0.00048047449
1.231529e-07,-0.00048262868
1.232529e-07,-0.00048334674
1.233529e-07,-0.00048478286
1.234529e-07,-0.00048837316
1.235529e-07,-0.00049411765
1.236529e-07,-0.00049986213
1.237529e-07,-0.00050488856
1.238529e-07,-0.00050632468
1.239529e-07,-0.00050560662
1.240529e-07,-0.00050273438
1.241529e-07,-0.00049986213
1.242529e-07,-0.00049986213
1.243529e-07,-0.00050560662
1.244529e-07,-0.00051709559
1.245529e-07,-0.00053217486
1.246529e-07,-0.00054869026
1.247529e-07,-0.00056305147
1.248529e-07,-0.0005716682
1.249529e-07,-0.0005752585
1.250529e-07,-0.0005752585
1.251529e-07,-0.00057454044
1.252529e-07,-0.00057813074
1.253529e-07,-0.00058746553
1.254529e-07,-0.00060254481
1.255529e-07,-0.00062049632
1.256529e-07,-0.00063701172
1.257529e-07,-0.00064778263
1.258529e-07,-0.00065352711
1.259529e-07,-0.00065496324
1.260529e-07,-0.00065711742
1.261529e-07,-0.00066501608
1.262529e-07,-0.00068009536
1.263529e-07,-0.00070091912
1.264529e-07,-0.00072389706
1.265529e-07,-0.00074184858
1.266529e-07,-0.00074974724
1.267529e-07,-0.000746875
1.268529e-07,-0.00073610409
1.269529e-07,-0.00072389706
1.270529e-07,-0.00071815257
1.271529e-07,-0.00072389706
1.272529e-07,-0.00074113051
1.273529e-07,-0.00076482652
1.274529e-07,-0.00078852252
1.275529e-07,-0.00080431985
1.276529e-07,-0.00080862822
1.277529e-07,-0.00080288373
1.278529e-07,-0.00079139476
1.279529e-07,-0.00078134191
1.280529e-07,-0.00077846967
1.281529e-07,-0.00078565028
1.282529e-07,-0.00079929343
1.283529e-07,-0.00081580882
1.284529e-07,-0.00082945198
1.285529e-07,-0.00083663258
1.286529e-07,-0.00083878676
1.287529e-07,-0.00083878676
1.288529e-07,-0.00084094095
1.289529e-07,-0.00084740349
1.290529e-07,-0.00085961052
1.291529e-07,-0.00087325368
1.292529e-07,-0.00088402459
1.293529e-07,-0.00088833295
1.294529e-07,-0.00088402459
1.295529e-07,-0.00087325368
1.296529e-07,-0.00085961052
1.297529e-07,-0.00084955767
1.298529e-07,-0.00084596737
1.299529e-07,-0.00085027574
1.300529e-07,-0.00086104665
1.301529e-07,-0.00087540786
1.302529e-07,-0.00088761489
1.303529e-07,-0.00089623162
1.304529e-07,-0.00089982192
1.305529e-07,-0.00089982192
1.306529e-07,-0.00089766774
1.307529e-07,-0.00089623162
1.308529e-07,-0.00089623162
1.309529e-07,-0.00089694968
1.310529e-07,-0.00089694968
1.311529e-07,-0.00089623162
1.312529e-07,-0.00089407744
1.313529e-07,-0.00089120519
1.314529e-07,-0.00089120519
1.315529e-07,-0.00089623162
1.316529e-07,-0.00090628447
1.317529e-07,-0.00091992762
1.318529e-07,-0.00093357077
1.319529e-07,-0.0009421875
1.320529e-07,-0.00094290556
1.321529e-07,-0.00093500689
1.322529e-07,-0.00092136374
1.323529e-07,-0.00090772059
1.324529e-07,-0.00089910386
1.325529e-07,-0.00090125804
1.326529e-07,-0.00091274701
1.327529e-07,-0.00093069853
1.328529e-07,-0.00094936811
1.329529e-07,-0.0009622932
1.330529e-07,-0.00096731962
1.331529e-07,-0.00096516544
1.332529e-07,-0.00096157514
1.333529e-07,-0.0009622932
1.334529e-07,-0.00097162799
1.335529e-07,-0.00098814338
1.336529e-07,-0.0010082491
1.337529e-07,-0.0010254825
1.338529e-07,-0.0010340993
1.339529e-07,-0.0010340993
1.340529e-07,-0.0010297909
1.341529e-07,-0.0010283548
1.342529e-07,-0.0010369715
1.343529e-07,-0.0010570772
1.344529e-07,-0.0010857996
1.345529e-07,-0.0011145221
1.346529e-07,-0.0011339097
1.347529e-07,-0.0011375
1.348529e-07,-0.001125293
1.349529e-07,-0.0011051873
1.350529e-07,-0.0010865177
1.351529e-07,-0.0010800551
1.352529e-07,-0.0010915441
1.353529e-07,-0.0011188304
1.354529e-07,-0.0011561696
1.355529e-07,-0.0011949449
1.356529e-07,-0.0012272576
1.357529e-07,-0.0012487994
1.358529e-07,-0.0012602884
1.359529e-07,-0.0012638787
1.360529e-07,-0.0012624426
1.361529e-07,-0.0012581342
1.362529e-07,-0.0012509536
1.363529e-07,-0.0012409007
1.364529e-07,-0.0012301298
1.365529e-07,-0.0012222312
1.366529e-07,-0.0012215131
1.367529e-07,-0.0012294118
1.368529e-07,-0.0012466452
1.369529e-07,-0.0012689051
1.370529e-07,-0.001291883
1.371529e-07,-0.0013098346
1.372529e-07,-0.0013206055
1.373529e-07,-0.00132635
1.374529e-07,-0.0013285041
1.375529e-07,-0.0013328125
1.376529e-07,-0.0013399931
1.377529e-07,-0.001350046
1.378529e-07,-0.0013593807
1.379529e-07,-0.0013672794
1.380529e-07,-0.0013723058
1.381529e-07,-0.0013758961
1.382529e-07,-0.0013809226
1.383529e-07,-0.0013902574
1.384529e-07,-0.0014017463
1.385529e-07,-0.0014125172
1.386529e-07,-0.0014175437
1.387529e-07,-0.0014132353
1.388529e-07,-0.0014003102
1.389529e-07,-0.0013837948
1.390529e-07,-0.0013708697
1.391529e-07,-0.0013672794
1.392529e-07,-0.00137446
1.393529e-07,-0.0013873851
1.394529e-07,-0.0013995921
1.395529e-07,-0.0014017463
1.396529e-07,-0.0013895393
1.397529e-07,-0.0013658433
1.398529e-07,-0.0013356847
1.399529e-07,-0.0013098346
1.400529e-07,-0.0012954733
1.401529e-07,-0.0012954733
1.402529e-07,-0.0013062443
1.403529e-07,-0.0013213235
1.404529e-07,-0.0013335306
1.405529e-07,-0.001338557
1.406529e-07,-0.0013364028
1.407529e-07,-0.0013328125
1.408529e-07,-0.0013313764
1.409529e-07,-0.0013356847
1.410529e-07,-0.0013450195
1.411529e-07,-0.0013557904
1.412529e-07,-0.001362971
1.413529e-07,-0.0013636891
1.414529e-07,-0.0013565085
1.415529e-07,-0.0013443015
1.416529e-07,-0.0013306583
1.417529e-07,-0.0013191693
1.418529e-07,-0.0013119887
1.419529e-07,-0.0013098346
1.420529e-07,-0.0013105526
1.421529e-07,-0.0013134249
1.422529e-07,-0.0013170152
1.423529e-07,-0.0013213235
1.424529e-07,-0.00132635
1.425529e-07,-0.0013313764
1.426529e-07,-0.0013342486
1.427529e-07,-0.0013328125
1.428529e-07,-0.0013256319
1.429529e-07,-0.0013134249
1.430529e-07,-0.0012990636
1.431529e-07,-0.0012868566
1.432529e-07,-0.0012811121
1.433529e-07,-0.0012854205
1.434529e-07,-0.0012997817
1.435529e-07,-0.0013213235
1.436529e-07,-0.0013457376
1.437529e-07,-0.0013679975
1.438529e-07,-0.0013830767
1.439529e-07,-0.0013902574
1.440529e-07,-0.0013909754
1.441529e-07,-0.0013881032
1.442529e-07,-0.001386667
1.443529e-07,-0.0013902574
1.444529e-07,-0.0014003102
1.445529e-07,-0.0014153895
1.446529e-07,-0.0014326229
1.447529e-07,-0.0014477022
1.448529e-07,-0.001457037
1.449529e-07,-0.0014591912
1.450529e-07,-0.0014541648
1.451529e-07,-0.0014477022
1.452529e-07,-0.0014433938
1.453529e-07,-0.0014469841
1.454529e-07,-0.0014606273
1.455529e-07,-0.0014821691
1.456529e-07,-0.0015073012
1.457529e-07,-0.0015309972
1.458529e-07,-0.0015460765
1.459529e-07,-0.0015511029
1.460529e-07,-0.0015467946
1.461529e-07,-0.0015360237
1.462529e-07,-0.0015245347
1.463529e-07,-0.001516636
1.464529e-07,-0.0015137638
1.465529e-07,-0.001515918
1.466529e-07,-0.0015216625
1.467529e-07,-0.001528125
1.468529e-07,-0.0015345875
1.469529e-07,-0.0015410501
1.470529e-07,-0.0015467946
1.471529e-07,-0.0015511029
1.472529e-07,-0.0015525391
1.473529e-07,-0.0015496668
1.474529e-07,-0.0015410501
1.475529e-07,-0.001528125
1.476529e-07,-0.0015130457
1.477529e-07,-0.0015001206
1.478529e-07,-0.0014936581
1.479529e-07,-0.0014936581
1.480529e-07,-0.0014994026
1.481529e-07,-0.0015080193
1.482529e-07,-0.0015144818
1.483529e-07,-0.001516636
1.484529e-07,-0.0015151999
1.485529e-07,-0.0015130457
1.486529e-07,-0.0015130457
1.487529e-07,-0.001516636
1.488529e-07,-0.0015230986
1.489529e-07,-0.0015288431
1.490529e-07,-0.0015309972
1.491529e-07,-0.001528125
1.492529e-07,-0.0015209444
1.493529e-07,-0.0015144818
1.494529e-07,-0.0015123277
1.495529e-07,-0.001516636
1.496529e-07,-0.0015266889
1.497529e-07,-0.0015367417
1.498529e-07,-0.0015424862
1.499529e-07,-0.001539614
1.500529e-07,-0.0015295611
1.501529e-07,-0.001516636
1.502529e-07,-0.0015073012
1.503529e-07,-0.0015051471
1.504529e-07,-0.0015116096
1.505529e-07,-0.0015223805
1.506529e-07,-0.0015331514
1.507529e-07,-0.001539614
1.508529e-07,-0.0015410501
1.509529e-07,-0.001539614
1.510529e-07,-0.0015424862
1.511529e-07,-0.0015511029
1.512529e-07,-0.0015661822
1.513529e-07,-0.0015826976
1.514529e-07,-0.0015949046
1.515529e-07,-0.0015970588
1.516529e-07,-0.0015898782
1.517529e-07,-0.0015769531
1.518529e-07,-0.0015654642
1.519529e-07,-0.0015625919
1.520529e-07,-0.0015697725
1.521529e-07,-0.0015855699
1.522529e-07,-0.0016042394
1.523529e-07,-0.0016200368
1.524529e-07,-0.0016315257
1.525529e-07,-0.0016408605
1.526529e-07,-0.0016509134
1.527529e-07,-0.0016659926
1.528529e-07,-0.0016846622
1.529529e-07,-0.0017018957
1.530529e-07,-0.0017126666
1.531529e-07,-0.0017119485
1.532529e-07,-0.0017004596
1.533529e-07,-0.0016853803
1.534529e-07,-0.0016753274
1.535529e-07,-0.0016774816
1.536529e-07,-0.0016954331
1.537529e-07,-0.0017241556
1.538529e-07,-0.0017557502
1.539529e-07,-0.0017808824
1.540529e-07,-0.0017945255
1.541529e-07,-0.0017981158
1.542529e-07,-0.0017952436
1.543529e-07,-0.0017923713
1.544529e-07,-0.0017938074
1.545529e-07,-0.0017988339
1.546529e-07,-0.0018031422
1.547529e-07,-0.0018038603
1.548529e-07,-0.0017988339
1.549529e-07,-0.0017916533
1.550529e-07,-0.001788063
1.551529e-07,-0.0017923713
1.552529e-07,-0.0018067325
1.553529e-07,-0.0018275563
1.554529e-07,-0.001847662
1.555529e-07,-0.0018613051
1.556529e-07,-0.0018648955
1.557529e-07,-0.001859869
1.558529e-07,-0.0018534065
1.559529e-07,-0.0018498162
1.560529e-07,-0.0018526884
1.561529e-07,-0.0018605871
1.562529e-07,-0.0018684858
1.563529e-07,-0.0018727941
1.564529e-07,-0.0018706399
1.565529e-07,-0.0018656135
1.566529e-07,-0.0018613051
1.567529e-07,-0.0018613051
1.568529e-07,-0.0018670496
1.569529e-07,-0.0018756664
1.570529e-07,-0.0018821289
1.571529e-07,-0.0018842831
1.572529e-07,-0.001882847
1.573529e-07,-0.0018821289
1.574529e-07,-0.0018893095
1.575529e-07,-0.001907261
1.576529e-07,-0.0019323932
1.577529e-07,-0.0019568072
1.578529e-07,-0.0019697323
1.579529e-07,-0.0019647059
1.580529e-07,-0.0019431641
1.581529e-07,-0.0019137236
1.582529e-07,-0.0018900276
1.583529e-07,-0.0018842831
1.584529e-07,-0.0019000804
1.585529e-07,-0.0019323932
1.586529e-07,-0.0019704504
1.587529e-07,-0.0019991728
1.588529e-07,-0.0020113798
1.589529e-07,-0.0020063534
1.590529e-07,-0.0019919922
1.591529e-07,-0.0019761949
1.592529e-07,-0.0019675781
1.593529e-07,-0.0019675781
1.594529e-07,-0.0019726045
1.595529e-07,-0.0019761949
1.596529e-07,-0.0019747587
1.597529e-07,-0.0019675781
1.598529e-07,-0.0019589614
1.599529e-07,-0.0019532169
1.600529e-07,-0.0019524989
1.601529e-07,-0.0019560892
1.602529e-07,-0.0019575253
1.603529e-07,-0.0019532169
1.604529e-07,-0.0019417279
1.605529e-07,-0.0019266487
1.606529e-07,-0.0019130055
1.607529e-07,-0.001907261
1.608529e-07,-0.0019101333
1.609529e-07,-0.0019173139
1.610529e-07,-0.0019216222
1.611529e-07,-0.00191875
1.612529e-07,-0.001906543
1.613529e-07,-0.0018907456
1.614529e-07,-0.0018806928
1.615529e-07,-0.0018842831
1.616529e-07,-0.0019043888
1.617529e-07,-0.0019359835
1.618529e-07,-0.0019711684
1.619529e-07,-0.0019991728
1.620529e-07,-0.0020149701
1.621529e-07,-0.0020192785
1.622529e-07,-0.0020192785
1.623529e-07,-0.0020221507
1.624529e-07,-0.0020329216
1.625529e-07,-0.0020508732
1.626529e-07,-0.0020688247
1.627529e-07,-0.0020795956
1.628529e-07,-0.0020795956
1.629529e-07,-0.0020709789
1.630529e-07,-0.002060208
1.631529e-07,-0.0020566176
1.632529e-07,-0.0020659524
1.633529e-07,-0.0020882123
1.634529e-07,-0.0021183709
1.635529e-07,-0.0021485294
1.636529e-07,-0.0021729435
1.637529e-07,-0.0021887408
1.638529e-07,-0.0021980756
1.639529e-07,-0.0022059743
1.640529e-07,-0.002214591
1.641529e-07,-0.0022246438
1.642529e-07,-0.0022346967
1.643529e-07,-0.0022404412
1.644529e-07,-0.0022425954
1.645529e-07,-0.0022440315
1.646529e-07,-0.002249776
1.647529e-07,-0.0022634191
1.648529e-07,-0.002285679
1.649529e-07,-0.0023129653
1.650529e-07,-0.0023380974
1.651529e-07,-0.0023553309
1.652529e-07,-0.0023610754
1.653529e-07,-0.002356767
1.654529e-07,-0.0023488683
1.655529e-07,-0.0023438419
1.656529e-07,-0.00234456
1.657529e-07,-0.0023517406
1.658529e-07,-0.0023603573
1.659529e-07,-0.0023668199
1.660529e-07,-0.002368974
1.661529e-07,-0.002368974
1.662529e-07,-0.0023704102
1.663529e-07,-0.0023783088
1.664529e-07,-0.00239267
1.665529e-07,-0.0024113396
1.666529e-07,-0.0024271369
1.667529e-07,-0.0024357537
1.668529e-07,-0.0024350356
1.669529e-07,-0.0024271369
1.670529e-07,-0.0024178022
1.671529e-07,-0.0024127757
1.672529e-07,-0.0024127757
1.673529e-07,-0.002416366
1.674529e-07,-0.0024178022
1.675529e-07,-0.0024127757
1.676529e-07,-0.0024020048
1.677529e-07,-0.0023890797
1.678529e-07,-0.0023833352
1.679529e-07,-0.0023897978
1.680529e-07,-0.0024099035
1.681529e-07,-0.0024371898
1.682529e-07,-0.0024608858
1.683529e-07,-0.0024702206
1.684529e-07,-0.0024608858
1.685529e-07,-0.0024350356
1.686529e-07,-0.0024034409
1.687529e-07,-0.0023783088
1.688529e-07,-0.0023696921
1.689529e-07,-0.0023797449
1.690529e-07,-0.0024012868
1.691529e-07,-0.0024242647
1.692529e-07,-0.0024379079
1.693529e-07,-0.0024371898
1.694529e-07,-0.0024264189
1.695529e-07,-0.0024127757
1.696529e-07,-0.0024077493
1.697529e-07,-0.002416366
1.698529e-07,-0.002439344
1.699529e-07,-0.0024702206
1.700529e-07,-0.0024996611
1.701529e-07,-0.0025204848
1.702529e-07,-0.0025283835
1.703529e-07,-0.0025276654
1.704529e-07,-0.0025233571
1.705529e-07,-0.002521921
1.706529e-07,-0.0025269474
1.707529e-07,-0.0025391544
1.708529e-07,-0.0025542337
1.709529e-07,-0.0025685949
1.710529e-07,-0.0025793658
1.711529e-07,-0.0025851103
1.712529e-07,-0.0025887006
1.713529e-07,-0.0025922909
1.714529e-07,-0.0025987534
1.715529e-07,-0.0026080882
1.716529e-07,-0.002617423
1.717529e-07,-0.0026246036
1.718529e-07,-0.0026253217
1.719529e-07,-0.0026195772
1.720529e-07,-0.0026080882
1.721529e-07,-0.002593727
1.722529e-07,-0.0025808019
1.723529e-07,-0.0025736213
1.724529e-07,-0.0025736213
1.725529e-07,-0.0025793658
1.726529e-07,-0.0025887006
1.727529e-07,-0.0025965993
1.728529e-07,-0.0025994715
1.729529e-07,-0.0025951631
1.730529e-07,-0.0025858284
1.731529e-07,-0.0025736213
1.732529e-07,-0.0025635685
1.733529e-07,-0.0025592601
1.734529e-07,-0.0025592601
1.735529e-07,-0.0025621324
1.736529e-07,-0.0025621324
1.737529e-07,-0.0025563879
1.738529e-07,-0.0025441808
1.739529e-07,-0.0025276654
1.740529e-07,-0.0025140223
1.741529e-07,-0.002510432
1.742529e-07,-0.0025190487
1.743529e-07,-0.0025391544
1.744529e-07,-0.0025635685
1.745529e-07,-0.0025829561
1.746529e-07,-0.0025908548
1.747529e-07,-0.0025851103
1.748529e-07,-0.0025707491
1.749529e-07,-0.0025563879
1.750529e-07,-0.0025520795
1.751529e-07,-0.0025621324
1.752529e-07,-0.0025851103
1.753529e-07,-0.0026138327
1.754529e-07,-0.0026389648
1.755529e-07,-0.0026540441
1.756529e-07,-0.0026569164
1.757529e-07,-0.0026533261
1.758529e-07,-0.0026504538
1.759529e-07,-0.0026540441
1.760529e-07,-0.0026662511
1.761529e-07,-0.0026827665
1.762529e-07,-0.0026964097
1.763529e-07,-0.0027
1.764529e-07,-0.0026913833
1.765529e-07,-0.0026755859
1.766529e-07,-0.0026597886
1.767529e-07,-0.0026540441
1.768529e-07,-0.0026626608
1.769529e-07,-0.0026834846
1.770529e-07,-0.0027107709
1.771529e-07,-0.0027344669
1.772529e-07,-0.0027481101
1.773529e-07,-0.0027502642
1.774529e-07,-0.0027438017
1.775529e-07,-0.0027344669
1.776529e-07,-0.0027287224
1.777529e-07,-0.0027287224
1.778529e-07,-0.002735903
1.779529e-07,-0.0027459559
1.780529e-07,-0.0027567268
1.781529e-07,-0.0027653435
1.782529e-07,-0.0027732422
1.783529e-07,-0.0027804228
1.784529e-07,-0.0027876034
1.785529e-07,-0.0027940659
1.786529e-07,-0.0027998104
1.787529e-07,-0.0028034007
1.788529e-07,-0.002806273
1.789529e-07,-0.0028098633
1.790529e-07,-0.0028163258
1.791529e-07,-0.0028263787
1.792529e-07,-0.0028378676
1.793529e-07,-0.0028479205
1.794529e-07,-0.0028515108
1.795529e-07,-0.0028493566
1.796529e-07,-0.002842176
1.797529e-07,-0.0028357135
1.798529e-07,-0.0028335593
1.799529e-07,-0.0028378676
1.800529e-07,-0.0028464844
1.801529e-07,-0.002854383
1.802529e-07,-0.0028558192
1.803529e-07,-0.0028493566
1.804529e-07,-0.0028371496
1.805529e-07,-0.0028270967
1.806529e-07,-0.0028256606
1.807529e-07,-0.0028378676
1.808529e-07,-0.0028615636
1.809529e-07,-0.002889568
1.810529e-07,-0.0029139821
1.811529e-07,-0.0029297794
1.812529e-07,-0.00293696
1.813529e-07,-0.0029412684
1.814529e-07,-0.002949167
1.815529e-07,-0.0029642463
1.816529e-07,-0.0029850701
1.817529e-07,-0.0030044577
1.818529e-07,-0.0030145106
1.819529e-07,-0.0030102022
1.820529e-07,-0.0029951229
1.821529e-07,-0.0029800437
1.822529e-07,-0.0029742992
1.823529e-07,-0.0029872243
1.824529e-07,-0.0030166648
1.825529e-07,-0.003054722
1.826529e-07,-0.0030863166
1.827529e-07,-0.003102114
1.828529e-07,-0.0030992417
1.829529e-07,-0.0030855986
1.830529e-07,-0.0030712374
1.831529e-07,-0.0030676471
1.832529e-07,-0.0030776999
1.833529e-07,-0.0030956514
1.834529e-07,-0.0031107307
1.835529e-07,-0.0031136029
1.836529e-07,-0.0031006778
1.837529e-07,-0.003078418
1.838529e-07,-0.0030597484
1.839529e-07,-0.0030561581
1.840529e-07,-0.0030719554
1.841529e-07,-0.003102832
1.842529e-07,-0.0031365809
1.843529e-07,-0.0031595588
1.844529e-07,-0.0031645852
1.845529e-07,-0.0031545324
1.846529e-07,-0.0031372989
1.847529e-07,-0.0031250919
1.848529e-07,-0.0031250919
1.849529e-07,-0.0031365809
1.850529e-07,-0.0031509421
1.851529e-07,-0.0031595588
1.852529e-07,-0.0031559685
1.853529e-07,-0.0031408892
1.854529e-07,-0.0031236558
1.855529e-07,-0.0031136029
1.856529e-07,-0.0031171932
1.857529e-07,-0.0031337086
1.858529e-07,-0.0031552505
1.859529e-07,-0.0031710478
1.860529e-07,-0.00317392
1.861529e-07,-0.0031631491
1.862529e-07,-0.0031437615
1.863529e-07,-0.0031250919
1.864529e-07,-0.0031150391
1.865529e-07,-0.0031157571
1.866529e-07,-0.0031243739
1.867529e-07,-0.0031365809
1.868529e-07,-0.0031466337
1.869529e-07,-0.0031545324
1.870529e-07,-0.003161713
1.871529e-07,-0.0031710478
1.872529e-07,-0.0031846909
1.873529e-07,-0.0031990522
1.874529e-07,-0.0032119773
1.875529e-07,-0.0032170037
1.876529e-07,-0.0032148495
1.877529e-07,-0.0032083869
1.878529e-07,-0.0032033605
1.879529e-07,-0.0032055147
1.880529e-07,-0.0032155676
1.881529e-07,-0.0032306468
1.882529e-07,-0.0032435719
1.883529e-07,-0.0032514706
1.884529e-07,-0.0032529067
1.885529e-07,-0.0032529067
1.886529e-07,-0.0032586512
1.887529e-07,-0.0032744485
1.888529e-07,-0.0032995807
1.889529e-07,-0.003327585
1.890529e-07,-0.0033484088
1.891529e-07,-0.0033548713
1.892529e-07,-0.0033448185
1.893529e-07,-0.0033254308
1.894529e-07,-0.0033060432
1.895529e-07,-0.0032974265
1.896529e-07,-0.0033017348
1.897529e-07,-0.003315378
1.898529e-07,-0.0033283031
1.899529e-07,-0.0033318934
1.900529e-07,-0.0033225586
1.901529e-07,-0.0033053251
1.902529e-07,-0.0032895278
1.903529e-07,-0.0032859375
1.904529e-07,-0.0032981445
1.905529e-07,-0.0033232767
1.906529e-07,-0.0033498449
1.907529e-07,-0.0033663603
1.908529e-07,-0.0033663603
1.909529e-07,-0.003350563
1.910529e-07,-0.003327585
1.911529e-07,-0.0033089154
1.912529e-07,-0.003303171
1.913529e-07,-0.0033103516
1.914529e-07,-0.003326867
1.915529e-07,-0.0033433824
1.916529e-07,-0.0033527171
1.917529e-07,-0.0033527171
1.918529e-07,-0.0033476907
1.919529e-07,-0.0033433824
1.920529e-07,-0.0033455365
1.921529e-07,-0.0033541533
1.922529e-07,-0.0033670784
1.923529e-07,-0.0033778493
1.924529e-07,-0.0033828757
1.925529e-07,-0.0033828757
1.926529e-07,-0.0033792854
1.927529e-07,-0.0033778493
1.928529e-07,-0.0033807215
1.929529e-07,-0.0033871841
1.930529e-07,-0.0033950827
1.931529e-07,-0.0034008272
1.932529e-07,-0.0034029814
1.933529e-07,-0.0034029814
1.934529e-07,-0.0034051356
1.935529e-07,-0.0034123162
1.936529e-07,-0.0034238051
1.937529e-07,-0.0034367302
1.938529e-07,-0.003445347
1.939529e-07,-0.0034467831
1.940529e-07,-0.0034410386
1.941529e-07,-0.003433858
1.942529e-07,-0.0034302677
1.943529e-07,-0.0034352941
1.944529e-07,-0.0034475011
1.945529e-07,-0.0034625804
1.946529e-07,-0.0034711972
1.947529e-07,-0.003469761
1.948529e-07,-0.0034582721
1.949529e-07,-0.0034431928
1.950529e-07,-0.0034331399
1.951529e-07,-0.0034352941
1.952529e-07,-0.0034503734
1.953529e-07,-0.0034711972
1.954529e-07,-0.0034884306
1.955529e-07,-0.003492739
1.956529e-07,-0.0034826861
1.957529e-07,-0.0034618624
1.958529e-07,-0.0034396025
1.959529e-07,-0.0034238051
1.960529e-07,-0.0034180607
1.961529e-07,-0.0034194968
1.962529e-07,-0.0034194968
1.963529e-07,-0.0034123162
1.964529e-07,-0.0033958008
1.965529e-07,-0.003374259
1.966529e-07,-0.0033584616
1.967529e-07,-0.0033548713
1.968529e-07,-0.0033670784
1.969529e-07,-0.0033907744
1.970529e-07,-0.0034166245
1.971529e-07,-0.0034352941
1.972529e-07,-0.0034424747
1.973529e-07,-0.0034403205
1.974529e-07,-0.0034352941
1.975529e-07,-0.0034352941
1.976529e-07,-0.0034424747
1.977529e-07,-0.0034532456
1.978529e-07,-0.0034604262
1.979529e-07,-0.0034582721
1.980529e-07,-0.0034446289
1.981529e-07,-0.0034245232
1.982529e-07,-0.0034072898
1.983529e-07,-0.0034008272
1.984529e-07,-0.0034080078
1.985529e-07,-0.0034238051
1.986529e-07,-0.0034396025
1.987529e-07,-0.0034467831
1.988529e-07,-0.0034417567
1.989529e-07,-0.0034288316
1.990529e-07,-0.0034159065
1.991529e-07,-0.0034123162
1.992529e-07,-0.0034209329
1.993529e-07,-0.0034374483
1.994529e-07,-0.0034532456
1.995529e-07,-0.0034582721
1.996529e-07,-0.0034496553
1.997529e-07,-0.0034302677
1.998529e-07,-0.0034108801
1.999529e-07,-0.0034008272
2.000529e-07,-0.0034044175
2.001529e-07,-0.0034180607
2.002529e-07,-0.0034324219
2.003529e-07,-0.0034352941
2.004529e-07,-0.003421651
2.005529e-07,-0.0033950827
2.006529e-07,-0.0033642061
2.007529e-07,-0.0033433824
2.008529e-07,-0.003339792
2.009529e-07,-0.0033541533
2.010529e-07,-0.0033785673
2.011529e-07,-0.0034008272
2.012529e-07,-0.0034123162
2.013529e-07,-0.003410162
2.014529e-07,-0.0033993911
2.015529e-07,-0.0033893382
2.016529e-07,-0.0033893382
2.017529e-07,-0.0034022633
2.018529e-07,-0.0034238051
2.019529e-07,-0.0034467831
2.020529e-07,-0.0034625804
2.021529e-07,-0.0034654527
2.022529e-07,-0.0034589901
2.023529e-07,-0.0034467831
2.024529e-07,-0.0034367302
2.025529e-07,-0.003433858
2.026529e-07,-0.0034374483
2.027529e-07,-0.0034467831
2.028529e-07,-0.0034568359
2.029529e-07,-0.0034647346
2.030529e-07,-0.003469043
2.031529e-07,-0.003469761
2.032529e-07,-0.0034676068
2.033529e-07,-0.0034632985
2.034529e-07,-0.0034561179
2.035529e-07,-0.0034467831
2.036529e-07,-0.0034374483
2.037529e-07,-0.0034324219
2.038529e-07,-0.0034352941
2.039529e-07,-0.0034467831
2.040529e-07,-0.0034647346
2.041529e-07,-0.0034834042
2.042529e-07,-0.0034941751
2.043529e-07,-0.003492739
2.044529e-07,-0.0034783778
2.045529e-07,-0.0034561179
2.046529e-07,-0.0034352941
2.047529e-07,-0.0034238051
2.048529e-07,-0.0034266774
2.049529e-07,-0.0034410386
2.050529e-07,-0.0034618624
2.051529e-07,-0.00348125
2.052529e-07,-0.003492739
2.053529e-07,-0.0034963293
2.054529e-07,-0.0034948932
2.055529e-07,-0.003492739
2.056529e-07,-0.0034941751
2.057529e-07,-0.0034999196
2.058529e-07,-0.0035078182
2.059529e-07,-0.0035157169
2.060529e-07,-0.0035214614
2.061529e-07,-0.0035250517
2.062529e-07,-0.0035300781
2.063529e-07,-0.0035386949
2.064529e-07,-0.003552338
2.065529e-07,-0.0035681353
2.066529e-07,-0.0035839327
2.067529e-07,-0.0035961397
2.068529e-07,-0.0036040384
2.069529e-07,-0.0036083467
2.070529e-07,-0.0036133732
2.071529e-07,-0.0036191176
2.072529e-07,-0.0036262983
2.073529e-07,-0.0036327608
2.074529e-07,-0.0036341969
2.075529e-07,-0.0036306066
2.076529e-07,-0.003623426
2.077529e-07,-0.0036176815
2.078529e-07,-0.0036191176
2.079529e-07,-0.0036306066
2.080529e-07,-0.0036492762
2.081529e-07,-0.0036701
2.082529e-07,-0.0036844612
2.083529e-07,-0.0036880515
2.084529e-07,-0.0036815889
2.085529e-07,-0.003670818
2.086529e-07,-0.0036636374
2.087529e-07,-0.0036650735
2.088529e-07,-0.0036758444
2.089529e-07,-0.0036902057
2.090529e-07,-0.0037002585
2.091529e-07,-0.0036995404
2.092529e-07,-0.0036873334
2.093529e-07,-0.0036701
2.094529e-07,-0.0036557387
2.095529e-07,-0.0036535846
2.096529e-07,-0.0036650735
2.097529e-07,-0.0036866153
2.098529e-07,-0.0037088752
2.099529e-07,-0.0037225184
2.100529e-07,-0.0037225184
2.101529e-07,-0.0037103114
2.102529e-07,-0.0036923598
2.103529e-07,-0.0036765625
2.104529e-07,-0.0036672277
2.105529e-07,-0.0036636374
2.106529e-07,-0.0036607652
2.107529e-07,-0.0036535846
2.108529e-07,-0.0036392233
2.109529e-07,-0.0036212718
2.110529e-07,-0.0036047564
2.111529e-07,-0.0035961397
2.112529e-07,-0.0035990119
2.113529e-07,-0.0036105009
2.114529e-07,-0.003623426
2.115529e-07,-0.0036306066
2.116529e-07,-0.0036284524
2.117529e-07,-0.0036176815
2.118529e-07,-0.0036047564
2.119529e-07,-0.0035961397
2.120529e-07,-0.0035968578
2.121529e-07,-0.0036061926
2.122529e-07,-0.0036191176
2.123529e-07,-0.0036306066
2.124529e-07,-0.0036370692
2.125529e-07,-0.0036399414
2.126529e-07,-0.0036435317
2.127529e-07,-0.0036535846
2.128529e-07,-0.0036722541
2.129529e-07,-0.0036981043
2.130529e-07,-0.0037246726
2.131529e-07,-0.0037454963
2.132529e-07,-0.0037569853
2.133529e-07,-0.0037591395
2.134529e-07,-0.0037577034
2.135529e-07,-0.0037569853
2.136529e-07,-0.0037612937
2.137529e-07,-0.0037713465
2.138529e-07,-0.0037828355
2.139529e-07,-0.0037914522
2.140529e-07,-0.0037957606
2.141529e-07,-0.0037964786
2.142529e-07,-0.0037971967
2.143529e-07,-0.0038029412
2.144529e-07,-0.0038151482
2.145529e-07,-0.0038316636
2.146529e-07,-0.003848179
2.147529e-07,-0.003860386
2.148529e-07,-0.0038661305
2.149529e-07,-0.0038675666
2.150529e-07,-0.0038682847
2.151529e-07,-0.003871875
2.152529e-07,-0.0038797737
2.153529e-07,-0.0038905446
2.154529e-07,-0.0039005974
2.155529e-07,-0.0039063419
2.156529e-07,-0.0039084961
2.157529e-07,-0.0039099322
2.158529e-07,-0.0039163948
2.159529e-07,-0.0039293199
2.160529e-07,-0.0039487075
2.161529e-07,-0.0039688132
2.162529e-07,-0.0039831744
2.163529e-07,-0.0039867647
2.164529e-07,-0.0039803022
2.165529e-07,-0.0039695312
2.166529e-07,-0.0039616326
2.167529e-07,-0.0039637868
2.168529e-07,-0.0039767119
2.169529e-07,-0.0039960995
2.170529e-07,-0.0040126149
2.171529e-07,-0.0040212316
2.172529e-07,-0.0040183594
2.173529e-07,-0.0040090246
2.174529e-07,-0.0039996898
2.175529e-07,-0.0039982537
2.176529e-07,-0.0040068704
2.177529e-07,-0.0040212316
2.178529e-07,-0.0040363109
2.179529e-07,-0.0040442096
2.180529e-07,-0.0040427734
2.181529e-07,-0.0040363109
2.182529e-07,-0.0040305664
2.183529e-07,-0.0040327206
2.184529e-07,-0.0040456457
2.185529e-07,-0.0040657514
2.186529e-07,-0.0040865751
2.187529e-07,-0.0041016544
2.188529e-07,-0.0041073989
2.189529e-07,-0.0041052447
2.190529e-07,-0.0041016544
2.191529e-07,-0.0041016544
2.192529e-07,-0.0041073989
2.193529e-07,-0.0041167337
2.194529e-07,-0.0041231962
2.195529e-07,-0.0041246324
2.196529e-07,-0.0041196059
2.197529e-07,-0.0041117073
2.198529e-07,-0.004108117
2.199529e-07,-0.0041131434
2.200529e-07,-0.0041260685
2.201529e-07,-0.0041425839
2.202529e-07,-0.0041547909
2.203529e-07,-0.0041590993
2.204529e-07,-0.004156227
2.205529e-07,-0.0041519187
2.206529e-07,-0.0041547909
2.207529e-07,-0.0041705882
2.208529e-07,-0.0041964384
2.209529e-07,-0.0042237247
2.210529e-07,-0.0042409582
2.211529e-07,-0.0042395221
2.212529e-07,-0.0042186983
2.213529e-07,-0.0041856675
2.214529e-07,-0.0041540728
2.215529e-07,-0.0041361213
2.216529e-07,-0.0041361213
2.217529e-07,-0.0041497645
2.218529e-07,-0.0041684341
2.219529e-07,-0.0041820772
2.220529e-07,-0.0041871036
2.221529e-07,-0.0041856675
2.222529e-07,-0.0041856675
2.223529e-07,-0.0041935662
2.224529e-07,-0.0042107996
2.225529e-07,-0.0042301873
2.226529e-07,-0.0042431124
2.227529e-07,-0.0042395221
2.228529e-07,-0.0042186983
2.229529e-07,-0.0041878217
2.230529e-07,-0.0041598173
2.231529e-07,-0.0041476103
2.232529e-07,-0.0041569451
2.233529e-07,-0.0041842314
2.234529e-07,-0.0042194164
2.235529e-07,-0.004251011
2.236529e-07,-0.0042718348
2.237529e-07,-0.0042826057
2.238529e-07,-0.0042883502
2.239529e-07,-0.0042969669
2.240529e-07,-0.0043106101
2.241529e-07,-0.0043256893
2.242529e-07,-0.0043350241
2.243529e-07,-0.0043314338
2.244529e-07,-0.0043142004
2.245529e-07,-0.0042890682
2.246529e-07,-0.0042689625
2.247529e-07,-0.0042625
2.248529e-07,-0.004274707
2.249529e-07,-0.0042998392
2.250529e-07,-0.0043264074
2.251529e-07,-0.0043429228
2.252529e-07,-0.0043429228
2.253529e-07,-0.0043307158
2.254529e-07,-0.0043149184
2.255529e-07,-0.0043084559
2.256529e-07,-0.0043163545
2.257529e-07,-0.0043357422
2.258529e-07,-0.0043565659
2.259529e-07,-0.0043659007
2.260529e-07,-0.0043565659
2.261529e-07,-0.0043292796
2.262529e-07,-0.0042940947
2.263529e-07,-0.0042625
2.264529e-07,-0.0042452665
2.265529e-07,-0.0042438304
2.266529e-07,-0.0042524472
2.267529e-07,-0.0042625
2.268529e-07,-0.0042646542
2.269529e-07,-0.0042567555
2.270529e-07,-0.0042416762
2.271529e-07,-0.0042280331
2.272529e-07,-0.0042215705
2.273529e-07,-0.0042237247
2.274529e-07,-0.0042316234
2.275529e-07,-0.0042395221
2.276529e-07,-0.0042416762
2.277529e-07,-0.0042373679
2.278529e-07,-0.004227315
2.279529e-07,-0.0042165441
2.280529e-07,-0.0042072093
2.281529e-07,-0.0041993107
2.282529e-07,-0.004191412
2.283529e-07,-0.0041820772
2.284529e-07,-0.0041720244
2.285529e-07,-0.0041655618
2.286529e-07,-0.004167716
2.287529e-07,-0.0041820772
2.288529e-07,-0.0042072093
2.289529e-07,-0.0042359318
2.290529e-07,-0.0042610639
2.291529e-07,-0.004273989
2.292529e-07,-0.0042732709
2.293529e-07,-0.0042617819
2.294529e-07,-0.0042488568
2.295529e-07,-0.0042395221
2.296529e-07,-0.0042380859
2.297529e-07,-0.0042431124
2.298529e-07,-0.0042488568
2.299529e-07,-0.004251011
2.300529e-07,-0.0042495749
2.301529e-07,-0.0042474207
2.302529e-07,-0.004250293
2.303529e-07,-0.0042625
2.304529e-07,-0.0042811696
2.305529e-07,-0.0043005572
2.306529e-07,-0.0043113281
2.307529e-07,-0.0043084559
2.308529e-07,-0.0042933766
2.309529e-07,-0.004274707
2.310529e-07,-0.0042617819
2.311529e-07,-0.0042625
2.312529e-07,-0.0042775793
2.313529e-07,-0.0043012753
2.314529e-07,-0.004322099
2.315529e-07,-0.0043314338
2.316529e-07,-0.0043285616
2.317529e-07,-0.0043192268
2.318529e-07,-0.0043134823
2.319529e-07,-0.0043199449
2.320529e-07,-0.0043386144
2.321529e-07,-0.0043637466
2.322529e-07,-0.0043838523
2.323529e-07,-0.0043888787
2.324529e-07,-0.0043773897
2.325529e-07,-0.0043565659
2.326529e-07,-0.0043371783
2.327529e-07,-0.0043314338
2.328529e-07,-0.0043429228
2.329529e-07,-0.0043673369
2.330529e-07,-0.004393187
2.331529e-07,-0.0044118566
2.332529e-07,-0.0044176011
2.333529e-07,-0.0044132927
2.334529e-07,-0.0044089844
2.335529e-07,-0.0044118566
2.336529e-07,-0.0044247817
2.337529e-07,-0.0044434513
2.338529e-07,-0.0044570944
2.339529e-07,-0.0044578125
2.340529e-07,-0.0044427332
2.341529e-07,-0.004416883
2.342529e-07,-0.004392469
2.343529e-07,-0.0043773897
2.344529e-07,-0.0043766716
2.345529e-07,-0.0043845703
2.346529e-07,-0.0043917509
2.347529e-07,-0.0043888787
2.348529e-07,-0.0043737994
2.349529e-07,-0.0043522576
2.350529e-07,-0.0043350241
2.351529e-07,-0.0043314338
2.352529e-07,-0.0043443589
2.353529e-07,-0.0043659007
2.354529e-07,-0.0043845703
2.355529e-07,-0.0043888787
2.356529e-07,-0.0043745175
2.357529e-07,-0.0043472312
2.358529e-07,-0.0043206629
2.359529e-07,-0.0043084559
2.360529e-07,-0.0043170726
2.361529e-07,-0.0043436409
2.362529e-07,-0.0043759536
2.363529e-07,-0.0044003676
2.364529e-07,-0.0044082663
2.365529e-07,-0.0044010857
2.366529e-07,-0.0043867245
2.367529e-07,-0.0043773897
2.368529e-07,-0.00438098
2.369529e-07,-0.0043989315
2.370529e-07,-0.0044233456
2.371529e-07,-0.0044463235
2.372529e-07,-0.0044621209
2.373529e-07,-0.0044693015
2.374529e-07,-0.0044736098
2.375529e-07,-0.0044807904
2.376529e-07,-0.0044937155
2.377529e-07,-0.0045095129
2.378529e-07,-0.004522438
2.379529e-07,-0.0045267463
2.380529e-07,-0.0045217199
2.381529e-07,-0.004511667
2.382529e-07,-0.0045037684
2.383529e-07,-0.0045037684
2.384529e-07,-0.004511667
2.385529e-07,-0.0045210018
2.386529e-07,-0.0045238741
2.387529e-07,-0.0045152574
2.388529e-07,-0.0044958697
2.389529e-07,-0.004475046
2.390529e-07,-0.004463557
2.391529e-07,-0.0044693015
2.392529e-07,-0.0044908433
2.393529e-07,-0.0045188477
2.394529e-07,-0.0045382353
2.395529e-07,-0.0045382353
2.396529e-07,-0.0045174115
2.397529e-07,-0.0044850988
2.398529e-07,-0.0044570944
2.399529e-07,-0.0044463235
2.400529e-07,-0.0044570944
2.401529e-07,-0.0044822266
2.402529e-07,-0.0045066406
2.403529e-07,-0.0045152574
2.404529e-07,-0.0045016142
2.405529e-07,-0.0044700195
2.406529e-07,-0.0044348346
2.407529e-07,-0.0044118566
2.408529e-07,-0.0044097024
2.409529e-07,-0.0044254998
2.410529e-07,-0.0044499138
2.411529e-07,-0.0044693015
2.412529e-07,-0.004475046
2.413529e-07,-0.0044671473
2.414529e-07,-0.0044542222
2.415529e-07,-0.0044463235
2.416529e-07,-0.0044484777
2.417529e-07,-0.0044592486
2.418529e-07,-0.0044693015
2.419529e-07,-0.0044693015
2.420529e-07,-0.0044556583
2.421529e-07,-0.0044326804
2.422529e-07,-0.0044104205
2.423529e-07,-0.0044003676
2.424529e-07,-0.0044061121
2.425529e-07,-0.0044240636
2.426529e-07,-0.0044420152
2.427529e-07,-0.0044463235
2.428529e-07,-0.0044305262
2.429529e-07,-0.0043982135
2.430529e-07,-0.0043608743
2.431529e-07,-0.0043314338
2.432529e-07,-0.0043199449
2.433529e-07,-0.0043264074
2.434529e-07,-0.0043422047
2.435529e-07,-0.0043544118
2.436529e-07,-0.0043536937
2.437529e-07,-0.0043386144
2.438529e-07,-0.0043163545
2.439529e-07,-0.0042969669
2.440529e-07,-0.0042890682
2.441529e-07,-0.0042940947
2.442529e-07,-0.0043077378
2.443529e-07,-0.0043199449
2.444529e-07,-0.0043242532
2.445529e-07,-0.0043185087
2.446529e-07,-0.0043063017
2.447529e-07,-0.0042969669
2.448529e-07,-0.0042955308
2.449529e-07,-0.0043034295
2.450529e-07,-0.0043177907
2.451529e-07,-0.0043314338
2.452529e-07,-0.0043393325
2.453529e-07,-0.0043407686
2.454529e-07,-0.0043364602
2.455529e-07,-0.0043314338
2.456529e-07,-0.0043278435
2.457529e-07,-0.0043264074
2.458529e-07,-0.0043242532
2.459529e-07,-0.0043199449
2.460529e-07,-0.0043142004
2.461529e-07,-0.0043106101
2.462529e-07,-0.0043156365
2.463529e-07,-0.0043314338
2.464529e-07,-0.0043565659
2.465529e-07,-0.0043838523
2.466529e-07,-0.004404676
2.467529e-07,-0.0044118566
2.468529e-07,-0.004404676
2.469529e-07,-0.0043895967
2.470529e-07,-0.0043773897
2.471529e-07,-0.0043773897
2.472529e-07,-0.004392469
2.473529e-07,-0.0044197553
2.474529e-07,-0.0044484777
2.475529e-07,-0.0044693015
2.476529e-07,-0.0044772001
2.477529e-07,-0.004475046
2.478529e-07,-0.0044693015
2.479529e-07,-0.0044693015
2.480529e-07,-0.0044800724
2.481529e-07,-0.00449946
2.482529e-07,-0.0045217199
2.483529e-07,-0.0045382353
2.484529e-07,-0.0045454159
2.485529e-07,-0.0045432617
2.486529e-07,-0.0045389534
2.487529e-07,-0.0045382353
2.488529e-07,-0.0045454159
2.489529e-07,-0.0045590591
2.490529e-07,-0.0045741383
2.491529e-07,-0.0045841912
2.492529e-07,-0.0045870634
2.493529e-07,-0.0045841912
2.494529e-07,-0.0045813189
2.495529e-07,-0.0045841912
2.496529e-07,-0.004593526
2.497529e-07,-0.0046071691
2.498529e-07,-0.004617222
2.499529e-07,-0.0046186581
2.500529e-07,-0.0046100414
2.501529e-07,-0.004594244
2.502529e-07,-0.0045798828
2.503529e-07,-0.0045727022
2.504529e-07,-0.0045755744
2.505529e-07,-0.0045849092
2.506529e-07,-0.004593526
2.507529e-07,-0.0045956801
2.508529e-07,-0.0045892176
2.509529e-07,-0.0045770106
2.510529e-07,-0.0045655216
2.511529e-07,-0.0045612132
2.512529e-07,-0.0045648035
2.513529e-07,-0.0045727022
2.514529e-07,-0.0045770106
2.515529e-07,-0.0045727022
2.516529e-07,-0.004558341
2.517529e-07,-0.0045389534
2.518529e-07,-0.004522438
2.519529e-07,-0.0045152574
2.520529e-07,-0.0045195657
2.521529e-07,-0.0045310547
2.522529e-07,-0.0045432617
2.523529e-07,-0.0045497243
2.524529e-07,-0.0045504423
2.525529e-07,-0.0045497243
2.526529e-07,-0.0045554687
2.527529e-07,-0.0045727022
2.528529e-07,-0.0045992705
2.529529e-07,-0.0046287109
2.530529e-07,-0.0046488166
2.531529e-07,-0.004653125
2.532529e-07,-0.004640918
2.533529e-07,-0.0046200942
2.534529e-07,-0.0046021427
2.535529e-07,-0.0045956801
2.536529e-07,-0.0046035788
2.537529e-07,-0.0046208123
2.538529e-07,-0.0046366096
2.539529e-07,-0.004641636
2.540529e-07,-0.0046344554
2.541529e-07,-0.0046200942
2.542529e-07,-0.0046078872
2.543529e-07,-0.0046071691
2.544529e-07,-0.0046186581
2.545529e-07,-0.0046366096
2.546529e-07,-0.0046509708
2.547529e-07,-0.004653125
2.548529e-07,-0.0046423541
2.549529e-07,-0.0046236845
2.550529e-07,-0.0046093233
2.551529e-07,-0.0046071691
2.552529e-07,-0.00461794
2.553529e-07,-0.0046344554
2.554529e-07,-0.0046459444
2.555529e-07,-0.004641636
2.556529e-07,-0.0046215303
2.557529e-07,-0.0045928079
2.558529e-07,-0.0045691119
2.559529e-07,-0.0045612132
2.560529e-07,-0.0045712661
2.561529e-07,-0.0045928079
2.562529e-07,-0.0046121955
2.563529e-07,-0.0046186581
2.564529e-07,-0.0046086052
2.565529e-07,-0.0045892176
2.566529e-07,-0.0045734203
2.567529e-07,-0.0045727022
2.568529e-07,-0.0045906537
2.569529e-07,-0.0046193761
2.570529e-07,-0.0046445083
2.571529e-07,-0.004653125
2.572529e-07,-0.0046401999
2.573529e-07,-0.0046121955
2.574529e-07,-0.0045841912
2.575529e-07,-0.0045727022
2.576529e-07,-0.0045834731
2.577529e-07,-0.0046129136
2.578529e-07,-0.0046452263
2.579529e-07,-0.004664614
2.580529e-07,-0.0046617417
2.581529e-07,-0.0046380457
2.582529e-07,-0.0046071691
2.583529e-07,-0.0045841912
2.584529e-07,-0.0045806009
2.585529e-07,-0.0045978343
2.586529e-07,-0.0046265568
2.587529e-07,-0.004653125
2.588529e-07,-0.0046660501
2.589529e-07,-0.0046638959
2.590529e-07,-0.0046524069
2.591529e-07,-0.004641636
2.592529e-07,-0.0046401999
2.593529e-07,-0.0046502528
2.594529e-07,-0.004665332
2.595529e-07,-0.0046761029
2.596529e-07,-0.0046761029
2.597529e-07,-0.0046638959
2.598529e-07,-0.0046459444
2.599529e-07,-0.0046301471
2.600529e-07,-0.0046229665
2.601529e-07,-0.0046258387
2.602529e-07,-0.0046344554
2.603529e-07,-0.004641636
2.604529e-07,-0.0046430722
2.605529e-07,-0.0046401999
2.606529e-07,-0.0046380457
2.607529e-07,-0.004641636
2.608529e-07,-0.0046552792
2.609529e-07,-0.0046753849
2.610529e-07,-0.0046962086
2.611529e-07,-0.0047105699
2.612529e-07,-0.0047141602
2.613529e-07,-0.0047091337
2.614529e-07,-0.0047019531
2.615529e-07,-0.0046990809
2.616529e-07,-0.0047048254
2.617529e-07,-0.0047163143
2.618529e-07,-0.0047278033
2.619529e-07,-0.0047335478
2.620529e-07,-0.0047299575
2.621529e-07,-0.0047206227
2.622529e-07,-0.004712006
2.623529e-07,-0.0047105699
2.624529e-07,-0.0047177505
2.625529e-07,-0.0047306756
2.626529e-07,-0.0047421645
2.627529e-07,-0.0047450368
2.628529e-07,-0.0047378562
2.629529e-07,-0.0047249311
2.630529e-07,-0.0047134421
2.631529e-07,-0.0047105699
2.632529e-07,-0.0047191866
2.633529e-07,-0.0047342659
2.634529e-07,-0.0047493451
2.635529e-07,-0.0047565257
2.636529e-07,-0.0047536535
2.637529e-07,-0.0047436006
2.638529e-07,-0.0047349839
2.639529e-07,-0.0047335478
2.640529e-07,-0.0047407284
2.641529e-07,-0.0047514993
2.642529e-07,-0.004759398
2.643529e-07,-0.0047565257
2.644529e-07,-0.0047428826
2.645529e-07,-0.0047227769
2.646529e-07,-0.0047062615
2.647529e-07,-0.0046990809
2.648529e-07,-0.0047019531
2.649529e-07,-0.0047091337
2.650529e-07,-0.0047105699
2.651529e-07,-0.0046990809
2.652529e-07,-0.0046739488
2.653529e-07,-0.0046437902
2.654529e-07,-0.00461794
2.655529e-07,-0.0046071691
2.656529e-07,-0.0046136317
2.657529e-07,-0.0046301471
2.658529e-07,-0.0046466625
2.659529e-07,-0.004653125
2.660529e-07,-0.0046459444
2.661529e-07,-0.0046315832
2.662529e-07,-0.0046193761
2.663529e-07,-0.0046186581
2.664529e-07,-0.0046323012
2.665529e-07,-0.0046538431
2.666529e-07,-0.0046725126
2.667529e-07,-0.0046761029
2.668529e-07,-0.0046624598
2.669529e-07,-0.0046380457
2.670529e-07,-0.0046157858
2.671529e-07,-0.0046071691
2.672529e-07,-0.0046186581
2.673529e-07,-0.0046452263
2.674529e-07,-0.004676821
2.675529e-07,-0.0046990809
2.676529e-07,-0.0047055434
2.677529e-07,-0.0046983628
2.678529e-07,-0.0046847197
2.679529e-07,-0.0046761029
2.680529e-07,-0.0046775391
2.681529e-07,-0.004689028
2.682529e-07,-0.0047026712
2.683529e-07,-0.0047105699
2.684529e-07,-0.0047098518
2.685529e-07,-0.0047048254
2.686529e-07,-0.0047019531
2.687529e-07,-0.0047105699
2.688529e-07,-0.0047321117
2.689529e-07,-0.0047615522
2.690529e-07,-0.0047888385
2.691529e-07,-0.0048024816
2.692529e-07,-0.0047996094
2.693529e-07,-0.004783812
2.694529e-07,-0.0047658605
2.695529e-07,-0.0047565257
2.696529e-07,-0.0047615522
2.697529e-07,-0.0047780676
2.698529e-07,-0.0047988913
2.699529e-07,-0.0048139706
2.700529e-07,-0.0048197151
2.701529e-07,-0.004818279
2.702529e-07,-0.0048175609
2.703529e-07,-0.0048254596
2.704529e-07,-0.0048448472
2.705529e-07,-0.0048706974
2.706529e-07,-0.0048943934
2.707529e-07,-0.0049058824
2.708529e-07,-0.004901574
2.709529e-07,-0.0048864947
2.710529e-07,-0.0048692613
2.711529e-07,-0.0048599265
2.712529e-07,-0.0048635168
2.713529e-07,-0.0048771599
2.714529e-07,-0.0048936753
2.715529e-07,-0.0049058824
2.716529e-07,-0.0049094727
2.717529e-07,-0.0049073185
2.718529e-07,-0.0049044462
2.719529e-07,-0.0049058824
2.720529e-07,-0.0049109088
2.721529e-07,-0.0049152171
2.722529e-07,-0.0049109088
2.723529e-07,-0.0048943934
2.724529e-07,-0.0048692613
2.725529e-07,-0.0048441291
2.726529e-07,-0.0048319221
2.727529e-07,-0.0048369485
2.728529e-07,-0.0048577723
2.729529e-07,-0.0048829044
2.730529e-07,-0.0048979837
2.731529e-07,-0.0048943934
2.732529e-07,-0.0048735696
2.733529e-07,-0.0048470014
2.734529e-07,-0.004830486
2.735529e-07,-0.0048369485
2.736529e-07,-0.004865671
2.737529e-07,-0.0049037282
2.738529e-07,-0.0049338867
2.739529e-07,-0.0049403493
2.740529e-07,-0.0049188074
2.741529e-07,-0.0048800322
2.742529e-07,-0.0048434111
2.743529e-07,-0.0048254596
2.744529e-07,-0.0048347943
2.745529e-07,-0.0048649529
2.746529e-07,-0.0048987017
2.747529e-07,-0.0049173713
2.748529e-07,-0.0049123449
2.749529e-07,-0.0048864947
2.750529e-07,-0.0048556181
2.751529e-07,-0.0048369485
2.752529e-07,-0.0048412569
2.753529e-07,-0.0048671071
2.754529e-07,-0.004902292
2.755529e-07,-0.0049288603
2.756529e-07,-0.0049353228
2.757529e-07,-0.0049209616
2.758529e-07,-0.0048951114
2.759529e-07,-0.0048714154
2.760529e-07,-0.0048613626
2.761529e-07,-0.004866389
2.762529e-07,-0.0048807502
2.763529e-07,-0.0048943934
2.764529e-07,-0.0048987017
2.765529e-07,-0.0048929573
2.766529e-07,-0.0048850586
2.767529e-07,-0.0048829044
2.768529e-07,-0.0048929573
2.769529e-07,-0.004913781
2.770529e-07,-0.004936759
2.771529e-07,-0.0049518382
2.772529e-07,-0.0049518382
2.773529e-07,-0.0049381951
2.774529e-07,-0.0049195255
2.775529e-07,-0.0049058824
2.776529e-07,-0.0049051643
2.777529e-07,-0.0049159352
2.778529e-07,-0.0049310145
2.779529e-07,-0.0049403493
2.780529e-07,-0.004937477
2.781529e-07,-0.0049231158
2.782529e-07,-0.0049051643
2.783529e-07,-0.0048943934
2.784529e-07,-0.0048972656
2.785529e-07,-0.004913063
2.786529e-07,-0.0049346048
2.787529e-07,-0.0049518382
2.788529e-07,-0.0049568647
2.789529e-07,-0.0049496841
2.790529e-07,-0.004937477
2.791529e-07,-0.0049288603
2.792529e-07,-0.0049324506
2.793529e-07,-0.004948966
2.794529e-07,-0.0049740981
2.795529e-07,-0.0049977941
2.796529e-07,-0.0050128734
2.797529e-07,-0.0050171818
2.798529e-07,-0.0050143095
2.799529e-07,-0.0050092831
2.800529e-07,-0.0050092831
2.801529e-07,-0.0050150276
2.802529e-07,-0.0050243624
2.803529e-07,-0.005032261
2.804529e-07,-0.0050336972
2.805529e-07,-0.0050272346
2.806529e-07,-0.0050178998
2.807529e-07,-0.0050092831
2.808529e-07,-0.0050064108
2.809529e-07,-0.0050114373
2.810529e-07,-0.0050207721
2.811529e-07,-0.005032261
2.812529e-07,-0.0050415958
2.813529e-07,-0.0050480584
2.814529e-07,-0.0050523667
2.815529e-07,-0.005055239
2.816529e-07,-0.0050566751
2.817529e-07,-0.005055239
2.818529e-07,-0.0050509306
2.819529e-07,-0.00504375
2.820529e-07,-0.0050365694
2.821529e-07,-0.0050344152
2.822529e-07,-0.0050408778
2.823529e-07,-0.005055239
2.824529e-07,-0.0050724724
2.825529e-07,-0.0050839614
2.826529e-07,-0.0050825253
2.827529e-07,-0.0050667279
2.828529e-07,-0.0050415958
2.829529e-07,-0.0050193359
2.830529e-07,-0.0050100011
2.831529e-07,-0.0050207721
2.832529e-07,-0.0050480584
2.833529e-07,-0.005079653
2.834529e-07,-0.0051004768
2.835529e-07,-0.0051011949
2.836529e-07,-0.005079653
2.837529e-07,-0.0050451861
2.838529e-07,-0.0050135915
2.839529e-07,-0.0049977941
2.840529e-07,-0.0050035386
2.841529e-07,-0.0050257985
2.842529e-07,-0.0050509306
2.843529e-07,-0.0050667279
2.844529e-07,-0.0050638557
2.845529e-07,-0.0050451861
2.846529e-07,-0.0050186179
2.847529e-07,-0.0049977941
2.848529e-07,-0.0049906135
2.849529e-07,-0.0049985122
2.850529e-07,-0.0050157456
2.851529e-07,-0.005032261
2.852529e-07,-0.0050401597
2.853529e-07,-0.0050372875
2.854529e-07,-0.0050250804
2.855529e-07,-0.0050092831
2.856529e-07,-0.0049934858
2.857529e-07,-0.0049791245
2.858529e-07,-0.0049654814
2.859529e-07,-0.0049518382
2.860529e-07,-0.0049396312
2.861529e-07,-0.0049338867
2.862529e-07,-0.004937477
2.863529e-07,-0.0049518382
2.864529e-07,-0.004972662
2.865529e-07,-0.0049913316
2.866529e-07,-0.0049977941
2.867529e-07,-0.0049863051
2.868529e-07,-0.004960455
2.869529e-07,-0.0049302964
2.870529e-07,-0.0049087546
2.871529e-07,-0.0049058824
2.872529e-07,-0.0049216797
2.873529e-07,-0.0049475299
2.874529e-07,-0.0049690717
2.875529e-07,-0.0049748162
2.876529e-07,-0.004960455
2.877529e-07,-0.0049317325
2.878529e-07,-0.004901574
2.879529e-07,-0.0048829044
2.880529e-07,-0.0048814683
2.881529e-07,-0.0048958295
2.882529e-07,-0.0049152171
2.883529e-07,-0.0049288603
2.884529e-07,-0.0049310145
2.885529e-07,-0.0049223977
2.886529e-07,-0.0049109088
2.887529e-07,-0.0049058824
2.888529e-07,-0.0049116268
2.889529e-07,-0.0049259881
2.890529e-07,-0.0049417854
2.891529e-07,-0.0049518382
2.892529e-07,-0.0049525563
2.893529e-07,-0.0049482479
2.894529e-07,-0.0049453757
2.895529e-07,-0.0049518382
2.896529e-07,-0.0049683536
2.897529e-07,-0.0049898955
2.898529e-07,-0.0050064108
2.899529e-07,-0.0050092831
2.900529e-07,-0.004996358
2.901529e-07,-0.0049748162
2.902529e-07,-0.0049561466
2.903529e-07,-0.0049518382
2.904529e-07,-0.0049676356
2.905529e-07,-0.0049977941
2.906529e-07,-0.005031543
2.907529e-07,-0.005055239
2.908529e-07,-0.0050617015
2.909529e-07,-0.0050516487
2.910529e-07,-0.0050344152
2.911529e-07,-0.0050207721
2.912529e-07,-0.0050178998
2.913529e-07,-0.0050257985
2.914529e-07,-0.0050380055
2.915529e-07,-0.00504375
2.916529e-07,-0.0050380055
2.917529e-07,-0.0050214901
2.918529e-07,-0.0050013844
2.919529e-07,-0.0049863051
2.920529e-07,-0.0049827148
2.921529e-07,-0.0049898955
2.922529e-07,-0.0050013844
2.923529e-07,-0.0050092831
2.924529e-07,-0.0050071289
2.925529e-07,-0.004996358
2.926529e-07,-0.0049834329
2.927529e-07,-0.0049748162
2.928529e-07,-0.0049769704
2.929529e-07,-0.0049891774
2.930529e-07,-0.0050064108
2.931529e-07,-0.0050207721
2.932529e-07,-0.0050286707
2.933529e-07,-0.0050293888
2.934529e-07,-0.0050286707
2.935529e-07,-0.005032261
2.936529e-07,-0.0050423139
2.937529e-07,-0.0050573932
2.938529e-07,-0.0050717544
2.939529e-07,-0.0050782169
2.940529e-07,-0.0050753447
2.941529e-07,-0.0050652918
2.942529e-07,-0.005055957
2.943529e-07,-0.005055239
2.944529e-07,-0.005067446
2.945529e-07,-0.0050897059
2.946529e-07,-0.005114838
2.947529e-07,-0.0051356618
2.948529e-07,-0.0051457146
2.949529e-07,-0.0051457146
2.950529e-07,-0.0051399701
2.951529e-07,-0.0051356618
2.952529e-07,-0.0051378159
2.953529e-07,-0.0051464327
2.954529e-07,-0.0051586397
2.955529e-07,-0.0051701287
2.956529e-07,-0.0051773093
2.957529e-07,-0.0051816176
2.958529e-07,-0.005185926
2.959529e-07,-0.0051931066
2.960529e-07,-0.0052031595
2.961529e-07,-0.0052139304
2.962529e-07,-0.0052189568
2.963529e-07,-0.0052160846
2.964529e-07,-0.0052053136
2.965529e-07,-0.0051909524
2.966529e-07,-0.0051816176
2.967529e-07,-0.0051816176
2.968529e-07,-0.0051916705
2.969529e-07,-0.0052074678
2.970529e-07,-0.005221829
2.971529e-07,-0.0052275735
2.972529e-07,-0.0052247013
2.973529e-07,-0.0052168026
2.974529e-07,-0.0052117762
2.975529e-07,-0.0052160846
2.976529e-07,-0.0052297277
2.977529e-07,-0.0052476792
2.978529e-07,-0.0052606043
2.979529e-07,-0.0052620404
2.980529e-07,-0.0052505515
2.981529e-07,-0.0052304458
2.982529e-07,-0.0052124943
2.983529e-07,-0.0052045956
2.984529e-07,-0.005208904
2.985529e-07,-0.005221829
2.986529e-07,-0.0052340361
2.987529e-07,-0.0052390625
2.988529e-07,-0.005233318
2.989529e-07,-0.005221829
2.990529e-07,-0.0052132123
2.991529e-07,-0.0052160846
2.992529e-07,-0.005233318
2.993529e-07,-0.0052606043
2.994529e-07,-0.0052886087
2.995529e-07,-0.0053079963
2.996529e-07,-0.0053137408
2.997529e-07,-0.0053079963
2.998529e-07,-0.0052993796
2.999529e-07,-0.0052965074
3.000529e-07,-0.0053051241
3.001529e-07,-0.0053237937
3.002529e-07,-0.0053467716
3.003529e-07,-0.0053654412
3.004529e-07,-0.005375494
3.005529e-07,-0.0053776482
3.006529e-07,-0.0053762121
3.007529e-07,-0.0053769301
3.008529e-07,-0.0053826746
3.009529e-07,-0.0053905733
3.010529e-07,-0.0053977539
3.011529e-07,-0.0053999081
3.012529e-07,-0.0053955997
3.013529e-07,-0.0053891372
3.014529e-07,-0.0053855469
3.015529e-07,-0.0053884191
3.016529e-07,-0.0053963178
3.017529e-07,-0.0054027803
3.018529e-07,-0.0054013442
3.019529e-07,-0.0053884191
3.020529e-07,-0.0053654412
3.021529e-07,-0.0053403091
3.022529e-07,-0.0053230756
3.023529e-07,-0.0053194853
3.024529e-07,-0.0053288201
3.025529e-07,-0.0053438994
3.026529e-07,-0.0053539522
3.027529e-07,-0.0053539522
3.028529e-07,-0.0053438994
3.029529e-07,-0.0053324104
3.030529e-07,-0.0053295381
3.031529e-07,-0.0053424632
3.032529e-07,-0.0053683134
3.033529e-07,-0.0053963178
3.034529e-07,-0.0054135512
3.035529e-07,-0.0054113971
3.036529e-07,-0.0053920094
3.037529e-07,-0.0053654412
3.038529e-07,-0.0053496438
3.039529e-07,-0.0053539522
3.040529e-07,-0.0053805205
3.041529e-07,-0.0054171415
3.042529e-07,-0.0054480182
3.043529e-07,-0.0054573529
3.044529e-07,-0.0054415556
3.045529e-07,-0.0054092429
3.046529e-07,-0.0053783663
3.047529e-07,-0.0053654412
3.048529e-07,-0.0053776482
3.049529e-07,-0.0054113971
3.050529e-07,-0.0054508904
3.051529e-07,-0.0054803309
3.052529e-07,-0.0054903837
3.053529e-07,-0.0054832031
3.054529e-07,-0.0054681239
3.055529e-07,-0.0054573529
3.056529e-07,-0.0054595071
3.057529e-07,-0.0054717142
3.058529e-07,-0.0054860754
3.059529e-07,-0.0054918199
3.060529e-07,-0.0054846392
3.061529e-07,-0.0054681239
3.062529e-07,-0.0054523265
3.063529e-07,-0.005445864
3.064529e-07,-0.0054537626
3.065529e-07,-0.0054709961
3.066529e-07,-0.0054875115
3.067529e-07,-0.0054918199
3.068529e-07,-0.0054803309
3.069529e-07,-0.0054573529
3.070529e-07,-0.0054350931
3.071529e-07,-0.005422886
3.072529e-07,-0.0054264763
3.073529e-07,-0.0054401195
3.074529e-07,-0.0054537626
3.075529e-07,-0.0054573529
3.076529e-07,-0.0054473001
3.077529e-07,-0.0054286305
3.078529e-07,-0.0054135512
3.079529e-07,-0.0054113971
3.080529e-07,-0.0054264763
3.081529e-07,-0.0054508904
3.082529e-07,-0.0054731503
3.083529e-07,-0.0054803309
3.084529e-07,-0.0054681239
3.085529e-07,-0.0054422737
3.086529e-07,-0.0054149874
3.087529e-07,-0.0053999081
3.088529e-07,-0.0054013442
3.089529e-07,-0.0054157054
3.090529e-07,-0.0054307847
3.091529e-07,-0.005434375
3.092529e-07,-0.0054214499
3.093529e-07,-0.0053955997
3.094529e-07,-0.0053697495
3.095529e-07,-0.0053539522
3.096529e-07,-0.0053546703
3.097529e-07,-0.0053675954
3.098529e-07,-0.0053826746
3.099529e-07,-0.0053884191
3.100529e-07,-0.0053812385
3.101529e-07,-0.0053640051
3.102529e-07,-0.0053482077
3.103529e-07,-0.0053424632
3.104529e-07,-0.0053489258
3.105529e-07,-0.0053611328
3.106529e-07,-0.0053661592
3.107529e-07,-0.0053539522
3.108529e-07,-0.0053216395
3.109529e-07,-0.0052785558
3.110529e-07,-0.0052383444
3.111529e-07,-0.0052160846
3.112529e-07,-0.0052168026
3.113529e-07,-0.0052340361
3.114529e-07,-0.0052541418
3.115529e-07,-0.0052620404
3.116529e-07,-0.0052491153
3.117529e-07,-0.0052196749
3.118529e-07,-0.0051844899
3.119529e-07,-0.0051586397
3.120529e-07,-0.0051493049
3.121529e-07,-0.0051550494
3.122529e-07,-0.0051658203
3.123529e-07,-0.0051701287
3.124529e-07,-0.0051629481
3.125529e-07,-0.0051464327
3.126529e-07,-0.0051299173
3.127529e-07,-0.0051241728
3.128529e-07,-0.0051320715
3.129529e-07,-0.0051478688
3.130529e-07,-0.0051600758
3.131529e-07,-0.0051586397
3.132529e-07,-0.005138534
3.133529e-07,-0.0051076574
3.134529e-07,-0.005078935
3.135529e-07,-0.0050667279
3.136529e-07,-0.0050782169
3.137529e-07,-0.0051069393
3.138529e-07,-0.0051392521
3.139529e-07,-0.0051586397
3.140529e-07,-0.0051543313
3.141529e-07,-0.005127045
3.142529e-07,-0.0050889878
3.143529e-07,-0.005055239
3.144529e-07,-0.0050387236
3.145529e-07,-0.0050423139
3.146529e-07,-0.0050588293
3.147529e-07,-0.0050782169
3.148529e-07,-0.0050897059
3.149529e-07,-0.005091142
3.150529e-07,-0.0050846795
3.151529e-07,-0.0050782169
3.152529e-07,-0.0050767808
3.153529e-07,-0.005079653
3.154529e-07,-0.0050818072
3.155529e-07,-0.0050782169
3.156529e-07,-0.0050652918
3.157529e-07,-0.0050459042
3.158529e-07,-0.0050286707
3.159529e-07,-0.0050207721
3.160529e-07,-0.0050265165
3.161529e-07,-0.0050415958
3.162529e-07,-0.0050581112
3.163529e-07,-0.0050667279
3.164529e-07,-0.0050631376
3.165529e-07,-0.0050509306
3.166529e-07,-0.0050380055
3.167529e-07,-0.005032261
3.168529e-07,-0.0050380055
3.169529e-07,-0.0050516487
3.170529e-07,-0.0050645738
3.171529e-07,-0.0050667279
3.172529e-07,-0.005055239
3.173529e-07,-0.0050336972
3.174529e-07,-0.0050150276
3.175529e-07,-0.0050092831
3.176529e-07,-0.0050236443
3.177529e-07,-0.005055239
3.178529e-07,-0.0050932962
3.179529e-07,-0.0051241728
3.180529e-07,-0.0051378159
3.181529e-07,-0.0051335076
3.182529e-07,-0.0051169922
3.183529e-07,-0.0051011949
3.184529e-07,-0.0050954504
3.185529e-07,-0.005103349
3.186529e-07,-0.0051234547
3.187529e-07,-0.0051471507
3.188529e-07,-0.0051672564
3.189529e-07,-0.0051808996
3.190529e-07,-0.0051880802
3.191529e-07,-0.0051931066
3.192529e-07,-0.0051988511
3.193529e-07,-0.0052060317
3.194529e-07,-0.0052132123
3.195529e-07,-0.0052160846
3.196529e-07,-0.0052146484
3.197529e-07,-0.0052103401
3.198529e-07,-0.005209622
3.199529e-07,-0.0052160846
3.200529e-07,-0.0052318819
3.201529e-07,-0.0052527057
3.202529e-07,-0.0052728114
3.203529e-07,-0.0052850184
3.204529e-07,-0.0052850184
3.205529e-07,-0.0052756836
3.206529e-07,-0.0052613224
3.207529e-07,-0.0052505515
3.208529e-07,-0.0052476792
3.209529e-07,-0.0052527057
3.210529e-07,-0.0052627585
3.211529e-07,-0.0052735294
3.212529e-07,-0.0052828642
3.213529e-07,-0.0052900448
3.214529e-07,-0.0052979435
3.215529e-07,-0.0053079963
3.216529e-07,-0.0053202034
3.217529e-07,-0.0053316923
3.218529e-07,-0.0053360007
3.219529e-07,-0.0053309743
3.220529e-07,-0.0053166131
3.221529e-07,-0.0052986615
3.222529e-07,-0.0052828642
3.223529e-07,-0.0052735294
3.224529e-07,-0.0052720933
3.225529e-07,-0.0052735294
3.226529e-07,-0.0052713752
3.227529e-07,-0.0052620404
3.228529e-07,-0.005244807
3.229529e-07,-0.0052247013
3.230529e-07,-0.005209622
3.231529e-07,-0.0052045956
3.232529e-07,-0.0052103401
3.233529e-07,-0.005221829
3.234529e-07,-0.0052297277
3.235529e-07,-0.0052275735
3.236529e-07,-0.0052139304
3.237529e-07,-0.0051931066
3.238529e-07,-0.0051730009
3.239529e-07,-0.0051586397
3.240529e-07,-0.0051528952
3.241529e-07,-0.005150741
3.242529e-07,-0.0051471507
3.243529e-07,-0.0051356618
3.244529e-07,-0.0051184283
3.245529e-07,-0.0051011949
3.246529e-07,-0.0050932962
3.247529e-07,-0.0051011949
3.248529e-07,-0.0051241728
3.249529e-07,-0.0051536133
3.250529e-07,-0.0051758732
3.251529e-07,-0.0051816176
3.252529e-07,-0.0051665384
3.253529e-07,-0.0051356618
3.254529e-07,-0.0051019129
3.255529e-07,-0.0050782169
3.256529e-07,-0.0050710363
3.257529e-07,-0.005079653
3.258529e-07,-0.0050968865
3.259529e-07,-0.0051126838
3.260529e-07,-0.0051220186
3.261529e-07,-0.0051248909
3.262529e-07,-0.005127045
3.263529e-07,-0.0051356618
3.264529e-07,-0.0051528952
3.265529e-07,-0.0051751551
3.266529e-07,-0.0051952608
3.267529e-07,-0.0052045956
3.268529e-07,-0.0052002872
3.269529e-07,-0.005185208
3.270529e-07,-0.0051686926
3.271529e-07,-0.0051586397
3.272529e-07,-0.0051615119
3.273529e-07,-0.005174437
3.274529e-07,-0.0051916705
3.275529e-07,-0.0052045956
3.276529e-07,-0.0052081859
3.277529e-07,-0.0052031595
3.278529e-07,-0.0051959789
3.279529e-07,-0.0051931066
3.280529e-07,-0.0051988511
3.281529e-07,-0.0052110581
3.282529e-07,-0.0052232652
3.283529e-07,-0.0052275735
3.284529e-07,-0.005221111
3.285529e-07,-0.0052060317
3.286529e-07,-0.0051902344
3.287529e-07,-0.0051816176
3.288529e-07,-0.0051844899
3.289529e-07,-0.005198133
3.290529e-07,-0.0052146484
3.291529e-07,-0.0052275735
3.292529e-07,-0.0052304458
3.293529e-07,-0.0052239832
3.294529e-07,-0.0052132123
3.295529e-07,-0.0052045956
3.296529e-07,-0.0052024414
3.297529e-07,-0.0052067498
3.298529e-07,-0.0052124943
3.299529e-07,-0.0052160846
3.300529e-07,-0.0052139304
3.301529e-07,-0.0052081859
3.302529e-07,-0.0052038775
3.303529e-07,-0.0052045956
3.304529e-07,-0.0052124943
3.305529e-07,-0.0052254193
3.306529e-07,-0.0052354722
3.307529e-07,-0.0052390625
3.308529e-07,-0.0052326
3.309529e-07,-0.0052189568
3.310529e-07,-0.0052038775
3.311529e-07,-0.0051931066
3.312529e-07,-0.0051895163
3.313529e-07,-0.0051916705
3.314529e-07,-0.0051945427
3.315529e-07,-0.0051931066
3.316529e-07,-0.0051866441
3.317529e-07,-0.0051773093
3.318529e-07,-0.0051708467
3.319529e-07,-0.0051701287
3.320529e-07,-0.0051758732
3.321529e-07,-0.0051837718
3.322529e-07,-0.0051866441
3.323529e-07,-0.0051816176
3.324529e-07,-0.0051686926
3.325529e-07,-0.0051536133
3.326529e-07,-0.0051449966
3.327529e-07,-0.0051471507
3.328529e-07,-0.0051600758
3.329529e-07,-0.0051765912
3.330529e-07,-0.005185926
3.331529e-07,-0.0051816176
3.332529e-07,-0.00516223
3.333529e-07,-0.0051349437
3.334529e-07,-0.0051112477
3.335529e-07,-0.0051011949
3.336529e-07,-0.0051090935
3.337529e-07,-0.0051291992
3.338529e-07,-0.0051536133
3.339529e-07,-0.0051701287
3.340529e-07,-0.005174437
3.341529e-07,-0.0051686926
3.342529e-07,-0.0051600758
3.343529e-07,-0.0051586397
3.344529e-07,-0.0051679745
3.345529e-07,-0.005185926
3.346529e-07,-0.0052045956
3.347529e-07,-0.0052160846
3.348529e-07,-0.0052160846
3.349529e-07,-0.0052067498
3.350529e-07,-0.0051959789
3.351529e-07,-0.0051931066
3.352529e-07,-0.0052024414
3.353529e-07,-0.005221111
3.354529e-07,-0.0052440889
3.355529e-07,-0.0052620404
3.356529e-07,-0.0052706572
3.357529e-07,-0.0052706572
3.358529e-07,-0.005269221
3.359529e-07,-0.0052735294
3.360529e-07,-0.0052871726
3.361529e-07,-0.0053079963
3.362529e-07,-0.0053295381
3.363529e-07,-0.0053424632
3.364529e-07,-0.0053431813
3.365529e-07,-0.0053331284
3.366529e-07,-0.0053180492
3.367529e-07,-0.0053079963
3.368529e-07,-0.0053072783
3.369529e-07,-0.0053144589
3.370529e-07,-0.0053252298
3.371529e-07,-0.0053309743
3.372529e-07,-0.005328102
3.373529e-07,-0.0053166131
3.374529e-07,-0.005303688
3.375529e-07,-0.0052965074
3.376529e-07,-0.0053008157
3.377529e-07,-0.0053166131
3.378529e-07,-0.0053367188
3.379529e-07,-0.0053539522
3.380529e-07,-0.0053604148
3.381529e-07,-0.0053546703
3.382529e-07,-0.0053388729
3.383529e-07,-0.0053194853
3.384529e-07,-0.0053022518
3.385529e-07,-0.0052893267
3.386529e-07,-0.00528071
3.387529e-07,-0.0052735294
3.388529e-07,-0.0052656307
3.389529e-07,-0.0052577321
3.390529e-07,-0.0052519876
3.391529e-07,-0.0052505515
3.392529e-07,-0.0052541418
3.393529e-07,-0.0052598863
3.394529e-07,-0.0052641946
3.395529e-07,-0.0052620404
3.396529e-07,-0.0052534237
3.397529e-07,-0.0052404986
3.398529e-07,-0.0052297277
3.399529e-07,-0.0052275735
3.400529e-07,-0.0052361903
3.401529e-07,-0.0052527057
3.402529e-07,-0.0052713752
3.403529e-07,-0.0052850184
3.404529e-07,-0.0052893267
3.405529e-07,-0.0052835823
3.406529e-07,-0.0052728114
3.407529e-07,-0.0052620404
3.408529e-07,-0.005256296
3.409529e-07,-0.005256296
3.410529e-07,-0.0052598863
3.411529e-07,-0.0052620404
3.412529e-07,-0.0052598863
3.413529e-07,-0.0052541418
3.414529e-07,-0.005245525
3.415529e-07,-0.0052390625
3.416529e-07,-0.0052361903
3.417529e-07,-0.0052369083
3.418529e-07,-0.0052383444
3.419529e-07,-0.0052390625
3.420529e-07,-0.0052369083
3.421529e-07,-0.0052326
3.422529e-07,-0.0052290097
3.423529e-07,-0.0052275735
3.424529e-07,-0.0052290097
3.425529e-07,-0.0052311638
3.426529e-07,-0.0052318819
3.427529e-07,-0.0052275735
3.428529e-07,-0.0052196749
3.429529e-07,-0.0052103401
3.430529e-07,-0.0052045956
3.431529e-07,-0.0052045956
3.432529e-07,-0.0052103401
3.433529e-07,-0.0052175207
3.434529e-07,-0.0052203929
3.435529e-07,-0.0052160846
3.436529e-07,-0.0052038775
3.437529e-07,-0.0051880802
3.438529e-07,-0.0051751551
3.439529e-07,-0.0051701287
3.440529e-07,-0.005174437
3.441529e-07,-0.005185926
3.442529e-07,-0.005197415
3.443529e-07,-0.0052045956
3.444529e-07,-0.0052045956
3.445529e-07,-0.0051995692
3.446529e-07,-0.0051938247
3.447529e-07,-0.0051931066
3.448529e-07,-0.0051988511
3.449529e-07,-0.005208904
3.450529e-07,-0.0052196749
3.451529e-07,-0.0052275735
3.452529e-07,-0.0052311638
3.453529e-07,-0.005233318
3.454529e-07,-0.0052383444
3.455529e-07,-0.0052505515
3.456529e-07,-0.0052699391
3.457529e-07,-0.0052914809
3.458529e-07,-0.0053101505
3.459529e-07,-0.0053194853
3.460529e-07,-0.0053180492
3.461529e-07,-0.0053087144
3.462529e-07,-0.0052993796
3.463529e-07,-0.0052965074
3.464529e-07,-0.005303688
3.465529e-07,-0.0053209214
3.466529e-07,-0.0053431813
3.467529e-07,-0.0053654412
3.468529e-07,-0.0053841108
3.469529e-07,-0.00539919
3.470529e-07,-0.0054113971
3.471529e-07,-0.005422886
3.472529e-07,-0.0054336569
3.473529e-07,-0.0054401195
3.474529e-07,-0.0054408375
3.475529e-07,-0.005434375
3.476529e-07,-0.005422886
3.477529e-07,-0.0054135512
3.478529e-07,-0.0054121151
3.479529e-07,-0.005422886
3.480529e-07,-0.0054429917
3.481529e-07,-0.0054652516
3.482529e-07,-0.0054796128
3.483529e-07,-0.0054803309
3.484529e-07,-0.0054659697
3.485529e-07,-0.0054437098
3.486529e-07,-0.005422168
3.487529e-07,-0.0054113971
3.488529e-07,-0.0054135512
3.489529e-07,-0.0054243222
3.490529e-07,-0.005434375
3.491529e-07,-0.005434375
3.492529e-07,-0.0054207318
3.493529e-07,-0.0053963178
3.494529e-07,-0.0053704676
3.495529e-07,-0.0053539522
3.496529e-07,-0.0053525161
3.497529e-07,-0.0053647231
3.498529e-07,-0.0053841108
3.499529e-07,-0.0053999081
3.500529e-07,-0.0054049345
3.501529e-07,-0.0053977539
3.502529e-07,-0.0053819566
3.503529e-07,-0.0053654412
3.504529e-07,-0.0053553883
3.505529e-07,-0.0053532341
3.506529e-07,-0.0053582606
3.507529e-07,-0.0053654412
3.508529e-07,-0.0053697495
3.509529e-07,-0.0053704676
3.510529e-07,-0.0053683134
3.511529e-07,-0.0053654412
3.512529e-07,-0.0053647231
3.513529e-07,-0.0053661592
3.514529e-07,-0.0053675954
3.515529e-07,-0.0053654412
3.516529e-07,-0.0053596967
3.517529e-07,-0.0053525161
3.518529e-07,-0.0053453355
3.519529e-07,-0.0053424632
3.520529e-07,-0.0053438994
3.521529e-07,-0.0053482077
3.522529e-07,-0.0053525161
3.523529e-07,-0.0053539522
3.524529e-07,-0.0053539522
3.525529e-07,-0.0053553883
3.526529e-07,-0.0053618509
3.527529e-07,-0.0053769301
3.528529e-07,-0.0053977539
3.529529e-07,-0.0054200138
3.530529e-07,-0.0054379653
3.531529e-07,-0.005445864
3.532529e-07,-0.0054451459
3.533529e-07,-0.0054394014
3.534529e-07,-0.005434375
3.535529e-07,-0.005434375
3.536529e-07,-0.0054379653
3.537529e-07,-0.0054422737
3.538529e-07,-0.0054415556
3.539529e-07,-0.005434375
3.540529e-07,-0.005422886
3.541529e-07,-0.0054135512
3.542529e-07,-0.0054128332
3.543529e-07,-0.005422886
3.544529e-07,-0.0054401195
3.545529e-07,-0.0054544807
3.546529e-07,-0.005458071
3.547529e-07,-0.005445864
3.548529e-07,-0.005422168
3.549529e-07,-0.0053970358
3.550529e-07,-0.0053833927
3.551529e-07,-0.0053884191
3.552529e-07,-0.0054099609
3.553529e-07,-0.0054379653
3.554529e-07,-0.0054573529
3.555529e-07,-0.0054573529
3.556529e-07,-0.0054358111
3.557529e-07,-0.0054027803
3.558529e-07,-0.0053704676
3.559529e-07,-0.0053539522
3.560529e-07,-0.0053568244
3.561529e-07,-0.005375494
3.562529e-07,-0.0053970358
3.563529e-07,-0.0054113971
3.564529e-07,-0.0054128332
3.565529e-07,-0.0054049345
3.566529e-07,-0.0053977539
3.567529e-07,-0.0053999081
3.568529e-07,-0.0054149874
3.569529e-07,-0.0054379653
3.570529e-07,-0.0054587891
3.571529e-07,-0.0054688419
3.572529e-07,-0.0054645335
3.573529e-07,-0.0054523265
3.574529e-07,-0.0054422737
3.575529e-07,-0.005445864
3.576529e-07,-0.0054666877
3.577529e-07,-0.0054982824
3.578529e-07,-0.0055298771
3.579529e-07,-0.0055492647
3.580529e-07,-0.0055507008
3.581529e-07,-0.0055377757
3.582529e-07,-0.0055219784
3.583529e-07,-0.0055147978
3.584529e-07,-0.0055226965
3.585529e-07,-0.0055435202
3.586529e-07,-0.0055672162
3.587529e-07,-0.0055837316
3.588529e-07,-0.0055866039
3.589529e-07,-0.0055779871
3.590529e-07,-0.0055657801
3.591529e-07,-0.0055607537
3.592529e-07,-0.0055672162
3.593529e-07,-0.0055844497
3.594529e-07,-0.0056045554
3.595529e-07,-0.0056181985
3.596529e-07,-0.0056210708
3.597529e-07,-0.0056160443
3.598529e-07,-0.0056081457
3.599529e-07,-0.0056067096
3.600529e-07,-0.0056131721
3.601529e-07,-0.0056246611
3.602529e-07,-0.0056325597
3.603529e-07,-0.0056296875
3.604529e-07,-0.0056131721
3.605529e-07,-0.00558804
3.606529e-07,-0.0055636259
3.607529e-07,-0.0055492647
3.608529e-07,-0.0055485466
3.609529e-07,-0.0055578814
3.610529e-07,-0.0055686523
3.611529e-07,-0.0055722426
3.612529e-07,-0.0055657801
3.613529e-07,-0.005552855
3.614529e-07,-0.005540648
3.615529e-07,-0.0055377757
3.616529e-07,-0.0055442383
3.617529e-07,-0.0055550092
3.618529e-07,-0.0055593176
3.619529e-07,-0.0055492647
3.620529e-07,-0.0055241326
3.621529e-07,-0.0054911018
3.622529e-07,-0.0054609432
3.623529e-07,-0.005445864
3.624529e-07,-0.0054480182
3.625529e-07,-0.0054616613
3.626529e-07,-0.0054760225
3.627529e-07,-0.0054803309
3.628529e-07,-0.005470278
3.629529e-07,-0.0054501723
3.630529e-07,-0.0054315028
3.631529e-07,-0.005422886
3.632529e-07,-0.0054286305
3.633529e-07,-0.0054429917
3.634529e-07,-0.0054559168
3.635529e-07,-0.0054573529
3.636529e-07,-0.0054444278
3.637529e-07,-0.0054214499
3.638529e-07,-0.0053999081
3.639529e-07,-0.0053884191
3.640529e-07,-0.0053905733
3.641529e-07,-0.0054020623
3.642529e-07,-0.0054113971
3.643529e-07,-0.0054113971
3.644529e-07,-0.00539919
3.645529e-07,-0.0053819566
3.646529e-07,-0.0053711857
3.647529e-07,-0.0053769301
3.648529e-07,-0.0054006261
3.649529e-07,-0.0054329389
3.650529e-07,-0.0054602252
3.651529e-07,-0.0054688419
3.652529e-07,-0.0054544807
3.653529e-07,-0.005422886
3.654529e-07,-0.0053884191
3.655529e-07,-0.0053654412
3.656529e-07,-0.0053618509
3.657529e-07,-0.005375494
3.658529e-07,-0.0053955997
3.659529e-07,-0.0054113971
3.660529e-07,-0.0054171415
3.661529e-07,-0.0054149874
3.662529e-07,-0.0054135512
3.663529e-07,-0.005422886
3.664529e-07,-0.0054451459
3.665529e-07,-0.0054753045
3.666529e-07,-0.0055018727
3.667529e-07,-0.0055147978
3.668529e-07,-0.0055097714
3.669529e-07,-0.0054911018
3.670529e-07,-0.005470278
3.671529e-07,-0.0054573529
3.672529e-07,-0.0054573529
3.673529e-07,-0.0054652516
3.674529e-07,-0.0054724322
3.675529e-07,-0.0054688419
3.676529e-07,-0.0054530446
3.677529e-07,-0.0054315028
3.678529e-07,-0.0054142693
3.679529e-07,-0.0054113971
3.680529e-07,-0.0054243222
3.681529e-07,-0.0054444278
3.682529e-07,-0.0054595071
3.683529e-07,-0.0054573529
3.684529e-07,-0.0054358111
3.685529e-07,-0.0054020623
3.686529e-07,-0.0053704676
3.687529e-07,-0.0053539522
3.688529e-07,-0.0053568244
3.689529e-07,-0.0053726218
3.690529e-07,-0.0053877011
3.691529e-07,-0.0053884191
3.692529e-07,-0.0053704676
3.693529e-07,-0.0053403091
3.694529e-07,-0.0053108686
3.695529e-07,-0.0052965074
3.696529e-07,-0.0053029699
3.697529e-07,-0.0053252298
3.698529e-07,-0.00535108
3.699529e-07,-0.0053654412
3.700529e-07,-0.0053625689
3.701529e-07,-0.0053467716
3.702529e-07,-0.005328102
3.703529e-07,-0.0053194853
3.704529e-07,-0.0053259478
3.705529e-07,-0.0053453355
3.706529e-07,-0.0053654412
3.707529e-07,-0.0053769301
3.708529e-07,-0.005374776
3.709529e-07,-0.0053640051
3.710529e-07,-0.0053532341
3.711529e-07,-0.0053539522
3.712529e-07,-0.0053675954
3.713529e-07,-0.0053891372
3.714529e-07,-0.0054070887
3.715529e-07,-0.0054113971
3.716529e-07,-0.0054020623
3.717529e-07,-0.0053862649
3.718529e-07,-0.0053776482
3.719529e-07,-0.0053884191
3.720529e-07,-0.0054200138
3.721529e-07,-0.0054630974
3.722529e-07,-0.0055033088
3.723529e-07,-0.0055262868
3.724529e-07,-0.0055284409
3.725529e-07,-0.00551767
3.726529e-07,-0.0055083352
3.727529e-07,-0.0055147978
3.728529e-07,-0.005541366
3.729529e-07,-0.0055794233
3.730529e-07,-0.0056138902
3.731529e-07,-0.0056296875
3.732529e-07,-0.0056203527
3.733529e-07,-0.0055930664
3.734529e-07,-0.005564344
3.735529e-07,-0.0055492647
3.736529e-07,-0.0055571634
3.737529e-07,-0.0055822955
3.738529e-07,-0.005611736
3.739529e-07,-0.0056296875
3.740529e-07,-0.0056275333
3.741529e-07,-0.0056088637
3.742529e-07,-0.0055858858
3.743529e-07,-0.0055722426
3.744529e-07,-0.0055751149
3.745529e-07,-0.0055923483
3.746529e-07,-0.0056110179
3.747529e-07,-0.0056181985
3.748529e-07,-0.0056074276
3.749529e-07,-0.0055808594
3.750529e-07,-0.0055492647
3.751529e-07,-0.0055262868
3.752529e-07,-0.005516952
3.753529e-07,-0.0055191062
3.754529e-07,-0.0055219784
3.755529e-07,-0.0055147978
3.756529e-07,-0.005493974
3.757529e-07,-0.0054645335
3.758529e-07,-0.0054365292
3.759529e-07,-0.005422886
3.760529e-07,-0.0054264763
3.761529e-07,-0.0054415556
3.762529e-07,-0.0054559168
3.763529e-07,-0.0054573529
3.764529e-07,-0.0054408375
3.765529e-07,-0.0054135512
3.766529e-07,-0.0053877011
3.767529e-07,-0.0053769301
3.768529e-07,-0.005386983
3.769529e-07,-0.0054128332
3.770529e-07,-0.0054408375
3.771529e-07,-0.0054573529
3.772529e-07,-0.0054559168
3.773529e-07,-0.0054401195
3.774529e-07,-0.0054214499
3.775529e-07,-0.0054113971
3.776529e-07,-0.0054157054
3.777529e-07,-0.0054300666
3.778529e-07,-0.0054437098
3.779529e-07,-0.005445864
3.780529e-07,-0.0054329389
3.781529e-07,-0.0054121151
3.782529e-07,-0.0053963178
3.783529e-07,-0.0053999081
3.784529e-07,-0.0054257583
3.785529e-07,-0.0054666877
3.786529e-07,-0.005505463
3.787529e-07,-0.0055262868
3.788529e-07,-0.0055198242
3.789529e-07,-0.0054918199
3.790529e-07,-0.0054573529
3.791529e-07,-0.005434375
3.792529e-07,-0.0054350931
3.793529e-07,-0.0054595071
3.794529e-07,-0.0054954102
3.795529e-07,-0.0055262868
3.796529e-07,-0.0055399299
3.797529e-07,-0.0055349035
3.798529e-07,-0.00551767
3.799529e-07,-0.0055033088
3.800529e-07,-0.0055011546
3.801529e-07,-0.0055155159
3.802529e-07,-0.0055384938
3.803529e-07,-0.0055607537
3.804529e-07,-0.0055729607
3.805529e-07,-0.0055736788
3.806529e-07,-0.0055664982
3.807529e-07,-0.0055607537
3.808529e-07,-0.0055621898
3.809529e-07,-0.0055708065
3.810529e-07,-0.0055808594
3.811529e-07,-0.0055837316
3.812529e-07,-0.0055751149
3.813529e-07,-0.0055571634
3.814529e-07,-0.0055370577
3.815529e-07,-0.0055262868
3.816529e-07,-0.0055313132
3.817529e-07,-0.0055514189
3.818529e-07,-0.0055801413
3.819529e-07,-0.0056067096
3.820529e-07,-0.0056225069
3.821529e-07,-0.0056246611
3.822529e-07,-0.0056174805
3.823529e-07,-0.0056067096
3.824529e-07,-0.005599529
3.825529e-07,-0.0055988109
3.826529e-07,-0.0056024012
3.827529e-07,-0.0056067096
3.828529e-07,-0.0056095818
3.829529e-07,-0.0056110179
3.830529e-07,-0.005612454
3.831529e-07,-0.0056181985
3.832529e-07,-0.0056268153
3.833529e-07,-0.0056347139
3.834529e-07,-0.0056368681
3.835529e-07,-0.0056296875
3.836529e-07,-0.0056153263
3.837529e-07,-0.005599529
3.838529e-07,-0.0055909122
3.839529e-07,-0.0055952206
3.840529e-07,-0.005612454
3.841529e-07,-0.0056347139
3.842529e-07,-0.0056512293
3.843529e-07,-0.0056526654
3.844529e-07,-0.0056368681
3.845529e-07,-0.0056095818
3.846529e-07,-0.0055837316
3.847529e-07,-0.0055722426
3.848529e-07,-0.0055808594
3.849529e-07,-0.0056067096
3.850529e-07,-0.0056390223
3.851529e-07,-0.0056641544
3.852529e-07,-0.0056720531
3.853529e-07,-0.0056620002
3.854529e-07,-0.0056404584
3.855529e-07,-0.0056181985
3.856529e-07,-0.0056059915
3.857529e-07,-0.0056081457
3.858529e-07,-0.0056217888
3.859529e-07,-0.0056411765
3.860529e-07,-0.0056584099
3.861529e-07,-0.0056691808
3.862529e-07,-0.0056742073
3.863529e-07,-0.0056756434
3.864529e-07,-0.0056777976
3.865529e-07,-0.0056806698
3.866529e-07,-0.0056849782
3.867529e-07,-0.0056871324
3.868529e-07,-0.0056871324
3.869529e-07,-0.0056871324
3.870529e-07,-0.0056900046
3.871529e-07,-0.0056986213
3.872529e-07,-0.0057137006
3.873529e-07,-0.0057323702
3.874529e-07,-0.0057481675
3.875529e-07,-0.0057560662
3.876529e-07,-0.0057546301
3.877529e-07,-0.0057460133
3.878529e-07,-0.0057366785
3.879529e-07,-0.0057330882
3.880529e-07,-0.0057373966
3.881529e-07,-0.0057481675
3.882529e-07,-0.0057603745
3.883529e-07,-0.0057675551
3.884529e-07,-0.0057668371
3.885529e-07,-0.0057589384
3.886529e-07,-0.0057496036
3.887529e-07,-0.0057445772
3.888529e-07,-0.0057467314
3.889529e-07,-0.0057546301
3.890529e-07,-0.0057632468
3.891529e-07,-0.0057675551
3.892529e-07,-0.0057632468
3.893529e-07,-0.0057510398
3.894529e-07,-0.0057352424
3.895529e-07,-0.0057215993
3.896529e-07,-0.0057137006
3.897529e-07,-0.0057122645
3.898529e-07,-0.0057122645
3.899529e-07,-0.0057101103
3.900529e-07,-0.0057014936
3.901529e-07,-0.0056871324
3.902529e-07,-0.0056691808
3.903529e-07,-0.0056526654
3.904529e-07,-0.0056411765
3.905529e-07,-0.0056347139
3.906529e-07,-0.0056325597
3.907529e-07,-0.0056296875
3.908529e-07,-0.0056246611
3.909529e-07,-0.0056167624
3.910529e-07,-0.0056059915
3.911529e-07,-0.0055952206
3.912529e-07,-0.0055844497
3.913529e-07,-0.0055736788
3.914529e-07,-0.0055614717
3.915529e-07,-0.0055492647
3.916529e-07,-0.0055384938
3.917529e-07,-0.0055327493
3.918529e-07,-0.0055363396
3.919529e-07,-0.0055492647
3.920529e-07,-0.0055679343
3.921529e-07,-0.0055866039
3.922529e-07,-0.0055973748
3.923529e-07,-0.0055952206
3.924529e-07,-0.0055815774
3.925529e-07,-0.0055621898
3.926529e-07,-0.0055456744
3.927529e-07,-0.0055377757
3.928529e-07,-0.005541366
3.929529e-07,-0.0055521369
3.930529e-07,-0.005565062
3.931529e-07,-0.0055722426
3.932529e-07,-0.0055729607
3.933529e-07,-0.0055708065
3.934529e-07,-0.0055722426
3.935529e-07,-0.0055837316
3.936529e-07,-0.0056081457
3.937529e-07,-0.0056404584
3.938529e-07,-0.0056742073
3.939529e-07,-0.0056986213
3.940529e-07,-0.0057093922
3.941529e-07,-0.0057072381
3.942529e-07,-0.0056971852
3.943529e-07,-0.0056871324
3.944529e-07,-0.0056842601
3.945529e-07,-0.0056892865
3.946529e-07,-0.0056993394
3.947529e-07,-0.0057101103
3.948529e-07,-0.0057158548
3.949529e-07,-0.0057165728
3.950529e-07,-0.0057129825
3.951529e-07,-0.0057101103
3.952529e-07,-0.0057108284
3.953529e-07,-0.0057165728
3.954529e-07,-0.0057251896
3.955529e-07,-0.0057330882
3.956529e-07,-0.0057373966
3.957529e-07,-0.0057381147
3.958529e-07,-0.0057359605
3.959529e-07,-0.0057330882
3.960529e-07,-0.0057309341
3.961529e-07,-0.0057287799
3.962529e-07,-0.0057259076
3.963529e-07,-0.0057215993
3.964529e-07,-0.0057158548
3.965529e-07,-0.0057122645
3.966529e-07,-0.0057137006
3.967529e-07,-0.0057215993
3.968529e-07,-0.0057352424
3.969529e-07,-0.0057510398
3.970529e-07,-0.0057632468
3.971529e-07,-0.0057675551
3.972529e-07,-0.0057639648
3.973529e-07,-0.0057560662
3.974529e-07,-0.0057481675
3.975529e-07,-0.0057445772
3.976529e-07,-0.0057474494
3.977529e-07,-0.0057553481
3.978529e-07,-0.0057625287
3.979529e-07,-0.0057675551
3.980529e-07,-0.0057682732
3.981529e-07,-0.0057682732
3.982529e-07,-0.0057711455
3.983529e-07,-0.0057790441
3.984529e-07,-0.0057919692
3.985529e-07,-0.0058063304
3.986529e-07,-0.0058142291
3.987529e-07,-0.005813511
3.988529e-07,-0.0058034582
3.989529e-07,-0.005789097
3.990529e-07,-0.0057790441
3.991529e-07,-0.0057790441
3.992529e-07,-0.0057919692
3.993529e-07,-0.005812793
3.994529e-07,-0.0058343348
3.995529e-07,-0.0058479779
3.996529e-07,-0.005848696
3.997529e-07,-0.0058386432
3.998529e-07,-0.0058242819
3.999529e-07,-0.005813511
4.000529e-07,-0.0058120749
4.001529e-07,-0.0058206916
4.002529e-07,-0.0058343348
4.003529e-07,-0.0058479779
4.004529e-07,-0.0058551585
4.005529e-07,-0.0058537224
4.006529e-07,-0.0058458238
4.007529e-07,-0.005836489
4.008529e-07,-0.0058293084
4.009529e-07,-0.0058264361
4.010529e-07,-0.0058257181
4.011529e-07,-0.005825
4.012529e-07,-0.0058214097
4.013529e-07,-0.0058149472
4.014529e-07,-0.0058077665
4.015529e-07,-0.0058020221
4.016529e-07,-0.0057991498
4.017529e-07,-0.0057984318
4.018529e-07,-0.0057962776
4.019529e-07,-0.0057905331
4.020529e-07,-0.0057797622
4.021529e-07,-0.0057646829
4.022529e-07,-0.0057481675
4.023529e-07,-0.0057330882
4.024529e-07,-0.0057215993
4.025529e-07,-0.0057115464
4.026529e-07,-0.0057007755
4.027529e-07,-0.0056871324
4.028529e-07,-0.005670617
4.029529e-07,-0.0056526654
4.030529e-07,-0.0056383042
4.031529e-07,-0.0056296875
4.032529e-07,-0.0056282514
4.033529e-07,-0.0056311236
4.034529e-07,-0.0056332778
4.035529e-07,-0.0056296875
4.036529e-07,-0.0056189166
4.037529e-07,-0.0056009651
4.038529e-07,-0.0055801413
4.039529e-07,-0.0055607537
4.040529e-07,-0.0055449563
4.041529e-07,-0.0055320312
4.042529e-07,-0.0055226965
4.043529e-07,-0.0055147978
4.044529e-07,-0.0055090533
4.045529e-07,-0.0055083352
4.046529e-07,-0.0055133617
4.047529e-07,-0.0055262868
4.048529e-07,-0.0055428022
4.049529e-07,-0.0055578814
4.050529e-07,-0.005565062
4.051529e-07,-0.0055607537
4.052529e-07,-0.0055463925
4.053529e-07,-0.0055284409
4.054529e-07,-0.0055155159
4.055529e-07,-0.0055147978
4.056529e-07,-0.0055277229
4.057529e-07,-0.0055514189
4.058529e-07,-0.005576551
4.059529e-07,-0.0055952206
4.060529e-07,-0.0056031193
4.061529e-07,-0.0056024012
4.062529e-07,-0.0055973748
4.063529e-07,-0.0055952206
4.064529e-07,-0.0056009651
4.065529e-07,-0.0056131721
4.066529e-07,-0.0056289694
4.067529e-07,-0.0056411765
4.068529e-07,-0.0056462029
4.069529e-07,-0.0056433307
4.070529e-07,-0.00563615
4.071529e-07,-0.0056296875
4.072529e-07,-0.0056289694
4.073529e-07,-0.0056339959
4.074529e-07,-0.0056433307
4.075529e-07,-0.0056526654
4.076529e-07,-0.005659846
4.077529e-07,-0.0056648725
4.078529e-07,-0.0056691808
4.079529e-07,-0.0056756434
4.080529e-07,-0.0056849782
4.081529e-07,-0.0056979033
4.082529e-07,-0.0057108284
4.083529e-07,-0.0057215993
4.084529e-07,-0.0057294979
4.085529e-07,-0.0057345244
4.086529e-07,-0.0057388327
4.087529e-07,-0.0057445772
4.088529e-07,-0.0057503217
4.089529e-07,-0.005753912
4.090529e-07,-0.0057524759
4.091529e-07,-0.0057445772
4.092529e-07,-0.0057316521
4.093529e-07,-0.005718727
4.094529e-07,-0.0057101103
4.095529e-07,-0.0057101103
4.096529e-07,-0.005718009
4.097529e-07,-0.0057294979
4.098529e-07,-0.0057395508
4.099529e-07,-0.0057445772
4.100529e-07,-0.0057438591
4.101529e-07,-0.0057402688
4.102529e-07,-0.0057388327
4.103529e-07,-0.0057445772
4.104529e-07,-0.0057567842
4.105529e-07,-0.0057718635
4.106529e-07,-0.0057847886
4.107529e-07,-0.0057905331
4.108529e-07,-0.005789097
4.109529e-07,-0.0057840705
4.110529e-07,-0.0057797622
4.111529e-07,-0.0057790441
4.112529e-07,-0.0057819164
4.113529e-07,-0.0057847886
4.114529e-07,-0.0057804802
4.115529e-07,-0.0057675551
4.116529e-07,-0.0057467314
4.117529e-07,-0.0057251896
4.118529e-07,-0.0057108284
4.119529e-07,-0.0057101103
4.120529e-07,-0.0057223173
4.121529e-07,-0.005742423
4.122529e-07,-0.0057596565
4.123529e-07,-0.0057675551
4.124529e-07,-0.0057632468
4.125529e-07,-0.0057510398
4.126529e-07,-0.0057381147
4.127529e-07,-0.0057330882
4.128529e-07,-0.0057381147
4.129529e-07,-0.0057496036
4.130529e-07,-0.0057618107
4.131529e-07,-0.0057675551
4.132529e-07,-0.0057639648
4.133529e-07,-0.0057553481
4.134529e-07,-0.0057467314
4.135529e-07,-0.0057445772
4.136529e-07,-0.0057510398
4.137529e-07,-0.0057610926
4.138529e-07,-0.0057682732
4.139529e-07,-0.0057675551
4.140529e-07,-0.0057567842
4.141529e-07,-0.005742423
4.142529e-07,-0.0057316521
4.143529e-07,-0.0057330882
4.144529e-07,-0.0057481675
4.145529e-07,-0.0057718635
4.146529e-07,-0.0057926873
4.147529e-07,-0.0058020221
4.148529e-07,-0.0057934053
4.149529e-07,-0.0057689913
4.150529e-07,-0.0057381147
4.151529e-07,-0.0057101103
4.152529e-07,-0.0056928768
4.153529e-07,-0.0056878504
4.154529e-07,-0.0056914407
4.155529e-07,-0.0056986213
4.156529e-07,-0.0057043658
4.157529e-07,-0.0057086742
4.158529e-07,-0.0057137006
4.159529e-07,-0.0057215993
4.160529e-07,-0.0057330882
4.161529e-07,-0.0057452953
4.162529e-07,-0.005753912
4.163529e-07,-0.0057560662
4.164529e-07,-0.0057531939
4.165529e-07,-0.0057503217
4.166529e-07,-0.005753912
4.167529e-07,-0.0057675551
4.168529e-07,-0.005789815
4.169529e-07,-0.005813511
4.170529e-07,-0.0058307445
4.171529e-07,-0.005836489
4.172529e-07,-0.0058307445
4.173529e-07,-0.0058214097
4.174529e-07,-0.0058171013
4.175529e-07,-0.005825
4.176529e-07,-0.0058458238
4.177529e-07,-0.0058709559
4.178529e-07,-0.0058903435
4.179529e-07,-0.0058939338
4.180529e-07,-0.0058802907
4.181529e-07,-0.0058544405
4.182529e-07,-0.0058293084
4.183529e-07,-0.005813511
4.184529e-07,-0.0058120749
4.185529e-07,-0.0058221278
4.186529e-07,-0.0058328987
4.187529e-07,-0.005836489
4.188529e-07,-0.0058293084
4.189529e-07,-0.0058156652
4.190529e-07,-0.0058034582
4.191529e-07,-0.0058020221
4.192529e-07,-0.005813511
4.193529e-07,-0.0058343348
4.194529e-07,-0.0058522863
4.195529e-07,-0.0058594669
4.196529e-07,-0.0058501321
4.197529e-07,-0.0058271542
4.198529e-07,-0.0058005859
4.199529e-07,-0.0057790441
4.200529e-07,-0.0057682732
4.201529e-07,-0.0057675551
4.202529e-07,-0.0057697093
4.203529e-07,-0.0057675551
4.204529e-07,-0.0057596565
4.205529e-07,-0.0057481675
4.206529e-07,-0.0057409869
4.207529e-07,-0.0057445772
4.208529e-07,-0.0057589384
4.209529e-07,-0.0057783261
4.210529e-07,-0.0057919692
4.211529e-07,-0.0057905331
4.212529e-07,-0.0057718635
4.213529e-07,-0.0057431411
4.214529e-07,-0.0057144187
4.215529e-07,-0.0056986213
4.216529e-07,-0.0057007755
4.217529e-07,-0.005718009
4.218529e-07,-0.0057402688
4.219529e-07,-0.0057560662
4.220529e-07,-0.0057589384
4.221529e-07,-0.0057503217
4.222529e-07,-0.0057381147
4.223529e-07,-0.0057330882
4.224529e-07,-0.0057395508
4.225529e-07,-0.0057553481
4.226529e-07,-0.0057718635
4.227529e-07,-0.0057790441
4.228529e-07,-0.0057718635
4.229529e-07,-0.0057517578
4.230529e-07,-0.0057273438
4.231529e-07,-0.0057101103
4.232529e-07,-0.00570652
4.233529e-07,-0.0057172909
4.234529e-07,-0.0057366785
4.235529e-07,-0.0057560662
4.236529e-07,-0.0057675551
4.237529e-07,-0.0057711455
4.238529e-07,-0.0057689913
4.239529e-07,-0.0057675551
4.240529e-07,-0.0057711455
4.241529e-07,-0.0057790441
4.242529e-07,-0.0057869428
4.243529e-07,-0.0057905331
4.244529e-07,-0.0057876608
4.245529e-07,-0.0057811983
4.246529e-07,-0.0057768899
4.247529e-07,-0.0057790441
4.248529e-07,-0.005789097
4.249529e-07,-0.0058034582
4.250529e-07,-0.005813511
4.251529e-07,-0.005813511
4.252529e-07,-0.005801304
4.253529e-07,-0.0057811983
4.254529e-07,-0.0057632468
4.255529e-07,-0.0057560662
4.256529e-07,-0.0057639648
4.257529e-07,-0.0057840705
4.258529e-07,-0.0058077665
4.259529e-07,-0.005825
4.260529e-07,-0.0058278722
4.261529e-07,-0.0058163833
4.262529e-07,-0.0057934053
4.263529e-07,-0.0057675551
4.264529e-07,-0.0057438591
4.265529e-07,-0.0057244715
4.266529e-07,-0.0057101103
4.267529e-07,-0.0056986213
4.268529e-07,-0.0056900046
4.269529e-07,-0.0056864143
4.270529e-07,-0.0056892865
4.271529e-07,-0.0056986213
4.272529e-07,-0.0057108284
4.273529e-07,-0.005718009
4.274529e-07,-0.0057151367
4.275529e-07,-0.0056986213
4.276529e-07,-0.0056734892
4.277529e-07,-0.0056497932
4.278529e-07,-0.0056368681
4.279529e-07,-0.0056411765
4.280529e-07,-0.005659846
4.281529e-07,-0.005683542
4.282529e-07,-0.0056993394
4.283529e-07,-0.0056986213
4.284529e-07,-0.0056813879
4.285529e-07,-0.0056562557
4.286529e-07,-0.005635432
4.287529e-07,-0.0056296875
4.288529e-07,-0.0056404584
4.289529e-07,-0.0056620002
4.290529e-07,-0.0056806698
4.291529e-07,-0.0056871324
4.292529e-07,-0.0056777976
4.293529e-07,-0.005659846
4.294529e-07,-0.0056440487
4.295529e-07,-0.0056411765
4.296529e-07,-0.0056555377
4.297529e-07,-0.0056806698
4.298529e-07,-0.00570652
4.299529e-07,-0.0057215993
4.300529e-07,-0.0057215993
4.301529e-07,-0.0057122645
4.302529e-07,-0.0057050839
4.303529e-07,-0.0057101103
4.304529e-07,-0.0057323702
4.305529e-07,-0.0057668371
4.306529e-07,-0.0058020221
4.307529e-07,-0.005825
4.308529e-07,-0.0058300264
4.309529e-07,-0.0058192555
4.310529e-07,-0.0058020221
4.311529e-07,-0.0057905331
4.312529e-07,-0.0057905331
4.313529e-07,-0.005801304
4.314529e-07,-0.0058156652
4.315529e-07,-0.005825
4.316529e-07,-0.0058257181
4.317529e-07,-0.0058206916
4.318529e-07,-0.0058178194
4.319529e-07,-0.005825
4.320529e-07,-0.0058451057
4.321529e-07,-0.0058738281
4.322529e-07,-0.0059011144
4.323529e-07,-0.0059169118
4.324529e-07,-0.0059176298
4.325529e-07,-0.0059061409
4.326529e-07,-0.0058910616
4.327529e-07,-0.0058824449
4.328529e-07,-0.005883881
4.329529e-07,-0.0058917796
4.330529e-07,-0.0058975241
4.331529e-07,-0.0058939338
4.332529e-07,-0.0058774184
4.333529e-07,-0.0058537224
4.334529e-07,-0.0058328987
4.335529e-07,-0.005825
4.336529e-07,-0.0058328987
4.337529e-07,-0.0058508502
4.338529e-07,-0.0058673656
4.339529e-07,-0.0058709559
4.340529e-07,-0.0058558766
4.341529e-07,-0.0058257181
4.342529e-07,-0.0057926873
4.343529e-07,-0.0057675551
4.344529e-07,-0.0057589384
4.345529e-07,-0.0057668371
4.346529e-07,-0.0057804802
4.347529e-07,-0.0057905331
4.348529e-07,-0.005789097
4.349529e-07,-0.0057761719
4.350529e-07,-0.0057582204
4.351529e-07,-0.0057445772
4.352529e-07,-0.0057409869
4.353529e-07,-0.0057460133
4.354529e-07,-0.005753912
4.355529e-07,-0.0057560662
4.356529e-07,-0.0057481675
4.357529e-07,-0.0057309341
4.358529e-07,-0.0057115464
4.359529e-07,-0.0056986213
4.360529e-07,-0.0056971852
4.361529e-07,-0.00570652
4.362529e-07,-0.0057208812
4.363529e-07,-0.0057330882
4.364529e-07,-0.0057388327
4.365529e-07,-0.0057388327
4.366529e-07,-0.0057388327
4.367529e-07,-0.0057445772
4.368529e-07,-0.0057582204
4.369529e-07,-0.0057768899
4.370529e-07,-0.0057934053
4.371529e-07,-0.0058020221
4.372529e-07,-0.0057991498
4.373529e-07,-0.0057876608
4.374529e-07,-0.0057747358
4.375529e-07,-0.0057675551
4.376529e-07,-0.0057682732
4.377529e-07,-0.0057754538
4.378529e-07,-0.0057847886
4.379529e-07,-0.0057905331
4.380529e-07,-0.0057934053
4.381529e-07,-0.0057962776
4.382529e-07,-0.0058056124
4.383529e-07,-0.005825
4.384529e-07,-0.0058508502
4.385529e-07,-0.0058759823
4.386529e-07,-0.0058889074
4.387529e-07,-0.0058824449
4.388529e-07,-0.0058580308
4.389529e-07,-0.005825
4.390529e-07,-0.0057948415
4.391529e-07,-0.0057790441
4.392529e-07,-0.0057804802
4.393529e-07,-0.0057941234
4.394529e-07,-0.0058084846
4.395529e-07,-0.005813511
4.396529e-07,-0.0058056124
4.397529e-07,-0.005789815
4.398529e-07,-0.0057740177
4.399529e-07,-0.0057675551
4.400529e-07,-0.0057725816
4.401529e-07,-0.0057847886
4.402529e-07,-0.0057934053
4.403529e-07,-0.0057905331
4.404529e-07,-0.0057732996
4.405529e-07,-0.0057481675
4.406529e-07,-0.0057237534
4.407529e-07,-0.0057101103
4.408529e-07,-0.0057093922
4.409529e-07,-0.0057151367
4.410529e-07,-0.005718009
4.411529e-07,-0.0057101103
4.412529e-07,-0.0056892865
4.413529e-07,-0.0056634364
4.414529e-07,-0.0056440487
4.415529e-07,-0.0056411765
4.416529e-07,-0.0056569738
4.417529e-07,-0.0056842601
4.418529e-07,-0.0057101103
4.419529e-07,-0.0057215993
4.420529e-07,-0.0057158548
4.421529e-07,-0.0056971852
4.422529e-07,-0.0056799517
4.423529e-07,-0.0056756434
4.424529e-07,-0.0056892865
4.425529e-07,-0.0057151367
4.426529e-07,-0.005741705
4.427529e-07,-0.0057560662
4.428529e-07,-0.0057531939
4.429529e-07,-0.0057381147
4.430529e-07,-0.0057230354
4.431529e-07,-0.0057215993
4.432529e-07,-0.005741705
4.433529e-07,-0.0057790441
4.434529e-07,-0.0058235639
4.435529e-07,-0.0058594669
4.436529e-07,-0.0058774184
4.437529e-07,-0.0058759823
4.438529e-07,-0.0058623392
4.439529e-07,-0.0058479779
4.440529e-07,-0.0058407973
4.441529e-07,-0.0058436696
4.442529e-07,-0.0058515682
4.443529e-07,-0.0058594669
4.444529e-07,-0.0058630572
4.445529e-07,-0.0058644933
4.446529e-07,-0.0058688017
4.447529e-07,-0.0058824449
4.448529e-07,-0.0059054228
4.449529e-07,-0.0059327091
4.450529e-07,-0.0059542509
4.451529e-07,-0.0059628676
4.452529e-07,-0.005954969
4.453529e-07,-0.0059362994
4.454529e-07,-0.0059169118
4.455529e-07,-0.0059054228
4.456529e-07,-0.0059068589
4.457529e-07,-0.0059169118
4.458529e-07,-0.0059269646
4.459529e-07,-0.0059284007
4.460529e-07,-0.0059190659
4.461529e-07,-0.0059039867
4.462529e-07,-0.0058924977
4.463529e-07,-0.0058939338
4.464529e-07,-0.0059097312
4.465529e-07,-0.0059348633
4.466529e-07,-0.0059564051
4.467529e-07,-0.0059628676
4.468529e-07,-0.0059506606
4.469529e-07,-0.0059233743
4.470529e-07,-0.0058924977
4.471529e-07,-0.0058709559
4.472529e-07,-0.0058637753
4.473529e-07,-0.0058695198
4.474529e-07,-0.0058795726
4.475529e-07,-0.0058824449
4.476529e-07,-0.0058745462
4.477529e-07,-0.0058573127
4.478529e-07,-0.0058415154
4.479529e-07,-0.005836489
4.480529e-07,-0.0058458238
4.481529e-07,-0.0058659295
4.482529e-07,-0.0058860352
4.483529e-07,-0.0058939338
4.484529e-07,-0.0058831629
4.485529e-07,-0.0058551585
4.486529e-07,-0.0058199736
4.487529e-07,-0.0057905331
4.488529e-07,-0.0057747358
4.489529e-07,-0.0057754538
4.490529e-07,-0.0057876608
4.491529e-07,-0.0058020221
4.492529e-07,-0.005812793
4.493529e-07,-0.0058185375
4.494529e-07,-0.0058214097
4.495529e-07,-0.005825
4.496529e-07,-0.0058307445
4.497529e-07,-0.005836489
4.498529e-07,-0.0058357709
4.499529e-07,-0.005825
4.500529e-07,-0.0058034582
4.501529e-07,-0.005777608
4.502529e-07,-0.0057553481
4.503529e-07,-0.0057445772
4.504529e-07,-0.0057467314
4.505529e-07,-0.0057575023
4.506529e-07,-0.0057668371
4.507529e-07,-0.0057675551
4.508529e-07,-0.0057575023
4.509529e-07,-0.0057409869
4.510529e-07,-0.0057266257
4.511529e-07,-0.0057215993
4.512529e-07,-0.0057266257
4.513529e-07,-0.0057366785
4.514529e-07,-0.005741705
4.515529e-07,-0.0057330882
4.516529e-07,-0.0057101103
4.517529e-07,-0.0056799517
4.518529e-07,-0.0056533835
4.519529e-07,-0.0056411765
4.520529e-07,-0.0056462029
4.521529e-07,-0.0056634364
4.522529e-07,-0.0056813879
4.523529e-07,-0.0056871324
4.524529e-07,-0.0056763614
4.525529e-07,-0.0056526654
4.526529e-07,-0.0056260972
4.527529e-07,-0.0056067096
4.528529e-07,-0.005600247
4.529529e-07,-0.0056038373
4.530529e-07,-0.0056088637
4.531529e-07,-0.0056067096
4.532529e-07,-0.0055923483
4.533529e-07,-0.0055700885
4.534529e-07,-0.0055492647
4.535529e-07,-0.0055377757
4.536529e-07,-0.005540648
4.537529e-07,-0.0055542911
4.538529e-07,-0.0055679343
4.539529e-07,-0.0055722426
4.540529e-07,-0.0055614717
4.541529e-07,-0.0055392119
4.542529e-07,-0.0055162339
4.543529e-07,-0.0055033088
4.544529e-07,-0.0055068991
4.545529e-07,-0.0055262868
4.546529e-07,-0.0055514189
4.547529e-07,-0.0055722426
4.548529e-07,-0.0055801413
4.549529e-07,-0.0055751149
4.550529e-07,-0.0055614717
4.551529e-07,-0.0055492647
4.552529e-07,-0.0055435202
4.553529e-07,-0.0055463925
4.554529e-07,-0.0055535731
4.555529e-07,-0.0055607537
4.556529e-07,-0.005565062
4.557529e-07,-0.0055679343
4.558529e-07,-0.0055729607
4.559529e-07,-0.0055837316
4.560529e-07,-0.005600247
4.561529e-07,-0.0056174805
4.562529e-07,-0.0056289694
4.563529e-07,-0.0056296875
4.564529e-07,-0.0056196347
4.565529e-07,-0.0056045554
4.566529e-07,-0.0055945025
4.567529e-07,-0.0055952206
4.568529e-07,-0.0056081457
4.569529e-07,-0.0056282514
4.570529e-07,-0.0056447668
4.571529e-07,-0.0056526654
4.572529e-07,-0.0056505113
4.573529e-07,-0.0056440487
4.574529e-07,-0.0056426126
4.575529e-07,-0.0056526654
4.576529e-07,-0.0056742073
4.577529e-07,-0.0056979033
4.578529e-07,-0.0057129825
4.579529e-07,-0.0057101103
4.580529e-07,-0.0056878504
4.581529e-07,-0.0056548196
4.582529e-07,-0.005623943
4.583529e-07,-0.0056067096
4.584529e-07,-0.0056074276
4.585529e-07,-0.0056203527
4.586529e-07,-0.0056347139
4.587529e-07,-0.0056411765
4.588529e-07,-0.005635432
4.589529e-07,-0.0056210708
4.590529e-07,-0.0056088637
4.591529e-07,-0.0056067096
4.592529e-07,-0.0056167624
4.593529e-07,-0.0056318417
4.594529e-07,-0.0056433307
4.595529e-07,-0.0056411765
4.596529e-07,-0.0056246611
4.597529e-07,-0.005599529
4.598529e-07,-0.0055794233
4.599529e-07,-0.0055722426
4.600529e-07,-0.0055808594
4.601529e-07,-0.005599529
4.602529e-07,-0.0056146082
4.603529e-07,-0.0056181985
4.604529e-07,-0.0056074276
4.605529e-07,-0.005588758
4.606529e-07,-0.0055736788
4.607529e-07,-0.0055722426
4.608529e-07,-0.0055851677
4.609529e-07,-0.0056045554
4.610529e-07,-0.0056189166
4.611529e-07,-0.0056181985
4.612529e-07,-0.0056016831
4.613529e-07,-0.0055787052
4.614529e-07,-0.0055614717
4.615529e-07,-0.0055607537
4.616529e-07,-0.0055772691
4.617529e-07,-0.0056009651
4.618529e-07,-0.0056181985
4.619529e-07,-0.0056181985
4.620529e-07,-0.005600247
4.621529e-07,-0.0055743968
4.622529e-07,-0.0055571634
4.623529e-07,-0.0055607537
4.624529e-07,-0.0055873219
4.625529e-07,-0.0056246611
4.626529e-07,-0.0056555377
4.627529e-07,-0.0056641544
4.628529e-07,-0.005646921
4.629529e-07,-0.0056138902
4.630529e-07,-0.0055830136
