LECROYHDO6104B,11090,Waveform
Segments,1,SegmentSize,5002
Segment,TrigTime,TimeSinceSegment1
#1,04-May-2026 18:31:37,0                 
Time,Ampl
-3.703366e-08,-0.0059090131
-3.693366e-08,-0.0059054228
-3.683366e-08,-0.005896088
-3.673366e-08,-0.005883881
-3.663366e-08,-0.0058731101
-3.653366e-08,-0.0058709559
-3.643366e-08,-0.0058788545
-3.633366e-08,-0.0058946519
-3.623366e-08,-0.0059097312
-3.613366e-08,-0.0059169118
-3.603366e-08,-0.0059111673
-3.593366e-08,-0.0058932158
-3.583366e-08,-0.0058695198
-3.573366e-08,-0.0058479779
-3.563366e-08,-0.0058343348
-3.553366e-08,-0.0058293084
-3.543366e-08,-0.0058321806
-3.533366e-08,-0.005836489
-3.523366e-08,-0.0058400793
-3.513366e-08,-0.0058415154
-3.503366e-08,-0.0058429515
-3.493366e-08,-0.0058479779
-3.483366e-08,-0.0058565947
-3.473366e-08,-0.0058659295
-3.463366e-08,-0.0058716739
-3.453366e-08,-0.0058709559
-3.443366e-08,-0.0058623392
-3.433366e-08,-0.0058494141
-3.423366e-08,-0.0058393612
-3.413366e-08,-0.005836489
-3.403366e-08,-0.0058443876
-3.393366e-08,-0.005860185
-3.383366e-08,-0.0058781365
-3.373366e-08,-0.0058939338
-3.363366e-08,-0.0059039867
-3.353366e-08,-0.0059104492
-3.343366e-08,-0.0059169118
-3.333366e-08,-0.0059284007
-3.323366e-08,-0.0059456342
-3.313366e-08,-0.0059643038
-3.303366e-08,-0.005979383
-3.293366e-08,-0.0059858456
-3.283366e-08,-0.0059815372
-3.273366e-08,-0.0059700483
-3.263366e-08,-0.0059578412
-3.253366e-08,-0.0059513787
-3.243366e-08,-0.0059542509
-3.233366e-08,-0.0059643038
-3.223366e-08,-0.0059765108
-3.213366e-08,-0.0059858456
-3.203366e-08,-0.0059894359
-3.193366e-08,-0.005990154
-3.183366e-08,-0.005990872
-3.173366e-08,-0.0059973346
-3.163366e-08,-0.0060095416
-3.153366e-08,-0.0060253389
-3.143366e-08,-0.006038264
-3.133366e-08,-0.0060432904
-3.123366e-08,-0.0060397001
-3.113366e-08,-0.0060303653
-3.103366e-08,-0.0060217486
-3.093366e-08,-0.0060203125
-3.083366e-08,-0.0060274931
-3.073366e-08,-0.0060397001
-3.063366e-08,-0.0060511891
-3.053366e-08,-0.0060547794
-3.043366e-08,-0.0060490349
-3.033366e-08,-0.0060368279
-3.023366e-08,-0.0060253389
-3.013366e-08,-0.0060203125
-3.003366e-08,-0.0060246209
-2.993366e-08,-0.0060346737
-2.983366e-08,-0.0060432904
-2.973366e-08,-0.0060432904
-2.963366e-08,-0.0060318015
-2.953366e-08,-0.0060109777
-2.943366e-08,-0.0059887178
-2.933366e-08,-0.0059743566
-2.923366e-08,-0.0059729205
-2.913366e-08,-0.0059844095
-2.903366e-08,-0.006002361
-2.893366e-08,-0.0060203125
-2.883366e-08,-0.0060310834
-2.873366e-08,-0.0060332376
-2.863366e-08,-0.0060282112
-2.853366e-08,-0.0060203125
-2.843366e-08,-0.00601385
-2.833366e-08,-0.0060088235
-2.823366e-08,-0.0060037971
-2.813366e-08,-0.0059973346
-2.803366e-08,-0.0059872817
-2.793366e-08,-0.0059765108
-2.783366e-08,-0.005967176
-2.773366e-08,-0.0059628676
-2.763366e-08,-0.0059628676
-2.753366e-08,-0.0059657399
-2.743366e-08,-0.005966458
-2.733366e-08,-0.0059628676
-2.723366e-08,-0.0059542509
-2.713366e-08,-0.0059456342
-2.703366e-08,-0.0059391716
-2.693366e-08,-0.0059398897
-2.683366e-08,-0.0059449161
-2.673366e-08,-0.0059492245
-2.663366e-08,-0.0059449161
-2.653366e-08,-0.0059284007
-2.643366e-08,-0.0058996783
-2.633366e-08,-0.0058652114
-2.623366e-08,-0.0058336167
-2.613366e-08,-0.005813511
-2.603366e-08,-0.0058070485
-2.593366e-08,-0.0058099207
-2.583366e-08,-0.0058149472
-2.573366e-08,-0.005813511
-2.563366e-08,-0.0058020221
-2.553366e-08,-0.0057826344
-2.543366e-08,-0.0057618107
-2.533366e-08,-0.0057445772
-2.523366e-08,-0.0057352424
-2.513366e-08,-0.0057316521
-2.503366e-08,-0.0057287799
-2.493366e-08,-0.0057215993
-2.483366e-08,-0.0057086742
-2.473366e-08,-0.0056935949
-2.463366e-08,-0.0056806698
-2.453366e-08,-0.0056756434
-2.443366e-08,-0.0056785156
-2.433366e-08,-0.005683542
-2.423366e-08,-0.0056849782
-2.413366e-08,-0.0056756434
-2.403366e-08,-0.0056555377
-2.393366e-08,-0.0056289694
-2.383366e-08,-0.0056059915
-2.373366e-08,-0.0055952206
-2.363366e-08,-0.0055988109
-2.353366e-08,-0.0056138902
-2.343366e-08,-0.0056311236
-2.333366e-08,-0.0056411765
-2.323366e-08,-0.0056383042
-2.313366e-08,-0.0056225069
-2.303366e-08,-0.0056016831
-2.293366e-08,-0.0055837316
-2.283366e-08,-0.0055736788
-2.273366e-08,-0.0055729607
-2.263366e-08,-0.0055779871
-2.253366e-08,-0.0055837316
-2.243366e-08,-0.0055858858
-2.233366e-08,-0.0055851677
-2.223366e-08,-0.0055830136
-2.213366e-08,-0.0055837316
-2.203366e-08,-0.00558804
-2.193366e-08,-0.0055930664
-2.183366e-08,-0.0055966567
-2.173366e-08,-0.0055952206
-2.163366e-08,-0.0055894761
-2.153366e-08,-0.0055844497
-2.143366e-08,-0.0055851677
-2.133366e-08,-0.0055952206
-2.123366e-08,-0.005612454
-2.113366e-08,-0.0056304056
-2.103366e-08,-0.0056418945
-2.093366e-08,-0.0056411765
-2.083366e-08,-0.0056296875
-2.073366e-08,-0.0056138902
-2.063366e-08,-0.0056038373
-2.053366e-08,-0.0056067096
-2.043366e-08,-0.005623225
-2.033366e-08,-0.0056462029
-2.023366e-08,-0.0056670267
-2.013366e-08,-0.0056756434
-2.003366e-08,-0.0056698989
-1.993366e-08,-0.0056541016
-1.983366e-08,-0.0056383042
-1.973366e-08,-0.0056296875
-1.963366e-08,-0.0056325597
-1.953366e-08,-0.0056426126
-1.943366e-08,-0.0056519474
-1.933366e-08,-0.0056526654
-1.923366e-08,-0.0056418945
-1.913366e-08,-0.0056246611
-1.903366e-08,-0.0056095818
-1.893366e-08,-0.0056067096
-1.883366e-08,-0.0056181985
-1.873366e-08,-0.0056383042
-1.863366e-08,-0.0056576919
-1.853366e-08,-0.0056641544
-1.843366e-08,-0.0056533835
-1.833366e-08,-0.0056289694
-1.823366e-08,-0.0056016831
-1.813366e-08,-0.0055837316
-1.803366e-08,-0.0055837316
-1.793366e-08,-0.0056031193
-1.783366e-08,-0.0056332778
-1.773366e-08,-0.0056641544
-1.763366e-08,-0.0056856962
-1.753366e-08,-0.005694313
-1.743366e-08,-0.0056928768
-1.733366e-08,-0.0056871324
-1.723366e-08,-0.005682824
-1.713366e-08,-0.0056806698
-1.703366e-08,-0.0056799517
-1.693366e-08,-0.0056756434
-1.683366e-08,-0.0056663086
-1.673366e-08,-0.0056533835
-1.663366e-08,-0.0056433307
-1.653366e-08,-0.0056411765
-1.643366e-08,-0.0056497932
-1.633366e-08,-0.0056670267
-1.623366e-08,-0.0056856962
-1.613366e-08,-0.0056986213
-1.603366e-08,-0.0057007755
-1.593366e-08,-0.005694313
-1.583366e-08,-0.005682824
-1.573366e-08,-0.0056756434
-1.563366e-08,-0.0056770795
-1.553366e-08,-0.0056885685
-1.543366e-08,-0.0057050839
-1.533366e-08,-0.0057215993
-1.523366e-08,-0.0057330882
-1.513366e-08,-0.0057381147
-1.503366e-08,-0.0057402688
-1.493366e-08,-0.0057445772
-1.483366e-08,-0.005753912
-1.473366e-08,-0.0057689913
-1.463366e-08,-0.0057869428
-1.453366e-08,-0.0058020221
-1.443366e-08,-0.0058113568
-1.433366e-08,-0.005813511
-1.423366e-08,-0.0058092027
-1.413366e-08,-0.0058020221
-1.403366e-08,-0.0057934053
-1.393366e-08,-0.0057840705
-1.383366e-08,-0.0057747358
-1.373366e-08,-0.0057675551
-1.363366e-08,-0.0057639648
-1.353366e-08,-0.005766119
-1.343366e-08,-0.0057761719
-1.333366e-08,-0.0057905331
-1.323366e-08,-0.0058034582
-1.313366e-08,-0.0058084846
-1.303366e-08,-0.0057998679
-1.293366e-08,-0.0057790441
-1.283366e-08,-0.0057524759
-1.273366e-08,-0.005730216
-1.263366e-08,-0.0057230354
-1.253366e-08,-0.0057330882
-1.243366e-08,-0.0057553481
-1.233366e-08,-0.005777608
-1.223366e-08,-0.0057876608
-1.213366e-08,-0.0057790441
-1.203366e-08,-0.0057531939
-1.193366e-08,-0.0057215993
-1.183366e-08,-0.0056964671
-1.173366e-08,-0.0056871324
-1.163366e-08,-0.005694313
-1.153366e-08,-0.0057079561
-1.143366e-08,-0.0057165728
-1.133366e-08,-0.0057101103
-1.123366e-08,-0.0056871324
-1.113366e-08,-0.0056555377
-1.103366e-08,-0.0056289694
-1.093366e-08,-0.0056181985
-1.083366e-08,-0.0056260972
-1.073366e-08,-0.0056447668
-1.063366e-08,-0.0056612822
-1.053366e-08,-0.0056641544
-1.043366e-08,-0.005647639
-1.033366e-08,-0.0056167624
-1.023366e-08,-0.0055837316
-1.013366e-08,-0.0055607537
-1.003366e-08,-0.0055535731
-9.933659e-09,-0.0055593176
-9.833659e-09,-0.0055686523
-9.733659e-09,-0.0055722426
-9.633659e-09,-0.005565062
-9.533659e-09,-0.0055499828
-9.433659e-09,-0.0055341854
-9.333659e-09,-0.0055262868
-9.233659e-09,-0.0055270048
-9.133659e-09,-0.0055313132
-9.033659e-09,-0.0055262868
-8.933659e-09,-0.0055033088
-8.833659e-09,-0.005458071
-8.733659e-09,-0.005398472
-8.633659e-09,-0.0053360007
-8.533659e-09,-0.0052850184
-8.433659e-09,-0.0052512695
-8.333659e-09,-0.0052311638
-8.233659e-09,-0.0052124943
-8.133659e-09,-0.0051816176
-8.033659e-09,-0.0051299173
-7.933659e-09,-0.0050588293
-7.833659e-09,-0.0049762523
-7.733659e-09,-0.0048943934
-7.633659e-09,-0.0048204331
-7.533659e-09,-0.0047522174
-7.433659e-09,-0.0046818474
-7.333659e-09,-0.0045956801
-7.233659e-09,-0.0044865349
-7.133659e-09,-0.0043536937
-7.033659e-09,-0.0042057732
-6.933659e-09,-0.0040556985
-6.833659e-09,-0.0039128045
-6.733659e-09,-0.0037806813
-6.633659e-09,-0.0036550207
-6.533659e-09,-0.0035272059
-6.433659e-09,-0.0033914924
-6.333659e-09,-0.0032464442
-6.233659e-09,-0.0030970875
-6.133659e-09,-0.0029527574
-6.033659e-09,-0.00281848
-5.933659e-09,-0.0026942555
-5.833659e-09,-0.0025743394
-5.733659e-09,-0.0024472426
-5.633659e-09,-0.0023065028
-5.533659e-09,-0.0021506836
-5.433659e-09,-0.0019869658
-5.333659e-09,-0.0018268382
-5.233659e-09,-0.0016810719
-5.133659e-09,-0.0015561294
-5.033659e-09,-0.0014498564
-4.933659e-09,-0.0013557904
-4.833659e-09,-0.0012638787
-4.733659e-09,-0.0011676585
-4.633659e-09,-0.0010671301
-4.533659e-09,-0.00096516544
-4.433659e-09,-0.00086894531
-4.333659e-09,-0.00078349609
-4.233659e-09,-0.00070881778
-4.133659e-09,-0.00064347426
-4.033659e-09,-0.00058172105
-3.933659e-09,-0.00052140395
-3.833659e-09,-0.0004603688
-3.733659e-09,-0.00040220588
-3.633659e-09,-0.00035050551
-3.533659e-09,-0.00030813994
-3.433659e-09,-0.00027582721
-3.333659e-09,-0.00025284926
-3.233659e-09,-0.00023561581
-3.133659e-09,-0.0002212546
-3.033659e-09,-0.0002083295
-2.933659e-09,-0.00019540441
-2.833659e-09,-0.00018247932
-2.733659e-09,-0.00016955423
-2.633659e-09,-0.00015447495
-2.533659e-09,-0.00013795956
-2.433659e-09,-0.00011928998
-2.333659e-09,-9.9184283e-05
-2.233659e-09,-8.1232767e-05
-2.133659e-09,-6.9025735e-05
-2.033659e-09,-6.3999311e-05
-1.933659e-09,-6.6153493e-05
-1.833659e-09,-7.2616039e-05
-1.733659e-09,-8.0514706e-05
-1.633659e-09,-8.5541131e-05
-1.533659e-09,-8.482307e-05
-1.433659e-09,-7.9078585e-05
-1.333659e-09,-6.9025735e-05
-1.233659e-09,-5.7536765e-05
-1.133659e-09,-4.6765855e-05
-1.033659e-09,-3.9585248e-05
-9.33659e-10,-3.4558824e-05
-8.33659e-10,-3.2404642e-05
-7.33659e-10,-3.096852e-05
-6.33659e-10,-2.8096278e-05
-5.33659e-10,-2.3069853e-05
-4.33659e-10,-1.3017004e-05
-3.33659e-10,2.0622702e-06
-2.33659e-10,2.2886029e-05
-1.33659e-10,4.5863971e-05
-3.365899e-11,6.8841912e-05
6.634101e-11,8.6793428e-05
1.66341e-10,9.900046e-05
2.66341e-10,0.00010330882
3.66341e-10,0.00010330882
4.66341e-10,0.00010259076
5.66341e-10,0.00010546301
6.66341e-10,0.00011479779
7.66341e-10,0.00012987707
8.66341e-10,0.00014711052
9.66341e-10,0.00016290786
1.066341e-09,0.00017224265
1.166341e-09,0.00017439683
1.266341e-09,0.00017080653
1.366341e-09,0.00016506204
1.466341e-09,0.00016075368
1.566341e-09,0.00016147174
1.666341e-09,0.00016721622
1.766341e-09,0.00017511489
1.866341e-09,0.00018373162
1.966341e-09,0.0001894761
2.066341e-09,0.00019019416
2.166341e-09,0.00018803998
2.266341e-09,0.00018373162
2.366341e-09,0.00017870519
2.466341e-09,0.00017511489
2.566341e-09,0.00017296071
2.666341e-09,0.00017224265
2.766341e-09,0.00017224265
2.866341e-09,0.00017224265
2.966341e-09,0.00017296071
3.066341e-09,0.00017224265
3.166341e-09,0.00017008847
3.266341e-09,0.00016506204
3.366341e-09,0.00015788143
3.466341e-09,0.00014926471
3.566341e-09,0.00014064798
3.666341e-09,0.00013562155
3.766341e-09,0.00013490349
3.866341e-09,0.00013777574
3.966341e-09,0.00014280216
4.066341e-09,0.0001456744
4.166341e-09,0.00014423828
4.266341e-09,0.00013777574
4.366341e-09,0.00012772289
4.466341e-09,0.0001183881
4.566341e-09,0.00011336167
4.666341e-09,0.00011479779
4.766341e-09,0.00012054228
4.866341e-09,0.00012628676
4.966341e-09,0.0001255687
5.066341e-09,0.00011479779
5.166341e-09,9.4692096e-05
5.266341e-09,6.9559972e-05
5.366341e-09,4.7300092e-05
5.466341e-09,3.4375e-05
5.566341e-09,3.4375e-05
5.666341e-09,4.4427849e-05
5.766341e-09,5.8789063e-05
5.866341e-09,6.8841912e-05
5.966341e-09,6.8841912e-05
6.066341e-09,5.591682e-05
6.166341e-09,3.5093061e-05
6.266341e-09,1.1397059e-05
6.366341e-09,-7.990579e-06
6.466341e-09,-1.947955e-05
6.566341e-09,-2.3069853e-05
6.666341e-09,-2.3069853e-05
6.766341e-09,-2.4505974e-05
6.866341e-09,-3.025046e-05
6.966341e-09,-4.2457491e-05
7.066341e-09,-5.7536765e-05
7.166341e-09,-7.1179917e-05
7.266341e-09,-7.8360524e-05
7.366341e-09,-7.7642463e-05
7.466341e-09,-6.9025735e-05
7.566341e-09,-5.5382583e-05
7.666341e-09,-4.1021369e-05
7.766341e-09,-2.9532399e-05
7.866341e-09,-2.3069853e-05
7.966341e-09,-2.3069853e-05
8.066341e-09,-2.8096278e-05
8.166341e-09,-3.5994945e-05
8.266341e-09,-4.6047794e-05
8.366341e-09,-5.5382583e-05
8.466341e-09,-6.2563189e-05
8.566341e-09,-6.7589614e-05
8.666341e-09,-6.9025735e-05
8.766341e-09,-6.7589614e-05
8.866341e-09,-6.3999311e-05
8.966341e-09,-6.0409007e-05
9.066341e-09,-5.7536765e-05
9.166341e-09,-5.7536765e-05
9.266341e-09,-5.9690947e-05
9.366341e-09,-6.3999311e-05
9.466341e-09,-6.9025735e-05
9.566341e-09,-7.3334099e-05
9.666341e-09,-7.4770221e-05
9.766341e-09,-7.3334099e-05
9.866341e-09,-6.9025735e-05
9.966341e-09,-6.328125e-05
1.006634e-08,-5.6100643e-05
1.016634e-08,-5.0356158e-05
1.026634e-08,-4.6047794e-05
1.036634e-08,-4.4611673e-05
1.046634e-08,-4.6047794e-05
1.056634e-08,-5.0356158e-05
1.066634e-08,-5.7536765e-05
1.076634e-08,-6.6153493e-05
1.086634e-08,-7.6206342e-05
1.096634e-08,-8.482307e-05
1.106634e-08,-9.2003676e-05
1.116634e-08,-9.631204e-05
1.126634e-08,-9.7030101e-05
1.136634e-08,-9.559398e-05
1.146634e-08,-9.2003676e-05
1.156634e-08,-8.7695313e-05
1.166634e-08,-8.3386949e-05
1.176634e-08,-8.0514706e-05
1.186634e-08,-8.0514706e-05
1.196634e-08,-8.4105009e-05
1.206634e-08,-9.0567555e-05
1.216634e-08,-0.00010133847
1.226634e-08,-0.00011498162
1.236634e-08,-0.00012934283
1.246634e-08,-0.00014370404
1.256634e-08,-0.00015447495
1.266634e-08,-0.0001609375
1.276634e-08,-0.00016237362
1.286634e-08,-0.00016021944
1.296634e-08,-0.00015519301
1.306634e-08,-0.00014944853
1.316634e-08,-0.00014514017
1.326634e-08,-0.00014370404
1.336634e-08,-0.00014585823
1.346634e-08,-0.00014944853
1.356634e-08,-0.00015447495
1.366634e-08,-0.00015806526
1.376634e-08,-0.0001609375
1.386634e-08,-0.0001609375
1.396634e-08,-0.00015950138
1.406634e-08,-0.00015662914
1.416634e-08,-0.00015303883
1.426634e-08,-0.00014944853
1.436634e-08,-0.00014657629
1.446634e-08,-0.00014298598
1.456634e-08,-0.0001408318
1.466634e-08,-0.00013795956
1.476634e-08,-0.00013580538
1.486634e-08,-0.00013293313
1.496634e-08,-0.00013006089
1.506634e-08,-0.00012647059
1.516634e-08,-0.0001207261
1.526634e-08,-0.00011282744
1.536634e-08,-0.00010277459
1.546634e-08,-9.2003676e-05
1.556634e-08,-8.1232767e-05
1.566634e-08,-7.3334099e-05
1.576634e-08,-6.9025735e-05
1.586634e-08,-6.9025735e-05
1.596634e-08,-7.405216e-05
1.606634e-08,-8.2668888e-05
1.616634e-08,-9.2721737e-05
1.626634e-08,-0.00010349265
1.636634e-08,-0.00011210938
1.646634e-08,-0.00011785386
1.656634e-08,-0.00011928998
1.666634e-08,-0.00011498162
1.676634e-08,-0.00010636489
1.686634e-08,-9.559398e-05
1.696634e-08,-8.5541131e-05
1.706634e-08,-8.0514706e-05
1.716634e-08,-8.3386949e-05
1.726634e-08,-9.4875919e-05
1.736634e-08,-0.00011426356
1.746634e-08,-0.00013795956
1.756634e-08,-0.00016021944
1.766634e-08,-0.00017601677
1.776634e-08,-0.00018391544
1.786634e-08,-0.00018391544
1.796634e-08,-0.00017960708
1.806634e-08,-0.00017529871
1.816634e-08,-0.00017242647
1.826634e-08,-0.00017242647
1.836634e-08,-0.00017099035
1.846634e-08,-0.00016380974
1.856634e-08,-0.00014873047
1.866634e-08,-0.00012647059
1.876634e-08,-0.00010133847
1.886634e-08,-8.1950827e-05
1.896634e-08,-7.405216e-05
1.906634e-08,-8.0514706e-05
1.916634e-08,-9.9902344e-05
1.926634e-08,-0.00012503447
1.936634e-08,-0.00014729435
1.946634e-08,-0.0001609375
1.956634e-08,-0.00016309168
1.966634e-08,-0.00015806526
1.976634e-08,-0.00015088465
1.986634e-08,-0.00014944853
1.996634e-08,-0.00015591108
2.006634e-08,-0.00016883617
2.016634e-08,-0.00018391544
2.026634e-08,-0.00019540441
2.036634e-08,-0.00019971278
2.046634e-08,-0.00019755859
2.056634e-08,-0.00019468635
2.066634e-08,-0.00019540441
2.076634e-08,-0.00020545726
2.086634e-08,-0.0002248449
2.096634e-08,-0.00025069508
2.106634e-08,-0.00027582721
2.116634e-08,-0.00029521484
2.126634e-08,-0.00030670381
2.136634e-08,-0.00031029412
2.146634e-08,-0.00031029412
2.156634e-08,-0.00031173024
2.166634e-08,-0.00031819278
2.176634e-08,-0.00032968176
2.186634e-08,-0.00034476103
2.196634e-08,-0.00035912224
2.206634e-08,-0.00037204733
2.216634e-08,-0.00038138212
2.226634e-08,-0.00039071691
2.236634e-08,-0.00040148782
2.246634e-08,-0.00041584903
2.256634e-08,-0.00043236443
2.266634e-08,-0.00044816176
2.276634e-08,-0.0004603688
2.286634e-08,-0.00046611328
2.296634e-08,-0.00046539522
2.306634e-08,-0.00045965074
2.316634e-08,-0.00045318819
2.326634e-08,-0.00044887983
2.336634e-08,-0.0004474437
2.346634e-08,-0.00044816176
2.356634e-08,-0.00044887983
2.366634e-08,-0.00044672564
2.376634e-08,-0.00044241728
2.386634e-08,-0.00043667279
2.396634e-08,-0.00043380055
2.406634e-08,-0.00043667279
2.416634e-08,-0.00044600758
2.426634e-08,-0.00045965074
2.436634e-08,-0.00047329389
2.446634e-08,-0.00048119256
2.456634e-08,-0.00048047449
2.466634e-08,-0.00047113971
2.476634e-08,-0.00045606043
2.486634e-08,-0.00044098116
2.496634e-08,-0.00043021025
2.506634e-08,-0.00042518382
2.516634e-08,-0.00042518382
2.526634e-08,-0.00042590188
2.536634e-08,-0.00042231158
2.546634e-08,-0.00041369485
2.556634e-08,-0.00040076976
2.566634e-08,-0.00038784467
2.576634e-08,-0.00037922794
2.586634e-08,-0.00037922794
2.596634e-08,-0.00038712661
2.606634e-08,-0.00039861558
2.616634e-08,-0.00040938649
2.626634e-08,-0.00041369485
2.636634e-08,-0.00041082261
2.646634e-08,-0.00040292394
2.656634e-08,-0.00039430722
2.666634e-08,-0.00039071691
2.676634e-08,-0.00039430722
2.686634e-08,-0.00040579619
2.696634e-08,-0.00042159352
2.706634e-08,-0.00043667279
2.716634e-08,-0.00044816176
2.726634e-08,-0.00045318819
2.736634e-08,-0.00045318819
2.746634e-08,-0.00044816176
2.756634e-08,-0.00044098116
2.766634e-08,-0.00043380055
2.776634e-08,-0.00042805607
2.786634e-08,-0.00042518382
2.796634e-08,-0.00042805607
2.806634e-08,-0.00043810892
2.816634e-08,-0.00045677849
2.826634e-08,-0.00048262868
2.836634e-08,-0.00051063304
2.846634e-08,-0.0005350471
2.856634e-08,-0.00054940832
2.866634e-08,-0.0005515625
2.876634e-08,-0.00054222771
2.886634e-08,-0.00052714844
2.896634e-08,-0.00051278722
2.906634e-08,-0.00050560662
2.916634e-08,-0.0005077608
2.926634e-08,-0.00051781365
2.936634e-08,-0.00053002068
2.946634e-08,-0.00054007353
2.956634e-08,-0.00054438189
2.966634e-08,-0.00054366383
2.976634e-08,-0.00054079159
2.986634e-08,-0.00054007353
2.996634e-08,-0.00054366383
3.006634e-08,-0.00055084444
3.016634e-08,-0.00055874311
3.026634e-08,-0.00056305147
3.036634e-08,-0.00056233341
3.046634e-08,-0.00055730699
3.056634e-08,-0.00055228056
3.066634e-08,-0.0005515625
3.076634e-08,-0.00055946117
3.086634e-08,-0.0005752585
3.096634e-08,-0.00059751838
3.106634e-08,-0.00062049632
3.116634e-08,-0.00063988396
3.126634e-08,-0.00065424517
3.136634e-08,-0.00066214384
3.146634e-08,-0.00066645221
3.156634e-08,-0.00066860639
3.166634e-08,-0.00067076057
3.176634e-08,-0.00067363281
3.186634e-08,-0.00067794118
3.196634e-08,-0.0006829676
3.206634e-08,-0.00069086627
3.216634e-08,-0.00070091912
3.226634e-08,-0.00071240809
3.236634e-08,-0.00072461512
3.246634e-08,-0.00073394991
3.256634e-08,-0.00073754021
3.266634e-08,-0.00073538603
3.276634e-08,-0.00072892348
3.286634e-08,-0.00072174288
3.296634e-08,-0.00071958869
3.306634e-08,-0.00072389706
3.316634e-08,-0.00073538603
3.326634e-08,-0.0007504653
3.336634e-08,-0.0007633904
3.346634e-08,-0.00076985294
3.356634e-08,-0.00076841682
3.366634e-08,-0.00076267233
3.376634e-08,-0.00075764591
3.386634e-08,-0.00075836397
3.396634e-08,-0.00076841682
3.406634e-08,-0.00078636834
3.416634e-08,-0.00080791016
3.426634e-08,-0.00082729779
3.436634e-08,-0.00084022289
3.446634e-08,-0.00084596737
3.456634e-08,-0.00084812155
3.466634e-08,-0.00085027574
3.476634e-08,-0.00085673828
3.486634e-08,-0.00087038143
3.496634e-08,-0.00088833295
3.506634e-08,-0.00090772059
3.516634e-08,-0.00092639017
3.526634e-08,-0.00094146944
3.536634e-08,-0.00095367647
3.546634e-08,-0.00096516544
3.556634e-08,-0.00097665441
3.566634e-08,-0.00098886144
3.576634e-08,-0.0010010685
3.586634e-08,-0.0010111213
3.596634e-08,-0.00101902
3.606634e-08,-0.0010240464
3.616634e-08,-0.0010283548
3.626634e-08,-0.0010340993
3.636634e-08,-0.0010419979
3.646634e-08,-0.0010513327
3.656634e-08,-0.0010606675
3.666634e-08,-0.0010685662
3.676634e-08,-0.0010728745
3.686634e-08,-0.0010750287
3.696634e-08,-0.0010764648
3.706634e-08,-0.0010800551
3.716634e-08,-0.0010872358
3.726634e-08,-0.0010980067
3.736634e-08,-0.0011116498
3.746634e-08,-0.001126011
3.756634e-08,-0.0011382181
3.766634e-08,-0.0011475528
3.776634e-08,-0.0011511432
3.786634e-08,-0.001148989
3.796634e-08,-0.0011403722
3.806634e-08,-0.0011245749
3.816634e-08,-0.0011037511
3.826634e-08,-0.0010800551
3.836634e-08,-0.0010563591
3.846634e-08,-0.0010376896
3.856634e-08,-0.0010262006
3.866634e-08,-0.0010226103
3.876634e-08,-0.0010254825
3.886634e-08,-0.001030509
3.896634e-08,-0.0010340993
3.906634e-08,-0.0010340993
3.916634e-08,-0.001031227
3.926634e-08,-0.0010269187
3.936634e-08,-0.0010240464
3.946634e-08,-0.0010226103
3.956634e-08,-0.0010211742
3.966634e-08,-0.0010168658
3.976634e-08,-0.0010060949
3.986634e-08,-0.00098814338
3.996634e-08,-0.00096660156
4.006634e-08,-0.00094649586
4.016634e-08,-0.00093357077
4.026634e-08,-0.00093069853
4.036634e-08,-0.00093644301
4.046634e-08,-0.0009457778
4.056634e-08,-0.00095295841
4.066634e-08,-0.00095367647
4.076634e-08,-0.00094865005
4.086634e-08,-0.00094146944
4.096634e-08,-0.00093787914
4.106634e-08,-0.0009421875
4.116634e-08,-0.00095439453
4.126634e-08,-0.00096947381
4.136634e-08,-0.0009823989
4.146634e-08,-0.00098814338
4.156634e-08,-0.0009859892
4.166634e-08,-0.00098168084
4.176634e-08,-0.00098024472
4.186634e-08,-0.00098814338
4.196634e-08,-0.001007531
4.206634e-08,-0.0010340993
4.216634e-08,-0.0010606675
4.226634e-08,-0.0010800551
4.236634e-08,-0.0010893899
4.246634e-08,-0.001090108
4.256634e-08,-0.0010886719
4.266634e-08,-0.0010915441
4.276634e-08,-0.0011030331
4.286634e-08,-0.0011231388
4.296634e-08,-0.0011482709
4.306634e-08,-0.0011719669
4.316634e-08,-0.0011913545
4.326634e-08,-0.0012049977
4.336634e-08,-0.0012164867
4.346634e-08,-0.0012294118
4.356634e-08,-0.0012452091
4.366634e-08,-0.0012624426
4.376634e-08,-0.0012775218
4.386634e-08,-0.0012868566
4.396634e-08,-0.0012882927
4.406634e-08,-0.0012832663
4.416634e-08,-0.0012775218
4.426634e-08,-0.0012753676
4.436634e-08,-0.0012803941
4.446634e-08,-0.001291165
4.456634e-08,-0.001302654
4.466634e-08,-0.0013098346
4.476634e-08,-0.0013091165
4.486634e-08,-0.0012997817
4.496634e-08,-0.0012868566
4.506634e-08,-0.0012753676
4.516634e-08,-0.0012689051
4.526634e-08,-0.0012689051
4.536634e-08,-0.0012724954
4.546634e-08,-0.0012753676
4.556634e-08,-0.0012746496
4.566634e-08,-0.0012689051
4.576634e-08,-0.0012602884
4.586634e-08,-0.0012523897
4.596634e-08,-0.0012480813
4.606634e-08,-0.0012480813
4.616634e-08,-0.0012502355
4.626634e-08,-0.0012523897
4.636634e-08,-0.0012509536
4.646634e-08,-0.0012459272
4.656634e-08,-0.0012373104
4.666634e-08,-0.0012294118
4.676634e-08,-0.0012229492
4.686634e-08,-0.0012193589
4.696634e-08,-0.0012186409
4.706634e-08,-0.0012179228
4.716634e-08,-0.0012172047
4.726634e-08,-0.0012164867
4.736634e-08,-0.0012164867
4.746634e-08,-0.0012179228
4.756634e-08,-0.001220077
4.766634e-08,-0.0012229492
4.776634e-08,-0.0012258215
4.786634e-08,-0.0012294118
4.796634e-08,-0.0012351563
4.806634e-08,-0.0012459272
4.816634e-08,-0.0012631606
4.826634e-08,-0.0012868566
4.836634e-08,-0.0013127068
4.846634e-08,-0.0013335306
4.856634e-08,-0.0013457376
4.866634e-08,-0.0013443015
4.876634e-08,-0.0013328125
4.886634e-08,-0.0013162971
4.896634e-08,-0.001302654
4.906634e-08,-0.0012983456
4.916634e-08,-0.0013040901
4.926634e-08,-0.0013177332
4.936634e-08,-0.0013328125
4.946634e-08,-0.0013443015
4.956634e-08,-0.001350046
4.966634e-08,-0.0013529182
4.976634e-08,-0.0013572266
4.986634e-08,-0.0013672794
4.996634e-08,-0.0013845129
5.006634e-08,-0.0014074908
5.016634e-08,-0.0014297507
5.026634e-08,-0.0014477022
5.036634e-08,-0.0014577551
5.046634e-08,-0.0014613454
5.056634e-08,-0.0014606273
5.066634e-08,-0.0014591912
5.076634e-08,-0.0014584731
5.086634e-08,-0.001457037
5.096634e-08,-0.0014541648
5.106634e-08,-0.0014477022
5.116634e-08,-0.0014398035
5.126634e-08,-0.0014347771
5.136634e-08,-0.0014362132
5.146634e-08,-0.0014477022
5.156634e-08,-0.0014663718
5.166634e-08,-0.0014864775
5.176634e-08,-0.0015008387
5.186634e-08,-0.0015051471
5.196634e-08,-0.0014994026
5.206634e-08,-0.0014893497
5.216634e-08,-0.0014814511
5.226634e-08,-0.0014821691
5.236634e-08,-0.001492222
5.246634e-08,-0.0015080193
5.256634e-08,-0.0015223805
5.266634e-08,-0.001528125
5.276634e-08,-0.0015245347
5.286634e-08,-0.001516636
5.296634e-08,-0.0015116096
5.306634e-08,-0.001516636
5.316634e-08,-0.0015353056
5.326634e-08,-0.001564028
5.336634e-08,-0.0015956227
5.346634e-08,-0.0016200368
5.356634e-08,-0.0016322438
5.366634e-08,-0.0016329619
5.376634e-08,-0.0016264993
5.386634e-08,-0.0016200368
5.396634e-08,-0.0016178826
5.406634e-08,-0.0016221909
5.416634e-08,-0.0016279354
5.426634e-08,-0.0016315257
5.436634e-08,-0.0016300896
5.446634e-08,-0.0016250632
5.456634e-08,-0.0016200368
5.466634e-08,-0.0016200368
5.476634e-08,-0.0016272174
5.486634e-08,-0.0016408605
5.496634e-08,-0.0016552217
5.506634e-08,-0.0016659926
5.516634e-08,-0.0016688649
5.526634e-08,-0.0016631204
5.536634e-08,-0.0016530676
5.546634e-08,-0.0016430147
5.556634e-08,-0.001635116
5.566634e-08,-0.0016300896
5.576634e-08,-0.0016257812
5.586634e-08,-0.0016200368
5.596634e-08,-0.0016121381
5.606634e-08,-0.0016056756
5.616634e-08,-0.0016035214
5.626634e-08,-0.0016085478
5.636634e-08,-0.0016214729
5.646634e-08,-0.0016372702
5.656634e-08,-0.0016494773
5.666634e-08,-0.0016545037
5.676634e-08,-0.0016501953
5.686634e-08,-0.0016401425
5.696634e-08,-0.0016322438
5.706634e-08,-0.0016315257
5.716634e-08,-0.0016415786
5.726634e-08,-0.0016595301
5.736634e-08,-0.0016774816
5.746634e-08,-0.0016889706
5.756634e-08,-0.0016889706
5.766634e-08,-0.0016789177
5.776634e-08,-0.0016645565
5.786634e-08,-0.0016545037
5.796634e-08,-0.0016552217
5.806634e-08,-0.0016688649
5.816634e-08,-0.001693279
5.826634e-08,-0.0017234375
5.836634e-08,-0.0017543141
5.846634e-08,-0.0017823185
5.856634e-08,-0.0018067325
5.866634e-08,-0.0018268382
5.876634e-08,-0.0018433536
5.886634e-08,-0.0018555607
5.896634e-08,-0.0018613051
5.906634e-08,-0.0018613051
5.916634e-08,-0.0018562787
5.926634e-08,-0.0018519704
5.936634e-08,-0.0018519704
5.946634e-08,-0.0018613051
5.956634e-08,-0.0018799747
5.966634e-08,-0.0019058249
5.976634e-08,-0.0019316751
5.986634e-08,-0.0019532169
5.996634e-08,-0.0019682962
6.006634e-08,-0.001978349
6.016634e-08,-0.0019876838
6.026634e-08,-0.0019991728
6.036634e-08,-0.0020149701
6.046634e-08,-0.0020322036
6.056634e-08,-0.0020472829
6.066634e-08,-0.0020566176
6.076634e-08,-0.0020587718
6.086634e-08,-0.0020566176
6.096634e-08,-0.0020544635
6.106634e-08,-0.0020566176
6.116634e-08,-0.0020637983
6.126634e-08,-0.0020745692
6.136634e-08,-0.002084622
6.146634e-08,-0.0020910846
6.156634e-08,-0.0020932387
6.166634e-08,-0.0020932387
6.176634e-08,-0.0020953929
6.186634e-08,-0.0021025735
6.196634e-08,-0.0021140625
6.206634e-08,-0.0021269876
6.216634e-08,-0.0021356043
6.226634e-08,-0.0021370404
6.236634e-08,-0.002131296
6.246634e-08,-0.0021233973
6.256634e-08,-0.002119807
6.266634e-08,-0.0021255515
6.276634e-08,-0.0021406307
6.286634e-08,-0.0021621726
6.296634e-08,-0.0021815602
6.306634e-08,-0.0021944853
6.316634e-08,-0.0021987937
6.326634e-08,-0.0021987937
6.336634e-08,-0.0021995117
6.346634e-08,-0.0022059743
6.356634e-08,-0.0022196174
6.366634e-08,-0.0022354148
6.376634e-08,-0.0022483398
6.386634e-08,-0.0022519301
6.396634e-08,-0.0022454676
6.406634e-08,-0.0022346967
6.416634e-08,-0.002226798
6.426634e-08,-0.0022289522
6.436634e-08,-0.0022440315
6.446634e-08,-0.0022677275
6.456634e-08,-0.0022921415
6.466634e-08,-0.002309375
6.476634e-08,-0.0023158375
6.486634e-08,-0.0023129653
6.496634e-08,-0.0023086569
6.506634e-08,-0.002309375
6.516634e-08,-0.0023187098
6.526634e-08,-0.0023345071
6.536634e-08,-0.0023495864
6.546634e-08,-0.0023553309
6.556634e-08,-0.0023481503
6.566634e-08,-0.0023287626
6.576634e-08,-0.0023050666
6.586634e-08,-0.0022863971
6.596634e-08,-0.0022792165
6.606634e-08,-0.0022863971
6.616634e-08,-0.0023021944
6.626634e-08,-0.002320864
6.636634e-08,-0.0023345071
6.646634e-08,-0.0023402516
6.656634e-08,-0.0023380974
6.666634e-08,-0.0023323529
6.676634e-08,-0.0023258904
6.686634e-08,-0.002320864
6.696634e-08,-0.0023158375
6.706634e-08,-0.002309375
6.716634e-08,-0.0023000402
6.726634e-08,-0.0022899874
6.736634e-08,-0.0022806526
6.746634e-08,-0.0022749081
6.756634e-08,-0.00227419
6.766634e-08,-0.0022763442
6.776634e-08,-0.0022777803
6.786634e-08,-0.0022749081
6.796634e-08,-0.0022670094
6.806634e-08,-0.0022555205
6.816634e-08,-0.0022454676
6.826634e-08,-0.0022404412
6.836634e-08,-0.0022411592
6.846634e-08,-0.0022461857
6.856634e-08,-0.0022512121
6.866634e-08,-0.0022519301
6.876634e-08,-0.0022469037
6.886634e-08,-0.0022368509
6.896634e-08,-0.00222608
6.906634e-08,-0.0022174632
6.916634e-08,-0.0022131549
6.926634e-08,-0.0022110007
6.936634e-08,-0.0022095646
6.946634e-08,-0.0022059743
6.956634e-08,-0.0022009478
6.966634e-08,-0.0021980756
6.976634e-08,-0.0021987937
6.986634e-08,-0.0022059743
6.996634e-08,-0.0022160271
7.006634e-08,-0.0022239258
7.016634e-08,-0.0022253619
7.026634e-08,-0.0022174632
7.036634e-08,-0.0022038201
7.046634e-08,-0.0021930492
7.056634e-08,-0.0021916131
7.066634e-08,-0.0022059743
7.076634e-08,-0.0022332606
7.086634e-08,-0.0022648552
7.096634e-08,-0.0022892693
7.106634e-08,-0.002297886
7.116634e-08,-0.0022878332
7.126634e-08,-0.0022641372
7.136634e-08,-0.0022375689
7.146634e-08,-0.0022174632
7.156634e-08,-0.0022102826
7.166634e-08,-0.0022138729
7.176634e-08,-0.0022232077
7.186634e-08,-0.0022289522
7.196634e-08,-0.0022282341
7.206634e-08,-0.0022224897
7.216634e-08,-0.0022167452
7.226634e-08,-0.0022174632
7.236634e-08,-0.002226798
7.246634e-08,-0.0022418773
7.256634e-08,-0.0022569566
7.266634e-08,-0.0022634191
7.276634e-08,-0.0022591108
7.286634e-08,-0.0022454676
7.296634e-08,-0.0022289522
7.306634e-08,-0.0022174632
7.316634e-08,-0.0022153091
7.326634e-08,-0.0022217716
7.336634e-08,-0.0022318244
7.346634e-08,-0.0022404412
7.356634e-08,-0.0022440315
7.366634e-08,-0.0022440315
7.376634e-08,-0.0022454676
7.386634e-08,-0.0022519301
7.396634e-08,-0.0022662914
7.406634e-08,-0.0022842429
7.416634e-08,-0.0023007583
7.426634e-08,-0.002309375
7.436634e-08,-0.0023072208
7.446634e-08,-0.0022986041
7.456634e-08,-0.0022885512
7.466634e-08,-0.0022863971
7.476634e-08,-0.0022950138
7.486634e-08,-0.0023136834
7.496634e-08,-0.0023366613
7.506634e-08,-0.0023553309
7.516634e-08,-0.0023668199
7.526634e-08,-0.0023704102
7.536634e-08,-0.0023725643
7.546634e-08,-0.0023783088
7.556634e-08,-0.00239267
7.566634e-08,-0.0024142119
7.576634e-08,-0.0024386259
7.586634e-08,-0.0024587316
7.596634e-08,-0.0024695025
7.606634e-08,-0.0024702206
7.616634e-08,-0.0024651942
7.626634e-08,-0.0024587316
7.636634e-08,-0.0024551413
7.646634e-08,-0.0024558594
7.656634e-08,-0.0024580136
7.666634e-08,-0.0024587316
7.676634e-08,-0.0024551413
7.686634e-08,-0.0024493968
7.696634e-08,-0.0024458065
7.706634e-08,-0.0024472426
7.716634e-08,-0.0024572955
7.726634e-08,-0.0024730928
7.736634e-08,-0.0024910443
7.746634e-08,-0.0025046875
7.756634e-08,-0.00251115
7.766634e-08,-0.002510432
7.776634e-08,-0.0025068417
7.786634e-08,-0.0025046875
7.796634e-08,-0.0025082778
7.806634e-08,-0.0025168945
7.816634e-08,-0.0025283835
7.826634e-08,-0.0025391544
7.836634e-08,-0.002546335
7.846634e-08,-0.0025506434
7.856634e-08,-0.0025549517
7.866634e-08,-0.0025621324
7.876634e-08,-0.0025743394
7.886634e-08,-0.0025901367
7.896634e-08,-0.0026066521
7.906634e-08,-0.0026195772
7.916634e-08,-0.0026274759
7.926634e-08,-0.0026303481
7.936634e-08,-0.0026303481
7.946634e-08,-0.0026310662
7.956634e-08,-0.0026332204
7.966634e-08,-0.0026353745
7.976634e-08,-0.0026346565
7.986634e-08,-0.0026310662
7.996634e-08,-0.0026238856
8.006634e-08,-0.002616705
8.016634e-08,-0.0026138327
8.026634e-08,-0.0026195772
8.036634e-08,-0.0026332204
8.046634e-08,-0.0026511719
8.056634e-08,-0.0026676873
8.066634e-08,-0.0026770221
8.076634e-08,-0.0026777401
8.086634e-08,-0.0026712776
8.096634e-08,-0.0026619428
8.106634e-08,-0.0026540441
8.116634e-08,-0.0026504538
8.126634e-08,-0.0026490177
8.136634e-08,-0.0026475816
8.146634e-08,-0.0026425551
8.156634e-08,-0.0026332204
8.166634e-08,-0.0026238856
8.176634e-08,-0.002617423
8.186634e-08,-0.0026195772
8.196634e-08,-0.0026310662
8.206634e-08,-0.0026475816
8.216634e-08,-0.002664815
8.226634e-08,-0.0026770221
8.236634e-08,-0.0026813304
8.246634e-08,-0.0026791762
8.256634e-08,-0.002676304
8.266634e-08,-0.0026770221
8.276634e-08,-0.0026834846
8.286634e-08,-0.0026949736
8.296634e-08,-0.0027057445
8.306634e-08,-0.002711489
8.316634e-08,-0.0027100528
8.326634e-08,-0.0027035903
8.336634e-08,-0.0026985639
8.346634e-08,-0.0027
8.356634e-08,-0.002711489
8.366634e-08,-0.0027330308
8.376634e-08,-0.0027581629
8.386634e-08,-0.0027804228
8.396634e-08,-0.002794784
8.406634e-08,-0.0027998104
8.416634e-08,-0.0027976563
8.426634e-08,-0.0027919118
8.436634e-08,-0.0027876034
8.446634e-08,-0.0027861673
8.456634e-08,-0.0027883215
8.466634e-08,-0.0027919118
8.476634e-08,-0.0027955021
8.486634e-08,-0.0028005285
8.496634e-08,-0.002806273
8.506634e-08,-0.0028148897
8.516634e-08,-0.0028263787
8.526634e-08,-0.0028393038
8.536634e-08,-0.0028515108
8.546634e-08,-0.0028608456
8.556634e-08,-0.0028673081
8.566634e-08,-0.0028723346
8.576634e-08,-0.002878079
8.586634e-08,-0.0028838235
8.596634e-08,-0.002889568
8.606634e-08,-0.0028924403
8.616634e-08,-0.0028902861
8.626634e-08,-0.0028838235
8.636634e-08,-0.0028752068
8.646634e-08,-0.0028701804
8.656634e-08,-0.0028730526
8.666634e-08,-0.0028838235
8.676634e-08,-0.0028996209
8.686634e-08,-0.002913264
8.696634e-08,-0.0029168543
8.706634e-08,-0.0029068015
8.716634e-08,-0.0028859777
8.726634e-08,-0.0028615636
8.736634e-08,-0.0028436121
8.746634e-08,-0.0028378676
8.756634e-08,-0.0028450483
8.766634e-08,-0.0028586914
8.776634e-08,-0.0028701804
8.786634e-08,-0.0028723346
8.796634e-08,-0.0028629998
8.806634e-08,-0.0028464844
8.816634e-08,-0.0028321232
8.826634e-08,-0.0028263787
8.836634e-08,-0.0028328412
8.846634e-08,-0.0028479205
8.856634e-08,-0.0028637178
8.866634e-08,-0.0028723346
8.876634e-08,-0.0028687443
8.886634e-08,-0.0028558192
8.896634e-08,-0.0028393038
8.906634e-08,-0.0028263787
8.916634e-08,-0.0028213523
8.926634e-08,-0.0028235064
8.936634e-08,-0.0028270967
8.946634e-08,-0.0028263787
8.956634e-08,-0.0028191981
8.966634e-08,-0.002806991
8.976634e-08,-0.0027955021
8.986634e-08,-0.0027919118
8.996634e-08,-0.0027976563
9.006634e-08,-0.0028105813
9.016634e-08,-0.0028227884
9.026634e-08,-0.0028263787
9.036634e-08,-0.0028177619
9.046634e-08,-0.0027983743
9.056634e-08,-0.0027753964
9.066634e-08,-0.0027574449
9.076634e-08,-0.0027502642
9.086634e-08,-0.0027545726
9.096634e-08,-0.0027667796
9.106634e-08,-0.0027804228
9.116634e-08,-0.0027904756
9.126634e-08,-0.0027976563
9.136634e-08,-0.0028034007
9.146634e-08,-0.0028148897
9.156634e-08,-0.0028349954
9.166634e-08,-0.0028622817
9.176634e-08,-0.0028924403
9.186634e-08,-0.0029182904
9.196634e-08,-0.0029348058
9.206634e-08,-0.0029412684
9.216634e-08,-0.0029405503
9.226634e-08,-0.0029412684
9.236634e-08,-0.002948449
9.246634e-08,-0.0029664005
9.256634e-08,-0.0029922507
9.266634e-08,-0.0030216912
9.276634e-08,-0.0030496955
9.286634e-08,-0.0030726735
9.296634e-08,-0.0030891889
9.306634e-08,-0.003102114
9.316634e-08,-0.0031128849
9.326634e-08,-0.0031243739
9.336634e-08,-0.0031365809
9.346634e-08,-0.0031480699
9.356634e-08,-0.0031581227
9.366634e-08,-0.0031674575
9.376634e-08,-0.0031753562
9.386634e-08,-0.0031825368
9.396634e-08,-0.0031897174
9.406634e-08,-0.0031947438
9.416634e-08,-0.003196898
9.426634e-08,-0.0031940257
9.436634e-08,-0.0031882812
9.446634e-08,-0.0031818187
9.456634e-08,-0.0031789465
9.466634e-08,-0.0031825368
9.476634e-08,-0.0031925896
9.486634e-08,-0.0032055147
9.496634e-08,-0.0032191579
9.506634e-08,-0.0032284926
9.516634e-08,-0.003232083
9.526634e-08,-0.003232083
9.536634e-08,-0.0032299288
9.546634e-08,-0.0032284926
9.556634e-08,-0.0032284926
9.566634e-08,-0.0032284926
9.576634e-08,-0.0032249023
9.586634e-08,-0.0032170037
9.596634e-08,-0.0032055147
9.606634e-08,-0.0031940257
9.616634e-08,-0.0031889993
9.626634e-08,-0.0031940257
9.636634e-08,-0.0032105411
9.646634e-08,-0.0032349552
9.656634e-08,-0.0032622415
9.666634e-08,-0.0032859375
9.676634e-08,-0.0033024529
9.686634e-08,-0.0033117877
9.696634e-08,-0.0033168141
9.706634e-08,-0.0033204044
9.716634e-08,-0.0033254308
9.726634e-08,-0.0033318934
9.736634e-08,-0.0033383559
9.746634e-08,-0.0033433824
9.756634e-08,-0.0033462546
9.766634e-08,-0.0033498449
9.776634e-08,-0.0033555894
9.786634e-08,-0.0033663603
9.796634e-08,-0.0033821576
9.806634e-08,-0.0033993911
9.816634e-08,-0.0034144704
9.826634e-08,-0.0034238051
9.836634e-08,-0.0034273955
9.846634e-08,-0.0034266774
9.856634e-08,-0.0034245232
9.866634e-08,-0.0034238051
9.876634e-08,-0.0034238051
9.886634e-08,-0.003421651
9.896634e-08,-0.0034144704
9.906634e-08,-0.0034008272
9.916634e-08,-0.0033828757
9.926634e-08,-0.0033649242
9.936634e-08,-0.0033541533
9.946634e-08,-0.0033548713
9.956634e-08,-0.0033670784
9.966634e-08,-0.003386466
9.976634e-08,-0.0034072898
9.986634e-08,-0.0034238051
9.996634e-08,-0.0034331399
1.000663e-07,-0.0034352941
1.001663e-07,-0.0034352941
1.002663e-07,-0.0034352941
1.003663e-07,-0.0034352941
1.004663e-07,-0.0034345761
1.005663e-07,-0.0034309858
1.006663e-07,-0.0034238051
1.007663e-07,-0.0034166245
1.008663e-07,-0.0034151884
1.009663e-07,-0.0034252413
1.010663e-07,-0.0034467831
1.011663e-07,-0.0034762236
1.012663e-07,-0.0035035099
1.013663e-07,-0.0035185892
1.014663e-07,-0.0035157169
1.015663e-07,-0.0034970473
1.016663e-07,-0.0034711972
1.017663e-07,-0.0034510915
1.018663e-07,-0.0034467831
1.019663e-07,-0.0034611443
1.020663e-07,-0.0034891487
1.021663e-07,-0.0035185892
1.022663e-07,-0.0035386949
1.023663e-07,-0.0035437213
1.024663e-07,-0.0035351045
1.025663e-07,-0.0035221795
1.026663e-07,-0.0035157169
1.027663e-07,-0.0035214614
1.028663e-07,-0.003540131
1.029663e-07,-0.003563827
1.030663e-07,-0.0035846507
1.031663e-07,-0.0035954216
1.032663e-07,-0.0035947036
1.033663e-07,-0.0035889591
1.034663e-07,-0.0035846507
1.035663e-07,-0.003588241
1.036663e-07,-0.0036018842
1.037663e-07,-0.0036219899
1.038663e-07,-0.0036420956
1.039663e-07,-0.0036571749
1.040663e-07,-0.0036665097
1.041663e-07,-0.0036715361
1.042663e-07,-0.0036765625
1.043663e-07,-0.0036858973
1.044663e-07,-0.0037002585
1.045663e-07,-0.003717492
1.046663e-07,-0.0037340074
1.047663e-07,-0.0037469324
1.048663e-07,-0.0037555492
1.049663e-07,-0.0037620117
1.050663e-07,-0.0037684743
1.051663e-07,-0.0037749368
1.052663e-07,-0.0037813994
1.053663e-07,-0.0037835535
1.054663e-07,-0.0037799632
1.055663e-07,-0.0037713465
1.056663e-07,-0.0037620117
1.057663e-07,-0.0037555492
1.058663e-07,-0.0037569853
1.059663e-07,-0.003765602
1.060663e-07,-0.0037778091
1.061663e-07,-0.00378858
1.062663e-07,-0.0037914522
1.063663e-07,-0.0037864258
1.064663e-07,-0.003777091
1.065663e-07,-0.0037691923
1.066663e-07,-0.0037684743
1.067663e-07,-0.0037756549
1.068663e-07,-0.0037878619
1.069663e-07,-0.0037986328
1.070663e-07,-0.0038029412
1.071663e-07,-0.0037986328
1.072663e-07,-0.00378858
1.073663e-07,-0.0037806813
1.074663e-07,-0.0037799632
1.075663e-07,-0.0037900161
1.076663e-07,-0.0038072495
1.077663e-07,-0.0038252011
1.078663e-07,-0.0038374081
1.079663e-07,-0.0038402803
1.080663e-07,-0.0038352539
1.081663e-07,-0.0038280733
1.082663e-07,-0.0038259191
1.083663e-07,-0.0038330997
1.084663e-07,-0.003848179
1.085663e-07,-0.0038668486
1.086663e-07,-0.003883364
1.087663e-07,-0.0038926988
1.088663e-07,-0.003895571
1.089663e-07,-0.0038941349
1.090663e-07,-0.0038948529
1.091663e-07,-0.0038998794
1.092663e-07,-0.0039099322
1.093663e-07,-0.0039207031
1.094663e-07,-0.0039293199
1.095663e-07,-0.0039321921
1.096663e-07,-0.0039293199
1.097663e-07,-0.0039235754
1.098663e-07,-0.0039178309
1.099663e-07,-0.0039135225
1.100663e-07,-0.0039092142
1.101663e-07,-0.0039034697
1.102663e-07,-0.0038948529
1.103663e-07,-0.003883364
1.104663e-07,-0.0038733111
1.105663e-07,-0.0038682847
1.106663e-07,-0.003871875
1.107663e-07,-0.0038819278
1.108663e-07,-0.0038934168
1.109663e-07,-0.0038991613
1.110663e-07,-0.0038948529
1.111663e-07,-0.0038790556
1.112663e-07,-0.0038553596
1.113663e-07,-0.0038316636
1.114663e-07,-0.0038144301
1.115663e-07,-0.0038058134
1.116663e-07,-0.0038043773
1.117663e-07,-0.0038050954
1.118663e-07,-0.0038029412
1.119663e-07,-0.0037971967
1.120663e-07,-0.00378858
1.121663e-07,-0.0037821174
1.122663e-07,-0.0037799632
1.123663e-07,-0.0037821174
1.124663e-07,-0.0037835535
1.125663e-07,-0.0037799632
1.126663e-07,-0.0037684743
1.127663e-07,-0.0037498047
1.128663e-07,-0.0037289809
1.129663e-07,-0.0037146197
1.130663e-07,-0.0037110294
1.131663e-07,-0.00371821
1.132663e-07,-0.003729699
1.133663e-07,-0.0037368796
1.134663e-07,-0.0037340074
1.135663e-07,-0.0037189281
1.136663e-07,-0.0036966682
1.137663e-07,-0.0036758444
1.138663e-07,-0.0036650735
1.139663e-07,-0.0036665097
1.140663e-07,-0.0036772806
1.141663e-07,-0.0036909237
1.142663e-07,-0.0036995404
1.143663e-07,-0.0037009766
1.144663e-07,-0.0036981043
1.145663e-07,-0.0036959501
1.146663e-07,-0.0036995404
1.147663e-07,-0.0037088752
1.148663e-07,-0.0037203642
1.149663e-07,-0.0037268267
1.150663e-07,-0.0037225184
1.151663e-07,-0.0037081572
1.152663e-07,-0.0036902057
1.153663e-07,-0.0036772806
1.154663e-07,-0.0036765625
1.155663e-07,-0.0036902057
1.156663e-07,-0.0037124655
1.157663e-07,-0.0037332893
1.158663e-07,-0.0037454963
1.159663e-07,-0.0037454963
1.160663e-07,-0.0037375977
1.161663e-07,-0.0037311351
1.162663e-07,-0.0037340074
1.163663e-07,-0.0037483686
1.164663e-07,-0.0037699104
1.165663e-07,-0.0037871438
1.166663e-07,-0.0037914522
1.167663e-07,-0.0037785271
1.168663e-07,-0.0037541131
1.169663e-07,-0.0037275448
1.170663e-07,-0.0037110294
1.171663e-07,-0.0037110294
1.172663e-07,-0.0037253906
1.173663e-07,-0.0037440602
1.174663e-07,-0.0037569853
1.175663e-07,-0.0037548311
1.176663e-07,-0.0037383157
1.177663e-07,-0.0037124655
1.178663e-07,-0.0036880515
1.179663e-07,-0.0036722541
1.180663e-07,-0.0036657916
1.181663e-07,-0.0036657916
1.182663e-07,-0.0036650735
1.183663e-07,-0.0036578929
1.184663e-07,-0.0036442498
1.185663e-07,-0.0036284524
1.186663e-07,-0.0036191176
1.187663e-07,-0.0036205538
1.188663e-07,-0.0036327608
1.189663e-07,-0.0036499943
1.190663e-07,-0.0036650735
1.191663e-07,-0.003670818
1.192663e-07,-0.0036643555
1.193663e-07,-0.0036492762
1.194663e-07,-0.0036306066
1.195663e-07,-0.0036133732
1.196663e-07,-0.0036011661
1.197663e-07,-0.0035918313
1.198663e-07,-0.0035846507
1.199663e-07,-0.0035767521
1.200663e-07,-0.0035702895
1.201663e-07,-0.0035674173
1.202663e-07,-0.0035731618
1.203663e-07,-0.003588241
1.204663e-07,-0.0036097829
1.205663e-07,-0.0036334789
1.206663e-07,-0.0036535846
1.207663e-07,-0.0036657916
1.208663e-07,-0.0036693819
1.209663e-07,-0.0036679458
1.210663e-07,-0.0036650735
1.211663e-07,-0.0036636374
1.212663e-07,-0.0036636374
1.213663e-07,-0.0036650735
1.214663e-07,-0.0036650735
1.215663e-07,-0.0036643555
1.216663e-07,-0.0036650735
1.217663e-07,-0.0036686638
1.218663e-07,-0.0036765625
1.219663e-07,-0.0036880515
1.220663e-07,-0.0037002585
1.221663e-07,-0.0037081572
1.222663e-07,-0.0037110294
1.223663e-07,-0.0037095933
1.224663e-07,-0.0037088752
1.225663e-07,-0.0037131836
1.226663e-07,-0.0037225184
1.227663e-07,-0.0037347254
1.228663e-07,-0.003741906
1.229663e-07,-0.0037390338
1.230663e-07,-0.0037225184
1.231663e-07,-0.0036973863
1.232663e-07,-0.0036736903
1.233663e-07,-0.0036607652
1.234663e-07,-0.0036650735
1.235663e-07,-0.0036851792
1.236663e-07,-0.0037131836
1.237663e-07,-0.0037361615
1.238663e-07,-0.0037454963
1.239663e-07,-0.0037390338
1.240663e-07,-0.0037225184
1.241663e-07,-0.003706003
1.242663e-07,-0.0036995404
1.243663e-07,-0.0037052849
1.244663e-07,-0.0037189281
1.245663e-07,-0.0037311351
1.246663e-07,-0.0037340074
1.247663e-07,-0.0037246726
1.248663e-07,-0.003706003
1.249663e-07,-0.0036873334
1.250663e-07,-0.0036765625
1.251663e-07,-0.0036772806
1.252663e-07,-0.0036880515
1.253663e-07,-0.0037016946
1.254663e-07,-0.0037110294
1.255663e-07,-0.0037146197
1.256663e-07,-0.0037146197
1.257663e-07,-0.0037160558
1.258663e-07,-0.0037225184
1.259663e-07,-0.0037340074
1.260663e-07,-0.0037433421
1.261663e-07,-0.0037454963
1.262663e-07,-0.0037340074
1.263663e-07,-0.0037124655
1.264663e-07,-0.0036894876
1.265663e-07,-0.0036751264
1.266663e-07,-0.0036765625
1.267663e-07,-0.0036930779
1.268663e-07,-0.0037160558
1.269663e-07,-0.0037325712
1.270663e-07,-0.0037340074
1.271663e-07,-0.0037189281
1.272663e-07,-0.0036959501
1.273663e-07,-0.0036779986
1.274663e-07,-0.0036765625
1.275663e-07,-0.003694514
1.276663e-07,-0.0037239545
1.277663e-07,-0.003753395
1.278663e-07,-0.0037684743
1.279663e-07,-0.003765602
1.280663e-07,-0.0037490866
1.281663e-07,-0.003730417
1.282663e-07,-0.0037225184
1.283663e-07,-0.003730417
1.284663e-07,-0.0037512408
1.285663e-07,-0.0037756549
1.286663e-07,-0.0037914522
1.287663e-07,-0.0037936064
1.288663e-07,-0.0037849897
1.289663e-07,-0.0037735007
1.290663e-07,-0.0037684743
1.291663e-07,-0.0037727826
1.292663e-07,-0.0037835535
1.293663e-07,-0.0037928883
1.294663e-07,-0.0037914522
1.295663e-07,-0.0037792452
1.296663e-07,-0.0037620117
1.297663e-07,-0.0037512408
1.298663e-07,-0.0037569853
1.299663e-07,-0.0037821174
1.300663e-07,-0.0038194566
1.301663e-07,-0.0038539235
1.302663e-07,-0.003871875
1.303663e-07,-0.0038668486
1.304663e-07,-0.0038431526
1.305663e-07,-0.003812994
1.306663e-07,-0.0037914522
1.307663e-07,-0.0037871438
1.308663e-07,-0.0038000689
1.309663e-07,-0.0038208927
1.310663e-07,-0.0038374081
1.311663e-07,-0.0038409984
1.312663e-07,-0.0038330997
1.313663e-07,-0.0038201746
1.314663e-07,-0.0038144301
1.315663e-07,-0.0038223288
1.316663e-07,-0.0038431526
1.317663e-07,-0.0038675666
1.318663e-07,-0.003883364
1.319663e-07,-0.0038826459
1.320663e-07,-0.0038646944
1.321663e-07,-0.0038381261
1.322663e-07,-0.0038144301
1.323663e-07,-0.0038036592
1.324663e-07,-0.0038086857
1.325663e-07,-0.0038230469
1.326663e-07,-0.0038374081
1.327663e-07,-0.0038424345
1.328663e-07,-0.0038352539
1.329663e-07,-0.0038194566
1.330663e-07,-0.0038029412
1.331663e-07,-0.0037943244
1.332663e-07,-0.0037964786
1.333663e-07,-0.0038058134
1.334663e-07,-0.0038144301
1.335663e-07,-0.0038144301
1.336663e-07,-0.0038029412
1.337663e-07,-0.0037813994
1.338663e-07,-0.0037569853
1.339663e-07,-0.0037375977
1.340663e-07,-0.0037275448
1.341663e-07,-0.0037275448
1.342663e-07,-0.0037340074
1.343663e-07,-0.003741188
1.344663e-07,-0.0037440602
1.345663e-07,-0.003741188
1.346663e-07,-0.0037340074
1.347663e-07,-0.0037246726
1.348663e-07,-0.0037153378
1.349663e-07,-0.003706721
1.350663e-07,-0.0036995404
1.351663e-07,-0.003693796
1.352663e-07,-0.0036909237
1.353663e-07,-0.0036930779
1.354663e-07,-0.0036995404
1.355663e-07,-0.0037095933
1.356663e-07,-0.0037196461
1.357663e-07,-0.0037253906
1.358663e-07,-0.0037225184
1.359663e-07,-0.0037117475
1.360663e-07,-0.0036966682
1.361663e-07,-0.003683025
1.362663e-07,-0.0036765625
1.363663e-07,-0.0036787167
1.364663e-07,-0.0036866153
1.365663e-07,-0.0036959501
1.366663e-07,-0.0036995404
1.367663e-07,-0.003694514
1.368663e-07,-0.0036815889
1.369663e-07,-0.0036665097
1.370663e-07,-0.0036535846
1.371663e-07,-0.0036485581
1.372663e-07,-0.0036514304
1.373663e-07,-0.003658611
1.374663e-07,-0.0036650735
1.375663e-07,-0.0036665097
1.376663e-07,-0.0036622013
1.377663e-07,-0.0036521484
1.378663e-07,-0.0036420956
1.379663e-07,-0.003634915
1.380663e-07,-0.0036327608
1.381663e-07,-0.003635633
1.382663e-07,-0.0036420956
1.383663e-07,-0.0036492762
1.384663e-07,-0.0036571749
1.385663e-07,-0.0036665097
1.386663e-07,-0.0036765625
1.387663e-07,-0.0036887695
1.388663e-07,-0.0037009766
1.389663e-07,-0.0037131836
1.390663e-07,-0.0037225184
1.391663e-07,-0.003730417
1.392663e-07,-0.0037390338
1.393663e-07,-0.0037512408
1.394663e-07,-0.0037684743
1.395663e-07,-0.0037914522
1.396663e-07,-0.0038165843
1.397663e-07,-0.0038409984
1.398663e-07,-0.003860386
1.399663e-07,-0.0038740292
1.400663e-07,-0.0038819278
1.401663e-07,-0.0038883904
1.402663e-07,-0.0038948529
1.403663e-07,-0.0039041877
1.404663e-07,-0.0039178309
1.405663e-07,-0.0039336282
1.406663e-07,-0.0039522978
1.407663e-07,-0.0039738396
1.408663e-07,-0.0039989717
1.409663e-07,-0.0040269761
1.410663e-07,-0.0040556985
1.411663e-07,-0.0040808307
1.412663e-07,-0.0040980641
1.413663e-07,-0.0041045267
1.414663e-07,-0.0041016544
1.415663e-07,-0.0040944738
1.416663e-07,-0.0040908835
1.417663e-07,-0.004096628
1.418663e-07,-0.0041131434
1.419663e-07,-0.0041361213
1.420663e-07,-0.0041583812
1.421663e-07,-0.0041713063
1.422663e-07,-0.0041705882
1.423663e-07,-0.0041590993
1.424663e-07,-0.0041425839
1.425663e-07,-0.0041296588
1.426663e-07,-0.0041246324
1.427663e-07,-0.0041267865
1.428663e-07,-0.0041310949
1.429663e-07,-0.0041310949
1.430663e-07,-0.0041246324
1.431663e-07,-0.0041138614
1.432663e-07,-0.0041066808
1.433663e-07,-0.0041095531
1.434663e-07,-0.0041246324
1.435663e-07,-0.0041483284
1.436663e-07,-0.0041698702
1.437663e-07,-0.004179205
1.438663e-07,-0.0041705882
1.439663e-07,-0.0041476103
1.440663e-07,-0.004121042
1.441663e-07,-0.0041023725
1.442663e-07,-0.0041016544
1.443663e-07,-0.0041167337
1.444663e-07,-0.0041397116
1.445663e-07,-0.0041569451
1.446663e-07,-0.0041590993
1.447663e-07,-0.0041454561
1.448663e-07,-0.0041239143
1.449663e-07,-0.0041066808
1.450663e-07,-0.0041016544
1.451663e-07,-0.0041109892
1.452663e-07,-0.0041289407
1.453663e-07,-0.0041433019
1.454663e-07,-0.0041476103
1.455663e-07,-0.0041404297
1.456663e-07,-0.0041296588
1.457663e-07,-0.0041260685
1.458663e-07,-0.0041361213
1.459663e-07,-0.0041583812
1.460663e-07,-0.0041820772
1.461663e-07,-0.0041935662
1.462663e-07,-0.0041820772
1.463663e-07,-0.0041490464
1.464663e-07,-0.0041059628
1.465663e-07,-0.0040700597
1.466663e-07,-0.0040556985
1.467663e-07,-0.0040664694
1.468663e-07,-0.0040944738
1.469663e-07,-0.0041224782
1.470663e-07,-0.0041361213
1.471663e-07,-0.0041296588
1.472663e-07,-0.0041102711
1.473663e-07,-0.0040923196
1.474663e-07,-0.0040901654
1.475663e-07,-0.004108835
1.476663e-07,-0.0041425839
1.477663e-07,-0.0041756147
1.478663e-07,-0.0041935662
1.479663e-07,-0.0041885398
1.480663e-07,-0.0041662799
1.481663e-07,-0.0041397116
1.482663e-07,-0.0041246324
1.483663e-07,-0.0041303768
1.484663e-07,-0.0041533548
1.485663e-07,-0.0041835133
1.486663e-07,-0.0042050551
1.487663e-07,-0.0042115177
1.488663e-07,-0.004203619
1.489663e-07,-0.0041935662
1.490663e-07,-0.0041935662
1.491663e-07,-0.0042093635
1.492663e-07,-0.0042380859
1.493663e-07,-0.0042682445
1.494663e-07,-0.0042854779
1.495663e-07,-0.0042818876
1.496663e-07,-0.0042596278
1.497663e-07,-0.0042294692
1.498663e-07,-0.0042050551
1.499663e-07,-0.0041957204
1.500663e-07,-0.0042000287
1.501663e-07,-0.0042115177
1.502663e-07,-0.0042165441
1.503663e-07,-0.0042093635
1.504663e-07,-0.004191412
1.505663e-07,-0.0041705882
1.506663e-07,-0.0041590993
1.507663e-07,-0.0041634076
1.508663e-07,-0.0041813591
1.509663e-07,-0.004203619
1.510663e-07,-0.0042165441
1.511663e-07,-0.0042129538
1.512663e-07,-0.0041921301
1.513663e-07,-0.0041619715
1.514663e-07,-0.0041361213
1.515663e-07,-0.0041224782
1.516663e-07,-0.0041239143
1.517663e-07,-0.0041354033
1.518663e-07,-0.0041476103
1.519663e-07,-0.0041540728
1.520663e-07,-0.0041526367
1.521663e-07,-0.0041490464
1.522663e-07,-0.0041476103
1.523663e-07,-0.0041533548
1.524663e-07,-0.0041655618
1.525663e-07,-0.0041770508
1.526663e-07,-0.0041820772
1.527663e-07,-0.0041756147
1.528663e-07,-0.0041590993
1.529663e-07,-0.0041397116
1.530663e-07,-0.0041246324
1.531663e-07,-0.0041181698
1.532663e-07,-0.0041188879
1.533663e-07,-0.0041231962
1.534663e-07,-0.0041246324
1.535663e-07,-0.0041217601
1.536663e-07,-0.0041174517
1.537663e-07,-0.0041167337
1.538663e-07,-0.0041246324
1.539663e-07,-0.0041418658
1.540663e-07,-0.0041634076
1.541663e-07,-0.004179205
1.542663e-07,-0.0041820772
1.543663e-07,-0.0041705882
1.544663e-07,-0.0041504825
1.545663e-07,-0.004131813
1.546663e-07,-0.0041246324
1.547663e-07,-0.0041339671
1.548663e-07,-0.004156227
1.549663e-07,-0.0041827953
1.550663e-07,-0.0042050551
1.551663e-07,-0.0042165441
1.552663e-07,-0.0042186983
1.553663e-07,-0.0042165441
1.554663e-07,-0.0042165441
1.555663e-07,-0.0042222886
1.556663e-07,-0.0042316234
1.557663e-07,-0.0042395221
1.558663e-07,-0.0042395221
1.559663e-07,-0.0042309053
1.560663e-07,-0.0042179802
1.561663e-07,-0.0042072093
1.562663e-07,-0.0042050551
1.563663e-07,-0.0042115177
1.564663e-07,-0.0042230067
1.565663e-07,-0.0042301873
1.566663e-07,-0.0042280331
1.567663e-07,-0.0042158261
1.568663e-07,-0.0042000287
1.569663e-07,-0.0041899759
1.570663e-07,-0.0041935662
1.571663e-07,-0.0042100816
1.572663e-07,-0.0042330595
1.573663e-07,-0.0042495749
1.574663e-07,-0.004251011
1.575663e-07,-0.0042344956
1.576663e-07,-0.0042072093
1.577663e-07,-0.0041820772
1.578663e-07,-0.0041705882
1.579663e-07,-0.0041784869
1.580663e-07,-0.0042021829
1.581663e-07,-0.0042309053
1.582663e-07,-0.004251011
1.583663e-07,-0.0042560375
1.584663e-07,-0.0042467027
1.585663e-07,-0.0042301873
1.586663e-07,-0.0042165441
1.587663e-07,-0.0042115177
1.588663e-07,-0.0042158261
1.589663e-07,-0.0042237247
1.590663e-07,-0.0042280331
1.591663e-07,-0.0042258789
1.592663e-07,-0.0042194164
1.593663e-07,-0.0042143899
1.594663e-07,-0.0042165441
1.595663e-07,-0.004227315
1.596663e-07,-0.0042431124
1.597663e-07,-0.0042567555
1.598663e-07,-0.0042625
1.599663e-07,-0.0042596278
1.600663e-07,-0.0042531652
1.601663e-07,-0.0042524472
1.602663e-07,-0.0042625
1.603663e-07,-0.0042840418
1.604663e-07,-0.004309892
1.605663e-07,-0.0043285616
1.606663e-07,-0.0043314338
1.607663e-07,-0.0043156365
1.608663e-07,-0.0042890682
1.609663e-07,-0.0042632181
1.610663e-07,-0.004251011
1.611663e-07,-0.0042574736
1.612663e-07,-0.0042797335
1.613663e-07,-0.0043077378
1.614663e-07,-0.0043314338
1.615663e-07,-0.004345077
1.616663e-07,-0.0043493853
1.617663e-07,-0.0043501034
1.618663e-07,-0.0043544118
1.619663e-07,-0.0043637466
1.620663e-07,-0.0043730813
1.621663e-07,-0.0043759536
1.622663e-07,-0.0043659007
1.623663e-07,-0.0043422047
1.624663e-07,-0.0043120462
1.625663e-07,-0.004286196
1.626663e-07,-0.004273989
1.627663e-07,-0.0042775793
1.628663e-07,-0.0042912224
1.629663e-07,-0.0043048656
1.630663e-07,-0.0043084559
1.631663e-07,-0.0043005572
1.632663e-07,-0.0042854779
1.633663e-07,-0.004273989
1.634663e-07,-0.004273989
1.635663e-07,-0.0042869141
1.636663e-07,-0.0043063017
1.637663e-07,-0.0043206629
1.638663e-07,-0.0043199449
1.639663e-07,-0.0043027114
1.640663e-07,-0.0042768612
1.641663e-07,-0.0042560375
1.642663e-07,-0.004251011
1.643663e-07,-0.0042660903
1.644663e-07,-0.0042948127
1.645663e-07,-0.0043249713
1.646663e-07,-0.0043429228
1.647663e-07,-0.0043443589
1.648663e-07,-0.0043328699
1.649663e-07,-0.004321381
1.650663e-07,-0.0043199449
1.651663e-07,-0.0043343061
1.652663e-07,-0.0043601563
1.653663e-07,-0.0043860064
1.654663e-07,-0.0044003676
1.655663e-07,-0.0043982135
1.656663e-07,-0.0043838523
1.657663e-07,-0.004368773
1.658663e-07,-0.0043659007
1.659663e-07,-0.0043802619
1.660663e-07,-0.0044097024
1.661663e-07,-0.0044434513
1.662663e-07,-0.0044693015
1.663663e-07,-0.0044822266
1.664663e-07,-0.0044836627
1.665663e-07,-0.0044836627
1.666663e-07,-0.0044922794
1.667663e-07,-0.0045138212
1.668663e-07,-0.0045446978
1.669663e-07,-0.0045755744
1.670663e-07,-0.0045956801
1.671663e-07,-0.0045999885
1.672663e-07,-0.0045913718
1.673663e-07,-0.0045791648
1.674663e-07,-0.0045727022
1.675663e-07,-0.0045777286
1.676663e-07,-0.0045906537
1.677663e-07,-0.0046028608
1.678663e-07,-0.0046071691
1.679663e-07,-0.0046007066
1.680663e-07,-0.0045899357
1.681663e-07,-0.0045849092
1.682663e-07,-0.0045956801
1.683663e-07,-0.0046236845
1.684663e-07,-0.0046610237
1.685663e-07,-0.0046947725
1.686663e-07,-0.0047105699
1.687663e-07,-0.0047019531
1.688663e-07,-0.0046732307
1.689663e-07,-0.0046366096
1.690663e-07,-0.0046071691
1.691663e-07,-0.004593526
1.692663e-07,-0.0045971163
1.693663e-07,-0.0046086052
1.694663e-07,-0.0046186581
1.695663e-07,-0.0046200942
1.696663e-07,-0.0046143497
1.697663e-07,-0.0046071691
1.698663e-07,-0.0046071691
1.699663e-07,-0.00461794
1.700663e-07,-0.0046373277
1.701663e-07,-0.0046552792
1.702663e-07,-0.004664614
1.703663e-07,-0.0046603056
1.704663e-07,-0.0046445083
1.705663e-07,-0.0046279929
1.706663e-07,-0.0046186581
1.707663e-07,-0.0046229665
1.708663e-07,-0.0046380457
1.709663e-07,-0.0046588695
1.710663e-07,-0.0046761029
1.711663e-07,-0.0046868739
1.712663e-07,-0.0046926183
1.713663e-07,-0.0046990809
1.714663e-07,-0.0047105699
1.715663e-07,-0.0047270852
1.716663e-07,-0.0047436006
1.717663e-07,-0.0047507813
1.718663e-07,-0.0047450368
1.719663e-07,-0.0047270852
1.720663e-07,-0.0047062615
1.721663e-07,-0.0046940545
1.722663e-07,-0.0046990809
1.723663e-07,-0.0047220588
1.724663e-07,-0.0047543716
1.725663e-07,-0.0047809398
1.726663e-07,-0.0047909926
1.727663e-07,-0.0047816579
1.728663e-07,-0.004760116
1.729663e-07,-0.0047400103
1.730663e-07,-0.0047335478
1.731663e-07,-0.0047443187
1.732663e-07,-0.0047665786
1.733663e-07,-0.0047859662
1.734663e-07,-0.0047909926
1.735663e-07,-0.0047751953
1.736663e-07,-0.0047443187
1.737663e-07,-0.0047105699
1.738663e-07,-0.0046875919
1.739663e-07,-0.0046832835
1.740663e-07,-0.0046940545
1.741663e-07,-0.0047112879
1.742663e-07,-0.0047220588
1.743663e-07,-0.0047206227
1.744663e-07,-0.0047091337
1.745663e-07,-0.0046947725
1.746663e-07,-0.0046875919
1.747663e-07,-0.0046904642
1.748663e-07,-0.0046990809
1.749663e-07,-0.0047048254
1.750663e-07,-0.0046990809
1.751663e-07,-0.0046782571
1.752663e-07,-0.0046488166
1.753663e-07,-0.0046215303
1.754663e-07,-0.0046071691
1.755663e-07,-0.0046086052
1.756663e-07,-0.0046222484
1.757663e-07,-0.0046366096
1.758663e-07,-0.004641636
1.759663e-07,-0.0046330193
1.760663e-07,-0.0046157858
1.761663e-07,-0.0045999885
1.762663e-07,-0.0045956801
1.763663e-07,-0.0046050149
1.764663e-07,-0.0046236845
1.765663e-07,-0.0046387638
1.766663e-07,-0.004641636
1.767663e-07,-0.0046279929
1.768663e-07,-0.0046050149
1.769663e-07,-0.0045827551
1.770663e-07,-0.0045727022
1.771663e-07,-0.0045784467
1.772663e-07,-0.004594244
1.773663e-07,-0.0046078872
1.774663e-07,-0.0046071691
1.775663e-07,-0.0045892176
1.776663e-07,-0.0045590591
1.777663e-07,-0.0045303366
1.778663e-07,-0.0045152574
1.779663e-07,-0.0045202838
1.780663e-07,-0.0045411075
1.781663e-07,-0.0045669577
1.782663e-07,-0.0045841912
1.783663e-07,-0.0045877815
1.784663e-07,-0.0045791648
1.785663e-07,-0.0045669577
1.786663e-07,-0.0045612132
1.787663e-07,-0.0045648035
1.788663e-07,-0.0045741383
1.789663e-07,-0.0045798828
1.790663e-07,-0.0045727022
1.791663e-07,-0.0045518784
1.792663e-07,-0.0045253102
1.793663e-07,-0.0045052045
1.794663e-07,-0.0045037684
1.795663e-07,-0.004523156
1.796663e-07,-0.0045561868
1.797663e-07,-0.0045892176
1.798663e-07,-0.0046071691
1.799663e-07,-0.0046042969
1.800663e-07,-0.0045856273
1.801663e-07,-0.0045626494
1.802663e-07,-0.0045497243
1.803663e-07,-0.0045525965
1.804663e-07,-0.0045683938
1.805663e-07,-0.0045863454
1.806663e-07,-0.0045956801
1.807663e-07,-0.0045906537
1.808663e-07,-0.0045762925
1.809663e-07,-0.0045626494
1.810663e-07,-0.0045612132
1.811663e-07,-0.0045770106
1.812663e-07,-0.0046035788
1.813663e-07,-0.004629429
1.814663e-07,-0.004641636
1.815663e-07,-0.0046337374
1.816663e-07,-0.0046114775
1.817663e-07,-0.0045863454
1.818663e-07,-0.0045727022
1.819663e-07,-0.0045784467
1.820663e-07,-0.0045999885
1.821663e-07,-0.0046251206
1.822663e-07,-0.004641636
1.823663e-07,-0.0046401999
1.824663e-07,-0.0046222484
1.825663e-07,-0.0045992705
1.826663e-07,-0.0045841912
1.827663e-07,-0.0045863454
1.828663e-07,-0.0046050149
1.829663e-07,-0.0046315832
1.830663e-07,-0.004653125
1.831663e-07,-0.0046610237
1.832663e-07,-0.0046524069
1.833663e-07,-0.0046351735
1.834663e-07,-0.0046186581
1.835663e-07,-0.0046114775
1.836663e-07,-0.0046157858
1.837663e-07,-0.0046287109
1.838663e-07,-0.004641636
1.839663e-07,-0.0046509708
1.840663e-07,-0.0046552792
1.841663e-07,-0.0046581514
1.842663e-07,-0.004664614
1.843663e-07,-0.0046761029
1.844663e-07,-0.0046897461
1.845663e-07,-0.0046990809
1.846663e-07,-0.0046990809
1.847663e-07,-0.0046897461
1.848663e-07,-0.0046753849
1.849663e-07,-0.004664614
1.850663e-07,-0.004664614
1.851663e-07,-0.0046761029
1.852663e-07,-0.0046940545
1.853663e-07,-0.0047084157
1.854663e-07,-0.0047105699
1.855663e-07,-0.0046990809
1.856663e-07,-0.0046789752
1.857663e-07,-0.0046603056
1.858663e-07,-0.004653125
1.859663e-07,-0.0046603056
1.860663e-07,-0.004676821
1.861663e-07,-0.0046933364
1.862663e-07,-0.0046990809
1.863663e-07,-0.0046911822
1.864663e-07,-0.0046725126
1.865663e-07,-0.004653125
1.866663e-07,-0.004641636
1.867663e-07,-0.004641636
1.868663e-07,-0.0046488166
1.869663e-07,-0.0046552792
1.870663e-07,-0.004653125
1.871663e-07,-0.0046394818
1.872663e-07,-0.0046200942
1.873663e-07,-0.0046021427
1.874663e-07,-0.0045956801
1.875663e-07,-0.0046014246
1.876663e-07,-0.0046136317
1.877663e-07,-0.0046229665
1.878663e-07,-0.0046186581
1.879663e-07,-0.0045999885
1.880663e-07,-0.0045719841
1.881663e-07,-0.0045482881
1.882663e-07,-0.0045382353
1.883663e-07,-0.004546852
1.884663e-07,-0.0045691119
1.885663e-07,-0.0045928079
1.886663e-07,-0.0046071691
1.887663e-07,-0.0046064511
1.888663e-07,-0.004593526
1.889663e-07,-0.0045784467
1.890663e-07,-0.0045727022
1.891663e-07,-0.0045813189
1.892663e-07,-0.0046021427
1.893663e-07,-0.0046258387
1.894663e-07,-0.004641636
1.895663e-07,-0.0046445083
1.896663e-07,-0.0046366096
1.897663e-07,-0.0046244026
1.898663e-07,-0.0046186581
1.899663e-07,-0.0046229665
1.900663e-07,-0.0046344554
1.901663e-07,-0.0046473805
1.902663e-07,-0.004653125
1.903663e-07,-0.0046502528
1.904663e-07,-0.004641636
1.905663e-07,-0.0046358915
1.906663e-07,-0.004641636
1.907663e-07,-0.0046603056
1.908663e-07,-0.0046861558
1.909663e-07,-0.0047098518
1.910663e-07,-0.0047220588
1.911663e-07,-0.0047199046
1.912663e-07,-0.0047091337
1.913663e-07,-0.0046990809
1.914663e-07,-0.0046990809
1.915663e-07,-0.0047134421
1.916663e-07,-0.00473642
1.917663e-07,-0.0047579619
1.918663e-07,-0.0047680147
1.919663e-07,-0.0047629883
1.920663e-07,-0.004747909
1.921663e-07,-0.0047342659
1.922663e-07,-0.0047335478
1.923663e-07,-0.0047500632
1.924663e-07,-0.0047795037
1.925663e-07,-0.0048089442
1.926663e-07,-0.0048254596
1.927663e-07,-0.0048211512
1.928663e-07,-0.0047988913
1.929663e-07,-0.0047687328
1.930663e-07,-0.0047450368
1.931663e-07,-0.0047371381
1.932663e-07,-0.0047450368
1.933663e-07,-0.0047629883
1.934663e-07,-0.0047795037
1.935663e-07,-0.0047859662
1.936663e-07,-0.0047809398
1.937663e-07,-0.0047680147
1.938663e-07,-0.0047565257
1.939663e-07,-0.0047522174
1.940663e-07,-0.0047558077
1.941663e-07,-0.0047629883
1.942663e-07,-0.0047680147
1.943663e-07,-0.0047665786
1.944663e-07,-0.0047608341
1.945663e-07,-0.0047550896
1.946663e-07,-0.0047565257
1.947663e-07,-0.0047680147
1.948663e-07,-0.0047866843
1.949663e-07,-0.0048046358
1.950663e-07,-0.0048139706
1.951663e-07,-0.0048103803
1.952663e-07,-0.0047967371
1.953663e-07,-0.0047795037
1.954663e-07,-0.0047680147
1.955663e-07,-0.0047672966
1.956663e-07,-0.0047751953
1.957663e-07,-0.0047859662
1.958663e-07,-0.0047909926
1.959663e-07,-0.004783812
1.960663e-07,-0.0047658605
1.961663e-07,-0.0047421645
1.962663e-07,-0.0047220588
1.963663e-07,-0.004712006
1.964663e-07,-0.0047141602
1.965663e-07,-0.0047234949
1.966663e-07,-0.0047335478
1.967663e-07,-0.0047392923
1.968663e-07,-0.0047400103
1.969663e-07,-0.00473642
1.970663e-07,-0.0047335478
1.971663e-07,-0.0047335478
1.972663e-07,-0.00473642
1.973663e-07,-0.0047371381
1.974663e-07,-0.0047335478
1.975663e-07,-0.0047234949
1.976663e-07,-0.0047091337
1.977663e-07,-0.0046954906
1.978663e-07,-0.0046875919
1.979663e-07,-0.00468831
1.980663e-07,-0.0046954906
1.981663e-07,-0.0047041073
1.982663e-07,-0.0047105699
1.983663e-07,-0.004712006
1.984663e-07,-0.0047098518
1.985663e-07,-0.0047084157
1.986663e-07,-0.0047105699
1.987663e-07,-0.0047170324
1.988663e-07,-0.004724213
1.989663e-07,-0.0047270852
1.990663e-07,-0.0047220588
1.991663e-07,-0.0047091337
1.992663e-07,-0.0046926183
1.993663e-07,-0.0046804113
1.994663e-07,-0.0046761029
1.995663e-07,-0.0046818474
1.996663e-07,-0.0046933364
1.997663e-07,-0.0047048254
1.998663e-07,-0.0047105699
1.999663e-07,-0.0047105699
2.000663e-07,-0.0047091337
2.001663e-07,-0.004712006
2.002663e-07,-0.0047220588
2.003663e-07,-0.0047392923
2.004663e-07,-0.0047572438
2.005663e-07,-0.0047680147
2.006663e-07,-0.0047680147
2.007663e-07,-0.0047572438
2.008663e-07,-0.0047421645
2.009663e-07,-0.0047328297
2.010663e-07,-0.0047335478
2.011663e-07,-0.0047457548
2.012663e-07,-0.0047622702
2.013663e-07,-0.0047759134
2.014663e-07,-0.0047795037
2.015663e-07,-0.0047737592
2.016663e-07,-0.0047637063
2.017663e-07,-0.004760116
2.018663e-07,-0.0047680147
2.019663e-07,-0.0047866843
2.020663e-07,-0.0048089442
2.021663e-07,-0.0048240234
2.022663e-07,-0.0048254596
2.023663e-07,-0.0048139706
2.024663e-07,-0.0047974552
2.025663e-07,-0.0047874023
2.026663e-07,-0.0047909926
2.027663e-07,-0.0048096622
2.028663e-07,-0.0048340763
2.029663e-07,-0.004854182
2.030663e-07,-0.0048599265
2.031663e-07,-0.0048505917
2.032663e-07,-0.0048347943
2.033663e-07,-0.0048225873
2.034663e-07,-0.0048254596
2.035663e-07,-0.0048434111
2.036663e-07,-0.0048685432
2.037663e-07,-0.0048886489
2.038663e-07,-0.0048943934
2.039663e-07,-0.0048836225
2.040663e-07,-0.0048649529
2.041663e-07,-0.0048498736
2.042663e-07,-0.0048484375
2.043663e-07,-0.0048627987
2.044663e-07,-0.0048850586
2.045663e-07,-0.0049030101
2.046663e-07,-0.0049058824
2.047663e-07,-0.0048929573
2.048663e-07,-0.0048728516
2.049663e-07,-0.0048584903
2.050663e-07,-0.0048599265
2.051663e-07,-0.004878596
2.052663e-07,-0.0049044462
2.053663e-07,-0.0049216797
2.054663e-07,-0.0049173713
2.055663e-07,-0.004890085
2.056663e-07,-0.0048505917
2.057663e-07,-0.0048161248
2.058663e-07,-0.0048024816
2.059663e-07,-0.0048154067
2.060663e-07,-0.0048470014
2.061663e-07,-0.0048793141
2.062663e-07,-0.0048943934
2.063663e-07,-0.0048850586
2.064663e-07,-0.0048556181
2.065663e-07,-0.0048225873
2.066663e-07,-0.0048024816
2.067663e-07,-0.0048053539
2.068663e-07,-0.0048290499
2.069663e-07,-0.0048599265
2.070663e-07,-0.0048829044
2.071663e-07,-0.0048872128
2.072663e-07,-0.0048728516
2.073663e-07,-0.0048520278
2.074663e-07,-0.0048369485
2.075663e-07,-0.0048369485
2.076663e-07,-0.0048505917
2.077663e-07,-0.0048699793
2.078663e-07,-0.0048829044
2.079663e-07,-0.0048821864
2.080663e-07,-0.0048706974
2.081663e-07,-0.0048556181
2.082663e-07,-0.0048484375
2.083663e-07,-0.0048549
2.084663e-07,-0.0048735696
2.085663e-07,-0.0048936753
2.086663e-07,-0.0049058824
2.087663e-07,-0.0049051643
2.088663e-07,-0.0048943934
2.089663e-07,-0.0048836225
2.090663e-07,-0.0048829044
2.091663e-07,-0.0048965476
2.092663e-07,-0.0049216797
2.093663e-07,-0.0049475299
2.094663e-07,-0.0049633272
2.095663e-07,-0.0049647633
2.096663e-07,-0.0049554285
2.097663e-07,-0.0049439396
2.098663e-07,-0.0049403493
2.099663e-07,-0.004948966
2.100663e-07,-0.0049661994
2.101663e-07,-0.0049812787
2.102663e-07,-0.0049863051
2.103663e-07,-0.0049769704
2.104663e-07,-0.0049575827
2.105663e-07,-0.0049389131
2.106663e-07,-0.0049288603
2.107663e-07,-0.0049310145
2.108663e-07,-0.0049396312
2.109663e-07,-0.0049460937
2.110663e-07,-0.0049403493
2.111663e-07,-0.0049216797
2.112663e-07,-0.0048972656
2.113663e-07,-0.0048771599
2.114663e-07,-0.0048714154
2.115663e-07,-0.0048800322
2.116663e-07,-0.0048951114
2.117663e-07,-0.0049030101
2.118663e-07,-0.0048943934
2.119663e-07,-0.0048678251
2.120663e-07,-0.0048319221
2.121663e-07,-0.0048024816
2.122663e-07,-0.0047909926
2.123663e-07,-0.0048010455
2.124663e-07,-0.0048240234
2.125663e-07,-0.0048441291
2.126663e-07,-0.0048484375
2.127663e-07,-0.0048319221
2.128663e-07,-0.0048031997
2.129663e-07,-0.0047773495
2.130663e-07,-0.0047680147
2.131663e-07,-0.0047809398
2.132663e-07,-0.0048096622
2.133663e-07,-0.0048369485
2.134663e-07,-0.0048484375
2.135663e-07,-0.0048369485
2.136663e-07,-0.0048082261
2.137663e-07,-0.0047759134
2.138663e-07,-0.0047565257
2.139663e-07,-0.0047565257
2.140663e-07,-0.004771605
2.141663e-07,-0.0047874023
2.142663e-07,-0.0047909926
2.143663e-07,-0.0047744773
2.144663e-07,-0.0047436006
2.145663e-07,-0.004712724
2.146663e-07,-0.0046990809
2.147663e-07,-0.0047105699
2.148663e-07,-0.0047443187
2.149663e-07,-0.0047845301
2.150663e-07,-0.0048139706
2.151663e-07,-0.0048197151
2.152663e-07,-0.0048003274
2.153663e-07,-0.0047658605
2.154663e-07,-0.0047335478
2.155663e-07,-0.0047155963
2.156663e-07,-0.0047170324
2.157663e-07,-0.0047342659
2.158663e-07,-0.0047565257
2.159663e-07,-0.0047766314
2.160663e-07,-0.0047902746
2.161663e-07,-0.0048017636
2.162663e-07,-0.0048139706
2.163663e-07,-0.004831204
2.164663e-07,-0.0048498736
2.165663e-07,-0.004865671
2.166663e-07,-0.0048714154
2.167663e-07,-0.004866389
2.168663e-07,-0.0048556181
2.169663e-07,-0.0048477194
2.170663e-07,-0.0048484375
2.171663e-07,-0.0048599265
2.172663e-07,-0.004877878
2.173663e-07,-0.0048915211
2.174663e-07,-0.0048943934
2.175663e-07,-0.0048864947
2.176663e-07,-0.0048750057
2.177663e-07,-0.0048706974
2.178663e-07,-0.0048829044
2.179663e-07,-0.0049109088
2.180663e-07,-0.0049460937
2.181663e-07,-0.0049712259
2.182663e-07,-0.0049748162
2.183663e-07,-0.0049518382
2.184663e-07,-0.0049101907
2.185663e-07,-0.0048671071
2.186663e-07,-0.0048369485
2.187663e-07,-0.0048297679
2.188663e-07,-0.0048434111
2.189663e-07,-0.004865671
2.190663e-07,-0.0048829044
2.191663e-07,-0.0048864947
2.192663e-07,-0.004877878
2.193663e-07,-0.004865671
2.194663e-07,-0.0048599265
2.195663e-07,-0.0048671071
2.196663e-07,-0.0048836225
2.197663e-07,-0.0049008559
2.198663e-07,-0.0049058824
2.199663e-07,-0.0048936753
2.200663e-07,-0.004866389
2.201663e-07,-0.0048355124
2.202663e-07,-0.0048139706
2.203663e-07,-0.0048096622
2.204663e-07,-0.0048240234
2.205663e-07,-0.0048484375
2.206663e-07,-0.0048714154
2.207663e-07,-0.0048857767
2.208663e-07,-0.0048886489
2.209663e-07,-0.0048857767
2.210663e-07,-0.0048829044
2.211663e-07,-0.0048850586
2.212663e-07,-0.0048915211
2.213663e-07,-0.0048965476
2.214663e-07,-0.0048943934
2.215663e-07,-0.0048836225
2.216663e-07,-0.0048671071
2.217663e-07,-0.0048527459
2.218663e-07,-0.0048484375
2.219663e-07,-0.0048563362
2.220663e-07,-0.0048721335
2.221663e-07,-0.0048872128
2.222663e-07,-0.0048943934
2.223663e-07,-0.004890085
2.224663e-07,-0.0048807502
2.225663e-07,-0.0048750057
2.226663e-07,-0.0048829044
2.227663e-07,-0.0049058824
2.228663e-07,-0.004937477
2.229663e-07,-0.0049647633
2.230663e-07,-0.0049748162
2.231663e-07,-0.0049618911
2.232663e-07,-0.0049295784
2.233663e-07,-0.004890085
2.234663e-07,-0.0048599265
2.235663e-07,-0.0048484375
2.236663e-07,-0.0048563362
2.237663e-07,-0.0048764419
2.238663e-07,-0.0048943934
2.239663e-07,-0.004901574
2.240663e-07,-0.0048951114
2.241663e-07,-0.0048821864
2.242663e-07,-0.0048714154
2.243663e-07,-0.0048728516
2.244663e-07,-0.0048872128
2.245663e-07,-0.0049094727
2.246663e-07,-0.0049288603
2.247663e-07,-0.0049353228
2.248663e-07,-0.0049259881
2.249663e-07,-0.0049051643
2.250663e-07,-0.0048829044
2.251663e-07,-0.0048699793
2.252663e-07,-0.0048728516
2.253663e-07,-0.0048915211
2.254663e-07,-0.0049173713
2.255663e-07,-0.0049417854
2.256663e-07,-0.0049568647
2.257663e-07,-0.0049590188
2.258663e-07,-0.0049518382
2.259663e-07,-0.0049403493
2.260663e-07,-0.0049324506
2.261663e-07,-0.0049317325
2.262663e-07,-0.0049403493
2.263663e-07,-0.0049561466
2.264663e-07,-0.0049762523
2.265663e-07,-0.0049956399
2.266663e-07,-0.0050092831
2.267663e-07,-0.0050150276
2.268663e-07,-0.0050114373
2.269663e-07,-0.0049999483
2.270663e-07,-0.0049863051
2.271663e-07,-0.0049762523
2.272663e-07,-0.0049748162
2.273663e-07,-0.0049870232
2.274663e-07,-0.0050092831
2.275663e-07,-0.0050351333
2.276663e-07,-0.005055957
2.277663e-07,-0.0050631376
2.278663e-07,-0.005055239
2.279663e-07,-0.0050358513
2.280663e-07,-0.0050157456
2.281663e-07,-0.0050049747
2.282663e-07,-0.0050092831
2.283663e-07,-0.0050286707
2.284663e-07,-0.005055239
2.285663e-07,-0.0050782169
2.286663e-07,-0.0050897059
2.287663e-07,-0.0050868336
2.288663e-07,-0.0050760627
2.289663e-07,-0.0050660099
2.290663e-07,-0.0050667279
2.291663e-07,-0.0050810892
2.292663e-07,-0.0051055032
2.293663e-07,-0.0051306353
2.294663e-07,-0.0051471507
2.295663e-07,-0.0051493049
2.296663e-07,-0.0051370979
2.297663e-07,-0.0051184283
2.298663e-07,-0.0051011949
2.299663e-07,-0.0050918601
2.300663e-07,-0.0050925781
2.301663e-07,-0.0051011949
2.302663e-07,-0.0051126838
2.303663e-07,-0.0051234547
2.304663e-07,-0.0051320715
2.305663e-07,-0.0051392521
2.306663e-07,-0.0051471507
2.307663e-07,-0.0051543313
2.308663e-07,-0.0051586397
2.309663e-07,-0.0051564855
2.310663e-07,-0.0051471507
2.311663e-07,-0.0051327895
2.312663e-07,-0.0051184283
2.313663e-07,-0.0051112477
2.314663e-07,-0.0051126838
2.315663e-07,-0.0051220186
2.316663e-07,-0.0051320715
2.317663e-07,-0.0051342256
2.318663e-07,-0.0051241728
2.319663e-07,-0.0051019129
2.320663e-07,-0.0050746266
2.321663e-07,-0.0050523667
2.322663e-07,-0.00504375
2.323663e-07,-0.0050502125
2.324663e-07,-0.0050660099
2.325663e-07,-0.0050825253
2.326663e-07,-0.0050897059
2.327663e-07,-0.0050846795
2.328663e-07,-0.0050696002
2.329663e-07,-0.0050530848
2.330663e-07,-0.00504375
2.331663e-07,-0.0050451861
2.332663e-07,-0.005055957
2.333663e-07,-0.0050696002
2.334663e-07,-0.0050782169
2.335663e-07,-0.005078935
2.336663e-07,-0.0050731905
2.337663e-07,-0.005067446
2.338663e-07,-0.0050667279
2.339663e-07,-0.0050746266
2.340663e-07,-0.0050889878
2.341663e-07,-0.005103349
2.342663e-07,-0.0051126838
2.343663e-07,-0.005114838
2.344663e-07,-0.0051119658
2.345663e-07,-0.0051098116
2.346663e-07,-0.0051126838
2.347663e-07,-0.0051205825
2.348663e-07,-0.0051291992
2.349663e-07,-0.0051320715
2.350663e-07,-0.0051241728
2.351663e-07,-0.0051069393
2.352663e-07,-0.0050868336
2.353663e-07,-0.0050753447
2.354663e-07,-0.0050782169
2.355663e-07,-0.0050976045
2.356663e-07,-0.005127045
2.357663e-07,-0.0051550494
2.358663e-07,-0.0051701287
2.359663e-07,-0.0051679745
2.360663e-07,-0.0051514591
2.361663e-07,-0.0051299173
2.362663e-07,-0.0051126838
2.363663e-07,-0.0051055032
2.364663e-07,-0.0051076574
2.365663e-07,-0.0051126838
2.366663e-07,-0.0051126838
2.367663e-07,-0.005103349
2.368663e-07,-0.0050861156
2.369663e-07,-0.0050681641
2.370663e-07,-0.005055239
2.371663e-07,-0.0050516487
2.372663e-07,-0.005055957
2.373663e-07,-0.0050631376
2.374663e-07,-0.0050667279
2.375663e-07,-0.0050652918
2.376663e-07,-0.0050617015
2.377663e-07,-0.0050609835
2.378663e-07,-0.0050667279
2.379663e-07,-0.005079653
2.380663e-07,-0.0050947323
2.381663e-07,-0.0051040671
2.382663e-07,-0.0051011949
2.383663e-07,-0.0050868336
2.384663e-07,-0.0050681641
2.385663e-07,-0.0050545209
2.386663e-07,-0.005055239
2.387663e-07,-0.0050717544
2.388663e-07,-0.0050983226
2.389663e-07,-0.0051227367
2.390663e-07,-0.0051356618
2.391663e-07,-0.0051313534
2.392663e-07,-0.0051141199
2.393663e-07,-0.0050932962
2.394663e-07,-0.0050782169
2.395663e-07,-0.0050746266
2.396663e-07,-0.0050803711
2.397663e-07,-0.0050882698
2.398663e-07,-0.0050897059
2.399663e-07,-0.0050818072
2.400663e-07,-0.005067446
2.401663e-07,-0.005055239
2.402663e-07,-0.005055239
2.403663e-07,-0.0050703182
2.404663e-07,-0.0050954504
2.405663e-07,-0.0051213006
2.406663e-07,-0.0051356618
2.407663e-07,-0.0051320715
2.408663e-07,-0.0051141199
2.409663e-07,-0.0050918601
2.410663e-07,-0.0050782169
2.411663e-07,-0.0050825253
2.412663e-07,-0.0051062213
2.413663e-07,-0.0051399701
2.414663e-07,-0.0051701287
2.415663e-07,-0.005185926
2.416663e-07,-0.0051823357
2.417663e-07,-0.00516223
2.418663e-07,-0.0051356618
2.419663e-07,-0.0051126838
2.420663e-07,-0.0051004768
2.421663e-07,-0.0050976045
2.422663e-07,-0.0051011949
2.423663e-07,-0.0051040671
2.424663e-07,-0.0051019129
2.425663e-07,-0.0050961684
2.426663e-07,-0.0050897059
2.427663e-07,-0.0050882698
2.428663e-07,-0.0050940142
2.429663e-07,-0.0051076574
2.430663e-07,-0.0051241728
2.431663e-07,-0.0051392521
2.432663e-07,-0.0051485869
2.433663e-07,-0.005150741
2.434663e-07,-0.0051471507
2.435663e-07,-0.0051392521
2.436663e-07,-0.0051299173
2.437663e-07,-0.0051205825
2.438663e-07,-0.0051126838
2.439663e-07,-0.0051083755
2.440663e-07,-0.0051090935
2.441663e-07,-0.0051141199
2.442663e-07,-0.0051241728
2.443663e-07,-0.0051349437
2.444663e-07,-0.0051442785
2.445663e-07,-0.0051485869
2.446663e-07,-0.0051471507
2.447663e-07,-0.0051435604
2.448663e-07,-0.0051421243
2.449663e-07,-0.0051471507
2.450663e-07,-0.0051586397
2.451663e-07,-0.005174437
2.452663e-07,-0.0051887983
2.453663e-07,-0.0051952608
2.454663e-07,-0.0051931066
2.455663e-07,-0.0051844899
2.456663e-07,-0.0051751551
2.457663e-07,-0.0051730009
2.458663e-07,-0.0051816176
2.459663e-07,-0.005198133
2.460663e-07,-0.0052153665
2.461663e-07,-0.0052268555
2.462663e-07,-0.0052275735
2.463663e-07,-0.0052196749
2.464663e-07,-0.005209622
2.465663e-07,-0.0052067498
2.466663e-07,-0.0052160846
2.467663e-07,-0.0052361903
2.468663e-07,-0.0052584501
2.469663e-07,-0.0052735294
2.470663e-07,-0.0052735294
2.471663e-07,-0.0052598863
2.472663e-07,-0.0052404986
2.473663e-07,-0.0052261374
2.474663e-07,-0.0052275735
2.475663e-07,-0.005245525
2.476663e-07,-0.0052728114
2.477663e-07,-0.0052972254
2.478663e-07,-0.0053079963
2.479663e-07,-0.0053000977
2.480663e-07,-0.0052778378
2.481663e-07,-0.0052527057
2.482663e-07,-0.0052390625
2.483663e-07,-0.0052433709
2.484663e-07,-0.0052649127
2.485663e-07,-0.0052943532
2.486663e-07,-0.0053194853
2.487663e-07,-0.0053309743
2.488663e-07,-0.0053259478
2.489663e-07,-0.0053079963
2.490663e-07,-0.0052850184
2.491663e-07,-0.0052656307
2.492663e-07,-0.0052541418
2.493663e-07,-0.0052498334
2.494663e-07,-0.0052505515
2.495663e-07,-0.0052541418
2.496663e-07,-0.0052584501
2.497663e-07,-0.0052649127
2.498663e-07,-0.0052735294
2.499663e-07,-0.0052821461
2.500663e-07,-0.0052878906
2.501663e-07,-0.0052850184
2.502663e-07,-0.0052735294
2.503663e-07,-0.0052548598
2.504663e-07,-0.0052369083
2.505663e-07,-0.0052261374
2.506663e-07,-0.0052275735
2.507663e-07,-0.0052404986
2.508663e-07,-0.0052577321
2.509663e-07,-0.0052713752
2.510663e-07,-0.0052735294
2.511663e-07,-0.0052649127
2.512663e-07,-0.0052527057
2.513663e-07,-0.005244807
2.514663e-07,-0.0052505515
2.515663e-07,-0.0052699391
2.516663e-07,-0.0052979435
2.517663e-07,-0.0053252298
2.518663e-07,-0.0053424632
2.519663e-07,-0.0053482077
2.520663e-07,-0.0053460535
2.521663e-07,-0.0053453355
2.522663e-07,-0.0053539522
2.523663e-07,-0.0053726218
2.524663e-07,-0.0053970358
2.525663e-07,-0.0054164235
2.526663e-07,-0.005422886
2.527663e-07,-0.0054157054
2.528663e-07,-0.0053999081
2.529663e-07,-0.005386983
2.530663e-07,-0.0053884191
2.531663e-07,-0.0054070887
2.532663e-07,-0.0054401195
2.533663e-07,-0.0054760225
2.534663e-07,-0.0055033088
2.535663e-07,-0.0055162339
2.536663e-07,-0.0055155159
2.537663e-07,-0.0055090533
2.538663e-07,-0.0055033088
2.539663e-07,-0.0055040269
2.540663e-07,-0.0055104894
2.541663e-07,-0.0055155159
2.542663e-07,-0.0055147978
2.543663e-07,-0.005505463
2.544663e-07,-0.0054918199
2.545663e-07,-0.0054810489
2.546663e-07,-0.0054803309
2.547663e-07,-0.0054911018
2.548663e-07,-0.0055076172
2.549663e-07,-0.0055226965
2.550663e-07,-0.0055262868
2.551663e-07,-0.005516952
2.552663e-07,-0.0054982824
2.553663e-07,-0.0054796128
2.554663e-07,-0.0054688419
2.555663e-07,-0.0054688419
2.556663e-07,-0.0054738683
2.557663e-07,-0.0054767406
2.558663e-07,-0.0054688419
2.559663e-07,-0.0054473001
2.560663e-07,-0.0054185777
2.561663e-07,-0.0053920094
2.562663e-07,-0.0053769301
2.563663e-07,-0.0053769301
2.564663e-07,-0.0053877011
2.565663e-07,-0.005398472
2.566663e-07,-0.0053999081
2.567663e-07,-0.005386983
2.568663e-07,-0.0053625689
2.569663e-07,-0.0053374368
2.570663e-07,-0.0053194853
2.571663e-07,-0.0053144589
2.572663e-07,-0.0053180492
2.573663e-07,-0.0053230756
2.574663e-07,-0.0053194853
2.575663e-07,-0.005303688
2.576663e-07,-0.0052792739
2.577663e-07,-0.0052541418
2.578663e-07,-0.0052390625
2.579663e-07,-0.0052369083
2.580663e-07,-0.005244807
2.581663e-07,-0.0052527057
2.582663e-07,-0.0052505515
2.583663e-07,-0.005233318
2.584663e-07,-0.0052038775
2.585663e-07,-0.0051715648
2.586663e-07,-0.0051471507
2.587663e-07,-0.0051363798
2.588663e-07,-0.0051399701
2.589663e-07,-0.005150023
2.590663e-07,-0.0051586397
2.591663e-07,-0.0051600758
2.592663e-07,-0.0051543313
2.593663e-07,-0.0051478688
2.594663e-07,-0.0051471507
2.595663e-07,-0.0051550494
2.596663e-07,-0.0051701287
2.597663e-07,-0.005185208
2.598663e-07,-0.0051931066
2.599663e-07,-0.0051895163
2.600663e-07,-0.0051758732
2.601663e-07,-0.0051593578
2.602663e-07,-0.0051471507
2.603663e-07,-0.0051435604
2.604663e-07,-0.0051471507
2.605663e-07,-0.0051536133
2.606663e-07,-0.0051586397
2.607663e-07,-0.0051600758
2.608663e-07,-0.0051615119
2.609663e-07,-0.0051672564
2.610663e-07,-0.0051816176
2.611663e-07,-0.0052038775
2.612663e-07,-0.0052275735
2.613663e-07,-0.005245525
2.614663e-07,-0.0052505515
2.615663e-07,-0.0052433709
2.616663e-07,-0.0052311638
2.617663e-07,-0.0052232652
2.618663e-07,-0.0052275735
2.619663e-07,-0.005245525
2.620663e-07,-0.0052713752
2.621663e-07,-0.0052950712
2.622663e-07,-0.0053079963
2.623663e-07,-0.0053087144
2.624663e-07,-0.0053029699
2.625663e-07,-0.0053000977
2.626663e-07,-0.0053079963
2.627663e-07,-0.005328102
2.628663e-07,-0.0053539522
2.629663e-07,-0.0053733398
2.630663e-07,-0.0053769301
2.631663e-07,-0.0053625689
2.632663e-07,-0.0053381549
2.633663e-07,-0.005315895
2.634663e-07,-0.0053079963
2.635663e-07,-0.0053194853
2.636663e-07,-0.0053460535
2.637663e-07,-0.0053733398
2.638663e-07,-0.0053884191
2.639663e-07,-0.0053841108
2.640663e-07,-0.005363287
2.641663e-07,-0.0053374368
2.642663e-07,-0.0053194853
2.643663e-07,-0.0053194853
2.644663e-07,-0.0053374368
2.645663e-07,-0.0053640051
2.646663e-07,-0.0053884191
2.647663e-07,-0.0053999081
2.648663e-07,-0.0053955997
2.649663e-07,-0.0053812385
2.650663e-07,-0.0053654412
2.651663e-07,-0.0053546703
2.652663e-07,-0.005351798
2.653663e-07,-0.0053539522
2.654663e-07,-0.0053539522
2.655663e-07,-0.0053489258
2.656663e-07,-0.005339591
2.657663e-07,-0.0053316923
2.658663e-07,-0.0053309743
2.659663e-07,-0.0053417452
2.660663e-07,-0.0053618509
2.661663e-07,-0.0053841108
2.662663e-07,-0.0053999081
2.663663e-07,-0.0054042165
2.664663e-07,-0.0053963178
2.665663e-07,-0.0053812385
2.666663e-07,-0.0053654412
2.667663e-07,-0.0053553883
2.668663e-07,-0.005351798
2.669663e-07,-0.0053525161
2.670663e-07,-0.0053539522
2.671663e-07,-0.0053539522
2.672663e-07,-0.0053525161
2.673663e-07,-0.005351798
2.674663e-07,-0.0053539522
2.675663e-07,-0.0053582606
2.676663e-07,-0.0053604148
2.677663e-07,-0.0053561064
2.678663e-07,-0.0053424632
2.679663e-07,-0.0053209214
2.680663e-07,-0.0052972254
2.681663e-07,-0.005279992
2.682663e-07,-0.0052735294
2.683663e-07,-0.0052778378
2.684663e-07,-0.0052864545
2.685663e-07,-0.0052907629
2.686663e-07,-0.0052850184
2.687663e-07,-0.0052677849
2.688663e-07,-0.0052469612
2.689663e-07,-0.0052304458
2.690663e-07,-0.0052275735
2.691663e-07,-0.0052397806
2.692663e-07,-0.0052613224
2.693663e-07,-0.0052828642
2.694663e-07,-0.0052965074
2.695663e-07,-0.0052986615
2.696663e-07,-0.005292199
2.697663e-07,-0.0052857364
2.698663e-07,-0.0052850184
2.699663e-07,-0.005292917
2.700663e-07,-0.0053051241
2.701663e-07,-0.005315895
2.702663e-07,-0.0053194853
2.703663e-07,-0.0053166131
2.704663e-07,-0.0053123047
2.705663e-07,-0.0053151769
2.706663e-07,-0.0053309743
2.707663e-07,-0.0053582606
2.708663e-07,-0.0053891372
2.709663e-07,-0.0054128332
2.710663e-07,-0.005422886
2.711663e-07,-0.0054192957
2.712663e-07,-0.0054113971
2.713663e-07,-0.0054092429
2.714663e-07,-0.005422886
2.715663e-07,-0.0054508904
2.716663e-07,-0.0054846392
2.717663e-07,-0.0055097714
2.718663e-07,-0.0055147978
2.719663e-07,-0.0054982824
2.720663e-07,-0.00546956
2.721663e-07,-0.0054429917
2.722663e-07,-0.005434375
2.723663e-07,-0.0054494543
2.724663e-07,-0.0054824851
2.725663e-07,-0.0055205423
2.726663e-07,-0.0055492647
2.727663e-07,-0.0055593176
2.728663e-07,-0.005552855
2.729663e-07,-0.0055377757
2.730663e-07,-0.0055262868
2.731663e-07,-0.0055255687
2.732663e-07,-0.0055334674
2.733663e-07,-0.0055449563
2.734663e-07,-0.0055492647
2.735663e-07,-0.0055435202
2.736663e-07,-0.0055298771
2.737663e-07,-0.00551767
2.738663e-07,-0.0055147978
2.739663e-07,-0.0055248506
2.740663e-07,-0.0055442383
2.741663e-07,-0.0055629079
2.742663e-07,-0.0055722426
2.743663e-07,-0.0055664982
2.744663e-07,-0.0055499828
2.745663e-07,-0.005529159
2.746663e-07,-0.0055147978
2.747663e-07,-0.0055097714
2.748663e-07,-0.0055104894
2.749663e-07,-0.0055112075
2.750663e-07,-0.0055033088
2.751663e-07,-0.0054860754
2.752663e-07,-0.0054645335
2.753663e-07,-0.0054487362
2.754663e-07,-0.005445864
2.755663e-07,-0.0054566349
2.756663e-07,-0.0054738683
2.757663e-07,-0.0054853573
2.758663e-07,-0.0054803309
2.759663e-07,-0.0054566349
2.760663e-07,-0.005422886
2.761663e-07,-0.0053912914
2.762663e-07,-0.0053769301
2.763663e-07,-0.0053841108
2.764663e-07,-0.0054078068
2.765663e-07,-0.0054336569
2.766663e-07,-0.005445864
2.767663e-07,-0.0054350931
2.768663e-07,-0.0054027803
2.769663e-07,-0.0053596967
2.770663e-07,-0.0053194853
2.771663e-07,-0.0052936351
2.772663e-07,-0.0052850184
2.773663e-07,-0.0052893267
2.774663e-07,-0.0052965074
2.775663e-07,-0.0053008157
2.776663e-07,-0.0052993796
2.777663e-07,-0.0052965074
2.778663e-07,-0.0052965074
2.779663e-07,-0.0053008157
2.780663e-07,-0.0053051241
2.781663e-07,-0.0053015338
2.782663e-07,-0.0052850184
2.783663e-07,-0.0052541418
2.784663e-07,-0.0052168026
2.785663e-07,-0.0051844899
2.786663e-07,-0.0051701287
2.787663e-07,-0.0051773093
2.788663e-07,-0.0052002872
2.789663e-07,-0.0052254193
2.790663e-07,-0.0052390625
2.791663e-07,-0.0052311638
2.792663e-07,-0.0052031595
2.793663e-07,-0.0051665384
2.794663e-07,-0.0051356618
2.795663e-07,-0.0051234547
2.796663e-07,-0.0051342256
2.797663e-07,-0.0051607939
2.798663e-07,-0.0051931066
2.799663e-07,-0.0052189568
2.800663e-07,-0.0052318819
2.801663e-07,-0.0052326
2.802663e-07,-0.0052275735
2.803663e-07,-0.0052232652
2.804663e-07,-0.0052225471
2.805663e-07,-0.0052254193
2.806663e-07,-0.0052275735
2.807663e-07,-0.0052261374
2.808663e-07,-0.005221111
2.809663e-07,-0.0052160846
2.810663e-07,-0.0052160846
2.811663e-07,-0.0052247013
2.812663e-07,-0.0052419347
2.813663e-07,-0.0052634766
2.814663e-07,-0.0052850184
2.815663e-07,-0.0053008157
2.816663e-07,-0.0053108686
2.817663e-07,-0.0053151769
2.818663e-07,-0.0053194853
2.819663e-07,-0.0053252298
2.820663e-07,-0.0053345646
2.821663e-07,-0.0053446174
2.822663e-07,-0.0053539522
2.823663e-07,-0.0053618509
2.824663e-07,-0.0053697495
2.825663e-07,-0.0053776482
2.826663e-07,-0.0053884191
2.827663e-07,-0.0053999081
2.828663e-07,-0.0054092429
2.829663e-07,-0.0054135512
2.830663e-07,-0.0054113971
2.831663e-07,-0.0054056526
2.832663e-07,-0.0054006261
2.833663e-07,-0.0054020623
2.834663e-07,-0.0054113971
2.835663e-07,-0.0054250402
2.836663e-07,-0.0054372472
2.837663e-07,-0.0054415556
2.838663e-07,-0.005434375
2.839663e-07,-0.0054192957
2.840663e-07,-0.0054034984
2.841663e-07,-0.0053963178
2.842663e-07,-0.0053999081
2.843663e-07,-0.0054121151
2.844663e-07,-0.0054243222
2.845663e-07,-0.0054257583
2.846663e-07,-0.0054113971
2.847663e-07,-0.0053841108
2.848663e-07,-0.0053532341
2.849663e-07,-0.0053324104
2.850663e-07,-0.0053309743
2.851663e-07,-0.0053474897
2.852663e-07,-0.0053740579
2.853663e-07,-0.0053948817
2.854663e-07,-0.0053999081
2.855663e-07,-0.0053855469
2.856663e-07,-0.0053582606
2.857663e-07,-0.0053316923
2.858663e-07,-0.0053194853
2.859663e-07,-0.0053259478
2.860663e-07,-0.0053482077
2.861663e-07,-0.0053726218
2.862663e-07,-0.0053884191
2.863663e-07,-0.0053877011
2.864663e-07,-0.0053711857
2.865663e-07,-0.0053489258
2.866663e-07,-0.0053309743
2.867663e-07,-0.0053237937
2.868663e-07,-0.0053259478
2.869663e-07,-0.0053309743
2.870663e-07,-0.0053309743
2.871663e-07,-0.0053209214
2.872663e-07,-0.0053029699
2.873663e-07,-0.0052850184
2.874663e-07,-0.0052735294
2.875663e-07,-0.0052735294
2.876663e-07,-0.0052828642
2.877663e-07,-0.005292917
2.878663e-07,-0.0052965074
2.879663e-07,-0.0052900448
2.880663e-07,-0.0052771197
2.881663e-07,-0.0052649127
2.882663e-07,-0.0052620404
2.883663e-07,-0.0052728114
2.884663e-07,-0.0052936351
2.885663e-07,-0.005315895
2.886663e-07,-0.0053309743
2.887663e-07,-0.0053324104
2.888663e-07,-0.0053223575
2.889663e-07,-0.0053079963
2.890663e-07,-0.0052965074
2.891663e-07,-0.0052936351
2.892663e-07,-0.0052986615
2.893663e-07,-0.0053058421
2.894663e-07,-0.0053079963
2.895663e-07,-0.0053029699
2.896663e-07,-0.005292917
2.897663e-07,-0.0052843003
2.898663e-07,-0.0052850184
2.899663e-07,-0.0052965074
2.900663e-07,-0.0053173311
2.901663e-07,-0.0053388729
2.902663e-07,-0.0053539522
2.903663e-07,-0.0053596967
2.904663e-07,-0.0053596967
2.905663e-07,-0.0053589786
2.906663e-07,-0.0053654412
2.907663e-07,-0.0053819566
2.908663e-07,-0.0054056526
2.909663e-07,-0.0054293486
2.910663e-07,-0.005445864
2.911663e-07,-0.0054530446
2.912663e-07,-0.0054530446
2.913663e-07,-0.0054523265
2.914663e-07,-0.0054573529
2.915663e-07,-0.00546956
2.916663e-07,-0.0054853573
2.917663e-07,-0.0054982824
2.918663e-07,-0.0055033088
2.919663e-07,-0.0054990005
2.920663e-07,-0.0054903837
2.921663e-07,-0.0054860754
2.922663e-07,-0.0054918199
2.923663e-07,-0.0055076172
2.924663e-07,-0.0055262868
2.925663e-07,-0.0055392119
2.926663e-07,-0.0055377757
2.927663e-07,-0.0055219784
2.928663e-07,-0.0054997185
2.929663e-07,-0.0054824851
2.930663e-07,-0.0054803309
2.931663e-07,-0.0054961282
2.932663e-07,-0.0055234145
2.933663e-07,-0.0055492647
2.934663e-07,-0.0055607537
2.935663e-07,-0.005552855
2.936663e-07,-0.005529159
2.937663e-07,-0.0055004366
2.938663e-07,-0.0054803309
2.939663e-07,-0.0054760225
2.940663e-07,-0.0054867934
2.941663e-07,-0.0055040269
2.942663e-07,-0.0055147978
2.943663e-07,-0.0055126436
2.944663e-07,-0.0054968463
2.945663e-07,-0.0054745864
2.946663e-07,-0.0054573529
2.947663e-07,-0.0054523265
2.948663e-07,-0.0054609432
2.949663e-07,-0.0054767406
2.950663e-07,-0.0054918199
2.951663e-07,-0.0054975643
2.952663e-07,-0.0054925379
2.953663e-07,-0.0054810489
2.954663e-07,-0.0054688419
2.955663e-07,-0.0054623794
2.956663e-07,-0.0054630974
2.957663e-07,-0.0054666877
2.958663e-07,-0.0054688419
2.959663e-07,-0.0054645335
2.960663e-07,-0.0054530446
2.961663e-07,-0.0054372472
2.962663e-07,-0.005422886
2.963663e-07,-0.0054128332
2.964663e-07,-0.0054070887
2.965663e-07,-0.0054034984
2.966663e-07,-0.0053999081
2.967663e-07,-0.0053948817
2.968663e-07,-0.0053891372
2.969663e-07,-0.0053862649
2.970663e-07,-0.0053884191
2.971663e-07,-0.0053941636
2.972663e-07,-0.0053999081
2.973663e-07,-0.005398472
2.974663e-07,-0.0053884191
2.975663e-07,-0.0053697495
2.976663e-07,-0.0053489258
2.977663e-07,-0.0053345646
2.978663e-07,-0.0053309743
2.979663e-07,-0.005339591
2.980663e-07,-0.0053539522
2.981663e-07,-0.0053647231
2.982663e-07,-0.0053654412
2.983663e-07,-0.0053532341
2.984663e-07,-0.0053338465
2.985663e-07,-0.005315895
2.986663e-07,-0.0053079963
2.987663e-07,-0.0053130227
2.988663e-07,-0.005327384
2.989663e-07,-0.0053438994
2.990663e-07,-0.0053539522
2.991663e-07,-0.0053546703
2.992663e-07,-0.0053489258
2.993663e-07,-0.0053424632
2.994663e-07,-0.0053424632
2.995663e-07,-0.00535108
2.996663e-07,-0.0053647231
2.997663e-07,-0.005375494
2.998663e-07,-0.0053769301
2.999663e-07,-0.0053675954
3.000663e-07,-0.0053525161
3.001663e-07,-0.0053410271
3.002663e-07,-0.0053424632
3.003663e-07,-0.0053596967
3.004663e-07,-0.0053884191
3.005663e-07,-0.0054171415
3.006663e-07,-0.005434375
3.007663e-07,-0.0054336569
3.008663e-07,-0.0054178596
3.009663e-07,-0.0053948817
3.010663e-07,-0.0053769301
3.011663e-07,-0.0053726218
3.012663e-07,-0.0053819566
3.013663e-07,-0.005398472
3.014663e-07,-0.0054113971
3.015663e-07,-0.005410679
3.016663e-07,-0.0053941636
3.017663e-07,-0.0053647231
3.018663e-07,-0.0053309743
3.019663e-07,-0.0053029699
3.020663e-07,-0.0052864545
3.021663e-07,-0.0052814281
3.022663e-07,-0.0052850184
3.023663e-07,-0.005292199
3.024663e-07,-0.0052986615
3.025663e-07,-0.005303688
3.026663e-07,-0.0053079963
3.027663e-07,-0.0053123047
3.028663e-07,-0.0053166131
3.029663e-07,-0.0053194853
3.030663e-07,-0.0053194853
3.031663e-07,-0.0053166131
3.032663e-07,-0.0053123047
3.033663e-07,-0.0053087144
3.034663e-07,-0.0053079963
3.035663e-07,-0.0053094324
3.036663e-07,-0.0053115866
3.037663e-07,-0.0053108686
3.038663e-07,-0.0053079963
3.039663e-07,-0.005304406
3.040663e-07,-0.005304406
3.041663e-07,-0.0053130227
3.042663e-07,-0.0053309743
3.043663e-07,-0.0053561064
3.044663e-07,-0.0053826746
3.045663e-07,-0.0054020623
3.046663e-07,-0.0054113971
3.047663e-07,-0.005410679
3.048663e-07,-0.0054042165
3.049663e-07,-0.00539919
3.050663e-07,-0.0053999081
3.051663e-07,-0.0054056526
3.052663e-07,-0.0054113971
3.053663e-07,-0.0054142693
3.054663e-07,-0.0054113971
3.055663e-07,-0.0054063706
3.056663e-07,-0.0054070887
3.057663e-07,-0.0054200138
3.058663e-07,-0.005445864
3.059663e-07,-0.0054796128
3.060663e-07,-0.0055090533
3.061663e-07,-0.0055226965
3.062663e-07,-0.0055147978
3.063663e-07,-0.0054882295
3.064663e-07,-0.0054544807
3.065663e-07,-0.0054293486
3.066663e-07,-0.005422886
3.067663e-07,-0.0054358111
3.068663e-07,-0.005458071
3.069663e-07,-0.0054767406
3.070663e-07,-0.0054803309
3.071663e-07,-0.0054652516
3.072663e-07,-0.0054386834
3.073663e-07,-0.0054128332
3.074663e-07,-0.0053999081
3.075663e-07,-0.0054042165
3.076663e-07,-0.0054200138
3.077663e-07,-0.0054372472
3.078663e-07,-0.005445864
3.079663e-07,-0.0054422737
3.080663e-07,-0.0054307847
3.081663e-07,-0.0054214499
3.082663e-07,-0.005422886
3.083663e-07,-0.0054365292
3.084663e-07,-0.0054559168
3.085663e-07,-0.00546956
3.086663e-07,-0.0054688419
3.087663e-07,-0.0054516085
3.088663e-07,-0.0054257583
3.089663e-07,-0.0054049345
3.090663e-07,-0.0053999081
3.091663e-07,-0.0054149874
3.092663e-07,-0.0054444278
3.093663e-07,-0.0054738683
3.094663e-07,-0.0054918199
3.095663e-07,-0.0054911018
3.096663e-07,-0.0054767406
3.097663e-07,-0.0054573529
3.098663e-07,-0.005445864
3.099663e-07,-0.005445864
3.100663e-07,-0.0054544807
3.101663e-07,-0.0054609432
3.102663e-07,-0.0054573529
3.103663e-07,-0.0054401195
3.104663e-07,-0.0054149874
3.105663e-07,-0.0053941636
3.106663e-07,-0.0053884191
3.107663e-07,-0.0054013442
3.108663e-07,-0.0054257583
3.109663e-07,-0.0054487362
3.110663e-07,-0.0054573529
3.111663e-07,-0.0054451459
3.112663e-07,-0.0054171415
3.113663e-07,-0.0053862649
3.114663e-07,-0.0053654412
3.115663e-07,-0.0053625689
3.116663e-07,-0.0053740579
3.117663e-07,-0.0053905733
3.118663e-07,-0.0053999081
3.119663e-07,-0.0053948817
3.120663e-07,-0.0053769301
3.121663e-07,-0.0053561064
3.122663e-07,-0.0053424632
3.123663e-07,-0.0053431813
3.124663e-07,-0.0053553883
3.125663e-07,-0.0053697495
3.126663e-07,-0.0053769301
3.127663e-07,-0.0053704676
3.128663e-07,-0.0053525161
3.129663e-07,-0.0053324104
3.130663e-07,-0.0053194853
3.131663e-07,-0.0053194853
3.132663e-07,-0.0053302562
3.133663e-07,-0.0053453355
3.134663e-07,-0.0053539522
3.135663e-07,-0.0053525161
3.136663e-07,-0.0053438994
3.137663e-07,-0.0053338465
3.138663e-07,-0.0053309743
3.139663e-07,-0.0053374368
3.140663e-07,-0.0053503619
3.141663e-07,-0.0053618509
3.142663e-07,-0.0053654412
3.143663e-07,-0.0053596967
3.144663e-07,-0.0053503619
3.145663e-07,-0.0053460535
3.146663e-07,-0.0053539522
3.147663e-07,-0.0053740579
3.148663e-07,-0.0053970358
3.149663e-07,-0.0054128332
3.150663e-07,-0.0054113971
3.151663e-07,-0.0053927275
3.152663e-07,-0.0053675954
3.153663e-07,-0.0053503619
3.154663e-07,-0.0053539522
3.155663e-07,-0.0053819566
3.156663e-07,-0.0054257583
3.157663e-07,-0.0054681239
3.158663e-07,-0.0054918199
3.159663e-07,-0.0054882295
3.160663e-07,-0.0054616613
3.161663e-07,-0.0054264763
3.162663e-07,-0.0053999081
3.163663e-07,-0.0053934455
3.164663e-07,-0.0054070887
3.165663e-07,-0.0054329389
3.166663e-07,-0.0054573529
3.167663e-07,-0.00546956
3.168663e-07,-0.0054674058
3.169663e-07,-0.0054566349
3.170663e-07,-0.005445864
3.171663e-07,-0.0054429917
3.172663e-07,-0.0054480182
3.173663e-07,-0.0054551988
3.174663e-07,-0.0054573529
3.175663e-07,-0.0054494543
3.176663e-07,-0.0054322208
3.177663e-07,-0.0054135512
3.178663e-07,-0.0053999081
3.179663e-07,-0.0053963178
3.180663e-07,-0.0054020623
3.181663e-07,-0.0054092429
3.182663e-07,-0.0054113971
3.183663e-07,-0.0054042165
3.184663e-07,-0.0053905733
3.185663e-07,-0.005375494
3.186663e-07,-0.0053654412
3.187663e-07,-0.005363287
3.188663e-07,-0.0053647231
3.189663e-07,-0.005363287
3.190663e-07,-0.0053539522
3.191663e-07,-0.0053360007
3.192663e-07,-0.0053166131
3.193663e-07,-0.005304406
3.194663e-07,-0.0053079963
3.195663e-07,-0.005327384
3.196663e-07,-0.0053561064
3.197663e-07,-0.0053798024
3.198663e-07,-0.0053884191
3.199663e-07,-0.0053776482
3.200663e-07,-0.005351798
3.201663e-07,-0.0053245117
3.202663e-07,-0.0053079963
3.203663e-07,-0.0053079963
3.204663e-07,-0.0053230756
3.205663e-07,-0.0053417452
3.206663e-07,-0.0053539522
3.207663e-07,-0.0053525161
3.208663e-07,-0.0053381549
3.209663e-07,-0.0053202034
3.210663e-07,-0.0053079963
3.211663e-07,-0.0053087144
3.212663e-07,-0.0053216395
3.213663e-07,-0.005339591
3.214663e-07,-0.0053539522
3.215663e-07,-0.0053589786
3.216663e-07,-0.0053553883
3.217663e-07,-0.0053482077
3.218663e-07,-0.0053424632
3.219663e-07,-0.0053417452
3.220663e-07,-0.0053438994
3.221663e-07,-0.0053424632
3.222663e-07,-0.0053309743
3.223663e-07,-0.0053087144
3.224663e-07,-0.00528071
3.225663e-07,-0.0052548598
3.226663e-07,-0.0052390625
3.227663e-07,-0.0052347541
3.228663e-07,-0.0052376264
3.229663e-07,-0.0052376264
3.230663e-07,-0.0052275735
3.231663e-07,-0.0052031595
3.232663e-07,-0.0051686926
3.233663e-07,-0.0051320715
3.234663e-07,-0.0051011949
3.235663e-07,-0.0050782169
3.236663e-07,-0.0050588293
3.237663e-07,-0.0050351333
3.238663e-07,-0.0049977941
3.239663e-07,-0.0049446576
3.240663e-07,-0.0048814683
3.241663e-07,-0.0048154067
3.242663e-07,-0.0047565257
3.243663e-07,-0.0047076976
3.244663e-07,-0.0046638959
3.245663e-07,-0.00461794
3.246663e-07,-0.0045612132
3.247663e-07,-0.0044908433
3.248663e-07,-0.0044125747
3.249663e-07,-0.004333588
3.250663e-07,-0.0042625
3.251663e-07,-0.0042007468
3.252663e-07,-0.0041425839
3.253663e-07,-0.0040779584
3.254663e-07,-0.0039982537
3.255663e-07,-0.0039013155
3.256663e-07,-0.0037936064
3.257663e-07,-0.0036880515
3.258663e-07,-0.0035961397
3.259663e-07,-0.0035221795
3.260663e-07,-0.0034632985
3.261663e-07,-0.0034065717
3.262663e-07,-0.0033433824
3.263663e-07,-0.003267986
3.264663e-07,-0.0031832548
3.265663e-07,-0.0031013959
3.266663e-07,-0.0030331801
3.267663e-07,-0.002983634
3.268663e-07,-0.002949167
3.269663e-07,-0.0029197266
3.270663e-07,-0.0028838235
3.271663e-07,-0.0028349954
3.272663e-07,-0.0027761144
3.273663e-07,-0.0027150793
3.274663e-07,-0.0026655331
3.275663e-07,-0.0026339384
3.276663e-07,-0.0026210133
3.277663e-07,-0.0026195772
3.278663e-07,-0.0026195772
3.279663e-07,-0.0026138327
3.280663e-07,-0.0026009076
3.281663e-07,-0.0025851103
3.282663e-07,-0.0025736213
3.283663e-07,-0.0025707491
3.284663e-07,-0.0025750574
3.285663e-07,-0.00258152
3.286663e-07,-0.0025851103
3.287663e-07,-0.0025822381
3.288663e-07,-0.0025757755
3.289663e-07,-0.0025707491
3.290663e-07,-0.0025736213
3.291663e-07,-0.0025858284
3.292663e-07,-0.0026023437
3.293663e-07,-0.0026159869
3.294663e-07,-0.0026195772
3.295663e-07,-0.0026116785
3.296663e-07,-0.0025965993
3.297663e-07,-0.0025851103
3.298663e-07,-0.0025851103
3.299663e-07,-0.0026001896
3.300663e-07,-0.0026253217
3.301663e-07,-0.0026504538
3.302663e-07,-0.0026655331
3.303663e-07,-0.002664097
3.304663e-07,-0.0026482996
3.305663e-07,-0.0026267578
3.306663e-07,-0.0026080882
3.307663e-07,-0.0026001896
3.308663e-07,-0.0026044979
3.309663e-07,-0.002616705
3.310663e-07,-0.0026310662
3.311663e-07,-0.0026432732
3.312663e-07,-0.0026540441
3.313663e-07,-0.002664097
3.314663e-07,-0.0026770221
3.315663e-07,-0.0026899472
3.316663e-07,-0.0026978458
3.317663e-07,-0.0026942555
3.318663e-07,-0.0026770221
3.319663e-07,-0.0026482996
3.320663e-07,-0.0026188591
3.321663e-07,-0.0025987534
3.322663e-07,-0.0025965993
3.323663e-07,-0.0026116785
3.324663e-07,-0.0026353745
3.325663e-07,-0.002652608
3.326663e-07,-0.0026540441
3.327663e-07,-0.0026360926
3.328663e-07,-0.002605216
3.329663e-07,-0.0025764936
3.330663e-07,-0.0025621324
3.331663e-07,-0.002569313
3.332663e-07,-0.002593009
3.333663e-07,-0.0026224494
3.334663e-07,-0.0026425551
3.335663e-07,-0.0026454274
3.336663e-07,-0.0026303481
3.337663e-07,-0.0026066521
3.338663e-07,-0.0025851103
3.339663e-07,-0.0025736213
3.340663e-07,-0.0025736213
3.341663e-07,-0.0025800839
3.342663e-07,-0.0025851103
3.343663e-07,-0.0025843922
3.344663e-07,-0.0025779297
3.345663e-07,-0.0025721852
3.346663e-07,-0.0025736213
3.347663e-07,-0.0025858284
3.348663e-07,-0.0026080882
3.349663e-07,-0.0026332204
3.350663e-07,-0.0026540441
3.351663e-07,-0.002664815
3.352663e-07,-0.0026662511
3.353663e-07,-0.0026612247
3.354663e-07,-0.0026540441
3.355663e-07,-0.0026475816
3.356663e-07,-0.002641119
3.357663e-07,-0.0026325023
3.358663e-07,-0.0026195772
3.359663e-07,-0.0026066521
3.360663e-07,-0.0026001896
3.361663e-07,-0.0026073702
3.362663e-07,-0.0026310662
3.363663e-07,-0.0026676873
3.364663e-07,-0.0027050264
3.365663e-07,-0.0027301585
3.366663e-07,-0.0027344669
3.367663e-07,-0.0027172335
3.368663e-07,-0.0026863568
3.369663e-07,-0.0026576344
3.370663e-07,-0.0026425551
3.371663e-07,-0.0026447093
3.372663e-07,-0.0026590705
3.373663e-07,-0.0026734318
3.374663e-07,-0.0026770221
3.375663e-07,-0.002664815
3.376663e-07,-0.0026418371
3.377663e-07,-0.0026188591
3.378663e-07,-0.0026080882
3.379663e-07,-0.0026152688
3.380663e-07,-0.0026382468
3.381663e-07,-0.0026662511
3.382663e-07,-0.002688511
3.383663e-07,-0.0026985639
3.384663e-07,-0.0026956916
3.385663e-07,-0.0026856388
3.386663e-07,-0.0026770221
3.387663e-07,-0.0026719956
3.388663e-07,-0.0026698415
3.389663e-07,-0.0026655331
3.390663e-07,-0.0026540441
3.391663e-07,-0.0026375287
3.392663e-07,-0.0026224494
3.393663e-07,-0.0026181411
3.394663e-07,-0.0026310662
3.395663e-07,-0.0026605067
3.396663e-07,-0.0026956916
3.397663e-07,-0.0027244141
3.398663e-07,-0.0027344669
3.399663e-07,-0.0027222599
3.400663e-07,-0.0026949736
3.401663e-07,-0.002664097
3.402663e-07,-0.0026425551
3.403663e-07,-0.0026360926
3.404663e-07,-0.0026396829
3.405663e-07,-0.0026454274
3.406663e-07,-0.0026425551
3.407663e-07,-0.0026281939
3.408663e-07,-0.0026066521
3.409663e-07,-0.0025887006
3.410663e-07,-0.0025851103
3.411663e-07,-0.0025980354
3.412663e-07,-0.0026202953
3.413663e-07,-0.0026389648
3.414663e-07,-0.0026425551
3.415663e-07,-0.0026246036
3.416663e-07,-0.0025908548
3.417663e-07,-0.0025535156
3.418663e-07,-0.0025276654
3.419663e-07,-0.0025204848
3.420663e-07,-0.0025312557
3.421663e-07,-0.0025492073
3.422663e-07,-0.0025621324
3.423663e-07,-0.0025621324
3.424663e-07,-0.0025499253
3.425663e-07,-0.0025312557
3.426663e-07,-0.0025161765
3.427663e-07,-0.002510432
3.428663e-07,-0.0025133042
3.429663e-07,-0.0025176126
3.430663e-07,-0.0025161765
3.431663e-07,-0.0025046875
3.432663e-07,-0.0024852999
3.433663e-07,-0.0024673483
3.434663e-07,-0.0024587316
3.435663e-07,-0.0024644761
3.436663e-07,-0.0024809915
3.437663e-07,-0.0025010972
3.438663e-07,-0.0025161765
3.439663e-07,-0.002521921
3.440663e-07,-0.0025212029
3.441663e-07,-0.0025204848
3.442663e-07,-0.0025276654
3.443663e-07,-0.002545617
3.444663e-07,-0.002570031
3.445663e-07,-0.002593727
3.446663e-07,-0.0026080882
3.447663e-07,-0.0026109605
3.448663e-07,-0.0026059341
3.449663e-07,-0.0026023437
3.450663e-07,-0.0026080882
3.451663e-07,-0.0026253217
3.452663e-07,-0.0026490177
3.453663e-07,-0.0026691234
3.454663e-07,-0.0026770221
3.455663e-07,-0.0026698415
3.456663e-07,-0.0026547622
3.457663e-07,-0.0026418371
3.458663e-07,-0.0026425551
3.459663e-07,-0.0026619428
3.460663e-07,-0.0026949736
3.461663e-07,-0.0027308766
3.462663e-07,-0.0027574449
3.463663e-07,-0.0027682158
3.464663e-07,-0.0027639074
3.465663e-07,-0.0027531365
3.466663e-07,-0.0027459559
3.467663e-07,-0.002747392
3.468663e-07,-0.0027560087
3.469663e-07,-0.0027660616
3.470663e-07,-0.0027689338
3.471663e-07,-0.0027624713
3.472663e-07,-0.0027502642
3.473663e-07,-0.0027423656
3.474663e-07,-0.0027459559
3.475663e-07,-0.0027653435
3.476663e-07,-0.0027962201
3.477663e-07,-0.0028278148
3.478663e-07,-0.0028493566
3.479663e-07,-0.0028551011
3.480663e-07,-0.0028472024
3.481663e-07,-0.0028342773
3.482663e-07,-0.0028263787
3.483663e-07,-0.0028285329
3.484663e-07,-0.0028400218
3.485663e-07,-0.002853665
3.486663e-07,-0.0028608456
3.487663e-07,-0.0028579733
3.488663e-07,-0.0028479205
3.489663e-07,-0.0028385857
3.490663e-07,-0.0028378676
3.491663e-07,-0.0028500747
3.492663e-07,-0.0028716165
3.493663e-07,-0.0028938764
3.494663e-07,-0.0029068015
3.495663e-07,-0.0029053653
3.496663e-07,-0.0028924403
3.497663e-07,-0.0028744887
3.498663e-07,-0.0028608456
3.499663e-07,-0.0028572553
3.500663e-07,-0.0028629998
3.501663e-07,-0.0028701804
3.502663e-07,-0.0028723346
3.503663e-07,-0.0028644359
3.504663e-07,-0.0028493566
3.505663e-07,-0.0028342773
3.506663e-07,-0.0028263787
3.507663e-07,-0.002830687
3.508663e-07,-0.0028450483
3.509663e-07,-0.0028615636
3.510663e-07,-0.0028723346
3.511663e-07,-0.0028716165
3.512663e-07,-0.0028615636
3.513663e-07,-0.0028479205
3.514663e-07,-0.0028378676
3.515663e-07,-0.0028364315
3.516663e-07,-0.002842176
3.517663e-07,-0.0028486386
3.518663e-07,-0.0028493566
3.519663e-07,-0.002842176
3.520663e-07,-0.0028314051
3.521663e-07,-0.0028227884
3.522663e-07,-0.0028263787
3.523663e-07,-0.0028450483
3.524663e-07,-0.0028766429
3.525663e-07,-0.0029118279
3.526663e-07,-0.0029412684
3.527663e-07,-0.0029570657
3.528663e-07,-0.0029592199
3.529663e-07,-0.0029513212
3.530663e-07,-0.0029412684
3.531663e-07,-0.0029348058
3.532663e-07,-0.0029340878
3.533663e-07,-0.0029376781
3.534663e-07,-0.0029412684
3.535663e-07,-0.0029434226
3.536663e-07,-0.0029462948
3.537663e-07,-0.0029520393
3.538663e-07,-0.0029642463
3.539663e-07,-0.0029821978
3.540663e-07,-0.0030008674
3.541663e-07,-0.0030159467
3.542663e-07,-0.0030216912
3.543663e-07,-0.0030181009
3.544663e-07,-0.0030094841
3.545663e-07,-0.0030015855
3.546663e-07,-0.0029987132
3.547663e-07,-0.0030023035
3.548663e-07,-0.0030066119
3.549663e-07,-0.00300733
3.550663e-07,-0.0029987132
3.551663e-07,-0.0029829159
3.552663e-07,-0.0029649644
3.553663e-07,-0.0029534754
3.554663e-07,-0.0029527574
3.555663e-07,-0.0029613741
3.556663e-07,-0.0029714269
3.557663e-07,-0.0029742992
3.558663e-07,-0.0029642463
3.559663e-07,-0.0029419864
3.560663e-07,-0.0029161363
3.561663e-07,-0.0028981847
3.562663e-07,-0.0028953125
3.563663e-07,-0.0029082376
3.564663e-07,-0.0029283433
3.565663e-07,-0.0029427045
3.566663e-07,-0.0029412684
3.567663e-07,-0.0029211627
3.568663e-07,-0.0028902861
3.569663e-07,-0.0028622817
3.570663e-07,-0.0028493566
3.571663e-07,-0.0028579733
3.572663e-07,-0.0028838235
3.573663e-07,-0.0029161363
3.574663e-07,-0.0029412684
3.575663e-07,-0.0029513212
3.576663e-07,-0.0029462948
3.577663e-07,-0.0029319336
3.578663e-07,-0.0029182904
3.579663e-07,-0.0029096737
3.580663e-07,-0.0029060834
3.581663e-07,-0.0029024931
3.582663e-07,-0.0028953125
3.583663e-07,-0.0028838235
3.584663e-07,-0.0028730526
3.585663e-07,-0.0028716165
3.586663e-07,-0.0028838235
3.587663e-07,-0.0029103918
3.588663e-07,-0.0029419864
3.589663e-07,-0.0029671186
3.590663e-07,-0.0029757353
3.591663e-07,-0.0029649644
3.592663e-07,-0.0029419864
3.593663e-07,-0.0029190085
3.594663e-07,-0.0029068015
3.595663e-07,-0.0029111098
3.596663e-07,-0.0029269072
3.597663e-07,-0.0029448587
3.598663e-07,-0.0029527574
3.599663e-07,-0.0029462948
3.600663e-07,-0.0029297794
3.601663e-07,-0.002912546
3.602663e-07,-0.0029068015
3.603663e-07,-0.0029175724
3.604663e-07,-0.0029419864
3.605663e-07,-0.0029692727
3.606663e-07,-0.0029872243
3.607663e-07,-0.0029886604
3.608663e-07,-0.0029742992
3.609663e-07,-0.0029506032
3.610663e-07,-0.0029297794
3.611663e-07,-0.0029175724
3.612663e-07,-0.0029147001
3.613663e-07,-0.0029175724
3.614663e-07,-0.0029182904
3.615663e-07,-0.0029139821
3.616663e-07,-0.0029068015
3.617663e-07,-0.0029024931
3.618663e-07,-0.0029068015
3.619663e-07,-0.0029211627
3.620663e-07,-0.0029412684
3.621663e-07,-0.0029577838
3.622663e-07,-0.0029642463
3.623663e-07,-0.0029570657
3.624663e-07,-0.0029419864
3.625663e-07,-0.002925471
3.626663e-07,-0.0029182904
3.627663e-07,-0.0029225988
3.628663e-07,-0.0029348058
3.629663e-07,-0.0029477309
3.630663e-07,-0.0029527574
3.631663e-07,-0.0029477309
3.632663e-07,-0.00293696
3.633663e-07,-0.0029283433
3.634663e-07,-0.0029297794
3.635663e-07,-0.0029434226
3.636663e-07,-0.0029635283
3.637663e-07,-0.0029807617
3.638663e-07,-0.0029872243
3.639663e-07,-0.0029800437
3.640663e-07,-0.0029635283
3.641663e-07,-0.0029477309
3.642663e-07,-0.0029412684
3.643663e-07,-0.0029477309
3.644663e-07,-0.0029635283
3.645663e-07,-0.0029793256
3.646663e-07,-0.0029872243
3.647663e-07,-0.002983634
3.648663e-07,-0.0029735811
3.649663e-07,-0.0029642463
3.650663e-07,-0.0029642463
3.651663e-07,-0.0029742992
3.652663e-07,-0.0029900965
3.653663e-07,-0.0030008674
3.654663e-07,-0.0029987132
3.655663e-07,-0.0029829159
3.656663e-07,-0.0029592199
3.657663e-07,-0.0029383961
3.658663e-07,-0.0029297794
3.659663e-07,-0.0029355239
3.660663e-07,-0.002948449
3.661663e-07,-0.0029577838
3.662663e-07,-0.0029527574
3.663663e-07,-0.0029319336
3.664663e-07,-0.0029032112
3.665663e-07,-0.0028787971
3.666663e-07,-0.0028723346
3.667663e-07,-0.0028881319
3.668663e-07,-0.0029190085
3.669663e-07,-0.0029534754
3.670663e-07,-0.0029757353
3.671663e-07,-0.0029786075
3.672663e-07,-0.0029642463
3.673663e-07,-0.0029441406
3.674663e-07,-0.0029297794
3.675663e-07,-0.0029304975
3.676663e-07,-0.0029455767
3.677663e-07,-0.0029678366
3.678663e-07,-0.0029872243
3.679663e-07,-0.0029965591
3.680663e-07,-0.0029972771
3.681663e-07,-0.002995841
3.682663e-07,-0.0029987132
3.683663e-07,-0.0030109203
3.684663e-07,-0.0030295898
3.685663e-07,-0.0030468233
3.686663e-07,-0.0030561581
3.687663e-07,-0.0030540039
3.688663e-07,-0.0030439511
3.689663e-07,-0.0030346163
3.690663e-07,-0.0030331801
3.691663e-07,-0.0030425149
3.692663e-07,-0.0030583123
3.693663e-07,-0.0030690832
3.694663e-07,-0.0030676471
3.695663e-07,-0.0030504136
3.696663e-07,-0.0030231273
3.697663e-07,-0.0029987132
3.698663e-07,-0.0029872243
3.699663e-07,-0.0029944049
3.700663e-07,-0.0030159467
3.701663e-07,-0.0030410788
3.702663e-07,-0.0030561581
3.703663e-07,-0.003054722
3.704663e-07,-0.0030389246
3.705663e-07,-0.0030159467
3.706663e-07,-0.0029987132
3.707663e-07,-0.0029929687
3.708663e-07,-0.0029979952
3.709663e-07,-0.0030066119
3.710663e-07,-0.0030102022
3.711663e-07,-0.0030044577
3.712663e-07,-0.0029922507
3.713663e-07,-0.0029829159
3.714663e-07,-0.0029872243
3.715663e-07,-0.0030094841
3.716663e-07,-0.0030475414
3.717663e-07,-0.003090625
3.718663e-07,-0.0031250919
3.719663e-07,-0.0031416073
3.720663e-07,-0.0031394531
3.721663e-07,-0.003126528
3.722663e-07,-0.0031136029
3.723663e-07,-0.0031121668
3.724663e-07,-0.00312581
3.725663e-07,-0.0031516602
3.726663e-07,-0.0031825368
3.727663e-07,-0.0032105411
3.728663e-07,-0.0032299288
3.729663e-07,-0.0032428539
3.730663e-07,-0.0032514706
3.731663e-07,-0.0032600873
3.732663e-07,-0.0032694221
3.733663e-07,-0.0032787569
3.734663e-07,-0.0032859375
3.735663e-07,-0.0032888097
3.736663e-07,-0.0032880917
3.737663e-07,-0.0032866556
3.738663e-07,-0.0032859375
3.739663e-07,-0.0032859375
3.740663e-07,-0.0032845014
3.741663e-07,-0.0032773208
3.742663e-07,-0.0032629596
3.743663e-07,-0.0032435719
3.744663e-07,-0.0032256204
3.745663e-07,-0.0032155676
3.746663e-07,-0.0032170037
3.747663e-07,-0.0032284926
3.748663e-07,-0.0032421358
3.749663e-07,-0.0032478803
3.750663e-07,-0.0032399816
3.751663e-07,-0.0032177217
3.752663e-07,-0.0031875632
3.753663e-07,-0.0031609949
3.754663e-07,-0.0031480699
3.755663e-07,-0.0031509421
3.756663e-07,-0.0031667394
3.757663e-07,-0.0031839729
3.758663e-07,-0.0031940257
3.759663e-07,-0.0031918716
3.760663e-07,-0.0031803826
3.761663e-07,-0.0031667394
3.762663e-07,-0.0031595588
3.763663e-07,-0.0031638672
3.764663e-07,-0.0031775103
3.765663e-07,-0.0031933077
3.766663e-07,-0.0032055147
3.767663e-07,-0.0032083869
3.768663e-07,-0.0032040786
3.769663e-07,-0.003197616
3.770663e-07,-0.0031940257
3.771663e-07,-0.0031954619
3.772663e-07,-0.0031997702
3.773663e-07,-0.0032004883
3.774663e-07,-0.0031940257
3.775663e-07,-0.0031796645
3.776663e-07,-0.0031631491
3.777663e-07,-0.0031538143
3.778663e-07,-0.0031595588
3.779663e-07,-0.0031811006
3.780663e-07,-0.0032134134
3.781663e-07,-0.00324429
3.782663e-07,-0.0032629596
3.783663e-07,-0.0032636776
3.784663e-07,-0.0032485983
3.785663e-07,-0.0032256204
3.786663e-07,-0.0032055147
3.787663e-07,-0.0031961799
3.788663e-07,-0.003197616
3.789663e-07,-0.0032069508
3.790663e-07,-0.0032170037
3.791663e-07,-0.0032227482
3.792663e-07,-0.0032241843
3.793663e-07,-0.0032249023
3.794663e-07,-0.0032284926
3.795663e-07,-0.0032371094
3.796663e-07,-0.0032493164
3.797663e-07,-0.0032593693
3.798663e-07,-0.0032629596
3.799663e-07,-0.0032593693
3.800663e-07,-0.0032507525
3.801663e-07,-0.0032428539
3.802663e-07,-0.0032399816
3.803663e-07,-0.0032435719
3.804663e-07,-0.0032507525
3.805663e-07,-0.0032543428
3.806663e-07,-0.0032514706
3.807663e-07,-0.0032421358
3.808663e-07,-0.0032306468
3.809663e-07,-0.0032241843
3.810663e-07,-0.0032284926
3.811663e-07,-0.0032428539
3.812663e-07,-0.0032600873
3.813663e-07,-0.0032730124
3.814663e-07,-0.0032744485
3.815663e-07,-0.0032651137
3.816663e-07,-0.0032514706
3.817663e-07,-0.00324429
3.818663e-07,-0.0032514706
3.819663e-07,-0.0032737305
3.820663e-07,-0.0033046071
3.821663e-07,-0.0033311753
3.822663e-07,-0.0033433824
3.823663e-07,-0.0033369198
3.824663e-07,-0.0033168141
3.825663e-07,-0.0032959903
3.826663e-07,-0.0032859375
3.827663e-07,-0.0032938362
3.828663e-07,-0.0033182502
3.829663e-07,-0.003350563
3.830663e-07,-0.0033778493
3.831663e-07,-0.0033936466
3.832663e-07,-0.0033965188
3.833663e-07,-0.0033922105
3.834663e-07,-0.0033893382
3.835663e-07,-0.0033936466
3.836663e-07,-0.0034044175
3.837663e-07,-0.0034166245
3.838663e-07,-0.0034238051
3.839663e-07,-0.003422369
3.840663e-07,-0.0034137523
3.841663e-07,-0.0034036994
3.842663e-07,-0.0034008272
3.843663e-07,-0.0034087259
3.844663e-07,-0.0034252413
3.845663e-07,-0.0034439108
3.846663e-07,-0.0034582721
3.847663e-07,-0.0034632985
3.848663e-07,-0.0034597082
3.849663e-07,-0.0034561179
3.850663e-07,-0.0034582721
3.851663e-07,-0.0034719152
3.852663e-07,-0.0034941751
3.853663e-07,-0.0035193072
3.854663e-07,-0.0035386949
3.855663e-07,-0.0035465935
3.856663e-07,-0.0035430032
3.857663e-07,-0.0035336684
3.858663e-07,-0.0035272059
3.859663e-07,-0.0035293601
3.860663e-07,-0.0035415671
3.861663e-07,-0.0035588006
3.862663e-07,-0.0035731618
3.863663e-07,-0.0035789062
3.864663e-07,-0.0035745979
3.865663e-07,-0.0035631089
3.866663e-07,-0.0035501838
3.867663e-07,-0.0035422852
3.868663e-07,-0.0035415671
3.869663e-07,-0.0035494658
3.870663e-07,-0.0035616728
3.871663e-07,-0.003576034
3.872663e-07,-0.0035903952
3.873663e-07,-0.0036047564
3.874663e-07,-0.0036191176
3.875663e-07,-0.0036313247
3.876663e-07,-0.0036392233
3.877663e-07,-0.0036392233
3.878663e-07,-0.0036306066
3.879663e-07,-0.0036155273
3.880663e-07,-0.0035982939
3.881663e-07,-0.0035868049
3.882663e-07,-0.0035846507
3.883663e-07,-0.0035918313
3.884663e-07,-0.0036026023
3.885663e-07,-0.0036105009
3.886663e-07,-0.0036076287
3.887663e-07,-0.0035925494
3.888663e-07,-0.0035695715
3.889663e-07,-0.0035451574
3.890663e-07,-0.0035272059
3.891663e-07,-0.0035193072
3.892663e-07,-0.0035207433
3.893663e-07,-0.0035250517
3.894663e-07,-0.0035272059
3.895663e-07,-0.0035228975
3.896663e-07,-0.0035142808
3.897663e-07,-0.0035063821
3.898663e-07,-0.0035042279
3.899663e-07,-0.0035121266
3.900663e-07,-0.0035279239
3.901663e-07,-0.0035458755
3.902663e-07,-0.0035616728
3.903663e-07,-0.0035710076
3.904663e-07,-0.0035745979
3.905663e-07,-0.0035774701
3.906663e-07,-0.0035846507
3.907663e-07,-0.0035990119
3.908663e-07,-0.0036198357
3.909663e-07,-0.0036399414
3.910663e-07,-0.0036535846
3.911663e-07,-0.0036571749
3.912663e-07,-0.0036507123
3.913663e-07,-0.0036392233
3.914663e-07,-0.0036306066
3.915663e-07,-0.0036291705
3.916663e-07,-0.0036370692
3.917663e-07,-0.0036507123
3.918663e-07,-0.0036650735
3.919663e-07,-0.0036758444
3.920663e-07,-0.0036808709
3.921663e-07,-0.0036837431
3.922663e-07,-0.0036880515
3.923663e-07,-0.0036973863
3.924663e-07,-0.0037124655
3.925663e-07,-0.003729699
3.926663e-07,-0.0037454963
3.927663e-07,-0.0037548311
3.928663e-07,-0.0037562672
3.929663e-07,-0.0037519589
3.930663e-07,-0.0037454963
3.931663e-07,-0.003741188
3.932663e-07,-0.0037426241
3.933663e-07,-0.0037483686
3.934663e-07,-0.0037569853
3.935663e-07,-0.0037663201
3.936663e-07,-0.0037756549
3.937663e-07,-0.0037835535
3.938663e-07,-0.0037914522
3.939663e-07,-0.0037993509
3.940663e-07,-0.0038058134
3.941663e-07,-0.0038115579
3.942663e-07,-0.0038144301
3.943663e-07,-0.0038151482
3.944663e-07,-0.0038158663
3.945663e-07,-0.0038187385
3.946663e-07,-0.0038259191
3.947663e-07,-0.0038374081
3.948663e-07,-0.0038510512
3.949663e-07,-0.0038632583
3.950663e-07,-0.003871875
3.951663e-07,-0.0038754653
3.952663e-07,-0.0038761834
3.953663e-07,-0.0038776195
3.954663e-07,-0.003883364
3.955663e-07,-0.003895571
3.956663e-07,-0.0039120864
3.957663e-07,-0.0039286018
3.958663e-07,-0.0039408088
3.959663e-07,-0.0039443991
3.960663e-07,-0.0039393727
3.961663e-07,-0.0039293199
3.962663e-07,-0.0039178309
3.963663e-07,-0.0039099322
3.964663e-07,-0.003907778
3.965663e-07,-0.0039113683
3.966663e-07,-0.0039178309
3.967663e-07,-0.0039242934
3.968663e-07,-0.0039293199
3.969663e-07,-0.003930756
3.970663e-07,-0.0039293199
3.971663e-07,-0.0039257295
3.972663e-07,-0.0039199851
3.973663e-07,-0.0039135225
3.974663e-07,-0.0039063419
3.975663e-07,-0.0038991613
3.976663e-07,-0.0038926988
3.977663e-07,-0.0038869543
3.978663e-07,-0.003883364
3.979663e-07,-0.0038797737
3.980663e-07,-0.0038747472
3.981663e-07,-0.0038682847
3.982663e-07,-0.003860386
3.983663e-07,-0.0038532054
3.984663e-07,-0.0038496151
3.985663e-07,-0.0038517693
3.986663e-07,-0.003860386
3.987663e-07,-0.0038725931
3.988663e-07,-0.0038855182
3.989663e-07,-0.0038934168
3.990663e-07,-0.0038948529
3.991663e-07,-0.0038912626
3.992663e-07,-0.0038855182
3.993663e-07,-0.0038819278
3.994663e-07,-0.003883364
3.995663e-07,-0.0038876723
3.996663e-07,-0.0038919807
3.997663e-07,-0.0038912626
3.998663e-07,-0.003883364
3.999663e-07,-0.0038690028
4.000663e-07,-0.0038524874
4.001663e-07,-0.0038409984
4.002663e-07,-0.0038374081
4.003663e-07,-0.0038431526
4.004663e-07,-0.0038553596
4.005663e-07,-0.0038661305
4.006663e-07,-0.003871875
4.007663e-07,-0.0038697208
4.008663e-07,-0.0038611041
4.009663e-07,-0.0038532054
4.010663e-07,-0.0038488971
4.011663e-07,-0.0038517693
4.012663e-07,-0.003859668
4.013663e-07,-0.0038682847
4.014663e-07,-0.003871875
4.015663e-07,-0.0038675666
4.016663e-07,-0.0038575138
4.017663e-07,-0.0038453068
4.018663e-07,-0.0038374081
4.019663e-07,-0.00383669
4.020663e-07,-0.0038431526
4.021663e-07,-0.0038532054
4.022663e-07,-0.003860386
4.023663e-07,-0.0038611041
4.024663e-07,-0.0038532054
4.025663e-07,-0.0038402803
4.026663e-07,-0.0038259191
4.027663e-07,-0.0038158663
4.028663e-07,-0.003812276
4.029663e-07,-0.0038158663
4.030663e-07,-0.0038259191
4.031663e-07,-0.0038395623
4.032663e-07,-0.0038546415
4.033663e-07,-0.0038697208
4.034663e-07,-0.003883364
4.035663e-07,-0.0038948529
4.036663e-07,-0.0039020335
4.037663e-07,-0.0039056239
4.038663e-07,-0.0039063419
4.039663e-07,-0.0039063419
4.040663e-07,-0.0039092142
4.041663e-07,-0.0039163948
4.042663e-07,-0.0039293199
4.043663e-07,-0.0039451172
4.044663e-07,-0.0039594784
4.045663e-07,-0.0039695312
4.046663e-07,-0.0039752757
4.047663e-07,-0.0039795841
4.048663e-07,-0.0039882008
4.049663e-07,-0.0040054343
4.050663e-07,-0.0040327206
4.051663e-07,-0.0040664694
4.052663e-07,-0.0040980641
4.053663e-07,-0.0041196059
4.054663e-07,-0.0041246324
4.055663e-07,-0.0041145795
4.056663e-07,-0.0040951919
4.057663e-07,-0.0040765223
4.058663e-07,-0.0040671875
4.059663e-07,-0.0040700597
4.060663e-07,-0.0040829848
4.061663e-07,-0.0040995002
4.062663e-07,-0.0041131434
4.063663e-07,-0.004121042
4.064663e-07,-0.0041246324
4.065663e-07,-0.0041282227
4.066663e-07,-0.0041361213
4.067663e-07,-0.0041483284
4.068663e-07,-0.0041619715
4.069663e-07,-0.0041713063
4.070663e-07,-0.0041705882
4.071663e-07,-0.0041590993
4.072663e-07,-0.0041389936
4.073663e-07,-0.0041181698
4.074663e-07,-0.0041016544
4.075663e-07,-0.0040930377
4.076663e-07,-0.0040908835
4.077663e-07,-0.0040916016
4.078663e-07,-0.0040901654
4.079663e-07,-0.0040858571
4.080663e-07,-0.0040801126
4.081663e-07,-0.0040772403
4.082663e-07,-0.0040786765
4.083663e-07,-0.004084421
4.084663e-07,-0.0040901654
4.085663e-07,-0.0040894474
4.086663e-07,-0.0040786765
4.087663e-07,-0.0040585708
4.088663e-07,-0.0040334386
4.089663e-07,-0.0040111788
4.090663e-07,-0.0039982537
4.091663e-07,-0.0039946634
4.092663e-07,-0.0039975356
4.093663e-07,-0.0040004079
4.094663e-07,-0.0039982537
4.095663e-07,-0.003990355
4.096663e-07,-0.0039803022
4.097663e-07,-0.0039738396
4.098663e-07,-0.0039752757
4.099663e-07,-0.0039831744
4.100663e-07,-0.0039917911
4.101663e-07,-0.0039939453
4.102663e-07,-0.0039867647
4.103663e-07,-0.0039716854
4.104663e-07,-0.0039566062
4.105663e-07,-0.0039515797
4.106663e-07,-0.0039637868
4.107663e-07,-0.0039925092
4.108663e-07,-0.0040284122
4.109663e-07,-0.004060725
4.110663e-07,-0.0040786765
4.111663e-07,-0.0040801126
4.112663e-07,-0.0040700597
4.113663e-07,-0.0040585708
4.114663e-07,-0.0040556985
4.115663e-07,-0.0040643153
4.116663e-07,-0.0040808307
4.117663e-07,-0.0040959099
4.118663e-07,-0.0041016544
4.119663e-07,-0.0040944738
4.120663e-07,-0.0040786765
4.121663e-07,-0.0040628791
4.122663e-07,-0.0040556985
4.123663e-07,-0.004060725
4.124663e-07,-0.0040750862
4.125663e-07,-0.0040908835
4.126663e-07,-0.0041016544
4.127663e-07,-0.0041052447
4.128663e-07,-0.0041059628
4.129663e-07,-0.0041109892
4.130663e-07,-0.0041246324
4.131663e-07,-0.0041468922
4.132663e-07,-0.0041713063
4.133663e-07,-0.0041892578
4.134663e-07,-0.0041935662
4.135663e-07,-0.0041856675
4.136663e-07,-0.0041727424
4.137663e-07,-0.0041648437
4.138663e-07,-0.0041705882
4.139663e-07,-0.0041892578
4.140663e-07,-0.0042136719
4.141663e-07,-0.0042330595
4.142663e-07,-0.0042395221
4.143663e-07,-0.0042344956
4.144663e-07,-0.004227315
4.145663e-07,-0.0042301873
4.146663e-07,-0.004251011
4.147663e-07,-0.0042890682
4.148663e-07,-0.0043328699
4.149663e-07,-0.0043666188
4.150663e-07,-0.0043773897
4.151663e-07,-0.0043637466
4.152663e-07,-0.0043364602
4.153663e-07,-0.0043134823
4.154663e-07,-0.0043084559
4.155663e-07,-0.0043285616
4.156663e-07,-0.0043659007
4.157663e-07,-0.0044068302
4.158663e-07,-0.0044348346
4.159663e-07,-0.0044434513
4.160663e-07,-0.0044355526
4.161663e-07,-0.0044247817
4.162663e-07,-0.0044233456
4.163663e-07,-0.0044369887
4.164663e-07,-0.0044606847
4.165663e-07,-0.0044829446
4.166663e-07,-0.0044922794
4.167663e-07,-0.0044829446
4.168663e-07,-0.0044599667
4.169663e-07,-0.0044362707
4.170663e-07,-0.0044233456
4.171663e-07,-0.004427654
4.172663e-07,-0.0044441693
4.173663e-07,-0.0044621209
4.174663e-07,-0.0044693015
4.175663e-07,-0.0044606847
4.176663e-07,-0.0044427332
4.177663e-07,-0.0044254998
4.178663e-07,-0.0044233456
4.179663e-07,-0.004439861
4.180663e-07,-0.0044693015
4.181663e-07,-0.004498742
4.182663e-07,-0.0045152574
4.183663e-07,-0.0045123851
4.184663e-07,-0.0044951517
4.185663e-07,-0.0044764821
4.186663e-07,-0.0044693015
4.187663e-07,-0.0044807904
4.188663e-07,-0.0045066406
4.189663e-07,-0.004534645
4.190663e-07,-0.0045497243
4.191663e-07,-0.0045446978
4.192663e-07,-0.0045217199
4.193663e-07,-0.0044922794
4.194663e-07,-0.0044693015
4.195663e-07,-0.0044621209
4.196663e-07,-0.0044693015
4.197663e-07,-0.0044836627
4.198663e-07,-0.0044922794
4.199663e-07,-0.0044894072
4.200663e-07,-0.004475764
4.201663e-07,-0.0044585306
4.202663e-07,-0.0044463235
4.203663e-07,-0.0044448874
4.204663e-07,-0.0044506319
4.205663e-07,-0.0044578125
4.206663e-07,-0.0044578125
4.207663e-07,-0.0044484777
4.208663e-07,-0.0044333984
4.209663e-07,-0.0044226275
4.210663e-07,-0.0044233456
4.211663e-07,-0.0044362707
4.212663e-07,-0.0044556583
4.213663e-07,-0.0044693015
4.214663e-07,-0.0044693015
4.215663e-07,-0.0044542222
4.216663e-07,-0.0044326804
4.217663e-07,-0.0044190372
4.218663e-07,-0.0044233456
4.219663e-07,-0.0044491958
4.220663e-07,-0.004487253
4.221663e-07,-0.0045217199
4.222663e-07,-0.0045382353
4.223663e-07,-0.0045296186
4.224663e-07,-0.0045030503
4.225663e-07,-0.0044736098
4.226663e-07,-0.0044578125
4.227663e-07,-0.004464275
4.228663e-07,-0.0044908433
4.229663e-07,-0.0045245921
4.230663e-07,-0.0045497243
4.231663e-07,-0.0045554687
4.232663e-07,-0.0045432617
4.233663e-07,-0.0045210018
4.234663e-07,-0.0045037684
4.235663e-07,-0.0045008961
4.236663e-07,-0.0045131032
4.237663e-07,-0.0045332089
4.238663e-07,-0.0045497243
4.239663e-07,-0.0045533146
4.240663e-07,-0.0045425437
4.241663e-07,-0.004522438
4.242663e-07,-0.0045037684
4.243663e-07,-0.0044922794
4.244663e-07,-0.0044901252
4.245663e-07,-0.0044922794
4.246663e-07,-0.0044922794
4.247663e-07,-0.0044858169
4.248663e-07,-0.0044721737
4.249663e-07,-0.0044578125
4.250663e-07,-0.0044463235
4.251663e-07,-0.004440579
4.252663e-07,-0.0044384249
4.253663e-07,-0.0044341165
4.254663e-07,-0.0044233456
4.255663e-07,-0.0044061121
4.256663e-07,-0.0043874426
4.257663e-07,-0.0043759536
4.258663e-07,-0.0043773897
4.259663e-07,-0.0043910329
4.260663e-07,-0.0044104205
4.261663e-07,-0.0044240636
4.262663e-07,-0.0044233456
4.263663e-07,-0.0044075483
4.264663e-07,-0.0043838523
4.265663e-07,-0.0043630285
4.266663e-07,-0.0043544118
4.267663e-07,-0.0043615924
4.268663e-07,-0.0043788258
4.269663e-07,-0.0043946232
4.270663e-07,-0.0044003676
4.271663e-07,-0.0043939051
4.272663e-07,-0.0043802619
4.273663e-07,-0.0043716452
4.274663e-07,-0.0043773897
4.275663e-07,-0.0043996496
4.276663e-07,-0.0044305262
4.277663e-07,-0.0044578125
4.278663e-07,-0.0044693015
4.279663e-07,-0.0044606847
4.280663e-07,-0.0044384249
4.281663e-07,-0.0044140108
4.282663e-07,-0.0044003676
4.283663e-07,-0.0044032399
4.284663e-07,-0.0044197553
4.285663e-07,-0.0044377068
4.286663e-07,-0.0044463235
4.287663e-07,-0.004440579
4.288663e-07,-0.0044254998
4.289663e-07,-0.0044118566
4.290663e-07,-0.0044118566
4.291663e-07,-0.0044305262
4.292663e-07,-0.0044649931
4.293663e-07,-0.0045008961
4.294663e-07,-0.0045267463
4.295663e-07,-0.0045332089
4.296663e-07,-0.004522438
4.297663e-07,-0.0045044864
4.298663e-07,-0.0044922794
4.299663e-07,-0.0044944336
4.300663e-07,-0.0045123851
4.301663e-07,-0.0045382353
4.302663e-07,-0.0045612132
4.303663e-07,-0.0045741383
4.304663e-07,-0.0045762925
4.305663e-07,-0.0045727022
4.306663e-07,-0.0045727022
4.307663e-07,-0.0045813189
4.308663e-07,-0.0045978343
4.309663e-07,-0.0046165039
4.310663e-07,-0.0046301471
4.311663e-07,-0.0046330193
4.312663e-07,-0.0046258387
4.313663e-07,-0.0046150678
4.314663e-07,-0.0046071691
4.315663e-07,-0.0046071691
4.316663e-07,-0.0046150678
4.317663e-07,-0.0046244026
4.318663e-07,-0.0046301471
4.319663e-07,-0.0046287109
4.320663e-07,-0.0046208123
4.321663e-07,-0.0046121955
4.322663e-07,-0.0046071691
4.323663e-07,-0.004605733
4.324663e-07,-0.0046050149
4.325663e-07,-0.0045992705
4.326663e-07,-0.0045841912
4.327663e-07,-0.0045619313
4.328663e-07,-0.0045389534
4.329663e-07,-0.0045253102
4.330663e-07,-0.0045267463
4.331663e-07,-0.0045425437
4.332663e-07,-0.0045655216
4.333663e-07,-0.004582037
4.334663e-07,-0.0045841912
4.335663e-07,-0.004570548
4.336663e-07,-0.0045475701
4.337663e-07,-0.0045296186
4.338663e-07,-0.0045267463
4.339663e-07,-0.0045432617
4.340663e-07,-0.0045734203
4.341663e-07,-0.0046028608
4.342663e-07,-0.0046186581
4.343663e-07,-0.0046143497
4.344663e-07,-0.004594244
4.345663e-07,-0.0045676758
4.346663e-07,-0.0045497243
4.347663e-07,-0.0045475701
4.348663e-07,-0.0045604952
4.349663e-07,-0.0045798828
4.350663e-07,-0.0045956801
4.351663e-07,-0.0045992705
4.352663e-07,-0.0045913718
4.353663e-07,-0.0045798828
4.354663e-07,-0.0045727022
4.355663e-07,-0.0045770106
4.356663e-07,-0.0045913718
4.357663e-07,-0.0046086052
4.358663e-07,-0.0046186581
4.359663e-07,-0.0046143497
4.360663e-07,-0.0045971163
4.361663e-07,-0.0045719841
4.362663e-07,-0.0045497243
4.363663e-07,-0.0045375172
4.364663e-07,-0.0045367992
4.365663e-07,-0.0045432617
4.366663e-07,-0.0045497243
4.367663e-07,-0.0045511604
4.368663e-07,-0.004546134
4.369663e-07,-0.0045403895
4.370663e-07,-0.0045382353
4.371663e-07,-0.0045446978
4.372663e-07,-0.0045604952
4.373663e-07,-0.0045791648
4.374663e-07,-0.0045956801
4.375663e-07,-0.0046050149
4.376663e-07,-0.004605733
4.377663e-07,-0.0046007066
4.378663e-07,-0.0045956801
4.379663e-07,-0.0045928079
4.380663e-07,-0.0045928079
4.381663e-07,-0.004594244
4.382663e-07,-0.0045956801
4.383663e-07,-0.0045978343
4.384663e-07,-0.0046028608
4.385663e-07,-0.0046136317
4.386663e-07,-0.0046301471
4.387663e-07,-0.0046488166
4.388663e-07,-0.0046624598
4.389663e-07,-0.004664614
4.390663e-07,-0.004653125
4.391663e-07,-0.0046323012
4.392663e-07,-0.0046114775
4.393663e-07,-0.0046014246
4.394663e-07,-0.0046071691
4.395663e-07,-0.0046279929
4.396663e-07,-0.0046538431
4.397663e-07,-0.0046725126
4.398663e-07,-0.0046761029
4.399663e-07,-0.0046631778
4.400663e-07,-0.004641636
4.401663e-07,-0.0046236845
4.402663e-07,-0.0046186581
4.403663e-07,-0.004629429
4.404663e-07,-0.0046502528
4.405663e-07,-0.0046696404
4.406663e-07,-0.0046761029
4.407663e-07,-0.004665332
4.408663e-07,-0.0046401999
4.409663e-07,-0.0046100414
4.410663e-07,-0.0045841912
4.411663e-07,-0.0045669577
4.412663e-07,-0.004558341
4.413663e-07,-0.0045540326
4.414663e-07,-0.0045497243
4.415663e-07,-0.0045454159
4.416663e-07,-0.0045454159
4.417663e-07,-0.0045540326
4.418663e-07,-0.0045727022
4.419663e-07,-0.0045963982
4.420663e-07,-0.0046143497
4.421663e-07,-0.0046157858
4.422663e-07,-0.0045956801
4.423663e-07,-0.0045597771
4.424663e-07,-0.004522438
4.425663e-07,-0.0045001781
4.426663e-07,-0.0045037684
4.427663e-07,-0.0045310547
4.428663e-07,-0.0045691119
4.429663e-07,-0.0045992705
4.430663e-07,-0.0046071691
4.431663e-07,-0.0045892176
4.432663e-07,-0.0045540326
4.433663e-07,-0.0045210018
4.434663e-07,-0.0045037684
4.435663e-07,-0.0045087948
4.436663e-07,-0.0045289005
4.437663e-07,-0.0045475701
4.438663e-07,-0.0045497243
4.439663e-07,-0.0045289005
4.440663e-07,-0.0044901252
4.441663e-07,-0.0044499138
4.442663e-07,-0.0044233456
4.443663e-07,-0.0044190372
4.444663e-07,-0.0044326804
4.445663e-07,-0.0044506319
4.446663e-07,-0.0044578125
4.447663e-07,-0.0044448874
4.448663e-07,-0.004416165
4.449663e-07,-0.0043845703
4.450663e-07,-0.0043659007
4.451663e-07,-0.004369491
4.452663e-07,-0.004392469
4.453663e-07,-0.0044233456
4.454663e-07,-0.0044463235
4.455663e-07,-0.0044491958
4.456663e-07,-0.0044312443
4.457663e-07,-0.0044025218
4.458663e-07,-0.0043773897
4.459663e-07,-0.0043680549
4.460663e-07,-0.0043773897
4.461663e-07,-0.0043996496
4.462663e-07,-0.0044233456
4.463663e-07,-0.0044391429
4.464663e-07,-0.0044434513
4.465663e-07,-0.0044391429
4.466663e-07,-0.0044348346
4.467663e-07,-0.0044355526
4.468663e-07,-0.0044427332
4.469663e-07,-0.0044527861
4.470663e-07,-0.0044578125
4.471663e-07,-0.0044556583
4.472663e-07,-0.0044463235
4.473663e-07,-0.0044377068
4.474663e-07,-0.0044348346
4.475663e-07,-0.0044420152
4.476663e-07,-0.0044570944
4.477663e-07,-0.0044728918
4.478663e-07,-0.0044807904
4.479663e-07,-0.0044779182
4.480663e-07,-0.0044664292
4.481663e-07,-0.0044527861
4.482663e-07,-0.0044463235
4.483663e-07,-0.0044499138
4.484663e-07,-0.0044614028
4.485663e-07,-0.0044736098
4.486663e-07,-0.0044807904
4.487663e-07,-0.0044786363
4.488663e-07,-0.0044693015
4.489663e-07,-0.0044606847
4.490663e-07,-0.0044578125
4.491663e-07,-0.004464275
4.492663e-07,-0.0044764821
4.493663e-07,-0.004487971
4.494663e-07,-0.0044922794
4.495663e-07,-0.004487971
4.496663e-07,-0.0044779182
4.497663e-07,-0.0044700195
4.498663e-07,-0.0044693015
4.499663e-07,-0.0044779182
4.500663e-07,-0.0044901252
4.501663e-07,-0.0045008961
4.502663e-07,-0.0045037684
4.503663e-07,-0.0045001781
4.504663e-07,-0.0044958697
4.505663e-07,-0.00449946
4.506663e-07,-0.0045152574
4.507663e-07,-0.0045411075
4.508663e-07,-0.0045676758
4.509663e-07,-0.0045849092
4.510663e-07,-0.0045841912
4.511663e-07,-0.0045691119
4.512663e-07,-0.0045490062
4.513663e-07,-0.0045396714
4.514663e-07,-0.0045497243
4.515663e-07,-0.0045806009
4.516663e-07,-0.0046215303
4.517663e-07,-0.0046581514
4.518663e-07,-0.0046761029
4.519663e-07,-0.0046725126
4.520663e-07,-0.0046545611
4.521663e-07,-0.0046366096
4.522663e-07,-0.0046301471
4.523663e-07,-0.0046401999
4.524663e-07,-0.0046617417
4.525663e-07,-0.0046811294
4.526663e-07,-0.0046875919
4.527663e-07,-0.0046775391
4.528663e-07,-0.0046574334
4.529663e-07,-0.004641636
4.530663e-07,-0.004641636
4.531663e-07,-0.0046631778
4.532663e-07,-0.004700517
4.533663e-07,-0.0047400103
4.534663e-07,-0.0047680147
4.535663e-07,-0.0047780676
4.536663e-07,-0.0047723231
4.537663e-07,-0.0047615522
4.538663e-07,-0.0047565257
4.539663e-07,-0.0047629883
4.540663e-07,-0.0047787856
4.541663e-07,-0.004794583
4.542663e-07,-0.0048024816
4.543663e-07,-0.0047988913
4.544663e-07,-0.0047895565
4.545663e-07,-0.0047845301
4.546663e-07,-0.0047909926
4.547663e-07,-0.0048103803
4.548663e-07,-0.0048347943
4.549663e-07,-0.0048513097
4.550663e-07,-0.0048484375
4.551663e-07,-0.0048247415
4.552663e-07,-0.0047888385
4.553663e-07,-0.0047536535
4.554663e-07,-0.0047335478
4.555663e-07,-0.0047321117
4.556663e-07,-0.0047436006
4.557663e-07,-0.0047558077
4.558663e-07,-0.0047565257
4.559663e-07,-0.0047414465
4.560663e-07,-0.0047170324
4.561663e-07,-0.0046954906
4.562663e-07,-0.0046875919
4.563663e-07,-0.0046962086
4.564663e-07,-0.004712724
4.565663e-07,-0.0047256491
4.566663e-07,-0.0047220588
4.567663e-07,-0.0046997989
4.568663e-07,-0.0046689223
4.569663e-07,-0.0046445083
4.570663e-07,-0.004641636
4.571663e-07,-0.004664614
4.572663e-07,-0.0047062615
4.573663e-07,-0.0047500632
4.574663e-07,-0.0047795037
4.575663e-07,-0.0047866843
4.576663e-07,-0.0047751953
4.577663e-07,-0.004760116
4.578663e-07,-0.0047565257
4.579663e-07,-0.0047723231
4.580663e-07,-0.0048046358
4.581663e-07,-0.004841975
4.582663e-07,-0.0048714154
4.583663e-07,-0.0048857767
4.584663e-07,-0.0048879308
4.585663e-07,-0.0048872128
4.586663e-07,-0.0048943934
4.587663e-07,-0.004913781
4.588663e-07,-0.0049396312
4.589663e-07,-0.0049597369
4.590663e-07,-0.0049633272
4.591663e-07,-0.0049475299
4.592663e-07,-0.0049209616
4.593663e-07,-0.0048987017
4.594663e-07,-0.0048943934
4.595663e-07,-0.004913781
4.596663e-07,-0.0049504021
4.597663e-07,-0.0049870232
4.598663e-07,-0.0050092831
4.599663e-07,-0.0050071289
4.600663e-07,-0.0049855871
4.601663e-07,-0.0049583008
4.602663e-07,-0.0049403493
4.603663e-07,-0.0049410673
4.604663e-07,-0.0049590188
4.605663e-07,-0.0049827148
4.606663e-07,-0.0049977941
4.607663e-07,-0.004996358
4.608663e-07,-0.0049805607
4.609663e-07,-0.004961173
4.610663e-07,-0.0049518382
4.611663e-07,-0.0049597369
4.612663e-07,-0.0049834329
4.613663e-07,-0.0050121553
4.614663e-07,-0.005032261
4.615663e-07,-0.0050365694
4.616663e-07,-0.0050257985
4.617663e-07,-0.0050092831
4.618663e-07,-0.0049977941
4.619663e-07,-0.0049992302
4.620663e-07,-0.0050114373
4.621663e-07,-0.0050257985
4.622663e-07,-0.005032261
4.623663e-07,-0.0050236443
4.624663e-07,-0.0050013844
4.625663e-07,-0.0049740981
4.626663e-07,-0.0049518382
4.627663e-07,-0.0049410673
4.628663e-07,-0.0049396312
4.629663e-07,-0.0049425034
4.630663e-07,-0.0049403493
