LECROYHDO6104B,11090,Waveform
Segments,1,SegmentSize,5002
Segment,TrigTime,TimeSinceSegment1
#1,04-May-2026 18:30:47,0                 
Time,Ampl
-3.708837e-08,-0.0057215993
-3.698837e-08,-0.0057223173
-3.688837e-08,-0.0057144187
-3.678837e-08,-0.0057072381
-3.668837e-08,-0.0057101103
-3.658837e-08,-0.0057259076
-3.648837e-08,-0.0057503217
-3.638837e-08,-0.0057747358
-3.628837e-08,-0.0057905331
-3.618837e-08,-0.0057941234
-3.608837e-08,-0.0057883789
-3.598837e-08,-0.0057811983
-3.588837e-08,-0.0057790441
-3.578837e-08,-0.0057855067
-3.568837e-08,-0.0057977137
-3.558837e-08,-0.0058056124
-3.548837e-08,-0.0058020221
-3.538837e-08,-0.0057840705
-3.528837e-08,-0.0057546301
-3.518837e-08,-0.0057230354
-3.508837e-08,-0.0056986213
-3.498837e-08,-0.0056849782
-3.488837e-08,-0.0056799517
-3.478837e-08,-0.0056763614
-3.468837e-08,-0.0056641544
-3.458837e-08,-0.0056411765
-3.448837e-08,-0.0056095818
-3.438837e-08,-0.0055801413
-3.428837e-08,-0.0055607537
-3.418837e-08,-0.0055578814
-3.408837e-08,-0.0055686523
-3.398837e-08,-0.0055844497
-3.388837e-08,-0.0055952206
-3.378837e-08,-0.0055923483
-3.368837e-08,-0.005575833
-3.358837e-08,-0.0055514189
-3.348837e-08,-0.0055262868
-3.338837e-08,-0.0055083352
-3.328837e-08,-0.0054990005
-3.318837e-08,-0.0054954102
-3.308837e-08,-0.0054918199
-3.298837e-08,-0.0054853573
-3.288837e-08,-0.0054760225
-3.278837e-08,-0.0054688419
-3.268837e-08,-0.0054688419
-3.258837e-08,-0.0054796128
-3.248837e-08,-0.0054990005
-3.238837e-08,-0.0055205423
-3.228837e-08,-0.0055377757
-3.218837e-08,-0.0055456744
-3.208837e-08,-0.0055435202
-3.198837e-08,-0.0055349035
-3.188837e-08,-0.0055262868
-3.178837e-08,-0.0055205423
-3.168837e-08,-0.0055191062
-3.158837e-08,-0.00551767
-3.148837e-08,-0.0055147978
-3.138837e-08,-0.0055083352
-3.128837e-08,-0.0055018727
-3.118837e-08,-0.0054990005
-3.108837e-08,-0.0055033088
-3.098837e-08,-0.0055155159
-3.088837e-08,-0.0055313132
-3.078837e-08,-0.0055442383
-3.068837e-08,-0.0055492647
-3.058837e-08,-0.0055442383
-3.048837e-08,-0.0055327493
-3.038837e-08,-0.0055205423
-3.028837e-08,-0.0055147978
-3.018837e-08,-0.00551767
-3.008837e-08,-0.0055255687
-2.998837e-08,-0.0055341854
-2.988837e-08,-0.0055377757
-2.978837e-08,-0.0055349035
-2.968837e-08,-0.0055277229
-2.958837e-08,-0.0055234145
-2.948837e-08,-0.0055262868
-2.938837e-08,-0.0055377757
-2.928837e-08,-0.0055542911
-2.918837e-08,-0.0055679343
-2.908837e-08,-0.0055722426
-2.898837e-08,-0.0055657801
-2.888837e-08,-0.0055507008
-2.878837e-08,-0.0055356216
-2.868837e-08,-0.0055262868
-2.858837e-08,-0.0055262868
-2.848837e-08,-0.0055334674
-2.838837e-08,-0.0055435202
-2.828837e-08,-0.0055492647
-2.818837e-08,-0.0055499828
-2.808837e-08,-0.0055463925
-2.798837e-08,-0.0055449563
-2.788837e-08,-0.0055492647
-2.778837e-08,-0.0055600356
-2.768837e-08,-0.0055729607
-2.758837e-08,-0.0055822955
-2.748837e-08,-0.0055837316
-2.738837e-08,-0.005576551
-2.728837e-08,-0.005564344
-2.718837e-08,-0.0055535731
-2.708837e-08,-0.0055492647
-2.698837e-08,-0.0055499828
-2.688837e-08,-0.0055521369
-2.678837e-08,-0.0055492647
-2.668837e-08,-0.0055377757
-2.658837e-08,-0.0055205423
-2.648837e-08,-0.005505463
-2.638837e-08,-0.0055018727
-2.628837e-08,-0.0055147978
-2.618837e-08,-0.005540648
-2.608837e-08,-0.0055700885
-2.598837e-08,-0.0055873219
-2.588837e-08,-0.0055837316
-2.578837e-08,-0.0055578814
-2.568837e-08,-0.00551767
-2.558837e-08,-0.0054796128
-2.548837e-08,-0.0054573529
-2.538837e-08,-0.0054566349
-2.528837e-08,-0.0054738683
-2.518837e-08,-0.0054975643
-2.508837e-08,-0.0055147978
-2.498837e-08,-0.005516952
-2.488837e-08,-0.0055047449
-2.478837e-08,-0.0054853573
-2.468837e-08,-0.0054688419
-2.458837e-08,-0.0054623794
-2.448837e-08,-0.0054659697
-2.438837e-08,-0.0054745864
-2.428837e-08,-0.0054803309
-2.418837e-08,-0.0054788948
-2.408837e-08,-0.0054717142
-2.398837e-08,-0.0054623794
-2.388837e-08,-0.0054573529
-2.378837e-08,-0.005458071
-2.368837e-08,-0.0054623794
-2.358837e-08,-0.0054638155
-2.348837e-08,-0.0054573529
-2.338837e-08,-0.0054415556
-2.328837e-08,-0.0054207318
-2.318837e-08,-0.0054013442
-2.308837e-08,-0.0053884191
-2.298837e-08,-0.0053826746
-2.288837e-08,-0.0053790843
-2.278837e-08,-0.0053711857
-2.268837e-08,-0.0053539522
-2.258837e-08,-0.0053288201
-2.248837e-08,-0.005303688
-2.238837e-08,-0.0052864545
-2.228837e-08,-0.0052850184
-2.218837e-08,-0.0052972254
-2.208837e-08,-0.0053137408
-2.198837e-08,-0.0053237937
-2.188837e-08,-0.0053194853
-2.178837e-08,-0.0053000977
-2.168837e-08,-0.0052742475
-2.158837e-08,-0.0052548598
-2.148837e-08,-0.0052505515
-2.138837e-08,-0.0052627585
-2.128837e-08,-0.0052821461
-2.118837e-08,-0.0052972254
-2.108837e-08,-0.0052965074
-2.098837e-08,-0.0052778378
-2.088837e-08,-0.0052498334
-2.078837e-08,-0.0052254193
-2.068837e-08,-0.0052160846
-2.058837e-08,-0.0052254193
-2.048837e-08,-0.0052469612
-2.038837e-08,-0.0052670669
-2.028837e-08,-0.0052735294
-2.018837e-08,-0.0052627585
-2.008837e-08,-0.0052404986
-1.998837e-08,-0.0052203929
-1.988837e-08,-0.0052160846
-1.978837e-08,-0.0052318819
-1.968837e-08,-0.0052627585
-1.958837e-08,-0.0052965074
-1.948837e-08,-0.0053194853
-1.938837e-08,-0.0053259478
-1.928837e-08,-0.0053194853
-1.918837e-08,-0.0053101505
-1.908837e-08,-0.0053079963
-1.898837e-08,-0.0053180492
-1.888837e-08,-0.0053360007
-1.878837e-08,-0.00535108
-1.868837e-08,-0.0053539522
-1.858837e-08,-0.0053410271
-1.848837e-08,-0.0053187672
-1.838837e-08,-0.0053000977
-1.828837e-08,-0.0052965074
-1.818837e-08,-0.0053115866
-1.808837e-08,-0.005339591
-1.798837e-08,-0.0053654412
-1.788837e-08,-0.0053769301
-1.778837e-08,-0.0053675954
-1.768837e-08,-0.0053417452
-1.758837e-08,-0.0053130227
-1.748837e-08,-0.0052965074
-1.738837e-08,-0.0052993796
-1.728837e-08,-0.0053194853
-1.718837e-08,-0.0053460535
-1.708837e-08,-0.0053654412
-1.698837e-08,-0.0053690315
-1.688837e-08,-0.0053582606
-1.678837e-08,-0.0053417452
-1.668837e-08,-0.0053309743
-1.658837e-08,-0.0053324104
-1.648837e-08,-0.0053453355
-1.638837e-08,-0.005363287
-1.628837e-08,-0.0053769301
-1.618837e-08,-0.0053819566
-1.608837e-08,-0.0053798024
-1.598837e-08,-0.0053798024
-1.588837e-08,-0.0053884191
-1.578837e-08,-0.0054092429
-1.568837e-08,-0.0054358111
-1.558837e-08,-0.0054595071
-1.548837e-08,-0.0054688419
-1.538837e-08,-0.0054616613
-1.528837e-08,-0.0054415556
-1.518837e-08,-0.0054214499
-1.508837e-08,-0.0054113971
-1.498837e-08,-0.0054164235
-1.488837e-08,-0.0054322208
-1.478837e-08,-0.0054494543
-1.468837e-08,-0.0054573529
-1.458837e-08,-0.0054508904
-1.448837e-08,-0.0054336569
-1.438837e-08,-0.0054171415
-1.428837e-08,-0.0054113971
-1.418837e-08,-0.0054214499
-1.408837e-08,-0.0054437098
-1.398837e-08,-0.0054666877
-1.388837e-08,-0.0054803309
-1.378837e-08,-0.0054781767
-1.368837e-08,-0.0054630974
-1.358837e-08,-0.0054451459
-1.348837e-08,-0.005434375
-1.338837e-08,-0.0054365292
-1.328837e-08,-0.0054487362
-1.318837e-08,-0.0054623794
-1.308837e-08,-0.0054688419
-1.298837e-08,-0.0054623794
-1.288837e-08,-0.005446582
-1.278837e-08,-0.0054307847
-1.268837e-08,-0.005422886
-1.258837e-08,-0.0054271944
-1.248837e-08,-0.0054386834
-1.238837e-08,-0.0054480182
-1.228837e-08,-0.005445864
-1.218837e-08,-0.0054286305
-1.208837e-08,-0.0054013442
-1.198837e-08,-0.0053762121
-1.188837e-08,-0.0053654412
-1.178837e-08,-0.005375494
-1.168837e-08,-0.0054013442
-1.158837e-08,-0.0054336569
-1.148837e-08,-0.0054573529
-1.138837e-08,-0.0054652516
-1.128837e-08,-0.005458071
-1.118837e-08,-0.0054444278
-1.108837e-08,-0.005434375
-1.098837e-08,-0.0054358111
-1.088837e-08,-0.0054473001
-1.078837e-08,-0.0054609432
-1.068837e-08,-0.0054688419
-1.058837e-08,-0.0054638155
-1.048837e-08,-0.0054487362
-1.038837e-08,-0.0054307847
-1.028837e-08,-0.005422886
-1.018837e-08,-0.0054307847
-1.008837e-08,-0.0054544807
-9.988366e-09,-0.0054867934
-9.888366e-09,-0.0055147978
-9.788366e-09,-0.0055313132
-9.688366e-09,-0.0055327493
-9.588366e-09,-0.0055248506
-9.488366e-09,-0.0055147978
-9.388366e-09,-0.0055112075
-9.288366e-09,-0.0055155159
-9.188366e-09,-0.0055262868
-9.088366e-09,-0.0055377757
-8.988366e-09,-0.0055449563
-8.888366e-09,-0.0055478286
-8.788366e-09,-0.0055478286
-8.688366e-09,-0.0055492647
-8.588366e-09,-0.0055542911
-8.488366e-09,-0.0055621898
-8.388366e-09,-0.0055693704
-8.288366e-09,-0.0055722426
-8.188366e-09,-0.0055700885
-8.088366e-09,-0.0055664982
-7.988366e-09,-0.0055657801
-7.888366e-09,-0.0055722426
-7.788366e-09,-0.0055858858
-7.688366e-09,-0.0056031193
-7.588366e-09,-0.0056153263
-7.488366e-09,-0.0056181985
-7.388366e-09,-0.0056095818
-7.288366e-09,-0.0055937845
-7.188366e-09,-0.0055794233
-7.088366e-09,-0.0055722426
-6.988366e-09,-0.0055743968
-6.888366e-09,-0.0055822955
-6.788366e-09,-0.00558804
-6.688366e-09,-0.0055837316
-6.588366e-09,-0.0055686523
-6.488366e-09,-0.0055463925
-6.388366e-09,-0.0055255687
-6.288366e-09,-0.0055147978
-6.188366e-09,-0.005516952
-6.088366e-09,-0.0055277229
-5.988366e-09,-0.0055384938
-5.888366e-09,-0.0055377757
-5.788366e-09,-0.0055212603
-5.688366e-09,-0.0054889476
-5.588366e-09,-0.0054494543
-5.488366e-09,-0.0054113971
-5.388366e-09,-0.0053805205
-5.288366e-09,-0.0053575425
-5.188366e-09,-0.0053360007
-5.088366e-09,-0.0053079963
-4.988366e-09,-0.0052677849
-4.888366e-09,-0.0052132123
-4.788366e-09,-0.0051485869
-4.688366e-09,-0.0050782169
-4.588366e-09,-0.0050064108
-4.488366e-09,-0.0049310145
-4.388366e-09,-0.0048498736
-4.288366e-09,-0.0047565257
-4.188366e-09,-0.0046488166
-4.088366e-09,-0.0045281824
-3.988366e-09,-0.0044010857
-3.888366e-09,-0.004273989
-3.788366e-09,-0.0041497645
-3.688366e-09,-0.0040276942
-3.588366e-09,-0.0039027516
-3.488366e-09,-0.0037684743
-3.388366e-09,-0.003622708
-3.288366e-09,-0.0034683249
-3.188366e-09,-0.0033110696
-3.088366e-09,-0.0031595588
-2.988366e-09,-0.0030173828
-2.888366e-09,-0.0028831055
-2.788366e-09,-0.0027495462
-2.688366e-09,-0.0026080882
-2.588366e-09,-0.0024529871
-2.488366e-09,-0.0022842429
-2.388366e-09,-0.0021104722
-2.288366e-09,-0.0019417279
-2.188366e-09,-0.001788781
-2.088366e-09,-0.0016552217
-1.988366e-09,-0.0015367417
-1.888366e-09,-0.0014247243
-1.788366e-09,-0.0013083984
-1.688366e-09,-0.0011813017
-1.588366e-09,-0.0010455882
-1.488366e-09,-0.00090772059
-1.388366e-09,-0.00077918773
-1.288366e-09,-0.00066860639
-1.188366e-09,-0.00057884881
-1.088366e-09,-0.00050560662
-9.883664e-10,-0.0004402631
-8.883664e-10,-0.00037491958
-7.883664e-10,-0.00030454963
-6.883664e-10,-0.00022987132
-5.883664e-10,-0.00015591108
-4.883664e-10,-9.0567555e-05
-3.883664e-10,-3.8867187e-05
-2.883664e-10,-9.1911765e-08
-1.883664e-10,2.9348575e-05
-8.836637e-11,5.6634881e-05
1.163363e-11,8.822955e-05
1.116336e-10,0.00012628676
2.116336e-10,0.0001693704
3.116336e-10,0.00021173598
4.116336e-10,0.00024835708
5.116336e-10,0.00027564338
6.116336e-10,0.00029287684
7.116336e-10,0.00030292969
8.116336e-10,0.00031154642
9.116336e-10,0.00032159926
1.011634e-09,0.00033524242
1.111634e-09,0.00034960363
1.211634e-09,0.0003610926
1.311634e-09,0.00036755515
1.411634e-09,0.00036683709
1.511634e-09,0.00035965648
1.611634e-09,0.00035103975
1.711634e-09,0.00034457721
1.811634e-09,0.00034242302
1.911634e-09,0.00034529527
2.011634e-09,0.00035103975
2.111634e-09,0.00035606618
2.211634e-09,0.00035822036
2.311634e-09,0.00035822036
2.411634e-09,0.00035606618
2.511634e-09,0.00035606618
2.611634e-09,0.00035965648
2.711634e-09,0.00036611903
2.811634e-09,0.00037401769
2.911634e-09,0.00037904412
3.011634e-09,0.00037832606
3.111634e-09,0.00037114545
3.211634e-09,0.00035822036
3.311634e-09,0.00034457721
3.411634e-09,0.0003338063
3.511634e-09,0.00032877987
3.611634e-09,0.00032949793
3.711634e-09,0.00033308824
3.811634e-09,0.00033452436
3.911634e-09,0.00033021599
4.011634e-09,0.00031800896
4.111634e-09,0.00029862132
4.211634e-09,0.0002770795
4.311634e-09,0.00025984605
4.411634e-09,0.00025051126
4.511634e-09,0.00025266544
4.611634e-09,0.00026415441
4.711634e-09,0.00028138787
4.811634e-09,0.00029790326
4.911634e-09,0.00031011029
5.011634e-09,0.0003137006
5.111634e-09,0.00030939223
5.211634e-09,0.00029933938
5.311634e-09,0.00028713235
5.411634e-09,0.00027636144
5.511634e-09,0.00026846278
5.611634e-09,0.00026487247
5.711634e-09,0.00026415441
5.811634e-09,0.00026487247
5.911634e-09,0.00026487247
6.011634e-09,0.00026487247
6.111634e-09,0.00026415441
6.211634e-09,0.00026415441
6.311634e-09,0.00026630859
6.411634e-09,0.0002698989
6.511634e-09,0.00027564338
6.611634e-09,0.00028138787
6.711634e-09,0.00028569623
6.811634e-09,0.00028785041
6.911634e-09,0.00028713235
7.011634e-09,0.00028497817
7.111634e-09,0.00028426011
7.211634e-09,0.00028426011
7.311634e-09,0.00028713235
7.411634e-09,0.00029072266
7.511634e-09,0.0002935949
7.611634e-09,0.00029287684
7.711634e-09,0.00028713235
7.811634e-09,0.0002770795
7.911634e-09,0.00026487247
8.011634e-09,0.00025553768
8.111634e-09,0.00025266544
8.211634e-09,0.00025840993
8.311634e-09,0.00027277114
8.411634e-09,0.00029144072
8.511634e-09,0.00031011029
8.611634e-09,0.00032303539
8.711634e-09,0.00032662569
8.811634e-09,0.00032159926
8.911634e-09,0.00031011029
9.011634e-09,0.0002971852
9.111634e-09,0.00028785041
9.211634e-09,0.00028497817
9.311634e-09,0.00028713235
9.411634e-09,0.00029215878
9.511634e-09,0.00029574908
9.611634e-09,0.00029431296
9.711634e-09,0.00028713235
9.811634e-09,0.00027636144
9.911634e-09,0.00026702665
1.001163e-08,0.00026200023
1.011163e-08,0.00026415441
1.021163e-08,0.00027205308
1.031163e-08,0.00028210593
1.041163e-08,0.00028856847
1.051163e-08,0.00028713235
1.061163e-08,0.00027779756
1.071163e-08,0.00026343635
1.081163e-08,0.00024907514
1.091163e-08,0.00024117647
1.101163e-08,0.00024333065
1.111163e-08,0.00025481962
1.121163e-08,0.00027133502
1.131163e-08,0.00028713235
1.141163e-08,0.00029503102
1.151163e-08,0.00029287684
1.161163e-08,0.00028066981
1.171163e-08,0.00026415441
1.181163e-08,0.00024907514
1.191163e-08,0.00024117647
1.201163e-08,0.00024261259
1.211163e-08,0.00025266544
1.221163e-08,0.00026630859
1.231163e-08,0.0002770795
1.241163e-08,0.00028066981
1.251163e-08,0.00027564338
1.261163e-08,0.00026271829
1.271163e-08,0.00024548483
1.281163e-08,0.0002296875
1.291163e-08,0.00021819853
1.301163e-08,0.0002131721
1.311163e-08,0.0002131721
1.321163e-08,0.00021604435
1.331163e-08,0.00021819853
1.341163e-08,0.00021676241
1.351163e-08,0.0002095818
1.361163e-08,0.00019809283
1.371163e-08,0.00018373162
1.381163e-08,0.00016793428
1.391163e-08,0.00015285501
1.401163e-08,0.00013921186
1.411163e-08,0.00012628676
1.421163e-08,0.00011407973
1.431163e-08,0.0001018727
1.441163e-08,9.1101792e-05
1.451163e-08,8.0330882e-05
1.461163e-08,7.0996094e-05
1.471163e-08,6.3097426e-05
1.481163e-08,5.5198759e-05
1.491163e-08,4.5863971e-05
1.501163e-08,3.5093061e-05
1.511163e-08,2.360409e-05
1.521163e-08,1.4987362e-05
1.531163e-08,1.1397059e-05
1.541163e-08,1.6423483e-05
1.551163e-08,3.0784697e-05
1.561163e-08,5.0172335e-05
1.571163e-08,6.8841912e-05
1.581163e-08,7.8894761e-05
1.591163e-08,7.3868336e-05
1.601163e-08,5.3762638e-05
1.611163e-08,2.2886029e-05
1.621163e-08,-9.4267004e-06
1.631163e-08,-3.3122702e-05
1.641163e-08,-4.173943e-05
1.651163e-08,-3.4558824e-05
1.661163e-08,-1.6607307e-05
1.671163e-08,1.3442096e-06
1.681163e-08,1.283318e-05
1.691163e-08,1.1397059e-05
1.701163e-08,6.261489e-07
1.711163e-08,-1.2298943e-05
1.721163e-08,-1.8761489e-05
1.731163e-08,-1.1580882e-05
1.741163e-08,8.5248162e-06
1.751163e-08,3.6529182e-05
1.761163e-08,6.3097426e-05
1.771163e-08,8.0330882e-05
1.781163e-08,8.5357307e-05
1.791163e-08,8.1048943e-05
1.801163e-08,7.3150276e-05
1.811163e-08,6.8841912e-05
1.821163e-08,7.3150276e-05
1.831163e-08,8.4639246e-05
1.841163e-08,0.00010043658
1.851163e-08,0.00011479779
1.861163e-08,0.00012269646
1.871163e-08,0.00012413258
1.881163e-08,0.00012054228
1.891163e-08,0.00011479779
1.901163e-08,0.00011048943
1.911163e-08,0.00010833525
1.921163e-08,0.00010618107
1.931163e-08,0.00010330882
1.941163e-08,9.8282399e-05
1.951163e-08,9.1819853e-05
1.961163e-08,8.5357307e-05
1.971163e-08,8.0330882e-05
1.981163e-08,7.6022518e-05
1.991163e-08,6.9559972e-05
2.001163e-08,5.9507123e-05
2.011163e-08,4.5863971e-05
2.021163e-08,3.0066636e-05
2.031163e-08,1.5705423e-05
2.041163e-08,9.2428768e-06
2.051163e-08,1.1397059e-05
2.061163e-08,2.0731847e-05
2.071163e-08,3.0066636e-05
2.081163e-08,3.2938879e-05
2.091163e-08,2.2886029e-05
2.101163e-08,-9.1911765e-08
2.111163e-08,-3.1686581e-05
2.121163e-08,-6.1127068e-05
2.131163e-08,-8.0514706e-05
2.141163e-08,-8.482307e-05
2.151163e-08,-7.6206342e-05
2.161163e-08,-6.0409007e-05
2.171163e-08,-4.6047794e-05
2.181163e-08,-3.9585248e-05
2.191163e-08,-4.2457491e-05
2.201163e-08,-5.0356158e-05
2.211163e-08,-5.7536765e-05
2.221163e-08,-5.8972886e-05
2.231163e-08,-5.3228401e-05
2.241163e-08,-4.3175551e-05
2.251163e-08,-3.4558824e-05
2.261163e-08,-3.1686581e-05
2.271163e-08,-3.6713006e-05
2.281163e-08,-4.7483915e-05
2.291163e-08,-5.7536765e-05
2.301163e-08,-6.328125e-05
2.311163e-08,-6.1845129e-05
2.321163e-08,-5.4664522e-05
2.331163e-08,-4.6047794e-05
2.341163e-08,-3.9585248e-05
2.351163e-08,-3.8149127e-05
2.361163e-08,-4.1021369e-05
2.371163e-08,-4.6047794e-05
2.381163e-08,-4.8920037e-05
2.391163e-08,-4.8201976e-05
2.401163e-08,-4.2457491e-05
2.411163e-08,-3.4558824e-05
2.421163e-08,-2.7378217e-05
2.431163e-08,-2.2351792e-05
2.441163e-08,-2.1633732e-05
2.451163e-08,-2.3069853e-05
2.461163e-08,-2.5942096e-05
2.471163e-08,-2.8814338e-05
2.481163e-08,-3.1686581e-05
2.491163e-08,-3.4558824e-05
2.501163e-08,-3.8149127e-05
2.511163e-08,-4.173943e-05
2.521163e-08,-4.4611673e-05
2.531163e-08,-4.6047794e-05
2.541163e-08,-4.4611673e-05
2.551163e-08,-4.173943e-05
2.561163e-08,-3.7431066e-05
2.571163e-08,-3.4558824e-05
2.581163e-08,-3.3840763e-05
2.591163e-08,-3.6713006e-05
2.601163e-08,-4.1021369e-05
2.611163e-08,-4.6047794e-05
2.621163e-08,-5.0356158e-05
2.631163e-08,-5.1792279e-05
2.641163e-08,-5.0356158e-05
2.651163e-08,-4.6047794e-05
2.661163e-08,-3.8867187e-05
2.671163e-08,-3.025046e-05
2.681163e-08,-2.0915671e-05
2.691163e-08,-1.1580882e-05
2.701163e-08,-5.8363971e-06
2.711163e-08,-5.1183364e-06
2.721163e-08,-1.0862822e-05
2.731163e-08,-2.3069853e-05
2.741163e-08,-3.8149127e-05
2.751163e-08,-5.1074219e-05
2.761163e-08,-5.8972886e-05
2.771163e-08,-5.7536765e-05
2.781163e-08,-4.8201976e-05
2.791163e-08,-3.3840763e-05
2.801163e-08,-2.019761e-05
2.811163e-08,-1.1580882e-05
2.821163e-08,-1.0862822e-05
2.831163e-08,-1.7325368e-05
2.841163e-08,-2.6660156e-05
2.851163e-08,-3.4558824e-05
2.861163e-08,-3.7431066e-05
2.871163e-08,-3.3122702e-05
2.881163e-08,-2.3787914e-05
2.891163e-08,-1.1580882e-05
2.901163e-08,-8.0997243e-07
2.911163e-08,6.3706342e-06
2.921163e-08,9.9609375e-06
2.931163e-08,1.1397059e-05
2.941163e-08,1.283318e-05
2.951163e-08,1.7141544e-05
2.961163e-08,2.4322151e-05
2.971163e-08,3.4375e-05
2.981163e-08,4.5863971e-05
2.991163e-08,5.6634881e-05
3.001163e-08,6.4533548e-05
3.011163e-08,6.8841912e-05
3.021163e-08,6.8841912e-05
3.031163e-08,6.5251608e-05
3.041163e-08,6.0225184e-05
3.051163e-08,5.7352941e-05
3.061163e-08,5.8789063e-05
3.071163e-08,6.5251608e-05
3.081163e-08,7.745864e-05
3.091163e-08,9.1819853e-05
3.101163e-08,0.00010402688
3.111163e-08,0.00010905331
3.121163e-08,0.00010474494
3.131163e-08,9.1819853e-05
3.141163e-08,7.3868336e-05
3.151163e-08,5.7352941e-05
3.161163e-08,4.6582031e-05
3.171163e-08,4.5863971e-05
3.181163e-08,5.3044577e-05
3.191163e-08,6.3097426e-05
3.201163e-08,7.0278033e-05
3.211163e-08,6.8841912e-05
3.221163e-08,5.8071002e-05
3.231163e-08,4.1555607e-05
3.241163e-08,2.360409e-05
3.251163e-08,1.1397059e-05
3.261163e-08,7.8067555e-06
3.271163e-08,1.3551241e-05
3.281163e-08,2.4322151e-05
3.291163e-08,3.4375e-05
3.301163e-08,3.9401425e-05
3.311163e-08,3.7965303e-05
3.321163e-08,3.1502757e-05
3.331163e-08,2.2886029e-05
3.341163e-08,1.6423483e-05
3.351163e-08,1.4987362e-05
3.361163e-08,1.7859605e-05
3.371163e-08,2.2886029e-05
3.381163e-08,2.6476333e-05
3.391163e-08,2.5758272e-05
3.401163e-08,2.0731847e-05
3.411163e-08,1.1397059e-05
3.421163e-08,1.3442096e-06
3.431163e-08,-7.2725184e-06
3.441163e-08,-1.2298943e-05
3.451163e-08,-1.1580882e-05
3.461163e-08,-6.5544577e-06
3.471163e-08,2.7803309e-06
3.481163e-08,1.3551241e-05
3.491163e-08,2.2886029e-05
3.501163e-08,2.9348575e-05
3.511163e-08,2.9348575e-05
3.521163e-08,2.360409e-05
3.531163e-08,1.1397059e-05
3.541163e-08,-3.6822151e-06
3.551163e-08,-1.8761489e-05
3.561163e-08,-3.025046e-05
3.571163e-08,-3.4558824e-05
3.581163e-08,-3.3122702e-05
3.591163e-08,-2.8096278e-05
3.601163e-08,-2.3787914e-05
3.611163e-08,-2.3069853e-05
3.621163e-08,-2.8814338e-05
3.631163e-08,-4.0303309e-05
3.641163e-08,-5.4664522e-05
3.651163e-08,-6.9025735e-05
3.661163e-08,-8.0514706e-05
3.671163e-08,-8.9131434e-05
3.681163e-08,-9.559398e-05
3.691163e-08,-0.00010349265
3.701163e-08,-0.00011498162
3.711163e-08,-0.00013149701
3.721163e-08,-0.00015160271
3.731163e-08,-0.00017242647
3.741163e-08,-0.00019181411
3.751163e-08,-0.00020761144
3.761163e-08,-0.00021981847
3.771163e-08,-0.00022987132
3.781163e-08,-0.00024064223
3.791163e-08,-0.00025356733
3.801163e-08,-0.00026936466
3.811163e-08,-0.00028731618
3.821163e-08,-0.00030454963
3.831163e-08,-0.00031891085
3.841163e-08,-0.00032824563
3.851163e-08,-0.00033327206
3.861163e-08,-0.00033470818
3.871163e-08,-0.00033470818
3.881163e-08,-0.00033758042
3.891163e-08,-0.00034476103
3.901163e-08,-0.00035696806
3.911163e-08,-0.00037348346
3.921163e-08,-0.00038928079
3.931163e-08,-0.00040220588
3.941163e-08,-0.00040795037
3.951163e-08,-0.00040579619
3.961163e-08,-0.00039861558
3.971163e-08,-0.00039071691
3.981163e-08,-0.00038712661
3.991163e-08,-0.00039215303
4.001163e-08,-0.00040651425
4.011163e-08,-0.00042518382
4.021163e-08,-0.00044313534
4.031163e-08,-0.00045462431
4.041163e-08,-0.00045534237
4.051163e-08,-0.00044816176
4.061163e-08,-0.00043882698
4.071163e-08,-0.00043451861
4.081163e-08,-0.00044098116
4.091163e-08,-0.00045965074
4.101163e-08,-0.00048550092
4.111163e-08,-0.00050991498
4.121163e-08,-0.00052571232
4.131163e-08,-0.00052858456
4.141163e-08,-0.00052068589
4.151163e-08,-0.00050919692
4.161163e-08,-0.00050273438
4.171163e-08,-0.00050560662
4.181163e-08,-0.00051924977
4.191163e-08,-0.00053863741
4.201163e-08,-0.0005551528
4.211163e-08,-0.00056305147
4.221163e-08,-0.00055946117
4.231163e-08,-0.0005479722
4.241163e-08,-0.0005350471
4.251163e-08,-0.00052858456
4.261163e-08,-0.00053217486
4.271163e-08,-0.00054653608
4.281163e-08,-0.00056592371
4.291163e-08,-0.00058602941
4.301163e-08,-0.00060182675
4.311163e-08,-0.00061116153
4.321163e-08,-0.00061690602
4.331163e-08,-0.00062049632
4.341163e-08,-0.00062265051
4.351163e-08,-0.00062265051
4.361163e-08,-0.00061834214
4.371163e-08,-0.00060900735
4.381163e-08,-0.0005953642
4.391163e-08,-0.00058172105
4.401163e-08,-0.00057310432
4.411163e-08,-0.00057454044
4.421163e-08,-0.00058531135
4.431163e-08,-0.00060326287
4.441163e-08,-0.00062049632
4.451163e-08,-0.00063198529
4.461163e-08,-0.00063485754
4.471163e-08,-0.00063054917
4.481163e-08,-0.00062408663
4.491163e-08,-0.00062049632
4.501163e-08,-0.00062265051
4.511163e-08,-0.00062983111
4.521163e-08,-0.00063844784
4.531163e-08,-0.00064347426
4.541163e-08,-0.0006427562
4.551163e-08,-0.00063772978
4.561163e-08,-0.00063270335
4.571163e-08,-0.00063198529
4.581163e-08,-0.0006391659
4.591163e-08,-0.00065352711
4.601163e-08,-0.00067147863
4.611163e-08,-0.00068943015
4.621163e-08,-0.00070450942
4.631163e-08,-0.00071743451
4.641163e-08,-0.0007303596
4.651163e-08,-0.000746875
4.661163e-08,-0.00076769876
4.671163e-08,-0.00079139476
4.681163e-08,-0.00081293658
4.691163e-08,-0.00082729779
4.701163e-08,-0.00083304228
4.711163e-08,-0.0008308881
4.721163e-08,-0.00082729779
4.731163e-08,-0.00082729779
4.741163e-08,-0.00083663258
4.751163e-08,-0.00085530216
4.761163e-08,-0.00088043428
4.771163e-08,-0.00090772059
4.781163e-08,-0.00093141659
4.791163e-08,-0.00094865005
4.801163e-08,-0.00095942096
4.811163e-08,-0.00096516544
4.821163e-08,-0.00096803768
4.831163e-08,-0.00096875574
4.841163e-08,-0.00096803768
4.851163e-08,-0.00096516544
4.861163e-08,-0.00096085708
4.871163e-08,-0.00095798483
4.881163e-08,-0.0009587029
4.891163e-08,-0.00096516544
4.901163e-08,-0.00097809053
4.911163e-08,-0.00099604205
4.921163e-08,-0.0010161477
4.931163e-08,-0.0010340993
4.941163e-08,-0.0010484605
4.951163e-08,-0.0010585133
4.961163e-08,-0.0010649759
4.971163e-08,-0.0010685662
4.981163e-08,-0.0010700023
4.991163e-08,-0.0010685662
5.001163e-08,-0.0010642578
5.011163e-08,-0.0010570772
5.021163e-08,-0.0010506147
5.031163e-08,-0.0010484605
5.041163e-08,-0.001054205
5.051163e-08,-0.0010685662
5.061163e-08,-0.0010886719
5.071163e-08,-0.0011087776
5.081163e-08,-0.0011224207
5.091163e-08,-0.001126011
5.101163e-08,-0.0011217027
5.111163e-08,-0.001113804
5.121163e-08,-0.0011094956
5.131163e-08,-0.0011145221
5.141163e-08,-0.0011296013
5.151163e-08,-0.001149707
5.161163e-08,-0.0011698127
5.171163e-08,-0.0011834559
5.181163e-08,-0.0011884823
5.191163e-08,-0.0011884823
5.201163e-08,-0.0011884823
5.211163e-08,-0.0011949449
5.221163e-08,-0.0012093061
5.231163e-08,-0.0012308479
5.241163e-08,-0.0012545439
5.251163e-08,-0.0012753676
5.261163e-08,-0.0012904469
5.271163e-08,-0.0013012178
5.281163e-08,-0.0013105526
5.291163e-08,-0.0013213235
5.301163e-08,-0.0013342486
5.311163e-08,-0.0013464557
5.321163e-08,-0.0013550724
5.331163e-08,-0.0013557904
5.341163e-08,-0.001350764
5.351163e-08,-0.0013450195
5.361163e-08,-0.0013443015
5.371163e-08,-0.0013557904
5.381163e-08,-0.0013794864
5.391163e-08,-0.001409645
5.401163e-08,-0.0014398035
5.411163e-08,-0.0014591912
5.421163e-08,-0.0014642176
5.431163e-08,-0.0014556009
5.441163e-08,-0.0014398035
5.451163e-08,-0.0014247243
5.461163e-08,-0.0014161075
5.471163e-08,-0.0014168256
5.481163e-08,-0.0014247243
5.491163e-08,-0.0014362132
5.501163e-08,-0.0014469841
5.511163e-08,-0.0014563189
5.521163e-08,-0.0014634995
5.531163e-08,-0.0014706801
5.541163e-08,-0.0014778608
5.551163e-08,-0.0014850414
5.561163e-08,-0.0014907858
5.571163e-08,-0.0014936581
5.581163e-08,-0.0014958123
5.591163e-08,-0.0014986845
5.601163e-08,-0.0015058651
5.611163e-08,-0.001516636
5.621163e-08,-0.001528125
5.631163e-08,-0.0015345875
5.641163e-08,-0.0015317153
5.651163e-08,-0.001516636
5.661163e-08,-0.0014936581
5.671163e-08,-0.0014713982
5.681163e-08,-0.0014577551
5.691163e-08,-0.0014591912
5.701163e-08,-0.0014742705
5.711163e-08,-0.0014950942
5.721163e-08,-0.0015123277
5.731163e-08,-0.001516636
5.741163e-08,-0.0015058651
5.751163e-08,-0.0014850414
5.761163e-08,-0.0014627815
5.771163e-08,-0.0014477022
5.781163e-08,-0.00144483
5.791163e-08,-0.0014512925
5.801163e-08,-0.0014627815
5.811163e-08,-0.0014706801
5.821163e-08,-0.0014728343
5.831163e-08,-0.0014699621
5.841163e-08,-0.0014678079
5.851163e-08,-0.0014706801
5.861163e-08,-0.0014814511
5.871163e-08,-0.0014965303
5.881163e-08,-0.0015101735
5.891163e-08,-0.001516636
5.901163e-08,-0.0015137638
5.911163e-08,-0.001504429
5.921163e-08,-0.0014958123
5.931163e-08,-0.0014936581
5.941163e-08,-0.0014994026
5.951163e-08,-0.0015101735
5.961163e-08,-0.0015173541
5.971163e-08,-0.001516636
5.981163e-08,-0.0015051471
5.991163e-08,-0.0014871955
6.001163e-08,-0.0014728343
6.011163e-08,-0.0014706801
6.021163e-08,-0.0014843233
6.031163e-08,-0.0015108915
6.041163e-08,-0.0015410501
6.051163e-08,-0.0015625919
6.061163e-08,-0.0015690545
6.071163e-08,-0.0015590016
6.081163e-08,-0.0015381778
6.091163e-08,-0.001516636
6.101163e-08,-0.0015029929
6.111163e-08,-0.0015008387
6.121163e-08,-0.0015073012
6.131163e-08,-0.001516636
6.141163e-08,-0.0015230986
6.151163e-08,-0.0015223805
6.161163e-08,-0.0015151999
6.171163e-08,-0.0015051471
6.181163e-08,-0.0014958123
6.191163e-08,-0.0014900678
6.201163e-08,-0.0014857594
6.211163e-08,-0.0014821691
6.221163e-08,-0.0014778608
6.231163e-08,-0.0014735524
6.241163e-08,-0.0014699621
6.251163e-08,-0.0014706801
6.261163e-08,-0.0014749885
6.271163e-08,-0.001480733
6.281163e-08,-0.0014843233
6.291163e-08,-0.0014821691
6.301163e-08,-0.0014742705
6.311163e-08,-0.0014620634
6.321163e-08,-0.0014520106
6.331163e-08,-0.0014477022
6.341163e-08,-0.0014505744
6.351163e-08,-0.0014591912
6.361163e-08,-0.0014678079
6.371163e-08,-0.0014706801
6.381163e-08,-0.0014663718
6.391163e-08,-0.0014556009
6.401163e-08,-0.0014433938
6.411163e-08,-0.0014362132
6.421163e-08,-0.0014362132
6.431163e-08,-0.0014433938
6.441163e-08,-0.0014527286
6.451163e-08,-0.0014591912
6.461163e-08,-0.0014599092
6.471163e-08,-0.0014556009
6.481163e-08,-0.0014498564
6.491163e-08,-0.0014477022
6.501163e-08,-0.0014527286
6.511163e-08,-0.0014656537
6.521163e-08,-0.0014843233
6.531163e-08,-0.0015051471
6.541163e-08,-0.0015252528
6.551163e-08,-0.0015424862
6.561163e-08,-0.0015582835
6.571163e-08,-0.0015740809
6.581163e-08,-0.0015891602
6.591163e-08,-0.0016035214
6.601163e-08,-0.0016142923
6.611163e-08,-0.0016200368
6.621163e-08,-0.0016221909
6.631163e-08,-0.0016221909
6.641163e-08,-0.0016243451
6.651163e-08,-0.0016315257
6.661163e-08,-0.0016430147
6.671163e-08,-0.0016566579
6.681163e-08,-0.0016688649
6.691163e-08,-0.0016774816
6.701163e-08,-0.0016832261
6.711163e-08,-0.0016889706
6.721163e-08,-0.0016975873
6.731163e-08,-0.0017119485
6.741163e-08,-0.001729182
6.751163e-08,-0.0017442613
6.761163e-08,-0.0017507238
6.771163e-08,-0.0017464154
6.781163e-08,-0.0017320542
6.791163e-08,-0.0017141027
6.801163e-08,-0.0017011776
6.811163e-08,-0.0017004596
6.821163e-08,-0.0017133847
6.831163e-08,-0.0017370807
6.841163e-08,-0.0017614947
6.851163e-08,-0.0017808824
6.861163e-08,-0.0017894991
6.871163e-08,-0.001788781
6.881163e-08,-0.0017837546
6.891163e-08,-0.0017808824
6.901163e-08,-0.0017844727
6.911163e-08,-0.0017945255
6.921163e-08,-0.0018103228
6.931163e-08,-0.0018268382
6.941163e-08,-0.0018426356
6.951163e-08,-0.0018584329
6.961163e-08,-0.0018756664
6.971163e-08,-0.0018957721
6.981163e-08,-0.0019173139
6.991163e-08,-0.0019381376
7.001163e-08,-0.001954653
7.011163e-08,-0.0019647059
7.021163e-08,-0.0019711684
7.031163e-08,-0.001977631
7.041163e-08,-0.0019905561
7.051163e-08,-0.0020106618
7.061163e-08,-0.0020357939
7.071163e-08,-0.002060208
7.081163e-08,-0.0020760053
7.091163e-08,-0.0020795956
7.101163e-08,-0.0020716969
7.111163e-08,-0.002060208
7.121163e-08,-0.0020530273
7.131163e-08,-0.0020566176
7.141163e-08,-0.0020716969
7.151163e-08,-0.0020932387
7.161163e-08,-0.0021133444
7.171163e-08,-0.0021255515
7.181163e-08,-0.0021291418
7.191163e-08,-0.0021284237
7.201163e-08,-0.0021298598
7.211163e-08,-0.0021370404
7.221163e-08,-0.0021492475
7.231163e-08,-0.0021600184
7.241163e-08,-0.0021607364
7.251163e-08,-0.0021485294
7.261163e-08,-0.0021248334
7.271163e-08,-0.0020997013
7.281163e-08,-0.0020853401
7.291163e-08,-0.0020910846
7.301163e-08,-0.0021169347
7.311163e-08,-0.0021535558
7.321163e-08,-0.0021873047
7.331163e-08,-0.0022059743
7.341163e-08,-0.002203102
7.351163e-08,-0.0021837144
7.361163e-08,-0.0021571461
7.371163e-08,-0.0021370404
7.381163e-08,-0.0021291418
7.391163e-08,-0.002132014
7.401163e-08,-0.0021377585
7.411163e-08,-0.0021370404
7.421163e-08,-0.0021262695
7.431163e-08,-0.0021068819
7.441163e-08,-0.0020882123
7.451163e-08,-0.0020795956
7.461163e-08,-0.0020860581
7.471163e-08,-0.0021040097
7.481163e-08,-0.0021241153
7.491163e-08,-0.0021370404
7.501163e-08,-0.0021348863
7.511163e-08,-0.0021190889
7.521163e-08,-0.002096829
7.531163e-08,-0.0020795956
7.541163e-08,-0.0020738511
7.551163e-08,-0.0020817498
7.561163e-08,-0.0020982652
7.571163e-08,-0.0021140625
7.581163e-08,-0.0021233973
7.591163e-08,-0.0021255515
7.601163e-08,-0.0021241153
7.611163e-08,-0.0021255515
7.621163e-08,-0.0021341682
7.631163e-08,-0.0021499655
7.641163e-08,-0.0021686351
7.651163e-08,-0.0021829963
7.661163e-08,-0.0021894589
7.671163e-08,-0.0021887408
7.681163e-08,-0.0021844324
7.691163e-08,-0.0021829963
7.701163e-08,-0.0021880227
7.711163e-08,-0.0021987937
7.721163e-08,-0.0022102826
7.731163e-08,-0.0022174632
7.741163e-08,-0.0022160271
7.751163e-08,-0.0022081284
7.761163e-08,-0.0021987937
7.771163e-08,-0.0021944853
7.781163e-08,-0.0021987937
7.791163e-08,-0.0022110007
7.801163e-08,-0.0022275161
7.811163e-08,-0.0022404412
7.821163e-08,-0.0022461857
7.831163e-08,-0.0022440315
7.841163e-08,-0.0022361328
7.851163e-08,-0.0022289522
7.861163e-08,-0.0022246438
7.871163e-08,-0.0022246438
7.881163e-08,-0.0022275161
7.891163e-08,-0.0022289522
7.901163e-08,-0.0022289522
7.911163e-08,-0.0022296703
7.921163e-08,-0.0022325425
7.931163e-08,-0.0022404412
7.941163e-08,-0.0022533663
7.951163e-08,-0.0022684455
7.961163e-08,-0.0022806526
7.971163e-08,-0.0022863971
7.981163e-08,-0.002285679
7.991163e-08,-0.0022828068
8.001163e-08,-0.0022820887
8.011163e-08,-0.0022863971
8.021163e-08,-0.0022957318
8.031163e-08,-0.0023065028
8.041163e-08,-0.0023122472
8.051163e-08,-0.002309375
8.061163e-08,-0.0023000402
8.071163e-08,-0.0022899874
8.081163e-08,-0.0022871151
8.091163e-08,-0.002297886
8.101163e-08,-0.002321582
8.111163e-08,-0.0023524586
8.121163e-08,-0.0023818991
8.131163e-08,-0.0024012868
8.141163e-08,-0.0024091854
8.151163e-08,-0.0024084674
8.161163e-08,-0.0024077493
8.171163e-08,-0.0024127757
8.181163e-08,-0.0024249828
8.191163e-08,-0.002439344
8.201163e-08,-0.0024493968
8.211163e-08,-0.0024472426
8.221163e-08,-0.0024328814
8.231163e-08,-0.0024134938
8.241163e-08,-0.0023998506
8.251163e-08,-0.0024012868
8.261163e-08,-0.0024228286
8.271163e-08,-0.0024594497
8.281163e-08,-0.002498225
8.291163e-08,-0.0025276654
8.301163e-08,-0.0025370002
8.311163e-08,-0.0025255113
8.321163e-08,-0.0024996611
8.331163e-08,-0.0024702206
8.341163e-08,-0.0024465246
8.351163e-08,-0.0024343176
8.361163e-08,-0.0024321634
8.371163e-08,-0.0024357537
8.381163e-08,-0.002440062
8.391163e-08,-0.0024422162
8.401163e-08,-0.0024443704
8.411163e-08,-0.0024472426
8.421163e-08,-0.0024529871
8.431163e-08,-0.0024608858
8.441163e-08,-0.0024680664
8.451163e-08,-0.0024702206
8.461163e-08,-0.0024673483
8.471163e-08,-0.0024616039
8.481163e-08,-0.0024580136
8.491163e-08,-0.0024587316
8.501163e-08,-0.0024659122
8.511163e-08,-0.002475247
8.521163e-08,-0.0024824276
8.531163e-08,-0.0024817096
8.541163e-08,-0.0024723748
8.551163e-08,-0.0024580136
8.561163e-08,-0.0024436523
8.571163e-08,-0.0024357537
8.581163e-08,-0.0024364717
8.591163e-08,-0.0024429343
8.601163e-08,-0.0024522691
8.611163e-08,-0.0024587316
8.621163e-08,-0.0024601677
8.631163e-08,-0.0024587316
8.641163e-08,-0.0024572955
8.651163e-08,-0.0024587316
8.661163e-08,-0.002463758
8.671163e-08,-0.0024680664
8.681163e-08,-0.0024673483
8.691163e-08,-0.0024587316
8.701163e-08,-0.0024436523
8.711163e-08,-0.0024285731
8.721163e-08,-0.0024199563
8.731163e-08,-0.0024242647
8.741163e-08,-0.0024407801
8.751163e-08,-0.00246304
8.761163e-08,-0.0024831457
8.771163e-08,-0.0024931985
8.781163e-08,-0.0024917624
8.791163e-08,-0.0024817096
8.801163e-08,-0.0024723748
8.811163e-08,-0.0024702206
8.821163e-08,-0.0024766831
8.831163e-08,-0.0024896082
8.841163e-08,-0.0025003791
8.851163e-08,-0.0025046875
8.861163e-08,-0.0025003791
8.871163e-08,-0.0024917624
8.881163e-08,-0.002487454
8.891163e-08,-0.0024931985
8.901163e-08,-0.002510432
8.911163e-08,-0.002534128
8.921163e-08,-0.0025542337
8.931163e-08,-0.0025621324
8.941163e-08,-0.0025556698
8.951163e-08,-0.0025398725
8.961163e-08,-0.0025233571
8.971163e-08,-0.0025161765
8.981163e-08,-0.0025233571
8.991163e-08,-0.0025413086
9.001163e-08,-0.0025614143
9.011163e-08,-0.0025736213
9.021163e-08,-0.0025721852
9.031163e-08,-0.002558542
9.041163e-08,-0.0025398725
9.051163e-08,-0.0025276654
9.061163e-08,-0.0025276654
9.071163e-08,-0.0025420267
9.081163e-08,-0.0025635685
9.091163e-08,-0.0025851103
9.101163e-08,-0.0025987534
9.111163e-08,-0.0026030618
9.121163e-08,-0.0026001896
9.131163e-08,-0.0025965993
9.141163e-08,-0.0025965993
9.151163e-08,-0.0026001896
9.161163e-08,-0.0026059341
9.171163e-08,-0.0026080882
9.181163e-08,-0.0026037799
9.191163e-08,-0.0025944451
9.201163e-08,-0.0025822381
9.211163e-08,-0.0025736213
9.221163e-08,-0.0025707491
9.231163e-08,-0.0025743394
9.241163e-08,-0.0025808019
9.251163e-08,-0.0025851103
9.261163e-08,-0.0025858284
9.271163e-08,-0.0025836742
9.281163e-08,-0.0025822381
9.291163e-08,-0.0025851103
9.301163e-08,-0.002593727
9.311163e-08,-0.002605216
9.321163e-08,-0.0026152688
9.331163e-08,-0.0026195772
9.341163e-08,-0.002617423
9.351163e-08,-0.0026109605
9.361163e-08,-0.0026066521
9.371163e-08,-0.0026080882
9.381163e-08,-0.0026181411
9.391163e-08,-0.0026332204
9.401163e-08,-0.0026468635
9.411163e-08,-0.0026540441
9.421163e-08,-0.0026518899
9.431163e-08,-0.0026432732
9.441163e-08,-0.0026339384
9.451163e-08,-0.0026310662
9.461163e-08,-0.0026368107
9.471163e-08,-0.0026504538
9.481163e-08,-0.0026662511
9.491163e-08,-0.0026770221
9.501163e-08,-0.0026806124
9.511163e-08,-0.0026777401
9.521163e-08,-0.0026741498
9.531163e-08,-0.0026770221
9.541163e-08,-0.0026892291
9.551163e-08,-0.0027107709
9.561163e-08,-0.002735903
9.571163e-08,-0.0027574449
9.581163e-08,-0.0027696519
9.591163e-08,-0.0027718061
9.601163e-08,-0.0027660616
9.611163e-08,-0.0027574449
9.621163e-08,-0.0027495462
9.631163e-08,-0.0027438017
9.641163e-08,-0.0027394933
9.651163e-08,-0.0027344669
9.661163e-08,-0.0027272863
9.671163e-08,-0.0027186696
9.681163e-08,-0.002712207
9.691163e-08,-0.002711489
9.701163e-08,-0.0027165154
9.711163e-08,-0.0027265682
9.721163e-08,-0.0027380572
9.731163e-08,-0.0027459559
9.741163e-08,-0.0027502642
9.751163e-08,-0.0027509823
9.761163e-08,-0.0027524184
9.771163e-08,-0.0027574449
9.781163e-08,-0.0027660616
9.791163e-08,-0.0027753964
9.801163e-08,-0.0027811409
9.811163e-08,-0.0027804228
9.821163e-08,-0.0027725241
9.831163e-08,-0.0027603171
9.841163e-08,-0.0027495462
9.851163e-08,-0.0027459559
9.861163e-08,-0.0027517004
9.871163e-08,-0.0027639074
9.881163e-08,-0.0027789867
9.891163e-08,-0.0027919118
9.901163e-08,-0.0027990924
9.911163e-08,-0.0028012466
9.921163e-08,-0.0028019646
9.931163e-08,-0.0028034007
9.941163e-08,-0.002806991
9.951163e-08,-0.0028120175
9.961163e-08,-0.0028148897
9.971163e-08,-0.0028148897
9.981163e-08,-0.0028120175
9.991163e-08,-0.0028098633
1.000116e-07,-0.0028134536
1.001116e-07,-0.0028263787
1.002116e-07,-0.0028472024
1.003116e-07,-0.0028708984
1.004116e-07,-0.0028924403
1.005116e-07,-0.0029068015
1.006116e-07,-0.002912546
1.007116e-07,-0.002912546
1.008116e-07,-0.002913264
1.009116e-07,-0.0029182904
1.010116e-07,-0.0029283433
1.011116e-07,-0.0029412684
1.012116e-07,-0.0029506032
1.013116e-07,-0.0029527574
1.014116e-07,-0.0029477309
1.015116e-07,-0.0029383961
1.016116e-07,-0.0029312155
1.017116e-07,-0.0029297794
1.018116e-07,-0.0029355239
1.019116e-07,-0.0029441406
1.020116e-07,-0.0029513212
1.021116e-07,-0.0029527574
1.022116e-07,-0.002949167
1.023116e-07,-0.0029441406
1.024116e-07,-0.0029441406
1.025116e-07,-0.0029527574
1.026116e-07,-0.0029678366
1.027116e-07,-0.002983634
1.028116e-07,-0.0029915326
1.029116e-07,-0.0029872243
1.030116e-07,-0.0029714269
1.031116e-07,-0.0029520393
1.032116e-07,-0.0029391142
1.033116e-07,-0.0029412684
1.034116e-07,-0.002959938
1.035116e-07,-0.0029900965
1.036116e-07,-0.0030216912
1.037116e-07,-0.0030446691
1.038116e-07,-0.00305544
1.039116e-07,-0.0030568761
1.040116e-07,-0.003054722
1.041116e-07,-0.0030561581
1.042116e-07,-0.0030640568
1.043116e-07,-0.0030741096
1.044116e-07,-0.0030812902
1.045116e-07,-0.003079136
1.046116e-07,-0.0030676471
1.047116e-07,-0.0030540039
1.048116e-07,-0.0030475414
1.049116e-07,-0.0030561581
1.050116e-07,-0.0030820083
1.051116e-07,-0.0031179113
1.052116e-07,-0.0031516602
1.053116e-07,-0.0031710478
1.054116e-07,-0.0031688936
1.055116e-07,-0.003149506
1.056116e-07,-0.0031229377
1.057116e-07,-0.003102114
1.058116e-07,-0.0030970875
1.059116e-07,-0.0031085765
1.060116e-07,-0.0031286822
1.061116e-07,-0.0031480699
1.062116e-07,-0.0031566866
1.063116e-07,-0.0031530963
1.064116e-07,-0.0031437615
1.065116e-07,-0.0031365809
1.066116e-07,-0.0031416073
1.067116e-07,-0.0031602769
1.068116e-07,-0.0031889993
1.069116e-07,-0.0032170037
1.070116e-07,-0.0032356733
1.071116e-07,-0.0032399816
1.072116e-07,-0.0032313649
1.073116e-07,-0.0032170037
1.074116e-07,-0.0032062328
1.075116e-07,-0.0032040786
1.076116e-07,-0.0032126953
1.077116e-07,-0.0032284926
1.078116e-07,-0.003245008
1.079116e-07,-0.003256497
1.080116e-07,-0.0032622415
1.081116e-07,-0.0032629596
1.082116e-07,-0.0032615234
1.083116e-07,-0.0032608054
1.084116e-07,-0.0032615234
1.085116e-07,-0.0032629596
1.086116e-07,-0.0032622415
1.087116e-07,-0.0032579331
1.088116e-07,-0.0032500345
1.089116e-07,-0.0032399816
1.090116e-07,-0.0032284926
1.091116e-07,-0.0032162856
1.092116e-07,-0.0032047966
1.093116e-07,-0.0031940257
1.094116e-07,-0.0031839729
1.095116e-07,-0.0031760742
1.096116e-07,-0.0031710478
1.097116e-07,-0.0031710478
1.098116e-07,-0.0031753562
1.099116e-07,-0.0031818187
1.100116e-07,-0.0031882812
1.101116e-07,-0.0031940257
1.102116e-07,-0.0031983341
1.103116e-07,-0.0032019244
1.104116e-07,-0.0032083869
1.105116e-07,-0.0032170037
1.106116e-07,-0.0032284926
1.107116e-07,-0.0032392636
1.108116e-07,-0.0032478803
1.109116e-07,-0.0032514706
1.110116e-07,-0.0032507525
1.111116e-07,-0.0032485983
1.112116e-07,-0.0032478803
1.113116e-07,-0.0032514706
1.114116e-07,-0.0032593693
1.115116e-07,-0.0032694221
1.116116e-07,-0.0032787569
1.117116e-07,-0.0032859375
1.118116e-07,-0.0032909639
1.119116e-07,-0.0032967084
1.120116e-07,-0.0033060432
1.121116e-07,-0.0033204044
1.122116e-07,-0.0033376379
1.123116e-07,-0.0033534352
1.124116e-07,-0.0033634881
1.125116e-07,-0.0033663603
1.126116e-07,-0.0033620519
1.127116e-07,-0.0033563074
1.128116e-07,-0.0033527171
1.129116e-07,-0.0033548713
1.130116e-07,-0.0033634881
1.131116e-07,-0.003374259
1.132116e-07,-0.0033835938
1.133116e-07,-0.0033893382
1.134116e-07,-0.0033907744
1.135116e-07,-0.0033914924
1.136116e-07,-0.0033950827
1.137116e-07,-0.0034008272
1.138116e-07,-0.0034072898
1.139116e-07,-0.0034094439
1.140116e-07,-0.0034029814
1.141116e-07,-0.0033893382
1.142116e-07,-0.0033728228
1.143116e-07,-0.0033620519
1.144116e-07,-0.00336277
1.145116e-07,-0.0033778493
1.146116e-07,-0.0034008272
1.147116e-07,-0.003422369
1.148116e-07,-0.0034309858
1.149116e-07,-0.0034238051
1.150116e-07,-0.0034029814
1.151116e-07,-0.0033800034
1.152116e-07,-0.0033656422
1.153116e-07,-0.0033663603
1.154116e-07,-0.0033807215
1.155116e-07,-0.003398673
1.156116e-07,-0.0034080078
1.157116e-07,-0.0034008272
1.158116e-07,-0.0033778493
1.159116e-07,-0.003350563
1.160116e-07,-0.0033311753
1.161116e-07,-0.0033318934
1.162116e-07,-0.0033534352
1.163116e-07,-0.0033879021
1.164116e-07,-0.0034194968
1.165116e-07,-0.0034352941
1.166116e-07,-0.0034309858
1.167116e-07,-0.0034115981
1.168116e-07,-0.0033900563
1.169116e-07,-0.0033778493
1.170116e-07,-0.0033814396
1.171116e-07,-0.0033972369
1.172116e-07,-0.0034151884
1.173116e-07,-0.0034238051
1.174116e-07,-0.0034173426
1.175116e-07,-0.0033993911
1.176116e-07,-0.0033785673
1.177116e-07,-0.0033663603
1.178116e-07,-0.0033677964
1.179116e-07,-0.0033800034
1.180116e-07,-0.0033943647
1.181116e-07,-0.0034008272
1.182116e-07,-0.0033950827
1.183116e-07,-0.0033792854
1.184116e-07,-0.0033634881
1.185116e-07,-0.0033548713
1.186116e-07,-0.0033591797
1.187116e-07,-0.0033721048
1.188116e-07,-0.0033857479
1.189116e-07,-0.0033893382
1.190116e-07,-0.0033792854
1.191116e-07,-0.0033598977
1.192116e-07,-0.0033405101
1.193116e-07,-0.0033318934
1.194116e-07,-0.0033405101
1.195116e-07,-0.0033634881
1.196116e-07,-0.0033907744
1.197116e-07,-0.0034123162
1.198116e-07,-0.0034202148
1.199116e-07,-0.0034159065
1.200116e-07,-0.0034058536
1.201116e-07,-0.0034008272
1.202116e-07,-0.0034065717
1.203116e-07,-0.003422369
1.204116e-07,-0.0034424747
1.205116e-07,-0.0034582721
1.206116e-07,-0.0034640165
1.207116e-07,-0.0034597082
1.208116e-07,-0.0034510915
1.209116e-07,-0.0034467831
1.210116e-07,-0.0034510915
1.211116e-07,-0.0034632985
1.212116e-07,-0.0034790958
1.213116e-07,-0.003492739
1.214116e-07,-0.0035006376
1.215116e-07,-0.0035035099
1.216116e-07,-0.0035071002
1.217116e-07,-0.0035157169
1.218116e-07,-0.0035300781
1.219116e-07,-0.0035473116
1.220116e-07,-0.0035595186
1.221116e-07,-0.0035616728
1.222116e-07,-0.0035530561
1.223116e-07,-0.003540131
1.224116e-07,-0.0035329504
1.225116e-07,-0.0035386949
1.226116e-07,-0.0035609547
1.227116e-07,-0.0035932675
1.228116e-07,-0.0036241441
1.229116e-07,-0.0036420956
1.230116e-07,-0.0036413775
1.231116e-07,-0.0036241441
1.232116e-07,-0.0036011661
1.233116e-07,-0.0035846507
1.234116e-07,-0.0035824966
1.235116e-07,-0.0035947036
1.236116e-07,-0.0036148093
1.237116e-07,-0.0036306066
1.238116e-07,-0.0036341969
1.239116e-07,-0.003623426
1.240116e-07,-0.0036040384
1.241116e-07,-0.0035846507
1.242116e-07,-0.0035745979
1.243116e-07,-0.0035774701
1.244116e-07,-0.0035911133
1.245116e-07,-0.0036076287
1.246116e-07,-0.0036212718
1.247116e-07,-0.0036284524
1.248116e-07,-0.0036306066
1.249116e-07,-0.0036306066
1.250116e-07,-0.0036327608
1.251116e-07,-0.0036377872
1.252116e-07,-0.0036420956
1.253116e-07,-0.0036420956
1.254116e-07,-0.003635633
1.255116e-07,-0.0036241441
1.256116e-07,-0.0036126551
1.257116e-07,-0.0036076287
1.258116e-07,-0.003611937
1.259116e-07,-0.0036255802
1.260116e-07,-0.0036420956
1.261116e-07,-0.0036535846
1.262116e-07,-0.0036543026
1.263116e-07,-0.0036428136
1.264116e-07,-0.0036248621
1.265116e-07,-0.0036076287
1.266116e-07,-0.0035990119
1.267116e-07,-0.0036018842
1.268116e-07,-0.0036148093
1.269116e-07,-0.0036306066
1.270116e-07,-0.0036413775
1.271116e-07,-0.0036420956
1.272116e-07,-0.0036334789
1.273116e-07,-0.0036191176
1.274116e-07,-0.0036069106
1.275116e-07,-0.0036018842
1.276116e-07,-0.0036069106
1.277116e-07,-0.0036191176
1.278116e-07,-0.0036334789
1.279116e-07,-0.0036442498
1.280116e-07,-0.003647122
1.281116e-07,-0.0036420956
1.282116e-07,-0.0036327608
1.283116e-07,-0.003622708
1.284116e-07,-0.0036176815
1.285116e-07,-0.0036191176
1.286116e-07,-0.0036270163
1.287116e-07,-0.0036377872
1.288116e-07,-0.0036478401
1.289116e-07,-0.0036535846
1.290116e-07,-0.0036514304
1.291116e-07,-0.0036420956
1.292116e-07,-0.0036262983
1.293116e-07,-0.0036076287
1.294116e-07,-0.0035903952
1.295116e-07,-0.0035781882
1.296116e-07,-0.0035724437
1.297116e-07,-0.0035731618
1.298116e-07,-0.0035774701
1.299116e-07,-0.0035824966
1.300116e-07,-0.0035853688
1.301116e-07,-0.0035846507
1.302116e-07,-0.0035817785
1.303116e-07,-0.0035796243
1.304116e-07,-0.0035796243
1.305116e-07,-0.0035846507
1.306116e-07,-0.0035925494
1.307116e-07,-0.0036011661
1.308116e-07,-0.0036069106
1.309116e-07,-0.0036076287
1.310116e-07,-0.0036026023
1.311116e-07,-0.0035947036
1.312116e-07,-0.003587523
1.313116e-07,-0.0035846507
1.314116e-07,-0.0035868049
1.315116e-07,-0.0035939855
1.316116e-07,-0.0036018842
1.317116e-07,-0.0036076287
1.318116e-07,-0.0036090648
1.319116e-07,-0.0036061926
1.320116e-07,-0.0036004481
1.321116e-07,-0.0035961397
1.322116e-07,-0.0035954216
1.323116e-07,-0.0035990119
1.324116e-07,-0.0036076287
1.325116e-07,-0.0036191176
1.326116e-07,-0.0036313247
1.327116e-07,-0.0036435317
1.328116e-07,-0.0036550207
1.329116e-07,-0.0036650735
1.330116e-07,-0.0036736903
1.331116e-07,-0.0036787167
1.332116e-07,-0.0036801528
1.333116e-07,-0.0036765625
1.334116e-07,-0.0036686638
1.335116e-07,-0.0036578929
1.336116e-07,-0.0036485581
1.337116e-07,-0.0036420956
1.338116e-07,-0.0036413775
1.339116e-07,-0.003646404
1.340116e-07,-0.0036550207
1.341116e-07,-0.0036650735
1.342116e-07,-0.0036736903
1.343116e-07,-0.0036808709
1.344116e-07,-0.0036851792
1.345116e-07,-0.0036880515
1.346116e-07,-0.0036909237
1.347116e-07,-0.003693796
1.348116e-07,-0.0036973863
1.349116e-07,-0.0036995404
1.350116e-07,-0.0037009766
1.351116e-07,-0.0037009766
1.352116e-07,-0.0037002585
1.353116e-07,-0.0036995404
1.354116e-07,-0.0037002585
1.355116e-07,-0.0037024127
1.356116e-07,-0.003706721
1.357116e-07,-0.0037110294
1.358116e-07,-0.0037153378
1.359116e-07,-0.0037196461
1.360116e-07,-0.0037218003
1.361116e-07,-0.0037225184
1.362116e-07,-0.0037210823
1.363116e-07,-0.003717492
1.364116e-07,-0.0037139017
1.365116e-07,-0.0037110294
1.366116e-07,-0.0037110294
1.367116e-07,-0.0037160558
1.368116e-07,-0.0037239545
1.369116e-07,-0.0037340074
1.370116e-07,-0.003741906
1.371116e-07,-0.0037454963
1.372116e-07,-0.003741906
1.373116e-07,-0.0037340074
1.374116e-07,-0.0037253906
1.375116e-07,-0.0037210823
1.376116e-07,-0.0037239545
1.377116e-07,-0.0037340074
1.378116e-07,-0.0037483686
1.379116e-07,-0.0037612937
1.380116e-07,-0.0037691923
1.381116e-07,-0.0037684743
1.382116e-07,-0.0037627298
1.383116e-07,-0.0037555492
1.384116e-07,-0.003753395
1.385116e-07,-0.0037569853
1.386116e-07,-0.0037663201
1.387116e-07,-0.0037778091
1.388116e-07,-0.0037864258
1.389116e-07,-0.0037914522
1.390116e-07,-0.0037943244
1.391116e-07,-0.0037986328
1.392116e-07,-0.0038086857
1.393116e-07,-0.0038259191
1.394116e-07,-0.0038467429
1.395116e-07,-0.0038646944
1.396116e-07,-0.0038740292
1.397116e-07,-0.003871875
1.398116e-07,-0.0038618222
1.399116e-07,-0.0038510512
1.400116e-07,-0.0038488971
1.401116e-07,-0.003860386
1.402116e-07,-0.003884082
1.403116e-07,-0.0039128045
1.404116e-07,-0.0039343463
1.405116e-07,-0.0039408088
1.406116e-07,-0.0039300379
1.407116e-07,-0.0039063419
1.408116e-07,-0.0038797737
1.409116e-07,-0.003860386
1.410116e-07,-0.0038539235
1.411116e-07,-0.003860386
1.412116e-07,-0.0038725931
1.413116e-07,-0.003883364
1.414116e-07,-0.0038876723
1.415116e-07,-0.003884082
1.416116e-07,-0.0038776195
1.417116e-07,-0.003871875
1.418116e-07,-0.0038704389
1.419116e-07,-0.003871875
1.420116e-07,-0.0038733111
1.421116e-07,-0.003871875
1.422116e-07,-0.0038646944
1.423116e-07,-0.0038546415
1.424116e-07,-0.0038438706
1.425116e-07,-0.0038374081
1.426116e-07,-0.003835972
1.427116e-07,-0.00383669
1.428116e-07,-0.0038381261
1.429116e-07,-0.0038374081
1.430116e-07,-0.003835972
1.431116e-07,-0.0038388442
1.432116e-07,-0.0038496151
1.433116e-07,-0.003871875
1.434116e-07,-0.0039013155
1.435116e-07,-0.0039300379
1.436116e-07,-0.0039494256
1.437116e-07,-0.0039522978
1.438116e-07,-0.0039393727
1.439116e-07,-0.0039163948
1.440116e-07,-0.0038948529
1.441116e-07,-0.003883364
1.442116e-07,-0.0038848001
1.443116e-07,-0.0038962891
1.444116e-07,-0.0039099322
1.445116e-07,-0.0039178309
1.446116e-07,-0.0039171128
1.447116e-07,-0.0039106503
1.448116e-07,-0.0039049058
1.449116e-07,-0.0039063419
1.450116e-07,-0.0039171128
1.451116e-07,-0.0039336282
1.452116e-07,-0.0039472714
1.453116e-07,-0.0039522978
1.454116e-07,-0.0039458352
1.455116e-07,-0.0039321921
1.456116e-07,-0.0039207031
1.457116e-07,-0.0039178309
1.458116e-07,-0.0039271657
1.459116e-07,-0.0039436811
1.460116e-07,-0.0039587603
1.461116e-07,-0.0039637868
1.462116e-07,-0.00395517
1.463116e-07,-0.0039365005
1.464116e-07,-0.0039163948
1.465116e-07,-0.0039063419
1.466116e-07,-0.0039113683
1.467116e-07,-0.0039300379
1.468116e-07,-0.00395517
1.469116e-07,-0.0039752757
1.470116e-07,-0.0039838925
1.471116e-07,-0.003978866
1.472116e-07,-0.0039659409
1.473116e-07,-0.0039522978
1.474116e-07,-0.0039451172
1.475116e-07,-0.0039465533
1.476116e-07,-0.003954452
1.477116e-07,-0.0039637868
1.478116e-07,-0.0039702493
1.479116e-07,-0.0039731216
1.480116e-07,-0.0039738396
1.481116e-07,-0.0039752757
1.482116e-07,-0.003978866
1.483116e-07,-0.0039831744
1.484116e-07,-0.0039867647
1.485116e-07,-0.0039867647
1.486116e-07,-0.0039838925
1.487116e-07,-0.0039824563
1.488116e-07,-0.0039860466
1.489116e-07,-0.0039982537
1.490116e-07,-0.0040169233
1.491116e-07,-0.004037029
1.492116e-07,-0.0040513902
1.493116e-07,-0.0040556985
1.494116e-07,-0.0040513902
1.495116e-07,-0.0040449276
1.496116e-07,-0.0040442096
1.497116e-07,-0.0040556985
1.498116e-07,-0.0040786765
1.499116e-07,-0.0041059628
1.500116e-07,-0.0041282227
1.501116e-07,-0.0041361213
1.502116e-07,-0.0041282227
1.503116e-07,-0.004108117
1.504116e-07,-0.004084421
1.505116e-07,-0.0040671875
1.506116e-07,-0.0040600069
1.507116e-07,-0.004060725
1.508116e-07,-0.0040650333
1.509116e-07,-0.0040671875
1.510116e-07,-0.0040657514
1.511116e-07,-0.0040635972
1.512116e-07,-0.0040664694
1.513116e-07,-0.0040786765
1.514116e-07,-0.0040980641
1.515116e-07,-0.0041174517
1.516116e-07,-0.0041282227
1.517116e-07,-0.0041246324
1.518116e-07,-0.0041066808
1.519116e-07,-0.0040822668
1.520116e-07,-0.0040621611
1.521116e-07,-0.0040556985
1.522116e-07,-0.0040643153
1.523116e-07,-0.0040822668
1.524116e-07,-0.0040980641
1.525116e-07,-0.0041016544
1.526116e-07,-0.0040908835
1.527116e-07,-0.0040700597
1.528116e-07,-0.0040513902
1.529116e-07,-0.0040442096
1.530116e-07,-0.0040528263
1.531116e-07,-0.00407365
1.532116e-07,-0.004097346
1.533116e-07,-0.0041131434
1.534116e-07,-0.0041167337
1.535116e-07,-0.0041102711
1.536116e-07,-0.0041023725
1.537116e-07,-0.0041016544
1.538116e-07,-0.0041117073
1.539116e-07,-0.0041296588
1.540116e-07,-0.0041476103
1.541116e-07,-0.0041590993
1.542116e-07,-0.0041605354
1.543116e-07,-0.0041569451
1.544116e-07,-0.0041576631
1.545116e-07,-0.0041705882
1.546116e-07,-0.0041978745
1.547116e-07,-0.0042330595
1.548116e-07,-0.0042660903
1.549116e-07,-0.0042854779
1.550116e-07,-0.004286196
1.551116e-07,-0.0042711167
1.552116e-07,-0.0042524472
1.553116e-07,-0.0042395221
1.554116e-07,-0.0042402401
1.555116e-07,-0.0042538833
1.556116e-07,-0.0042718348
1.557116e-07,-0.0042854779
1.558116e-07,-0.0042890682
1.559116e-07,-0.0042833238
1.560116e-07,-0.0042754251
1.561116e-07,-0.004273989
1.562116e-07,-0.0042826057
1.563116e-07,-0.004298403
1.564116e-07,-0.0043142004
1.565116e-07,-0.0043199449
1.566116e-07,-0.0043113281
1.567116e-07,-0.0042897863
1.568116e-07,-0.0042632181
1.569116e-07,-0.0042395221
1.570116e-07,-0.0042258789
1.571116e-07,-0.0042208525
1.572116e-07,-0.0042201344
1.573116e-07,-0.0042165441
1.574116e-07,-0.0042064913
1.575116e-07,-0.0041906939
1.576116e-07,-0.0041770508
1.577116e-07,-0.0041705882
1.578116e-07,-0.0041741785
1.579116e-07,-0.0041849494
1.580116e-07,-0.0041942842
1.581116e-07,-0.0041935662
1.582116e-07,-0.004179205
1.583116e-07,-0.004155509
1.584116e-07,-0.0041296588
1.585116e-07,-0.0041131434
1.586116e-07,-0.0041109892
1.587116e-07,-0.004121042
1.588116e-07,-0.0041368394
1.589116e-07,-0.0041476103
1.590116e-07,-0.0041468922
1.591116e-07,-0.0041346852
1.592116e-07,-0.0041160156
1.593116e-07,-0.0041016544
1.594116e-07,-0.004097346
1.595116e-07,-0.0041038086
1.596116e-07,-0.0041152976
1.597116e-07,-0.0041246324
1.598116e-07,-0.0041224782
1.599116e-07,-0.0041066808
1.600116e-07,-0.0040786765
1.601116e-07,-0.0040442096
1.602116e-07,-0.0040104607
1.603116e-07,-0.0039817383
1.604116e-07,-0.0039587603
1.605116e-07,-0.0039408088
1.606116e-07,-0.0039271657
1.607116e-07,-0.0039178309
1.608116e-07,-0.0039149586
1.609116e-07,-0.0039178309
1.610116e-07,-0.0039257295
1.611116e-07,-0.0039357824
1.612116e-07,-0.0039415269
1.613116e-07,-0.0039408088
1.614116e-07,-0.0039329102
1.615116e-07,-0.0039228573
1.616116e-07,-0.0039163948
1.617116e-07,-0.0039178309
1.618116e-07,-0.0039286018
1.619116e-07,-0.0039458352
1.620116e-07,-0.0039623506
1.621116e-07,-0.0039752757
1.622116e-07,-0.0039824563
1.623116e-07,-0.0039867647
1.624116e-07,-0.0039946634
1.625116e-07,-0.0040097426
1.626116e-07,-0.0040334386
1.627116e-07,-0.004060725
1.628116e-07,-0.004085139
1.629116e-07,-0.0041016544
1.630116e-07,-0.004108117
1.631116e-07,-0.004108117
1.632116e-07,-0.004108117
1.633116e-07,-0.0041131434
1.634116e-07,-0.0041253504
1.635116e-07,-0.0041411477
1.636116e-07,-0.0041540728
1.637116e-07,-0.0041590993
1.638116e-07,-0.004155509
1.639116e-07,-0.0041483284
1.640116e-07,-0.00414402
1.641116e-07,-0.0041476103
1.642116e-07,-0.0041612534
1.643116e-07,-0.004179923
1.644116e-07,-0.0041964384
1.645116e-07,-0.0042050551
1.646116e-07,-0.004203619
1.647116e-07,-0.0041964384
1.648116e-07,-0.0041906939
1.649116e-07,-0.0041935662
1.650116e-07,-0.0042072093
1.651116e-07,-0.004227315
1.652116e-07,-0.0042481388
1.653116e-07,-0.0042625
1.654116e-07,-0.0042682445
1.655116e-07,-0.0042689625
1.656116e-07,-0.0042689625
1.657116e-07,-0.004273989
1.658116e-07,-0.0042847599
1.659116e-07,-0.004297685
1.660116e-07,-0.0043070198
1.661116e-07,-0.0043084559
1.662116e-07,-0.0043034295
1.663116e-07,-0.0042969669
1.664116e-07,-0.0042969669
1.665116e-07,-0.0043084559
1.666116e-07,-0.0043292796
1.667116e-07,-0.0043515395
1.668116e-07,-0.0043659007
1.669116e-07,-0.0043659007
1.670116e-07,-0.0043522576
1.671116e-07,-0.0043328699
1.672116e-07,-0.0043192268
1.673116e-07,-0.0043199449
1.674116e-07,-0.0043357422
1.675116e-07,-0.0043601563
1.676116e-07,-0.00438098
1.677116e-07,-0.0043888787
1.678116e-07,-0.0043816981
1.679116e-07,-0.0043644646
1.680116e-07,-0.0043486673
1.681116e-07,-0.0043429228
1.682116e-07,-0.0043501034
1.683116e-07,-0.0043651827
1.684116e-07,-0.0043773897
1.685116e-07,-0.0043773897
1.686116e-07,-0.0043637466
1.687116e-07,-0.0043422047
1.688116e-07,-0.0043235352
1.689116e-07,-0.0043199449
1.690116e-07,-0.004333588
1.691116e-07,-0.0043601563
1.692116e-07,-0.0043860064
1.693116e-07,-0.0044003676
1.694116e-07,-0.0043974954
1.695116e-07,-0.0043795439
1.696116e-07,-0.0043580021
1.697116e-07,-0.0043429228
1.698116e-07,-0.0043407686
1.699116e-07,-0.0043493853
1.700116e-07,-0.0043608743
1.701116e-07,-0.0043659007
1.702116e-07,-0.0043601563
1.703116e-07,-0.0043465131
1.704116e-07,-0.0043343061
1.705116e-07,-0.0043314338
1.706116e-07,-0.0043414867
1.707116e-07,-0.0043594382
1.708116e-07,-0.0043745175
1.709116e-07,-0.0043773897
1.710116e-07,-0.0043637466
1.711116e-07,-0.0043371783
1.712116e-07,-0.0043113281
1.713116e-07,-0.0042969669
1.714116e-07,-0.0043012753
1.715116e-07,-0.004322099
1.716116e-07,-0.0043472312
1.717116e-07,-0.0043659007
1.718116e-07,-0.004368773
1.719116e-07,-0.0043558479
1.720116e-07,-0.0043357422
1.721116e-07,-0.0043199449
1.722116e-07,-0.0043163545
1.723116e-07,-0.0043264074
1.724116e-07,-0.0043422047
1.725116e-07,-0.0043544118
1.726116e-07,-0.0043544118
1.727116e-07,-0.0043407686
1.728116e-07,-0.0043185087
1.729116e-07,-0.0042969669
1.730116e-07,-0.0042840418
1.731116e-07,-0.0042826057
1.732116e-07,-0.0042883502
1.733116e-07,-0.0042969669
1.734116e-07,-0.0043019933
1.735116e-07,-0.0043012753
1.736116e-07,-0.004298403
1.737116e-07,-0.0042969669
1.738116e-07,-0.0042998392
1.739116e-07,-0.0043063017
1.740116e-07,-0.0043106101
1.741116e-07,-0.0043084559
1.742116e-07,-0.0042962489
1.743116e-07,-0.0042754251
1.744116e-07,-0.004250293
1.745116e-07,-0.0042280331
1.746116e-07,-0.0042115177
1.747116e-07,-0.0042021829
1.748116e-07,-0.0041971565
1.749116e-07,-0.0041935662
1.750116e-07,-0.0041899759
1.751116e-07,-0.0041885398
1.752116e-07,-0.0041928481
1.753116e-07,-0.0042050551
1.754116e-07,-0.0042237247
1.755116e-07,-0.0042438304
1.756116e-07,-0.0042581916
1.757116e-07,-0.0042625
1.758116e-07,-0.0042560375
1.759116e-07,-0.0042452665
1.760116e-07,-0.0042373679
1.761116e-07,-0.0042395221
1.762116e-07,-0.0042538833
1.763116e-07,-0.0042768612
1.764116e-07,-0.0043012753
1.765116e-07,-0.0043199449
1.766116e-07,-0.0043314338
1.767116e-07,-0.0043386144
1.768116e-07,-0.0043486673
1.769116e-07,-0.0043659007
1.770116e-07,-0.0043917509
1.771116e-07,-0.0044204733
1.772116e-07,-0.0044448874
1.773116e-07,-0.0044578125
1.774116e-07,-0.0044578125
1.775116e-07,-0.0044506319
1.776116e-07,-0.0044441693
1.777116e-07,-0.0044463235
1.778116e-07,-0.0044585306
1.779116e-07,-0.0044779182
1.780116e-07,-0.0044951517
1.781116e-07,-0.0045037684
1.782116e-07,-0.0045023323
1.783116e-07,-0.0044958697
1.784116e-07,-0.0044937155
1.785116e-07,-0.0045037684
1.786116e-07,-0.0045296186
1.787116e-07,-0.0045662397
1.788116e-07,-0.0046028608
1.789116e-07,-0.0046301471
1.790116e-07,-0.0046423541
1.791116e-07,-0.004641636
1.792116e-07,-0.0046344554
1.793116e-07,-0.0046301471
1.794116e-07,-0.0046323012
1.795116e-07,-0.0046387638
1.796116e-07,-0.0046437902
1.797116e-07,-0.004641636
1.798116e-07,-0.0046301471
1.799116e-07,-0.0046150678
1.800116e-07,-0.0046042969
1.801116e-07,-0.0046071691
1.802116e-07,-0.0046258387
1.803116e-07,-0.0046552792
1.804116e-07,-0.0046840016
1.805116e-07,-0.0046990809
1.806116e-07,-0.0046933364
1.807116e-07,-0.0046674862
1.808116e-07,-0.0046308651
1.809116e-07,-0.0045956801
1.810116e-07,-0.0045734203
1.811116e-07,-0.0045683938
1.812116e-07,-0.0045784467
1.813116e-07,-0.0045956801
1.814116e-07,-0.0046136317
1.815116e-07,-0.0046272748
1.816116e-07,-0.0046358915
1.817116e-07,-0.004641636
1.818116e-07,-0.0046459444
1.819116e-07,-0.0046488166
1.820116e-07,-0.0046480986
1.821116e-07,-0.004641636
1.822116e-07,-0.004629429
1.823116e-07,-0.0046150678
1.824116e-07,-0.0046028608
1.825116e-07,-0.0045956801
1.826116e-07,-0.004593526
1.827116e-07,-0.0045928079
1.828116e-07,-0.0045870634
1.829116e-07,-0.0045727022
1.830116e-07,-0.0045511604
1.831116e-07,-0.0045289005
1.832116e-07,-0.0045138212
1.833116e-07,-0.0045152574
1.834116e-07,-0.0045332089
1.835116e-07,-0.0045633674
1.836116e-07,-0.0045956801
1.837116e-07,-0.0046186581
1.838116e-07,-0.0046272748
1.839116e-07,-0.0046222484
1.840116e-07,-0.0046086052
1.841116e-07,-0.0045956801
1.842116e-07,-0.0045877815
1.843116e-07,-0.0045856273
1.844116e-07,-0.0045863454
1.845116e-07,-0.0045841912
1.846116e-07,-0.0045777286
1.847116e-07,-0.0045691119
1.848116e-07,-0.0045619313
1.849116e-07,-0.0045612132
1.850116e-07,-0.0045691119
1.851116e-07,-0.0045827551
1.852116e-07,-0.0045971163
1.853116e-07,-0.0046071691
1.854116e-07,-0.0046100414
1.855116e-07,-0.0046064511
1.856116e-07,-0.0046007066
1.857116e-07,-0.0045956801
1.858116e-07,-0.0045913718
1.859116e-07,-0.0045849092
1.860116e-07,-0.0045755744
1.861116e-07,-0.0045612132
1.862116e-07,-0.004546134
1.863116e-07,-0.0045360811
1.864116e-07,-0.0045375172
1.865116e-07,-0.0045497243
1.866116e-07,-0.0045691119
1.867116e-07,-0.0045863454
1.868116e-07,-0.0045920898
1.869116e-07,-0.0045841912
1.870116e-07,-0.0045655216
1.871116e-07,-0.0045475701
1.872116e-07,-0.0045403895
1.873116e-07,-0.0045497243
1.874116e-07,-0.0045719841
1.875116e-07,-0.0045963982
1.876116e-07,-0.0046100414
1.877116e-07,-0.0046071691
1.878116e-07,-0.0045906537
1.879116e-07,-0.0045727022
1.880116e-07,-0.0045669577
1.881116e-07,-0.0045841912
1.882116e-07,-0.0046215303
1.883116e-07,-0.0046660501
1.884116e-07,-0.0046997989
1.885116e-07,-0.0047105699
1.886116e-07,-0.0046954906
1.887116e-07,-0.004664614
1.888116e-07,-0.0046337374
1.889116e-07,-0.0046186581
1.890116e-07,-0.0046236845
1.891116e-07,-0.0046423541
1.892116e-07,-0.0046603056
1.893116e-07,-0.004664614
1.894116e-07,-0.0046516889
1.895116e-07,-0.0046279929
1.896116e-07,-0.0046093233
1.897116e-07,-0.0046071691
1.898116e-07,-0.0046272748
1.899116e-07,-0.0046610237
1.900116e-07,-0.0046940545
1.901116e-07,-0.0047105699
1.902116e-07,-0.0047033892
1.903116e-07,-0.0046782571
1.904116e-07,-0.0046488166
1.905116e-07,-0.0046301471
1.906116e-07,-0.0046301471
1.907116e-07,-0.0046466625
1.908116e-07,-0.0046660501
1.909116e-07,-0.0046761029
1.910116e-07,-0.0046689223
1.911116e-07,-0.0046488166
1.912116e-07,-0.0046272748
1.913116e-07,-0.0046186581
1.914116e-07,-0.004629429
1.915116e-07,-0.0046574334
1.916116e-07,-0.004689028
1.917116e-07,-0.0047105699
1.918116e-07,-0.0047112879
1.919116e-07,-0.0046933364
1.920116e-07,-0.004665332
1.921116e-07,-0.004641636
1.922116e-07,-0.0046315832
1.923116e-07,-0.0046373277
1.924116e-07,-0.0046516889
1.925116e-07,-0.004664614
1.926116e-07,-0.0046696404
1.927116e-07,-0.0046674862
1.928116e-07,-0.0046631778
1.929116e-07,-0.004664614
1.930116e-07,-0.004676821
1.931116e-07,-0.0046962086
1.932116e-07,-0.0047141602
1.933116e-07,-0.0047220588
1.934116e-07,-0.0047148782
1.935116e-07,-0.0046954906
1.936116e-07,-0.0046710765
1.937116e-07,-0.004653125
1.938116e-07,-0.0046459444
1.939116e-07,-0.0046495347
1.940116e-07,-0.0046574334
1.941116e-07,-0.004664614
1.942116e-07,-0.0046674862
1.943116e-07,-0.0046703585
1.944116e-07,-0.0046796932
1.945116e-07,-0.0046990809
1.946116e-07,-0.0047278033
1.947116e-07,-0.0047579619
1.948116e-07,-0.0047780676
1.949116e-07,-0.0047795037
1.950116e-07,-0.0047629883
1.951116e-07,-0.0047371381
1.952116e-07,-0.0047155963
1.953116e-07,-0.0047105699
1.954116e-07,-0.0047249311
1.955116e-07,-0.0047522174
1.956116e-07,-0.0047787856
1.957116e-07,-0.0047909926
1.958116e-07,-0.0047845301
1.959116e-07,-0.0047637063
1.960116e-07,-0.0047428826
1.961116e-07,-0.0047335478
1.962116e-07,-0.0047428826
1.963116e-07,-0.0047651425
1.964116e-07,-0.0047895565
1.965116e-07,-0.0048024816
1.966116e-07,-0.0047960191
1.967116e-07,-0.0047730411
1.968116e-07,-0.0047436006
1.969116e-07,-0.0047220588
1.970116e-07,-0.0047155963
1.971116e-07,-0.0047249311
1.972116e-07,-0.0047421645
1.973116e-07,-0.0047565257
1.974116e-07,-0.0047622702
1.975116e-07,-0.004759398
1.976116e-07,-0.0047550896
1.977116e-07,-0.0047565257
1.978116e-07,-0.0047672966
1.979116e-07,-0.0047845301
1.980116e-07,-0.0047988913
1.981116e-07,-0.0048024816
1.982116e-07,-0.0047909926
1.983116e-07,-0.0047694508
1.984116e-07,-0.0047471909
1.985116e-07,-0.0047335478
1.986116e-07,-0.0047342659
1.987116e-07,-0.0047457548
1.988116e-07,-0.004760116
1.989116e-07,-0.0047680147
1.990116e-07,-0.0047651425
1.991116e-07,-0.0047550896
1.992116e-07,-0.0047457548
1.993116e-07,-0.0047450368
1.994116e-07,-0.0047565257
1.995116e-07,-0.0047759134
1.996116e-07,-0.004794583
1.997116e-07,-0.0048024816
1.998116e-07,-0.0047974552
1.999116e-07,-0.004783094
2.000116e-07,-0.0047701689
2.001116e-07,-0.0047680147
2.002116e-07,-0.0047802217
2.003116e-07,-0.0048024816
2.004116e-07,-0.0048247415
2.005116e-07,-0.0048369485
2.006116e-07,-0.0048347943
2.007116e-07,-0.0048225873
2.008116e-07,-0.0048118164
2.009116e-07,-0.0048139706
2.010116e-07,-0.0048347943
2.011116e-07,-0.0048706974
2.012116e-07,-0.0049101907
2.013116e-07,-0.0049403493
2.014116e-07,-0.0049525563
2.015116e-07,-0.0049475299
2.016116e-07,-0.0049324506
2.017116e-07,-0.0049173713
2.018116e-07,-0.0049109088
2.019116e-07,-0.0049123449
2.020116e-07,-0.0049173713
2.021116e-07,-0.0049173713
2.022116e-07,-0.0049080365
2.023116e-07,-0.004890085
2.024116e-07,-0.0048714154
2.025116e-07,-0.0048599265
2.026116e-07,-0.0048606445
2.027116e-07,-0.0048714154
2.028116e-07,-0.0048857767
2.029116e-07,-0.0048943934
2.030116e-07,-0.0048915211
2.031116e-07,-0.0048771599
2.032116e-07,-0.0048570542
2.033116e-07,-0.0048369485
2.034116e-07,-0.0048225873
2.035116e-07,-0.0048125345
2.036116e-07,-0.0048039177
2.037116e-07,-0.0047909926
2.038116e-07,-0.0047730411
2.039116e-07,-0.0047536535
2.040116e-07,-0.0047385742
2.041116e-07,-0.0047335478
2.042116e-07,-0.0047400103
2.043116e-07,-0.0047543716
2.044116e-07,-0.0047658605
2.045116e-07,-0.0047680147
2.046116e-07,-0.0047565257
2.047116e-07,-0.0047342659
2.048116e-07,-0.0047084157
2.049116e-07,-0.0046875919
2.050116e-07,-0.0046746668
2.051116e-07,-0.0046689223
2.052116e-07,-0.0046631778
2.053116e-07,-0.004653125
2.054116e-07,-0.0046358915
2.055116e-07,-0.0046165039
2.056116e-07,-0.0046007066
2.057116e-07,-0.0045956801
2.058116e-07,-0.0046021427
2.059116e-07,-0.0046157858
2.060116e-07,-0.0046272748
2.061116e-07,-0.0046301471
2.062116e-07,-0.0046215303
2.063116e-07,-0.0046071691
2.064116e-07,-0.0045956801
2.065116e-07,-0.0045956801
2.066116e-07,-0.0046093233
2.067116e-07,-0.0046323012
2.068116e-07,-0.0046538431
2.069116e-07,-0.004664614
2.070116e-07,-0.0046595875
2.071116e-07,-0.004641636
2.072116e-07,-0.0046208123
2.073116e-07,-0.0046071691
2.074116e-07,-0.0046064511
2.075116e-07,-0.0046186581
2.076116e-07,-0.0046366096
2.077116e-07,-0.004653125
2.078116e-07,-0.0046617417
2.079116e-07,-0.0046631778
2.080116e-07,-0.0046624598
2.081116e-07,-0.004664614
2.082116e-07,-0.0046732307
2.083116e-07,-0.0046868739
2.084116e-07,-0.004700517
2.085116e-07,-0.0047105699
2.086116e-07,-0.0047148782
2.087116e-07,-0.0047163143
2.088116e-07,-0.0047213408
2.089116e-07,-0.0047335478
2.090116e-07,-0.0047522174
2.091116e-07,-0.0047730411
2.092116e-07,-0.0047874023
2.093116e-07,-0.0047909926
2.094116e-07,-0.004783812
2.095116e-07,-0.004771605
2.096116e-07,-0.0047644244
2.097116e-07,-0.0047680147
2.098116e-07,-0.004783812
2.099116e-07,-0.0048039177
2.100116e-07,-0.0048204331
2.101116e-07,-0.0048254596
2.102116e-07,-0.004818997
2.103116e-07,-0.004807508
2.104116e-07,-0.0048031997
2.105116e-07,-0.0048139706
2.106116e-07,-0.0048398208
2.107116e-07,-0.0048721335
2.108116e-07,-0.0048979837
2.109116e-07,-0.0049058824
2.110116e-07,-0.0048929573
2.111116e-07,-0.004865671
2.112116e-07,-0.0048383847
2.113116e-07,-0.0048254596
2.114116e-07,-0.0048333582
2.115116e-07,-0.0048599265
2.116116e-07,-0.0048922392
2.117116e-07,-0.0049173713
2.118116e-07,-0.0049267061
2.119116e-07,-0.0049202436
2.120116e-07,-0.0049058824
2.121116e-07,-0.0048943934
2.122116e-07,-0.0048943934
2.123116e-07,-0.0049058824
2.124116e-07,-0.0049238339
2.125116e-07,-0.0049403493
2.126116e-07,-0.004948966
2.127116e-07,-0.004948966
2.128116e-07,-0.0049439396
2.129116e-07,-0.0049403493
2.130116e-07,-0.0049403493
2.131116e-07,-0.0049432215
2.132116e-07,-0.0049446576
2.133116e-07,-0.0049403493
2.134116e-07,-0.0049302964
2.135116e-07,-0.0049180894
2.136116e-07,-0.0049087546
2.137116e-07,-0.0049058824
2.138116e-07,-0.0049094727
2.139116e-07,-0.0049123449
2.140116e-07,-0.0049087546
2.141116e-07,-0.0048943934
2.142116e-07,-0.0048714154
2.143116e-07,-0.0048484375
2.144116e-07,-0.0048347943
2.145116e-07,-0.0048369485
2.146116e-07,-0.0048520278
2.147116e-07,-0.0048706974
2.148116e-07,-0.0048793141
2.149116e-07,-0.0048714154
2.150116e-07,-0.0048470014
2.151116e-07,-0.0048168428
2.152116e-07,-0.004794583
2.153116e-07,-0.0047909926
2.154116e-07,-0.0048060719
2.155116e-07,-0.0048297679
2.156116e-07,-0.0048484375
2.157116e-07,-0.0048484375
2.158116e-07,-0.0048283318
2.159116e-07,-0.0047967371
2.160116e-07,-0.0047680147
2.161116e-07,-0.0047565257
2.162116e-07,-0.0047658605
2.163116e-07,-0.0047881204
2.164116e-07,-0.0048089442
2.165116e-07,-0.0048139706
2.166116e-07,-0.0047974552
2.167116e-07,-0.0047651425
2.168116e-07,-0.0047313936
2.169116e-07,-0.0047105699
2.170116e-07,-0.0047098518
2.171116e-07,-0.0047263672
2.172116e-07,-0.0047464729
2.173116e-07,-0.0047565257
2.174116e-07,-0.0047493451
2.175116e-07,-0.0047263672
2.176116e-07,-0.0046976448
2.177116e-07,-0.0046761029
2.178116e-07,-0.0046674862
2.179116e-07,-0.0046689223
2.180116e-07,-0.0046710765
2.181116e-07,-0.004664614
2.182116e-07,-0.0046445083
2.183116e-07,-0.0046143497
2.184116e-07,-0.0045870634
2.185116e-07,-0.0045727022
2.186116e-07,-0.0045762925
2.187116e-07,-0.004593526
2.188116e-07,-0.0046121955
2.189116e-07,-0.0046186581
2.190116e-07,-0.0046071691
2.191116e-07,-0.0045798828
2.192116e-07,-0.0045490062
2.193116e-07,-0.0045267463
2.194116e-07,-0.0045202838
2.195116e-07,-0.0045267463
2.196116e-07,-0.0045367992
2.197116e-07,-0.0045382353
2.198116e-07,-0.0045245921
2.199116e-07,-0.00449946
2.200116e-07,-0.0044728918
2.201116e-07,-0.0044578125
2.202116e-07,-0.0044621209
2.203116e-07,-0.0044829446
2.204116e-07,-0.0045095129
2.205116e-07,-0.0045267463
2.206116e-07,-0.0045253102
2.207116e-07,-0.0045044864
2.208116e-07,-0.0044736098
2.209116e-07,-0.0044463235
2.210116e-07,-0.0044341165
2.211116e-07,-0.004440579
2.212116e-07,-0.0044592486
2.213116e-07,-0.0044807904
2.214116e-07,-0.0044951517
2.215116e-07,-0.0045008961
2.216116e-07,-0.0045008961
2.217116e-07,-0.0045037684
2.218116e-07,-0.0045166935
2.219116e-07,-0.0045396714
2.220116e-07,-0.0045655216
2.221116e-07,-0.0045841912
2.222116e-07,-0.0045856273
2.223116e-07,-0.0045683938
2.224116e-07,-0.0045367992
2.225116e-07,-0.0045037684
2.226116e-07,-0.0044793543
2.227116e-07,-0.0044700195
2.228116e-07,-0.0044728918
2.229116e-07,-0.0044807904
2.230116e-07,-0.0044822266
2.231116e-07,-0.0044700195
2.232116e-07,-0.0044412971
2.233116e-07,-0.0044003676
2.234116e-07,-0.0043529756
2.235116e-07,-0.0043048656
2.236116e-07,-0.0042560375
2.237116e-07,-0.0042050551
2.238116e-07,-0.0041468922
2.239116e-07,-0.0040772403
2.240116e-07,-0.0039968176
2.241116e-07,-0.0039063419
2.242116e-07,-0.0038108398
2.243116e-07,-0.0037131836
2.244116e-07,-0.0036148093
2.245116e-07,-0.0035157169
2.246116e-07,-0.0034130342
2.247116e-07,-0.0033046071
2.248116e-07,-0.0031889993
2.249116e-07,-0.0030676471
2.250116e-07,-0.0029412684
2.251116e-07,-0.0028105813
2.252116e-07,-0.0026770221
2.253116e-07,-0.0025391544
2.254116e-07,-0.0023984145
2.255116e-07,-0.0022548024
2.256116e-07,-0.0021097541
2.257116e-07,-0.0019647059
2.258116e-07,-0.0018210938
2.259116e-07,-0.0016781997
2.260116e-07,-0.0015345875
2.261116e-07,-0.0013902574
2.262116e-07,-0.001244491
2.263116e-07,-0.0010980067
2.264116e-07,-0.00095439453
2.265116e-07,-0.00081580882
2.266116e-07,-0.00068583984
2.267116e-07,-0.00056592371
2.268116e-07,-0.00045606043
2.269116e-07,-0.00035625
2.270116e-07,-0.00026433824
2.271116e-07,-0.0001774529
2.272116e-07,-9.4157858e-05
2.273116e-07,-1.1580882e-05
2.274116e-07,7.3150276e-05
2.275116e-07,0.0001621898
2.276116e-07,0.0002533835
2.277116e-07,0.00034457721
2.278116e-07,0.00043002642
2.279116e-07,0.00050326861
2.280116e-07,0.00055927734
2.281116e-07,0.00059733456
2.282116e-07,0.0006203125
2.283116e-07,0.00063467371
2.284116e-07,0.00064831687
2.285116e-07,0.00066626838
2.286116e-07,0.00069068244
2.287116e-07,0.00072084099
2.288116e-07,0.0007517176
2.289116e-07,0.00078115809
2.290116e-07,0.00080629021
2.291116e-07,0.00082926815
2.292116e-07,0.00085080997
2.293116e-07,0.00087306985
2.294116e-07,0.00089532973
2.295116e-07,0.00091471737
2.296116e-07,0.00092764246
2.297116e-07,0.00093051471
2.298116e-07,0.00092477022
2.299116e-07,0.00091328125
2.300116e-07,0.00090251034
2.301116e-07,0.00089604779
2.302116e-07,0.00089676585
2.303116e-07,0.00090394646
2.304116e-07,0.00091256319
2.305116e-07,0.00091902574
2.306116e-07,0.00092046186
2.307116e-07,0.00091758961
2.308116e-07,0.00091256319
2.309116e-07,0.00090753676
2.310116e-07,0.00090466452
2.311116e-07,0.0009032284
2.312116e-07,0.00090107422
2.313116e-07,0.00089604779
2.314116e-07,0.00088814913
2.315116e-07,0.00087809628
2.316116e-07,0.00086876149
2.317116e-07,0.00086158088
2.318116e-07,0.00085799058
2.319116e-07,0.00085727252
2.320116e-07,0.00085870864
2.321116e-07,0.00086158088
2.322116e-07,0.00086660731
2.323116e-07,0.00087450597
2.324116e-07,0.00088455882
2.325116e-07,0.00089604779
2.326116e-07,0.00090394646
2.327116e-07,0.0009032284
2.328116e-07,0.00089245749
2.329116e-07,0.00087306985
2.330116e-07,0.00085080997
2.331116e-07,0.00083357652
2.332116e-07,0.00082926815
2.333116e-07,0.00083860294
2.334116e-07,0.00085799058
2.335116e-07,0.00087881434
2.336116e-07,0.00089317555
2.337116e-07,0.00089604779
2.338116e-07,0.00089102137
2.339116e-07,0.00088455882
2.340116e-07,0.00088455882
2.341116e-07,0.00089604779
2.342116e-07,0.00091543543
2.343116e-07,0.00093482307
2.344116e-07,0.00094559398
2.345116e-07,0.00094200368
2.346116e-07,0.0009269244
2.347116e-07,0.00090969095
2.348116e-07,0.00090107422
2.349116e-07,0.00090753676
2.350116e-07,0.00092836052
2.351116e-07,0.00095492877
2.352116e-07,0.00097431641
2.353116e-07,0.00097647059
2.354116e-07,0.00096139131
2.355116e-07,0.00093625919
2.356116e-07,0.00091471737
2.357116e-07,0.00090753676
2.358116e-07,0.00091902574
2.359116e-07,0.00094200368
2.360116e-07,0.00096569968
2.361116e-07,0.00097647059
2.362116e-07,0.00096928998
2.363116e-07,0.00094774816
2.364116e-07,0.00092261604
2.365116e-07,0.00090753676
2.366116e-07,0.00090897289
2.367116e-07,0.0009269244
2.368116e-07,0.00095277459
2.369116e-07,0.00097647059
2.370116e-07,0.00099011374
2.371116e-07,0.00099298598
2.372116e-07,0.00098939568
2.373116e-07,0.00098795956
2.374116e-07,0.00099154986
2.375116e-07,0.00099873047
2.376116e-07,0.0010037569
2.377116e-07,0.00099944853
2.378116e-07,0.00098221507
2.379116e-07,0.00095564683
2.380116e-07,0.00092764246
2.381116e-07,0.00090753676
2.382116e-07,0.00090107422
2.383116e-07,0.00090538258
2.384116e-07,0.00091471737
2.385116e-07,0.00091902574
2.386116e-07,0.00091328125
2.387116e-07,0.00089676585
2.388116e-07,0.00087666016
2.389116e-07,0.00086158088
2.390116e-07,0.0008558364
2.391116e-07,0.00086014476
2.392116e-07,0.00086804343
2.393116e-07,0.00087306985
2.394116e-07,0.00086876149
2.395116e-07,0.00085655446
2.396116e-07,0.00084003906
2.397116e-07,0.00082711397
2.398116e-07,0.00082208755
2.399116e-07,0.00082352367
2.400116e-07,0.00082783203
2.401116e-07,0.00082711397
2.402116e-07,0.00081777918
2.403116e-07,0.00080126379
2.404116e-07,0.00078259421
2.405116e-07,0.00076966912
2.406116e-07,0.00076607881
2.407116e-07,0.0007718233
2.408116e-07,0.00077972197
2.409116e-07,0.00078115809
2.410116e-07,0.00077110524
2.411116e-07,0.00074956342
2.412116e-07,0.00072299517
2.413116e-07,0.00070073529
2.414116e-07,0.00069140051
2.415116e-07,0.00069786305
2.416116e-07,0.00071509651
2.417116e-07,0.00073520221
2.418116e-07,0.0007481273
2.419116e-07,0.0007481273
2.420116e-07,0.00073520221
2.421116e-07,0.00071222426
2.422116e-07,0.00068709214
2.423116e-07,0.00066626838
2.424116e-07,0.00065190717
2.425116e-07,0.00064329044
2.426116e-07,0.00063754596
2.427116e-07,0.00063251953
2.428116e-07,0.00062677505
2.429116e-07,0.0006203125
2.430116e-07,0.00061528608
2.431116e-07,0.00061313189
2.432116e-07,0.00061456801
2.433116e-07,0.0006203125
2.434116e-07,0.00062892923
2.435116e-07,0.0006404182
2.436116e-07,0.00065334329
2.437116e-07,0.00066626838
2.438116e-07,0.00067703929
2.439116e-07,0.00068350184
2.440116e-07,0.0006842199
2.441116e-07,0.00067775735
2.442116e-07,0.0006677045
2.443116e-07,0.00065693359
2.444116e-07,0.00065190717
2.445116e-07,0.00065477941
2.446116e-07,0.00066626838
2.447116e-07,0.00068350184
2.448116e-07,0.00070001723
2.449116e-07,0.00071222426
2.450116e-07,0.00071581457
2.451116e-07,0.0007115062
2.452116e-07,0.00070145335
2.453116e-07,0.00068924632
2.454116e-07,0.00067775735
2.455116e-07,0.00066698644
2.456116e-07,0.00065621553
2.457116e-07,0.00064329044
2.458116e-07,0.00062821117
2.459116e-07,0.00061025965
2.460116e-07,0.00059159007
2.461116e-07,0.00057435662
2.462116e-07,0.00055855928
2.463116e-07,0.00054491613
2.464116e-07,0.00053055492
2.465116e-07,0.00051691176
2.466116e-07,0.00050326861
2.467116e-07,0.0004924977
2.468116e-07,0.0004853171
2.469116e-07,0.00048244485
2.470116e-07,0.00048244485
2.471116e-07,0.00048100873
2.472116e-07,0.00047382812
2.473116e-07,0.00045946691
2.474116e-07,0.00043792509
2.475116e-07,0.00041351103
2.476116e-07,0.00039268727
2.477116e-07,0.00037904412
2.478116e-07,0.00037473575
2.479116e-07,0.00037832606
2.480116e-07,0.00038550666
2.481116e-07,0.00039053309
2.482116e-07,0.00039125115
2.483116e-07,0.00038837891
2.484116e-07,0.00038335248
2.485116e-07,0.00037904412
2.486116e-07,0.00037617187
2.487116e-07,0.00037329963
2.488116e-07,0.00036683709
2.489116e-07,0.00035606618
2.490116e-07,0.00034026884
2.491116e-07,0.00032159926
2.492116e-07,0.00030651999
2.493116e-07,0.00029862132
2.494116e-07,0.00030077551
2.495116e-07,0.00031226448
2.496116e-07,0.00032806181
2.497116e-07,0.00034457721
2.498116e-07,0.0003575023
2.499116e-07,0.00036683709
2.500116e-07,0.00037329963
2.501116e-07,0.00037904412
2.502116e-07,0.0003847886
2.503116e-07,0.00038837891
2.504116e-07,0.00038766085
2.505116e-07,0.00037904412
2.506116e-07,0.00036324678
2.507116e-07,0.00034242302
2.508116e-07,0.00032231733
2.509116e-07,0.00031011029
2.510116e-07,0.00030867417
2.511116e-07,0.0003172909
2.512116e-07,0.00033165211
2.513116e-07,0.00034457721
2.514116e-07,0.00034960363
2.515116e-07,0.00034385915
2.516116e-07,0.00032877987
2.517116e-07,0.00031011029
2.518116e-07,0.00029215878
2.519116e-07,0.00027923369
2.520116e-07,0.00027061696
2.521116e-07,0.00026415441
2.522116e-07,0.00025553768
2.523116e-07,0.00024261259
2.524116e-07,0.00022537914
2.525116e-07,0.00020670956
2.526116e-07,0.00019234835
2.527116e-07,0.00018732192
2.528116e-07,0.00019234835
2.529116e-07,0.00020670956
2.530116e-07,0.00022537914
2.531116e-07,0.00024189453
2.532116e-07,0.00025194738
2.533116e-07,0.00025266544
2.534116e-07,0.00024404871
2.535116e-07,0.00022896944
2.536116e-07,0.00021173598
2.537116e-07,0.00019522059
2.538116e-07,0.00018301356
2.539116e-07,0.00017511489
2.540116e-07,0.00017224265
2.541116e-07,0.00017224265
2.542116e-07,0.00017439683
2.543116e-07,0.00017798713
2.544116e-07,0.00018157744
2.545116e-07,0.00018373162
2.546116e-07,0.00018516774
2.547116e-07,0.00018516774
2.548116e-07,0.00018516774
2.549116e-07,0.00018373162
2.550116e-07,0.0001822955
2.551116e-07,0.00017942325
2.552116e-07,0.00017655101
2.553116e-07,0.00017224265
2.554116e-07,0.00016649816
2.555116e-07,0.00016003562
2.556116e-07,0.00015429113
2.557116e-07,0.00014926471
2.558116e-07,0.00014639246
2.559116e-07,0.00014639246
2.560116e-07,0.00014782858
2.561116e-07,0.00014926471
2.562116e-07,0.00014854665
2.563116e-07,0.00014495634
2.564116e-07,0.00013705767
2.565116e-07,0.00012628676
2.566116e-07,0.00011479779
2.567116e-07,0.00010474494
2.568116e-07,9.6846278e-05
2.569116e-07,9.1819853e-05
2.570116e-07,8.7511489e-05
2.571116e-07,8.3203125e-05
2.572116e-07,7.6740579e-05
2.573116e-07,6.8841912e-05
2.574116e-07,6.0225184e-05
2.575116e-07,5.3044577e-05
2.576116e-07,4.8736213e-05
2.577116e-07,4.5863971e-05
2.578116e-07,4.2991728e-05
2.579116e-07,3.7965303e-05
2.580116e-07,2.7912454e-05
2.581116e-07,1.1397059e-05
2.582116e-07,-8.7086397e-06
2.583116e-07,-3.025046e-05
2.584116e-07,-4.6765855e-05
2.585116e-07,-5.7536765e-05
2.586116e-07,-6.0409007e-05
2.587116e-07,-5.8972886e-05
2.588116e-07,-5.6818704e-05
2.589116e-07,-5.7536765e-05
2.590116e-07,-6.3999311e-05
2.591116e-07,-7.6206342e-05
2.592116e-07,-9.0567555e-05
2.593116e-07,-0.00010349265
2.594116e-07,-0.00011210938
2.595116e-07,-0.00011569968
2.596116e-07,-0.00011569968
2.597116e-07,-0.00011498162
2.598116e-07,-0.0001171358
2.599116e-07,-0.00012431641
2.600116e-07,-0.00013580538
2.601116e-07,-0.00014944853
2.602116e-07,-0.00016237362
2.603116e-07,-0.00017242647
2.604116e-07,-0.00017888902
2.605116e-07,-0.00018391544
2.606116e-07,-0.00018822381
2.607116e-07,-0.00019396829
2.608116e-07,-0.00020043084
2.609116e-07,-0.00020689338
2.610116e-07,-0.00021048369
2.611116e-07,-0.00020904756
2.612116e-07,-0.00020330308
2.613116e-07,-0.00019540441
2.614116e-07,-0.00018894187
2.615116e-07,-0.00018750574
2.616116e-07,-0.00019396829
2.617116e-07,-0.00020689338
2.618116e-07,-0.00022412684
2.619116e-07,-0.00024064223
2.620116e-07,-0.00025141314
2.621116e-07,-0.00025284926
2.622116e-07,-0.0002449506
2.623116e-07,-0.00022987132
2.624116e-07,-0.00021191981
2.625116e-07,-0.00019540441
2.626116e-07,-0.0001846335
2.627116e-07,-0.00018176126
2.628116e-07,-0.00018606962
2.629116e-07,-0.00019540441
2.630116e-07,-0.00020689338
2.631116e-07,-0.00021910041
2.632116e-07,-0.00023058938
2.633116e-07,-0.00024136029
2.634116e-07,-0.0002521312
2.635116e-07,-0.00026362017
2.636116e-07,-0.00027582721
2.637116e-07,-0.00028731618
2.638116e-07,-0.00029665097
2.639116e-07,-0.00030167739
2.640116e-07,-0.00030239545
2.641116e-07,-0.00029880515
2.642116e-07,-0.00029377872
2.643116e-07,-0.00028803424
2.644116e-07,-0.00028588006
2.645116e-07,-0.00028731618
2.646116e-07,-0.00029306066
2.647116e-07,-0.00030167739
2.648116e-07,-0.00031173024
2.649116e-07,-0.00032178309
2.650116e-07,-0.00033111788
2.651116e-07,-0.0003397346
2.652116e-07,-0.00034763327
2.653116e-07,-0.00035625
2.654116e-07,-0.00036486673
2.655116e-07,-0.00037204733
2.656116e-07,-0.00037779182
2.657116e-07,-0.00037922794
2.658116e-07,-0.00037707376
2.659116e-07,-0.00037061121
2.660116e-07,-0.00036271255
2.661116e-07,-0.00035625
2.662116e-07,-0.0003526597
2.663116e-07,-0.00035409582
2.664116e-07,-0.0003598403
2.665116e-07,-0.00036773897
2.666116e-07,-0.00037420152
2.667116e-07,-0.00037707376
2.668116e-07,-0.00037491958
2.669116e-07,-0.00036773897
2.670116e-07,-0.00035840418
2.671116e-07,-0.00034978745
2.672116e-07,-0.00034476103
2.673116e-07,-0.00034476103
2.674116e-07,-0.00034763327
2.675116e-07,-0.00035122358
2.676116e-07,-0.00035050551
2.677116e-07,-0.00034476103
2.678116e-07,-0.000332554
2.679116e-07,-0.0003160386
2.680116e-07,-0.00029952321
2.681116e-07,-0.00028731618
2.682116e-07,-0.00028157169
2.683116e-07,-0.00028157169
2.684116e-07,-0.00028516199
2.685116e-07,-0.00028731618
2.686116e-07,-0.00028516199
2.687116e-07,-0.00027510915
2.688116e-07,-0.00026002987
2.689116e-07,-0.00024136029
2.690116e-07,-0.0002248449
2.691116e-07,-0.00021335593
2.692116e-07,-0.00020761144
2.693116e-07,-0.00020689338
2.694116e-07,-0.00020761144
2.695116e-07,-0.00020617532
2.696116e-07,-0.00020186696
2.697116e-07,-0.00019540441
2.698116e-07,-0.00018965993
2.699116e-07,-0.00018894187
2.700116e-07,-0.00019468635
2.701116e-07,-0.00020689338
2.702116e-07,-0.0002212546
2.703116e-07,-0.00023274357
2.704116e-07,-0.00023561581
2.705116e-07,-0.00022987132
2.706116e-07,-0.00021694623
2.707116e-07,-0.00020186696
2.708116e-07,-0.00019325023
2.709116e-07,-0.00019540441
2.710116e-07,-0.00021120175
2.711116e-07,-0.00023705193
2.712116e-07,-0.0002686466
2.713116e-07,-0.00029880515
2.714116e-07,-0.00032250115
2.715116e-07,-0.00033829848
2.716116e-07,-0.00034835133
2.717116e-07,-0.00035625
2.718116e-07,-0.00036630285
2.719116e-07,-0.000379946
2.720116e-07,-0.0003964614
2.721116e-07,-0.00041369485
2.722116e-07,-0.00042733801
2.723116e-07,-0.00043523667
2.724116e-07,-0.00043739085
2.725116e-07,-0.00043667279
2.726116e-07,-0.00043739085
2.727116e-07,-0.00044241728
2.728116e-07,-0.00045390625
2.729116e-07,-0.00047113971
2.730116e-07,-0.00049196347
2.731116e-07,-0.00051350528
2.732116e-07,-0.00053361098
2.733116e-07,-0.0005515625
2.734116e-07,-0.0005680779
2.735116e-07,-0.00058315717
2.736116e-07,-0.00059680032
2.737116e-07,-0.00060900735
2.738116e-07,-0.00061762408
2.739116e-07,-0.00062193244
2.740116e-07,-0.00062193244
2.741116e-07,-0.00062049632
2.742116e-07,-0.00062193244
2.743116e-07,-0.00062911305
2.744116e-07,-0.00064419233
2.745116e-07,-0.00066645221
2.746116e-07,-0.00069230239
2.747116e-07,-0.00071671645
2.748116e-07,-0.00073538603
2.749116e-07,-0.000746875
2.750116e-07,-0.00075261949
2.751116e-07,-0.00075549173
2.752116e-07,-0.00076051815
2.753116e-07,-0.00076985294
2.754116e-07,-0.00078349609
2.755116e-07,-0.00079785731
2.756116e-07,-0.00081006434
2.757116e-07,-0.00081580882
2.758116e-07,-0.00081509076
2.759116e-07,-0.00081006434
2.760116e-07,-0.00080503791
2.761116e-07,-0.00080431985
2.762116e-07,-0.0008107824
2.763116e-07,-0.00082370749
2.764116e-07,-0.00084237707
2.765116e-07,-0.00086176471
2.766116e-07,-0.00087971622
2.767116e-07,-0.00089335937
2.768116e-07,-0.00090269416
2.769116e-07,-0.00090772059
2.770116e-07,-0.00090987477
2.771116e-07,-0.00091059283
2.772116e-07,-0.00090915671
2.773116e-07,-0.00090772059
2.774116e-07,-0.00090700253
2.775116e-07,-0.00090843865
2.776116e-07,-0.00091274701
2.777116e-07,-0.00091920956
2.778116e-07,-0.00092639017
2.779116e-07,-0.00093141659
2.780116e-07,-0.00093357077
2.781116e-07,-0.00093069853
2.782116e-07,-0.0009256721
2.783116e-07,-0.00092064568
2.784116e-07,-0.00091777344
2.785116e-07,-0.00091920956
2.786116e-07,-0.00092279986
2.787116e-07,-0.0009256721
2.788116e-07,-0.00092495404
2.789116e-07,-0.00091920956
2.790116e-07,-0.00091131089
2.791116e-07,-0.00090484835
2.792116e-07,-0.00090700253
2.793116e-07,-0.00091920956
2.794116e-07,-0.0009421875
2.795116e-07,-0.00097162799
2.796116e-07,-0.0010003504
2.797116e-07,-0.0010226103
2.798116e-07,-0.0010340993
2.799116e-07,-0.0010362534
2.800116e-07,-0.001030509
2.801116e-07,-0.0010226103
2.802116e-07,-0.0010161477
2.803116e-07,-0.0010118394
2.804116e-07,-0.0010104033
2.805116e-07,-0.0010111213
2.806116e-07,-0.0010132755
2.807116e-07,-0.0010175839
2.808116e-07,-0.0010240464
2.809116e-07,-0.0010340993
2.810116e-07,-0.0010448702
2.811116e-07,-0.001054205
2.812116e-07,-0.0010585133
2.813116e-07,-0.0010570772
2.814116e-07,-0.0010513327
2.815116e-07,-0.0010448702
2.816116e-07,-0.0010419979
2.817116e-07,-0.0010455882
2.818116e-07,-0.001054205
2.819116e-07,-0.0010642578
2.820116e-07,-0.0010700023
2.821116e-07,-0.0010685662
2.822116e-07,-0.0010599494
2.823116e-07,-0.0010484605
2.824116e-07,-0.0010419979
2.825116e-07,-0.0010455882
2.826116e-07,-0.0010621036
2.827116e-07,-0.0010872358
2.828116e-07,-0.0011152401
2.829116e-07,-0.0011375
2.830116e-07,-0.001149707
2.831116e-07,-0.0011511432
2.832116e-07,-0.0011446806
2.833116e-07,-0.0011375
2.834116e-07,-0.0011331916
2.835116e-07,-0.0011346278
2.836116e-07,-0.0011403722
2.837116e-07,-0.001148989
2.838116e-07,-0.0011583238
2.839116e-07,-0.0011683766
2.840116e-07,-0.0011798656
2.841116e-07,-0.0011949449
2.842116e-07,-0.0012128964
2.843116e-07,-0.0012308479
2.844116e-07,-0.0012452091
2.845116e-07,-0.0012523897
2.846116e-07,-0.0012509536
2.847116e-07,-0.001243773
2.848116e-07,-0.0012351563
2.849116e-07,-0.0012294118
2.850116e-07,-0.0012301298
2.851116e-07,-0.0012358743
2.852116e-07,-0.0012452091
2.853116e-07,-0.0012523897
2.854116e-07,-0.00125598
2.855116e-07,-0.0012552619
2.856116e-07,-0.0012531078
2.857116e-07,-0.0012523897
2.858116e-07,-0.0012552619
2.859116e-07,-0.0012610064
2.860116e-07,-0.0012689051
2.861116e-07,-0.0012753676
2.862116e-07,-0.001279676
2.863116e-07,-0.0012825483
2.864116e-07,-0.0012839844
2.865116e-07,-0.0012868566
2.866116e-07,-0.0012904469
2.867116e-07,-0.0012926011
2.868116e-07,-0.001291883
2.869116e-07,-0.0012868566
2.870116e-07,-0.0012775218
2.871116e-07,-0.001268187
2.872116e-07,-0.0012624426
2.873116e-07,-0.0012638787
2.874116e-07,-0.0012732135
2.875116e-07,-0.0012868566
2.876116e-07,-0.0013004998
2.877116e-07,-0.0013098346
2.878116e-07,-0.0013134249
2.879116e-07,-0.0013127068
2.880116e-07,-0.0013105526
2.881116e-07,-0.0013098346
2.882116e-07,-0.0013119887
2.883116e-07,-0.001314861
2.884116e-07,-0.001314861
2.885116e-07,-0.0013098346
2.886116e-07,-0.0012990636
2.887116e-07,-0.0012861386
2.888116e-07,-0.0012768038
2.889116e-07,-0.0012753676
2.890116e-07,-0.0012832663
2.891116e-07,-0.0012997817
2.892116e-07,-0.0013177332
2.893116e-07,-0.0013328125
2.894116e-07,-0.0013407112
2.895116e-07,-0.0013414292
2.896116e-07,-0.0013371209
2.897116e-07,-0.0013328125
2.898116e-07,-0.0013313764
2.899116e-07,-0.0013342486
2.900116e-07,-0.0013428653
2.901116e-07,-0.0013557904
2.902116e-07,-0.0013723058
2.903116e-07,-0.0013924115
2.904116e-07,-0.0014146714
2.905116e-07,-0.0014362132
2.906116e-07,-0.0014541648
2.907116e-07,-0.0014627815
2.908116e-07,-0.0014606273
2.909116e-07,-0.0014477022
2.910116e-07,-0.0014304688
2.911116e-07,-0.0014161075
2.912116e-07,-0.0014132353
2.913116e-07,-0.0014247243
2.914116e-07,-0.0014469841
2.915116e-07,-0.0014721163
2.916116e-07,-0.0014900678
2.917116e-07,-0.0014936581
2.918116e-07,-0.0014828872
2.919116e-07,-0.0014634995
2.920116e-07,-0.001445548
2.921116e-07,-0.0014362132
2.922116e-07,-0.0014390855
2.923116e-07,-0.0014505744
2.924116e-07,-0.0014642176
2.925116e-07,-0.0014706801
2.926116e-07,-0.0014678079
2.927116e-07,-0.0014584731
2.928116e-07,-0.0014491383
2.929116e-07,-0.0014477022
2.930116e-07,-0.0014577551
2.931116e-07,-0.0014778608
2.932116e-07,-0.0015001206
2.933116e-07,-0.001516636
2.934116e-07,-0.0015230986
2.935116e-07,-0.0015187902
2.936116e-07,-0.0015101735
2.937116e-07,-0.0015051471
2.938116e-07,-0.0015087374
2.939116e-07,-0.0015216625
2.940116e-07,-0.0015417682
2.941116e-07,-0.0015625919
2.942116e-07,-0.0015791073
2.943116e-07,-0.0015905963
2.944116e-07,-0.001599213
2.945116e-07,-0.0016085478
2.946116e-07,-0.0016221909
2.947116e-07,-0.0016387063
2.948116e-07,-0.0016545037
2.949116e-07,-0.0016659926
2.950116e-07,-0.0016688649
2.951116e-07,-0.0016645565
2.952116e-07,-0.0016573759
2.953116e-07,-0.0016545037
2.954116e-07,-0.0016602482
2.955116e-07,-0.0016760455
2.956116e-07,-0.0016990234
2.957116e-07,-0.0017234375
2.958116e-07,-0.0017442613
2.959116e-07,-0.0017586225
2.960116e-07,-0.0017658031
2.961116e-07,-0.0017693934
2.962116e-07,-0.0017715476
2.963116e-07,-0.0017744198
2.964116e-07,-0.0017780101
2.965116e-07,-0.0017808824
2.966116e-07,-0.0017816004
2.967116e-07,-0.0017808824
2.968116e-07,-0.0017801643
2.969116e-07,-0.0017808824
2.970116e-07,-0.0017844727
2.971116e-07,-0.0017909352
2.972116e-07,-0.0017981158
2.973116e-07,-0.0018038603
2.974116e-07,-0.0018081687
2.975116e-07,-0.001812477
2.976116e-07,-0.0018175034
2.977116e-07,-0.0018268382
2.978116e-07,-0.0018397633
2.979116e-07,-0.0018541245
2.980116e-07,-0.0018663316
2.981116e-07,-0.0018727941
2.982116e-07,-0.0018727941
2.983116e-07,-0.0018684858
2.984116e-07,-0.0018627413
2.985116e-07,-0.0018613051
2.986116e-07,-0.0018670496
2.987116e-07,-0.0018806928
2.988116e-07,-0.0018993624
2.989116e-07,-0.00191875
2.990116e-07,-0.0019345473
2.991116e-07,-0.0019446002
2.992116e-07,-0.0019467544
2.993116e-07,-0.0019417279
2.994116e-07,-0.001930957
2.995116e-07,-0.0019158778
2.996116e-07,-0.0018986443
2.997116e-07,-0.0018842831
2.998116e-07,-0.0018756664
2.999116e-07,-0.0018756664
3.000116e-07,-0.0018871553
3.001116e-07,-0.001907261
3.002116e-07,-0.0019323932
3.003116e-07,-0.0019553711
3.004116e-07,-0.0019711684
3.005116e-07,-0.0019761949
3.006116e-07,-0.0019711684
3.007116e-07,-0.0019611156
3.008116e-07,-0.0019496266
3.009116e-07,-0.0019417279
3.010116e-07,-0.0019359835
3.011116e-07,-0.001930957
3.012116e-07,-0.0019216222
3.013116e-07,-0.001907261
3.014116e-07,-0.0018900276
3.015116e-07,-0.0018749483
3.016116e-07,-0.0018684858
3.017116e-07,-0.0018727941
3.018116e-07,-0.0018864373
3.019116e-07,-0.0019022346
3.020116e-07,-0.0019115694
3.021116e-07,-0.001907261
3.022116e-07,-0.0018878734
3.023116e-07,-0.0018584329
3.024116e-07,-0.0018275563
3.025116e-07,-0.0018038603
3.026116e-07,-0.0017916533
3.027116e-07,-0.0017894991
3.028116e-07,-0.0017923713
3.029116e-07,-0.0017923713
3.030116e-07,-0.0017851907
3.031116e-07,-0.0017715476
3.032116e-07,-0.0017564683
3.033116e-07,-0.0017464154
3.034116e-07,-0.0017456974
3.035116e-07,-0.0017557502
3.036116e-07,-0.0017737017
3.037116e-07,-0.0017923713
3.038116e-07,-0.0018074506
3.039116e-07,-0.0018160673
3.040116e-07,-0.0018182215
3.041116e-07,-0.0018153493
3.042116e-07,-0.0018103228
3.043116e-07,-0.0018038603
3.044116e-07,-0.0017981158
3.045116e-07,-0.0017923713
3.046116e-07,-0.001788781
3.047116e-07,-0.0017909352
3.048116e-07,-0.0017995519
3.049116e-07,-0.0018153493
3.050116e-07,-0.001836173
3.051116e-07,-0.0018577148
3.052116e-07,-0.0018749483
3.053116e-07,-0.0018842831
3.054116e-07,-0.0018878734
3.055116e-07,-0.0018893095
3.056116e-07,-0.001895054
3.057116e-07,-0.001907261
3.058116e-07,-0.0019259306
3.059116e-07,-0.0019460363
3.060116e-07,-0.0019603975
3.061116e-07,-0.0019647059
3.062116e-07,-0.0019589614
3.063116e-07,-0.0019481905
3.064116e-07,-0.0019402918
3.065116e-07,-0.0019417279
3.066116e-07,-0.0019560892
3.067116e-07,-0.0019797852
3.068116e-07,-0.0020085076
3.069116e-07,-0.0020336397
3.070116e-07,-0.0020530273
3.071116e-07,-0.0020666705
3.072116e-07,-0.0020781595
3.073116e-07,-0.0020910846
3.074116e-07,-0.0021054458
3.075116e-07,-0.0021190889
3.076116e-07,-0.0021269876
3.077116e-07,-0.0021255515
3.078116e-07,-0.0021154986
3.079116e-07,-0.0021018555
3.080116e-07,-0.0020910846
3.081116e-07,-0.0020910846
3.082116e-07,-0.0021025735
3.083116e-07,-0.0021226792
3.084116e-07,-0.002144221
3.085116e-07,-0.0021600184
3.086116e-07,-0.002167199
3.087116e-07,-0.002167917
3.088116e-07,-0.002167199
3.089116e-07,-0.0021715074
3.090116e-07,-0.0021822783
3.091116e-07,-0.0021973575
3.092116e-07,-0.0022110007
3.093116e-07,-0.0022174632
3.094116e-07,-0.0022138729
3.095116e-07,-0.0022045381
3.096116e-07,-0.0021952034
3.097116e-07,-0.0021944853
3.098116e-07,-0.0022059743
3.099116e-07,-0.0022275161
3.100116e-07,-0.0022533663
3.101116e-07,-0.0022749081
3.102116e-07,-0.0022871151
3.103116e-07,-0.0022885512
3.104116e-07,-0.0022820887
3.105116e-07,-0.0022749081
3.106116e-07,-0.0022705997
3.107116e-07,-0.0022705997
3.108116e-07,-0.0022727539
3.109116e-07,-0.0022749081
3.110116e-07,-0.00227419
3.111116e-07,-0.002273472
3.112116e-07,-0.0022763442
3.113116e-07,-0.0022863971
3.114116e-07,-0.0023057847
3.115116e-07,-0.0023323529
3.116116e-07,-0.0023589212
3.117116e-07,-0.0023783088
3.118116e-07,-0.0023862075
3.119116e-07,-0.0023818991
3.120116e-07,-0.0023696921
3.121116e-07,-0.0023553309
3.122116e-07,-0.0023431239
3.123116e-07,-0.0023352252
3.124116e-07,-0.0023287626
3.125116e-07,-0.002320864
3.126116e-07,-0.002309375
3.127116e-07,-0.0022950138
3.128116e-07,-0.0022820887
3.129116e-07,-0.0022749081
3.130116e-07,-0.0022777803
3.131116e-07,-0.0022914235
3.132116e-07,-0.0023115292
3.133116e-07,-0.0023323529
3.134116e-07,-0.0023481503
3.135116e-07,-0.002356767
3.136116e-07,-0.0023582031
3.137116e-07,-0.0023553309
3.138116e-07,-0.0023510225
3.139116e-07,-0.0023474322
3.140116e-07,-0.00234456
3.141116e-07,-0.0023438419
3.142116e-07,-0.0023438419
3.143116e-07,-0.0023467142
3.144116e-07,-0.0023538948
3.145116e-07,-0.0023668199
3.146116e-07,-0.0023854894
3.147116e-07,-0.0024077493
3.148116e-07,-0.0024292911
3.149116e-07,-0.0024472426
3.150116e-07,-0.0024594497
3.151116e-07,-0.0024673483
3.152116e-07,-0.0024738109
3.153116e-07,-0.0024817096
3.154116e-07,-0.0024917624
3.155116e-07,-0.0025032514
3.156116e-07,-0.0025125862
3.157116e-07,-0.0025161765
3.158116e-07,-0.0025125862
3.159116e-07,-0.0025039694
3.160116e-07,-0.0024953527
3.161116e-07,-0.0024931985
3.162116e-07,-0.0025010972
3.163116e-07,-0.0025197668
3.164116e-07,-0.002545617
3.165116e-07,-0.0025736213
3.166116e-07,-0.0025973173
3.167116e-07,-0.0026131147
3.168116e-07,-0.0026195772
3.169116e-07,-0.0026195772
3.170116e-07,-0.002616705
3.171116e-07,-0.0026138327
3.172116e-07,-0.0026145508
3.173116e-07,-0.0026195772
3.174116e-07,-0.002628912
3.175116e-07,-0.002640401
3.176116e-07,-0.0026533261
3.177116e-07,-0.0026655331
3.178116e-07,-0.002676304
3.179116e-07,-0.0026849207
3.180116e-07,-0.0026921013
3.181116e-07,-0.0027
3.182116e-07,-0.0027100528
3.183116e-07,-0.0027244141
3.184116e-07,-0.0027409295
3.185116e-07,-0.0027574449
3.186116e-07,-0.0027682158
3.187116e-07,-0.0027682158
3.188116e-07,-0.0027560087
3.189116e-07,-0.0027344669
3.190116e-07,-0.0027100528
3.191116e-07,-0.0026921013
3.192116e-07,-0.002687793
3.193116e-07,-0.0027
3.194116e-07,-0.0027251321
3.195116e-07,-0.0027560087
3.196116e-07,-0.0027840131
3.197116e-07,-0.0028034007
3.198116e-07,-0.0028120175
3.199116e-07,-0.0028134536
3.200116e-07,-0.0028134536
3.201116e-07,-0.0028148897
3.202116e-07,-0.0028191981
3.203116e-07,-0.0028227884
3.204116e-07,-0.0028220703
3.205116e-07,-0.0028148897
3.206116e-07,-0.0028026827
3.207116e-07,-0.0027911937
3.208116e-07,-0.0027868853
3.209116e-07,-0.0027919118
3.210116e-07,-0.002806273
3.211116e-07,-0.0028235064
3.212116e-07,-0.0028357135
3.213116e-07,-0.0028378676
3.214116e-07,-0.002829969
3.215116e-07,-0.0028163258
3.216116e-07,-0.0028055549
3.217116e-07,-0.0028034007
3.218116e-07,-0.0028105813
3.219116e-07,-0.0028235064
3.220116e-07,-0.0028349954
3.221116e-07,-0.0028378676
3.222116e-07,-0.0028321232
3.223116e-07,-0.0028213523
3.224116e-07,-0.0028134536
3.225116e-07,-0.0028148897
3.226116e-07,-0.0028263787
3.227116e-07,-0.0028436121
3.228116e-07,-0.0028579733
3.229116e-07,-0.0028608456
3.230116e-07,-0.0028500747
3.231116e-07,-0.002830687
3.232116e-07,-0.0028112994
3.233116e-07,-0.0028034007
3.234116e-07,-0.0028120175
3.235116e-07,-0.0028342773
3.236116e-07,-0.0028622817
3.237116e-07,-0.0028838235
3.238116e-07,-0.0028902861
3.239116e-07,-0.0028802332
3.240116e-07,-0.0028594095
3.241116e-07,-0.0028378676
3.242116e-07,-0.0028263787
3.243116e-07,-0.002829969
3.244116e-07,-0.0028472024
3.245116e-07,-0.0028723346
3.246116e-07,-0.0028974667
3.247116e-07,-0.0029168543
3.248116e-07,-0.0029276252
3.249116e-07,-0.0029297794
3.250116e-07,-0.0029269072
3.251116e-07,-0.0029204446
3.252116e-07,-0.0029139821
3.253116e-07,-0.0029068015
3.254116e-07,-0.002901057
3.255116e-07,-0.0028981847
3.256116e-07,-0.0029003389
3.257116e-07,-0.0029068015
3.258116e-07,-0.0029175724
3.259116e-07,-0.0029283433
3.260116e-07,-0.0029376781
3.261116e-07,-0.0029412684
3.262116e-07,-0.0029398323
3.263116e-07,-0.002936242
3.264116e-07,-0.0029319336
3.265116e-07,-0.0029297794
3.266116e-07,-0.0029283433
3.267116e-07,-0.002925471
3.268116e-07,-0.0029182904
3.269116e-07,-0.0029068015
3.270116e-07,-0.0028938764
3.271116e-07,-0.0028866958
3.272116e-07,-0.0028902861
3.273116e-07,-0.0029068015
3.274116e-07,-0.0029348058
3.275116e-07,-0.0029664005
3.276116e-07,-0.0029929687
3.277116e-07,-0.0030102022
3.278116e-07,-0.0030166648
3.279116e-07,-0.0030159467
3.280116e-07,-0.0030159467
3.281116e-07,-0.0030216912
3.282116e-07,-0.0030331801
3.283116e-07,-0.0030461052
3.284116e-07,-0.003054722
3.285116e-07,-0.0030561581
3.286116e-07,-0.0030504136
3.287116e-07,-0.0030446691
3.288116e-07,-0.0030446691
3.289116e-07,-0.0030561581
3.290116e-07,-0.003078418
3.291116e-07,-0.0031042682
3.292116e-07,-0.00312581
3.293116e-07,-0.0031365809
3.294116e-07,-0.0031358628
3.295116e-07,-0.0031286822
3.296116e-07,-0.0031229377
3.297116e-07,-0.0031250919
3.298116e-07,-0.0031344267
3.299116e-07,-0.0031466337
3.300116e-07,-0.0031523782
3.301116e-07,-0.0031480699
3.302116e-07,-0.0031337086
3.303116e-07,-0.0031171932
3.304116e-07,-0.0031085765
3.305116e-07,-0.0031136029
3.306116e-07,-0.0031322725
3.307116e-07,-0.0031574046
3.308116e-07,-0.0031767923
3.309116e-07,-0.0031825368
3.310116e-07,-0.003173202
3.311116e-07,-0.0031552505
3.312116e-07,-0.0031394531
3.313116e-07,-0.0031365809
3.314116e-07,-0.0031473518
3.315116e-07,-0.0031660214
3.316116e-07,-0.0031811006
3.317116e-07,-0.0031825368
3.318116e-07,-0.0031681756
3.319116e-07,-0.0031437615
3.320116e-07,-0.0031215016
3.321116e-07,-0.0031136029
3.322116e-07,-0.0031236558
3.323116e-07,-0.0031473518
3.324116e-07,-0.0031710478
3.325116e-07,-0.0031825368
3.326116e-07,-0.0031746381
3.327116e-07,-0.0031509421
3.328116e-07,-0.0031229377
3.329116e-07,-0.003102114
3.330116e-07,-0.0030978056
3.331116e-07,-0.0031107307
3.332116e-07,-0.0031308364
3.333116e-07,-0.0031480699
3.334116e-07,-0.0031545324
3.335116e-07,-0.003149506
3.336116e-07,-0.0031401712
3.337116e-07,-0.0031365809
3.338116e-07,-0.0031451976
3.339116e-07,-0.0031660214
3.340116e-07,-0.0031933077
3.341116e-07,-0.0032170037
3.342116e-07,-0.0032299288
3.343116e-07,-0.0032306468
3.344116e-07,-0.0032234662
3.345116e-07,-0.0032170037
3.346116e-07,-0.0032177217
3.347116e-07,-0.0032263385
3.348116e-07,-0.0032399816
3.349116e-07,-0.0032514706
3.350116e-07,-0.0032572151
3.351116e-07,-0.003255779
3.352116e-07,-0.0032521886
3.353116e-07,-0.0032514706
3.354116e-07,-0.0032579331
3.355116e-07,-0.0032708582
3.356116e-07,-0.0032859375
3.357116e-07,-0.0032974265
3.358116e-07,-0.0033010168
3.359116e-07,-0.0032974265
3.360116e-07,-0.0032902459
3.361116e-07,-0.0032859375
3.362116e-07,-0.0032866556
3.363116e-07,-0.0032909639
3.364116e-07,-0.0032959903
3.365116e-07,-0.0032974265
3.366116e-07,-0.0032938362
3.367116e-07,-0.0032902459
3.368116e-07,-0.0032931181
3.369116e-07,-0.0033089154
3.370116e-07,-0.0033405101
3.371116e-07,-0.0033828757
3.372116e-07,-0.0034259593
3.373116e-07,-0.0034582721
3.374116e-07,-0.0034726333
3.375116e-07,-0.0034683249
3.376116e-07,-0.0034525276
3.377116e-07,-0.0034352941
3.378116e-07,-0.0034273955
3.379116e-07,-0.0034324219
3.380116e-07,-0.0034482192
3.381116e-07,-0.003469761
3.382116e-07,-0.0034884306
3.383116e-07,-0.0034999196
3.384116e-07,-0.0035035099
3.385116e-07,-0.0035042279
3.386116e-07,-0.0035056641
3.387116e-07,-0.0035121266
3.388116e-07,-0.0035243336
3.389116e-07,-0.0035386949
3.390116e-07,-0.003552338
3.391116e-07,-0.0035623909
3.392116e-07,-0.0035652631
3.393116e-07,-0.0035616728
3.394116e-07,-0.0035509019
3.395116e-07,-0.0035343865
3.396116e-07,-0.0035142808
3.397116e-07,-0.003492739
3.398116e-07,-0.0034747875
3.399116e-07,-0.0034654527
3.400116e-07,-0.0034676068
3.401116e-07,-0.00348125
3.402116e-07,-0.0035027918
3.403116e-07,-0.0035243336
3.404116e-07,-0.0035379768
3.405116e-07,-0.0035386949
3.406116e-07,-0.0035250517
3.407116e-07,-0.0035006376
3.408116e-07,-0.0034719152
3.409116e-07,-0.0034467831
3.410116e-07,-0.0034281135
3.411116e-07,-0.0034166245
3.412116e-07,-0.0034087259
3.413116e-07,-0.0034008272
3.414116e-07,-0.0033907744
3.415116e-07,-0.0033800034
3.416116e-07,-0.0033706687
3.417116e-07,-0.0033663603
3.418116e-07,-0.0033670784
3.419116e-07,-0.0033713867
3.420116e-07,-0.0033756951
3.421116e-07,-0.0033778493
3.422116e-07,-0.0033771312
3.423116e-07,-0.003374977
3.424116e-07,-0.003374259
3.425116e-07,-0.0033778493
3.426116e-07,-0.0033835938
3.427116e-07,-0.0033879021
3.428116e-07,-0.003386466
3.429116e-07,-0.0033778493
3.430116e-07,-0.0033634881
3.431116e-07,-0.0033498449
3.432116e-07,-0.0033448185
3.433116e-07,-0.0033548713
3.434116e-07,-0.0033792854
3.435116e-07,-0.0034130342
3.436116e-07,-0.003446065
3.437116e-07,-0.003469761
3.438116e-07,-0.0034783778
3.439116e-07,-0.0034747875
3.440116e-07,-0.0034654527
3.441116e-07,-0.0034582721
3.442116e-07,-0.0034597082
3.443116e-07,-0.003469043
3.444116e-07,-0.0034826861
3.445116e-07,-0.003492739
3.446116e-07,-0.0034941751
3.447116e-07,-0.0034855584
3.448116e-07,-0.0034711972
3.449116e-07,-0.0034582721
3.450116e-07,-0.0034518095
3.451116e-07,-0.0034539637
3.452116e-07,-0.0034618624
3.453116e-07,-0.003469761
3.454116e-07,-0.0034726333
3.455116e-07,-0.0034676068
3.456116e-07,-0.003457554
3.457116e-07,-0.0034467831
3.458116e-07,-0.0034403205
3.459116e-07,-0.0034417567
3.460116e-07,-0.0034489373
3.461116e-07,-0.0034582721
3.462116e-07,-0.0034647346
3.463116e-07,-0.0034647346
3.464116e-07,-0.0034582721
3.465116e-07,-0.0034467831
3.466116e-07,-0.0034352941
3.467116e-07,-0.0034266774
3.468116e-07,-0.0034230871
3.469116e-07,-0.0034238051
3.470116e-07,-0.0034266774
3.471116e-07,-0.0034288316
3.472116e-07,-0.0034281135
3.473116e-07,-0.0034238051
3.474116e-07,-0.0034173426
3.475116e-07,-0.0034094439
3.476116e-07,-0.0034036994
3.477116e-07,-0.0034008272
3.478116e-07,-0.0034029814
3.479116e-07,-0.0034108801
3.480116e-07,-0.003422369
3.481116e-07,-0.0034352941
3.482116e-07,-0.003446065
3.483116e-07,-0.0034518095
3.484116e-07,-0.0034518095
3.485116e-07,-0.0034467831
3.486116e-07,-0.0034403205
3.487116e-07,-0.0034360122
3.488116e-07,-0.0034381664
3.489116e-07,-0.0034467831
3.490116e-07,-0.0034597082
3.491116e-07,-0.0034719152
3.492116e-07,-0.0034798139
3.493116e-07,-0.00348125
3.494116e-07,-0.0034783778
3.495116e-07,-0.0034740694
3.496116e-07,-0.0034747875
3.497116e-07,-0.00348125
3.498116e-07,-0.0034941751
3.499116e-07,-0.0035085363
3.500116e-07,-0.0035207433
3.501116e-07,-0.0035272059
3.502116e-07,-0.003528642
3.503116e-07,-0.0035279239
3.504116e-07,-0.0035307962
3.505116e-07,-0.0035386949
3.506116e-07,-0.003552338
3.507116e-07,-0.0035674173
3.508116e-07,-0.0035789062
3.509116e-07,-0.0035846507
3.510116e-07,-0.0035839327
3.511116e-07,-0.0035803424
3.512116e-07,-0.0035789062
3.513116e-07,-0.0035846507
3.514116e-07,-0.0035968578
3.515116e-07,-0.0036126551
3.516116e-07,-0.0036248621
3.517116e-07,-0.0036306066
3.518116e-07,-0.0036284524
3.519116e-07,-0.0036219899
3.520116e-07,-0.0036169635
3.521116e-07,-0.0036191176
3.522116e-07,-0.0036291705
3.523116e-07,-0.0036449678
3.524116e-07,-0.003658611
3.525116e-07,-0.0036650735
3.526116e-07,-0.0036614832
3.527116e-07,-0.0036507123
3.528116e-07,-0.0036385053
3.529116e-07,-0.0036306066
3.530116e-07,-0.0036320427
3.531116e-07,-0.0036413775
3.532116e-07,-0.0036550207
3.533116e-07,-0.0036650735
3.534116e-07,-0.0036679458
3.535116e-07,-0.0036614832
3.536116e-07,-0.0036478401
3.537116e-07,-0.0036306066
3.538116e-07,-0.0036126551
3.539116e-07,-0.0035961397
3.540116e-07,-0.0035796243
3.541116e-07,-0.0035616728
3.542116e-07,-0.0035422852
3.543116e-07,-0.0035236156
3.544116e-07,-0.0035063821
3.545116e-07,-0.003492739
3.546116e-07,-0.0034826861
3.547116e-07,-0.0034733513
3.548116e-07,-0.0034618624
3.549116e-07,-0.0034467831
3.550116e-07,-0.0034281135
3.551116e-07,-0.003410162
3.552116e-07,-0.0033965188
3.553116e-07,-0.0033893382
3.554116e-07,-0.0033871841
3.555116e-07,-0.003386466
3.556116e-07,-0.0033807215
3.557116e-07,-0.0033663603
3.558116e-07,-0.0033455365
3.559116e-07,-0.0033239947
3.560116e-07,-0.0033096335
3.561116e-07,-0.0033089154
3.562116e-07,-0.0033225586
3.563116e-07,-0.0033469727
3.564116e-07,-0.0033713867
3.565116e-07,-0.0033893382
3.566116e-07,-0.0033950827
3.567116e-07,-0.0033893382
3.568116e-07,-0.0033771312
3.569116e-07,-0.0033663603
3.570116e-07,-0.0033606158
3.571116e-07,-0.0033606158
3.572116e-07,-0.0033642061
3.573116e-07,-0.0033663603
3.574116e-07,-0.0033656422
3.575116e-07,-0.00336277
3.576116e-07,-0.0033620519
3.577116e-07,-0.0033663603
3.578116e-07,-0.0033771312
3.579116e-07,-0.0033914924
3.580116e-07,-0.0034051356
3.581116e-07,-0.0034123162
3.582116e-07,-0.0034123162
3.583116e-07,-0.0034065717
3.584116e-07,-0.0034008272
3.585116e-07,-0.0034008272
3.586116e-07,-0.0034087259
3.587116e-07,-0.003421651
3.588116e-07,-0.0034367302
3.589116e-07,-0.0034467831
3.590116e-07,-0.0034496553
3.591116e-07,-0.003445347
3.592116e-07,-0.0034396025
3.593116e-07,-0.0034352941
3.594116e-07,-0.0034360122
3.595116e-07,-0.0034410386
3.596116e-07,-0.003445347
3.597116e-07,-0.0034467831
3.598116e-07,-0.0034424747
3.599116e-07,-0.0034345761
3.600116e-07,-0.0034266774
3.601116e-07,-0.0034238051
3.602116e-07,-0.0034266774
3.603116e-07,-0.0034324219
3.604116e-07,-0.0034367302
3.605116e-07,-0.0034352941
3.606116e-07,-0.0034259593
3.607116e-07,-0.0034130342
3.608116e-07,-0.0034022633
3.609116e-07,-0.0034008272
3.610116e-07,-0.0034108801
3.611116e-07,-0.0034309858
3.612116e-07,-0.0034532456
3.613116e-07,-0.003469761
3.614116e-07,-0.0034747875
3.615116e-07,-0.0034668888
3.616116e-07,-0.0034510915
3.617116e-07,-0.0034352941
3.618116e-07,-0.0034259593
3.619116e-07,-0.0034266774
3.620116e-07,-0.0034352941
3.621116e-07,-0.0034467831
3.622116e-07,-0.0034561179
3.623116e-07,-0.0034597082
3.624116e-07,-0.0034597082
3.625116e-07,-0.0034582721
3.626116e-07,-0.0034611443
3.627116e-07,-0.0034704791
3.628116e-07,-0.0034855584
3.629116e-07,-0.0035042279
3.630116e-07,-0.0035214614
3.631116e-07,-0.0035336684
3.632116e-07,-0.0035394129
3.633116e-07,-0.0035386949
3.634116e-07,-0.0035329504
3.635116e-07,-0.0035236156
3.636116e-07,-0.0035135627
3.637116e-07,-0.0035042279
3.638116e-07,-0.0034977654
3.639116e-07,-0.0034963293
3.640116e-07,-0.0035027918
3.641116e-07,-0.0035157169
3.642116e-07,-0.0035343865
3.643116e-07,-0.0035537741
3.644116e-07,-0.0035681353
3.645116e-07,-0.0035731618
3.646116e-07,-0.0035666992
3.647116e-07,-0.0035516199
3.648116e-07,-0.0035322323
3.649116e-07,-0.0035157169
3.650116e-07,-0.0035078182
3.651116e-07,-0.0035099724
3.652116e-07,-0.0035221795
3.653116e-07,-0.0035386949
3.654116e-07,-0.0035552102
3.655116e-07,-0.0035666992
3.656116e-07,-0.0035724437
3.657116e-07,-0.0035731618
3.658116e-07,-0.0035710076
3.659116e-07,-0.0035688534
3.660116e-07,-0.0035688534
3.661116e-07,-0.0035731618
3.662116e-07,-0.0035803424
3.663116e-07,-0.0035896772
3.664116e-07,-0.0035990119
3.665116e-07,-0.0036076287
3.666116e-07,-0.0036133732
3.667116e-07,-0.0036169635
3.668116e-07,-0.0036183996
3.669116e-07,-0.0036191176
3.670116e-07,-0.0036219899
3.671116e-07,-0.0036277344
3.672116e-07,-0.0036385053
3.673116e-07,-0.0036535846
3.674116e-07,-0.0036701
3.675116e-07,-0.0036858973
3.676116e-07,-0.0037002585
3.677116e-07,-0.0037110294
3.678116e-07,-0.0037210823
3.679116e-07,-0.0037311351
3.680116e-07,-0.0037440602
3.681116e-07,-0.0037569853
3.682116e-07,-0.0037684743
3.683116e-07,-0.0037749368
3.684116e-07,-0.0037749368
3.685116e-07,-0.0037684743
3.686116e-07,-0.0037605756
3.687116e-07,-0.0037569853
3.688116e-07,-0.0037627298
3.689116e-07,-0.0037799632
3.690116e-07,-0.0038058134
3.691116e-07,-0.0038338178
3.692116e-07,-0.0038567957
3.693116e-07,-0.003871875
3.694116e-07,-0.0038783375
3.695116e-07,-0.0038797737
3.696116e-07,-0.003884082
3.697116e-07,-0.0038948529
3.698116e-07,-0.0039135225
3.699116e-07,-0.0039372185
3.700116e-07,-0.0039594784
3.701116e-07,-0.0039752757
3.702116e-07,-0.0039817383
3.703116e-07,-0.0039803022
3.704116e-07,-0.0039767119
3.705116e-07,-0.0039752757
3.706116e-07,-0.003978866
3.707116e-07,-0.0039860466
3.708116e-07,-0.0039939453
3.709116e-07,-0.0039982537
3.710116e-07,-0.0039968176
3.711116e-07,-0.0039917911
3.712116e-07,-0.0039867647
3.713116e-07,-0.0039867647
3.714116e-07,-0.0039946634
3.715116e-07,-0.0040104607
3.716116e-07,-0.0040284122
3.717116e-07,-0.0040442096
3.718116e-07,-0.0040528263
3.719116e-07,-0.0040521082
3.720116e-07,-0.0040442096
3.721116e-07,-0.0040327206
3.722116e-07,-0.0040219497
3.723116e-07,-0.004014051
3.724116e-07,-0.0040097426
3.725116e-07,-0.0040097426
3.726116e-07,-0.004013333
3.727116e-07,-0.0040205136
3.728116e-07,-0.0040312845
3.729116e-07,-0.0040442096
3.730116e-07,-0.0040571347
3.731116e-07,-0.0040657514
3.732116e-07,-0.0040657514
3.733116e-07,-0.0040556985
3.734116e-07,-0.004037747
3.735116e-07,-0.0040169233
3.736116e-07,-0.004001844
3.737116e-07,-0.0039982537
3.738116e-07,-0.0040083065
3.739116e-07,-0.0040291303
3.740116e-07,-0.0040513902
3.741116e-07,-0.0040671875
3.742116e-07,-0.0040693417
3.743116e-07,-0.0040571347
3.744116e-07,-0.0040341567
3.745116e-07,-0.0040097426
3.746116e-07,-0.0039917911
3.747116e-07,-0.0039846105
3.748116e-07,-0.0039882008
3.749116e-07,-0.0039982537
3.750116e-07,-0.0040083065
3.751116e-07,-0.0040126149
3.752116e-07,-0.0040083065
3.753116e-07,-0.0039982537
3.754116e-07,-0.0039853286
3.755116e-07,-0.0039738396
3.756116e-07,-0.003966659
3.757116e-07,-0.0039637868
3.758116e-07,-0.0039637868
3.759116e-07,-0.0039652229
3.760116e-07,-0.0039652229
3.761116e-07,-0.0039637868
3.762116e-07,-0.0039609145
3.763116e-07,-0.0039580423
3.764116e-07,-0.003954452
3.765116e-07,-0.0039522978
3.766116e-07,-0.0039501436
3.767116e-07,-0.0039494256
3.768116e-07,-0.0039494256
3.769116e-07,-0.0039522978
3.770116e-07,-0.0039580423
3.771116e-07,-0.003966659
3.772116e-07,-0.0039774299
3.773116e-07,-0.0039867647
3.774116e-07,-0.0039932273
3.775116e-07,-0.0039953814
3.776116e-07,-0.0039925092
3.777116e-07,-0.0039867647
3.778116e-07,-0.0039803022
3.779116e-07,-0.0039759938
3.780116e-07,-0.0039745577
3.781116e-07,-0.0039752757
3.782116e-07,-0.0039774299
3.783116e-07,-0.0039795841
3.784116e-07,-0.003978866
3.785116e-07,-0.0039752757
3.786116e-07,-0.0039688132
3.787116e-07,-0.0039601965
3.788116e-07,-0.0039508617
3.789116e-07,-0.0039408088
3.790116e-07,-0.0039300379
3.791116e-07,-0.0039185489
3.792116e-07,-0.0039063419
3.793116e-07,-0.0038948529
3.794116e-07,-0.0038855182
3.795116e-07,-0.0038819278
3.796116e-07,-0.0038848001
3.797116e-07,-0.0038948529
3.798116e-07,-0.0039113683
3.799116e-07,-0.003930756
3.800116e-07,-0.0039494256
3.801116e-07,-0.0039637868
3.802116e-07,-0.0039716854
3.803116e-07,-0.0039738396
3.804116e-07,-0.0039738396
3.805116e-07,-0.0039752757
3.806116e-07,-0.0039824563
3.807116e-07,-0.0039975356
3.808116e-07,-0.0040190774
3.809116e-07,-0.0040442096
3.810116e-07,-0.0040686236
3.811116e-07,-0.0040887293
3.812116e-07,-0.0041030905
3.813116e-07,-0.0041131434
3.814116e-07,-0.004121042
3.815116e-07,-0.0041296588
3.816116e-07,-0.0041389936
3.817116e-07,-0.0041476103
3.818116e-07,-0.0041533548
3.819116e-07,-0.0041526367
3.820116e-07,-0.0041461742
3.821116e-07,-0.0041361213
3.822116e-07,-0.0041275046
3.823116e-07,-0.0041246324
3.824116e-07,-0.004131813
3.825116e-07,-0.0041476103
3.826116e-07,-0.0041662799
3.827116e-07,-0.0041820772
3.828116e-07,-0.0041878217
3.829116e-07,-0.0041820772
3.830116e-07,-0.0041669979
3.831116e-07,-0.0041476103
3.832116e-07,-0.004132531
3.833116e-07,-0.0041246324
3.834116e-07,-0.0041246324
3.835116e-07,-0.0041289407
3.836116e-07,-0.0041303768
3.837116e-07,-0.0041246324
3.838116e-07,-0.0041102711
3.839116e-07,-0.0040908835
3.840116e-07,-0.0040707778
3.841116e-07,-0.0040556985
3.842116e-07,-0.0040485179
3.843116e-07,-0.004049236
3.844116e-07,-0.0040528263
3.845116e-07,-0.0040556985
3.846116e-07,-0.0040564166
3.847116e-07,-0.0040564166
3.848116e-07,-0.0040585708
3.849116e-07,-0.0040671875
3.850116e-07,-0.004084421
3.851116e-07,-0.004108835
3.852116e-07,-0.0041361213
3.853116e-07,-0.0041590993
3.854116e-07,-0.0041741785
3.855116e-07,-0.004179923
3.856116e-07,-0.0041770508
3.857116e-07,-0.0041705882
3.858116e-07,-0.0041648437
3.859116e-07,-0.0041641257
3.860116e-07,-0.0041698702
3.861116e-07,-0.0041820772
3.862116e-07,-0.0041993107
3.863116e-07,-0.0042201344
3.864116e-07,-0.0042416762
3.865116e-07,-0.0042625
3.866116e-07,-0.0042790154
3.867116e-07,-0.0042905044
3.868116e-07,-0.0042955308
3.869116e-07,-0.0042969669
3.870116e-07,-0.004297685
3.871116e-07,-0.0043019933
3.872116e-07,-0.0043134823
3.873116e-07,-0.0043314338
3.874116e-07,-0.0043522576
3.875116e-07,-0.0043702091
3.876116e-07,-0.0043795439
3.877116e-07,-0.0043773897
3.878116e-07,-0.0043659007
3.879116e-07,-0.0043515395
3.880116e-07,-0.0043422047
3.881116e-07,-0.0043429228
3.882116e-07,-0.0043544118
3.883116e-07,-0.0043723633
3.884116e-07,-0.0043903148
3.885116e-07,-0.0044003676
3.886116e-07,-0.0043996496
3.887116e-07,-0.0043881606
3.888116e-07,-0.0043716452
3.889116e-07,-0.0043544118
3.890116e-07,-0.0043407686
3.891116e-07,-0.0043307158
3.892116e-07,-0.0043242532
3.893116e-07,-0.0043199449
3.894116e-07,-0.0043170726
3.895116e-07,-0.0043185087
3.896116e-07,-0.0043271255
3.897116e-07,-0.0043429228
3.898116e-07,-0.0043651827
3.899116e-07,-0.0043874426
3.900116e-07,-0.004404676
3.901116e-07,-0.0044118566
3.902116e-07,-0.0044082663
3.903116e-07,-0.0043967773
3.904116e-07,-0.0043845703
3.905116e-07,-0.0043773897
3.906116e-07,-0.0043766716
3.907116e-07,-0.00438098
3.908116e-07,-0.0043867245
3.909116e-07,-0.0043888787
3.910116e-07,-0.0043874426
3.911116e-07,-0.0043860064
3.912116e-07,-0.0043888787
3.913116e-07,-0.0044003676
3.914116e-07,-0.0044211914
3.915116e-07,-0.0044463235
3.916116e-07,-0.0044685834
3.917116e-07,-0.0044807904
3.918116e-07,-0.0044793543
3.919116e-07,-0.0044664292
3.920116e-07,-0.0044484777
3.921116e-07,-0.0044348346
3.922116e-07,-0.0044305262
3.923116e-07,-0.0044369887
3.924116e-07,-0.004452068
3.925116e-07,-0.0044693015
3.926116e-07,-0.0044850988
3.927116e-07,-0.0044973058
3.928116e-07,-0.0045066406
3.929116e-07,-0.0045152574
3.930116e-07,-0.0045238741
3.931116e-07,-0.0045317727
3.932116e-07,-0.0045367992
3.933116e-07,-0.0045382353
3.934116e-07,-0.0045367992
3.935116e-07,-0.0045353631
3.936116e-07,-0.0045389534
3.937116e-07,-0.0045497243
3.938116e-07,-0.0045683938
3.939116e-07,-0.0045899357
3.940116e-07,-0.0046086052
3.941116e-07,-0.0046186581
3.942116e-07,-0.004617222
3.943116e-07,-0.0046071691
3.944116e-07,-0.004594244
3.945116e-07,-0.0045841912
3.946116e-07,-0.0045798828
3.947116e-07,-0.0045813189
3.948116e-07,-0.0045841912
3.949116e-07,-0.0045841912
3.950116e-07,-0.0045784467
3.951116e-07,-0.0045683938
3.952116e-07,-0.0045576229
3.953116e-07,-0.0045497243
3.954116e-07,-0.004546852
3.955116e-07,-0.004546852
3.956116e-07,-0.0045454159
3.957116e-07,-0.0045382353
3.958116e-07,-0.0045238741
3.959116e-07,-0.0045037684
3.960116e-07,-0.0044836627
3.961116e-07,-0.0044693015
3.962116e-07,-0.004463557
3.963116e-07,-0.0044657112
3.964116e-07,-0.0044736098
3.965116e-07,-0.0044807904
3.966116e-07,-0.0044843807
3.967116e-07,-0.0044829446
3.968116e-07,-0.0044772001
3.969116e-07,-0.0044693015
3.970116e-07,-0.0044599667
3.971116e-07,-0.0044491958
3.972116e-07,-0.0044369887
3.973116e-07,-0.0044233456
3.974116e-07,-0.0044104205
3.975116e-07,-0.0044025218
3.976116e-07,-0.0044025218
3.977116e-07,-0.0044118566
3.978116e-07,-0.004427654
3.979116e-07,-0.0044427332
3.980116e-07,-0.0044506319
3.981116e-07,-0.0044463235
3.982116e-07,-0.0044298081
3.983116e-07,-0.0044068302
3.984116e-07,-0.0043831342
3.985116e-07,-0.0043659007
3.986116e-07,-0.0043565659
3.987116e-07,-0.0043522576
3.988116e-07,-0.0043493853
3.989116e-07,-0.0043429228
3.990116e-07,-0.004333588
3.991116e-07,-0.0043249713
3.992116e-07,-0.0043228171
3.993116e-07,-0.0043314338
3.994116e-07,-0.0043486673
3.995116e-07,-0.0043680549
3.996116e-07,-0.0043795439
3.997116e-07,-0.0043773897
3.998116e-07,-0.0043594382
3.999116e-07,-0.0043328699
4.000116e-07,-0.0043077378
4.001116e-07,-0.0042969669
4.002116e-07,-0.0043055836
4.003116e-07,-0.0043314338
4.004116e-07,-0.0043673369
4.005116e-07,-0.0044003676
4.006116e-07,-0.0044226275
4.007116e-07,-0.0044312443
4.008116e-07,-0.0044290901
4.009116e-07,-0.0044233456
4.010116e-07,-0.0044197553
4.011116e-07,-0.0044219095
4.012116e-07,-0.004428372
4.013116e-07,-0.0044348346
4.014116e-07,-0.0044377068
4.015116e-07,-0.0044377068
4.016116e-07,-0.0044348346
4.017116e-07,-0.0044348346
4.018116e-07,-0.0044391429
4.019116e-07,-0.0044484777
4.020116e-07,-0.0044592486
4.021116e-07,-0.0044693015
4.022116e-07,-0.0044764821
4.023116e-07,-0.0044807904
4.024116e-07,-0.0044850988
4.025116e-07,-0.0044922794
4.026116e-07,-0.0045030503
4.027116e-07,-0.0045152574
4.028116e-07,-0.0045245921
4.029116e-07,-0.0045267463
4.030116e-07,-0.0045195657
4.031116e-07,-0.0045037684
4.032116e-07,-0.0044858169
4.033116e-07,-0.0044693015
4.034116e-07,-0.0044585306
4.035116e-07,-0.0044549403
4.036116e-07,-0.0044556583
4.037116e-07,-0.0044578125
4.038116e-07,-0.0044599667
4.039116e-07,-0.0044606847
4.040116e-07,-0.0044599667
4.041116e-07,-0.0044578125
4.042116e-07,-0.0044527861
4.043116e-07,-0.0044434513
4.044116e-07,-0.004428372
4.045116e-07,-0.0044118566
4.046116e-07,-0.0043982135
4.047116e-07,-0.0043946232
4.048116e-07,-0.0044068302
4.049116e-07,-0.0044348346
4.050116e-07,-0.0044728918
4.051116e-07,-0.004510949
4.052116e-07,-0.0045389534
4.053116e-07,-0.0045497243
4.054116e-07,-0.0045454159
4.055116e-07,-0.0045332089
4.056116e-07,-0.0045245921
4.057116e-07,-0.0045267463
4.058116e-07,-0.0045418256
4.059116e-07,-0.0045640855
4.060116e-07,-0.0045849092
4.061116e-07,-0.0045956801
4.062116e-07,-0.004594244
4.063116e-07,-0.0045834731
4.064116e-07,-0.004570548
4.065116e-07,-0.0045612132
4.066116e-07,-0.0045576229
4.067116e-07,-0.0045576229
4.068116e-07,-0.0045561868
4.069116e-07,-0.0045497243
4.070116e-07,-0.0045403895
4.071116e-07,-0.004534645
4.072116e-07,-0.0045396714
4.073116e-07,-0.0045612132
4.074116e-07,-0.0045956801
4.075116e-07,-0.0046344554
4.076116e-07,-0.004664614
4.077116e-07,-0.0046761029
4.078116e-07,-0.0046674862
4.079116e-07,-0.0046452263
4.080116e-07,-0.0046208123
4.081116e-07,-0.0046071691
4.082116e-07,-0.0046093233
4.083116e-07,-0.0046251206
4.084116e-07,-0.0046459444
4.085116e-07,-0.004664614
4.086116e-07,-0.0046753849
4.087116e-07,-0.0046789752
4.088116e-07,-0.0046818474
4.089116e-07,-0.0046875919
4.090116e-07,-0.0046976448
4.091116e-07,-0.0047076976
4.092116e-07,-0.0047098518
4.093116e-07,-0.0046990809
4.094116e-07,-0.0046761029
4.095116e-07,-0.0046488166
4.096116e-07,-0.0046272748
4.097116e-07,-0.0046186581
4.098116e-07,-0.0046251206
4.099116e-07,-0.0046401999
4.100116e-07,-0.0046524069
4.101116e-07,-0.004653125
4.102116e-07,-0.0046401999
4.103116e-07,-0.0046200942
4.104116e-07,-0.0046021427
4.105116e-07,-0.0045956801
4.106116e-07,-0.0046028608
4.107116e-07,-0.0046165039
4.108116e-07,-0.0046251206
4.109116e-07,-0.0046186581
4.110116e-07,-0.004594244
4.111116e-07,-0.004558341
4.112116e-07,-0.0045238741
4.113116e-07,-0.0045037684
4.114116e-07,-0.0045037684
4.115116e-07,-0.0045195657
4.116116e-07,-0.0045389534
4.117116e-07,-0.0045497243
4.118116e-07,-0.0045439798
4.119116e-07,-0.0045245921
4.120116e-07,-0.00449946
4.121116e-07,-0.0044807904
4.122116e-07,-0.004475046
4.123116e-07,-0.0044800724
4.124116e-07,-0.0044894072
4.125116e-07,-0.0044922794
4.126116e-07,-0.0044829446
4.127116e-07,-0.0044628389
4.128116e-07,-0.004440579
4.129116e-07,-0.0044233456
4.130116e-07,-0.0044176011
4.131116e-07,-0.0044204733
4.132116e-07,-0.0044254998
4.133116e-07,-0.0044233456
4.134116e-07,-0.0044104205
4.135116e-07,-0.0043888787
4.136116e-07,-0.0043673369
4.137116e-07,-0.0043544118
4.138116e-07,-0.0043551298
4.139116e-07,-0.0043673369
4.140116e-07,-0.0043816981
4.141116e-07,-0.0043888787
4.142116e-07,-0.0043831342
4.143116e-07,-0.0043666188
4.144116e-07,-0.004345795
4.145116e-07,-0.0043314338
4.146116e-07,-0.0043278435
4.147116e-07,-0.0043350241
4.148116e-07,-0.0043465131
4.149116e-07,-0.0043544118
4.150116e-07,-0.0043536937
4.151116e-07,-0.004345077
4.152116e-07,-0.0043357422
4.153116e-07,-0.0043314338
4.154116e-07,-0.0043371783
4.155116e-07,-0.0043522576
4.156116e-07,-0.0043716452
4.157116e-07,-0.0043888787
4.158116e-07,-0.0043996496
4.159116e-07,-0.0044053941
4.160116e-07,-0.0044082663
4.161116e-07,-0.0044118566
4.162116e-07,-0.004416165
4.163116e-07,-0.0044176011
4.164116e-07,-0.0044125747
4.165116e-07,-0.0044003676
4.166116e-07,-0.0043838523
4.167116e-07,-0.0043716452
4.168116e-07,-0.0043716452
4.169116e-07,-0.0043888787
4.170116e-07,-0.0044190372
4.171116e-07,-0.004452068
4.172116e-07,-0.004475764
4.173116e-07,-0.0044807904
4.174116e-07,-0.0044693015
4.175116e-07,-0.0044506319
4.176116e-07,-0.004439861
4.177116e-07,-0.0044463235
4.178116e-07,-0.0044728918
4.179116e-07,-0.0045102309
4.180116e-07,-0.0045439798
4.181116e-07,-0.0045612132
4.182116e-07,-0.004558341
4.183116e-07,-0.0045425437
4.184116e-07,-0.0045274644
4.185116e-07,-0.0045267463
4.186116e-07,-0.004546134
4.187116e-07,-0.0045806009
4.188116e-07,-0.004617222
4.189116e-07,-0.004641636
4.190116e-07,-0.0046445083
4.191116e-07,-0.0046272748
4.192116e-07,-0.0045992705
4.193116e-07,-0.0045727022
4.194116e-07,-0.0045569049
4.195116e-07,-0.0045518784
4.196116e-07,-0.0045518784
4.197116e-07,-0.0045497243
4.198116e-07,-0.0045403895
4.199116e-07,-0.0045253102
4.200116e-07,-0.004510949
4.201116e-07,-0.0045037684
4.202116e-07,-0.0045066406
4.203116e-07,-0.0045152574
4.204116e-07,-0.0045202838
4.205116e-07,-0.0045152574
4.206116e-07,-0.0044973058
4.207116e-07,-0.0044728918
4.208116e-07,-0.0044527861
4.209116e-07,-0.0044463235
4.210116e-07,-0.0044578125
4.211116e-07,-0.0044829446
4.212116e-07,-0.0045095129
4.213116e-07,-0.0045267463
4.214116e-07,-0.0045281824
4.215116e-07,-0.0045159754
4.216116e-07,-0.0045008961
4.217116e-07,-0.0044922794
4.218116e-07,-0.0044973058
4.219116e-07,-0.0045138212
4.220116e-07,-0.0045339269
4.221116e-07,-0.0045497243
4.222116e-07,-0.0045554687
4.223116e-07,-0.0045518784
4.224116e-07,-0.0045475701
4.225116e-07,-0.0045497243
4.226116e-07,-0.0045626494
4.227116e-07,-0.0045827551
4.228116e-07,-0.0046042969
4.229116e-07,-0.0046186581
4.230116e-07,-0.0046236845
4.231116e-07,-0.0046222484
4.232116e-07,-0.0046222484
4.233116e-07,-0.0046301471
4.234116e-07,-0.0046480986
4.235116e-07,-0.0046717946
4.236116e-07,-0.0046911822
4.237116e-07,-0.0046990809
4.238116e-07,-0.0046919003
4.239116e-07,-0.0046753849
4.240116e-07,-0.0046595875
4.241116e-07,-0.004653125
4.242116e-07,-0.0046595875
4.243116e-07,-0.0046753849
4.244116e-07,-0.0046911822
4.245116e-07,-0.0046990809
4.246116e-07,-0.0046969267
4.247116e-07,-0.0046904642
4.248116e-07,-0.00468831
4.249116e-07,-0.0046990809
4.250116e-07,-0.004724213
4.251116e-07,-0.0047565257
4.252116e-07,-0.0047823759
4.253116e-07,-0.0047909926
4.254116e-07,-0.0047773495
4.255116e-07,-0.0047471909
4.256116e-07,-0.004712724
4.257116e-07,-0.0046875919
4.258116e-07,-0.0046804113
4.259116e-07,-0.0046897461
4.260116e-07,-0.0047076976
4.261116e-07,-0.0047220588
4.262116e-07,-0.0047270852
4.263116e-07,-0.0047220588
4.264116e-07,-0.0047134421
4.265116e-07,-0.0047105699
4.266116e-07,-0.0047163143
4.267116e-07,-0.0047292394
4.268116e-07,-0.0047414465
4.269116e-07,-0.0047450368
4.270116e-07,-0.004735702
4.271116e-07,-0.0047155963
4.272116e-07,-0.0046933364
4.273116e-07,-0.0046761029
4.274116e-07,-0.0046689223
4.275116e-07,-0.0046696404
4.276116e-07,-0.0046703585
4.277116e-07,-0.004664614
4.278116e-07,-0.0046502528
4.279116e-07,-0.0046301471
4.280116e-07,-0.0046136317
4.281116e-07,-0.0046071691
4.282116e-07,-0.0046143497
4.283116e-07,-0.0046301471
4.284116e-07,-0.0046459444
4.285116e-07,-0.004653125
4.286116e-07,-0.0046488166
4.287116e-07,-0.0046358915
4.288116e-07,-0.0046236845
4.289116e-07,-0.0046186581
4.290116e-07,-0.0046244026
4.291116e-07,-0.0046373277
4.292116e-07,-0.0046488166
4.293116e-07,-0.004653125
4.294116e-07,-0.0046480986
4.295116e-07,-0.0046394818
4.296116e-07,-0.0046344554
4.297116e-07,-0.004641636
4.298116e-07,-0.0046603056
4.299116e-07,-0.0046854377
4.300116e-07,-0.0047048254
4.301116e-07,-0.0047105699
4.302116e-07,-0.0047019531
4.303116e-07,-0.0046861558
4.304116e-07,-0.0046739488
4.305116e-07,-0.0046761029
4.306116e-07,-0.0046940545
4.307116e-07,-0.0047199046
4.308116e-07,-0.0047414465
4.309116e-07,-0.0047450368
4.310116e-07,-0.0047278033
4.311116e-07,-0.0046954906
4.312116e-07,-0.0046617417
4.313116e-07,-0.004641636
4.314116e-07,-0.004641636
4.315116e-07,-0.0046595875
4.316116e-07,-0.0046832835
4.317116e-07,-0.0046990809
4.318116e-07,-0.0046983628
4.319116e-07,-0.0046825655
4.320116e-07,-0.0046595875
4.321116e-07,-0.004641636
4.322116e-07,-0.0046358915
4.323116e-07,-0.0046437902
4.324116e-07,-0.0046559972
4.325116e-07,-0.004664614
4.326116e-07,-0.0046617417
4.327116e-07,-0.0046488166
4.328116e-07,-0.0046308651
4.329116e-07,-0.0046186581
4.330116e-07,-0.004617222
4.331116e-07,-0.0046265568
4.332116e-07,-0.004641636
4.333116e-07,-0.004653125
4.334116e-07,-0.0046567153
4.335116e-07,-0.0046524069
4.336116e-07,-0.0046452263
4.337116e-07,-0.004641636
4.338116e-07,-0.0046459444
4.339116e-07,-0.0046567153
4.340116e-07,-0.0046682043
4.341116e-07,-0.0046761029
4.342116e-07,-0.0046782571
4.343116e-07,-0.0046782571
4.344116e-07,-0.0046825655
4.345116e-07,-0.0046990809
4.346116e-07,-0.0047278033
4.347116e-07,-0.0047651425
4.348116e-07,-0.0048003274
4.349116e-07,-0.0048254596
4.350116e-07,-0.0048369485
4.351116e-07,-0.0048369485
4.352116e-07,-0.0048340763
4.353116e-07,-0.0048369485
4.354116e-07,-0.0048498736
4.355116e-07,-0.0048721335
4.356116e-07,-0.0048965476
4.357116e-07,-0.0049173713
4.358116e-07,-0.0049317325
4.359116e-07,-0.0049425034
4.360116e-07,-0.0049554285
4.361116e-07,-0.0049748162
4.362116e-07,-0.0050013844
4.363116e-07,-0.0050293888
4.364116e-07,-0.0050494945
4.365116e-07,-0.005055239
4.366116e-07,-0.0050466222
4.367116e-07,-0.0050301068
4.368116e-07,-0.0050186179
4.369116e-07,-0.0050207721
4.370116e-07,-0.0050401597
4.371116e-07,-0.0050717544
4.372116e-07,-0.005103349
4.373116e-07,-0.0051241728
4.374116e-07,-0.0051284812
4.375116e-07,-0.0051191464
4.376116e-07,-0.0051062213
4.377116e-07,-0.0051011949
4.378116e-07,-0.0051090935
4.379116e-07,-0.0051284812
4.380116e-07,-0.0051485869
4.381116e-07,-0.0051586397
4.382116e-07,-0.0051528952
4.383116e-07,-0.0051327895
4.384116e-07,-0.0051076574
4.385116e-07,-0.0050897059
4.386116e-07,-0.0050875517
4.387116e-07,-0.0051011949
4.388116e-07,-0.0051248909
4.389116e-07,-0.0051471507
4.390116e-07,-0.0051593578
4.391116e-07,-0.0051586397
4.392116e-07,-0.0051485869
4.393116e-07,-0.0051356618
4.394116e-07,-0.0051284812
4.395116e-07,-0.0051291992
4.396116e-07,-0.0051370979
4.397116e-07,-0.0051471507
4.398116e-07,-0.0051550494
4.399116e-07,-0.0051579216
4.400116e-07,-0.0051586397
4.401116e-07,-0.0051586397
4.402116e-07,-0.0051600758
4.403116e-07,-0.0051629481
4.404116e-07,-0.0051629481
4.405116e-07,-0.0051586397
4.406116e-07,-0.005150023
4.407116e-07,-0.0051399701
4.408116e-07,-0.0051335076
4.409116e-07,-0.0051356618
4.410116e-07,-0.0051464327
4.411116e-07,-0.00516223
4.412116e-07,-0.0051758732
4.413116e-07,-0.0051816176
4.414116e-07,-0.0051758732
4.415116e-07,-0.0051629481
4.416116e-07,-0.0051471507
4.417116e-07,-0.0051356618
4.418116e-07,-0.0051306353
4.419116e-07,-0.0051306353
4.420116e-07,-0.0051299173
4.421116e-07,-0.0051241728
4.422116e-07,-0.0051119658
4.423116e-07,-0.0050976045
4.424116e-07,-0.0050875517
4.425116e-07,-0.0050897059
4.426116e-07,-0.0051047852
4.427116e-07,-0.005127045
4.428116e-07,-0.0051485869
4.429116e-07,-0.0051586397
4.430116e-07,-0.0051521772
4.431116e-07,-0.0051306353
4.432116e-07,-0.005102631
4.433116e-07,-0.0050782169
4.434116e-07,-0.0050645738
4.435116e-07,-0.0050638557
4.436116e-07,-0.0050710363
4.437116e-07,-0.0050782169
4.438116e-07,-0.005079653
4.439116e-07,-0.0050739085
4.440116e-07,-0.0050631376
4.441116e-07,-0.005055239
4.442116e-07,-0.0050545209
4.443116e-07,-0.0050609835
4.444116e-07,-0.0050710363
4.445116e-07,-0.0050782169
4.446116e-07,-0.0050753447
4.447116e-07,-0.0050602654
4.448116e-07,-0.0050358513
4.449116e-07,-0.0050092831
4.450116e-07,-0.0049870232
4.451116e-07,-0.0049740981
4.452116e-07,-0.0049712259
4.453116e-07,-0.0049748162
4.454116e-07,-0.0049798426
4.455116e-07,-0.0049827148
4.456116e-07,-0.0049805607
4.457116e-07,-0.0049748162
4.458116e-07,-0.0049669175
4.459116e-07,-0.0049597369
4.460116e-07,-0.0049547105
4.461116e-07,-0.0049518382
4.462116e-07,-0.0049511202
4.463116e-07,-0.0049518382
4.464116e-07,-0.0049525563
4.465116e-07,-0.0049518382
4.466116e-07,-0.0049482479
4.467116e-07,-0.0049410673
4.468116e-07,-0.0049302964
4.469116e-07,-0.0049173713
4.470116e-07,-0.0049066004
4.471116e-07,-0.004901574
4.472116e-07,-0.0049051643
4.473116e-07,-0.0049173713
4.474116e-07,-0.0049346048
4.475116e-07,-0.0049511202
4.476116e-07,-0.0049618911
4.477116e-07,-0.0049633272
4.478116e-07,-0.0049575827
4.479116e-07,-0.0049482479
4.480116e-07,-0.0049417854
4.481116e-07,-0.0049403493
4.482116e-07,-0.0049439396
4.483116e-07,-0.0049475299
4.484116e-07,-0.0049475299
4.485116e-07,-0.0049403493
4.486116e-07,-0.0049281422
4.487116e-07,-0.0049159352
4.488116e-07,-0.0049116268
4.489116e-07,-0.0049173713
4.490116e-07,-0.0049331687
4.491116e-07,-0.0049518382
4.492116e-07,-0.0049647633
4.493116e-07,-0.0049633272
4.494116e-07,-0.0049460937
4.495116e-07,-0.0049173713
4.496116e-07,-0.0048857767
4.497116e-07,-0.0048599265
4.498116e-07,-0.0048448472
4.499116e-07,-0.0048398208
4.500116e-07,-0.0048398208
4.501116e-07,-0.0048369485
4.502116e-07,-0.0048268957
4.503116e-07,-0.0048089442
4.504116e-07,-0.0047881204
4.505116e-07,-0.0047680147
4.506116e-07,-0.0047536535
4.507116e-07,-0.0047457548
4.508116e-07,-0.0047407284
4.509116e-07,-0.0047335478
4.510116e-07,-0.0047206227
4.511116e-07,-0.004700517
4.512116e-07,-0.004676821
4.513116e-07,-0.004653125
4.514116e-07,-0.0046323012
4.515116e-07,-0.0046165039
4.516116e-07,-0.0046050149
4.517116e-07,-0.0045956801
4.518116e-07,-0.0045884995
4.519116e-07,-0.0045834731
4.520116e-07,-0.004582037
4.521116e-07,-0.0045841912
4.522116e-07,-0.0045884995
4.523116e-07,-0.0045913718
4.524116e-07,-0.0045863454
4.525116e-07,-0.0045727022
4.526116e-07,-0.0045504423
4.527116e-07,-0.0045245921
4.528116e-07,-0.0045030503
4.529116e-07,-0.0044922794
4.530116e-07,-0.0044944336
4.531116e-07,-0.0045066406
4.532116e-07,-0.0045238741
4.533116e-07,-0.0045382353
4.534116e-07,-0.0045454159
4.535116e-07,-0.0045454159
4.536116e-07,-0.0045418256
4.537116e-07,-0.0045382353
4.538116e-07,-0.0045382353
4.539116e-07,-0.0045418256
4.540116e-07,-0.004546852
4.541116e-07,-0.0045497243
4.542116e-07,-0.0045490062
4.543116e-07,-0.0045454159
4.544116e-07,-0.0045403895
4.545116e-07,-0.0045382353
4.546116e-07,-0.0045389534
4.547116e-07,-0.0045403895
4.548116e-07,-0.0045411075
4.549116e-07,-0.0045382353
4.550116e-07,-0.0045332089
4.551116e-07,-0.0045289005
4.552116e-07,-0.0045296186
4.553116e-07,-0.0045382353
4.554116e-07,-0.0045540326
4.555116e-07,-0.0045727022
4.556116e-07,-0.0045884995
4.557116e-07,-0.0045956801
4.558116e-07,-0.004594244
4.559116e-07,-0.0045870634
4.560116e-07,-0.004582037
4.561116e-07,-0.0045841912
4.562116e-07,-0.0045956801
4.563116e-07,-0.0046136317
4.564116e-07,-0.0046308651
4.565116e-07,-0.004641636
4.566116e-07,-0.0046423541
4.567116e-07,-0.0046344554
4.568116e-07,-0.0046236845
4.569116e-07,-0.0046186581
4.570116e-07,-0.0046229665
4.571116e-07,-0.0046373277
4.572116e-07,-0.0046567153
4.573116e-07,-0.0046761029
4.574116e-07,-0.0046904642
4.575116e-07,-0.0046969267
4.576116e-07,-0.0046990809
4.577116e-07,-0.0046990809
4.578116e-07,-0.0047012351
4.579116e-07,-0.0047062615
4.580116e-07,-0.0047141602
4.581116e-07,-0.0047220588
4.582116e-07,-0.0047285214
4.583116e-07,-0.0047342659
4.584116e-07,-0.0047392923
4.585116e-07,-0.0047450368
4.586116e-07,-0.0047507813
4.587116e-07,-0.0047558077
4.588116e-07,-0.0047579619
4.589116e-07,-0.0047565257
4.590116e-07,-0.0047529354
4.591116e-07,-0.0047500632
4.592116e-07,-0.0047507813
4.593116e-07,-0.0047565257
4.594116e-07,-0.0047651425
4.595116e-07,-0.0047723231
4.596116e-07,-0.0047730411
4.597116e-07,-0.0047680147
4.598116e-07,-0.0047586799
4.599116e-07,-0.0047522174
4.600116e-07,-0.0047543716
4.601116e-07,-0.0047680147
4.602116e-07,-0.0047895565
4.603116e-07,-0.0048118164
4.604116e-07,-0.0048254596
4.605116e-07,-0.0048254596
4.606116e-07,-0.0048118164
4.607116e-07,-0.0047917107
4.608116e-07,-0.0047744773
4.609116e-07,-0.0047680147
4.610116e-07,-0.0047737592
4.611116e-07,-0.0047859662
4.612116e-07,-0.0047981733
4.613116e-07,-0.0048024816
4.614116e-07,-0.0047967371
4.615116e-07,-0.0047859662
4.616116e-07,-0.0047780676
4.617116e-07,-0.0047795037
4.618116e-07,-0.0047924288
4.619116e-07,-0.0048118164
4.620116e-07,-0.0048297679
4.621116e-07,-0.0048369485
4.622116e-07,-0.004830486
4.623116e-07,-0.0048125345
4.624116e-07,-0.0047931468
4.625116e-07,-0.0047795037
4.626116e-07,-0.0047773495
4.627116e-07,-0.0047845301
4.628116e-07,-0.004795301
4.629116e-07,-0.0048024816
4.630116e-07,-0.0048010455
