LECROYHDO6104B,11090,Waveform
Segments,1,SegmentSize,5002
Segment,TrigTime,TimeSinceSegment1
#1,04-May-2026 18:33:20,0                 
Time,Ampl
-3.702628e-08,-0.0038682847
-3.692628e-08,-0.0038654125
-3.682628e-08,-0.003871875
-3.672628e-08,-0.0038912626
-3.662628e-08,-0.003919267
-3.652628e-08,-0.0039472714
-3.642628e-08,-0.0039637868
-3.632628e-08,-0.0039630687
-3.622628e-08,-0.0039451172
-3.612628e-08,-0.0039185489
-3.602628e-08,-0.0038948529
-3.592628e-08,-0.003883364
-3.582628e-08,-0.0038876723
-3.572628e-08,-0.0039056239
-3.562628e-08,-0.0039293199
-3.552628e-08,-0.0039530159
-3.542628e-08,-0.0039716854
-3.532628e-08,-0.0039860466
-3.522628e-08,-0.0039982537
-3.512628e-08,-0.0040083065
-3.502628e-08,-0.0040162052
-3.492628e-08,-0.0040176413
-3.482628e-08,-0.0040097426
-3.472628e-08,-0.0039932273
-3.462628e-08,-0.0039716854
-3.452628e-08,-0.0039515797
-3.442628e-08,-0.0039408088
-3.432628e-08,-0.0039415269
-3.422628e-08,-0.0039522978
-3.412628e-08,-0.0039659409
-3.402628e-08,-0.0039752757
-3.392628e-08,-0.0039759938
-3.382628e-08,-0.0039673771
-3.372628e-08,-0.0039537339
-3.362628e-08,-0.0039408088
-3.352628e-08,-0.003931474
-3.342628e-08,-0.0039271657
-3.332628e-08,-0.0039235754
-3.322628e-08,-0.0039178309
-3.312628e-08,-0.0039084961
-3.302628e-08,-0.0038962891
-3.292628e-08,-0.0038869543
-3.282628e-08,-0.003883364
-3.272628e-08,-0.0038876723
-3.262628e-08,-0.0038962891
-3.252628e-08,-0.0039041877
-3.242628e-08,-0.0039063419
-3.232628e-08,-0.0038998794
-3.222628e-08,-0.0038883904
-3.212628e-08,-0.0038769014
-3.202628e-08,-0.003871875
-3.192628e-08,-0.0038754653
-3.182628e-08,-0.0038862362
-3.172628e-08,-0.0038984432
-3.162628e-08,-0.0039063419
-3.152628e-08,-0.00390706
-3.142628e-08,-0.0039034697
-3.132628e-08,-0.0039013155
-3.122628e-08,-0.0039063419
-3.112628e-08,-0.0039221392
-3.102628e-08,-0.0039451172
-3.092628e-08,-0.0039695312
-3.082628e-08,-0.0039867647
-3.072628e-08,-0.003990355
-3.062628e-08,-0.0039795841
-3.052628e-08,-0.0039601965
-3.042628e-08,-0.0039408088
-3.032628e-08,-0.0039286018
-3.022628e-08,-0.0039271657
-3.012628e-08,-0.0039365005
-3.002628e-08,-0.0039522978
-2.992628e-08,-0.0039695312
-2.982628e-08,-0.0039831744
-2.972628e-08,-0.0039925092
-2.962628e-08,-0.0039982537
-2.952628e-08,-0.0040011259
-2.942628e-08,-0.004001844
-2.932628e-08,-0.0040011259
-2.922628e-08,-0.0039982537
-2.912628e-08,-0.0039939453
-2.902628e-08,-0.0039896369
-2.892628e-08,-0.0039874828
-2.882628e-08,-0.0039867647
-2.872628e-08,-0.0039882008
-2.862628e-08,-0.0039896369
-2.852628e-08,-0.0039889189
-2.842628e-08,-0.0039867647
-2.832628e-08,-0.0039838925
-2.822628e-08,-0.0039824563
-2.812628e-08,-0.0039838925
-2.802628e-08,-0.0039867647
-2.792628e-08,-0.0039874828
-2.782628e-08,-0.0039817383
-2.772628e-08,-0.0039652229
-2.762628e-08,-0.0039408088
-2.752628e-08,-0.0039142406
-2.742628e-08,-0.0038948529
-2.732628e-08,-0.0038912626
-2.722628e-08,-0.0039063419
-2.712628e-08,-0.0039357824
-2.702628e-08,-0.0039680951
-2.692628e-08,-0.0039917911
-2.682628e-08,-0.0039982537
-2.672628e-08,-0.0039874828
-2.662628e-08,-0.0039652229
-2.652628e-08,-0.003942963
-2.642628e-08,-0.0039293199
-2.632628e-08,-0.0039271657
-2.622628e-08,-0.0039336282
-2.612628e-08,-0.0039400908
-2.602628e-08,-0.0039408088
-2.592628e-08,-0.0039343463
-2.582628e-08,-0.0039257295
-2.572628e-08,-0.0039221392
-2.562628e-08,-0.0039293199
-2.552628e-08,-0.0039479894
-2.542628e-08,-0.0039716854
-2.532628e-08,-0.0039910731
-2.522628e-08,-0.0039982537
-2.512628e-08,-0.003990355
-2.502628e-08,-0.0039724035
-2.492628e-08,-0.0039530159
-2.482628e-08,-0.0039408088
-2.472628e-08,-0.0039400908
-2.462628e-08,-0.0039494256
-2.452628e-08,-0.0039630687
-2.442628e-08,-0.0039752757
-2.432628e-08,-0.0039838925
-2.422628e-08,-0.0039917911
-2.412628e-08,-0.0040032801
-2.402628e-08,-0.0040212316
-2.392628e-08,-0.0040420554
-2.382628e-08,-0.0040585708
-2.372628e-08,-0.004060725
-2.362628e-08,-0.0040442096
-2.352628e-08,-0.0040118968
-2.342628e-08,-0.0039738396
-2.332628e-08,-0.0039465533
-2.322628e-08,-0.0039408088
-2.312628e-08,-0.0039594784
-2.302628e-08,-0.0039960995
-2.292628e-08,-0.004037029
-2.282628e-08,-0.0040671875
-2.272628e-08,-0.0040793945
-2.262628e-08,-0.0040743681
-2.252628e-08,-0.0040592888
-2.242628e-08,-0.0040442096
-2.232628e-08,-0.0040348748
-2.222628e-08,-0.0040305664
-2.212628e-08,-0.0040276942
-2.202628e-08,-0.0040212316
-2.192628e-08,-0.0040097426
-2.182628e-08,-0.0039975356
-2.172628e-08,-0.0039925092
-2.162628e-08,-0.0039982537
-2.152628e-08,-0.0040154871
-2.142628e-08,-0.0040384651
-2.132628e-08,-0.0040578527
-2.122628e-08,-0.0040671875
-2.112628e-08,-0.0040664694
-2.102628e-08,-0.004061443
-2.092628e-08,-0.0040600069
-2.082628e-08,-0.0040671875
-2.072628e-08,-0.0040815487
-2.062628e-08,-0.0040959099
-2.052628e-08,-0.0041002183
-2.042628e-08,-0.0040901654
-2.032628e-08,-0.0040700597
-2.022628e-08,-0.0040513902
-2.012628e-08,-0.0040477999
-2.002628e-08,-0.0040671875
-1.992628e-08,-0.0041059628
-1.982628e-08,-0.0041512006
-1.972628e-08,-0.0041842314
-1.962628e-08,-0.0041935662
-1.952628e-08,-0.0041784869
-1.942628e-08,-0.0041504825
-1.932628e-08,-0.0041275046
-1.922628e-08,-0.0041246324
-1.912628e-08,-0.0041447381
-1.902628e-08,-0.0041770508
-1.892628e-08,-0.0042057732
-1.882628e-08,-0.0042165441
-1.872628e-08,-0.0042050551
-1.862628e-08,-0.0041806411
-1.852628e-08,-0.0041598173
-1.842628e-08,-0.0041590993
-1.832628e-08,-0.0041820772
-1.822628e-08,-0.0042208525
-1.812628e-08,-0.0042567555
-1.802628e-08,-0.004273989
-1.792628e-08,-0.0042646542
-1.782628e-08,-0.0042366498
-1.772628e-08,-0.0042072093
-1.762628e-08,-0.0041935662
-1.752628e-08,-0.0042057732
-1.742628e-08,-0.0042395221
-1.732628e-08,-0.0042797335
-1.722628e-08,-0.0043084559
-1.712628e-08,-0.0043149184
-1.702628e-08,-0.0043012753
-1.692628e-08,-0.0042790154
-1.682628e-08,-0.0042625
-1.672628e-08,-0.0042610639
-1.662628e-08,-0.0042725528
-1.652628e-08,-0.0042890682
-1.642628e-08,-0.0042969669
-1.632628e-08,-0.0042912224
-1.622628e-08,-0.004273989
-1.612628e-08,-0.0042567555
-1.602628e-08,-0.004251011
-1.592628e-08,-0.0042625
-1.582628e-08,-0.0042876321
-1.572628e-08,-0.0043149184
-1.562628e-08,-0.0043314338
-1.552628e-08,-0.0043321519
-1.542628e-08,-0.0043192268
-1.532628e-08,-0.0043041475
-1.522628e-08,-0.0042969669
-1.512628e-08,-0.0043019933
-1.502628e-08,-0.0043142004
-1.492628e-08,-0.0043235352
-1.482628e-08,-0.0043199449
-1.472628e-08,-0.0043012753
-1.462628e-08,-0.0042761432
-1.452628e-08,-0.0042589097
-1.442628e-08,-0.0042625
-1.432628e-08,-0.0042905044
-1.422628e-08,-0.0043343061
-1.412628e-08,-0.0043766716
-1.402628e-08,-0.0044003676
-1.392628e-08,-0.0043960593
-1.382628e-08,-0.004369491
-1.372628e-08,-0.0043343061
-1.362628e-08,-0.0043084559
-1.352628e-08,-0.0043041475
-1.342628e-08,-0.004321381
-1.332628e-08,-0.0043508215
-1.322628e-08,-0.0043773897
-1.312628e-08,-0.004392469
-1.302628e-08,-0.0043946232
-1.292628e-08,-0.0043903148
-1.282628e-08,-0.0043888787
-1.272628e-08,-0.0043953412
-1.262628e-08,-0.0044075483
-1.252628e-08,-0.004416165
-1.242628e-08,-0.0044118566
-1.232628e-08,-0.0043917509
-1.222628e-08,-0.0043615924
-1.212628e-08,-0.004333588
-1.202628e-08,-0.0043199449
-1.192628e-08,-0.0043271255
-1.182628e-08,-0.0043522576
-1.172628e-08,-0.0043845703
-1.162628e-08,-0.0044118566
-1.152628e-08,-0.0044262178
-1.142628e-08,-0.0044298081
-1.132628e-08,-0.0044298081
-1.122628e-08,-0.0044348346
-1.112628e-08,-0.0044484777
-1.102628e-08,-0.0044664292
-1.092628e-08,-0.0044800724
-1.082628e-08,-0.0044807904
-1.072628e-08,-0.0044657112
-1.062628e-08,-0.0044412971
-1.052628e-08,-0.0044197553
-1.042628e-08,-0.0044118566
-1.032628e-08,-0.0044226275
-1.022628e-08,-0.0044470416
-1.012628e-08,-0.0044743279
-1.002628e-08,-0.0044922794
-9.92628e-09,-0.0044965878
-9.82628e-09,-0.0044915614
-9.72628e-09,-0.0044865349
-9.62628e-09,-0.0044922794
-9.52628e-09,-0.004511667
-9.42628e-09,-0.0045389534
-9.32628e-09,-0.0045633674
-9.22628e-09,-0.0045727022
-9.12628e-09,-0.0045648035
-9.02628e-09,-0.0045454159
-8.92628e-09,-0.0045281824
-8.82628e-09,-0.0045267463
-8.72628e-09,-0.004546134
-8.62628e-09,-0.0045806009
-8.52628e-09,-0.004617222
-8.42628e-09,-0.004641636
-8.32628e-09,-0.0046459444
-8.22628e-09,-0.0046315832
-8.12628e-09,-0.0046107594
-8.02628e-09,-0.0045956801
-7.92628e-09,-0.0045956801
-7.82628e-09,-0.0046107594
-7.72628e-09,-0.0046330193
-7.62628e-09,-0.004653125
-7.52628e-09,-0.0046638959
-7.42628e-09,-0.0046674862
-7.32628e-09,-0.0046689223
-7.22628e-09,-0.0046761029
-7.12628e-09,-0.0046926183
-7.02628e-09,-0.0047148782
-6.92628e-09,-0.0047349839
-6.82628e-09,-0.0047450368
-6.72628e-09,-0.0047421645
-6.62628e-09,-0.0047306756
-6.52628e-09,-0.0047213408
-6.42628e-09,-0.0047220588
-6.32628e-09,-0.004735702
-6.22628e-09,-0.0047565257
-6.12628e-09,-0.0047744773
-6.02628e-09,-0.0047795037
-5.92628e-09,-0.0047694508
-5.82628e-09,-0.0047507813
-5.72628e-09,-0.0047349839
-5.62628e-09,-0.0047335478
-5.52628e-09,-0.0047500632
-5.42628e-09,-0.0047780676
-5.32628e-09,-0.0048039177
-5.22628e-09,-0.0048139706
-5.12628e-09,-0.0048024816
-5.02628e-09,-0.0047744773
-4.92628e-09,-0.0047428826
-4.82628e-09,-0.0047220588
-4.72628e-09,-0.0047206227
-4.62628e-09,-0.004735702
-4.52628e-09,-0.0047565257
-4.42628e-09,-0.0047680147
-4.32628e-09,-0.004760116
-4.22628e-09,-0.0047328297
-4.12628e-09,-0.0046926183
-4.02628e-09,-0.004653125
-3.92628e-09,-0.0046222484
-3.82628e-09,-0.0045999885
-3.72628e-09,-0.0045798828
-3.62628e-09,-0.0045497243
-3.52628e-09,-0.0045016142
-3.42628e-09,-0.0044348346
-3.32628e-09,-0.0043558479
-3.22628e-09,-0.004273989
-3.12628e-09,-0.0041985926
-3.02628e-09,-0.0041296588
-2.92628e-09,-0.0040628791
-2.82628e-09,-0.0039867647
-2.72628e-09,-0.0038934168
-2.62628e-09,-0.0037806813
-2.52628e-09,-0.0036514304
-2.42628e-09,-0.0035157169
-2.32628e-09,-0.0033800034
-2.22628e-09,-0.0032471622
-2.12628e-09,-0.003114321
-2.02628e-09,-0.0029757353
-1.92628e-09,-0.0028249426
-1.82628e-09,-0.0026619428
-1.72628e-09,-0.0024910443
-1.62628e-09,-0.002320864
-1.52628e-09,-0.0021593003
-1.42628e-09,-0.0020099437
-1.32628e-09,-0.0018706399
-1.22628e-09,-0.0017349265
-1.12628e-09,-0.0015956227
-1.02628e-09,-0.0014491383
-9.262799e-10,-0.0012947553
-8.262799e-10,-0.0011375
-7.262799e-10,-0.00098168084
-6.262799e-10,-0.00083160616
-5.262799e-10,-0.00068799403
-4.262799e-10,-0.0005515625
-3.262799e-10,-0.0004201574
-2.262799e-10,-0.00029306066
-1.262799e-10,-0.00017242647
-2.627985e-11,-5.7536765e-05
7.372015e-11,5.0172335e-05
1.737201e-10,0.00015141889
2.737201e-10,0.0002497932
3.737201e-10,0.00034457721
4.737201e-10,0.00043648897
5.737201e-10,0.00052337431
6.737201e-10,0.00060092486
7.737201e-10,0.00066626838
8.737201e-10,0.00071868681
9.737201e-10,0.00076177045
1.07372e-09,0.00079982767
1.17372e-09,0.00083860294
1.27372e-09,0.0008795324
1.37372e-09,0.00092189798
1.47372e-09,0.0009635455
1.57372e-09,0.00099944853
1.67372e-09,0.001028889
1.77372e-09,0.001052585
1.87372e-09,0.0010726907
1.97372e-09,0.0010913603
2.07372e-09,0.0011085937
2.17372e-09,0.001122955
2.27372e-09,0.0011294175
2.37372e-09,0.0011258272
2.47372e-09,0.0011129021
2.57372e-09,0.0010956687
2.67372e-09,0.0010784352
2.77372e-09,0.0010683824
2.87372e-09,0.0010669462
2.97372e-09,0.0010712546
3.07372e-09,0.0010777171
3.17372e-09,0.0010798713
3.27372e-09,0.0010748449
3.37372e-09,0.001064074
3.47372e-09,0.0010489947
3.57372e-09,0.0010339154
3.67372e-09,0.0010209903
3.77372e-09,0.0010109375
3.87372e-09,0.0010001666
3.97372e-09,0.00098795956
4.07372e-09,0.00097359835
4.17372e-09,0.00095923713
4.27372e-09,0.00094774816
4.37372e-09,0.00094200368
4.47372e-09,0.00094128562
4.57372e-09,0.00094487592
4.67372e-09,0.00094918428
4.77372e-09,0.00095349265
4.87372e-09,0.00095780101
4.97372e-09,0.00096426356
5.07372e-09,0.00097431641
5.17372e-09,0.00098795956
5.27372e-09,0.0010001666
5.37372e-09,0.001005193
5.47372e-09,0.00099729435
5.57372e-09,0.00097647059
5.67372e-09,0.00094846622
5.77372e-09,0.00092477022
5.87372e-09,0.00091615349
5.97372e-09,0.00093051471
6.07372e-09,0.00096569968
6.17372e-09,0.0010116556
6.27372e-09,0.0010540211
6.37372e-09,0.0010798713
6.47372e-09,0.0010841797
6.57372e-09,0.0010705365
6.67372e-09,0.0010497128
6.77372e-09,0.0010339154
6.87372e-09,0.0010324793
6.97372e-09,0.0010475586
7.07372e-09,0.0010741268
7.17372e-09,0.0011028493
7.27372e-09,0.0011265453
7.37372e-09,0.0011430607
7.47372e-09,0.0011523955
7.57372e-09,0.0011602941
7.67372e-09,0.0011696289
7.77372e-09,0.0011803998
7.87372e-09,0.0011897346
7.97372e-09,0.001194761
8.07372e-09,0.0011926068
8.17372e-09,0.0011847082
8.27372e-09,0.0011753734
8.37372e-09,0.0011717831
8.47372e-09,0.0011760915
8.57372e-09,0.0011882985
8.67372e-09,0.0012040958
8.77372e-09,0.001217739
8.87372e-09,0.0012249196
8.97372e-09,0.0012256376
9.07372e-09,0.0012220473
9.17372e-09,0.001217739
9.27372e-09,0.0012155848
9.37372e-09,0.0012148667
9.47372e-09,0.0012127125
9.57372e-09,0.00120625
9.67372e-09,0.001194761
9.77372e-09,0.0011796818
9.87372e-09,0.0011660386
9.97372e-09,0.0011602941
1.007372e-08,0.0011638844
1.017372e-08,0.0011760915
1.027372e-08,0.0011926068
1.037372e-08,0.00120625
1.047372e-08,0.0012134306
1.057372e-08,0.0012119945
1.067372e-08,0.0012048139
1.077372e-08,0.001194761
1.087372e-08,0.0011847082
1.097372e-08,0.0011746553
1.107372e-08,0.0011638844
1.117372e-08,0.0011488051
1.127372e-08,0.0011301356
1.137372e-08,0.001111466
1.147372e-08,0.0010963867
1.157372e-08,0.0010913603
1.167372e-08,0.0010978228
1.177372e-08,0.0011136202
1.187372e-08,0.0011337259
1.197372e-08,0.0011488051
1.207372e-08,0.0011545496
1.217372e-08,0.0011480871
1.227372e-08,0.0011330078
1.237372e-08,0.0011143382
1.247372e-08,0.0010971048
1.257372e-08,0.0010834616
1.267372e-08,0.0010748449
1.277372e-08,0.0010683824
1.287372e-08,0.0010619198
1.297372e-08,0.0010547392
1.307372e-08,0.0010482767
1.317372e-08,0.0010454044
1.327372e-08,0.0010475586
1.337372e-08,0.0010547392
1.347372e-08,0.0010633559
1.357372e-08,0.0010683824
1.367372e-08,0.0010662282
1.377372e-08,0.0010540211
1.387372e-08,0.0010346335
1.397372e-08,0.0010109375
1.407372e-08,0.00098867762
1.417372e-08,0.0009707261
1.427372e-08,0.00095923713
1.437372e-08,0.00095349265
1.447372e-08,0.0009506204
1.457372e-08,0.0009470301
1.467372e-08,0.00094128562
1.477372e-08,0.00093051471
1.487372e-08,0.00091543543
1.497372e-08,0.00089604779
1.507372e-08,0.00087306985
1.517372e-08,0.00085009191
1.527372e-08,0.00082855009
1.537372e-08,0.0008120347
1.547372e-08,0.00080413603
1.557372e-08,0.00080413603
1.567372e-08,0.00081275276
1.577372e-08,0.00082567785
1.587372e-08,0.000839321
1.597372e-08,0.00085009191
1.607372e-08,0.00085440028
1.617372e-08,0.00085296415
1.627372e-08,0.00084721967
1.637372e-08,0.00083860294
1.647372e-08,0.00083070427
1.657372e-08,0.00082567785
1.667372e-08,0.00082424173
1.677372e-08,0.00082711397
1.687372e-08,0.00083501264
1.697372e-08,0.00084937385
1.707372e-08,0.00086947955
1.717372e-08,0.00089604779
1.727372e-08,0.00092548828
1.737372e-08,0.00095349265
1.747372e-08,0.00097575253
1.757372e-08,0.00098795956
1.767372e-08,0.00098867762
1.777372e-08,0.00097862477
1.787372e-08,0.00096139131
1.797372e-08,0.00094200368
1.807372e-08,0.00092548828
1.817372e-08,0.00091471737
1.827372e-08,0.00091256319
1.837372e-08,0.00091902574
1.847372e-08,0.00093266889
1.857372e-08,0.0009506204
1.867372e-08,0.0009707261
1.877372e-08,0.00098795956
1.887372e-08,0.00099873047
1.897372e-08,0.0010001666
1.907372e-08,0.00099226792
1.917372e-08,0.00097647059
1.927372e-08,0.00095708295
1.937372e-08,0.00093769531
1.947372e-08,0.00092117992
1.957372e-08,0.00090753676
1.967372e-08,0.00089532973
1.977372e-08,0.00088168658
1.987372e-08,0.00086588925
1.997372e-08,0.00085009191
2.007372e-08,0.000839321
2.017372e-08,0.00083860294
2.027372e-08,0.00085080997
2.037372e-08,0.00087306985
2.047372e-08,0.00089676585
2.057372e-08,0.00091112707
2.067372e-08,0.00090825483
2.077372e-08,0.00088455882
2.087372e-08,0.00084578355
2.097372e-08,0.00080341797
2.107372e-08,0.00077110524
2.117372e-08,0.00075818015
2.127372e-08,0.00076607881
2.137372e-08,0.00078762063
2.147372e-08,0.00081131664
2.157372e-08,0.00082711397
2.167372e-08,0.00082855009
2.177372e-08,0.00081849724
2.187372e-08,0.00080341797
2.197372e-08,0.00079264706
2.207372e-08,0.000791929
2.217372e-08,0.00080126379
2.227372e-08,0.000815625
2.237372e-08,0.00082711397
2.247372e-08,0.00083070427
2.257372e-08,0.00082567785
2.267372e-08,0.00081490694
2.277372e-08,0.00080413603
2.287372e-08,0.00079839154
2.297372e-08,0.00079982767
2.307372e-08,0.00080629021
2.317372e-08,0.000815625
2.327372e-08,0.00082424173
2.337372e-08,0.00083142233
2.347372e-08,0.0008357307
2.357372e-08,0.00083860294
2.367372e-08,0.00083860294
2.377372e-08,0.00083357652
2.387372e-08,0.00082208755
2.397372e-08,0.00080413603
2.407372e-08,0.00078259421
2.417372e-08,0.00076392463
2.427372e-08,0.00075387178
2.437372e-08,0.00075818015
2.447372e-08,0.00077469554
2.457372e-08,0.00079767348
2.467372e-08,0.00081777918
2.477372e-08,0.00082711397
2.487372e-08,0.00082280561
2.497372e-08,0.00080772633
2.507372e-08,0.00078762063
2.517372e-08,0.00076966912
2.527372e-08,0.00075818015
2.537372e-08,0.00075315372
2.547372e-08,0.00075099954
2.557372e-08,0.00074669118
2.567372e-08,0.00073807445
2.577372e-08,0.00072730354
2.587372e-08,0.00071725069
2.597372e-08,0.00071222426
2.607372e-08,0.00071437845
2.617372e-08,0.00072012293
2.627372e-08,0.00072514936
2.637372e-08,0.00072371324
2.647372e-08,0.00071366039
2.657372e-08,0.00069786305
2.667372e-08,0.00067991153
2.677372e-08,0.00066626838
2.687372e-08,0.00065836972
2.697372e-08,0.00065477941
2.707372e-08,0.00065118911
2.717372e-08,0.00064329044
2.727372e-08,0.00062821117
2.737372e-08,0.00060882353
2.747372e-08,0.00058943589
2.757372e-08,0.00057435662
2.767372e-08,0.00056645795
2.777372e-08,0.00056358571
2.787372e-08,0.0005599954
2.797372e-08,0.00055137868
2.807372e-08,0.00053558134
2.817372e-08,0.00051547564
2.827372e-08,0.00049536994
2.837372e-08,0.00048244485
2.847372e-08,0.00047885455
2.857372e-08,0.00048244485
2.867372e-08,0.00048962546
2.877372e-08,0.00049393382
2.887372e-08,0.00049106158
2.897372e-08,0.00048244485
2.907372e-08,0.00047023782
2.917372e-08,0.00045946691
2.927372e-08,0.00045300437
2.937372e-08,0.00045085018
2.947372e-08,0.00045013212
2.957372e-08,0.00044797794
2.967372e-08,0.00044438764
2.977372e-08,0.00044223346
2.987372e-08,0.00044582376
2.997372e-08,0.00045946691
3.007372e-08,0.00048388097
3.017372e-08,0.00051475758
3.027372e-08,0.00054419807
3.037372e-08,0.00056286765
3.047372e-08,0.00056502183
3.057372e-08,0.00055066062
3.067372e-08,0.00052481043
3.077372e-08,0.00049393382
3.087372e-08,0.0004652114
3.097372e-08,0.00044295152
3.107372e-08,0.00042643612
3.117372e-08,0.00041351103
3.127372e-08,0.00040274012
3.137372e-08,0.00039196921
3.147372e-08,0.00038407054
3.157372e-08,0.00037904412
3.167372e-08,0.00037688994
3.177372e-08,0.00037545381
3.187372e-08,0.00036970933
3.197372e-08,0.00035606618
3.207372e-08,0.00033237017
3.217372e-08,0.00030077551
3.227372e-08,0.00026846278
3.237372e-08,0.00024117647
3.247372e-08,0.00022466108
3.257372e-08,0.00022035271
3.267372e-08,0.00022394301
3.277372e-08,0.0002296875
3.287372e-08,0.00023184168
3.297372e-08,0.0002260972
3.307372e-08,0.0002131721
3.317372e-08,0.00019522059
3.327372e-08,0.00017655101
3.337372e-08,0.00015859949
3.347372e-08,0.0001420841
3.357372e-08,0.00012628676
3.367372e-08,0.00010977137
3.377372e-08,9.3255974e-05
3.387372e-08,7.8894761e-05
3.397372e-08,6.8841912e-05
3.407372e-08,6.5251608e-05
3.417372e-08,6.8841912e-05
3.427372e-08,7.5304458e-05
3.437372e-08,8.0330882e-05
3.447372e-08,7.9612822e-05
3.457372e-08,7.0996094e-05
3.467372e-08,5.4480699e-05
3.477372e-08,3.4375e-05
3.487372e-08,1.4269301e-05
3.497372e-08,-8.0997243e-07
3.507372e-08,-9.4267004e-06
3.517372e-08,-1.1580882e-05
3.527372e-08,-1.0144761e-05
3.537372e-08,-6.5544577e-06
3.547372e-08,-2.9641544e-06
3.557372e-08,-9.1911765e-08
3.567372e-08,2.0622702e-06
3.577372e-08,3.4983915e-06
3.587372e-08,2.7803309e-06
3.597372e-08,-9.1911765e-08
3.607372e-08,-7.990579e-06
3.617372e-08,-2.019761e-05
3.627372e-08,-3.8149127e-05
3.637372e-08,-5.7536765e-05
3.647372e-08,-7.6206342e-05
3.657372e-08,-9.1285616e-05
3.667372e-08,-0.0001006204
3.677372e-08,-0.00010349265
3.687372e-08,-0.00010205653
3.697372e-08,-9.7748162e-05
3.707372e-08,-9.4157858e-05
3.717372e-08,-9.2003676e-05
3.727372e-08,-9.3439798e-05
3.737372e-08,-9.7748162e-05
3.747372e-08,-0.00010492877
3.757372e-08,-0.00011498162
3.767372e-08,-0.00012647059
3.777372e-08,-0.00013939568
3.787372e-08,-0.00015160271
3.797372e-08,-0.0001609375
3.807372e-08,-0.00016668199
3.817372e-08,-0.00016811811
3.827372e-08,-0.00016524586
3.837372e-08,-0.0001609375
3.847372e-08,-0.00015806526
3.857372e-08,-0.00016021944
3.867372e-08,-0.00016883617
3.877372e-08,-0.00018391544
3.887372e-08,-0.00020402114
3.897372e-08,-0.00022628102
3.907372e-08,-0.00024710478
3.917372e-08,-0.00026433824
3.927372e-08,-0.00027798139
3.937372e-08,-0.0002887523
3.947372e-08,-0.00029952321
3.957372e-08,-0.00031029412
3.967372e-08,-0.00032178309
3.977372e-08,-0.000332554
3.987372e-08,-0.00034045267
3.997372e-08,-0.00034476103
4.007372e-08,-0.00034476103
4.017372e-08,-0.00034332491
4.027372e-08,-0.00034188879
4.037372e-08,-0.00034476103
4.047372e-08,-0.00035337776
4.057372e-08,-0.00036702091
4.067372e-08,-0.00038425437
4.077372e-08,-0.00040220588
4.087372e-08,-0.0004165671
4.097372e-08,-0.00042590188
4.107372e-08,-0.00042805607
4.117372e-08,-0.00042518382
4.127372e-08,-0.00041872128
4.137372e-08,-0.00041082261
4.147372e-08,-0.00040507812
4.157372e-08,-0.00040220588
4.167372e-08,-0.00040436006
4.177372e-08,-0.00041154067
4.187372e-08,-0.00042302964
4.197372e-08,-0.00043667279
4.207372e-08,-0.00044887983
4.217372e-08,-0.00045677849
4.227372e-08,-0.00045677849
4.237372e-08,-0.00044816176
4.247372e-08,-0.00043092831
4.257372e-08,-0.00040938649
4.267372e-08,-0.00038640855
4.277372e-08,-0.00036773897
4.287372e-08,-0.00035553194
4.297372e-08,-0.00035050551
4.307372e-08,-0.00035194164
4.317372e-08,-0.00035625
4.327372e-08,-0.00036199449
4.337372e-08,-0.00036702091
4.347372e-08,-0.00037204733
4.357372e-08,-0.00037922794
4.367372e-08,-0.00038928079
4.377372e-08,-0.00040292394
4.387372e-08,-0.00041943934
4.397372e-08,-0.00043667279
4.407372e-08,-0.00045247013
4.417372e-08,-0.00046611328
4.427372e-08,-0.00047903837
4.437372e-08,-0.00049411765
4.447372e-08,-0.00051422335
4.457372e-08,-0.00053935547
4.467372e-08,-0.00056879596
4.477372e-08,-0.00059751838
4.487372e-08,-0.00062049632
4.497372e-08,-0.00063342142
4.507372e-08,-0.00063629366
4.517372e-08,-0.00063198529
4.527372e-08,-0.00062767693
4.537372e-08,-0.00062983111
4.547372e-08,-0.0006427562
4.557372e-08,-0.00066645221
4.567372e-08,-0.00069661075
4.577372e-08,-0.00072605124
4.587372e-08,-0.00074759306
4.597372e-08,-0.00075836397
4.607372e-08,-0.00075836397
4.617372e-08,-0.00075190142
4.627372e-08,-0.0007432847
4.637372e-08,-0.00073538603
4.647372e-08,-0.00072892348
4.657372e-08,-0.00072246094
4.667372e-08,-0.00071312615
4.677372e-08,-0.00070091912
4.687372e-08,-0.00068799403
4.697372e-08,-0.0006793773
4.707372e-08,-0.0006793773
4.717372e-08,-0.00068943015
4.727372e-08,-0.00070809972
4.737372e-08,-0.00072892348
4.747372e-08,-0.00074759306
4.757372e-08,-0.00075836397
4.767372e-08,-0.00076123621
4.777372e-08,-0.00075980009
4.787372e-08,-0.00075764591
4.797372e-08,-0.00075836397
4.807372e-08,-0.00076267233
4.817372e-08,-0.00076626264
4.827372e-08,-0.00076626264
4.837372e-08,-0.00075836397
4.847372e-08,-0.00074543888
4.857372e-08,-0.00073251379
4.867372e-08,-0.0007267693
4.877372e-08,-0.00073538603
4.887372e-08,-0.00075836397
4.897372e-08,-0.0007906767
4.907372e-08,-0.00082442555
4.917372e-08,-0.00085027574
4.927372e-08,-0.00086248277
4.937372e-08,-0.00086032858
4.947372e-08,-0.00085027574
4.957372e-08,-0.00083878676
4.967372e-08,-0.00083232422
4.977372e-08,-0.00083304228
4.987372e-08,-0.00084022289
4.997372e-08,-0.00085027574
5.007372e-08,-0.00086104665
5.017372e-08,-0.00087109949
5.027372e-08,-0.00088258847
5.037372e-08,-0.00089623162
5.047372e-08,-0.00091346507
5.057372e-08,-0.00093357077
5.067372e-08,-0.00095224035
5.077372e-08,-0.00096516544
5.087372e-08,-0.00097019187
5.097372e-08,-0.00096803768
5.107372e-08,-0.00096157514
5.117372e-08,-0.00095367647
5.127372e-08,-0.00094936811
5.137372e-08,-0.00094936811
5.147372e-08,-0.00095511259
5.157372e-08,-0.00096516544
5.167372e-08,-0.00097952665
5.177372e-08,-0.00099891429
5.187372e-08,-0.0010211742
5.197372e-08,-0.0010455882
5.207372e-08,-0.0010678481
5.217372e-08,-0.0010829274
5.227372e-08,-0.0010872358
5.237372e-08,-0.0010800551
5.247372e-08,-0.0010649759
5.257372e-08,-0.0010491785
5.267372e-08,-0.0010405618
5.277372e-08,-0.0010455882
5.287372e-08,-0.0010649759
5.297372e-08,-0.0010958525
5.307372e-08,-0.0011296013
5.317372e-08,-0.0011604779
5.327372e-08,-0.0011834559
5.337372e-08,-0.0011985352
5.347372e-08,-0.0012093061
5.357372e-08,-0.0012179228
5.367372e-08,-0.0012265395
5.377372e-08,-0.0012351563
5.387372e-08,-0.0012401827
5.397372e-08,-0.0012409007
5.407372e-08,-0.0012380285
5.417372e-08,-0.0012365924
5.427372e-08,-0.0012401827
5.437372e-08,-0.0012523897
5.447372e-08,-0.0012732135
5.457372e-08,-0.0012976275
5.467372e-08,-0.0013191693
5.477372e-08,-0.0013328125
5.487372e-08,-0.0013364028
5.497372e-08,-0.0013320944
5.507372e-08,-0.0013256319
5.517372e-08,-0.0013213235
5.527372e-08,-0.0013206055
5.537372e-08,-0.0013213235
5.547372e-08,-0.0013184513
5.557372e-08,-0.0013098346
5.567372e-08,-0.0012954733
5.577372e-08,-0.0012803941
5.587372e-08,-0.0012717773
5.597372e-08,-0.0012753676
5.607372e-08,-0.001291883
5.617372e-08,-0.0013170152
5.627372e-08,-0.0013407112
5.637372e-08,-0.0013557904
5.647372e-08,-0.0013579446
5.657372e-08,-0.0013493279
5.667372e-08,-0.001338557
5.677372e-08,-0.0013328125
5.687372e-08,-0.0013378389
5.697372e-08,-0.0013529182
5.707372e-08,-0.0013730239
5.717372e-08,-0.0013902574
5.727372e-08,-0.0013988741
5.737372e-08,-0.0013988741
5.747372e-08,-0.0013938477
5.757372e-08,-0.0013902574
5.767372e-08,-0.0013938477
5.777372e-08,-0.0014039005
5.787372e-08,-0.0014161075
5.797372e-08,-0.0014247243
5.807372e-08,-0.0014232881
5.817372e-08,-0.0014103631
5.827372e-08,-0.0013895393
5.837372e-08,-0.0013672794
5.847372e-08,-0.001350764
5.857372e-08,-0.0013443015
5.867372e-08,-0.0013471737
5.877372e-08,-0.0013557904
5.887372e-08,-0.0013644072
5.897372e-08,-0.0013701517
5.907372e-08,-0.0013708697
5.917372e-08,-0.0013672794
5.927372e-08,-0.0013615349
5.937372e-08,-0.0013536363
5.947372e-08,-0.0013450195
5.957372e-08,-0.0013328125
5.967372e-08,-0.0013177332
5.977372e-08,-0.0013012178
5.987372e-08,-0.0012854205
5.997372e-08,-0.0012753676
6.007372e-08,-0.0012732135
6.017372e-08,-0.0012803941
6.027372e-08,-0.0012940372
6.037372e-08,-0.0013098346
6.047372e-08,-0.0013241958
6.057372e-08,-0.0013335306
6.067372e-08,-0.0013356847
6.077372e-08,-0.0013328125
6.087372e-08,-0.0013256319
6.097372e-08,-0.0013162971
6.107372e-08,-0.0013062443
6.117372e-08,-0.0012983456
6.127372e-08,-0.0012933192
6.137372e-08,-0.0012940372
6.147372e-08,-0.0012990636
6.157372e-08,-0.0013098346
6.167372e-08,-0.0013227597
6.177372e-08,-0.0013349667
6.187372e-08,-0.0013428653
6.197372e-08,-0.0013443015
6.207372e-08,-0.0013407112
6.217372e-08,-0.0013335306
6.227372e-08,-0.0013256319
6.237372e-08,-0.0013213235
6.247372e-08,-0.0013206055
6.257372e-08,-0.0013227597
6.267372e-08,-0.001327068
6.277372e-08,-0.0013328125
6.287372e-08,-0.0013407112
6.297372e-08,-0.0013529182
6.307372e-08,-0.0013694336
6.317372e-08,-0.0013902574
6.327372e-08,-0.0014125172
6.337372e-08,-0.0014311868
6.347372e-08,-0.0014433938
6.357372e-08,-0.0014477022
6.367372e-08,-0.0014469841
6.377372e-08,-0.001445548
6.387372e-08,-0.0014491383
6.397372e-08,-0.0014591912
6.407372e-08,-0.0014749885
6.417372e-08,-0.00149294
6.427372e-08,-0.0015073012
6.437372e-08,-0.001516636
6.447372e-08,-0.0015223805
6.457372e-08,-0.0015288431
6.467372e-08,-0.0015417682
6.477372e-08,-0.0015625919
6.487372e-08,-0.0015891602
6.497372e-08,-0.0016135742
6.507372e-08,-0.0016293716
6.517372e-08,-0.0016315257
6.527372e-08,-0.0016200368
6.537372e-08,-0.0016028033
6.547372e-08,-0.0015884421
6.557372e-08,-0.0015855699
6.567372e-08,-0.0015977769
6.577372e-08,-0.0016221909
6.587372e-08,-0.0016509134
6.597372e-08,-0.0016774816
6.607372e-08,-0.0016961512
6.617372e-08,-0.001706204
6.627372e-08,-0.0017105124
6.637372e-08,-0.0017119485
6.647372e-08,-0.0017133847
6.657372e-08,-0.0017126666
6.667372e-08,-0.0017090763
6.677372e-08,-0.0017004596
6.687372e-08,-0.0016896886
6.697372e-08,-0.001682508
6.707372e-08,-0.0016853803
6.717372e-08,-0.0017004596
6.727372e-08,-0.0017270278
6.737372e-08,-0.0017579044
6.747372e-08,-0.0017823185
6.757372e-08,-0.0017923713
6.767372e-08,-0.0017844727
6.777372e-08,-0.0017629308
6.787372e-08,-0.0017356445
6.797372e-08,-0.0017119485
6.807372e-08,-0.0016983054
6.817372e-08,-0.0016961512
6.827372e-08,-0.0017018957
6.837372e-08,-0.0017119485
6.847372e-08,-0.0017227194
6.857372e-08,-0.0017349265
6.867372e-08,-0.0017500057
6.877372e-08,-0.0017693934
6.887372e-08,-0.0017909352
6.897372e-08,-0.0018088867
6.907372e-08,-0.0018189396
6.917372e-08,-0.0018153493
6.927372e-08,-0.0017995519
6.937372e-08,-0.0017780101
6.947372e-08,-0.0017579044
6.957372e-08,-0.0017464154
6.967372e-08,-0.0017449793
6.977372e-08,-0.0017500057
6.987372e-08,-0.0017521599
6.997372e-08,-0.0017464154
7.007372e-08,-0.0017306181
7.017372e-08,-0.0017097943
7.027372e-08,-0.001693279
7.037372e-08,-0.0016889706
7.047372e-08,-0.0017004596
7.057372e-08,-0.0017220014
7.067372e-08,-0.0017449793
7.077372e-08,-0.0017579044
7.087372e-08,-0.0017550322
7.097372e-08,-0.0017377987
7.107372e-08,-0.0017155388
7.117372e-08,-0.0017004596
7.127372e-08,-0.0017004596
7.137372e-08,-0.001716975
7.147372e-08,-0.0017435432
7.157372e-08,-0.0017693934
7.167372e-08,-0.0017844727
7.177372e-08,-0.0017830365
7.187372e-08,-0.0017679573
7.197372e-08,-0.0017464154
7.207372e-08,-0.0017284639
7.217372e-08,-0.0017198472
7.227372e-08,-0.0017227194
7.237372e-08,-0.0017349265
7.247372e-08,-0.0017514419
7.257372e-08,-0.0017693934
7.267372e-08,-0.0017866268
7.277372e-08,-0.0018038603
7.287372e-08,-0.0018225299
7.297372e-08,-0.0018419175
7.307372e-08,-0.001859869
7.317372e-08,-0.0018727941
7.327372e-08,-0.0018778205
7.337372e-08,-0.0018756664
7.347372e-08,-0.0018684858
7.357372e-08,-0.0018613051
7.367372e-08,-0.001859151
7.377372e-08,-0.0018648955
7.387372e-08,-0.0018778205
7.397372e-08,-0.0018957721
7.407372e-08,-0.0019151597
7.417372e-08,-0.0019331112
7.427372e-08,-0.0019496266
7.437372e-08,-0.0019647059
7.447372e-08,-0.001978349
7.457372e-08,-0.0019905561
7.467372e-08,-0.0019984547
7.477372e-08,-0.0019991728
7.487372e-08,-0.0019905561
7.497372e-08,-0.0019733226
7.507372e-08,-0.0019510627
7.517372e-08,-0.001930239
7.527372e-08,-0.0019165958
7.537372e-08,-0.0019144416
7.547372e-08,-0.0019237764
7.557372e-08,-0.0019417279
7.567372e-08,-0.0019618336
7.577372e-08,-0.0019790671
7.587372e-08,-0.0019876838
7.597372e-08,-0.0019876838
7.607372e-08,-0.0019797852
7.617372e-08,-0.0019668601
7.627372e-08,-0.0019532169
7.637372e-08,-0.0019417279
7.647372e-08,-0.0019345473
7.657372e-08,-0.0019323932
7.667372e-08,-0.0019352654
7.677372e-08,-0.0019417279
7.687372e-08,-0.0019517808
7.697372e-08,-0.0019654239
7.707372e-08,-0.0019812213
7.717372e-08,-0.0019991728
7.727372e-08,-0.0020171243
7.737372e-08,-0.0020322036
7.747372e-08,-0.0020429745
7.757372e-08,-0.0020451287
7.767372e-08,-0.0020379481
7.777372e-08,-0.0020214327
7.787372e-08,-0.0019984547
7.797372e-08,-0.0019761949
7.807372e-08,-0.0019603975
7.817372e-08,-0.0019575253
7.827372e-08,-0.0019704504
7.837372e-08,-0.0019991728
7.847372e-08,-0.00203723
7.857372e-08,-0.0020781595
7.867372e-08,-0.0021133444
7.877372e-08,-0.0021370404
7.887372e-08,-0.0021485294
7.897372e-08,-0.0021506836
7.907372e-08,-0.0021492475
7.917372e-08,-0.0021485294
7.927372e-08,-0.0021528378
7.937372e-08,-0.0021614545
7.947372e-08,-0.0021729435
7.957372e-08,-0.0021829963
7.967372e-08,-0.0021894589
7.977372e-08,-0.0021937672
7.987372e-08,-0.0021980756
7.997372e-08,-0.0022059743
8.007372e-08,-0.0022210535
8.017372e-08,-0.0022418773
8.027372e-08,-0.0022662914
8.037372e-08,-0.0022863971
8.047372e-08,-0.002297168
8.057372e-08,-0.0022957318
8.067372e-08,-0.0022820887
8.077372e-08,-0.0022634191
8.087372e-08,-0.0022469037
8.097372e-08,-0.0022390051
8.107372e-08,-0.0022454676
8.117372e-08,-0.0022634191
8.127372e-08,-0.0022892693
8.137372e-08,-0.0023151195
8.147372e-08,-0.0023345071
8.157372e-08,-0.0023438419
8.167372e-08,-0.0023438419
8.177372e-08,-0.0023366613
8.187372e-08,-0.0023280446
8.197372e-08,-0.002320864
8.207372e-08,-0.0023172737
8.217372e-08,-0.0023172737
8.227372e-08,-0.0023187098
8.237372e-08,-0.002320864
8.247372e-08,-0.0023237362
8.257372e-08,-0.0023280446
8.267372e-08,-0.0023345071
8.277372e-08,-0.0023438419
8.287372e-08,-0.0023538948
8.297372e-08,-0.0023610754
8.307372e-08,-0.0023625115
8.317372e-08,-0.0023553309
8.327372e-08,-0.0023402516
8.337372e-08,-0.002320864
8.347372e-08,-0.0023014763
8.357372e-08,-0.0022863971
8.367372e-08,-0.0022792165
8.377372e-08,-0.0022806526
8.387372e-08,-0.0022885512
8.397372e-08,-0.002297886
8.407372e-08,-0.0023057847
8.417372e-08,-0.0023100931
8.427372e-08,-0.0023108111
8.437372e-08,-0.002309375
8.447372e-08,-0.0023072208
8.457372e-08,-0.0023043486
8.467372e-08,-0.0023021944
8.477372e-08,-0.002297886
8.487372e-08,-0.0022914235
8.497372e-08,-0.0022820887
8.507372e-08,-0.0022720358
8.517372e-08,-0.0022634191
8.527372e-08,-0.0022598288
8.537372e-08,-0.0022634191
8.547372e-08,-0.0022727539
8.557372e-08,-0.0022863971
8.567372e-08,-0.0023000402
8.577372e-08,-0.002309375
8.587372e-08,-0.0023129653
8.597372e-08,-0.002309375
8.607372e-08,-0.0023007583
8.617372e-08,-0.0022892693
8.627372e-08,-0.0022799345
8.637372e-08,-0.0022749081
8.647372e-08,-0.0022763442
8.657372e-08,-0.0022842429
8.667372e-08,-0.0023000402
8.677372e-08,-0.002320864
8.687372e-08,-0.0023459961
8.697372e-08,-0.0023718463
8.707372e-08,-0.0023955423
8.717372e-08,-0.0024127757
8.727372e-08,-0.0024213925
8.737372e-08,-0.0024185202
8.747372e-08,-0.0024070313
8.757372e-08,-0.0023897978
8.767372e-08,-0.0023725643
8.777372e-08,-0.0023603573
8.787372e-08,-0.0023582031
8.797372e-08,-0.0023668199
8.807372e-08,-0.0023854894
8.817372e-08,-0.0024091854
8.827372e-08,-0.0024350356
8.837372e-08,-0.0024587316
8.847372e-08,-0.0024781193
8.857372e-08,-0.0024939166
8.867372e-08,-0.0025068417
8.877372e-08,-0.0025161765
8.887372e-08,-0.002522639
8.897372e-08,-0.0025247932
8.907372e-08,-0.002522639
8.917372e-08,-0.0025161765
8.927372e-08,-0.0025089959
8.937372e-08,-0.0025039694
8.947372e-08,-0.0025054056
8.957372e-08,-0.0025161765
8.967372e-08,-0.0025355641
8.977372e-08,-0.0025599782
8.987372e-08,-0.0025858284
8.997372e-08,-0.0026080882
9.007372e-08,-0.0026231675
9.017372e-08,-0.0026296301
9.027372e-08,-0.0026281939
9.037372e-08,-0.0026195772
9.047372e-08,-0.0026066521
9.057372e-08,-0.0025908548
9.067372e-08,-0.0025750574
9.077372e-08,-0.0025621324
9.087372e-08,-0.0025556698
9.097372e-08,-0.0025571059
9.107372e-08,-0.0025678768
9.117372e-08,-0.0025851103
9.127372e-08,-0.0026037799
9.137372e-08,-0.0026188591
9.147372e-08,-0.0026246036
9.157372e-08,-0.0026195772
9.167372e-08,-0.0026059341
9.177372e-08,-0.0025894187
9.187372e-08,-0.0025736213
9.197372e-08,-0.0025621324
9.207372e-08,-0.0025563879
9.217372e-08,-0.0025535156
9.227372e-08,-0.0025520795
9.237372e-08,-0.0025506434
9.247372e-08,-0.0025506434
9.257372e-08,-0.0025542337
9.267372e-08,-0.0025621324
9.277372e-08,-0.0025736213
9.287372e-08,-0.0025829561
9.297372e-08,-0.0025843922
9.307372e-08,-0.0025736213
9.317372e-08,-0.0025506434
9.327372e-08,-0.0025212029
9.337372e-08,-0.0024953527
9.347372e-08,-0.0024809915
9.357372e-08,-0.0024817096
9.367372e-08,-0.0024953527
9.377372e-08,-0.0025125862
9.387372e-08,-0.0025255113
9.397372e-08,-0.0025276654
9.407372e-08,-0.0025197668
9.417372e-08,-0.0025082778
9.427372e-08,-0.0025010972
9.437372e-08,-0.0025046875
9.447372e-08,-0.0025176126
9.457372e-08,-0.0025326919
9.467372e-08,-0.0025420267
9.477372e-08,-0.0025391544
9.487372e-08,-0.0025240751
9.497372e-08,-0.0025054056
9.507372e-08,-0.0024924805
9.517372e-08,-0.0024931985
9.527372e-08,-0.0025089959
9.537372e-08,-0.0025334099
9.547372e-08,-0.0025549517
9.557372e-08,-0.0025621324
9.567372e-08,-0.0025527976
9.577372e-08,-0.0025305377
9.587372e-08,-0.0025075597
9.597372e-08,-0.0024931985
9.607372e-08,-0.0024939166
9.617372e-08,-0.0025082778
9.627372e-08,-0.0025262293
9.637372e-08,-0.0025391544
9.647372e-08,-0.0025405905
9.657372e-08,-0.0025319738
9.667372e-08,-0.0025212029
9.677372e-08,-0.0025161765
9.687372e-08,-0.0025233571
9.697372e-08,-0.0025420267
9.707372e-08,-0.0025657227
9.717372e-08,-0.0025851103
9.727372e-08,-0.002593009
9.737372e-08,-0.0025887006
9.747372e-08,-0.0025757755
9.757372e-08,-0.0025621324
9.767372e-08,-0.0025542337
9.777372e-08,-0.0025549517
9.787372e-08,-0.0025621324
9.797372e-08,-0.0025736213
9.807372e-08,-0.0025858284
9.817372e-08,-0.0025980354
9.827372e-08,-0.0026131147
9.837372e-08,-0.0026310662
9.847372e-08,-0.0026511719
9.857372e-08,-0.0026691234
9.867372e-08,-0.0026791762
9.877372e-08,-0.0026770221
9.887372e-08,-0.002664815
9.897372e-08,-0.0026482996
9.907372e-08,-0.0026382468
9.917372e-08,-0.0026425551
9.927372e-08,-0.002664815
9.937372e-08,-0.0026992819
9.947372e-08,-0.0027380572
9.957372e-08,-0.0027689338
9.967372e-08,-0.0027861673
9.977372e-08,-0.0027890395
9.987372e-08,-0.0027847312
9.997372e-08,-0.0027804228
1.000737e-07,-0.0027818589
1.001737e-07,-0.0027904756
1.002737e-07,-0.0027998104
1.003737e-07,-0.0028034007
1.004737e-07,-0.0027976563
1.005737e-07,-0.002783295
1.006737e-07,-0.0027667796
1.007737e-07,-0.0027574449
1.008737e-07,-0.0027624713
1.009737e-07,-0.002783295
1.010737e-07,-0.0028148897
1.011737e-07,-0.0028493566
1.012737e-07,-0.002877361
1.013737e-07,-0.0028917222
1.014737e-07,-0.0028931583
1.015737e-07,-0.0028838235
1.016737e-07,-0.0028694623
1.017737e-07,-0.0028551011
1.018737e-07,-0.0028436121
1.019737e-07,-0.0028378676
1.020737e-07,-0.0028378676
1.021737e-07,-0.0028436121
1.022737e-07,-0.0028558192
1.023737e-07,-0.0028723346
1.024737e-07,-0.0028910041
1.025737e-07,-0.0029068015
1.026737e-07,-0.0029168543
1.027737e-07,-0.0029182904
1.028737e-07,-0.0029139821
1.029737e-07,-0.0029089557
1.030737e-07,-0.0029089557
1.031737e-07,-0.0029182904
1.032737e-07,-0.00293696
1.033737e-07,-0.0029592199
1.034737e-07,-0.0029786075
1.035737e-07,-0.0029872243
1.036737e-07,-0.002983634
1.037737e-07,-0.0029714269
1.038737e-07,-0.0029585018
1.039737e-07,-0.0029527574
1.040737e-07,-0.0029585018
1.041737e-07,-0.0029735811
1.042737e-07,-0.0029936868
1.043737e-07,-0.0030102022
1.044737e-07,-0.0030173828
1.045737e-07,-0.0030145106
1.046737e-07,-0.0030058938
1.047737e-07,-0.0029987132
1.048737e-07,-0.0030001494
1.049737e-07,-0.0030130744
1.050737e-07,-0.0030367705
1.051737e-07,-0.0030676471
1.052737e-07,-0.0030999598
1.053737e-07,-0.0031286822
1.054737e-07,-0.0031530963
1.055737e-07,-0.0031710478
1.056737e-07,-0.0031832548
1.057737e-07,-0.0031889993
1.058737e-07,-0.0031889993
1.059737e-07,-0.0031825368
1.060737e-07,-0.0031724839
1.061737e-07,-0.0031624311
1.062737e-07,-0.0031566866
1.063737e-07,-0.0031595588
1.064737e-07,-0.0031724839
1.065737e-07,-0.0031925896
1.066737e-07,-0.0032170037
1.067737e-07,-0.0032399816
1.068737e-07,-0.0032572151
1.069737e-07,-0.0032672679
1.070737e-07,-0.0032694221
1.071737e-07,-0.0032629596
1.072737e-07,-0.0032493164
1.073737e-07,-0.0032299288
1.074737e-07,-0.0032062328
1.075737e-07,-0.0031825368
1.076737e-07,-0.0031638672
1.077737e-07,-0.0031545324
1.078737e-07,-0.0031574046
1.079737e-07,-0.0031710478
1.080737e-07,-0.0031889993
1.081737e-07,-0.0032047966
1.082737e-07,-0.0032105411
1.083737e-07,-0.0032055147
1.084737e-07,-0.0031925896
1.085737e-07,-0.0031789465
1.086737e-07,-0.0031703297
1.087737e-07,-0.0031710478
1.088737e-07,-0.0031775103
1.089737e-07,-0.0031846909
1.090737e-07,-0.0031868451
1.091737e-07,-0.0031825368
1.092737e-07,-0.0031753562
1.093737e-07,-0.0031724839
1.094737e-07,-0.0031825368
1.095737e-07,-0.0032055147
1.096737e-07,-0.0032371094
1.097737e-07,-0.0032651137
1.098737e-07,-0.003279475
1.099737e-07,-0.0032744485
1.100737e-07,-0.0032536248
1.101737e-07,-0.0032284926
1.102737e-07,-0.0032134134
1.103737e-07,-0.0032170037
1.104737e-07,-0.0032392636
1.105737e-07,-0.0032701402
1.106737e-07,-0.0032974265
1.107737e-07,-0.0033089154
1.108737e-07,-0.003303171
1.109737e-07,-0.0032880917
1.110737e-07,-0.0032744485
1.111737e-07,-0.0032744485
1.112737e-07,-0.0032895278
1.113737e-07,-0.0033146599
1.114737e-07,-0.0033354837
1.115737e-07,-0.0033433824
1.116737e-07,-0.0033340476
1.117737e-07,-0.0033146599
1.118737e-07,-0.0032981445
1.119737e-07,-0.0032974265
1.120737e-07,-0.0033182502
1.121737e-07,-0.0033534352
1.122737e-07,-0.0033907744
1.123737e-07,-0.0034123162
1.124737e-07,-0.0034094439
1.125737e-07,-0.0033835938
1.126737e-07,-0.0033448185
1.127737e-07,-0.0033089154
1.128737e-07,-0.0032866556
1.129737e-07,-0.0032816291
1.130737e-07,-0.0032888097
1.131737e-07,-0.0032974265
1.132737e-07,-0.0032981445
1.133737e-07,-0.0032895278
1.134737e-07,-0.0032744485
1.135737e-07,-0.0032629596
1.136737e-07,-0.0032615234
1.137737e-07,-0.0032715763
1.138737e-07,-0.0032902459
1.139737e-07,-0.0033089154
1.140737e-07,-0.0033196864
1.141737e-07,-0.0033196864
1.142737e-07,-0.0033110696
1.143737e-07,-0.0032974265
1.144737e-07,-0.0032845014
1.145737e-07,-0.0032751666
1.146737e-07,-0.003268704
1.147737e-07,-0.0032629596
1.148737e-07,-0.0032579331
1.149737e-07,-0.003255779
1.150737e-07,-0.0032600873
1.151737e-07,-0.0032744485
1.152737e-07,-0.0032974265
1.153737e-07,-0.0033225586
1.154737e-07,-0.0033405101
1.155737e-07,-0.0033433824
1.156737e-07,-0.0033290211
1.157737e-07,-0.0033010168
1.158737e-07,-0.0032715763
1.159737e-07,-0.0032514706
1.160737e-07,-0.0032500345
1.161737e-07,-0.003267986
1.162737e-07,-0.0032988626
1.163737e-07,-0.0033318934
1.164737e-07,-0.0033570255
1.165737e-07,-0.0033692325
1.166737e-07,-0.0033706687
1.167737e-07,-0.0033663603
1.168737e-07,-0.0033634881
1.169737e-07,-0.0033649242
1.170737e-07,-0.0033706687
1.171737e-07,-0.0033778493
1.172737e-07,-0.0033821576
1.173737e-07,-0.0033821576
1.174737e-07,-0.0033792854
1.175737e-07,-0.0033778493
1.176737e-07,-0.0033807215
1.177737e-07,-0.0033893382
1.178737e-07,-0.0034015453
1.179737e-07,-0.0034123162
1.180737e-07,-0.0034194968
1.181737e-07,-0.0034202148
1.182737e-07,-0.0034173426
1.183737e-07,-0.0034123162
1.184737e-07,-0.0034094439
1.185737e-07,-0.0034087259
1.186737e-07,-0.003410162
1.187737e-07,-0.0034123162
1.188737e-07,-0.0034137523
1.189737e-07,-0.0034151884
1.190737e-07,-0.0034173426
1.191737e-07,-0.0034238051
1.192737e-07,-0.0034345761
1.193737e-07,-0.0034475011
1.194737e-07,-0.0034604262
1.195737e-07,-0.003469761
1.196737e-07,-0.0034726333
1.197737e-07,-0.0034683249
1.198737e-07,-0.0034582721
1.199737e-07,-0.0034467831
1.200737e-07,-0.0034360122
1.201737e-07,-0.0034273955
1.202737e-07,-0.0034230871
1.203737e-07,-0.0034238051
1.204737e-07,-0.0034302677
1.205737e-07,-0.0034431928
1.206737e-07,-0.0034611443
1.207737e-07,-0.00348125
1.208737e-07,-0.0034992015
1.209737e-07,-0.0035106905
1.210737e-07,-0.0035121266
1.211737e-07,-0.0035042279
1.212737e-07,-0.0034920209
1.213737e-07,-0.0034826861
1.214737e-07,-0.0034819681
1.215737e-07,-0.003492739
1.216737e-07,-0.0035121266
1.217737e-07,-0.0035322323
1.218737e-07,-0.0035465935
1.219737e-07,-0.0035501838
1.220737e-07,-0.0035437213
1.221737e-07,-0.0035329504
1.222737e-07,-0.0035257698
1.223737e-07,-0.0035272059
1.224737e-07,-0.0035372587
1.225737e-07,-0.0035516199
1.226737e-07,-0.0035616728
1.227737e-07,-0.0035616728
1.228737e-07,-0.0035516199
1.229737e-07,-0.0035351045
1.230737e-07,-0.0035207433
1.231737e-07,-0.0035157169
1.232737e-07,-0.0035221795
1.233737e-07,-0.0035379768
1.234737e-07,-0.0035573644
1.235737e-07,-0.0035731618
1.236737e-07,-0.0035832146
1.237737e-07,-0.003588241
1.238737e-07,-0.0035918313
1.239737e-07,-0.0035961397
1.240737e-07,-0.0036018842
1.241737e-07,-0.0036047564
1.242737e-07,-0.00359973
1.243737e-07,-0.0035846507
1.244737e-07,-0.0035616728
1.245737e-07,-0.0035386949
1.246737e-07,-0.0035250517
1.247737e-07,-0.0035272059
1.248737e-07,-0.0035465935
1.249737e-07,-0.0035774701
1.250737e-07,-0.0036083467
1.251737e-07,-0.0036306066
1.252737e-07,-0.0036377872
1.253737e-07,-0.0036327608
1.254737e-07,-0.0036198357
1.255737e-07,-0.0036076287
1.256737e-07,-0.0036004481
1.257737e-07,-0.0035982939
1.258737e-07,-0.0035982939
1.259737e-07,-0.0035961397
1.260737e-07,-0.0035918313
1.261737e-07,-0.003587523
1.262737e-07,-0.003587523
1.263737e-07,-0.0035961397
1.264737e-07,-0.003611219
1.265737e-07,-0.0036262983
1.266737e-07,-0.003634915
1.267737e-07,-0.0036306066
1.268737e-07,-0.0036140912
1.269737e-07,-0.0035911133
1.270737e-07,-0.0035710076
1.271737e-07,-0.0035616728
1.272737e-07,-0.0035652631
1.273737e-07,-0.0035774701
1.274737e-07,-0.0035903952
1.275737e-07,-0.0035961397
1.276737e-07,-0.0035925494
1.277737e-07,-0.0035832146
1.278737e-07,-0.0035745979
1.279737e-07,-0.0035731618
1.280737e-07,-0.0035803424
1.281737e-07,-0.0035918313
1.282737e-07,-0.0035990119
1.283737e-07,-0.0035961397
1.284737e-07,-0.0035824966
1.285737e-07,-0.003563827
1.286737e-07,-0.0035501838
1.287737e-07,-0.0035501838
1.288737e-07,-0.0035652631
1.289737e-07,-0.0035911133
1.290737e-07,-0.0036162454
1.291737e-07,-0.0036306066
1.292737e-07,-0.0036291705
1.293737e-07,-0.0036155273
1.294737e-07,-0.0035975758
1.295737e-07,-0.0035846507
1.296737e-07,-0.0035810604
1.297737e-07,-0.0035846507
1.298737e-07,-0.003588241
1.299737e-07,-0.0035846507
1.300737e-07,-0.0035702895
1.301737e-07,-0.0035501838
1.302737e-07,-0.0035322323
1.303737e-07,-0.0035272059
1.304737e-07,-0.0035386949
1.305737e-07,-0.0035631089
1.306737e-07,-0.0035903952
1.307737e-07,-0.0036076287
1.308737e-07,-0.0036069106
1.309737e-07,-0.003588241
1.310737e-07,-0.0035580825
1.311737e-07,-0.0035272059
1.312737e-07,-0.003504946
1.313737e-07,-0.0034956112
1.314737e-07,-0.0034970473
1.315737e-07,-0.0035042279
1.316737e-07,-0.0035114085
1.317737e-07,-0.003517153
1.318737e-07,-0.0035221795
1.319737e-07,-0.0035272059
1.320737e-07,-0.0035336684
1.321737e-07,-0.0035386949
1.322737e-07,-0.0035379768
1.323737e-07,-0.0035272059
1.324737e-07,-0.0035063821
1.325737e-07,-0.0034790958
1.326737e-07,-0.0034532456
1.327737e-07,-0.0034352941
1.328737e-07,-0.0034281135
1.329737e-07,-0.0034288316
1.330737e-07,-0.0034331399
1.331737e-07,-0.0034352941
1.332737e-07,-0.0034331399
1.333737e-07,-0.0034288316
1.334737e-07,-0.0034281135
1.335737e-07,-0.0034352941
1.336737e-07,-0.0034503734
1.337737e-07,-0.0034683249
1.338737e-07,-0.00348125
1.339737e-07,-0.00348125
1.340737e-07,-0.0034676068
1.341737e-07,-0.003445347
1.342737e-07,-0.0034230871
1.343737e-07,-0.0034123162
1.344737e-07,-0.0034173426
1.345737e-07,-0.0034360122
1.346737e-07,-0.0034604262
1.347737e-07,-0.00348125
1.348737e-07,-0.003492739
1.349737e-07,-0.0034941751
1.350737e-07,-0.0034920209
1.351737e-07,-0.003492739
1.352737e-07,-0.0035006376
1.353737e-07,-0.0035157169
1.354737e-07,-0.0035307962
1.355737e-07,-0.0035386949
1.356737e-07,-0.0035343865
1.357737e-07,-0.0035200253
1.358737e-07,-0.0035027918
1.359737e-07,-0.003492739
1.360737e-07,-0.0034970473
1.361737e-07,-0.003516435
1.362737e-07,-0.0035451574
1.363737e-07,-0.0035731618
1.364737e-07,-0.0035911133
1.365737e-07,-0.0035947036
1.366737e-07,-0.0035860869
1.367737e-07,-0.0035731618
1.368737e-07,-0.0035652631
1.369737e-07,-0.0035688534
1.370737e-07,-0.0035846507
1.371737e-07,-0.0036076287
1.372737e-07,-0.0036313247
1.373737e-07,-0.0036499943
1.374737e-07,-0.0036607652
1.375737e-07,-0.0036650735
1.376737e-07,-0.0036665097
1.377737e-07,-0.0036701
1.378737e-07,-0.0036772806
1.379737e-07,-0.0036880515
1.380737e-07,-0.0037009766
1.381737e-07,-0.0037139017
1.382737e-07,-0.0037246726
1.383737e-07,-0.0037340074
1.384737e-07,-0.0037433421
1.385737e-07,-0.003753395
1.386737e-07,-0.003765602
1.387737e-07,-0.0037799632
1.388737e-07,-0.0037950425
1.389737e-07,-0.0038101218
1.390737e-07,-0.003824483
1.391737e-07,-0.0038374081
1.392737e-07,-0.0038474609
1.393737e-07,-0.0038532054
1.394737e-07,-0.0038539235
1.395737e-07,-0.0038488971
1.396737e-07,-0.0038395623
1.397737e-07,-0.0038287914
1.398737e-07,-0.0038194566
1.399737e-07,-0.0038144301
1.400737e-07,-0.0038158663
1.401737e-07,-0.0038230469
1.402737e-07,-0.0038352539
1.403737e-07,-0.0038488971
1.404737e-07,-0.0038618222
1.405737e-07,-0.0038725931
1.406737e-07,-0.0038797737
1.407737e-07,-0.003883364
1.408737e-07,-0.0038826459
1.409737e-07,-0.0038783375
1.410737e-07,-0.0038704389
1.411737e-07,-0.003860386
1.412737e-07,-0.0038503332
1.413737e-07,-0.0038424345
1.414737e-07,-0.0038374081
1.415737e-07,-0.0038374081
1.416737e-07,-0.0038409984
1.417737e-07,-0.0038467429
1.418737e-07,-0.0038532054
1.419737e-07,-0.003860386
1.420737e-07,-0.0038675666
1.421737e-07,-0.0038761834
1.422737e-07,-0.0038862362
1.423737e-07,-0.0038948529
1.424737e-07,-0.0039013155
1.425737e-07,-0.0039027516
1.426737e-07,-0.0038998794
1.427737e-07,-0.0038948529
1.428737e-07,-0.0038919807
1.429737e-07,-0.003895571
1.430737e-07,-0.0039092142
1.431737e-07,-0.0039293199
1.432737e-07,-0.0039515797
1.433737e-07,-0.0039695312
1.434737e-07,-0.0039774299
1.435737e-07,-0.0039752757
1.436737e-07,-0.0039673771
1.437737e-07,-0.0039609145
1.438737e-07,-0.0039630687
1.439737e-07,-0.0039752757
1.440737e-07,-0.0039946634
1.441737e-07,-0.004014051
1.442737e-07,-0.0040241039
1.443737e-07,-0.0040212316
1.444737e-07,-0.0040083065
1.445737e-07,-0.0039925092
1.446737e-07,-0.0039831744
1.447737e-07,-0.0039867647
1.448737e-07,-0.004002562
1.449737e-07,-0.0040233858
1.450737e-07,-0.0040399012
1.451737e-07,-0.0040442096
1.452737e-07,-0.0040348748
1.453737e-07,-0.0040176413
1.454737e-07,-0.004002562
1.455737e-07,-0.0039982537
1.456737e-07,-0.0040083065
1.457737e-07,-0.0040291303
1.458737e-07,-0.0040521082
1.459737e-07,-0.0040671875
1.460737e-07,-0.0040693417
1.461737e-07,-0.0040600069
1.462737e-07,-0.0040449276
1.463737e-07,-0.0040327206
1.464737e-07,-0.0040276942
1.465737e-07,-0.0040298483
1.466737e-07,-0.0040334386
1.467737e-07,-0.0040327206
1.468737e-07,-0.0040226677
1.469737e-07,-0.0040054343
1.470737e-07,-0.0039874828
1.471737e-07,-0.0039752757
1.472737e-07,-0.0039745577
1.473737e-07,-0.0039846105
1.474737e-07,-0.0039989717
1.475737e-07,-0.0040097426
1.476737e-07,-0.0040097426
1.477737e-07,-0.0039975356
1.478737e-07,-0.0039752757
1.479737e-07,-0.0039522978
1.480737e-07,-0.0039350643
1.481737e-07,-0.0039271657
1.482737e-07,-0.003930756
1.483737e-07,-0.0039408088
1.484737e-07,-0.0039537339
1.485737e-07,-0.0039659409
1.486737e-07,-0.0039774299
1.487737e-07,-0.0039867647
1.488737e-07,-0.0039960995
1.489737e-07,-0.0040039982
1.490737e-07,-0.0040090246
1.491737e-07,-0.0040097426
1.492737e-07,-0.0040054343
1.493737e-07,-0.0039960995
1.494737e-07,-0.0039853286
1.495737e-07,-0.0039752757
1.496737e-07,-0.0039673771
1.497737e-07,-0.0039616326
1.498737e-07,-0.0039566062
1.499737e-07,-0.0039522978
1.500737e-07,-0.0039501436
1.501737e-07,-0.0039537339
1.502737e-07,-0.0039659409
1.503737e-07,-0.0039867647
1.504737e-07,-0.004014051
1.505737e-07,-0.0040413373
1.506737e-07,-0.004060725
1.507737e-07,-0.0040671875
1.508737e-07,-0.004060725
1.509737e-07,-0.0040456457
1.510737e-07,-0.0040298483
1.511737e-07,-0.0040212316
1.512737e-07,-0.0040241039
1.513737e-07,-0.0040384651
1.514737e-07,-0.0040585708
1.515737e-07,-0.0040786765
1.516737e-07,-0.0040951919
1.517737e-07,-0.0041066808
1.518737e-07,-0.0041160156
1.519737e-07,-0.0041246324
1.520737e-07,-0.0041339671
1.521737e-07,-0.0041433019
1.522737e-07,-0.0041483284
1.523737e-07,-0.0041476103
1.524737e-07,-0.0041397116
1.525737e-07,-0.0041282227
1.526737e-07,-0.0041181698
1.527737e-07,-0.0041131434
1.528737e-07,-0.0041167337
1.529737e-07,-0.0041275046
1.530737e-07,-0.0041425839
1.531737e-07,-0.0041590993
1.532737e-07,-0.0041741785
1.533737e-07,-0.0041871036
1.534737e-07,-0.0041971565
1.535737e-07,-0.0042050551
1.536737e-07,-0.0042079274
1.537737e-07,-0.0042050551
1.538737e-07,-0.0041950023
1.539737e-07,-0.0041820772
1.540737e-07,-0.0041720244
1.541737e-07,-0.0041705882
1.542737e-07,-0.0041820772
1.543737e-07,-0.0042050551
1.544737e-07,-0.0042309053
1.545737e-07,-0.0042495749
1.546737e-07,-0.0042524472
1.547737e-07,-0.0042395221
1.548737e-07,-0.0042172622
1.549737e-07,-0.0041993107
1.550737e-07,-0.0041978745
1.551737e-07,-0.0042165441
1.552737e-07,-0.004251011
1.553737e-07,-0.0042869141
1.554737e-07,-0.0043091739
1.555737e-07,-0.0043084559
1.556737e-07,-0.0042854779
1.557737e-07,-0.0042524472
1.558737e-07,-0.0042251608
1.559737e-07,-0.0042165441
1.560737e-07,-0.0042287511
1.561737e-07,-0.0042531652
1.562737e-07,-0.0042761432
1.563737e-07,-0.0042854779
1.564737e-07,-0.0042768612
1.565737e-07,-0.0042560375
1.566737e-07,-0.0042359318
1.567737e-07,-0.0042280331
1.568737e-07,-0.0042366498
1.569737e-07,-0.0042546013
1.570737e-07,-0.0042718348
1.571737e-07,-0.004273989
1.572737e-07,-0.0042574736
1.573737e-07,-0.0042280331
1.574737e-07,-0.0041985926
1.575737e-07,-0.0041820772
1.576737e-07,-0.0041856675
1.577737e-07,-0.0042057732
1.578737e-07,-0.0042323415
1.579737e-07,-0.004251011
1.580737e-07,-0.0042546013
1.581737e-07,-0.0042438304
1.582737e-07,-0.004227315
1.583737e-07,-0.0042165441
1.584737e-07,-0.0042194164
1.585737e-07,-0.0042352137
1.586737e-07,-0.0042567555
1.587737e-07,-0.004273989
1.588737e-07,-0.0042804515
1.589737e-07,-0.004274707
1.590737e-07,-0.0042625
1.591737e-07,-0.004251011
1.592737e-07,-0.0042445485
1.593737e-07,-0.0042438304
1.594737e-07,-0.0042431124
1.595737e-07,-0.0042395221
1.596737e-07,-0.0042316234
1.597737e-07,-0.0042244428
1.598737e-07,-0.0042251608
1.599737e-07,-0.0042395221
1.600737e-07,-0.0042675264
1.601737e-07,-0.0043019933
1.602737e-07,-0.0043307158
1.603737e-07,-0.0043429228
1.604737e-07,-0.0043357422
1.605737e-07,-0.0043134823
1.606737e-07,-0.0042890682
1.607737e-07,-0.004273989
1.608737e-07,-0.004274707
1.609737e-07,-0.0042890682
1.610737e-07,-0.0043077378
1.611737e-07,-0.0043199449
1.612737e-07,-0.0043199449
1.613737e-07,-0.004309892
1.614737e-07,-0.004298403
1.615737e-07,-0.0042969669
1.616737e-07,-0.0043106101
1.617737e-07,-0.0043357422
1.618737e-07,-0.0043615924
1.619737e-07,-0.0043773897
1.620737e-07,-0.0043737994
1.621737e-07,-0.0043522576
1.622737e-07,-0.004322099
1.623737e-07,-0.0042969669
1.624737e-07,-0.0042876321
1.625737e-07,-0.0042962489
1.626737e-07,-0.0043185087
1.627737e-07,-0.0043429228
1.628737e-07,-0.0043601563
1.629737e-07,-0.0043651827
1.630737e-07,-0.0043615924
1.631737e-07,-0.0043544118
1.632737e-07,-0.0043522576
1.633737e-07,-0.004357284
1.634737e-07,-0.0043673369
1.635737e-07,-0.0043773897
1.636737e-07,-0.0043816981
1.637737e-07,-0.0043788258
1.638737e-07,-0.0043716452
1.639737e-07,-0.0043659007
1.640737e-07,-0.0043680549
1.641737e-07,-0.0043788258
1.642737e-07,-0.0043953412
1.643737e-07,-0.0044118566
1.644737e-07,-0.0044219095
1.645737e-07,-0.0044211914
1.646737e-07,-0.0044125747
1.647737e-07,-0.0044003676
1.648737e-07,-0.0043895967
1.649737e-07,-0.0043838523
1.650737e-07,-0.0043838523
1.651737e-07,-0.0043888787
1.652737e-07,-0.0043960593
1.653737e-07,-0.004403958
1.654737e-07,-0.0044125747
1.655737e-07,-0.0044233456
1.656737e-07,-0.0044362707
1.657737e-07,-0.004452068
1.658737e-07,-0.0044671473
1.659737e-07,-0.0044807904
1.660737e-07,-0.0044908433
1.661737e-07,-0.0044973058
1.662737e-07,-0.0045016142
1.663737e-07,-0.0045037684
1.664737e-07,-0.0045052045
1.665737e-07,-0.0045052045
1.666737e-07,-0.0045044864
1.667737e-07,-0.0045037684
1.668737e-07,-0.0045066406
1.669737e-07,-0.0045159754
1.670737e-07,-0.004534645
1.671737e-07,-0.0045612132
1.672737e-07,-0.0045920898
1.673737e-07,-0.0046200942
1.674737e-07,-0.0046380457
1.675737e-07,-0.004641636
1.676737e-07,-0.0046323012
1.677737e-07,-0.0046157858
1.678737e-07,-0.0045978343
1.679737e-07,-0.0045841912
1.680737e-07,-0.0045770106
1.681737e-07,-0.0045741383
1.682737e-07,-0.0045727022
1.683737e-07,-0.0045727022
1.684737e-07,-0.0045748564
1.685737e-07,-0.0045834731
1.686737e-07,-0.0046021427
1.687737e-07,-0.0046301471
1.688737e-07,-0.0046617417
1.689737e-07,-0.0046875919
1.690737e-07,-0.0046976448
1.691737e-07,-0.0046875919
1.692737e-07,-0.0046617417
1.693737e-07,-0.004629429
1.694737e-07,-0.0046042969
1.695737e-07,-0.0045956801
1.696737e-07,-0.0046064511
1.697737e-07,-0.0046308651
1.698737e-07,-0.0046574334
1.699737e-07,-0.0046761029
1.700737e-07,-0.0046825655
1.701737e-07,-0.0046782571
1.702737e-07,-0.0046696404
1.703737e-07,-0.004664614
1.704737e-07,-0.004665332
1.705737e-07,-0.0046696404
1.706737e-07,-0.0046710765
1.707737e-07,-0.004664614
1.708737e-07,-0.0046488166
1.709737e-07,-0.0046287109
1.710737e-07,-0.0046121955
1.711737e-07,-0.0046071691
1.712737e-07,-0.0046150678
1.713737e-07,-0.0046315832
1.714737e-07,-0.0046473805
1.715737e-07,-0.004653125
1.716737e-07,-0.0046452263
1.717737e-07,-0.0046258387
1.718737e-07,-0.0046021427
1.719737e-07,-0.0045841912
1.720737e-07,-0.0045748564
1.721737e-07,-0.0045741383
1.722737e-07,-0.0045755744
1.723737e-07,-0.0045727022
1.724737e-07,-0.0045640855
1.725737e-07,-0.0045525965
1.726737e-07,-0.004546134
1.727737e-07,-0.0045497243
1.728737e-07,-0.0045655216
1.729737e-07,-0.0045892176
1.730737e-07,-0.0046100414
1.731737e-07,-0.0046186581
1.732737e-07,-0.0046107594
1.733737e-07,-0.0045877815
1.734737e-07,-0.0045604952
1.735737e-07,-0.0045382353
1.736737e-07,-0.0045289005
1.737737e-07,-0.0045332089
1.738737e-07,-0.004546134
1.739737e-07,-0.0045612132
1.740737e-07,-0.0045719841
1.741737e-07,-0.0045770106
1.742737e-07,-0.0045798828
1.743737e-07,-0.0045841912
1.744737e-07,-0.0045920898
1.745737e-07,-0.0046021427
1.746737e-07,-0.0046086052
1.747737e-07,-0.0046071691
1.748737e-07,-0.0045956801
1.749737e-07,-0.0045755744
1.750737e-07,-0.0045547507
1.751737e-07,-0.0045382353
1.752737e-07,-0.0045303366
1.753737e-07,-0.0045310547
1.754737e-07,-0.004534645
1.755737e-07,-0.0045382353
1.756737e-07,-0.0045382353
1.757737e-07,-0.0045360811
1.758737e-07,-0.0045353631
1.759737e-07,-0.0045382353
1.760737e-07,-0.0045439798
1.761737e-07,-0.0045490062
1.762737e-07,-0.0045475701
1.763737e-07,-0.0045382353
1.764737e-07,-0.0045217199
1.765737e-07,-0.0045059226
1.766737e-07,-0.0044980239
1.767737e-07,-0.0045037684
1.768737e-07,-0.004523156
1.769737e-07,-0.0045490062
1.770737e-07,-0.0045719841
1.771737e-07,-0.0045841912
1.772737e-07,-0.0045834731
1.773737e-07,-0.0045734203
1.774737e-07,-0.0045640855
1.775737e-07,-0.0045612132
1.776737e-07,-0.0045669577
1.777737e-07,-0.0045777286
1.778737e-07,-0.0045856273
1.779737e-07,-0.0045841912
1.780737e-07,-0.0045741383
1.781737e-07,-0.0045612132
1.782737e-07,-0.0045547507
1.783737e-07,-0.0045612132
1.784737e-07,-0.0045813189
1.785737e-07,-0.0046071691
1.786737e-07,-0.0046272748
1.787737e-07,-0.0046301471
1.788737e-07,-0.0046136317
1.789737e-07,-0.0045827551
1.790737e-07,-0.0045497243
1.791737e-07,-0.0045267463
1.792737e-07,-0.0045217199
1.793737e-07,-0.0045324908
1.794737e-07,-0.0045525965
1.795737e-07,-0.0045727022
1.796737e-07,-0.0045856273
1.797737e-07,-0.0045913718
1.798737e-07,-0.004593526
1.799737e-07,-0.0045956801
1.800737e-07,-0.0045999885
1.801737e-07,-0.0046028608
1.802737e-07,-0.0045992705
1.803737e-07,-0.0045841912
1.804737e-07,-0.0045590591
1.805737e-07,-0.0045310547
1.806737e-07,-0.0045102309
1.807737e-07,-0.0045037684
1.808737e-07,-0.0045123851
1.809737e-07,-0.0045296186
1.810737e-07,-0.0045454159
1.811737e-07,-0.0045497243
1.812737e-07,-0.0045396714
1.813737e-07,-0.0045210018
1.814737e-07,-0.0045023323
1.815737e-07,-0.0044922794
1.816737e-07,-0.0044922794
1.817737e-07,-0.0044965878
1.818737e-07,-0.0044958697
1.819737e-07,-0.0044807904
1.820737e-07,-0.0044506319
1.821737e-07,-0.0044125747
1.822737e-07,-0.0043802619
1.823737e-07,-0.0043659007
1.824737e-07,-0.0043737994
1.825737e-07,-0.0043989315
1.826737e-07,-0.004427654
1.827737e-07,-0.0044463235
1.828737e-07,-0.0044463235
1.829737e-07,-0.0044269359
1.830737e-07,-0.0043967773
1.831737e-07,-0.0043659007
1.832737e-07,-0.0043422047
1.833737e-07,-0.0043271255
1.834737e-07,-0.0043170726
1.835737e-07,-0.0043084559
1.836737e-07,-0.0042991211
1.837737e-07,-0.0042919405
1.838737e-07,-0.0042933766
1.839737e-07,-0.0043084559
1.840737e-07,-0.0043350241
1.841737e-07,-0.0043651827
1.842737e-07,-0.0043860064
1.843737e-07,-0.0043888787
1.844737e-07,-0.0043709272
1.845737e-07,-0.0043386144
1.846737e-07,-0.0043063017
1.847737e-07,-0.0042854779
1.848737e-07,-0.0042833238
1.849737e-07,-0.0042962489
1.850737e-07,-0.0043163545
1.851737e-07,-0.0043314338
1.852737e-07,-0.0043371783
1.853737e-07,-0.0043350241
1.854737e-07,-0.004333588
1.855737e-07,-0.0043429228
1.856737e-07,-0.0043659007
1.857737e-07,-0.0043996496
1.858737e-07,-0.0044333984
1.859737e-07,-0.0044578125
1.860737e-07,-0.0044664292
1.861737e-07,-0.0044621209
1.862737e-07,-0.004452068
1.863737e-07,-0.0044463235
1.864737e-07,-0.0044491958
1.865737e-07,-0.0044599667
1.866737e-07,-0.0044728918
1.867737e-07,-0.0044807904
1.868737e-07,-0.0044822266
1.869737e-07,-0.0044815085
1.870737e-07,-0.0044865349
1.871737e-07,-0.0045037684
1.872737e-07,-0.004534645
1.873737e-07,-0.0045734203
1.874737e-07,-0.0046086052
1.875737e-07,-0.0046301471
1.876737e-07,-0.0046344554
1.877737e-07,-0.0046251206
1.878737e-07,-0.0046121955
1.879737e-07,-0.0046071691
1.880737e-07,-0.0046143497
1.881737e-07,-0.0046323012
1.882737e-07,-0.0046516889
1.883737e-07,-0.004664614
1.884737e-07,-0.0046667682
1.885737e-07,-0.0046588695
1.886737e-07,-0.0046488166
1.887737e-07,-0.004641636
1.888737e-07,-0.004640918
1.889737e-07,-0.0046423541
1.890737e-07,-0.0046401999
1.891737e-07,-0.0046301471
1.892737e-07,-0.0046136317
1.893737e-07,-0.0045985524
1.894737e-07,-0.004594244
1.895737e-07,-0.0046071691
1.896737e-07,-0.0046366096
1.897737e-07,-0.0046725126
1.898737e-07,-0.0047012351
1.899737e-07,-0.0047105699
1.900737e-07,-0.0046983628
1.901737e-07,-0.0046703585
1.902737e-07,-0.0046401999
1.903737e-07,-0.0046186581
1.904737e-07,-0.0046114775
1.905737e-07,-0.0046150678
1.906737e-07,-0.0046200942
1.907737e-07,-0.0046186581
1.908737e-07,-0.0046093233
1.909737e-07,-0.0045985524
1.910737e-07,-0.0045956801
1.911737e-07,-0.0046071691
1.912737e-07,-0.0046330193
1.913737e-07,-0.0046617417
1.914737e-07,-0.0046804113
1.915737e-07,-0.0046761029
1.916737e-07,-0.0046480986
1.917737e-07,-0.0046064511
1.918737e-07,-0.0045683938
1.919737e-07,-0.0045497243
1.920737e-07,-0.0045569049
1.921737e-07,-0.0045863454
1.922737e-07,-0.0046229665
1.923737e-07,-0.004653125
1.924737e-07,-0.0046682043
1.925737e-07,-0.0046689223
1.926737e-07,-0.004664614
1.927737e-07,-0.004664614
1.928737e-07,-0.0046732307
1.929737e-07,-0.0046861558
1.930737e-07,-0.0046940545
1.931737e-07,-0.0046875919
1.932737e-07,-0.004665332
1.933737e-07,-0.0046358915
1.934737e-07,-0.0046121955
1.935737e-07,-0.0046071691
1.936737e-07,-0.0046258387
1.937737e-07,-0.0046603056
1.938737e-07,-0.0046976448
1.939737e-07,-0.0047220588
1.940737e-07,-0.0047263672
1.941737e-07,-0.004712724
1.942737e-07,-0.0046919003
1.943737e-07,-0.0046761029
1.944737e-07,-0.0046710765
1.945737e-07,-0.0046732307
1.946737e-07,-0.0046739488
1.947737e-07,-0.004664614
1.948737e-07,-0.004641636
1.949737e-07,-0.0046121955
1.950737e-07,-0.0045892176
1.951737e-07,-0.0045841912
1.952737e-07,-0.0046014246
1.953737e-07,-0.0046344554
1.954737e-07,-0.0046682043
1.955737e-07,-0.0046875919
1.956737e-07,-0.0046840016
1.957737e-07,-0.0046617417
1.958737e-07,-0.0046308651
1.959737e-07,-0.0046071691
1.960737e-07,-0.0045985524
1.961737e-07,-0.0046035788
1.962737e-07,-0.0046143497
1.963737e-07,-0.0046186581
1.964737e-07,-0.0046121955
1.965737e-07,-0.0045971163
1.966737e-07,-0.0045834731
1.967737e-07,-0.0045841912
1.968737e-07,-0.0046028608
1.969737e-07,-0.0046351735
1.970737e-07,-0.0046689223
1.971737e-07,-0.0046875919
1.972737e-07,-0.0046840016
1.973737e-07,-0.0046588695
1.974737e-07,-0.0046244026
1.975737e-07,-0.0045956801
1.976737e-07,-0.0045849092
1.977737e-07,-0.0045956801
1.978737e-07,-0.0046222484
1.979737e-07,-0.004653125
1.980737e-07,-0.0046782571
1.981737e-07,-0.0046926183
1.982737e-07,-0.0046976448
1.983737e-07,-0.0046990809
1.984737e-07,-0.004700517
1.985737e-07,-0.0047033892
1.986737e-07,-0.0047041073
1.987737e-07,-0.0046990809
1.988737e-07,-0.00468831
1.989737e-07,-0.004676821
1.990737e-07,-0.0046703585
1.991737e-07,-0.0046761029
1.992737e-07,-0.0046954906
1.993737e-07,-0.0047227769
1.994737e-07,-0.0047493451
1.995737e-07,-0.0047680147
1.996737e-07,-0.0047744773
1.997737e-07,-0.0047737592
1.998737e-07,-0.0047730411
1.999737e-07,-0.0047795037
2.000737e-07,-0.004795301
2.001737e-07,-0.0048161248
2.002737e-07,-0.0048326402
2.003737e-07,-0.0048369485
2.004737e-07,-0.0048276137
2.005737e-07,-0.0048118164
2.006737e-07,-0.0047996094
2.007737e-07,-0.0048024816
2.008737e-07,-0.0048233054
2.009737e-07,-0.0048556181
2.010737e-07,-0.0048872128
2.011737e-07,-0.0049058824
2.012737e-07,-0.0049051643
2.013737e-07,-0.0048872128
2.014737e-07,-0.0048642348
2.015737e-07,-0.0048484375
2.016737e-07,-0.0048484375
2.017737e-07,-0.0048642348
2.018737e-07,-0.0048864947
2.019737e-07,-0.0049058824
2.020737e-07,-0.004913063
2.021737e-07,-0.0049073185
2.022737e-07,-0.0048943934
2.023737e-07,-0.0048829044
2.024737e-07,-0.004878596
2.025737e-07,-0.0048814683
2.026737e-07,-0.0048857767
2.027737e-07,-0.0048829044
2.028737e-07,-0.0048685432
2.029737e-07,-0.0048434111
2.030737e-07,-0.0048146886
2.031737e-07,-0.0047909926
2.032737e-07,-0.0047795037
2.033737e-07,-0.0047816579
2.034737e-07,-0.0047917107
2.035737e-07,-0.0048024816
2.036737e-07,-0.004807508
2.037737e-07,-0.0048053539
2.038737e-07,-0.0047981733
2.039737e-07,-0.0047909926
2.040737e-07,-0.0047866843
2.041737e-07,-0.004783812
2.042737e-07,-0.0047795037
2.043737e-07,-0.0047680147
2.044737e-07,-0.004747909
2.045737e-07,-0.0047234949
2.046737e-07,-0.004700517
2.047737e-07,-0.0046875919
2.048737e-07,-0.0046897461
2.049737e-07,-0.0047062615
2.050737e-07,-0.0047313936
2.051737e-07,-0.0047565257
2.052737e-07,-0.0047744773
2.053737e-07,-0.0047816579
2.054737e-07,-0.0047780676
2.055737e-07,-0.0047680147
2.056737e-07,-0.0047543716
2.057737e-07,-0.0047392923
2.058737e-07,-0.004724213
2.059737e-07,-0.0047105699
2.060737e-07,-0.0047012351
2.061737e-07,-0.004700517
2.062737e-07,-0.0047112879
2.063737e-07,-0.0047335478
2.064737e-07,-0.0047622702
2.065737e-07,-0.0047881204
2.066737e-07,-0.0048031997
2.067737e-07,-0.0048024816
2.068737e-07,-0.0047866843
2.069737e-07,-0.0047637063
2.070737e-07,-0.0047436006
2.071737e-07,-0.0047335478
2.072737e-07,-0.00473642
2.073737e-07,-0.004747909
2.074737e-07,-0.004760116
2.075737e-07,-0.0047680147
2.076737e-07,-0.0047694508
2.077737e-07,-0.0047672966
2.078737e-07,-0.0047694508
2.079737e-07,-0.0047795037
2.080737e-07,-0.0047967371
2.081737e-07,-0.0048154067
2.082737e-07,-0.0048268957
2.083737e-07,-0.0048254596
2.084737e-07,-0.0048103803
2.085737e-07,-0.0047881204
2.086737e-07,-0.0047672966
2.087737e-07,-0.0047565257
2.088737e-07,-0.0047565257
2.089737e-07,-0.0047629883
2.090737e-07,-0.0047687328
2.091737e-07,-0.0047680147
2.092737e-07,-0.0047615522
2.093737e-07,-0.0047543716
2.094737e-07,-0.0047558077
2.095737e-07,-0.0047680147
2.096737e-07,-0.0047895565
2.097737e-07,-0.0048096622
2.098737e-07,-0.0048168428
2.099737e-07,-0.0048024816
2.100737e-07,-0.0047680147
2.101737e-07,-0.004724213
2.102737e-07,-0.0046854377
2.103737e-07,-0.004664614
2.104737e-07,-0.004665332
2.105737e-07,-0.0046832835
2.106737e-07,-0.0047055434
2.107737e-07,-0.0047220588
2.108737e-07,-0.0047285214
2.109737e-07,-0.0047292394
2.110737e-07,-0.0047321117
2.111737e-07,-0.0047450368
2.112737e-07,-0.0047687328
2.113737e-07,-0.004795301
2.114737e-07,-0.0048132525
2.115737e-07,-0.0048139706
2.116737e-07,-0.0047960191
2.117737e-07,-0.0047694508
2.118737e-07,-0.004747909
2.119737e-07,-0.0047450368
2.120737e-07,-0.0047644244
2.121737e-07,-0.0047988913
2.122737e-07,-0.0048355124
2.123737e-07,-0.0048599265
2.124737e-07,-0.004865671
2.125737e-07,-0.0048563362
2.126737e-07,-0.004842693
2.127737e-07,-0.0048369485
2.128737e-07,-0.0048441291
2.129737e-07,-0.0048613626
2.130737e-07,-0.004877878
2.131737e-07,-0.0048829044
2.132737e-07,-0.0048735696
2.133737e-07,-0.0048549
2.134737e-07,-0.0048391027
2.135737e-07,-0.0048369485
2.136737e-07,-0.0048527459
2.137737e-07,-0.0048800322
2.138737e-07,-0.0049058824
2.139737e-07,-0.0049173713
2.140737e-07,-0.0049080365
2.141737e-07,-0.0048821864
2.142737e-07,-0.0048534639
2.143737e-07,-0.0048369485
2.144737e-07,-0.0048412569
2.145737e-07,-0.0048649529
2.146737e-07,-0.0048987017
2.147737e-07,-0.0049288603
2.148737e-07,-0.0049460937
2.149737e-07,-0.0049475299
2.150737e-07,-0.0049396312
2.151737e-07,-0.0049288603
2.152737e-07,-0.0049216797
2.153737e-07,-0.0049166533
2.154737e-07,-0.0049094727
2.155737e-07,-0.0048943934
2.156737e-07,-0.0048714154
2.157737e-07,-0.0048462833
2.158737e-07,-0.0048283318
2.159737e-07,-0.0048254596
2.160737e-07,-0.0048405388
2.161737e-07,-0.004866389
2.162737e-07,-0.0048915211
2.163737e-07,-0.0049058824
2.164737e-07,-0.0049051643
2.165737e-07,-0.0048943934
2.166737e-07,-0.0048836225
2.167737e-07,-0.0048829044
2.168737e-07,-0.0048951114
2.169737e-07,-0.0049144991
2.170737e-07,-0.0049295784
2.171737e-07,-0.0049288603
2.172737e-07,-0.0049080365
2.173737e-07,-0.0048750057
2.174737e-07,-0.004841975
2.175737e-07,-0.0048254596
2.176737e-07,-0.0048326402
2.177737e-07,-0.0048606445
2.178737e-07,-0.0048979837
2.179737e-07,-0.0049288603
2.180737e-07,-0.0049425034
2.181737e-07,-0.0049360409
2.182737e-07,-0.0049166533
2.183737e-07,-0.0048943934
2.184737e-07,-0.004878596
2.185737e-07,-0.0048714154
2.186737e-07,-0.0048714154
2.187737e-07,-0.0048714154
2.188737e-07,-0.0048692613
2.189737e-07,-0.0048649529
2.190737e-07,-0.0048642348
2.191737e-07,-0.0048714154
2.192737e-07,-0.0048872128
2.193737e-07,-0.0049073185
2.194737e-07,-0.0049238339
2.195737e-07,-0.0049288603
2.196737e-07,-0.0049202436
2.197737e-07,-0.004902292
2.198737e-07,-0.0048836225
2.199737e-07,-0.0048714154
2.200737e-07,-0.0048699793
2.201737e-07,-0.0048757238
2.202737e-07,-0.0048821864
2.203737e-07,-0.0048829044
2.204737e-07,-0.004877878
2.205737e-07,-0.0048728516
2.206737e-07,-0.0048764419
2.207737e-07,-0.0048943934
2.208737e-07,-0.0049259881
2.209737e-07,-0.0049626091
2.210737e-07,-0.0049898955
2.211737e-07,-0.0049977941
2.212737e-07,-0.0049834329
2.213737e-07,-0.0049554285
2.214737e-07,-0.0049288603
2.215737e-07,-0.0049173713
2.216737e-07,-0.0049288603
2.217737e-07,-0.0049597369
2.218737e-07,-0.0049992302
2.219737e-07,-0.005032261
2.220737e-07,-0.0050516487
2.221737e-07,-0.0050581112
2.222737e-07,-0.0050595473
2.223737e-07,-0.0050667279
2.224737e-07,-0.0050861156
2.225737e-07,-0.0051162741
2.226737e-07,-0.0051478688
2.227737e-07,-0.0051701287
2.228737e-07,-0.0051758732
2.229737e-07,-0.0051672564
2.230737e-07,-0.0051536133
2.231737e-07,-0.0051471507
2.232737e-07,-0.0051557675
2.233737e-07,-0.0051801815
2.234737e-07,-0.0052117762
2.235737e-07,-0.0052390625
2.236737e-07,-0.0052527057
2.237737e-07,-0.0052498334
2.238737e-07,-0.0052347541
2.239737e-07,-0.0052160846
2.240737e-07,-0.0052024414
2.241737e-07,-0.005197415
2.242737e-07,-0.0052002872
2.243737e-07,-0.0052045956
2.244737e-07,-0.0052074678
2.245737e-07,-0.0052081859
2.246737e-07,-0.005209622
2.247737e-07,-0.0052160846
2.248737e-07,-0.0052304458
2.249737e-07,-0.0052512695
2.250737e-07,-0.0052713752
2.251737e-07,-0.0052850184
2.252737e-07,-0.0052864545
2.253737e-07,-0.0052778378
2.254737e-07,-0.0052634766
2.255737e-07,-0.0052505515
2.256737e-07,-0.005245525
2.257737e-07,-0.0052498334
2.258737e-07,-0.0052606043
2.259737e-07,-0.0052735294
2.260737e-07,-0.0052835823
2.261737e-07,-0.0052900448
2.262737e-07,-0.0052936351
2.263737e-07,-0.0052965074
2.264737e-07,-0.0053000977
2.265737e-07,-0.0053022518
2.266737e-07,-0.0053015338
2.267737e-07,-0.0052965074
2.268737e-07,-0.0052871726
2.269737e-07,-0.0052778378
2.270737e-07,-0.0052728114
2.271737e-07,-0.0052735294
2.272737e-07,-0.005279992
2.273737e-07,-0.0052871726
2.274737e-07,-0.0052893267
2.275737e-07,-0.0052850184
2.276737e-07,-0.0052742475
2.277737e-07,-0.0052613224
2.278737e-07,-0.0052527057
2.279737e-07,-0.0052505515
2.280737e-07,-0.0052534237
2.281737e-07,-0.0052541418
2.282737e-07,-0.0052469612
2.283737e-07,-0.0052275735
2.284737e-07,-0.0052002872
2.285737e-07,-0.005173719
2.286737e-07,-0.0051579216
2.287737e-07,-0.0051586397
2.288737e-07,-0.005174437
2.289737e-07,-0.0051966969
2.290737e-07,-0.0052132123
2.291737e-07,-0.0052160846
2.292737e-07,-0.0052038775
2.293737e-07,-0.0051830538
2.294737e-07,-0.0051643842
2.295737e-07,-0.0051586397
2.296737e-07,-0.0051672564
2.297737e-07,-0.005185208
2.298737e-07,-0.0052038775
2.299737e-07,-0.0052160846
2.300737e-07,-0.0052196749
2.301737e-07,-0.005221829
2.302737e-07,-0.0052297277
2.303737e-07,-0.0052505515
2.304737e-07,-0.0052843003
2.305737e-07,-0.0053223575
2.306737e-07,-0.0053525161
2.307737e-07,-0.0053654412
2.308737e-07,-0.0053596967
2.309737e-07,-0.0053424632
2.310737e-07,-0.0053259478
2.311737e-07,-0.0053194853
2.312737e-07,-0.0053266659
2.313737e-07,-0.0053417452
2.314737e-07,-0.0053539522
2.315737e-07,-0.0053539522
2.316737e-07,-0.005339591
2.317737e-07,-0.0053194853
2.318737e-07,-0.0053051241
2.319737e-07,-0.0053079963
2.320737e-07,-0.0053302562
2.321737e-07,-0.0053625689
2.322737e-07,-0.0053912914
2.323737e-07,-0.0053999081
2.324737e-07,-0.0053833927
2.325737e-07,-0.0053460535
2.326737e-07,-0.005303688
2.327737e-07,-0.0052735294
2.328737e-07,-0.0052656307
2.329737e-07,-0.005279992
2.330737e-07,-0.0053065602
2.331737e-07,-0.0053309743
2.332737e-07,-0.0053424632
2.333737e-07,-0.0053381549
2.334737e-07,-0.0053230756
2.335737e-07,-0.0053079963
2.336737e-07,-0.0052986615
2.337737e-07,-0.0052957893
2.338737e-07,-0.0052943532
2.339737e-07,-0.0052850184
2.340737e-07,-0.0052641946
2.341737e-07,-0.005233318
2.342737e-07,-0.0052024414
2.343737e-07,-0.0051816176
2.344737e-07,-0.0051794635
2.345737e-07,-0.0051952608
2.346737e-07,-0.0052225471
2.347737e-07,-0.0052505515
2.348737e-07,-0.005269221
2.349737e-07,-0.0052756836
2.350737e-07,-0.0052713752
2.351737e-07,-0.0052620404
2.352737e-07,-0.0052534237
2.353737e-07,-0.0052462431
2.354737e-07,-0.0052390625
2.355737e-07,-0.0052275735
2.356737e-07,-0.0052117762
2.357737e-07,-0.0051952608
2.358737e-07,-0.0051830538
2.359737e-07,-0.0051816176
2.360737e-07,-0.0051931066
2.361737e-07,-0.0052139304
2.362737e-07,-0.0052354722
2.363737e-07,-0.0052505515
2.364737e-07,-0.0052548598
2.365737e-07,-0.0052498334
2.366737e-07,-0.0052419347
2.367737e-07,-0.0052390625
2.368737e-07,-0.005244807
2.369737e-07,-0.0052577321
2.370737e-07,-0.0052735294
2.371737e-07,-0.0052850184
2.372737e-07,-0.0052900448
2.373737e-07,-0.0052907629
2.374737e-07,-0.0052907629
2.375737e-07,-0.0052965074
2.376737e-07,-0.0053079963
2.377737e-07,-0.0053223575
2.378737e-07,-0.0053316923
2.379737e-07,-0.0053309743
2.380737e-07,-0.0053180492
2.381737e-07,-0.0052979435
2.382737e-07,-0.00528071
2.383737e-07,-0.0052735294
2.384737e-07,-0.0052814281
2.385737e-07,-0.0053015338
2.386737e-07,-0.0053245117
2.387737e-07,-0.0053424632
2.388737e-07,-0.0053489258
2.389737e-07,-0.0053431813
2.390737e-07,-0.0053316923
2.391737e-07,-0.0053194853
2.392737e-07,-0.0053115866
2.393737e-07,-0.0053079963
2.394737e-07,-0.005304406
2.395737e-07,-0.0052965074
2.396737e-07,-0.0052835823
2.397737e-07,-0.005268503
2.398737e-07,-0.0052555779
2.399737e-07,-0.0052505515
2.400737e-07,-0.0052541418
2.401737e-07,-0.0052627585
2.402737e-07,-0.0052713752
2.403737e-07,-0.0052735294
2.404737e-07,-0.005268503
2.405737e-07,-0.0052598863
2.406737e-07,-0.0052519876
2.407737e-07,-0.0052505515
2.408737e-07,-0.0052555779
2.409737e-07,-0.0052620404
2.410737e-07,-0.0052656307
2.411737e-07,-0.0052620404
2.412737e-07,-0.0052527057
2.413737e-07,-0.005244807
2.414737e-07,-0.0052462431
2.415737e-07,-0.0052620404
2.416737e-07,-0.0052907629
2.417737e-07,-0.0053252298
2.418737e-07,-0.0053525161
2.419737e-07,-0.0053654412
2.420737e-07,-0.0053611328
2.421737e-07,-0.0053460535
2.422737e-07,-0.0053288201
2.423737e-07,-0.0053194853
2.424737e-07,-0.0053202034
2.425737e-07,-0.0053266659
2.426737e-07,-0.0053316923
2.427737e-07,-0.0053309743
2.428737e-07,-0.0053237937
2.429737e-07,-0.0053173311
2.430737e-07,-0.0053216395
2.431737e-07,-0.0053424632
2.432737e-07,-0.0053776482
2.433737e-07,-0.0054164235
2.434737e-07,-0.0054429917
2.435737e-07,-0.005445864
2.436737e-07,-0.005422168
2.437737e-07,-0.0053805205
2.438737e-07,-0.0053367188
2.439737e-07,-0.0053079963
2.440737e-07,-0.005304406
2.441737e-07,-0.0053237937
2.442737e-07,-0.0053561064
2.443737e-07,-0.0053884191
2.444737e-07,-0.0054092429
2.445737e-07,-0.0054171415
2.446737e-07,-0.0054149874
2.447737e-07,-0.0054113971
2.448737e-07,-0.0054113971
2.449737e-07,-0.0054142693
2.450737e-07,-0.0054157054
2.451737e-07,-0.0054113971
2.452737e-07,-0.00539919
2.453737e-07,-0.0053841108
2.454737e-07,-0.0053740579
2.455737e-07,-0.0053769301
2.456737e-07,-0.0053948817
2.457737e-07,-0.005422886
2.458737e-07,-0.0054508904
2.459737e-07,-0.0054688419
2.460737e-07,-0.0054731503
2.461737e-07,-0.0054652516
2.462737e-07,-0.0054530446
2.463737e-07,-0.005445864
2.464737e-07,-0.005445864
2.465737e-07,-0.0054516085
2.466737e-07,-0.0054537626
2.467737e-07,-0.005445864
2.468737e-07,-0.0054264763
2.469737e-07,-0.0053999081
2.470737e-07,-0.0053762121
2.471737e-07,-0.0053654412
2.472737e-07,-0.0053711857
2.473737e-07,-0.0053891372
2.474737e-07,-0.0054099609
2.475737e-07,-0.005422886
2.476737e-07,-0.005422886
2.477737e-07,-0.0054121151
2.478737e-07,-0.0053977539
2.479737e-07,-0.0053884191
2.480737e-07,-0.0053877011
2.481737e-07,-0.0053927275
2.482737e-07,-0.0053955997
2.483737e-07,-0.0053884191
2.484737e-07,-0.0053683134
2.485737e-07,-0.0053410271
2.486737e-07,-0.0053173311
2.487737e-07,-0.0053079963
2.488737e-07,-0.0053173311
2.489737e-07,-0.0053410271
2.490737e-07,-0.0053690315
2.491737e-07,-0.0053884191
2.492737e-07,-0.0053920094
2.493737e-07,-0.0053790843
2.494737e-07,-0.0053589786
2.495737e-07,-0.0053424632
2.496737e-07,-0.0053367188
2.497737e-07,-0.0053446174
2.498737e-07,-0.0053604148
2.499737e-07,-0.0053769301
2.500737e-07,-0.0053877011
2.501737e-07,-0.0053905733
2.502737e-07,-0.0053891372
2.503737e-07,-0.0053884191
2.504737e-07,-0.0053912914
2.505737e-07,-0.0053970358
2.506737e-07,-0.0054013442
2.507737e-07,-0.0053999081
2.508737e-07,-0.0053920094
2.509737e-07,-0.0053812385
2.510737e-07,-0.0053740579
2.511737e-07,-0.0053769301
2.512737e-07,-0.0053905733
2.513737e-07,-0.0054121151
2.514737e-07,-0.0054329389
2.515737e-07,-0.005445864
2.516737e-07,-0.0054480182
2.517737e-07,-0.0054422737
2.518737e-07,-0.0054358111
2.519737e-07,-0.005434375
2.520737e-07,-0.0054408375
2.521737e-07,-0.0054508904
2.522737e-07,-0.0054587891
2.523737e-07,-0.0054573529
2.524737e-07,-0.005445864
2.525737e-07,-0.0054286305
2.526737e-07,-0.0054142693
2.527737e-07,-0.0054113971
2.528737e-07,-0.0054207318
2.529737e-07,-0.0054365292
2.530737e-07,-0.0054487362
2.531737e-07,-0.005445864
2.532737e-07,-0.0054243222
2.533737e-07,-0.005386983
2.534737e-07,-0.0053438994
2.535737e-07,-0.0053079963
2.536737e-07,-0.0052871726
2.537737e-07,-0.0052821461
2.538737e-07,-0.0052878906
2.539737e-07,-0.0052965074
2.540737e-07,-0.0053022518
2.541737e-07,-0.0053058421
2.542737e-07,-0.0053094324
2.543737e-07,-0.0053194853
2.544737e-07,-0.0053374368
2.545737e-07,-0.0053611328
2.546737e-07,-0.0053805205
2.547737e-07,-0.0053884191
2.548737e-07,-0.0053798024
2.549737e-07,-0.0053575425
2.550737e-07,-0.0053295381
2.551737e-07,-0.0053079963
2.552737e-07,-0.0053000977
2.553737e-07,-0.0053087144
2.554737e-07,-0.0053295381
2.555737e-07,-0.0053539522
2.556737e-07,-0.005374776
2.557737e-07,-0.0053877011
2.558737e-07,-0.0053948817
2.559737e-07,-0.0053999081
2.560737e-07,-0.0054078068
2.561737e-07,-0.0054192957
2.562737e-07,-0.0054329389
2.563737e-07,-0.005445864
2.564737e-07,-0.0054544807
2.565737e-07,-0.0054595071
2.566737e-07,-0.0054630974
2.567737e-07,-0.0054688419
2.568737e-07,-0.0054788948
2.569737e-07,-0.005493256
2.570737e-07,-0.0055097714
2.571737e-07,-0.0055262868
2.572737e-07,-0.005541366
2.573737e-07,-0.0055550092
2.574737e-07,-0.0055686523
2.575737e-07,-0.0055837316
2.576737e-07,-0.0055980928
2.577737e-07,-0.0056074276
2.578737e-07,-0.0056067096
2.579737e-07,-0.0055952206
2.580737e-07,-0.0055736788
2.581737e-07,-0.0055485466
2.582737e-07,-0.0055270048
2.583737e-07,-0.0055147978
2.584737e-07,-0.0055140797
2.585737e-07,-0.0055212603
2.586737e-07,-0.0055305951
2.587737e-07,-0.0055377757
2.588737e-07,-0.005541366
2.589737e-07,-0.0055420841
2.590737e-07,-0.0055442383
2.591737e-07,-0.0055492647
2.592737e-07,-0.0055542911
2.593737e-07,-0.0055550092
2.594737e-07,-0.0055463925
2.595737e-07,-0.0055262868
2.596737e-07,-0.0054997185
2.597737e-07,-0.0054774586
2.598737e-07,-0.0054688419
2.599737e-07,-0.0054803309
2.600737e-07,-0.0055104894
2.601737e-07,-0.0055485466
2.602737e-07,-0.0055808594
2.603737e-07,-0.0055952206
2.604737e-07,-0.005588758
2.605737e-07,-0.0055672162
2.606737e-07,-0.0055420841
2.607737e-07,-0.0055262868
2.608737e-07,-0.0055248506
2.609737e-07,-0.0055370577
2.610737e-07,-0.0055521369
2.611737e-07,-0.0055607537
2.612737e-07,-0.0055564453
2.613737e-07,-0.0055399299
2.614737e-07,-0.0055191062
2.615737e-07,-0.0055033088
2.616737e-07,-0.0054990005
2.617737e-07,-0.0055068991
2.618737e-07,-0.0055183881
2.619737e-07,-0.0055262868
2.620737e-07,-0.0055234145
2.621737e-07,-0.0055090533
2.622737e-07,-0.0054882295
2.623737e-07,-0.0054688419
2.624737e-07,-0.0054573529
2.625737e-07,-0.0054559168
2.626737e-07,-0.0054616613
2.627737e-07,-0.0054688419
2.628737e-07,-0.0054731503
2.629737e-07,-0.0054731503
2.630737e-07,-0.0054709961
2.631737e-07,-0.0054688419
2.632737e-07,-0.0054688419
2.633737e-07,-0.0054688419
2.634737e-07,-0.0054659697
2.635737e-07,-0.0054573529
2.636737e-07,-0.0054422737
2.637737e-07,-0.0054243222
2.638737e-07,-0.0054085248
2.639737e-07,-0.0053999081
2.640737e-07,-0.0053999081
2.641737e-07,-0.0054056526
2.642737e-07,-0.0054113971
2.643737e-07,-0.0054113971
2.644737e-07,-0.0054034984
2.645737e-07,-0.0053898552
2.646737e-07,-0.005375494
2.647737e-07,-0.0053654412
2.648737e-07,-0.0053611328
2.649737e-07,-0.0053604148
2.650737e-07,-0.0053589786
2.651737e-07,-0.0053539522
2.652737e-07,-0.0053446174
2.653737e-07,-0.0053345646
2.654737e-07,-0.0053288201
2.655737e-07,-0.0053309743
2.656737e-07,-0.005339591
2.657737e-07,-0.00535108
2.658737e-07,-0.0053568244
2.659737e-07,-0.0053539522
2.660737e-07,-0.0053417452
2.661737e-07,-0.0053259478
2.662737e-07,-0.0053130227
2.663737e-07,-0.0053079963
2.664737e-07,-0.0053108686
2.665737e-07,-0.005315895
2.666737e-07,-0.0053166131
2.667737e-07,-0.0053079963
2.668737e-07,-0.005292199
2.669737e-07,-0.0052764017
2.670737e-07,-0.0052720933
2.671737e-07,-0.0052850184
2.672737e-07,-0.0053144589
2.673737e-07,-0.0053503619
2.674737e-07,-0.0053783663
2.675737e-07,-0.0053884191
2.676737e-07,-0.005375494
2.677737e-07,-0.0053446174
2.678737e-07,-0.0053101505
2.679737e-07,-0.0052850184
2.680737e-07,-0.0052771197
2.681737e-07,-0.0052857364
2.682737e-07,-0.0053029699
2.683737e-07,-0.0053194853
2.684737e-07,-0.005327384
2.685737e-07,-0.0053266659
2.686737e-07,-0.0053223575
2.687737e-07,-0.0053194853
2.688737e-07,-0.0053216395
2.689737e-07,-0.0053266659
2.690737e-07,-0.005328102
2.691737e-07,-0.0053194853
2.692737e-07,-0.0053000977
2.693737e-07,-0.0052756836
2.694737e-07,-0.0052555779
2.695737e-07,-0.0052505515
2.696737e-07,-0.0052649127
2.697737e-07,-0.0052957893
2.698737e-07,-0.0053331284
2.699737e-07,-0.0053654412
2.700737e-07,-0.0053841108
2.701737e-07,-0.0053862649
2.702737e-07,-0.0053776482
2.703737e-07,-0.0053654412
2.704737e-07,-0.0053546703
2.705737e-07,-0.0053474897
2.706737e-07,-0.0053410271
2.707737e-07,-0.0053309743
2.708737e-07,-0.0053166131
2.709737e-07,-0.0052993796
2.710737e-07,-0.0052871726
2.711737e-07,-0.0052850184
2.712737e-07,-0.0052957893
2.713737e-07,-0.0053180492
2.714737e-07,-0.0053438994
2.715737e-07,-0.0053654412
2.716737e-07,-0.0053776482
2.717737e-07,-0.0053790843
2.718737e-07,-0.0053733398
2.719737e-07,-0.0053654412
2.720737e-07,-0.0053582606
2.721737e-07,-0.0053525161
2.722737e-07,-0.0053474897
2.723737e-07,-0.0053424632
2.724737e-07,-0.0053388729
2.725737e-07,-0.0053403091
2.726737e-07,-0.0053489258
2.727737e-07,-0.0053654412
2.728737e-07,-0.0053841108
2.729737e-07,-0.0053970358
2.730737e-07,-0.0053955997
2.731737e-07,-0.0053769301
2.732737e-07,-0.0053460535
2.733737e-07,-0.0053123047
2.734737e-07,-0.0052893267
2.735737e-07,-0.0052850184
2.736737e-07,-0.0052986615
2.737737e-07,-0.0053223575
2.738737e-07,-0.0053438994
2.739737e-07,-0.0053539522
2.740737e-07,-0.00535108
2.741737e-07,-0.0053417452
2.742737e-07,-0.0053360007
2.743737e-07,-0.0053424632
2.744737e-07,-0.0053625689
2.745737e-07,-0.0053884191
2.746737e-07,-0.0054078068
2.747737e-07,-0.0054113971
2.748737e-07,-0.0053970358
2.749737e-07,-0.0053719037
2.750737e-07,-0.0053496438
2.751737e-07,-0.0053424632
2.752737e-07,-0.0053546703
2.753737e-07,-0.0053819566
2.754737e-07,-0.0054128332
2.755737e-07,-0.005434375
2.756737e-07,-0.0054415556
2.757737e-07,-0.0054372472
2.758737e-07,-0.0054315028
2.759737e-07,-0.005434375
2.760737e-07,-0.0054516085
2.761737e-07,-0.0054788948
2.762737e-07,-0.0055076172
2.763737e-07,-0.0055262868
2.764737e-07,-0.005529159
2.765737e-07,-0.0055198242
2.766737e-07,-0.0055076172
2.767737e-07,-0.0055033088
2.768737e-07,-0.0055133617
2.769737e-07,-0.0055363396
2.770737e-07,-0.0055636259
2.771737e-07,-0.0055837316
2.772737e-07,-0.0055909122
2.773737e-07,-0.0055844497
2.774737e-07,-0.0055715246
2.775737e-07,-0.0055607537
2.776737e-07,-0.0055571634
2.777737e-07,-0.0055614717
2.778737e-07,-0.0055686523
2.779737e-07,-0.0055722426
2.780737e-07,-0.0055700885
2.781737e-07,-0.0055657801
2.782737e-07,-0.005564344
2.783737e-07,-0.0055722426
2.784737e-07,-0.0055901942
2.785737e-07,-0.005611736
2.786737e-07,-0.0056282514
2.787737e-07,-0.0056296875
2.788737e-07,-0.0056138902
2.789737e-07,-0.0055858858
2.790737e-07,-0.0055564453
2.791737e-07,-0.0055377757
2.792737e-07,-0.0055363396
2.793737e-07,-0.0055507008
2.794737e-07,-0.0055736788
2.795737e-07,-0.0055952206
2.796737e-07,-0.0056095818
2.797737e-07,-0.0056167624
2.798737e-07,-0.0056217888
2.799737e-07,-0.0056296875
2.800737e-07,-0.0056426126
2.801737e-07,-0.0056576919
2.802737e-07,-0.0056670267
2.803737e-07,-0.0056641544
2.804737e-07,-0.0056483571
2.805737e-07,-0.0056253791
2.806737e-07,-0.0056045554
2.807737e-07,-0.0055952206
2.808737e-07,-0.0056016831
2.809737e-07,-0.0056210708
2.810737e-07,-0.0056447668
2.811737e-07,-0.0056641544
2.812737e-07,-0.0056742073
2.813737e-07,-0.0056756434
2.814737e-07,-0.0056742073
2.815737e-07,-0.0056756434
2.816737e-07,-0.0056806698
2.817737e-07,-0.0056849782
2.818737e-07,-0.0056813879
2.819737e-07,-0.0056641544
2.820737e-07,-0.0056347139
2.821737e-07,-0.005600247
2.822737e-07,-0.0055722426
2.823737e-07,-0.0055607537
2.824737e-07,-0.0055693704
2.825737e-07,-0.0055930664
2.826737e-07,-0.0056210708
2.827737e-07,-0.0056411765
2.828737e-07,-0.0056483571
2.829737e-07,-0.0056440487
2.830737e-07,-0.005635432
2.831737e-07,-0.0056296875
2.832737e-07,-0.0056311236
2.833737e-07,-0.0056375862
2.834737e-07,-0.0056426126
2.835737e-07,-0.0056411765
2.836737e-07,-0.0056318417
2.837737e-07,-0.0056196347
2.838737e-07,-0.0056131721
2.839737e-07,-0.0056181985
2.840737e-07,-0.005635432
2.841737e-07,-0.0056569738
2.842737e-07,-0.0056734892
2.843737e-07,-0.0056756434
2.844737e-07,-0.0056612822
2.845737e-07,-0.00563615
2.846737e-07,-0.0056110179
2.847737e-07,-0.0055952206
2.848737e-07,-0.0055916303
2.849737e-07,-0.0055966567
2.850737e-07,-0.005600247
2.851737e-07,-0.0055952206
2.852737e-07,-0.0055815774
2.853737e-07,-0.005564344
2.854737e-07,-0.0055550092
2.855737e-07,-0.0055607537
2.856737e-07,-0.0055815774
2.857737e-07,-0.0056081457
2.858737e-07,-0.0056282514
2.859737e-07,-0.0056296875
2.860737e-07,-0.0056110179
2.861737e-07,-0.0055815774
2.862737e-07,-0.0055564453
2.863737e-07,-0.0055492647
2.864737e-07,-0.005565062
2.865737e-07,-0.0055980928
2.866737e-07,-0.0056325597
2.867737e-07,-0.0056526654
2.868737e-07,-0.0056505113
2.869737e-07,-0.0056296875
2.870737e-07,-0.0056024012
2.871737e-07,-0.0055837316
2.872737e-07,-0.0055830136
2.873737e-07,-0.005600247
2.874737e-07,-0.005623943
2.875737e-07,-0.0056411765
2.876737e-07,-0.0056411765
2.877737e-07,-0.005623225
2.878737e-07,-0.0055959386
2.879737e-07,-0.0055722426
2.880737e-07,-0.0055614717
2.881737e-07,-0.0055672162
2.882737e-07,-0.0055815774
2.883737e-07,-0.0055952206
2.884737e-07,-0.0055988109
2.885737e-07,-0.005588758
2.886737e-07,-0.0055693704
2.887737e-07,-0.0055492647
2.888737e-07,-0.0055356216
2.889737e-07,-0.0055305951
2.890737e-07,-0.0055334674
2.891737e-07,-0.0055377757
2.892737e-07,-0.0055399299
2.893737e-07,-0.0055384938
2.894737e-07,-0.0055363396
2.895737e-07,-0.0055377757
2.896737e-07,-0.0055442383
2.897737e-07,-0.0055535731
2.898737e-07,-0.0055607537
2.899737e-07,-0.0055607537
2.900737e-07,-0.0055514189
2.901737e-07,-0.0055349035
2.902737e-07,-0.005516952
2.903737e-07,-0.0055033088
2.904737e-07,-0.0054954102
2.905737e-07,-0.0054925379
2.906737e-07,-0.0054882295
2.907737e-07,-0.0054803309
2.908737e-07,-0.0054681239
2.909737e-07,-0.0054566349
2.910737e-07,-0.0054516085
2.911737e-07,-0.0054573529
2.912737e-07,-0.0054717142
2.913737e-07,-0.0054882295
2.914737e-07,-0.0054968463
2.915737e-07,-0.0054918199
2.916737e-07,-0.0054731503
2.917737e-07,-0.0054480182
2.918737e-07,-0.0054286305
2.919737e-07,-0.005422886
2.920737e-07,-0.0054336569
2.921737e-07,-0.0054559168
2.922737e-07,-0.0054781767
2.923737e-07,-0.0054918199
2.924737e-07,-0.0054925379
2.925737e-07,-0.0054853573
2.926737e-07,-0.0054781767
2.927737e-07,-0.0054803309
2.928737e-07,-0.005493974
2.929737e-07,-0.0055140797
2.930737e-07,-0.0055313132
2.931737e-07,-0.0055377757
2.932737e-07,-0.0055298771
2.933737e-07,-0.0055126436
2.934737e-07,-0.0054968463
2.935737e-07,-0.0054918199
2.936737e-07,-0.0055018727
2.937737e-07,-0.0055226965
2.938737e-07,-0.0055456744
2.939737e-07,-0.0055607537
2.940737e-07,-0.0055636259
2.941737e-07,-0.0055557273
2.942737e-07,-0.0055449563
2.943737e-07,-0.0055377757
2.944737e-07,-0.0055370577
2.945737e-07,-0.005541366
2.946737e-07,-0.0055428022
2.947737e-07,-0.0055377757
2.948737e-07,-0.0055262868
2.949737e-07,-0.0055133617
2.950737e-07,-0.0055076172
2.951737e-07,-0.0055147978
2.952737e-07,-0.0055334674
2.953737e-07,-0.0055550092
2.954737e-07,-0.0055664982
2.955737e-07,-0.0055607537
2.956737e-07,-0.0055356216
2.957737e-07,-0.0054997185
2.958737e-07,-0.0054659697
2.959737e-07,-0.005445864
2.960737e-07,-0.0054437098
2.961737e-07,-0.0054537626
2.962737e-07,-0.0054652516
2.963737e-07,-0.0054688419
2.964737e-07,-0.0054602252
2.965737e-07,-0.0054437098
2.966737e-07,-0.0054286305
2.967737e-07,-0.005422886
2.968737e-07,-0.0054286305
2.969737e-07,-0.0054394014
2.970737e-07,-0.0054437098
2.971737e-07,-0.005434375
2.972737e-07,-0.0054092429
2.973737e-07,-0.0053776482
2.974737e-07,-0.005351798
2.975737e-07,-0.0053424632
2.976737e-07,-0.0053532341
2.977737e-07,-0.0053762121
2.978737e-07,-0.0053999081
2.979737e-07,-0.0054113971
2.980737e-07,-0.0054078068
2.981737e-07,-0.0053934455
2.982737e-07,-0.0053798024
2.983737e-07,-0.0053769301
2.984737e-07,-0.0053862649
2.985737e-07,-0.0054006261
2.986737e-07,-0.0054085248
2.987737e-07,-0.0053999081
2.988737e-07,-0.0053740579
2.989737e-07,-0.0053417452
2.990737e-07,-0.0053187672
2.991737e-07,-0.0053194853
2.992737e-07,-0.0053474897
2.993737e-07,-0.0053934455
2.994737e-07,-0.0054394014
2.995737e-07,-0.0054688419
2.996737e-07,-0.0054717142
2.997737e-07,-0.0054508904
2.998737e-07,-0.005422168
2.999737e-07,-0.0053999081
3.000737e-07,-0.0053948817
3.001737e-07,-0.0054063706
3.002737e-07,-0.0054236041
3.003737e-07,-0.005434375
3.004737e-07,-0.0054315028
3.005737e-07,-0.0054171415
3.006737e-07,-0.0054027803
3.007737e-07,-0.0053999081
3.008737e-07,-0.0054157054
3.009737e-07,-0.005446582
3.010737e-07,-0.0054810489
3.011737e-07,-0.0055033088
3.012737e-07,-0.005505463
3.013737e-07,-0.0054867934
3.014737e-07,-0.0054587891
3.015737e-07,-0.005434375
3.016737e-07,-0.0054236041
3.017737e-07,-0.0054286305
3.018737e-07,-0.0054429917
3.019737e-07,-0.0054573529
3.020737e-07,-0.0054645335
3.021737e-07,-0.0054623794
3.022737e-07,-0.005458071
3.023737e-07,-0.0054573529
3.024737e-07,-0.0054638155
3.025737e-07,-0.0054753045
3.026737e-07,-0.0054839212
3.027737e-07,-0.0054803309
3.028737e-07,-0.0054609432
3.029737e-07,-0.0054307847
3.030737e-07,-0.005398472
3.031737e-07,-0.0053769301
3.032737e-07,-0.0053719037
3.033737e-07,-0.0053841108
3.034737e-07,-0.0054042165
3.035737e-07,-0.005422886
3.036737e-07,-0.0054336569
3.037737e-07,-0.0054358111
3.038737e-07,-0.005434375
3.039737e-07,-0.005434375
3.040737e-07,-0.0054386834
3.041737e-07,-0.0054451459
3.042737e-07,-0.005445864
3.043737e-07,-0.005434375
3.044737e-07,-0.005410679
3.045737e-07,-0.0053798024
3.046737e-07,-0.0053539522
3.047737e-07,-0.0053424632
3.048737e-07,-0.0053503619
3.049737e-07,-0.0053740579
3.050737e-07,-0.0054020623
3.051737e-07,-0.005422886
3.052737e-07,-0.0054286305
3.053737e-07,-0.0054200138
3.054737e-07,-0.0054034984
3.055737e-07,-0.0053884191
3.056737e-07,-0.0053819566
3.057737e-07,-0.0053833927
3.058737e-07,-0.0053877011
3.059737e-07,-0.0053884191
3.060737e-07,-0.0053812385
3.061737e-07,-0.0053690315
3.062737e-07,-0.0053575425
3.063737e-07,-0.0053539522
3.064737e-07,-0.0053618509
3.065737e-07,-0.0053790843
3.066737e-07,-0.005398472
3.067737e-07,-0.0054113971
3.068737e-07,-0.0054135512
3.069737e-07,-0.0054070887
3.070737e-07,-0.0053963178
3.071737e-07,-0.0053884191
3.072737e-07,-0.0053862649
3.073737e-07,-0.0053891372
3.074737e-07,-0.0053912914
3.075737e-07,-0.0053884191
3.076737e-07,-0.0053798024
3.077737e-07,-0.0053704676
3.078737e-07,-0.0053675954
3.079737e-07,-0.0053769301
3.080737e-07,-0.005398472
3.081737e-07,-0.0054257583
3.082737e-07,-0.0054480182
3.083737e-07,-0.0054573529
3.084737e-07,-0.0054494543
3.085737e-07,-0.0054286305
3.086737e-07,-0.0054049345
3.087737e-07,-0.0053884191
3.088737e-07,-0.0053841108
3.089737e-07,-0.0053905733
3.090737e-07,-0.0054020623
3.091737e-07,-0.0054113971
3.092737e-07,-0.0054142693
3.093737e-07,-0.0054121151
3.094737e-07,-0.0054092429
3.095737e-07,-0.0054113971
3.096737e-07,-0.0054178596
3.097737e-07,-0.0054243222
3.098737e-07,-0.0054236041
3.099737e-07,-0.0054113971
3.100737e-07,-0.0053891372
3.101737e-07,-0.0053647231
3.102737e-07,-0.0053503619
3.103737e-07,-0.0053539522
3.104737e-07,-0.0053769301
3.105737e-07,-0.0054128332
3.106737e-07,-0.0054473001
3.107737e-07,-0.0054688419
3.108737e-07,-0.0054709961
3.109737e-07,-0.0054551988
3.110737e-07,-0.0054322208
3.111737e-07,-0.0054113971
3.112737e-07,-0.0053999081
3.113737e-07,-0.0053977539
3.114737e-07,-0.0053999081
3.115737e-07,-0.0053999081
3.116737e-07,-0.0053963178
3.117737e-07,-0.0053912914
3.118737e-07,-0.0053905733
3.119737e-07,-0.0053999081
3.120737e-07,-0.0054185777
3.121737e-07,-0.0054408375
3.122737e-07,-0.0054559168
3.123737e-07,-0.0054573529
3.124737e-07,-0.0054437098
3.125737e-07,-0.0054200138
3.126737e-07,-0.005398472
3.127737e-07,-0.0053884191
3.128737e-07,-0.0053934455
3.129737e-07,-0.0054099609
3.130737e-07,-0.0054300666
3.131737e-07,-0.005445864
3.132737e-07,-0.0054537626
3.133737e-07,-0.005458071
3.134737e-07,-0.0054652516
3.135737e-07,-0.0054803309
3.136737e-07,-0.0055018727
3.137737e-07,-0.0055212603
3.138737e-07,-0.0055277229
3.139737e-07,-0.0055147978
3.140737e-07,-0.0054824851
3.141737e-07,-0.0054422737
3.142737e-07,-0.005410679
3.143737e-07,-0.0053999081
3.144737e-07,-0.0054157054
3.145737e-07,-0.0054494543
3.146737e-07,-0.0054882295
3.147737e-07,-0.0055147978
3.148737e-07,-0.0055212603
3.149737e-07,-0.0055083352
3.150737e-07,-0.0054867934
3.151737e-07,-0.0054688419
3.152737e-07,-0.0054609432
3.153737e-07,-0.0054623794
3.154737e-07,-0.0054645335
3.155737e-07,-0.0054573529
3.156737e-07,-0.0054372472
3.157737e-07,-0.0054078068
3.158737e-07,-0.0053798024
3.159737e-07,-0.0053654412
3.160737e-07,-0.0053719037
3.161737e-07,-0.0053963178
3.162737e-07,-0.0054293486
3.163737e-07,-0.0054573529
3.164737e-07,-0.0054709961
3.165737e-07,-0.00546956
3.166737e-07,-0.005458071
3.167737e-07,-0.005445864
3.168737e-07,-0.0054401195
3.169737e-07,-0.0054415556
3.170737e-07,-0.005445864
3.171737e-07,-0.005445864
3.172737e-07,-0.0054379653
3.173737e-07,-0.0054250402
3.174737e-07,-0.0054135512
3.175737e-07,-0.0054113971
3.176737e-07,-0.005422886
3.177737e-07,-0.0054451459
3.178737e-07,-0.0054709961
3.179737e-07,-0.0054918199
3.180737e-07,-0.0055011546
3.181737e-07,-0.0054982824
3.182737e-07,-0.0054896657
3.183737e-07,-0.0054803309
3.184737e-07,-0.0054745864
3.185737e-07,-0.0054709961
3.186737e-07,-0.0054666877
3.187737e-07,-0.0054573529
3.188737e-07,-0.0054437098
3.189737e-07,-0.0054315028
3.190737e-07,-0.0054264763
3.191737e-07,-0.005434375
3.192737e-07,-0.0054551988
3.193737e-07,-0.0054824851
3.194737e-07,-0.0055047449
3.195737e-07,-0.0055147978
3.196737e-07,-0.0055083352
3.197737e-07,-0.0054911018
3.198737e-07,-0.0054709961
3.199737e-07,-0.0054573529
3.200737e-07,-0.0054537626
3.201737e-07,-0.0054573529
3.202737e-07,-0.0054609432
3.203737e-07,-0.0054573529
3.204737e-07,-0.0054451459
3.205737e-07,-0.0054293486
3.206737e-07,-0.0054157054
3.207737e-07,-0.0054113971
3.208737e-07,-0.0054164235
3.209737e-07,-0.0054236041
3.210737e-07,-0.0054243222
3.211737e-07,-0.0054113971
3.212737e-07,-0.0053841108
3.213737e-07,-0.0053496438
3.214737e-07,-0.0053209214
3.215737e-07,-0.0053079963
3.216737e-07,-0.0053130227
3.217737e-07,-0.0053302562
3.218737e-07,-0.0053474897
3.219737e-07,-0.0053539522
3.220737e-07,-0.0053446174
3.221737e-07,-0.0053230756
3.222737e-07,-0.0053000977
3.223737e-07,-0.0052850184
3.224737e-07,-0.0052835823
3.225737e-07,-0.005292917
3.226737e-07,-0.005303688
3.227737e-07,-0.0053079963
3.228737e-07,-0.0053015338
3.229737e-07,-0.0052893267
3.230737e-07,-0.00528071
3.231737e-07,-0.0052850184
3.232737e-07,-0.005304406
3.233737e-07,-0.0053338465
3.234737e-07,-0.0053618509
3.235737e-07,-0.0053769301
3.236737e-07,-0.0053740579
3.237737e-07,-0.0053575425
3.238737e-07,-0.0053388729
3.239737e-07,-0.0053309743
3.240737e-07,-0.005339591
3.241737e-07,-0.005363287
3.242737e-07,-0.0053912914
3.243737e-07,-0.0054113971
3.244737e-07,-0.0054164235
3.245737e-07,-0.0054085248
3.246737e-07,-0.0053948817
3.247737e-07,-0.0053884191
3.248737e-07,-0.0053955997
3.249737e-07,-0.0054164235
3.250737e-07,-0.0054408375
3.251737e-07,-0.0054573529
3.252737e-07,-0.0054559168
3.253737e-07,-0.0054365292
3.254737e-07,-0.0054056526
3.255737e-07,-0.0053769301
3.256737e-07,-0.0053611328
3.257737e-07,-0.0053640051
3.258737e-07,-0.0053841108
3.259737e-07,-0.0054113971
3.260737e-07,-0.0054379653
3.261737e-07,-0.0054559168
3.262737e-07,-0.0054659697
3.263737e-07,-0.0054688419
3.264737e-07,-0.0054688419
3.265737e-07,-0.0054681239
3.266737e-07,-0.0054645335
3.267737e-07,-0.0054573529
3.268737e-07,-0.005445864
3.269737e-07,-0.0054322208
3.270737e-07,-0.005422168
3.271737e-07,-0.005422886
3.272737e-07,-0.0054372472
3.273737e-07,-0.0054638155
3.274737e-07,-0.0054961282
3.275737e-07,-0.0055262868
3.276737e-07,-0.0055471105
3.277737e-07,-0.0055557273
3.278737e-07,-0.0055550092
3.279737e-07,-0.0055492647
3.280737e-07,-0.0055449563
3.281737e-07,-0.0055435202
3.282737e-07,-0.0055456744
3.283737e-07,-0.0055492647
3.284737e-07,-0.0055514189
3.285737e-07,-0.005552855
3.286737e-07,-0.0055550092
3.287737e-07,-0.0055607537
3.288737e-07,-0.0055715246
3.289737e-07,-0.0055858858
3.290737e-07,-0.005599529
3.291737e-07,-0.0056067096
3.292737e-07,-0.0056052734
3.293737e-07,-0.0055945025
3.294737e-07,-0.0055779871
3.295737e-07,-0.0055607537
3.296737e-07,-0.0055463925
3.297737e-07,-0.0055370577
3.298737e-07,-0.0055313132
3.299737e-07,-0.0055262868
3.300737e-07,-0.0055212603
3.301737e-07,-0.0055162339
3.302737e-07,-0.0055126436
3.303737e-07,-0.0055147978
3.304737e-07,-0.0055226965
3.305737e-07,-0.0055356216
3.306737e-07,-0.0055499828
3.307737e-07,-0.0055607537
3.308737e-07,-0.0055657801
3.309737e-07,-0.0055636259
3.310737e-07,-0.0055571634
3.311737e-07,-0.0055492647
3.312737e-07,-0.0055435202
3.313737e-07,-0.0055399299
3.314737e-07,-0.0055384938
3.315737e-07,-0.0055377757
3.316737e-07,-0.0055363396
3.317737e-07,-0.0055349035
3.318737e-07,-0.0055349035
3.319737e-07,-0.0055377757
3.320737e-07,-0.0055428022
3.321737e-07,-0.0055485466
3.322737e-07,-0.0055514189
3.323737e-07,-0.0055492647
3.324737e-07,-0.005541366
3.325737e-07,-0.0055298771
3.326737e-07,-0.0055191062
3.327737e-07,-0.0055147978
3.328737e-07,-0.0055198242
3.329737e-07,-0.0055349035
3.330737e-07,-0.0055578814
3.331737e-07,-0.0055837316
3.332737e-07,-0.0056088637
3.333737e-07,-0.0056275333
3.334737e-07,-0.0056390223
3.335737e-07,-0.0056411765
3.336737e-07,-0.0056347139
3.337737e-07,-0.0056217888
3.338737e-07,-0.0056067096
3.339737e-07,-0.0055952206
3.340737e-07,-0.0055930664
3.341737e-07,-0.0056059915
3.342737e-07,-0.0056347139
3.343737e-07,-0.0056756434
3.344737e-07,-0.0057215993
3.345737e-07,-0.0057625287
3.346737e-07,-0.0057905331
3.347737e-07,-0.0058020221
3.348737e-07,-0.0058005859
3.349737e-07,-0.0057934053
3.350737e-07,-0.0057883789
3.351737e-07,-0.0057905331
3.352737e-07,-0.0058005859
3.353737e-07,-0.005813511
3.354737e-07,-0.0058235639
3.355737e-07,-0.005825
3.356737e-07,-0.0058192555
3.357737e-07,-0.005812793
3.358737e-07,-0.005812793
3.359737e-07,-0.005825
3.360737e-07,-0.0058501321
3.361737e-07,-0.0058824449
3.362737e-07,-0.0059111673
3.363737e-07,-0.0059284007
3.364737e-07,-0.0059284007
3.365737e-07,-0.0059140395
3.366737e-07,-0.0058917796
3.367737e-07,-0.0058709559
3.368737e-07,-0.0058580308
3.369737e-07,-0.0058551585
3.370737e-07,-0.005860903
3.371737e-07,-0.0058709559
3.372737e-07,-0.0058810087
3.373737e-07,-0.0058903435
3.374737e-07,-0.0058982422
3.375737e-07,-0.0059054228
3.376737e-07,-0.0059104492
3.377737e-07,-0.0059111673
3.378737e-07,-0.0059018325
3.379737e-07,-0.0058824449
3.380737e-07,-0.0058537224
3.381737e-07,-0.0058221278
3.382737e-07,-0.0057948415
3.383737e-07,-0.0057790441
3.384737e-07,-0.0057768899
3.385737e-07,-0.0057862247
3.386737e-07,-0.0058005859
3.387737e-07,-0.005813511
3.388737e-07,-0.0058221278
3.389737e-07,-0.005825
3.390737e-07,-0.0058257181
3.391737e-07,-0.005825
3.392737e-07,-0.0058228458
3.393737e-07,-0.0058171013
3.394737e-07,-0.0058027401
3.395737e-07,-0.0057790441
3.396737e-07,-0.0057488856
3.397737e-07,-0.0057201631
3.398737e-07,-0.0057007755
3.399737e-07,-0.0056986213
3.400737e-07,-0.0057129825
3.401737e-07,-0.0057388327
3.402737e-07,-0.0057639648
3.403737e-07,-0.0057790441
3.404737e-07,-0.0057790441
3.405737e-07,-0.0057646829
3.406737e-07,-0.0057431411
3.407737e-07,-0.0057215993
3.408737e-07,-0.00570652
3.409737e-07,-0.0056979033
3.410737e-07,-0.0056928768
3.411737e-07,-0.0056871324
3.412737e-07,-0.0056785156
3.413737e-07,-0.0056691808
3.414737e-07,-0.0056634364
3.415737e-07,-0.0056641544
3.416737e-07,-0.0056727711
3.417737e-07,-0.0056856962
3.418737e-07,-0.0056964671
3.419737e-07,-0.0056986213
3.420737e-07,-0.0056900046
3.421737e-07,-0.0056727711
3.422737e-07,-0.0056548196
3.423737e-07,-0.0056411765
3.424737e-07,-0.00563615
3.425737e-07,-0.0056375862
3.426737e-07,-0.0056411765
3.427737e-07,-0.0056411765
3.428737e-07,-0.0056347139
3.429737e-07,-0.005623943
3.430737e-07,-0.0056131721
3.431737e-07,-0.0056067096
3.432737e-07,-0.0056067096
3.433737e-07,-0.005611736
3.434737e-07,-0.0056167624
3.435737e-07,-0.0056181985
3.436737e-07,-0.0056146082
3.437737e-07,-0.0056088637
3.438737e-07,-0.0056052734
3.439737e-07,-0.0056067096
3.440737e-07,-0.0056131721
3.441737e-07,-0.0056203527
3.442737e-07,-0.005623225
3.443737e-07,-0.0056181985
3.444737e-07,-0.0056059915
3.445737e-07,-0.0055916303
3.446737e-07,-0.0055830136
3.447737e-07,-0.0055837316
3.448737e-07,-0.0055945025
3.449737e-07,-0.0056081457
3.450737e-07,-0.0056181985
3.451737e-07,-0.0056181985
3.452737e-07,-0.0056095818
3.453737e-07,-0.0055988109
3.454737e-07,-0.0055952206
3.455737e-07,-0.0056067096
3.456737e-07,-0.0056325597
3.457737e-07,-0.0056663086
3.458737e-07,-0.0056957491
3.459737e-07,-0.0057101103
3.460737e-07,-0.0057058019
3.461737e-07,-0.0056864143
3.462737e-07,-0.0056620002
3.463737e-07,-0.0056411765
3.464737e-07,-0.0056311236
3.465737e-07,-0.0056311236
3.466737e-07,-0.00563615
3.467737e-07,-0.0056411765
3.468737e-07,-0.0056447668
3.469737e-07,-0.0056497932
3.470737e-07,-0.0056627183
3.471737e-07,-0.0056871324
3.472737e-07,-0.0057223173
3.473737e-07,-0.0057603745
3.474737e-07,-0.005789815
3.475737e-07,-0.0058020221
3.476737e-07,-0.0057941234
3.477737e-07,-0.0057725816
3.478737e-07,-0.0057481675
3.479737e-07,-0.0057330882
3.480737e-07,-0.0057338063
3.481737e-07,-0.0057481675
3.482737e-07,-0.0057704274
3.483737e-07,-0.0057905331
3.484737e-07,-0.0058041762
3.485737e-07,-0.0058106388
3.486737e-07,-0.0058163833
3.487737e-07,-0.005825
3.488737e-07,-0.0058386432
3.489737e-07,-0.0058537224
3.490737e-07,-0.0058623392
3.491737e-07,-0.0058594669
3.492737e-07,-0.0058436696
3.493737e-07,-0.0058214097
3.494737e-07,-0.0058005859
3.495737e-07,-0.0057905331
3.496737e-07,-0.0057934053
3.497737e-07,-0.0058056124
3.498737e-07,-0.0058185375
3.499737e-07,-0.005825
3.500737e-07,-0.0058221278
3.501737e-07,-0.0058142291
3.502737e-07,-0.0058084846
3.503737e-07,-0.005813511
3.504737e-07,-0.0058293084
3.505737e-07,-0.0058508502
3.506737e-07,-0.0058680836
3.507737e-07,-0.0058709559
3.508737e-07,-0.0058573127
3.509737e-07,-0.0058321806
3.510737e-07,-0.0058063304
3.511737e-07,-0.0057905331
3.512737e-07,-0.0057912511
3.513737e-07,-0.0058063304
3.514737e-07,-0.0058278722
3.515737e-07,-0.0058479779
3.516737e-07,-0.0058616211
3.517737e-07,-0.0058680836
3.518737e-07,-0.0058738281
3.519737e-07,-0.0058824449
3.520737e-07,-0.0058939338
3.521737e-07,-0.0059018325
3.522737e-07,-0.0058996783
3.523737e-07,-0.0058824449
3.524737e-07,-0.0058515682
3.525737e-07,-0.0058185375
3.526737e-07,-0.0057984318
3.527737e-07,-0.0058020221
3.528737e-07,-0.0058336167
3.529737e-07,-0.005883881
3.530737e-07,-0.0059370175
3.531737e-07,-0.0059743566
3.532737e-07,-0.0059851275
3.533737e-07,-0.0059693302
3.534737e-07,-0.0059377355
3.535737e-07,-0.0059054228
3.536737e-07,-0.0058860352
3.537737e-07,-0.0058831629
3.538737e-07,-0.0058924977
3.539737e-07,-0.0059054228
3.540737e-07,-0.0059118853
3.541737e-07,-0.005908295
3.542737e-07,-0.005896088
3.543737e-07,-0.0058824449
3.544737e-07,-0.0058731101
3.545737e-07,-0.0058716739
3.546737e-07,-0.0058759823
3.547737e-07,-0.0058824449
3.548737e-07,-0.0058881893
3.549737e-07,-0.0058932158
3.550737e-07,-0.0058982422
3.551737e-07,-0.0059054228
3.552737e-07,-0.0059140395
3.553737e-07,-0.0059205021
3.554737e-07,-0.0059190659
3.555737e-07,-0.0059054228
3.556737e-07,-0.0058817268
3.557737e-07,-0.0058537224
3.558737e-07,-0.0058321806
3.559737e-07,-0.005825
3.560737e-07,-0.0058336167
3.561737e-07,-0.0058537224
3.562737e-07,-0.0058731101
3.563737e-07,-0.0058824449
3.564737e-07,-0.0058752642
3.565737e-07,-0.0058551585
3.566737e-07,-0.0058307445
3.567737e-07,-0.005813511
3.568737e-07,-0.0058120749
3.569737e-07,-0.0058278722
3.570737e-07,-0.0058544405
3.571737e-07,-0.0058824449
3.572737e-07,-0.0059018325
3.573737e-07,-0.0059090131
3.574737e-07,-0.0059047047
3.575737e-07,-0.0058939338
3.576737e-07,-0.0058817268
3.577737e-07,-0.0058709559
3.578737e-07,-0.0058637753
3.579737e-07,-0.0058594669
3.580737e-07,-0.0058580308
3.581737e-07,-0.0058616211
3.582737e-07,-0.0058731101
3.583737e-07,-0.0058939338
3.584737e-07,-0.0059212201
3.585737e-07,-0.0059506606
3.586737e-07,-0.0059736386
3.587737e-07,-0.0059858456
3.588737e-07,-0.0059851275
3.589737e-07,-0.0059743566
3.590737e-07,-0.0059614315
3.591737e-07,-0.0059513787
3.592737e-07,-0.0059485064
3.593737e-07,-0.0059513787
3.594737e-07,-0.0059571232
3.595737e-07,-0.0059628676
3.596737e-07,-0.005967176
3.597737e-07,-0.0059743566
3.598737e-07,-0.0059872817
3.599737e-07,-0.0060088235
3.600737e-07,-0.0060368279
3.601737e-07,-0.0060641142
3.602737e-07,-0.0060835018
3.603737e-07,-0.0060892463
3.604737e-07,-0.0060820657
3.605737e-07,-0.0060677045
3.606737e-07,-0.0060562155
3.607737e-07,-0.0060547794
3.608737e-07,-0.0060655503
3.609737e-07,-0.006085656
3.610737e-07,-0.0061071978
3.611737e-07,-0.0061237132
3.612737e-07,-0.006133048
3.613737e-07,-0.0061380744
3.614737e-07,-0.0061452551
3.615737e-07,-0.0061581801
3.616737e-07,-0.0061761317
3.617737e-07,-0.006191929
3.618737e-07,-0.0061962374
3.619737e-07,-0.0061811581
3.620737e-07,-0.0061474092
3.621737e-07,-0.0061036075
3.622737e-07,-0.0060641142
3.623737e-07,-0.0060432904
3.624737e-07,-0.0060468807
3.625737e-07,-0.0060712948
3.626737e-07,-0.0061057617
3.627737e-07,-0.0061352022
3.628737e-07,-0.0061495634
3.629737e-07,-0.0061466912
3.630737e-07,-0.0061316119
3.631737e-07,-0.0061122243
3.632737e-07,-0.006097145
3.633737e-07,-0.0060892463
3.634737e-07,-0.006084938
3.635737e-07,-0.0060777574
3.636737e-07,-0.0060626781
3.637737e-07,-0.0060389821
3.638737e-07,-0.0060109777
3.639737e-07,-0.0059858456
3.640737e-07,-0.0059693302
3.641737e-07,-0.0059621496
3.642737e-07,-0.0059614315
3.643737e-07,-0.0059628676
3.644737e-07,-0.0059607135
3.645737e-07,-0.0059528148
3.646737e-07,-0.0059406078
3.647737e-07,-0.0059284007
3.648737e-07,-0.0059176298
3.649737e-07,-0.0059097312
3.650737e-07,-0.0059018325
3.651737e-07,-0.0058939338
3.652737e-07,-0.0058853171
3.653737e-07,-0.0058781365
3.654737e-07,-0.0058767004
3.655737e-07,-0.0058824449
3.656737e-07,-0.0058946519
3.657737e-07,-0.005908295
3.658737e-07,-0.0059176298
3.659737e-07,-0.0059169118
3.660737e-07,-0.0059061409
3.661737e-07,-0.0058881893
3.662737e-07,-0.0058709559
3.663737e-07,-0.0058594669
3.664737e-07,-0.0058565947
3.665737e-07,-0.005860903
3.666737e-07,-0.0058666475
3.667737e-07,-0.0058709559
3.668737e-07,-0.0058716739
3.669737e-07,-0.0058709559
3.670737e-07,-0.0058738281
3.671737e-07,-0.0058824449
3.672737e-07,-0.0058953699
3.673737e-07,-0.005908295
3.674737e-07,-0.0059126034
3.675737e-07,-0.0059054228
3.676737e-07,-0.0058874713
3.677737e-07,-0.0058652114
3.678737e-07,-0.0058494141
3.679737e-07,-0.0058479779
3.680737e-07,-0.0058644933
3.681737e-07,-0.0058932158
3.682737e-07,-0.0059255285
3.683737e-07,-0.0059513787
3.684737e-07,-0.0059628676
3.685737e-07,-0.0059599954
3.686737e-07,-0.0059470703
3.687737e-07,-0.0059284007
3.688737e-07,-0.0059097312
3.689737e-07,-0.0058917796
3.690737e-07,-0.0058752642
3.691737e-07,-0.0058594669
3.692737e-07,-0.0058472599
3.693737e-07,-0.0058429515
3.694737e-07,-0.0058508502
3.695737e-07,-0.0058709559
3.696737e-07,-0.0058989602
3.697737e-07,-0.0059262466
3.698737e-07,-0.0059413258
3.699737e-07,-0.0059398897
3.700737e-07,-0.0059219382
3.701737e-07,-0.005896088
3.702737e-07,-0.005872392
3.703737e-07,-0.0058594669
3.704737e-07,-0.0058587489
3.705737e-07,-0.0058659295
3.706737e-07,-0.005872392
3.707737e-07,-0.0058709559
3.708737e-07,-0.0058623392
3.709737e-07,-0.0058501321
3.710737e-07,-0.0058443876
3.711737e-07,-0.0058479779
3.712737e-07,-0.005860185
3.713737e-07,-0.005872392
3.714737e-07,-0.0058745462
3.715737e-07,-0.0058594669
3.716737e-07,-0.0058300264
3.717737e-07,-0.0057962776
3.718737e-07,-0.0057718635
3.719737e-07,-0.0057675551
3.720737e-07,-0.0057840705
3.721737e-07,-0.005812793
3.722737e-07,-0.0058386432
3.723737e-07,-0.0058479779
3.724737e-07,-0.0058379251
3.725737e-07,-0.0058156652
3.726737e-07,-0.0057948415
3.727737e-07,-0.0057905331
3.728737e-07,-0.0058070485
3.729737e-07,-0.0058379251
3.730737e-07,-0.0058680836
3.731737e-07,-0.0058824449
3.732737e-07,-0.0058716739
3.733737e-07,-0.0058386432
3.734737e-07,-0.0057984318
3.735737e-07,-0.0057675551
3.736737e-07,-0.0057596565
3.737737e-07,-0.0057768899
3.738737e-07,-0.0058113568
3.739737e-07,-0.0058479779
3.740737e-07,-0.0058738281
3.741737e-07,-0.0058817268
3.742737e-07,-0.0058745462
3.743737e-07,-0.0058594669
3.744737e-07,-0.0058451057
3.745737e-07,-0.0058350528
3.746737e-07,-0.0058300264
3.747737e-07,-0.005825
3.748737e-07,-0.0058171013
3.749737e-07,-0.0058056124
3.750737e-07,-0.0057955595
3.751737e-07,-0.0057905331
3.752737e-07,-0.0057941234
3.753737e-07,-0.0058048943
3.754737e-07,-0.0058171013
3.755737e-07,-0.005825
3.756737e-07,-0.0058242819
3.757737e-07,-0.0058142291
3.758737e-07,-0.0057977137
3.759737e-07,-0.0057790441
3.760737e-07,-0.0057589384
3.761737e-07,-0.0057366785
3.762737e-07,-0.0057093922
3.763737e-07,-0.0056756434
3.764737e-07,-0.0056390223
3.765737e-07,-0.0056052734
3.766737e-07,-0.0055815774
3.767737e-07,-0.0055722426
3.768737e-07,-0.005575833
3.769737e-07,-0.0055851677
3.770737e-07,-0.0055901942
3.771737e-07,-0.0055837316
3.772737e-07,-0.005565062
3.773737e-07,-0.0055392119
3.774737e-07,-0.0055162339
3.775737e-07,-0.0055033088
3.776737e-07,-0.0055025908
3.777737e-07,-0.0055097714
3.778737e-07,-0.0055155159
3.779737e-07,-0.0055147978
3.780737e-07,-0.005505463
3.781737e-07,-0.005493974
3.782737e-07,-0.0054875115
3.783737e-07,-0.0054918199
3.784737e-07,-0.0055068991
3.785737e-07,-0.0055255687
3.786737e-07,-0.0055384938
3.787737e-07,-0.0055377757
3.788737e-07,-0.0055255687
3.789737e-07,-0.0055097714
3.790737e-07,-0.0055033088
3.791737e-07,-0.0055147978
3.792737e-07,-0.0055442383
3.793737e-07,-0.0055822955
3.794737e-07,-0.0056153263
3.795737e-07,-0.0056296875
3.796737e-07,-0.005623225
3.797737e-07,-0.0056038373
3.798737e-07,-0.0055858858
3.799737e-07,-0.0055837316
3.800737e-07,-0.0056031193
3.801737e-07,-0.0056397403
3.802737e-07,-0.0056806698
3.803737e-07,-0.0057101103
3.804737e-07,-0.0057208812
3.805737e-07,-0.0057151367
3.806737e-07,-0.0057036477
3.807737e-07,-0.0056986213
3.808737e-07,-0.0057086742
3.809737e-07,-0.0057323702
3.810737e-07,-0.0057596565
3.811737e-07,-0.0057790441
3.812737e-07,-0.0057811983
3.813737e-07,-0.0057668371
3.814737e-07,-0.0057431411
3.815737e-07,-0.0057215993
3.816737e-07,-0.0057108284
3.817737e-07,-0.0057129825
3.818737e-07,-0.0057223173
3.819737e-07,-0.0057330882
3.820737e-07,-0.0057388327
3.821737e-07,-0.0057388327
3.822737e-07,-0.0057388327
3.823737e-07,-0.0057445772
3.824737e-07,-0.0057589384
3.825737e-07,-0.0057783261
3.826737e-07,-0.0057955595
3.827737e-07,-0.0058020221
3.828737e-07,-0.0057934053
3.829737e-07,-0.0057711455
3.830737e-07,-0.0057438591
3.831737e-07,-0.0057215993
3.832737e-07,-0.0057108284
3.833737e-07,-0.0057122645
3.834737e-07,-0.0057215993
3.835737e-07,-0.0057330882
3.836737e-07,-0.005742423
3.837737e-07,-0.0057496036
3.838737e-07,-0.0057567842
3.839737e-07,-0.0057675551
3.840737e-07,-0.0057804802
3.841737e-07,-0.0057912511
3.842737e-07,-0.0057926873
3.843737e-07,-0.0057790441
3.844737e-07,-0.0057503217
3.845737e-07,-0.0057129825
3.846737e-07,-0.0056770795
3.847737e-07,-0.0056526654
3.848737e-07,-0.0056433307
3.849737e-07,-0.005646921
3.850737e-07,-0.0056562557
3.851737e-07,-0.0056641544
3.852737e-07,-0.0056677447
3.853737e-07,-0.0056677447
3.854737e-07,-0.0056691808
3.855737e-07,-0.0056756434
3.856737e-07,-0.0056871324
3.857737e-07,-0.0056971852
3.858737e-07,-0.0056993394
3.859737e-07,-0.0056871324
3.860737e-07,-0.0056627183
3.861737e-07,-0.0056325597
3.862737e-07,-0.0056074276
3.863737e-07,-0.0055952206
3.864737e-07,-0.0055980928
3.865737e-07,-0.0056102999
3.866737e-07,-0.005623225
3.867737e-07,-0.0056296875
3.868737e-07,-0.0056289694
3.869737e-07,-0.0056268153
3.870737e-07,-0.0056289694
3.871737e-07,-0.0056411765
3.872737e-07,-0.005659846
3.873737e-07,-0.0056763614
3.874737e-07,-0.0056799517
3.875737e-07,-0.0056641544
3.876737e-07,-0.0056339959
3.877737e-07,-0.0056016831
3.878737e-07,-0.0055851677
3.879737e-07,-0.0055952206
3.880737e-07,-0.0056325597
3.881737e-07,-0.0056842601
3.882737e-07,-0.0057316521
3.883737e-07,-0.0057560662
3.884737e-07,-0.0057517578
3.885737e-07,-0.0057237534
3.886737e-07,-0.0056892865
3.887737e-07,-0.0056641544
3.888737e-07,-0.005659128
3.889737e-07,-0.0056727711
3.890737e-07,-0.005694313
3.891737e-07,-0.0057101103
3.892737e-07,-0.0057115464
3.893737e-07,-0.0056979033
3.894737e-07,-0.0056792337
3.895737e-07,-0.0056641544
3.896737e-07,-0.005659846
3.897737e-07,-0.0056648725
3.898737e-07,-0.0056727711
3.899737e-07,-0.0056756434
3.900737e-07,-0.0056698989
3.901737e-07,-0.0056584099
3.902737e-07,-0.0056505113
3.903737e-07,-0.0056526654
3.904737e-07,-0.0056663086
3.905737e-07,-0.0056856962
3.906737e-07,-0.0056993394
3.907737e-07,-0.0056986213
3.908737e-07,-0.0056806698
3.909737e-07,-0.0056533835
3.910737e-07,-0.0056282514
3.911737e-07,-0.0056181985
3.912737e-07,-0.0056260972
3.913737e-07,-0.005646921
3.914737e-07,-0.0056677447
3.915737e-07,-0.0056756434
3.916737e-07,-0.0056663086
3.917737e-07,-0.0056433307
3.918737e-07,-0.0056196347
3.919737e-07,-0.0056067096
3.920737e-07,-0.0056110179
3.921737e-07,-0.0056289694
3.922737e-07,-0.0056505113
3.923737e-07,-0.0056641544
3.924737e-07,-0.0056641544
3.925737e-07,-0.0056541016
3.926737e-07,-0.0056433307
3.927737e-07,-0.0056411765
3.928737e-07,-0.0056512293
3.929737e-07,-0.0056691808
3.930737e-07,-0.0056849782
3.931737e-07,-0.0056871324
3.932737e-07,-0.0056734892
3.933737e-07,-0.0056490751
3.934737e-07,-0.0056268153
3.935737e-07,-0.0056181985
3.936737e-07,-0.0056296875
3.937737e-07,-0.0056562557
3.938737e-07,-0.0056878504
3.939737e-07,-0.0057101103
3.940737e-07,-0.0057165728
3.941737e-07,-0.0057093922
3.942737e-07,-0.0056957491
3.943737e-07,-0.0056871324
3.944737e-07,-0.0056885685
3.945737e-07,-0.0057000574
3.946737e-07,-0.0057129825
3.947737e-07,-0.0057215993
3.948737e-07,-0.0057223173
3.949737e-07,-0.0057201631
3.950737e-07,-0.0057215993
3.951737e-07,-0.0057330882
3.952737e-07,-0.005753912
3.953737e-07,-0.0057761719
3.954737e-07,-0.0057876608
3.955737e-07,-0.0057790441
3.956737e-07,-0.0057510398
3.957737e-07,-0.0057144187
3.958737e-07,-0.0056842601
3.959737e-07,-0.0056756434
3.960737e-07,-0.0056928768
3.961737e-07,-0.0057287799
3.962737e-07,-0.0057668371
3.963737e-07,-0.0057905331
3.964737e-07,-0.0057912511
3.965737e-07,-0.0057732996
3.966737e-07,-0.0057488856
3.967737e-07,-0.0057330882
3.968737e-07,-0.0057359605
3.969737e-07,-0.0057560662
3.970737e-07,-0.0057833525
3.971737e-07,-0.0058020221
3.972737e-07,-0.0058041762
3.973737e-07,-0.005789815
3.974737e-07,-0.0057697093
3.975737e-07,-0.0057560662
3.976737e-07,-0.0057603745
3.977737e-07,-0.0057847886
3.978737e-07,-0.0058214097
3.979737e-07,-0.0058594669
3.980737e-07,-0.0058889074
3.981737e-07,-0.0059054228
3.982737e-07,-0.0059126034
3.983737e-07,-0.0059169118
3.984737e-07,-0.0059226563
3.985737e-07,-0.005931273
3.986737e-07,-0.0059384536
3.987737e-07,-0.0059398897
3.988737e-07,-0.0059341452
3.989737e-07,-0.0059248104
3.990737e-07,-0.0059205021
3.991737e-07,-0.0059284007
3.992737e-07,-0.0059520967
3.993737e-07,-0.0059872817
3.994737e-07,-0.0060253389
3.995737e-07,-0.0060547794
3.996737e-07,-0.0060698587
3.997737e-07,-0.0060712948
3.998737e-07,-0.0060633961
3.999737e-07,-0.0060547794
4.000737e-07,-0.0060490349
4.001737e-07,-0.0060461627
4.002737e-07,-0.0060418543
4.003737e-07,-0.0060318015
4.004737e-07,-0.006014568
4.005737e-07,-0.0059944623
4.006737e-07,-0.005979383
4.007737e-07,-0.0059743566
4.008737e-07,-0.0059815372
4.009737e-07,-0.0059951804
4.010737e-07,-0.0060073874
4.011737e-07,-0.0060088235
4.012737e-07,-0.0059973346
4.013737e-07,-0.0059757927
4.014737e-07,-0.0059542509
4.015737e-07,-0.0059398897
4.016737e-07,-0.0059370175
4.017737e-07,-0.0059420439
4.018737e-07,-0.0059492245
4.019737e-07,-0.0059513787
4.020737e-07,-0.0059463523
4.021737e-07,-0.0059384536
4.022737e-07,-0.0059348633
4.023737e-07,-0.0059398897
4.024737e-07,-0.0059542509
4.025737e-07,-0.0059714844
4.026737e-07,-0.0059808192
4.027737e-07,-0.0059743566
4.028737e-07,-0.0059506606
4.029737e-07,-0.0059169118
4.030737e-07,-0.0058867532
4.031737e-07,-0.0058709559
4.032737e-07,-0.0058752642
4.033737e-07,-0.0058953699
4.034737e-07,-0.0059205021
4.035737e-07,-0.0059398897
4.036737e-07,-0.0059463523
4.037737e-07,-0.0059398897
4.038737e-07,-0.0059276827
4.039737e-07,-0.0059169118
4.040737e-07,-0.0059118853
4.041737e-07,-0.0059104492
4.042737e-07,-0.0059068589
4.043737e-07,-0.0058939338
4.044737e-07,-0.0058716739
4.045737e-07,-0.0058465418
4.046737e-07,-0.0058278722
4.047737e-07,-0.005825
4.048737e-07,-0.0058400793
4.049737e-07,-0.0058673656
4.050737e-07,-0.0058932158
4.051737e-07,-0.0059054228
4.052737e-07,-0.0058975241
4.053737e-07,-0.005872392
4.054737e-07,-0.0058400793
4.055737e-07,-0.005813511
4.056737e-07,-0.0058005859
4.057737e-07,-0.0058027401
4.058737e-07,-0.0058142291
4.059737e-07,-0.005825
4.060737e-07,-0.0058307445
4.061737e-07,-0.0058300264
4.062737e-07,-0.0058300264
4.063737e-07,-0.005836489
4.064737e-07,-0.0058522863
4.065737e-07,-0.0058731101
4.066737e-07,-0.0058903435
4.067737e-07,-0.0058939338
4.068737e-07,-0.0058788545
4.069737e-07,-0.0058479779
4.070737e-07,-0.0058106388
4.071737e-07,-0.0057790441
4.072737e-07,-0.0057632468
4.073737e-07,-0.005766119
4.074737e-07,-0.0057855067
4.075737e-07,-0.005813511
4.076737e-07,-0.0058422335
4.077737e-07,-0.0058659295
4.078737e-07,-0.005883881
4.079737e-07,-0.0058939338
4.080737e-07,-0.0058968061
4.081737e-07,-0.0058903435
4.082737e-07,-0.0058738281
4.083737e-07,-0.0058479779
4.084737e-07,-0.0058171013
4.085737e-07,-0.005789097
4.086737e-07,-0.0057711455
4.087737e-07,-0.0057675551
4.088737e-07,-0.0057768899
4.089737e-07,-0.0057926873
4.090737e-07,-0.0058070485
4.091737e-07,-0.005813511
4.092737e-07,-0.005813511
4.093737e-07,-0.0058113568
4.094737e-07,-0.0058142291
4.095737e-07,-0.005825
4.096737e-07,-0.0058393612
4.097737e-07,-0.0058494141
4.098737e-07,-0.0058458238
4.099737e-07,-0.005825
4.100737e-07,-0.0057912511
4.101737e-07,-0.0057560662
4.102737e-07,-0.0057345244
4.103737e-07,-0.0057330882
4.104737e-07,-0.0057510398
4.105737e-07,-0.005777608
4.106737e-07,-0.0057984318
4.107737e-07,-0.0058020221
4.108737e-07,-0.0057883789
4.109737e-07,-0.005766119
4.110737e-07,-0.0057481675
4.111737e-07,-0.0057445772
4.112737e-07,-0.0057553481
4.113737e-07,-0.0057718635
4.114737e-07,-0.0057790441
4.115737e-07,-0.0057675551
4.116737e-07,-0.0057366785
4.117737e-07,-0.0056986213
4.118737e-07,-0.0056698989
4.119737e-07,-0.0056641544
4.120737e-07,-0.0056842601
4.121737e-07,-0.0057215993
4.122737e-07,-0.0057589384
4.123737e-07,-0.0057790441
4.124737e-07,-0.0057768899
4.125737e-07,-0.0057567842
4.126737e-07,-0.0057338063
4.127737e-07,-0.0057215993
4.128737e-07,-0.0057266257
4.129737e-07,-0.0057438591
4.130737e-07,-0.0057618107
4.131737e-07,-0.0057675551
4.132737e-07,-0.0057567842
4.133737e-07,-0.0057366785
4.134737e-07,-0.0057208812
4.135737e-07,-0.0057215993
4.136737e-07,-0.0057438591
4.137737e-07,-0.0057804802
4.138737e-07,-0.0058171013
4.139737e-07,-0.005836489
4.140737e-07,-0.0058328987
4.141737e-07,-0.0058099207
4.142737e-07,-0.0057833525
4.143737e-07,-0.0057675551
4.144737e-07,-0.0057718635
4.145737e-07,-0.0057934053
4.146737e-07,-0.0058192555
4.147737e-07,-0.005836489
4.148737e-07,-0.0058350528
4.149737e-07,-0.0058156652
4.150737e-07,-0.005789097
4.151737e-07,-0.0057675551
4.152737e-07,-0.0057582204
4.153737e-07,-0.0057610926
4.154737e-07,-0.0057668371
4.155737e-07,-0.0057675551
4.156737e-07,-0.0057582204
4.157737e-07,-0.005742423
4.158737e-07,-0.0057309341
4.159737e-07,-0.0057330882
4.160737e-07,-0.0057517578
4.161737e-07,-0.0057811983
4.162737e-07,-0.0058063304
4.163737e-07,-0.005813511
4.164737e-07,-0.0057969956
4.165737e-07,-0.0057603745
4.166737e-07,-0.005718727
4.167737e-07,-0.0056871324
4.168737e-07,-0.0056756434
4.169737e-07,-0.005683542
4.170737e-07,-0.0057029297
4.171737e-07,-0.0057215993
4.172737e-07,-0.0057309341
4.173737e-07,-0.0057323702
4.174737e-07,-0.0057338063
4.175737e-07,-0.0057445772
4.176737e-07,-0.0057689913
4.177737e-07,-0.0058020221
4.178737e-07,-0.0058328987
4.179737e-07,-0.0058479779
4.180737e-07,-0.0058400793
4.181737e-07,-0.005812793
4.182737e-07,-0.0057797622
4.183737e-07,-0.0057560662
4.184737e-07,-0.0057546301
4.185737e-07,-0.0057783261
4.186737e-07,-0.0058178194
4.187737e-07,-0.0058594669
4.188737e-07,-0.0058910616
4.189737e-07,-0.0059068589
4.190737e-07,-0.0059090131
4.191737e-07,-0.0059054228
4.192737e-07,-0.0059047047
4.193737e-07,-0.0059097312
4.194737e-07,-0.005919784
4.195737e-07,-0.0059284007
4.196737e-07,-0.005931273
4.197737e-07,-0.0059276827
4.198737e-07,-0.0059205021
4.199737e-07,-0.0059169118
4.200737e-07,-0.0059212201
4.201737e-07,-0.0059341452
4.202737e-07,-0.0059528148
4.203737e-07,-0.0059743566
4.204737e-07,-0.0059951804
4.205737e-07,-0.006014568
4.206737e-07,-0.0060339557
4.207737e-07,-0.0060547794
4.208737e-07,-0.006074167
4.209737e-07,-0.0060863741
4.210737e-07,-0.006084938
4.211737e-07,-0.0060662684
4.212737e-07,-0.0060339557
4.213737e-07,-0.0059958984
4.214737e-07,-0.0059650218
4.215737e-07,-0.0059513787
4.216737e-07,-0.0059585593
4.217737e-07,-0.0059808192
4.218737e-07,-0.0060088235
4.219737e-07,-0.0060318015
4.220737e-07,-0.0060425724
4.221737e-07,-0.0060418543
4.222737e-07,-0.0060361098
4.223737e-07,-0.0060318015
4.224737e-07,-0.0060325195
4.225737e-07,-0.0060368279
4.226737e-07,-0.006038264
4.227737e-07,-0.0060318015
4.228737e-07,-0.0060152861
4.229737e-07,-0.0059944623
4.230737e-07,-0.0059779469
4.231737e-07,-0.0059743566
4.232737e-07,-0.0059865636
4.233737e-07,-0.0060102597
4.234737e-07,-0.0060368279
4.235737e-07,-0.0060547794
4.236737e-07,-0.0060590878
4.237737e-07,-0.006049753
4.238737e-07,-0.0060339557
4.239737e-07,-0.0060203125
4.240737e-07,-0.006014568
4.241737e-07,-0.0060181583
4.242737e-07,-0.0060253389
4.243737e-07,-0.0060318015
4.244737e-07,-0.0060325195
4.245737e-07,-0.0060282112
4.246737e-07,-0.0060224667
4.247737e-07,-0.0060203125
4.248737e-07,-0.0060239028
4.249737e-07,-0.0060325195
4.250737e-07,-0.0060404182
4.251737e-07,-0.0060432904
4.252737e-07,-0.0060397001
4.253737e-07,-0.0060318015
4.254737e-07,-0.0060239028
4.255737e-07,-0.0060203125
4.256737e-07,-0.0060203125
4.257737e-07,-0.0060217486
4.258737e-07,-0.0060188764
4.259737e-07,-0.0060088235
4.260737e-07,-0.0059923081
4.261737e-07,-0.0059757927
4.262737e-07,-0.0059643038
4.263737e-07,-0.0059628676
4.264737e-07,-0.0059686121
4.265737e-07,-0.0059757927
4.266737e-07,-0.0059750747
4.267737e-07,-0.0059628676
4.268737e-07,-0.0059413258
4.269737e-07,-0.0059190659
4.270737e-07,-0.005908295
4.271737e-07,-0.0059169118
4.272737e-07,-0.0059427619
4.273737e-07,-0.0059765108
4.274737e-07,-0.006002361
4.275737e-07,-0.0060088235
4.276737e-07,-0.0059915901
4.277737e-07,-0.0059578412
4.278737e-07,-0.0059205021
4.279737e-07,-0.0058939338
4.280737e-07,-0.0058867532
4.281737e-07,-0.0058982422
4.282737e-07,-0.0059190659
4.283737e-07,-0.0059398897
4.284737e-07,-0.0059542509
4.285737e-07,-0.0059628676
4.286737e-07,-0.0059707663
4.287737e-07,-0.0059858456
4.288737e-07,-0.0060095416
4.289737e-07,-0.006037546
4.290737e-07,-0.0060590878
4.291737e-07,-0.0060662684
4.292737e-07,-0.0060540614
4.293737e-07,-0.0060274931
4.294737e-07,-0.0059966165
4.295737e-07,-0.0059743566
4.296737e-07,-0.0059678941
4.297737e-07,-0.0059779469
4.298737e-07,-0.0059980526
4.299737e-07,-0.0060203125
4.300737e-07,-0.006038264
4.301737e-07,-0.006049753
4.302737e-07,-0.0060576517
4.303737e-07,-0.0060662684
4.304737e-07,-0.0060756032
4.305737e-07,-0.0060827838
4.306737e-07,-0.0060813477
4.307737e-07,-0.0060662684
4.308737e-07,-0.006038264
4.309737e-07,-0.0060037971
4.310737e-07,-0.0059722024
4.311737e-07,-0.0059513787
4.312737e-07,-0.0059441981
4.313737e-07,-0.0059477884
4.314737e-07,-0.0059520967
4.315737e-07,-0.0059513787
4.316737e-07,-0.0059413258
4.317737e-07,-0.0059262466
4.318737e-07,-0.0059118853
4.319737e-07,-0.0059054228
4.320737e-07,-0.0059061409
4.321737e-07,-0.005908295
4.322737e-07,-0.0059032686
4.323737e-07,-0.0058824449
4.324737e-07,-0.0058465418
4.325737e-07,-0.0058034582
4.326737e-07,-0.005765401
4.327737e-07,-0.0057445772
4.328737e-07,-0.0057445772
4.329737e-07,-0.0057618107
4.330737e-07,-0.0057847886
4.331737e-07,-0.0058020221
4.332737e-07,-0.0058056124
4.333737e-07,-0.0057969956
4.334737e-07,-0.0057811983
4.335737e-07,-0.0057675551
4.336737e-07,-0.0057589384
4.337737e-07,-0.005753912
4.338737e-07,-0.0057467314
4.339737e-07,-0.0057330882
4.340737e-07,-0.0057115464
4.341737e-07,-0.0056892865
4.342737e-07,-0.0056749253
4.343737e-07,-0.0056756434
4.344737e-07,-0.0056921588
4.345737e-07,-0.0057172909
4.346737e-07,-0.0057381147
4.347737e-07,-0.0057445772
4.348737e-07,-0.0057338063
4.349737e-07,-0.0057122645
4.350737e-07,-0.0056921588
4.351737e-07,-0.0056871324
4.352737e-07,-0.0057022116
4.353737e-07,-0.0057338063
4.354737e-07,-0.0057675551
4.355737e-07,-0.0057905331
4.356737e-07,-0.0057934053
4.357737e-07,-0.005777608
4.358737e-07,-0.0057524759
4.359737e-07,-0.0057330882
4.360737e-07,-0.0057294979
4.361737e-07,-0.0057452953
4.362737e-07,-0.0057725816
4.363737e-07,-0.0058020221
4.364737e-07,-0.0058228458
4.365737e-07,-0.0058314625
4.366737e-07,-0.0058300264
4.367737e-07,-0.005825
4.368737e-07,-0.0058228458
4.369737e-07,-0.0058264361
4.370737e-07,-0.0058321806
4.371737e-07,-0.005836489
4.372737e-07,-0.0058357709
4.373737e-07,-0.0058307445
4.374737e-07,-0.0058257181
4.375737e-07,-0.005825
4.376737e-07,-0.0058321806
4.377737e-07,-0.0058465418
4.378737e-07,-0.005860903
4.379737e-07,-0.0058709559
4.380737e-07,-0.0058716739
4.381737e-07,-0.0058644933
4.382737e-07,-0.0058551585
4.383737e-07,-0.0058479779
4.384737e-07,-0.0058472599
4.385737e-07,-0.0058530044
4.386737e-07,-0.0058587489
4.387737e-07,-0.0058594669
4.388737e-07,-0.0058530044
4.389737e-07,-0.0058393612
4.390737e-07,-0.005825
4.391737e-07,-0.005813511
4.392737e-07,-0.0058084846
4.393737e-07,-0.0058084846
4.394737e-07,-0.0058077665
4.395737e-07,-0.0058020221
4.396737e-07,-0.005789815
4.397737e-07,-0.0057740177
4.398737e-07,-0.0057610926
4.399737e-07,-0.0057560662
4.400737e-07,-0.0057603745
4.401737e-07,-0.0057689913
4.402737e-07,-0.0057747358
4.403737e-07,-0.0057675551
4.404737e-07,-0.0057445772
4.405737e-07,-0.0057072381
4.406737e-07,-0.0056655905
4.407737e-07,-0.0056296875
4.408737e-07,-0.0056067096
4.409737e-07,-0.0055988109
4.410737e-07,-0.0056016831
4.411737e-07,-0.0056067096
4.412737e-07,-0.0056081457
4.413737e-07,-0.0056024012
4.414737e-07,-0.0055930664
4.415737e-07,-0.0055837316
4.416737e-07,-0.0055794233
4.417737e-07,-0.0055822955
4.418737e-07,-0.005588758
4.419737e-07,-0.0055952206
4.420737e-07,-0.0055973748
4.421737e-07,-0.0055937845
4.422737e-07,-0.00558804
4.423737e-07,-0.0055837316
4.424737e-07,-0.0055851677
4.425737e-07,-0.0055945025
4.426737e-07,-0.0056102999
4.427737e-07,-0.0056296875
4.428737e-07,-0.0056505113
4.429737e-07,-0.005671335
4.430737e-07,-0.0056907227
4.431737e-07,-0.0057101103
4.432737e-07,-0.0057273438
4.433737e-07,-0.0057409869
4.434737e-07,-0.0057474494
4.435737e-07,-0.0057445772
4.436737e-07,-0.0057345244
4.437737e-07,-0.0057208812
4.438737e-07,-0.0057108284
4.439737e-07,-0.0057101103
4.440737e-07,-0.0057215993
4.441737e-07,-0.0057438591
4.442737e-07,-0.0057725816
4.443737e-07,-0.0058020221
4.444737e-07,-0.0058278722
4.445737e-07,-0.0058479779
4.446737e-07,-0.0058616211
4.447737e-07,-0.0058709559
4.448737e-07,-0.0058759823
4.449737e-07,-0.0058774184
4.450737e-07,-0.0058752642
4.451737e-07,-0.0058709559
4.452737e-07,-0.0058673656
4.453737e-07,-0.0058688017
4.454737e-07,-0.0058774184
4.455737e-07,-0.0058939338
4.456737e-07,-0.0059154756
4.457737e-07,-0.0059370175
4.458737e-07,-0.0059528148
4.459737e-07,-0.0059628676
4.460737e-07,-0.0059686121
4.461737e-07,-0.0059750747
4.462737e-07,-0.0059879998
4.463737e-07,-0.0060088235
4.464737e-07,-0.0060346737
4.465737e-07,-0.0060569336
4.466737e-07,-0.0060691406
4.467737e-07,-0.0060662684
4.468737e-07,-0.0060511891
4.469737e-07,-0.0060318015
4.470737e-07,-0.0060195944
4.471737e-07,-0.0060203125
4.472737e-07,-0.0060361098
4.473737e-07,-0.0060605239
4.474737e-07,-0.006084938
4.475737e-07,-0.0061007353
4.476737e-07,-0.0061043256
4.477737e-07,-0.0061000172
4.478737e-07,-0.0060928366
4.479737e-07,-0.0060892463
4.480737e-07,-0.0060906824
4.481737e-07,-0.0060928366
4.482737e-07,-0.0060906824
4.483737e-07,-0.0060777574
4.484737e-07,-0.0060562155
4.485737e-07,-0.0060318015
4.486737e-07,-0.0060131319
4.487737e-07,-0.0060088235
4.488737e-07,-0.0060188764
4.489737e-07,-0.0060361098
4.490737e-07,-0.0060519072
4.491737e-07,-0.0060547794
4.492737e-07,-0.0060418543
4.493737e-07,-0.0060181583
4.494737e-07,-0.0059923081
4.495737e-07,-0.0059743566
4.496737e-07,-0.0059700483
4.497737e-07,-0.0059779469
4.498737e-07,-0.005990154
4.499737e-07,-0.0059973346
4.500737e-07,-0.0059944623
4.501737e-07,-0.0059822553
4.502737e-07,-0.0059657399
4.503737e-07,-0.0059513787
4.504737e-07,-0.00594348
4.505737e-07,-0.0059420439
4.506737e-07,-0.0059420439
4.507737e-07,-0.0059398897
4.508737e-07,-0.0059334272
4.509737e-07,-0.0059262466
4.510737e-07,-0.0059233743
4.511737e-07,-0.0059284007
4.512737e-07,-0.0059413258
4.513737e-07,-0.0059571232
4.514737e-07,-0.005966458
4.515737e-07,-0.0059628676
4.516737e-07,-0.0059441981
4.517737e-07,-0.0059161937
4.518737e-07,-0.0058881893
4.519737e-07,-0.0058709559
4.520737e-07,-0.0058688017
4.521737e-07,-0.0058788545
4.522737e-07,-0.0058939338
4.523737e-07,-0.0059054228
4.524737e-07,-0.0059090131
4.525737e-07,-0.0059068589
4.526737e-07,-0.0059032686
4.527737e-07,-0.0059054228
4.528737e-07,-0.0059154756
4.529737e-07,-0.0059291188
4.530737e-07,-0.0059398897
4.531737e-07,-0.0059398897
4.532737e-07,-0.0059262466
4.533737e-07,-0.0059039867
4.534737e-07,-0.0058817268
4.535737e-07,-0.0058709559
4.536737e-07,-0.0058767004
4.537737e-07,-0.0058968061
4.538737e-07,-0.0059248104
4.539737e-07,-0.0059513787
4.540737e-07,-0.0059693302
4.541737e-07,-0.0059772289
4.542737e-07,-0.0059808192
4.543737e-07,-0.0059858456
4.544737e-07,-0.0059966165
4.545737e-07,-0.0060116958
4.546737e-07,-0.006026057
4.547737e-07,-0.0060318015
4.548737e-07,-0.0060253389
4.549737e-07,-0.0060073874
4.550737e-07,-0.0059836914
4.551737e-07,-0.0059628676
4.552737e-07,-0.0059506606
4.553737e-07,-0.0059485064
4.554737e-07,-0.0059542509
4.555737e-07,-0.0059628676
4.556737e-07,-0.0059700483
4.557737e-07,-0.0059750747
4.558737e-07,-0.0059801011
4.559737e-07,-0.0059858456
4.560737e-07,-0.0059930262
4.561737e-07,-0.0059980526
4.562737e-07,-0.0059973346
4.563737e-07,-0.0059858456
4.564737e-07,-0.0059650218
4.565737e-07,-0.0059391716
4.566737e-07,-0.0059169118
4.567737e-07,-0.0059054228
4.568737e-07,-0.005908295
4.569737e-07,-0.0059233743
4.570737e-07,-0.0059441981
4.571737e-07,-0.0059628676
4.572737e-07,-0.0059750747
4.573737e-07,-0.005979383
4.574737e-07,-0.0059779469
4.575737e-07,-0.0059743566
4.576737e-07,-0.0059700483
4.577737e-07,-0.0059643038
4.578737e-07,-0.0059542509
4.579737e-07,-0.0059398897
4.580737e-07,-0.0059219382
4.581737e-07,-0.0059054228
4.582737e-07,-0.0058953699
4.583737e-07,-0.0058939338
4.584737e-07,-0.0058996783
4.585737e-07,-0.005907577
4.586737e-07,-0.0059104492
4.587737e-07,-0.0059054228
4.588737e-07,-0.0058939338
4.589737e-07,-0.0058817268
4.590737e-07,-0.0058759823
4.591737e-07,-0.0058824449
4.592737e-07,-0.0058982422
4.593737e-07,-0.0059147576
4.594737e-07,-0.0059233743
4.595737e-07,-0.0059169118
4.596737e-07,-0.005896088
4.597737e-07,-0.0058688017
4.598737e-07,-0.0058458238
4.599737e-07,-0.005836489
4.600737e-07,-0.0058422335
4.601737e-07,-0.0058573127
4.602737e-07,-0.0058702378
4.603737e-07,-0.0058709559
4.604737e-07,-0.0058573127
4.605737e-07,-0.0058336167
4.606737e-07,-0.0058120749
4.607737e-07,-0.0058020221
4.608737e-07,-0.0058084846
4.609737e-07,-0.0058278722
4.610737e-07,-0.005848696
4.611737e-07,-0.0058594669
4.612737e-07,-0.0058544405
4.613737e-07,-0.0058357709
4.614737e-07,-0.0058113568
4.615737e-07,-0.0057905331
4.616737e-07,-0.0057797622
4.617737e-07,-0.0057768899
4.618737e-07,-0.0057761719
4.619737e-07,-0.0057675551
4.620737e-07,-0.0057474494
4.621737e-07,-0.0057194451
4.622737e-07,-0.0056921588
4.623737e-07,-0.0056756434
4.624737e-07,-0.0056770795
4.625737e-07,-0.0056957491
4.626737e-07,-0.0057223173
4.627737e-07,-0.0057445772
4.628737e-07,-0.0057524759
4.629737e-07,-0.005741705
4.630737e-07,-0.0057172909
