LECROYHDO6104B,11090,Waveform
Segments,1,SegmentSize,5002
Segment,TrigTime,TimeSinceSegment1
#1,04-May-2026 18:31:56,0                 
Time,Ampl
-3.70072e-08,-0.0062859949
-3.69072e-08,-0.0063168716
-3.68072e-08,-0.0063513385
-3.67072e-08,-0.0063764706
-3.66072e-08,-0.0063822151
-3.65072e-08,-0.006370008
-3.64072e-08,-0.0063491843
-3.63072e-08,-0.0063305147
-3.62072e-08,-0.0063240522
-3.61072e-08,-0.0063305147
-3.60072e-08,-0.0063434398
-3.59072e-08,-0.0063534926
-3.58072e-08,-0.0063542107
-3.57072e-08,-0.0063441579
-3.56072e-08,-0.0063305147
-3.55072e-08,-0.0063190257
-3.54072e-08,-0.0063161535
-3.53072e-08,-0.0063211799
-3.52072e-08,-0.0063276425
-3.51072e-08,-0.0063305147
-3.50072e-08,-0.0063247702
-3.49072e-08,-0.0063132813
-3.48072e-08,-0.0063010742
-3.47072e-08,-0.0062960478
-3.46072e-08,-0.0063003562
-3.45072e-08,-0.0063125632
-3.44072e-08,-0.0063247702
-3.43072e-08,-0.0063305147
-3.42072e-08,-0.0063262063
-3.41072e-08,-0.0063147174
-3.40072e-08,-0.0063017923
-3.39072e-08,-0.0062960478
-3.38072e-08,-0.00629892
-3.37072e-08,-0.0063082548
-3.36072e-08,-0.0063168716
-3.35072e-08,-0.0063190257
-3.34072e-08,-0.0063125632
-3.33072e-08,-0.0063017923
-3.32072e-08,-0.0062938936
-3.31072e-08,-0.0062960478
-3.30072e-08,-0.0063089729
-3.29072e-08,-0.0063276425
-3.28072e-08,-0.0063420037
-3.27072e-08,-0.0063420037
-3.26072e-08,-0.0063254883
-3.25072e-08,-0.006298202
-3.24072e-08,-0.0062694795
-3.23072e-08,-0.0062500919
-3.22072e-08,-0.0062457835
-3.21072e-08,-0.0062536822
-3.20072e-08,-0.0062658892
-3.19072e-08,-0.0062730699
-3.18072e-08,-0.0062701976
-3.17072e-08,-0.0062601448
-3.16072e-08,-0.00625081
-3.15072e-08,-0.0062500919
-3.14072e-08,-0.0062615809
-3.13072e-08,-0.0062816866
-3.12072e-08,-0.0063003562
-3.11072e-08,-0.0063075368
-3.10072e-08,-0.006298202
-3.09072e-08,-0.006275224
-3.08072e-08,-0.0062472197
-3.07072e-08,-0.006227114
-3.06072e-08,-0.0062220875
-3.05072e-08,-0.0062335765
-3.04072e-08,-0.0062536822
-3.03072e-08,-0.0062730699
-3.02072e-08,-0.0062838408
-3.01072e-08,-0.0062831227
-3.00072e-08,-0.0062773782
-2.99072e-08,-0.0062730699
-2.98072e-08,-0.0062773782
-2.97072e-08,-0.0062917394
-2.96072e-08,-0.0063118451
-2.95072e-08,-0.0063305147
-2.94072e-08,-0.0063412856
-2.93072e-08,-0.0063427217
-2.92072e-08,-0.0063369773
-2.91072e-08,-0.0063305147
-2.90072e-08,-0.0063283605
-2.89072e-08,-0.0063326689
-2.88072e-08,-0.0063420037
-2.87072e-08,-0.0063534926
-2.86072e-08,-0.0063628274
-2.85072e-08,-0.0063685719
-2.84072e-08,-0.0063728803
-2.83072e-08,-0.0063764706
-2.82072e-08,-0.006380779
-2.81072e-08,-0.0063858054
-2.80072e-08,-0.0063886776
-2.79072e-08,-0.0063879596
-2.78072e-08,-0.0063850873
-2.77072e-08,-0.0063822151
-2.76072e-08,-0.0063829331
-2.75072e-08,-0.0063879596
-2.74072e-08,-0.0063958582
-2.73072e-08,-0.0064023208
-2.72072e-08,-0.0064001666
-2.71072e-08,-0.0063879596
-2.70072e-08,-0.0063671358
-2.69072e-08,-0.0063434398
-2.68072e-08,-0.0063262063
-2.67072e-08,-0.0063190257
-2.66072e-08,-0.006322616
-2.65072e-08,-0.0063312328
-2.64072e-08,-0.0063355411
-2.63072e-08,-0.0063305147
-2.62072e-08,-0.0063139993
-2.61072e-08,-0.0062917394
-2.60072e-08,-0.0062716337
-2.59072e-08,-0.0062615809
-2.58072e-08,-0.006263017
-2.57072e-08,-0.0062730699
-2.56072e-08,-0.0062824046
-2.55072e-08,-0.0062845588
-2.54072e-08,-0.0062773782
-2.53072e-08,-0.0062651712
-2.52072e-08,-0.0062536822
-2.51072e-08,-0.0062500919
-2.50072e-08,-0.0062551183
-2.49072e-08,-0.0062644531
-2.48072e-08,-0.0062694795
-2.47072e-08,-0.0062615809
-2.46072e-08,-0.006239321
-2.45072e-08,-0.0062084444
-2.44072e-08,-0.0061775678
-2.43072e-08,-0.0061581801
-2.42072e-08,-0.0061545898
-2.41072e-08,-0.0061639246
-2.40072e-08,-0.006179722
-2.39072e-08,-0.0061926471
-2.38072e-08,-0.0061962374
-2.37072e-08,-0.006191929
-2.36072e-08,-0.0061840303
-2.35072e-08,-0.0061811581
-2.34072e-08,-0.0061861845
-2.33072e-08,-0.0061976735
-2.32072e-08,-0.0062098805
-2.31072e-08,-0.006215625
-2.30072e-08,-0.0062098805
-2.29072e-08,-0.0061948012
-2.28072e-08,-0.0061746955
-2.27072e-08,-0.0061581801
-2.26072e-08,-0.0061488454
-2.25072e-08,-0.0061466912
-2.24072e-08,-0.0061474092
-2.23072e-08,-0.0061466912
-2.22072e-08,-0.0061409467
-2.21072e-08,-0.0061316119
-2.20072e-08,-0.0061244313
-2.19072e-08,-0.0061237132
-2.18072e-08,-0.0061316119
-2.17072e-08,-0.0061459731
-2.16072e-08,-0.0061610524
-2.15072e-08,-0.0061696691
-2.14072e-08,-0.0061696691
-2.13072e-08,-0.0061639246
-2.12072e-08,-0.0061574621
-2.11072e-08,-0.0061581801
-2.10072e-08,-0.0061689511
-2.09072e-08,-0.0061876206
-2.08072e-08,-0.0062091625
-2.07072e-08,-0.006227114
-2.06072e-08,-0.0062371668
-2.05072e-08,-0.006239321
-2.04072e-08,-0.0062386029
-2.03072e-08,-0.0062386029
-2.02072e-08,-0.0062429113
-2.01072e-08,-0.00625081
-2.00072e-08,-0.0062579906
-1.99072e-08,-0.0062615809
-1.98072e-08,-0.0062601448
-1.97072e-08,-0.0062572725
-1.96072e-08,-0.0062565545
-1.95072e-08,-0.0062615809
-1.94072e-08,-0.0062730699
-1.93072e-08,-0.006286713
-1.92072e-08,-0.0062960478
-1.91072e-08,-0.0062960478
-1.90072e-08,-0.0062859949
-1.89072e-08,-0.0062701976
-1.88072e-08,-0.0062558364
-1.87072e-08,-0.0062500919
-1.86072e-08,-0.0062544003
-1.85072e-08,-0.0062644531
-1.84072e-08,-0.0062730699
-1.83072e-08,-0.0062730699
-1.82072e-08,-0.0062615809
-1.81072e-08,-0.0062429113
-1.80072e-08,-0.0062249598
-1.79072e-08,-0.006215625
-1.78072e-08,-0.0062199334
-1.77072e-08,-0.0062350126
-1.76072e-08,-0.0062558364
-1.75072e-08,-0.0062730699
-1.74072e-08,-0.0062809685
-1.73072e-08,-0.0062788143
-1.72072e-08,-0.0062709157
-1.71072e-08,-0.0062615809
-1.70072e-08,-0.0062551183
-1.69072e-08,-0.006251528
-1.68072e-08,-0.0062472197
-1.67072e-08,-0.0062386029
-1.66072e-08,-0.0062242417
-1.65072e-08,-0.0062070083
-1.64072e-08,-0.0061904929
-1.63072e-08,-0.0061811581
-1.62072e-08,-0.006179722
-1.61072e-08,-0.0061854665
-1.60072e-08,-0.0061912109
-1.59072e-08,-0.0061926471
-1.58072e-08,-0.0061869026
-1.57072e-08,-0.0061746955
-1.56072e-08,-0.0061596163
-1.55072e-08,-0.0061466912
-1.54072e-08,-0.0061359203
-1.53072e-08,-0.0061237132
-1.52072e-08,-0.0061057617
-1.51072e-08,-0.0060777574
-1.50072e-08,-0.0060397001
-1.49072e-08,-0.0059973346
-1.48072e-08,-0.0059578412
-1.47072e-08,-0.0059284007
-1.46072e-08,-0.0059111673
-1.45072e-08,-0.0059018325
-1.44072e-08,-0.0058910616
-1.43072e-08,-0.0058709559
-1.42072e-08,-0.0058343348
-1.41072e-08,-0.0057819164
-1.40072e-08,-0.0057194451
-1.39072e-08,-0.0056526654
-1.38072e-08,-0.0055866039
-1.37072e-08,-0.0055219784
-1.36072e-08,-0.0054537626
-1.35072e-08,-0.0053769301
-1.34072e-08,-0.0052871726
-1.33072e-08,-0.005185208
-1.32072e-08,-0.0050753447
-1.31072e-08,-0.0049633272
-1.30072e-08,-0.0048513097
-1.29072e-08,-0.0047392923
-1.28072e-08,-0.0046208123
-1.27072e-08,-0.0044922794
-1.26072e-08,-0.0043508215
-1.25072e-08,-0.0041985926
-1.24072e-08,-0.0040442096
-1.23072e-08,-0.0038948529
-1.22072e-08,-0.0037562672
-1.21072e-08,-0.0036284524
-1.20072e-08,-0.0035056641
-1.19072e-08,-0.0033778493
-1.18072e-08,-0.0032385455
-1.17072e-08,-0.0030848805
-1.16072e-08,-0.0029218807
-1.15072e-08,-0.0027574449
-1.14072e-08,-0.0026009076
-1.13072e-08,-0.0024580136
-1.12072e-08,-0.0023280446
-1.11072e-08,-0.0022059743
-1.10072e-08,-0.0020853401
-1.09072e-08,-0.0019611156
-1.08072e-08,-0.0018318647
-1.07072e-08,-0.0017004596
-1.06072e-08,-0.0015733628
-1.05072e-08,-0.0014563189
-1.04072e-08,-0.0013529182
-1.03072e-08,-0.0012638787
-1.02072e-08,-0.0011856101
-1.01072e-08,-0.0011130859
-1.00072e-08,-0.0010441521
-9.907196e-09,-0.00097665441
-9.807196e-09,-0.00091059283
-9.707196e-09,-0.00084668543
-9.607196e-09,-0.00078780446
-9.507196e-09,-0.00073538603
-9.407196e-09,-0.00068871209
-9.307196e-09,-0.00064778263
-9.207196e-09,-0.00061044347
-9.107196e-09,-0.00057454044
-9.007196e-09,-0.00053935547
-8.907196e-09,-0.0005041705
-8.807196e-09,-0.00046898552
-8.707196e-09,-0.00043667279
-8.607196e-09,-0.00040938649
-8.507196e-09,-0.00038999885
-8.407196e-09,-0.00038066406
-8.307196e-09,-0.00037922794
-8.207196e-09,-0.00038425437
-8.107196e-09,-0.00038999885
-8.007196e-09,-0.00039358915
-7.907196e-09,-0.00039071691
-7.807196e-09,-0.00038210018
-7.707196e-09,-0.00036917509
-7.607196e-09,-0.00035553194
-7.507196e-09,-0.00034476103
-7.407196e-09,-0.00033758042
-7.307196e-09,-0.00033399012
-7.207196e-09,-0.00033327206
-7.107196e-09,-0.00033327206
-7.007196e-09,-0.00033399012
-6.907196e-09,-0.00033542624
-6.807196e-09,-0.00033901654
-6.707196e-09,-0.00034476103
-6.607196e-09,-0.00035194164
-6.507196e-09,-0.00035768612
-6.407196e-09,-0.0003598403
-6.307196e-09,-0.00035625
-6.207196e-09,-0.00034763327
-6.107196e-09,-0.0003361443
-6.007196e-09,-0.00032609145
-5.907196e-09,-0.00032178309
-5.807196e-09,-0.00032321921
-5.707196e-09,-0.00033039982
-5.607196e-09,-0.00033829848
-5.507196e-09,-0.00034476103
-5.407196e-09,-0.00034691521
-5.307196e-09,-0.00034619715
-5.207196e-09,-0.00034404297
-5.107196e-09,-0.00034476103
-5.007196e-09,-0.00034978745
-4.907196e-09,-0.00035840418
-4.807196e-09,-0.00036989315
-4.707196e-09,-0.00037922794
-4.607196e-09,-0.00038497243
-4.507196e-09,-0.00038569049
-4.407196e-09,-0.00038281824
-4.307196e-09,-0.00037922794
-4.207196e-09,-0.00037779182
-4.107196e-09,-0.00037850988
-4.007196e-09,-0.000379946
-3.907196e-09,-0.00037922794
-3.807196e-09,-0.00037420152
-3.707196e-09,-0.00036343061
-3.607196e-09,-0.00034835133
-3.507196e-09,-0.00033327206
-3.407196e-09,-0.00032178309
-3.307196e-09,-0.0003160386
-3.207196e-09,-0.00031747472
-3.107196e-09,-0.00032178309
-3.007196e-09,-0.00032537339
-2.907196e-09,-0.00032465533
-2.807196e-09,-0.00031532054
-2.707196e-09,-0.00029880515
-2.607196e-09,-0.00027654527
-2.507196e-09,-0.0002521312
-2.407196e-09,-0.0002284352
-2.307196e-09,-0.00020689338
-2.207196e-09,-0.00018822381
-2.107196e-09,-0.00017314453
-2.007196e-09,-0.00015950138
-1.907196e-09,-0.00014944853
-1.807196e-09,-0.00014226792
-1.707196e-09,-0.00013939568
-1.607196e-09,-0.00013867762
-1.507196e-09,-0.00013795956
-1.407196e-09,-0.00013508732
-1.307196e-09,-0.00012647059
-1.207196e-09,-0.00011139131
-1.107196e-09,-9.2003676e-05
-1.007196e-09,-7.1179917e-05
-9.071959e-10,-5.251034e-05
-8.071959e-10,-4.0303309e-05
-7.071959e-10,-3.4558824e-05
-6.071959e-10,-3.4558824e-05
-5.071959e-10,-3.5994945e-05
-4.071959e-10,-3.6713006e-05
-3.071959e-10,-3.4558824e-05
-2.071959e-10,-3.096852e-05
-1.071959e-10,-2.8096278e-05
-7.195882e-12,-2.8814338e-05
9.280412e-11,-3.4558824e-05
1.928041e-10,-4.3893612e-05
2.928041e-10,-5.3228401e-05
3.928041e-10,-5.8254825e-05
4.928041e-10,-5.7536765e-05
5.928041e-10,-5.1074219e-05
6.928041e-10,-4.173943e-05
7.928041e-10,-3.4558824e-05
8.928041e-10,-3.4558824e-05
9.928041e-10,-4.2457491e-05
1.092804e-09,-5.7536765e-05
1.192804e-09,-7.5488281e-05
1.292804e-09,-9.2003676e-05
1.392804e-09,-0.00010492877
1.492804e-09,-0.00011282744
1.592804e-09,-0.00011928998
1.692804e-09,-0.00012647059
1.792804e-09,-0.00013652344
1.892804e-09,-0.00015088465
1.992804e-09,-0.00016740005
2.092804e-09,-0.00018391544
2.192804e-09,-0.00019971278
2.292804e-09,-0.00021335593
2.392804e-09,-0.00022699908
2.492804e-09,-0.00024136029
2.592804e-09,-0.00025715763
2.692804e-09,-0.00027367302
2.792804e-09,-0.0002887523
2.892804e-09,-0.00029880515
2.992804e-09,-0.00030311351
3.092804e-09,-0.00030167739
3.192804e-09,-0.00029880515
3.292804e-09,-0.00029880515
3.392804e-09,-0.00030454963
3.492804e-09,-0.00031747472
3.592804e-09,-0.0003361443
3.692804e-09,-0.00035625
3.792804e-09,-0.0003727654
3.892804e-09,-0.00038210018
3.992804e-09,-0.00038353631
4.092804e-09,-0.00037922794
4.192804e-09,-0.0003727654
4.292804e-09,-0.00036845703
4.392804e-09,-0.00037061121
4.492804e-09,-0.00037922794
4.592804e-09,-0.00039358915
4.692804e-09,-0.00040938649
4.792804e-09,-0.00042518382
4.892804e-09,-0.00043667279
4.992804e-09,-0.0004438534
5.092804e-09,-0.00044600758
5.192804e-09,-0.00044672564
5.292804e-09,-0.00044816176
5.392804e-09,-0.00045247013
5.492804e-09,-0.00045965074
5.592804e-09,-0.00047113971
5.692804e-09,-0.00048262868
5.792804e-09,-0.00049196347
5.892804e-09,-0.00049627183
5.992804e-09,-0.00049339959
6.092804e-09,-0.00048262868
6.192804e-09,-0.00046683134
6.292804e-09,-0.00044959789
6.392804e-09,-0.00043523667
6.492804e-09,-0.00042518382
6.592804e-09,-0.00042159352
6.692804e-09,-0.00042231158
6.792804e-09,-0.00042446576
6.892804e-09,-0.00042518382
6.992804e-09,-0.00042231158
7.092804e-09,-0.0004165671
7.192804e-09,-0.00040866843
7.292804e-09,-0.00040220588
7.392804e-09,-0.0004000517
7.492804e-09,-0.000403642
7.592804e-09,-0.00041225873
7.692804e-09,-0.00042518382
7.792804e-09,-0.00043882698
7.892804e-09,-0.00045175207
7.992804e-09,-0.00046252298
8.092804e-09,-0.00047113971
8.192804e-09,-0.00047688419
8.292804e-09,-0.00047975643
8.392804e-09,-0.00047832031
8.492804e-09,-0.00047113971
8.592804e-09,-0.00045893267
8.692804e-09,-0.0004438534
8.792804e-09,-0.00043092831
8.892804e-09,-0.00042518382
8.992804e-09,-0.00043236443
9.092804e-09,-0.00045318819
9.192804e-09,-0.00048478286
9.292804e-09,-0.00051709559
9.392804e-09,-0.00054150965
9.492804e-09,-0.00054940832
9.592804e-09,-0.00054007353
9.692804e-09,-0.00051709559
9.792804e-09,-0.00049196347
9.892804e-09,-0.00047760225
9.992804e-09,-0.00048191062
1.00928e-08,-0.00050560662
1.01928e-08,-0.00054294577
1.02928e-08,-0.00058172105
1.03928e-08,-0.00060972541
1.04928e-08,-0.00062049632
1.05928e-08,-0.00061403378
1.06928e-08,-0.00059680032
1.07928e-08,-0.00058100299
1.08928e-08,-0.00057454044
1.09928e-08,-0.00058100299
1.10928e-08,-0.00059751838
1.11928e-08,-0.00061762408
1.12928e-08,-0.00063198529
1.13928e-08,-0.00063772978
1.14928e-08,-0.00063629366
1.15928e-08,-0.00063270335
1.16928e-08,-0.00063198529
1.17928e-08,-0.00063844784
1.18928e-08,-0.00064993681
1.19928e-08,-0.00066142578
1.20928e-08,-0.00066645221
1.21928e-08,-0.00066214384
1.22928e-08,-0.00064921875
1.23928e-08,-0.00063270335
1.24928e-08,-0.00062049632
1.25928e-08,-0.00061762408
1.26928e-08,-0.00062552275
1.27928e-08,-0.00063988396
1.28928e-08,-0.00065496324
1.29928e-08,-0.00066429802
1.30928e-08,-0.00066429802
1.31928e-08,-0.00065639936
1.32928e-08,-0.00064347426
1.33928e-08,-0.00063126723
1.34928e-08,-0.00062336857
1.35928e-08,-0.00061977826
1.36928e-08,-0.00062049632
1.37928e-08,-0.00062265051
1.38928e-08,-0.00062408663
1.39928e-08,-0.00062695887
1.40928e-08,-0.00063198529
1.41928e-08,-0.00063988396
1.42928e-08,-0.00065065487
1.43928e-08,-0.00066070772
1.44928e-08,-0.00066645221
1.45928e-08,-0.00066429802
1.46928e-08,-0.00065352711
1.47928e-08,-0.00063701172
1.48928e-08,-0.00062049632
1.49928e-08,-0.00060900735
1.50928e-08,-0.00060757123
1.51928e-08,-0.00061618796
1.52928e-08,-0.00063198529
1.53928e-08,-0.00064921875
1.54928e-08,-0.00066214384
1.55928e-08,-0.00066788833
1.56928e-08,-0.00066645221
1.57928e-08,-0.00066070772
1.58928e-08,-0.00065424517
1.59928e-08,-0.00065137293
1.60928e-08,-0.00065496324
1.61928e-08,-0.00066429802
1.62928e-08,-0.00067865924
1.63928e-08,-0.00069517463
1.64928e-08,-0.00071240809
1.65928e-08,-0.00072820542
1.66928e-08,-0.00074184858
1.67928e-08,-0.00075190142
1.68928e-08,-0.00075836397
1.69928e-08,-0.00076051815
1.70928e-08,-0.00075764591
1.71928e-08,-0.00075261949
1.72928e-08,-0.000746875
1.73928e-08,-0.00074400276
1.74928e-08,-0.00074615694
1.75928e-08,-0.00075477367
1.76928e-08,-0.00076985294
1.77928e-08,-0.00078780446
1.78928e-08,-0.00080431985
1.79928e-08,-0.0008143727
1.80928e-08,-0.00081580882
1.81928e-08,-0.00080862822
1.82928e-08,-0.00079498506
1.83928e-08,-0.00078062385
1.84928e-08,-0.00076985294
1.85928e-08,-0.0007669807
1.86928e-08,-0.00077200712
1.87928e-08,-0.00078277803
1.88928e-08,-0.00079283088
1.89928e-08,-0.00079785731
1.90928e-08,-0.00079498506
1.91928e-08,-0.00078421415
1.92928e-08,-0.00076985294
1.93928e-08,-0.00075764591
1.94928e-08,-0.00075333755
1.95928e-08,-0.00075764591
1.96928e-08,-0.00076985294
1.97928e-08,-0.00078421415
1.98928e-08,-0.000794267
1.99928e-08,-0.00079713925
2.00928e-08,-0.00079283088
2.01928e-08,-0.00078493222
2.02928e-08,-0.00077918773
2.03928e-08,-0.00078134191
2.04928e-08,-0.00079283088
2.05928e-08,-0.00081150046
2.06928e-08,-0.0008308881
2.07928e-08,-0.00084524931
2.08928e-08,-0.00085027574
2.09928e-08,-0.00084524931
2.10928e-08,-0.0008344784
2.11928e-08,-0.00082298943
2.12928e-08,-0.00081580882
2.13928e-08,-0.0008143727
2.14928e-08,-0.00081868107
2.15928e-08,-0.00082370749
2.16928e-08,-0.00082729779
2.17928e-08,-0.00082801585
2.18928e-08,-0.00082586167
2.19928e-08,-0.00082514361
2.20928e-08,-0.00082729779
2.21928e-08,-0.00083376034
2.22928e-08,-0.00084381319
2.23928e-08,-0.00085386604
2.24928e-08,-0.00086176471
2.25928e-08,-0.00086535501
2.26928e-08,-0.00086463695
2.27928e-08,-0.00086320083
2.28928e-08,-0.00086176471
2.29928e-08,-0.00086176471
2.30928e-08,-0.00086248277
2.31928e-08,-0.00086320083
2.32928e-08,-0.00086176471
2.33928e-08,-0.00085961052
2.34928e-08,-0.00085745634
2.35928e-08,-0.0008581744
2.36928e-08,-0.00086176471
2.37928e-08,-0.00086750919
2.38928e-08,-0.00087325368
2.39928e-08,-0.00087540786
2.40928e-08,-0.00087325368
2.41928e-08,-0.00086822725
2.42928e-08,-0.00086391889
2.43928e-08,-0.00086463695
2.44928e-08,-0.00087325368
2.45928e-08,-0.00088761489
2.46928e-08,-0.00090413028
2.47928e-08,-0.00091561926
2.48928e-08,-0.00091920956
2.49928e-08,-0.00091418313
2.50928e-08,-0.00090413028
2.51928e-08,-0.00089623162
2.52928e-08,-0.00089623162
2.53928e-08,-0.00090700253
2.54928e-08,-0.0009256721
2.55928e-08,-0.00094721392
2.56928e-08,-0.00096516544
2.57928e-08,-0.00097593635
2.58928e-08,-0.00098024472
2.59928e-08,-0.00098311696
2.60928e-08,-0.00098814338
2.61928e-08,-0.0010003504
2.62928e-08,-0.0010183019
2.63928e-08,-0.0010391257
2.64928e-08,-0.0010570772
2.65928e-08,-0.0010671301
2.66928e-08,-0.0010685662
2.67928e-08,-0.0010635398
2.68928e-08,-0.0010570772
2.69928e-08,-0.001054205
2.70928e-08,-0.0010577953
2.71928e-08,-0.0010671301
2.72928e-08,-0.0010800551
2.73928e-08,-0.0010936983
2.74928e-08,-0.0011059053
2.75928e-08,-0.0011166762
2.76928e-08,-0.001126011
2.77928e-08,-0.0011353458
2.78928e-08,-0.0011439625
2.79928e-08,-0.0011525793
2.80928e-08,-0.0011604779
2.81928e-08,-0.0011676585
2.82928e-08,-0.0011748392
2.83928e-08,-0.0011834559
2.84928e-08,-0.0011949449
2.85928e-08,-0.0012093061
2.86928e-08,-0.0012251034
2.87928e-08,-0.0012401827
2.88928e-08,-0.0012523897
2.89928e-08,-0.0012617245
2.90928e-08,-0.0012696232
2.91928e-08,-0.0012775218
2.92928e-08,-0.0012868566
2.93928e-08,-0.0012969095
2.94928e-08,-0.0013069623
2.95928e-08,-0.001315579
2.96928e-08,-0.0013213235
2.97928e-08,-0.0013256319
2.98928e-08,-0.0013320944
2.99928e-08,-0.0013414292
3.00928e-08,-0.0013557904
3.01928e-08,-0.0013723058
3.02928e-08,-0.001385949
3.03928e-08,-0.0013924115
3.04928e-08,-0.0013902574
3.05928e-08,-0.0013802045
3.06928e-08,-0.0013665614
3.07928e-08,-0.0013572266
3.08928e-08,-0.0013557904
3.09928e-08,-0.001362971
3.10928e-08,-0.0013751781
3.11928e-08,-0.001385949
3.12928e-08,-0.0013902574
3.13928e-08,-0.001385949
3.14928e-08,-0.0013751781
3.15928e-08,-0.001362971
3.16928e-08,-0.0013557904
3.17928e-08,-0.0013550724
3.18928e-08,-0.0013600988
3.19928e-08,-0.0013658433
3.20928e-08,-0.0013672794
3.21928e-08,-0.001362253
3.22928e-08,-0.0013522001
3.23928e-08,-0.0013399931
3.24928e-08,-0.0013328125
3.25928e-08,-0.0013320944
3.26928e-08,-0.001338557
3.27928e-08,-0.0013478918
3.28928e-08,-0.0013557904
3.29928e-08,-0.0013586627
3.30928e-08,-0.0013557904
3.31928e-08,-0.001350046
3.32928e-08,-0.0013443015
3.33928e-08,-0.0013421473
3.34928e-08,-0.0013450195
3.35928e-08,-0.001350046
3.36928e-08,-0.0013557904
3.37928e-08,-0.0013600988
3.38928e-08,-0.001362253
3.39928e-08,-0.0013644072
3.40928e-08,-0.0013672794
3.41928e-08,-0.0013730239
3.42928e-08,-0.0013809226
3.43928e-08,-0.0013909754
3.44928e-08,-0.0014017463
3.45928e-08,-0.0014132353
3.46928e-08,-0.0014268784
3.47928e-08,-0.0014426758
3.48928e-08,-0.0014591912
3.49928e-08,-0.0014735524
3.50928e-08,-0.0014814511
3.51928e-08,-0.001480733
3.52928e-08,-0.0014706801
3.53928e-08,-0.0014548828
3.54928e-08,-0.0014405216
3.55928e-08,-0.001433341
3.56928e-08,-0.0014362132
3.57928e-08,-0.0014477022
3.58928e-08,-0.0014613454
3.59928e-08,-0.0014706801
3.60928e-08,-0.0014706801
3.61928e-08,-0.0014627815
3.62928e-08,-0.0014512925
3.63928e-08,-0.00144483
3.64928e-08,-0.0014477022
3.65928e-08,-0.0014613454
3.66928e-08,-0.001480733
3.67928e-08,-0.0014979665
3.68928e-08,-0.0015051471
3.69928e-08,-0.0015008387
3.70928e-08,-0.0014886317
3.71928e-08,-0.0014757066
3.72928e-08,-0.0014706801
3.73928e-08,-0.0014764246
3.74928e-08,-0.001492222
3.75928e-08,-0.0015116096
3.76928e-08,-0.001528125
3.77928e-08,-0.0015367417
3.78928e-08,-0.0015367417
3.79928e-08,-0.0015317153
3.80928e-08,-0.001528125
3.81928e-08,-0.0015288431
3.82928e-08,-0.0015345875
3.83928e-08,-0.0015424862
3.84928e-08,-0.0015511029
3.85928e-08,-0.0015575655
3.86928e-08,-0.0015625919
3.87928e-08,-0.0015683364
3.88928e-08,-0.0015740809
3.89928e-08,-0.0015791073
3.90928e-08,-0.0015798254
3.91928e-08,-0.0015704906
3.92928e-08,-0.0015511029
3.93928e-08,-0.0015245347
3.94928e-08,-0.0014979665
3.95928e-08,-0.0014814511
3.96928e-08,-0.0014821691
3.97928e-08,-0.0015001206
3.98928e-08,-0.0015288431
3.99928e-08,-0.0015568474
4.00928e-08,-0.0015740809
4.01928e-08,-0.0015747989
4.02928e-08,-0.0015597197
4.03928e-08,-0.0015374598
4.04928e-08,-0.001516636
4.05928e-08,-0.0015051471
4.06928e-08,-0.0015037109
4.07928e-08,-0.0015094554
4.08928e-08,-0.001516636
4.09928e-08,-0.0015202263
4.10928e-08,-0.0015195083
4.11928e-08,-0.0015173541
4.12928e-08,-0.001516636
4.13928e-08,-0.0015209444
4.14928e-08,-0.001528125
4.15928e-08,-0.0015360237
4.16928e-08,-0.001539614
4.17928e-08,-0.0015374598
4.18928e-08,-0.0015309972
4.19928e-08,-0.0015259708
4.20928e-08,-0.001528125
4.21928e-08,-0.001540332
4.22928e-08,-0.0015611558
4.23928e-08,-0.0015862879
4.24928e-08,-0.0016085478
4.25928e-08,-0.0016236271
4.26928e-08,-0.0016308077
4.27928e-08,-0.0016315257
4.28928e-08,-0.0016315257
4.29928e-08,-0.0016336799
4.30928e-08,-0.0016394244
4.31928e-08,-0.0016473231
4.32928e-08,-0.0016545037
4.33928e-08,-0.0016595301
4.34928e-08,-0.0016624023
4.35928e-08,-0.0016638385
4.36928e-08,-0.0016659926
4.37928e-08,-0.001669583
4.38928e-08,-0.0016731733
4.39928e-08,-0.0016760455
4.40928e-08,-0.0016774816
4.41928e-08,-0.0016803539
4.42928e-08,-0.0016868164
4.43928e-08,-0.0017011776
4.44928e-08,-0.0017234375
4.45928e-08,-0.0017500057
4.46928e-08,-0.0017751379
4.47928e-08,-0.0017902171
4.48928e-08,-0.0017923713
4.49928e-08,-0.0017823185
4.50928e-08,-0.0017658031
4.51928e-08,-0.0017514419
4.52928e-08,-0.0017464154
4.53928e-08,-0.0017521599
4.54928e-08,-0.0017658031
4.55928e-08,-0.0017816004
4.56928e-08,-0.0017923713
4.57928e-08,-0.0017966797
4.58928e-08,-0.0017973977
4.59928e-08,-0.0017981158
4.60928e-08,-0.0018038603
4.61928e-08,-0.0018146312
4.62928e-08,-0.0018246841
4.63928e-08,-0.0018268382
4.64928e-08,-0.0018153493
4.65928e-08,-0.001788781
4.66928e-08,-0.0017507238
4.67928e-08,-0.0017112305
4.68928e-08,-0.0016774816
4.69928e-08,-0.0016545037
4.70928e-08,-0.0016394244
4.71928e-08,-0.0016264993
4.72928e-08,-0.0016085478
4.73928e-08,-0.0015805434
4.74928e-08,-0.0015432043
4.75928e-08,-0.0015008387
4.76928e-08,-0.0014591912
4.77928e-08,-0.001421134
4.78928e-08,-0.0013837948
4.79928e-08,-0.0013407112
4.80928e-08,-0.0012868566
4.81928e-08,-0.0012186409
4.82928e-08,-0.0011382181
4.83928e-08,-0.001054923
4.84928e-08,-0.00097665441
4.85928e-08,-0.00091131089
4.86928e-08,-0.0008581744
4.87928e-08,-0.0008143727
4.88928e-08,-0.00076985294
4.89928e-08,-0.00071887063
4.90928e-08,-0.00065783548
4.91928e-08,-0.00058890165
4.92928e-08,-0.00051709559
4.93928e-08,-0.00044816176
4.94928e-08,-0.00038425437
4.95928e-08,-0.00032465533
4.96928e-08,-0.00026433824
4.97928e-08,-0.00020043084
4.98928e-08,-0.00013149701
4.99928e-08,-5.9690947e-05
5.00928e-08,1.1397059e-05
5.01928e-08,7.6740579e-05
5.02928e-08,0.00013274931
5.03928e-08,0.00017942325
5.04928e-08,0.00021819853
5.05928e-08,0.00025194738
5.06928e-08,0.00028354205
5.07928e-08,0.0003137006
5.08928e-08,0.00034457721
5.09928e-08,0.00037617187
5.10928e-08,0.00040992073
5.11928e-08,0.00044582376
5.12928e-08,0.00048244485
5.13928e-08,0.00051834789
5.14928e-08,0.00054922449
5.15928e-08,0.00057220244
5.16928e-08,0.00058584559
5.17928e-08,0.00059302619
5.18928e-08,0.00059805262
5.19928e-08,0.00060595129
5.20928e-08,0.0006203125
5.21928e-08,0.0006404182
5.22928e-08,0.00066267808
5.23928e-08,0.0006806296
5.24928e-08,0.00068924632
5.25928e-08,0.0006878102
5.26928e-08,0.00067991153
5.27928e-08,0.00067057675
5.28928e-08,0.00066626838
5.29928e-08,0.00066914063
5.30928e-08,0.00067703929
5.31928e-08,0.00068565602
5.32928e-08,0.00068924632
5.33928e-08,0.00068493796
5.34928e-08,0.00067416705
5.35928e-08,0.00066196002
5.36928e-08,0.00065477941
5.37928e-08,0.00065549747
5.38928e-08,0.00066339614
5.39928e-08,0.00067273093
5.40928e-08,0.00067775735
5.41928e-08,0.00067344899
5.42928e-08,0.00065908778
5.43928e-08,0.00063898208
5.44928e-08,0.0006203125
5.45928e-08,0.00060882353
5.46928e-08,0.00060738741
5.47928e-08,0.00061313189
5.48928e-08,0.0006203125
5.49928e-08,0.00062246668
5.50928e-08,0.0006167222
5.51928e-08,0.00060307904
5.52928e-08,0.00058584559
5.53928e-08,0.00057220244
5.54928e-08,0.00056573989
5.55928e-08,0.00056717601
5.56928e-08,0.00057435662
5.57928e-08,0.0005801011
5.58928e-08,0.0005801011
5.59928e-08,0.00057004825
5.60928e-08,0.00055137868
5.61928e-08,0.0005291188
5.62928e-08,0.0005090131
5.63928e-08,0.00049680607
5.64928e-08,0.00049393382
5.65928e-08,0.00049896025
5.66928e-08,0.00050829504
5.67928e-08,0.00051547564
5.68928e-08,0.00051691176
5.69928e-08,0.00051044922
5.70928e-08,0.00049752413
5.71928e-08,0.00048244485
5.72928e-08,0.00047095588
5.73928e-08,0.00046736558
5.74928e-08,0.00047311006
5.75928e-08,0.00048747128
5.76928e-08,0.00050542279
5.77928e-08,0.00052050207
5.78928e-08,0.00052696461
5.79928e-08,0.00052193819
5.80928e-08,0.00050542279
5.81928e-08,0.00048100873
5.82928e-08,0.00045587661
5.83928e-08,0.00043577091
5.84928e-08,0.000425
5.85928e-08,0.00042428194
5.86928e-08,0.00043074449
5.87928e-08,0.00044007927
5.88928e-08,0.00044797794
5.89928e-08,0.00045085018
5.90928e-08,0.00044797794
5.91928e-08,0.00044295152
5.92928e-08,0.00043648897
5.93928e-08,0.00043218061
5.94928e-08,0.00043002642
5.95928e-08,0.0004285903
5.96928e-08,0.000425
5.97928e-08,0.00041781939
5.98928e-08,0.0004048943
5.99928e-08,0.00038766085
6.00928e-08,0.00036755515
6.01928e-08,0.00034816751
6.02928e-08,0.00033093405
6.03928e-08,0.00031872702
6.04928e-08,0.00031011029
6.05928e-08,0.00030436581
6.06928e-08,0.00030005744
6.07928e-08,0.00029431296
6.08928e-08,0.00028713235
6.09928e-08,0.0002770795
6.10928e-08,0.00026487247
6.11928e-08,0.00025266544
6.12928e-08,0.00024117647
6.13928e-08,0.0002332778
6.14928e-08,0.00022896944
6.15928e-08,0.00022896944
6.16928e-08,0.0002296875
6.17928e-08,0.0002296875
6.18928e-08,0.00022537914
6.19928e-08,0.00021748047
6.20928e-08,0.00020670956
6.21928e-08,0.00019593865
6.22928e-08,0.0001894761
6.23928e-08,0.00018875804
6.24928e-08,0.00019522059
6.25928e-08,0.00020527344
6.26928e-08,0.00021532629
6.27928e-08,0.00022035271
6.28928e-08,0.00021819853
6.29928e-08,0.00021029986
6.30928e-08,0.00020096507
6.31928e-08,0.00019450253
6.32928e-08,0.00019522059
6.33928e-08,0.00020383732
6.34928e-08,0.00021748047
6.35928e-08,0.00023112362
6.36928e-08,0.00024117647
6.37928e-08,0.00024404871
6.38928e-08,0.00024045841
6.39928e-08,0.00023399586
6.40928e-08,0.0002296875
6.41928e-08,0.00023112362
6.42928e-08,0.00023830423
6.43928e-08,0.00025122932
6.44928e-08,0.00026415441
6.45928e-08,0.00027420726
6.46928e-08,0.00027779756
6.47928e-08,0.0002734892
6.48928e-08,0.00026415441
6.49928e-08,0.00025122932
6.50928e-08,0.00023830423
6.51928e-08,0.00022681526
6.52928e-08,0.00021819853
6.53928e-08,0.0002131721
6.54928e-08,0.00021029986
6.55928e-08,0.00020886374
6.56928e-08,0.00020670956
6.57928e-08,0.00020311926
6.58928e-08,0.00019737477
6.59928e-08,0.00019019416
6.60928e-08,0.00018373162
6.61928e-08,0.00017942325
6.62928e-08,0.00017942325
6.63928e-08,0.00018157744
6.64928e-08,0.00018373162
6.65928e-08,0.00018157744
6.66928e-08,0.00017224265
6.67928e-08,0.00015285501
6.68928e-08,0.00012628676
6.69928e-08,9.7564338e-05
6.70928e-08,7.3868336e-05
6.71928e-08,6.0225184e-05
6.72928e-08,5.7352941e-05
6.73928e-08,6.2379366e-05
6.74928e-08,6.9559972e-05
6.75928e-08,7.3150276e-05
6.76928e-08,6.8841912e-05
6.77928e-08,5.8071002e-05
6.78928e-08,4.5863971e-05
6.79928e-08,3.7247243e-05
6.80928e-08,3.4375e-05
6.81928e-08,3.7247243e-05
6.82928e-08,4.0119485e-05
6.83928e-08,3.6529182e-05
6.84928e-08,2.2886029e-05
6.85928e-08,-9.1911765e-08
6.86928e-08,-2.6660156e-05
6.87928e-08,-4.8201976e-05
6.88928e-08,-5.7536765e-05
6.89928e-08,-5.3228401e-05
6.90928e-08,-3.8149127e-05
6.91928e-08,-2.1633732e-05
6.92928e-08,-1.1580882e-05
6.93928e-08,-1.3017004e-05
6.94928e-08,-2.5942096e-05
6.95928e-08,-4.3175551e-05
6.96928e-08,-5.7536765e-05
6.97928e-08,-6.2563189e-05
6.98928e-08,-5.7536765e-05
6.99928e-08,-4.6047794e-05
7.00928e-08,-3.4558824e-05
7.01928e-08,-3.025046e-05
7.02928e-08,-3.4558824e-05
7.03928e-08,-4.5329733e-05
7.04928e-08,-5.7536765e-05
7.05928e-08,-6.4717371e-05
7.06928e-08,-6.328125e-05
7.07928e-08,-5.5382583e-05
7.08928e-08,-4.6047794e-05
7.09928e-08,-4.0303309e-05
7.10928e-08,-4.3175551e-05
7.11928e-08,-5.3228401e-05
7.12928e-08,-6.9025735e-05
7.13928e-08,-8.482307e-05
7.14928e-08,-9.7030101e-05
7.15928e-08,-0.00010636489
7.16928e-08,-0.00011498162
7.17928e-08,-0.00012718865
7.18928e-08,-0.00014729435
7.19928e-08,-0.00017529871
7.20928e-08,-0.00020689338
7.21928e-08,-0.00023633387
7.22928e-08,-0.00025787569
7.23928e-08,-0.00026649242
7.24928e-08,-0.00026433824
7.25928e-08,-0.00025572151
7.26928e-08,-0.0002485409
7.27928e-08,-0.00024997702
7.28928e-08,-0.00026433824
7.29928e-08,-0.00029090648
7.30928e-08,-0.00032537339
7.31928e-08,-0.00036127642
7.32928e-08,-0.00039071691
7.33928e-08,-0.00041010455
7.34928e-08,-0.00041800322
7.35928e-08,-0.00041728516
7.36928e-08,-0.00041369485
7.37928e-08,-0.00041225873
7.38928e-08,-0.00041728516
7.39928e-08,-0.00042949219
7.40928e-08,-0.00044816176
7.41928e-08,-0.00046898552
7.42928e-08,-0.00048693704
7.43928e-08,-0.00049986213
7.44928e-08,-0.00050560662
7.45928e-08,-0.00050560662
7.46928e-08,-0.0005041705
7.47928e-08,-0.00050273438
7.48928e-08,-0.00050560662
7.49928e-08,-0.00051350528
7.50928e-08,-0.00052499426
7.51928e-08,-0.00053863741
7.52928e-08,-0.0005515625
7.53928e-08,-0.00056233341
7.54928e-08,-0.0005716682
7.55928e-08,-0.00057884881
7.56928e-08,-0.00058602941
7.57928e-08,-0.00059464614
7.58928e-08,-0.00060326287
7.59928e-08,-0.00061259766
7.60928e-08,-0.00062049632
7.61928e-08,-0.00062552275
7.62928e-08,-0.00062839499
7.63928e-08,-0.00062911305
7.64928e-08,-0.00063198529
7.65928e-08,-0.00063844784
7.66928e-08,-0.00065065487
7.67928e-08,-0.00066860639
7.68928e-08,-0.00068943015
7.69928e-08,-0.00070953585
7.70928e-08,-0.000723179
7.71928e-08,-0.00072892348
7.72928e-08,-0.00072389706
7.73928e-08,-0.00071169003
7.74928e-08,-0.00069732881
7.75928e-08,-0.00068799403
7.76928e-08,-0.00068943015
7.77928e-08,-0.00070450942
7.78928e-08,-0.00073107767
7.79928e-08,-0.0007633904
7.80928e-08,-0.00079283088
7.81928e-08,-0.00081150046
7.82928e-08,-0.0008143727
7.83928e-08,-0.00080216567
7.84928e-08,-0.00078134191
7.85928e-08,-0.00075980009
7.86928e-08,-0.000746875
7.87928e-08,-0.000746875
7.88928e-08,-0.00075836397
7.89928e-08,-0.00077559743
7.90928e-08,-0.00079139476
7.91928e-08,-0.00079785731
7.92928e-08,-0.00079283088
7.93928e-08,-0.00077990579
7.94928e-08,-0.00076410846
7.95928e-08,-0.00075190142
7.96928e-08,-0.000746875
7.97928e-08,-0.000746875
7.98928e-08,-0.00074615694
7.99928e-08,-0.00073969439
8.00928e-08,-0.00072389706
8.01928e-08,-0.000699483
8.02928e-08,-0.00067076057
8.03928e-08,-0.00064706457
8.04928e-08,-0.00063198529
8.05928e-08,-0.00062839499
8.06928e-08,-0.00063485754
8.07928e-08,-0.00064491039
8.08928e-08,-0.00065496324
8.09928e-08,-0.00066142578
8.10928e-08,-0.00066429802
8.11928e-08,-0.00066573415
8.12928e-08,-0.00066645221
8.13928e-08,-0.00066573415
8.14928e-08,-0.00066142578
8.15928e-08,-0.00064993681
8.16928e-08,-0.00063198529
8.17928e-08,-0.00060972541
8.18928e-08,-0.00058890165
8.19928e-08,-0.00057597656
8.20928e-08,-0.00057454044
8.21928e-08,-0.00058387523
8.22928e-08,-0.00059967256
8.23928e-08,-0.00061331572
8.24928e-08,-0.00062049632
8.25928e-08,-0.00061834214
8.26928e-08,-0.00061044347
8.27928e-08,-0.00060182675
8.28928e-08,-0.00059751838
8.29928e-08,-0.0005989545
8.30928e-08,-0.00060398093
8.31928e-08,-0.00060900735
8.32928e-08,-0.00060900735
8.33928e-08,-0.00060469899
8.34928e-08,-0.00059823644
8.35928e-08,-0.00059464614
8.36928e-08,-0.00059751838
8.37928e-08,-0.00060757123
8.38928e-08,-0.00062193244
8.39928e-08,-0.00063485754
8.40928e-08,-0.00064347426
8.41928e-08,-0.00064634651
8.42928e-08,-0.00064850069
8.43928e-08,-0.00065352711
8.44928e-08,-0.00066645221
8.45928e-08,-0.00068583984
8.46928e-08,-0.00070738166
8.47928e-08,-0.00072533318
8.48928e-08,-0.00073538603
8.49928e-08,-0.00073682215
8.50928e-08,-0.00073538603
8.51928e-08,-0.00073754021
8.52928e-08,-0.000746875
8.53928e-08,-0.00076410846
8.54928e-08,-0.00078349609
8.55928e-08,-0.00079857537
8.56928e-08,-0.00080431985
8.57928e-08,-0.00080072955
8.58928e-08,-0.00079498506
8.59928e-08,-0.000794267
8.60928e-08,-0.00080431985
8.61928e-08,-0.00082586167
8.62928e-08,-0.00085242992
8.63928e-08,-0.0008746898
8.64928e-08,-0.00088474265
8.65928e-08,-0.0008818704
8.66928e-08,-0.00087253562
8.67928e-08,-0.00086679113
8.68928e-08,-0.00087325368
8.69928e-08,-0.0008947955
8.70928e-08,-0.00092639017
8.71928e-08,-0.00095726677
8.72928e-08,-0.00097665441
8.73928e-08,-0.00097952665
8.74928e-08,-0.00096803768
8.75928e-08,-0.00095224035
8.76928e-08,-0.0009421875
8.77928e-08,-0.00094505974
8.78928e-08,-0.00096013902
8.79928e-08,-0.00098168084
8.80928e-08,-0.00099963235
8.81928e-08,-0.0010089671
8.82928e-08,-0.0010082491
8.83928e-08,-0.0010032227
8.84928e-08,-0.00099963235
8.85928e-08,-0.0010025046
8.86928e-08,-0.0010104033
8.87928e-08,-0.00101902
8.88928e-08,-0.0010226103
8.89928e-08,-0.0010183019
8.90928e-08,-0.0010089671
8.91928e-08,-0.0010003504
8.92928e-08,-0.00099963235
8.93928e-08,-0.0010111213
8.94928e-08,-0.0010333812
8.95928e-08,-0.0010592314
8.96928e-08,-0.0010800551
8.97928e-08,-0.0010908261
8.98928e-08,-0.0010915441
8.99928e-08,-0.0010857996
9.00928e-08,-0.0010800551
9.01928e-08,-0.0010793371
9.02928e-08,-0.0010836455
9.03928e-08,-0.0010893899
9.04928e-08,-0.0010915441
9.05928e-08,-0.0010886719
9.06928e-08,-0.0010814913
9.07928e-08,-0.0010771829
9.08928e-08,-0.0010800551
9.09928e-08,-0.0010936983
9.10928e-08,-0.0011159582
9.11928e-08,-0.0011403722
9.12928e-08,-0.0011604779
9.13928e-08,-0.0011712489
9.14928e-08,-0.001172685
9.15928e-08,-0.0011705308
9.16928e-08,-0.0011719669
9.17928e-08,-0.0011813017
9.18928e-08,-0.0011992532
9.19928e-08,-0.0012215131
9.20928e-08,-0.0012409007
9.21928e-08,-0.0012531078
9.22928e-08,-0.0012566981
9.23928e-08,-0.0012545439
9.24928e-08,-0.0012523897
9.25928e-08,-0.0012545439
9.26928e-08,-0.0012624426
9.27928e-08,-0.0012746496
9.28928e-08,-0.0012868566
9.29928e-08,-0.0012969095
9.30928e-08,-0.001302654
9.31928e-08,-0.0013062443
9.32928e-08,-0.0013098346
9.33928e-08,-0.001314861
9.34928e-08,-0.0013220416
9.35928e-08,-0.0013285041
9.36928e-08,-0.0013328125
9.37928e-08,-0.0013349667
9.38928e-08,-0.0013356847
9.39928e-08,-0.0013378389
9.40928e-08,-0.0013443015
9.41928e-08,-0.0013543543
9.42928e-08,-0.0013665614
9.43928e-08,-0.0013751781
9.44928e-08,-0.0013787684
9.45928e-08,-0.0013758961
9.46928e-08,-0.0013701517
9.47928e-08,-0.0013658433
9.48928e-08,-0.0013672794
9.49928e-08,-0.0013751781
9.50928e-08,-0.0013873851
9.51928e-08,-0.001397438
9.52928e-08,-0.0014017463
9.53928e-08,-0.001398156
9.54928e-08,-0.0013902574
9.55928e-08,-0.0013816406
9.56928e-08,-0.0013787684
9.57928e-08,-0.0013830767
9.58928e-08,-0.0013938477
9.59928e-08,-0.0014053366
9.60928e-08,-0.0014132353
9.61928e-08,-0.0014153895
9.62928e-08,-0.0014132353
9.63928e-08,-0.0014110811
9.64928e-08,-0.0014132353
9.65928e-08,-0.0014225701
9.66928e-08,-0.0014383674
9.67928e-08,-0.0014563189
9.68928e-08,-0.0014706801
9.69928e-08,-0.0014800149
9.70928e-08,-0.0014843233
9.71928e-08,-0.0014871955
9.72928e-08,-0.0014936581
9.73928e-08,-0.0015051471
9.74928e-08,-0.0015216625
9.75928e-08,-0.0015381778
9.76928e-08,-0.0015511029
9.77928e-08,-0.0015582835
9.78928e-08,-0.0015597197
9.79928e-08,-0.0015597197
9.80928e-08,-0.0015625919
9.81928e-08,-0.0015712086
9.82928e-08,-0.0015862879
9.83928e-08,-0.0016035214
9.84928e-08,-0.0016200368
9.85928e-08,-0.0016322438
9.86928e-08,-0.0016394244
9.87928e-08,-0.0016422966
9.88928e-08,-0.0016430147
9.89928e-08,-0.0016430147
9.90928e-08,-0.0016422966
9.91928e-08,-0.0016387063
9.92928e-08,-0.0016315257
9.93928e-08,-0.0016221909
9.94928e-08,-0.0016128562
9.95928e-08,-0.0016078297
9.96928e-08,-0.0016085478
9.97928e-08,-0.0016142923
9.98928e-08,-0.0016221909
9.99928e-08,-0.0016250632
1.000928e-07,-0.0016200368
1.001928e-07,-0.0016049575
1.002928e-07,-0.0015826976
1.003928e-07,-0.0015590016
1.004928e-07,-0.001539614
1.005928e-07,-0.0015274069
1.006928e-07,-0.0015209444
1.007928e-07,-0.0015187902
1.008928e-07,-0.001516636
1.009928e-07,-0.0015123277
1.010928e-07,-0.0015073012
1.011928e-07,-0.0015037109
1.012928e-07,-0.0015051471
1.013928e-07,-0.0015108915
1.014928e-07,-0.0015195083
1.015928e-07,-0.0015266889
1.016928e-07,-0.001528125
1.017928e-07,-0.0015230986
1.018928e-07,-0.0015144818
1.019928e-07,-0.0015073012
1.020928e-07,-0.0015051471
1.021928e-07,-0.0015108915
1.022928e-07,-0.0015238166
1.023928e-07,-0.0015388959
1.024928e-07,-0.0015511029
1.025928e-07,-0.0015590016
1.026928e-07,-0.0015625919
1.027928e-07,-0.0015661822
1.028928e-07,-0.0015740809
1.029928e-07,-0.0015884421
1.030928e-07,-0.0016078297
1.031928e-07,-0.0016315257
1.032928e-07,-0.0016545037
1.033928e-07,-0.0016753274
1.034928e-07,-0.0016925609
1.035928e-07,-0.0017083582
1.036928e-07,-0.0017234375
1.037928e-07,-0.0017370807
1.038928e-07,-0.0017471335
1.039928e-07,-0.0017507238
1.040928e-07,-0.0017464154
1.041928e-07,-0.0017363626
1.042928e-07,-0.0017234375
1.043928e-07,-0.0017141027
1.044928e-07,-0.0017119485
1.045928e-07,-0.001716975
1.046928e-07,-0.0017263097
1.047928e-07,-0.0017370807
1.048928e-07,-0.0017464154
1.049928e-07,-0.001753596
1.050928e-07,-0.0017622128
1.051928e-07,-0.0017744198
1.052928e-07,-0.0017923713
1.053928e-07,-0.001812477
1.054928e-07,-0.0018289924
1.055928e-07,-0.0018347369
1.056928e-07,-0.0018268382
1.057928e-07,-0.0018067325
1.058928e-07,-0.0017823185
1.059928e-07,-0.0017636489
1.060928e-07,-0.0017579044
1.061928e-07,-0.0017679573
1.062928e-07,-0.0017902171
1.063928e-07,-0.0018167854
1.064928e-07,-0.0018383272
1.065928e-07,-0.0018512523
1.066928e-07,-0.0018562787
1.067928e-07,-0.0018584329
1.068928e-07,-0.0018613051
1.069928e-07,-0.0018684858
1.070928e-07,-0.0018771025
1.071928e-07,-0.001883565
1.072928e-07,-0.0018842831
1.073928e-07,-0.0018778205
1.074928e-07,-0.0018670496
1.075928e-07,-0.0018562787
1.076928e-07,-0.0018498162
1.077928e-07,-0.0018483801
1.078928e-07,-0.0018505342
1.079928e-07,-0.0018512523
1.080928e-07,-0.0018498162
1.081928e-07,-0.0018469439
1.082928e-07,-0.001847662
1.083928e-07,-0.0018562787
1.084928e-07,-0.0018727941
1.085928e-07,-0.0018936179
1.086928e-07,-0.0019108513
1.087928e-07,-0.0019165958
1.088928e-07,-0.001907261
1.089928e-07,-0.0018878734
1.090928e-07,-0.0018684858
1.091928e-07,-0.0018605871
1.092928e-07,-0.0018727941
1.093928e-07,-0.0019022346
1.094928e-07,-0.0019395738
1.095928e-07,-0.0019711684
1.096928e-07,-0.0019876838
1.097928e-07,-0.0019869658
1.098928e-07,-0.0019754768
1.099928e-07,-0.0019647059
1.100928e-07,-0.0019647059
1.101928e-07,-0.0019769129
1.102928e-07,-0.0019955825
1.103928e-07,-0.0020092256
1.104928e-07,-0.0020106618
1.105928e-07,-0.0019984547
1.106928e-07,-0.0019805032
1.107928e-07,-0.0019690142
1.108928e-07,-0.0019761949
1.109928e-07,-0.0020041992
1.110928e-07,-0.0020458467
1.111928e-07,-0.0020867762
1.112928e-07,-0.0021140625
1.113928e-07,-0.002120525
1.114928e-07,-0.0021076
1.115928e-07,-0.0020867762
1.116928e-07,-0.0020681066
1.117928e-07,-0.0020587718
1.118928e-07,-0.0020580538
1.119928e-07,-0.0020594899
1.120928e-07,-0.0020566176
1.121928e-07,-0.0020465648
1.122928e-07,-0.0020343578
1.123928e-07,-0.0020271772
1.124928e-07,-0.0020336397
1.125928e-07,-0.0020544635
1.126928e-07,-0.002083904
1.127928e-07,-0.0021104722
1.128928e-07,-0.0021255515
1.129928e-07,-0.0021248334
1.130928e-07,-0.0021119083
1.131928e-07,-0.0020975471
1.132928e-07,-0.0020910846
1.133928e-07,-0.0020953929
1.134928e-07,-0.0021054458
1.135928e-07,-0.0021147806
1.136928e-07,-0.0021140625
1.137928e-07,-0.0021040097
1.138928e-07,-0.0020918026
1.139928e-07,-0.0020882123
1.140928e-07,-0.0021025735
1.141928e-07,-0.0021363224
1.142928e-07,-0.002179406
1.143928e-07,-0.0022188994
1.144928e-07,-0.0022404412
1.145928e-07,-0.0022404412
1.146928e-07,-0.0022246438
1.147928e-07,-0.0022088465
1.148928e-07,-0.0022059743
1.149928e-07,-0.0022232077
1.150928e-07,-0.0022555205
1.151928e-07,-0.0022892693
1.152928e-07,-0.002309375
1.153928e-07,-0.0023065028
1.154928e-07,-0.0022842429
1.155928e-07,-0.0022526482
1.156928e-07,-0.0022289522
1.157928e-07,-0.0022232077
1.158928e-07,-0.0022368509
1.159928e-07,-0.002261983
1.160928e-07,-0.0022863971
1.161928e-07,-0.0022993222
1.162928e-07,-0.002297886
1.163928e-07,-0.0022863971
1.164928e-07,-0.0022749081
1.165928e-07,-0.0022698817
1.166928e-07,-0.0022727539
1.167928e-07,-0.0022806526
1.168928e-07,-0.0022863971
1.169928e-07,-0.0022849609
1.170928e-07,-0.0022777803
1.171928e-07,-0.0022684455
1.172928e-07,-0.0022634191
1.173928e-07,-0.0022655733
1.174928e-07,-0.00227419
1.175928e-07,-0.0022828068
1.176928e-07,-0.0022863971
1.177928e-07,-0.0022828068
1.178928e-07,-0.0022756261
1.179928e-07,-0.0022713178
1.180928e-07,-0.0022749081
1.181928e-07,-0.0022885512
1.182928e-07,-0.0023057847
1.183928e-07,-0.0023194278
1.184928e-07,-0.002320864
1.185928e-07,-0.0023100931
1.186928e-07,-0.0022921415
1.187928e-07,-0.0022770623
1.188928e-07,-0.0022749081
1.189928e-07,-0.0022878332
1.190928e-07,-0.0023115292
1.191928e-07,-0.002333071
1.192928e-07,-0.0023438419
1.193928e-07,-0.0023380974
1.194928e-07,-0.0023187098
1.195928e-07,-0.002297886
1.196928e-07,-0.0022863971
1.197928e-07,-0.0022907054
1.198928e-07,-0.0023100931
1.199928e-07,-0.0023352252
1.200928e-07,-0.0023553309
1.201928e-07,-0.0023632295
1.202928e-07,-0.0023596392
1.203928e-07,-0.0023495864
1.204928e-07,-0.0023438419
1.205928e-07,-0.0023488683
1.206928e-07,-0.0023653837
1.207928e-07,-0.0023890797
1.208928e-07,-0.0024127757
1.209928e-07,-0.0024307273
1.210928e-07,-0.002440062
1.211928e-07,-0.0024443704
1.212928e-07,-0.0024472426
1.213928e-07,-0.002450833
1.214928e-07,-0.0024551413
1.215928e-07,-0.0024580136
1.216928e-07,-0.0024587316
1.217928e-07,-0.0024587316
1.218928e-07,-0.0024616039
1.219928e-07,-0.0024723748
1.220928e-07,-0.0024931985
1.221928e-07,-0.0025204848
1.222928e-07,-0.0025470531
1.223928e-07,-0.0025621324
1.224928e-07,-0.0025621324
1.225928e-07,-0.0025484892
1.226928e-07,-0.0025305377
1.227928e-07,-0.0025212029
1.228928e-07,-0.0025276654
1.229928e-07,-0.0025513614
1.230928e-07,-0.0025829561
1.231928e-07,-0.0026095244
1.232928e-07,-0.0026195772
1.233928e-07,-0.0026088063
1.234928e-07,-0.0025836742
1.235928e-07,-0.0025556698
1.236928e-07,-0.0025391544
1.237928e-07,-0.0025398725
1.238928e-07,-0.0025563879
1.239928e-07,-0.0025793658
1.240928e-07,-0.0025965993
1.241928e-07,-0.0026023437
1.242928e-07,-0.0025973173
1.243928e-07,-0.0025887006
1.244928e-07,-0.0025851103
1.245928e-07,-0.0025915728
1.246928e-07,-0.002605216
1.247928e-07,-0.002617423
1.248928e-07,-0.0026195772
1.249928e-07,-0.0026059341
1.250928e-07,-0.00258152
1.251928e-07,-0.0025549517
1.252928e-07,-0.0025391544
1.253928e-07,-0.0025413086
1.254928e-07,-0.0025621324
1.255928e-07,-0.0025915728
1.256928e-07,-0.0026195772
1.257928e-07,-0.0026368107
1.258928e-07,-0.002640401
1.259928e-07,-0.0026353745
1.260928e-07,-0.0026310662
1.261928e-07,-0.0026339384
1.262928e-07,-0.0026454274
1.263928e-07,-0.0026626608
1.264928e-07,-0.0026770221
1.265928e-07,-0.0026834846
1.266928e-07,-0.0026798943
1.267928e-07,-0.0026712776
1.268928e-07,-0.0026655331
1.269928e-07,-0.0026684053
1.270928e-07,-0.0026820485
1.271928e-07,-0.0027021542
1.272928e-07,-0.0027229779
1.273928e-07,-0.0027380572
1.274928e-07,-0.0027445198
1.275928e-07,-0.0027459559
1.276928e-07,-0.0027459559
1.277928e-07,-0.0027509823
1.278928e-07,-0.0027617532
1.279928e-07,-0.0027768325
1.280928e-07,-0.0027919118
1.281928e-07,-0.0028019646
1.282928e-07,-0.0028055549
1.283928e-07,-0.0028041188
1.284928e-07,-0.0028034007
1.285928e-07,-0.002806991
1.286928e-07,-0.0028163258
1.287928e-07,-0.0028314051
1.288928e-07,-0.0028493566
1.289928e-07,-0.002865872
1.290928e-07,-0.0028787971
1.291928e-07,-0.0028881319
1.292928e-07,-0.0028953125
1.293928e-07,-0.002901057
1.294928e-07,-0.0029068015
1.295928e-07,-0.002912546
1.296928e-07,-0.0029182904
1.297928e-07,-0.002925471
1.298928e-07,-0.0029348058
1.299928e-07,-0.0029477309
1.300928e-07,-0.0029642463
1.301928e-07,-0.0029829159
1.302928e-07,-0.0030008674
1.303928e-07,-0.0030137925
1.304928e-07,-0.0030216912
1.305928e-07,-0.0030245634
1.306928e-07,-0.0030259995
1.307928e-07,-0.0030288718
1.308928e-07,-0.0030331801
1.309928e-07,-0.0030374885
1.310928e-07,-0.0030389246
1.311928e-07,-0.0030338982
1.312928e-07,-0.0030216912
1.313928e-07,-0.0030066119
1.314928e-07,-0.0029951229
1.315928e-07,-0.0029915326
1.316928e-07,-0.0029987132
1.317928e-07,-0.0030123564
1.318928e-07,-0.0030267176
1.319928e-07,-0.0030346163
1.320928e-07,-0.0030331801
1.321928e-07,-0.0030259995
1.322928e-07,-0.0030188189
1.323928e-07,-0.0030202551
1.324928e-07,-0.0030331801
1.325928e-07,-0.0030532858
1.326928e-07,-0.0030712374
1.327928e-07,-0.0030776999
1.328928e-07,-0.0030676471
1.329928e-07,-0.0030439511
1.330928e-07,-0.0030181009
1.331928e-07,-0.0030037397
1.332928e-07,-0.0030102022
1.333928e-07,-0.0030382066
1.334928e-07,-0.003078418
1.335928e-07,-0.0031157571
1.336928e-07,-0.0031365809
1.337928e-07,-0.0031351448
1.338928e-07,-0.0031164752
1.339928e-07,-0.0030927792
1.340928e-07,-0.003079136
1.341928e-07,-0.0030834444
1.342928e-07,-0.0031049862
1.343928e-07,-0.0031351448
1.344928e-07,-0.0031595588
1.345928e-07,-0.0031703297
1.346928e-07,-0.0031645852
1.347928e-07,-0.003149506
1.348928e-07,-0.0031365809
1.349928e-07,-0.0031344267
1.350928e-07,-0.0031466337
1.351928e-07,-0.0031696117
1.352928e-07,-0.0031940257
1.353928e-07,-0.0032112592
1.354928e-07,-0.0032177217
1.355928e-07,-0.0032134134
1.356928e-07,-0.0032055147
1.357928e-07,-0.0031997702
1.358928e-07,-0.0032004883
1.359928e-07,-0.0032076689
1.360928e-07,-0.0032170037
1.361928e-07,-0.0032256204
1.362928e-07,-0.0032313649
1.363928e-07,-0.0032356733
1.364928e-07,-0.0032399816
1.365928e-07,-0.0032471622
1.366928e-07,-0.0032572151
1.367928e-07,-0.0032672679
1.368928e-07,-0.0032744485
1.369928e-07,-0.0032773208
1.370928e-07,-0.0032758847
1.371928e-07,-0.0032737305
1.372928e-07,-0.0032744485
1.373928e-07,-0.003280193
1.374928e-07,-0.0032909639
1.375928e-07,-0.0033017348
1.376928e-07,-0.0033089154
1.377928e-07,-0.0033096335
1.378928e-07,-0.003303171
1.379928e-07,-0.0032938362
1.380928e-07,-0.0032859375
1.381928e-07,-0.0032823472
1.382928e-07,-0.0032845014
1.383928e-07,-0.0032902459
1.384928e-07,-0.0032974265
1.385928e-07,-0.003303889
1.386928e-07,-0.0033089154
1.387928e-07,-0.0033139419
1.388928e-07,-0.0033204044
1.389928e-07,-0.0033290211
1.390928e-07,-0.0033369198
1.391928e-07,-0.0033426643
1.392928e-07,-0.0033433824
1.393928e-07,-0.0033383559
1.394928e-07,-0.0033283031
1.395928e-07,-0.0033182502
1.396928e-07,-0.0033089154
1.397928e-07,-0.0033024529
1.398928e-07,-0.0032981445
1.399928e-07,-0.0032931181
1.400928e-07,-0.0032859375
1.401928e-07,-0.0032780388
1.402928e-07,-0.0032715763
1.403928e-07,-0.0032701402
1.404928e-07,-0.0032744485
1.405928e-07,-0.0032823472
1.406928e-07,-0.0032902459
1.407928e-07,-0.0032924
1.408928e-07,-0.0032859375
1.409928e-07,-0.0032715763
1.410928e-07,-0.0032536248
1.411928e-07,-0.0032378274
1.412928e-07,-0.0032284926
1.413928e-07,-0.0032263385
1.414928e-07,-0.0032284926
1.415928e-07,-0.0032299288
1.416928e-07,-0.0032284926
1.417928e-07,-0.0032234662
1.418928e-07,-0.0032177217
1.419928e-07,-0.0032148495
1.420928e-07,-0.0032170037
1.421928e-07,-0.003221312
1.422928e-07,-0.0032241843
1.423928e-07,-0.0032191579
1.424928e-07,-0.0032055147
1.425928e-07,-0.0031875632
1.426928e-07,-0.0031724839
1.427928e-07,-0.0031696117
1.428928e-07,-0.0031825368
1.429928e-07,-0.0032083869
1.430928e-07,-0.0032385455
1.431928e-07,-0.0032593693
1.432928e-07,-0.0032629596
1.433928e-07,-0.0032485983
1.434928e-07,-0.0032241843
1.435928e-07,-0.0032019244
1.436928e-07,-0.0031940257
1.437928e-07,-0.0032047966
1.438928e-07,-0.0032313649
1.439928e-07,-0.0032622415
1.440928e-07,-0.0032859375
1.441928e-07,-0.0032952723
1.442928e-07,-0.0032895278
1.443928e-07,-0.0032751666
1.444928e-07,-0.0032629596
1.445928e-07,-0.0032593693
1.446928e-07,-0.0032665499
1.447928e-07,-0.0032809111
1.448928e-07,-0.0032974265
1.449928e-07,-0.0033103516
1.450928e-07,-0.0033182502
1.451928e-07,-0.0033247128
1.452928e-07,-0.0033318934
1.453928e-07,-0.0033426643
1.454928e-07,-0.0033563074
1.455928e-07,-0.0033692325
1.456928e-07,-0.0033778493
1.457928e-07,-0.0033814396
1.458928e-07,-0.0033821576
1.459928e-07,-0.0033835938
1.460928e-07,-0.0033893382
1.461928e-07,-0.003397955
1.462928e-07,-0.0034065717
1.463928e-07,-0.0034087259
1.464928e-07,-0.0034008272
1.465928e-07,-0.0033843118
1.466928e-07,-0.0033634881
1.467928e-07,-0.0033484088
1.468928e-07,-0.0033433824
1.469928e-07,-0.0033498449
1.470928e-07,-0.0033634881
1.471928e-07,-0.003374977
1.472928e-07,-0.0033778493
1.473928e-07,-0.0033706687
1.474928e-07,-0.0033577436
1.475928e-07,-0.0033462546
1.476928e-07,-0.0033433824
1.477928e-07,-0.0033519991
1.478928e-07,-0.0033670784
1.479928e-07,-0.0033821576
1.480928e-07,-0.0033893382
1.481928e-07,-0.0033857479
1.482928e-07,-0.0033735409
1.483928e-07,-0.0033613339
1.484928e-07,-0.0033548713
1.485928e-07,-0.0033563074
1.486928e-07,-0.0033634881
1.487928e-07,-0.0033685145
1.488928e-07,-0.0033663603
1.489928e-07,-0.0033548713
1.490928e-07,-0.0033383559
1.491928e-07,-0.0033247128
1.492928e-07,-0.0033204044
1.493928e-07,-0.003327585
1.494928e-07,-0.0033426643
1.495928e-07,-0.0033577436
1.496928e-07,-0.0033663603
1.497928e-07,-0.0033670784
1.498928e-07,-0.0033642061
1.499928e-07,-0.0033656422
1.500928e-07,-0.0033778493
1.501928e-07,-0.0034015453
1.502928e-07,-0.0034309858
1.503928e-07,-0.0034568359
1.504928e-07,-0.003469761
1.505928e-07,-0.0034661707
1.506928e-07,-0.0034510915
1.507928e-07,-0.003433858
1.508928e-07,-0.0034238051
1.509928e-07,-0.0034273955
1.510928e-07,-0.0034424747
1.511928e-07,-0.0034632985
1.512928e-07,-0.00348125
1.513928e-07,-0.0034920209
1.514928e-07,-0.0034963293
1.515928e-07,-0.0034984835
1.516928e-07,-0.0035042279
1.517928e-07,-0.0035142808
1.518928e-07,-0.0035250517
1.519928e-07,-0.0035307962
1.520928e-07,-0.0035272059
1.521928e-07,-0.0035157169
1.522928e-07,-0.0035035099
1.523928e-07,-0.0035013557
1.524928e-07,-0.0035157169
1.525928e-07,-0.0035480296
1.526928e-07,-0.0035903952
1.527928e-07,-0.0036291705
1.528928e-07,-0.0036535846
1.529928e-07,-0.0036571749
1.530928e-07,-0.0036449678
1.531928e-07,-0.0036284524
1.532928e-07,-0.0036191176
1.533928e-07,-0.0036248621
1.534928e-07,-0.0036449678
1.535928e-07,-0.0036693819
1.536928e-07,-0.0036880515
1.537928e-07,-0.0036930779
1.538928e-07,-0.0036851792
1.539928e-07,-0.0036722541
1.540928e-07,-0.0036650735
1.541928e-07,-0.0036701
1.542928e-07,-0.0036887695
1.543928e-07,-0.0037131836
1.544928e-07,-0.0037340074
1.545928e-07,-0.0037426241
1.546928e-07,-0.0037375977
1.547928e-07,-0.0037239545
1.548928e-07,-0.0037110294
1.549928e-07,-0.0037074391
1.550928e-07,-0.0037167739
1.551928e-07,-0.0037354435
1.552928e-07,-0.0037569853
1.553928e-07,-0.0037735007
1.554928e-07,-0.0037799632
1.555928e-07,-0.003777091
1.556928e-07,-0.0037684743
1.557928e-07,-0.0037591395
1.558928e-07,-0.0037519589
1.559928e-07,-0.0037476505
1.560928e-07,-0.0037454963
1.561928e-07,-0.0037440602
1.562928e-07,-0.0037426241
1.563928e-07,-0.0037433421
1.564928e-07,-0.0037454963
1.565928e-07,-0.0037498047
1.566928e-07,-0.0037541131
1.567928e-07,-0.0037569853
1.568928e-07,-0.0037569853
1.569928e-07,-0.0037562672
1.570928e-07,-0.0037569853
1.571928e-07,-0.003764884
1.572928e-07,-0.0037799632
1.573928e-07,-0.0038000689
1.574928e-07,-0.0038201746
1.575928e-07,-0.0038338178
1.576928e-07,-0.0038374081
1.577928e-07,-0.0038330997
1.578928e-07,-0.0038273552
1.579928e-07,-0.0038266372
1.580928e-07,-0.0038374081
1.581928e-07,-0.0038582318
1.582928e-07,-0.003884082
1.583928e-07,-0.0039063419
1.584928e-07,-0.0039178309
1.585928e-07,-0.0039178309
1.586928e-07,-0.0039113683
1.587928e-07,-0.0039056239
1.588928e-07,-0.0039063419
1.589928e-07,-0.0039163948
1.590928e-07,-0.003930756
1.591928e-07,-0.0039443991
1.592928e-07,-0.0039522978
1.593928e-07,-0.0039537339
1.594928e-07,-0.0039530159
1.595928e-07,-0.0039587603
1.596928e-07,-0.0039752757
1.597928e-07,-0.004001844
1.598928e-07,-0.0040320025
1.599928e-07,-0.0040564166
1.600928e-07,-0.0040671875
1.601928e-07,-0.0040635972
1.602928e-07,-0.0040521082
1.603928e-07,-0.0040427734
1.604928e-07,-0.0040442096
1.605928e-07,-0.0040592888
1.606928e-07,-0.0040822668
1.607928e-07,-0.0041030905
1.608928e-07,-0.0041131434
1.609928e-07,-0.004108117
1.610928e-07,-0.0040916016
1.611928e-07,-0.0040743681
1.612928e-07,-0.0040671875
1.613928e-07,-0.0040743681
1.614928e-07,-0.0040944738
1.615928e-07,-0.0041181698
1.616928e-07,-0.0041361213
1.617928e-07,-0.0041425839
1.618928e-07,-0.0041382755
1.619928e-07,-0.0041296588
1.620928e-07,-0.0041246324
1.621928e-07,-0.0041275046
1.622928e-07,-0.0041368394
1.623928e-07,-0.0041461742
1.624928e-07,-0.0041476103
1.625928e-07,-0.0041368394
1.626928e-07,-0.0041145795
1.627928e-07,-0.0040887293
1.628928e-07,-0.0040671875
1.629928e-07,-0.0040556985
1.630928e-07,-0.0040556985
1.631928e-07,-0.004061443
1.632928e-07,-0.0040671875
1.633928e-07,-0.0040686236
1.634928e-07,-0.0040643153
1.635928e-07,-0.0040592888
1.636928e-07,-0.0040556985
1.637928e-07,-0.0040556985
1.638928e-07,-0.0040571347
1.639928e-07,-0.0040549805
1.640928e-07,-0.0040442096
1.641928e-07,-0.0040248219
1.642928e-07,-0.0040004079
1.643928e-07,-0.003978148
1.644928e-07,-0.0039637868
1.645928e-07,-0.0039594784
1.646928e-07,-0.0039630687
1.647928e-07,-0.0039659409
1.648928e-07,-0.0039637868
1.649928e-07,-0.0039537339
1.650928e-07,-0.0039379366
1.651928e-07,-0.0039242934
1.652928e-07,-0.0039178309
1.653928e-07,-0.0039199851
1.654928e-07,-0.0039278837
1.655928e-07,-0.0039329102
1.656928e-07,-0.0039293199
1.657928e-07,-0.0039149586
1.658928e-07,-0.0038934168
1.659928e-07,-0.0038725931
1.660928e-07,-0.003860386
1.661928e-07,-0.003860386
1.662928e-07,-0.0038711569
1.663928e-07,-0.0038848001
1.664928e-07,-0.0038948529
1.665928e-07,-0.0038970071
1.666928e-07,-0.0038926988
1.667928e-07,-0.0038869543
1.668928e-07,-0.003883364
1.669928e-07,-0.003884082
1.670928e-07,-0.0038855182
1.671928e-07,-0.003883364
1.672928e-07,-0.003871875
1.673928e-07,-0.0038517693
1.674928e-07,-0.0038287914
1.675928e-07,-0.0038101218
1.676928e-07,-0.0038029412
1.677928e-07,-0.0038072495
1.678928e-07,-0.0038180205
1.679928e-07,-0.0038266372
1.680928e-07,-0.0038259191
1.681928e-07,-0.003812994
1.682928e-07,-0.0037936064
1.683928e-07,-0.0037756549
1.684928e-07,-0.0037684743
1.685928e-07,-0.0037742188
1.686928e-07,-0.0037878619
1.687928e-07,-0.0038000689
1.688928e-07,-0.0038029412
1.689928e-07,-0.0037921703
1.690928e-07,-0.0037720646
1.691928e-07,-0.003753395
1.692928e-07,-0.0037454963
1.693928e-07,-0.0037541131
1.694928e-07,-0.0037749368
1.695928e-07,-0.0037993509
1.696928e-07,-0.0038144301
1.697928e-07,-0.0038144301
1.698928e-07,-0.0038000689
1.699928e-07,-0.0037806813
1.700928e-07,-0.0037684743
1.701928e-07,-0.0037720646
1.702928e-07,-0.0037914522
1.703928e-07,-0.0038216108
1.704928e-07,-0.0038488971
1.705928e-07,-0.0038646944
1.706928e-07,-0.0038639763
1.707928e-07,-0.0038517693
1.708928e-07,-0.0038374081
1.709928e-07,-0.0038309455
1.710928e-07,-0.0038374081
1.711928e-07,-0.0038575138
1.712928e-07,-0.003883364
1.713928e-07,-0.00390706
1.714928e-07,-0.0039214212
1.715928e-07,-0.0039242934
1.716928e-07,-0.0039178309
1.717928e-07,-0.00390706
1.718928e-07,-0.003895571
1.719928e-07,-0.0038876723
1.720928e-07,-0.003883364
1.721928e-07,-0.0038812098
1.722928e-07,-0.0038804917
1.723928e-07,-0.0038812098
1.724928e-07,-0.003883364
1.725928e-07,-0.0038876723
1.726928e-07,-0.0038934168
1.727928e-07,-0.0038998794
1.728928e-07,-0.0039063419
1.729928e-07,-0.0039113683
1.730928e-07,-0.0039149586
1.731928e-07,-0.0039171128
1.732928e-07,-0.0039178309
1.733928e-07,-0.0039156767
1.734928e-07,-0.0039099322
1.735928e-07,-0.0038984432
1.736928e-07,-0.003883364
1.737928e-07,-0.0038668486
1.738928e-07,-0.0038539235
1.739928e-07,-0.0038474609
1.740928e-07,-0.0038488971
1.741928e-07,-0.0038560777
1.742928e-07,-0.0038632583
1.743928e-07,-0.0038654125
1.744928e-07,-0.003860386
1.745928e-07,-0.0038510512
1.746928e-07,-0.0038417165
1.747928e-07,-0.0038402803
1.748928e-07,-0.0038488971
1.749928e-07,-0.0038668486
1.750928e-07,-0.0038869543
1.751928e-07,-0.0039013155
1.752928e-07,-0.0039063419
1.753928e-07,-0.0039013155
1.754928e-07,-0.0038919807
1.755928e-07,-0.0038876723
1.756928e-07,-0.0038948529
1.757928e-07,-0.0039149586
1.758928e-07,-0.0039436811
1.759928e-07,-0.0039702493
1.760928e-07,-0.0039867647
1.761928e-07,-0.0039889189
1.762928e-07,-0.0039803022
1.763928e-07,-0.0039688132
1.764928e-07,-0.0039637868
1.765928e-07,-0.0039709674
1.766928e-07,-0.0039896369
1.767928e-07,-0.004013333
1.768928e-07,-0.0040327206
1.769928e-07,-0.0040399012
1.770928e-07,-0.0040334386
1.771928e-07,-0.0040169233
1.772928e-07,-0.0039982537
1.773928e-07,-0.0039846105
1.774928e-07,-0.0039803022
1.775928e-07,-0.0039860466
1.776928e-07,-0.0039982537
1.777928e-07,-0.0040118968
1.778928e-07,-0.0040241039
1.779928e-07,-0.0040312845
1.780928e-07,-0.0040327206
1.781928e-07,-0.0040291303
1.782928e-07,-0.0040219497
1.783928e-07,-0.0040104607
1.784928e-07,-0.0039982537
1.785928e-07,-0.0039874828
1.786928e-07,-0.0039831744
1.787928e-07,-0.0039867647
1.788928e-07,-0.0039982537
1.789928e-07,-0.0040147691
1.790928e-07,-0.0040312845
1.791928e-07,-0.0040420554
1.792928e-07,-0.0040442096
1.793928e-07,-0.0040399012
1.794928e-07,-0.0040348748
1.795928e-07,-0.0040355928
1.796928e-07,-0.0040442096
1.797928e-07,-0.004060725
1.798928e-07,-0.0040793945
1.799928e-07,-0.0040944738
1.800928e-07,-0.0041016544
1.801928e-07,-0.0041016544
1.802928e-07,-0.0040995002
1.803928e-07,-0.0041016544
1.804928e-07,-0.0041131434
1.805928e-07,-0.004132531
1.806928e-07,-0.0041547909
1.807928e-07,-0.0041727424
1.808928e-07,-0.0041820772
1.809928e-07,-0.0041827953
1.810928e-07,-0.0041806411
1.811928e-07,-0.0041827953
1.812928e-07,-0.0041935662
1.813928e-07,-0.0042129538
1.814928e-07,-0.0042337776
1.815928e-07,-0.0042481388
1.816928e-07,-0.004251011
1.817928e-07,-0.0042431124
1.818928e-07,-0.0042316234
1.819928e-07,-0.0042280331
1.820928e-07,-0.0042395221
1.821928e-07,-0.0042668084
1.822928e-07,-0.0043034295
1.823928e-07,-0.0043357422
1.824928e-07,-0.0043544118
1.825928e-07,-0.0043544118
1.826928e-07,-0.0043393325
1.827928e-07,-0.0043206629
1.828928e-07,-0.0043084559
1.829928e-07,-0.004309892
1.830928e-07,-0.0043228171
1.831928e-07,-0.0043407686
1.832928e-07,-0.0043544118
1.833928e-07,-0.0043587201
1.834928e-07,-0.0043544118
1.835928e-07,-0.0043465131
1.836928e-07,-0.0043429228
1.837928e-07,-0.0043472312
1.838928e-07,-0.0043580021
1.839928e-07,-0.0043702091
1.840928e-07,-0.0043773897
1.841928e-07,-0.0043766716
1.842928e-07,-0.004369491
1.843928e-07,-0.0043608743
1.844928e-07,-0.0043544118
1.845928e-07,-0.0043529756
1.846928e-07,-0.0043551298
1.847928e-07,-0.0043565659
1.848928e-07,-0.0043544118
1.849928e-07,-0.0043501034
1.850928e-07,-0.0043493853
1.851928e-07,-0.004357284
1.852928e-07,-0.0043773897
1.853928e-07,-0.0044068302
1.854928e-07,-0.0044362707
1.855928e-07,-0.0044549403
1.856928e-07,-0.0044578125
1.857928e-07,-0.0044448874
1.858928e-07,-0.0044269359
1.859928e-07,-0.004416165
1.860928e-07,-0.0044233456
1.861928e-07,-0.0044491958
1.862928e-07,-0.0044850988
1.863928e-07,-0.0045159754
1.864928e-07,-0.0045267463
1.865928e-07,-0.0045123851
1.866928e-07,-0.0044793543
1.867928e-07,-0.004439861
1.868928e-07,-0.0044118566
1.869928e-07,-0.004404676
1.870928e-07,-0.0044190372
1.871928e-07,-0.0044456055
1.872928e-07,-0.0044693015
1.873928e-07,-0.0044800724
1.874928e-07,-0.004475764
1.875928e-07,-0.0044606847
1.876928e-07,-0.0044463235
1.877928e-07,-0.0044412971
1.878928e-07,-0.0044484777
1.879928e-07,-0.004464275
1.880928e-07,-0.0044807904
1.881928e-07,-0.0044908433
1.882928e-07,-0.0044915614
1.883928e-07,-0.0044858169
1.884928e-07,-0.0044807904
1.885928e-07,-0.0044807904
1.886928e-07,-0.004487253
1.887928e-07,-0.0044973058
1.888928e-07,-0.0045037684
1.889928e-07,-0.0045030503
1.890928e-07,-0.0044944336
1.891928e-07,-0.0044807904
1.892928e-07,-0.0044693015
1.893928e-07,-0.004464275
1.894928e-07,-0.0044664292
1.895928e-07,-0.0044743279
1.896928e-07,-0.0044807904
1.897928e-07,-0.0044829446
1.898928e-07,-0.0044779182
1.899928e-07,-0.0044685834
1.900928e-07,-0.0044578125
1.901928e-07,-0.0044484777
1.902928e-07,-0.0044427332
1.903928e-07,-0.0044384249
1.904928e-07,-0.0044348346
1.905928e-07,-0.0044312443
1.906928e-07,-0.0044290901
1.907928e-07,-0.0044298081
1.908928e-07,-0.0044348346
1.909928e-07,-0.0044434513
1.910928e-07,-0.00445135
1.911928e-07,-0.0044570944
1.912928e-07,-0.0044578125
1.913928e-07,-0.0044563764
1.914928e-07,-0.0044570944
1.915928e-07,-0.004464275
1.916928e-07,-0.0044807904
1.917928e-07,-0.0045030503
1.918928e-07,-0.0045238741
1.919928e-07,-0.0045367992
1.920928e-07,-0.0045382353
1.921928e-07,-0.0045296186
1.922928e-07,-0.0045174115
1.923928e-07,-0.004510949
1.924928e-07,-0.0045152574
1.925928e-07,-0.0045281824
1.926928e-07,-0.0045439798
1.927928e-07,-0.0045525965
1.928928e-07,-0.0045497243
1.929928e-07,-0.0045360811
1.930928e-07,-0.0045195657
1.931928e-07,-0.0045102309
1.932928e-07,-0.0045152574
1.933928e-07,-0.0045339269
1.934928e-07,-0.0045590591
1.935928e-07,-0.0045784467
1.936928e-07,-0.0045841912
1.937928e-07,-0.0045741383
1.938928e-07,-0.0045554687
1.939928e-07,-0.0045403895
1.940928e-07,-0.0045382353
1.941928e-07,-0.0045525965
1.942928e-07,-0.0045777286
1.943928e-07,-0.0046035788
1.944928e-07,-0.0046186581
1.945928e-07,-0.0046186581
1.946928e-07,-0.0046078872
1.947928e-07,-0.0045928079
1.948928e-07,-0.0045841912
1.949928e-07,-0.0045856273
1.950928e-07,-0.004594244
1.951928e-07,-0.0046042969
1.952928e-07,-0.0046071691
1.953928e-07,-0.0046014246
1.954928e-07,-0.0045913718
1.955928e-07,-0.0045834731
1.956928e-07,-0.0045841912
1.957928e-07,-0.004594244
1.958928e-07,-0.0046086052
1.959928e-07,-0.0046186581
1.960928e-07,-0.0046186581
1.961928e-07,-0.0046078872
1.962928e-07,-0.0045920898
1.963928e-07,-0.004582037
1.964928e-07,-0.0045841912
1.965928e-07,-0.0045978343
1.966928e-07,-0.0046157858
1.967928e-07,-0.0046258387
1.968928e-07,-0.0046186581
1.969928e-07,-0.004594244
1.970928e-07,-0.0045604952
1.971928e-07,-0.0045303366
1.972928e-07,-0.0045152574
1.973928e-07,-0.0045174115
1.974928e-07,-0.0045296186
1.975928e-07,-0.0045403895
1.976928e-07,-0.0045382353
1.977928e-07,-0.0045195657
1.978928e-07,-0.0044901252
1.979928e-07,-0.0044621209
1.980928e-07,-0.0044463235
1.981928e-07,-0.0044456055
1.982928e-07,-0.0044549403
1.983928e-07,-0.0044621209
1.984928e-07,-0.0044578125
1.985928e-07,-0.0044377068
1.986928e-07,-0.0044082663
1.987928e-07,-0.00438098
1.988928e-07,-0.0043659007
1.989928e-07,-0.0043666188
1.990928e-07,-0.0043759536
1.991928e-07,-0.0043831342
1.992928e-07,-0.0043773897
1.993928e-07,-0.0043551298
1.994928e-07,-0.0043242532
1.995928e-07,-0.0042969669
1.996928e-07,-0.0042854779
1.997928e-07,-0.0042948127
1.998928e-07,-0.0043177907
1.999928e-07,-0.0043422047
2.000928e-07,-0.0043544118
2.001928e-07,-0.0043501034
2.002928e-07,-0.0043328699
2.003928e-07,-0.0043156365
2.004928e-07,-0.0043084559
2.005928e-07,-0.0043163545
2.006928e-07,-0.0043343061
2.007928e-07,-0.0043508215
2.008928e-07,-0.0043544118
2.009928e-07,-0.0043422047
2.010928e-07,-0.004321381
2.011928e-07,-0.0043055836
2.012928e-07,-0.0043084559
2.013928e-07,-0.0043343061
2.014928e-07,-0.0043781078
2.015928e-07,-0.0044240636
2.016928e-07,-0.0044578125
2.017928e-07,-0.0044707376
2.018928e-07,-0.0044649931
2.019928e-07,-0.0044527861
2.020928e-07,-0.0044463235
2.021928e-07,-0.0044549403
2.022928e-07,-0.0044772001
2.023928e-07,-0.0045044864
2.024928e-07,-0.0045267463
2.025928e-07,-0.0045382353
2.026928e-07,-0.0045403895
2.027928e-07,-0.0045418256
2.028928e-07,-0.0045497243
2.029928e-07,-0.0045676758
2.030928e-07,-0.0045913718
2.031928e-07,-0.0046107594
2.032928e-07,-0.0046186581
2.033928e-07,-0.0046129136
2.034928e-07,-0.0045992705
2.035928e-07,-0.0045906537
2.036928e-07,-0.0045956801
2.037928e-07,-0.0046165039
2.038928e-07,-0.0046452263
2.039928e-07,-0.0046689223
2.040928e-07,-0.0046761029
2.041928e-07,-0.004664614
2.042928e-07,-0.004641636
2.043928e-07,-0.0046215303
2.044928e-07,-0.0046186581
2.045928e-07,-0.0046366096
2.046928e-07,-0.0046696404
2.047928e-07,-0.0047026712
2.048928e-07,-0.0047220588
2.049928e-07,-0.0047206227
2.050928e-07,-0.0047041073
2.051928e-07,-0.0046847197
2.052928e-07,-0.0046761029
2.053928e-07,-0.0046854377
2.054928e-07,-0.0047076976
2.055928e-07,-0.0047321117
2.056928e-07,-0.0047450368
2.057928e-07,-0.0047407284
2.058928e-07,-0.0047234949
2.059928e-07,-0.0047055434
2.060928e-07,-0.0046990809
2.061928e-07,-0.0047105699
2.062928e-07,-0.00473642
2.063928e-07,-0.0047637063
2.064928e-07,-0.0047795037
2.065928e-07,-0.0047773495
2.066928e-07,-0.0047615522
2.067928e-07,-0.0047421645
2.068928e-07,-0.0047335478
2.069928e-07,-0.0047414465
2.070928e-07,-0.0047637063
2.071928e-07,-0.0047888385
2.072928e-07,-0.0048024816
2.073928e-07,-0.0047981733
2.074928e-07,-0.0047780676
2.075928e-07,-0.0047514993
2.076928e-07,-0.0047335478
2.077928e-07,-0.0047313936
2.078928e-07,-0.0047443187
2.079928e-07,-0.0047644244
2.080928e-07,-0.0047795037
2.081928e-07,-0.0047816579
2.082928e-07,-0.0047694508
2.083928e-07,-0.0047507813
2.084928e-07,-0.0047335478
2.085928e-07,-0.0047234949
2.086928e-07,-0.0047206227
2.087928e-07,-0.0047184685
2.088928e-07,-0.0047105699
2.089928e-07,-0.0046940545
2.090928e-07,-0.0046725126
2.091928e-07,-0.0046524069
2.092928e-07,-0.004641636
2.093928e-07,-0.004641636
2.094928e-07,-0.0046480986
2.095928e-07,-0.0046502528
2.096928e-07,-0.004641636
2.097928e-07,-0.0046193761
2.098928e-07,-0.0045892176
2.099928e-07,-0.0045633674
2.100928e-07,-0.0045497243
2.101928e-07,-0.0045525965
2.102928e-07,-0.0045669577
2.103928e-07,-0.0045806009
2.104928e-07,-0.0045841912
2.105928e-07,-0.0045734203
2.106928e-07,-0.0045525965
2.107928e-07,-0.0045332089
2.108928e-07,-0.0045267463
2.109928e-07,-0.0045375172
2.110928e-07,-0.0045612132
2.111928e-07,-0.0045884995
2.112928e-07,-0.0046071691
2.113928e-07,-0.0046121955
2.114928e-07,-0.004605733
2.115928e-07,-0.0045978343
2.116928e-07,-0.0045956801
2.117928e-07,-0.0046050149
2.118928e-07,-0.0046208123
2.119928e-07,-0.0046358915
2.120928e-07,-0.004641636
2.121928e-07,-0.0046351735
2.122928e-07,-0.0046222484
2.123928e-07,-0.0046136317
2.124928e-07,-0.0046186581
2.125928e-07,-0.0046401999
2.126928e-07,-0.0046732307
2.127928e-07,-0.0047041073
2.128928e-07,-0.0047220588
2.129928e-07,-0.0047220588
2.130928e-07,-0.0047084157
2.131928e-07,-0.0046926183
2.132928e-07,-0.0046875919
2.133928e-07,-0.0046990809
2.134928e-07,-0.0047234949
2.135928e-07,-0.0047507813
2.136928e-07,-0.0047680147
2.137928e-07,-0.0047701689
2.138928e-07,-0.004759398
2.139928e-07,-0.0047471909
2.140928e-07,-0.0047450368
2.141928e-07,-0.004760116
2.142928e-07,-0.0047895565
2.143928e-07,-0.0048233054
2.144928e-07,-0.0048484375
2.145928e-07,-0.0048570542
2.146928e-07,-0.0048513097
2.147928e-07,-0.0048398208
2.148928e-07,-0.0048369485
2.149928e-07,-0.0048513097
2.150928e-07,-0.0048836225
2.151928e-07,-0.00492527
2.152928e-07,-0.0049633272
2.153928e-07,-0.0049870232
2.154928e-07,-0.0049913316
2.155928e-07,-0.0049798426
2.156928e-07,-0.0049633272
2.157928e-07,-0.0049511202
2.158928e-07,-0.004948966
2.159928e-07,-0.0049583008
2.160928e-07,-0.0049748162
2.161928e-07,-0.0049934858
2.162928e-07,-0.0050121553
2.163928e-07,-0.0050286707
2.164928e-07,-0.00504375
2.165928e-07,-0.0050573932
2.166928e-07,-0.005067446
2.167928e-07,-0.0050710363
2.168928e-07,-0.0050667279
2.169928e-07,-0.005055957
2.170928e-07,-0.0050444681
2.171928e-07,-0.0050387236
2.172928e-07,-0.00504375
2.173928e-07,-0.0050595473
2.174928e-07,-0.0050803711
2.175928e-07,-0.0051004768
2.176928e-07,-0.0051126838
2.177928e-07,-0.0051162741
2.178928e-07,-0.005114838
2.179928e-07,-0.0051162741
2.180928e-07,-0.0051241728
2.181928e-07,-0.0051392521
2.182928e-07,-0.0051572036
2.183928e-07,-0.0051694106
2.184928e-07,-0.0051701287
2.185928e-07,-0.0051600758
2.186928e-07,-0.0051449966
2.187928e-07,-0.0051349437
2.188928e-07,-0.0051356618
2.189928e-07,-0.0051485869
2.190928e-07,-0.0051665384
2.191928e-07,-0.0051801815
2.192928e-07,-0.0051816176
2.193928e-07,-0.0051694106
2.194928e-07,-0.0051485869
2.195928e-07,-0.0051306353
2.196928e-07,-0.0051241728
2.197928e-07,-0.0051320715
2.198928e-07,-0.0051493049
2.199928e-07,-0.0051651023
2.200928e-07,-0.0051701287
2.201928e-07,-0.0051600758
2.202928e-07,-0.0051392521
2.203928e-07,-0.0051169922
2.204928e-07,-0.0051011949
2.205928e-07,-0.0050976045
2.206928e-07,-0.005102631
2.207928e-07,-0.0051105296
2.208928e-07,-0.0051126838
2.209928e-07,-0.0051069393
2.210928e-07,-0.0050968865
2.211928e-07,-0.0050889878
2.212928e-07,-0.0050897059
2.213928e-07,-0.0050997587
2.214928e-07,-0.0051126838
2.215928e-07,-0.0051198644
2.216928e-07,-0.0051126838
2.217928e-07,-0.0050904239
2.218928e-07,-0.0050602654
2.219928e-07,-0.0050336972
2.220928e-07,-0.0050207721
2.221928e-07,-0.0050257985
2.222928e-07,-0.00504375
2.223928e-07,-0.0050652918
2.224928e-07,-0.0050782169
2.225928e-07,-0.0050782169
2.226928e-07,-0.005067446
2.227928e-07,-0.0050530848
2.228928e-07,-0.00504375
2.229928e-07,-0.00504375
2.230928e-07,-0.0050494945
2.231928e-07,-0.005055957
2.232928e-07,-0.005055239
2.233928e-07,-0.0050473403
2.234928e-07,-0.0050380055
2.235928e-07,-0.0050344152
2.236928e-07,-0.00504375
2.237928e-07,-0.0050652918
2.238928e-07,-0.0050918601
2.239928e-07,-0.0051105296
2.240928e-07,-0.0051126838
2.241928e-07,-0.0050961684
2.242928e-07,-0.0050681641
2.243928e-07,-0.0050430319
2.244928e-07,-0.005032261
2.245928e-07,-0.0050408778
2.246928e-07,-0.0050631376
2.247928e-07,-0.0050875517
2.248928e-07,-0.0051011949
2.249928e-07,-0.0050990407
2.250928e-07,-0.0050832433
2.251928e-07,-0.0050645738
2.252928e-07,-0.005055239
2.253928e-07,-0.0050602654
2.254928e-07,-0.0050782169
2.255928e-07,-0.0050990407
2.256928e-07,-0.0051126838
2.257928e-07,-0.0051134019
2.258928e-07,-0.0051040671
2.259928e-07,-0.0050932962
2.260928e-07,-0.0050897059
2.261928e-07,-0.0050997587
2.262928e-07,-0.0051198644
2.263928e-07,-0.0051428424
2.264928e-07,-0.0051586397
2.265928e-07,-0.0051636661
2.266928e-07,-0.0051593578
2.267928e-07,-0.0051550494
2.268928e-07,-0.0051586397
2.269928e-07,-0.0051730009
2.270928e-07,-0.0051938247
2.271928e-07,-0.0052110581
2.272928e-07,-0.0052160846
2.273928e-07,-0.0052045956
2.274928e-07,-0.0051823357
2.275928e-07,-0.0051593578
2.276928e-07,-0.0051471507
2.277928e-07,-0.0051514591
2.278928e-07,-0.0051701287
2.279928e-07,-0.0051916705
2.280928e-07,-0.0052045956
2.281928e-07,-0.0052017233
2.282928e-07,-0.0051830538
2.283928e-07,-0.0051572036
2.284928e-07,-0.0051356618
2.285928e-07,-0.005126327
2.286928e-07,-0.0051306353
2.287928e-07,-0.0051435604
2.288928e-07,-0.0051586397
2.289928e-07,-0.0051694106
2.290928e-07,-0.005174437
2.291928e-07,-0.0051773093
2.292928e-07,-0.0051816176
2.293928e-07,-0.0051887983
2.294928e-07,-0.0051952608
2.295928e-07,-0.0051945427
2.296928e-07,-0.0051816176
2.297928e-07,-0.0051564855
2.298928e-07,-0.005126327
2.299928e-07,-0.0051011949
2.300928e-07,-0.0050897059
2.301928e-07,-0.0050961684
2.302928e-07,-0.005114838
2.303928e-07,-0.0051356618
2.304928e-07,-0.0051471507
2.305928e-07,-0.0051435604
2.306928e-07,-0.005126327
2.307928e-07,-0.0051047852
2.308928e-07,-0.0050897059
2.309928e-07,-0.0050875517
2.310928e-07,-0.0050976045
2.311928e-07,-0.0051126838
2.312928e-07,-0.0051241728
2.313928e-07,-0.0051248909
2.314928e-07,-0.005114838
2.315928e-07,-0.0051004768
2.316928e-07,-0.0050897059
2.317928e-07,-0.0050882698
2.318928e-07,-0.0050976045
2.319928e-07,-0.0051112477
2.320928e-07,-0.0051241728
2.321928e-07,-0.0051299173
2.322928e-07,-0.0051291992
2.323928e-07,-0.0051256089
2.324928e-07,-0.0051241728
2.325928e-07,-0.0051284812
2.326928e-07,-0.0051370979
2.327928e-07,-0.0051449966
2.328928e-07,-0.0051471507
2.329928e-07,-0.0051414062
2.330928e-07,-0.0051313534
2.331928e-07,-0.0051227367
2.332928e-07,-0.0051241728
2.333928e-07,-0.005138534
2.334928e-07,-0.0051636661
2.335928e-07,-0.0051923886
2.336928e-07,-0.0052160846
2.337928e-07,-0.0052297277
2.338928e-07,-0.0052326
2.339928e-07,-0.0052290097
2.340928e-07,-0.0052275735
2.341928e-07,-0.0052318819
2.342928e-07,-0.0052440889
2.343928e-07,-0.0052598863
2.344928e-07,-0.0052735294
2.345928e-07,-0.0052821461
2.346928e-07,-0.0052850184
2.347928e-07,-0.0052843003
2.348928e-07,-0.0052850184
2.349928e-07,-0.0052893267
2.350928e-07,-0.0052965074
2.351928e-07,-0.005303688
2.352928e-07,-0.0053079963
2.353928e-07,-0.0053079963
2.354928e-07,-0.0053051241
2.355928e-07,-0.005304406
2.356928e-07,-0.0053079963
2.357928e-07,-0.0053180492
2.358928e-07,-0.0053316923
2.359928e-07,-0.0053446174
2.360928e-07,-0.0053539522
2.361928e-07,-0.0053582606
2.362928e-07,-0.0053589786
2.363928e-07,-0.0053611328
2.364928e-07,-0.0053654412
2.365928e-07,-0.0053719037
2.366928e-07,-0.0053762121
2.367928e-07,-0.005374776
2.368928e-07,-0.0053654412
2.369928e-07,-0.00535108
2.370928e-07,-0.0053388729
2.371928e-07,-0.0053345646
2.372928e-07,-0.0053424632
2.373928e-07,-0.0053589786
2.374928e-07,-0.0053769301
2.375928e-07,-0.0053884191
2.376928e-07,-0.0053884191
2.377928e-07,-0.0053790843
2.378928e-07,-0.0053675954
2.379928e-07,-0.0053647231
2.380928e-07,-0.0053769301
2.381928e-07,-0.0054020623
2.382928e-07,-0.0054329389
2.383928e-07,-0.005458071
2.384928e-07,-0.0054688419
2.385928e-07,-0.0054645335
2.386928e-07,-0.0054530446
2.387928e-07,-0.0054437098
2.388928e-07,-0.005445864
2.389928e-07,-0.0054616613
2.390928e-07,-0.0054846392
2.391928e-07,-0.005505463
2.392928e-07,-0.0055147978
2.393928e-07,-0.0055112075
2.394928e-07,-0.0055004366
2.395928e-07,-0.0054918199
2.396928e-07,-0.0054918199
2.397928e-07,-0.0055018727
2.398928e-07,-0.0055155159
2.399928e-07,-0.0055226965
2.400928e-07,-0.0055147978
2.401928e-07,-0.0054918199
2.402928e-07,-0.0054616613
2.403928e-07,-0.0054350931
2.404928e-07,-0.005422886
2.405928e-07,-0.0054264763
2.406928e-07,-0.0054386834
2.407928e-07,-0.0054487362
2.408928e-07,-0.005445864
2.409928e-07,-0.0054271944
2.410928e-07,-0.005398472
2.411928e-07,-0.0053711857
2.412928e-07,-0.0053539522
2.413928e-07,-0.0053503619
2.414928e-07,-0.0053532341
2.415928e-07,-0.0053539522
2.416928e-07,-0.0053424632
2.417928e-07,-0.0053180492
2.418928e-07,-0.0052886087
2.419928e-07,-0.0052670669
2.420928e-07,-0.0052620404
2.421928e-07,-0.0052756836
2.422928e-07,-0.0053000977
2.423928e-07,-0.0053187672
2.424928e-07,-0.0053194853
2.425928e-07,-0.0052972254
2.426928e-07,-0.0052591682
2.427928e-07,-0.0052196749
2.428928e-07,-0.0051931066
2.429928e-07,-0.0051866441
2.430928e-07,-0.0051959789
2.431928e-07,-0.005209622
2.432928e-07,-0.0052160846
2.433928e-07,-0.0052081859
2.434928e-07,-0.0051909524
2.435928e-07,-0.005174437
2.436928e-07,-0.0051701287
2.437928e-07,-0.0051837718
2.438928e-07,-0.0052103401
2.439928e-07,-0.0052369083
2.440928e-07,-0.0052505515
2.441928e-07,-0.005244807
2.442928e-07,-0.0052225471
2.443928e-07,-0.005197415
2.444928e-07,-0.0051816176
2.445928e-07,-0.0051844899
2.446928e-07,-0.0052031595
2.447928e-07,-0.0052297277
2.448928e-07,-0.0052505515
2.449928e-07,-0.0052584501
2.450928e-07,-0.0052555779
2.451928e-07,-0.0052491153
2.452928e-07,-0.0052505515
2.453928e-07,-0.0052656307
2.454928e-07,-0.0052914809
2.455928e-07,-0.0053166131
2.456928e-07,-0.0053309743
2.457928e-07,-0.0053266659
2.458928e-07,-0.0053079963
2.459928e-07,-0.0052850184
2.460928e-07,-0.0052735294
2.461928e-07,-0.0052828642
2.462928e-07,-0.0053123047
2.463928e-07,-0.005351798
2.464928e-07,-0.0053884191
2.465928e-07,-0.0054085248
2.466928e-07,-0.0054092429
2.467928e-07,-0.0053948817
2.468928e-07,-0.0053769301
2.469928e-07,-0.0053654412
2.470928e-07,-0.0053654412
2.471928e-07,-0.005374776
2.472928e-07,-0.0053884191
2.473928e-07,-0.005398472
2.474928e-07,-0.0054020623
2.475928e-07,-0.0054006261
2.476928e-07,-0.0053999081
2.477928e-07,-0.0054034984
2.478928e-07,-0.0054121151
2.479928e-07,-0.0054236041
2.480928e-07,-0.005434375
2.481928e-07,-0.0054408375
2.482928e-07,-0.0054437098
2.483928e-07,-0.0054444278
2.484928e-07,-0.005445864
2.485928e-07,-0.0054494543
2.486928e-07,-0.0054530446
2.487928e-07,-0.0054530446
2.488928e-07,-0.005445864
2.489928e-07,-0.0054329389
2.490928e-07,-0.0054185777
2.491928e-07,-0.0054099609
2.492928e-07,-0.0054113971
2.493928e-07,-0.005422886
2.494928e-07,-0.0054401195
2.495928e-07,-0.0054537626
2.496928e-07,-0.0054573529
2.497928e-07,-0.0054494543
2.498928e-07,-0.0054322208
2.499928e-07,-0.0054142693
2.500928e-07,-0.0053999081
2.501928e-07,-0.0053920094
2.502928e-07,-0.005386983
2.503928e-07,-0.0053798024
2.504928e-07,-0.0053654412
2.505928e-07,-0.0053438994
2.506928e-07,-0.0053209214
2.507928e-07,-0.005303688
2.508928e-07,-0.0052965074
2.509928e-07,-0.0053000977
2.510928e-07,-0.0053079963
2.511928e-07,-0.0053130227
2.512928e-07,-0.0053079963
2.513928e-07,-0.005292917
2.514928e-07,-0.0052735294
2.515928e-07,-0.005257014
2.516928e-07,-0.0052505515
2.517928e-07,-0.0052527057
2.518928e-07,-0.0052591682
2.519928e-07,-0.0052598863
2.520928e-07,-0.0052505515
2.521928e-07,-0.0052326
2.522928e-07,-0.0052132123
2.523928e-07,-0.0052017233
2.524928e-07,-0.0052045956
2.525928e-07,-0.0052203929
2.526928e-07,-0.0052390625
2.527928e-07,-0.0052519876
2.528928e-07,-0.0052505515
2.529928e-07,-0.0052376264
2.530928e-07,-0.0052239832
2.531928e-07,-0.005221111
2.532928e-07,-0.0052390625
2.533928e-07,-0.0052749655
2.534928e-07,-0.0053166131
2.535928e-07,-0.0053474897
2.536928e-07,-0.0053539522
2.537928e-07,-0.0053345646
2.538928e-07,-0.0052993796
2.539928e-07,-0.0052656307
2.540928e-07,-0.0052505515
2.541928e-07,-0.0052598863
2.542928e-07,-0.0052878906
2.543928e-07,-0.0053209214
2.544928e-07,-0.0053424632
2.545928e-07,-0.0053453355
2.546928e-07,-0.0053331284
2.547928e-07,-0.0053166131
2.548928e-07,-0.0053079963
2.549928e-07,-0.0053137408
2.550928e-07,-0.0053309743
2.551928e-07,-0.0053482077
2.552928e-07,-0.0053539522
2.553928e-07,-0.0053424632
2.554928e-07,-0.0053194853
2.555928e-07,-0.0052957893
2.556928e-07,-0.0052850184
2.557928e-07,-0.0052936351
2.558928e-07,-0.0053180492
2.559928e-07,-0.0053467716
2.560928e-07,-0.0053654412
2.561928e-07,-0.0053668773
2.562928e-07,-0.005351798
2.563928e-07,-0.0053316923
2.564928e-07,-0.0053194853
2.565928e-07,-0.0053230756
2.566928e-07,-0.0053410271
2.567928e-07,-0.0053668773
2.568928e-07,-0.0053884191
2.569928e-07,-0.005398472
2.570928e-07,-0.0053963178
2.571928e-07,-0.0053905733
2.572928e-07,-0.0053884191
2.573928e-07,-0.0053970358
2.574928e-07,-0.0054142693
2.575928e-07,-0.0054336569
2.576928e-07,-0.005445864
2.577928e-07,-0.0054473001
2.578928e-07,-0.0054386834
2.579928e-07,-0.0054279125
2.580928e-07,-0.005422886
2.581928e-07,-0.0054271944
2.582928e-07,-0.0054372472
2.583928e-07,-0.005445864
2.584928e-07,-0.005445864
2.585928e-07,-0.005434375
2.586928e-07,-0.0054157054
2.587928e-07,-0.0054013442
2.588928e-07,-0.0053999081
2.589928e-07,-0.0054149874
2.590928e-07,-0.0054415556
2.591928e-07,-0.0054674058
2.592928e-07,-0.0054803309
2.593928e-07,-0.0054745864
2.594928e-07,-0.0054537626
2.595928e-07,-0.0054286305
2.596928e-07,-0.0054113971
2.597928e-07,-0.0054099609
2.598928e-07,-0.0054236041
2.599928e-07,-0.0054429917
2.600928e-07,-0.0054573529
2.601928e-07,-0.0054587891
2.602928e-07,-0.005445864
2.603928e-07,-0.0054271944
2.604928e-07,-0.0054113971
2.605928e-07,-0.0054063706
2.606928e-07,-0.0054128332
2.607928e-07,-0.0054257583
2.608928e-07,-0.005434375
2.609928e-07,-0.0054336569
2.610928e-07,-0.0054214499
2.611928e-07,-0.0054042165
2.612928e-07,-0.0053884191
2.613928e-07,-0.0053812385
2.614928e-07,-0.0053841108
2.615928e-07,-0.0053920094
2.616928e-07,-0.0053999081
2.617928e-07,-0.0054013442
2.618928e-07,-0.0053963178
2.619928e-07,-0.005386983
2.620928e-07,-0.0053769301
2.621928e-07,-0.0053697495
2.622928e-07,-0.0053661592
2.623928e-07,-0.0053611328
2.624928e-07,-0.0053539522
2.625928e-07,-0.0053431813
2.626928e-07,-0.0053324104
2.627928e-07,-0.005327384
2.628928e-07,-0.0053309743
2.629928e-07,-0.0053431813
2.630928e-07,-0.0053596967
2.631928e-07,-0.0053726218
2.632928e-07,-0.0053769301
2.633928e-07,-0.0053719037
2.634928e-07,-0.0053611328
2.635928e-07,-0.0053532341
2.636928e-07,-0.0053539522
2.637928e-07,-0.005363287
2.638928e-07,-0.0053769301
2.639928e-07,-0.0053877011
2.640928e-07,-0.0053884191
2.641928e-07,-0.0053790843
2.642928e-07,-0.0053661592
2.643928e-07,-0.0053589786
2.644928e-07,-0.0053654412
2.645928e-07,-0.0053862649
2.646928e-07,-0.0054164235
2.647928e-07,-0.0054429917
2.648928e-07,-0.0054573529
2.649928e-07,-0.0054530446
2.650928e-07,-0.005434375
2.651928e-07,-0.0054092429
2.652928e-07,-0.0053884191
2.653928e-07,-0.0053783663
2.654928e-07,-0.0053790843
2.655928e-07,-0.0053841108
2.656928e-07,-0.0053884191
2.657928e-07,-0.005386983
2.658928e-07,-0.0053812385
2.659928e-07,-0.0053762121
2.660928e-07,-0.0053769301
2.661928e-07,-0.0053855469
2.662928e-07,-0.0053977539
2.663928e-07,-0.0054085248
2.664928e-07,-0.0054113971
2.665928e-07,-0.0054049345
2.666928e-07,-0.0053927275
2.667928e-07,-0.0053819566
2.668928e-07,-0.0053769301
2.669928e-07,-0.0053798024
2.670928e-07,-0.005386983
2.671928e-07,-0.0053912914
2.672928e-07,-0.0053884191
2.673928e-07,-0.0053790843
2.674928e-07,-0.0053697495
2.675928e-07,-0.0053668773
2.676928e-07,-0.0053769301
2.677928e-07,-0.005398472
2.678928e-07,-0.0054236041
2.679928e-07,-0.0054422737
2.680928e-07,-0.005445864
2.681928e-07,-0.0054350931
2.682928e-07,-0.0054164235
2.683928e-07,-0.0054013442
2.684928e-07,-0.0053999081
2.685928e-07,-0.0054135512
2.686928e-07,-0.0054372472
2.687928e-07,-0.0054587891
2.688928e-07,-0.0054688419
2.689928e-07,-0.0054645335
2.690928e-07,-0.0054516085
2.691928e-07,-0.0054379653
2.692928e-07,-0.005434375
2.693928e-07,-0.0054422737
2.694928e-07,-0.0054566349
2.695928e-07,-0.0054681239
2.696928e-07,-0.0054688419
2.697928e-07,-0.0054573529
2.698928e-07,-0.0054408375
2.699928e-07,-0.0054300666
2.700928e-07,-0.005434375
2.701928e-07,-0.0054559168
2.702928e-07,-0.0054867934
2.703928e-07,-0.0055140797
2.704928e-07,-0.0055262868
2.705928e-07,-0.0055198242
2.706928e-07,-0.0055018727
2.707928e-07,-0.0054839212
2.708928e-07,-0.0054803309
2.709928e-07,-0.0054954102
2.710928e-07,-0.0055248506
2.711928e-07,-0.0055550092
2.712928e-07,-0.0055722426
2.713928e-07,-0.0055700885
2.714928e-07,-0.0055499828
2.715928e-07,-0.0055234145
2.716928e-07,-0.0055033088
2.717928e-07,-0.0054982824
2.718928e-07,-0.0055076172
2.719928e-07,-0.0055248506
2.720928e-07,-0.0055377757
2.721928e-07,-0.005540648
2.722928e-07,-0.0055334674
2.723928e-07,-0.0055219784
2.724928e-07,-0.0055147978
2.725928e-07,-0.0055155159
2.726928e-07,-0.0055219784
2.727928e-07,-0.0055284409
2.728928e-07,-0.0055262868
2.729928e-07,-0.0055126436
2.730928e-07,-0.0054918199
2.731928e-07,-0.005470278
2.732928e-07,-0.0054573529
2.733928e-07,-0.0054551988
2.734928e-07,-0.0054595071
2.735928e-07,-0.0054630974
2.736928e-07,-0.0054573529
2.737928e-07,-0.0054401195
2.738928e-07,-0.0054164235
2.739928e-07,-0.0053955997
2.740928e-07,-0.0053884191
2.741928e-07,-0.0053970358
2.742928e-07,-0.0054185777
2.743928e-07,-0.0054415556
2.744928e-07,-0.0054573529
2.745928e-07,-0.0054616613
2.746928e-07,-0.0054573529
2.747928e-07,-0.0054530446
2.748928e-07,-0.0054573529
2.749928e-07,-0.0054731503
2.750928e-07,-0.0054961282
2.751928e-07,-0.0055162339
2.752928e-07,-0.0055262868
2.753928e-07,-0.0055234145
2.754928e-07,-0.0055133617
2.755928e-07,-0.0055068991
2.756928e-07,-0.0055147978
2.757928e-07,-0.0055392119
2.758928e-07,-0.0055751149
2.759928e-07,-0.0056088637
2.760928e-07,-0.0056296875
2.761928e-07,-0.0056311236
2.762928e-07,-0.0056181985
2.763928e-07,-0.0056024012
2.764928e-07,-0.0055952206
2.765928e-07,-0.0056045554
2.766928e-07,-0.0056282514
2.767928e-07,-0.0056562557
2.768928e-07,-0.0056756434
2.769928e-07,-0.0056785156
2.770928e-07,-0.0056663086
2.771928e-07,-0.0056462029
2.772928e-07,-0.0056296875
2.773928e-07,-0.0056246611
2.774928e-07,-0.0056311236
2.775928e-07,-0.0056433307
2.776928e-07,-0.0056526654
2.777928e-07,-0.0056519474
2.778928e-07,-0.0056404584
2.779928e-07,-0.005623225
2.780928e-07,-0.0056067096
2.781928e-07,-0.0055966567
2.782928e-07,-0.0055916303
2.783928e-07,-0.0055894761
2.784928e-07,-0.0055837316
2.785928e-07,-0.0055729607
2.786928e-07,-0.0055593176
2.787928e-07,-0.0055499828
2.788928e-07,-0.0055492647
2.789928e-07,-0.0055593176
2.790928e-07,-0.0055751149
2.791928e-07,-0.0055894761
2.792928e-07,-0.0055952206
2.793928e-07,-0.0055894761
2.794928e-07,-0.0055743968
2.795928e-07,-0.0055593176
2.796928e-07,-0.0055492647
2.797928e-07,-0.0055478286
2.798928e-07,-0.0055535731
2.799928e-07,-0.0055593176
2.800928e-07,-0.0055607537
2.801928e-07,-0.0055578814
2.802928e-07,-0.0055550092
2.803928e-07,-0.0055585995
2.804928e-07,-0.0055722426
2.805928e-07,-0.0055937845
2.806928e-07,-0.0056146082
2.807928e-07,-0.0056246611
2.808928e-07,-0.0056181985
2.809928e-07,-0.0055973748
2.810928e-07,-0.0055715246
2.811928e-07,-0.0055557273
2.812928e-07,-0.0055607537
2.813928e-07,-0.00558804
2.814928e-07,-0.0056296875
2.815928e-07,-0.005671335
2.816928e-07,-0.0056986213
2.817928e-07,-0.0057050839
2.818928e-07,-0.005695031
2.819928e-07,-0.0056770795
2.820928e-07,-0.0056641544
2.821928e-07,-0.0056612822
2.822928e-07,-0.0056670267
2.823928e-07,-0.0056742073
2.824928e-07,-0.0056756434
2.825928e-07,-0.0056684628
2.826928e-07,-0.0056562557
2.827928e-07,-0.0056490751
2.828928e-07,-0.0056526654
2.829928e-07,-0.0056691808
2.830928e-07,-0.0056928768
2.831928e-07,-0.0057129825
2.832928e-07,-0.0057215993
2.833928e-07,-0.0057172909
2.834928e-07,-0.0057058019
2.835928e-07,-0.0056964671
2.836928e-07,-0.0056986213
2.837928e-07,-0.0057122645
2.838928e-07,-0.005730216
2.839928e-07,-0.0057402688
2.840928e-07,-0.0057330882
2.841928e-07,-0.0057079561
2.842928e-07,-0.0056742073
2.843928e-07,-0.0056440487
2.844928e-07,-0.0056296875
2.845928e-07,-0.0056347139
2.846928e-07,-0.0056505113
2.847928e-07,-0.0056648725
2.848928e-07,-0.0056641544
2.849928e-07,-0.0056454848
2.850928e-07,-0.0056146082
2.851928e-07,-0.0055858858
2.852928e-07,-0.0055722426
2.853928e-07,-0.0055779871
2.854928e-07,-0.0055973748
2.855928e-07,-0.0056153263
2.856928e-07,-0.0056181985
2.857928e-07,-0.005599529
2.858928e-07,-0.005564344
2.859928e-07,-0.0055270048
2.860928e-07,-0.0055033088
2.861928e-07,-0.0055011546
2.862928e-07,-0.0055191062
2.863928e-07,-0.0055435202
2.864928e-07,-0.0055607537
2.865928e-07,-0.0055600356
2.866928e-07,-0.005541366
2.867928e-07,-0.0055140797
2.868928e-07,-0.0054918199
2.869928e-07,-0.0054824851
2.870928e-07,-0.0054867934
2.871928e-07,-0.0054975643
2.872928e-07,-0.0055033088
2.873928e-07,-0.0054968463
2.874928e-07,-0.0054774586
2.875928e-07,-0.0054537626
2.876928e-07,-0.005434375
2.877928e-07,-0.0054271944
2.878928e-07,-0.0054315028
2.879928e-07,-0.0054408375
2.880928e-07,-0.005445864
2.881928e-07,-0.0054415556
2.882928e-07,-0.0054271944
2.883928e-07,-0.005410679
2.884928e-07,-0.0053999081
2.885928e-07,-0.00539919
2.886928e-07,-0.0054070887
2.887928e-07,-0.0054178596
2.888928e-07,-0.005422886
2.889928e-07,-0.0054178596
2.890928e-07,-0.0054042165
2.891928e-07,-0.0053884191
2.892928e-07,-0.0053769301
2.893928e-07,-0.0053733398
2.894928e-07,-0.0053762121
2.895928e-07,-0.0053790843
2.896928e-07,-0.0053769301
2.897928e-07,-0.0053683134
2.898928e-07,-0.0053568244
2.899928e-07,-0.0053503619
2.900928e-07,-0.0053539522
2.901928e-07,-0.0053690315
2.902928e-07,-0.0053891372
2.903928e-07,-0.0054056526
2.904928e-07,-0.0054113971
2.905928e-07,-0.0054042165
2.906928e-07,-0.0053898552
2.907928e-07,-0.0053783663
2.908928e-07,-0.0053769301
2.909928e-07,-0.0053877011
2.910928e-07,-0.0054042165
2.911928e-07,-0.0054185777
2.912928e-07,-0.005422886
2.913928e-07,-0.0054164235
2.914928e-07,-0.0054063706
2.915928e-07,-0.0054020623
2.916928e-07,-0.0054113971
2.917928e-07,-0.0054329389
2.918928e-07,-0.0054595071
2.919928e-07,-0.0054781767
2.920928e-07,-0.0054803309
2.921928e-07,-0.0054645335
2.922928e-07,-0.0054386834
2.923928e-07,-0.0054178596
2.924928e-07,-0.0054113971
2.925928e-07,-0.005422886
2.926928e-07,-0.0054444278
2.927928e-07,-0.0054638155
2.928928e-07,-0.0054688419
2.929928e-07,-0.0054573529
2.930928e-07,-0.0054350931
2.931928e-07,-0.0054164235
2.932928e-07,-0.0054113971
2.933928e-07,-0.0054243222
2.934928e-07,-0.0054487362
2.935928e-07,-0.0054717142
2.936928e-07,-0.0054803309
2.937928e-07,-0.005470278
2.938928e-07,-0.0054480182
2.939928e-07,-0.0054243222
2.940928e-07,-0.0054113971
2.941928e-07,-0.0054142693
2.942928e-07,-0.0054286305
2.943928e-07,-0.0054422737
2.944928e-07,-0.005445864
2.945928e-07,-0.0054350931
2.946928e-07,-0.0054142693
2.947928e-07,-0.0053955997
2.948928e-07,-0.0053884191
2.949928e-07,-0.0053948817
2.950928e-07,-0.0054099609
2.951928e-07,-0.005422168
2.952928e-07,-0.005422886
2.953928e-07,-0.005410679
2.954928e-07,-0.0053927275
2.955928e-07,-0.0053819566
2.956928e-07,-0.0053884191
2.957928e-07,-0.0054113971
2.958928e-07,-0.0054422737
2.959928e-07,-0.0054652516
2.960928e-07,-0.0054688419
2.961928e-07,-0.0054523265
2.962928e-07,-0.0054264763
2.963928e-07,-0.0054078068
2.964928e-07,-0.0054113971
2.965928e-07,-0.0054401195
2.966928e-07,-0.0054832031
2.967928e-07,-0.0055219784
2.968928e-07,-0.0055377757
2.969928e-07,-0.0055234145
2.970928e-07,-0.0054853573
2.971928e-07,-0.0054415556
2.972928e-07,-0.0054113971
2.973928e-07,-0.0054056526
2.974928e-07,-0.005422886
2.975928e-07,-0.0054494543
2.976928e-07,-0.0054688419
2.977928e-07,-0.0054709961
2.978928e-07,-0.0054551988
2.979928e-07,-0.0054315028
2.980928e-07,-0.0054113971
2.981928e-07,-0.0054027803
2.982928e-07,-0.0054049345
2.983928e-07,-0.005410679
2.984928e-07,-0.0054113971
2.985928e-07,-0.0054034984
2.986928e-07,-0.0053905733
2.987928e-07,-0.0053833927
2.988928e-07,-0.0053884191
2.989928e-07,-0.0054078068
2.990928e-07,-0.0054336569
2.991928e-07,-0.0054537626
2.992928e-07,-0.0054573529
2.993928e-07,-0.0054437098
2.994928e-07,-0.005422168
2.995928e-07,-0.0054070887
2.996928e-07,-0.0054113971
2.997928e-07,-0.0054372472
2.998928e-07,-0.0054738683
2.999928e-07,-0.005505463
3.000928e-07,-0.0055147978
3.001928e-07,-0.0054982824
3.002928e-07,-0.0054659697
3.003928e-07,-0.005434375
3.004928e-07,-0.005422886
3.005928e-07,-0.0054394014
3.006928e-07,-0.0054774586
3.007928e-07,-0.0055198242
3.008928e-07,-0.0055492647
3.009928e-07,-0.0055550092
3.010928e-07,-0.005540648
3.011928e-07,-0.0055212603
3.012928e-07,-0.0055147978
3.013928e-07,-0.0055320312
3.014928e-07,-0.0055708065
3.015928e-07,-0.0056174805
3.016928e-07,-0.0056526654
3.017928e-07,-0.0056648725
3.018928e-07,-0.0056526654
3.019928e-07,-0.0056275333
3.020928e-07,-0.0056067096
3.021928e-07,-0.0056031193
3.022928e-07,-0.0056210708
3.023928e-07,-0.0056533835
3.024928e-07,-0.0056871324
3.025928e-07,-0.0057108284
3.026928e-07,-0.005718009
3.027928e-07,-0.0057115464
3.028928e-07,-0.0056986213
3.029928e-07,-0.0056849782
3.030928e-07,-0.0056742073
3.031928e-07,-0.0056648725
3.032928e-07,-0.0056526654
3.033928e-07,-0.0056383042
3.034928e-07,-0.005623943
3.035928e-07,-0.0056160443
3.036928e-07,-0.0056181985
3.037928e-07,-0.0056289694
3.038928e-07,-0.0056404584
3.039928e-07,-0.0056426126
3.040928e-07,-0.0056296875
3.041928e-07,-0.0056016831
3.042928e-07,-0.0055664982
3.043928e-07,-0.0055384938
3.044928e-07,-0.0055262868
3.045928e-07,-0.0055327493
3.046928e-07,-0.0055507008
3.047928e-07,-0.0055679343
3.048928e-07,-0.0055722426
3.049928e-07,-0.0055607537
3.050928e-07,-0.0055399299
3.051928e-07,-0.0055205423
3.052928e-07,-0.0055147978
3.053928e-07,-0.0055262868
3.054928e-07,-0.0055485466
3.055928e-07,-0.0055715246
3.056928e-07,-0.0055837316
3.057928e-07,-0.0055815774
3.058928e-07,-0.0055700885
3.059928e-07,-0.0055600356
3.060928e-07,-0.0055607537
3.061928e-07,-0.0055736788
3.062928e-07,-0.0055930664
3.063928e-07,-0.0056067096
3.064928e-07,-0.0056067096
3.065928e-07,-0.0055923483
3.066928e-07,-0.0055729607
3.067928e-07,-0.0055621898
3.068928e-07,-0.0055722426
3.069928e-07,-0.0056038373
3.070928e-07,-0.005646921
3.071928e-07,-0.005683542
3.072928e-07,-0.0056986213
3.073928e-07,-0.0056878504
3.074928e-07,-0.005659128
3.075928e-07,-0.0056296875
3.076928e-07,-0.0056181985
3.077928e-07,-0.0056325597
3.078928e-07,-0.0056691808
3.079928e-07,-0.0057122645
3.080928e-07,-0.0057445772
3.081928e-07,-0.0057553481
3.082928e-07,-0.0057452953
3.083928e-07,-0.0057259076
3.084928e-07,-0.0057101103
3.085928e-07,-0.0057072381
3.086928e-07,-0.0057172909
3.087928e-07,-0.0057294979
3.088928e-07,-0.0057330882
3.089928e-07,-0.0057208812
3.090928e-07,-0.0056957491
3.091928e-07,-0.0056691808
3.092928e-07,-0.0056526654
3.093928e-07,-0.0056548196
3.094928e-07,-0.0056727711
3.095928e-07,-0.0056957491
3.096928e-07,-0.0057101103
3.097928e-07,-0.0057058019
3.098928e-07,-0.005682824
3.099928e-07,-0.0056490751
3.100928e-07,-0.0056181985
3.101928e-07,-0.005599529
3.102928e-07,-0.0055952206
3.103928e-07,-0.005600247
3.104928e-07,-0.0056067096
3.105928e-07,-0.0056067096
3.106928e-07,-0.005600247
3.107928e-07,-0.0055901942
3.108928e-07,-0.0055837316
3.109928e-07,-0.0055837316
3.110928e-07,-0.0055894761
3.111928e-07,-0.0055952206
3.112928e-07,-0.0055952206
3.113928e-07,-0.0055873219
3.114928e-07,-0.0055743968
3.115928e-07,-0.0055636259
3.116928e-07,-0.0055607537
3.117928e-07,-0.0055672162
3.118928e-07,-0.0055779871
3.119928e-07,-0.0055858858
3.120928e-07,-0.0055837316
3.121928e-07,-0.0055722426
3.122928e-07,-0.0055564453
3.123928e-07,-0.0055463925
3.124928e-07,-0.0055492647
3.125928e-07,-0.005564344
3.126928e-07,-0.0055844497
3.127928e-07,-0.0055973748
3.128928e-07,-0.0055952206
3.129928e-07,-0.005576551
3.130928e-07,-0.0055492647
3.131928e-07,-0.0055248506
3.132928e-07,-0.0055147978
3.133928e-07,-0.0055212603
3.134928e-07,-0.0055392119
3.135928e-07,-0.0055557273
3.136928e-07,-0.0055607537
3.137928e-07,-0.0055521369
3.138928e-07,-0.0055363396
3.139928e-07,-0.0055248506
3.140928e-07,-0.0055262868
3.141928e-07,-0.0055428022
3.142928e-07,-0.0055672162
3.143928e-07,-0.0055844497
3.144928e-07,-0.0055837316
3.145928e-07,-0.0055614717
3.146928e-07,-0.0055248506
3.147928e-07,-0.0054896657
3.148928e-07,-0.0054688419
3.149928e-07,-0.00546956
3.150928e-07,-0.0054875115
3.151928e-07,-0.0055112075
3.152928e-07,-0.0055262868
3.153928e-07,-0.0055270048
3.154928e-07,-0.0055162339
3.155928e-07,-0.0055047449
3.156928e-07,-0.0055033088
3.157928e-07,-0.005516952
3.158928e-07,-0.0055420841
3.159928e-07,-0.0055679343
3.160928e-07,-0.0055837316
3.161928e-07,-0.0055837316
3.162928e-07,-0.0055715246
3.163928e-07,-0.0055571634
3.164928e-07,-0.0055492647
3.165928e-07,-0.0055542911
3.166928e-07,-0.0055686523
3.167928e-07,-0.0055844497
3.168928e-07,-0.0055952206
3.169928e-07,-0.0055980928
3.170928e-07,-0.0055973748
3.171928e-07,-0.0056016831
3.172928e-07,-0.0056181985
3.173928e-07,-0.0056447668
3.174928e-07,-0.0056734892
3.175928e-07,-0.0056900046
3.176928e-07,-0.0056871324
3.177928e-07,-0.0056641544
3.178928e-07,-0.0056304056
3.179928e-07,-0.0056038373
3.180928e-07,-0.0055952206
3.181928e-07,-0.0056088637
3.182928e-07,-0.0056368681
3.183928e-07,-0.0056634364
3.184928e-07,-0.0056756434
3.185928e-07,-0.0056691808
3.186928e-07,-0.0056505113
3.187928e-07,-0.0056325597
3.188928e-07,-0.0056296875
3.189928e-07,-0.0056447668
3.190928e-07,-0.005670617
3.191928e-07,-0.0056928768
3.192928e-07,-0.0056986213
3.193928e-07,-0.005683542
3.194928e-07,-0.0056548196
3.195928e-07,-0.0056275333
3.196928e-07,-0.0056181985
3.197928e-07,-0.0056318417
3.198928e-07,-0.0056612822
3.199928e-07,-0.0056928768
3.200928e-07,-0.0057101103
3.201928e-07,-0.0057050839
3.202928e-07,-0.0056821059
3.203928e-07,-0.0056555377
3.204928e-07,-0.0056411765
3.205928e-07,-0.005646921
3.206928e-07,-0.0056684628
3.207928e-07,-0.005695031
3.208928e-07,-0.0057101103
3.209928e-07,-0.0057050839
3.210928e-07,-0.0056821059
3.211928e-07,-0.0056526654
3.212928e-07,-0.0056296875
3.213928e-07,-0.005623225
3.214928e-07,-0.0056332778
3.215928e-07,-0.0056505113
3.216928e-07,-0.0056641544
3.217928e-07,-0.0056684628
3.218928e-07,-0.0056641544
3.219928e-07,-0.005659846
3.220928e-07,-0.0056641544
3.221928e-07,-0.0056813879
3.222928e-07,-0.0057058019
3.223928e-07,-0.0057266257
3.224928e-07,-0.0057330882
3.225928e-07,-0.0057194451
3.226928e-07,-0.0056914407
3.227928e-07,-0.0056605641
3.228928e-07,-0.0056411765
3.229928e-07,-0.0056404584
3.230928e-07,-0.0056562557
3.231928e-07,-0.0056792337
3.232928e-07,-0.0056986213
3.233928e-07,-0.0057072381
3.234928e-07,-0.0057072381
3.235928e-07,-0.0057050839
3.236928e-07,-0.0057101103
3.237928e-07,-0.0057244715
3.238928e-07,-0.0057438591
3.239928e-07,-0.0057575023
3.240928e-07,-0.0057560662
3.241928e-07,-0.0057373966
3.242928e-07,-0.0057086742
3.243928e-07,-0.0056842601
3.244928e-07,-0.0056756434
3.245928e-07,-0.0056892865
3.246928e-07,-0.005718727
3.247928e-07,-0.0057496036
3.248928e-07,-0.0057675551
3.249928e-07,-0.0057639648
3.250928e-07,-0.0057431411
3.251928e-07,-0.0057158548
3.252928e-07,-0.0056986213
3.253928e-07,-0.0057007755
3.254928e-07,-0.0057223173
3.255928e-07,-0.0057531939
3.256928e-07,-0.0057790441
3.257928e-07,-0.0057883789
3.258928e-07,-0.0057790441
3.259928e-07,-0.0057567842
3.260928e-07,-0.0057330882
3.261928e-07,-0.005718009
3.262928e-07,-0.0057158548
3.263928e-07,-0.0057230354
3.264928e-07,-0.0057330882
3.265928e-07,-0.0057395508
3.266928e-07,-0.0057402688
3.267928e-07,-0.0057366785
3.268928e-07,-0.0057330882
3.269928e-07,-0.0057309341
3.270928e-07,-0.0057287799
3.271928e-07,-0.0057230354
3.272928e-07,-0.0057101103
3.273928e-07,-0.0056921588
3.274928e-07,-0.0056734892
3.275928e-07,-0.0056627183
3.276928e-07,-0.0056641544
3.277928e-07,-0.0056777976
3.278928e-07,-0.0056957491
3.279928e-07,-0.0057086742
3.280928e-07,-0.0057101103
3.281928e-07,-0.0056986213
3.282928e-07,-0.0056799517
3.283928e-07,-0.0056663086
3.284928e-07,-0.0056641544
3.285928e-07,-0.0056756434
3.286928e-07,-0.0056935949
3.287928e-07,-0.0057079561
3.288928e-07,-0.0057101103
3.289928e-07,-0.0056979033
3.290928e-07,-0.0056792337
3.291928e-07,-0.0056641544
3.292928e-07,-0.0056641544
3.293928e-07,-0.0056806698
3.294928e-07,-0.0057072381
3.295928e-07,-0.0057323702
3.296928e-07,-0.0057445772
3.297928e-07,-0.0057402688
3.298928e-07,-0.0057237534
3.299928e-07,-0.00570652
3.300928e-07,-0.0056986213
3.301928e-07,-0.0057043658
3.302928e-07,-0.0057201631
3.303928e-07,-0.0057366785
3.304928e-07,-0.0057445772
3.305928e-07,-0.0057409869
3.306928e-07,-0.005730216
3.307928e-07,-0.0057215993
3.308928e-07,-0.0057215993
3.309928e-07,-0.0057323702
3.310928e-07,-0.0057474494
3.311928e-07,-0.0057582204
3.312928e-07,-0.0057560662
3.313928e-07,-0.005742423
3.314928e-07,-0.0057244715
3.315928e-07,-0.0057151367
3.316928e-07,-0.0057215993
3.317928e-07,-0.0057445772
3.318928e-07,-0.0057725816
3.319928e-07,-0.0057919692
3.320928e-07,-0.0057905331
3.321928e-07,-0.0057675551
3.322928e-07,-0.0057316521
3.323928e-07,-0.0057000574
3.324928e-07,-0.0056871324
3.325928e-07,-0.0056971852
3.326928e-07,-0.0057237534
3.327928e-07,-0.0057517578
3.328928e-07,-0.0057675551
3.329928e-07,-0.005765401
3.330928e-07,-0.0057503217
3.331928e-07,-0.0057352424
3.332928e-07,-0.0057330882
3.333928e-07,-0.0057488856
3.334928e-07,-0.0057761719
3.335928e-07,-0.0058020221
3.336928e-07,-0.005813511
3.337928e-07,-0.0058056124
3.338928e-07,-0.0057840705
3.339928e-07,-0.0057632468
3.340928e-07,-0.0057560662
3.341928e-07,-0.0057697093
3.342928e-07,-0.0058005859
3.343928e-07,-0.0058343348
3.344928e-07,-0.0058594669
3.345928e-07,-0.0058688017
3.346928e-07,-0.0058659295
3.347928e-07,-0.0058630572
3.348928e-07,-0.0058709559
3.349928e-07,-0.0058946519
3.350928e-07,-0.0059284007
3.351928e-07,-0.0059592773
3.352928e-07,-0.0059743566
3.353928e-07,-0.0059678941
3.354928e-07,-0.0059449161
3.355928e-07,-0.0059190659
3.356928e-07,-0.0059054228
3.357928e-07,-0.0059111673
3.358928e-07,-0.0059327091
3.359928e-07,-0.0059585593
3.360928e-07,-0.0059743566
3.361928e-07,-0.0059729205
3.362928e-07,-0.0059571232
3.363928e-07,-0.0059377355
3.364928e-07,-0.0059284007
3.365928e-07,-0.0059362994
3.366928e-07,-0.0059599954
3.367928e-07,-0.0059887178
3.368928e-07,-0.0060088235
3.369928e-07,-0.0060116958
3.370928e-07,-0.0059980526
3.371928e-07,-0.0059743566
3.372928e-07,-0.0059513787
3.373928e-07,-0.0059377355
3.374928e-07,-0.0059341452
3.375928e-07,-0.0059370175
3.376928e-07,-0.0059398897
3.377928e-07,-0.0059406078
3.378928e-07,-0.0059420439
3.379928e-07,-0.0059485064
3.380928e-07,-0.0059628676
3.381928e-07,-0.0059836914
3.382928e-07,-0.0060009249
3.383928e-07,-0.0060037971
3.384928e-07,-0.0059858456
3.385928e-07,-0.0059492245
3.386928e-07,-0.0059054228
3.387928e-07,-0.0058716739
3.388928e-07,-0.0058594669
3.389928e-07,-0.005872392
3.390928e-07,-0.0059011144
3.391928e-07,-0.0059284007
3.392928e-07,-0.0059398897
3.393928e-07,-0.0059298369
3.394928e-07,-0.0059054228
3.395928e-07,-0.0058810087
3.396928e-07,-0.0058709559
3.397928e-07,-0.0058824449
3.398928e-07,-0.0059090131
3.399928e-07,-0.0059370175
3.400928e-07,-0.0059513787
3.401928e-07,-0.0059441981
3.402928e-07,-0.0059190659
3.403928e-07,-0.0058896255
3.404928e-07,-0.0058709559
3.405928e-07,-0.0058716739
3.406928e-07,-0.0058889074
3.407928e-07,-0.0059126034
3.408928e-07,-0.0059284007
3.409928e-07,-0.0059269646
3.410928e-07,-0.0059104492
3.411928e-07,-0.0058874713
3.412928e-07,-0.0058709559
3.413928e-07,-0.0058680836
3.414928e-07,-0.0058781365
3.415928e-07,-0.0058910616
3.416928e-07,-0.0058939338
3.417928e-07,-0.0058795726
3.418928e-07,-0.0058472599
3.419928e-07,-0.0058063304
3.420928e-07,-0.0057675551
3.421928e-07,-0.0057402688
3.422928e-07,-0.0057273438
3.423928e-07,-0.0057237534
3.424928e-07,-0.0057215993
3.425928e-07,-0.0057165728
3.426928e-07,-0.0057086742
3.427928e-07,-0.0057014936
3.428928e-07,-0.0056986213
3.429928e-07,-0.0057007755
3.430928e-07,-0.0057036477
3.431928e-07,-0.0057007755
3.432928e-07,-0.0056871324
3.433928e-07,-0.0056648725
3.434928e-07,-0.0056411765
3.435928e-07,-0.0056275333
3.436928e-07,-0.0056296875
3.437928e-07,-0.0056483571
3.438928e-07,-0.0056742073
3.439928e-07,-0.005694313
3.440928e-07,-0.0056986213
3.441928e-07,-0.0056842601
3.442928e-07,-0.005659846
3.443928e-07,-0.0056375862
3.444928e-07,-0.0056296875
3.445928e-07,-0.0056397403
3.446928e-07,-0.0056620002
3.447928e-07,-0.0056856962
3.448928e-07,-0.0056986213
3.449928e-07,-0.0056971852
3.450928e-07,-0.0056864143
3.451928e-07,-0.0056756434
3.452928e-07,-0.0056756434
3.453928e-07,-0.0056878504
3.454928e-07,-0.00570652
3.455928e-07,-0.0057208812
3.456928e-07,-0.0057215993
3.457928e-07,-0.0057079561
3.458928e-07,-0.0056871324
3.459928e-07,-0.0056727711
3.460928e-07,-0.0056756434
3.461928e-07,-0.0056971852
3.462928e-07,-0.0057287799
3.463928e-07,-0.0057567842
3.464928e-07,-0.0057675551
3.465928e-07,-0.0057575023
3.466928e-07,-0.0057330882
3.467928e-07,-0.0057093922
3.468928e-07,-0.0056986213
3.469928e-07,-0.00570652
3.470928e-07,-0.0057273438
3.471928e-07,-0.0057481675
3.472928e-07,-0.0057560662
3.473928e-07,-0.0057467314
3.474928e-07,-0.0057259076
3.475928e-07,-0.0057058019
3.476928e-07,-0.0056986213
3.477928e-07,-0.0057086742
3.478928e-07,-0.005730216
3.479928e-07,-0.0057496036
3.480928e-07,-0.0057560662
3.481928e-07,-0.0057438591
3.482928e-07,-0.0057201631
3.483928e-07,-0.0056964671
3.484928e-07,-0.0056871324
3.485928e-07,-0.0056957491
3.486928e-07,-0.0057172909
3.487928e-07,-0.0057373966
3.488928e-07,-0.0057445772
3.489928e-07,-0.0057338063
3.490928e-07,-0.0057108284
3.491928e-07,-0.0056907227
3.492928e-07,-0.0056871324
3.493928e-07,-0.0057043658
3.494928e-07,-0.0057359605
3.495928e-07,-0.005766119
3.496928e-07,-0.0057790441
3.497928e-07,-0.005766119
3.498928e-07,-0.0057323702
3.499928e-07,-0.0056921588
3.500928e-07,-0.0056641544
3.501928e-07,-0.0056584099
3.502928e-07,-0.0056734892
3.503928e-07,-0.0057000574
3.504928e-07,-0.0057215993
3.505928e-07,-0.0057280618
3.506928e-07,-0.005718727
3.507928e-07,-0.0057014936
3.508928e-07,-0.0056871324
3.509928e-07,-0.005682824
3.510928e-07,-0.0056892865
3.511928e-07,-0.0056971852
3.512928e-07,-0.0056986213
3.513928e-07,-0.0056878504
3.514928e-07,-0.0056677447
3.515928e-07,-0.0056483571
3.516928e-07,-0.0056411765
3.517928e-07,-0.0056505113
3.518928e-07,-0.0056734892
3.519928e-07,-0.0056971852
3.520928e-07,-0.0057101103
3.521928e-07,-0.0057043658
3.522928e-07,-0.005683542
3.523928e-07,-0.0056576919
3.524928e-07,-0.0056411765
3.525928e-07,-0.0056426126
3.526928e-07,-0.0056612822
3.527928e-07,-0.0056878504
3.528928e-07,-0.0057101103
3.529928e-07,-0.005718009
3.530928e-07,-0.0057093922
3.531928e-07,-0.0056914407
3.532928e-07,-0.0056756434
3.533928e-07,-0.0056698989
3.534928e-07,-0.0056777976
3.535928e-07,-0.0056935949
3.536928e-07,-0.0057101103
3.537928e-07,-0.0057208812
3.538928e-07,-0.0057230354
3.539928e-07,-0.0057215993
3.540928e-07,-0.0057215993
3.541928e-07,-0.0057273438
3.542928e-07,-0.0057381147
3.543928e-07,-0.0057503217
3.544928e-07,-0.0057560662
3.545928e-07,-0.0057531939
3.546928e-07,-0.0057431411
3.547928e-07,-0.005730216
3.548928e-07,-0.0057215993
3.549928e-07,-0.0057201631
3.550928e-07,-0.0057244715
3.551928e-07,-0.005730216
3.552928e-07,-0.0057330882
3.553928e-07,-0.0057316521
3.554928e-07,-0.0057280618
3.555928e-07,-0.0057273438
3.556928e-07,-0.0057330882
3.557928e-07,-0.0057445772
3.558928e-07,-0.0057560662
3.559928e-07,-0.0057610926
3.560928e-07,-0.0057560662
3.561928e-07,-0.0057431411
3.562928e-07,-0.005730216
3.563928e-07,-0.0057287799
3.564928e-07,-0.0057445772
3.565928e-07,-0.005777608
3.566928e-07,-0.0058178194
3.567928e-07,-0.0058530044
3.568928e-07,-0.0058709559
3.569928e-07,-0.0058695198
3.570928e-07,-0.0058551585
3.571928e-07,-0.0058400793
3.572928e-07,-0.005836489
3.573928e-07,-0.0058494141
3.574928e-07,-0.0058745462
3.575928e-07,-0.0059011144
3.576928e-07,-0.0059169118
3.577928e-07,-0.0059154756
3.578928e-07,-0.0059003964
3.579928e-07,-0.0058817268
3.580928e-07,-0.0058709559
3.581928e-07,-0.0058759823
3.582928e-07,-0.0058968061
3.583928e-07,-0.0059248104
3.584928e-07,-0.0059513787
3.585928e-07,-0.0059686121
3.586928e-07,-0.0059772289
3.587928e-07,-0.0059801011
3.588928e-07,-0.0059858456
3.589928e-07,-0.0059980526
3.590928e-07,-0.0060152861
3.591928e-07,-0.0060325195
3.592928e-07,-0.0060432904
3.593928e-07,-0.0060454446
3.594928e-07,-0.0060404182
3.595928e-07,-0.0060339557
3.596928e-07,-0.0060318015
3.597928e-07,-0.0060361098
3.598928e-07,-0.0060425724
3.599928e-07,-0.0060468807
3.600928e-07,-0.0060432904
3.601928e-07,-0.0060318015
3.602928e-07,-0.0060188764
3.603928e-07,-0.0060131319
3.604928e-07,-0.0060203125
3.605928e-07,-0.0060411363
3.606928e-07,-0.0060684226
3.607928e-07,-0.0060914005
3.608928e-07,-0.0061007353
3.609928e-07,-0.0060921186
3.610928e-07,-0.0060712948
3.611928e-07,-0.0060475988
3.612928e-07,-0.0060318015
3.613928e-07,-0.0060289292
3.614928e-07,-0.0060361098
3.615928e-07,-0.0060475988
3.616928e-07,-0.0060547794
3.617928e-07,-0.0060547794
3.618928e-07,-0.006050471
3.619928e-07,-0.0060483169
3.620928e-07,-0.0060547794
3.621928e-07,-0.0060698587
3.622928e-07,-0.0060863741
3.623928e-07,-0.0060957089
3.624928e-07,-0.0060892463
3.625928e-07,-0.0060648323
3.626928e-07,-0.0060296473
3.627928e-07,-0.0059958984
3.628928e-07,-0.0059743566
3.629928e-07,-0.0059700483
3.630928e-07,-0.005979383
3.631928e-07,-0.0059915901
3.632928e-07,-0.0059973346
3.633928e-07,-0.005990872
3.634928e-07,-0.0059757927
3.635928e-07,-0.0059592773
3.636928e-07,-0.0059513787
3.637928e-07,-0.005954969
3.638928e-07,-0.005967176
3.639928e-07,-0.0059765108
3.640928e-07,-0.0059743566
3.641928e-07,-0.0059564051
3.642928e-07,-0.0059276827
3.643928e-07,-0.0058989602
3.644928e-07,-0.0058824449
3.645928e-07,-0.005883881
3.646928e-07,-0.0059011144
3.647928e-07,-0.0059233743
3.648928e-07,-0.0059398897
3.649928e-07,-0.0059420439
3.650928e-07,-0.0059291188
3.651928e-07,-0.0059097312
3.652928e-07,-0.0058939338
3.653928e-07,-0.0058889074
3.654928e-07,-0.0058953699
3.655928e-07,-0.005907577
3.656928e-07,-0.0059169118
3.657928e-07,-0.0059161937
3.658928e-07,-0.0059039867
3.659928e-07,-0.0058867532
3.660928e-07,-0.0058709559
3.661928e-07,-0.0058637753
3.662928e-07,-0.0058659295
3.663928e-07,-0.0058738281
3.664928e-07,-0.0058824449
3.665928e-07,-0.0058874713
3.666928e-07,-0.0058881893
3.667928e-07,-0.0058889074
3.668928e-07,-0.0058939338
3.669928e-07,-0.0059047047
3.670928e-07,-0.005919784
3.671928e-07,-0.0059327091
3.672928e-07,-0.0059398897
3.673928e-07,-0.0059377355
3.674928e-07,-0.0059298369
3.675928e-07,-0.0059205021
3.676928e-07,-0.0059169118
3.677928e-07,-0.0059212201
3.678928e-07,-0.005931273
3.679928e-07,-0.0059427619
3.680928e-07,-0.0059513787
3.681928e-07,-0.005954969
3.682928e-07,-0.0059571232
3.683928e-07,-0.0059621496
3.684928e-07,-0.0059743566
3.685928e-07,-0.0059937443
3.686928e-07,-0.006014568
3.687928e-07,-0.0060296473
3.688928e-07,-0.0060318015
3.689928e-07,-0.0060210306
3.690928e-07,-0.006002361
3.691928e-07,-0.0059844095
3.692928e-07,-0.0059743566
3.693928e-07,-0.0059757927
3.694928e-07,-0.0059844095
3.695928e-07,-0.0059937443
3.696928e-07,-0.0059973346
3.697928e-07,-0.0059923081
3.698928e-07,-0.0059822553
3.699928e-07,-0.0059743566
3.700928e-07,-0.0059743566
3.701928e-07,-0.0059829733
3.702928e-07,-0.0059944623
3.703928e-07,-0.0060016429
3.704928e-07,-0.0059973346
3.705928e-07,-0.0059801011
3.706928e-07,-0.005954969
3.707928e-07,-0.005931273
3.708928e-07,-0.0059169118
3.709928e-07,-0.0059154756
3.710928e-07,-0.0059240924
3.711928e-07,-0.0059348633
3.712928e-07,-0.0059398897
3.713928e-07,-0.0059377355
3.714928e-07,-0.0059305549
3.715928e-07,-0.0059262466
3.716928e-07,-0.0059284007
3.717928e-07,-0.0059377355
3.718928e-07,-0.0059485064
3.719928e-07,-0.0059513787
3.720928e-07,-0.0059398897
3.721928e-07,-0.0059133215
3.722928e-07,-0.0058788545
3.723928e-07,-0.0058501321
3.724928e-07,-0.005836489
3.725928e-07,-0.0058429515
3.726928e-07,-0.0058652114
3.727928e-07,-0.0058932158
3.728928e-07,-0.0059169118
3.729928e-07,-0.0059298369
3.730928e-07,-0.0059341452
3.731928e-07,-0.0059348633
3.732928e-07,-0.0059398897
3.733928e-07,-0.0059499426
3.734928e-07,-0.0059621496
3.735928e-07,-0.0059686121
3.736928e-07,-0.0059628676
3.737928e-07,-0.0059441981
3.738928e-07,-0.005919784
3.739928e-07,-0.0058996783
3.740928e-07,-0.0058939338
3.741928e-07,-0.0059047047
3.742928e-07,-0.0059248104
3.743928e-07,-0.0059441981
3.744928e-07,-0.0059513787
3.745928e-07,-0.0059420439
3.746928e-07,-0.0059212201
3.747928e-07,-0.0059011144
3.748928e-07,-0.0058939338
3.749928e-07,-0.0059061409
3.750928e-07,-0.0059341452
3.751928e-07,-0.0059650218
3.752928e-07,-0.0059858456
3.753928e-07,-0.0059865636
3.754928e-07,-0.0059686121
3.755928e-07,-0.0059406078
3.756928e-07,-0.0059169118
3.757928e-07,-0.0059090131
3.758928e-07,-0.0059205021
3.759928e-07,-0.0059456342
3.760928e-07,-0.0059743566
3.761928e-07,-0.0059958984
3.762928e-07,-0.0060045152
3.763928e-07,-0.006003079
3.764928e-07,-0.0059973346
3.765928e-07,-0.0059944623
3.766928e-07,-0.0059973346
3.767928e-07,-0.0060037971
3.768928e-07,-0.0060088235
3.769928e-07,-0.0060073874
3.770928e-07,-0.0059987707
3.771928e-07,-0.0059851275
3.772928e-07,-0.0059743566
3.773928e-07,-0.0059707663
3.774928e-07,-0.0059772289
3.775928e-07,-0.0059915901
3.776928e-07,-0.0060088235
3.777928e-07,-0.0060246209
3.778928e-07,-0.0060361098
3.779928e-07,-0.0060454446
3.780928e-07,-0.0060547794
3.781928e-07,-0.0060655503
3.782928e-07,-0.0060770393
3.783928e-07,-0.0060863741
3.784928e-07,-0.0060892463
3.785928e-07,-0.0060842199
3.786928e-07,-0.006073449
3.787928e-07,-0.006061242
3.788928e-07,-0.0060547794
3.789928e-07,-0.0060576517
3.790928e-07,-0.0060705767
3.791928e-07,-0.0060906824
3.792928e-07,-0.0061122243
3.793928e-07,-0.0061301758
3.794928e-07,-0.0061431009
3.795928e-07,-0.0061517176
3.796928e-07,-0.0061581801
3.797928e-07,-0.0061653608
3.798928e-07,-0.0061739775
3.799928e-07,-0.0061840303
3.800928e-07,-0.0061926471
3.801928e-07,-0.0061998277
3.802928e-07,-0.0062070083
3.803928e-07,-0.006215625
3.804928e-07,-0.006227114
3.805928e-07,-0.0062421932
3.806928e-07,-0.0062572725
3.807928e-07,-0.0062687615
3.808928e-07,-0.0062730699
3.809928e-07,-0.0062687615
3.810928e-07,-0.0062587086
3.811928e-07,-0.0062472197
3.812928e-07,-0.0062386029
3.813928e-07,-0.0062357307
3.814928e-07,-0.0062364488
3.815928e-07,-0.006239321
3.816928e-07,-0.0062386029
3.817928e-07,-0.0062328585
3.818928e-07,-0.0062228056
3.819928e-07,-0.0062120347
3.820928e-07,-0.006204136
3.821928e-07,-0.0062019818
3.822928e-07,-0.0062048541
3.823928e-07,-0.0062105986
3.824928e-07,-0.006215625
3.825928e-07,-0.0062177792
3.826928e-07,-0.0062177792
3.827928e-07,-0.0062163431
3.828928e-07,-0.006215625
3.829928e-07,-0.0062170611
3.830928e-07,-0.0062192153
3.831928e-07,-0.0062192153
3.832928e-07,-0.006215625
3.833928e-07,-0.0062077263
3.834928e-07,-0.0061969554
3.835928e-07,-0.0061869026
3.836928e-07,-0.0061811581
3.837928e-07,-0.006179722
3.838928e-07,-0.0061818761
3.839928e-07,-0.0061833123
3.840928e-07,-0.0061811581
3.841928e-07,-0.0061746955
3.842928e-07,-0.0061646427
3.843928e-07,-0.0061545898
3.844928e-07,-0.0061466912
3.845928e-07,-0.0061423828
3.846928e-07,-0.0061395106
3.847928e-07,-0.0061344841
3.848928e-07,-0.0061237132
3.849928e-07,-0.0061057617
3.850928e-07,-0.0060835018
3.851928e-07,-0.006061242
3.852928e-07,-0.0060432904
3.853928e-07,-0.0060318015
3.854928e-07,-0.006026775
3.855928e-07,-0.0060246209
3.856928e-07,-0.0060203125
3.857928e-07,-0.0060116958
3.858928e-07,-0.0059994887
3.859928e-07,-0.0059858456
3.860928e-07,-0.0059743566
3.861928e-07,-0.0059678941
3.862928e-07,-0.0059657399
3.863928e-07,-0.0059650218
3.864928e-07,-0.0059628676
3.865928e-07,-0.0059564051
3.866928e-07,-0.0059463523
3.867928e-07,-0.0059355813
3.868928e-07,-0.0059284007
3.869928e-07,-0.0059291188
3.870928e-07,-0.0059384536
3.871928e-07,-0.0059542509
3.872928e-07,-0.0059743566
3.873928e-07,-0.0059937443
3.874928e-07,-0.0060088235
3.875928e-07,-0.0060174403
3.876928e-07,-0.0060203125
3.877928e-07,-0.0060167222
3.878928e-07,-0.0060081055
3.879928e-07,-0.0059973346
3.880928e-07,-0.0059858456
3.881928e-07,-0.0059772289
3.882928e-07,-0.0059743566
3.883928e-07,-0.0059772289
3.884928e-07,-0.0059858456
3.885928e-07,-0.0059958984
3.886928e-07,-0.006002361
3.887928e-07,-0.006003079
3.888928e-07,-0.0059973346
3.889928e-07,-0.0059894359
3.890928e-07,-0.0059858456
3.891928e-07,-0.0059915901
3.892928e-07,-0.0060088235
3.893928e-07,-0.0060339557
3.894928e-07,-0.0060590878
3.895928e-07,-0.0060756032
3.896928e-07,-0.0060777574
3.897928e-07,-0.0060648323
3.898928e-07,-0.0060418543
3.899928e-07,-0.0060167222
3.900928e-07,-0.0059973346
3.901928e-07,-0.0059879998
3.902928e-07,-0.0059872817
3.903928e-07,-0.0059923081
3.904928e-07,-0.0059973346
3.905928e-07,-0.0060002068
3.906928e-07,-0.0060016429
3.907928e-07,-0.0060037971
3.908928e-07,-0.0060088235
3.909928e-07,-0.0060167222
3.910928e-07,-0.0060246209
3.911928e-07,-0.006026775
3.912928e-07,-0.0060203125
3.913928e-07,-0.0060052332
3.914928e-07,-0.0059844095
3.915928e-07,-0.0059650218
3.916928e-07,-0.0059513787
3.917928e-07,-0.0059470703
3.918928e-07,-0.0059499426
3.919928e-07,-0.0059564051
3.920928e-07,-0.0059628676
3.921928e-07,-0.005967176
3.922928e-07,-0.0059693302
3.923928e-07,-0.0059714844
3.924928e-07,-0.0059743566
3.925928e-07,-0.0059757927
3.926928e-07,-0.0059722024
3.927928e-07,-0.0059599954
3.928928e-07,-0.0059398897
3.929928e-07,-0.0059147576
3.930928e-07,-0.0058924977
3.931928e-07,-0.0058810087
3.932928e-07,-0.0058824449
3.933928e-07,-0.005896088
3.934928e-07,-0.0059133215
3.935928e-07,-0.0059262466
3.936928e-07,-0.0059284007
3.937928e-07,-0.005919784
3.938928e-07,-0.0059054228
3.939928e-07,-0.0058953699
3.940928e-07,-0.0058939338
3.941928e-07,-0.0059018325
3.942928e-07,-0.0059133215
3.943928e-07,-0.0059169118
3.944928e-07,-0.0059054228
3.945928e-07,-0.0058781365
3.946928e-07,-0.0058422335
3.947928e-07,-0.0058092027
3.948928e-07,-0.0057905331
3.949928e-07,-0.0057905331
3.950928e-07,-0.0058070485
3.951928e-07,-0.0058300264
3.952928e-07,-0.0058479779
3.953928e-07,-0.0058537224
3.954928e-07,-0.0058458238
3.955928e-07,-0.0058300264
3.956928e-07,-0.005813511
3.957928e-07,-0.0058020221
3.958928e-07,-0.0057962776
3.959928e-07,-0.0057934053
3.960928e-07,-0.0057905331
3.961928e-07,-0.0057847886
3.962928e-07,-0.0057783261
3.963928e-07,-0.0057754538
3.964928e-07,-0.0057790441
3.965928e-07,-0.0057905331
3.966928e-07,-0.0058056124
3.967928e-07,-0.0058185375
3.968928e-07,-0.005825
3.969928e-07,-0.0058235639
3.970928e-07,-0.0058185375
3.971928e-07,-0.0058171013
3.972928e-07,-0.005825
3.973928e-07,-0.0058429515
3.974928e-07,-0.0058652114
3.975928e-07,-0.005884599
3.976928e-07,-0.0058939338
3.977928e-07,-0.0058910616
3.978928e-07,-0.0058802907
3.979928e-07,-0.0058709559
3.980928e-07,-0.0058709559
3.981928e-07,-0.005883881
3.982928e-07,-0.005907577
3.983928e-07,-0.0059327091
3.984928e-07,-0.0059513787
3.985928e-07,-0.0059607135
3.986928e-07,-0.0059628676
3.987928e-07,-0.0059650218
3.988928e-07,-0.0059743566
3.989928e-07,-0.0059944623
3.990928e-07,-0.0060217486
3.991928e-07,-0.0060483169
3.992928e-07,-0.0060662684
3.993928e-07,-0.0060720129
3.994928e-07,-0.0060669864
3.995928e-07,-0.0060583697
3.996928e-07,-0.0060547794
3.997928e-07,-0.0060605239
3.998928e-07,-0.006074167
3.999928e-07,-0.0060899644
4.000928e-07,-0.0061007353
4.001928e-07,-0.0061036075
4.002928e-07,-0.0061000172
4.003928e-07,-0.0060964269
4.004928e-07,-0.0061007353
4.005928e-07,-0.0061158146
4.006928e-07,-0.0061387925
4.007928e-07,-0.0061632066
4.008928e-07,-0.0061811581
4.009928e-07,-0.0061876206
4.010928e-07,-0.0061840303
4.011928e-07,-0.0061754136
4.012928e-07,-0.0061696691
4.013928e-07,-0.0061711052
4.014928e-07,-0.00618044
4.015928e-07,-0.0061933651
4.016928e-07,-0.006204136
4.017928e-07,-0.0062098805
4.018928e-07,-0.0062113166
4.019928e-07,-0.0062120347
4.020928e-07,-0.006215625
4.021928e-07,-0.0062242417
4.022928e-07,-0.0062342946
4.023928e-07,-0.0062407571
4.024928e-07,-0.0062386029
4.025928e-07,-0.0062263959
4.026928e-07,-0.0062084444
4.027928e-07,-0.0061912109
4.028928e-07,-0.0061811581
4.029928e-07,-0.00618044
4.030928e-07,-0.0061869026
4.031928e-07,-0.0061933651
4.032928e-07,-0.0061926471
4.033928e-07,-0.0061825942
4.034928e-07,-0.0061646427
4.035928e-07,-0.0061466912
4.036928e-07,-0.0061352022
4.037928e-07,-0.0061337661
4.038928e-07,-0.0061395106
4.039928e-07,-0.0061466912
4.040928e-07,-0.0061466912
4.041928e-07,-0.0061359203
4.042928e-07,-0.0061150965
4.043928e-07,-0.0060892463
4.044928e-07,-0.0060662684
4.045928e-07,-0.006050471
4.046928e-07,-0.0060432904
4.047928e-07,-0.0060418543
4.048928e-07,-0.0060432904
4.049928e-07,-0.0060447266
4.050928e-07,-0.0060468807
4.051928e-07,-0.0060533433
4.052928e-07,-0.0060662684
4.053928e-07,-0.0060842199
4.054928e-07,-0.0061021714
4.055928e-07,-0.0061136604
4.056928e-07,-0.0061122243
4.057928e-07,-0.0060964269
4.058928e-07,-0.0060705767
4.059928e-07,-0.0060425724
4.060928e-07,-0.0060203125
4.061928e-07,-0.0060088235
4.062928e-07,-0.0060073874
4.063928e-07,-0.0060131319
4.064928e-07,-0.0060203125
4.065928e-07,-0.006026775
4.066928e-07,-0.0060325195
4.067928e-07,-0.0060411363
4.068928e-07,-0.0060547794
4.069928e-07,-0.006073449
4.070928e-07,-0.0060928366
4.071928e-07,-0.0061071978
4.072928e-07,-0.0061122243
4.073928e-07,-0.0061071978
4.074928e-07,-0.0060949908
4.075928e-07,-0.0060835018
4.076928e-07,-0.0060777574
4.077928e-07,-0.0060791935
4.078928e-07,-0.0060863741
4.079928e-07,-0.0060949908
4.080928e-07,-0.0061007353
4.081928e-07,-0.0061043256
4.082928e-07,-0.006108634
4.083928e-07,-0.0061186868
4.084928e-07,-0.0061352022
4.085928e-07,-0.0061553079
4.086928e-07,-0.0061703872
4.087928e-07,-0.0061732594
4.088928e-07,-0.0061581801
4.089928e-07,-0.0061294577
4.090928e-07,-0.0060964269
4.091928e-07,-0.0060720129
4.092928e-07,-0.0060662684
4.093928e-07,-0.0060799115
4.094928e-07,-0.0061064798
4.095928e-07,-0.00613233
4.096928e-07,-0.0061466912
4.097928e-07,-0.006144537
4.098928e-07,-0.0061287397
4.099928e-07,-0.0061107881
4.100928e-07,-0.0061007353
4.101928e-07,-0.0061036075
4.102928e-07,-0.0061172507
4.103928e-07,-0.0061344841
4.104928e-07,-0.0061466912
4.105928e-07,-0.0061488454
4.106928e-07,-0.0061423828
4.107928e-07,-0.0061359203
4.108928e-07,-0.0061352022
4.109928e-07,-0.006144537
4.110928e-07,-0.0061603343
4.111928e-07,-0.0061754136
4.112928e-07,-0.0061811581
4.113928e-07,-0.0061754136
4.114928e-07,-0.0061617705
4.115928e-07,-0.0061488454
4.116928e-07,-0.0061466912
4.117928e-07,-0.0061588982
4.118928e-07,-0.0061825942
4.119928e-07,-0.0062091625
4.120928e-07,-0.006227114
4.121928e-07,-0.0062307043
4.122928e-07,-0.0062192153
4.123928e-07,-0.0061998277
4.124928e-07,-0.0061811581
4.125928e-07,-0.0061703872
4.126928e-07,-0.0061696691
4.127928e-07,-0.0061754136
4.128928e-07,-0.0061811581
4.129928e-07,-0.0061833123
4.130928e-07,-0.006179722
4.131928e-07,-0.0061746955
4.132928e-07,-0.0061696691
4.133928e-07,-0.0061667969
4.134928e-07,-0.0061646427
4.135928e-07,-0.0061588982
4.136928e-07,-0.0061466912
4.137928e-07,-0.0061294577
4.138928e-07,-0.0061115062
4.139928e-07,-0.0061007353
4.140928e-07,-0.0061007353
4.141928e-07,-0.0061115062
4.142928e-07,-0.0061265855
4.143928e-07,-0.0061366383
4.144928e-07,-0.0061352022
4.145928e-07,-0.006120841
4.146928e-07,-0.0061000172
4.147928e-07,-0.0060820657
4.148928e-07,-0.0060777574
4.149928e-07,-0.0060885283
4.150928e-07,-0.006109352
4.151928e-07,-0.0061287397
4.152928e-07,-0.0061352022
4.153928e-07,-0.0061237132
4.154928e-07,-0.006097145
4.155928e-07,-0.0060662684
4.156928e-07,-0.0060432904
4.157928e-07,-0.0060361098
4.158928e-07,-0.0060447266
4.159928e-07,-0.0060626781
4.160928e-07,-0.0060777574
4.161928e-07,-0.0060820657
4.162928e-07,-0.006074167
4.163928e-07,-0.0060583697
4.164928e-07,-0.0060432904
4.165928e-07,-0.0060361098
4.166928e-07,-0.0060397001
4.167928e-07,-0.0060483169
4.168928e-07,-0.0060547794
4.169928e-07,-0.0060519072
4.170928e-07,-0.0060361098
4.171928e-07,-0.0060116958
4.172928e-07,-0.0059858456
4.173928e-07,-0.005966458
4.174928e-07,-0.0059592773
4.175928e-07,-0.0059628676
4.176928e-07,-0.0059743566
4.177928e-07,-0.0059879998
4.178928e-07,-0.0059994887
4.179928e-07,-0.0060059513
4.180928e-07,-0.0060088235
4.181928e-07,-0.0060081055
4.182928e-07,-0.0060037971
4.183928e-07,-0.0059966165
4.184928e-07,-0.0059858456
4.185928e-07,-0.0059722024
4.186928e-07,-0.0059578412
4.187928e-07,-0.0059463523
4.188928e-07,-0.0059398897
4.189928e-07,-0.0059398897
4.190928e-07,-0.00594348
4.191928e-07,-0.0059485064
4.192928e-07,-0.0059513787
4.193928e-07,-0.0059513787
4.194928e-07,-0.0059492245
4.195928e-07,-0.0059492245
4.196928e-07,-0.0059513787
4.197928e-07,-0.0059571232
4.198928e-07,-0.0059628676
4.199928e-07,-0.0059657399
4.200928e-07,-0.0059628676
4.201928e-07,-0.005955687
4.202928e-07,-0.0059470703
4.203928e-07,-0.0059406078
4.204928e-07,-0.0059398897
4.205928e-07,-0.00594348
4.206928e-07,-0.0059492245
4.207928e-07,-0.0059520967
4.208928e-07,-0.0059513787
4.209928e-07,-0.0059485064
4.210928e-07,-0.0059485064
4.211928e-07,-0.0059564051
4.212928e-07,-0.0059743566
4.213928e-07,-0.0059994887
4.214928e-07,-0.0060224667
4.215928e-07,-0.0060353918
4.216928e-07,-0.0060318015
4.217928e-07,-0.0060116958
4.218928e-07,-0.0059829733
4.219928e-07,-0.005955687
4.220928e-07,-0.0059398897
4.221928e-07,-0.0059391716
4.222928e-07,-0.0059513787
4.223928e-07,-0.0059693302
4.224928e-07,-0.0059858456
4.225928e-07,-0.0059966165
4.226928e-07,-0.0060037971
4.227928e-07,-0.0060102597
4.228928e-07,-0.0060203125
4.229928e-07,-0.0060339557
4.230928e-07,-0.0060475988
4.231928e-07,-0.0060519072
4.232928e-07,-0.0060432904
4.233928e-07,-0.0060203125
4.234928e-07,-0.0059887178
4.235928e-07,-0.0059592773
4.236928e-07,-0.0059398897
4.237928e-07,-0.0059355813
4.238928e-07,-0.0059449161
4.239928e-07,-0.0059599954
4.240928e-07,-0.0059743566
4.241928e-07,-0.0059822553
4.242928e-07,-0.0059836914
4.243928e-07,-0.0059836914
4.244928e-07,-0.0059858456
4.245928e-07,-0.0059915901
4.246928e-07,-0.0059994887
4.247928e-07,-0.006002361
4.248928e-07,-0.0059973346
4.249928e-07,-0.0059822553
4.250928e-07,-0.0059614315
4.251928e-07,-0.0059413258
4.252928e-07,-0.0059284007
4.253928e-07,-0.0059255285
4.254928e-07,-0.0059298369
4.255928e-07,-0.0059362994
4.256928e-07,-0.0059398897
4.257928e-07,-0.0059391716
4.258928e-07,-0.0059355813
4.259928e-07,-0.0059348633
4.260928e-07,-0.0059398897
4.261928e-07,-0.0059492245
4.262928e-07,-0.0059578412
4.263928e-07,-0.0059599954
4.264928e-07,-0.0059513787
4.265928e-07,-0.0059348633
4.266928e-07,-0.0059183479
4.267928e-07,-0.0059097312
4.268928e-07,-0.0059169118
4.269928e-07,-0.0059377355
4.270928e-07,-0.0059650218
4.271928e-07,-0.0059872817
4.272928e-07,-0.0059973346
4.273928e-07,-0.0059930262
4.274928e-07,-0.0059815372
4.275928e-07,-0.0059722024
4.276928e-07,-0.0059743566
4.277928e-07,-0.0059887178
4.278928e-07,-0.0060081055
4.279928e-07,-0.0060217486
4.280928e-07,-0.0060203125
4.281928e-07,-0.0060016429
4.282928e-07,-0.0059722024
4.283928e-07,-0.00594348
4.284928e-07,-0.0059284007
4.285928e-07,-0.005931273
4.286928e-07,-0.0059485064
4.287928e-07,-0.0059707663
4.288928e-07,-0.0059858456
4.289928e-07,-0.0059879998
4.290928e-07,-0.0059772289
4.291928e-07,-0.0059592773
4.292928e-07,-0.0059398897
4.293928e-07,-0.0059226563
4.294928e-07,-0.0059068589
4.295928e-07,-0.0058860352
4.296928e-07,-0.0058594669
4.297928e-07,-0.0058278722
4.298928e-07,-0.0057991498
4.299928e-07,-0.0057811983
4.300928e-07,-0.0057790441
4.301928e-07,-0.005789815
4.302928e-07,-0.0058034582
4.303928e-07,-0.0058063304
4.304928e-07,-0.0057905331
4.305928e-07,-0.0057560662
4.306928e-07,-0.0057137006
4.307928e-07,-0.0056792337
4.308928e-07,-0.0056641544
4.309928e-07,-0.005671335
4.310928e-07,-0.0056914407
4.311928e-07,-0.0057093922
4.312928e-07,-0.0057101103
4.313928e-07,-0.0056885685
4.314928e-07,-0.0056490751
4.315928e-07,-0.0056052734
4.316928e-07,-0.0055722426
4.317928e-07,-0.0055564453
4.318928e-07,-0.0055564453
4.319928e-07,-0.0055614717
4.320928e-07,-0.0055607537
4.321928e-07,-0.0055478286
4.322928e-07,-0.0055262868
4.323928e-07,-0.0055040269
4.324928e-07,-0.0054918199
4.325928e-07,-0.005493974
4.326928e-07,-0.0055061811
4.327928e-07,-0.0055205423
4.328928e-07,-0.0055262868
4.329928e-07,-0.0055205423
4.330928e-07,-0.0055061811
4.331928e-07,-0.005493974
4.332928e-07,-0.0054918199
4.333928e-07,-0.0055018727
4.334928e-07,-0.00551767
4.335928e-07,-0.005529159
4.336928e-07,-0.0055262868
4.337928e-07,-0.0055076172
4.338928e-07,-0.0054810489
4.339928e-07,-0.0054602252
4.340928e-07,-0.0054573529
4.341928e-07,-0.0054760225
4.342928e-07,-0.0055090533
4.343928e-07,-0.0055428022
4.344928e-07,-0.0055607537
4.345928e-07,-0.0055571634
4.346928e-07,-0.0055356216
4.347928e-07,-0.0055090533
4.348928e-07,-0.0054918199
4.349928e-07,-0.0054925379
4.350928e-07,-0.0055104894
4.351928e-07,-0.0055334674
4.352928e-07,-0.0055492647
4.353928e-07,-0.0055499828
4.354928e-07,-0.0055356216
4.355928e-07,-0.0055162339
4.356928e-07,-0.0055033088
4.357928e-07,-0.0055040269
4.358928e-07,-0.00551767
4.359928e-07,-0.0055363396
4.360928e-07,-0.0055492647
4.361928e-07,-0.0055499828
4.362928e-07,-0.0055392119
4.363928e-07,-0.0055241326
4.364928e-07,-0.0055147978
4.365928e-07,-0.005516952
4.366928e-07,-0.005529159
4.367928e-07,-0.0055463925
4.368928e-07,-0.0055607537
4.369928e-07,-0.0055672162
4.370928e-07,-0.0055686523
4.371928e-07,-0.0055715246
4.372928e-07,-0.0055837316
4.373928e-07,-0.0056067096
4.374928e-07,-0.00563615
4.375928e-07,-0.0056620002
4.376928e-07,-0.0056756434
4.377928e-07,-0.0056720531
4.378928e-07,-0.0056548196
4.379928e-07,-0.0056332778
4.380928e-07,-0.0056181985
4.381928e-07,-0.0056153263
4.382928e-07,-0.005623225
4.383928e-07,-0.0056347139
4.384928e-07,-0.0056411765
4.385928e-07,-0.0056397403
4.386928e-07,-0.0056318417
4.387928e-07,-0.0056260972
4.388928e-07,-0.0056296875
4.389928e-07,-0.0056447668
4.390928e-07,-0.0056655905
4.391928e-07,-0.005682824
4.392928e-07,-0.0056871324
4.393928e-07,-0.0056742073
4.394928e-07,-0.0056490751
4.395928e-07,-0.0056225069
4.396928e-07,-0.0056067096
4.397928e-07,-0.0056074276
4.398928e-07,-0.005623943
4.399928e-07,-0.0056462029
4.400928e-07,-0.0056641544
4.401928e-07,-0.005670617
4.402928e-07,-0.0056663086
4.403928e-07,-0.0056576919
4.404928e-07,-0.0056526654
4.405928e-07,-0.0056562557
4.406928e-07,-0.0056677447
4.407928e-07,-0.0056806698
4.408928e-07,-0.0056871324
4.409928e-07,-0.005683542
4.410928e-07,-0.0056734892
4.411928e-07,-0.0056641544
4.412928e-07,-0.0056641544
4.413928e-07,-0.0056785156
4.414928e-07,-0.0057036477
4.415928e-07,-0.0057330882
4.416928e-07,-0.0057560662
4.417928e-07,-0.0057675551
4.418928e-07,-0.0057668371
4.419928e-07,-0.0057603745
4.420928e-07,-0.0057560662
4.421928e-07,-0.0057589384
4.422928e-07,-0.0057689913
4.423928e-07,-0.0057811983
4.424928e-07,-0.0057905331
4.425928e-07,-0.0057934053
4.426928e-07,-0.0057912511
4.427928e-07,-0.0057883789
4.428928e-07,-0.0057905331
4.429928e-07,-0.0057991498
4.430928e-07,-0.0058113568
4.431928e-07,-0.0058214097
4.432928e-07,-0.005825
4.433928e-07,-0.0058214097
4.434928e-07,-0.0058156652
4.435928e-07,-0.0058142291
4.436928e-07,-0.005825
4.437928e-07,-0.0058472599
4.438928e-07,-0.0058745462
4.439928e-07,-0.0058968061
4.440928e-07,-0.0059054228
4.441928e-07,-0.0058968061
4.442928e-07,-0.0058752642
4.443928e-07,-0.0058515682
4.444928e-07,-0.005836489
4.445928e-07,-0.005837207
4.446928e-07,-0.0058515682
4.447928e-07,-0.0058738281
4.448928e-07,-0.0058939338
4.449928e-07,-0.0059054228
4.450928e-07,-0.005908295
4.451928e-07,-0.0059061409
4.452928e-07,-0.0059054228
4.453928e-07,-0.005908295
4.454928e-07,-0.0059147576
4.455928e-07,-0.0059190659
4.456928e-07,-0.0059169118
4.457928e-07,-0.0059061409
4.458928e-07,-0.0058889074
4.459928e-07,-0.0058716739
4.460928e-07,-0.0058594669
4.461928e-07,-0.0058544405
4.462928e-07,-0.0058544405
4.463928e-07,-0.0058537224
4.464928e-07,-0.0058479779
4.465928e-07,-0.005837207
4.466928e-07,-0.005825
4.467928e-07,-0.0058192555
4.468928e-07,-0.005825
4.469928e-07,-0.0058415154
4.470928e-07,-0.0058637753
4.471928e-07,-0.0058831629
4.472928e-07,-0.0058939338
4.473928e-07,-0.0058939338
4.474928e-07,-0.0058896255
4.475928e-07,-0.0058867532
4.476928e-07,-0.0058939338
4.477928e-07,-0.0059104492
4.478928e-07,-0.0059305549
4.479928e-07,-0.0059463523
4.480928e-07,-0.0059513787
4.481928e-07,-0.0059456342
4.482928e-07,-0.0059355813
4.483928e-07,-0.005931273
4.484928e-07,-0.0059398897
4.485928e-07,-0.0059614315
4.486928e-07,-0.0059879998
4.487928e-07,-0.0060066693
4.488928e-07,-0.0060088235
4.489928e-07,-0.0059923081
4.490928e-07,-0.0059657399
4.491928e-07,-0.0059441981
4.492928e-07,-0.0059398897
4.493928e-07,-0.0059585593
4.494928e-07,-0.0059930262
4.495928e-07,-0.0060303653
4.496928e-07,-0.0060547794
4.497928e-07,-0.0060562155
4.498928e-07,-0.0060353918
4.499928e-07,-0.0060037971
4.500928e-07,-0.0059743566
4.501928e-07,-0.0059585593
4.502928e-07,-0.0059599954
4.503928e-07,-0.0059722024
4.504928e-07,-0.0059858456
4.505928e-07,-0.0059930262
4.506928e-07,-0.005990872
4.507928e-07,-0.0059822553
4.508928e-07,-0.0059743566
4.509928e-07,-0.0059722024
4.510928e-07,-0.0059757927
4.511928e-07,-0.0059822553
4.512928e-07,-0.0059858456
4.513928e-07,-0.0059844095
4.514928e-07,-0.005979383
4.515928e-07,-0.0059779469
4.516928e-07,-0.0059858456
4.517928e-07,-0.0060052332
4.518928e-07,-0.0060332376
4.519928e-07,-0.0060605239
4.520928e-07,-0.0060777574
4.521928e-07,-0.0060784754
4.522928e-07,-0.0060641142
4.523928e-07,-0.0060411363
4.524928e-07,-0.0060203125
4.525928e-07,-0.0060095416
4.526928e-07,-0.00601385
4.527928e-07,-0.0060303653
4.528928e-07,-0.0060547794
4.529928e-07,-0.0060820657
4.530928e-07,-0.0061071978
4.531928e-07,-0.0061294577
4.532928e-07,-0.0061466912
4.533928e-07,-0.0061574621
4.534928e-07,-0.0061596163
4.535928e-07,-0.0061517176
4.536928e-07,-0.0061352022
4.537928e-07,-0.0061158146
4.538928e-07,-0.0061028895
4.539928e-07,-0.0061043256
4.540928e-07,-0.0061237132
4.541928e-07,-0.006156026
4.542928e-07,-0.006191929
4.543928e-07,-0.0062184972
4.544928e-07,-0.006227114
4.545928e-07,-0.0062177792
4.546928e-07,-0.0061991096
4.547928e-07,-0.0061833123
4.548928e-07,-0.0061811581
4.549928e-07,-0.0061962374
4.550928e-07,-0.0062242417
4.551928e-07,-0.0062529642
4.552928e-07,-0.0062730699
4.553928e-07,-0.0062780963
4.554928e-07,-0.0062709157
4.555928e-07,-0.0062579906
4.556928e-07,-0.0062500919
4.557928e-07,-0.00625081
4.558928e-07,-0.0062587086
4.559928e-07,-0.0062680434
4.560928e-07,-0.0062730699
4.561928e-07,-0.0062709157
4.562928e-07,-0.0062658892
4.563928e-07,-0.0062644531
4.564928e-07,-0.0062730699
4.565928e-07,-0.0062931756
4.566928e-07,-0.0063190257
4.567928e-07,-0.0063420037
4.568928e-07,-0.0063534926
4.569928e-07,-0.0063506204
4.570928e-07,-0.0063369773
4.571928e-07,-0.0063197438
4.572928e-07,-0.0063075368
4.573928e-07,-0.0063032284
4.574928e-07,-0.0063053826
4.575928e-07,-0.0063082548
4.576928e-07,-0.0063075368
4.577928e-07,-0.0063032284
4.578928e-07,-0.00629892
4.579928e-07,-0.0063032284
4.580928e-07,-0.0063190257
4.581928e-07,-0.0063441579
4.582928e-07,-0.0063707261
4.583928e-07,-0.0063879596
4.584928e-07,-0.0063879596
4.585928e-07,-0.0063714442
4.586928e-07,-0.006346312
4.587928e-07,-0.0063254883
4.588928e-07,-0.0063190257
4.589928e-07,-0.0063283605
4.590928e-07,-0.006346312
4.591928e-07,-0.0063613913
4.592928e-07,-0.0063649816
4.593928e-07,-0.0063549288
4.594928e-07,-0.0063376953
4.595928e-07,-0.0063269244
4.596928e-07,-0.0063305147
4.597928e-07,-0.0063513385
4.598928e-07,-0.006380779
4.599928e-07,-0.006405193
4.600928e-07,-0.0064109375
4.601928e-07,-0.006393704
4.602928e-07,-0.0063592371
4.603928e-07,-0.006321898
4.604928e-07,-0.0062960478
4.605928e-07,-0.0062888672
4.606928e-07,-0.0062974839
4.607928e-07,-0.0063118451
4.608928e-07,-0.0063190257
4.609928e-07,-0.0063132813
4.610928e-07,-0.0062953297
4.611928e-07,-0.006274506
4.612928e-07,-0.0062615809
4.613928e-07,-0.0062615809
4.614928e-07,-0.0062716337
4.615928e-07,-0.0062831227
4.616928e-07,-0.0062845588
4.617928e-07,-0.0062716337
4.618928e-07,-0.0062472197
4.619928e-07,-0.0062213695
4.620928e-07,-0.006204136
4.621928e-07,-0.0062019818
4.622928e-07,-0.0062127528
4.623928e-07,-0.006227832
4.624928e-07,-0.0062386029
4.625928e-07,-0.006239321
4.626928e-07,-0.0062321404
4.627928e-07,-0.0062249598
4.628928e-07,-0.006227114
4.629928e-07,-0.0062414752
4.630928e-07,-0.0062658892
