LECROYHDO6104B,11090,Waveform
Segments,1,SegmentSize,5002
Segment,TrigTime,TimeSinceSegment1
#1,04-May-2026 18:34:17,0                 
Time,Ampl
-3.705427e-08,-0.00358627782
-3.695427e-08,-0.0035744407
-3.685427e-08,-0.00356889205
-3.675427e-08,-0.00357370088
-3.665427e-08,-0.00358738755
-3.655427e-08,-0.00360440341
-3.645427e-08,-0.00361624053
-3.635427e-08,-0.00361809008
-3.625427e-08,-0.00361032197
-3.615427e-08,-0.00359737512
-3.605427e-08,-0.00358664773
-3.595427e-08,-0.00358331854
-3.585427e-08,-0.00358812737
-3.575427e-08,-0.00359700521
-3.565427e-08,-0.00360440341
-3.555427e-08,-0.00360588305
-3.545427e-08,-0.0036003344
-3.535427e-08,-0.00359219638
-3.525427e-08,-0.00358664773
-3.515427e-08,-0.00358812737
-3.505427e-08,-0.00359737512
-3.495427e-08,-0.00361069188
-3.485427e-08,-0.00362215909
-3.475427e-08,-0.00362733783
-3.465427e-08,-0.00362400864
-3.455427e-08,-0.00361476089
-3.445427e-08,-0.00360440341
-3.435427e-08,-0.00359737512
-3.425427e-08,-0.00359589548
-3.415427e-08,-0.00359885476
-3.405427e-08,-0.00360440341
-3.395427e-08,-0.00360921224
-3.385427e-08,-0.00361180161
-3.375427e-08,-0.00361365116
-3.365427e-08,-0.00361624053
-3.355427e-08,-0.00362141927
-3.345427e-08,-0.00362844756
-3.335427e-08,-0.00363547585
-3.325427e-08,-0.00363991477
-3.315427e-08,-0.00363991477
-3.305427e-08,-0.00363547585
-3.295427e-08,-0.00362881747
-3.285427e-08,-0.00362215909
-3.275427e-08,-0.00361735026
-3.265427e-08,-0.00361402107
-3.255427e-08,-0.00360995206
-3.245427e-08,-0.00360440341
-3.235427e-08,-0.00359626539
-3.225427e-08,-0.00358775746
-3.215427e-08,-0.0035818389
-3.205427e-08,-0.00358072917
-3.195427e-08,-0.00358516809
-3.185427e-08,-0.00359367602
-3.175427e-08,-0.00360107422
-3.165427e-08,-0.00360440341
-3.155427e-08,-0.00360107422
-3.145427e-08,-0.00359182647
-3.135427e-08,-0.00357961944
-3.125427e-08,-0.00356889205
-3.115427e-08,-0.00356186375
-3.105427e-08,-0.00355890447
-3.095427e-08,-0.00355816465
-3.085427e-08,-0.00355705492
-3.075427e-08,-0.00355409564
-3.065427e-08,-0.0035489169
-3.055427e-08,-0.00354336825
-3.045427e-08,-0.00353929924
-3.035427e-08,-0.0035378196
-3.025427e-08,-0.00353855942
-3.015427e-08,-0.00353929924
-3.005427e-08,-0.00353929924
-2.995427e-08,-0.00353744969
-2.985427e-08,-0.00353523023
-2.975427e-08,-0.00353338068
-2.965427e-08,-0.00353338068
-2.955427e-08,-0.00353486032
-2.945427e-08,-0.00353633996
-2.935427e-08,-0.00353597005
-2.925427e-08,-0.00353338068
-2.915427e-08,-0.00353005149
-2.905427e-08,-0.00352931167
-2.895427e-08,-0.0035341205
-2.885427e-08,-0.0035452178
-2.875427e-08,-0.00356038411
-2.865427e-08,-0.0035744407
-2.855427e-08,-0.00358220881
-2.845427e-08,-0.00358072917
-2.835427e-08,-0.0035707416
-2.825427e-08,-0.00355668501
-2.815427e-08,-0.00354447798
-2.805427e-08,-0.00353929924
-2.795427e-08,-0.00354188861
-2.785427e-08,-0.0035489169
-2.775427e-08,-0.00355557528
-2.765427e-08,-0.00355705492
-2.755427e-08,-0.00355187618
-2.745427e-08,-0.00354299834
-2.735427e-08,-0.00353523023
-2.725427e-08,-0.00353338068
-2.715427e-08,-0.00353892933
-2.705427e-08,-0.00354928681
-2.695427e-08,-0.00355890447
-2.685427e-08,-0.00356297348
-2.675427e-08,-0.00355890447
-2.665427e-08,-0.00354743726
-2.655427e-08,-0.00353375059
-2.645427e-08,-0.00352154356
-2.635427e-08,-0.00351414536
-2.625427e-08,-0.00351081617
-2.615427e-08,-0.0035082268
-2.605427e-08,-0.00350378788
-2.595427e-08,-0.00349638968
-2.585427e-08,-0.00348751184
-2.575427e-08,-0.00348085346
-2.565427e-08,-0.00348011364
-2.555427e-08,-0.00348566229
-2.545427e-08,-0.00349491004
-2.535427e-08,-0.00350230824
-2.525427e-08,-0.00350378788
-2.515427e-08,-0.0034971295
-2.505427e-08,-0.00348381274
-2.495427e-08,-0.00346864643
-2.485427e-08,-0.00345643939
-2.475427e-08,-0.00344978101
-2.465427e-08,-0.00344867128
-2.455427e-08,-0.00344978101
-2.445427e-08,-0.00345052083
-2.435427e-08,-0.00344978101
-2.425427e-08,-0.0034494111
-2.415427e-08,-0.00345237038
-2.405427e-08,-0.00346235795
-2.395427e-08,-0.003478634
-2.385427e-08,-0.00349749941
-2.375427e-08,-0.00351377545
-2.365427e-08,-0.00352154356
-2.355427e-08,-0.00351969401
-2.345427e-08,-0.00351007635
-2.335427e-08,-0.00349897905
-2.325427e-08,-0.00349195076
-2.315427e-08,-0.00349306049
-2.305427e-08,-0.00350156842
-2.295427e-08,-0.00351451527
-2.285427e-08,-0.00352746212
-2.275427e-08,-0.00353744969
-2.265427e-08,-0.00354484789
-2.255427e-08,-0.003552616
-2.245427e-08,-0.00356297348
-2.235427e-08,-0.00357739998
-2.225427e-08,-0.00359367602
-2.215427e-08,-0.0036077326
-2.205427e-08,-0.00361624053
-2.195427e-08,-0.00361735026
-2.185427e-08,-0.00361291134
-2.175427e-08,-0.00360699278
-2.165427e-08,-0.00360440341
-2.155427e-08,-0.00360699278
-2.145427e-08,-0.00361402107
-2.135427e-08,-0.00362215909
-2.125427e-08,-0.00362807765
-2.115427e-08,-0.00363103693
-2.105427e-08,-0.00363251657
-2.095427e-08,-0.00363658558
-2.085427e-08,-0.00364583333
-2.075427e-08,-0.00366099964
-2.065427e-08,-0.00367949515
-2.055427e-08,-0.00369540128
-2.045427e-08,-0.00370501894
-2.035427e-08,-0.00370612867
-2.025427e-08,-0.00370131984
-2.015427e-08,-0.00369540128
-2.005427e-08,-0.00369318182
-1.995427e-08,-0.00369762074
-1.985427e-08,-0.00370760831
-1.975427e-08,-0.00371944543
-1.965427e-08,-0.00372869318
-1.955427e-08,-0.00373387192
-1.945427e-08,-0.00373609138
-1.935427e-08,-0.00373905066
-1.925427e-08,-0.00374644886
-1.915427e-08,-0.00375939571
-1.905427e-08,-0.00377567176
-1.895427e-08,-0.00379046816
-1.885427e-08,-0.00379971591
-1.875427e-08,-0.00380082564
-1.865427e-08,-0.00379527699
-1.855427e-08,-0.00378750888
-1.845427e-08,-0.00378196023
-1.835427e-08,-0.00378122041
-1.825427e-08,-0.00378528942
-1.815427e-08,-0.00379046816
-1.805427e-08,-0.00379379735
-1.795427e-08,-0.00379379735
-1.785427e-08,-0.00379157789
-1.775427e-08,-0.00379046816
-1.765427e-08,-0.00379379735
-1.755427e-08,-0.00380193537
-1.745427e-08,-0.00381266276
-1.735427e-08,-0.00382117069
-1.725427e-08,-0.00382339015
-1.715427e-08,-0.0038178415
-1.705427e-08,-0.00380600438
-1.695427e-08,-0.00379268762
-1.685427e-08,-0.00378196023
-1.675427e-08,-0.00377678149
-1.665427e-08,-0.00377604167
-1.655427e-08,-0.00377678149
-1.645427e-08,-0.00377604167
-1.635427e-08,-0.00377234257
-1.625427e-08,-0.00376753374
-1.615427e-08,-0.00376568419
-1.605427e-08,-0.00377012311
-1.595427e-08,-0.0037808505
-1.585427e-08,-0.00379527699
-1.575427e-08,-0.00380711411
-1.565427e-08,-0.00381155303
-1.555427e-08,-0.00380637429
-1.545427e-08,-0.00379379735
-1.535427e-08,-0.00377937086
-1.525427e-08,-0.00377012311
-1.515427e-08,-0.00376938329
-1.505427e-08,-0.0037771514
-1.495427e-08,-0.00378898852
-1.485427e-08,-0.00379971591
-1.475427e-08,-0.00380526456
-1.465427e-08,-0.00380526456
-1.455427e-08,-0.00380378492
-1.445427e-08,-0.00380563447
-1.435427e-08,-0.00381451231
-1.425427e-08,-0.00383115826
-1.415427e-08,-0.00385150331
-1.405427e-08,-0.00387073864
-1.395427e-08,-0.00388368549
-1.385427e-08,-0.00388738459
-1.375427e-08,-0.0038840554
-1.365427e-08,-0.0038766572
-1.355427e-08,-0.00386999882
-1.345427e-08,-0.00386703954
-1.335427e-08,-0.00386962891
-1.325427e-08,-0.0038766572
-1.315427e-08,-0.00388738459
-1.305427e-08,-0.00390144117
-1.295427e-08,-0.00391771721
-1.285427e-08,-0.0039358428
-1.275427e-08,-0.00395470821
-1.265427e-08,-0.00397172408
-1.255427e-08,-0.00398393111
-1.245427e-08,-0.00398910985
-1.235427e-08,-0.00398689039
-1.225427e-08,-0.00397949219
-1.215427e-08,-0.00397098426
-1.205427e-08,-0.00396543561
-1.195427e-08,-0.00396469579
-1.185427e-08,-0.00396913471
-1.175427e-08,-0.003976163
-1.165427e-08,-0.00398319129
-1.155427e-08,-0.00398837003
-1.145427e-08,-0.00399280895
-1.135427e-08,-0.00399798769
-1.125427e-08,-0.00400686553
-1.115427e-08,-0.00401981238
-1.105427e-08,-0.00403571851
-1.095427e-08,-0.00405051491
-1.085427e-08,-0.00406013258
-1.075427e-08,-0.00406235204
-1.065427e-08,-0.00405680339
-1.055427e-08,-0.00404681581
-1.045427e-08,-0.00403645833
-1.035427e-08,-0.00402979995
-1.025427e-08,-0.00402832031
-1.015427e-08,-0.00403127959
-1.005427e-08,-0.00403645833
-9.95427e-09,-0.00404089725
-9.85427e-09,-0.00404237689
-9.75427e-09,-0.00404052734
-9.65427e-09,-0.00403645833
-9.55427e-09,-0.00403201941
-9.45427e-09,-0.00402906013
-9.35427e-09,-0.00402832031
-9.25427e-09,-0.00403053977
-9.15427e-09,-0.00403571851
-9.05427e-09,-0.0040427468
-8.95427e-09,-0.00405162464
-8.85427e-09,-0.00406013258
-8.75427e-09,-0.00406642105
-8.65427e-09,-0.00406864051
-8.55427e-09,-0.00406642105
-8.45427e-09,-0.00406013258
-8.35427e-09,-0.00405310429
-8.25427e-09,-0.00404940518
-8.15427e-09,-0.00405125473
-8.05427e-09,-0.00406013258
-7.95427e-09,-0.00407418916
-7.85427e-09,-0.00408898556
-7.75427e-09,-0.00410119259
-7.65427e-09,-0.00410748106
-7.55427e-09,-0.00410859079
-7.45427e-09,-0.00410748106
-7.35427e-09,-0.00410822088
-7.25427e-09,-0.00411339962
-7.15427e-09,-0.00412338719
-7.05427e-09,-0.00413559422
-6.95427e-09,-0.00414706143
-6.85427e-09,-0.00415482955
-6.75427e-09,-0.00415889856
-6.65427e-09,-0.00416185784
-6.55427e-09,-0.00416740649
-6.45427e-09,-0.00417850379
-6.35427e-09,-0.00419477983
-6.25427e-09,-0.00421327533
-6.15427e-09,-0.00422881155
-6.05427e-09,-0.00423768939
-5.95427e-09,-0.00423842921
-5.85427e-09,-0.00423325047
-5.75427e-09,-0.00422733191
-5.65427e-09,-0.00422585227
-5.55427e-09,-0.00423140092
-5.45427e-09,-0.00424323804
-5.35427e-09,-0.00425840436
-5.25427e-09,-0.00427320076
-5.15427e-09,-0.00428429806
-5.05427e-09,-0.00429095644
-4.95427e-09,-0.00429465554
-4.85427e-09,-0.004296875
-4.75427e-09,-0.00429872455
-4.65427e-09,-0.00429946437
-4.55427e-09,-0.00429724491
-4.45427e-09,-0.00429095644
-4.35427e-09,-0.00427985914
-4.25427e-09,-0.00426543265
-4.15427e-09,-0.00424915661
-4.05427e-09,-0.00423177083
-3.95427e-09,-0.00421290542
-3.85427e-09,-0.00419034091
-3.75427e-09,-0.00416148793
-3.65427e-09,-0.00412523674
-3.55427e-09,-0.00408343691
-3.45427e-09,-0.0040390477
-3.35427e-09,-0.00399539832
-3.25427e-09,-0.00395359848
-3.15427e-09,-0.00391179865
-3.05427e-09,-0.0038655599
-2.95427e-09,-0.00380933357
-2.85427e-09,-0.0037405303
-2.75427e-09,-0.00365952
-2.65427e-09,-0.00357037169
-2.55427e-09,-0.00347789418
-2.45427e-09,-0.00338541667
-2.35427e-09,-0.00329256925
-2.25427e-09,-0.00319602273
-2.15427e-09,-0.00309133819
-2.05427e-09,-0.00297703598
-1.95427e-09,-0.00285459576
-1.85427e-09,-0.00272845644
-1.75427e-09,-0.00260490649
-1.65427e-09,-0.00248579545
-1.55427e-09,-0.00236927379
-1.45427e-09,-0.00224868312
-1.35427e-09,-0.00211736506
-1.25427e-09,-0.00197088068
-1.15427e-09,-0.00181181937
-1.05427e-09,-0.00164757931
-9.542697e-10,-0.0014888879
-8.542697e-10,-0.00134351326
-7.542697e-10,-0.00121293501
-6.542697e-10,-0.00109234434
-5.542697e-10,-0.0009728634
-4.542697e-10,-0.000846354167
-3.542697e-10,-0.000709857363
-2.542697e-10,-0.000567072088
-1.542697e-10,-0.000424656723
-5.426967e-11,-0.00029000947
4.573033e-11,-0.000166459517
1.457303e-10,-5.14174953e-05
2.457303e-10,6.14050663e-05
3.457303e-10,0.000177556818
4.457303e-10,0.000299257221
5.457303e-10,0.000422807173
6.457303e-10,0.000540438565
7.457303e-10,0.000645123106
8.457303e-10,0.000733901515
9.457303e-10,0.000810102983
1.04573e-09,0.00088038589
1.14573e-09,0.000952888258
1.24573e-09,0.00103093928
1.34573e-09,0.00111157966
1.44573e-09,0.00118889086
1.54573e-09,0.00125473485
1.64573e-09,0.00130578243
1.74573e-09,0.00134388317
1.84573e-09,0.00137569543
1.94573e-09,0.00140861742
2.04573e-09,0.00144745798
2.14573e-09,0.00149110736
2.24573e-09,0.00153364702
2.34573e-09,0.00156841856
2.44573e-09,0.00159098307
2.54573e-09,0.00160171046
2.64573e-09,0.00160577947
2.74573e-09,0.00160984848
2.84573e-09,0.0016176166
2.94573e-09,0.00162908381
3.04573e-09,0.00164018111
3.14573e-09,0.00164535985
3.24573e-09,0.00164203066
3.34573e-09,0.001632413
3.44573e-09,0.0016213157
3.54573e-09,0.00161576705
3.64573e-09,0.00161909624
3.74573e-09,0.00162982363
3.84573e-09,0.00164314039
3.94573e-09,0.00165127841
4.04573e-09,0.00165016868
4.14573e-09,0.00163870147
4.24573e-09,0.00162168561
4.34573e-09,0.00160392992
4.44573e-09,0.00159061316
4.54573e-09,0.00158247514
4.64573e-09,0.00157803622
4.74573e-09,0.00157433712
4.84573e-09,0.00156952829
4.94573e-09,0.00156471946
5.04573e-09,0.00156360973
5.14573e-09,0.00156841856
5.24573e-09,0.00158025568
5.34573e-09,0.0015957919
5.44573e-09,0.00160947857
5.54573e-09,0.00161576705
5.64573e-09,0.00161206795
5.74573e-09,0.00160060073
5.84573e-09,0.00158802379
5.94573e-09,0.00158025568
6.04573e-09,0.00158210523
6.14573e-09,0.00159394235
6.24573e-09,0.00161095821
6.34573e-09,0.00162760417
6.44573e-09,0.00163944129
6.54573e-09,0.00164535985
6.64573e-09,0.00164794922
6.74573e-09,0.00165127841
6.84573e-09,0.00165793679
6.94573e-09,0.00166903409
7.04573e-09,0.00168161103
7.14573e-09,0.00169270833
7.24573e-09,0.00170010653
7.34573e-09,0.00170417554
7.44573e-09,0.00170676491
7.54573e-09,0.00171046402
7.64573e-09,0.00171675249
7.74573e-09,0.00172415069
7.84573e-09,0.00173080907
7.94573e-09,0.00173413826
8.04573e-09,0.00173450817
8.14573e-09,0.00173413826
8.24573e-09,0.00173709754
8.34573e-09,0.00174597538
8.44573e-09,0.00176077178
8.54573e-09,0.00177778764
8.64573e-09,0.00179036458
8.74573e-09,0.00179332386
8.84573e-09,0.00178481593
8.94573e-09,0.00176706025
9.04573e-09,0.00174597538
9.14573e-09,0.0017282197
9.24573e-09,0.00171786222
9.34573e-09,0.00171490294
9.44573e-09,0.00171601267
9.54573e-09,0.00171638258
9.64573e-09,0.00171231357
9.74573e-09,0.00170306581
9.84573e-09,0.0016915986
9.94573e-09,0.00168087121
1.004573e-08,0.00167347301
1.014573e-08,0.00166977391
1.024573e-08,0.00166718454
1.034573e-08,0.00166311553
1.044573e-08,0.00165534742
1.054573e-08,0.00164388021
1.064573e-08,0.00163019354
1.074573e-08,0.00161576705
1.084573e-08,0.00160171046
1.094573e-08,0.00158691406
1.104573e-08,0.00157026811
1.114573e-08,0.00155066288
1.124573e-08,0.00152957801
1.134573e-08,0.00150960286
1.144573e-08,0.00149443655
1.154573e-08,0.00148555871
1.164573e-08,0.00148296934
1.174573e-08,0.00148333925
1.184573e-08,0.00148296934
1.194573e-08,0.00147964015
1.204573e-08,0.0014740915
1.214573e-08,0.00146854285
1.224573e-08,0.00146595348
1.234573e-08,0.00146780303
1.244573e-08,0.00147113222
1.254573e-08,0.00147076231
1.264573e-08,0.00146262429
1.274573e-08,0.00144412879
1.284573e-08,0.00141897491
1.294573e-08,0.00139419093
1.304573e-08,0.00137754498
1.314573e-08,0.00137310606
1.324573e-08,0.00138013435
1.334573e-08,0.00139197147
1.344573e-08,0.00139936967
1.354573e-08,0.0013967803
1.364573e-08,0.00138272372
1.374573e-08,0.00136200876
1.384573e-08,0.00134277344
1.394573e-08,0.00133167614
1.404573e-08,0.00132982659
1.414573e-08,0.00133278587
1.424573e-08,0.00133352569
1.434573e-08,0.00132575758
1.444573e-08,0.00130800189
1.454573e-08,0.00128469756
1.464573e-08,0.00126472242
1.474573e-08,0.00125473485
1.484573e-08,0.00125732422
1.494573e-08,0.00126842152
1.504573e-08,0.00128025864
1.514573e-08,0.00128432765
1.524573e-08,0.00127692945
1.534573e-08,0.00126102332
1.544573e-08,0.00124289773
1.554573e-08,0.00123106061
1.564573e-08,0.00122921106
1.574573e-08,0.00123660926
1.584573e-08,0.00124733665
1.594573e-08,0.00125473485
1.604573e-08,0.00125547467
1.614573e-08,0.00125066584
1.624573e-08,0.00124474728
1.634573e-08,0.00124289773
1.644573e-08,0.00124807647
1.654573e-08,0.00125843395
1.664573e-08,0.00126990116
1.674573e-08,0.00127840909
1.684573e-08,0.0012824781
1.694573e-08,0.00128469756
1.704573e-08,0.00129024621
1.714573e-08,0.00130208333
1.724573e-08,0.00132020893
1.734573e-08,0.00133981416
1.744573e-08,0.00135313092
1.754573e-08,0.00135535038
1.764573e-08,0.00134647254
1.774573e-08,0.00133241596
1.784573e-08,0.0013227983
1.794573e-08,0.00132575758
1.804573e-08,0.00134351326
1.814573e-08,0.00137162642
1.824573e-08,0.0014004794
1.834573e-08,0.00142045455
1.844573e-08,0.00142637311
1.854573e-08,0.00142045455
1.864573e-08,0.00140972715
1.874573e-08,0.00140269886
1.884573e-08,0.00140491832
1.894573e-08,0.00141453598
1.904573e-08,0.00142637311
1.914573e-08,0.00143229167
1.924573e-08,0.00142785275
1.934573e-08,0.00141416607
1.944573e-08,0.00139752012
1.954573e-08,0.00138494318
1.964573e-08,0.00138161399
1.974573e-08,0.00138642282
1.984573e-08,0.00139382102
1.994573e-08,0.0013967803
2.004573e-08,0.00138975201
2.014573e-08,0.00137236624
2.024573e-08,0.00134906191
2.034573e-08,0.00132575758
2.044573e-08,0.00130726207
2.054573e-08,0.00129431522
2.064573e-08,0.00128432765
2.074573e-08,0.00127249053
2.084573e-08,0.00125621449
2.094573e-08,0.00123549953
2.104573e-08,0.00121404474
2.114573e-08,0.00119554924
2.124573e-08,0.00118223248
2.134573e-08,0.00117335464
2.144573e-08,0.00116521662
2.154573e-08,0.00115411932
2.164573e-08,0.0011385831
2.174573e-08,0.00112082741
2.184573e-08,0.00110492128
2.194573e-08,0.00109493371
2.204573e-08,0.00109160452
2.214573e-08,0.00109234434
2.224573e-08,0.0010908647
2.234573e-08,0.00108309659
2.244573e-08,0.00106756037
2.254573e-08,0.00104832505
2.264573e-08,0.0010316791
2.274573e-08,0.00102391098
2.284573e-08,0.00102761009
2.294573e-08,0.00103981712
2.304573e-08,0.00105276397
2.314573e-08,0.00105942235
2.324573e-08,0.00105498343
2.334573e-08,0.00104055694
2.344573e-08,0.00102169152
2.354573e-08,0.0010061553
2.364573e-08,0.000998757102
2.374573e-08,0.000999496922
2.384573e-08,0.00100393584
2.394573e-08,0.0010061553
2.404573e-08,0.00100134647
2.414573e-08,0.000988769531
2.424573e-08,0.00097249349
2.434573e-08,0.000958806818
2.444573e-08,0.000951778527
2.454573e-08,0.000952888258
2.464573e-08,0.000959176728
2.474573e-08,0.000964725379
2.484573e-08,0.000965465199
2.494573e-08,0.000959176728
2.504573e-08,0.000948079427
2.514573e-08,0.000935132576
2.524573e-08,0.000924035275
2.534573e-08,0.000916637074
2.544573e-08,0.000911088423
2.554573e-08,0.000905539773
2.564573e-08,0.000897771662
2.574573e-08,0.000887784091
2.584573e-08,0.00087742661
2.594573e-08,0.000870028409
2.604573e-08,0.000867069129
2.614573e-08,0.000868548769
2.624573e-08,0.000872617779
2.634573e-08,0.00087594697
2.644573e-08,0.0008770567
2.654573e-08,0.00087520715
2.664573e-08,0.000872247869
2.674573e-08,0.000870028409
2.684573e-08,0.000869288589
2.694573e-08,0.000869288589
2.704573e-08,0.000868178859
2.714573e-08,0.000864109848
2.724573e-08,0.000856711648
2.734573e-08,0.000848573627
2.744573e-08,0.000841915246
2.754573e-08,0.000840435606
2.764573e-08,0.000844504616
2.774573e-08,0.000851902817
2.784573e-08,0.000859670928
2.794573e-08,0.000864109848
2.804573e-08,0.000863370028
2.814573e-08,0.000858191288
2.824573e-08,0.000851532907
2.834573e-08,0.000846354167
2.844573e-08,0.000843764796
2.854573e-08,0.000843394886
2.864573e-08,0.000843024976
2.874573e-08,0.000840435606
2.884573e-08,0.000835256866
2.894573e-08,0.000828968395
2.904573e-08,0.000823789654
2.914573e-08,0.000822679924
2.924573e-08,0.000825269295
2.934573e-08,0.000829338305
2.944573e-08,0.000831187855
2.954573e-08,0.000828598485
2.964573e-08,0.000820460464
2.974573e-08,0.000809363163
2.984573e-08,0.000799005682
2.994573e-08,0.000793087121
3.004573e-08,0.000792347301
3.014573e-08,0.000794936671
3.024573e-08,0.000796416312
3.034573e-08,0.000793087121
3.044573e-08,0.00078346946
3.054573e-08,0.000769412879
3.064573e-08,0.000755356297
3.074573e-08,0.000745738636
3.084573e-08,0.000742409446
3.094573e-08,0.000743889086
3.104573e-08,0.000746478456
3.114573e-08,0.000745738636
3.124573e-08,0.000738710346
3.134573e-08,0.000725763494
3.144573e-08,0.000710967093
3.154573e-08,0.000698390152
3.164573e-08,0.000690991951
3.174573e-08,0.000688772491
3.184573e-08,0.000688772491
3.194573e-08,0.00068655303
3.204573e-08,0.00067952474
3.214573e-08,0.000668057528
3.224573e-08,0.000655110677
3.234573e-08,0.000645123106
3.244573e-08,0.000642163826
3.254573e-08,0.000646232836
3.264573e-08,0.000655110677
3.274573e-08,0.000662878788
3.284573e-08,0.000665098248
3.294573e-08,0.000659919508
3.304573e-08,0.000647712476
3.314573e-08,0.000633285985
3.324573e-08,0.000621078954
3.334573e-08,0.000615160393
3.344573e-08,0.000615900213
3.354573e-08,0.000621448864
3.364573e-08,0.000628107244
3.374573e-08,0.000632176255
3.384573e-08,0.000631806345
3.394573e-08,0.000627367424
3.404573e-08,0.000620709044
3.414573e-08,0.000614050663
3.424573e-08,0.000610351563
3.434573e-08,0.000609611742
3.444573e-08,0.000611831203
3.454573e-08,0.000615900213
3.464573e-08,0.000619599313
3.474573e-08,0.000621448864
3.484573e-08,0.000620339134
3.494573e-08,0.000615900213
3.504573e-08,0.000608132102
3.514573e-08,0.000597774621
3.524573e-08,0.00058556759
3.534573e-08,0.000573360559
3.544573e-08,0.000561523438
3.554573e-08,0.000550426136
3.564573e-08,0.000539698745
3.574573e-08,0.000528601444
3.584573e-08,0.000516394413
3.594573e-08,0.000503077652
3.604573e-08,0.00048902107
3.614573e-08,0.000475334399
3.624573e-08,0.000462387547
3.634573e-08,0.000449810606
3.644573e-08,0.000437233665
3.654573e-08,0.000423177083
3.664573e-08,0.000407270952
3.674573e-08,0.000390625
3.684573e-08,0.000375458688
3.694573e-08,0.000363621567
3.704573e-08,0.000356963187
3.714573e-08,0.000355113636
3.724573e-08,0.000355113636
3.734573e-08,0.000352894176
3.744573e-08,0.000345126065
3.754573e-08,0.000331439394
3.764573e-08,0.000313313802
3.774573e-08,0.0002948183
3.784573e-08,0.000280391809
3.794573e-08,0.000272253788
3.804573e-08,0.000270404238
3.814573e-08,0.000271144058
3.824573e-08,0.000271144058
3.834573e-08,0.000266335227
3.844573e-08,0.000257087476
3.854573e-08,0.000245620265
3.864573e-08,0.000236002604
3.874573e-08,0.000230823864
3.884573e-08,0.000230823864
3.894573e-08,0.000233783144
3.904573e-08,0.000234892874
3.914573e-08,0.000230823864
3.924573e-08,0.000219356652
3.934573e-08,0.000202340791
3.944573e-08,0.000183105469
3.954573e-08,0.000165719697
3.964573e-08,0.000152402936
3.974573e-08,0.000143155185
3.984573e-08,0.000136866714
3.994573e-08,0.000130208333
4.004573e-08,0.000122440223
4.014573e-08,0.000113192472
4.024573e-08,0.000103574811
4.034573e-08,9.46969697e-05
4.044573e-08,8.69288589e-05
4.054573e-08,7.87908381e-05
4.064573e-08,6.99129972e-05
4.074573e-08,5.91856061e-05
4.084573e-08,4.80883049e-05
4.094573e-08,3.9210464e-05
4.104573e-08,3.47715436e-05
4.114573e-08,3.55113636e-05
4.124573e-08,3.9210464e-05
4.134573e-08,4.21697443e-05
4.144573e-08,3.99502841e-05
4.154573e-08,2.9592803e-05
4.164573e-08,1.29468513e-05
4.174573e-08,-6.28847064e-06
4.184573e-08,-2.14547822e-05
4.194573e-08,-2.9592803e-05
4.204573e-08,-2.9592803e-05
4.214573e-08,-2.51538826e-05
4.224573e-08,-2.14547822e-05
4.234573e-08,-2.36742424e-05
4.244573e-08,-3.32919034e-05
4.254573e-08,-4.77183949e-05
4.264573e-08,-6.17749763e-05
4.274573e-08,-7.10227273e-05
4.284573e-08,-7.28722775e-05
4.294573e-08,-6.95430871e-05
4.304573e-08,-6.51041667e-05
4.314573e-08,-6.51041667e-05
4.324573e-08,-7.17625473e-05
4.334573e-08,-8.43394886e-05
4.344573e-08,-9.95058002e-05
4.354573e-08,-0.000112452652
4.364573e-08,-0.000120960582
4.374573e-08,-0.000125769413
4.384573e-08,-0.000129838423
4.394573e-08,-0.000136126894
4.404573e-08,-0.000146484375
4.414573e-08,-0.000160171046
4.424573e-08,-0.000173487808
4.434573e-08,-0.000183475379
4.444573e-08,-0.000188654119
4.454573e-08,-0.00019050367
4.464573e-08,-0.00019346295
4.474573e-08,-0.000201231061
4.484573e-08,-0.000215287642
4.494573e-08,-0.000233783144
4.504573e-08,-0.000252648556
4.514573e-08,-0.000266335227
4.524573e-08,-0.000272253788
4.534573e-08,-0.000270404238
4.544573e-08,-0.000264855587
4.554573e-08,-0.000260416667
4.564573e-08,-0.000260046757
4.574573e-08,-0.000264485677
4.584573e-08,-0.000271883878
4.594573e-08,-0.000278172348
4.604573e-08,-0.000281131629
4.614573e-08,-0.000280761719
4.624573e-08,-0.000278542259
4.634573e-08,-0.000278172348
4.644573e-08,-0.000281501539
4.654573e-08,-0.00028889974
4.664573e-08,-0.000298517401
4.674573e-08,-0.000307765152
4.684573e-08,-0.000314053622
4.694573e-08,-0.000316273082
4.704573e-08,-0.000315903172
4.714573e-08,-0.000313683712
4.724573e-08,-0.000311094342
4.734573e-08,-0.000308135062
4.744573e-08,-0.000305175781
4.754573e-08,-0.000301846591
4.764573e-08,-0.000299257221
4.774573e-08,-0.000298887311
4.784573e-08,-0.000301846591
4.794573e-08,-0.000307765152
4.804573e-08,-0.000314793442
4.814573e-08,-0.000319232363
4.824573e-08,-0.000318862453
4.834573e-08,-0.000313683712
4.844573e-08,-0.000306285511
4.854573e-08,-0.000301846591
4.864573e-08,-0.000305915601
4.874573e-08,-0.000319602273
4.884573e-08,-0.000341057055
4.894573e-08,-0.000364361387
4.904573e-08,-0.000382486979
4.914573e-08,-0.000390625
4.924573e-08,-0.00038951527
4.934573e-08,-0.000383596709
4.944573e-08,-0.000380267519
4.954573e-08,-0.000384706439
4.964573e-08,-0.000398023201
4.974573e-08,-0.000415778883
4.984573e-08,-0.000431315104
4.994573e-08,-0.000437973485
5.004573e-08,-0.000433904474
5.014573e-08,-0.000421697443
5.024573e-08,-0.000409120502
5.034573e-08,-0.000402462121
5.044573e-08,-0.000406161222
5.054573e-08,-0.000419108073
5.064573e-08,-0.000435754025
5.074573e-08,-0.000449810606
5.084573e-08,-0.000456468987
5.094573e-08,-0.000456099077
5.104573e-08,-0.000452030066
5.114573e-08,-0.000449810606
5.124573e-08,-0.000453509706
5.134573e-08,-0.000462757457
5.144573e-08,-0.000474964489
5.154573e-08,-0.00048532197
5.164573e-08,-0.0004901308
5.174573e-08,-0.00048902107
5.184573e-08,-0.00048384233
5.194573e-08,-0.000479403409
5.204573e-08,-0.000477923769
5.214573e-08,-0.000479773319
5.224573e-08,-0.000483102509
5.234573e-08,-0.00048532197
5.244573e-08,-0.00048495206
5.254573e-08,-0.000483102509
5.264573e-08,-0.000481992779
5.274573e-08,-0.00048532197
5.284573e-08,-0.000493459991
5.294573e-08,-0.000504187382
5.304573e-08,-0.000512695313
5.314573e-08,-0.000514914773
5.324573e-08,-0.000507886482
5.334573e-08,-0.000493459991
5.344573e-08,-0.000476074219
5.354573e-08,-0.000461647727
5.364573e-08,-0.000454619437
5.374573e-08,-0.000456099077
5.384573e-08,-0.000463867188
5.394573e-08,-0.000473484848
5.404573e-08,-0.000480883049
5.414573e-08,-0.00048421224
5.424573e-08,-0.00048495206
5.434573e-08,-0.00048532197
5.444573e-08,-0.00048828125
5.454573e-08,-0.000494939631
5.464573e-08,-0.000504557292
5.474573e-08,-0.000514914773
5.484573e-08,-0.000524162524
5.494573e-08,-0.000531560724
5.504573e-08,-0.000537849195
5.514573e-08,-0.000544507576
5.524573e-08,-0.000552645597
5.534573e-08,-0.000563003078
5.544573e-08,-0.000574100379
5.554573e-08,-0.0005859375
5.564573e-08,-0.000598514441
5.574573e-08,-0.000612940933
5.584573e-08,-0.000629956795
5.594573e-08,-0.000651041667
5.604573e-08,-0.000674715909
5.614573e-08,-0.000698760062
5.624573e-08,-0.000720954664
5.634573e-08,-0.000739820076
5.644573e-08,-0.000755726207
5.654573e-08,-0.000771262429
5.664573e-08,-0.000789018111
5.674573e-08,-0.000810842803
5.684573e-08,-0.000835996686
5.694573e-08,-0.000862260298
5.704573e-08,-0.000885934541
5.714573e-08,-0.000905539773
5.724573e-08,-0.000921445904
5.734573e-08,-0.000936612216
5.744573e-08,-0.000954367898
5.754573e-08,-0.0009765625
5.764573e-08,-0.0010024562
5.774573e-08,-0.00102871982
5.784573e-08,-0.00105054451
5.794573e-08,-0.00106534091
5.804573e-08,-0.00107310902
5.814573e-08,-0.00107717803
5.824573e-08,-0.00108161695
5.834573e-08,-0.00108901515
5.844573e-08,-0.00109937263
5.854573e-08,-0.00111046993
5.864573e-08,-0.00111934777
5.874573e-08,-0.00112452652
5.884573e-08,-0.00112859553
5.894573e-08,-0.00113599373
5.904573e-08,-0.00115189986
5.914573e-08,-0.00117779356
5.924573e-08,-0.00121034564
5.934573e-08,-0.00124289773
5.944573e-08,-0.00126731179
5.954573e-08,-0.00127840909
5.964573e-08,-0.00127655954
5.974573e-08,-0.00126694188
5.984573e-08,-0.00125769413
5.994573e-08,-0.00125473485
6.004573e-08,-0.00125954368
6.014573e-08,-0.00126953125
6.024573e-08,-0.001278779
6.034573e-08,-0.00128432765
6.044573e-08,-0.0012861772
6.054573e-08,-0.00128913648
6.064573e-08,-0.00129912405
6.074573e-08,-0.00131983902
6.084573e-08,-0.001348692
6.094573e-08,-0.00137791489
6.104573e-08,-0.00139825994
6.114573e-08,-0.00140269886
6.124573e-08,-0.00139123165
6.134573e-08,-0.00137051669
6.144573e-08,-0.00135128137
6.154573e-08,-0.00134351326
6.164573e-08,-0.00135091146
6.174573e-08,-0.00136977687
6.184573e-08,-0.00139160156
6.194573e-08,-0.00140861742
6.204573e-08,-0.00141601563
6.214573e-08,-0.00141638554
6.224573e-08,-0.00141564571
6.234573e-08,-0.00142045455
6.244573e-08,-0.00143377131
6.254573e-08,-0.00145263672
6.264573e-08,-0.0014703924
6.274573e-08,-0.00147964015
6.284573e-08,-0.00147816051
6.294573e-08,-0.00146928267
6.304573e-08,-0.0014592951
6.314573e-08,-0.00145596591
6.324573e-08,-0.00146188447
6.334573e-08,-0.00147483132
6.344573e-08,-0.00148851799
6.354573e-08,-0.00149739583
6.364573e-08,-0.00149961529
6.374573e-08,-0.00149813565
6.384573e-08,-0.00149961529
6.394573e-08,-0.00150923295
6.404573e-08,-0.00152809837
6.414573e-08,-0.00155066288
6.424573e-08,-0.00156878847
6.434573e-08,-0.00157433712
6.444573e-08,-0.00156545928
6.454573e-08,-0.00154733369
6.464573e-08,-0.0015292081
6.474573e-08,-0.00152107008
6.484573e-08,-0.00152698864
6.494573e-08,-0.00154437441
6.504573e-08,-0.00156545928
6.514573e-08,-0.00158025568
6.524573e-08,-0.00158432469
6.534573e-08,-0.00157914595
6.544573e-08,-0.00157100793
6.554573e-08,-0.00156841856
6.564573e-08,-0.00157581676
6.574573e-08,-0.00159135298
6.584573e-08,-0.00160910866
6.594573e-08,-0.00162168561
6.604573e-08,-0.00162427498
6.614573e-08,-0.00161835642
6.624573e-08,-0.00160910866
6.634573e-08,-0.00160392992
6.644573e-08,-0.00160651929
6.654573e-08,-0.00161613696
6.664573e-08,-0.00162686435
6.674573e-08,-0.00163352273
6.684573e-08,-0.00163278291
6.694573e-08,-0.00162649444
6.704573e-08,-0.00162094579
6.714573e-08,-0.00162168561
6.724573e-08,-0.00163167318
6.734573e-08,-0.00164757931
6.744573e-08,-0.00166237571
6.754573e-08,-0.00166903409
6.764573e-08,-0.00166385535
6.774573e-08,-0.00164979877
6.784573e-08,-0.00163278291
6.794573e-08,-0.00162168561
6.804573e-08,-0.00162057588
6.814573e-08,-0.00162908381
6.824573e-08,-0.00164166075
6.834573e-08,-0.00165127841
6.844573e-08,-0.00165349787
6.854573e-08,-0.00164942886
6.864573e-08,-0.00164277048
6.874573e-08,-0.00163944129
6.884573e-08,-0.0016435103
6.894573e-08,-0.00165349787
6.904573e-08,-0.00166607481
6.914573e-08,-0.00167495265
6.924573e-08,-0.00167717211
6.934573e-08,-0.00167273319
6.944573e-08,-0.00166496508
6.954573e-08,-0.00165719697
6.964573e-08,-0.0016509085
6.974573e-08,-0.00164572976
6.984573e-08,-0.00163833156
6.994573e-08,-0.00162760417
7.004573e-08,-0.00161502723
7.014573e-08,-0.00160577947
7.024573e-08,-0.00160503965
7.034573e-08,-0.00161576705
7.044573e-08,-0.00163574219
7.054573e-08,-0.00165793679
7.064573e-08,-0.00167347301
7.074573e-08,-0.00167495265
7.084573e-08,-0.0016620058
7.094573e-08,-0.0016398112
7.104573e-08,-0.00161798651
7.114573e-08,-0.00160392992
7.124573e-08,-0.00160134055
7.134573e-08,-0.0016068892
7.144573e-08,-0.00161354759
7.154573e-08,-0.00161576705
7.164573e-08,-0.00161095821
7.174573e-08,-0.0016031901
7.184573e-08,-0.00159875118
7.194573e-08,-0.00160392992
7.204573e-08,-0.00161909624
7.214573e-08,-0.00163944129
7.224573e-08,-0.00165682706
7.234573e-08,-0.00166311553
7.244573e-08,-0.00165719697
7.254573e-08,-0.00164425012
7.264573e-08,-0.00163352273
7.274573e-08,-0.00163352273
7.284573e-08,-0.00164794922
7.294573e-08,-0.00167236328
7.304573e-08,-0.00169825698
7.314573e-08,-0.00171638258
7.324573e-08,-0.00172193123
7.334573e-08,-0.0017171224
7.344573e-08,-0.00171046402
7.354573e-08,-0.00171046402
7.364573e-08,-0.00172193123
7.374573e-08,-0.00174375592
7.384573e-08,-0.00176816998
7.394573e-08,-0.0017874053
7.404573e-08,-0.00179628314
7.414573e-08,-0.00179554332
7.424573e-08,-0.00179221413
7.434573e-08,-0.00179332386
7.444573e-08,-0.00180405125
7.454573e-08,-0.00182328658
7.464573e-08,-0.00184585109
7.474573e-08,-0.00186434659
7.484573e-08,-0.00187507398
7.494573e-08,-0.00187914299
7.504573e-08,-0.001883212
7.514573e-08,-0.00189393939
7.524573e-08,-0.00191539418
7.534573e-08,-0.0019457268
7.544573e-08,-0.00197679924
7.554573e-08,-0.00200047348
7.564573e-08,-0.00201083097
7.574573e-08,-0.0020082416
7.584573e-08,-0.00199973366
7.594573e-08,-0.00199455492
7.604573e-08,-0.00200010357
7.614573e-08,-0.00201859908
7.624573e-08,-0.00204486269
7.634573e-08,-0.00207149621
7.644573e-08,-0.00208999171
7.654573e-08,-0.00209738991
7.664573e-08,-0.00209517045
7.674573e-08,-0.00208925189
7.684573e-08,-0.0020859227
7.694573e-08,-0.0020896218
7.704573e-08,-0.00209960938
7.714573e-08,-0.00211292614
7.724573e-08,-0.00212476326
7.734573e-08,-0.00213253137
7.744573e-08,-0.00213586056
7.754573e-08,-0.00213660038
7.764573e-08,-0.00213697029
7.774573e-08,-0.00213844993
7.784573e-08,-0.00214066939
7.794573e-08,-0.00214251894
7.804573e-08,-0.00214325876
7.814573e-08,-0.00214325876
7.824573e-08,-0.00214436849
7.834573e-08,-0.0021484375
7.844573e-08,-0.0021558357
7.854573e-08,-0.00216508345
7.864573e-08,-0.00217359138
7.874573e-08,-0.0021780303
7.884573e-08,-0.00217692057
7.894573e-08,-0.00217100201
7.904573e-08,-0.00216249408
7.914573e-08,-0.00215435606
7.924573e-08,-0.00214806759
7.934573e-08,-0.00214288885
7.944573e-08,-0.0021373402
7.954573e-08,-0.00213068182
7.964573e-08,-0.00212291371
7.974573e-08,-0.00211625533
7.984573e-08,-0.00211440578
7.994573e-08,-0.0021188447
8.004573e-08,-0.00212957209
8.014573e-08,-0.00214214903
8.024573e-08,-0.0021521366
8.034573e-08,-0.00215435606
8.044573e-08,-0.00214769768
8.054573e-08,-0.00213401101
8.064573e-08,-0.0021188447
8.074573e-08,-0.00210700758
8.084573e-08,-0.00210219875
8.094573e-08,-0.00210367839
8.104573e-08,-0.00210848722
8.114573e-08,-0.00211292614
8.124573e-08,-0.00211366596
8.134573e-08,-0.0021114465
8.144573e-08,-0.00210811731
8.154573e-08,-0.00210700758
8.164573e-08,-0.00210959695
8.174573e-08,-0.00211477569
8.184573e-08,-0.0021188447
8.194573e-08,-0.0021188447
8.204573e-08,-0.00211181641
8.214573e-08,-0.00209812973
8.224573e-08,-0.00208148378
8.234573e-08,-0.00206557765
8.244573e-08,-0.00205411044
8.254573e-08,-0.00204819188
8.264573e-08,-0.00204671224
8.274573e-08,-0.00204782197
8.284573e-08,-0.00204930161
8.294573e-08,-0.00205004143
8.304573e-08,-0.00205152107
8.314573e-08,-0.00205374053
8.324573e-08,-0.00205743963
8.334573e-08,-0.00206187855
8.344573e-08,-0.00206520774
8.354573e-08,-0.00206557765
8.364573e-08,-0.00206261837
8.374573e-08,-0.00205780954
8.384573e-08,-0.00205226089
8.394573e-08,-0.00204782197
8.404573e-08,-0.00204486269
8.414573e-08,-0.00204264323
8.424573e-08,-0.00203968395
8.434573e-08,-0.00203598485
8.444573e-08,-0.00203228575
8.454573e-08,-0.00203154593
8.464573e-08,-0.00203635476
8.474573e-08,-0.00204782197
8.484573e-08,-0.00206335819
8.494573e-08,-0.00207889441
8.504573e-08,-0.00208851207
8.514573e-08,-0.00208925189
8.524573e-08,-0.00208111387
8.534573e-08,-0.00206779711
8.544573e-08,-0.00205706972
8.554573e-08,-0.00205374053
8.564573e-08,-0.00206113873
8.574573e-08,-0.00207704486
8.584573e-08,-0.00209628018
8.594573e-08,-0.00211292614
8.604573e-08,-0.00212328362
8.614573e-08,-0.00212735263
8.624573e-08,-0.00212809245
8.634573e-08,-0.00213068182
8.644573e-08,-0.00213844993
8.654573e-08,-0.00215102687
8.664573e-08,-0.00216582327
8.674573e-08,-0.0021780303
8.684573e-08,-0.00218431877
8.694573e-08,-0.00218394886
8.704573e-08,-0.00218024976
8.714573e-08,-0.0021780303
8.724573e-08,-0.00218098958
8.734573e-08,-0.00219097715
8.744573e-08,-0.00220503374
8.754573e-08,-0.00221946023
8.764573e-08,-0.00222907789
8.774573e-08,-0.00223092744
8.784573e-08,-0.00222648852
8.794573e-08,-0.00221946023
8.804573e-08,-0.0022146514
8.814573e-08,-0.00221687086
8.824573e-08,-0.00222685843
8.834573e-08,-0.00224313447
8.844573e-08,-0.00226162997
8.854573e-08,-0.0022775361
8.864573e-08,-0.00228789358
8.874573e-08,-0.00229048295
8.884573e-08,-0.00228715376
8.894573e-08,-0.00228049538
8.904573e-08,-0.00227457682
8.914573e-08,-0.00227272727
8.924573e-08,-0.00227679628
8.934573e-08,-0.00228752367
8.944573e-08,-0.00230268999
8.954573e-08,-0.00232007576
8.964573e-08,-0.00233598189
8.974573e-08,-0.00234818892
8.984573e-08,-0.00235447739
8.994573e-08,-0.00235558712
9.004573e-08,-0.00235373757
9.014573e-08,-0.00235188802
9.024573e-08,-0.00235188802
9.034573e-08,-0.00235558712
9.044573e-08,-0.00236187559
9.054573e-08,-0.00236890388
9.064573e-08,-0.00237482244
9.074573e-08,-0.00237926136
9.084573e-08,-0.00238333037
9.094573e-08,-0.00238887902
9.104573e-08,-0.00239923651
9.114573e-08,-0.00241477273
9.124573e-08,-0.00243400805
9.134573e-08,-0.00245398319
9.144573e-08,-0.00247025923
9.154573e-08,-0.00247987689
9.164573e-08,-0.00248283617
9.174573e-08,-0.00248209635
9.184573e-08,-0.00248172644
9.194573e-08,-0.00248579545
9.204573e-08,-0.00249652285
9.214573e-08,-0.00251242898
9.224573e-08,-0.00253018466
9.234573e-08,-0.00254498106
9.244573e-08,-0.00255422881
9.254573e-08,-0.00255718809
9.264573e-08,-0.00255681818
9.274573e-08,-0.00255681818
9.284573e-08,-0.00256088719
9.294573e-08,-0.00257013494
9.304573e-08,-0.00258382161
9.314573e-08,-0.00259824811
9.324573e-08,-0.00261008523
9.334573e-08,-0.00261674361
9.344573e-08,-0.00261822325
9.354573e-08,-0.00261600379
9.364573e-08,-0.0026126746
9.374573e-08,-0.00261119496
9.384573e-08,-0.00261230469
9.394573e-08,-0.00261600379
9.404573e-08,-0.00262118253
9.414573e-08,-0.00262636127
9.424573e-08,-0.00263043028
9.434573e-08,-0.00263375947
9.444573e-08,-0.00263634884
9.454573e-08,-0.00263893821
9.464573e-08,-0.00264189749
9.474573e-08,-0.00264559659
9.484573e-08,-0.00264929569
9.494573e-08,-0.00265262488
9.504573e-08,-0.00265521425
9.514573e-08,-0.00265743371
9.524573e-08,-0.00265928326
9.534573e-08,-0.00266150272
9.544573e-08,-0.002664462
9.554573e-08,-0.00266927083
9.564573e-08,-0.00267666903
9.574573e-08,-0.00268702652
9.584573e-08,-0.00270071319
9.594573e-08,-0.00271661932
9.604573e-08,-0.00273363518
9.614573e-08,-0.00274991122
9.624573e-08,-0.00276433771
9.634573e-08,-0.00277580492
9.644573e-08,-0.00278431286
9.654573e-08,-0.00279023142
9.664573e-08,-0.00279504025
9.674573e-08,-0.00279947917
9.684573e-08,-0.00280391809
9.694573e-08,-0.0028079871
9.704573e-08,-0.00281242602
9.714573e-08,-0.00281723485
9.724573e-08,-0.00282352332
9.734573e-08,-0.00283240116
9.744573e-08,-0.00284423828
9.754573e-08,-0.00285866477
9.764573e-08,-0.00287346117
9.774573e-08,-0.00288677794
9.784573e-08,-0.00289565578
9.794573e-08,-0.0029000947
9.804573e-08,-0.00290046461
9.814573e-08,-0.00289898497
9.824573e-08,-0.00289861506
9.834573e-08,-0.0029000947
9.844573e-08,-0.0029037938
9.854573e-08,-0.00290860263
9.864573e-08,-0.00291156191
9.874573e-08,-0.00291193182
9.884573e-08,-0.00290971236
9.894573e-08,-0.0029074929
9.904573e-08,-0.00290712299
9.914573e-08,-0.00291193182
9.924573e-08,-0.00292191939
9.934573e-08,-0.00293597597
9.944573e-08,-0.00295151219
9.954573e-08,-0.00296519886
9.964573e-08,-0.00297555634
9.974573e-08,-0.00298221473
9.984573e-08,-0.00298628374
9.994573e-08,-0.00298887311
1.000457e-07,-0.00299109257
1.001457e-07,-0.00299294212
1.002457e-07,-0.00299405185
1.003457e-07,-0.00299479167
1.004457e-07,-0.0029959014
1.005457e-07,-0.00299812086
1.006457e-07,-0.00300366951
1.007457e-07,-0.00301254735
1.008457e-07,-0.00302364465
1.009457e-07,-0.00303511186
1.010457e-07,-0.00304361979
1.011457e-07,-0.00304805871
1.012457e-07,-0.00304805871
1.013457e-07,-0.00304472952
1.014457e-07,-0.0030402906
1.015457e-07,-0.00303622159
1.016457e-07,-0.00303252249
1.017457e-07,-0.00302882339
1.018457e-07,-0.00302401456
1.019457e-07,-0.00301846591
1.020457e-07,-0.00301365708
1.021457e-07,-0.00301180753
1.022457e-07,-0.00301513672
1.023457e-07,-0.00302438447
1.024457e-07,-0.00303733132
1.025457e-07,-0.00305027817
1.026457e-07,-0.00306063565
1.027457e-07,-0.00306581439
1.028457e-07,-0.00306692412
1.029457e-07,-0.00306692412
1.030457e-07,-0.00306803385
1.031457e-07,-0.00307173295
1.032457e-07,-0.0030769117
1.033457e-07,-0.0030806108
1.034457e-07,-0.00308098071
1.035457e-07,-0.00307765152
1.036457e-07,-0.00307432232
1.037457e-07,-0.00307617188
1.038457e-07,-0.00308689927
1.039457e-07,-0.00310724432
1.040457e-07,-0.00313276811
1.041457e-07,-0.00315570253
1.042457e-07,-0.00316827947
1.043457e-07,-0.00316642992
1.044457e-07,-0.00315237334
1.045457e-07,-0.00313350793
1.046457e-07,-0.00312019117
1.047457e-07,-0.00311908144
1.048457e-07,-0.00313165838
1.049457e-07,-0.00315274325
1.050457e-07,-0.0031730883
1.051457e-07,-0.00318418561
1.052457e-07,-0.00318307588
1.053457e-07,-0.00317271839
1.054457e-07,-0.00316051136
1.055457e-07,-0.0031545928
1.056457e-07,-0.00315940163
1.057457e-07,-0.0031730883
1.058457e-07,-0.00318973426
1.059457e-07,-0.00320194129
1.060457e-07,-0.00320453066
1.061457e-07,-0.00319713246
1.062457e-07,-0.00318455552
1.063457e-07,-0.00317234848
1.064457e-07,-0.0031656901
1.065457e-07,-0.00316532019
1.066457e-07,-0.00316864938
1.067457e-07,-0.00317234848
1.068457e-07,-0.00317345821
1.069457e-07,-0.00317160866
1.070457e-07,-0.00317012902
1.071457e-07,-0.00317234848
1.072457e-07,-0.00317974669
1.073457e-07,-0.0031912139
1.074457e-07,-0.00320379084
1.075457e-07,-0.00321377841
1.076457e-07,-0.00321895715
1.077457e-07,-0.00322043679
1.078457e-07,-0.00321969697
1.079457e-07,-0.00321969697
1.080457e-07,-0.0032208067
1.081457e-07,-0.00322154652
1.082457e-07,-0.00321969697
1.083457e-07,-0.00321377841
1.084457e-07,-0.00320564039
1.085457e-07,-0.00319935192
1.086457e-07,-0.00319935192
1.087457e-07,-0.00320785985
1.088457e-07,-0.00322302616
1.089457e-07,-0.00324004202
1.090457e-07,-0.00325224905
1.091457e-07,-0.00325520833
1.092457e-07,-0.00324928977
1.093457e-07,-0.00323967211
1.094457e-07,-0.003231904
1.095457e-07,-0.00323153409
1.096457e-07,-0.00323856238
1.097457e-07,-0.00324854995
1.098457e-07,-0.00325557824
1.099457e-07,-0.00325520833
1.100457e-07,-0.00324781013
1.101457e-07,-0.00323893229
1.102457e-07,-0.00323597301
1.103457e-07,-0.00324337121
1.104457e-07,-0.00326112689
1.105457e-07,-0.00328295159
1.106457e-07,-0.00329922763
1.107457e-07,-0.00330255682
1.108457e-07,-0.00329182943
1.109457e-07,-0.00327296402
1.110457e-07,-0.00325557824
1.111457e-07,-0.00324928977
1.112457e-07,-0.00325816761
1.113457e-07,-0.00327925249
1.114457e-07,-0.00330514619
1.115457e-07,-0.00332623106
1.116457e-07,-0.00333806818
1.117457e-07,-0.00334213719
1.118457e-07,-0.00334361683
1.119457e-07,-0.0033499053
1.120457e-07,-0.00336433179
1.121457e-07,-0.00338467685
1.122457e-07,-0.00340576172
1.123457e-07,-0.00342092803
1.124457e-07,-0.0034272165
1.125457e-07,-0.00342684659
1.126457e-07,-0.00342647668
1.127457e-07,-0.00343276515
1.128457e-07,-0.00344904119
1.129457e-07,-0.00347271544
1.130457e-07,-0.00349749941
1.131457e-07,-0.003515625
1.132457e-07,-0.00352376302
1.133457e-07,-0.00352376302
1.134457e-07,-0.00352265329
1.135457e-07,-0.00352746212
1.136457e-07,-0.00354262843
1.137457e-07,-0.0035670425
1.138457e-07,-0.00359404593
1.139457e-07,-0.00361624053
1.140457e-07,-0.00362807765
1.141457e-07,-0.00362918738
1.142457e-07,-0.00362474846
1.143457e-07,-0.00362215909
1.144457e-07,-0.0036262281
1.145457e-07,-0.00363806522
1.146457e-07,-0.00365397135
1.147457e-07,-0.00366950758
1.148457e-07,-0.00368060488
1.149457e-07,-0.00368689335
1.150457e-07,-0.00369170218
1.151457e-07,-0.00369910038
1.152457e-07,-0.00371167732
1.153457e-07,-0.00372795336
1.154457e-07,-0.00374348958
1.155457e-07,-0.00375236742
1.156457e-07,-0.00375236742
1.157457e-07,-0.00374459931
1.158457e-07,-0.00373461174
1.159457e-07,-0.00372869318
1.160457e-07,-0.00373128255
1.161457e-07,-0.00374200994
1.162457e-07,-0.00375717625
1.163457e-07,-0.00377012311
1.164457e-07,-0.00377641158
1.165457e-07,-0.00377530185
1.166457e-07,-0.0037697532
1.167457e-07,-0.00376420455
1.168457e-07,-0.00376309482
1.169457e-07,-0.00376679392
1.170457e-07,-0.00377271248
1.171457e-07,-0.00377604167
1.172457e-07,-0.00377308239
1.173457e-07,-0.00376346473
1.174457e-07,-0.00374903823
1.175457e-07,-0.00373461174
1.176457e-07,-0.00372351444
1.177457e-07,-0.00371759588
1.178457e-07,-0.00371426669
1.179457e-07,-0.0037109375
1.180457e-07,-0.00370501894
1.181457e-07,-0.00369651101
1.182457e-07,-0.00368726326
1.183457e-07,-0.0036813447
1.184457e-07,-0.00368097479
1.185457e-07,-0.00368652344
1.186457e-07,-0.00369392164
1.187457e-07,-0.00369910038
1.188457e-07,-0.00369799065
1.189457e-07,-0.0036887429
1.190457e-07,-0.0036739465
1.191457e-07,-0.00365767045
1.192457e-07,-0.0036447236
1.193457e-07,-0.00363880504
1.194457e-07,-0.00363954486
1.195457e-07,-0.00364583333
1.196457e-07,-0.00365434126
1.197457e-07,-0.00366247929
1.198457e-07,-0.00366950758
1.199457e-07,-0.00367542614
1.200457e-07,-0.0036813447
1.201457e-07,-0.00368800308
1.202457e-07,-0.00369429155
1.203457e-07,-0.00369910038
1.204457e-07,-0.00370094993
1.205457e-07,-0.00369910038
1.206457e-07,-0.00369429155
1.207457e-07,-0.00368726326
1.208457e-07,-0.00367949515
1.209457e-07,-0.00367172704
1.210457e-07,-0.00366469875
1.211457e-07,-0.00365767045
1.212457e-07,-0.00365138198
1.213457e-07,-0.00364657315
1.214457e-07,-0.0036447236
1.215457e-07,-0.00364583333
1.216457e-07,-0.00364990234
1.217457e-07,-0.00365508108
1.218457e-07,-0.00365878018
1.219457e-07,-0.00365767045
1.220457e-07,-0.00365064216
1.221457e-07,-0.00363843513
1.222457e-07,-0.00362400864
1.223457e-07,-0.00361032197
1.224457e-07,-0.00360107422
1.225457e-07,-0.00359774503
1.226457e-07,-0.00359959458
1.227457e-07,-0.00360440341
1.228457e-07,-0.00360921224
1.229457e-07,-0.00361180161
1.230457e-07,-0.00361180161
1.231457e-07,-0.00361032197
1.232457e-07,-0.00360884233
1.233457e-07,-0.00360921224
1.234457e-07,-0.00361180161
1.235457e-07,-0.00361624053
1.236457e-07,-0.00362104936
1.237457e-07,-0.00362511837
1.238457e-07,-0.00362733783
1.239457e-07,-0.00362807765
1.240457e-07,-0.00362844756
1.241457e-07,-0.00363066702
1.242457e-07,-0.00363584576
1.243457e-07,-0.00364583333
1.244457e-07,-0.00366025982
1.245457e-07,-0.00367801551
1.246457e-07,-0.00369799065
1.247457e-07,-0.00371685606
1.248457e-07,-0.00373350201
1.249457e-07,-0.00374644886
1.250457e-07,-0.00375643643
1.251457e-07,-0.00376420455
1.252457e-07,-0.00377197266
1.253457e-07,-0.00378159032
1.254457e-07,-0.00379305753
1.255457e-07,-0.00380563447
1.256457e-07,-0.0038178415
1.257457e-07,-0.00382819898
1.258457e-07,-0.00383559718
1.259457e-07,-0.00384114583
1.260457e-07,-0.00384669448
1.261457e-07,-0.00385409268
1.262457e-07,-0.00386445017
1.263457e-07,-0.0038766572
1.264457e-07,-0.00388812441
1.265457e-07,-0.00389626243
1.266457e-07,-0.00389811198
1.267457e-07,-0.00389441288
1.268457e-07,-0.00388701468
1.269457e-07,-0.00387887666
1.270457e-07,-0.00387332801
1.271457e-07,-0.00387073864
1.272457e-07,-0.00386999882
1.273457e-07,-0.00386814927
1.274457e-07,-0.00386260062
1.275457e-07,-0.00385298295
1.276457e-07,-0.00384151574
1.277457e-07,-0.00383226799
1.278457e-07,-0.00382782907
1.279457e-07,-0.00382930871
1.280457e-07,-0.00383448745
1.281457e-07,-0.00383892637
1.282457e-07,-0.00383781664
1.283457e-07,-0.00382930871
1.284457e-07,-0.00381451231
1.285457e-07,-0.00379786636
1.286457e-07,-0.00378417969
1.287457e-07,-0.00377604167
1.288457e-07,-0.0037734523
1.289457e-07,-0.00377234257
1.290457e-07,-0.00376827356
1.291457e-07,-0.00375828598
1.292457e-07,-0.00374348958
1.293457e-07,-0.00372832327
1.294457e-07,-0.0037183357
1.295457e-07,-0.00371685606
1.296457e-07,-0.00372425426
1.297457e-07,-0.00373572147
1.298457e-07,-0.00374496922
1.299457e-07,-0.00374644886
1.300457e-07,-0.00373868075
1.301457e-07,-0.00372462417
1.302457e-07,-0.00370945786
1.303457e-07,-0.00369910038
1.304457e-07,-0.0036961411
1.305457e-07,-0.00369947029
1.306457e-07,-0.00370575876
1.307457e-07,-0.0037109375
1.308457e-07,-0.00371389678
1.309457e-07,-0.00371574633
1.310457e-07,-0.00371981534
1.311457e-07,-0.00372869318
1.312457e-07,-0.00374200994
1.313457e-07,-0.00375680634
1.314457e-07,-0.00376753374
1.315457e-07,-0.00377012311
1.316457e-07,-0.00376457446
1.317457e-07,-0.00375384706
1.318457e-07,-0.00374385949
1.319457e-07,-0.0037405303
1.320457e-07,-0.00374533913
1.321457e-07,-0.00375606652
1.322457e-07,-0.00376790365
1.323457e-07,-0.00377604167
1.324457e-07,-0.00377826113
1.325457e-07,-0.00377752131
1.326457e-07,-0.00377900095
1.327457e-07,-0.00378787879
1.328457e-07,-0.00380600438
1.329457e-07,-0.00383041844
1.330457e-07,-0.00385446259
1.331457e-07,-0.00387073864
1.332457e-07,-0.00387554747
1.333457e-07,-0.003869259
1.334457e-07,-0.00385742188
1.335457e-07,-0.00384706439
1.336457e-07,-0.00384336529
1.337457e-07,-0.00384817412
1.338457e-07,-0.00385890152
1.339457e-07,-0.00387073864
1.340457e-07,-0.0038803563
1.341457e-07,-0.00388590495
1.342457e-07,-0.00388960405
1.343457e-07,-0.00389441288
1.344457e-07,-0.0039025509
1.345457e-07,-0.00391401811
1.346457e-07,-0.00392622514
1.347457e-07,-0.0039358428
1.348457e-07,-0.00394065163
1.349457e-07,-0.00394028172
1.350457e-07,-0.00393769235
1.351457e-07,-0.0039358428
1.352457e-07,-0.00393658262
1.353457e-07,-0.00393991181
1.354457e-07,-0.00394435073
1.355457e-07,-0.00394767992
1.356457e-07,-0.00394878965
1.357457e-07,-0.00394841974
1.358457e-07,-0.00394952947
1.359457e-07,-0.00395359848
1.360457e-07,-0.00396099669
1.361457e-07,-0.00396987453
1.362457e-07,-0.003976163
1.363457e-07,-0.00397727273
1.364457e-07,-0.00397209399
1.365457e-07,-0.00396321615
1.366457e-07,-0.00395359848
1.367457e-07,-0.00394767992
1.368457e-07,-0.0039469401
1.369457e-07,-0.0039506392
1.370457e-07,-0.00395581795
1.371457e-07,-0.00395951705
1.372457e-07,-0.00396062678
1.373457e-07,-0.00396025687
1.374457e-07,-0.0039613666
1.375457e-07,-0.00396543561
1.376457e-07,-0.00397283381
1.377457e-07,-0.00398134174
1.378457e-07,-0.00398763021
1.379457e-07,-0.00398910985
1.380457e-07,-0.00398652048
1.381457e-07,-0.00398282138
1.382457e-07,-0.00398245147
1.383457e-07,-0.00398910985
1.384457e-07,-0.00400242661
1.385457e-07,-0.00401944247
1.386457e-07,-0.00403423887
1.387457e-07,-0.00404237689
1.388457e-07,-0.0040427468
1.389457e-07,-0.00403830788
1.390457e-07,-0.00403460878
1.391457e-07,-0.00403645833
1.392457e-07,-0.0040464459
1.393457e-07,-0.00406272195
1.394457e-07,-0.00408084754
1.395457e-07,-0.00409564394
1.396457e-07,-0.00410415187
1.397457e-07,-0.00410785097
1.398457e-07,-0.00410933061
1.399457e-07,-0.00411339962
1.400457e-07,-0.00412190755
1.401457e-07,-0.00413374467
1.402457e-07,-0.0041459517
1.403457e-07,-0.00415482955
1.404457e-07,-0.00415963838
1.405457e-07,-0.00416185784
1.406457e-07,-0.00416481712
1.407457e-07,-0.00417258523
1.408457e-07,-0.00418553208
1.409457e-07,-0.00420069839
1.410457e-07,-0.00421364524
1.411457e-07,-0.00421993371
1.412457e-07,-0.00421771425
1.413457e-07,-0.00420920632
1.414457e-07,-0.00420032848
1.415457e-07,-0.00419625947
1.416457e-07,-0.00420069839
1.417457e-07,-0.0042121656
1.418457e-07,-0.00422622218
1.419457e-07,-0.00423768939
1.420457e-07,-0.00424249822
1.421457e-07,-0.00424101858
1.422457e-07,-0.00423583984
1.423457e-07,-0.00423177083
1.424457e-07,-0.00423214074
1.425457e-07,-0.00423694957
1.426457e-07,-0.00424434777
1.427457e-07,-0.00424952652
1.428457e-07,-0.00425026634
1.429457e-07,-0.00424582741
1.430457e-07,-0.00423842921
1.431457e-07,-0.00423177083
1.432457e-07,-0.00422881155
1.433457e-07,-0.0042306611
1.434457e-07,-0.00423657966
1.435457e-07,-0.00424360795
1.436457e-07,-0.00425063625
1.437457e-07,-0.00425655481
1.438457e-07,-0.00426210346
1.439457e-07,-0.0042672822
1.440457e-07,-0.00427172112
1.441457e-07,-0.00427431049
1.442457e-07,-0.00427283085
1.443457e-07,-0.0042672822
1.444457e-07,-0.00425914418
1.445457e-07,-0.00425211589
1.446457e-07,-0.00425026634
1.447457e-07,-0.00425544508
1.448457e-07,-0.0042672822
1.449457e-07,-0.00428244851
1.450457e-07,-0.00429539536
1.451457e-07,-0.00430279356
1.452457e-07,-0.00430464311
1.453457e-07,-0.00430390329
1.454457e-07,-0.00430575284
1.455457e-07,-0.00431463068
1.456457e-07,-0.00433090672
1.457457e-07,-0.00435088187
1.458457e-07,-0.00436937737
1.459457e-07,-0.00437973485
1.460457e-07,-0.00437973485
1.461457e-07,-0.00437122692
1.462457e-07,-0.0043593898
1.463457e-07,-0.00435014205
1.464457e-07,-0.00434792259
1.465457e-07,-0.00435236151
1.466457e-07,-0.00436049953
1.467457e-07,-0.00436789773
1.468457e-07,-0.00437085701
1.469457e-07,-0.00436863755
1.470457e-07,-0.00436456854
1.471457e-07,-0.00436197917
1.472457e-07,-0.00436456854
1.473457e-07,-0.00437270656
1.474457e-07,-0.00438491359
1.475457e-07,-0.00439749053
1.476457e-07,-0.00440784801
1.477457e-07,-0.00441450639
1.478457e-07,-0.0044185754
1.479457e-07,-0.00442116477
1.480457e-07,-0.00442338423
1.481457e-07,-0.00442449396
1.482457e-07,-0.00442412405
1.483457e-07,-0.00442116477
1.484457e-07,-0.00441672585
1.485457e-07,-0.00441302675
1.486457e-07,-0.00441413648
1.487457e-07,-0.00442116477
1.488457e-07,-0.00443411162
1.489457e-07,-0.00444964785
1.490457e-07,-0.0044625947
1.491457e-07,-0.00446851326
1.492457e-07,-0.00446555398
1.493457e-07,-0.00445667614
1.494457e-07,-0.00444594875
1.495457e-07,-0.00443892045
1.496457e-07,-0.00443855054
1.497457e-07,-0.00444446911
1.498457e-07,-0.00445223722
1.499457e-07,-0.00445667614
1.500457e-07,-0.00445445668
1.501457e-07,-0.00444557884
1.502457e-07,-0.00443263198
1.503457e-07,-0.00442116477
1.504457e-07,-0.0044148763
1.505457e-07,-0.00441524621
1.506457e-07,-0.00442079486
1.507457e-07,-0.00442708333
1.508457e-07,-0.00443004261
1.509457e-07,-0.00442671342
1.510457e-07,-0.00441709576
1.511457e-07,-0.00440340909
1.512457e-07,-0.00438861269
1.513457e-07,-0.00437603575
1.514457e-07,-0.004366788
1.515457e-07,-0.00436197917
1.516457e-07,-0.00436123935
1.517457e-07,-0.00436345881
1.518457e-07,-0.00436826764
1.519457e-07,-0.00437381629
1.520457e-07,-0.00437862512
1.521457e-07,-0.00437973485
1.522457e-07,-0.00437640566
1.523457e-07,-0.00436789773
1.524457e-07,-0.00435606061
1.525457e-07,-0.00434385357
1.526457e-07,-0.00433534564
1.527457e-07,-0.00433238636
1.528457e-07,-0.00433497573
1.529457e-07,-0.00434015447
1.530457e-07,-0.00434459339
1.531457e-07,-0.00434422348
1.532457e-07,-0.00433830492
1.533457e-07,-0.00432794744
1.534457e-07,-0.00431722005
1.535457e-07,-0.00430871212
1.536457e-07,-0.00430501302
1.537457e-07,-0.00430538293
1.538457e-07,-0.00430760239
1.539457e-07,-0.00430871212
1.540457e-07,-0.00430649266
1.541457e-07,-0.0043005741
1.542457e-07,-0.00429280599
1.543457e-07,-0.00428503788
1.544457e-07,-0.00427948923
1.545457e-07,-0.00427652995
1.546457e-07,-0.00427652995
1.547457e-07,-0.00427911932
1.548457e-07,-0.00428429806
1.549457e-07,-0.00429206617
1.550457e-07,-0.00430242365
1.551457e-07,-0.00431463068
1.552457e-07,-0.0043264678
1.553457e-07,-0.00433571555
1.554457e-07,-0.00433941465
1.555457e-07,-0.00433830492
1.556457e-07,-0.00433460582
1.557457e-07,-0.00433201645
1.558457e-07,-0.00433460582
1.559457e-07,-0.00434422348
1.560457e-07,-0.00435975971
1.561457e-07,-0.00437714548
1.562457e-07,-0.0043926817
1.563457e-07,-0.00440340909
1.564457e-07,-0.00441043738
1.565457e-07,-0.00441709576
1.566457e-07,-0.00442782315
1.567457e-07,-0.00444483902
1.568457e-07,-0.00446740353
1.569457e-07,-0.00449107777
1.570457e-07,-0.004510683
1.571457e-07,-0.0045217803
1.572457e-07,-0.00452436967
1.573457e-07,-0.00452215021
1.574457e-07,-0.00452141039
1.575457e-07,-0.00452769886
1.576457e-07,-0.00454249527
1.577457e-07,-0.00456395005
1.578457e-07,-0.00458614465
1.579457e-07,-0.00460464015
1.580457e-07,-0.00461610736
1.581457e-07,-0.00462202592
1.582457e-07,-0.00462646484
1.583457e-07,-0.00463423295
1.584457e-07,-0.00464754972
1.585457e-07,-0.0046653054
1.586457e-07,-0.00468417081
1.587457e-07,-0.00469933712
1.588457e-07,-0.00470858487
1.589457e-07,-0.00471265388
1.590457e-07,-0.00471413352
1.591457e-07,-0.0047170928
1.592457e-07,-0.00472301136
1.593457e-07,-0.0047318892
1.594457e-07,-0.00474076705
1.595457e-07,-0.00474668561
1.596457e-07,-0.00474853516
1.597457e-07,-0.00474816525
1.598457e-07,-0.00474816525
1.599457e-07,-0.00475260417
1.600457e-07,-0.00476222183
1.601457e-07,-0.00477479877
1.602457e-07,-0.0047870058
1.603457e-07,-0.00479403409
1.604457e-07,-0.004794404
1.605457e-07,-0.00478885535
1.606457e-07,-0.00478145715
1.607457e-07,-0.00477627841
1.608457e-07,-0.00477553859
1.609457e-07,-0.00477849787
1.610457e-07,-0.00478219697
1.611457e-07,-0.00478219697
1.612457e-07,-0.00477738814
1.613457e-07,-0.00476888021
1.614457e-07,-0.0047611121
1.615457e-07,-0.00475852273
1.616457e-07,-0.00476333156
1.617457e-07,-0.00477405895
1.618457e-07,-0.00478589607
1.619457e-07,-0.00479403409
1.620457e-07,-0.00479403409
1.621457e-07,-0.00478515625
1.622457e-07,-0.00477146958
1.623457e-07,-0.00475852273
1.624457e-07,-0.00475038471
1.625457e-07,-0.00474964489
1.626457e-07,-0.0047537139
1.627457e-07,-0.00475852273
1.628457e-07,-0.00476037228
1.629457e-07,-0.00475778291
1.630457e-07,-0.00475186435
1.631457e-07,-0.00474668561
1.632457e-07,-0.0047463157
1.633457e-07,-0.00475223426
1.634457e-07,-0.00476370147
1.635457e-07,-0.00477627841
1.636457e-07,-0.00478478634
1.637457e-07,-0.00478589607
1.638457e-07,-0.00477849787
1.639457e-07,-0.00476444129
1.640457e-07,-0.00474853516
1.641457e-07,-0.00473484848
1.642457e-07,-0.00472597064
1.643457e-07,-0.00472301136
1.644457e-07,-0.00472412109
1.645457e-07,-0.00472671046
1.646457e-07,-0.00472892992
1.647457e-07,-0.00472892992
1.648457e-07,-0.00472708037
1.649457e-07,-0.00472375118
1.650457e-07,-0.00472042199
1.651457e-07,-0.0047170928
1.652457e-07,-0.00471376361
1.653457e-07,-0.00471043442
1.654457e-07,-0.00470562559
1.655457e-07,-0.00469933712
1.656457e-07,-0.00469156901
1.657457e-07,-0.00468343099
1.658457e-07,-0.00467566288
1.659457e-07,-0.00466974432
1.660457e-07,-0.00466604522
1.661457e-07,-0.00466493549
1.662457e-07,-0.00466456558
1.663457e-07,-0.00466382576
1.664457e-07,-0.00466012666
1.665457e-07,-0.00465235855
1.666457e-07,-0.00464126125
1.667457e-07,-0.00462831439
1.668457e-07,-0.00461721709
1.669457e-07,-0.00461055871
1.670457e-07,-0.00461055871
1.671457e-07,-0.00461647727
1.672457e-07,-0.0046249852
1.673457e-07,-0.00463275331
1.674457e-07,-0.0046360825
1.675457e-07,-0.00463423295
1.676457e-07,-0.00462905421
1.677457e-07,-0.00462387547
1.678457e-07,-0.00462276574
1.679457e-07,-0.00462831439
1.680457e-07,-0.00463978161
1.681457e-07,-0.0046542081
1.682457e-07,-0.00466715495
1.683457e-07,-0.00467566288
1.684457e-07,-0.00467825225
1.685457e-07,-0.00467677261
1.686457e-07,-0.00467455315
1.687457e-07,-0.00467566288
1.688457e-07,-0.00468158144
1.689457e-07,-0.00469193892
1.690457e-07,-0.00470488577
1.691457e-07,-0.0047170928
1.692457e-07,-0.00472745028
1.693457e-07,-0.0047355883
1.694457e-07,-0.00474335642
1.695457e-07,-0.00475260417
1.696457e-07,-0.00476407138
1.697457e-07,-0.00477738814
1.698457e-07,-0.00479033499
1.699457e-07,-0.00479995265
1.700457e-07,-0.0048055013
1.701457e-07,-0.00480772076
1.702457e-07,-0.00480883049
1.703457e-07,-0.00481178977
1.704457e-07,-0.00481881806
1.705457e-07,-0.00482954545
1.706457e-07,-0.0048421224
1.707457e-07,-0.0048532197
1.708457e-07,-0.00485987808
1.709457e-07,-0.00486098781
1.710457e-07,-0.00485802853
1.711457e-07,-0.0048532197
1.712457e-07,-0.00485026042
1.713457e-07,-0.00485100024
1.714457e-07,-0.00485654889
1.715457e-07,-0.00486505682
1.716457e-07,-0.00487467448
1.717457e-07,-0.00488244259
1.718457e-07,-0.00488725142
1.719457e-07,-0.00488873106
1.720457e-07,-0.00488762133
1.721457e-07,-0.00488540187
1.722457e-07,-0.00488318241
1.723457e-07,-0.0048828125
1.724457e-07,-0.00488429214
1.725457e-07,-0.00488725142
1.726457e-07,-0.00489132043
1.727457e-07,-0.00489464962
1.728457e-07,-0.00489612926
1.729457e-07,-0.00489464962
1.730457e-07,-0.0048902107
1.731457e-07,-0.0048828125
1.732457e-07,-0.00487467448
1.733457e-07,-0.00486838601
1.734457e-07,-0.00486505682
1.735457e-07,-0.00486505682
1.736457e-07,-0.00486764619
1.737457e-07,-0.00487097538
1.738457e-07,-0.00487245502
1.739457e-07,-0.00487097538
1.740457e-07,-0.00486690637
1.741457e-07,-0.00486209754
1.742457e-07,-0.00485876835
1.743457e-07,-0.00485913826
1.744457e-07,-0.00486320727
1.745457e-07,-0.00486912583
1.746457e-07,-0.00487467448
1.747457e-07,-0.00487689394
1.748457e-07,-0.00487430457
1.749457e-07,-0.00486727628
1.750457e-07,-0.00485728871
1.751457e-07,-0.00484730114
1.752457e-07,-0.00483879321
1.753457e-07,-0.00483250473
1.754457e-07,-0.0048276959
1.755457e-07,-0.00482362689
1.756457e-07,-0.00481918797
1.757457e-07,-0.00481511896
1.758457e-07,-0.00481215968
1.759457e-07,-0.00481178977
1.760457e-07,-0.00481474905
1.761457e-07,-0.00482066761
1.762457e-07,-0.00482843572
1.763457e-07,-0.00483546402
1.764457e-07,-0.00484027285
1.765457e-07,-0.00484175249
1.766457e-07,-0.00483990294
1.767457e-07,-0.00483546402
1.768457e-07,-0.00482991536
1.769457e-07,-0.00482436671
1.770457e-07,-0.0048202977
1.771457e-07,-0.00481770833
1.772457e-07,-0.00481770833
1.773457e-07,-0.00482103752
1.774457e-07,-0.00482695608
1.775457e-07,-0.00483546402
1.776457e-07,-0.00484434186
1.777457e-07,-0.00485174006
1.778457e-07,-0.00485506925
1.779457e-07,-0.0048532197
1.780457e-07,-0.00484656132
1.781457e-07,-0.00483657375
1.782457e-07,-0.00482584635
1.783457e-07,-0.00481770833
1.784457e-07,-0.00481326941
1.785457e-07,-0.00481252959
1.786457e-07,-0.00481474905
1.787457e-07,-0.00481770833
1.788457e-07,-0.0048202977
1.789457e-07,-0.00482177734
1.790457e-07,-0.00482251716
1.791457e-07,-0.00482362689
1.792457e-07,-0.00482510653
1.793457e-07,-0.00482732599
1.794457e-07,-0.00482917554
1.795457e-07,-0.00482954545
1.796457e-07,-0.00482843572
1.797457e-07,-0.00482621626
1.798457e-07,-0.0048239968
1.799457e-07,-0.00482362689
1.800457e-07,-0.00482547644
1.801457e-07,-0.00482991536
1.802457e-07,-0.00483583393
1.803457e-07,-0.00484138258
1.804457e-07,-0.0048458215
1.805457e-07,-0.00484878078
1.806457e-07,-0.00485063033
1.807457e-07,-0.0048532197
1.808457e-07,-0.00485728871
1.809457e-07,-0.00486320727
1.810457e-07,-0.00487023556
1.811457e-07,-0.00487689394
1.812457e-07,-0.00488170277
1.813457e-07,-0.00488318241
1.814457e-07,-0.00488133286
1.815457e-07,-0.00487689394
1.816457e-07,-0.0048717152
1.817457e-07,-0.00486727628
1.818457e-07,-0.00486468691
1.819457e-07,-0.00486505682
1.820457e-07,-0.0048680161
1.821457e-07,-0.00487319484
1.822457e-07,-0.00488059304
1.823457e-07,-0.00488873106
1.824457e-07,-0.00489686908
1.825457e-07,-0.00490426728
1.826457e-07,-0.00490981593
1.827457e-07,-0.0049124053
1.828457e-07,-0.0049124053
1.829457e-07,-0.00491055575
1.830457e-07,-0.00490796638
1.831457e-07,-0.00490648674
1.832457e-07,-0.00490759647
1.833457e-07,-0.00491129557
1.834457e-07,-0.00491721413
1.835457e-07,-0.00492424242
1.836457e-07,-0.0049309008
1.837457e-07,-0.00493681937
1.838457e-07,-0.00494199811
1.839457e-07,-0.00494791667
1.840457e-07,-0.00495568478
1.841457e-07,-0.00496567235
1.842457e-07,-0.00497750947
1.843457e-07,-0.00498934659
1.844457e-07,-0.00499859434
1.845457e-07,-0.00500266335
1.846457e-07,-0.00500118371
1.847457e-07,-0.00499526515
1.848457e-07,-0.00498712713
1.849457e-07,-0.00498009884
1.850457e-07,-0.00497676965
1.851457e-07,-0.00497750947
1.852457e-07,-0.00498157848
1.853457e-07,-0.00498638731
1.854457e-07,-0.0049897165
1.855457e-07,-0.00498934659
1.856457e-07,-0.00498564749
1.857457e-07,-0.00498009884
1.858457e-07,-0.0049749201
1.859457e-07,-0.00497159091
1.860457e-07,-0.00497048118
1.861457e-07,-0.00497048118
1.862457e-07,-0.00496937145
1.863457e-07,-0.00496567235
1.864457e-07,-0.00495827415
1.865457e-07,-0.00494828658
1.866457e-07,-0.00493829901
1.867457e-07,-0.00493016098
1.868457e-07,-0.00492609197
1.869457e-07,-0.00492572206
1.870457e-07,-0.00492794152
1.871457e-07,-0.00493016098
1.872457e-07,-0.00493016098
1.873457e-07,-0.00492683179
1.874457e-07,-0.00492017341
1.875457e-07,-0.0049124053
1.876457e-07,-0.0049050071
1.877457e-07,-0.00489945845
1.878457e-07,-0.00489612926
1.879457e-07,-0.00489464962
1.880457e-07,-0.00489353989
1.881457e-07,-0.00489206025
1.882457e-07,-0.0048902107
1.883457e-07,-0.00488873106
1.884457e-07,-0.00488947088
1.885457e-07,-0.00489353989
1.886457e-07,-0.004901308
1.887457e-07,-0.0049124053
1.888457e-07,-0.00492498224
1.889457e-07,-0.00493755919
1.890457e-07,-0.00494717685
1.891457e-07,-0.00495383523
1.892457e-07,-0.00495716442
1.893457e-07,-0.00495901397
1.894457e-07,-0.00496123343
1.895457e-07,-0.00496567235
1.896457e-07,-0.00497381037
1.897457e-07,-0.0049860174
1.898457e-07,-0.00500155362
1.899457e-07,-0.00501893939
1.900457e-07,-0.00503558535
1.901457e-07,-0.00505001184
1.902457e-07,-0.00506036932
1.903457e-07,-0.00506628788
1.904457e-07,-0.00506887725
1.905457e-07,-0.00506961707
1.906457e-07,-0.00507035689
1.907457e-07,-0.00507220644
1.908457e-07,-0.00507627545
1.909457e-07,-0.00508219401
1.910457e-07,-0.0050892223
1.911457e-07,-0.00509588068
1.912457e-07,-0.00510179924
1.913457e-07,-0.00510623816
1.914457e-07,-0.00510993726
1.915457e-07,-0.00511363636
1.916457e-07,-0.00511770537
1.917457e-07,-0.00512177438
1.918457e-07,-0.00512473366
1.919457e-07,-0.00512547348
1.920457e-07,-0.00512214429
1.921457e-07,-0.00511548591
1.922457e-07,-0.00510549834
1.923457e-07,-0.00509588068
1.924457e-07,-0.00508885239
1.925457e-07,-0.00508626302
1.926457e-07,-0.0050892223
1.927457e-07,-0.00509588068
1.928457e-07,-0.00510364879
1.929457e-07,-0.00510919744
1.930457e-07,-0.00511067708
1.931457e-07,-0.0051077178
1.932457e-07,-0.00510216915
1.933457e-07,-0.00509588068
1.934457e-07,-0.00509181167
1.935457e-07,-0.00508996212
1.936457e-07,-0.00508996212
1.937457e-07,-0.00508996212
1.938457e-07,-0.00508811257
1.939457e-07,-0.00508404356
1.940457e-07,-0.00507849491
1.941457e-07,-0.00507331617
1.942457e-07,-0.0050707268
1.943457e-07,-0.00507220644
1.944457e-07,-0.00507627545
1.945457e-07,-0.00508034446
1.946457e-07,-0.0050818241
1.947457e-07,-0.005078125
1.948457e-07,-0.00506961707
1.949457e-07,-0.00505777995
1.950457e-07,-0.00504594283
1.951457e-07,-0.00503669508
1.952457e-07,-0.00503188625
1.953457e-07,-0.00503040661
1.954457e-07,-0.00503077652
1.955457e-07,-0.00503077652
1.956457e-07,-0.00502892696
1.957457e-07,-0.00502522786
1.958457e-07,-0.00502152876
1.959457e-07,-0.00501893939
1.960457e-07,-0.00501856948
1.961457e-07,-0.00502041903
1.962457e-07,-0.0050230084
1.963457e-07,-0.00502485795
1.964457e-07,-0.00502559777
1.965457e-07,-0.00502485795
1.966457e-07,-0.00502411813
1.967457e-07,-0.00502485795
1.968457e-07,-0.00502744732
1.969457e-07,-0.00503188625
1.970457e-07,-0.00503706499
1.971457e-07,-0.00504261364
1.972457e-07,-0.00504779238
1.973457e-07,-0.00505297112
1.974457e-07,-0.00505888968
1.975457e-07,-0.00506628788
1.976457e-07,-0.00507479581
1.977457e-07,-0.00508367365
1.978457e-07,-0.00509107185
1.979457e-07,-0.00509588068
1.980457e-07,-0.00509810014
1.981457e-07,-0.00509847005
1.982457e-07,-0.00509920987
1.983457e-07,-0.00510179924
1.984457e-07,-0.00510623816
1.985457e-07,-0.00511178681
1.986457e-07,-0.00511659564
1.987457e-07,-0.00511955492
1.988457e-07,-0.00512029474
1.989457e-07,-0.00512029474
1.990457e-07,-0.00512177438
1.991457e-07,-0.00512547348
1.992457e-07,-0.00513213187
1.993457e-07,-0.00514026989
1.994457e-07,-0.00514692827
1.995457e-07,-0.00514914773
1.996457e-07,-0.00514544863
1.997457e-07,-0.0051369407
1.998457e-07,-0.00512510357
1.999457e-07,-0.00511363636
2.000457e-07,-0.00510475852
2.001457e-07,-0.00509957978
2.002457e-07,-0.00509699041
2.003457e-07,-0.00509588068
2.004457e-07,-0.00509440104
2.005457e-07,-0.00509255149
2.006457e-07,-0.00509070194
2.007457e-07,-0.00508996212
2.008457e-07,-0.00509144176
2.009457e-07,-0.00509477095
2.010457e-07,-0.00509883996
2.011457e-07,-0.00510179924
2.012457e-07,-0.00510216915
2.013457e-07,-0.00509957978
2.014457e-07,-0.00509477095
2.015457e-07,-0.00508996212
2.016457e-07,-0.00508663293
2.017457e-07,-0.0050855232
2.018457e-07,-0.00508663293
2.019457e-07,-0.00508996212
2.020457e-07,-0.00509403113
2.021457e-07,-0.00509847005
2.022457e-07,-0.00510290897
2.023457e-07,-0.0051077178
2.024457e-07,-0.00511252663
2.025457e-07,-0.00511733546
2.026457e-07,-0.00512177438
2.027457e-07,-0.00512547348
2.028457e-07,-0.00512843277
2.029457e-07,-0.00513176196
2.030457e-07,-0.00513657079
2.031457e-07,-0.00514322917
2.032457e-07,-0.00515210701
2.033457e-07,-0.00516209458
2.034457e-07,-0.00517134233
2.035457e-07,-0.00517874053
2.036457e-07,-0.00518280954
2.037457e-07,-0.00518428918
2.038457e-07,-0.00518428918
2.039457e-07,-0.00518465909
2.040457e-07,-0.00518650864
2.041457e-07,-0.00519057765
2.042457e-07,-0.0051961263
2.043457e-07,-0.00520241477
2.044457e-07,-0.00520833333
2.045457e-07,-0.00521314216
2.046457e-07,-0.00521721117
2.047457e-07,-0.00522017045
2.048457e-07,-0.00522238991
2.049457e-07,-0.00522423946
2.050457e-07,-0.0052253492
2.051457e-07,-0.00522608902
2.052457e-07,-0.00522682884
2.053457e-07,-0.0052290483
2.054457e-07,-0.00523237749
2.055457e-07,-0.00523792614
2.056457e-07,-0.00524495443
2.057457e-07,-0.00525198272
2.058457e-07,-0.00525790128
2.059457e-07,-0.00526160038
2.060457e-07,-0.00526308002
2.061457e-07,-0.00526308002
2.062457e-07,-0.0052623402
2.063457e-07,-0.00526160038
2.064457e-07,-0.00526123047
2.065457e-07,-0.00526160038
2.066457e-07,-0.00526160038
2.067457e-07,-0.00526160038
2.068457e-07,-0.00526271011
2.069457e-07,-0.00526529948
2.070457e-07,-0.00527121804
2.071457e-07,-0.00527935606
2.072457e-07,-0.00528897372
2.073457e-07,-0.00529822147
2.074457e-07,-0.00530524976
2.075457e-07,-0.00530894886
2.076457e-07,-0.00531005859
2.077457e-07,-0.0053104285
2.078457e-07,-0.00531153823
2.079457e-07,-0.00531486742
2.080457e-07,-0.00532041607
2.081457e-07,-0.00532670455
2.082457e-07,-0.00533299302
2.083457e-07,-0.00533854167
2.084457e-07,-0.00534483014
2.085457e-07,-0.00535333807
2.086457e-07,-0.00536517519
2.087457e-07,-0.00537997159
2.088457e-07,-0.00539550781
2.089457e-07,-0.00540734493
2.090457e-07,-0.00541252367
2.091457e-07,-0.00540956439
2.092457e-07,-0.00540031664
2.093457e-07,-0.00538921934
2.094457e-07,-0.00538108132
2.095457e-07,-0.00537997159
2.096457e-07,-0.00538626006
2.097457e-07,-0.00539735736
2.098457e-07,-0.00540845466
2.099457e-07,-0.00541548295
2.100457e-07,-0.00541659268
2.101457e-07,-0.00541252367
2.102457e-07,-0.00540734493
2.103457e-07,-0.00540364583
2.104457e-07,-0.00540364583
2.105457e-07,-0.00540660511
2.106457e-07,-0.00540956439
2.107457e-07,-0.00540956439
2.108457e-07,-0.00540438565
2.109457e-07,-0.00539439808
2.110457e-07,-0.00538145123
2.111457e-07,-0.00536813447
2.112457e-07,-0.00535629735
2.113457e-07,-0.00534593987
2.114457e-07,-0.00533632221
2.115457e-07,-0.00532670455
2.116457e-07,-0.00531671697
2.117457e-07,-0.00530783913
2.118457e-07,-0.00530118075
2.119457e-07,-0.00529711174
2.120457e-07,-0.00529452237
2.121457e-07,-0.00529045336
2.122457e-07,-0.00528194543
2.123457e-07,-0.00526751894
2.124457e-07,-0.00524902344
2.125457e-07,-0.00523052794
2.126457e-07,-0.00521758108
2.127457e-07,-0.00521425189
2.128457e-07,-0.00522091027
2.129457e-07,-0.00523422704
2.130457e-07,-0.0052475438
2.131457e-07,-0.00525568182
2.132457e-07,-0.00525531191
2.133457e-07,-0.00524680398
2.134457e-07,-0.00523533677
2.135457e-07,-0.00522608902
2.136457e-07,-0.00522275982
2.137457e-07,-0.00522645893
2.138457e-07,-0.00523496686
2.139457e-07,-0.0052438447
2.140457e-07,-0.00525013317
2.141457e-07,-0.00525198272
2.142457e-07,-0.0052512429
2.143457e-07,-0.00524976326
2.144457e-07,-0.00525050308
2.145457e-07,-0.00525531191
2.146457e-07,-0.00526308002
2.147457e-07,-0.0052734375
2.148457e-07,-0.00528490471
2.149457e-07,-0.00529637192
2.150457e-07,-0.00530857895
2.151457e-07,-0.00532078598
2.152457e-07,-0.00533262311
2.153457e-07,-0.00534298059
2.154457e-07,-0.0053507487
2.155457e-07,-0.00535629735
2.156457e-07,-0.00536073627
2.157457e-07,-0.00536776456
2.158457e-07,-0.00537960168
2.159457e-07,-0.00539772727
2.160457e-07,-0.0054206617
2.161457e-07,-0.00544507576
2.162457e-07,-0.00546579072
2.163457e-07,-0.00548058712
2.164457e-07,-0.00548872514
2.165457e-07,-0.00549279415
2.166457e-07,-0.00549723307
2.167457e-07,-0.00550426136
2.168457e-07,-0.00551461884
2.169457e-07,-0.00552571615
2.170457e-07,-0.00553311435
2.171457e-07,-0.00553385417
2.172457e-07,-0.0055275657
2.173457e-07,-0.00551794804
2.174457e-07,-0.00551017992
2.175457e-07,-0.00551017992
2.176457e-07,-0.00551942768
2.177457e-07,-0.00553533381
2.178457e-07,-0.00555197976
2.179457e-07,-0.00556344697
2.180457e-07,-0.00556529652
2.181457e-07,-0.00555789832
2.182457e-07,-0.00554532138
2.183457e-07,-0.00553385417
2.184457e-07,-0.00552830552
2.185457e-07,-0.00553015507
2.186457e-07,-0.00553755327
2.187457e-07,-0.00554569129
2.188457e-07,-0.00555013021
2.189457e-07,-0.00554828066
2.190457e-07,-0.00554199219
2.191457e-07,-0.00553385417
2.192457e-07,-0.00552830552
2.193457e-07,-0.00552682588
2.194457e-07,-0.00552978516
2.195457e-07,-0.00553385417
2.196457e-07,-0.00553644354
2.197457e-07,-0.0055349639
2.198457e-07,-0.00552941525
2.199457e-07,-0.00552201705
2.200457e-07,-0.00551535866
2.201457e-07,-0.00551202947
2.202457e-07,-0.00551239938
2.203457e-07,-0.00551609848
2.204457e-07,-0.00552053741
2.205457e-07,-0.00552312678
2.206457e-07,-0.00552201705
2.207457e-07,-0.00551609848
2.208457e-07,-0.005505741
2.209457e-07,-0.00549131451
2.210457e-07,-0.00547429865
2.211457e-07,-0.00545691288
2.212457e-07,-0.00544137666
2.213457e-07,-0.00542953954
2.214457e-07,-0.00542288116
2.215457e-07,-0.00542140152
2.216457e-07,-0.00542362098
2.217457e-07,-0.00542621035
2.218457e-07,-0.00542658026
2.219457e-07,-0.00542140152
2.220457e-07,-0.00541104403
2.221457e-07,-0.00539735736
2.222457e-07,-0.0053840406
2.223457e-07,-0.00537405303
2.224457e-07,-0.00536961411
2.225457e-07,-0.00537035393
2.226457e-07,-0.00537331321
2.227457e-07,-0.00537405303
2.228457e-07,-0.00536998402
2.229457e-07,-0.00536036636
2.230457e-07,-0.0053470496
2.231457e-07,-0.00533262311
2.232457e-07,-0.00532115589
2.233457e-07,-0.00531486742
2.234457e-07,-0.00531375769
2.235457e-07,-0.00531486742
2.236457e-07,-0.00531560724
2.237457e-07,-0.0053141276
2.238457e-07,-0.00530931877
2.239457e-07,-0.0053030303
2.240457e-07,-0.00529822147
2.241457e-07,-0.00529711174
2.242457e-07,-0.00530081084
2.243457e-07,-0.00530894886
2.244457e-07,-0.00531819661
2.245457e-07,-0.00532596473
2.246457e-07,-0.00532892401
2.247457e-07,-0.00532670455
2.248457e-07,-0.00532041607
2.249457e-07,-0.00531264796
2.250457e-07,-0.00530598958
2.251457e-07,-0.0053030303
2.252457e-07,-0.00530414003
2.253457e-07,-0.00530820904
2.254457e-07,-0.00531449751
2.255457e-07,-0.00532078598
2.256457e-07,-0.00532633464
2.257457e-07,-0.00533077356
2.258457e-07,-0.00533484257
2.259457e-07,-0.00533854167
2.260457e-07,-0.00534261068
2.261457e-07,-0.00534630978
2.262457e-07,-0.00534889915
2.263457e-07,-0.00535037879
2.264457e-07,-0.0053507487
2.265457e-07,-0.0053507487
2.266457e-07,-0.00535222834
2.267457e-07,-0.00535629735
2.268457e-07,-0.00536369555
2.269457e-07,-0.00537442294
2.270457e-07,-0.00538626006
2.271457e-07,-0.00539772727
2.272457e-07,-0.00540697502
2.273457e-07,-0.00541326349
2.274457e-07,-0.00541770241
2.275457e-07,-0.00542140152
2.276457e-07,-0.00542658026
2.277457e-07,-0.00543434837
2.278457e-07,-0.00544470585
2.279457e-07,-0.00545691288
2.280457e-07,-0.00546875
2.281457e-07,-0.00547799775
2.282457e-07,-0.00548391631
2.283457e-07,-0.00548650568
2.284457e-07,-0.0054872455
2.285457e-07,-0.00548761541
2.286457e-07,-0.00548909505
2.287457e-07,-0.00549242424
2.288457e-07,-0.00549723307
2.289457e-07,-0.00550278172
2.290457e-07,-0.00550722064
2.291457e-07,-0.00551017992
2.292457e-07,-0.00551165956
2.293457e-07,-0.00551165956
2.294457e-07,-0.00551091974
2.295457e-07,-0.00551017992
2.296457e-07,-0.00550870028
2.297457e-07,-0.00550648082
2.298457e-07,-0.00550315163
2.299457e-07,-0.0054983428
2.300457e-07,-0.00549316406
2.301457e-07,-0.00548872514
2.302457e-07,-0.00548650568
2.303457e-07,-0.00548650568
2.304457e-07,-0.00548835523
2.305457e-07,-0.00549020478
2.306457e-07,-0.00549020478
2.307457e-07,-0.00548650568
2.308457e-07,-0.00547873757
2.309457e-07,-0.00546690045
2.310457e-07,-0.00545321378
2.311457e-07,-0.0054391572
2.312457e-07,-0.00542658026
2.313457e-07,-0.00541659268
2.314457e-07,-0.00540882457
2.315457e-07,-0.00540364583
2.316457e-07,-0.00539994673
2.317457e-07,-0.00539772727
2.318457e-07,-0.00539698745
2.319457e-07,-0.00539772727
2.320457e-07,-0.00540031664
2.321457e-07,-0.00540401574
2.322457e-07,-0.00540956439
2.323457e-07,-0.00541548295
2.324457e-07,-0.00542177143
2.325457e-07,-0.0054280599
2.326457e-07,-0.00543397846
2.327457e-07,-0.0054391572
2.328457e-07,-0.00544359612
2.329457e-07,-0.00544729522
2.330457e-07,-0.00544951468
2.331457e-07,-0.00545099432
2.332457e-07,-0.00545247396
2.333457e-07,-0.00545543324
2.334457e-07,-0.00546061198
2.335457e-07,-0.00546875
2.336457e-07,-0.0054798473
2.337457e-07,-0.00549242424
2.338457e-07,-0.00550500118
2.339457e-07,-0.00551609848
2.340457e-07,-0.00552460642
2.341457e-07,-0.00553089489
2.342457e-07,-0.00553533381
2.343457e-07,-0.00553977273
2.344457e-07,-0.00554495147
2.345457e-07,-0.00555123994
2.346457e-07,-0.00555752841
2.347457e-07,-0.00556344697
2.348457e-07,-0.00556751598
2.349457e-07,-0.00556973544
2.350457e-07,-0.00556973544
2.351457e-07,-0.00556936553
2.352457e-07,-0.00556973544
2.353457e-07,-0.00557269472
2.354457e-07,-0.00557824337
2.355457e-07,-0.00558712121
2.356457e-07,-0.0055978486
2.357457e-07,-0.0056089459
2.358457e-07,-0.00561782375
2.359457e-07,-0.00562263258
2.360457e-07,-0.00562189276
2.361457e-07,-0.0056159742
2.362457e-07,-0.0056052468
2.363457e-07,-0.00559303977
2.364457e-07,-0.00558231238
2.365457e-07,-0.005575654
2.366457e-07,-0.005575654
2.367457e-07,-0.00558120265
2.368457e-07,-0.00559082031
2.369457e-07,-0.00560080788
2.370457e-07,-0.00560820608
2.371457e-07,-0.00561079545
2.372457e-07,-0.00560820608
2.373457e-07,-0.0056015477
2.374457e-07,-0.00559377959
2.375457e-07,-0.00558712121
2.376457e-07,-0.00558231238
2.377457e-07,-0.00557972301
2.378457e-07,-0.00557787346
2.379457e-07,-0.00557528409
2.380457e-07,-0.00557121508
2.381457e-07,-0.00556603634
2.382457e-07,-0.0055608576
2.383457e-07,-0.00555752841
2.384457e-07,-0.00555641868
2.385457e-07,-0.00555789832
2.386457e-07,-0.0055608576
2.387457e-07,-0.00556344697
2.388457e-07,-0.0055645567
2.389457e-07,-0.00556381688
2.390457e-07,-0.00556122751
2.391457e-07,-0.00555752841
2.392457e-07,-0.00555382931
2.393457e-07,-0.00555087003
2.394457e-07,-0.00554791075
2.395457e-07,-0.00554569129
2.396457e-07,-0.00554384174
2.397457e-07,-0.00554273201
2.398457e-07,-0.00554347183
2.399457e-07,-0.00554569129
2.400457e-07,-0.0055497603
2.401457e-07,-0.00555382931
2.402457e-07,-0.0055571585
2.403457e-07,-0.00555752841
2.404457e-07,-0.00555419922
2.405457e-07,-0.00554828066
2.406457e-07,-0.00554051255
2.407457e-07,-0.00553385417
2.408457e-07,-0.00552978516
2.409457e-07,-0.00552978516
2.410457e-07,-0.00553385417
2.411457e-07,-0.00553977273
2.412457e-07,-0.00554643111
2.413457e-07,-0.00555197976
2.414457e-07,-0.00555567886
2.415457e-07,-0.00555752841
2.416457e-07,-0.00555789832
2.417457e-07,-0.00555826823
2.418457e-07,-0.00555974787
2.419457e-07,-0.00556344697
2.420457e-07,-0.00556936553
2.421457e-07,-0.00557713364
2.422457e-07,-0.00558527166
2.423457e-07,-0.00559303977
2.424457e-07,-0.00559858842
2.425457e-07,-0.00560191761
2.426457e-07,-0.00560339725
2.427457e-07,-0.00560487689
2.428457e-07,-0.00560820608
2.429457e-07,-0.00561523438
2.430457e-07,-0.00562633168
2.431457e-07,-0.00564038826
2.432457e-07,-0.00565481475
2.433457e-07,-0.00566739169
2.434457e-07,-0.00567626953
2.435457e-07,-0.00568181818
2.436457e-07,-0.00568551728
2.437457e-07,-0.0056899562
2.438457e-07,-0.00569661458
2.439457e-07,-0.00570549242
2.440457e-07,-0.00571437027
2.441457e-07,-0.00572065874
2.442457e-07,-0.00572139856
2.443457e-07,-0.00571732955
2.444457e-07,-0.00570993134
2.445457e-07,-0.00570364287
2.446457e-07,-0.00570142341
2.447457e-07,-0.00570549242
2.448457e-07,-0.00571400036
2.449457e-07,-0.00572324811
2.450457e-07,-0.00572916667
2.451457e-07,-0.00572916667
2.452457e-07,-0.00572324811
2.453457e-07,-0.00571474018
2.454457e-07,-0.00570771188
2.455457e-07,-0.00570549242
2.456457e-07,-0.0057084517
2.457457e-07,-0.00571511009
2.458457e-07,-0.00572102865
2.459457e-07,-0.00572324811
2.460457e-07,-0.00572102865
2.461457e-07,-0.00571621982
2.462457e-07,-0.00571178089
2.463457e-07,-0.00571141098
2.464457e-07,-0.00571658973
2.465457e-07,-0.00572620739
2.466457e-07,-0.00573730469
2.467457e-07,-0.00574692235
2.468457e-07,-0.00575358073
2.469457e-07,-0.00575801965
2.470457e-07,-0.00576097893
2.471457e-07,-0.00576467803
2.472457e-07,-0.00576874704
2.473457e-07,-0.00577244614
2.474457e-07,-0.00577355587
2.475457e-07,-0.00577059659
2.476457e-07,-0.00576467803
2.477457e-07,-0.00575875947
2.478457e-07,-0.0057561701
2.479457e-07,-0.00575875947
2.480457e-07,-0.00576652758
2.481457e-07,-0.00577651515
2.482457e-07,-0.00578502308
2.483457e-07,-0.00578835227
2.484457e-07,-0.00578613281
2.485457e-07,-0.00577984434
2.486457e-07,-0.00577355587
2.487457e-07,-0.00577059659
2.488457e-07,-0.00577133641
2.489457e-07,-0.0057746656
2.490457e-07,-0.00577725497
2.491457e-07,-0.00577651515
2.492457e-07,-0.00577281605
2.493457e-07,-0.00576800722
2.494457e-07,-0.00576652758
2.495457e-07,-0.00577059659
2.496457e-07,-0.00578058416
2.497457e-07,-0.00579353101
2.498457e-07,-0.00580499822
2.499457e-07,-0.00581202652
2.500457e-07,-0.00581350616
2.501457e-07,-0.00581239643
2.502457e-07,-0.00581276634
2.503457e-07,-0.00581794508
2.504457e-07,-0.00582867247
2.505457e-07,-0.00584198923
2.506457e-07,-0.00585382635
2.507457e-07,-0.005859375
2.508457e-07,-0.00585826527
2.509457e-07,-0.00585345644
2.510457e-07,-0.00585012725
2.511457e-07,-0.00585345644
2.512457e-07,-0.00586603338
2.513457e-07,-0.00588637843
2.514457e-07,-0.00590968277
2.515457e-07,-0.00593039773
2.516457e-07,-0.00594482422
2.517457e-07,-0.00595296224
2.518457e-07,-0.00595703125
2.519457e-07,-0.00595999053
2.520457e-07,-0.00596331972
2.521457e-07,-0.005966279
2.522457e-07,-0.00596590909
2.523457e-07,-0.00595999053
2.524457e-07,-0.00594889323
2.525457e-07,-0.00593594638
2.526457e-07,-0.00592632872
2.527457e-07,-0.00592447917
2.528457e-07,-0.00593261719
2.529457e-07,-0.0059477835
2.530457e-07,-0.00596516927
2.531457e-07,-0.00597774621
2.532457e-07,-0.00598218513
2.533457e-07,-0.00597811612
2.534457e-07,-0.00596923828
2.535457e-07,-0.00595999053
2.536457e-07,-0.00595370206
2.537457e-07,-0.0059514826
2.538457e-07,-0.00595074278
2.539457e-07,-0.00594815341
2.540457e-07,-0.00594186494
2.541457e-07,-0.00593187737
2.542457e-07,-0.00592078007
2.543457e-07,-0.00591264205
2.544457e-07,-0.00590931286
2.545457e-07,-0.0059107925
2.546457e-07,-0.00591486151
2.547457e-07,-0.00591856061
2.548457e-07,-0.00591967034
2.549457e-07,-0.00591782079
2.550457e-07,-0.00591486151
2.551457e-07,-0.00591264205
2.552457e-07,-0.00591227214
2.553457e-07,-0.00591227214
2.554457e-07,-0.00591116241
2.555457e-07,-0.00590672348
2.556457e-07,-0.00589858546
2.557457e-07,-0.00588859789
2.558457e-07,-0.00588045987
2.559457e-07,-0.00587713068
2.560457e-07,-0.00588008996
2.561457e-07,-0.00588822798
2.562457e-07,-0.00589821555
2.563457e-07,-0.00590672348
2.564457e-07,-0.00591190223
2.565457e-07,-0.00591338187
2.566457e-07,-0.00591301196
2.567457e-07,-0.00591264205
2.568457e-07,-0.00591227214
2.569457e-07,-0.00591005268
2.570457e-07,-0.00590487393
2.571457e-07,-0.00589488636
2.572457e-07,-0.00588193951
2.573457e-07,-0.00586973248
2.574457e-07,-0.0058630741
2.575457e-07,-0.00586529356
2.576457e-07,-0.00587639086
2.577457e-07,-0.0058926669
2.578457e-07,-0.00590857304
2.579457e-07,-0.00591856061
2.580457e-07,-0.00592004025
2.581457e-07,-0.0059144916
2.582457e-07,-0.00590672348
2.583457e-07,-0.00590080492
2.584457e-07,-0.00589969519
2.585457e-07,-0.00590302438
2.586457e-07,-0.00590672348
2.587457e-07,-0.00590672348
2.588457e-07,-0.00590080492
2.589457e-07,-0.00589007753
2.590457e-07,-0.00587861032
2.591457e-07,-0.00587121212
2.592457e-07,-0.00587084221
2.593457e-07,-0.00587824041
2.594457e-07,-0.00588970762
2.595457e-07,-0.00590080492
2.596457e-07,-0.00590820313
2.597457e-07,-0.00591005268
2.598457e-07,-0.00590857304
2.599457e-07,-0.00590672348
2.600457e-07,-0.00590709339
2.601457e-07,-0.00591005268
2.602457e-07,-0.00591486151
2.603457e-07,-0.00591856061
2.604457e-07,-0.00591893052
2.605457e-07,-0.00591597124
2.606457e-07,-0.00591116241
2.607457e-07,-0.00590672348
2.608457e-07,-0.00590561375
2.609457e-07,-0.00590894295
2.610457e-07,-0.00591560133
2.611457e-07,-0.00592447917
2.612457e-07,-0.00593335701
2.613457e-07,-0.00594149503
2.614457e-07,-0.00594852332
2.615457e-07,-0.00595407197
2.616457e-07,-0.00595814098
2.617457e-07,-0.00595999053
2.618457e-07,-0.00595851089
2.619457e-07,-0.00595407197
2.620457e-07,-0.0059477835
2.621457e-07,-0.00594186494
2.622457e-07,-0.00593964548
2.623457e-07,-0.00594223485
2.624457e-07,-0.00594926314
2.625457e-07,-0.00595777107
2.626457e-07,-0.00596405954
2.627457e-07,-0.00596590909
2.628457e-07,-0.0059625799
2.629457e-07,-0.00595592152
2.630457e-07,-0.00595000296
2.631457e-07,-0.00594815341
2.632457e-07,-0.00595111269
2.633457e-07,-0.00595740116
2.634457e-07,-0.00596368963
2.635457e-07,-0.00596590909
2.636457e-07,-0.0059625799
2.637457e-07,-0.00595444188
2.638457e-07,-0.00594445431
2.639457e-07,-0.00593631629
2.640457e-07,-0.00593187737
2.641457e-07,-0.00593113755
2.642457e-07,-0.00593187737
2.643457e-07,-0.00593039773
2.644457e-07,-0.00592521899
2.645457e-07,-0.00591597124
2.646457e-07,-0.00590524384
2.647457e-07,-0.00589488636
2.648457e-07,-0.00588711825
2.649457e-07,-0.00588193951
2.650457e-07,-0.00587750059
2.651457e-07,-0.00587121212
2.652457e-07,-0.00586159446
2.653457e-07,-0.00584864761
2.654457e-07,-0.00583496094
2.655457e-07,-0.00582386364
2.656457e-07,-0.00581757517
2.657457e-07,-0.00581646544
2.658457e-07,-0.00581942472
2.659457e-07,-0.00582386364
2.660457e-07,-0.00582682292
2.661457e-07,-0.00582645301
2.662457e-07,-0.00582312382
2.663457e-07,-0.00581794508
2.664457e-07,-0.00581239643
2.665457e-07,-0.00580721768
2.666457e-07,-0.00580314867
2.667457e-07,-0.00580018939
2.668457e-07,-0.00579870975
2.669457e-07,-0.00579870975
2.670457e-07,-0.00580129912
2.671457e-07,-0.00580610795
2.672457e-07,-0.00581239643
2.673457e-07,-0.00581794508
2.674457e-07,-0.00582053445
2.675457e-07,-0.00581794508
2.676457e-07,-0.00581054688
2.677457e-07,-0.00580018939
2.678457e-07,-0.00578983191
2.679457e-07,-0.00578243371
2.680457e-07,-0.00577984434
2.681457e-07,-0.00578169389
2.682457e-07,-0.0057857629
2.683457e-07,-0.00578835227
2.684457e-07,-0.00578798236
2.685457e-07,-0.00578354344
2.686457e-07,-0.00577688506
2.687457e-07,-0.00577059659
2.688457e-07,-0.00576652758
2.689457e-07,-0.00576578776
2.690457e-07,-0.00576763731
2.691457e-07,-0.00577059659
2.692457e-07,-0.00577244614
2.693457e-07,-0.00577170632
2.694457e-07,-0.00576911695
2.695457e-07,-0.00576467803
2.696457e-07,-0.00576023911
2.697457e-07,-0.0057561701
2.698457e-07,-0.00575395064
2.699457e-07,-0.00575284091
2.700457e-07,-0.00575358073
2.701457e-07,-0.00575654001
2.702457e-07,-0.00576208866
2.703457e-07,-0.00577059659
2.704457e-07,-0.00578132398
2.705457e-07,-0.0057931611
2.706457e-07,-0.00580388849
2.707457e-07,-0.00581202652
2.708457e-07,-0.00581683535
2.709457e-07,-0.0058186849
2.710457e-07,-0.0058186849
2.711457e-07,-0.00581794508
2.712457e-07,-0.00581794508
2.713457e-07,-0.00581831499
2.714457e-07,-0.0058186849
2.715457e-07,-0.00581794508
2.716457e-07,-0.00581609553
2.717457e-07,-0.00581350616
2.718457e-07,-0.00581165661
2.719457e-07,-0.00581202652
2.720457e-07,-0.0058149858
2.721457e-07,-0.00581979463
2.722457e-07,-0.00582534328
2.723457e-07,-0.0058297822
2.724457e-07,-0.00583126184
2.725457e-07,-0.00582941229
2.726457e-07,-0.00582460346
2.727457e-07,-0.00581794508
2.728457e-07,-0.00581017696
2.729457e-07,-0.00580277876
2.730457e-07,-0.00579538056
2.731457e-07,-0.00578835227
2.732457e-07,-0.00578169389
2.733457e-07,-0.00577577533
2.734457e-07,-0.00576985677
2.735457e-07,-0.00576467803
2.736457e-07,-0.0057598692
2.737457e-07,-0.00575506037
2.738457e-07,-0.00575099136
2.739457e-07,-0.00574692235
2.740457e-07,-0.00574396307
2.741457e-07,-0.00574248343
2.742457e-07,-0.00574174361
2.743457e-07,-0.00574100379
2.744457e-07,-0.00573841442
2.745457e-07,-0.00573286577
2.746457e-07,-0.00572324811
2.747457e-07,-0.00571141098
2.748457e-07,-0.00569957386
2.749457e-07,-0.00569069602
2.750457e-07,-0.00568662701
2.751457e-07,-0.00568773674
2.752457e-07,-0.00569180575
2.753457e-07,-0.00569550485
2.754457e-07,-0.00569624467
2.755457e-07,-0.0056936553
2.756457e-07,-0.00568921638
2.757457e-07,-0.0056862571
2.758457e-07,-0.00568736683
2.759457e-07,-0.0056936553
2.760457e-07,-0.00570364287
2.761457e-07,-0.00571363045
2.762457e-07,-0.00572065874
2.763457e-07,-0.00572324811
2.764457e-07,-0.0057228782
2.765457e-07,-0.00572324811
2.766457e-07,-0.00572842685
2.767457e-07,-0.00574100379
2.768457e-07,-0.0057598692
2.769457e-07,-0.00578058416
2.770457e-07,-0.00579944957
2.771457e-07,-0.00581202652
2.772457e-07,-0.0058186849
2.773457e-07,-0.005822384
2.774457e-07,-0.00582719283
2.775457e-07,-0.00583570076
2.776457e-07,-0.0058482777
2.777457e-07,-0.00586196437
2.778457e-07,-0.00587232185
2.779457e-07,-0.00587713068
2.780457e-07,-0.00587713068
2.781457e-07,-0.00587639086
2.782457e-07,-0.00588082978
2.783457e-07,-0.00589488636
2.784457e-07,-0.00591856061
2.785457e-07,-0.0059477835
2.786457e-07,-0.00597589666
2.787457e-07,-0.00599550189
2.788457e-07,-0.00600327
2.789457e-07,-0.00600068063
2.790457e-07,-0.0059921727
2.791457e-07,-0.00598366477
2.792457e-07,-0.00597922585
2.793457e-07,-0.00597959576
2.794457e-07,-0.00598218513
2.795457e-07,-0.00598366477
2.796457e-07,-0.00598255504
2.797457e-07,-0.00597959576
2.798457e-07,-0.00597885594
2.799457e-07,-0.00598366477
2.800457e-07,-0.00599661162
2.801457e-07,-0.00601584695
2.802457e-07,-0.00603693182
2.803457e-07,-0.0060546875
2.804457e-07,-0.00606467507
2.805457e-07,-0.00606615471
2.806457e-07,-0.00606171579
2.807457e-07,-0.0060546875
2.808457e-07,-0.00604913885
2.809457e-07,-0.00604691939
2.810457e-07,-0.0060472893
2.811457e-07,-0.00604876894
2.812457e-07,-0.00605024858
2.813457e-07,-0.00605172822
2.814457e-07,-0.0060546875
2.815457e-07,-0.00606060606
2.816457e-07,-0.00606985381
2.817457e-07,-0.00608095111
2.818457e-07,-0.00609093868
2.819457e-07,-0.00609611742
2.820457e-07,-0.0060953776
2.821457e-07,-0.00608908913
2.822457e-07,-0.0060805812
2.823457e-07,-0.00607244318
2.824457e-07,-0.00606689453
2.825457e-07,-0.00606430516
2.826457e-07,-0.00606282552
2.827457e-07,-0.00606060606
2.828457e-07,-0.00605727687
2.829457e-07,-0.00605394768
2.830457e-07,-0.00605246804
2.831457e-07,-0.0060546875
2.832457e-07,-0.00606097597
2.833457e-07,-0.00606985381
2.834457e-07,-0.00607873165
2.835457e-07,-0.0060842803
2.836457e-07,-0.00608649976
2.837457e-07,-0.00608649976
2.838457e-07,-0.00608686967
2.839457e-07,-0.00609019886
2.840457e-07,-0.00609611742
2.841457e-07,-0.00610240589
2.842457e-07,-0.00610536518
2.843457e-07,-0.00610203598
2.844457e-07,-0.0060916785
2.845457e-07,-0.00607725201
2.846457e-07,-0.00606319543
2.847457e-07,-0.0060546875
2.848457e-07,-0.00605431759
2.849457e-07,-0.00606171579
2.850457e-07,-0.006073183
2.851457e-07,-0.0060842803
2.852457e-07,-0.0060916785
2.853457e-07,-0.00609463778
2.854457e-07,-0.0060953776
2.855457e-07,-0.00609611742
2.856457e-07,-0.0060990767
2.857457e-07,-0.00610351563
2.858457e-07,-0.00610721473
2.859457e-07,-0.00610795455
2.860457e-07,-0.00610425545
2.861457e-07,-0.00609722715
2.862457e-07,-0.00609130859
2.863457e-07,-0.00609019886
2.864457e-07,-0.00609722715
2.865457e-07,-0.00611202356
2.866457e-07,-0.00613088897
2.867457e-07,-0.00614938447
2.868457e-07,-0.00616233132
2.869457e-07,-0.00616787997
2.870457e-07,-0.00616677024
2.871457e-07,-0.00616122159
2.872457e-07,-0.00615456321
2.873457e-07,-0.00614901456
2.874457e-07,-0.00614383582
2.875457e-07,-0.00613754735
2.876457e-07,-0.0061282996
2.877457e-07,-0.00611498284
2.878457e-07,-0.00609944661
2.879457e-07,-0.0060842803
2.880457e-07,-0.00607244318
2.881457e-07,-0.0060657848
2.882457e-07,-0.00606467507
2.883457e-07,-0.00606652462
2.884457e-07,-0.00606837417
2.885457e-07,-0.00606689453
2.886457e-07,-0.00606060606
2.887457e-07,-0.00604876894
2.888457e-07,-0.00603286281
2.889457e-07,-0.00601510713
2.890457e-07,-0.00599809126
2.891457e-07,-0.00598366477
2.892457e-07,-0.0059736772
2.893457e-07,-0.00596775864
2.894457e-07,-0.00596590909
2.895457e-07,-0.00596590909
2.896457e-07,-0.00596590909
2.897457e-07,-0.00596405954
2.898457e-07,-0.00595999053
2.899457e-07,-0.00595407197
2.900457e-07,-0.00594852332
2.901457e-07,-0.00594482422
2.902457e-07,-0.00594482422
2.903457e-07,-0.00594815341
2.904457e-07,-0.00595259233
2.905457e-07,-0.0059551817
2.906457e-07,-0.00595407197
2.907457e-07,-0.00594815341
2.908457e-07,-0.00593964548
2.909457e-07,-0.00593150746
2.910457e-07,-0.00592780836
2.911457e-07,-0.00593039773
2.912457e-07,-0.00593890566
2.913457e-07,-0.00595074278
2.914457e-07,-0.0059625799
2.915457e-07,-0.00597182765
2.916457e-07,-0.00597700639
2.917457e-07,-0.00597959576
2.918457e-07,-0.00598144531
2.919457e-07,-0.00598366477
2.920457e-07,-0.00598699396
2.921457e-07,-0.00598995324
2.922457e-07,-0.00599106297
2.923457e-07,-0.00598958333
2.924457e-07,-0.00598662405
2.925457e-07,-0.00598440459
2.926457e-07,-0.0059847745
2.927457e-07,-0.00598958333
2.928457e-07,-0.00599735144
2.929457e-07,-0.00600548946
2.930457e-07,-0.00601140803
2.931457e-07,-0.00601325758
2.932457e-07,-0.00601214785
2.933457e-07,-0.00601103812
2.934457e-07,-0.00601288767
2.935457e-07,-0.00601917614
2.936457e-07,-0.0060287938
2.937457e-07,-0.00603804155
2.938457e-07,-0.00604322029
2.939457e-07,-0.00604285038
2.940457e-07,-0.00603767164
2.941457e-07,-0.0060324929
2.942457e-07,-0.00603101326
2.943457e-07,-0.00603693182
2.944457e-07,-0.00604913885
2.945457e-07,-0.00606356534
2.946457e-07,-0.00607466264
2.947457e-07,-0.00607836174
2.948457e-07,-0.00607392282
2.949457e-07,-0.00606504498
2.950457e-07,-0.00605727687
2.951457e-07,-0.0060546875
2.952457e-07,-0.00605875651
2.953457e-07,-0.0060657848
2.954457e-07,-0.00606985381
2.955457e-07,-0.00606652462
2.956457e-07,-0.00605394768
2.957457e-07,-0.00603508227
2.958457e-07,-0.00601732659
2.959457e-07,-0.00600733902
2.960457e-07,-0.00600844875
2.961457e-07,-0.00601991596
2.962457e-07,-0.00603582209
2.963457e-07,-0.00604876894
2.964457e-07,-0.00605320786
2.965457e-07,-0.00604765921
2.966457e-07,-0.00603471236
2.967457e-07,-0.00601917614
2.968457e-07,-0.00600585938
2.969457e-07,-0.00599735144
2.970457e-07,-0.00599254261
2.971457e-07,-0.00598958333
2.972457e-07,-0.00598551432
2.973457e-07,-0.00597922585
2.974457e-07,-0.00597219756
2.975457e-07,-0.00596590909
2.976457e-07,-0.00596184008
2.977457e-07,-0.00596073035
2.978457e-07,-0.00596036044
2.979457e-07,-0.00595999053
2.980457e-07,-0.00595814098
2.981457e-07,-0.00595592152
2.982457e-07,-0.00595407197
2.983457e-07,-0.00595407197
2.984457e-07,-0.0059551817
2.985457e-07,-0.0059551817
2.986457e-07,-0.0059514826
2.987457e-07,-0.00594223485
2.988457e-07,-0.00592817827
2.989457e-07,-0.00591264205
2.990457e-07,-0.0059000651
2.991457e-07,-0.00589488636
2.992457e-07,-0.00589821555
2.993457e-07,-0.00590709339
2.994457e-07,-0.00591782079
2.995457e-07,-0.00592447917
2.996457e-07,-0.00592447917
2.997457e-07,-0.00591856061
2.998457e-07,-0.00590931286
2.999457e-07,-0.00590080492
3.000457e-07,-0.00589599609
3.001457e-07,-0.00589488636
3.002457e-07,-0.00589525627
3.003457e-07,-0.00589488636
3.004457e-07,-0.00589192708
3.005457e-07,-0.00588711825
3.006457e-07,-0.00588341915
3.007457e-07,-0.00588304924
3.008457e-07,-0.00588748816
3.009457e-07,-0.00589525627
3.010457e-07,-0.00590302438
3.011457e-07,-0.00590672348
3.012457e-07,-0.00590450402
3.013457e-07,-0.00589673591
3.014457e-07,-0.00588637843
3.015457e-07,-0.00587713068
3.016457e-07,-0.00587121212
3.017457e-07,-0.00586862275
3.018457e-07,-0.00586788293
3.019457e-07,-0.00586529356
3.020457e-07,-0.00585900509
3.021457e-07,-0.00584901752
3.022457e-07,-0.00583644058
3.023457e-07,-0.00582386364
3.024457e-07,-0.00581350616
3.025457e-07,-0.00580573804
3.026457e-07,-0.00579981948
3.027457e-07,-0.00579427083
3.028457e-07,-0.00578835227
3.029457e-07,-0.00578169389
3.030457e-07,-0.00577577533
3.031457e-07,-0.00577059659
3.032457e-07,-0.00576615767
3.033457e-07,-0.00576060902
3.034457e-07,-0.005752471
3.035457e-07,-0.00574100379
3.036457e-07,-0.00572694721
3.037457e-07,-0.00571326054
3.038457e-07,-0.00570327296
3.039457e-07,-0.00569957386
3.040457e-07,-0.00570253314
3.041457e-07,-0.00570882161
3.042457e-07,-0.00571511009
3.043457e-07,-0.00571732955
3.044457e-07,-0.00571400036
3.045457e-07,-0.00570660215
3.046457e-07,-0.00569883404
3.047457e-07,-0.0056936553
3.048457e-07,-0.00569328539
3.049457e-07,-0.00569698449
3.050457e-07,-0.00570216323
3.051457e-07,-0.00570549242
3.052457e-07,-0.00570586233
3.053457e-07,-0.00570401278
3.054457e-07,-0.00570290305
3.055457e-07,-0.00570549242
3.056457e-07,-0.00571289063
3.057457e-07,-0.00572435784
3.058457e-07,-0.00573693478
3.059457e-07,-0.00574692235
3.060457e-07,-0.005752471
3.061457e-07,-0.00575469046
3.062457e-07,-0.00575543028
3.063457e-07,-0.00575875947
3.064457e-07,-0.00576652758
3.065457e-07,-0.00577873461
3.066457e-07,-0.00579279119
3.067457e-07,-0.00580610795
3.068457e-07,-0.00581609553
3.069457e-07,-0.005822384
3.070457e-07,-0.0058260831
3.071457e-07,-0.0058297822
3.072457e-07,-0.00583533085
3.073457e-07,-0.00584346887
3.074457e-07,-0.00585382635
3.075457e-07,-0.00586529356
3.076457e-07,-0.00587676077
3.077457e-07,-0.00588822798
3.078457e-07,-0.0059000651
3.079457e-07,-0.00591264205
3.080457e-07,-0.00592484908
3.081457e-07,-0.00593483665
3.082457e-07,-0.00594112512
3.083457e-07,-0.00594223485
3.084457e-07,-0.00593927557
3.085457e-07,-0.00593446674
3.086457e-07,-0.00593076764
3.087457e-07,-0.00593039773
3.088457e-07,-0.00593409683
3.089457e-07,-0.00593964548
3.090457e-07,-0.00594519413
3.091457e-07,-0.00594815341
3.092457e-07,-0.00594815341
3.093457e-07,-0.00594593395
3.094457e-07,-0.00594371449
3.095457e-07,-0.00594223485
3.096457e-07,-0.00594112512
3.097457e-07,-0.00593853575
3.098457e-07,-0.00593113755
3.099457e-07,-0.00591856061
3.100457e-07,-0.00590191465
3.101457e-07,-0.00588563861
3.102457e-07,-0.0058741714
3.103457e-07,-0.00587121212
3.104457e-07,-0.00587676077
3.105457e-07,-0.00588748816
3.106457e-07,-0.00589895537
3.107457e-07,-0.00590672348
3.108457e-07,-0.00590857304
3.109457e-07,-0.00590524384
3.110457e-07,-0.00589969519
3.111457e-07,-0.00589488636
3.112457e-07,-0.00589192708
3.113457e-07,-0.00588933771
3.114457e-07,-0.0058852687
3.115457e-07,-0.00587713068
3.116457e-07,-0.00586603338
3.117457e-07,-0.00585456617
3.118457e-07,-0.00584753788
3.119457e-07,-0.00584753788
3.120457e-07,-0.00585530599
3.121457e-07,-0.00586788293
3.122457e-07,-0.00588082978
3.123457e-07,-0.0058889678
3.124457e-07,-0.00589118726
3.125457e-07,-0.00588822798
3.126457e-07,-0.00588452888
3.127457e-07,-0.00588304924
3.128457e-07,-0.0058852687
3.129457e-07,-0.00589007753
3.130457e-07,-0.00589451645
3.131457e-07,-0.00589488636
3.132457e-07,-0.00589118726
3.133457e-07,-0.00588637843
3.134457e-07,-0.00588415897
3.135457e-07,-0.0058889678
3.136457e-07,-0.00590154474
3.137457e-07,-0.00591893052
3.138457e-07,-0.00593631629
3.139457e-07,-0.00594815341
3.140457e-07,-0.0059514826
3.141457e-07,-0.0059477835
3.142457e-07,-0.00594112512
3.143457e-07,-0.00593631629
3.144457e-07,-0.00593631629
3.145457e-07,-0.00594075521
3.146457e-07,-0.00594593395
3.147457e-07,-0.00594815341
3.148457e-07,-0.00594445431
3.149457e-07,-0.00593594638
3.150457e-07,-0.0059255889
3.151457e-07,-0.00591856061
3.152457e-07,-0.00591782079
3.153457e-07,-0.00592299953
3.154457e-07,-0.00593076764
3.155457e-07,-0.00593631629
3.156457e-07,-0.00593594638
3.157457e-07,-0.00592817827
3.158457e-07,-0.00591523142
3.159457e-07,-0.00590080492
3.160457e-07,-0.00588859789
3.161457e-07,-0.00588045987
3.162457e-07,-0.00587528113
3.163457e-07,-0.00587121212
3.164457e-07,-0.00586603338
3.165457e-07,-0.005859375
3.166457e-07,-0.00585234671
3.167457e-07,-0.00584753788
3.168457e-07,-0.00584716797
3.169457e-07,-0.00585123698
3.170457e-07,-0.00585826527
3.171457e-07,-0.00586529356
3.172457e-07,-0.00586899266
3.173457e-07,-0.00586825284
3.174457e-07,-0.00586270419
3.175457e-07,-0.00585345644
3.176457e-07,-0.00584272905
3.177457e-07,-0.00583163175
3.178457e-07,-0.00582127427
3.179457e-07,-0.00581202652
3.180457e-07,-0.0058042584
3.181457e-07,-0.00579907966
3.182457e-07,-0.00579760002
3.183457e-07,-0.00580018939
3.184457e-07,-0.00580610795
3.185457e-07,-0.00581313625
3.186457e-07,-0.00581979463
3.187457e-07,-0.00582386364
3.188457e-07,-0.00582534328
3.189457e-07,-0.00582460346
3.190457e-07,-0.00582386364
3.191457e-07,-0.00582386364
3.192457e-07,-0.00582497337
3.193457e-07,-0.00582571319
3.194457e-07,-0.00582534328
3.195457e-07,-0.00582386364
3.196457e-07,-0.005822384
3.197457e-07,-0.00582312382
3.198457e-07,-0.00582941229
3.199457e-07,-0.00584161932
3.200457e-07,-0.00585863518
3.201457e-07,-0.00587676077
3.202457e-07,-0.00589155717
3.203457e-07,-0.00590080492
3.204457e-07,-0.0059037642
3.205457e-07,-0.00590339429
3.206457e-07,-0.00590339429
3.207457e-07,-0.00590672348
3.208457e-07,-0.00591375178
3.209457e-07,-0.00592225971
3.210457e-07,-0.00592891809
3.211457e-07,-0.00593039773
3.212457e-07,-0.00592632872
3.213457e-07,-0.00591967034
3.214457e-07,-0.00591375178
3.215457e-07,-0.00591264205
3.216457e-07,-0.0059181907
3.217457e-07,-0.005929288
3.218457e-07,-0.00594223485
3.219457e-07,-0.00595407197
3.220457e-07,-0.0059625799
3.221457e-07,-0.00596849846
3.222457e-07,-0.00597293738
3.223457e-07,-0.00597774621
3.224457e-07,-0.00598329486
3.225457e-07,-0.00598736387
3.226457e-07,-0.00598810369
3.227457e-07,-0.00598366477
3.228457e-07,-0.00597515684
3.229457e-07,-0.00596590909
3.230457e-07,-0.00595999053
3.231457e-07,-0.00595999053
3.232457e-07,-0.005966279
3.233457e-07,-0.00597552675
3.234457e-07,-0.00598255504
3.235457e-07,-0.00598366477
3.236457e-07,-0.00597700639
3.237457e-07,-0.00596516927
3.238457e-07,-0.00595185251
3.239457e-07,-0.00594223485
3.240457e-07,-0.00593742602
3.241457e-07,-0.00593631629
3.242457e-07,-0.00593520656
3.243457e-07,-0.00593039773
3.244457e-07,-0.00592078007
3.245457e-07,-0.00590820313
3.246457e-07,-0.00589821555
3.247457e-07,-0.00589488636
3.248457e-07,-0.00590117483
3.249457e-07,-0.00591523142
3.250457e-07,-0.00593261719
3.251457e-07,-0.00594815341
3.252457e-07,-0.00595740116
3.253457e-07,-0.00595999053
3.254457e-07,-0.00595740116
3.255457e-07,-0.00595407197
3.256457e-07,-0.00595259233
3.257457e-07,-0.00595407197
3.258457e-07,-0.00595703125
3.259457e-07,-0.00595999053
3.260457e-07,-0.00596147017
3.261457e-07,-0.0059625799
3.262457e-07,-0.00596516927
3.263457e-07,-0.00597182765
3.264457e-07,-0.00598366477
3.265457e-07,-0.0059995709
3.266457e-07,-0.00601621686
3.267457e-07,-0.00603101326
3.268457e-07,-0.00604211056
3.269457e-07,-0.00604987867
3.270457e-07,-0.00605727687
3.271457e-07,-0.00606652462
3.272457e-07,-0.00607873165
3.273457e-07,-0.00609278823
3.274457e-07,-0.00610573509
3.275457e-07,-0.00611387311
3.276457e-07,-0.00611646248
3.277457e-07,-0.00611498284
3.278457e-07,-0.00611276338
3.279457e-07,-0.00611387311
3.280457e-07,-0.00612164122
3.281457e-07,-0.0061356978
3.282457e-07,-0.00615382339
3.283457e-07,-0.00617305871
3.284457e-07,-0.00619007457
3.285457e-07,-0.00620302143
3.286457e-07,-0.006213009
3.287457e-07,-0.0062204072
3.288457e-07,-0.00622632576
3.289457e-07,-0.00623039477
3.290457e-07,-0.00623224432
3.291457e-07,-0.00623224432
3.292457e-07,-0.00623113459
3.293457e-07,-0.0062315045
3.294457e-07,-0.00623557351
3.295457e-07,-0.00624408144
3.296457e-07,-0.00625628847
3.297457e-07,-0.0062684955
3.298457e-07,-0.00627737334
3.299457e-07,-0.0062795928
3.300457e-07,-0.00627552379
3.301457e-07,-0.00626738577
3.302457e-07,-0.00625961766
3.303457e-07,-0.00625591856
3.304457e-07,-0.00625665838
3.305457e-07,-0.00625924775
3.306457e-07,-0.00626035748
3.307457e-07,-0.00625591856
3.308457e-07,-0.00624519117
3.309457e-07,-0.00623076468
3.310457e-07,-0.00621707801
3.311457e-07,-0.00620857008
3.312457e-07,-0.00620746035
3.313457e-07,-0.00621189927
3.314457e-07,-0.00621781783
3.315457e-07,-0.0062204072
3.316457e-07,-0.00621633819
3.317457e-07,-0.00620598071
3.318457e-07,-0.00619229403
3.319457e-07,-0.00617897727
3.320457e-07,-0.00616935961
3.321457e-07,-0.00616344105
3.322457e-07,-0.00615974195
3.323457e-07,-0.00615530303
3.324457e-07,-0.00614827474
3.325457e-07,-0.0061393969
3.326457e-07,-0.00613051906
3.327457e-07,-0.00612571023
3.328457e-07,-0.00612608014
3.329457e-07,-0.00613051906
3.330457e-07,-0.0061356978
3.331457e-07,-0.00613754735
3.332457e-07,-0.00613236861
3.333457e-07,-0.00611979167
3.334457e-07,-0.00610203598
3.335457e-07,-0.0060842803
3.336457e-07,-0.00607022372
3.337457e-07,-0.0060620857
3.338457e-07,-0.00605949633
3.339457e-07,-0.00606060606
3.340457e-07,-0.0060620857
3.341457e-07,-0.00606171579
3.342457e-07,-0.00605875651
3.343457e-07,-0.0060546875
3.344457e-07,-0.0060509884
3.345457e-07,-0.00604913885
3.346457e-07,-0.00605024858
3.347457e-07,-0.0060546875
3.348457e-07,-0.0060620857
3.349457e-07,-0.00607281309
3.350457e-07,-0.00608649976
3.351457e-07,-0.00610203598
3.352457e-07,-0.00611831203
3.353457e-07,-0.00613273852
3.354457e-07,-0.00614346591
3.355457e-07,-0.00614938447
3.356457e-07,-0.0061504942
3.357457e-07,-0.00614901456
3.358457e-07,-0.00614790483
3.359457e-07,-0.00614938447
3.360457e-07,-0.00615493312
3.361457e-07,-0.00616418087
3.362457e-07,-0.00617490826
3.363457e-07,-0.00618489583
3.364457e-07,-0.00619229403
3.365457e-07,-0.00619673295
3.366457e-07,-0.00619821259
3.367457e-07,-0.00619673295
3.368457e-07,-0.00619192412
3.369457e-07,-0.00618341619
3.370457e-07,-0.00617083925
3.371457e-07,-0.00615530303
3.372457e-07,-0.0061393969
3.373457e-07,-0.00612681996
3.374457e-07,-0.00611979167
3.375457e-07,-0.00611979167
3.376457e-07,-0.0061246005
3.377457e-07,-0.00612977924
3.378457e-07,-0.00613125888
3.379457e-07,-0.00612571023
3.380457e-07,-0.00611276338
3.381457e-07,-0.00609574751
3.382457e-07,-0.00607910156
3.383457e-07,-0.00606652462
3.384457e-07,-0.00605949633
3.385457e-07,-0.00605653705
3.386457e-07,-0.00605394768
3.387457e-07,-0.00604876894
3.388457e-07,-0.00603952119
3.389457e-07,-0.00602694425
3.390457e-07,-0.00601510713
3.391457e-07,-0.00600733902
3.392457e-07,-0.00600585938
3.393457e-07,-0.00601066821
3.394457e-07,-0.00601991596
3.395457e-07,-0.00603101326
3.396457e-07,-0.00604211056
3.397457e-07,-0.00605283795
3.398457e-07,-0.00606282552
3.399457e-07,-0.00607244318
3.400457e-07,-0.00608132102
3.401457e-07,-0.00608760949
3.402457e-07,-0.00609056877
3.403457e-07,-0.00609019886
3.404457e-07,-0.00608871922
3.405457e-07,-0.00608908913
3.406457e-07,-0.0060953776
3.407457e-07,-0.00610795455
3.408457e-07,-0.00612534032
3.409457e-07,-0.00614383582
3.410457e-07,-0.00615863222
3.411457e-07,-0.00616714015
3.412457e-07,-0.00617009943
3.413457e-07,-0.00617120916
3.414457e-07,-0.00617527817
3.415457e-07,-0.00618489583
3.416457e-07,-0.00619969223
3.417457e-07,-0.0062167081
3.418457e-07,-0.00623039477
3.419457e-07,-0.00623816288
3.420457e-07,-0.00624038234
3.421457e-07,-0.00624075225
3.422457e-07,-0.00624482126
3.423457e-07,-0.00625591856
3.424457e-07,-0.00627441406
3.425457e-07,-0.00629623875
3.426457e-07,-0.00631510417
3.427457e-07,-0.00632694129
3.428457e-07,-0.00633027048
3.429457e-07,-0.00632879084
3.430457e-07,-0.00632805102
3.431457e-07,-0.00633285985
3.432457e-07,-0.00634469697
3.433457e-07,-0.00636023319
3.434457e-07,-0.00637391986
3.435457e-07,-0.00638020833
3.436457e-07,-0.00637761896
3.437457e-07,-0.00636874112
3.438457e-07,-0.00635986328
3.439457e-07,-0.00635653409
3.440457e-07,-0.00636134292
3.441457e-07,-0.00637281013
3.442457e-07,-0.00638501716
3.443457e-07,-0.00639204545
3.444457e-07,-0.00639056581
3.445457e-07,-0.00638131806
3.446457e-07,-0.00636837121
3.447457e-07,-0.00635653409
3.448457e-07,-0.00634839607
3.449457e-07,-0.00634321733
3.450457e-07,-0.00633729877
3.451457e-07,-0.00632694129
3.452457e-07,-0.00630992543
3.453457e-07,-0.00628847064
3.454457e-07,-0.00626664595
3.455457e-07,-0.00625
3.456457e-07,-0.00624075225
3.457457e-07,-0.00623853279
3.458457e-07,-0.0062389027
3.459457e-07,-0.00623816288
3.460457e-07,-0.00623335405
3.461457e-07,-0.00622521603
3.462457e-07,-0.00621596828
3.463457e-07,-0.00620857008
3.464457e-07,-0.00620376125
3.465457e-07,-0.00619932232
3.466457e-07,-0.00619192412
3.467457e-07,-0.00617897727
3.468457e-07,-0.00616011186
3.469457e-07,-0.0061393969
3.470457e-07,-0.00612238104
3.471457e-07,-0.00611387311
3.472457e-07,-0.00611535275
3.473457e-07,-0.00612349077
3.474457e-07,-0.00613310843
3.475457e-07,-0.00613754735
3.476457e-07,-0.00613384825
3.477457e-07,-0.00612386068
3.478457e-07,-0.00611128374
3.479457e-07,-0.00610203598
3.480457e-07,-0.0060990767
3.481457e-07,-0.00610129616
3.482457e-07,-0.00610573509
3.483457e-07,-0.00610795455
3.484457e-07,-0.00610573509
3.485457e-07,-0.00609944661
3.486457e-07,-0.00609315814
3.487457e-07,-0.00609019886
3.488457e-07,-0.00609241832
3.489457e-07,-0.00609833688
3.490457e-07,-0.00610462536
3.491457e-07,-0.00610795455
3.492457e-07,-0.00610721473
3.493457e-07,-0.00610425545
3.494457e-07,-0.00610351563
3.495457e-07,-0.00610795455
3.496457e-07,-0.00611831203
3.497457e-07,-0.0061319987
3.498457e-07,-0.00614383582
3.499457e-07,-0.00614938447
3.500457e-07,-0.00614753492
3.501457e-07,-0.00614124645
3.502457e-07,-0.00613606771
3.503457e-07,-0.00613754735
3.504457e-07,-0.00614790483
3.505457e-07,-0.0061652906
3.506457e-07,-0.00618341619
3.507457e-07,-0.00619673295
3.508457e-07,-0.0062019117
3.509457e-07,-0.00619932232
3.510457e-07,-0.00619414358
3.511457e-07,-0.00619081439
3.512457e-07,-0.00619303385
3.513457e-07,-0.00620006214
3.514457e-07,-0.00620857008
3.515457e-07,-0.00621448864
3.516457e-07,-0.00621522846
3.517457e-07,-0.00621189927
3.518457e-07,-0.00620820017
3.519457e-07,-0.00620857008
3.520457e-07,-0.00621596828
3.521457e-07,-0.00622891513
3.522457e-07,-0.00624371153
3.523457e-07,-0.00625591856
3.524457e-07,-0.00626220703
3.525457e-07,-0.00626220703
3.526457e-07,-0.00625887784
3.527457e-07,-0.00625591856
3.528457e-07,-0.00625554865
3.529457e-07,-0.00625813802
3.530457e-07,-0.0062610973
3.531457e-07,-0.00626183712
3.532457e-07,-0.00625924775
3.533457e-07,-0.00625480883
3.534457e-07,-0.00625073982
3.535457e-07,-0.00625
3.536457e-07,-0.00625295928
3.537457e-07,-0.00625850793
3.538457e-07,-0.00626220703
3.539457e-07,-0.00626183712
3.540457e-07,-0.00625665838
3.541457e-07,-0.00624852036
3.542457e-07,-0.00624112216
3.543457e-07,-0.00623816288
3.544457e-07,-0.00624038234
3.545457e-07,-0.00624556108
3.546457e-07,-0.00624963009
3.547457e-07,-0.00625
3.548457e-07,-0.00624556108
3.549457e-07,-0.00623816288
3.550457e-07,-0.00623298414
3.551457e-07,-0.00623224432
3.552457e-07,-0.00623742306
3.553457e-07,-0.00624593099
3.554457e-07,-0.00625332919
3.555457e-07,-0.00625591856
3.556457e-07,-0.00625295928
3.557457e-07,-0.0062463009
3.558457e-07,-0.00624038234
3.559457e-07,-0.00623816288
3.560457e-07,-0.00624075225
3.561457e-07,-0.00624482126
3.562457e-07,-0.00624704072
3.563457e-07,-0.00624408144
3.564457e-07,-0.00623594342
3.565457e-07,-0.00622706558
3.566457e-07,-0.00622225675
3.567457e-07,-0.00622632576
3.568457e-07,-0.00623964252
3.569457e-07,-0.00625813802
3.570457e-07,-0.00627552379
3.571457e-07,-0.00628551136
3.572457e-07,-0.00628662109
3.573457e-07,-0.00628107244
3.574457e-07,-0.00627478397
3.575457e-07,-0.00627367424
3.576457e-07,-0.00628033262
3.577457e-07,-0.00629253965
3.578457e-07,-0.00630585642
3.579457e-07,-0.00631510417
3.580457e-07,-0.00631806345
3.581457e-07,-0.00631695372
3.582457e-07,-0.0063162139
3.583457e-07,-0.00632102273
3.584457e-07,-0.00633359967
3.585457e-07,-0.00635135535
3.586457e-07,-0.00636874112
3.587457e-07,-0.00638020833
3.588457e-07,-0.00638316761
3.589457e-07,-0.00637946851
3.590457e-07,-0.00637428977
3.591457e-07,-0.00637428977
3.592457e-07,-0.0063827977
3.593457e-07,-0.00639870384
3.594457e-07,-0.00641756925
3.595457e-07,-0.00643347538
3.596457e-07,-0.00644272313
3.597457e-07,-0.00644494259
3.598457e-07,-0.00644420277
3.599457e-07,-0.0064453125
3.600457e-07,-0.00645123106
3.601457e-07,-0.00646195845
3.602457e-07,-0.00647342566
3.603457e-07,-0.00648082386
3.604457e-07,-0.00648119377
3.605457e-07,-0.0064749053
3.606457e-07,-0.00646491773
3.607457e-07,-0.00645714962
3.608457e-07,-0.00645456025
3.609457e-07,-0.00645788944
3.610457e-07,-0.00646417791
3.611457e-07,-0.00646898674
3.612457e-07,-0.00646898674
3.613457e-07,-0.00646343809
3.614457e-07,-0.00645419034
3.615457e-07,-0.0064453125
3.616457e-07,-0.00643939394
3.617457e-07,-0.00643680457
3.618457e-07,-0.00643569484
3.619457e-07,-0.00643347538
3.620457e-07,-0.00642792673
3.621457e-07,-0.00641867898
3.622457e-07,-0.00640758168
3.623457e-07,-0.00639796402
3.624457e-07,-0.00639130563
3.625457e-07,-0.00638723662
3.626457e-07,-0.00638464725
3.627457e-07,-0.00638020833
3.628457e-07,-0.00637281013
3.629457e-07,-0.00636282256
3.630457e-07,-0.00635246508
3.631457e-07,-0.00634469697
3.632457e-07,-0.00634099787
3.633457e-07,-0.0063421076
3.634457e-07,-0.0063458067
3.635457e-07,-0.00635061553
3.636457e-07,-0.00635468454
3.637457e-07,-0.00635801373
3.638457e-07,-0.00636023319
3.639457e-07,-0.00636245265
3.640457e-07,-0.00636356238
3.641457e-07,-0.00636245265
3.642457e-07,-0.00635801373
3.643457e-07,-0.00635061553
3.644457e-07,-0.0063421076
3.645457e-07,-0.00633655895
3.646457e-07,-0.00633692886
3.647457e-07,-0.00634469697
3.648457e-07,-0.00635727391
3.649457e-07,-0.00636985085
3.650457e-07,-0.00637650923
3.651457e-07,-0.00637428977
3.652457e-07,-0.00636393229
3.653457e-07,-0.0063495058
3.654457e-07,-0.00633766868
3.655457e-07,-0.00633285985
3.656457e-07,-0.00633655895
3.657457e-07,-0.00634469697
3.658457e-07,-0.00635135535
3.659457e-07,-0.00635061553
3.660457e-07,-0.00633988814
3.661457e-07,-0.00632065282
3.662457e-07,-0.00629882813
3.663457e-07,-0.0062795928
3.664457e-07,-0.00626701586
3.665457e-07,-0.00626146721
3.666457e-07,-0.00625887784
3.667457e-07,-0.00625591856
3.668457e-07,-0.00624963009
3.669457e-07,-0.00624075225
3.670457e-07,-0.00623187441
3.671457e-07,-0.00622632576
3.672457e-07,-0.00622558594
3.673457e-07,-0.00622854522
3.674457e-07,-0.00623224432
3.675457e-07,-0.00623224432
3.676457e-07,-0.00622743549
3.677457e-07,-0.00621855765
3.678457e-07,-0.0062093099
3.679457e-07,-0.00620265152
3.680457e-07,-0.00620080196
3.681457e-07,-0.00620339134
3.682457e-07,-0.00620672053
3.683457e-07,-0.00620857008
3.684457e-07,-0.00620709044
3.685457e-07,-0.00620376125
3.686457e-07,-0.00620117188
3.687457e-07,-0.00620265152
3.688457e-07,-0.00620857008
3.689457e-07,-0.00621781783
3.690457e-07,-0.00622632576
3.691457e-07,-0.00623224432
3.692457e-07,-0.00623446378
3.693457e-07,-0.00623557351
3.694457e-07,-0.00623927261
3.695457e-07,-0.00625
3.696457e-07,-0.00626775568
3.697457e-07,-0.00629032019
3.698457e-07,-0.00631177498
3.699457e-07,-0.00632694129
3.700457e-07,-0.00633285985
3.701457e-07,-0.00632990057
3.702457e-07,-0.00632250237
3.703457e-07,-0.00631510417
3.704457e-07,-0.00631140507
3.705457e-07,-0.00631177498
3.706457e-07,-0.00631399444
3.707457e-07,-0.00631510417
3.708457e-07,-0.00631325462
3.709457e-07,-0.00630918561
3.710457e-07,-0.00630474669
3.711457e-07,-0.00630326705
3.712457e-07,-0.00630585642
3.713457e-07,-0.00631140507
3.714457e-07,-0.00631769354
3.715457e-07,-0.00632102273
3.716457e-07,-0.00632028291
3.717457e-07,-0.00631547408
3.718457e-07,-0.00630918561
3.719457e-07,-0.00630326705
3.720457e-07,-0.00629882813
3.721457e-07,-0.00629475911
3.722457e-07,-0.00628884055
3.723457e-07,-0.0062795928
3.724457e-07,-0.00626812559
3.725457e-07,-0.00625702829
3.726457e-07,-0.00625
3.727457e-07,-0.00625
3.728457e-07,-0.00625665838
3.729457e-07,-0.00626701586
3.730457e-07,-0.0062758937
3.731457e-07,-0.0062795928
3.732457e-07,-0.00627663352
3.733457e-07,-0.00626923532
3.734457e-07,-0.0062610973
3.735457e-07,-0.00625591856
3.736457e-07,-0.00625443892
3.737457e-07,-0.00625554865
3.738457e-07,-0.00625480883
3.739457e-07,-0.00625
3.740457e-07,-0.00624038234
3.741457e-07,-0.00622891513
3.742457e-07,-0.00621892756
3.743457e-07,-0.00621448864
3.744457e-07,-0.00621559837
3.745457e-07,-0.00621966738
3.746457e-07,-0.00622225675
3.747457e-07,-0.0062204072
3.748457e-07,-0.006213009
3.749457e-07,-0.00620302143
3.750457e-07,-0.00619451349
3.751457e-07,-0.00619081439
3.752457e-07,-0.00619266394
3.753457e-07,-0.00619710286
3.754457e-07,-0.00619969223
3.755457e-07,-0.00619673295
3.756457e-07,-0.00618822502
3.757457e-07,-0.00617749763
3.758457e-07,-0.00616935961
3.759457e-07,-0.00616714015
3.760457e-07,-0.00617083925
3.761457e-07,-0.00617749763
3.762457e-07,-0.00618119673
3.763457e-07,-0.00617897727
3.764457e-07,-0.00617046934
3.765457e-07,-0.00616011186
3.766457e-07,-0.00615382339
3.767457e-07,-0.00615530303
3.768457e-07,-0.00616418087
3.769457e-07,-0.00617601799
3.770457e-07,-0.00618267637
3.771457e-07,-0.00617897727
3.772457e-07,-0.00616381096
3.773457e-07,-0.00614198627
3.774457e-07,-0.0061209014
3.775457e-07,-0.00610795455
3.776457e-07,-0.00610647491
3.777457e-07,-0.00611387311
3.778457e-07,-0.00612423059
3.779457e-07,-0.00613162879
3.780457e-07,-0.00613347834
3.781457e-07,-0.00613088897
3.782457e-07,-0.00612866951
3.783457e-07,-0.00613162879
3.784457e-07,-0.00614050663
3.785457e-07,-0.00615160393
3.786457e-07,-0.00616048177
3.787457e-07,-0.00616122159
3.788457e-07,-0.00615382339
3.789457e-07,-0.00614198627
3.790457e-07,-0.00613236861
3.791457e-07,-0.00613162879
3.792457e-07,-0.00614124645
3.793457e-07,-0.00615752249
3.794457e-07,-0.00617416844
3.795457e-07,-0.00618489583
3.796457e-07,-0.00618711529
3.797457e-07,-0.00618304628
3.798457e-07,-0.00617860736
3.799457e-07,-0.00617897727
3.800457e-07,-0.00618526574
3.801457e-07,-0.00619414358
3.802457e-07,-0.00619969223
3.803457e-07,-0.00619673295
3.804457e-07,-0.00618415601
3.805457e-07,-0.00616714015
3.806457e-07,-0.00615308357
3.807457e-07,-0.00614938447
3.808457e-07,-0.0061578924
3.809457e-07,-0.00617527817
3.810457e-07,-0.00619266394
3.811457e-07,-0.00620265152
3.812457e-07,-0.00620080196
3.813457e-07,-0.00618896484
3.814457e-07,-0.00617342862
3.815457e-07,-0.00616122159
3.816457e-07,-0.00615604285
3.817457e-07,-0.00615715258
3.818457e-07,-0.00615863222
3.819457e-07,-0.00615530303
3.820457e-07,-0.00614531546
3.821457e-07,-0.00613088897
3.822457e-07,-0.00611831203
3.823457e-07,-0.00611387311
3.824457e-07,-0.00611905185
3.825457e-07,-0.00613125888
3.826457e-07,-0.00614346591
3.827457e-07,-0.00614938447
3.828457e-07,-0.00614568537
3.829457e-07,-0.00613532789
3.830457e-07,-0.0061246005
3.831457e-07,-0.00611979167
3.832457e-07,-0.00612386068
3.833457e-07,-0.00613458807
3.834457e-07,-0.00614531546
3.835457e-07,-0.00614938447
3.836457e-07,-0.00614457564
3.837457e-07,-0.00613347834
3.838457e-07,-0.00612275095
3.839457e-07,-0.00611979167
3.840457e-07,-0.00612755978
3.841457e-07,-0.00614346591
3.842457e-07,-0.00616122159
3.843457e-07,-0.00617305871
3.844457e-07,-0.00617453835
3.845457e-07,-0.00616714015
3.846457e-07,-0.00615641276
3.847457e-07,-0.00614938447
3.848457e-07,-0.00615012429
3.849457e-07,-0.00615752249
3.850457e-07,-0.00616714015
3.851457e-07,-0.00617305871
3.852457e-07,-0.00617157907
3.853457e-07,-0.00616381096
3.854457e-07,-0.00615456321
3.855457e-07,-0.00614938447
3.856457e-07,-0.00615086411
3.857457e-07,-0.00615752249
3.858457e-07,-0.00616492069
3.859457e-07,-0.00616714015
3.860457e-07,-0.0061615915
3.861457e-07,-0.00614975438
3.862457e-07,-0.00613606771
3.863457e-07,-0.00612571023
3.864457e-07,-0.00612127131
3.865457e-07,-0.0061209014
3.866457e-07,-0.00612016158
3.867457e-07,-0.00611387311
3.868457e-07,-0.00610055634
3.869457e-07,-0.00608317057
3.870457e-07,-0.00606763435
3.871457e-07,-0.00606060606
3.872457e-07,-0.00606504498
3.873457e-07,-0.00607873165
3.874457e-07,-0.0060953776
3.875457e-07,-0.00610795455
3.876457e-07,-0.00611202356
3.877457e-07,-0.00610758464
3.878457e-07,-0.00609870679
3.879457e-07,-0.00609019886
3.880457e-07,-0.00608539003
3.881457e-07,-0.0060842803
3.882457e-07,-0.00608317057
3.883457e-07,-0.00607836174
3.884457e-07,-0.00606800426
3.885457e-07,-0.0060546875
3.886457e-07,-0.00604285038
3.887457e-07,-0.00603693182
3.888457e-07,-0.00603915128
3.889457e-07,-0.00604691939
3.890457e-07,-0.00605394768
3.891457e-07,-0.0060546875
3.892457e-07,-0.00604617957
3.893457e-07,-0.00602953362
3.894457e-07,-0.00601066821
3.895457e-07,-0.00599550189
3.896457e-07,-0.00598810369
3.897457e-07,-0.00598773378
3.898457e-07,-0.00598995324
3.899457e-07,-0.00598958333
3.900457e-07,-0.00598292495
3.901457e-07,-0.00597071792
3.902457e-07,-0.00595740116
3.903457e-07,-0.00594815341
3.904457e-07,-0.00594704368
3.905457e-07,-0.00595333215
3.906457e-07,-0.00596331972
3.907457e-07,-0.00597182765
3.908457e-07,-0.00597404711
3.909457e-07,-0.0059699781
3.910457e-07,-0.00596184008
3.911457e-07,-0.00595407197
3.912457e-07,-0.00595037287
3.913457e-07,-0.00595185251
3.914457e-07,-0.00595629143
3.915457e-07,-0.00595999053
3.916457e-07,-0.00596073035
3.917457e-07,-0.00595814098
3.918457e-07,-0.0059551817
3.919457e-07,-0.00595407197
3.920457e-07,-0.00595740116
3.921457e-07,-0.00596442945
3.922457e-07,-0.00597256747
3.923457e-07,-0.00597774621
3.924457e-07,-0.00597848603
3.925457e-07,-0.00597441702
3.926457e-07,-0.00596923828
3.927457e-07,-0.00596590909
3.928457e-07,-0.00596701882
3.929457e-07,-0.00597182765
3.930457e-07,-0.00597848603
3.931457e-07,-0.00598366477
3.932457e-07,-0.0059847745
3.933457e-07,-0.00598255504
3.934457e-07,-0.00597922585
3.935457e-07,-0.00597774621
3.936457e-07,-0.00597959576
3.937457e-07,-0.00598403468
3.938457e-07,-0.0059884736
3.939457e-07,-0.00598958333
3.940457e-07,-0.00598551432
3.941457e-07,-0.0059773763
3.942457e-07,-0.00596738873
3.943457e-07,-0.00595999053
3.944457e-07,-0.00595703125
3.945457e-07,-0.00595777107
3.946457e-07,-0.00596036044
3.947457e-07,-0.00595999053
3.948457e-07,-0.00595481179
3.949457e-07,-0.0059440844
3.950457e-07,-0.00593076764
3.951457e-07,-0.00591856061
3.952457e-07,-0.00591042259
3.953457e-07,-0.00590783321
3.954457e-07,-0.00590931286
3.955457e-07,-0.00591264205
3.956457e-07,-0.00591523142
3.957457e-07,-0.00591560133
3.958457e-07,-0.0059144916
3.959457e-07,-0.00591264205
3.960457e-07,-0.00591153232
3.961457e-07,-0.00591153232
3.962457e-07,-0.00591227214
3.963457e-07,-0.00591264205
3.964457e-07,-0.00591264205
3.965457e-07,-0.00591264205
3.966457e-07,-0.00591412169
3.967457e-07,-0.00591856061
3.968457e-07,-0.00592632872
3.969457e-07,-0.00593631629
3.970457e-07,-0.00594630386
3.971457e-07,-0.00595407197
3.972457e-07,-0.00595851089
3.973457e-07,-0.00595999053
3.974457e-07,-0.00595999053
3.975457e-07,-0.00595999053
3.976457e-07,-0.00596147017
3.977457e-07,-0.00596516927
3.978457e-07,-0.00597071792
3.979457e-07,-0.00597774621
3.980457e-07,-0.00598625414
3.981457e-07,-0.00599624171
3.982457e-07,-0.00600770893
3.983457e-07,-0.00601917614
3.984457e-07,-0.00602916371
3.985457e-07,-0.00603545218
3.986457e-07,-0.00603767164
3.987457e-07,-0.00603693182
3.988457e-07,-0.006036192
3.989457e-07,-0.00603878137
3.990457e-07,-0.00604691939
3.991457e-07,-0.00606060606
3.992457e-07,-0.00607577237
3.993457e-07,-0.0060879794
3.994457e-07,-0.00609278823
3.995457e-07,-0.00609019886
3.996457e-07,-0.00608354048
3.997457e-07,-0.00607873165
3.998457e-07,-0.00608206084
3.999457e-07,-0.00609611742
4.000457e-07,-0.00611831203
4.001457e-07,-0.00614198627
4.002457e-07,-0.00615974195
4.003457e-07,-0.00616714015
4.004457e-07,-0.00616418087
4.005457e-07,-0.00615567294
4.006457e-07,-0.00614901456
4.007457e-07,-0.00614938447
4.008457e-07,-0.00615752249
4.009457e-07,-0.00617046934
4.010457e-07,-0.00618119673
4.011457e-07,-0.00618489583
4.012457e-07,-0.00618045691
4.013457e-07,-0.00617120916
4.014457e-07,-0.00616307114
4.015457e-07,-0.00616122159
4.016457e-07,-0.00616751006
4.017457e-07,-0.00617934718
4.018457e-07,-0.00619081439
4.019457e-07,-0.00619673295
4.020457e-07,-0.00619525331
4.021457e-07,-0.00618859493
4.022457e-07,-0.00618156664
4.023457e-07,-0.00617897727
4.024457e-07,-0.00618193655
4.025457e-07,-0.00618711529
4.026457e-07,-0.00618970466
4.027457e-07,-0.00618489583
4.028457e-07,-0.00617231889
4.029457e-07,-0.00615567294
4.030457e-07,-0.00614198627
4.031457e-07,-0.00613754735
4.032457e-07,-0.00614420573
4.033457e-07,-0.0061578924
4.034457e-07,-0.00617194898
4.035457e-07,-0.00617897727
4.036457e-07,-0.00617490826
4.037457e-07,-0.00616122159
4.038457e-07,-0.00614457564
4.039457e-07,-0.00613162879
4.040457e-07,-0.00612681996
4.041457e-07,-0.00612977924
4.042457e-07,-0.00613532789
4.043457e-07,-0.00613754735
4.044457e-07,-0.0061319987
4.045457e-07,-0.00612016158
4.046457e-07,-0.00610573509
4.047457e-07,-0.00609611742
4.048457e-07,-0.00609500769
4.049457e-07,-0.00610166607
4.050457e-07,-0.00611239347
4.051457e-07,-0.00611979167
4.052457e-07,-0.00611942176
4.053457e-07,-0.00610943419
4.054457e-07,-0.00609426787
4.055457e-07,-0.00607836174
4.056457e-07,-0.00606726444
4.057457e-07,-0.00606245561
4.058457e-07,-0.00606171579
4.059457e-07,-0.00606060606
4.060457e-07,-0.00605579723
4.061457e-07,-0.00604543975
4.062457e-07,-0.00603175308
4.063457e-07,-0.00601917614
4.064457e-07,-0.00601066821
4.065457e-07,-0.00600844875
4.066457e-07,-0.0060102983
4.067457e-07,-0.00601325758
4.068457e-07,-0.00601473722
4.069457e-07,-0.00601288767
4.070457e-07,-0.00600992839
4.071457e-07,-0.00600733902
4.072457e-07,-0.00600807884
4.073457e-07,-0.00601251776
4.074457e-07,-0.00601880623
4.075457e-07,-0.0060250947
4.076457e-07,-0.00602916371
4.077457e-07,-0.00603027344
4.078457e-07,-0.00603027344
4.079457e-07,-0.00603101326
4.080457e-07,-0.00603434245
4.081457e-07,-0.00604063092
4.082457e-07,-0.00604839903
4.083457e-07,-0.0060546875
4.084457e-07,-0.0060583866
4.085457e-07,-0.00605875651
4.086457e-07,-0.00605690696
4.087457e-07,-0.0060546875
4.088457e-07,-0.00605283795
4.089457e-07,-0.00605209813
4.090457e-07,-0.00605061849
4.091457e-07,-0.00604876894
4.092457e-07,-0.00604617957
4.093457e-07,-0.00604396011
4.094457e-07,-0.00604469993
4.095457e-07,-0.00604876894
4.096457e-07,-0.00605616714
4.097457e-07,-0.00606467507
4.098457e-07,-0.00607096354
4.099457e-07,-0.00607244318
4.100457e-07,-0.00606874408
4.101457e-07,-0.00606134588
4.102457e-07,-0.00605357777
4.103457e-07,-0.00604876894
4.104457e-07,-0.00604802912
4.105457e-07,-0.00605024858
4.106457e-07,-0.00605320786
4.107457e-07,-0.0060546875
4.108457e-07,-0.00605357777
4.109457e-07,-0.00605061849
4.110457e-07,-0.00604839903
4.111457e-07,-0.00604876894
4.112457e-07,-0.00605283795
4.113457e-07,-0.00605986624
4.114457e-07,-0.00606689453
4.115457e-07,-0.00607244318
4.116457e-07,-0.00607503255
4.117457e-07,-0.00607577237
4.118457e-07,-0.00607614228
4.119457e-07,-0.00607836174
4.120457e-07,-0.00608206084
4.121457e-07,-0.00608649976
4.122457e-07,-0.00608982895
4.123457e-07,-0.00609019886
4.124457e-07,-0.00608834931
4.125457e-07,-0.00608612985
4.126457e-07,-0.00608612985
4.127457e-07,-0.00609019886
4.128457e-07,-0.00609759706
4.129457e-07,-0.00610684482
4.130457e-07,-0.00611461293
4.131457e-07,-0.00611979167
4.132457e-07,-0.00612275095
4.133457e-07,-0.00612534032
4.134457e-07,-0.00613014915
4.135457e-07,-0.00613754735
4.136457e-07,-0.00614605528
4.137457e-07,-0.00615197384
4.138457e-07,-0.00615160393
4.139457e-07,-0.00614346591
4.140457e-07,-0.00613014915
4.141457e-07,-0.00611683239
4.142457e-07,-0.0061098041
4.143457e-07,-0.00611387311
4.144457e-07,-0.00612792969
4.145457e-07,-0.00614790483
4.146457e-07,-0.00616677024
4.147457e-07,-0.00617897727
4.148457e-07,-0.00618193655
4.149457e-07,-0.00617786754
4.150457e-07,-0.00617157907
4.151457e-07,-0.00616714015
4.152457e-07,-0.00616640033
4.153457e-07,-0.00616714015
4.154457e-07,-0.00616640033
4.155457e-07,-0.00616122159
4.156457e-07,-0.00615123402
4.157457e-07,-0.00613976681
4.158457e-07,-0.0061319987
4.159457e-07,-0.00613162879
4.160457e-07,-0.00613902699
4.161457e-07,-0.00615012429
4.162457e-07,-0.00615937204
4.163457e-07,-0.00616122159
4.164457e-07,-0.00615456321
4.165457e-07,-0.00614161636
4.166457e-07,-0.0061282996
4.167457e-07,-0.00611979167
4.168457e-07,-0.00611794212
4.169457e-07,-0.00612053149
4.170457e-07,-0.00612275095
4.171457e-07,-0.00611979167
4.172457e-07,-0.0061098041
4.173457e-07,-0.0060953776
4.174457e-07,-0.00608095111
4.175457e-07,-0.00607244318
4.176457e-07,-0.00607133345
4.177457e-07,-0.00607614228
4.178457e-07,-0.00608206084
4.179457e-07,-0.0060842803
4.180457e-07,-0.0060805812
4.181457e-07,-0.00607244318
4.182457e-07,-0.00606467507
4.183457e-07,-0.00606060606
4.184457e-07,-0.00606171579
4.185457e-07,-0.00606504498
4.186457e-07,-0.00606430516
4.187457e-07,-0.0060546875
4.188457e-07,-0.00603434245
4.189457e-07,-0.0060065992
4.190457e-07,-0.00597885594
4.191457e-07,-0.00595999053
4.192457e-07,-0.00595444188
4.193457e-07,-0.00596147017
4.194457e-07,-0.00597589666
4.195457e-07,-0.00598958333
4.196457e-07,-0.0059958718
4.197457e-07,-0.00599254261
4.198457e-07,-0.0059810754
4.199457e-07,-0.00596590909
4.200457e-07,-0.0059514826
4.201457e-07,-0.00593927557
4.202457e-07,-0.005929288
4.203457e-07,-0.00591856061
4.204457e-07,-0.00590598366
4.205457e-07,-0.00589155717
4.206457e-07,-0.00587898023
4.207457e-07,-0.00587121212
4.208457e-07,-0.00587010239
4.209457e-07,-0.00587454131
4.210457e-07,-0.00588045987
4.211457e-07,-0.00588304924
4.212457e-07,-0.00587898023
4.213457e-07,-0.00586862275
4.214457e-07,-0.00585456617
4.215457e-07,-0.00584161932
4.216457e-07,-0.0058334813
4.217457e-07,-0.00583126184
4.218457e-07,-0.00583311139
4.219457e-07,-0.00583570076
4.220457e-07,-0.00583607067
4.221457e-07,-0.0058334813
4.222457e-07,-0.00583052202
4.223457e-07,-0.0058297822
4.224457e-07,-0.00583385121
4.225457e-07,-0.00584198923
4.226457e-07,-0.0058519768
4.227457e-07,-0.005859375
4.228457e-07,-0.00586048473
4.229457e-07,-0.00585419626
4.230457e-07,-0.00584235914
4.231457e-07,-0.0058297822
4.232457e-07,-0.00582016454
4.233457e-07,-0.00581646544
4.234457e-07,-0.00581831499
4.235457e-07,-0.00582386364
4.236457e-07,-0.0058297822
4.237457e-07,-0.0058334813
4.238457e-07,-0.00583533085
4.239457e-07,-0.00583570076
4.240457e-07,-0.00583681049
4.241457e-07,-0.00584050959
4.242457e-07,-0.00584642815
4.243457e-07,-0.00585345644
4.244457e-07,-0.00586011482
4.245457e-07,-0.00586492365
4.246457e-07,-0.00586640329
4.247457e-07,-0.00586529356
4.248457e-07,-0.00586196437
4.249457e-07,-0.00585715554
4.250457e-07,-0.0058519768
4.251457e-07,-0.00584753788
4.252457e-07,-0.00584494851
4.253457e-07,-0.00584568833
4.254457e-07,-0.00585012725
4.255457e-07,-0.005859375
4.256457e-07,-0.00587195194
4.257457e-07,-0.00588637843
4.258457e-07,-0.00590080492
4.259457e-07,-0.00591264205
4.260457e-07,-0.00592151989
4.261457e-07,-0.00592780836
4.262457e-07,-0.00593224728
4.263457e-07,-0.00593631629
4.264457e-07,-0.00594075521
4.265457e-07,-0.00594556404
4.266457e-07,-0.00595037287
4.267457e-07,-0.00595407197
4.268457e-07,-0.00595740116
4.269457e-07,-0.00596073035
4.270457e-07,-0.00596553918
4.271457e-07,-0.00597182765
4.272457e-07,-0.00597959576
4.273457e-07,-0.00598810369
4.274457e-07,-0.00599550189
4.275457e-07,-0.00600142045
4.276457e-07,-0.00600548946
4.277457e-07,-0.00600881866
4.278457e-07,-0.00601103812
4.279457e-07,-0.00601325758
4.280457e-07,-0.00601436731
4.281457e-07,-0.00601288767
4.282457e-07,-0.00600844875
4.283457e-07,-0.00600142045
4.284457e-07,-0.00599365234
4.285457e-07,-0.00598810369
4.286457e-07,-0.00598662405
4.287457e-07,-0.00598958333
4.288457e-07,-0.00599550189
4.289457e-07,-0.00600105054
4.290457e-07,-0.00600363991
4.291457e-07,-0.00600142045
4.292457e-07,-0.0059958718
4.293457e-07,-0.00598921342
4.294457e-07,-0.0059847745
4.295457e-07,-0.00598366477
4.296457e-07,-0.00598440459
4.297457e-07,-0.00598366477
4.298457e-07,-0.00597811612
4.299457e-07,-0.00596590909
4.300457e-07,-0.00594889323
4.301457e-07,-0.00593076764
4.302457e-07,-0.00591782079
4.303457e-07,-0.00591264205
4.304457e-07,-0.00591597124
4.305457e-07,-0.00592373935
4.306457e-07,-0.00593002782
4.307457e-07,-0.00593039773
4.308457e-07,-0.00592262962
4.309457e-07,-0.00590894295
4.310457e-07,-0.00589377663
4.311457e-07,-0.00588304924
4.312457e-07,-0.00587935014
4.313457e-07,-0.00588230942
4.314457e-07,-0.0058889678
4.315457e-07,-0.00589488636
4.316457e-07,-0.00589710582
4.317457e-07,-0.005896366
4.318457e-07,-0.00589414654
4.319457e-07,-0.00589488636
4.320457e-07,-0.0059000651
4.321457e-07,-0.00590968277
4.322457e-07,-0.00592114998
4.323457e-07,-0.00593039773
4.324457e-07,-0.00593520656
4.325457e-07,-0.00593557647
4.326457e-07,-0.0059329871
4.327457e-07,-0.00593039773
4.328457e-07,-0.00593039773
4.329457e-07,-0.00593372692
4.330457e-07,-0.00593816584
4.331457e-07,-0.00594223485
4.332457e-07,-0.0059440844
4.333457e-07,-0.00594334458
4.334457e-07,-0.00594223485
4.335457e-07,-0.00594223485
4.336457e-07,-0.00594482422
4.337457e-07,-0.00595000296
4.338457e-07,-0.00595555161
4.339457e-07,-0.00595999053
4.340457e-07,-0.00596147017
4.341457e-07,-0.00596036044
4.342457e-07,-0.00595740116
4.343457e-07,-0.00595407197
4.344457e-07,-0.00595037287
4.345457e-07,-0.00594630386
4.346457e-07,-0.00593964548
4.347457e-07,-0.00593039773
4.348457e-07,-0.00591856061
4.349457e-07,-0.00590598366
4.350457e-07,-0.00589562618
4.351457e-07,-0.0058889678
4.352457e-07,-0.00588637843
4.353457e-07,-0.00588600852
4.354457e-07,-0.00588378906
4.355457e-07,-0.00587713068
4.356457e-07,-0.00586492365
4.357457e-07,-0.00584901752
4.358457e-07,-0.00583200166
4.359457e-07,-0.00581794508
4.360457e-07,-0.00580869732
4.361457e-07,-0.00580388849
4.362457e-07,-0.00580166903
4.363457e-07,-0.00580018939
4.364457e-07,-0.00579796993
4.365457e-07,-0.00579501065
4.366457e-07,-0.00579353101
4.367457e-07,-0.00579427083
4.368457e-07,-0.00579833984
4.369457e-07,-0.00580499822
4.370457e-07,-0.00581202652
4.371457e-07,-0.00581794508
4.372457e-07,-0.005822384
4.373457e-07,-0.0058260831
4.374457e-07,-0.00583015211
4.375457e-07,-0.00583570076
4.376457e-07,-0.00584161932
4.377457e-07,-0.00584679806
4.378457e-07,-0.00584864761
4.379457e-07,-0.00584753788
4.380457e-07,-0.00584494851
4.381457e-07,-0.00584494851
4.382457e-07,-0.00585086707
4.383457e-07,-0.00586529356
4.384457e-07,-0.00588711825
4.385457e-07,-0.00591227214
4.386457e-07,-0.00593557647
4.387457e-07,-0.00595407197
4.388457e-07,-0.00596664891
4.389457e-07,-0.00597589666
4.390457e-07,-0.00598625414
4.391457e-07,-0.00600142045
4.392457e-07,-0.00602176551
4.393457e-07,-0.00604506984
4.394457e-07,-0.00606726444
4.395457e-07,-0.0060842803
4.396457e-07,-0.00609500769
4.397457e-07,-0.00610092625
4.398457e-07,-0.00610647491
4.399457e-07,-0.00611387311
4.400457e-07,-0.0061246005
4.401457e-07,-0.00613643762
4.402457e-07,-0.00614568537
4.403457e-07,-0.00614938447
4.404457e-07,-0.0061467951
4.405457e-07,-0.00614050663
4.406457e-07,-0.00613421816
4.407457e-07,-0.00613162879
4.408457e-07,-0.00613347834
4.409457e-07,-0.00613754735
4.410457e-07,-0.00614013672
4.411457e-07,-0.00613754735
4.412457e-07,-0.00613014915
4.413457e-07,-0.00612053149
4.414457e-07,-0.00611387311
4.415457e-07,-0.00611387311
4.416457e-07,-0.00612127131
4.417457e-07,-0.00613273852
4.418457e-07,-0.00614198627
4.419457e-07,-0.00614346591
4.420457e-07,-0.00613532789
4.421457e-07,-0.00611979167
4.422457e-07,-0.0061027758
4.423457e-07,-0.00609019886
4.424457e-07,-0.00608612985
4.425457e-07,-0.00608982895
4.426457e-07,-0.00609722715
4.427457e-07,-0.00610203598
4.428457e-07,-0.00610055634
4.429457e-07,-0.00609204841
4.430457e-07,-0.00607947147
4.431457e-07,-0.00606652462
4.432457e-07,-0.00605727687
4.433457e-07,-0.00605320786
4.434457e-07,-0.00605283795
4.435457e-07,-0.0060546875
4.436457e-07,-0.00605653705
4.437457e-07,-0.00605801669
4.438457e-07,-0.00605912642
4.439457e-07,-0.00606060606
4.440457e-07,-0.00606171579
4.441457e-07,-0.00605986624
4.442457e-07,-0.00605394768
4.443457e-07,-0.00604285038
4.444457e-07,-0.0060287938
4.445457e-07,-0.00601621686
4.446457e-07,-0.00600992839
4.447457e-07,-0.00601325758
4.448457e-07,-0.0060250947
4.449457e-07,-0.00604100083
4.450457e-07,-0.00605431759
4.451457e-07,-0.00606060606
4.452457e-07,-0.00605801669
4.453457e-07,-0.00604987867
4.454457e-07,-0.00604100083
4.455457e-07,-0.00603693182
4.456457e-07,-0.00603915128
4.457457e-07,-0.00604580966
4.458457e-07,-0.00605246804
4.459457e-07,-0.0060546875
4.460457e-07,-0.00605135831
4.461457e-07,-0.00604506984
4.462457e-07,-0.00604100083
4.463457e-07,-0.00604285038
4.464457e-07,-0.00605246804
4.465457e-07,-0.00606763435
4.466457e-07,-0.00608206084
4.467457e-07,-0.00609019886
4.468457e-07,-0.00608982895
4.469457e-07,-0.00608243075
4.470457e-07,-0.00607281309
4.471457e-07,-0.00606652462
4.472457e-07,-0.00606726444
4.473457e-07,-0.00607392282
4.474457e-07,-0.00608317057
4.475457e-07,-0.00609019886
4.476457e-07,-0.00609241832
4.477457e-07,-0.00608982895
4.478457e-07,-0.00608575994
4.479457e-07,-0.0060842803
4.480457e-07,-0.00608760949
4.481457e-07,-0.00609463778
4.482457e-07,-0.0061027758
4.483457e-07,-0.00610795455
4.484457e-07,-0.00610869437
4.485457e-07,-0.006106105
4.486457e-07,-0.0061027758
4.487457e-07,-0.00610203598
4.488457e-07,-0.00610536518
4.489457e-07,-0.00611054392
4.490457e-07,-0.00611461293
4.491457e-07,-0.00611387311
4.492457e-07,-0.00610795455
4.493457e-07,-0.0060990767
4.494457e-07,-0.0060916785
4.495457e-07,-0.00609019886
4.496457e-07,-0.00609574751
4.497457e-07,-0.00610684482
4.498457e-07,-0.00611831203
4.499457e-07,-0.00612571023
4.500457e-07,-0.00612755978
4.501457e-07,-0.00612534032
4.502457e-07,-0.00612312086
4.503457e-07,-0.00612571023
4.504457e-07,-0.00613421816
4.505457e-07,-0.00614605528
4.506457e-07,-0.00615678267
4.507457e-07,-0.00616122159
4.508457e-07,-0.00615678267
4.509457e-07,-0.00614642519
4.510457e-07,-0.0061356978
4.511457e-07,-0.00613162879
4.512457e-07,-0.00613865708
4.513457e-07,-0.00615678267
4.514457e-07,-0.00618082682
4.515457e-07,-0.00620265152
4.516457e-07,-0.00621633819
4.517457e-07,-0.00621818774
4.518457e-07,-0.00621004972
4.519457e-07,-0.00619673295
4.520457e-07,-0.0061837861
4.521457e-07,-0.00617490826
4.522457e-07,-0.00617157907
4.523457e-07,-0.00617305871
4.524457e-07,-0.00617675781
4.525457e-07,-0.00618082682
4.526457e-07,-0.00618563565
4.527457e-07,-0.00619081439
4.528457e-07,-0.00619747277
4.529457e-07,-0.0062056108
4.530457e-07,-0.00621374882
4.531457e-07,-0.0062204072
4.532457e-07,-0.0062241063
4.533457e-07,-0.00622521603
4.534457e-07,-0.00622373639
4.535457e-07,-0.0062204072
4.536457e-07,-0.00621596828
4.537457e-07,-0.00620967981
4.538457e-07,-0.00620117188
4.539457e-07,-0.00619081439
4.540457e-07,-0.00617971709
4.541457e-07,-0.00617083925
4.542457e-07,-0.00616640033
4.543457e-07,-0.00616714015
4.544457e-07,-0.00617194898
4.545457e-07,-0.00617712772
4.546457e-07,-0.00617823745
4.547457e-07,-0.00617305871
4.548457e-07,-0.00616122159
4.549457e-07,-0.00614642519
4.550457e-07,-0.00613310843
4.551457e-07,-0.00612571023
4.552457e-07,-0.00612534032
4.553457e-07,-0.00612903942
4.554457e-07,-0.00613310843
4.555457e-07,-0.00613162879
4.556457e-07,-0.00612275095
4.557457e-07,-0.00610795455
4.558457e-07,-0.00609130859
4.559457e-07,-0.00607836174
4.560457e-07,-0.00607281309
4.561457e-07,-0.00607466264
4.562457e-07,-0.00608206084
4.563457e-07,-0.00609019886
4.564457e-07,-0.0060953776
4.565457e-07,-0.00609574751
4.566457e-07,-0.00609315814
4.567457e-07,-0.00609019886
4.568457e-07,-0.00608982895
4.569457e-07,-0.00609315814
4.570457e-07,-0.00609981652
4.571457e-07,-0.00610795455
4.572457e-07,-0.00611572266
4.573457e-07,-0.00612164122
4.574457e-07,-0.00612681996
4.575457e-07,-0.00613162879
4.576457e-07,-0.00613754735
4.577457e-07,-0.00614420573
4.578457e-07,-0.0061504942
4.579457e-07,-0.00615530303
4.580457e-07,-0.00615752249
4.581457e-07,-0.00615715258
4.582457e-07,-0.00615567294
4.583457e-07,-0.00615530303
4.584457e-07,-0.00615678267
4.585457e-07,-0.00616085168
4.586457e-07,-0.00616677024
4.587457e-07,-0.00617305871
4.588457e-07,-0.00617897727
4.589457e-07,-0.0061837861
4.590457e-07,-0.00618785511
4.591457e-07,-0.00619081439
4.592457e-07,-0.00619266394
4.593457e-07,-0.00619340376
4.594457e-07,-0.00619266394
4.595457e-07,-0.00619081439
4.596457e-07,-0.00618933475
4.597457e-07,-0.00618970466
4.598457e-07,-0.00619266394
4.599457e-07,-0.00619673295
4.600457e-07,-0.00619969223
4.601457e-07,-0.0061985825
4.602457e-07,-0.00619155421
4.603457e-07,-0.00617897727
4.604457e-07,-0.00616455078
4.605457e-07,-0.0061541933
4.606457e-07,-0.00615234375
4.607457e-07,-0.00616122159
4.608457e-07,-0.00617823745
4.609457e-07,-0.00619821259
4.610457e-07,-0.00621374882
4.611457e-07,-0.0062204072
4.612457e-07,-0.0062167081
4.613457e-07,-0.00620598071
4.614457e-07,-0.00619377367
4.615457e-07,-0.00618489583
4.616457e-07,-0.00618193655
4.617457e-07,-0.0061837861
4.618457e-07,-0.00618600556
4.619457e-07,-0.00618489583
4.620457e-07,-0.00617934718
4.621457e-07,-0.00617083925
4.622457e-07,-0.00616344105
4.623457e-07,-0.00616122159
4.624457e-07,-0.00616603042
4.625457e-07,-0.0061763879
4.626457e-07,-0.00618822502
4.627457e-07,-0.00619673295
4.628457e-07,-0.00619969223
4.629457e-07,-0.00619673295
4.630457e-07,-0.00619044448
