LECROYHDO6104B,11090,Waveform
Segments,1,SegmentSize,3593
Segment,TrigTime,TimeSinceSegment1
#1,04-May-2026 18:29:13,0                 
Time,Ampl
996407,0.0075252759
996408,0.0056899125
996409,0.01074865
996410,0.0061961454
996411,0.012670181
996412,0.0061975815
996413,0.0064359778
996414,0.006439568
996415,0.010549747
996416,0.0061372644
996417,0.011949966
996418,0.017500574
996419,0.010049977
996420,0.0092349779
996421,0.0066004135
996422,0.0097196689
996423,0.0089972997
996424,0.0062751323
996425,0.0069170785
996426,0.014744658
996427,0.0088465074
996428,0.016983045
996429,0.0059713926
996430,0.0062758503
996431,0.0054656984
996432,0.006204044
996433,0.0060783834
996434,0.0058356789
996435,0.0091667622
996436,0.0060546873
996437,0.0087251551
996438,0.013775276
996439,0.012260168
996440,0.011917653
996441,0.0059455424
996442,0.037663717
996443,0.0052520847
996444,0.0060345819
996445,0.015633179
996446,0.0066470876
996447,0.0088493796
996448,0.0062507181
996449,0.0056847101
996450,0.0073156022
996451,0.0063699163
996452,0.018029068
996453,0.0060891546
996454,0.006058278
996455,0.006226304
996456,0.0091947671
996457,0.0063289865
996458,0.0055999937
996459,0.010505947
996460,0.0079790903
996461,0.0066880169
996462,0.0093010394
996463,0.0062334845
996464,0.0085678995
996465,0.0097893206
996466,0.0092895506
996467,0.0071762982
996468,0.0068423999
996469,0.010213695
996470,0.0067124311
996471,0.0074211569
996472,0.0064180261
996473,0.0088350186
996474,0.019749541
996475,0.010519186
996476,0.0065487134
996477,0.0058852253
996478,0.0061724493
996479,0.011752499
996480,0.017876837
996481,0.0088041415
996482,0.0064869602
996483,0.012056957
996484,0.006049661
996485,0.011873133
996486,0.009031767
996487,0.013475127
996488,0.0080006318
996489,0.0060798195
996490,0.0063490923
996491,0.02053869
996492,0.0061351103
996493,0.0090877758
996494,0.0087732654
996495,0.0091839954
996496,0.017313879
996497,0.0089520626
996498,0.0063842773
996499,0.0038728339
996500,0.0062758503
996501,0.0063368855
996502,0.0069163605
996503,0.0061099781
996504,0.012677361
996505,0.0063060089
996506,0.022138771
996507,0.0094360355
996508,0.0062622069
996509,0.0082084043
996510,0.0064941407
996511,0.0071159811
996512,0.0091710705
996513,0.0068423999
996514,0.01474753
996515,0.013789861
996516,0.023528693
996517,0.0083567901
996518,0.0061911191
996519,0.0063304226
996520,0.0061975815
996521,0.0073350128
996522,0.012447582
996523,0.0064144358
996524,0.00641659
996525,0.0065487134
996526,0.0073235007
996527,0.015847599
996528,0.01520278
996529,0.0092945769
996530,0.0059857536
996531,0.0060388902
996532,0.0058335247
996533,0.010850171
996534,0.006153062
996535,0.008826402
996536,0.0073594037
996537,0.0062988279
996538,0.020413747
996539,0.011918371
996540,0.008811322
996541,0.0064266431
996542,0.0054790182
996543,0.0061817844
996544,0.0062586167
996545,0.0082620056
996546,0.0091330139
996547,0.0076128789
996548,0.0064460305
996549,0.0060317097
996550,0.0062449737
996551,0.0065321978
996552,0.0063620172
996553,0.0092529301
996554,0.0065300437
996555,0.0088508856
996556,0.014855239
996557,0.017666446
996558,0.0058235661
996559,0.008650477
996560,0.0094317272
996561,0.01055262
996562,0.012214212
996563,0.0061860927
996564,0.0061006434
996565,0.014244887
996566,0.0091409124
996567,0.0061853747
996568,0.0061372644
996569,0.014865292
996570,0.007056382
996571,0.0033483205
996572,0.0091825593
996573,0.011415728
996574,0.0062061981
996575,0.010398236
996576,0.012063419
996577,0.0089843748
996578,0.0092479037
996579,0.011760398
996580,0.016383272
996581,0.0091760969
996582,0.0095724668
996583,0.014879653
996584,0.0071030562
996585,0.0063770968
996586,0.005342273
996587,0.009662224
996588,0.012466969
996589,0.0089980178
996590,0.0062744142
996591,0.0091567095
996592,0.009662224
996593,0.0090813134
996594,0.020542279
996595,0.0062076342
996596,0.0089104148
996597,0.018808881
996598,0.0059390799
996599,0.014719525
996600,0.0092414403
996601,0.020873304
996602,0.01780216
996603,0.011982996
996604,0.0085064089
996605,0.0052534081
996606,0.023097752
996607,0.009031767
996608,0.0061236215
996609,0.0062514362
996610,0.0061430088
996611,0.0062464098
996612,0.008076746
996613,0.011987304
996614,0.0066262637
996615,0.0064934227
996616,0.0090856217
996617,0.0062593347
996618,0.011903292
996619,0.0064833695
996620,0.0091969213
996621,0.009266573
996622,0.012798714
996623,0.0071217255
996624,0.0062385108
996625,0.0090827495
996626,0.010548311
996627,0.0074520335
996628,0.0093211457
996629,0.012132353
996630,0.011997358
996631,0.013476563
996632,0.0062500001
996633,0.0075949277
996634,0.0064223344
996635,0.0096162688
996636,0.013131369
996637,0.0061379825
996638,0.013268769
996639,0.0049587595
996640,0.012005975
996641,0.010085065
996642,0.0061702952
996643,0.0063598631
996644,0.0061947093
996645,0.0050704819
996646,0.0089613972
996647,0.0060446346
996648,0.0091337319
996649,0.0028509635
996650,0.006571691
996651,0.020196892
996652,0.011392033
996653,0.014992389
996654,0.016842768
996655,0.012120864
996656,0.0059850356
996657,0.0061121322
996658,0.0094870171
996659,0.0060029873
996660,0.0082720593
996661,0.0093225818
996662,0.0078584561
996663,0.011864516
996664,0.011827177
996665,0.0049107494
996666,0.011823587
996667,0.0060453527
996668,0.0089082606
996669,0.011708697
996670,0.0063763787
996671,0.018546071
996672,0.0087215649
996673,0.0060532512
996674,0.0090554627
996675,0.018401023
996676,0.0072624655
996677,0.0088285562
996678,0.0069091795
996679,0.0069400561
996680,0.0064553656
996681,0.0048905467
996682,0.010696978
996683,0.0066205193
996684,0.0063634538
996685,0.0094468063
996686,0.006366326
996687,0.0061444449
996688,0.0074677411
996689,0.011893957
996690,0.0063131894
996691,0.0094410619
996692,0.0065946691
996693,0.011970789
996694,0.015234375
996695,0.0061659869
996696,0.017889611
996697,0.015092199
996698,0.0064812154
996699,0.012043313
996700,0.011908318
996701,0.0066219554
996702,0.0061178766
996703,0.0073479149
996704,0.011730239
996705,0.0024347489
996706,0.006145163
996707,0.005801212
996708,0.0092120003
996709,0.0086770449
996710,0.0081499889
996711,0.0064869602
996712,0.0089118509
996713,0.0065142461
996714,0.006322524
996715,0.038886577
996716,0.0064223344
996717,0.0096737128
996718,0.00568585
996719,0.011308561
996720,0.0057299584
996721,0.011873133
996722,0.014669261
996723,0.0062148152
996724,0.0070506376
996725,0.0028038141
996726,0.0090533085
996727,0.0059726317
996728,0.0064223344
996729,0.0090475641
996730,0.0089649875
996731,0.0092924228
996732,0.0064812154
996733,0.0068783029
996734,0.012112965
996735,0.0063605811
996736,0.010569135
996737,0.0070226332
996738,0.023253676
996739,0.014522059
996740,0.017800005
996741,0.0022032058
996742,0.0094697839
996743,0.0061257756
996744,0.013636763
996745,0.0089319563
996746,0.011871697
996747,0.0062248679
996748,0.01386799
996749,0.0062205596
996750,0.0061925552
996751,0.0060510971
996752,0.0064366958
996753,0.0063289865
996754,0.025413603
996755,0.0090892119
996756,0.015600586
996757,0.0061142864
996758,0.016974954
996759,0.0092048198
996760,0.0071490118
996761,0.015007468
996762,0.0073069851
996763,0.0091121895
996764,0.015507238
996765,0.013039982
996766,0.018152574
996767,0.017911306
996768,0.0090849036
996769,0.011523438
996770,0.0090037631
996771,0.015886374
996772,0.011972225
996773,0.0061422908
996774,0.0090540266
996775,0.0090087894
996776,0.0018428644
996777,0.0063770968
996778,0.0066312901
996779,0.006240665
996780,0.0060755112
996781,0.011848719
996782,0.0067468979
996783,0.0089958636
996784,0.0083058076
996785,0.014871037
996786,0.0059240004
996787,0.0060087317
996788,0.0061106961
996789,0.0077306409
996790,0.014901195
996791,0.012591911
996792,0.0061121322
996793,0.0061343922
996794,0.006108542
996795,0.0062916474
996796,0.016256893
996797,0.00911937
996798,0.0094410619
996799,0.0060733571
996800,0.01262207
996801,0.0063548367
996802,0.0088565601
996803,0.0059168199
996804,0.0061351103
996805,0.015114459
996806,0.0090626432
996807,0.0091725066
996808,0.013638252
996809,0.0064280792
996810,0.018895701
996811,0.008927648
996812,0.0060683307
996813,0.011812816
996814,0.0091107534
996815,0.038879395
996816,0.0061710132
996817,0.014591711
996818,0.006036018
996819,0.011914062
996820,0.0063763787
996821,0.0095516425
996822,0.0090188421
996823,0.021557618
996824,0.0065803081
996825,0.0062557445
996826,0.0092486218
996827,0.017670037
996828,0.0061236215
996829,0.0070233513
996830,0.01064358
996831,0.0063677621
996832,0.0060037053
996833,0.0055156779
996834,0.0062392289
996835,0.01519201
996836,0.0058030421
996837,0.0075827204
996838,0.0060834098
996839,0.012216366
996840,0.0061329561
996841,0.0069845761
996842,0.016610922
996843,0.0061580883
996844,0.0088809747
996845,0.0025440967
996846,0.0066865808
996847,0.0082126148
996848,0.0097354669
996849,0.011000689
996850,0.0058249081
996851,0.0094302911
996852,0.008972886
996853,0.0098252241
996854,0.0094439341
996855,0.013224952
996856,0.0089858109
996857,0.031656422
996858,0.0089621153
996859,0.0067038145
996860,0.026378676
996861,0.0088120401
996862,0.011156509
996863,0.0061638327
996864,0.012328384
996865,0.0060151941
996866,0.011243394
996867,0.0061509078
996868,0.0090303309
996869,0.011926987
996870,0.0068172677
996871,0.0091358861
996872,0.0092629828
996873,0.017980238
996874,0.0060554054
996875,0.0091423485
996876,0.0099329334
996877,0.0093369428
996878,0.0089082606
996879,0.014880371
996880,0.0085118907
996881,0.006307445
996882,0.0063462202
996883,0.0065142461
996884,0.0064941407
996885,0.011784812
996886,0.0088027054
996887,0.0067210477
996888,0.0061580883
996889,0.0098230699
996890,0.0062672333
996891,0.0062614889
996892,0.0079045827
996893,0.0078548659
996894,0.0069063073
996895,0.0088249659
996896,0.014710909
996897,0.0063095991
996898,0.0062808767
996899,0.0061695771
996900,0.0065946691
996901,0.0058280448
996902,0.010803223
996903,0.0088867191
996904,0.012007411
996905,0.0063893036
996906,0.0084917853
996907,0.011087575
996908,0.0064007929
996909,0.023231417
996910,0.0061343922
996911,0.0076746321
996912,0.0088364547
996913,0.0088163484
996914,0.007904307
996915,0.0068151136
996916,0.0091545554
996917,0.0061631147
996918,0.0089965817
996919,0.008751723
996920,0.0062973918
996921,0.016624307
996922,0.011343917
996923,0.0074750115
996924,0.008561437
996925,0.0062643611
996926,0.0063648899
996927,0.0072851018
996928,0.0063857134
996929,0.0059060492
996930,0.0065961052
996931,0.0061272117
996932,0.02451944
996933,0.020387897
996934,0.034919292
996935,0.012890625
996936,0.010425523
996937,0.0076737488
996938,0.0065752813
996939,0.019009992
996940,0.0063993568
996941,0.02600131
996942,0.0061006434
996943,0.0087466966
996944,0.0060984893
996945,0.01788402
996946,0.006571691
996947,0.010509536
996948,0.0073529412
996949,0.009662224
996950,0.0094977887
996951,0.006307445
996952,0.0089563709
996953,0.0059211282
996954,0.013657514
996955,0.0090339212
996956,0.0060051414
996957,0.0054638041
996958,0.0064402861
996959,0.0065415325
996960,0.013130457
996961,0.0061264937
996962,0.0091567095
996963,0.0057703354
996964,0.0083022173
996965,0.0062399469
996966,0.0086389882
996967,0.0076229321
996968,0.020628447
996969,0.0070219152
996970,0.014676441
996971,0.0063964846
996972,0.0064137178
996973,0.011242676
996974,0.0058465763
996975,0.01191478
996976,0.0066779642
996977,0.0065113739
996978,0.013851859
996979,0.0095315371
996980,0.0070807962
996981,0.0060467888
996982,0.0097196689
996983,0.012216366
996984,0.012085679
996985,0.0088378908
996986,0.0060618683
996987,0.014158002
996988,0.0060704849
996989,0.008869485
996990,0.01010814
996991,0.010232916
996992,0.010075827
996993,0.014592429
996994,0.0067899814
996995,0.0060238107
996996,0.009003045
996997,0.0060877181
996998,0.0150326
996999,0.033696726
997000,0.0066255457
997001,0.0060015512
997002,0.0060661766
997003,0.011942067
997004,0.0019354143
997005,0.0096306298
997006,0.010749793
997007,0.021358542
997008,0.0066176471
997009,0.02347053
997010,0.0079467772
997011,0.0061020795
997012,0.0064690085
997013,0.008943446
997014,0.0064094095
997015,0.0096694045
997016,0.0064453124
997017,0.0061221854
997018,0.011429371
997019,0.0082344776
997020,0.0088924635
997021,0.0089384187
997022,0.0089377007
997023,0.0075317384
997024,0.020358456
997025,0.036130603
997026,0.019129137
997027,0.0071116728
997028,0.006571691
997029,0.0089613972
997030,0.0098000923
997031,0.0064051012
997032,0.005597305
997033,0.0090188421
997034,0.011834358
997035,0.012034697
997036,0.01788402
997037,0.0060324278
997038,0.0069372803
997039,0.014935662
997040,0.020728976
997041,0.0062442557
997042,0.01431813
997043,0.0059082033
997044,0.0073191924
997045,0.0062514362
997046,0.0056175929
997047,0.011765424
997048,0.0090612071
997049,0.025637638
997050,0.006402947
997051,0.0062973918
997052,0.010709874
997053,0.0090691065
997054,0.015729118
997055,0.016637659
997056,0.023630658
997057,0.0065544578
997058,0.0094008502
997059,0.0090892119
997060,0.0090389475
997061,0.01202967
997062,0.011982996
997063,0.0052267825
997064,0.0091559915
997065,0.0063426299
997066,0.0061925552
997067,0.0061860927
997068,0.0069027171
997069,0.0064596739
997070,0.0087948069
997071,0.014195583
997072,0.0061157225
997073,0.0089061065
997074,0.0063878675
997075,0.006212661
997076,0.012320485
997077,0.020657169
997078,0.010215457
997079,0.0062909294
997080,0.0076092887
997081,0.011758244
997082,0.016247559
997083,0.0088012693
997084,0.013640963
997085,0.0058249081
997086,0.0092112822
997087,0.0090547446
997088,0.0064101275
997089,0.0080078123
997090,0.011541389
997091,0.0063261143
997092,0.0091129076
997093,0.014878935
997094,0.020316808
997095,0.011999512
997096,0.01446246
997097,0.0063842773
997098,0.012196979
997099,0.014947869
997100,0.0064086914
997101,0.012800868
997102,0.0060546873
997103,0.0089111328
997104,0.033012517
997105,0.014848058
997106,0.0092306696
997107,0.0092608286
997108,0.0062772864
997109,0.0092601106
997110,0.0097426474
997111,0.0068476866
997112,0.0064955768
997113,0.0063189338
997114,0.017808622
997115,0.0089635514
997116,0.0087840362
997117,0.0088235298
997118,0.011719468
997119,0.006725356
997120,0.0076085706
997121,0.012695313
997122,0.011931296
997123,0.0061013615
997124,0.0091753788
997125,0.0061099781
997126,0.0089937095
997127,0.011831486
997128,0.0066865808
997129,0.0065659466
997130,0.012045467
997131,0.01260771
997132,0.0053333896
997133,0.0060245288
997134,0.005991498
997135,0.015418199
997136,0.014797794
997137,0.01114861
997138,0.012138816
997139,0.0059613395
997140,0.0059627756
997141,0.0023215925
997142,0.0078677908
997143,0.0061272117
997144,0.009544462
997145,0.0086971503
997146,0.014720243
997147,0.0090798773
997148,0.0089671416
997149,0.0088960538
997150,0.008082117
997151,0.0066291359
997152,0.0065429686
997153,0.0064797793
997154,0.0075985179
997155,0.0062866211
997156,0.0089341104
997157,0.0094396258
997158,0.01325645
997159,0.0061925552
997160,0.014511288
997161,0.0052661551
997162,0.011467429
997163,0.011730239
997164,0.0092802159
997165,0.0075482535
997166,0.0089269299
997167,0.012082807
997168,0.014855239
997169,0.0058766087
997170,0.0059678024
997171,0.0054742941
997172,0.0095286649
997173,0.013910209
997174,0.015981158
997175,0.012063419
997176,0.006094181
997177,0.0062959557
997178,0.021117548
997179,0.011806353
997180,0.010689051
997181,0.0084130876
997182,0.0090202782
997183,0.011896829
997184,0.0062500001
997185,0.0061659869
997186,0.011926269
997187,0.0060855639
997188,0.0089498945
997189,0.0065257354
997190,0.0090288948
997191,0.0090087894
997192,0.010034179
997193,0.0065860525
997194,0.0061975815
997195,0.0064309514
997196,0.011979406
997197,0.0063210879
997198,0.012190516
997199,0.014878935
997200,0.012082089
997201,0.0093721282
997202,0.0094202375
997203,0.0086957142
997204,0.0025287988
997205,0.0088967718
997206,0.0060510971
997207,0.0061171586
997208,0.0061817844
997209,0.010713466
997210,0.0060898727
997211,0.008840045
997212,0.00646111
997213,0.0091107534
997214,0.0061185947
997215,0.017538631
997216,0.0090741329
997217,0.010493021
997218,0.010318532
997219,0.0093010394
997220,0.014820772
997221,0.0062514362
997222,0.0060546873
997223,0.01741728
997224,0.013430607
997225,0.0066779642
997226,0.0088752294
997227,0.0063275504
997228,0.0069443649
997229,0.0062140971
997230,0.014380601
997231,0.0069630342
997232,0.0081492709
997233,0.0083503276
997234,0.0061272117
997235,0.010955451
997236,0.020369945
997237,0.0062729781
997238,0.0061279298
997239,0.0085248165
997240,0.0090432558
997241,0.014834415
997242,0.0063878675
997243,0.011828613
997244,0.0066557042
997245,0.012938735
997246,0.0065178368
997247,0.013885125
997248,0.0053380798
997249,0.015077838
997250,0.014592429
997251,0.0063526826
997252,0.0099883713
997253,0.006343348
997254,0.0054973555
997255,0.0082885744
997256,0.024672829
997257,0.014112571
997258,0.0063878675
997259,0.004983746
997260,0.01470301
997261,0.0030728835
997262,0.0092048198
997263,0.012179027
997264,0.01507712
997265,0.0090411017
997266,0.0081793303
997267,0.0077916677
997268,0.0061925552
997269,0.014819336
997270,0.010253906
997271,0.0081916358
997272,0.0097577265
997273,0.0092098461
997274,0.010514562
997275,0.01647106
997276,0.0069515454
997277,0.011661305
997278,0.0094353175
997279,0.0061954274
997280,0.0066636028
997281,0.011978688
997282,0.0067361272
997283,0.012090705
997284,0.0061580883
997285,0.0072176377
997286,0.0061982996
997287,0.0059864717
997288,0.0054935841
997289,0.012194824
997290,0.012027516
997291,0.0068129594
997292,0.010368796
997293,0.006271542
997294,0.010701976
997295,0.0066535501
997296,0.0063024187
997297,0.015729118
997298,0.032301959
997299,0.0078290151
997300,0.0091595817
997301,0.006227022
997302,0.0063699163
997303,0.0011484788
997304,0.011144086
997305,0.0052473554
997306,0.012227137
997307,0.0092845242
997308,0.0089664236
997309,0.0089563709
997310,0.0026575513
997311,0.017589614
997312,0.0061501898
997313,0.0050690598
997314,0.021139706
997315,0.011971507
997316,0.0061501898
997317,0.011776913
997318,0.005426351
997319,0.0068689683
997320,0.008986529
997321,0.0062657972
997322,0.0091789691
997323,0.0092751896
997324,0.014785587
997325,0.014759019
997326,0.017520681
997327,0.011173644
997328,0.017665729
997329,0.011784812
997330,0.0092026656
997331,0.0063462202
997332,0.0066269818
997333,0.00830233
997334,0.0061954274
997335,0.0091567095
997336,0.0063139074
997337,0.0062744142
997338,0.0062600528
997339,0.018407485
997340,0.012138098
997341,0.0061430088
997342,0.0044422206
997343,0.0117446
997344,0.0061825025
997345,0.0060963351
997346,0.011877442
997347,0.0093570482
997348,0.006094899
997349,0.0061695771
997350,0.0061760396
997351,0.0090726968
997352,0.006321806
997353,0.0068467082
997354,0.026700368
997355,0.0064115636
997356,0.020642091
997357,0.0072703641
997358,0.0068136775
997359,0.0099903783
997360,0.017845962
997361,0.0063598631
997362,0.0091954852
997363,0.0066449335
997364,0.0061738854
997365,0.0023927109
997366,0.0064266431
997367,0.0059749829
997368,0.0062729781
997369,0.0066291359
997370,0.0071762982
997371,0.0061588064
997372,0.012097886
997373,0.0061480352
997374,0.0067224838
997375,0.0061444449
997376,0.011401367
997377,0.0091918949
997378,0.0070398669
997379,0.010980107
997380,0.0060317097
997381,0.0097103342
997382,0.017601103
997383,0.0063569909
997384,0.0062370747
997385,0.0063835592
997386,0.0063146255
997387,0.0092486218
997388,0.0061746035
997389,0.0090942383
997390,0.020473346
997391,0.0061911191
997392,0.0091689164
997393,0.014027175
997394,0.0061465991
997395,0.0067670038
997396,0.011891085
997397,0.0060668946
997398,0.0057236617
997399,0.008869485
997400,0.01408835
997401,0.011822151
997402,0.010049977
997403,0.0082610687
997404,0.0062736962
997405,0.0062076342
997406,0.0090619251
997407,0.0062413835
997408,0.006058278
997409,0.010352999
997410,0.016360294
997411,0.0067720301
997412,0.007481474
997413,0.010177074
997414,0.0060001151
997415,0.0076631433
997416,0.0063928938
997417,0.0092859603
997418,0.014701574
997419,0.020243566
997420,0.0097103342
997421,0.0059864717
997422,0.0089039523
997423,0.0063131894
997424,0.0058672735
997425,0.006322524
997426,0.010416188
997427,0.0061250576
997428,0.015045526
997429,0.012480298
997430,0.011346077
997431,0.01662511
997432,0.0091035729
997433,0.026434686
997434,0.039182417
997435,0.0094051585
997436,0.012137379
997437,0.01484016
997438,0.00641659
997439,0.0062729781
997440,0.038166359
997441,0.0077349492
997442,0.0086616967
997443,0.0064338236
997444,0.0063670441
997445,0.0055184118
997446,0.009280934
997447,0.0088491319
997448,0.0066090305
997449,0.020387178
997450,0.012858562
997451,0.011708697
997452,0.0062399469
997453,0.011939129
997454,0.0064812154
997455,0.0061322381
997456,0.0063103172
997457,0.0060259649
997458,0.011769732
997459,0.0064912685
997460,0.017554428
997461,0.014950023
997462,0.012206313
997463,0.005991498
997464,0.018159755
997465,0.032495949
997466,0.020762006
997467,0.010070801
997468,0.0063735065
997469,0.0061142864
997470,0.008501363
997471,0.0177282
997472,0.011952838
997473,0.0061236215
997474,0.020833813
997475,0.0070312498
997476,0.0060029873
997477,0.0063950485
997478,0.012043313
997479,0.0057767979
997480,0.009090648
997481,0.0094360355
997482,0.011625402
997483,0.0095401537
997484,0.0060568415
997485,0.0061185947
997486,0.0061264937
997487,0.015088608
997488,0.0060317097
997489,0.011055611
997490,0.0091646081
997491,0.014402143
997492,0.0080544865
997493,0.0062313303
997494,0.01198156
997495,0.0053833816
997496,0.022486787
997497,0.0092751896
997498,0.012041877
997499,0.012058393
997500,0.014460306
997501,0.0061853747
997502,0.0061157225
997503,0.009105009
997504,0.01563218
997505,0.0064129997
997506,0.015065631
997507,0.0060905907
997508,0.0063304226
997509,0.0061552161
997510,0.0063814051
997511,0.0060022692
997512,0.0066844267
997513,0.0060202205
997514,0.0064970129
997515,0.0064596739
997516,0.0090130977
997517,0.0062083523
997518,0.0061853747
997519,0.0061322381
997520,0.02066076
997521,0.0091861505
997522,0.0165799
997523,0.0064589558
997524,0.0090805953
997525,0.015085018
997526,0.01323247
997527,0.0084673716
997528,0.0072875977
997529,0.0079525216
997530,0.0088522518
997531,0.0061236215
997532,0.0065558939
997533,0.0063605811
997534,0.0063943304
997535,0.0066291359
997536,0.0079970416
997537,0.0059311809
997538,0.018411776
997539,0.0090554627
997540,0.0088536879
997541,0.0060798195
997542,0.0053939093
997543,0.017543659
997544,0.0059232824
997545,0.0063024187
997546,0.0098489197
997547,0.0065099378
997548,0.0063368855
997549,0.014649156
997550,0.0061465991
997551,0.0014127152
997552,0.0062320484
997553,0.0052734376
997554,0.0062578986
997555,0.00564649
997556,0.0063928938
997557,0.0060087317
997558,0.0079956399
997559,0.026445456
997560,0.0028340276
997561,0.0060891546
997562,0.0070513557
997563,0.0059347712
997564,0.012005975
997565,0.0099530388
997566,0.0064697266
997567,0.0090274587
997568,0.0091940491
997569,0.0060604322
997570,0.0059304629
997571,0.0089204675
997572,0.0084693935
997573,0.0059527229
997574,0.0074218749
997575,0.010049977
997576,0.006299546
997577,0.014836569
997578,0.0063411938
997579,0.0069055893
997580,0.006380687
997581,0.0090540266
997582,0.011795582
997583,0.0085743619
997584,0.018583409
997585,0.0061997357
997586,0.005786851
997587,0.0064510568
997588,0.0061027976
997589,0.0092558023
997590,0.01758028
997591,0.0062657972
997592,0.011937041
997593,0.017486213
997594,0.0059857536
997595,0.0094898893
997596,0.020356301
997597,0.0062392289
997598,0.009237132
997599,0.0091918949
997600,0.0065996954
997601,0.010861386
997602,0.0068747126
997603,0.011784093
997604,0.01214456
997605,0.011822151
997606,0.0064840876
997607,0.0093075018
997608,0.0091222422
997609,0.00613152
997610,0.0063950485
997611,0.01202249
997612,0.0065228632
997613,0.0094439341
997614,0.012337718
997615,0.0061516259
997616,0.012413114
997617,0.0063131894
997618,0.014918428
997619,0.0095897
997620,0.011818561
997621,0.0062873391
997622,0.0062614889
997623,0.0095703127
997624,0.0074793198
997625,0.0060381722
997626,0.0091818413
997627,0.0084693301
997628,0.0066966335
997629,0.011893239
997630,0.020616958
997631,0.017658548
997632,0.0066032857
997633,0.0063770968
997634,0.0088529699
997635,0.014776252
997636,0.0062069162
997637,0.011849437
997638,0.014433968
997639,0.0065487134
997640,0.024060059
997641,0.0070549459
997642,0.0092715994
997643,0.012005975
997644,0.0065623564
997645,0.0085743619
997646,0.012110811
997647,0.0052267336
997648,0.0061602425
997649,0.0061465991
997650,0.0095861098
997651,0.014494054
997652,0.0056525888
997653,0.009046128
997654,0.0062722601
997655,0.020564539
997656,0.01519201
997657,0.00869356
997658,0.0060331458
997659,0.0061178766
997660,0.0062334845
997661,0.006262925
997662,0.0067325369
997663,0.0068840478
997664,0.006921865
997665,0.01512164
997666,0.0062061981
997667,0.0064280792
997668,0.005873736
997669,0.006204044
997670,0.014578786
997671,0.017682962
997672,0.014827953
997673,0.0055253371
997674,0.012298224
997675,0.006366326
997676,0.016010033
997677,0.02089054
997678,0.0071885055
997679,0.023157457
997680,0.0091753788
997681,0.015917968
997682,0.0062191235
997683,0.018232996
997684,0.0094898893
997685,0.0073830998
997686,0.025791816
997687,0.019389074
997688,0.0061738854
997689,0.011834358
997690,0.0064589558
997691,0.0063534006
997692,0.012788661
997693,0.0052700229
997694,0.022082519
997695,0.014820772
997696,0.010757267
997697,0.011818561
997698,0.011638328
997699,0.0063498104
997700,0.0084659355
997701,0.0069637522
997702,0.0053050816
997703,0.0088493796
997704,0.0088465074
997705,0.009059771
997706,0.0266221
997707,0.0063103172
997708,0.0062327664
997709,0.0054612076
997710,0.0089039523
997711,0.0088723572
997712,0.014898323
997713,0.012082089
997714,0.0061236215
997715,0.0058790869
997716,0.0091681983
997717,0.0065286076
997718,0.010430456
997719,0.011972225
997720,0.0063699163
997721,0.0084300321
997722,0.014881807
997723,0.0061832205
997724,0.006307445
997725,0.0063763787
997726,0.013131893
997727,0.0061853747
997728,0.008157528
997729,0.0061487532
997730,0.0061150044
997731,0.0065329159
997732,0.0081341909
997733,0.0071274703
997734,0.01432894
997735,0.0057495791
997736,0.0062112249
997737,0.02657399
997738,0.0061588064
997739,0.01753217
997740,0.011256319
997741,0.0059376438
997742,0.0061358283
997743,0.011730239
997744,0.006424489
997745,0.0032359876
997746,0.01159668
997747,0.015688907
997748,0.0066822725
997749,0.0092141544
997750,0.0092263613
997751,0.0067856731
997752,0.020527201
997753,0.0094001321
997754,0.0063864314
997755,0.014832261
997756,0.0032684074
997757,0.010651712
997758,0.0092163086
997759,0.014981617
997760,0.0088766655
997761,0.0061975815
997762,0.0062614889
997763,0.0064919866
997764,0.0088709211
997765,0.0096758679
997766,0.01949653
997767,0.0071131089
997768,0.019875666
997769,0.0060467888
997770,0.0028044905
997771,0.016553452
997772,0.011758962
997773,0.0065846164
997774,0.0077837775
997775,0.0091466568
997776,0.0063390397
997777,0.0070852558
997778,0.0059706746
997779,0.013373162
997780,0.0059886258
997781,0.0059800092
997782,0.0098000923
997783,0.023260253
997784,0.0066470876
997785,0.0068014706
997786,0.0061372644
997787,0.0089858109
997788,0.012389419
997789,0.0091007007
997790,0.0060173483
997791,0.0095818015
997792,0.0063110352
997793,0.0090375114
997794,0.0063010948
997795,0.0072409236
997796,0.0018800708
997797,0.0068301931
997798,0.0061444449
997799,0.0094604176
997800,0.0092996033
997801,0.0062729781
997802,0.01159668
997803,0.006204762
997804,0.0060891546
997805,0.0091007007
997806,0.013325051
997807,0.011906882
997808,0.0061580883
997809,0.0061358283
997810,0.014726706
997811,0.0065041934
997812,0.0057433429
997813,0.0061659869
997814,0.0063512465
997815,0.012365723
997816,0.0090849036
997817,0.0062622069
997818,0.011772605
997819,0.029330062
997820,0.010871345
997821,0.0066485237
997822,0.0077457204
997823,0.0063792509
997824,0.0097196689
997825,0.012190516
997826,0.0062471279
997827,0.026258042
997828,0.0061487532
997829,0.009265855
997830,0.0061595244
997831,0.0065044262
997832,0.0082663847
997833,0.0093441233
997834,0.0083108339
997835,0.0090698246
997836,0.012201287
997837,0.01202967
997838,0.01226663
997839,0.0062298942
997840,0.026206343
997841,0.0090504363
997842,0.0062772864
997843,0.0018378721
997844,0.016160792
997845,0.012839642
997846,0.0090145338
997847,0.025823615
997848,0.0064352597
997849,0.0093469955
997850,0.0090791592
997851,0.0062564625
997852,0.0054711499
997853,0.012028952
997854,0.0055951602
997855,0.010263959
997856,0.01495864
997857,0.0091107534
997858,0.0058787628
997859,0.0090389475
997860,0.0091380402
997861,0.011947812
997862,0.0087445425
997863,0.011327407
997864,0.0091911769
997865,0.0090490002
997866,0.0060640224
997867,0.0057286862
997868,0.015992647
997869,0.0050548012
997870,0.0069996552
997871,0.0060791015
997872,0.005384888
997873,0.0095265107
997874,0.0092033837
997875,0.0060992073
997876,0.0061063878
997877,0.031588208
997878,0.0080611035
997879,0.0064043831
997880,0.0062686694
997881,0.014677878
997882,0.0059613395
997883,0.0062054801
997884,0.0091085993
997885,0.006733973
997886,0.016346768
997887,0.0091538373
997888,0.0062277401
997889,0.0088816928
997890,0.0089915553
997891,0.0064129997
997892,0.0091545554
997893,0.0061422908
997894,0.0064747529
997895,0.0018050751
997896,0.0062514362
997897,0.0068984088
997898,0.013915201
997899,0.0014865033
997900,0.0054644528
997901,0.0090992646
997902,0.0062744142
997903,0.0067153033
997904,0.0064876783
997905,0.0063828412
997906,0.0063749426
997907,0.0062191235
997908,0.0064467485
997909,0.011967199
997910,0.0092945769
997911,0.006167423
997912,0.0059283087
997913,0.0040566255
997914,0.0063095991
997915,0.0067145852
997916,0.0060712029
997917,0.0089915553
997918,0.006343348
997919,0.01808005
997920,0.006519991
997921,0.0062155332
997922,0.0061667049
997923,0.0091394763
997924,0.010979866
997925,0.01063296
997926,0.0087617766
997927,0.0064812154
997928,0.01198156
997929,0.0063900216
997930,0.014586684
997931,0.018411793
997932,0.0055908826
997933,0.0076990463
997934,0.012568934
997935,0.0066535501
997936,0.012087115
997937,0.001967791
997938,0.017647777
997939,0.035345681
997940,0.006240665
997941,0.0064094095
997942,0.0089965817
997943,0.010424179
997944,0.0088457894
997945,0.009457577
997946,0.0084156711
997947,0.010984892
997948,0.0063577089
997949,0.0070226332
997950,0.010888672
997951,0.011201747
997952,0.011924115
997953,0.008329195
997954,0.0090877758
997955,0.0090130977
997956,0.0091337319
997957,0.0095422287
997958,0.0061846566
997959,0.0062844669
997960,0.006402229
997961,0.0060072956
997962,0.0061121322
997963,0.0070578181
997964,0.0060611502
997965,0.014731732
997966,0.0091172159
997967,0.0058127008
997968,0.012408088
997969,0.013441815
997970,0.0068129594
997971,0.008884565
997972,0.0075367647
997973,0.0062751323
997974,0.015975008
997975,0.01830193
997976,0.01742805
997977,0.0061071059
997978,0.013881548
997979,0.0061322381
997980,0.0060116039
997981,0.0070886947
997982,0.0063095991
997983,0.0061659869
997984,0.009955911
997985,0.0063354494
997986,0.0089671416
997987,0.0061695771
997988,0.0088120401
997989,0.010826197
997990,0.0042440845
997991,0.0062966738
997992,0.0089736041
997993,0.0062801586
997994,0.0064474666
997995,0.010673254
997996,0.0065034754
997997,0.0087294634
997998,0.017876837
997999,0.014960076
998000,0.0063311406
998001,0.032304112
998002,0.0081980983
998003,0.0066176471
998004,0.012120864
998005,0.011733111
998006,0.0089333924
998007,0.019177889
998008,0.0058981501
998009,0.0090360753
998010,0.005523779
998011,0.0087603405
998012,0.0059211282
998013,0.0062550264
998014,0.006108542
998015,0.011462403
998016,0.017555147
998017,0.0062894933
998018,0.009003045
998019,0.0099200085
998020,0.017630544
998021,0.0062787225
998022,0.0092565203
998023,0.02348561
998024,0.0063232421
998025,0.02776956
998026,0.0059685204
998027,0.0090274587
998028,0.0063921758
998029,0.0069917566
998030,0.0064051012
998031,0.0056978115
998032,0.0063641719
998033,0.011260072
998034,0.0065242993
998035,0.0079015391
998036,0.012991154
998037,0.0062973918
998038,0.0054674535
998039,0.011960736
998040,0.0061982996
998041,0.006534352
998042,0.017849552
998043,0.029418945
998044,0.0070673437
998045,0.0081571694
998046,0.0063627353
998047,0.022966452
998048,0.0065637925
998049,0.0092558023
998050,0.014718807
998051,0.0063038548
998052,0.0051852376
998053,0.0067792106
998054,0.0081377812
998055,0.013142664
998056,0.012425322
998057,0.006300264
998058,0.009721823
998059,0.0030876466
998060,0.009104291
998061,0.00599078
998062,0.0089319563
998063,0.0089039523
998064,0.0063189338
998065,0.0065278895
998066,0.0089613972
998067,0.0087883445
998068,0.0089175953
998069,0.0060202205
998070,0.0060855639
998071,0.0073737651
998072,0.0058299345
998073,0.0063024187
998074,0.0064058192
998075,0.0062392289
998076,0.011847283
998077,0.012102194
998078,0.014826517
998079,0.0060001151
998080,0.0065953871
998081,0.0068373736
998082,0.0053423196
998083,0.012522978
998084,0.014866728
998085,0.024024874
998086,0.0069896025
998087,0.0090640802
998088,0.013061523
998089,0.0088974899
998090,0.011623966
998091,0.0098862592
998092,0.0059168199
998093,0.0088723572
998094,0.0063627353
998095,0.0056274412
998096,0.0090375114
998097,0.010043515
998098,0.01495864
998099,0.0070700254
998100,0.013350184
998101,0.0064072553
998102,0.010348972
998103,0.0061925552
998104,0.011712288
998105,0.011475327
998106,0.0061753215
998107,0.006425207
998108,0.0091143437
998109,0.0062421015
998110,0.0077730068
998111,0.0075058881
998112,0.0080406498
998113,0.0090087894
998114,0.0062421015
998115,0.0060317097
998116,0.0069868863
998117,0.01048225
998118,0.0056310319
998119,0.023575367
998120,0.0092041017
998121,0.0096665323
998122,0.006520709
998123,0.0061925552
998124,0.0052154087
998125,0.01210004
998126,0.0062844669
998127,0.0060805376
998128,0.011810662
998129,0.014453125
998130,0.012559599
998131,0.0063936124
998132,0.008458755
998133,0.0067052506
998134,0.0038349768
998135,0.014636949
998136,0.0064338236
998137,0.027555101
998138,0.0088536879
998139,0.008363896
998140,0.0087323356
998141,0.0080955783
998142,0.0060417624
998143,0.0064453124
998144,0.0091969213
998145,0.011583037
998146,0.0088134762
998147,0.0061336742
998148,0.011664895
998149,0.020852482
998150,0.016554423
998151,0.0063648899
998152,0.016834931
998153,0.0089305202
998154,0.0071461396
998155,0.0091868686
998156,0.0091452207
998157,0.0092486218
998158,0.0062054801
998159,0.0068021887
998160,0.017639879
998161,0.0018845205
998162,0.0075891833
998163,0.017231302
998164,0.0060654585
998165,0.0065645105
998166,0.012127327
998167,0.012431785
998168,0.014751839
998169,0.0088974899
998170,0.006299546
998171,0.0061990176
998172,0.03147978
998173,0.0062248679
998174,0.038924631
998175,0.0095825195
998176,0.0063878675
998177,0.0061379825
998178,0.006519991
998179,0.0062385108
998180,0.0062981099
998181,0.0089412909
998182,0.020553768
998183,0.02313376
998184,0.025376607
998185,0.0077141258
998186,0.0068359375
998187,0.0062155332
998188,0.0019995228
998189,0.0016554227
998190,0.0062930835
998191,0.010924458
998192,0.011997358
998193,0.012534467
998194,0.0065142461
998195,0.016797926
998196,0.0060245288
998197,0.015339212
998198,0.011675666
998199,0.018947467
998200,0.0063763787
998201,0.006300264
998202,0.0060259649
998203,0.015135283
998204,0.0090353573
998205,0.027903862
998206,0.018177705
998207,0.011740512
998208,0.0062464098
998209,0.0064453124
998210,0.01462546
998211,0.016224518
998212,0.025129251
998213,0.0016406127
998214,0.009281652
998215,0.0060554054
998216,0.0091552734
998217,0.012028952
998218,0.017637005
998219,0.0091825593
998220,0.0060970532
998221,0.011822869
998222,0.0064309514
998223,0.01183364
998224,0.012087115
998225,0.0083007813
998226,0.0091258334
998227,0.0090051992
998228,0.0084031457
998229,0.012278119
998230,0.008928366
998231,0.0064273612
998232,0.009501379
998233,0.0078936405
998234,0.0062327664
998235,0.0091545554
998236,0.015097943
998237,0.0063964846
998238,0.0020001356
998239,0.0063828412
998240,0.0060546873
998241,0.0060410444
998242,0.0064553656
998243,0.014981617
998244,0.0064366958
998245,0.0071698357
998246,0.0060317097
998247,0.0063318587
998248,0.01458094
998249,0.002027076
998250,0.012119428
998251,0.014803539
998252,0.0066176471
998253,0.016704248
998254,0.0063110352
998255,0.0079523241
998256,0.0061544981
998257,0.0056418027
998258,0.0065070656
998259,0.0063770968
998260,0.014789177
998261,0.023770681
998262,0.015096507
998263,0.018905101
998264,0.015208525
998265,0.010241699
998266,0.0063749426
998267,0.0066729379
998268,0.0062643611
998269,0.028118938
998270,0.012031106
998271,0.0084860409
998272,0.013131893
998273,0.015062041
998274,0.0063694622
998275,0.0096162688
998276,0.0058119828
998277,0.008928366
998278,0.0063139074
998279,0.0091502471
998280,0.012012437
998281,0.012179027
998282,0.005977137
998283,0.009310375
998284,0.011367872
998285,0.008003898
998286,0.0060819737
998287,0.016832072
998288,0.0060094497
998289,0.013227396
998290,0.0064223344
998291,0.012179526
998292,0.0059713926
998293,0.013915298
998294,0.012169692
998295,0.0055667837
998296,0.011663459
998297,0.0090095075
998298,0.0093333526
998299,0.0062298942
998300,0.0069048712
998301,0.0062930835
998302,0.0062385108
998303,0.010868068
998304,0.00613152
998305,0.020364201
998306,0.0087050498
998307,0.0063246782
998308,0.015543141
998309,0.0035818275
998310,0.014924173
998311,0.012159639
998312,0.0088371728
998313,0.0090195602
998314,0.011685719
998315,0.022278484
998316,0.009003045
998317,0.006168141
998318,0.0091617359
998319,0.0080799069
998320,0.0058733849
998321,0.012143842
998322,0.0093003213
998323,0.0051988848
998324,0.0061415727
998325,0.0088285562
998326,0.005977137
998327,0.0063691982
998328,0.02064568
998329,0.0062571806
998330,0.0085370233
998331,0.0092256432
998332,0.0061465991
998333,0.015171186
998334,0.012180463
998335,0.026585478
998336,0.0087883445
998337,0.0015264337
998338,0.0092105642
998339,0.013442095
998340,0.020396514
998341,0.01472886
998342,0.010504509
998343,0.012842515
998344,0.011753217
998345,0.013446836
998346,0.0073694563
998347,0.0011630893
998348,0.014333927
998349,0.0096392464
998350,0.022497119
998351,0.0088737933
998352,0.0060597141
998353,0.01484375
998354,0.0066348803
998355,0.017616183
998356,0.014619716
998357,0.0061236215
998358,0.0091559915
998359,0.0060259649
998360,0.0060819737
998361,0.0061889649
998362,0.01191119
998363,0.0058859433
998364,0.0060044234
998365,0.0060625863
998366,0.0066327262
998367,0.0089326743
998368,0.012345617
998369,0.0061300839
998370,0.022287168
998371,0.0097541362
998372,0.010462143
998373,0.0062808767
998374,0.0064051012
998375,0.010480814
998376,0.014820054
998377,0.011053308
998378,0.0064568017
998379,0.0062801586
998380,0.0062657972
998381,0.008517636
998382,0.02240815
998383,0.0090647982
998384,0.0086188819
998385,0.014815028
998386,0.017480435
998387,0.0072538489
998388,0.014974437
998389,0.0088931816
998390,0.0088938996
998391,0.0061473171
998392,0.0088486616
998393,0.0062844669
998394,0.009838149
998395,0.0063146255
998396,0.023783183
998397,0.0064927046
998398,0.0065602022
998399,0.0092924228
998400,0.009237132
998401,0.016608786
998402,0.0077967024
998403,0.0059060492
998404,0.0055635339
998405,0.0060597141
998406,0.0091832774
998407,0.0062693874
998408,0.0063763787
998409,0.006285903
998410,0.0063268323
998411,0.011979406
998412,0.0061710132
998413,0.0061063878
998414,0.0049698544
998415,0.0062844669
998416,0.014996697
998417,0.0089506265
998418,0.010316378
998419,0.0091545554
998420,0.0058608111
998421,0.03315717
998422,0.0061982996
998423,0.0089965817
998424,0.0060798195
998425,0.0063124713
998426,0.0095143039
998427,0.015126666
998428,0.0096593518
998429,0.0094475243
998430,0.0061846566
998431,0.0061695771
998432,0.0062205596
998433,0.0061868108
998434,0.0089175953
998435,0.0061078239
998436,0.0091552734
998437,0.020703126
998438,0.0061300839
998439,0.0071324967
998440,0.011671358
998441,0.0061559342
998442,0.0058945599
998443,0.014602481
998444,0.0065041934
998445,0.0084784459
998446,0.0064338236
998447,0.0097469557
998448,0.0060159122
998449,0.010139734
998450,0.0093635106
998451,0.0064187441
998452,0.0063203699
998453,0.0061839386
998454,0.014579504
998455,0.0061465991
998456,0.023292452
998457,0.010584932
998458,0.0060654585
998459,0.0093003213
998460,0.0067002242
998461,0.0060625863
998462,0.0079325372
998463,0.0085197901
998464,0.0089951456
998465,0.0081004426
998466,0.0060094497
998467,0.0081966622
998468,0.0059103575
998469,0.0060367361
998470,0.011775477
998471,0.0064481846
998472,0.011719468
998473,0.0079963235
998474,0.0061544981
998475,0.015028291
998476,0.014771226
998477,0.0086062774
998478,0.0089527806
998479,0.0089039523
998480,0.0061588064
998481,0.007754337
998482,0.0061214673
998483,0.0086677102
998484,0.011534926
998485,0.0061501898
998486,0.0095437439
998487,0.0092184627
998488,0.015093635
998489,0.012021772
998490,0.0059512868
998491,0.0061408547
998492,0.0060668946
998493,0.0059792912
998494,0.005991498
998495,0.0064259251
998496,0.0064467485
998497,0.006285185
998498,0.0065659466
998499,0.0066320081
998500,0.012245807
998501,0.012055521
998502,0.020423081
998503,0.0089570889
998504,0.0087007415
998505,0.0092629828
998506,0.014756865
998507,0.0066636028
998508,0.0065838983
998509,0.013888431
998510,0.0061264937
998511,0.0067605413
998512,0.0063943304
998513,0.0022568994
998514,0.0060734604
998515,0.017807905
998516,0.0035725462
998517,0.0088608684
998518,0.0065293256
998519,0.023427447
998520,0.01451057
998521,0.0073112939
998522,0.014590993
998523,0.0061365464
998524,0.0064359778
998525,0.0092041017
998526,0.024551213
998527,0.0062435376
998528,0.0061825025
998529,0.0068323473
998530,0.012328384
998531,0.0062938016
998532,0.0064402861
998533,0.0087646488
998534,0.024732167
998535,0.0015073684
998536,0.014993107
998537,0.0049095345
998538,0.001813449
998539,0.0089915553
998540,0.0093276082
998541,0.026293945
998542,0.0096406825
998543,0.0091093173
998544,0.019687636
998545,0.0085628731
998546,0.0062880572
998547,0.011963609
998548,0.015252327
998549,0.026740579
998550,0.006498449
998551,0.0067210477
998552,0.021961169
998553,0.012293916
998554,0.0060144761
998555,0.011660587
998556,0.0099106729
998557,0.0061071059
998558,0.0090877758
998559,0.0071389591
998560,0.007151884
998561,0.0098130172
998562,0.015971823
998563,0.018134622
998564,0.006226304
998565,0.0063670441
998566,0.0060180663
998567,0.0079367245
998568,0.0062090703
998569,0.0091459388
998570,0.0089958636
998571,0.0060898727
998572,0.0064718807
998573,0.023061236
998574,0.0090490002
998575,0.0064122817
998576,0.006050379
998577,0.019029938
998578,0.0093958238
998579,0.0061875288
998580,0.0060654585
998581,0.0032110226
998582,0.0063376036
998583,0.0092945769
998584,0.014717371
998585,0.007826861
998586,0.006307445
998587,0.0063189338
998588,0.012160357
998589,0.0053245118
998590,0.0088816928
998591,0.0053720651
998592,0.015633617
998593,0.0087567493
998594,0.0070054
998595,0.0063735065
998596,0.016391888
998597,0.0060824938
998598,0.012089922
998599,0.026340619
998600,0.021024281
998601,0.0083406465
998602,0.0062083523
998603,0.012826717
998604,0.012234317
998605,0.0067720301
998606,0.0098462105
998607,0.0054365015
998608,0.010622726
998609,0.0079388786
998610,0.0061954274
998611,0.037227135
998612,0.005859375
998613,0.0059857536
998614,0.0091071632
998615,0.012260389
998616,0.014727424
998617,0.0079360064
998618,0.0062873391
998619,0.0065975413
998620,0.010893112
998621,0.0093706921
998622,0.0061925552
998623,0.009075569
998624,0.008884565
998625,0.012264476
998626,0.017620074
998627,0.0060431985
998628,0.0072847256
998629,0.0072143553
998630,0.009339097
998631,0.009177533
998632,0.0065185549
998633,0.006307445
998634,0.0062981099
998635,0.0092055378
998636,0.012253705
998637,0.0056561558
998638,0.012155331
998639,0.0062772864
998640,0.038798254
998641,0.0064065373
998642,0.005895278
998643,0.01290714
998644,0.0066406252
998645,0.0066980696
998646,0.011952838
998647,0.013041418
998648,0.008121266
998649,0.031881895
998650,0.0060618683
998651,0.009076287
998652,0.0060956171
998653,0.0061580883
998654,0.0064302334
998655,0.0061746035
998656,0.020479091
998657,0.0062054801
998658,0.011818561
998659,0.0092026656
998660,0.0061997357
998661,0.0059943702
998662,0.0088371728
998663,0.011580883
998664,0.0087840362
998665,0.0091452207
998666,0.0061710132
998667,0.0096424762
998668,0.017018756
998669,0.006285185
998670,0.0060453527
998671,0.0071849148
998672,0.0061846566
998673,0.0063878675
998674,0.012041159
998675,0.0075884652
998676,0.0093412511
998677,0.011776195
998678,0.013156308
998679,0.0093290443
998680,0.011997358
998681,0.01240378
998682,0.0055891089
998683,0.0063038548
998684,0.017687988
998685,0.0091416305
998686,0.0067720301
998687,0.0061839386
998688,0.012443991
998689,0.0092256432
998690,0.0063627353
998691,0.012028952
998692,0.0063742246
998693,0.014527085
998694,0.0066442154
998695,0.0098941624
998696,0.0065307617
998697,0.01439209
998698,0.0082601504
998699,0.0061494717
998700,0.0060905907
998701,0.0061616786
998702,0.0062665152
998703,0.011638328
998704,0.0090877758
998705,0.006071921
998706,0.0060238107
998707,0.0063720704
998708,0.0060554054
998709,0.012897307
998710,0.0080757532
998711,0.0065652286
998712,0.011744132
998713,0.013667567
998714,0.0089341104
998715,0.013074997
998716,0.0091911769
998717,0.0063842773
998718,0.0093060657
998719,0.014323156
998720,0.0089384187
998721,0.029170496
998722,0.0088730752
998723,0.010886265
998724,0.0092601106
998725,0.011368036
998726,0.0026646852
998727,0.0063232421
998728,0.0059591853
998729,0.017704504
998730,0.017645624
998731,0.026414579
998732,0.0087136663
998733,0.0060302736
998734,0.0085426224
998735,0.0061997357
998736,0.0087761376
998737,0.0062794406
998738,0.0059936522
998739,0.017775591
998740,0.0090332031
998741,0.0060453527
998742,0.011216928
998743,0.0063095991
998744,0.0062622069
998745,0.0086224722
998746,0.015207089
998747,0.006365608
998748,0.0061071059
998749,0.0018309782
998750,0.011963609
998751,0.0090669524
998752,0.0058199312
998753,0.00610926
998754,0.0061602425
998755,0.011818561
998756,0.0065142461
998757,0.015929457
998758,0.004978158
998759,0.0120706
998760,0.0071389591
998761,0.0089707319
998762,0.0060676127
998763,0.0093017574
998764,0.0064934227
998765,0.0087711113
998766,0.0091789691
998767,0.0059196921
998768,0.0061330884
998769,0.0066233915
998770,0.022281423
998771,0.0075066062
998772,0.01157083
998773,0.010231647
998774,0.011894675
998775,0.0060080136
998776,0.0057333349
998777,0.0021206124
998778,0.0061049517
998779,0.0055820537
998780,0.0074987076
998781,0.0098460475
998782,0.010814155
998783,0.0092328237
998784,0.020082721
998785,0.027775947
998786,0.0063268323
998787,0.0057688993
998788,0.006299546
998789,0.0095896311
998790,0.0083945934
998791,0.01148897
998792,0.0077076633
998793,0.0058572209
998794,0.011551442
998795,0.015254965
998796,0.0058147674
998797,0.0062421015
998798,0.0017725952
998799,0.0058558653
998800,0.038694851
998801,0.0061616786
998802,0.0072165094
998803,0.0063749426
998804,0.0090425378
998805,0.0065487134
998806,0.012917948
998807,0.012102912
998808,0.009397978
998809,0.0063383216
998810,0.010344182
998811,0.020476935
998812,0.0062650791
998813,0.015945055
998814,0.0062054801
998815,0.0060403263
998816,0.0061372644
998817,0.0089003621
998818,0.010821397
998819,0.0063893036
998820,0.0090949563
998821,0.001748047
998822,0.0064072553
998823,0.0052657374
998824,0.0062708235
998825,0.015085018
998826,0.010579905
998827,0.00097567547
998828,0.0067232018
998829,0.009017406
998830,0.0088838469
998831,0.011676535
998832,0.006271542
998833,0.0059591853
998834,0.0091064451
998835,0.036016572
998836,0.0088874372
998837,0.0094101848
998838,0.0060841278
998839,0.010744947
998840,0.01489186
998841,0.013935835
998842,0.0060202205
998843,0.0090518724
998844,0.0090805953
998845,0.006570973
998846,0.0068510165
998847,0.0062686694
998848,0.012075626
998849,0.017027372
998850,0.0093656648
998851,0.0059074853
998852,0.006425207
998853,0.008796961
998854,0.017410817
998855,0.0068818936
998856,0.0054785297
998857,0.0063770968
998858,0.011466711
998859,0.0063332953
998860,0.0096945371
998861,0.0092321057
998862,0.012105784
998863,0.0060094497
998864,0.0090813134
998865,0.0080710016
998866,0.0062844669
998867,0.024626609
998868,0.0056532915
998869,0.012089269
998870,0.031641886
998871,0.0061580883
998872,0.015250172
998873,0.006497731
998874,0.006094899
998875,0.0062219957
998876,0.017959416
998877,0.0094222762
998878,0.006153062
998879,0.0067088408
998880,0.011467429
998881,0.0059879078
998882,0.0063670441
998883,0.0098632816
998884,0.0063555548
998885,0.01559915
998886,0.0078200884
998887,0.0062571806
998888,0.006519991
998889,0.0092715994
998890,0.0060202205
998891,0.0080347834
998892,0.0092286495
998893,0.0083912564
998894,0.011569394
998895,0.011594526
998896,0.0058155735
998897,0.0062981099
998898,0.011462403
998899,0.0064804973
998900,0.0074247471
998901,0.0090992646
998902,0.0089384187
998903,0.012112965
998904,0.017589614
998905,0.011592371
998906,0.0065946691
998907,0.0061106961
998908,0.0066327262
998909,0.0061286478
998910,0.0065645105
998911,0.009280934
998912,0.0060977712
998913,0.011291504
998914,0.012155331
998915,0.012270939
998916,0.0061516259
998917,0.0060633044
998918,0.0069694966
998919,0.0062363567
998920,0.0090130977
998921,0.0064223344
998922,0.011780503
998923,0.013406911
998924,0.0061135683
998925,0.0092033837
998926,0.0090533085
998927,0.0089534987
998928,0.012040259
998929,0.0061774757
998930,0.0060546873
998931,0.0066312901
998932,0.009736903
998933,0.0093362248
998934,0.0059283087
998935,0.0063447841
998936,0.011971507
998937,0.01238511
998938,0.0060546873
998939,0.0061559342
998940,0.012319049
998941,0.026135972
998942,0.011354693
998943,0.011040183
998944,0.0074629639
998945,0.016498089
998946,0.0059555951
998947,0.0080896718
998948,0.0059735468
998949,0.0061738854
998950,0.0070312498
998951,0.0062959557
998952,0.0091725066
998953,0.014046958
998954,0.0063246782
998955,0.027001236
998956,0.023644302
998957,0.014456715
998958,0.021477195
998959,0.0069127702
998960,0.0091222422
998961,0.023704618
998962,0.0064460305
998963,0.019444006
998964,0.0062643611
998965,0.0090992646
998966,0.0067648496
998967,0.0092622647
998968,0.0072926241
998969,0.0065027573
998970,0.0061990176
998971,0.0060008331
998972,0.012132353
998973,0.0091710705
998974,0.0065221451
998975,0.0064589558
998976,0.0063182157
998977,0.0060575595
998978,0.010246726
998979,0.0061932732
998980,0.0069055893
998981,0.0088615865
998982,0.015111587
998983,0.0065422505
998984,0.014753275
998985,0.0052649705
998986,0.0094353175
998987,0.0057125115
998988,0.0074340822
998989,0.0093405331
998990,0.0090992646
998991,0.010734289
998992,0.0062069162
998993,0.0061286478
998994,0.0060044234
998995,0.0091732247
998996,0.0062780045
998997,0.013617302
998998,0.0094518326
998999,0.0063419119
999000,0.010240263
999001,0.014932072
999002,0.011971507
999003,0.01183364
999004,0.0064216163
999005,0.0089204675
999006,0.0061516259
999007,0.011978688
999008,0.011708697
999009,0.0062112249
999010,0.0089233397
999011,0.01399572
999012,0.0082474472
999013,0.0058220359
999014,0.0063763787
999015,0.0081844553
999016,0.0062377928
999017,0.0063376036
999018,0.0064941407
999019,0.020001842
999020,0.0089534987
999021,0.0060396083
999022,0.0092859603
999023,0.016461106
999024,0.0090533085
999025,0.0062643611
999026,0.006227022
999027,0.0064338236
999028,0.00098977762
999029,0.023782169
999030,0.015257353
999031,0.0062894933
999032,0.0059879078
999033,0.012507181
999034,0.0062219957
999035,0.015879912
999036,0.0062191235
999037,0.0019481824
999038,0.0055454108
999039,0.0065523037
999040,0.0089377007
999041,0.023128733
999042,0.010977712
999043,0.012064137
999044,0.0074190027
999045,0.0063282684
999046,0.0062076342
999047,0.01488468
999048,0.020674402
999049,0.0063368855
999050,0.012572524
999051,0.013406193
999052,0.0063476563
999053,0.0059555951
999054,0.0060963351
999055,0.0060683307
999056,0.0090849036
999057,0.0092967311
999058,0.0092069739
999059,0.0061939913
999060,0.013477281
999061,0.0064848056
999062,0.0060589961
999063,0.012053366
999064,0.0066880169
999065,0.0062650791
999066,0.012076344
999067,0.0064237705
999068,0.016204474
999069,0.012319049
999070,0.0088924635
999071,0.011868106
999072,0.010205796
999073,0.0091129076
999074,0.011902574
999075,0.0060044234
999076,0.0062708235
999077,0.014960794
999078,0.0067131491
999079,0.0020116237
999080,0.0051990217
999081,0.011994486
999082,0.038786765
999083,0.0089470362
999084,0.017284438
999085,0.0058909697
999086,0.015390912
999087,0.022917081
999088,0.009237132
999089,0.017123941
999090,0.0065759993
999091,0.002850479
999092,0.014127086
999093,0.0054479265
999094,0.0061509078
999095,0.0066018496
999096,0.0068345014
999097,0.012129481
999098,0.0061659869
999099,0.009324736
999100,0.0057846969
999101,0.0064496207
999102,0.0066700657
999103,0.0064338236
999104,0.02403708
999105,0.012281709
999106,0.0062614889
999107,0.0089901192
999108,0.0061465991
999109,0.017763386
999110,0.0098410212
999111,0.0061832205
999112,0.0063670441
999113,0.0081571694
999114,0.011923397
999115,0.0072761085
999116,0.0062744142
999117,0.0075089317
999118,0.014456715
999119,0.0063577089
999120,0.0076451921
999121,0.014477539
999122,0.014919146
999123,0.0060812556
999124,0.0070441752
999125,0.016058709
999126,0.006211943
999127,0.0059570312
999128,0.011628275
999129,0.0063124713
999130,0.02508183
999131,0.0065982593
999132,0.0061659869
999133,0.0089779124
999134,0.0083484557
999135,0.0067325369
999136,0.0073996149
999137,0.026145307
999138,0.0061106961
999139,0.016906623
999140,0.0090820314
999141,0.0062966738
999142,0.0036326766
999143,0.026465561
999144,0.0099078007
999145,0.0060546873
999146,0.012526568
999147,0.0080368966
999148,0.0075446633
999149,0.0064546475
999150,0.012221392
999151,0.0054790438
999152,0.0064568017
999153,0.014901195
999154,0.0095877424
999155,0.0090784412
999156,0.0069745234
999157,0.0077607995
999158,0.012013155
999159,0.0089958636
999160,0.0092270793
999161,0.014367408
999162,0.0067583867
999163,0.011817843
999164,0.01160386
999165,0.0062133791
999166,0.0062514362
999167,0.011730239
999168,0.0060791015
999169,0.017945772
999170,0.0066198013
999171,0.015097225
999172,0.014527803
999173,0.009076287
999174,0.0084459316
999175,0.0069759595
999176,0.011925551
999177,0.00601304
999178,0.0063297045
999179,0.0088199396
999180,0.0062478459
999181,0.0064338236
999182,0.0063419119
999183,0.0061401366
999184,0.014131865
999185,0.020582492
999186,0.0082810437
999187,0.017733226
999188,0.0092945769
999189,0.0205868
999190,0.0092996033
999191,0.0070764879
999192,0.0095272288
999193,0.0049874494
999194,0.0060202205
999195,0.0099099549
999196,0.015085018
999197,0.0087352078
999198,0.0061178766
999199,0.0089836568
999200,0.0088745113
999201,0.0062729781
999202,0.0066054398
999203,0.011685001
999204,0.0057157627
999205,0.014441636
999206,0.0097096162
999207,0.0062313303
999208,0.001956322
999209,0.010355153
999210,0.013776108
999211,0.0062887752
999212,0.0061868108
999213,0.0060898727
999214,0.0087926527
999215,0.0093096569
999216,0.012023926
999217,0.011717314
999218,0.0091222422
999219,0.01060432
999220,0.0078986669
999221,0.0090805953
999222,0.0063541187
999223,0.009869026
999224,0.0092026656
999225,0.014988081
999226,0.01411061
999227,0.012111529
999228,0.0060353
999229,0.0066966335
999230,0.0063261143
999231,0.012261604
999232,0.0053767804
999233,0.0061006434
999234,0.012792969
999235,0.011214672
999236,0.011446605
999237,0.009193331
999238,0.0059007281
999239,0.020932904
999240,0.0069106156
999241,0.016545143
999242,0.014905503
999243,0.0060187844
999244,0.0088414811
999245,0.012063419
999246,0.01106316
999247,0.0090798773
999248,0.012168256
999249,0.011750345
999250,0.0072789812
999251,0.0070441752
999252,0.0091373222
999253,0.032373048
999254,0.0090647982
999255,0.0097921928
999256,0.0061114142
999257,0.0054235402
999258,0.0083180144
999259,0.0062140971
999260,0.0063088811
999261,0.011047363
999262,0.005940516
999263,0.0062571806
999264,0.0063677621
999265,0.0079972073
999266,0.0060625863
999267,0.014684341
999268,0.0064295153
999269,0.017838782
999270,0.0097175147
999271,0.0078304512
999272,0.0063447841
999273,0.0060087317
999274,0.0052185347
999275,0.0064560836
999276,0.0053919572
999277,0.0060812556
999278,0.0066542681
999279,0.011916216
999280,0.017980238
999281,0.0081614777
999282,0.0060704849
999283,0.020806525
999284,0.03606724
999285,0.0061236215
999286,0.0062571806
999287,0.015208525
999288,0.023655791
999289,0.0089937095
999290,0.0061465991
999291,0.0092601106
999292,0.015165441
999293,0.0063304226
999294,0.0088005513
999295,0.0064546475
999296,0.026390165
999297,0.0063354494
999298,0.0060561234
999299,0.0063210879
999300,0.0083388388
999301,0.0062004537
999302,0.014867446
999303,0.0063577089
999304,0.011979406
999305,0.0060546873
999306,0.0060367361
999307,0.017425308
999308,0.022139246
999309,0.0095868278
999310,0.006556612
999311,0.0062701055
999312,0.0060898727
999313,0.01237793
999314,0.012554573
999315,0.014840878
999316,0.011351103
999317,0.0094396258
999318,0.013429889
999319,0.0064711627
999320,0.012272375
999321,0.017980238
999322,0.0061738854
999323,0.0042030667
999324,0.017589614
999325,0.0054565002
999326,0.0063275504
999327,0.0087747015
999328,0.0064632641
999329,0.01302562
999330,0.0063246782
999331,0.011989458
999332,0.010957606
999333,0.0085621551
999334,0.0061480352
999335,0.0056436742
999336,0.0074692671
999337,0.0061695771
999338,0.0051987418
999339,0.0092967311
999340,0.0092981672
999341,0.0065171188
999342,0.006402229
999343,0.0093161194
999344,0.0079661654
999345,0.0013445091
999346,0.0066061579
999347,0.016768692
999348,0.014970128
999349,0.0062528723
999350,0.0086361151
999351,0.0090633612
999352,0.0062478459
999353,0.0075877472
999354,0.010650994
999355,0.012098604
999356,0.0062219957
999357,0.0063785329
999358,0.0065106559
999359,0.0061250576
999360,0.023701746
999361,0.0063174977
999362,0.0060633044
999363,0.0063347314
999364,0.0060209385
999365,0.007034122
999366,0.015609094
999367,0.0058622472
999368,0.031767003
999369,0.0063713524
999370,0.006263643
999371,0.0015738868
999372,0.0080193011
999373,0.0055229589
999374,0.020651424
999375,0.0070736157
999376,0.0065113739
999377,0.01170435
999378,0.011914062
999379,0.011788402
999380,0.00655733
999381,0.0066119027
999382,0.0088895913
999383,0.0019946815
999384,0.0061961454
999385,0.008252671
999386,0.010209386
999387,0.0071044923
999388,0.023721134
999389,0.0061825025
999390,0.0061207493
999391,0.01198156
999392,0.009149529
999393,0.016620319
999394,0.0094927624
999395,0.0082844384
999396,0.0065903608
999397,0.0061918371
999398,0.010305607
999399,0.011827177
999400,0.0064855241
999401,0.0062097884
999402,0.006425207
999403,0.014728142
999404,0.009692383
999405,0.017886892
999406,0.0062535903
999407,0.0059613395
999408,0.0063189338
999409,0.0081966622
999410,0.0043128831
999411,0.0089384187
999412,0.01063017
999413,0.0096751498
999414,0.0063368855
999415,0.0066600125
999416,0.007444853
999417,0.020284496
999418,0.012375776
999419,0.020417336
999420,0.020728257
999421,0.0054851891
999422,0.0064804973
999423,0.0055445558
999424,0.0089369826
999425,0.0053300937
999426,0.0060044234
999427,0.008299225
999428,0.0063139074
999429,0.0062155332
999430,0.0081931921
999431,0.0063246782
999432,0.0081496444
999433,0.0063253962
999434,0.0094848629
999435,0.0061480352
999436,0.029222915
999437,0.0058529126
999438,0.0068395277
999439,0.011328843
999440,0.0062069162
999441,0.0071080825
999442,0.0090863397
999443,0.0061961454
999444,0.0061300839
999445,0.0081564514
999446,0.024010926
999447,0.009501379
999448,0.0091021368
999449,0.01733542
999450,0.012306842
999451,0.0061027976
999452,0.012402344
999453,0.0096404981
999454,0.0061939913
999455,0.033170812
999456,0.020002298
999457,0.0059218463
999458,0.0062385108
999459,0.0062191235
999460,0.0062205596
999461,0.0062385108
999462,0.0084554395
999463,0.0059254365
999464,0.011259191
999465,0.0092629828
999466,0.008825684
999467,0.0062902113
999468,0.0033628447
999469,0.0061932732
999470,0.0090324851
999471,0.0089664236
999472,0.0091883047
999473,0.014402918
999474,0.012039723
999475,0.0090389475
999476,0.011196001
999477,0.0060927449
999478,0.0061063878
999479,0.0063340133
999480,0.0063914577
999481,0.012706083
999482,0.0078699449
999483,0.0060072956
999484,0.0061006434
999485,0.019112621
999486,0.013556625
999487,0.0064345417
999488,0.011840102
999489,0.027825825
999490,0.010779527
999491,0.012212776
999492,0.010041361
999493,0.0092306696
999494,0.021254595
999495,0.0062514362
999496,0.012203441
999497,0.0071044923
999498,0.006108542
999499,0.017675782
999500,0.0063304226
999501,0.0061695771
999502,0.0063555548
999503,0.0060690488
999504,0.010988482
999505,0.016092457
999506,0.0066255457
999507,0.0065946691
999508,0.006285185
999509,0.010971967
999510,0.0093240179
999511,0.0093477136
999512,0.0075525618
999513,0.015131692
999514,0.0094805546
999515,0.001949424
999516,0.0061839386
999517,0.0061236215
999518,0.0052207001
999519,0.0089944275
999520,0.014639103
999521,0.006424489
999522,0.0066226735
999523,0.011172946
999524,0.0061135683
999525,0.0063519645
999526,0.0087732654
999527,0.0064237705
999528,0.0052531385
999529,0.0092177447
999530,0.0091681983
999531,0.014843659
999532,0.0083790496
999533,0.0060324278
999534,0.008189992
999535,0.006285903
999536,0.0060977712
999537,0.0065487134
999538,0.017661421
999539,0.0060661766
999540,0.0061839386
999541,0.019930348
999542,0.017963005
999543,0.0091150617
999544,0.014247759
999545,0.0062736962
999546,0.0063232421
999547,0.023784323
999548,0.017830165
999549,0.0060317097
999550,0.010975372
999551,0.013428543
999552,0.0072380514
999553,0.011471737
999554,0.0059196921
999555,0.0070326859
999556,0.0093218638
999557,0.018451286
999558,0.014889706
999559,0.015062041
999560,0.0093912752
999561,0.0063189338
999562,0.0061473171
999563,0.0060532512
999564,0.0092586745
999565,0.0089082606
999566,0.0082045607
999567,0.0062578986
999568,0.0061939913
999569,0.005918256
999570,0.0060546873
999571,0.0063957665
999572,0.0078914864
999573,0.0072114831
999574,0.0063634538
999575,0.0090612071
999576,0.01493638
999577,0.023349179
999578,0.0062342025
999579,0.0090963924
999580,0.0092881145
999581,0.014338235
999582,0.0064108456
999583,0.015203498
999584,0.006380687
999585,0.012706801
999586,0.020475499
999587,0.011883186
999588,0.0059692385
999589,0.0062399469
999590,0.0091502471
999591,0.0060676127
999592,0.0067275101
999593,0.0082454886
999594,0.0057961857
999595,0.0071942499
999596,0.0094338814
999597,0.01188534
999598,0.005149988
999599,0.0060546873
999600,0.0090662343
999601,0.0060595251
999602,0.0087919347
999603,0.0060381722
999604,0.0059103575
999605,0.0091696344
999606,0.01753935
999607,0.0084393667
999608,0.018037684
999609,0.009780704
999610,0.0062952377
999611,0.014970128
999612,0.012065574
999613,0.0087445425
999614,0.01157801
999615,0.0064912685
999616,0.0061035156
999617,0.0091452207
999618,0.0076236501
999619,0.0057559744
999620,0.0060367361
999621,0.0066492418
999622,0.023627069
999623,0.0083733052
999624,0.0081781866
999625,0.027726747
999626,0.0090827495
999627,0.0079410328
999628,0.0055346275
999629,0.0052425284
999630,0.0069529815
999631,0.0070111444
999632,0.012180463
999633,0.02065286
999634,0.018865608
999635,0.012042595
999636,0.0061702952
999637,0.010456399
999638,0.006380687
999639,0.02854722
999640,0.0062808767
999641,0.017578125
999642,0.0063735065
999643,0.011971507
999644,0.0028004234
999645,0.0061430088
999646,0.010976548
999647,0.0065034754
999648,0.0055652168
999649,0.017912023
999650,0.0062823128
999651,0.0063878675
999652,0.0090418197
999653,0.005954877
999654,0.0088084498
999655,0.0062184054
999656,0.0062227137
999657,0.0060747932
999658,0.0063268323
999659,0.010141989
999660,0.0060460707
999661,0.0059017404
999662,0.0087747015
999663,0.0062471279
999664,0.0059283087
999665,0.0090554627
999666,0.0073184744
999667,0.033373099
999668,0.03008298
999669,0.0062176874
999670,0.0063239601
999671,0.0061465991
999672,0.0018199421
999673,0.021151194
999674,0.0062930835
999675,0.009252212
999676,0.019102102
999677,0.0067468979
999678,0.0063455021
999679,0.0096148327
999680,0.015414609
999681,0.01726958
999682,0.0024625305
999683,0.017837346
999684,0.013973968
999685,0.0062736962
999686,0.0094109029
999687,0.0069271312
999688,0.0050636837
999689,0.010913042
999690,0.0060374541
999691,0.0068969727
999692,0.018098719
999693,0.006784237
999694,0.0060977712
999695,0.008135627
999696,0.0087445425
999697,0.022209037
999698,0.0091452207
999699,0.0060992073
999700,0.014906221
999701,0.0020036788
999702,0.0055149775
999703,0.00641659
999704,0.0084275324
999705,0.017471135
999706,0.0062787225
999707,0.0062205596
999708,0.0063081631
999709,0.012497846
999710,0.0030053114
999711,0.0065472773
999712,0.0085657453
999713,0.023403034
999714,0.005917538
999715,0.020392206
999716,0.005954159
999717,0.0062356386
999718,0.014924173
999719,0.006226304
999720,0.0063878675
999721,0.0061860927
999722,0.0062564625
999723,0.006227022
999724,0.015004596
999725,0.007811782
999726,0.009046128
999727,0.011994486
999728,0.029046271
999729,0.01230038
999730,0.0062385108
999731,0.0093204277
999732,0.011879596
999733,0.0060202205
999734,0.012561035
999735,0.0062219957
999736,0.016052885
999737,0.01165197
999738,0.0060324278
999739,0.011756808
999740,0.0059886258
999741,0.0085592829
999742,0.012097886
999743,0.0065027573
999744,0.0073328353
999745,0.014489746
999746,0.0065838983
999747,0.011337604
999748,0.0061006434
999749,0.012500718
999750,0.0060044234
999751,0.0062938016
999752,0.006439568
999753,0.0059871897
999754,0.0063735065
999755,0.0086741727
999756,0.0089534987
999757,0.0061372644
999758,0.0064079734
999759,0.009587355
999760,0.0085061463
999761,0.013064396
999762,0.016963642
999763,0.0062528723
999764,0.017773438
999765,0.0075871912
999766,0.0059843175
999767,0.0064079734
999768,0.011663459
999769,0.0061221854
999770,0.0098927217
999771,0.0088174203
999772,0.018508462
999773,0.006227022
999774,0.014464614
999775,0.013863597
999776,0.0089958636
999777,0.0063763787
999778,0.0089822207
999779,0.0096636601
999780,0.0094669117
999781,0.017398611
999782,0.0093520219
999783,0.0089247758
999784,0.0097462377
999785,0.006227022
999786,0.00610926
999787,0.0061817844
999788,0.0058252877
999789,0.012982537
999790,0.011972225
999791,0.0062069162
999792,0.0094001321
999793,0.014512978
999794,0.011879596
999795,0.0093455594
999796,0.012133071
999797,0.0080789002
999798,0.0078936405
999799,0.012738396
999800,0.024365235
999801,0.01486242
999802,0.014813592
999803,0.006094181
999804,0.0088378908
999805,0.0068158316
999806,0.01909573
999807,0.0093094399
999808,0.0059204102
999809,0.0090303309
999810,0.020665068
999811,0.0060123219
999812,0.014924173
999813,0.017710967
999814,0.0053803427
999815,0.0057788668
999816,0.0091301417
999817,0.0062837489
999818,0.012395881
999819,0.0075942096
999820,0.0060575595
999821,0.011994486
999822,0.0092292335
999823,0.024787348
999824,0.014170209
999825,0.015798053
999826,0.009163172
999827,0.0075662052
999828,0.0063311406
999829,0.0021993059
999830,0.0057181423
999831,0.0087387981
999832,0.022414478
999833,0.0061595244
999834,0.01226663
999835,0.0061810664
999836,0.0048911367
999837,0.0091990754
999838,0.0060008331
999839,0.0061264937
999840,0.014096967
999841,0.0061882469
999842,0.0090346392
999843,0.01183364
999844,0.035202205
999845,0.0092830881
999846,0.01156293
999847,0.0091373222
999848,0.0080099441
999849,0.0054080845
999850,0.015004596
999851,0.0084206974
999852,0.011521284
999853,0.0062973918
999854,0.010955952
999855,0.0069163605
999856,0.020370662
999857,0.0091466568
999858,0.0082347197
999859,0.0062844669
999860,0.0088235298
999861,0.0062787225
999862,0.016405532
999863,0.008605957
999864,0.0091136256
999865,0.0053949128
999866,0.006071921
999867,0.0088185025
999868,0.0064927046
999869,0.0095387176
999870,0.023352768
999871,0.019495009
999872,0.0062894933
999873,0.0052920533
999874,0.0075252759
999875,0.011367618
999876,0.0054666521
999877,0.018405331
999878,0.0088802557
999879,0.0092285154
999880,0.0060798195
999881,0.0092392862
999882,0.010064338
999883,0.0054441034
999884,0.0058794809
999885,0.0061214673
999886,0.0061645508
999887,0.009353458
999888,0.0061164405
999889,0.011555032
999890,0.0064711627
999891,0.0066176471
999892,0.0068589156
999893,0.014698702
999894,0.0091265514
999895,0.0063885855
999896,0.015067067
999897,0.0038359372
999898,0.0051455302
999899,0.0059972429
999900,0.0060410444
999901,0.011996626
999902,0.0061868108
999903,0.0072811353
999904,0.039051011
999905,0.0059218463
999906,0.0061142864
999907,0.012155331
999908,0.014002884
999909,0.0080062244
999910,0.0057222256
999911,0.010332893
999912,0.0061623966
999913,0.0063706343
999914,0.024213005
999915,0.0064065373
999916,0.0094489604
999917,0.006425207
999918,0.012879136
999919,0.01415227
999920,0.0055257189
999921,0.012243653
999922,0.0086397063
999923,0.015682444
999924,0.038407627
999925,0.014696548
999926,0.0065156827
999927,0.0061997357
999928,0.0061968635
999929,0.0068143955
999930,0.015034754
999931,0.0065085017
999932,0.0060956171
999933,0.0053929696
999934,0.012421732
999935,0.0097297216
999936,0.0073558134
999937,0.0068660961
999938,0.009368537
999939,0.0061990176
999940,0.011918371
999941,0.012273093
999942,0.0060826917
999943,0.0063031367
999944,0.0075942096
999945,0.0062557445
999946,0.0065637925
999947,0.0060934629
999948,0.009105009
999949,0.0052688047
999950,0.0082548251
999951,0.0092335418
999952,0.0091445027
999953,0.0063534006
999954,0.021054169
999955,0.012005975
999956,0.0061638327
999957,0.0062298942
999958,0.019372828
999959,0.0060819737
999960,0.01217041
999961,0.01706543
999962,0.014947151
999963,0.020514276
999964,0.0060482249
999965,0.0061825025
999966,0.0087991152
999967,0.011941349
999968,0.010551902
999969,0.0062693874
999970,0.0061264937
999971,0.0068402458
999972,0.0063088811
999973,0.0077600814
999974,0.013300638
999975,0.0089082606
999976,0.0062657972
999977,0.014834415
999978,0.010213695
999979,0.0061810664
999980,0.0061580883
999981,0.0092048198
999982,0.0057394588
999983,0.033246927
999984,0.0057674632
999985,0.005932617
999986,0.0063110352
999987,0.0083356202
999988,0.0062054801
999989,0.0061415727
999990,0.0093800267
999991,0.012591911
999992,0.011916935
999993,0.029641544
999994,0.0063821231
999995,0.009003045
999996,0.0063821231
999997,0.0062880572
999998,0.0061846566
999999,0.0053242082
