LECROYHDO6104B,11090,Waveform
Segments,1,SegmentSize,5681
Segment,TrigTime,TimeSinceSegment1
#1,04-May-2026 18:29:13,0                 
Time,Ampl
994319,0.0075252759
994320,0.0056899125
994321,0.01074865
994322,0.0061961454
994323,0.012670181
994324,0.0061975815
994325,0.0064359778
994326,0.006439568
994327,0.010549747
994328,0.0061372644
994329,0.011949966
994330,0.017500574
994331,0.010049977
994332,0.0092349779
994333,0.0066004135
994334,0.0097196689
994335,0.0089972997
994336,0.0062751323
994337,0.0069170785
994338,0.014744658
994339,0.0088465074
994340,0.016983045
994341,0.0059713926
994342,0.0062758503
994343,0.0054656984
994344,0.006204044
994345,0.0060783834
994346,0.0058356789
994347,0.0091667622
994348,0.0060546873
994349,0.0087251551
994350,0.013775276
994351,0.012260168
994352,0.011917653
994353,0.0059455424
994354,0.037663717
994355,0.0052520847
994356,0.0060345819
994357,0.015633179
994358,0.0066470876
994359,0.0088493796
994360,0.0062507181
994361,0.0056847101
994362,0.0073156022
994363,0.0063699163
994364,0.018029068
994365,0.0060891546
994366,0.006058278
994367,0.006226304
994368,0.0091947671
994369,0.0063289865
994370,0.0055999937
994371,0.010505947
994372,0.0079790903
994373,0.0066880169
994374,0.0093010394
994375,0.0062334845
994376,0.0085678995
994377,0.0097893206
994378,0.0092895506
994379,0.0071762982
994380,0.0068423999
994381,0.010213695
994382,0.0067124311
994383,0.0074211569
994384,0.0064180261
994385,0.0088350186
994386,0.019749541
994387,0.010519186
994388,0.0065487134
994389,0.0058852253
994390,0.0061724493
994391,0.011752499
994392,0.017876837
994393,0.0088041415
994394,0.0064869602
994395,0.012056957
994396,0.006049661
994397,0.011873133
994398,0.009031767
994399,0.013475127
994400,0.0080006318
994401,0.0060798195
994402,0.0063490923
994403,0.02053869
994404,0.0061351103
994405,0.0090877758
994406,0.0087732654
994407,0.0091839954
994408,0.017313879
994409,0.0089520626
994410,0.0063842773
994411,0.0038728339
994412,0.0062758503
994413,0.0063368855
994414,0.0069163605
994415,0.0061099781
994416,0.012677361
994417,0.0063060089
994418,0.022138771
994419,0.0094360355
994420,0.0062622069
994421,0.0082084043
994422,0.0064941407
994423,0.0071159811
994424,0.0091710705
994425,0.0068423999
994426,0.01474753
994427,0.013789861
994428,0.023528693
994429,0.0083567901
994430,0.0061911191
994431,0.0063304226
994432,0.0061975815
994433,0.0073350128
994434,0.012447582
994435,0.0064144358
994436,0.00641659
994437,0.0065487134
994438,0.0073235007
994439,0.015847599
994440,0.01520278
994441,0.0092945769
994442,0.0059857536
994443,0.0060388902
994444,0.0058335247
994445,0.010850171
994446,0.006153062
994447,0.008826402
994448,0.0073594037
994449,0.0062988279
994450,0.020413747
994451,0.011918371
994452,0.008811322
994453,0.0064266431
994454,0.0054790182
994455,0.0061817844
994456,0.0062586167
994457,0.0082620056
994458,0.0091330139
994459,0.0076128789
994460,0.0064460305
994461,0.0060317097
994462,0.0062449737
994463,0.0065321978
994464,0.0063620172
994465,0.0092529301
994466,0.0065300437
994467,0.0088508856
994468,0.014855239
994469,0.017666446
994470,0.0058235661
994471,0.008650477
994472,0.0094317272
994473,0.01055262
994474,0.012214212
994475,0.0061860927
994476,0.0061006434
994477,0.014244887
994478,0.0091409124
994479,0.0061853747
994480,0.0061372644
994481,0.014865292
994482,0.007056382
994483,0.0033483205
994484,0.0091825593
994485,0.011415728
994486,0.0062061981
994487,0.010398236
994488,0.012063419
994489,0.0089843748
994490,0.0092479037
994491,0.011760398
994492,0.016383272
994493,0.0091760969
994494,0.0095724668
994495,0.014879653
994496,0.0071030562
994497,0.0063770968
994498,0.005342273
994499,0.009662224
994500,0.012466969
994501,0.0089980178
994502,0.0062744142
994503,0.0091567095
994504,0.009662224
994505,0.0090813134
994506,0.020542279
994507,0.0062076342
994508,0.0089104148
994509,0.018808881
994510,0.0059390799
994511,0.014719525
994512,0.0092414403
994513,0.020873304
994514,0.01780216
994515,0.011982996
994516,0.0085064089
994517,0.0052534081
994518,0.023097752
994519,0.009031767
994520,0.0061236215
994521,0.0062514362
994522,0.0061430088
994523,0.0062464098
994524,0.008076746
994525,0.011987304
994526,0.0066262637
994527,0.0064934227
994528,0.0090856217
994529,0.0062593347
994530,0.011903292
994531,0.0064833695
994532,0.0091969213
994533,0.009266573
994534,0.012798714
994535,0.0071217255
994536,0.0062385108
994537,0.0090827495
994538,0.010548311
994539,0.0074520335
994540,0.0093211457
994541,0.012132353
994542,0.011997358
994543,0.013476563
994544,0.0062500001
994545,0.0075949277
994546,0.0064223344
994547,0.0096162688
994548,0.013131369
994549,0.0061379825
994550,0.013268769
994551,0.0049587595
994552,0.012005975
994553,0.010085065
994554,0.0061702952
994555,0.0063598631
994556,0.0061947093
994557,0.0050704819
994558,0.0089613972
994559,0.0060446346
994560,0.0091337319
994561,0.0028509635
994562,0.006571691
994563,0.020196892
994564,0.011392033
994565,0.014992389
994566,0.016842768
994567,0.012120864
994568,0.0059850356
994569,0.0061121322
994570,0.0094870171
994571,0.0060029873
994572,0.0082720593
994573,0.0093225818
994574,0.0078584561
994575,0.011864516
994576,0.011827177
994577,0.0049107494
994578,0.011823587
994579,0.0060453527
994580,0.0089082606
994581,0.011708697
994582,0.0063763787
994583,0.018546071
994584,0.0087215649
994585,0.0060532512
994586,0.0090554627
994587,0.018401023
994588,0.0072624655
994589,0.0088285562
994590,0.0069091795
994591,0.0069400561
994592,0.0064553656
994593,0.0048905467
994594,0.010696978
994595,0.0066205193
994596,0.0063634538
994597,0.0094468063
994598,0.006366326
994599,0.0061444449
994600,0.0074677411
994601,0.011893957
994602,0.0063131894
994603,0.0094410619
994604,0.0065946691
994605,0.011970789
994606,0.015234375
994607,0.0061659869
994608,0.017889611
994609,0.015092199
994610,0.0064812154
994611,0.012043313
994612,0.011908318
994613,0.0066219554
994614,0.0061178766
994615,0.0073479149
994616,0.011730239
994617,0.0024347489
994618,0.006145163
994619,0.005801212
994620,0.0092120003
994621,0.0086770449
994622,0.0081499889
994623,0.0064869602
994624,0.0089118509
994625,0.0065142461
994626,0.006322524
994627,0.038886577
994628,0.0064223344
994629,0.0096737128
994630,0.00568585
994631,0.011308561
994632,0.0057299584
994633,0.011873133
994634,0.014669261
994635,0.0062148152
994636,0.0070506376
994637,0.0028038141
994638,0.0090533085
994639,0.0059726317
994640,0.0064223344
994641,0.0090475641
994642,0.0089649875
994643,0.0092924228
994644,0.0064812154
994645,0.0068783029
994646,0.012112965
994647,0.0063605811
994648,0.010569135
994649,0.0070226332
994650,0.023253676
994651,0.014522059
994652,0.017800005
994653,0.0022032058
994654,0.0094697839
994655,0.0061257756
994656,0.013636763
994657,0.0089319563
994658,0.011871697
994659,0.0062248679
994660,0.01386799
994661,0.0062205596
994662,0.0061925552
994663,0.0060510971
994664,0.0064366958
994665,0.0063289865
994666,0.025413603
994667,0.0090892119
994668,0.015600586
994669,0.0061142864
994670,0.016974954
994671,0.0092048198
994672,0.0071490118
994673,0.015007468
994674,0.0073069851
994675,0.0091121895
994676,0.015507238
994677,0.013039982
994678,0.018152574
994679,0.017911306
994680,0.0090849036
994681,0.011523438
994682,0.0090037631
994683,0.015886374
994684,0.011972225
994685,0.0061422908
994686,0.0090540266
994687,0.0090087894
994688,0.0018428644
994689,0.0063770968
994690,0.0066312901
994691,0.006240665
994692,0.0060755112
994693,0.011848719
994694,0.0067468979
994695,0.0089958636
994696,0.0083058076
994697,0.014871037
994698,0.0059240004
994699,0.0060087317
994700,0.0061106961
994701,0.0077306409
994702,0.014901195
994703,0.012591911
994704,0.0061121322
994705,0.0061343922
994706,0.006108542
994707,0.0062916474
994708,0.016256893
994709,0.00911937
994710,0.0094410619
994711,0.0060733571
994712,0.01262207
994713,0.0063548367
994714,0.0088565601
994715,0.0059168199
994716,0.0061351103
994717,0.015114459
994718,0.0090626432
994719,0.0091725066
994720,0.013638252
994721,0.0064280792
994722,0.018895701
994723,0.008927648
994724,0.0060683307
994725,0.011812816
994726,0.0091107534
994727,0.038879395
994728,0.0061710132
994729,0.014591711
994730,0.006036018
994731,0.011914062
994732,0.0063763787
994733,0.0095516425
994734,0.0090188421
994735,0.021557618
994736,0.0065803081
994737,0.0062557445
994738,0.0092486218
994739,0.017670037
994740,0.0061236215
994741,0.0070233513
994742,0.01064358
994743,0.0063677621
994744,0.0060037053
994745,0.0055156779
994746,0.0062392289
994747,0.01519201
994748,0.0058030421
994749,0.0075827204
994750,0.0060834098
994751,0.012216366
994752,0.0061329561
994753,0.0069845761
994754,0.016610922
994755,0.0061580883
994756,0.0088809747
994757,0.0025440967
994758,0.0066865808
994759,0.0082126148
994760,0.0097354669
994761,0.011000689
994762,0.0058249081
994763,0.0094302911
994764,0.008972886
994765,0.0098252241
994766,0.0094439341
994767,0.013224952
994768,0.0089858109
994769,0.031656422
994770,0.0089621153
994771,0.0067038145
994772,0.026378676
994773,0.0088120401
994774,0.011156509
994775,0.0061638327
994776,0.012328384
994777,0.0060151941
994778,0.011243394
994779,0.0061509078
994780,0.0090303309
994781,0.011926987
994782,0.0068172677
994783,0.0091358861
994784,0.0092629828
994785,0.017980238
994786,0.0060554054
994787,0.0091423485
994788,0.0099329334
994789,0.0093369428
994790,0.0089082606
994791,0.014880371
994792,0.0085118907
994793,0.006307445
994794,0.0063462202
994795,0.0065142461
994796,0.0064941407
994797,0.011784812
994798,0.0088027054
994799,0.0067210477
994800,0.0061580883
994801,0.0098230699
994802,0.0062672333
994803,0.0062614889
994804,0.0079045827
994805,0.0078548659
994806,0.0069063073
994807,0.0088249659
994808,0.014710909
994809,0.0063095991
994810,0.0062808767
994811,0.0061695771
994812,0.0065946691
994813,0.0058280448
994814,0.010803223
994815,0.0088867191
994816,0.012007411
994817,0.0063893036
994818,0.0084917853
994819,0.011087575
994820,0.0064007929
994821,0.023231417
994822,0.0061343922
994823,0.0076746321
994824,0.0088364547
994825,0.0088163484
994826,0.007904307
994827,0.0068151136
994828,0.0091545554
994829,0.0061631147
994830,0.0089965817
994831,0.008751723
994832,0.0062973918
994833,0.016624307
994834,0.011343917
994835,0.0074750115
994836,0.008561437
994837,0.0062643611
994838,0.0063648899
994839,0.0072851018
994840,0.0063857134
994841,0.0059060492
994842,0.0065961052
994843,0.0061272117
994844,0.02451944
994845,0.020387897
994846,0.034919292
994847,0.012890625
994848,0.010425523
994849,0.0076737488
994850,0.0065752813
994851,0.019009992
994852,0.0063993568
994853,0.02600131
994854,0.0061006434
994855,0.0087466966
994856,0.0060984893
994857,0.01788402
994858,0.006571691
994859,0.010509536
994860,0.0073529412
994861,0.009662224
994862,0.0094977887
994863,0.006307445
994864,0.0089563709
994865,0.0059211282
994866,0.013657514
994867,0.0090339212
994868,0.0060051414
994869,0.0054638041
994870,0.0064402861
994871,0.0065415325
994872,0.013130457
994873,0.0061264937
994874,0.0091567095
994875,0.0057703354
994876,0.0083022173
994877,0.0062399469
994878,0.0086389882
994879,0.0076229321
994880,0.020628447
994881,0.0070219152
994882,0.014676441
994883,0.0063964846
994884,0.0064137178
994885,0.011242676
994886,0.0058465763
994887,0.01191478
994888,0.0066779642
994889,0.0065113739
994890,0.013851859
994891,0.0095315371
994892,0.0070807962
994893,0.0060467888
994894,0.0097196689
994895,0.012216366
994896,0.012085679
994897,0.0088378908
994898,0.0060618683
994899,0.014158002
994900,0.0060704849
994901,0.008869485
994902,0.01010814
994903,0.010232916
994904,0.010075827
994905,0.014592429
994906,0.0067899814
994907,0.0060238107
994908,0.009003045
994909,0.0060877181
994910,0.0150326
994911,0.033696726
994912,0.0066255457
994913,0.0060015512
994914,0.0060661766
994915,0.011942067
994916,0.0019354143
994917,0.0096306298
994918,0.010749793
994919,0.021358542
994920,0.0066176471
994921,0.02347053
994922,0.0079467772
994923,0.0061020795
994924,0.0064690085
994925,0.008943446
994926,0.0064094095
994927,0.0096694045
994928,0.0064453124
994929,0.0061221854
994930,0.011429371
994931,0.0082344776
994932,0.0088924635
994933,0.0089384187
994934,0.0089377007
994935,0.0075317384
994936,0.020358456
994937,0.036130603
994938,0.019129137
994939,0.0071116728
994940,0.006571691
994941,0.0089613972
994942,0.0098000923
994943,0.0064051012
994944,0.005597305
994945,0.0090188421
994946,0.011834358
994947,0.012034697
994948,0.01788402
994949,0.0060324278
994950,0.0069372803
994951,0.014935662
994952,0.020728976
994953,0.0062442557
994954,0.01431813
994955,0.0059082033
994956,0.0073191924
994957,0.0062514362
994958,0.0056175929
994959,0.011765424
994960,0.0090612071
994961,0.025637638
994962,0.006402947
994963,0.0062973918
994964,0.010709874
994965,0.0090691065
994966,0.015729118
994967,0.016637659
994968,0.023630658
994969,0.0065544578
994970,0.0094008502
994971,0.0090892119
994972,0.0090389475
994973,0.01202967
994974,0.011982996
994975,0.0052267825
994976,0.0091559915
994977,0.0063426299
994978,0.0061925552
994979,0.0061860927
994980,0.0069027171
994981,0.0064596739
994982,0.0087948069
994983,0.014195583
994984,0.0061157225
994985,0.0089061065
994986,0.0063878675
994987,0.006212661
994988,0.012320485
994989,0.020657169
994990,0.010215457
994991,0.0062909294
994992,0.0076092887
994993,0.011758244
994994,0.016247559
994995,0.0088012693
994996,0.013640963
994997,0.0058249081
994998,0.0092112822
994999,0.0090547446
995000,0.0064101275
995001,0.0080078123
995002,0.011541389
995003,0.0063261143
995004,0.0091129076
995005,0.014878935
995006,0.020316808
995007,0.011999512
995008,0.01446246
995009,0.0063842773
995010,0.012196979
995011,0.014947869
995012,0.0064086914
995013,0.012800868
995014,0.0060546873
995015,0.0089111328
995016,0.033012517
995017,0.014848058
995018,0.0092306696
995019,0.0092608286
995020,0.0062772864
995021,0.0092601106
995022,0.0097426474
995023,0.0068476866
995024,0.0064955768
995025,0.0063189338
995026,0.017808622
995027,0.0089635514
995028,0.0087840362
995029,0.0088235298
995030,0.011719468
995031,0.006725356
995032,0.0076085706
995033,0.012695313
995034,0.011931296
995035,0.0061013615
995036,0.0091753788
995037,0.0061099781
995038,0.0089937095
995039,0.011831486
995040,0.0066865808
995041,0.0065659466
995042,0.012045467
995043,0.01260771
995044,0.0053333896
995045,0.0060245288
995046,0.005991498
995047,0.015418199
995048,0.014797794
995049,0.01114861
995050,0.012138816
995051,0.0059613395
995052,0.0059627756
995053,0.0023215925
995054,0.0078677908
995055,0.0061272117
995056,0.009544462
995057,0.0086971503
995058,0.014720243
995059,0.0090798773
995060,0.0089671416
995061,0.0088960538
995062,0.008082117
995063,0.0066291359
995064,0.0065429686
995065,0.0064797793
995066,0.0075985179
995067,0.0062866211
995068,0.0089341104
995069,0.0094396258
995070,0.01325645
995071,0.0061925552
995072,0.014511288
995073,0.0052661551
995074,0.011467429
995075,0.011730239
995076,0.0092802159
995077,0.0075482535
995078,0.0089269299
995079,0.012082807
995080,0.014855239
995081,0.0058766087
995082,0.0059678024
995083,0.0054742941
995084,0.0095286649
995085,0.013910209
995086,0.015981158
995087,0.012063419
995088,0.006094181
995089,0.0062959557
995090,0.021117548
995091,0.011806353
995092,0.010689051
995093,0.0084130876
995094,0.0090202782
995095,0.011896829
995096,0.0062500001
995097,0.0061659869
995098,0.011926269
995099,0.0060855639
995100,0.0089498945
995101,0.0065257354
995102,0.0090288948
995103,0.0090087894
995104,0.010034179
995105,0.0065860525
995106,0.0061975815
995107,0.0064309514
995108,0.011979406
995109,0.0063210879
995110,0.012190516
995111,0.014878935
995112,0.012082089
995113,0.0093721282
995114,0.0094202375
995115,0.0086957142
995116,0.0025287988
995117,0.0088967718
995118,0.0060510971
995119,0.0061171586
995120,0.0061817844
995121,0.010713466
995122,0.0060898727
995123,0.008840045
995124,0.00646111
995125,0.0091107534
995126,0.0061185947
995127,0.017538631
995128,0.0090741329
995129,0.010493021
995130,0.010318532
995131,0.0093010394
995132,0.014820772
995133,0.0062514362
995134,0.0060546873
995135,0.01741728
995136,0.013430607
995137,0.0066779642
995138,0.0088752294
995139,0.0063275504
995140,0.0069443649
995141,0.0062140971
995142,0.014380601
995143,0.0069630342
995144,0.0081492709
995145,0.0083503276
995146,0.0061272117
995147,0.010955451
995148,0.020369945
995149,0.0062729781
995150,0.0061279298
995151,0.0085248165
995152,0.0090432558
995153,0.014834415
995154,0.0063878675
995155,0.011828613
995156,0.0066557042
995157,0.012938735
995158,0.0065178368
995159,0.013885125
995160,0.0053380798
995161,0.015077838
995162,0.014592429
995163,0.0063526826
995164,0.0099883713
995165,0.006343348
995166,0.0054973555
995167,0.0082885744
995168,0.024672829
995169,0.014112571
995170,0.0063878675
995171,0.004983746
995172,0.01470301
995173,0.0030728835
995174,0.0092048198
995175,0.012179027
995176,0.01507712
995177,0.0090411017
995178,0.0081793303
995179,0.0077916677
995180,0.0061925552
995181,0.014819336
995182,0.010253906
995183,0.0081916358
995184,0.0097577265
995185,0.0092098461
995186,0.010514562
995187,0.01647106
995188,0.0069515454
995189,0.011661305
995190,0.0094353175
995191,0.0061954274
995192,0.0066636028
995193,0.011978688
995194,0.0067361272
995195,0.012090705
995196,0.0061580883
995197,0.0072176377
995198,0.0061982996
995199,0.0059864717
995200,0.0054935841
995201,0.012194824
995202,0.012027516
995203,0.0068129594
995204,0.010368796
995205,0.006271542
995206,0.010701976
995207,0.0066535501
995208,0.0063024187
995209,0.015729118
995210,0.032301959
995211,0.0078290151
995212,0.0091595817
995213,0.006227022
995214,0.0063699163
995215,0.0011484788
995216,0.011144086
995217,0.0052473554
995218,0.012227137
995219,0.0092845242
995220,0.0089664236
995221,0.0089563709
995222,0.0026575513
995223,0.017589614
995224,0.0061501898
995225,0.0050690598
995226,0.021139706
995227,0.011971507
995228,0.0061501898
995229,0.011776913
995230,0.005426351
995231,0.0068689683
995232,0.008986529
995233,0.0062657972
995234,0.0091789691
995235,0.0092751896
995236,0.014785587
995237,0.014759019
995238,0.017520681
995239,0.011173644
995240,0.017665729
995241,0.011784812
995242,0.0092026656
995243,0.0063462202
995244,0.0066269818
995245,0.00830233
995246,0.0061954274
995247,0.0091567095
995248,0.0063139074
995249,0.0062744142
995250,0.0062600528
995251,0.018407485
995252,0.012138098
995253,0.0061430088
995254,0.0044422206
995255,0.0117446
995256,0.0061825025
995257,0.0060963351
995258,0.011877442
995259,0.0093570482
995260,0.006094899
995261,0.0061695771
995262,0.0061760396
995263,0.0090726968
995264,0.006321806
995265,0.0068467082
995266,0.026700368
995267,0.0064115636
995268,0.020642091
995269,0.0072703641
995270,0.0068136775
995271,0.0099903783
995272,0.017845962
995273,0.0063598631
995274,0.0091954852
995275,0.0066449335
995276,0.0061738854
995277,0.0023927109
995278,0.0064266431
995279,0.0059749829
995280,0.0062729781
995281,0.0066291359
995282,0.0071762982
995283,0.0061588064
995284,0.012097886
995285,0.0061480352
995286,0.0067224838
995287,0.0061444449
995288,0.011401367
995289,0.0091918949
995290,0.0070398669
995291,0.010980107
995292,0.0060317097
995293,0.0097103342
995294,0.017601103
995295,0.0063569909
995296,0.0062370747
995297,0.0063835592
995298,0.0063146255
995299,0.0092486218
995300,0.0061746035
995301,0.0090942383
995302,0.020473346
995303,0.0061911191
995304,0.0091689164
995305,0.014027175
995306,0.0061465991
995307,0.0067670038
995308,0.011891085
995309,0.0060668946
995310,0.0057236617
995311,0.008869485
995312,0.01408835
995313,0.011822151
995314,0.010049977
995315,0.0082610687
995316,0.0062736962
995317,0.0062076342
995318,0.0090619251
995319,0.0062413835
995320,0.006058278
995321,0.010352999
995322,0.016360294
995323,0.0067720301
995324,0.007481474
995325,0.010177074
995326,0.0060001151
995327,0.0076631433
995328,0.0063928938
995329,0.0092859603
995330,0.014701574
995331,0.020243566
995332,0.0097103342
995333,0.0059864717
995334,0.0089039523
995335,0.0063131894
995336,0.0058672735
995337,0.006322524
995338,0.010416188
995339,0.0061250576
995340,0.015045526
995341,0.012480298
995342,0.011346077
995343,0.01662511
995344,0.0091035729
995345,0.026434686
995346,0.039182417
995347,0.0094051585
995348,0.012137379
995349,0.01484016
995350,0.00641659
995351,0.0062729781
995352,0.038166359
995353,0.0077349492
995354,0.0086616967
995355,0.0064338236
995356,0.0063670441
995357,0.0055184118
995358,0.009280934
995359,0.0088491319
995360,0.0066090305
995361,0.020387178
995362,0.012858562
995363,0.011708697
995364,0.0062399469
995365,0.011939129
995366,0.0064812154
995367,0.0061322381
995368,0.0063103172
995369,0.0060259649
995370,0.011769732
995371,0.0064912685
995372,0.017554428
995373,0.014950023
995374,0.012206313
995375,0.005991498
995376,0.018159755
995377,0.032495949
995378,0.020762006
995379,0.010070801
995380,0.0063735065
995381,0.0061142864
995382,0.008501363
995383,0.0177282
995384,0.011952838
995385,0.0061236215
995386,0.020833813
995387,0.0070312498
995388,0.0060029873
995389,0.0063950485
995390,0.012043313
995391,0.0057767979
995392,0.009090648
995393,0.0094360355
995394,0.011625402
995395,0.0095401537
995396,0.0060568415
995397,0.0061185947
995398,0.0061264937
995399,0.015088608
995400,0.0060317097
995401,0.011055611
995402,0.0091646081
995403,0.014402143
995404,0.0080544865
995405,0.0062313303
995406,0.01198156
995407,0.0053833816
995408,0.022486787
995409,0.0092751896
995410,0.012041877
995411,0.012058393
995412,0.014460306
995413,0.0061853747
995414,0.0061157225
995415,0.009105009
995416,0.01563218
995417,0.0064129997
995418,0.015065631
995419,0.0060905907
995420,0.0063304226
995421,0.0061552161
995422,0.0063814051
995423,0.0060022692
995424,0.0066844267
995425,0.0060202205
995426,0.0064970129
995427,0.0064596739
995428,0.0090130977
995429,0.0062083523
995430,0.0061853747
995431,0.0061322381
995432,0.02066076
995433,0.0091861505
995434,0.0165799
995435,0.0064589558
995436,0.0090805953
995437,0.015085018
995438,0.01323247
995439,0.0084673716
995440,0.0072875977
995441,0.0079525216
995442,0.0088522518
995443,0.0061236215
995444,0.0065558939
995445,0.0063605811
995446,0.0063943304
995447,0.0066291359
995448,0.0079970416
995449,0.0059311809
995450,0.018411776
995451,0.0090554627
995452,0.0088536879
995453,0.0060798195
995454,0.0053939093
995455,0.017543659
995456,0.0059232824
995457,0.0063024187
995458,0.0098489197
995459,0.0065099378
995460,0.0063368855
995461,0.014649156
995462,0.0061465991
995463,0.0014127152
995464,0.0062320484
995465,0.0052734376
995466,0.0062578986
995467,0.00564649
995468,0.0063928938
995469,0.0060087317
995470,0.0079956399
995471,0.026445456
995472,0.0028340276
995473,0.0060891546
995474,0.0070513557
995475,0.0059347712
995476,0.012005975
995477,0.0099530388
995478,0.0064697266
995479,0.0090274587
995480,0.0091940491
995481,0.0060604322
995482,0.0059304629
995483,0.0089204675
995484,0.0084693935
995485,0.0059527229
995486,0.0074218749
995487,0.010049977
995488,0.006299546
995489,0.014836569
995490,0.0063411938
995491,0.0069055893
995492,0.006380687
995493,0.0090540266
995494,0.011795582
995495,0.0085743619
995496,0.018583409
995497,0.0061997357
995498,0.005786851
995499,0.0064510568
995500,0.0061027976
995501,0.0092558023
995502,0.01758028
995503,0.0062657972
995504,0.011937041
995505,0.017486213
995506,0.0059857536
995507,0.0094898893
995508,0.020356301
995509,0.0062392289
995510,0.009237132
995511,0.0091918949
995512,0.0065996954
995513,0.010861386
995514,0.0068747126
995515,0.011784093
995516,0.01214456
995517,0.011822151
995518,0.0064840876
995519,0.0093075018
995520,0.0091222422
995521,0.00613152
995522,0.0063950485
995523,0.01202249
995524,0.0065228632
995525,0.0094439341
995526,0.012337718
995527,0.0061516259
995528,0.012413114
995529,0.0063131894
995530,0.014918428
995531,0.0095897
995532,0.011818561
995533,0.0062873391
995534,0.0062614889
995535,0.0095703127
995536,0.0074793198
995537,0.0060381722
995538,0.0091818413
995539,0.0084693301
995540,0.0066966335
995541,0.011893239
995542,0.020616958
995543,0.017658548
995544,0.0066032857
995545,0.0063770968
995546,0.0088529699
995547,0.014776252
995548,0.0062069162
995549,0.011849437
995550,0.014433968
995551,0.0065487134
995552,0.024060059
995553,0.0070549459
995554,0.0092715994
995555,0.012005975
995556,0.0065623564
995557,0.0085743619
995558,0.012110811
995559,0.0052267336
995560,0.0061602425
995561,0.0061465991
995562,0.0095861098
995563,0.014494054
995564,0.0056525888
995565,0.009046128
995566,0.0062722601
995567,0.020564539
995568,0.01519201
995569,0.00869356
995570,0.0060331458
995571,0.0061178766
995572,0.0062334845
995573,0.006262925
995574,0.0067325369
995575,0.0068840478
995576,0.006921865
995577,0.01512164
995578,0.0062061981
995579,0.0064280792
995580,0.005873736
995581,0.006204044
995582,0.014578786
995583,0.017682962
995584,0.014827953
995585,0.0055253371
995586,0.012298224
995587,0.006366326
995588,0.016010033
995589,0.02089054
995590,0.0071885055
995591,0.023157457
995592,0.0091753788
995593,0.015917968
995594,0.0062191235
995595,0.018232996
995596,0.0094898893
995597,0.0073830998
995598,0.025791816
995599,0.019389074
995600,0.0061738854
995601,0.011834358
995602,0.0064589558
995603,0.0063534006
995604,0.012788661
995605,0.0052700229
995606,0.022082519
995607,0.014820772
995608,0.010757267
995609,0.011818561
995610,0.011638328
995611,0.0063498104
995612,0.0084659355
995613,0.0069637522
995614,0.0053050816
995615,0.0088493796
995616,0.0088465074
995617,0.009059771
995618,0.0266221
995619,0.0063103172
995620,0.0062327664
995621,0.0054612076
995622,0.0089039523
995623,0.0088723572
995624,0.014898323
995625,0.012082089
995626,0.0061236215
995627,0.0058790869
995628,0.0091681983
995629,0.0065286076
995630,0.010430456
995631,0.011972225
995632,0.0063699163
995633,0.0084300321
995634,0.014881807
995635,0.0061832205
995636,0.006307445
995637,0.0063763787
995638,0.013131893
995639,0.0061853747
995640,0.008157528
995641,0.0061487532
995642,0.0061150044
995643,0.0065329159
995644,0.0081341909
995645,0.0071274703
995646,0.01432894
995647,0.0057495791
995648,0.0062112249
995649,0.02657399
995650,0.0061588064
995651,0.01753217
995652,0.011256319
995653,0.0059376438
995654,0.0061358283
995655,0.011730239
995656,0.006424489
995657,0.0032359876
995658,0.01159668
995659,0.015688907
995660,0.0066822725
995661,0.0092141544
995662,0.0092263613
995663,0.0067856731
995664,0.020527201
995665,0.0094001321
995666,0.0063864314
995667,0.014832261
995668,0.0032684074
995669,0.010651712
995670,0.0092163086
995671,0.014981617
995672,0.0088766655
995673,0.0061975815
995674,0.0062614889
995675,0.0064919866
995676,0.0088709211
995677,0.0096758679
995678,0.01949653
995679,0.0071131089
995680,0.019875666
995681,0.0060467888
995682,0.0028044905
995683,0.016553452
995684,0.011758962
995685,0.0065846164
995686,0.0077837775
995687,0.0091466568
995688,0.0063390397
995689,0.0070852558
995690,0.0059706746
995691,0.013373162
995692,0.0059886258
995693,0.0059800092
995694,0.0098000923
995695,0.023260253
995696,0.0066470876
995697,0.0068014706
995698,0.0061372644
995699,0.0089858109
995700,0.012389419
995701,0.0091007007
995702,0.0060173483
995703,0.0095818015
995704,0.0063110352
995705,0.0090375114
995706,0.0063010948
995707,0.0072409236
995708,0.0018800708
995709,0.0068301931
995710,0.0061444449
995711,0.0094604176
995712,0.0092996033
995713,0.0062729781
995714,0.01159668
995715,0.006204762
995716,0.0060891546
995717,0.0091007007
995718,0.013325051
995719,0.011906882
995720,0.0061580883
995721,0.0061358283
995722,0.014726706
995723,0.0065041934
995724,0.0057433429
995725,0.0061659869
995726,0.0063512465
995727,0.012365723
995728,0.0090849036
995729,0.0062622069
995730,0.011772605
995731,0.029330062
995732,0.010871345
995733,0.0066485237
995734,0.0077457204
995735,0.0063792509
995736,0.0097196689
995737,0.012190516
995738,0.0062471279
995739,0.026258042
995740,0.0061487532
995741,0.009265855
995742,0.0061595244
995743,0.0065044262
995744,0.0082663847
995745,0.0093441233
995746,0.0083108339
995747,0.0090698246
995748,0.012201287
995749,0.01202967
995750,0.01226663
995751,0.0062298942
995752,0.026206343
995753,0.0090504363
995754,0.0062772864
995755,0.0018378721
995756,0.016160792
995757,0.012839642
995758,0.0090145338
995759,0.025823615
995760,0.0064352597
995761,0.0093469955
995762,0.0090791592
995763,0.0062564625
995764,0.0054711499
995765,0.012028952
995766,0.0055951602
995767,0.010263959
995768,0.01495864
995769,0.0091107534
995770,0.0058787628
995771,0.0090389475
995772,0.0091380402
995773,0.011947812
995774,0.0087445425
995775,0.011327407
995776,0.0091911769
995777,0.0090490002
995778,0.0060640224
995779,0.0057286862
995780,0.015992647
995781,0.0050548012
995782,0.0069996552
995783,0.0060791015
995784,0.005384888
995785,0.0095265107
995786,0.0092033837
995787,0.0060992073
995788,0.0061063878
995789,0.031588208
995790,0.0080611035
995791,0.0064043831
995792,0.0062686694
995793,0.014677878
995794,0.0059613395
995795,0.0062054801
995796,0.0091085993
995797,0.006733973
995798,0.016346768
995799,0.0091538373
995800,0.0062277401
995801,0.0088816928
995802,0.0089915553
995803,0.0064129997
995804,0.0091545554
995805,0.0061422908
995806,0.0064747529
995807,0.0018050751
995808,0.0062514362
995809,0.0068984088
995810,0.013915201
995811,0.0014865033
995812,0.0054644528
995813,0.0090992646
995814,0.0062744142
995815,0.0067153033
995816,0.0064876783
995817,0.0063828412
995818,0.0063749426
995819,0.0062191235
995820,0.0064467485
995821,0.011967199
995822,0.0092945769
995823,0.006167423
995824,0.0059283087
995825,0.0040566255
995826,0.0063095991
995827,0.0067145852
995828,0.0060712029
995829,0.0089915553
995830,0.006343348
995831,0.01808005
995832,0.006519991
995833,0.0062155332
995834,0.0061667049
995835,0.0091394763
995836,0.010979866
995837,0.01063296
995838,0.0087617766
995839,0.0064812154
995840,0.01198156
995841,0.0063900216
995842,0.014586684
995843,0.018411793
995844,0.0055908826
995845,0.0076990463
995846,0.012568934
995847,0.0066535501
995848,0.012087115
995849,0.001967791
995850,0.017647777
995851,0.035345681
995852,0.006240665
995853,0.0064094095
995854,0.0089965817
995855,0.010424179
995856,0.0088457894
995857,0.009457577
995858,0.0084156711
995859,0.010984892
995860,0.0063577089
995861,0.0070226332
995862,0.010888672
995863,0.011201747
995864,0.011924115
995865,0.008329195
995866,0.0090877758
995867,0.0090130977
995868,0.0091337319
995869,0.0095422287
995870,0.0061846566
995871,0.0062844669
995872,0.006402229
995873,0.0060072956
995874,0.0061121322
995875,0.0070578181
995876,0.0060611502
995877,0.014731732
995878,0.0091172159
995879,0.0058127008
995880,0.012408088
995881,0.013441815
995882,0.0068129594
995883,0.008884565
995884,0.0075367647
995885,0.0062751323
995886,0.015975008
995887,0.01830193
995888,0.01742805
995889,0.0061071059
995890,0.013881548
995891,0.0061322381
995892,0.0060116039
995893,0.0070886947
995894,0.0063095991
995895,0.0061659869
995896,0.009955911
995897,0.0063354494
995898,0.0089671416
995899,0.0061695771
995900,0.0088120401
995901,0.010826197
995902,0.0042440845
995903,0.0062966738
995904,0.0089736041
995905,0.0062801586
995906,0.0064474666
995907,0.010673254
995908,0.0065034754
995909,0.0087294634
995910,0.017876837
995911,0.014960076
995912,0.0063311406
995913,0.032304112
995914,0.0081980983
995915,0.0066176471
995916,0.012120864
995917,0.011733111
995918,0.0089333924
995919,0.019177889
995920,0.0058981501
995921,0.0090360753
995922,0.005523779
995923,0.0087603405
995924,0.0059211282
995925,0.0062550264
995926,0.006108542
995927,0.011462403
995928,0.017555147
995929,0.0062894933
995930,0.009003045
995931,0.0099200085
995932,0.017630544
995933,0.0062787225
995934,0.0092565203
995935,0.02348561
995936,0.0063232421
995937,0.02776956
995938,0.0059685204
995939,0.0090274587
995940,0.0063921758
995941,0.0069917566
995942,0.0064051012
995943,0.0056978115
995944,0.0063641719
995945,0.011260072
995946,0.0065242993
995947,0.0079015391
995948,0.012991154
995949,0.0062973918
995950,0.0054674535
995951,0.011960736
995952,0.0061982996
995953,0.006534352
995954,0.017849552
995955,0.029418945
995956,0.0070673437
995957,0.0081571694
995958,0.0063627353
995959,0.022966452
995960,0.0065637925
995961,0.0092558023
995962,0.014718807
995963,0.0063038548
995964,0.0051852376
995965,0.0067792106
995966,0.0081377812
995967,0.013142664
995968,0.012425322
995969,0.006300264
995970,0.009721823
995971,0.0030876466
995972,0.009104291
995973,0.00599078
995974,0.0089319563
995975,0.0089039523
995976,0.0063189338
995977,0.0065278895
995978,0.0089613972
995979,0.0087883445
995980,0.0089175953
995981,0.0060202205
995982,0.0060855639
995983,0.0073737651
995984,0.0058299345
995985,0.0063024187
995986,0.0064058192
995987,0.0062392289
995988,0.011847283
995989,0.012102194
995990,0.014826517
995991,0.0060001151
995992,0.0065953871
995993,0.0068373736
995994,0.0053423196
995995,0.012522978
995996,0.014866728
995997,0.024024874
995998,0.0069896025
995999,0.0090640802
996000,0.013061523
996001,0.0088974899
996002,0.011623966
996003,0.0098862592
996004,0.0059168199
996005,0.0088723572
996006,0.0063627353
996007,0.0056274412
996008,0.0090375114
996009,0.010043515
996010,0.01495864
996011,0.0070700254
996012,0.013350184
996013,0.0064072553
996014,0.010348972
996015,0.0061925552
996016,0.011712288
996017,0.011475327
996018,0.0061753215
996019,0.006425207
996020,0.0091143437
996021,0.0062421015
996022,0.0077730068
996023,0.0075058881
996024,0.0080406498
996025,0.0090087894
996026,0.0062421015
996027,0.0060317097
996028,0.0069868863
996029,0.01048225
996030,0.0056310319
996031,0.023575367
996032,0.0092041017
996033,0.0096665323
996034,0.006520709
996035,0.0061925552
996036,0.0052154087
996037,0.01210004
996038,0.0062844669
996039,0.0060805376
996040,0.011810662
996041,0.014453125
996042,0.012559599
996043,0.0063936124
996044,0.008458755
996045,0.0067052506
996046,0.0038349768
996047,0.014636949
996048,0.0064338236
996049,0.027555101
996050,0.0088536879
996051,0.008363896
996052,0.0087323356
996053,0.0080955783
996054,0.0060417624
996055,0.0064453124
996056,0.0091969213
996057,0.011583037
996058,0.0088134762
996059,0.0061336742
996060,0.011664895
996061,0.020852482
996062,0.016554423
996063,0.0063648899
996064,0.016834931
996065,0.0089305202
996066,0.0071461396
996067,0.0091868686
996068,0.0091452207
996069,0.0092486218
996070,0.0062054801
996071,0.0068021887
996072,0.017639879
996073,0.0018845205
996074,0.0075891833
996075,0.017231302
996076,0.0060654585
996077,0.0065645105
996078,0.012127327
996079,0.012431785
996080,0.014751839
996081,0.0088974899
996082,0.006299546
996083,0.0061990176
996084,0.03147978
996085,0.0062248679
996086,0.038924631
996087,0.0095825195
996088,0.0063878675
996089,0.0061379825
996090,0.006519991
996091,0.0062385108
996092,0.0062981099
996093,0.0089412909
996094,0.020553768
996095,0.02313376
996096,0.025376607
996097,0.0077141258
996098,0.0068359375
996099,0.0062155332
996100,0.0019995228
996101,0.0016554227
996102,0.0062930835
996103,0.010924458
996104,0.011997358
996105,0.012534467
996106,0.0065142461
996107,0.016797926
996108,0.0060245288
996109,0.015339212
996110,0.011675666
996111,0.018947467
996112,0.0063763787
996113,0.006300264
996114,0.0060259649
996115,0.015135283
996116,0.0090353573
996117,0.027903862
996118,0.018177705
996119,0.011740512
996120,0.0062464098
996121,0.0064453124
996122,0.01462546
996123,0.016224518
996124,0.025129251
996125,0.0016406127
996126,0.009281652
996127,0.0060554054
996128,0.0091552734
996129,0.012028952
996130,0.017637005
996131,0.0091825593
996132,0.0060970532
996133,0.011822869
996134,0.0064309514
996135,0.01183364
996136,0.012087115
996137,0.0083007813
996138,0.0091258334
996139,0.0090051992
996140,0.0084031457
996141,0.012278119
996142,0.008928366
996143,0.0064273612
996144,0.009501379
996145,0.0078936405
996146,0.0062327664
996147,0.0091545554
996148,0.015097943
996149,0.0063964846
996150,0.0020001356
996151,0.0063828412
996152,0.0060546873
996153,0.0060410444
996154,0.0064553656
996155,0.014981617
996156,0.0064366958
996157,0.0071698357
996158,0.0060317097
996159,0.0063318587
996160,0.01458094
996161,0.002027076
996162,0.012119428
996163,0.014803539
996164,0.0066176471
996165,0.016704248
996166,0.0063110352
996167,0.0079523241
996168,0.0061544981
996169,0.0056418027
996170,0.0065070656
996171,0.0063770968
996172,0.014789177
996173,0.023770681
996174,0.015096507
996175,0.018905101
996176,0.015208525
996177,0.010241699
996178,0.0063749426
996179,0.0066729379
996180,0.0062643611
996181,0.028118938
996182,0.012031106
996183,0.0084860409
996184,0.013131893
996185,0.015062041
996186,0.0063694622
996187,0.0096162688
996188,0.0058119828
996189,0.008928366
996190,0.0063139074
996191,0.0091502471
996192,0.012012437
996193,0.012179027
996194,0.005977137
996195,0.009310375
996196,0.011367872
996197,0.008003898
996198,0.0060819737
996199,0.016832072
996200,0.0060094497
996201,0.013227396
996202,0.0064223344
996203,0.012179526
996204,0.0059713926
996205,0.013915298
996206,0.012169692
996207,0.0055667837
996208,0.011663459
996209,0.0090095075
996210,0.0093333526
996211,0.0062298942
996212,0.0069048712
996213,0.0062930835
996214,0.0062385108
996215,0.010868068
996216,0.00613152
996217,0.020364201
996218,0.0087050498
996219,0.0063246782
996220,0.015543141
996221,0.0035818275
996222,0.014924173
996223,0.012159639
996224,0.0088371728
996225,0.0090195602
996226,0.011685719
996227,0.022278484
996228,0.009003045
996229,0.006168141
996230,0.0091617359
996231,0.0080799069
996232,0.0058733849
996233,0.012143842
996234,0.0093003213
996235,0.0051988848
996236,0.0061415727
996237,0.0088285562
996238,0.005977137
996239,0.0063691982
996240,0.02064568
996241,0.0062571806
996242,0.0085370233
996243,0.0092256432
996244,0.0061465991
996245,0.015171186
996246,0.012180463
996247,0.026585478
996248,0.0087883445
996249,0.0015264337
996250,0.0092105642
996251,0.013442095
996252,0.020396514
996253,0.01472886
996254,0.010504509
996255,0.012842515
996256,0.011753217
996257,0.013446836
996258,0.0073694563
996259,0.0011630893
996260,0.014333927
996261,0.0096392464
996262,0.022497119
996263,0.0088737933
996264,0.0060597141
996265,0.01484375
996266,0.0066348803
996267,0.017616183
996268,0.014619716
996269,0.0061236215
996270,0.0091559915
996271,0.0060259649
996272,0.0060819737
996273,0.0061889649
996274,0.01191119
996275,0.0058859433
996276,0.0060044234
996277,0.0060625863
996278,0.0066327262
996279,0.0089326743
996280,0.012345617
996281,0.0061300839
996282,0.022287168
996283,0.0097541362
996284,0.010462143
996285,0.0062808767
996286,0.0064051012
996287,0.010480814
996288,0.014820054
996289,0.011053308
996290,0.0064568017
996291,0.0062801586
996292,0.0062657972
996293,0.008517636
996294,0.02240815
996295,0.0090647982
996296,0.0086188819
996297,0.014815028
996298,0.017480435
996299,0.0072538489
996300,0.014974437
996301,0.0088931816
996302,0.0088938996
996303,0.0061473171
996304,0.0088486616
996305,0.0062844669
996306,0.009838149
996307,0.0063146255
996308,0.023783183
996309,0.0064927046
996310,0.0065602022
996311,0.0092924228
996312,0.009237132
996313,0.016608786
996314,0.0077967024
996315,0.0059060492
996316,0.0055635339
996317,0.0060597141
996318,0.0091832774
996319,0.0062693874
996320,0.0063763787
996321,0.006285903
996322,0.0063268323
996323,0.011979406
996324,0.0061710132
996325,0.0061063878
996326,0.0049698544
996327,0.0062844669
996328,0.014996697
996329,0.0089506265
996330,0.010316378
996331,0.0091545554
996332,0.0058608111
996333,0.03315717
996334,0.0061982996
996335,0.0089965817
996336,0.0060798195
996337,0.0063124713
996338,0.0095143039
996339,0.015126666
996340,0.0096593518
996341,0.0094475243
996342,0.0061846566
996343,0.0061695771
996344,0.0062205596
996345,0.0061868108
996346,0.0089175953
996347,0.0061078239
996348,0.0091552734
996349,0.020703126
996350,0.0061300839
996351,0.0071324967
996352,0.011671358
996353,0.0061559342
996354,0.0058945599
996355,0.014602481
996356,0.0065041934
996357,0.0084784459
996358,0.0064338236
996359,0.0097469557
996360,0.0060159122
996361,0.010139734
996362,0.0093635106
996363,0.0064187441
996364,0.0063203699
996365,0.0061839386
996366,0.014579504
996367,0.0061465991
996368,0.023292452
996369,0.010584932
996370,0.0060654585
996371,0.0093003213
996372,0.0067002242
996373,0.0060625863
996374,0.0079325372
996375,0.0085197901
996376,0.0089951456
996377,0.0081004426
996378,0.0060094497
996379,0.0081966622
996380,0.0059103575
996381,0.0060367361
996382,0.011775477
996383,0.0064481846
996384,0.011719468
996385,0.0079963235
996386,0.0061544981
996387,0.015028291
996388,0.014771226
996389,0.0086062774
996390,0.0089527806
996391,0.0089039523
996392,0.0061588064
996393,0.007754337
996394,0.0061214673
996395,0.0086677102
996396,0.011534926
996397,0.0061501898
996398,0.0095437439
996399,0.0092184627
996400,0.015093635
996401,0.012021772
996402,0.0059512868
996403,0.0061408547
996404,0.0060668946
996405,0.0059792912
996406,0.005991498
996407,0.0064259251
996408,0.0064467485
996409,0.006285185
996410,0.0065659466
996411,0.0066320081
996412,0.012245807
996413,0.012055521
996414,0.020423081
996415,0.0089570889
996416,0.0087007415
996417,0.0092629828
996418,0.014756865
996419,0.0066636028
996420,0.0065838983
996421,0.013888431
996422,0.0061264937
996423,0.0067605413
996424,0.0063943304
996425,0.0022568994
996426,0.0060734604
996427,0.017807905
996428,0.0035725462
996429,0.0088608684
996430,0.0065293256
996431,0.023427447
996432,0.01451057
996433,0.0073112939
996434,0.014590993
996435,0.0061365464
996436,0.0064359778
996437,0.0092041017
996438,0.024551213
996439,0.0062435376
996440,0.0061825025
996441,0.0068323473
996442,0.012328384
996443,0.0062938016
996444,0.0064402861
996445,0.0087646488
996446,0.024732167
996447,0.0015073684
996448,0.014993107
996449,0.0049095345
996450,0.001813449
996451,0.0089915553
996452,0.0093276082
996453,0.026293945
996454,0.0096406825
996455,0.0091093173
996456,0.019687636
996457,0.0085628731
996458,0.0062880572
996459,0.011963609
996460,0.015252327
996461,0.026740579
996462,0.006498449
996463,0.0067210477
996464,0.021961169
996465,0.012293916
996466,0.0060144761
996467,0.011660587
996468,0.0099106729
996469,0.0061071059
996470,0.0090877758
996471,0.0071389591
996472,0.007151884
996473,0.0098130172
996474,0.015971823
996475,0.018134622
996476,0.006226304
996477,0.0063670441
996478,0.0060180663
996479,0.0079367245
996480,0.0062090703
996481,0.0091459388
996482,0.0089958636
996483,0.0060898727
996484,0.0064718807
996485,0.023061236
996486,0.0090490002
996487,0.0064122817
996488,0.006050379
996489,0.019029938
996490,0.0093958238
996491,0.0061875288
996492,0.0060654585
996493,0.0032110226
996494,0.0063376036
996495,0.0092945769
996496,0.014717371
996497,0.007826861
996498,0.006307445
996499,0.0063189338
996500,0.012160357
996501,0.0053245118
996502,0.0088816928
996503,0.0053720651
996504,0.015633617
996505,0.0087567493
996506,0.0070054
996507,0.0063735065
996508,0.016391888
996509,0.0060824938
996510,0.012089922
996511,0.026340619
996512,0.021024281
996513,0.0083406465
996514,0.0062083523
996515,0.012826717
996516,0.012234317
996517,0.0067720301
996518,0.0098462105
996519,0.0054365015
996520,0.010622726
996521,0.0079388786
996522,0.0061954274
996523,0.037227135
996524,0.005859375
996525,0.0059857536
996526,0.0091071632
996527,0.012260389
996528,0.014727424
996529,0.0079360064
996530,0.0062873391
996531,0.0065975413
996532,0.010893112
996533,0.0093706921
996534,0.0061925552
996535,0.009075569
996536,0.008884565
996537,0.012264476
996538,0.017620074
996539,0.0060431985
996540,0.0072847256
996541,0.0072143553
996542,0.009339097
996543,0.009177533
996544,0.0065185549
996545,0.006307445
996546,0.0062981099
996547,0.0092055378
996548,0.012253705
996549,0.0056561558
996550,0.012155331
996551,0.0062772864
996552,0.038798254
996553,0.0064065373
996554,0.005895278
996555,0.01290714
996556,0.0066406252
996557,0.0066980696
996558,0.011952838
996559,0.013041418
996560,0.008121266
996561,0.031881895
996562,0.0060618683
996563,0.009076287
996564,0.0060956171
996565,0.0061580883
996566,0.0064302334
996567,0.0061746035
996568,0.020479091
996569,0.0062054801
996570,0.011818561
996571,0.0092026656
996572,0.0061997357
996573,0.0059943702
996574,0.0088371728
996575,0.011580883
996576,0.0087840362
996577,0.0091452207
996578,0.0061710132
996579,0.0096424762
996580,0.017018756
996581,0.006285185
996582,0.0060453527
996583,0.0071849148
996584,0.0061846566
996585,0.0063878675
996586,0.012041159
996587,0.0075884652
996588,0.0093412511
996589,0.011776195
996590,0.013156308
996591,0.0093290443
996592,0.011997358
996593,0.01240378
996594,0.0055891089
996595,0.0063038548
996596,0.017687988
996597,0.0091416305
996598,0.0067720301
996599,0.0061839386
996600,0.012443991
996601,0.0092256432
996602,0.0063627353
996603,0.012028952
996604,0.0063742246
996605,0.014527085
996606,0.0066442154
996607,0.0098941624
996608,0.0065307617
996609,0.01439209
996610,0.0082601504
996611,0.0061494717
996612,0.0060905907
996613,0.0061616786
996614,0.0062665152
996615,0.011638328
996616,0.0090877758
996617,0.006071921
996618,0.0060238107
996619,0.0063720704
996620,0.0060554054
996621,0.012897307
996622,0.0080757532
996623,0.0065652286
996624,0.011744132
996625,0.013667567
996626,0.0089341104
996627,0.013074997
996628,0.0091911769
996629,0.0063842773
996630,0.0093060657
996631,0.014323156
996632,0.0089384187
996633,0.029170496
996634,0.0088730752
996635,0.010886265
996636,0.0092601106
996637,0.011368036
996638,0.0026646852
996639,0.0063232421
996640,0.0059591853
996641,0.017704504
996642,0.017645624
996643,0.026414579
996644,0.0087136663
996645,0.0060302736
996646,0.0085426224
996647,0.0061997357
996648,0.0087761376
996649,0.0062794406
996650,0.0059936522
996651,0.017775591
996652,0.0090332031
996653,0.0060453527
996654,0.011216928
996655,0.0063095991
996656,0.0062622069
996657,0.0086224722
996658,0.015207089
996659,0.006365608
996660,0.0061071059
996661,0.0018309782
996662,0.011963609
996663,0.0090669524
996664,0.0058199312
996665,0.00610926
996666,0.0061602425
996667,0.011818561
996668,0.0065142461
996669,0.015929457
996670,0.004978158
996671,0.0120706
996672,0.0071389591
996673,0.0089707319
996674,0.0060676127
996675,0.0093017574
996676,0.0064934227
996677,0.0087711113
996678,0.0091789691
996679,0.0059196921
996680,0.0061330884
996681,0.0066233915
996682,0.022281423
996683,0.0075066062
996684,0.01157083
996685,0.010231647
996686,0.011894675
996687,0.0060080136
996688,0.0057333349
996689,0.0021206124
996690,0.0061049517
996691,0.0055820537
996692,0.0074987076
996693,0.0098460475
996694,0.010814155
996695,0.0092328237
996696,0.020082721
996697,0.027775947
996698,0.0063268323
996699,0.0057688993
996700,0.006299546
996701,0.0095896311
996702,0.0083945934
996703,0.01148897
996704,0.0077076633
996705,0.0058572209
996706,0.011551442
996707,0.015254965
996708,0.0058147674
996709,0.0062421015
996710,0.0017725952
996711,0.0058558653
996712,0.038694851
996713,0.0061616786
996714,0.0072165094
996715,0.0063749426
996716,0.0090425378
996717,0.0065487134
996718,0.012917948
996719,0.012102912
996720,0.009397978
996721,0.0063383216
996722,0.010344182
996723,0.020476935
996724,0.0062650791
996725,0.015945055
996726,0.0062054801
996727,0.0060403263
996728,0.0061372644
996729,0.0089003621
996730,0.010821397
996731,0.0063893036
996732,0.0090949563
996733,0.001748047
996734,0.0064072553
996735,0.0052657374
996736,0.0062708235
996737,0.015085018
996738,0.010579905
996739,0.00097567547
996740,0.0067232018
996741,0.009017406
996742,0.0088838469
996743,0.011676535
996744,0.006271542
996745,0.0059591853
996746,0.0091064451
996747,0.036016572
996748,0.0088874372
996749,0.0094101848
996750,0.0060841278
996751,0.010744947
996752,0.01489186
996753,0.013935835
996754,0.0060202205
996755,0.0090518724
996756,0.0090805953
996757,0.006570973
996758,0.0068510165
996759,0.0062686694
996760,0.012075626
996761,0.017027372
996762,0.0093656648
996763,0.0059074853
996764,0.006425207
996765,0.008796961
996766,0.017410817
996767,0.0068818936
996768,0.0054785297
996769,0.0063770968
996770,0.011466711
996771,0.0063332953
996772,0.0096945371
996773,0.0092321057
996774,0.012105784
996775,0.0060094497
996776,0.0090813134
996777,0.0080710016
996778,0.0062844669
996779,0.024626609
996780,0.0056532915
996781,0.012089269
996782,0.031641886
996783,0.0061580883
996784,0.015250172
996785,0.006497731
996786,0.006094899
996787,0.0062219957
996788,0.017959416
996789,0.0094222762
996790,0.006153062
996791,0.0067088408
996792,0.011467429
996793,0.0059879078
996794,0.0063670441
996795,0.0098632816
996796,0.0063555548
996797,0.01559915
996798,0.0078200884
996799,0.0062571806
996800,0.006519991
996801,0.0092715994
996802,0.0060202205
996803,0.0080347834
996804,0.0092286495
996805,0.0083912564
996806,0.011569394
996807,0.011594526
996808,0.0058155735
996809,0.0062981099
996810,0.011462403
996811,0.0064804973
996812,0.0074247471
996813,0.0090992646
996814,0.0089384187
996815,0.012112965
996816,0.017589614
996817,0.011592371
996818,0.0065946691
996819,0.0061106961
996820,0.0066327262
996821,0.0061286478
996822,0.0065645105
996823,0.009280934
996824,0.0060977712
996825,0.011291504
996826,0.012155331
996827,0.012270939
996828,0.0061516259
996829,0.0060633044
996830,0.0069694966
996831,0.0062363567
996832,0.0090130977
996833,0.0064223344
996834,0.011780503
996835,0.013406911
996836,0.0061135683
996837,0.0092033837
996838,0.0090533085
996839,0.0089534987
996840,0.012040259
996841,0.0061774757
996842,0.0060546873
996843,0.0066312901
996844,0.009736903
996845,0.0093362248
996846,0.0059283087
996847,0.0063447841
996848,0.011971507
996849,0.01238511
996850,0.0060546873
996851,0.0061559342
996852,0.012319049
996853,0.026135972
996854,0.011354693
996855,0.011040183
996856,0.0074629639
996857,0.016498089
996858,0.0059555951
996859,0.0080896718
996860,0.0059735468
996861,0.0061738854
996862,0.0070312498
996863,0.0062959557
996864,0.0091725066
996865,0.014046958
996866,0.0063246782
996867,0.027001236
996868,0.023644302
996869,0.014456715
996870,0.021477195
996871,0.0069127702
996872,0.0091222422
996873,0.023704618
996874,0.0064460305
996875,0.019444006
996876,0.0062643611
996877,0.0090992646
996878,0.0067648496
996879,0.0092622647
996880,0.0072926241
996881,0.0065027573
996882,0.0061990176
996883,0.0060008331
996884,0.012132353
996885,0.0091710705
996886,0.0065221451
996887,0.0064589558
996888,0.0063182157
996889,0.0060575595
996890,0.010246726
996891,0.0061932732
996892,0.0069055893
996893,0.0088615865
996894,0.015111587
996895,0.0065422505
996896,0.014753275
996897,0.0052649705
996898,0.0094353175
996899,0.0057125115
996900,0.0074340822
996901,0.0093405331
996902,0.0090992646
996903,0.010734289
996904,0.0062069162
996905,0.0061286478
996906,0.0060044234
996907,0.0091732247
996908,0.0062780045
996909,0.013617302
996910,0.0094518326
996911,0.0063419119
996912,0.010240263
996913,0.014932072
996914,0.011971507
996915,0.01183364
996916,0.0064216163
996917,0.0089204675
996918,0.0061516259
996919,0.011978688
996920,0.011708697
996921,0.0062112249
996922,0.0089233397
996923,0.01399572
996924,0.0082474472
996925,0.0058220359
996926,0.0063763787
996927,0.0081844553
996928,0.0062377928
996929,0.0063376036
996930,0.0064941407
996931,0.020001842
996932,0.0089534987
996933,0.0060396083
996934,0.0092859603
996935,0.016461106
996936,0.0090533085
996937,0.0062643611
996938,0.006227022
996939,0.0064338236
996940,0.00098977762
996941,0.023782169
996942,0.015257353
996943,0.0062894933
996944,0.0059879078
996945,0.012507181
996946,0.0062219957
996947,0.015879912
996948,0.0062191235
996949,0.0019481824
996950,0.0055454108
996951,0.0065523037
996952,0.0089377007
996953,0.023128733
996954,0.010977712
996955,0.012064137
996956,0.0074190027
996957,0.0063282684
996958,0.0062076342
996959,0.01488468
996960,0.020674402
996961,0.0063368855
996962,0.012572524
996963,0.013406193
996964,0.0063476563
996965,0.0059555951
996966,0.0060963351
996967,0.0060683307
996968,0.0090849036
996969,0.0092967311
996970,0.0092069739
996971,0.0061939913
996972,0.013477281
996973,0.0064848056
996974,0.0060589961
996975,0.012053366
996976,0.0066880169
996977,0.0062650791
996978,0.012076344
996979,0.0064237705
996980,0.016204474
996981,0.012319049
996982,0.0088924635
996983,0.011868106
996984,0.010205796
996985,0.0091129076
996986,0.011902574
996987,0.0060044234
996988,0.0062708235
996989,0.014960794
996990,0.0067131491
996991,0.0020116237
996992,0.0051990217
996993,0.011994486
996994,0.038786765
996995,0.0089470362
996996,0.017284438
996997,0.0058909697
996998,0.015390912
996999,0.022917081
997000,0.009237132
997001,0.017123941
997002,0.0065759993
997003,0.002850479
997004,0.014127086
997005,0.0054479265
997006,0.0061509078
997007,0.0066018496
997008,0.0068345014
997009,0.012129481
997010,0.0061659869
997011,0.009324736
997012,0.0057846969
997013,0.0064496207
997014,0.0066700657
997015,0.0064338236
997016,0.02403708
997017,0.012281709
997018,0.0062614889
997019,0.0089901192
997020,0.0061465991
997021,0.017763386
997022,0.0098410212
997023,0.0061832205
997024,0.0063670441
997025,0.0081571694
997026,0.011923397
997027,0.0072761085
997028,0.0062744142
997029,0.0075089317
997030,0.014456715
997031,0.0063577089
997032,0.0076451921
997033,0.014477539
997034,0.014919146
997035,0.0060812556
997036,0.0070441752
997037,0.016058709
997038,0.006211943
997039,0.0059570312
997040,0.011628275
997041,0.0063124713
997042,0.02508183
997043,0.0065982593
997044,0.0061659869
997045,0.0089779124
997046,0.0083484557
997047,0.0067325369
997048,0.0073996149
997049,0.026145307
997050,0.0061106961
997051,0.016906623
997052,0.0090820314
997053,0.0062966738
997054,0.0036326766
997055,0.026465561
997056,0.0099078007
997057,0.0060546873
997058,0.012526568
997059,0.0080368966
997060,0.0075446633
997061,0.0064546475
997062,0.012221392
997063,0.0054790438
997064,0.0064568017
997065,0.014901195
997066,0.0095877424
997067,0.0090784412
997068,0.0069745234
997069,0.0077607995
997070,0.012013155
997071,0.0089958636
997072,0.0092270793
997073,0.014367408
997074,0.0067583867
997075,0.011817843
997076,0.01160386
997077,0.0062133791
997078,0.0062514362
997079,0.011730239
997080,0.0060791015
997081,0.017945772
997082,0.0066198013
997083,0.015097225
997084,0.014527803
997085,0.009076287
997086,0.0084459316
997087,0.0069759595
997088,0.011925551
997089,0.00601304
997090,0.0063297045
997091,0.0088199396
997092,0.0062478459
997093,0.0064338236
997094,0.0063419119
997095,0.0061401366
997096,0.014131865
997097,0.020582492
997098,0.0082810437
997099,0.017733226
997100,0.0092945769
997101,0.0205868
997102,0.0092996033
997103,0.0070764879
997104,0.0095272288
997105,0.0049874494
997106,0.0060202205
997107,0.0099099549
997108,0.015085018
997109,0.0087352078
997110,0.0061178766
997111,0.0089836568
997112,0.0088745113
997113,0.0062729781
997114,0.0066054398
997115,0.011685001
997116,0.0057157627
997117,0.014441636
997118,0.0097096162
997119,0.0062313303
997120,0.001956322
997121,0.010355153
997122,0.013776108
997123,0.0062887752
997124,0.0061868108
997125,0.0060898727
997126,0.0087926527
997127,0.0093096569
997128,0.012023926
997129,0.011717314
997130,0.0091222422
997131,0.01060432
997132,0.0078986669
997133,0.0090805953
997134,0.0063541187
997135,0.009869026
997136,0.0092026656
997137,0.014988081
997138,0.01411061
997139,0.012111529
997140,0.0060353
997141,0.0066966335
997142,0.0063261143
997143,0.012261604
997144,0.0053767804
997145,0.0061006434
997146,0.012792969
997147,0.011214672
997148,0.011446605
997149,0.009193331
997150,0.0059007281
997151,0.020932904
997152,0.0069106156
997153,0.016545143
997154,0.014905503
997155,0.0060187844
997156,0.0088414811
997157,0.012063419
997158,0.01106316
997159,0.0090798773
997160,0.012168256
997161,0.011750345
997162,0.0072789812
997163,0.0070441752
997164,0.0091373222
997165,0.032373048
997166,0.0090647982
997167,0.0097921928
997168,0.0061114142
997169,0.0054235402
997170,0.0083180144
997171,0.0062140971
997172,0.0063088811
997173,0.011047363
997174,0.005940516
997175,0.0062571806
997176,0.0063677621
997177,0.0079972073
997178,0.0060625863
997179,0.014684341
997180,0.0064295153
997181,0.017838782
997182,0.0097175147
997183,0.0078304512
997184,0.0063447841
997185,0.0060087317
997186,0.0052185347
997187,0.0064560836
997188,0.0053919572
997189,0.0060812556
997190,0.0066542681
997191,0.011916216
997192,0.017980238
997193,0.0081614777
997194,0.0060704849
997195,0.020806525
997196,0.03606724
997197,0.0061236215
997198,0.0062571806
997199,0.015208525
997200,0.023655791
997201,0.0089937095
997202,0.0061465991
997203,0.0092601106
997204,0.015165441
997205,0.0063304226
997206,0.0088005513
997207,0.0064546475
997208,0.026390165
997209,0.0063354494
997210,0.0060561234
997211,0.0063210879
997212,0.0083388388
997213,0.0062004537
997214,0.014867446
997215,0.0063577089
997216,0.011979406
997217,0.0060546873
997218,0.0060367361
997219,0.017425308
997220,0.022139246
997221,0.0095868278
997222,0.006556612
997223,0.0062701055
997224,0.0060898727
997225,0.01237793
997226,0.012554573
997227,0.014840878
997228,0.011351103
997229,0.0094396258
997230,0.013429889
997231,0.0064711627
997232,0.012272375
997233,0.017980238
997234,0.0061738854
997235,0.0042030667
997236,0.017589614
997237,0.0054565002
997238,0.0063275504
997239,0.0087747015
997240,0.0064632641
997241,0.01302562
997242,0.0063246782
997243,0.011989458
997244,0.010957606
997245,0.0085621551
997246,0.0061480352
997247,0.0056436742
997248,0.0074692671
997249,0.0061695771
997250,0.0051987418
997251,0.0092967311
997252,0.0092981672
997253,0.0065171188
997254,0.006402229
997255,0.0093161194
997256,0.0079661654
997257,0.0013445091
997258,0.0066061579
997259,0.016768692
997260,0.014970128
997261,0.0062528723
997262,0.0086361151
997263,0.0090633612
997264,0.0062478459
997265,0.0075877472
997266,0.010650994
997267,0.012098604
997268,0.0062219957
997269,0.0063785329
997270,0.0065106559
997271,0.0061250576
997272,0.023701746
997273,0.0063174977
997274,0.0060633044
997275,0.0063347314
997276,0.0060209385
997277,0.007034122
997278,0.015609094
997279,0.0058622472
997280,0.031767003
997281,0.0063713524
997282,0.006263643
997283,0.0015738868
997284,0.0080193011
997285,0.0055229589
997286,0.020651424
997287,0.0070736157
997288,0.0065113739
997289,0.01170435
997290,0.011914062
997291,0.011788402
997292,0.00655733
997293,0.0066119027
997294,0.0088895913
997295,0.0019946815
997296,0.0061961454
997297,0.008252671
997298,0.010209386
997299,0.0071044923
997300,0.023721134
997301,0.0061825025
997302,0.0061207493
997303,0.01198156
997304,0.009149529
997305,0.016620319
997306,0.0094927624
997307,0.0082844384
997308,0.0065903608
997309,0.0061918371
997310,0.010305607
997311,0.011827177
997312,0.0064855241
997313,0.0062097884
997314,0.006425207
997315,0.014728142
997316,0.009692383
997317,0.017886892
997318,0.0062535903
997319,0.0059613395
997320,0.0063189338
997321,0.0081966622
997322,0.0043128831
997323,0.0089384187
997324,0.01063017
997325,0.0096751498
997326,0.0063368855
997327,0.0066600125
997328,0.007444853
997329,0.020284496
997330,0.012375776
997331,0.020417336
997332,0.020728257
997333,0.0054851891
997334,0.0064804973
997335,0.0055445558
997336,0.0089369826
997337,0.0053300937
997338,0.0060044234
997339,0.008299225
997340,0.0063139074
997341,0.0062155332
997342,0.0081931921
997343,0.0063246782
997344,0.0081496444
997345,0.0063253962
997346,0.0094848629
997347,0.0061480352
997348,0.029222915
997349,0.0058529126
997350,0.0068395277
997351,0.011328843
997352,0.0062069162
997353,0.0071080825
997354,0.0090863397
997355,0.0061961454
997356,0.0061300839
997357,0.0081564514
997358,0.024010926
997359,0.009501379
997360,0.0091021368
997361,0.01733542
997362,0.012306842
997363,0.0061027976
997364,0.012402344
997365,0.0096404981
997366,0.0061939913
997367,0.033170812
997368,0.020002298
997369,0.0059218463
997370,0.0062385108
997371,0.0062191235
997372,0.0062205596
997373,0.0062385108
997374,0.0084554395
997375,0.0059254365
997376,0.011259191
997377,0.0092629828
997378,0.008825684
997379,0.0062902113
997380,0.0033628447
997381,0.0061932732
997382,0.0090324851
997383,0.0089664236
997384,0.0091883047
997385,0.014402918
997386,0.012039723
997387,0.0090389475
997388,0.011196001
997389,0.0060927449
997390,0.0061063878
997391,0.0063340133
997392,0.0063914577
997393,0.012706083
997394,0.0078699449
997395,0.0060072956
997396,0.0061006434
997397,0.019112621
997398,0.013556625
997399,0.0064345417
997400,0.011840102
997401,0.027825825
997402,0.010779527
997403,0.012212776
997404,0.010041361
997405,0.0092306696
997406,0.021254595
997407,0.0062514362
997408,0.012203441
997409,0.0071044923
997410,0.006108542
997411,0.017675782
997412,0.0063304226
997413,0.0061695771
997414,0.0063555548
997415,0.0060690488
997416,0.010988482
997417,0.016092457
997418,0.0066255457
997419,0.0065946691
997420,0.006285185
997421,0.010971967
997422,0.0093240179
997423,0.0093477136
997424,0.0075525618
997425,0.015131692
997426,0.0094805546
997427,0.001949424
997428,0.0061839386
997429,0.0061236215
997430,0.0052207001
997431,0.0089944275
997432,0.014639103
997433,0.006424489
997434,0.0066226735
997435,0.011172946
997436,0.0061135683
997437,0.0063519645
997438,0.0087732654
997439,0.0064237705
997440,0.0052531385
997441,0.0092177447
997442,0.0091681983
997443,0.014843659
997444,0.0083790496
997445,0.0060324278
997446,0.008189992
997447,0.006285903
997448,0.0060977712
997449,0.0065487134
997450,0.017661421
997451,0.0060661766
997452,0.0061839386
997453,0.019930348
997454,0.017963005
997455,0.0091150617
997456,0.014247759
997457,0.0062736962
997458,0.0063232421
997459,0.023784323
997460,0.017830165
997461,0.0060317097
997462,0.010975372
997463,0.013428543
997464,0.0072380514
997465,0.011471737
997466,0.0059196921
997467,0.0070326859
997468,0.0093218638
997469,0.018451286
997470,0.014889706
997471,0.015062041
997472,0.0093912752
997473,0.0063189338
997474,0.0061473171
997475,0.0060532512
997476,0.0092586745
997477,0.0089082606
997478,0.0082045607
997479,0.0062578986
997480,0.0061939913
997481,0.005918256
997482,0.0060546873
997483,0.0063957665
997484,0.0078914864
997485,0.0072114831
997486,0.0063634538
997487,0.0090612071
997488,0.01493638
997489,0.023349179
997490,0.0062342025
997491,0.0090963924
997492,0.0092881145
997493,0.014338235
997494,0.0064108456
997495,0.015203498
997496,0.006380687
997497,0.012706801
997498,0.020475499
997499,0.011883186
997500,0.0059692385
997501,0.0062399469
997502,0.0091502471
997503,0.0060676127
997504,0.0067275101
997505,0.0082454886
997506,0.0057961857
997507,0.0071942499
997508,0.0094338814
997509,0.01188534
997510,0.005149988
997511,0.0060546873
997512,0.0090662343
997513,0.0060595251
997514,0.0087919347
997515,0.0060381722
997516,0.0059103575
997517,0.0091696344
997518,0.01753935
997519,0.0084393667
997520,0.018037684
997521,0.009780704
997522,0.0062952377
997523,0.014970128
997524,0.012065574
997525,0.0087445425
997526,0.01157801
997527,0.0064912685
997528,0.0061035156
997529,0.0091452207
997530,0.0076236501
997531,0.0057559744
997532,0.0060367361
997533,0.0066492418
997534,0.023627069
997535,0.0083733052
997536,0.0081781866
997537,0.027726747
997538,0.0090827495
997539,0.0079410328
997540,0.0055346275
997541,0.0052425284
997542,0.0069529815
997543,0.0070111444
997544,0.012180463
997545,0.02065286
997546,0.018865608
997547,0.012042595
997548,0.0061702952
997549,0.010456399
997550,0.006380687
997551,0.02854722
997552,0.0062808767
997553,0.017578125
997554,0.0063735065
997555,0.011971507
997556,0.0028004234
997557,0.0061430088
997558,0.010976548
997559,0.0065034754
997560,0.0055652168
997561,0.017912023
997562,0.0062823128
997563,0.0063878675
997564,0.0090418197
997565,0.005954877
997566,0.0088084498
997567,0.0062184054
997568,0.0062227137
997569,0.0060747932
997570,0.0063268323
997571,0.010141989
997572,0.0060460707
997573,0.0059017404
997574,0.0087747015
997575,0.0062471279
997576,0.0059283087
997577,0.0090554627
997578,0.0073184744
997579,0.033373099
997580,0.03008298
997581,0.0062176874
997582,0.0063239601
997583,0.0061465991
997584,0.0018199421
997585,0.021151194
997586,0.0062930835
997587,0.009252212
997588,0.019102102
997589,0.0067468979
997590,0.0063455021
997591,0.0096148327
997592,0.015414609
997593,0.01726958
997594,0.0024625305
997595,0.017837346
997596,0.013973968
997597,0.0062736962
997598,0.0094109029
997599,0.0069271312
997600,0.0050636837
997601,0.010913042
997602,0.0060374541
997603,0.0068969727
997604,0.018098719
997605,0.006784237
997606,0.0060977712
997607,0.008135627
997608,0.0087445425
997609,0.022209037
997610,0.0091452207
997611,0.0060992073
997612,0.014906221
997613,0.0020036788
997614,0.0055149775
997615,0.00641659
997616,0.0084275324
997617,0.017471135
997618,0.0062787225
997619,0.0062205596
997620,0.0063081631
997621,0.012497846
997622,0.0030053114
997623,0.0065472773
997624,0.0085657453
997625,0.023403034
997626,0.005917538
997627,0.020392206
997628,0.005954159
997629,0.0062356386
997630,0.014924173
997631,0.006226304
997632,0.0063878675
997633,0.0061860927
997634,0.0062564625
997635,0.006227022
997636,0.015004596
997637,0.007811782
997638,0.009046128
997639,0.011994486
997640,0.029046271
997641,0.01230038
997642,0.0062385108
997643,0.0093204277
997644,0.011879596
997645,0.0060202205
997646,0.012561035
997647,0.0062219957
997648,0.016052885
997649,0.01165197
997650,0.0060324278
997651,0.011756808
997652,0.0059886258
997653,0.0085592829
997654,0.012097886
997655,0.0065027573
997656,0.0073328353
997657,0.014489746
997658,0.0065838983
997659,0.011337604
997660,0.0061006434
997661,0.012500718
997662,0.0060044234
997663,0.0062938016
997664,0.006439568
997665,0.0059871897
997666,0.0063735065
997667,0.0086741727
997668,0.0089534987
997669,0.0061372644
997670,0.0064079734
997671,0.009587355
997672,0.0085061463
997673,0.013064396
997674,0.016963642
997675,0.0062528723
997676,0.017773438
997677,0.0075871912
997678,0.0059843175
997679,0.0064079734
997680,0.011663459
997681,0.0061221854
997682,0.0098927217
997683,0.0088174203
997684,0.018508462
997685,0.006227022
997686,0.014464614
997687,0.013863597
997688,0.0089958636
997689,0.0063763787
997690,0.0089822207
997691,0.0096636601
997692,0.0094669117
997693,0.017398611
997694,0.0093520219
997695,0.0089247758
997696,0.0097462377
997697,0.006227022
997698,0.00610926
997699,0.0061817844
997700,0.0058252877
997701,0.012982537
997702,0.011972225
997703,0.0062069162
997704,0.0094001321
997705,0.014512978
997706,0.011879596
997707,0.0093455594
997708,0.012133071
997709,0.0080789002
997710,0.0078936405
997711,0.012738396
997712,0.024365235
997713,0.01486242
997714,0.014813592
997715,0.006094181
997716,0.0088378908
997717,0.0068158316
997718,0.01909573
997719,0.0093094399
997720,0.0059204102
997721,0.0090303309
997722,0.020665068
997723,0.0060123219
997724,0.014924173
997725,0.017710967
997726,0.0053803427
997727,0.0057788668
997728,0.0091301417
997729,0.0062837489
997730,0.012395881
997731,0.0075942096
997732,0.0060575595
997733,0.011994486
997734,0.0092292335
997735,0.024787348
997736,0.014170209
997737,0.015798053
997738,0.009163172
997739,0.0075662052
997740,0.0063311406
997741,0.0021993059
997742,0.0057181423
997743,0.0087387981
997744,0.022414478
997745,0.0061595244
997746,0.01226663
997747,0.0061810664
997748,0.0048911367
997749,0.0091990754
997750,0.0060008331
997751,0.0061264937
997752,0.014096967
997753,0.0061882469
997754,0.0090346392
997755,0.01183364
997756,0.035202205
997757,0.0092830881
997758,0.01156293
997759,0.0091373222
997760,0.0080099441
997761,0.0054080845
997762,0.015004596
997763,0.0084206974
997764,0.011521284
997765,0.0062973918
997766,0.010955952
997767,0.0069163605
997768,0.020370662
997769,0.0091466568
997770,0.0082347197
997771,0.0062844669
997772,0.0088235298
997773,0.0062787225
997774,0.016405532
997775,0.008605957
997776,0.0091136256
997777,0.0053949128
997778,0.006071921
997779,0.0088185025
997780,0.0064927046
997781,0.0095387176
997782,0.023352768
997783,0.019495009
997784,0.0062894933
997785,0.0052920533
997786,0.0075252759
997787,0.011367618
997788,0.0054666521
997789,0.018405331
997790,0.0088802557
997791,0.0092285154
997792,0.0060798195
997793,0.0092392862
997794,0.010064338
997795,0.0054441034
997796,0.0058794809
997797,0.0061214673
997798,0.0061645508
997799,0.009353458
997800,0.0061164405
997801,0.011555032
997802,0.0064711627
997803,0.0066176471
997804,0.0068589156
997805,0.014698702
997806,0.0091265514
997807,0.0063885855
997808,0.015067067
997809,0.0038359372
997810,0.0051455302
997811,0.0059972429
997812,0.0060410444
997813,0.011996626
997814,0.0061868108
997815,0.0072811353
997816,0.039051011
997817,0.0059218463
997818,0.0061142864
997819,0.012155331
997820,0.014002884
997821,0.0080062244
997822,0.0057222256
997823,0.010332893
997824,0.0061623966
997825,0.0063706343
997826,0.024213005
997827,0.0064065373
997828,0.0094489604
997829,0.006425207
997830,0.012879136
997831,0.01415227
997832,0.0055257189
997833,0.012243653
997834,0.0086397063
997835,0.015682444
997836,0.038407627
997837,0.014696548
997838,0.0065156827
997839,0.0061997357
997840,0.0061968635
997841,0.0068143955
997842,0.015034754
997843,0.0065085017
997844,0.0060956171
997845,0.0053929696
997846,0.012421732
997847,0.0097297216
997848,0.0073558134
997849,0.0068660961
997850,0.009368537
997851,0.0061990176
997852,0.011918371
997853,0.012273093
997854,0.0060826917
997855,0.0063031367
997856,0.0075942096
997857,0.0062557445
997858,0.0065637925
997859,0.0060934629
997860,0.009105009
997861,0.0052688047
997862,0.0082548251
997863,0.0092335418
997864,0.0091445027
997865,0.0063534006
997866,0.021054169
997867,0.012005975
997868,0.0061638327
997869,0.0062298942
997870,0.019372828
997871,0.0060819737
997872,0.01217041
997873,0.01706543
997874,0.014947151
997875,0.020514276
997876,0.0060482249
997877,0.0061825025
997878,0.0087991152
997879,0.011941349
997880,0.010551902
997881,0.0062693874
997882,0.0061264937
997883,0.0068402458
997884,0.0063088811
997885,0.0077600814
997886,0.013300638
997887,0.0089082606
997888,0.0062657972
997889,0.014834415
997890,0.010213695
997891,0.0061810664
997892,0.0061580883
997893,0.0092048198
997894,0.0057394588
997895,0.033246927
997896,0.0057674632
997897,0.005932617
997898,0.0063110352
997899,0.0083356202
997900,0.0062054801
997901,0.0061415727
997902,0.0093800267
997903,0.012591911
997904,0.011916935
997905,0.029641544
997906,0.0063821231
997907,0.009003045
997908,0.0063821231
997909,0.0062880572
997910,0.0061846566
997911,0.0053242082
997912,0.014728142
997913,0.0062514362
997914,0.017242862
997915,0.011764706
997916,0.016810643
997917,0.0096880747
997918,0.0062298942
997919,0.0082450463
997920,0.014804257
997921,0.014685777
997922,0.0083424291
997923,0.012107939
997924,0.0056088446
997925,0.010070801
997926,0.020998966
997927,0.0055836397
997928,0.0090669524
997929,0.0093886433
997930,0.02038287
997931,0.00736443
997932,0.0063483743
997933,0.0095243566
997934,0.0066269818
997935,0.013554459
997936,0.0061810664
997937,0.0061006434
997938,0.0016931973
997939,0.012005975
997940,0.014901195
997941,0.013517131
997942,0.017835191
997943,0.0078965127
997944,0.012601964
997945,0.0061875288
997946,0.0064819334
997947,0.012338436
997948,0.012281709
997949,0.0053350199
997950,0.0089886831
997951,0.0091301417
997952,0.0062622069
997953,0.0091265514
997954,0.010500919
997955,0.0062449737
997956,0.0065860525
997957,0.011924115
997958,0.015027573
997959,0.011871697
997960,0.0088924635
997961,0.01252226
997962,0.0094949165
997963,0.0061688591
997964,0.012490666
997965,0.0059520048
997966,0.0062076342
997967,0.0062018898
997968,0.0078839157
997969,0.0060611502
997970,0.0070894128
997971,0.0090913661
997972,0.0091208061
997973,0.012178309
997974,0.0062011718
997975,0.016578889
997976,0.0059534409
997977,0.011199592
997978,0.0081586502
997979,0.001637344
997980,0.0064797793
997981,0.0058901538
997982,0.0094324453
997983,0.0092486218
997984,0.0060094497
997985,0.023308966
997986,0.0067165047
997987,0.0077205882
997988,0.01750919
997989,0.0069048712
997990,0.0085442038
997991,0.0075853416
997992,0.01195212
997993,0.0062155332
997994,0.0055472688
997995,0.0058672735
997996,0.015594842
997997,0.0088134762
997998,0.0067727482
997999,0.0068488624
998000,0.0086082639
998001,0.0063340133
998002,0.0093182735
998003,0.0059900619
998004,0.010764257
998005,0.0090123797
998006,0.014615406
998007,0.0063261143
998008,0.0063648899
998009,0.0087797279
998010,0.020204073
998011,0.012115119
998012,0.0062478459
998013,0.0087904986
998014,0.014453125
998015,0.0090748509
998016,0.016717279
998017,0.0054419073
998018,0.030796703
998019,0.002319651
998020,0.0060281195
998021,0.0075518438
998022,0.0092601106
998023,0.0037612147
998024,0.0093276082
998025,0.0064424402
998026,0.0064833695
998027,0.020746209
998028,0.011006434
998029,0.0093175555
998030,0.0090418197
998031,0.0055067143
998032,0.0062442557
998033,0.011903292
998034,0.0073299631
998035,0.007174144
998036,0.0071540382
998037,0.015004596
998038,0.0063009821
998039,0.0063986387
998040,0.023690257
998041,0.0042044548
998042,0.012201287
998043,0.011155791
998044,0.0098647177
998045,0.0087064859
998046,0.006578872
998047,0.0061975815
998048,0.0058945599
998049,0.0070219152
998050,0.012040441
998051,0.0063332953
998052,0.018370863
998053,0.01973095
998054,0.017842371
998055,0.026668055
998056,0.0090432558
998057,0.011799891
998058,0.0061939913
998059,0.0051574991
998060,0.012196261
998061,0.0066104666
998062,0.0062586167
998063,0.0062564625
998064,0.0011597616
998065,0.012073472
998066,0.011841538
998067,0.005976419
998068,0.0072150733
998069,0.00095313991
998070,0.0061422908
998071,0.0092026656
998072,0.0089412909
998073,0.0063936124
998074,0.012147432
998075,0.0059470972
998076,0.0081621958
998077,0.0094288541
998078,0.0089104148
998079,0.011776195
998080,0.0060891546
998081,0.0069817039
998082,0.0088831289
998083,0.0059893439
998084,0.0061243395
998085,0.0061731674
998086,0.012337718
998087,0.0064000748
998088,0.01764706
998089,0.016718268
998090,0.0090432558
998091,0.0064503388
998092,0.016532158
998093,0.017478315
998094,0.0087639308
998095,0.0089843748
998096,0.009383617
998097,0.013215898
998098,0.0086239083
998099,0.0013491064
998100,0.020599725
998101,0.0062514362
998102,0.0062291762
998103,0.0065537398
998104,0.0077442843
998105,0.0089499084
998106,0.009193331
998107,0.0066341623
998108,0.0013595936
998109,0.0091911769
998110,0.0089965817
998111,0.01529182
998112,0.0062076342
998113,0.008840045
998114,0.0095107136
998115,0.0070298137
998116,0.0061351103
998117,0.0080860807
998118,0.0090202782
998119,0.006285185
998120,0.0064273612
998121,0.0082100527
998122,0.034571029
998123,0.015992647
998124,0.01129294
998125,0.0064194622
998126,0.0064201802
998127,0.0063304226
998128,0.00920841
998129,0.006204044
998130,0.0063763787
998131,0.012045467
998132,0.0062306123
998133,0.006379969
998134,0.0061121322
998135,0.023173254
998136,0.0061013615
998137,0.01117263
998138,0.0064783432
998139,0.0083101159
998140,0.0060568415
998141,0.0064819334
998142,0.013665104
998143,0.0063210879
998144,0.019244026
998145,0.0085348692
998146,0.0064568017
998147,0.0062306123
998148,0.0089750402
998149,0.0063490923
998150,0.017753331
998151,0.0068194219
998152,0.008943446
998153,0.011060216
998154,0.012109375
998155,0.0060216566
998156,0.016589355
998157,0.0054892981
998158,0.0058292164
998159,0.0061616786
998160,0.0063763787
998161,0.0062162513
998162,0.0063419119
998163,0.0015493404
998164,0.0062478459
998165,0.0078649186
998166,0.015337057
998167,0.0064855241
998168,0.014407169
998169,0.011752499
998170,0.0094898893
998171,0.021389024
998172,0.006204762
998173,0.0061595244
998174,0.013028492
998175,0.0051470255
998176,0.0066176471
998177,0.0098352768
998178,0.011604578
998179,0.0087100761
998180,0.012120864
998181,0.014943561
998182,0.024429886
998183,0.0066865808
998184,0.012419577
998185,0.0060855639
998186,0.0060202205
998187,0.0062744142
998188,0.011864516
998189,0.0088493796
998190,0.0053062825
998191,0.0091366041
998192,0.0062284581
998193,0.006343348
998194,0.0060934629
998195,0.012770709
998196,0.0064194622
998197,0.0060051414
998198,0.019874386
998199,0.0058708638
998200,0.0061444449
998201,0.0063196518
998202,0.0077119716
998203,0.013628791
998204,0.0061128503
998205,0.0060532512
998206,0.021806067
998207,0.0062507181
998208,0.0060087317
998209,0.0093204277
998210,0.017397175
998211,0.0089506265
998212,0.0056992704
998213,0.0057459213
998214,0.011598834
998215,0.0047386391
998216,0.011930577
998217,0.0058651194
998218,0.029696116
998219,0.0016286495
998220,0.0065867705
998221,0.0069278493
998222,0.011887494
998223,0.0084705967
998224,0.0064137178
998225,0.0089477543
998226,0.0054562367
998227,0.012686696
998228,0.011617503
998229,0.0063936124
998230,0.023750575
998231,0.03279024
998232,0.0060431985
998233,0.0063031367
998234,0.0091847135
998235,0.0066427793
998236,0.017940028
998237,0.0072301528
998238,0.0147066
998239,0.006322524
998240,0.0066442154
998241,0.010633042
998242,0.0053921533
998243,0.0088579962
998244,0.014481129
998245,0.0017690668
998246,0.016667314
998247,0.018032657
998248,0.0098733343
998249,0.01763916
998250,0.0056438693
998251,0.0061659869
998252,0.005932617
998253,0.0055892309
998254,0.0069766776
998255,0.0064072553
998256,0.0091452207
998257,0.0119593
998258,0.012049058
998259,0.0061415727
998260,0.017667165
998261,0.0087201288
998262,0.0089779124
998263,0.0061853747
998264,0.0065551759
998265,0.0074975099
998266,0.0087136663
998267,0.0064524929
998268,0.0061401366
998269,0.0059290268
998270,0.0054400926
998271,0.006688735
998272,0.006380687
998273,0.01195212
998274,0.014892578
998275,0.0064912685
998276,0.0062291762
998277,0.0066700657
998278,0.006725356
998279,0.010818602
998280,0.012138098
998281,0.012277401
998282,0.012394445
998283,0.0064819334
998284,0.0090080714
998285,0.0098474836
998286,0.0059110755
998287,0.0094633214
998288,0.0060245288
998289,0.006240665
998290,0.0059938645
998291,0.0061214673
998292,0.0090956744
998293,0.009046128
998294,0.0060317097
998295,0.011794146
998296,0.015331313
998297,0.0055588814
998298,0.0072437958
998299,0.0063239601
998300,0.0059189741
998301,0.0088500977
998302,0.0063993568
998303,0.015171904
998304,0.0058823531
998305,0.011850155
998306,0.019763963
998307,0.010692641
998308,0.0074046417
998309,0.010220875
998310,0.0077090994
998311,0.011925551
998312,0.0062284581
998313,0.0061250576
998314,0.0012632454
998315,0.0057380227
998316,0.0093936697
998317,0.0065602022
998318,0.0078823883
998319,0.007365148
998320,0.0092069739
998321,0.008032945
998322,0.0091129076
998323,0.0095861098
998324,0.006108542
998325,0.0066621667
998326,0.009765625
998327,0.0088235298
998328,0.023319021
998329,0.0080092484
998330,0.0065975413
998331,0.0062162513
998332,0.017747587
998333,0.0092536481
998334,0.017899817
998335,0.006322524
998336,0.006476189
998337,0.0086741727
998338,0.0060230927
998339,0.006145163
998340,0.0071353689
998341,0.0091588637
998342,0.020224897
998343,0.017486213
998344,0.0062564625
998345,0.0093290443
998346,0.038552675
998347,0.0090719787
998348,0.012591911
998349,0.020986758
998350,0.005917538
998351,0.0060015512
998352,0.018678546
998353,0.0093426872
998354,0.0064079734
998355,0.0060065775
998356,0.012879675
998357,0.0064582378
998358,0.0092105642
998359,0.022753906
998360,0.0059943702
998361,0.018289723
998362,0.011869647
998363,0.0090956744
998364,0.0090145338
998365,0.021017635
998366,0.011946375
998367,0.0062780045
998368,0.0089965817
998369,0.0062169693
998370,0.0094934804
998371,0.012661563
998372,0.0061207493
998373,0.0033245014
998374,0.01439568
998375,0.006262925
998376,0.00550261
998377,0.0097706513
998378,0.0056372881
998379,0.0060690488
998380,0.012049058
998381,0.0053468649
998382,0.0089326743
998383,0.0063964846
998384,0.012393009
998385,0.0062320484
998386,0.0116412
998387,0.0092945769
998388,0.0064338236
998389,0.0061480352
998390,0.0086078756
998391,0.0093750004
998392,0.011765424
998393,0.0063189338
998394,0.0062176874
998395,0.015119486
998396,0.01043773
998397,0.0064431583
998398,0.0057653091
998399,0.01205193
998400,0.012984691
998401,0.022113677
998402,0.0091689164
998403,0.0063419119
998404,0.013623765
998405,0.0061042337
998406,0.006556612
998407,0.0060546873
998408,0.0060431985
998409,0.012174718
998410,0.0091093173
998411,0.0085520986
998412,0.009765625
998413,0.01539522
998414,0.0098061198
998415,0.011923397
998416,0.0060740751
998417,0.0059670843
998418,0.024921732
998419,0.0074857823
998420,0.0068093692
998421,0.0062219957
998422,0.0061150044
998423,0.0091466568
998424,0.0063289865
998425,0.014947869
998426,0.0064603919
998427,0.0061631147
998428,0.0044840272
998429,0.0061236215
998430,0.0061839386
998431,0.010166303
998432,0.0059555951
998433,0.0062069162
998434,0.0093584843
998435,0.0095243566
998436,0.0051049599
998437,0.0092134364
998438,0.010034897
998439,0.0061810664
998440,0.0081403796
998441,0.02254495
998442,0.011836512
998443,0.0062593347
998444,0.0078462493
998445,0.0060431985
998446,0.010114603
998447,0.011653407
998448,0.015188419
998449,0.0091911769
998450,0.0061695771
998451,0.0063354494
998452,0.0063203699
998453,0.0086669922
998454,0.0055509745
998455,0.011679256
998456,0.0089075426
998457,0.0028242373
998458,0.0055519589
998459,0.00615378
998460,0.012449018
998461,0.0053720977
998462,0.012054803
998463,0.0062564625
998464,0.012079935
998465,0.011865952
998466,0.0067045325
998467,0.013208725
998468,0.0091875866
998469,0.0068998449
998470,0.0060546873
998471,0.011639046
998472,0.0064682905
998473,0.0096162688
998474,0.014504108
998475,0.0121223
998476,0.0067023784
998477,0.006049661
998478,0.0061961454
998479,0.0091107534
998480,0.0062679513
998481,0.0064596739
998482,0.0080157109
998483,0.0063368855
998484,0.012871237
998485,0.017566636
998486,0.0060819737
998487,0.0066600125
998488,0.023925062
998489,0.0075697955
998490,0.027640203
998491,0.0065738452
998492,0.0061185947
998493,0.0091811232
998494,0.0086786943
998495,0.006262925
998496,0.0091437846
998497,0.0076767867
998498,0.017827293
998499,0.0089377007
998500,0.0059627756
998501,0.011771169
998502,0.017420869
998503,0.0062570614
998504,0.02602539
998505,0.011982278
998506,0.026102941
998507,0.0069213868
998508,0.012173282
998509,0.0090037631
998510,0.0070082722
998511,0.0062507181
998512,0.0063095991
998513,0.0063483743
998514,0.011873852
998515,0.0060166302
998516,0.0068488624
998517,0.0064898324
998518,0.006299546
998519,0.010458553
998520,0.011960018
998521,0.00646111
998522,0.023965992
998523,0.0092895506
998524,0.012339154
998525,0.0084163621
998526,0.0061415727
998527,0.010849897
998528,0.0064151539
998529,0.0062657972
998530,0.012097886
998531,0.0061616786
998532,0.0065681008
998533,0.014959358
998534,0.0087330537
998535,0.0061781937
998536,0.0099049285
998537,0.0091617359
998538,0.0056719147
998539,0.010996381
998540,0.022004459
998541,0.0087294634
998542,0.0062614889
998543,0.010097369
998544,0.0092723174
998545,0.0092213349
998546,0.0061860927
998547,0.012409524
998548,0.014705882
998549,0.0090841856
998550,0.0092026656
998551,0.012216366
998552,0.0067246379
998553,0.01747616
998554,0.01155216
998555,0.0093347887
998556,0.0063246782
998557,0.030283058
998558,0.0094109029
998559,0.011977252
998560,0.007915183
998561,0.0061954274
998562,0.00563872
998563,0.017743278
998564,0.0063009821
998565,0.0062780045
998566,0.0094188014
998567,0.0062787225
998568,0.0060992073
998569,0.0099192904
998570,0.011259191
998571,0.014832261
998572,0.011734547
998573,0.0053395536
998574,0.0089678597
998575,0.011324535
998576,0.011546415
998577,0.0066951974
998578,0.024289837
998579,0.012316177
998580,0.0092608286
998581,0.0062442557
998582,0.0092170266
998583,0.0065142461
998584,0.024710553
998585,0.0088077318
998586,0.0091875866
998587,0.0062033259
998588,0.0060116039
998589,0.011947812
998590,0.0062184054
998591,0.020624856
998592,0.012005975
998593,0.015579044
998594,0.018877815
998595,0.006343348
998596,0.0061702952
998597,0.0061961454
998598,0.0065214271
998599,0.01175968
998600,0.0050220862
998601,0.0096852025
998602,0.016135503
998603,0.0081255743
998604,0.010927586
998605,0.0091624539
998606,0.0069580078
998607,0.0067634135
998608,0.011591653
998609,0.015338494
998610,0.020378562
998611,0.014926327
998612,0.0062679513
998613,0.0092335418
998614,0.0062004537
998615,0.0094302911
998616,0.015797334
998617,0.0061580883
998618,0.017589614
998619,0.0061688591
998620,0.028849524
998621,0.0061387005
998622,0.0062657972
998623,0.0067583867
998624,0.010568417
998625,0.011791274
998626,0.012017463
998627,0.0095387176
998628,0.0014534579
998629,0.0065982593
998630,0.0059627756
998631,0.0093319165
998632,0.011695772
998633,0.0075324564
998634,0.0062212776
998635,0.0060891546
998636,0.014456715
998637,0.0080372533
998638,0.0016239185
998639,0.0088766655
998640,0.0087976791
998641,0.0064740349
998642,0.0093197096
998643,0.006227022
998644,0.0063009821
998645,0.0077694166
998646,0.012163947
998647,0.011701517
998648,0.0097929109
998649,0.0089549348
998650,0.011914062
998651,0.011944939
998652,0.025758272
998653,0.0065400964
998654,0.012143842
998655,0.0090992646
998656,0.0060798195
998657,0.008406003
998658,0.014606072
998659,0.00643885
998660,0.011720186
998661,0.0081040328
998662,0.0064259251
998663,0.0061006434
998664,0.0062837489
998665,0.0084352558
998666,0.0064453124
998667,0.0063885855
998668,0.012110093
998669,0.010200052
998670,0.009325454
998671,0.013763068
998672,0.0093276082
998673,0.0092177447
998674,0.0064725988
998675,0.0234375
998676,0.008165529
998677,0.0093419692
998678,0.015085736
998679,0.0063167796
998680,0.017684398
998681,0.012258732
998682,0.0063577089
998683,0.0062054801
998684,0.0063792509
998685,0.012594784
998686,0.0061243395
998687,0.015851188
998688,0.0063045728
998689,0.0062349206
998690,0.0089219036
998691,0.0076286765
998692,0.016050091
998693,0.0068991268
998694,0.0086583756
998695,0.010147633
998696,0.020385742
998697,0.0092464667
998698,0.0068660961
998699,0.0056798598
998700,0.0083493898
998701,0.0095128678
998702,0.0061616786
998703,0.01496223
998704,0.0064359778
998705,0.0094496785
998706,0.009148811
998707,0.0019812696
998708,0.0089972997
998709,0.0078168083
998710,0.012049058
998711,0.0062600528
998712,0.0099516027
998713,0.0092852423
998714,0.012568934
998715,0.0091624539
998716,0.0060841278
998717,0.013685009
998718,0.0062973918
998719,0.0062105069
998720,0.014209153
998721,0.0065551759
998722,0.013915535
998723,0.0065192729
998724,0.0099255694
998725,0.0062385108
998726,0.026593806
998727,0.0058320886
998728,0.0089369826
998729,0.0063749426
998730,0.010518152
998731,0.0063347314
998732,0.0010894496
998733,0.0066571403
998734,0.0084609091
998735,0.029425409
998736,0.0092737535
998737,0.01462546
998738,0.030074453
998739,0.0060101678
998740,0.0070657171
998741,0.008532715
998742,0.0065192729
998743,0.010635914
998744,0.0075934916
998745,0.0063534006
998746,0.0071116728
998747,0.0087682391
998748,0.0063936124
998749,0.013243193
998750,0.020694509
998751,0.011741728
998752,0.009354176
998753,0.0086978693
998754,0.0089371921
998755,0.0057911593
998756,0.0051312754
998757,0.009076287
998758,0.009588982
998759,0.0088328645
998760,0.012752757
998761,0.0063878675
998762,0.0065487134
998763,0.0078469673
998764,0.0058967141
998765,0.0095178941
998766,0.011678538
998767,0.0064632641
998768,0.020812269
998769,0.006211943
998770,0.0093139652
998771,0.0091969213
998772,0.0061243395
998773,0.009369256
998774,0.0068165497
998775,0.020876896
998776,0.0097914748
998777,0.0087639308
998778,0.0058536306
998779,0.0063304226
998780,0.012410242
998781,0.0060633044
998782,0.0091021368
998783,0.005632468
998784,0.0075281481
998785,0.0083977198
998786,0.0060597141
998787,0.015277824
998788,0.0064129997
998789,0.0062392289
998790,0.011818561
998791,0.008165068
998792,0.012093578
998793,0.012757066
998794,0.0062844669
998795,0.0088120401
998796,0.012059111
998797,0.006379969
998798,0.011908318
998799,0.014972283
998800,0.0059979609
998801,0.0054143239
998802,0.025259435
998803,0.0060094497
998804,0.020361328
998805,0.029124541
998806,0.0063972026
998807,0.0064826515
998808,0.0058608111
998809,0.0061580883
998810,0.0060841278
998811,0.011446605
998812,0.0057574105
998813,0.0064855241
998814,0.0090159699
998815,0.0063972026
998816,0.0094590131
998817,0.01187026
998818,0.012465533
998819,0.0063304226
998820,0.0062614889
998821,0.006049661
998822,0.0084853228
998823,0.0088508157
998824,0.009501379
998825,0.0095374314
998826,0.0064086914
998827,0.0071327318
998828,0.0060353
998829,0.013625992
998830,0.022109088
998831,0.020559512
998832,0.0060618683
998833,0.0092033837
998834,0.0062471279
998835,0.0065027573
998836,0.007856302
998837,0.0084261689
998838,0.0062356386
998839,0.0062607708
998840,0.011557904
998841,0.0028184266
998842,0.010994945
998843,0.026382267
998844,0.0064079734
998845,0.0057301242
998846,0.013511471
998847,0.01746539
998848,0.0063261143
998849,0.0020637931
998850,0.0064776251
998851,0.019472137
998852,0.0070032454
998853,0.020555923
998854,0.008870203
998855,0.0062248679
998856,0.012212776
998857,0.01231115
998858,0.0099149812
998859,0.012258732
998860,0.0084910672
998861,0.0093828989
998862,0.0063684802
998863,0.006204044
998864,0.012085679
998865,0.0082062455
998866,0.009001608
998867,0.0088924635
998868,0.012668027
998869,0.0065156827
998870,0.0061753215
998871,0.0089635514
998872,0.0053353985
998873,0.0064704446
998874,0.0066061579
998875,0.0057885945
998876,0.008134909
998877,0.0089894012
998878,0.0062657972
998879,0.0063045728
998880,0.005505553
998881,0.0090418197
998882,0.0083524818
998883,0.03067356
998884,0.0061825025
998885,0.015728401
998886,0.0063174977
998887,0.0072531309
998888,0.0063239601
998889,0.0088321464
998890,0.0062464098
998891,0.0061279298
998892,0.011891085
998893,0.007813218
998894,0.015039062
998895,0.011971507
998896,0.0059390799
998897,0.0059060492
998898,0.0055122739
998899,0.0060518151
998900,0.0060087317
998901,0.006248564
998902,0.0028274674
998903,0.0091222422
998904,0.0094202375
998905,0.006556612
998906,0.023448989
998907,0.014523495
998908,0.0059929341
998909,0.006321806
998910,0.0061810664
998911,0.013220801
998912,0.010305607
998913,0.0061049517
998914,0.0060230927
998915,0.0061071059
998916,0.01758028
998917,0.0063627353
998918,0.0091287056
998919,0.017715992
998920,0.0092873964
998921,0.0060446346
998922,0.005859375
998923,0.014476103
998924,0.0059311809
998925,0.0085485121
998926,0.01018693
998927,0.0079395967
998928,0.0054855985
998929,0.0088185025
998930,0.0062162513
998931,0.015214987
998932,0.0062155332
998933,0.0012844305
998934,0.0066571403
998935,0.0059857536
998936,0.0064955768
998937,0.0062399469
998938,0.0090475641
998939,0.014708037
998940,0.0074649588
998941,0.0087194107
998942,0.011898265
998943,0.009281652
998944,0.0059857536
998945,0.0090202782
998946,0.0062385108
998947,0.00870864
998948,0.024748679
998949,0.0079618562
998950,0.014786305
998951,0.0059599034
998952,0.014855239
998953,0.0080221733
998954,0.0060589961
998955,0.0063534006
998956,0.021276856
998957,0.0058794268
998958,0.0061372644
998959,0.0071949679
998960,0.0066442154
998961,0.0063095991
998962,0.017303107
998963,0.01172234
998964,0.0061695771
998965,0.0062083523
998966,0.012301098
998967,0.014545755
998968,0.0090590529
998969,0.015016085
998970,0.0064194622
998971,0.012917194
998972,0.015112305
998973,0.014636949
998974,0.0099329334
998975,0.0063993568
998976,0.0092550842
998977,0.006307445
998978,0.0061286478
998979,0.0014473137
998980,0.006402229
998981,0.0063419119
998982,0.0065314798
998983,0.011975097
998984,0.0040543438
998985,0.0063569909
998986,0.006190401
998987,0.014444509
998988,0.014537138
998989,0.0055377437
998990,0.012454044
998991,0.0089506265
998992,0.0071712718
998993,0.009486299
998994,0.0068330653
998995,0.0060905907
998996,0.010982623
998997,0.012765682
998998,0.0094216736
998999,0.012088551
999000,0.019951243
999001,0.0079460591
999002,0.0091287056
999003,0.0061968635
999004,0.012580423
999005,0.0060546873
999006,0.0062072184
999007,0.011768296
999008,0.0089570889
999009,0.0060051414
999010,0.0092041017
999011,0.0034603253
999012,0.012009565
999013,0.008198902
999014,0.0061724493
999015,0.0055098953
999016,0.0087904986
999017,0.0061121322
999018,0.0088343006
999019,0.0086397063
999020,0.0091875866
999021,0.0061437269
999022,0.006049661
999023,0.0082146144
999024,0.0055927904
999025,0.0088788196
999026,0.0065386603
999027,0.0060884366
999028,0.0119593
999029,0.0066600125
999030,0.014117072
999031,0.0064072553
999032,0.0063153435
999033,0.0093211457
999034,0.0083911344
999035,0.0089046704
999036,0.0062823128
999037,0.006204762
999038,0.0083223227
999039,0.012304688
999040,0.0061121322
999041,0.0062298942
999042,0.0093778726
999043,0.0063526826
999044,0.0064402861
999045,0.011938477
999046,0.014148127
999047,0.01157083
999048,0.010745778
999049,0.009750546
999050,0.0065738452
999051,0.0092873964
999052,0.0062227137
999053,0.0089513445
999054,0.0062844669
999055,0.0062844669
999056,0.0062586167
999057,0.0063318587
999058,0.0093592023
999059,0.0091567095
999060,0.0093340706
999061,0.0071482938
999062,0.012550265
999063,0.006130802
999064,0.0064682905
999065,0.0088608684
999066,0.014764763
999067,0.0018542634
999068,0.0022142101
999069,0.0062313303
999070,0.011126244
999071,0.0060180663
999072,0.0062959557
999073,0.0063907397
999074,0.009222771
999075,0.0099264709
999076,0.00696088
999077,0.025055796
999078,0.0064129997
999079,0.0065156827
999080,0.0095243566
999081,0.0097893206
999082,0.016871553
999083,0.0063340133
999084,0.0063131894
999085,0.008987247
999086,0.022967171
999087,0.0093649467
999088,0.0041757408
999089,0.012224264
999090,0.026156077
999091,0.0059735468
999092,0.0073371436
999093,0.02068661
999094,0.0062033259
999095,0.011654125
999096,0.011743882
999097,0.026380831
999098,0.01032284
999099,0.0066808364
999100,0.0061135683
999101,0.011799891
999102,0.0098460475
999103,0.008885283
999104,0.0074613681
999105,0.012151022
999106,0.014789177
999107,0.0060891546
999108,0.0061710132
999109,0.010522461
999110,0.0080817724
999111,0.01198874
999112,0.005701195
999113,0.0068265568
999114,0.0063081631
999115,0.007233025
999116,0.0092041017
999117,0.0063038548
999118,0.0088012693
999119,0.01841682
999120,0.0065487134
999121,0.0062069162
999122,0.0051039886
999123,0.0090159699
999124,0.0065300437
999125,0.015770048
999126,0.0062112249
999127,0.0077744429
999128,0.008958525
999129,0.0027055177
999130,0.020219153
999131,0.0093663828
999132,0.0066779642
999133,0.0061695771
999134,0.0016678044
999135,0.0080932453
999136,0.0062830308
999137,0.011822151
999138,0.0062672333
999139,0.0095344093
999140,0.012116556
999141,0.011657715
999142,0.0054700174
999143,0.0089262119
999144,0.0052697402
999145,0.0061128503
999146,0.013549805
999147,0.019312616
999148,0.0061243395
999149,0.0061925552
999150,0.012212058
999151,0.0063462202
999152,0.0069702147
999153,0.0065142461
999154,0.0062385108
999155,0.0066916072
999156,0.0080489712
999157,0.0093405331
999158,0.006344066
999159,0.0065198112
999160,0.0089613972
999161,0.0083473641
999162,0.012545956
999163,0.013697007
999164,0.0076171877
999165,0.0088579962
999166,0.02130845
999167,0.0062780045
999168,0.012005975
999169,0.0066004135
999170,0.0091847135
999171,0.0090568988
999172,0.015169092
999173,0.011846565
999174,0.017681526
999175,0.01210004
999176,0.0090992646
999177,0.0083424291
999178,0.024172794
999179,0.0062787225
999180,0.012023926
999181,0.022169897
999182,0.0063146255
999183,0.0089592431
999184,0.014453125
999185,0.0062105069
999186,0.0062090703
999187,0.0059835995
999188,0.0063426299
999189,0.013756946
999190,0.0062162513
999191,0.0090389475
999192,0.0064524929
999193,0.0063849953
999194,0.0060087317
999195,0.0079963235
999196,0.0066104666
999197,0.0061602425
999198,0.0062212776
999199,0.014878217
999200,0.0062385108
999201,0.0062880572
999202,0.0076613375
999203,0.006240665
999204,0.0083023133
999205,0.006425207
999206,0.0090920841
999207,0.017917767
999208,0.0099020563
999209,0.0090260226
999210,0.0063893036
999211,0.0059792912
999212,0.0021872735
999213,0.0060826917
999214,0.0093175555
999215,0.0020682369
999216,0.012197697
999217,0.0060913088
999218,0.0066564223
999219,0.012844669
999220,0.0090999827
999221,0.017757639
999222,0.014761891
999223,0.012255142
999224,0.023693848
999225,0.0097584445
999226,0.0081198299
999227,0.018779384
999228,0.0062011718
999229,0.006204044
999230,0.011902574
999231,0.0064151539
999232,0.0057457299
999233,0.0065523037
999234,0.009118652
999235,0.0079180552
999236,0.015196318
999237,0.013318589
999238,0.0068000345
999239,0.0062255859
999240,0.0091337319
999241,0.00096650032
999242,0.0062155332
999243,0.01781293
999244,0.0094554229
999245,0.029311955
999246,0.008363937
999247,0.009207692
999248,0.019176528
999249,0.013434501
999250,0.0061229034
999251,0.017829446
999252,0.005917538
999253,0.014748248
999254,0.023366412
999255,0.023782169
999256,0.0059634936
999257,0.0062026079
999258,0.014832261
999259,0.031130802
999260,0.0063907397
999261,0.0062930835
999262,0.0060281195
999263,0.0065278895
999264,0.014925609
999265,0.0073256548
999266,0.0063246782
999267,0.018709071
999268,0.0091911769
999269,0.0060798195
999270,0.011985868
999271,0.0069084615
999272,0.0062315729
999273,0.0060029873
999274,0.0088809747
999275,0.0055722422
999276,0.0060367361
999277,0.0012236701
999278,0.0097110523
999279,0.0063332953
999280,0.012155331
999281,0.011547133
999282,0.0072789812
999283,0.008429314
999284,0.0090547446
999285,0.0089664236
999286,0.0087646488
999287,0.017996754
999288,0.0064180261
999289,0.011741728
999290,0.0060992073
999291,0.01445887
999292,0.0091567095
999293,0.0071540382
999294,0.0062988279
999295,0.02017894
999296,0.019308148
999297,0.015126943
999298,0.0061157225
999299,0.0061408547
999300,0.012014591
999301,0.0087711113
999302,0.017848115
999303,0.016528312
999304,0.026217831
999305,0.006204762
999306,0.0097246952
999307,0.0062241498
999308,0.012014591
999309,0.0028242476
999310,0.014802821
999311,0.0062959557
999312,0.017846679
999313,0.012466969
999314,0.0095200483
999315,0.0065056295
999316,0.0063778148
999317,0.0060891546
999318,0.0061372644
999319,0.0091330139
999320,0.01473245
999321,0.0089068245
999322,0.0063785329
999323,0.0096392464
999324,0.0015341792
999325,0.0064122817
999326,0.0062148152
999327,0.0089750402
999328,0.0077994191
999329,0.0071346508
999330,0.0090274587
999331,0.0059261546
999332,0.0062449737
999333,0.0058794809
999334,0.0049751732
999335,0.0060791015
999336,0.012032542
999337,0.0093405331
999338,0.016603718
999339,0.013847589
999340,0.0092134364
999341,0.008518354
999342,0.0061243395
999343,0.011753217
999344,0.011752499
999345,0.016331488
999346,0.01221852
999347,0.0063548367
999348,0.0091322958
999349,0.013923103
999350,0.0093520219
999351,0.017733945
999352,0.012657973
999353,0.0062291762
999354,0.0062327664
999355,0.024279311
999356,0.0092766257
999357,0.015027573
999358,0.009765625
999359,0.006072639
999360,0.011616067
999361,0.0060317097
999362,0.0063921758
999363,0.0072969324
999364,0.012178309
999365,0.0066004135
999366,0.038706344
999367,0.0093462775
999368,0.0090920841
999369,0.0084688077
999370,0.0060345819
999371,0.006036018
999372,0.006519991
999373,0.011632583
999374,0.0086892517
999375,0.0060489429
999376,0.020058306
999377,0.0061588064
999378,0.012754194
999379,0.0064043831
999380,0.009237132
999381,0.0090490002
999382,0.0079966849
999383,0.02074549
999384,0.0096507352
999385,0.016314317
999386,0.0061501898
999387,0.022001622
999388,0.0072265626
999389,0.00646111
999390,0.018150419
999391,0.022687145
999392,0.0060101678
999393,0.0088673308
999394,0.0088034235
999395,0.014733886
999396,0.032423727
999397,0.010420497
999398,0.0069005629
999399,0.012869801
999400,0.0091516832
999401,0.0059089214
999402,0.0077442843
999403,0.014889706
999404,0.0082153324
999405,0.0089003621
999406,0.0063534006
999407,0.0074290554
999408,0.0063900216
999409,0.020486271
999410,0.0079474952
999411,0.008701073
999412,0.0085822614
999413,0.008605239
999414,0.011971507
999415,0.0062435376
999416,0.0062988279
999417,0.0062571806
999418,0.017945772
999419,0.008234866
999420,0.012519388
999421,0.01190401
999422,0.0041450262
999423,0.0088637406
999424,0.0061875288
999425,0.0060281195
999426,0.0086756088
999427,0.015808454
999428,0.017578125
999429,0.0093785906
999430,0.0092155905
999431,0.014427993
999432,0.0093333526
999433,0.0058644013
999434,0.024242423
999435,0.0061925552
999436,0.014836569
999437,0.011927705
999438,0.01484235
999439,0.00641659
999440,0.014845186
999441,0.0090274587
999442,0.0016383374
999443,0.014822926
999444,0.0056516798
999445,0.017479751
999446,0.0053093405
999447,0.0062894933
999448,0.015654441
999449,0.0089628333
999450,0.0091071632
999451,0.012130199
999452,0.013569809
999453,0.005859375
999454,0.0059390799
999455,0.026145842
999456,0.0082878564
999457,0.0062693874
999458,0.011768296
999459,0.032982863
999460,0.01195212
999461,0.0062744142
999462,0.023129452
999463,0.0095099956
999464,0.0061738854
999465,0.0063411938
999466,0.009383617
999467,0.0094295722
999468,0.0065415325
999469,0.0061738854
999470,0.0060604322
999471,0.0092579564
999472,0.0064187441
999473,0.0019124356
999474,0.0089384187
999475,0.014911965
999476,0.0062133791
999477,0.0062370747
999478,0.011814252
999479,0.0091588637
999480,0.0062449737
999481,0.0092601106
999482,0.0073565315
999483,0.0062535903
999484,0.016691964
999485,0.011077952
999486,0.0090626432
999487,0.008337141
999488,0.010887006
999489,0.011776913
999490,0.0091136256
999491,0.020978861
999492,0.011962891
999493,0.0088357367
999494,0.0069199507
999495,0.0065831803
999496,0.0062456918
999497,0.0056825522
999498,0.0059290268
999499,0.011966481
999500,0.012534467
999501,0.0022890074
999502,0.011937759
999503,0.011582319
999504,0.0061839386
999505,0.006204044
999506,0.002249988
999507,0.0081141545
999508,0.0099587832
999509,0.0094992248
999510,0.012175436
999511,0.017635569
999512,0.0063232421
999513,0.0065142461
999514,0.01181138
999515,0.0075928904
999516,0.0061810664
999517,0.0081980983
999518,0.0058069564
999519,0.0065085017
999520,0.012120864
999521,0.0063088811
999522,0.0090547446
999523,0.0063361675
999524,0.0064137178
999525,0.005940516
999526,0.011697209
999527,0.007055664
999528,0.0062342025
999529,0.0069393381
999530,0.0064517749
999531,0.0064187441
999532,0.0088924635
999533,0.0063210879
999534,0.012428194
999535,0.0092988852
999536,0.0062780045
999537,0.0061006434
999538,0.0070240693
999539,0.0034392574
999540,0.018688247
999541,0.012265194
999542,0.0059749829
999543,0.012051212
999544,0.0061789118
999545,0.01753217
999546,0.013439223
999547,0.012180463
999548,0.0093154013
999549,0.012162511
999550,0.0090547446
999551,0.0061293659
999552,0.034370691
999553,0.0088414811
999554,0.034129728
999555,0.0066865808
999556,0.006424489
999557,0.014455997
999558,0.011779785
999559,0.0062794406
999560,0.0092428764
999561,0.0095473342
999562,0.0064819334
999563,0.006227022
999564,0.0062535903
999565,0.0090468461
999566,0.013763787
999567,0.012150304
999568,0.0091078812
999569,0.0085923141
999570,0.0066578584
999571,0.0060848459
999572,0.006402947
999573,0.0074577779
999574,0.012143842
999575,0.0061925552
999576,0.0078254249
999577,0.012319767
999578,0.0062500001
999579,0.012280991
999580,0.0062758503
999581,0.017957261
999582,0.0089929914
999583,0.011902574
999584,0.0064129997
999585,0.0059304629
999586,0.0092313876
999587,0.0065831803
999588,0.023958094
999589,0.014960794
999590,0.014101083
999591,0.0093319165
999592,0.0088587143
999593,0.0062313303
999594,0.0063541187
999595,0.0064797793
999596,0.0064991671
999597,0.0063713524
999598,0.0037460143
999599,0.0061875288
999600,0.0063684802
999601,0.0063210879
999602,0.012280273
999603,0.011896829
999604,0.0061351103
999605,0.0073816637
999606,0.007481474
999607,0.0065171188
999608,0.011094037
999609,0.0061580883
999610,0.0079510855
999611,0.0090396656
999612,0.026464125
999613,0.012421732
999614,0.0063770968
999615,0.0066061579
999616,0.015561811
999617,0.0091473749
999618,0.0060927449
999619,0.0084236572
999620,0.0056344173
999621,0.0060094497
999622,0.0064338236
999623,0.012080653
999624,0.0061810664
999625,0.0058636833
999626,0.006379969
999627,0.0098948758
999628,0.0052776881
999629,0.0060266829
999630,0.0014933394
999631,0.0089635514
999632,0.015421071
999633,0.014336081
999634,0.0089499084
999635,0.0081176758
999636,0.0086813532
999637,0.0062074126
999638,0.012195542
999639,0.012044749
999640,0.005034646
999641,0.0062550264
999642,0.012915757
999643,0.0088005513
999644,0.028609691
999645,0.005651617
999646,0.0047519021
999647,0.011902574
999648,0.0075985179
999649,0.011845847
999650,0.0089333924
999651,0.011746754
999652,0.006675092
999653,0.0061121322
999654,0.006343348
999655,0.0064287973
999656,0.0092996033
999657,0.026447611
999658,0.0090705426
999659,0.0093821809
999660,0.006227022
999661,0.0066872989
999662,0.010686976
999663,0.0065831803
999664,0.0063677621
999665,0.0063419119
999666,0.0061114142
999667,0.008870203
999668,0.0099544749
999669,0.0015509884
999670,0.016585046
999671,0.0080702836
999672,0.0061465991
999673,0.0061408547
999674,0.0059555951
999675,0.0067670038
999676,0.0093060657
999677,0.0097426474
999678,0.0149213
999679,0.0062219957
999680,0.017591769
999681,0.011856617
999682,0.0060403263
999683,0.0066557042
999684,0.0087775737
999685,0.0054346346
999686,0.0063778148
999687,0.0091983574
999688,0.0097146425
999689,0.021580346
999690,0.015028291
999691,0.0062370747
999692,0.0077823414
999693,0.0064230524
999694,0.014399989
999695,0.0060345819
999696,0.0071576289
999697,0.013813333
999698,0.0053733983
999699,0.0088781016
999700,0.0092263613
999701,0.009076287
999702,0.0062112249
999703,0.0089621153
999704,0.0084774178
999705,0.0090188421
999706,0.0063189338
999707,0.024031335
999708,0.012009565
999709,0.006036018
999710,0.018971575
999711,0.005976419
999712,0.0064043831
999713,0.0067325369
999714,0.020746926
999715,0.0063677621
999716,0.0065645105
999717,0.0064381319
999718,0.013026053
999719,0.016483083
999720,0.020737592
999721,0.012420295
999722,0.0064453124
999723,0.0095293829
999724,0.014809283
999725,0.011927705
999726,0.0065838983
999727,0.0062449737
999728,0.0064072553
999729,0.0059563131
999730,0.017400764
999731,0.011471019
999732,0.0096047791
999733,0.0059879078
999734,0.017872529
999735,0.020473346
999736,0.0061796298
999737,0.026034007
999738,0.010684743
999739,0.0092529301
999740,0.012212058
999741,0.014545036
999742,0.00641659
999743,0.0063878675
999744,0.014820772
999745,0.006226304
999746,0.020455394
999747,0.0064991671
999748,0.012120864
999749,0.017440258
999750,0.0063907397
999751,0.0095293829
999752,0.0064912685
999753,0.0045394525
999754,0.0063124713
999755,0.025382362
999756,0.0091681983
999757,0.014645565
999758,0.0090533085
999759,0.0091107534
999760,0.0065838983
999761,0.01247774
999762,0.015341366
999763,0.0067648496
999764,0.012013155
999765,0.006380687
999766,0.0089456001
999767,0.0079898611
999768,0.0059972429
999769,0.017790671
999770,0.0069084615
999771,0.011903292
999772,0.0082261031
999773,0.0062069162
999774,0.013552249
999775,0.0060439166
999776,0.0062866211
999777,0.0058945599
999778,0.0063361675
999779,0.0088070137
999780,0.0062320484
999781,0.009251494
999782,0.006344066
999783,0.025031686
999784,0.0060668946
999785,0.0091308597
999786,0.007444853
999787,0.0079920152
999788,0.0062191235
999789,0.029217888
999790,0.010671818
999791,0.0057732076
999792,0.012317613
999793,0.0091983574
999794,0.0058722999
999795,0.0095473342
999796,0.014874627
999797,0.0072574392
999798,0.0062054801
999799,0.013430607
999800,0.012040441
999801,0.0016257148
999802,0.011822869
999803,0.0062140971
999804,0.0088953357
999805,0.0095379995
999806,0.0091480929
999807,0.027087457
999808,0.0062988279
999809,0.014729578
999810,0.022784065
999811,0.012188362
999812,0.0092012295
999813,0.0090044811
999814,0.011592371
999815,0.0063534006
999816,0.014978745
999817,0.0061358283
999818,0.0092005115
999819,0.0060144761
999820,0.0060546873
999821,0.026745815
999822,0.0084859459
999823,0.0064230524
999824,0.0070642806
999825,0.0061846566
999826,0.01160386
999827,0.0068373736
999828,0.0061006434
999829,0.0062201004
999830,0.0012582017
999831,0.0062794406
999832,0.0092751896
999833,0.014545755
999834,0.0073759193
999835,0.02076775
999836,0.013929312
999837,0.0063770968
999838,0.0084271599
999839,0.0092715994
999840,0.011954992
999841,0.0062614889
999842,0.0061659869
999843,0.009354176
999844,0.011094801
999845,0.026387293
999846,0.017409381
999847,0.0070815142
999848,0.0060776654
999849,0.0065099378
999850,0.0065185549
999851,0.0061623966
999852,0.0039535514
999853,0.012256578
999854,0.0061006434
999855,0.0087782918
999856,0.0090963924
999857,0.0063541187
999858,0.0027369049
999859,0.0060331458
999860,0.006366326
999861,0.011900419
999862,0.012123737
999863,0.0082146144
999864,0.01184082
999865,0.011776195
999866,0.0061602425
999867,0.0090985466
999868,0.014962948
999869,0.0073414524
999870,0.011880314
999871,0.0087926527
999872,0.0090145338
999873,0.012074908
999874,0.0071432674
999875,0.0054507786
999876,0.011121289
999877,0.015087172
999878,0.0060762293
999879,0.0060611502
999880,0.0067648496
999881,0.0067763384
999882,0.022580136
999883,0.020385742
999884,0.0063605811
999885,0.019707175
999886,0.0084709618
999887,0.0063311406
999888,0.0069544176
999889,0.006050379
999890,0.0202091
999891,0.0053089508
999892,0.011764706
999893,0.0064000748
999894,0.022243584
999895,0.0062815947
999896,0.0090130977
999897,0.0057202098
999898,0.0056283833
999899,0.0062076342
999900,0.012519388
999901,0.00823831
999902,0.0060087317
999903,0.011891085
999904,0.0043841209
999905,0.0061609605
999906,0.008943446
999907,0.01167423
999908,0.01200382
999909,0.0061286478
999910,0.0065616383
999911,0.0053123343
999912,0.017781336
999913,0.015456974
999914,0.012402344
999915,0.0065185549
999916,0.0062112249
999917,0.016628774
999918,0.0061767576
999919,0.0055527817
999920,0.0089757582
999921,0.0063828412
999922,0.010370232
999923,0.023049029
999924,0.0061968635
999925,0.0064998851
999926,0.014478257
999927,0.020609705
999928,0.0081341909
999929,0.018258579
999930,0.0062054801
999931,0.011830502
999932,0.0062464098
999933,0.023759192
999934,0.0095968805
999935,0.010251034
999936,0.0221931
999937,0.0062643611
999938,0.015565401
999939,0.0062880572
999940,0.006204044
999941,0.0061580883
999942,0.0062449737
999943,0.024517201
999944,0.006049661
999945,0.0058905105
999946,0.011549287
999947,0.011960018
999948,0.017333984
999949,0.0088781016
999950,0.0061982996
999951,0.006227022
999952,0.012360697
999953,0.0053998162
999954,0.0060834098
999955,0.011799172
999956,0.006036018
999957,0.010962663
999958,0.0089039523
999959,0.0082741035
999960,0.012018899
999961,0.0063512465
999962,0.0094784005
999963,0.0093075018
999964,0.0059599034
999965,0.0063548367
999966,0.0076495004
999967,0.0092378501
999968,0.00095781859
999969,0.0070980298
999970,0.0064453124
999971,0.026134536
999972,0.026023237
999973,0.0064402861
999974,0.0058823531
999975,0.0064711627
999976,0.0098805148
999977,0.013292476
999978,0.0062686694
999979,0.0089104148
999980,0.0086188819
999981,0.0062614889
999982,0.0068625058
999983,0.0089384187
999984,0.0083400579
999985,0.0061695771
999986,0.0088220937
999987,0.0090568988
999988,0.0063842773
999989,0.01109377
999990,0.0067131491
999991,0.006865378
999992,0.0067504882
999993,0.016865809
999994,0.012178309
999995,0.0080571044
999996,0.0061623966
999997,0.014703728
999998,0.0081025967
999999,0.019222058
