LECROYHDO6104B,11090,Waveform
Segments,1,SegmentSize,3084
Segment,TrigTime,TimeSinceSegment1
#1,04-May-2026 18:29:13,0                 
Time,Ampl
996916,0.0075252759
996917,0.0056899125
996918,0.01074865
996919,0.0061961454
996920,0.012670181
996921,0.0061975815
996922,0.0064359778
996923,0.006439568
996924,0.010549747
996925,0.0061372644
996926,0.011949966
996927,0.017500574
996928,0.010049977
996929,0.0092349779
996930,0.0066004135
996931,0.0097196689
996932,0.0089972997
996933,0.0062751323
996934,0.0069170785
996935,0.014744658
996936,0.0088465074
996937,0.016983045
996938,0.0059713926
996939,0.0062758503
996940,0.0054656984
996941,0.006204044
996942,0.0060783834
996943,0.0058356789
996944,0.0091667622
996945,0.0060546873
996946,0.0087251551
996947,0.013775276
996948,0.012260168
996949,0.011917653
996950,0.0059455424
996951,0.037663717
996952,0.0052520847
996953,0.0060345819
996954,0.015633179
996955,0.0066470876
996956,0.0088493796
996957,0.0062507181
996958,0.0056847101
996959,0.0073156022
996960,0.0063699163
996961,0.018029068
996962,0.0060891546
996963,0.006058278
996964,0.006226304
996965,0.0091947671
996966,0.0063289865
996967,0.0055999937
996968,0.010505947
996969,0.0079790903
996970,0.0066880169
996971,0.0093010394
996972,0.0062334845
996973,0.0085678995
996974,0.0097893206
996975,0.0092895506
996976,0.0071762982
996977,0.0068423999
996978,0.010213695
996979,0.0067124311
996980,0.0074211569
996981,0.0064180261
996982,0.0088350186
996983,0.019749541
996984,0.010519186
996985,0.0065487134
996986,0.0058852253
996987,0.0061724493
996988,0.011752499
996989,0.017876837
996990,0.0088041415
996991,0.0064869602
996992,0.012056957
996993,0.006049661
996994,0.011873133
996995,0.009031767
996996,0.013475127
996997,0.0080006318
996998,0.0060798195
996999,0.0063490923
997000,0.02053869
997001,0.0061351103
997002,0.0090877758
997003,0.0087732654
997004,0.0091839954
997005,0.017313879
997006,0.0089520626
997007,0.0063842773
997008,0.0038728339
997009,0.0062758503
997010,0.0063368855
997011,0.0069163605
997012,0.0061099781
997013,0.012677361
997014,0.0063060089
997015,0.022138771
997016,0.0094360355
997017,0.0062622069
997018,0.0082084043
997019,0.0064941407
997020,0.0071159811
997021,0.0091710705
997022,0.0068423999
997023,0.01474753
997024,0.013789861
997025,0.023528693
997026,0.0083567901
997027,0.0061911191
997028,0.0063304226
997029,0.0061975815
997030,0.0073350128
997031,0.012447582
997032,0.0064144358
997033,0.00641659
997034,0.0065487134
997035,0.0073235007
997036,0.015847599
997037,0.01520278
997038,0.0092945769
997039,0.0059857536
997040,0.0060388902
997041,0.0058335247
997042,0.010850171
997043,0.006153062
997044,0.008826402
997045,0.0073594037
997046,0.0062988279
997047,0.020413747
997048,0.011918371
997049,0.008811322
997050,0.0064266431
997051,0.0054790182
997052,0.0061817844
997053,0.0062586167
997054,0.0082620056
997055,0.0091330139
997056,0.0076128789
997057,0.0064460305
997058,0.0060317097
997059,0.0062449737
997060,0.0065321978
997061,0.0063620172
997062,0.0092529301
997063,0.0065300437
997064,0.0088508856
997065,0.014855239
997066,0.017666446
997067,0.0058235661
997068,0.008650477
997069,0.0094317272
997070,0.01055262
997071,0.012214212
997072,0.0061860927
997073,0.0061006434
997074,0.014244887
997075,0.0091409124
997076,0.0061853747
997077,0.0061372644
997078,0.014865292
997079,0.007056382
997080,0.0033483205
997081,0.0091825593
997082,0.011415728
997083,0.0062061981
997084,0.010398236
997085,0.012063419
997086,0.0089843748
997087,0.0092479037
997088,0.011760398
997089,0.016383272
997090,0.0091760969
997091,0.0095724668
997092,0.014879653
997093,0.0071030562
997094,0.0063770968
997095,0.005342273
997096,0.009662224
997097,0.012466969
997098,0.0089980178
997099,0.0062744142
997100,0.0091567095
997101,0.009662224
997102,0.0090813134
997103,0.020542279
997104,0.0062076342
997105,0.0089104148
997106,0.018808881
997107,0.0059390799
997108,0.014719525
997109,0.0092414403
997110,0.020873304
997111,0.01780216
997112,0.011982996
997113,0.0085064089
997114,0.0052534081
997115,0.023097752
997116,0.009031767
997117,0.0061236215
997118,0.0062514362
997119,0.0061430088
997120,0.0062464098
997121,0.008076746
997122,0.011987304
997123,0.0066262637
997124,0.0064934227
997125,0.0090856217
997126,0.0062593347
997127,0.011903292
997128,0.0064833695
997129,0.0091969213
997130,0.009266573
997131,0.012798714
997132,0.0071217255
997133,0.0062385108
997134,0.0090827495
997135,0.010548311
997136,0.0074520335
997137,0.0093211457
997138,0.012132353
997139,0.011997358
997140,0.013476563
997141,0.0062500001
997142,0.0075949277
997143,0.0064223344
997144,0.0096162688
997145,0.013131369
997146,0.0061379825
997147,0.013268769
997148,0.0049587595
997149,0.012005975
997150,0.010085065
997151,0.0061702952
997152,0.0063598631
997153,0.0061947093
997154,0.0050704819
997155,0.0089613972
997156,0.0060446346
997157,0.0091337319
997158,0.0028509635
997159,0.006571691
997160,0.020196892
997161,0.011392033
997162,0.014992389
997163,0.016842768
997164,0.012120864
997165,0.0059850356
997166,0.0061121322
997167,0.0094870171
997168,0.0060029873
997169,0.0082720593
997170,0.0093225818
997171,0.0078584561
997172,0.011864516
997173,0.011827177
997174,0.0049107494
997175,0.011823587
997176,0.0060453527
997177,0.0089082606
997178,0.011708697
997179,0.0063763787
997180,0.018546071
997181,0.0087215649
997182,0.0060532512
997183,0.0090554627
997184,0.018401023
997185,0.0072624655
997186,0.0088285562
997187,0.0069091795
997188,0.0069400561
997189,0.0064553656
997190,0.0048905467
997191,0.010696978
997192,0.0066205193
997193,0.0063634538
997194,0.0094468063
997195,0.006366326
997196,0.0061444449
997197,0.0074677411
997198,0.011893957
997199,0.0063131894
997200,0.0094410619
997201,0.0065946691
997202,0.011970789
997203,0.015234375
997204,0.0061659869
997205,0.017889611
997206,0.015092199
997207,0.0064812154
997208,0.012043313
997209,0.011908318
997210,0.0066219554
997211,0.0061178766
997212,0.0073479149
997213,0.011730239
997214,0.0024347489
997215,0.006145163
997216,0.005801212
997217,0.0092120003
997218,0.0086770449
997219,0.0081499889
997220,0.0064869602
997221,0.0089118509
997222,0.0065142461
997223,0.006322524
997224,0.038886577
997225,0.0064223344
997226,0.0096737128
997227,0.00568585
997228,0.011308561
997229,0.0057299584
997230,0.011873133
997231,0.014669261
997232,0.0062148152
997233,0.0070506376
997234,0.0028038141
997235,0.0090533085
997236,0.0059726317
997237,0.0064223344
997238,0.0090475641
997239,0.0089649875
997240,0.0092924228
997241,0.0064812154
997242,0.0068783029
997243,0.012112965
997244,0.0063605811
997245,0.010569135
997246,0.0070226332
997247,0.023253676
997248,0.014522059
997249,0.017800005
997250,0.0022032058
997251,0.0094697839
997252,0.0061257756
997253,0.013636763
997254,0.0089319563
997255,0.011871697
997256,0.0062248679
997257,0.01386799
997258,0.0062205596
997259,0.0061925552
997260,0.0060510971
997261,0.0064366958
997262,0.0063289865
997263,0.025413603
997264,0.0090892119
997265,0.015600586
997266,0.0061142864
997267,0.016974954
997268,0.0092048198
997269,0.0071490118
997270,0.015007468
997271,0.0073069851
997272,0.0091121895
997273,0.015507238
997274,0.013039982
997275,0.018152574
997276,0.017911306
997277,0.0090849036
997278,0.011523438
997279,0.0090037631
997280,0.015886374
997281,0.011972225
997282,0.0061422908
997283,0.0090540266
997284,0.0090087894
997285,0.0018428644
997286,0.0063770968
997287,0.0066312901
997288,0.006240665
997289,0.0060755112
997290,0.011848719
997291,0.0067468979
997292,0.0089958636
997293,0.0083058076
997294,0.014871037
997295,0.0059240004
997296,0.0060087317
997297,0.0061106961
997298,0.0077306409
997299,0.014901195
997300,0.012591911
997301,0.0061121322
997302,0.0061343922
997303,0.006108542
997304,0.0062916474
997305,0.016256893
997306,0.00911937
997307,0.0094410619
997308,0.0060733571
997309,0.01262207
997310,0.0063548367
997311,0.0088565601
997312,0.0059168199
997313,0.0061351103
997314,0.015114459
997315,0.0090626432
997316,0.0091725066
997317,0.013638252
997318,0.0064280792
997319,0.018895701
997320,0.008927648
997321,0.0060683307
997322,0.011812816
997323,0.0091107534
997324,0.038879395
997325,0.0061710132
997326,0.014591711
997327,0.006036018
997328,0.011914062
997329,0.0063763787
997330,0.0095516425
997331,0.0090188421
997332,0.021557618
997333,0.0065803081
997334,0.0062557445
997335,0.0092486218
997336,0.017670037
997337,0.0061236215
997338,0.0070233513
997339,0.01064358
997340,0.0063677621
997341,0.0060037053
997342,0.0055156779
997343,0.0062392289
997344,0.01519201
997345,0.0058030421
997346,0.0075827204
997347,0.0060834098
997348,0.012216366
997349,0.0061329561
997350,0.0069845761
997351,0.016610922
997352,0.0061580883
997353,0.0088809747
997354,0.0025440967
997355,0.0066865808
997356,0.0082126148
997357,0.0097354669
997358,0.011000689
997359,0.0058249081
997360,0.0094302911
997361,0.008972886
997362,0.0098252241
997363,0.0094439341
997364,0.013224952
997365,0.0089858109
997366,0.031656422
997367,0.0089621153
997368,0.0067038145
997369,0.026378676
997370,0.0088120401
997371,0.011156509
997372,0.0061638327
997373,0.012328384
997374,0.0060151941
997375,0.011243394
997376,0.0061509078
997377,0.0090303309
997378,0.011926987
997379,0.0068172677
997380,0.0091358861
997381,0.0092629828
997382,0.017980238
997383,0.0060554054
997384,0.0091423485
997385,0.0099329334
997386,0.0093369428
997387,0.0089082606
997388,0.014880371
997389,0.0085118907
997390,0.006307445
997391,0.0063462202
997392,0.0065142461
997393,0.0064941407
997394,0.011784812
997395,0.0088027054
997396,0.0067210477
997397,0.0061580883
997398,0.0098230699
997399,0.0062672333
997400,0.0062614889
997401,0.0079045827
997402,0.0078548659
997403,0.0069063073
997404,0.0088249659
997405,0.014710909
997406,0.0063095991
997407,0.0062808767
997408,0.0061695771
997409,0.0065946691
997410,0.0058280448
997411,0.010803223
997412,0.0088867191
997413,0.012007411
997414,0.0063893036
997415,0.0084917853
997416,0.011087575
997417,0.0064007929
997418,0.023231417
997419,0.0061343922
997420,0.0076746321
997421,0.0088364547
997422,0.0088163484
997423,0.007904307
997424,0.0068151136
997425,0.0091545554
997426,0.0061631147
997427,0.0089965817
997428,0.008751723
997429,0.0062973918
997430,0.016624307
997431,0.011343917
997432,0.0074750115
997433,0.008561437
997434,0.0062643611
997435,0.0063648899
997436,0.0072851018
997437,0.0063857134
997438,0.0059060492
997439,0.0065961052
997440,0.0061272117
997441,0.02451944
997442,0.020387897
997443,0.034919292
997444,0.012890625
997445,0.010425523
997446,0.0076737488
997447,0.0065752813
997448,0.019009992
997449,0.0063993568
997450,0.02600131
997451,0.0061006434
997452,0.0087466966
997453,0.0060984893
997454,0.01788402
997455,0.006571691
997456,0.010509536
997457,0.0073529412
997458,0.009662224
997459,0.0094977887
997460,0.006307445
997461,0.0089563709
997462,0.0059211282
997463,0.013657514
997464,0.0090339212
997465,0.0060051414
997466,0.0054638041
997467,0.0064402861
997468,0.0065415325
997469,0.013130457
997470,0.0061264937
997471,0.0091567095
997472,0.0057703354
997473,0.0083022173
997474,0.0062399469
997475,0.0086389882
997476,0.0076229321
997477,0.020628447
997478,0.0070219152
997479,0.014676441
997480,0.0063964846
997481,0.0064137178
997482,0.011242676
997483,0.0058465763
997484,0.01191478
997485,0.0066779642
997486,0.0065113739
997487,0.013851859
997488,0.0095315371
997489,0.0070807962
997490,0.0060467888
997491,0.0097196689
997492,0.012216366
997493,0.012085679
997494,0.0088378908
997495,0.0060618683
997496,0.014158002
997497,0.0060704849
997498,0.008869485
997499,0.01010814
997500,0.010232916
997501,0.010075827
997502,0.014592429
997503,0.0067899814
997504,0.0060238107
997505,0.009003045
997506,0.0060877181
997507,0.0150326
997508,0.033696726
997509,0.0066255457
997510,0.0060015512
997511,0.0060661766
997512,0.011942067
997513,0.0019354143
997514,0.0096306298
997515,0.010749793
997516,0.021358542
997517,0.0066176471
997518,0.02347053
997519,0.0079467772
997520,0.0061020795
997521,0.0064690085
997522,0.008943446
997523,0.0064094095
997524,0.0096694045
997525,0.0064453124
997526,0.0061221854
997527,0.011429371
997528,0.0082344776
997529,0.0088924635
997530,0.0089384187
997531,0.0089377007
997532,0.0075317384
997533,0.020358456
997534,0.036130603
997535,0.019129137
997536,0.0071116728
997537,0.006571691
997538,0.0089613972
997539,0.0098000923
997540,0.0064051012
997541,0.005597305
997542,0.0090188421
997543,0.011834358
997544,0.012034697
997545,0.01788402
997546,0.0060324278
997547,0.0069372803
997548,0.014935662
997549,0.020728976
997550,0.0062442557
997551,0.01431813
997552,0.0059082033
997553,0.0073191924
997554,0.0062514362
997555,0.0056175929
997556,0.011765424
997557,0.0090612071
997558,0.025637638
997559,0.006402947
997560,0.0062973918
997561,0.010709874
997562,0.0090691065
997563,0.015729118
997564,0.016637659
997565,0.023630658
997566,0.0065544578
997567,0.0094008502
997568,0.0090892119
997569,0.0090389475
997570,0.01202967
997571,0.011982996
997572,0.0052267825
997573,0.0091559915
997574,0.0063426299
997575,0.0061925552
997576,0.0061860927
997577,0.0069027171
997578,0.0064596739
997579,0.0087948069
997580,0.014195583
997581,0.0061157225
997582,0.0089061065
997583,0.0063878675
997584,0.006212661
997585,0.012320485
997586,0.020657169
997587,0.010215457
997588,0.0062909294
997589,0.0076092887
997590,0.011758244
997591,0.016247559
997592,0.0088012693
997593,0.013640963
997594,0.0058249081
997595,0.0092112822
997596,0.0090547446
997597,0.0064101275
997598,0.0080078123
997599,0.011541389
997600,0.0063261143
997601,0.0091129076
997602,0.014878935
997603,0.020316808
997604,0.011999512
997605,0.01446246
997606,0.0063842773
997607,0.012196979
997608,0.014947869
997609,0.0064086914
997610,0.012800868
997611,0.0060546873
997612,0.0089111328
997613,0.033012517
997614,0.014848058
997615,0.0092306696
997616,0.0092608286
997617,0.0062772864
997618,0.0092601106
997619,0.0097426474
997620,0.0068476866
997621,0.0064955768
997622,0.0063189338
997623,0.017808622
997624,0.0089635514
997625,0.0087840362
997626,0.0088235298
997627,0.011719468
997628,0.006725356
997629,0.0076085706
997630,0.012695313
997631,0.011931296
997632,0.0061013615
997633,0.0091753788
997634,0.0061099781
997635,0.0089937095
997636,0.011831486
997637,0.0066865808
997638,0.0065659466
997639,0.012045467
997640,0.01260771
997641,0.0053333896
997642,0.0060245288
997643,0.005991498
997644,0.015418199
997645,0.014797794
997646,0.01114861
997647,0.012138816
997648,0.0059613395
997649,0.0059627756
997650,0.0023215925
997651,0.0078677908
997652,0.0061272117
997653,0.009544462
997654,0.0086971503
997655,0.014720243
997656,0.0090798773
997657,0.0089671416
997658,0.0088960538
997659,0.008082117
997660,0.0066291359
997661,0.0065429686
997662,0.0064797793
997663,0.0075985179
997664,0.0062866211
997665,0.0089341104
997666,0.0094396258
997667,0.01325645
997668,0.0061925552
997669,0.014511288
997670,0.0052661551
997671,0.011467429
997672,0.011730239
997673,0.0092802159
997674,0.0075482535
997675,0.0089269299
997676,0.012082807
997677,0.014855239
997678,0.0058766087
997679,0.0059678024
997680,0.0054742941
997681,0.0095286649
997682,0.013910209
997683,0.015981158
997684,0.012063419
997685,0.006094181
997686,0.0062959557
997687,0.021117548
997688,0.011806353
997689,0.010689051
997690,0.0084130876
997691,0.0090202782
997692,0.011896829
997693,0.0062500001
997694,0.0061659869
997695,0.011926269
997696,0.0060855639
997697,0.0089498945
997698,0.0065257354
997699,0.0090288948
997700,0.0090087894
997701,0.010034179
997702,0.0065860525
997703,0.0061975815
997704,0.0064309514
997705,0.011979406
997706,0.0063210879
997707,0.012190516
997708,0.014878935
997709,0.012082089
997710,0.0093721282
997711,0.0094202375
997712,0.0086957142
997713,0.0025287988
997714,0.0088967718
997715,0.0060510971
997716,0.0061171586
997717,0.0061817844
997718,0.010713466
997719,0.0060898727
997720,0.008840045
997721,0.00646111
997722,0.0091107534
997723,0.0061185947
997724,0.017538631
997725,0.0090741329
997726,0.010493021
997727,0.010318532
997728,0.0093010394
997729,0.014820772
997730,0.0062514362
997731,0.0060546873
997732,0.01741728
997733,0.013430607
997734,0.0066779642
997735,0.0088752294
997736,0.0063275504
997737,0.0069443649
997738,0.0062140971
997739,0.014380601
997740,0.0069630342
997741,0.0081492709
997742,0.0083503276
997743,0.0061272117
997744,0.010955451
997745,0.020369945
997746,0.0062729781
997747,0.0061279298
997748,0.0085248165
997749,0.0090432558
997750,0.014834415
997751,0.0063878675
997752,0.011828613
997753,0.0066557042
997754,0.012938735
997755,0.0065178368
997756,0.013885125
997757,0.0053380798
997758,0.015077838
997759,0.014592429
997760,0.0063526826
997761,0.0099883713
997762,0.006343348
997763,0.0054973555
997764,0.0082885744
997765,0.024672829
997766,0.014112571
997767,0.0063878675
997768,0.004983746
997769,0.01470301
997770,0.0030728835
997771,0.0092048198
997772,0.012179027
997773,0.01507712
997774,0.0090411017
997775,0.0081793303
997776,0.0077916677
997777,0.0061925552
997778,0.014819336
997779,0.010253906
997780,0.0081916358
997781,0.0097577265
997782,0.0092098461
997783,0.010514562
997784,0.01647106
997785,0.0069515454
997786,0.011661305
997787,0.0094353175
997788,0.0061954274
997789,0.0066636028
997790,0.011978688
997791,0.0067361272
997792,0.012090705
997793,0.0061580883
997794,0.0072176377
997795,0.0061982996
997796,0.0059864717
997797,0.0054935841
997798,0.012194824
997799,0.012027516
997800,0.0068129594
997801,0.010368796
997802,0.006271542
997803,0.010701976
997804,0.0066535501
997805,0.0063024187
997806,0.015729118
997807,0.032301959
997808,0.0078290151
997809,0.0091595817
997810,0.006227022
997811,0.0063699163
997812,0.0011484788
997813,0.011144086
997814,0.0052473554
997815,0.012227137
997816,0.0092845242
997817,0.0089664236
997818,0.0089563709
997819,0.0026575513
997820,0.017589614
997821,0.0061501898
997822,0.0050690598
997823,0.021139706
997824,0.011971507
997825,0.0061501898
997826,0.011776913
997827,0.005426351
997828,0.0068689683
997829,0.008986529
997830,0.0062657972
997831,0.0091789691
997832,0.0092751896
997833,0.014785587
997834,0.014759019
997835,0.017520681
997836,0.011173644
997837,0.017665729
997838,0.011784812
997839,0.0092026656
997840,0.0063462202
997841,0.0066269818
997842,0.00830233
997843,0.0061954274
997844,0.0091567095
997845,0.0063139074
997846,0.0062744142
997847,0.0062600528
997848,0.018407485
997849,0.012138098
997850,0.0061430088
997851,0.0044422206
997852,0.0117446
997853,0.0061825025
997854,0.0060963351
997855,0.011877442
997856,0.0093570482
997857,0.006094899
997858,0.0061695771
997859,0.0061760396
997860,0.0090726968
997861,0.006321806
997862,0.0068467082
997863,0.026700368
997864,0.0064115636
997865,0.020642091
997866,0.0072703641
997867,0.0068136775
997868,0.0099903783
997869,0.017845962
997870,0.0063598631
997871,0.0091954852
997872,0.0066449335
997873,0.0061738854
997874,0.0023927109
997875,0.0064266431
997876,0.0059749829
997877,0.0062729781
997878,0.0066291359
997879,0.0071762982
997880,0.0061588064
997881,0.012097886
997882,0.0061480352
997883,0.0067224838
997884,0.0061444449
997885,0.011401367
997886,0.0091918949
997887,0.0070398669
997888,0.010980107
997889,0.0060317097
997890,0.0097103342
997891,0.017601103
997892,0.0063569909
997893,0.0062370747
997894,0.0063835592
997895,0.0063146255
997896,0.0092486218
997897,0.0061746035
997898,0.0090942383
997899,0.020473346
997900,0.0061911191
997901,0.0091689164
997902,0.014027175
997903,0.0061465991
997904,0.0067670038
997905,0.011891085
997906,0.0060668946
997907,0.0057236617
997908,0.008869485
997909,0.01408835
997910,0.011822151
997911,0.010049977
997912,0.0082610687
997913,0.0062736962
997914,0.0062076342
997915,0.0090619251
997916,0.0062413835
997917,0.006058278
997918,0.010352999
997919,0.016360294
997920,0.0067720301
997921,0.007481474
997922,0.010177074
997923,0.0060001151
997924,0.0076631433
997925,0.0063928938
997926,0.0092859603
997927,0.014701574
997928,0.020243566
997929,0.0097103342
997930,0.0059864717
997931,0.0089039523
997932,0.0063131894
997933,0.0058672735
997934,0.006322524
997935,0.010416188
997936,0.0061250576
997937,0.015045526
997938,0.012480298
997939,0.011346077
997940,0.01662511
997941,0.0091035729
997942,0.026434686
997943,0.039182417
997944,0.0094051585
997945,0.012137379
997946,0.01484016
997947,0.00641659
997948,0.0062729781
997949,0.038166359
997950,0.0077349492
997951,0.0086616967
997952,0.0064338236
997953,0.0063670441
997954,0.0055184118
997955,0.009280934
997956,0.0088491319
997957,0.0066090305
997958,0.020387178
997959,0.012858562
997960,0.011708697
997961,0.0062399469
997962,0.011939129
997963,0.0064812154
997964,0.0061322381
997965,0.0063103172
997966,0.0060259649
997967,0.011769732
997968,0.0064912685
997969,0.017554428
997970,0.014950023
997971,0.012206313
997972,0.005991498
997973,0.018159755
997974,0.032495949
997975,0.020762006
997976,0.010070801
997977,0.0063735065
997978,0.0061142864
997979,0.008501363
997980,0.0177282
997981,0.011952838
997982,0.0061236215
997983,0.020833813
997984,0.0070312498
997985,0.0060029873
997986,0.0063950485
997987,0.012043313
997988,0.0057767979
997989,0.009090648
997990,0.0094360355
997991,0.011625402
997992,0.0095401537
997993,0.0060568415
997994,0.0061185947
997995,0.0061264937
997996,0.015088608
997997,0.0060317097
997998,0.011055611
997999,0.0091646081
998000,0.014402143
998001,0.0080544865
998002,0.0062313303
998003,0.01198156
998004,0.0053833816
998005,0.022486787
998006,0.0092751896
998007,0.012041877
998008,0.012058393
998009,0.014460306
998010,0.0061853747
998011,0.0061157225
998012,0.009105009
998013,0.01563218
998014,0.0064129997
998015,0.015065631
998016,0.0060905907
998017,0.0063304226
998018,0.0061552161
998019,0.0063814051
998020,0.0060022692
998021,0.0066844267
998022,0.0060202205
998023,0.0064970129
998024,0.0064596739
998025,0.0090130977
998026,0.0062083523
998027,0.0061853747
998028,0.0061322381
998029,0.02066076
998030,0.0091861505
998031,0.0165799
998032,0.0064589558
998033,0.0090805953
998034,0.015085018
998035,0.01323247
998036,0.0084673716
998037,0.0072875977
998038,0.0079525216
998039,0.0088522518
998040,0.0061236215
998041,0.0065558939
998042,0.0063605811
998043,0.0063943304
998044,0.0066291359
998045,0.0079970416
998046,0.0059311809
998047,0.018411776
998048,0.0090554627
998049,0.0088536879
998050,0.0060798195
998051,0.0053939093
998052,0.017543659
998053,0.0059232824
998054,0.0063024187
998055,0.0098489197
998056,0.0065099378
998057,0.0063368855
998058,0.014649156
998059,0.0061465991
998060,0.0014127152
998061,0.0062320484
998062,0.0052734376
998063,0.0062578986
998064,0.00564649
998065,0.0063928938
998066,0.0060087317
998067,0.0079956399
998068,0.026445456
998069,0.0028340276
998070,0.0060891546
998071,0.0070513557
998072,0.0059347712
998073,0.012005975
998074,0.0099530388
998075,0.0064697266
998076,0.0090274587
998077,0.0091940491
998078,0.0060604322
998079,0.0059304629
998080,0.0089204675
998081,0.0084693935
998082,0.0059527229
998083,0.0074218749
998084,0.010049977
998085,0.006299546
998086,0.014836569
998087,0.0063411938
998088,0.0069055893
998089,0.006380687
998090,0.0090540266
998091,0.011795582
998092,0.0085743619
998093,0.018583409
998094,0.0061997357
998095,0.005786851
998096,0.0064510568
998097,0.0061027976
998098,0.0092558023
998099,0.01758028
998100,0.0062657972
998101,0.011937041
998102,0.017486213
998103,0.0059857536
998104,0.0094898893
998105,0.020356301
998106,0.0062392289
998107,0.009237132
998108,0.0091918949
998109,0.0065996954
998110,0.010861386
998111,0.0068747126
998112,0.011784093
998113,0.01214456
998114,0.011822151
998115,0.0064840876
998116,0.0093075018
998117,0.0091222422
998118,0.00613152
998119,0.0063950485
998120,0.01202249
998121,0.0065228632
998122,0.0094439341
998123,0.012337718
998124,0.0061516259
998125,0.012413114
998126,0.0063131894
998127,0.014918428
998128,0.0095897
998129,0.011818561
998130,0.0062873391
998131,0.0062614889
998132,0.0095703127
998133,0.0074793198
998134,0.0060381722
998135,0.0091818413
998136,0.0084693301
998137,0.0066966335
998138,0.011893239
998139,0.020616958
998140,0.017658548
998141,0.0066032857
998142,0.0063770968
998143,0.0088529699
998144,0.014776252
998145,0.0062069162
998146,0.011849437
998147,0.014433968
998148,0.0065487134
998149,0.024060059
998150,0.0070549459
998151,0.0092715994
998152,0.012005975
998153,0.0065623564
998154,0.0085743619
998155,0.012110811
998156,0.0052267336
998157,0.0061602425
998158,0.0061465991
998159,0.0095861098
998160,0.014494054
998161,0.0056525888
998162,0.009046128
998163,0.0062722601
998164,0.020564539
998165,0.01519201
998166,0.00869356
998167,0.0060331458
998168,0.0061178766
998169,0.0062334845
998170,0.006262925
998171,0.0067325369
998172,0.0068840478
998173,0.006921865
998174,0.01512164
998175,0.0062061981
998176,0.0064280792
998177,0.005873736
998178,0.006204044
998179,0.014578786
998180,0.017682962
998181,0.014827953
998182,0.0055253371
998183,0.012298224
998184,0.006366326
998185,0.016010033
998186,0.02089054
998187,0.0071885055
998188,0.023157457
998189,0.0091753788
998190,0.015917968
998191,0.0062191235
998192,0.018232996
998193,0.0094898893
998194,0.0073830998
998195,0.025791816
998196,0.019389074
998197,0.0061738854
998198,0.011834358
998199,0.0064589558
998200,0.0063534006
998201,0.012788661
998202,0.0052700229
998203,0.022082519
998204,0.014820772
998205,0.010757267
998206,0.011818561
998207,0.011638328
998208,0.0063498104
998209,0.0084659355
998210,0.0069637522
998211,0.0053050816
998212,0.0088493796
998213,0.0088465074
998214,0.009059771
998215,0.0266221
998216,0.0063103172
998217,0.0062327664
998218,0.0054612076
998219,0.0089039523
998220,0.0088723572
998221,0.014898323
998222,0.012082089
998223,0.0061236215
998224,0.0058790869
998225,0.0091681983
998226,0.0065286076
998227,0.010430456
998228,0.011972225
998229,0.0063699163
998230,0.0084300321
998231,0.014881807
998232,0.0061832205
998233,0.006307445
998234,0.0063763787
998235,0.013131893
998236,0.0061853747
998237,0.008157528
998238,0.0061487532
998239,0.0061150044
998240,0.0065329159
998241,0.0081341909
998242,0.0071274703
998243,0.01432894
998244,0.0057495791
998245,0.0062112249
998246,0.02657399
998247,0.0061588064
998248,0.01753217
998249,0.011256319
998250,0.0059376438
998251,0.0061358283
998252,0.011730239
998253,0.006424489
998254,0.0032359876
998255,0.01159668
998256,0.015688907
998257,0.0066822725
998258,0.0092141544
998259,0.0092263613
998260,0.0067856731
998261,0.020527201
998262,0.0094001321
998263,0.0063864314
998264,0.014832261
998265,0.0032684074
998266,0.010651712
998267,0.0092163086
998268,0.014981617
998269,0.0088766655
998270,0.0061975815
998271,0.0062614889
998272,0.0064919866
998273,0.0088709211
998274,0.0096758679
998275,0.01949653
998276,0.0071131089
998277,0.019875666
998278,0.0060467888
998279,0.0028044905
998280,0.016553452
998281,0.011758962
998282,0.0065846164
998283,0.0077837775
998284,0.0091466568
998285,0.0063390397
998286,0.0070852558
998287,0.0059706746
998288,0.013373162
998289,0.0059886258
998290,0.0059800092
998291,0.0098000923
998292,0.023260253
998293,0.0066470876
998294,0.0068014706
998295,0.0061372644
998296,0.0089858109
998297,0.012389419
998298,0.0091007007
998299,0.0060173483
998300,0.0095818015
998301,0.0063110352
998302,0.0090375114
998303,0.0063010948
998304,0.0072409236
998305,0.0018800708
998306,0.0068301931
998307,0.0061444449
998308,0.0094604176
998309,0.0092996033
998310,0.0062729781
998311,0.01159668
998312,0.006204762
998313,0.0060891546
998314,0.0091007007
998315,0.013325051
998316,0.011906882
998317,0.0061580883
998318,0.0061358283
998319,0.014726706
998320,0.0065041934
998321,0.0057433429
998322,0.0061659869
998323,0.0063512465
998324,0.012365723
998325,0.0090849036
998326,0.0062622069
998327,0.011772605
998328,0.029330062
998329,0.010871345
998330,0.0066485237
998331,0.0077457204
998332,0.0063792509
998333,0.0097196689
998334,0.012190516
998335,0.0062471279
998336,0.026258042
998337,0.0061487532
998338,0.009265855
998339,0.0061595244
998340,0.0065044262
998341,0.0082663847
998342,0.0093441233
998343,0.0083108339
998344,0.0090698246
998345,0.012201287
998346,0.01202967
998347,0.01226663
998348,0.0062298942
998349,0.026206343
998350,0.0090504363
998351,0.0062772864
998352,0.0018378721
998353,0.016160792
998354,0.012839642
998355,0.0090145338
998356,0.025823615
998357,0.0064352597
998358,0.0093469955
998359,0.0090791592
998360,0.0062564625
998361,0.0054711499
998362,0.012028952
998363,0.0055951602
998364,0.010263959
998365,0.01495864
998366,0.0091107534
998367,0.0058787628
998368,0.0090389475
998369,0.0091380402
998370,0.011947812
998371,0.0087445425
998372,0.011327407
998373,0.0091911769
998374,0.0090490002
998375,0.0060640224
998376,0.0057286862
998377,0.015992647
998378,0.0050548012
998379,0.0069996552
998380,0.0060791015
998381,0.005384888
998382,0.0095265107
998383,0.0092033837
998384,0.0060992073
998385,0.0061063878
998386,0.031588208
998387,0.0080611035
998388,0.0064043831
998389,0.0062686694
998390,0.014677878
998391,0.0059613395
998392,0.0062054801
998393,0.0091085993
998394,0.006733973
998395,0.016346768
998396,0.0091538373
998397,0.0062277401
998398,0.0088816928
998399,0.0089915553
998400,0.0064129997
998401,0.0091545554
998402,0.0061422908
998403,0.0064747529
998404,0.0018050751
998405,0.0062514362
998406,0.0068984088
998407,0.013915201
998408,0.0014865033
998409,0.0054644528
998410,0.0090992646
998411,0.0062744142
998412,0.0067153033
998413,0.0064876783
998414,0.0063828412
998415,0.0063749426
998416,0.0062191235
998417,0.0064467485
998418,0.011967199
998419,0.0092945769
998420,0.006167423
998421,0.0059283087
998422,0.0040566255
998423,0.0063095991
998424,0.0067145852
998425,0.0060712029
998426,0.0089915553
998427,0.006343348
998428,0.01808005
998429,0.006519991
998430,0.0062155332
998431,0.0061667049
998432,0.0091394763
998433,0.010979866
998434,0.01063296
998435,0.0087617766
998436,0.0064812154
998437,0.01198156
998438,0.0063900216
998439,0.014586684
998440,0.018411793
998441,0.0055908826
998442,0.0076990463
998443,0.012568934
998444,0.0066535501
998445,0.012087115
998446,0.001967791
998447,0.017647777
998448,0.035345681
998449,0.006240665
998450,0.0064094095
998451,0.0089965817
998452,0.010424179
998453,0.0088457894
998454,0.009457577
998455,0.0084156711
998456,0.010984892
998457,0.0063577089
998458,0.0070226332
998459,0.010888672
998460,0.011201747
998461,0.011924115
998462,0.008329195
998463,0.0090877758
998464,0.0090130977
998465,0.0091337319
998466,0.0095422287
998467,0.0061846566
998468,0.0062844669
998469,0.006402229
998470,0.0060072956
998471,0.0061121322
998472,0.0070578181
998473,0.0060611502
998474,0.014731732
998475,0.0091172159
998476,0.0058127008
998477,0.012408088
998478,0.013441815
998479,0.0068129594
998480,0.008884565
998481,0.0075367647
998482,0.0062751323
998483,0.015975008
998484,0.01830193
998485,0.01742805
998486,0.0061071059
998487,0.013881548
998488,0.0061322381
998489,0.0060116039
998490,0.0070886947
998491,0.0063095991
998492,0.0061659869
998493,0.009955911
998494,0.0063354494
998495,0.0089671416
998496,0.0061695771
998497,0.0088120401
998498,0.010826197
998499,0.0042440845
998500,0.0062966738
998501,0.0089736041
998502,0.0062801586
998503,0.0064474666
998504,0.010673254
998505,0.0065034754
998506,0.0087294634
998507,0.017876837
998508,0.014960076
998509,0.0063311406
998510,0.032304112
998511,0.0081980983
998512,0.0066176471
998513,0.012120864
998514,0.011733111
998515,0.0089333924
998516,0.019177889
998517,0.0058981501
998518,0.0090360753
998519,0.005523779
998520,0.0087603405
998521,0.0059211282
998522,0.0062550264
998523,0.006108542
998524,0.011462403
998525,0.017555147
998526,0.0062894933
998527,0.009003045
998528,0.0099200085
998529,0.017630544
998530,0.0062787225
998531,0.0092565203
998532,0.02348561
998533,0.0063232421
998534,0.02776956
998535,0.0059685204
998536,0.0090274587
998537,0.0063921758
998538,0.0069917566
998539,0.0064051012
998540,0.0056978115
998541,0.0063641719
998542,0.011260072
998543,0.0065242993
998544,0.0079015391
998545,0.012991154
998546,0.0062973918
998547,0.0054674535
998548,0.011960736
998549,0.0061982996
998550,0.006534352
998551,0.017849552
998552,0.029418945
998553,0.0070673437
998554,0.0081571694
998555,0.0063627353
998556,0.022966452
998557,0.0065637925
998558,0.0092558023
998559,0.014718807
998560,0.0063038548
998561,0.0051852376
998562,0.0067792106
998563,0.0081377812
998564,0.013142664
998565,0.012425322
998566,0.006300264
998567,0.009721823
998568,0.0030876466
998569,0.009104291
998570,0.00599078
998571,0.0089319563
998572,0.0089039523
998573,0.0063189338
998574,0.0065278895
998575,0.0089613972
998576,0.0087883445
998577,0.0089175953
998578,0.0060202205
998579,0.0060855639
998580,0.0073737651
998581,0.0058299345
998582,0.0063024187
998583,0.0064058192
998584,0.0062392289
998585,0.011847283
998586,0.012102194
998587,0.014826517
998588,0.0060001151
998589,0.0065953871
998590,0.0068373736
998591,0.0053423196
998592,0.012522978
998593,0.014866728
998594,0.024024874
998595,0.0069896025
998596,0.0090640802
998597,0.013061523
998598,0.0088974899
998599,0.011623966
998600,0.0098862592
998601,0.0059168199
998602,0.0088723572
998603,0.0063627353
998604,0.0056274412
998605,0.0090375114
998606,0.010043515
998607,0.01495864
998608,0.0070700254
998609,0.013350184
998610,0.0064072553
998611,0.010348972
998612,0.0061925552
998613,0.011712288
998614,0.011475327
998615,0.0061753215
998616,0.006425207
998617,0.0091143437
998618,0.0062421015
998619,0.0077730068
998620,0.0075058881
998621,0.0080406498
998622,0.0090087894
998623,0.0062421015
998624,0.0060317097
998625,0.0069868863
998626,0.01048225
998627,0.0056310319
998628,0.023575367
998629,0.0092041017
998630,0.0096665323
998631,0.006520709
998632,0.0061925552
998633,0.0052154087
998634,0.01210004
998635,0.0062844669
998636,0.0060805376
998637,0.011810662
998638,0.014453125
998639,0.012559599
998640,0.0063936124
998641,0.008458755
998642,0.0067052506
998643,0.0038349768
998644,0.014636949
998645,0.0064338236
998646,0.027555101
998647,0.0088536879
998648,0.008363896
998649,0.0087323356
998650,0.0080955783
998651,0.0060417624
998652,0.0064453124
998653,0.0091969213
998654,0.011583037
998655,0.0088134762
998656,0.0061336742
998657,0.011664895
998658,0.020852482
998659,0.016554423
998660,0.0063648899
998661,0.016834931
998662,0.0089305202
998663,0.0071461396
998664,0.0091868686
998665,0.0091452207
998666,0.0092486218
998667,0.0062054801
998668,0.0068021887
998669,0.017639879
998670,0.0018845205
998671,0.0075891833
998672,0.017231302
998673,0.0060654585
998674,0.0065645105
998675,0.012127327
998676,0.012431785
998677,0.014751839
998678,0.0088974899
998679,0.006299546
998680,0.0061990176
998681,0.03147978
998682,0.0062248679
998683,0.038924631
998684,0.0095825195
998685,0.0063878675
998686,0.0061379825
998687,0.006519991
998688,0.0062385108
998689,0.0062981099
998690,0.0089412909
998691,0.020553768
998692,0.02313376
998693,0.025376607
998694,0.0077141258
998695,0.0068359375
998696,0.0062155332
998697,0.0019995228
998698,0.0016554227
998699,0.0062930835
998700,0.010924458
998701,0.011997358
998702,0.012534467
998703,0.0065142461
998704,0.016797926
998705,0.0060245288
998706,0.015339212
998707,0.011675666
998708,0.018947467
998709,0.0063763787
998710,0.006300264
998711,0.0060259649
998712,0.015135283
998713,0.0090353573
998714,0.027903862
998715,0.018177705
998716,0.011740512
998717,0.0062464098
998718,0.0064453124
998719,0.01462546
998720,0.016224518
998721,0.025129251
998722,0.0016406127
998723,0.009281652
998724,0.0060554054
998725,0.0091552734
998726,0.012028952
998727,0.017637005
998728,0.0091825593
998729,0.0060970532
998730,0.011822869
998731,0.0064309514
998732,0.01183364
998733,0.012087115
998734,0.0083007813
998735,0.0091258334
998736,0.0090051992
998737,0.0084031457
998738,0.012278119
998739,0.008928366
998740,0.0064273612
998741,0.009501379
998742,0.0078936405
998743,0.0062327664
998744,0.0091545554
998745,0.015097943
998746,0.0063964846
998747,0.0020001356
998748,0.0063828412
998749,0.0060546873
998750,0.0060410444
998751,0.0064553656
998752,0.014981617
998753,0.0064366958
998754,0.0071698357
998755,0.0060317097
998756,0.0063318587
998757,0.01458094
998758,0.002027076
998759,0.012119428
998760,0.014803539
998761,0.0066176471
998762,0.016704248
998763,0.0063110352
998764,0.0079523241
998765,0.0061544981
998766,0.0056418027
998767,0.0065070656
998768,0.0063770968
998769,0.014789177
998770,0.023770681
998771,0.015096507
998772,0.018905101
998773,0.015208525
998774,0.010241699
998775,0.0063749426
998776,0.0066729379
998777,0.0062643611
998778,0.028118938
998779,0.012031106
998780,0.0084860409
998781,0.013131893
998782,0.015062041
998783,0.0063694622
998784,0.0096162688
998785,0.0058119828
998786,0.008928366
998787,0.0063139074
998788,0.0091502471
998789,0.012012437
998790,0.012179027
998791,0.005977137
998792,0.009310375
998793,0.011367872
998794,0.008003898
998795,0.0060819737
998796,0.016832072
998797,0.0060094497
998798,0.013227396
998799,0.0064223344
998800,0.012179526
998801,0.0059713926
998802,0.013915298
998803,0.012169692
998804,0.0055667837
998805,0.011663459
998806,0.0090095075
998807,0.0093333526
998808,0.0062298942
998809,0.0069048712
998810,0.0062930835
998811,0.0062385108
998812,0.010868068
998813,0.00613152
998814,0.020364201
998815,0.0087050498
998816,0.0063246782
998817,0.015543141
998818,0.0035818275
998819,0.014924173
998820,0.012159639
998821,0.0088371728
998822,0.0090195602
998823,0.011685719
998824,0.022278484
998825,0.009003045
998826,0.006168141
998827,0.0091617359
998828,0.0080799069
998829,0.0058733849
998830,0.012143842
998831,0.0093003213
998832,0.0051988848
998833,0.0061415727
998834,0.0088285562
998835,0.005977137
998836,0.0063691982
998837,0.02064568
998838,0.0062571806
998839,0.0085370233
998840,0.0092256432
998841,0.0061465991
998842,0.015171186
998843,0.012180463
998844,0.026585478
998845,0.0087883445
998846,0.0015264337
998847,0.0092105642
998848,0.013442095
998849,0.020396514
998850,0.01472886
998851,0.010504509
998852,0.012842515
998853,0.011753217
998854,0.013446836
998855,0.0073694563
998856,0.0011630893
998857,0.014333927
998858,0.0096392464
998859,0.022497119
998860,0.0088737933
998861,0.0060597141
998862,0.01484375
998863,0.0066348803
998864,0.017616183
998865,0.014619716
998866,0.0061236215
998867,0.0091559915
998868,0.0060259649
998869,0.0060819737
998870,0.0061889649
998871,0.01191119
998872,0.0058859433
998873,0.0060044234
998874,0.0060625863
998875,0.0066327262
998876,0.0089326743
998877,0.012345617
998878,0.0061300839
998879,0.022287168
998880,0.0097541362
998881,0.010462143
998882,0.0062808767
998883,0.0064051012
998884,0.010480814
998885,0.014820054
998886,0.011053308
998887,0.0064568017
998888,0.0062801586
998889,0.0062657972
998890,0.008517636
998891,0.02240815
998892,0.0090647982
998893,0.0086188819
998894,0.014815028
998895,0.017480435
998896,0.0072538489
998897,0.014974437
998898,0.0088931816
998899,0.0088938996
998900,0.0061473171
998901,0.0088486616
998902,0.0062844669
998903,0.009838149
998904,0.0063146255
998905,0.023783183
998906,0.0064927046
998907,0.0065602022
998908,0.0092924228
998909,0.009237132
998910,0.016608786
998911,0.0077967024
998912,0.0059060492
998913,0.0055635339
998914,0.0060597141
998915,0.0091832774
998916,0.0062693874
998917,0.0063763787
998918,0.006285903
998919,0.0063268323
998920,0.011979406
998921,0.0061710132
998922,0.0061063878
998923,0.0049698544
998924,0.0062844669
998925,0.014996697
998926,0.0089506265
998927,0.010316378
998928,0.0091545554
998929,0.0058608111
998930,0.03315717
998931,0.0061982996
998932,0.0089965817
998933,0.0060798195
998934,0.0063124713
998935,0.0095143039
998936,0.015126666
998937,0.0096593518
998938,0.0094475243
998939,0.0061846566
998940,0.0061695771
998941,0.0062205596
998942,0.0061868108
998943,0.0089175953
998944,0.0061078239
998945,0.0091552734
998946,0.020703126
998947,0.0061300839
998948,0.0071324967
998949,0.011671358
998950,0.0061559342
998951,0.0058945599
998952,0.014602481
998953,0.0065041934
998954,0.0084784459
998955,0.0064338236
998956,0.0097469557
998957,0.0060159122
998958,0.010139734
998959,0.0093635106
998960,0.0064187441
998961,0.0063203699
998962,0.0061839386
998963,0.014579504
998964,0.0061465991
998965,0.023292452
998966,0.010584932
998967,0.0060654585
998968,0.0093003213
998969,0.0067002242
998970,0.0060625863
998971,0.0079325372
998972,0.0085197901
998973,0.0089951456
998974,0.0081004426
998975,0.0060094497
998976,0.0081966622
998977,0.0059103575
998978,0.0060367361
998979,0.011775477
998980,0.0064481846
998981,0.011719468
998982,0.0079963235
998983,0.0061544981
998984,0.015028291
998985,0.014771226
998986,0.0086062774
998987,0.0089527806
998988,0.0089039523
998989,0.0061588064
998990,0.007754337
998991,0.0061214673
998992,0.0086677102
998993,0.011534926
998994,0.0061501898
998995,0.0095437439
998996,0.0092184627
998997,0.015093635
998998,0.012021772
998999,0.0059512868
999000,0.0061408547
999001,0.0060668946
999002,0.0059792912
999003,0.005991498
999004,0.0064259251
999005,0.0064467485
999006,0.006285185
999007,0.0065659466
999008,0.0066320081
999009,0.012245807
999010,0.012055521
999011,0.020423081
999012,0.0089570889
999013,0.0087007415
999014,0.0092629828
999015,0.014756865
999016,0.0066636028
999017,0.0065838983
999018,0.013888431
999019,0.0061264937
999020,0.0067605413
999021,0.0063943304
999022,0.0022568994
999023,0.0060734604
999024,0.017807905
999025,0.0035725462
999026,0.0088608684
999027,0.0065293256
999028,0.023427447
999029,0.01451057
999030,0.0073112939
999031,0.014590993
999032,0.0061365464
999033,0.0064359778
999034,0.0092041017
999035,0.024551213
999036,0.0062435376
999037,0.0061825025
999038,0.0068323473
999039,0.012328384
999040,0.0062938016
999041,0.0064402861
999042,0.0087646488
999043,0.024732167
999044,0.0015073684
999045,0.014993107
999046,0.0049095345
999047,0.001813449
999048,0.0089915553
999049,0.0093276082
999050,0.026293945
999051,0.0096406825
999052,0.0091093173
999053,0.019687636
999054,0.0085628731
999055,0.0062880572
999056,0.011963609
999057,0.015252327
999058,0.026740579
999059,0.006498449
999060,0.0067210477
999061,0.021961169
999062,0.012293916
999063,0.0060144761
999064,0.011660587
999065,0.0099106729
999066,0.0061071059
999067,0.0090877758
999068,0.0071389591
999069,0.007151884
999070,0.0098130172
999071,0.015971823
999072,0.018134622
999073,0.006226304
999074,0.0063670441
999075,0.0060180663
999076,0.0079367245
999077,0.0062090703
999078,0.0091459388
999079,0.0089958636
999080,0.0060898727
999081,0.0064718807
999082,0.023061236
999083,0.0090490002
999084,0.0064122817
999085,0.006050379
999086,0.019029938
999087,0.0093958238
999088,0.0061875288
999089,0.0060654585
999090,0.0032110226
999091,0.0063376036
999092,0.0092945769
999093,0.014717371
999094,0.007826861
999095,0.006307445
999096,0.0063189338
999097,0.012160357
999098,0.0053245118
999099,0.0088816928
999100,0.0053720651
999101,0.015633617
999102,0.0087567493
999103,0.0070054
999104,0.0063735065
999105,0.016391888
999106,0.0060824938
999107,0.012089922
999108,0.026340619
999109,0.021024281
999110,0.0083406465
999111,0.0062083523
999112,0.012826717
999113,0.012234317
999114,0.0067720301
999115,0.0098462105
999116,0.0054365015
999117,0.010622726
999118,0.0079388786
999119,0.0061954274
999120,0.037227135
999121,0.005859375
999122,0.0059857536
999123,0.0091071632
999124,0.012260389
999125,0.014727424
999126,0.0079360064
999127,0.0062873391
999128,0.0065975413
999129,0.010893112
999130,0.0093706921
999131,0.0061925552
999132,0.009075569
999133,0.008884565
999134,0.012264476
999135,0.017620074
999136,0.0060431985
999137,0.0072847256
999138,0.0072143553
999139,0.009339097
999140,0.009177533
999141,0.0065185549
999142,0.006307445
999143,0.0062981099
999144,0.0092055378
999145,0.012253705
999146,0.0056561558
999147,0.012155331
999148,0.0062772864
999149,0.038798254
999150,0.0064065373
999151,0.005895278
999152,0.01290714
999153,0.0066406252
999154,0.0066980696
999155,0.011952838
999156,0.013041418
999157,0.008121266
999158,0.031881895
999159,0.0060618683
999160,0.009076287
999161,0.0060956171
999162,0.0061580883
999163,0.0064302334
999164,0.0061746035
999165,0.020479091
999166,0.0062054801
999167,0.011818561
999168,0.0092026656
999169,0.0061997357
999170,0.0059943702
999171,0.0088371728
999172,0.011580883
999173,0.0087840362
999174,0.0091452207
999175,0.0061710132
999176,0.0096424762
999177,0.017018756
999178,0.006285185
999179,0.0060453527
999180,0.0071849148
999181,0.0061846566
999182,0.0063878675
999183,0.012041159
999184,0.0075884652
999185,0.0093412511
999186,0.011776195
999187,0.013156308
999188,0.0093290443
999189,0.011997358
999190,0.01240378
999191,0.0055891089
999192,0.0063038548
999193,0.017687988
999194,0.0091416305
999195,0.0067720301
999196,0.0061839386
999197,0.012443991
999198,0.0092256432
999199,0.0063627353
999200,0.012028952
999201,0.0063742246
999202,0.014527085
999203,0.0066442154
999204,0.0098941624
999205,0.0065307617
999206,0.01439209
999207,0.0082601504
999208,0.0061494717
999209,0.0060905907
999210,0.0061616786
999211,0.0062665152
999212,0.011638328
999213,0.0090877758
999214,0.006071921
999215,0.0060238107
999216,0.0063720704
999217,0.0060554054
999218,0.012897307
999219,0.0080757532
999220,0.0065652286
999221,0.011744132
999222,0.013667567
999223,0.0089341104
999224,0.013074997
999225,0.0091911769
999226,0.0063842773
999227,0.0093060657
999228,0.014323156
999229,0.0089384187
999230,0.029170496
999231,0.0088730752
999232,0.010886265
999233,0.0092601106
999234,0.011368036
999235,0.0026646852
999236,0.0063232421
999237,0.0059591853
999238,0.017704504
999239,0.017645624
999240,0.026414579
999241,0.0087136663
999242,0.0060302736
999243,0.0085426224
999244,0.0061997357
999245,0.0087761376
999246,0.0062794406
999247,0.0059936522
999248,0.017775591
999249,0.0090332031
999250,0.0060453527
999251,0.011216928
999252,0.0063095991
999253,0.0062622069
999254,0.0086224722
999255,0.015207089
999256,0.006365608
999257,0.0061071059
999258,0.0018309782
999259,0.011963609
999260,0.0090669524
999261,0.0058199312
999262,0.00610926
999263,0.0061602425
999264,0.011818561
999265,0.0065142461
999266,0.015929457
999267,0.004978158
999268,0.0120706
999269,0.0071389591
999270,0.0089707319
999271,0.0060676127
999272,0.0093017574
999273,0.0064934227
999274,0.0087711113
999275,0.0091789691
999276,0.0059196921
999277,0.0061330884
999278,0.0066233915
999279,0.022281423
999280,0.0075066062
999281,0.01157083
999282,0.010231647
999283,0.011894675
999284,0.0060080136
999285,0.0057333349
999286,0.0021206124
999287,0.0061049517
999288,0.0055820537
999289,0.0074987076
999290,0.0098460475
999291,0.010814155
999292,0.0092328237
999293,0.020082721
999294,0.027775947
999295,0.0063268323
999296,0.0057688993
999297,0.006299546
999298,0.0095896311
999299,0.0083945934
999300,0.01148897
999301,0.0077076633
999302,0.0058572209
999303,0.011551442
999304,0.015254965
999305,0.0058147674
999306,0.0062421015
999307,0.0017725952
999308,0.0058558653
999309,0.038694851
999310,0.0061616786
999311,0.0072165094
999312,0.0063749426
999313,0.0090425378
999314,0.0065487134
999315,0.012917948
999316,0.012102912
999317,0.009397978
999318,0.0063383216
999319,0.010344182
999320,0.020476935
999321,0.0062650791
999322,0.015945055
999323,0.0062054801
999324,0.0060403263
999325,0.0061372644
999326,0.0089003621
999327,0.010821397
999328,0.0063893036
999329,0.0090949563
999330,0.001748047
999331,0.0064072553
999332,0.0052657374
999333,0.0062708235
999334,0.015085018
999335,0.010579905
999336,0.00097567547
999337,0.0067232018
999338,0.009017406
999339,0.0088838469
999340,0.011676535
999341,0.006271542
999342,0.0059591853
999343,0.0091064451
999344,0.036016572
999345,0.0088874372
999346,0.0094101848
999347,0.0060841278
999348,0.010744947
999349,0.01489186
999350,0.013935835
999351,0.0060202205
999352,0.0090518724
999353,0.0090805953
999354,0.006570973
999355,0.0068510165
999356,0.0062686694
999357,0.012075626
999358,0.017027372
999359,0.0093656648
999360,0.0059074853
999361,0.006425207
999362,0.008796961
999363,0.017410817
999364,0.0068818936
999365,0.0054785297
999366,0.0063770968
999367,0.011466711
999368,0.0063332953
999369,0.0096945371
999370,0.0092321057
999371,0.012105784
999372,0.0060094497
999373,0.0090813134
999374,0.0080710016
999375,0.0062844669
999376,0.024626609
999377,0.0056532915
999378,0.012089269
999379,0.031641886
999380,0.0061580883
999381,0.015250172
999382,0.006497731
999383,0.006094899
999384,0.0062219957
999385,0.017959416
999386,0.0094222762
999387,0.006153062
999388,0.0067088408
999389,0.011467429
999390,0.0059879078
999391,0.0063670441
999392,0.0098632816
999393,0.0063555548
999394,0.01559915
999395,0.0078200884
999396,0.0062571806
999397,0.006519991
999398,0.0092715994
999399,0.0060202205
999400,0.0080347834
999401,0.0092286495
999402,0.0083912564
999403,0.011569394
999404,0.011594526
999405,0.0058155735
999406,0.0062981099
999407,0.011462403
999408,0.0064804973
999409,0.0074247471
999410,0.0090992646
999411,0.0089384187
999412,0.012112965
999413,0.017589614
999414,0.011592371
999415,0.0065946691
999416,0.0061106961
999417,0.0066327262
999418,0.0061286478
999419,0.0065645105
999420,0.009280934
999421,0.0060977712
999422,0.011291504
999423,0.012155331
999424,0.012270939
999425,0.0061516259
999426,0.0060633044
999427,0.0069694966
999428,0.0062363567
999429,0.0090130977
999430,0.0064223344
999431,0.011780503
999432,0.013406911
999433,0.0061135683
999434,0.0092033837
999435,0.0090533085
999436,0.0089534987
999437,0.012040259
999438,0.0061774757
999439,0.0060546873
999440,0.0066312901
999441,0.009736903
999442,0.0093362248
999443,0.0059283087
999444,0.0063447841
999445,0.011971507
999446,0.01238511
999447,0.0060546873
999448,0.0061559342
999449,0.012319049
999450,0.026135972
999451,0.011354693
999452,0.011040183
999453,0.0074629639
999454,0.016498089
999455,0.0059555951
999456,0.0080896718
999457,0.0059735468
999458,0.0061738854
999459,0.0070312498
999460,0.0062959557
999461,0.0091725066
999462,0.014046958
999463,0.0063246782
999464,0.027001236
999465,0.023644302
999466,0.014456715
999467,0.021477195
999468,0.0069127702
999469,0.0091222422
999470,0.023704618
999471,0.0064460305
999472,0.019444006
999473,0.0062643611
999474,0.0090992646
999475,0.0067648496
999476,0.0092622647
999477,0.0072926241
999478,0.0065027573
999479,0.0061990176
999480,0.0060008331
999481,0.012132353
999482,0.0091710705
999483,0.0065221451
999484,0.0064589558
999485,0.0063182157
999486,0.0060575595
999487,0.010246726
999488,0.0061932732
999489,0.0069055893
999490,0.0088615865
999491,0.015111587
999492,0.0065422505
999493,0.014753275
999494,0.0052649705
999495,0.0094353175
999496,0.0057125115
999497,0.0074340822
999498,0.0093405331
999499,0.0090992646
999500,0.010734289
999501,0.0062069162
999502,0.0061286478
999503,0.0060044234
999504,0.0091732247
999505,0.0062780045
999506,0.013617302
999507,0.0094518326
999508,0.0063419119
999509,0.010240263
999510,0.014932072
999511,0.011971507
999512,0.01183364
999513,0.0064216163
999514,0.0089204675
999515,0.0061516259
999516,0.011978688
999517,0.011708697
999518,0.0062112249
999519,0.0089233397
999520,0.01399572
999521,0.0082474472
999522,0.0058220359
999523,0.0063763787
999524,0.0081844553
999525,0.0062377928
999526,0.0063376036
999527,0.0064941407
999528,0.020001842
999529,0.0089534987
999530,0.0060396083
999531,0.0092859603
999532,0.016461106
999533,0.0090533085
999534,0.0062643611
999535,0.006227022
999536,0.0064338236
999537,0.00098977762
999538,0.023782169
999539,0.015257353
999540,0.0062894933
999541,0.0059879078
999542,0.012507181
999543,0.0062219957
999544,0.015879912
999545,0.0062191235
999546,0.0019481824
999547,0.0055454108
999548,0.0065523037
999549,0.0089377007
999550,0.023128733
999551,0.010977712
999552,0.012064137
999553,0.0074190027
999554,0.0063282684
999555,0.0062076342
999556,0.01488468
999557,0.020674402
999558,0.0063368855
999559,0.012572524
999560,0.013406193
999561,0.0063476563
999562,0.0059555951
999563,0.0060963351
999564,0.0060683307
999565,0.0090849036
999566,0.0092967311
999567,0.0092069739
999568,0.0061939913
999569,0.013477281
999570,0.0064848056
999571,0.0060589961
999572,0.012053366
999573,0.0066880169
999574,0.0062650791
999575,0.012076344
999576,0.0064237705
999577,0.016204474
999578,0.012319049
999579,0.0088924635
999580,0.011868106
999581,0.010205796
999582,0.0091129076
999583,0.011902574
999584,0.0060044234
999585,0.0062708235
999586,0.014960794
999587,0.0067131491
999588,0.0020116237
999589,0.0051990217
999590,0.011994486
999591,0.038786765
999592,0.0089470362
999593,0.017284438
999594,0.0058909697
999595,0.015390912
999596,0.022917081
999597,0.009237132
999598,0.017123941
999599,0.0065759993
999600,0.002850479
999601,0.014127086
999602,0.0054479265
999603,0.0061509078
999604,0.0066018496
999605,0.0068345014
999606,0.012129481
999607,0.0061659869
999608,0.009324736
999609,0.0057846969
999610,0.0064496207
999611,0.0066700657
999612,0.0064338236
999613,0.02403708
999614,0.012281709
999615,0.0062614889
999616,0.0089901192
999617,0.0061465991
999618,0.017763386
999619,0.0098410212
999620,0.0061832205
999621,0.0063670441
999622,0.0081571694
999623,0.011923397
999624,0.0072761085
999625,0.0062744142
999626,0.0075089317
999627,0.014456715
999628,0.0063577089
999629,0.0076451921
999630,0.014477539
999631,0.014919146
999632,0.0060812556
999633,0.0070441752
999634,0.016058709
999635,0.006211943
999636,0.0059570312
999637,0.011628275
999638,0.0063124713
999639,0.02508183
999640,0.0065982593
999641,0.0061659869
999642,0.0089779124
999643,0.0083484557
999644,0.0067325369
999645,0.0073996149
999646,0.026145307
999647,0.0061106961
999648,0.016906623
999649,0.0090820314
999650,0.0062966738
999651,0.0036326766
999652,0.026465561
999653,0.0099078007
999654,0.0060546873
999655,0.012526568
999656,0.0080368966
999657,0.0075446633
999658,0.0064546475
999659,0.012221392
999660,0.0054790438
999661,0.0064568017
999662,0.014901195
999663,0.0095877424
999664,0.0090784412
999665,0.0069745234
999666,0.0077607995
999667,0.012013155
999668,0.0089958636
999669,0.0092270793
999670,0.014367408
999671,0.0067583867
999672,0.011817843
999673,0.01160386
999674,0.0062133791
999675,0.0062514362
999676,0.011730239
999677,0.0060791015
999678,0.017945772
999679,0.0066198013
999680,0.015097225
999681,0.014527803
999682,0.009076287
999683,0.0084459316
999684,0.0069759595
999685,0.011925551
999686,0.00601304
999687,0.0063297045
999688,0.0088199396
999689,0.0062478459
999690,0.0064338236
999691,0.0063419119
999692,0.0061401366
999693,0.014131865
999694,0.020582492
999695,0.0082810437
999696,0.017733226
999697,0.0092945769
999698,0.0205868
999699,0.0092996033
999700,0.0070764879
999701,0.0095272288
999702,0.0049874494
999703,0.0060202205
999704,0.0099099549
999705,0.015085018
999706,0.0087352078
999707,0.0061178766
999708,0.0089836568
999709,0.0088745113
999710,0.0062729781
999711,0.0066054398
999712,0.011685001
999713,0.0057157627
999714,0.014441636
999715,0.0097096162
999716,0.0062313303
999717,0.001956322
999718,0.010355153
999719,0.013776108
999720,0.0062887752
999721,0.0061868108
999722,0.0060898727
999723,0.0087926527
999724,0.0093096569
999725,0.012023926
999726,0.011717314
999727,0.0091222422
999728,0.01060432
999729,0.0078986669
999730,0.0090805953
999731,0.0063541187
999732,0.009869026
999733,0.0092026656
999734,0.014988081
999735,0.01411061
999736,0.012111529
999737,0.0060353
999738,0.0066966335
999739,0.0063261143
999740,0.012261604
999741,0.0053767804
999742,0.0061006434
999743,0.012792969
999744,0.011214672
999745,0.011446605
999746,0.009193331
999747,0.0059007281
999748,0.020932904
999749,0.0069106156
999750,0.016545143
999751,0.014905503
999752,0.0060187844
999753,0.0088414811
999754,0.012063419
999755,0.01106316
999756,0.0090798773
999757,0.012168256
999758,0.011750345
999759,0.0072789812
999760,0.0070441752
999761,0.0091373222
999762,0.032373048
999763,0.0090647982
999764,0.0097921928
999765,0.0061114142
999766,0.0054235402
999767,0.0083180144
999768,0.0062140971
999769,0.0063088811
999770,0.011047363
999771,0.005940516
999772,0.0062571806
999773,0.0063677621
999774,0.0079972073
999775,0.0060625863
999776,0.014684341
999777,0.0064295153
999778,0.017838782
999779,0.0097175147
999780,0.0078304512
999781,0.0063447841
999782,0.0060087317
999783,0.0052185347
999784,0.0064560836
999785,0.0053919572
999786,0.0060812556
999787,0.0066542681
999788,0.011916216
999789,0.017980238
999790,0.0081614777
999791,0.0060704849
999792,0.020806525
999793,0.03606724
999794,0.0061236215
999795,0.0062571806
999796,0.015208525
999797,0.023655791
999798,0.0089937095
999799,0.0061465991
999800,0.0092601106
999801,0.015165441
999802,0.0063304226
999803,0.0088005513
999804,0.0064546475
999805,0.026390165
999806,0.0063354494
999807,0.0060561234
999808,0.0063210879
999809,0.0083388388
999810,0.0062004537
999811,0.014867446
999812,0.0063577089
999813,0.011979406
999814,0.0060546873
999815,0.0060367361
999816,0.017425308
999817,0.022139246
999818,0.0095868278
999819,0.006556612
999820,0.0062701055
999821,0.0060898727
999822,0.01237793
999823,0.012554573
999824,0.014840878
999825,0.011351103
999826,0.0094396258
999827,0.013429889
999828,0.0064711627
999829,0.012272375
999830,0.017980238
999831,0.0061738854
999832,0.0042030667
999833,0.017589614
999834,0.0054565002
999835,0.0063275504
999836,0.0087747015
999837,0.0064632641
999838,0.01302562
999839,0.0063246782
999840,0.011989458
999841,0.010957606
999842,0.0085621551
999843,0.0061480352
999844,0.0056436742
999845,0.0074692671
999846,0.0061695771
999847,0.0051987418
999848,0.0092967311
999849,0.0092981672
999850,0.0065171188
999851,0.006402229
999852,0.0093161194
999853,0.0079661654
999854,0.0013445091
999855,0.0066061579
999856,0.016768692
999857,0.014970128
999858,0.0062528723
999859,0.0086361151
999860,0.0090633612
999861,0.0062478459
999862,0.0075877472
999863,0.010650994
999864,0.012098604
999865,0.0062219957
999866,0.0063785329
999867,0.0065106559
999868,0.0061250576
999869,0.023701746
999870,0.0063174977
999871,0.0060633044
999872,0.0063347314
999873,0.0060209385
999874,0.007034122
999875,0.015609094
999876,0.0058622472
999877,0.031767003
999878,0.0063713524
999879,0.006263643
999880,0.0015738868
999881,0.0080193011
999882,0.0055229589
999883,0.020651424
999884,0.0070736157
999885,0.0065113739
999886,0.01170435
999887,0.011914062
999888,0.011788402
999889,0.00655733
999890,0.0066119027
999891,0.0088895913
999892,0.0019946815
999893,0.0061961454
999894,0.008252671
999895,0.010209386
999896,0.0071044923
999897,0.023721134
999898,0.0061825025
999899,0.0061207493
999900,0.01198156
999901,0.009149529
999902,0.016620319
999903,0.0094927624
999904,0.0082844384
999905,0.0065903608
999906,0.0061918371
999907,0.010305607
999908,0.011827177
999909,0.0064855241
999910,0.0062097884
999911,0.006425207
999912,0.014728142
999913,0.009692383
999914,0.017886892
999915,0.0062535903
999916,0.0059613395
999917,0.0063189338
999918,0.0081966622
999919,0.0043128831
999920,0.0089384187
999921,0.01063017
999922,0.0096751498
999923,0.0063368855
999924,0.0066600125
999925,0.007444853
999926,0.020284496
999927,0.012375776
999928,0.020417336
999929,0.020728257
999930,0.0054851891
999931,0.0064804973
999932,0.0055445558
999933,0.0089369826
999934,0.0053300937
999935,0.0060044234
999936,0.008299225
999937,0.0063139074
999938,0.0062155332
999939,0.0081931921
999940,0.0063246782
999941,0.0081496444
999942,0.0063253962
999943,0.0094848629
999944,0.0061480352
999945,0.029222915
999946,0.0058529126
999947,0.0068395277
999948,0.011328843
999949,0.0062069162
999950,0.0071080825
999951,0.0090863397
999952,0.0061961454
999953,0.0061300839
999954,0.0081564514
999955,0.024010926
999956,0.009501379
999957,0.0091021368
999958,0.01733542
999959,0.012306842
999960,0.0061027976
999961,0.012402344
999962,0.0096404981
999963,0.0061939913
999964,0.033170812
999965,0.020002298
999966,0.0059218463
999967,0.0062385108
999968,0.0062191235
999969,0.0062205596
999970,0.0062385108
999971,0.0084554395
999972,0.0059254365
999973,0.011259191
999974,0.0092629828
999975,0.008825684
999976,0.0062902113
999977,0.0033628447
999978,0.0061932732
999979,0.0090324851
999980,0.0089664236
999981,0.0091883047
999982,0.014402918
999983,0.012039723
999984,0.0090389475
999985,0.011196001
999986,0.0060927449
999987,0.0061063878
999988,0.0063340133
999989,0.0063914577
999990,0.012706083
999991,0.0078699449
999992,0.0060072956
999993,0.0061006434
999994,0.019112621
999995,0.013556625
999996,0.0064345417
999997,0.011840102
999998,0.027825825
999999,0.010779527
