LECROYHDO6104B,11090,Waveform
Segments,1,SegmentSize,3547
Segment,TrigTime,TimeSinceSegment1
#1,04-May-2026 18:29:13,0                 
Time,Ampl
996453,0.0075252759
996454,0.0056899125
996455,0.01074865
996456,0.0061961454
996457,0.012670181
996458,0.0061975815
996459,0.0064359778
996460,0.006439568
996461,0.010549747
996462,0.0061372644
996463,0.011949966
996464,0.017500574
996465,0.010049977
996466,0.0092349779
996467,0.0066004135
996468,0.0097196689
996469,0.0089972997
996470,0.0062751323
996471,0.0069170785
996472,0.014744658
996473,0.0088465074
996474,0.016983045
996475,0.0059713926
996476,0.0062758503
996477,0.0054656984
996478,0.006204044
996479,0.0060783834
996480,0.0058356789
996481,0.0091667622
996482,0.0060546873
996483,0.0087251551
996484,0.013775276
996485,0.012260168
996486,0.011917653
996487,0.0059455424
996488,0.037663717
996489,0.0052520847
996490,0.0060345819
996491,0.015633179
996492,0.0066470876
996493,0.0088493796
996494,0.0062507181
996495,0.0056847101
996496,0.0073156022
996497,0.0063699163
996498,0.018029068
996499,0.0060891546
996500,0.006058278
996501,0.006226304
996502,0.0091947671
996503,0.0063289865
996504,0.0055999937
996505,0.010505947
996506,0.0079790903
996507,0.0066880169
996508,0.0093010394
996509,0.0062334845
996510,0.0085678995
996511,0.0097893206
996512,0.0092895506
996513,0.0071762982
996514,0.0068423999
996515,0.010213695
996516,0.0067124311
996517,0.0074211569
996518,0.0064180261
996519,0.0088350186
996520,0.019749541
996521,0.010519186
996522,0.0065487134
996523,0.0058852253
996524,0.0061724493
996525,0.011752499
996526,0.017876837
996527,0.0088041415
996528,0.0064869602
996529,0.012056957
996530,0.006049661
996531,0.011873133
996532,0.009031767
996533,0.013475127
996534,0.0080006318
996535,0.0060798195
996536,0.0063490923
996537,0.02053869
996538,0.0061351103
996539,0.0090877758
996540,0.0087732654
996541,0.0091839954
996542,0.017313879
996543,0.0089520626
996544,0.0063842773
996545,0.0038728339
996546,0.0062758503
996547,0.0063368855
996548,0.0069163605
996549,0.0061099781
996550,0.012677361
996551,0.0063060089
996552,0.022138771
996553,0.0094360355
996554,0.0062622069
996555,0.0082084043
996556,0.0064941407
996557,0.0071159811
996558,0.0091710705
996559,0.0068423999
996560,0.01474753
996561,0.013789861
996562,0.023528693
996563,0.0083567901
996564,0.0061911191
996565,0.0063304226
996566,0.0061975815
996567,0.0073350128
996568,0.012447582
996569,0.0064144358
996570,0.00641659
996571,0.0065487134
996572,0.0073235007
996573,0.015847599
996574,0.01520278
996575,0.0092945769
996576,0.0059857536
996577,0.0060388902
996578,0.0058335247
996579,0.010850171
996580,0.006153062
996581,0.008826402
996582,0.0073594037
996583,0.0062988279
996584,0.020413747
996585,0.011918371
996586,0.008811322
996587,0.0064266431
996588,0.0054790182
996589,0.0061817844
996590,0.0062586167
996591,0.0082620056
996592,0.0091330139
996593,0.0076128789
996594,0.0064460305
996595,0.0060317097
996596,0.0062449737
996597,0.0065321978
996598,0.0063620172
996599,0.0092529301
996600,0.0065300437
996601,0.0088508856
996602,0.014855239
996603,0.017666446
996604,0.0058235661
996605,0.008650477
996606,0.0094317272
996607,0.01055262
996608,0.012214212
996609,0.0061860927
996610,0.0061006434
996611,0.014244887
996612,0.0091409124
996613,0.0061853747
996614,0.0061372644
996615,0.014865292
996616,0.007056382
996617,0.0033483205
996618,0.0091825593
996619,0.011415728
996620,0.0062061981
996621,0.010398236
996622,0.012063419
996623,0.0089843748
996624,0.0092479037
996625,0.011760398
996626,0.016383272
996627,0.0091760969
996628,0.0095724668
996629,0.014879653
996630,0.0071030562
996631,0.0063770968
996632,0.005342273
996633,0.009662224
996634,0.012466969
996635,0.0089980178
996636,0.0062744142
996637,0.0091567095
996638,0.009662224
996639,0.0090813134
996640,0.020542279
996641,0.0062076342
996642,0.0089104148
996643,0.018808881
996644,0.0059390799
996645,0.014719525
996646,0.0092414403
996647,0.020873304
996648,0.01780216
996649,0.011982996
996650,0.0085064089
996651,0.0052534081
996652,0.023097752
996653,0.009031767
996654,0.0061236215
996655,0.0062514362
996656,0.0061430088
996657,0.0062464098
996658,0.008076746
996659,0.011987304
996660,0.0066262637
996661,0.0064934227
996662,0.0090856217
996663,0.0062593347
996664,0.011903292
996665,0.0064833695
996666,0.0091969213
996667,0.009266573
996668,0.012798714
996669,0.0071217255
996670,0.0062385108
996671,0.0090827495
996672,0.010548311
996673,0.0074520335
996674,0.0093211457
996675,0.012132353
996676,0.011997358
996677,0.013476563
996678,0.0062500001
996679,0.0075949277
996680,0.0064223344
996681,0.0096162688
996682,0.013131369
996683,0.0061379825
996684,0.013268769
996685,0.0049587595
996686,0.012005975
996687,0.010085065
996688,0.0061702952
996689,0.0063598631
996690,0.0061947093
996691,0.0050704819
996692,0.0089613972
996693,0.0060446346
996694,0.0091337319
996695,0.0028509635
996696,0.006571691
996697,0.020196892
996698,0.011392033
996699,0.014992389
996700,0.016842768
996701,0.012120864
996702,0.0059850356
996703,0.0061121322
996704,0.0094870171
996705,0.0060029873
996706,0.0082720593
996707,0.0093225818
996708,0.0078584561
996709,0.011864516
996710,0.011827177
996711,0.0049107494
996712,0.011823587
996713,0.0060453527
996714,0.0089082606
996715,0.011708697
996716,0.0063763787
996717,0.018546071
996718,0.0087215649
996719,0.0060532512
996720,0.0090554627
996721,0.018401023
996722,0.0072624655
996723,0.0088285562
996724,0.0069091795
996725,0.0069400561
996726,0.0064553656
996727,0.0048905467
996728,0.010696978
996729,0.0066205193
996730,0.0063634538
996731,0.0094468063
996732,0.006366326
996733,0.0061444449
996734,0.0074677411
996735,0.011893957
996736,0.0063131894
996737,0.0094410619
996738,0.0065946691
996739,0.011970789
996740,0.015234375
996741,0.0061659869
996742,0.017889611
996743,0.015092199
996744,0.0064812154
996745,0.012043313
996746,0.011908318
996747,0.0066219554
996748,0.0061178766
996749,0.0073479149
996750,0.011730239
996751,0.0024347489
996752,0.006145163
996753,0.005801212
996754,0.0092120003
996755,0.0086770449
996756,0.0081499889
996757,0.0064869602
996758,0.0089118509
996759,0.0065142461
996760,0.006322524
996761,0.038886577
996762,0.0064223344
996763,0.0096737128
996764,0.00568585
996765,0.011308561
996766,0.0057299584
996767,0.011873133
996768,0.014669261
996769,0.0062148152
996770,0.0070506376
996771,0.0028038141
996772,0.0090533085
996773,0.0059726317
996774,0.0064223344
996775,0.0090475641
996776,0.0089649875
996777,0.0092924228
996778,0.0064812154
996779,0.0068783029
996780,0.012112965
996781,0.0063605811
996782,0.010569135
996783,0.0070226332
996784,0.023253676
996785,0.014522059
996786,0.017800005
996787,0.0022032058
996788,0.0094697839
996789,0.0061257756
996790,0.013636763
996791,0.0089319563
996792,0.011871697
996793,0.0062248679
996794,0.01386799
996795,0.0062205596
996796,0.0061925552
996797,0.0060510971
996798,0.0064366958
996799,0.0063289865
996800,0.025413603
996801,0.0090892119
996802,0.015600586
996803,0.0061142864
996804,0.016974954
996805,0.0092048198
996806,0.0071490118
996807,0.015007468
996808,0.0073069851
996809,0.0091121895
996810,0.015507238
996811,0.013039982
996812,0.018152574
996813,0.017911306
996814,0.0090849036
996815,0.011523438
996816,0.0090037631
996817,0.015886374
996818,0.011972225
996819,0.0061422908
996820,0.0090540266
996821,0.0090087894
996822,0.0018428644
996823,0.0063770968
996824,0.0066312901
996825,0.006240665
996826,0.0060755112
996827,0.011848719
996828,0.0067468979
996829,0.0089958636
996830,0.0083058076
996831,0.014871037
996832,0.0059240004
996833,0.0060087317
996834,0.0061106961
996835,0.0077306409
996836,0.014901195
996837,0.012591911
996838,0.0061121322
996839,0.0061343922
996840,0.006108542
996841,0.0062916474
996842,0.016256893
996843,0.00911937
996844,0.0094410619
996845,0.0060733571
996846,0.01262207
996847,0.0063548367
996848,0.0088565601
996849,0.0059168199
996850,0.0061351103
996851,0.015114459
996852,0.0090626432
996853,0.0091725066
996854,0.013638252
996855,0.0064280792
996856,0.018895701
996857,0.008927648
996858,0.0060683307
996859,0.011812816
996860,0.0091107534
996861,0.038879395
996862,0.0061710132
996863,0.014591711
996864,0.006036018
996865,0.011914062
996866,0.0063763787
996867,0.0095516425
996868,0.0090188421
996869,0.021557618
996870,0.0065803081
996871,0.0062557445
996872,0.0092486218
996873,0.017670037
996874,0.0061236215
996875,0.0070233513
996876,0.01064358
996877,0.0063677621
996878,0.0060037053
996879,0.0055156779
996880,0.0062392289
996881,0.01519201
996882,0.0058030421
996883,0.0075827204
996884,0.0060834098
996885,0.012216366
996886,0.0061329561
996887,0.0069845761
996888,0.016610922
996889,0.0061580883
996890,0.0088809747
996891,0.0025440967
996892,0.0066865808
996893,0.0082126148
996894,0.0097354669
996895,0.011000689
996896,0.0058249081
996897,0.0094302911
996898,0.008972886
996899,0.0098252241
996900,0.0094439341
996901,0.013224952
996902,0.0089858109
996903,0.031656422
996904,0.0089621153
996905,0.0067038145
996906,0.026378676
996907,0.0088120401
996908,0.011156509
996909,0.0061638327
996910,0.012328384
996911,0.0060151941
996912,0.011243394
996913,0.0061509078
996914,0.0090303309
996915,0.011926987
996916,0.0068172677
996917,0.0091358861
996918,0.0092629828
996919,0.017980238
996920,0.0060554054
996921,0.0091423485
996922,0.0099329334
996923,0.0093369428
996924,0.0089082606
996925,0.014880371
996926,0.0085118907
996927,0.006307445
996928,0.0063462202
996929,0.0065142461
996930,0.0064941407
996931,0.011784812
996932,0.0088027054
996933,0.0067210477
996934,0.0061580883
996935,0.0098230699
996936,0.0062672333
996937,0.0062614889
996938,0.0079045827
996939,0.0078548659
996940,0.0069063073
996941,0.0088249659
996942,0.014710909
996943,0.0063095991
996944,0.0062808767
996945,0.0061695771
996946,0.0065946691
996947,0.0058280448
996948,0.010803223
996949,0.0088867191
996950,0.012007411
996951,0.0063893036
996952,0.0084917853
996953,0.011087575
996954,0.0064007929
996955,0.023231417
996956,0.0061343922
996957,0.0076746321
996958,0.0088364547
996959,0.0088163484
996960,0.007904307
996961,0.0068151136
996962,0.0091545554
996963,0.0061631147
996964,0.0089965817
996965,0.008751723
996966,0.0062973918
996967,0.016624307
996968,0.011343917
996969,0.0074750115
996970,0.008561437
996971,0.0062643611
996972,0.0063648899
996973,0.0072851018
996974,0.0063857134
996975,0.0059060492
996976,0.0065961052
996977,0.0061272117
996978,0.02451944
996979,0.020387897
996980,0.034919292
996981,0.012890625
996982,0.010425523
996983,0.0076737488
996984,0.0065752813
996985,0.019009992
996986,0.0063993568
996987,0.02600131
996988,0.0061006434
996989,0.0087466966
996990,0.0060984893
996991,0.01788402
996992,0.006571691
996993,0.010509536
996994,0.0073529412
996995,0.009662224
996996,0.0094977887
996997,0.006307445
996998,0.0089563709
996999,0.0059211282
997000,0.013657514
997001,0.0090339212
997002,0.0060051414
997003,0.0054638041
997004,0.0064402861
997005,0.0065415325
997006,0.013130457
997007,0.0061264937
997008,0.0091567095
997009,0.0057703354
997010,0.0083022173
997011,0.0062399469
997012,0.0086389882
997013,0.0076229321
997014,0.020628447
997015,0.0070219152
997016,0.014676441
997017,0.0063964846
997018,0.0064137178
997019,0.011242676
997020,0.0058465763
997021,0.01191478
997022,0.0066779642
997023,0.0065113739
997024,0.013851859
997025,0.0095315371
997026,0.0070807962
997027,0.0060467888
997028,0.0097196689
997029,0.012216366
997030,0.012085679
997031,0.0088378908
997032,0.0060618683
997033,0.014158002
997034,0.0060704849
997035,0.008869485
997036,0.01010814
997037,0.010232916
997038,0.010075827
997039,0.014592429
997040,0.0067899814
997041,0.0060238107
997042,0.009003045
997043,0.0060877181
997044,0.0150326
997045,0.033696726
997046,0.0066255457
997047,0.0060015512
997048,0.0060661766
997049,0.011942067
997050,0.0019354143
997051,0.0096306298
997052,0.010749793
997053,0.021358542
997054,0.0066176471
997055,0.02347053
997056,0.0079467772
997057,0.0061020795
997058,0.0064690085
997059,0.008943446
997060,0.0064094095
997061,0.0096694045
997062,0.0064453124
997063,0.0061221854
997064,0.011429371
997065,0.0082344776
997066,0.0088924635
997067,0.0089384187
997068,0.0089377007
997069,0.0075317384
997070,0.020358456
997071,0.036130603
997072,0.019129137
997073,0.0071116728
997074,0.006571691
997075,0.0089613972
997076,0.0098000923
997077,0.0064051012
997078,0.005597305
997079,0.0090188421
997080,0.011834358
997081,0.012034697
997082,0.01788402
997083,0.0060324278
997084,0.0069372803
997085,0.014935662
997086,0.020728976
997087,0.0062442557
997088,0.01431813
997089,0.0059082033
997090,0.0073191924
997091,0.0062514362
997092,0.0056175929
997093,0.011765424
997094,0.0090612071
997095,0.025637638
997096,0.006402947
997097,0.0062973918
997098,0.010709874
997099,0.0090691065
997100,0.015729118
997101,0.016637659
997102,0.023630658
997103,0.0065544578
997104,0.0094008502
997105,0.0090892119
997106,0.0090389475
997107,0.01202967
997108,0.011982996
997109,0.0052267825
997110,0.0091559915
997111,0.0063426299
997112,0.0061925552
997113,0.0061860927
997114,0.0069027171
997115,0.0064596739
997116,0.0087948069
997117,0.014195583
997118,0.0061157225
997119,0.0089061065
997120,0.0063878675
997121,0.006212661
997122,0.012320485
997123,0.020657169
997124,0.010215457
997125,0.0062909294
997126,0.0076092887
997127,0.011758244
997128,0.016247559
997129,0.0088012693
997130,0.013640963
997131,0.0058249081
997132,0.0092112822
997133,0.0090547446
997134,0.0064101275
997135,0.0080078123
997136,0.011541389
997137,0.0063261143
997138,0.0091129076
997139,0.014878935
997140,0.020316808
997141,0.011999512
997142,0.01446246
997143,0.0063842773
997144,0.012196979
997145,0.014947869
997146,0.0064086914
997147,0.012800868
997148,0.0060546873
997149,0.0089111328
997150,0.033012517
997151,0.014848058
997152,0.0092306696
997153,0.0092608286
997154,0.0062772864
997155,0.0092601106
997156,0.0097426474
997157,0.0068476866
997158,0.0064955768
997159,0.0063189338
997160,0.017808622
997161,0.0089635514
997162,0.0087840362
997163,0.0088235298
997164,0.011719468
997165,0.006725356
997166,0.0076085706
997167,0.012695313
997168,0.011931296
997169,0.0061013615
997170,0.0091753788
997171,0.0061099781
997172,0.0089937095
997173,0.011831486
997174,0.0066865808
997175,0.0065659466
997176,0.012045467
997177,0.01260771
997178,0.0053333896
997179,0.0060245288
997180,0.005991498
997181,0.015418199
997182,0.014797794
997183,0.01114861
997184,0.012138816
997185,0.0059613395
997186,0.0059627756
997187,0.0023215925
997188,0.0078677908
997189,0.0061272117
997190,0.009544462
997191,0.0086971503
997192,0.014720243
997193,0.0090798773
997194,0.0089671416
997195,0.0088960538
997196,0.008082117
997197,0.0066291359
997198,0.0065429686
997199,0.0064797793
997200,0.0075985179
997201,0.0062866211
997202,0.0089341104
997203,0.0094396258
997204,0.01325645
997205,0.0061925552
997206,0.014511288
997207,0.0052661551
997208,0.011467429
997209,0.011730239
997210,0.0092802159
997211,0.0075482535
997212,0.0089269299
997213,0.012082807
997214,0.014855239
997215,0.0058766087
997216,0.0059678024
997217,0.0054742941
997218,0.0095286649
997219,0.013910209
997220,0.015981158
997221,0.012063419
997222,0.006094181
997223,0.0062959557
997224,0.021117548
997225,0.011806353
997226,0.010689051
997227,0.0084130876
997228,0.0090202782
997229,0.011896829
997230,0.0062500001
997231,0.0061659869
997232,0.011926269
997233,0.0060855639
997234,0.0089498945
997235,0.0065257354
997236,0.0090288948
997237,0.0090087894
997238,0.010034179
997239,0.0065860525
997240,0.0061975815
997241,0.0064309514
997242,0.011979406
997243,0.0063210879
997244,0.012190516
997245,0.014878935
997246,0.012082089
997247,0.0093721282
997248,0.0094202375
997249,0.0086957142
997250,0.0025287988
997251,0.0088967718
997252,0.0060510971
997253,0.0061171586
997254,0.0061817844
997255,0.010713466
997256,0.0060898727
997257,0.008840045
997258,0.00646111
997259,0.0091107534
997260,0.0061185947
997261,0.017538631
997262,0.0090741329
997263,0.010493021
997264,0.010318532
997265,0.0093010394
997266,0.014820772
997267,0.0062514362
997268,0.0060546873
997269,0.01741728
997270,0.013430607
997271,0.0066779642
997272,0.0088752294
997273,0.0063275504
997274,0.0069443649
997275,0.0062140971
997276,0.014380601
997277,0.0069630342
997278,0.0081492709
997279,0.0083503276
997280,0.0061272117
997281,0.010955451
997282,0.020369945
997283,0.0062729781
997284,0.0061279298
997285,0.0085248165
997286,0.0090432558
997287,0.014834415
997288,0.0063878675
997289,0.011828613
997290,0.0066557042
997291,0.012938735
997292,0.0065178368
997293,0.013885125
997294,0.0053380798
997295,0.015077838
997296,0.014592429
997297,0.0063526826
997298,0.0099883713
997299,0.006343348
997300,0.0054973555
997301,0.0082885744
997302,0.024672829
997303,0.014112571
997304,0.0063878675
997305,0.004983746
997306,0.01470301
997307,0.0030728835
997308,0.0092048198
997309,0.012179027
997310,0.01507712
997311,0.0090411017
997312,0.0081793303
997313,0.0077916677
997314,0.0061925552
997315,0.014819336
997316,0.010253906
997317,0.0081916358
997318,0.0097577265
997319,0.0092098461
997320,0.010514562
997321,0.01647106
997322,0.0069515454
997323,0.011661305
997324,0.0094353175
997325,0.0061954274
997326,0.0066636028
997327,0.011978688
997328,0.0067361272
997329,0.012090705
997330,0.0061580883
997331,0.0072176377
997332,0.0061982996
997333,0.0059864717
997334,0.0054935841
997335,0.012194824
997336,0.012027516
997337,0.0068129594
997338,0.010368796
997339,0.006271542
997340,0.010701976
997341,0.0066535501
997342,0.0063024187
997343,0.015729118
997344,0.032301959
997345,0.0078290151
997346,0.0091595817
997347,0.006227022
997348,0.0063699163
997349,0.0011484788
997350,0.011144086
997351,0.0052473554
997352,0.012227137
997353,0.0092845242
997354,0.0089664236
997355,0.0089563709
997356,0.0026575513
997357,0.017589614
997358,0.0061501898
997359,0.0050690598
997360,0.021139706
997361,0.011971507
997362,0.0061501898
997363,0.011776913
997364,0.005426351
997365,0.0068689683
997366,0.008986529
997367,0.0062657972
997368,0.0091789691
997369,0.0092751896
997370,0.014785587
997371,0.014759019
997372,0.017520681
997373,0.011173644
997374,0.017665729
997375,0.011784812
997376,0.0092026656
997377,0.0063462202
997378,0.0066269818
997379,0.00830233
997380,0.0061954274
997381,0.0091567095
997382,0.0063139074
997383,0.0062744142
997384,0.0062600528
997385,0.018407485
997386,0.012138098
997387,0.0061430088
997388,0.0044422206
997389,0.0117446
997390,0.0061825025
997391,0.0060963351
997392,0.011877442
997393,0.0093570482
997394,0.006094899
997395,0.0061695771
997396,0.0061760396
997397,0.0090726968
997398,0.006321806
997399,0.0068467082
997400,0.026700368
997401,0.0064115636
997402,0.020642091
997403,0.0072703641
997404,0.0068136775
997405,0.0099903783
997406,0.017845962
997407,0.0063598631
997408,0.0091954852
997409,0.0066449335
997410,0.0061738854
997411,0.0023927109
997412,0.0064266431
997413,0.0059749829
997414,0.0062729781
997415,0.0066291359
997416,0.0071762982
997417,0.0061588064
997418,0.012097886
997419,0.0061480352
997420,0.0067224838
997421,0.0061444449
997422,0.011401367
997423,0.0091918949
997424,0.0070398669
997425,0.010980107
997426,0.0060317097
997427,0.0097103342
997428,0.017601103
997429,0.0063569909
997430,0.0062370747
997431,0.0063835592
997432,0.0063146255
997433,0.0092486218
997434,0.0061746035
997435,0.0090942383
997436,0.020473346
997437,0.0061911191
997438,0.0091689164
997439,0.014027175
997440,0.0061465991
997441,0.0067670038
997442,0.011891085
997443,0.0060668946
997444,0.0057236617
997445,0.008869485
997446,0.01408835
997447,0.011822151
997448,0.010049977
997449,0.0082610687
997450,0.0062736962
997451,0.0062076342
997452,0.0090619251
997453,0.0062413835
997454,0.006058278
997455,0.010352999
997456,0.016360294
997457,0.0067720301
997458,0.007481474
997459,0.010177074
997460,0.0060001151
997461,0.0076631433
997462,0.0063928938
997463,0.0092859603
997464,0.014701574
997465,0.020243566
997466,0.0097103342
997467,0.0059864717
997468,0.0089039523
997469,0.0063131894
997470,0.0058672735
997471,0.006322524
997472,0.010416188
997473,0.0061250576
997474,0.015045526
997475,0.012480298
997476,0.011346077
997477,0.01662511
997478,0.0091035729
997479,0.026434686
997480,0.039182417
997481,0.0094051585
997482,0.012137379
997483,0.01484016
997484,0.00641659
997485,0.0062729781
997486,0.038166359
997487,0.0077349492
997488,0.0086616967
997489,0.0064338236
997490,0.0063670441
997491,0.0055184118
997492,0.009280934
997493,0.0088491319
997494,0.0066090305
997495,0.020387178
997496,0.012858562
997497,0.011708697
997498,0.0062399469
997499,0.011939129
997500,0.0064812154
997501,0.0061322381
997502,0.0063103172
997503,0.0060259649
997504,0.011769732
997505,0.0064912685
997506,0.017554428
997507,0.014950023
997508,0.012206313
997509,0.005991498
997510,0.018159755
997511,0.032495949
997512,0.020762006
997513,0.010070801
997514,0.0063735065
997515,0.0061142864
997516,0.008501363
997517,0.0177282
997518,0.011952838
997519,0.0061236215
997520,0.020833813
997521,0.0070312498
997522,0.0060029873
997523,0.0063950485
997524,0.012043313
997525,0.0057767979
997526,0.009090648
997527,0.0094360355
997528,0.011625402
997529,0.0095401537
997530,0.0060568415
997531,0.0061185947
997532,0.0061264937
997533,0.015088608
997534,0.0060317097
997535,0.011055611
997536,0.0091646081
997537,0.014402143
997538,0.0080544865
997539,0.0062313303
997540,0.01198156
997541,0.0053833816
997542,0.022486787
997543,0.0092751896
997544,0.012041877
997545,0.012058393
997546,0.014460306
997547,0.0061853747
997548,0.0061157225
997549,0.009105009
997550,0.01563218
997551,0.0064129997
997552,0.015065631
997553,0.0060905907
997554,0.0063304226
997555,0.0061552161
997556,0.0063814051
997557,0.0060022692
997558,0.0066844267
997559,0.0060202205
997560,0.0064970129
997561,0.0064596739
997562,0.0090130977
997563,0.0062083523
997564,0.0061853747
997565,0.0061322381
997566,0.02066076
997567,0.0091861505
997568,0.0165799
997569,0.0064589558
997570,0.0090805953
997571,0.015085018
997572,0.01323247
997573,0.0084673716
997574,0.0072875977
997575,0.0079525216
997576,0.0088522518
997577,0.0061236215
997578,0.0065558939
997579,0.0063605811
997580,0.0063943304
997581,0.0066291359
997582,0.0079970416
997583,0.0059311809
997584,0.018411776
997585,0.0090554627
997586,0.0088536879
997587,0.0060798195
997588,0.0053939093
997589,0.017543659
997590,0.0059232824
997591,0.0063024187
997592,0.0098489197
997593,0.0065099378
997594,0.0063368855
997595,0.014649156
997596,0.0061465991
997597,0.0014127152
997598,0.0062320484
997599,0.0052734376
997600,0.0062578986
997601,0.00564649
997602,0.0063928938
997603,0.0060087317
997604,0.0079956399
997605,0.026445456
997606,0.0028340276
997607,0.0060891546
997608,0.0070513557
997609,0.0059347712
997610,0.012005975
997611,0.0099530388
997612,0.0064697266
997613,0.0090274587
997614,0.0091940491
997615,0.0060604322
997616,0.0059304629
997617,0.0089204675
997618,0.0084693935
997619,0.0059527229
997620,0.0074218749
997621,0.010049977
997622,0.006299546
997623,0.014836569
997624,0.0063411938
997625,0.0069055893
997626,0.006380687
997627,0.0090540266
997628,0.011795582
997629,0.0085743619
997630,0.018583409
997631,0.0061997357
997632,0.005786851
997633,0.0064510568
997634,0.0061027976
997635,0.0092558023
997636,0.01758028
997637,0.0062657972
997638,0.011937041
997639,0.017486213
997640,0.0059857536
997641,0.0094898893
997642,0.020356301
997643,0.0062392289
997644,0.009237132
997645,0.0091918949
997646,0.0065996954
997647,0.010861386
997648,0.0068747126
997649,0.011784093
997650,0.01214456
997651,0.011822151
997652,0.0064840876
997653,0.0093075018
997654,0.0091222422
997655,0.00613152
997656,0.0063950485
997657,0.01202249
997658,0.0065228632
997659,0.0094439341
997660,0.012337718
997661,0.0061516259
997662,0.012413114
997663,0.0063131894
997664,0.014918428
997665,0.0095897
997666,0.011818561
997667,0.0062873391
997668,0.0062614889
997669,0.0095703127
997670,0.0074793198
997671,0.0060381722
997672,0.0091818413
997673,0.0084693301
997674,0.0066966335
997675,0.011893239
997676,0.020616958
997677,0.017658548
997678,0.0066032857
997679,0.0063770968
997680,0.0088529699
997681,0.014776252
997682,0.0062069162
997683,0.011849437
997684,0.014433968
997685,0.0065487134
997686,0.024060059
997687,0.0070549459
997688,0.0092715994
997689,0.012005975
997690,0.0065623564
997691,0.0085743619
997692,0.012110811
997693,0.0052267336
997694,0.0061602425
997695,0.0061465991
997696,0.0095861098
997697,0.014494054
997698,0.0056525888
997699,0.009046128
997700,0.0062722601
997701,0.020564539
997702,0.01519201
997703,0.00869356
997704,0.0060331458
997705,0.0061178766
997706,0.0062334845
997707,0.006262925
997708,0.0067325369
997709,0.0068840478
997710,0.006921865
997711,0.01512164
997712,0.0062061981
997713,0.0064280792
997714,0.005873736
997715,0.006204044
997716,0.014578786
997717,0.017682962
997718,0.014827953
997719,0.0055253371
997720,0.012298224
997721,0.006366326
997722,0.016010033
997723,0.02089054
997724,0.0071885055
997725,0.023157457
997726,0.0091753788
997727,0.015917968
997728,0.0062191235
997729,0.018232996
997730,0.0094898893
997731,0.0073830998
997732,0.025791816
997733,0.019389074
997734,0.0061738854
997735,0.011834358
997736,0.0064589558
997737,0.0063534006
997738,0.012788661
997739,0.0052700229
997740,0.022082519
997741,0.014820772
997742,0.010757267
997743,0.011818561
997744,0.011638328
997745,0.0063498104
997746,0.0084659355
997747,0.0069637522
997748,0.0053050816
997749,0.0088493796
997750,0.0088465074
997751,0.009059771
997752,0.0266221
997753,0.0063103172
997754,0.0062327664
997755,0.0054612076
997756,0.0089039523
997757,0.0088723572
997758,0.014898323
997759,0.012082089
997760,0.0061236215
997761,0.0058790869
997762,0.0091681983
997763,0.0065286076
997764,0.010430456
997765,0.011972225
997766,0.0063699163
997767,0.0084300321
997768,0.014881807
997769,0.0061832205
997770,0.006307445
997771,0.0063763787
997772,0.013131893
997773,0.0061853747
997774,0.008157528
997775,0.0061487532
997776,0.0061150044
997777,0.0065329159
997778,0.0081341909
997779,0.0071274703
997780,0.01432894
997781,0.0057495791
997782,0.0062112249
997783,0.02657399
997784,0.0061588064
997785,0.01753217
997786,0.011256319
997787,0.0059376438
997788,0.0061358283
997789,0.011730239
997790,0.006424489
997791,0.0032359876
997792,0.01159668
997793,0.015688907
997794,0.0066822725
997795,0.0092141544
997796,0.0092263613
997797,0.0067856731
997798,0.020527201
997799,0.0094001321
997800,0.0063864314
997801,0.014832261
997802,0.0032684074
997803,0.010651712
997804,0.0092163086
997805,0.014981617
997806,0.0088766655
997807,0.0061975815
997808,0.0062614889
997809,0.0064919866
997810,0.0088709211
997811,0.0096758679
997812,0.01949653
997813,0.0071131089
997814,0.019875666
997815,0.0060467888
997816,0.0028044905
997817,0.016553452
997818,0.011758962
997819,0.0065846164
997820,0.0077837775
997821,0.0091466568
997822,0.0063390397
997823,0.0070852558
997824,0.0059706746
997825,0.013373162
997826,0.0059886258
997827,0.0059800092
997828,0.0098000923
997829,0.023260253
997830,0.0066470876
997831,0.0068014706
997832,0.0061372644
997833,0.0089858109
997834,0.012389419
997835,0.0091007007
997836,0.0060173483
997837,0.0095818015
997838,0.0063110352
997839,0.0090375114
997840,0.0063010948
997841,0.0072409236
997842,0.0018800708
997843,0.0068301931
997844,0.0061444449
997845,0.0094604176
997846,0.0092996033
997847,0.0062729781
997848,0.01159668
997849,0.006204762
997850,0.0060891546
997851,0.0091007007
997852,0.013325051
997853,0.011906882
997854,0.0061580883
997855,0.0061358283
997856,0.014726706
997857,0.0065041934
997858,0.0057433429
997859,0.0061659869
997860,0.0063512465
997861,0.012365723
997862,0.0090849036
997863,0.0062622069
997864,0.011772605
997865,0.029330062
997866,0.010871345
997867,0.0066485237
997868,0.0077457204
997869,0.0063792509
997870,0.0097196689
997871,0.012190516
997872,0.0062471279
997873,0.026258042
997874,0.0061487532
997875,0.009265855
997876,0.0061595244
997877,0.0065044262
997878,0.0082663847
997879,0.0093441233
997880,0.0083108339
997881,0.0090698246
997882,0.012201287
997883,0.01202967
997884,0.01226663
997885,0.0062298942
997886,0.026206343
997887,0.0090504363
997888,0.0062772864
997889,0.0018378721
997890,0.016160792
997891,0.012839642
997892,0.0090145338
997893,0.025823615
997894,0.0064352597
997895,0.0093469955
997896,0.0090791592
997897,0.0062564625
997898,0.0054711499
997899,0.012028952
997900,0.0055951602
997901,0.010263959
997902,0.01495864
997903,0.0091107534
997904,0.0058787628
997905,0.0090389475
997906,0.0091380402
997907,0.011947812
997908,0.0087445425
997909,0.011327407
997910,0.0091911769
997911,0.0090490002
997912,0.0060640224
997913,0.0057286862
997914,0.015992647
997915,0.0050548012
997916,0.0069996552
997917,0.0060791015
997918,0.005384888
997919,0.0095265107
997920,0.0092033837
997921,0.0060992073
997922,0.0061063878
997923,0.031588208
997924,0.0080611035
997925,0.0064043831
997926,0.0062686694
997927,0.014677878
997928,0.0059613395
997929,0.0062054801
997930,0.0091085993
997931,0.006733973
997932,0.016346768
997933,0.0091538373
997934,0.0062277401
997935,0.0088816928
997936,0.0089915553
997937,0.0064129997
997938,0.0091545554
997939,0.0061422908
997940,0.0064747529
997941,0.0018050751
997942,0.0062514362
997943,0.0068984088
997944,0.013915201
997945,0.0014865033
997946,0.0054644528
997947,0.0090992646
997948,0.0062744142
997949,0.0067153033
997950,0.0064876783
997951,0.0063828412
997952,0.0063749426
997953,0.0062191235
997954,0.0064467485
997955,0.011967199
997956,0.0092945769
997957,0.006167423
997958,0.0059283087
997959,0.0040566255
997960,0.0063095991
997961,0.0067145852
997962,0.0060712029
997963,0.0089915553
997964,0.006343348
997965,0.01808005
997966,0.006519991
997967,0.0062155332
997968,0.0061667049
997969,0.0091394763
997970,0.010979866
997971,0.01063296
997972,0.0087617766
997973,0.0064812154
997974,0.01198156
997975,0.0063900216
997976,0.014586684
997977,0.018411793
997978,0.0055908826
997979,0.0076990463
997980,0.012568934
997981,0.0066535501
997982,0.012087115
997983,0.001967791
997984,0.017647777
997985,0.035345681
997986,0.006240665
997987,0.0064094095
997988,0.0089965817
997989,0.010424179
997990,0.0088457894
997991,0.009457577
997992,0.0084156711
997993,0.010984892
997994,0.0063577089
997995,0.0070226332
997996,0.010888672
997997,0.011201747
997998,0.011924115
997999,0.008329195
998000,0.0090877758
998001,0.0090130977
998002,0.0091337319
998003,0.0095422287
998004,0.0061846566
998005,0.0062844669
998006,0.006402229
998007,0.0060072956
998008,0.0061121322
998009,0.0070578181
998010,0.0060611502
998011,0.014731732
998012,0.0091172159
998013,0.0058127008
998014,0.012408088
998015,0.013441815
998016,0.0068129594
998017,0.008884565
998018,0.0075367647
998019,0.0062751323
998020,0.015975008
998021,0.01830193
998022,0.01742805
998023,0.0061071059
998024,0.013881548
998025,0.0061322381
998026,0.0060116039
998027,0.0070886947
998028,0.0063095991
998029,0.0061659869
998030,0.009955911
998031,0.0063354494
998032,0.0089671416
998033,0.0061695771
998034,0.0088120401
998035,0.010826197
998036,0.0042440845
998037,0.0062966738
998038,0.0089736041
998039,0.0062801586
998040,0.0064474666
998041,0.010673254
998042,0.0065034754
998043,0.0087294634
998044,0.017876837
998045,0.014960076
998046,0.0063311406
998047,0.032304112
998048,0.0081980983
998049,0.0066176471
998050,0.012120864
998051,0.011733111
998052,0.0089333924
998053,0.019177889
998054,0.0058981501
998055,0.0090360753
998056,0.005523779
998057,0.0087603405
998058,0.0059211282
998059,0.0062550264
998060,0.006108542
998061,0.011462403
998062,0.017555147
998063,0.0062894933
998064,0.009003045
998065,0.0099200085
998066,0.017630544
998067,0.0062787225
998068,0.0092565203
998069,0.02348561
998070,0.0063232421
998071,0.02776956
998072,0.0059685204
998073,0.0090274587
998074,0.0063921758
998075,0.0069917566
998076,0.0064051012
998077,0.0056978115
998078,0.0063641719
998079,0.011260072
998080,0.0065242993
998081,0.0079015391
998082,0.012991154
998083,0.0062973918
998084,0.0054674535
998085,0.011960736
998086,0.0061982996
998087,0.006534352
998088,0.017849552
998089,0.029418945
998090,0.0070673437
998091,0.0081571694
998092,0.0063627353
998093,0.022966452
998094,0.0065637925
998095,0.0092558023
998096,0.014718807
998097,0.0063038548
998098,0.0051852376
998099,0.0067792106
998100,0.0081377812
998101,0.013142664
998102,0.012425322
998103,0.006300264
998104,0.009721823
998105,0.0030876466
998106,0.009104291
998107,0.00599078
998108,0.0089319563
998109,0.0089039523
998110,0.0063189338
998111,0.0065278895
998112,0.0089613972
998113,0.0087883445
998114,0.0089175953
998115,0.0060202205
998116,0.0060855639
998117,0.0073737651
998118,0.0058299345
998119,0.0063024187
998120,0.0064058192
998121,0.0062392289
998122,0.011847283
998123,0.012102194
998124,0.014826517
998125,0.0060001151
998126,0.0065953871
998127,0.0068373736
998128,0.0053423196
998129,0.012522978
998130,0.014866728
998131,0.024024874
998132,0.0069896025
998133,0.0090640802
998134,0.013061523
998135,0.0088974899
998136,0.011623966
998137,0.0098862592
998138,0.0059168199
998139,0.0088723572
998140,0.0063627353
998141,0.0056274412
998142,0.0090375114
998143,0.010043515
998144,0.01495864
998145,0.0070700254
998146,0.013350184
998147,0.0064072553
998148,0.010348972
998149,0.0061925552
998150,0.011712288
998151,0.011475327
998152,0.0061753215
998153,0.006425207
998154,0.0091143437
998155,0.0062421015
998156,0.0077730068
998157,0.0075058881
998158,0.0080406498
998159,0.0090087894
998160,0.0062421015
998161,0.0060317097
998162,0.0069868863
998163,0.01048225
998164,0.0056310319
998165,0.023575367
998166,0.0092041017
998167,0.0096665323
998168,0.006520709
998169,0.0061925552
998170,0.0052154087
998171,0.01210004
998172,0.0062844669
998173,0.0060805376
998174,0.011810662
998175,0.014453125
998176,0.012559599
998177,0.0063936124
998178,0.008458755
998179,0.0067052506
998180,0.0038349768
998181,0.014636949
998182,0.0064338236
998183,0.027555101
998184,0.0088536879
998185,0.008363896
998186,0.0087323356
998187,0.0080955783
998188,0.0060417624
998189,0.0064453124
998190,0.0091969213
998191,0.011583037
998192,0.0088134762
998193,0.0061336742
998194,0.011664895
998195,0.020852482
998196,0.016554423
998197,0.0063648899
998198,0.016834931
998199,0.0089305202
998200,0.0071461396
998201,0.0091868686
998202,0.0091452207
998203,0.0092486218
998204,0.0062054801
998205,0.0068021887
998206,0.017639879
998207,0.0018845205
998208,0.0075891833
998209,0.017231302
998210,0.0060654585
998211,0.0065645105
998212,0.012127327
998213,0.012431785
998214,0.014751839
998215,0.0088974899
998216,0.006299546
998217,0.0061990176
998218,0.03147978
998219,0.0062248679
998220,0.038924631
998221,0.0095825195
998222,0.0063878675
998223,0.0061379825
998224,0.006519991
998225,0.0062385108
998226,0.0062981099
998227,0.0089412909
998228,0.020553768
998229,0.02313376
998230,0.025376607
998231,0.0077141258
998232,0.0068359375
998233,0.0062155332
998234,0.0019995228
998235,0.0016554227
998236,0.0062930835
998237,0.010924458
998238,0.011997358
998239,0.012534467
998240,0.0065142461
998241,0.016797926
998242,0.0060245288
998243,0.015339212
998244,0.011675666
998245,0.018947467
998246,0.0063763787
998247,0.006300264
998248,0.0060259649
998249,0.015135283
998250,0.0090353573
998251,0.027903862
998252,0.018177705
998253,0.011740512
998254,0.0062464098
998255,0.0064453124
998256,0.01462546
998257,0.016224518
998258,0.025129251
998259,0.0016406127
998260,0.009281652
998261,0.0060554054
998262,0.0091552734
998263,0.012028952
998264,0.017637005
998265,0.0091825593
998266,0.0060970532
998267,0.011822869
998268,0.0064309514
998269,0.01183364
998270,0.012087115
998271,0.0083007813
998272,0.0091258334
998273,0.0090051992
998274,0.0084031457
998275,0.012278119
998276,0.008928366
998277,0.0064273612
998278,0.009501379
998279,0.0078936405
998280,0.0062327664
998281,0.0091545554
998282,0.015097943
998283,0.0063964846
998284,0.0020001356
998285,0.0063828412
998286,0.0060546873
998287,0.0060410444
998288,0.0064553656
998289,0.014981617
998290,0.0064366958
998291,0.0071698357
998292,0.0060317097
998293,0.0063318587
998294,0.01458094
998295,0.002027076
998296,0.012119428
998297,0.014803539
998298,0.0066176471
998299,0.016704248
998300,0.0063110352
998301,0.0079523241
998302,0.0061544981
998303,0.0056418027
998304,0.0065070656
998305,0.0063770968
998306,0.014789177
998307,0.023770681
998308,0.015096507
998309,0.018905101
998310,0.015208525
998311,0.010241699
998312,0.0063749426
998313,0.0066729379
998314,0.0062643611
998315,0.028118938
998316,0.012031106
998317,0.0084860409
998318,0.013131893
998319,0.015062041
998320,0.0063694622
998321,0.0096162688
998322,0.0058119828
998323,0.008928366
998324,0.0063139074
998325,0.0091502471
998326,0.012012437
998327,0.012179027
998328,0.005977137
998329,0.009310375
998330,0.011367872
998331,0.008003898
998332,0.0060819737
998333,0.016832072
998334,0.0060094497
998335,0.013227396
998336,0.0064223344
998337,0.012179526
998338,0.0059713926
998339,0.013915298
998340,0.012169692
998341,0.0055667837
998342,0.011663459
998343,0.0090095075
998344,0.0093333526
998345,0.0062298942
998346,0.0069048712
998347,0.0062930835
998348,0.0062385108
998349,0.010868068
998350,0.00613152
998351,0.020364201
998352,0.0087050498
998353,0.0063246782
998354,0.015543141
998355,0.0035818275
998356,0.014924173
998357,0.012159639
998358,0.0088371728
998359,0.0090195602
998360,0.011685719
998361,0.022278484
998362,0.009003045
998363,0.006168141
998364,0.0091617359
998365,0.0080799069
998366,0.0058733849
998367,0.012143842
998368,0.0093003213
998369,0.0051988848
998370,0.0061415727
998371,0.0088285562
998372,0.005977137
998373,0.0063691982
998374,0.02064568
998375,0.0062571806
998376,0.0085370233
998377,0.0092256432
998378,0.0061465991
998379,0.015171186
998380,0.012180463
998381,0.026585478
998382,0.0087883445
998383,0.0015264337
998384,0.0092105642
998385,0.013442095
998386,0.020396514
998387,0.01472886
998388,0.010504509
998389,0.012842515
998390,0.011753217
998391,0.013446836
998392,0.0073694563
998393,0.0011630893
998394,0.014333927
998395,0.0096392464
998396,0.022497119
998397,0.0088737933
998398,0.0060597141
998399,0.01484375
998400,0.0066348803
998401,0.017616183
998402,0.014619716
998403,0.0061236215
998404,0.0091559915
998405,0.0060259649
998406,0.0060819737
998407,0.0061889649
998408,0.01191119
998409,0.0058859433
998410,0.0060044234
998411,0.0060625863
998412,0.0066327262
998413,0.0089326743
998414,0.012345617
998415,0.0061300839
998416,0.022287168
998417,0.0097541362
998418,0.010462143
998419,0.0062808767
998420,0.0064051012
998421,0.010480814
998422,0.014820054
998423,0.011053308
998424,0.0064568017
998425,0.0062801586
998426,0.0062657972
998427,0.008517636
998428,0.02240815
998429,0.0090647982
998430,0.0086188819
998431,0.014815028
998432,0.017480435
998433,0.0072538489
998434,0.014974437
998435,0.0088931816
998436,0.0088938996
998437,0.0061473171
998438,0.0088486616
998439,0.0062844669
998440,0.009838149
998441,0.0063146255
998442,0.023783183
998443,0.0064927046
998444,0.0065602022
998445,0.0092924228
998446,0.009237132
998447,0.016608786
998448,0.0077967024
998449,0.0059060492
998450,0.0055635339
998451,0.0060597141
998452,0.0091832774
998453,0.0062693874
998454,0.0063763787
998455,0.006285903
998456,0.0063268323
998457,0.011979406
998458,0.0061710132
998459,0.0061063878
998460,0.0049698544
998461,0.0062844669
998462,0.014996697
998463,0.0089506265
998464,0.010316378
998465,0.0091545554
998466,0.0058608111
998467,0.03315717
998468,0.0061982996
998469,0.0089965817
998470,0.0060798195
998471,0.0063124713
998472,0.0095143039
998473,0.015126666
998474,0.0096593518
998475,0.0094475243
998476,0.0061846566
998477,0.0061695771
998478,0.0062205596
998479,0.0061868108
998480,0.0089175953
998481,0.0061078239
998482,0.0091552734
998483,0.020703126
998484,0.0061300839
998485,0.0071324967
998486,0.011671358
998487,0.0061559342
998488,0.0058945599
998489,0.014602481
998490,0.0065041934
998491,0.0084784459
998492,0.0064338236
998493,0.0097469557
998494,0.0060159122
998495,0.010139734
998496,0.0093635106
998497,0.0064187441
998498,0.0063203699
998499,0.0061839386
998500,0.014579504
998501,0.0061465991
998502,0.023292452
998503,0.010584932
998504,0.0060654585
998505,0.0093003213
998506,0.0067002242
998507,0.0060625863
998508,0.0079325372
998509,0.0085197901
998510,0.0089951456
998511,0.0081004426
998512,0.0060094497
998513,0.0081966622
998514,0.0059103575
998515,0.0060367361
998516,0.011775477
998517,0.0064481846
998518,0.011719468
998519,0.0079963235
998520,0.0061544981
998521,0.015028291
998522,0.014771226
998523,0.0086062774
998524,0.0089527806
998525,0.0089039523
998526,0.0061588064
998527,0.007754337
998528,0.0061214673
998529,0.0086677102
998530,0.011534926
998531,0.0061501898
998532,0.0095437439
998533,0.0092184627
998534,0.015093635
998535,0.012021772
998536,0.0059512868
998537,0.0061408547
998538,0.0060668946
998539,0.0059792912
998540,0.005991498
998541,0.0064259251
998542,0.0064467485
998543,0.006285185
998544,0.0065659466
998545,0.0066320081
998546,0.012245807
998547,0.012055521
998548,0.020423081
998549,0.0089570889
998550,0.0087007415
998551,0.0092629828
998552,0.014756865
998553,0.0066636028
998554,0.0065838983
998555,0.013888431
998556,0.0061264937
998557,0.0067605413
998558,0.0063943304
998559,0.0022568994
998560,0.0060734604
998561,0.017807905
998562,0.0035725462
998563,0.0088608684
998564,0.0065293256
998565,0.023427447
998566,0.01451057
998567,0.0073112939
998568,0.014590993
998569,0.0061365464
998570,0.0064359778
998571,0.0092041017
998572,0.024551213
998573,0.0062435376
998574,0.0061825025
998575,0.0068323473
998576,0.012328384
998577,0.0062938016
998578,0.0064402861
998579,0.0087646488
998580,0.024732167
998581,0.0015073684
998582,0.014993107
998583,0.0049095345
998584,0.001813449
998585,0.0089915553
998586,0.0093276082
998587,0.026293945
998588,0.0096406825
998589,0.0091093173
998590,0.019687636
998591,0.0085628731
998592,0.0062880572
998593,0.011963609
998594,0.015252327
998595,0.026740579
998596,0.006498449
998597,0.0067210477
998598,0.021961169
998599,0.012293916
998600,0.0060144761
998601,0.011660587
998602,0.0099106729
998603,0.0061071059
998604,0.0090877758
998605,0.0071389591
998606,0.007151884
998607,0.0098130172
998608,0.015971823
998609,0.018134622
998610,0.006226304
998611,0.0063670441
998612,0.0060180663
998613,0.0079367245
998614,0.0062090703
998615,0.0091459388
998616,0.0089958636
998617,0.0060898727
998618,0.0064718807
998619,0.023061236
998620,0.0090490002
998621,0.0064122817
998622,0.006050379
998623,0.019029938
998624,0.0093958238
998625,0.0061875288
998626,0.0060654585
998627,0.0032110226
998628,0.0063376036
998629,0.0092945769
998630,0.014717371
998631,0.007826861
998632,0.006307445
998633,0.0063189338
998634,0.012160357
998635,0.0053245118
998636,0.0088816928
998637,0.0053720651
998638,0.015633617
998639,0.0087567493
998640,0.0070054
998641,0.0063735065
998642,0.016391888
998643,0.0060824938
998644,0.012089922
998645,0.026340619
998646,0.021024281
998647,0.0083406465
998648,0.0062083523
998649,0.012826717
998650,0.012234317
998651,0.0067720301
998652,0.0098462105
998653,0.0054365015
998654,0.010622726
998655,0.0079388786
998656,0.0061954274
998657,0.037227135
998658,0.005859375
998659,0.0059857536
998660,0.0091071632
998661,0.012260389
998662,0.014727424
998663,0.0079360064
998664,0.0062873391
998665,0.0065975413
998666,0.010893112
998667,0.0093706921
998668,0.0061925552
998669,0.009075569
998670,0.008884565
998671,0.012264476
998672,0.017620074
998673,0.0060431985
998674,0.0072847256
998675,0.0072143553
998676,0.009339097
998677,0.009177533
998678,0.0065185549
998679,0.006307445
998680,0.0062981099
998681,0.0092055378
998682,0.012253705
998683,0.0056561558
998684,0.012155331
998685,0.0062772864
998686,0.038798254
998687,0.0064065373
998688,0.005895278
998689,0.01290714
998690,0.0066406252
998691,0.0066980696
998692,0.011952838
998693,0.013041418
998694,0.008121266
998695,0.031881895
998696,0.0060618683
998697,0.009076287
998698,0.0060956171
998699,0.0061580883
998700,0.0064302334
998701,0.0061746035
998702,0.020479091
998703,0.0062054801
998704,0.011818561
998705,0.0092026656
998706,0.0061997357
998707,0.0059943702
998708,0.0088371728
998709,0.011580883
998710,0.0087840362
998711,0.0091452207
998712,0.0061710132
998713,0.0096424762
998714,0.017018756
998715,0.006285185
998716,0.0060453527
998717,0.0071849148
998718,0.0061846566
998719,0.0063878675
998720,0.012041159
998721,0.0075884652
998722,0.0093412511
998723,0.011776195
998724,0.013156308
998725,0.0093290443
998726,0.011997358
998727,0.01240378
998728,0.0055891089
998729,0.0063038548
998730,0.017687988
998731,0.0091416305
998732,0.0067720301
998733,0.0061839386
998734,0.012443991
998735,0.0092256432
998736,0.0063627353
998737,0.012028952
998738,0.0063742246
998739,0.014527085
998740,0.0066442154
998741,0.0098941624
998742,0.0065307617
998743,0.01439209
998744,0.0082601504
998745,0.0061494717
998746,0.0060905907
998747,0.0061616786
998748,0.0062665152
998749,0.011638328
998750,0.0090877758
998751,0.006071921
998752,0.0060238107
998753,0.0063720704
998754,0.0060554054
998755,0.012897307
998756,0.0080757532
998757,0.0065652286
998758,0.011744132
998759,0.013667567
998760,0.0089341104
998761,0.013074997
998762,0.0091911769
998763,0.0063842773
998764,0.0093060657
998765,0.014323156
998766,0.0089384187
998767,0.029170496
998768,0.0088730752
998769,0.010886265
998770,0.0092601106
998771,0.011368036
998772,0.0026646852
998773,0.0063232421
998774,0.0059591853
998775,0.017704504
998776,0.017645624
998777,0.026414579
998778,0.0087136663
998779,0.0060302736
998780,0.0085426224
998781,0.0061997357
998782,0.0087761376
998783,0.0062794406
998784,0.0059936522
998785,0.017775591
998786,0.0090332031
998787,0.0060453527
998788,0.011216928
998789,0.0063095991
998790,0.0062622069
998791,0.0086224722
998792,0.015207089
998793,0.006365608
998794,0.0061071059
998795,0.0018309782
998796,0.011963609
998797,0.0090669524
998798,0.0058199312
998799,0.00610926
998800,0.0061602425
998801,0.011818561
998802,0.0065142461
998803,0.015929457
998804,0.004978158
998805,0.0120706
998806,0.0071389591
998807,0.0089707319
998808,0.0060676127
998809,0.0093017574
998810,0.0064934227
998811,0.0087711113
998812,0.0091789691
998813,0.0059196921
998814,0.0061330884
998815,0.0066233915
998816,0.022281423
998817,0.0075066062
998818,0.01157083
998819,0.010231647
998820,0.011894675
998821,0.0060080136
998822,0.0057333349
998823,0.0021206124
998824,0.0061049517
998825,0.0055820537
998826,0.0074987076
998827,0.0098460475
998828,0.010814155
998829,0.0092328237
998830,0.020082721
998831,0.027775947
998832,0.0063268323
998833,0.0057688993
998834,0.006299546
998835,0.0095896311
998836,0.0083945934
998837,0.01148897
998838,0.0077076633
998839,0.0058572209
998840,0.011551442
998841,0.015254965
998842,0.0058147674
998843,0.0062421015
998844,0.0017725952
998845,0.0058558653
998846,0.038694851
998847,0.0061616786
998848,0.0072165094
998849,0.0063749426
998850,0.0090425378
998851,0.0065487134
998852,0.012917948
998853,0.012102912
998854,0.009397978
998855,0.0063383216
998856,0.010344182
998857,0.020476935
998858,0.0062650791
998859,0.015945055
998860,0.0062054801
998861,0.0060403263
998862,0.0061372644
998863,0.0089003621
998864,0.010821397
998865,0.0063893036
998866,0.0090949563
998867,0.001748047
998868,0.0064072553
998869,0.0052657374
998870,0.0062708235
998871,0.015085018
998872,0.010579905
998873,0.00097567547
998874,0.0067232018
998875,0.009017406
998876,0.0088838469
998877,0.011676535
998878,0.006271542
998879,0.0059591853
998880,0.0091064451
998881,0.036016572
998882,0.0088874372
998883,0.0094101848
998884,0.0060841278
998885,0.010744947
998886,0.01489186
998887,0.013935835
998888,0.0060202205
998889,0.0090518724
998890,0.0090805953
998891,0.006570973
998892,0.0068510165
998893,0.0062686694
998894,0.012075626
998895,0.017027372
998896,0.0093656648
998897,0.0059074853
998898,0.006425207
998899,0.008796961
998900,0.017410817
998901,0.0068818936
998902,0.0054785297
998903,0.0063770968
998904,0.011466711
998905,0.0063332953
998906,0.0096945371
998907,0.0092321057
998908,0.012105784
998909,0.0060094497
998910,0.0090813134
998911,0.0080710016
998912,0.0062844669
998913,0.024626609
998914,0.0056532915
998915,0.012089269
998916,0.031641886
998917,0.0061580883
998918,0.015250172
998919,0.006497731
998920,0.006094899
998921,0.0062219957
998922,0.017959416
998923,0.0094222762
998924,0.006153062
998925,0.0067088408
998926,0.011467429
998927,0.0059879078
998928,0.0063670441
998929,0.0098632816
998930,0.0063555548
998931,0.01559915
998932,0.0078200884
998933,0.0062571806
998934,0.006519991
998935,0.0092715994
998936,0.0060202205
998937,0.0080347834
998938,0.0092286495
998939,0.0083912564
998940,0.011569394
998941,0.011594526
998942,0.0058155735
998943,0.0062981099
998944,0.011462403
998945,0.0064804973
998946,0.0074247471
998947,0.0090992646
998948,0.0089384187
998949,0.012112965
998950,0.017589614
998951,0.011592371
998952,0.0065946691
998953,0.0061106961
998954,0.0066327262
998955,0.0061286478
998956,0.0065645105
998957,0.009280934
998958,0.0060977712
998959,0.011291504
998960,0.012155331
998961,0.012270939
998962,0.0061516259
998963,0.0060633044
998964,0.0069694966
998965,0.0062363567
998966,0.0090130977
998967,0.0064223344
998968,0.011780503
998969,0.013406911
998970,0.0061135683
998971,0.0092033837
998972,0.0090533085
998973,0.0089534987
998974,0.012040259
998975,0.0061774757
998976,0.0060546873
998977,0.0066312901
998978,0.009736903
998979,0.0093362248
998980,0.0059283087
998981,0.0063447841
998982,0.011971507
998983,0.01238511
998984,0.0060546873
998985,0.0061559342
998986,0.012319049
998987,0.026135972
998988,0.011354693
998989,0.011040183
998990,0.0074629639
998991,0.016498089
998992,0.0059555951
998993,0.0080896718
998994,0.0059735468
998995,0.0061738854
998996,0.0070312498
998997,0.0062959557
998998,0.0091725066
998999,0.014046958
999000,0.0063246782
999001,0.027001236
999002,0.023644302
999003,0.014456715
999004,0.021477195
999005,0.0069127702
999006,0.0091222422
999007,0.023704618
999008,0.0064460305
999009,0.019444006
999010,0.0062643611
999011,0.0090992646
999012,0.0067648496
999013,0.0092622647
999014,0.0072926241
999015,0.0065027573
999016,0.0061990176
999017,0.0060008331
999018,0.012132353
999019,0.0091710705
999020,0.0065221451
999021,0.0064589558
999022,0.0063182157
999023,0.0060575595
999024,0.010246726
999025,0.0061932732
999026,0.0069055893
999027,0.0088615865
999028,0.015111587
999029,0.0065422505
999030,0.014753275
999031,0.0052649705
999032,0.0094353175
999033,0.0057125115
999034,0.0074340822
999035,0.0093405331
999036,0.0090992646
999037,0.010734289
999038,0.0062069162
999039,0.0061286478
999040,0.0060044234
999041,0.0091732247
999042,0.0062780045
999043,0.013617302
999044,0.0094518326
999045,0.0063419119
999046,0.010240263
999047,0.014932072
999048,0.011971507
999049,0.01183364
999050,0.0064216163
999051,0.0089204675
999052,0.0061516259
999053,0.011978688
999054,0.011708697
999055,0.0062112249
999056,0.0089233397
999057,0.01399572
999058,0.0082474472
999059,0.0058220359
999060,0.0063763787
999061,0.0081844553
999062,0.0062377928
999063,0.0063376036
999064,0.0064941407
999065,0.020001842
999066,0.0089534987
999067,0.0060396083
999068,0.0092859603
999069,0.016461106
999070,0.0090533085
999071,0.0062643611
999072,0.006227022
999073,0.0064338236
999074,0.00098977762
999075,0.023782169
999076,0.015257353
999077,0.0062894933
999078,0.0059879078
999079,0.012507181
999080,0.0062219957
999081,0.015879912
999082,0.0062191235
999083,0.0019481824
999084,0.0055454108
999085,0.0065523037
999086,0.0089377007
999087,0.023128733
999088,0.010977712
999089,0.012064137
999090,0.0074190027
999091,0.0063282684
999092,0.0062076342
999093,0.01488468
999094,0.020674402
999095,0.0063368855
999096,0.012572524
999097,0.013406193
999098,0.0063476563
999099,0.0059555951
999100,0.0060963351
999101,0.0060683307
999102,0.0090849036
999103,0.0092967311
999104,0.0092069739
999105,0.0061939913
999106,0.013477281
999107,0.0064848056
999108,0.0060589961
999109,0.012053366
999110,0.0066880169
999111,0.0062650791
999112,0.012076344
999113,0.0064237705
999114,0.016204474
999115,0.012319049
999116,0.0088924635
999117,0.011868106
999118,0.010205796
999119,0.0091129076
999120,0.011902574
999121,0.0060044234
999122,0.0062708235
999123,0.014960794
999124,0.0067131491
999125,0.0020116237
999126,0.0051990217
999127,0.011994486
999128,0.038786765
999129,0.0089470362
999130,0.017284438
999131,0.0058909697
999132,0.015390912
999133,0.022917081
999134,0.009237132
999135,0.017123941
999136,0.0065759993
999137,0.002850479
999138,0.014127086
999139,0.0054479265
999140,0.0061509078
999141,0.0066018496
999142,0.0068345014
999143,0.012129481
999144,0.0061659869
999145,0.009324736
999146,0.0057846969
999147,0.0064496207
999148,0.0066700657
999149,0.0064338236
999150,0.02403708
999151,0.012281709
999152,0.0062614889
999153,0.0089901192
999154,0.0061465991
999155,0.017763386
999156,0.0098410212
999157,0.0061832205
999158,0.0063670441
999159,0.0081571694
999160,0.011923397
999161,0.0072761085
999162,0.0062744142
999163,0.0075089317
999164,0.014456715
999165,0.0063577089
999166,0.0076451921
999167,0.014477539
999168,0.014919146
999169,0.0060812556
999170,0.0070441752
999171,0.016058709
999172,0.006211943
999173,0.0059570312
999174,0.011628275
999175,0.0063124713
999176,0.02508183
999177,0.0065982593
999178,0.0061659869
999179,0.0089779124
999180,0.0083484557
999181,0.0067325369
999182,0.0073996149
999183,0.026145307
999184,0.0061106961
999185,0.016906623
999186,0.0090820314
999187,0.0062966738
999188,0.0036326766
999189,0.026465561
999190,0.0099078007
999191,0.0060546873
999192,0.012526568
999193,0.0080368966
999194,0.0075446633
999195,0.0064546475
999196,0.012221392
999197,0.0054790438
999198,0.0064568017
999199,0.014901195
999200,0.0095877424
999201,0.0090784412
999202,0.0069745234
999203,0.0077607995
999204,0.012013155
999205,0.0089958636
999206,0.0092270793
999207,0.014367408
999208,0.0067583867
999209,0.011817843
999210,0.01160386
999211,0.0062133791
999212,0.0062514362
999213,0.011730239
999214,0.0060791015
999215,0.017945772
999216,0.0066198013
999217,0.015097225
999218,0.014527803
999219,0.009076287
999220,0.0084459316
999221,0.0069759595
999222,0.011925551
999223,0.00601304
999224,0.0063297045
999225,0.0088199396
999226,0.0062478459
999227,0.0064338236
999228,0.0063419119
999229,0.0061401366
999230,0.014131865
999231,0.020582492
999232,0.0082810437
999233,0.017733226
999234,0.0092945769
999235,0.0205868
999236,0.0092996033
999237,0.0070764879
999238,0.0095272288
999239,0.0049874494
999240,0.0060202205
999241,0.0099099549
999242,0.015085018
999243,0.0087352078
999244,0.0061178766
999245,0.0089836568
999246,0.0088745113
999247,0.0062729781
999248,0.0066054398
999249,0.011685001
999250,0.0057157627
999251,0.014441636
999252,0.0097096162
999253,0.0062313303
999254,0.001956322
999255,0.010355153
999256,0.013776108
999257,0.0062887752
999258,0.0061868108
999259,0.0060898727
999260,0.0087926527
999261,0.0093096569
999262,0.012023926
999263,0.011717314
999264,0.0091222422
999265,0.01060432
999266,0.0078986669
999267,0.0090805953
999268,0.0063541187
999269,0.009869026
999270,0.0092026656
999271,0.014988081
999272,0.01411061
999273,0.012111529
999274,0.0060353
999275,0.0066966335
999276,0.0063261143
999277,0.012261604
999278,0.0053767804
999279,0.0061006434
999280,0.012792969
999281,0.011214672
999282,0.011446605
999283,0.009193331
999284,0.0059007281
999285,0.020932904
999286,0.0069106156
999287,0.016545143
999288,0.014905503
999289,0.0060187844
999290,0.0088414811
999291,0.012063419
999292,0.01106316
999293,0.0090798773
999294,0.012168256
999295,0.011750345
999296,0.0072789812
999297,0.0070441752
999298,0.0091373222
999299,0.032373048
999300,0.0090647982
999301,0.0097921928
999302,0.0061114142
999303,0.0054235402
999304,0.0083180144
999305,0.0062140971
999306,0.0063088811
999307,0.011047363
999308,0.005940516
999309,0.0062571806
999310,0.0063677621
999311,0.0079972073
999312,0.0060625863
999313,0.014684341
999314,0.0064295153
999315,0.017838782
999316,0.0097175147
999317,0.0078304512
999318,0.0063447841
999319,0.0060087317
999320,0.0052185347
999321,0.0064560836
999322,0.0053919572
999323,0.0060812556
999324,0.0066542681
999325,0.011916216
999326,0.017980238
999327,0.0081614777
999328,0.0060704849
999329,0.020806525
999330,0.03606724
999331,0.0061236215
999332,0.0062571806
999333,0.015208525
999334,0.023655791
999335,0.0089937095
999336,0.0061465991
999337,0.0092601106
999338,0.015165441
999339,0.0063304226
999340,0.0088005513
999341,0.0064546475
999342,0.026390165
999343,0.0063354494
999344,0.0060561234
999345,0.0063210879
999346,0.0083388388
999347,0.0062004537
999348,0.014867446
999349,0.0063577089
999350,0.011979406
999351,0.0060546873
999352,0.0060367361
999353,0.017425308
999354,0.022139246
999355,0.0095868278
999356,0.006556612
999357,0.0062701055
999358,0.0060898727
999359,0.01237793
999360,0.012554573
999361,0.014840878
999362,0.011351103
999363,0.0094396258
999364,0.013429889
999365,0.0064711627
999366,0.012272375
999367,0.017980238
999368,0.0061738854
999369,0.0042030667
999370,0.017589614
999371,0.0054565002
999372,0.0063275504
999373,0.0087747015
999374,0.0064632641
999375,0.01302562
999376,0.0063246782
999377,0.011989458
999378,0.010957606
999379,0.0085621551
999380,0.0061480352
999381,0.0056436742
999382,0.0074692671
999383,0.0061695771
999384,0.0051987418
999385,0.0092967311
999386,0.0092981672
999387,0.0065171188
999388,0.006402229
999389,0.0093161194
999390,0.0079661654
999391,0.0013445091
999392,0.0066061579
999393,0.016768692
999394,0.014970128
999395,0.0062528723
999396,0.0086361151
999397,0.0090633612
999398,0.0062478459
999399,0.0075877472
999400,0.010650994
999401,0.012098604
999402,0.0062219957
999403,0.0063785329
999404,0.0065106559
999405,0.0061250576
999406,0.023701746
999407,0.0063174977
999408,0.0060633044
999409,0.0063347314
999410,0.0060209385
999411,0.007034122
999412,0.015609094
999413,0.0058622472
999414,0.031767003
999415,0.0063713524
999416,0.006263643
999417,0.0015738868
999418,0.0080193011
999419,0.0055229589
999420,0.020651424
999421,0.0070736157
999422,0.0065113739
999423,0.01170435
999424,0.011914062
999425,0.011788402
999426,0.00655733
999427,0.0066119027
999428,0.0088895913
999429,0.0019946815
999430,0.0061961454
999431,0.008252671
999432,0.010209386
999433,0.0071044923
999434,0.023721134
999435,0.0061825025
999436,0.0061207493
999437,0.01198156
999438,0.009149529
999439,0.016620319
999440,0.0094927624
999441,0.0082844384
999442,0.0065903608
999443,0.0061918371
999444,0.010305607
999445,0.011827177
999446,0.0064855241
999447,0.0062097884
999448,0.006425207
999449,0.014728142
999450,0.009692383
999451,0.017886892
999452,0.0062535903
999453,0.0059613395
999454,0.0063189338
999455,0.0081966622
999456,0.0043128831
999457,0.0089384187
999458,0.01063017
999459,0.0096751498
999460,0.0063368855
999461,0.0066600125
999462,0.007444853
999463,0.020284496
999464,0.012375776
999465,0.020417336
999466,0.020728257
999467,0.0054851891
999468,0.0064804973
999469,0.0055445558
999470,0.0089369826
999471,0.0053300937
999472,0.0060044234
999473,0.008299225
999474,0.0063139074
999475,0.0062155332
999476,0.0081931921
999477,0.0063246782
999478,0.0081496444
999479,0.0063253962
999480,0.0094848629
999481,0.0061480352
999482,0.029222915
999483,0.0058529126
999484,0.0068395277
999485,0.011328843
999486,0.0062069162
999487,0.0071080825
999488,0.0090863397
999489,0.0061961454
999490,0.0061300839
999491,0.0081564514
999492,0.024010926
999493,0.009501379
999494,0.0091021368
999495,0.01733542
999496,0.012306842
999497,0.0061027976
999498,0.012402344
999499,0.0096404981
999500,0.0061939913
999501,0.033170812
999502,0.020002298
999503,0.0059218463
999504,0.0062385108
999505,0.0062191235
999506,0.0062205596
999507,0.0062385108
999508,0.0084554395
999509,0.0059254365
999510,0.011259191
999511,0.0092629828
999512,0.008825684
999513,0.0062902113
999514,0.0033628447
999515,0.0061932732
999516,0.0090324851
999517,0.0089664236
999518,0.0091883047
999519,0.014402918
999520,0.012039723
999521,0.0090389475
999522,0.011196001
999523,0.0060927449
999524,0.0061063878
999525,0.0063340133
999526,0.0063914577
999527,0.012706083
999528,0.0078699449
999529,0.0060072956
999530,0.0061006434
999531,0.019112621
999532,0.013556625
999533,0.0064345417
999534,0.011840102
999535,0.027825825
999536,0.010779527
999537,0.012212776
999538,0.010041361
999539,0.0092306696
999540,0.021254595
999541,0.0062514362
999542,0.012203441
999543,0.0071044923
999544,0.006108542
999545,0.017675782
999546,0.0063304226
999547,0.0061695771
999548,0.0063555548
999549,0.0060690488
999550,0.010988482
999551,0.016092457
999552,0.0066255457
999553,0.0065946691
999554,0.006285185
999555,0.010971967
999556,0.0093240179
999557,0.0093477136
999558,0.0075525618
999559,0.015131692
999560,0.0094805546
999561,0.001949424
999562,0.0061839386
999563,0.0061236215
999564,0.0052207001
999565,0.0089944275
999566,0.014639103
999567,0.006424489
999568,0.0066226735
999569,0.011172946
999570,0.0061135683
999571,0.0063519645
999572,0.0087732654
999573,0.0064237705
999574,0.0052531385
999575,0.0092177447
999576,0.0091681983
999577,0.014843659
999578,0.0083790496
999579,0.0060324278
999580,0.008189992
999581,0.006285903
999582,0.0060977712
999583,0.0065487134
999584,0.017661421
999585,0.0060661766
999586,0.0061839386
999587,0.019930348
999588,0.017963005
999589,0.0091150617
999590,0.014247759
999591,0.0062736962
999592,0.0063232421
999593,0.023784323
999594,0.017830165
999595,0.0060317097
999596,0.010975372
999597,0.013428543
999598,0.0072380514
999599,0.011471737
999600,0.0059196921
999601,0.0070326859
999602,0.0093218638
999603,0.018451286
999604,0.014889706
999605,0.015062041
999606,0.0093912752
999607,0.0063189338
999608,0.0061473171
999609,0.0060532512
999610,0.0092586745
999611,0.0089082606
999612,0.0082045607
999613,0.0062578986
999614,0.0061939913
999615,0.005918256
999616,0.0060546873
999617,0.0063957665
999618,0.0078914864
999619,0.0072114831
999620,0.0063634538
999621,0.0090612071
999622,0.01493638
999623,0.023349179
999624,0.0062342025
999625,0.0090963924
999626,0.0092881145
999627,0.014338235
999628,0.0064108456
999629,0.015203498
999630,0.006380687
999631,0.012706801
999632,0.020475499
999633,0.011883186
999634,0.0059692385
999635,0.0062399469
999636,0.0091502471
999637,0.0060676127
999638,0.0067275101
999639,0.0082454886
999640,0.0057961857
999641,0.0071942499
999642,0.0094338814
999643,0.01188534
999644,0.005149988
999645,0.0060546873
999646,0.0090662343
999647,0.0060595251
999648,0.0087919347
999649,0.0060381722
999650,0.0059103575
999651,0.0091696344
999652,0.01753935
999653,0.0084393667
999654,0.018037684
999655,0.009780704
999656,0.0062952377
999657,0.014970128
999658,0.012065574
999659,0.0087445425
999660,0.01157801
999661,0.0064912685
999662,0.0061035156
999663,0.0091452207
999664,0.0076236501
999665,0.0057559744
999666,0.0060367361
999667,0.0066492418
999668,0.023627069
999669,0.0083733052
999670,0.0081781866
999671,0.027726747
999672,0.0090827495
999673,0.0079410328
999674,0.0055346275
999675,0.0052425284
999676,0.0069529815
999677,0.0070111444
999678,0.012180463
999679,0.02065286
999680,0.018865608
999681,0.012042595
999682,0.0061702952
999683,0.010456399
999684,0.006380687
999685,0.02854722
999686,0.0062808767
999687,0.017578125
999688,0.0063735065
999689,0.011971507
999690,0.0028004234
999691,0.0061430088
999692,0.010976548
999693,0.0065034754
999694,0.0055652168
999695,0.017912023
999696,0.0062823128
999697,0.0063878675
999698,0.0090418197
999699,0.005954877
999700,0.0088084498
999701,0.0062184054
999702,0.0062227137
999703,0.0060747932
999704,0.0063268323
999705,0.010141989
999706,0.0060460707
999707,0.0059017404
999708,0.0087747015
999709,0.0062471279
999710,0.0059283087
999711,0.0090554627
999712,0.0073184744
999713,0.033373099
999714,0.03008298
999715,0.0062176874
999716,0.0063239601
999717,0.0061465991
999718,0.0018199421
999719,0.021151194
999720,0.0062930835
999721,0.009252212
999722,0.019102102
999723,0.0067468979
999724,0.0063455021
999725,0.0096148327
999726,0.015414609
999727,0.01726958
999728,0.0024625305
999729,0.017837346
999730,0.013973968
999731,0.0062736962
999732,0.0094109029
999733,0.0069271312
999734,0.0050636837
999735,0.010913042
999736,0.0060374541
999737,0.0068969727
999738,0.018098719
999739,0.006784237
999740,0.0060977712
999741,0.008135627
999742,0.0087445425
999743,0.022209037
999744,0.0091452207
999745,0.0060992073
999746,0.014906221
999747,0.0020036788
999748,0.0055149775
999749,0.00641659
999750,0.0084275324
999751,0.017471135
999752,0.0062787225
999753,0.0062205596
999754,0.0063081631
999755,0.012497846
999756,0.0030053114
999757,0.0065472773
999758,0.0085657453
999759,0.023403034
999760,0.005917538
999761,0.020392206
999762,0.005954159
999763,0.0062356386
999764,0.014924173
999765,0.006226304
999766,0.0063878675
999767,0.0061860927
999768,0.0062564625
999769,0.006227022
999770,0.015004596
999771,0.007811782
999772,0.009046128
999773,0.011994486
999774,0.029046271
999775,0.01230038
999776,0.0062385108
999777,0.0093204277
999778,0.011879596
999779,0.0060202205
999780,0.012561035
999781,0.0062219957
999782,0.016052885
999783,0.01165197
999784,0.0060324278
999785,0.011756808
999786,0.0059886258
999787,0.0085592829
999788,0.012097886
999789,0.0065027573
999790,0.0073328353
999791,0.014489746
999792,0.0065838983
999793,0.011337604
999794,0.0061006434
999795,0.012500718
999796,0.0060044234
999797,0.0062938016
999798,0.006439568
999799,0.0059871897
999800,0.0063735065
999801,0.0086741727
999802,0.0089534987
999803,0.0061372644
999804,0.0064079734
999805,0.009587355
999806,0.0085061463
999807,0.013064396
999808,0.016963642
999809,0.0062528723
999810,0.017773438
999811,0.0075871912
999812,0.0059843175
999813,0.0064079734
999814,0.011663459
999815,0.0061221854
999816,0.0098927217
999817,0.0088174203
999818,0.018508462
999819,0.006227022
999820,0.014464614
999821,0.013863597
999822,0.0089958636
999823,0.0063763787
999824,0.0089822207
999825,0.0096636601
999826,0.0094669117
999827,0.017398611
999828,0.0093520219
999829,0.0089247758
999830,0.0097462377
999831,0.006227022
999832,0.00610926
999833,0.0061817844
999834,0.0058252877
999835,0.012982537
999836,0.011972225
999837,0.0062069162
999838,0.0094001321
999839,0.014512978
999840,0.011879596
999841,0.0093455594
999842,0.012133071
999843,0.0080789002
999844,0.0078936405
999845,0.012738396
999846,0.024365235
999847,0.01486242
999848,0.014813592
999849,0.006094181
999850,0.0088378908
999851,0.0068158316
999852,0.01909573
999853,0.0093094399
999854,0.0059204102
999855,0.0090303309
999856,0.020665068
999857,0.0060123219
999858,0.014924173
999859,0.017710967
999860,0.0053803427
999861,0.0057788668
999862,0.0091301417
999863,0.0062837489
999864,0.012395881
999865,0.0075942096
999866,0.0060575595
999867,0.011994486
999868,0.0092292335
999869,0.024787348
999870,0.014170209
999871,0.015798053
999872,0.009163172
999873,0.0075662052
999874,0.0063311406
999875,0.0021993059
999876,0.0057181423
999877,0.0087387981
999878,0.022414478
999879,0.0061595244
999880,0.01226663
999881,0.0061810664
999882,0.0048911367
999883,0.0091990754
999884,0.0060008331
999885,0.0061264937
999886,0.014096967
999887,0.0061882469
999888,0.0090346392
999889,0.01183364
999890,0.035202205
999891,0.0092830881
999892,0.01156293
999893,0.0091373222
999894,0.0080099441
999895,0.0054080845
999896,0.015004596
999897,0.0084206974
999898,0.011521284
999899,0.0062973918
999900,0.010955952
999901,0.0069163605
999902,0.020370662
999903,0.0091466568
999904,0.0082347197
999905,0.0062844669
999906,0.0088235298
999907,0.0062787225
999908,0.016405532
999909,0.008605957
999910,0.0091136256
999911,0.0053949128
999912,0.006071921
999913,0.0088185025
999914,0.0064927046
999915,0.0095387176
999916,0.023352768
999917,0.019495009
999918,0.0062894933
999919,0.0052920533
999920,0.0075252759
999921,0.011367618
999922,0.0054666521
999923,0.018405331
999924,0.0088802557
999925,0.0092285154
999926,0.0060798195
999927,0.0092392862
999928,0.010064338
999929,0.0054441034
999930,0.0058794809
999931,0.0061214673
999932,0.0061645508
999933,0.009353458
999934,0.0061164405
999935,0.011555032
999936,0.0064711627
999937,0.0066176471
999938,0.0068589156
999939,0.014698702
999940,0.0091265514
999941,0.0063885855
999942,0.015067067
999943,0.0038359372
999944,0.0051455302
999945,0.0059972429
999946,0.0060410444
999947,0.011996626
999948,0.0061868108
999949,0.0072811353
999950,0.039051011
999951,0.0059218463
999952,0.0061142864
999953,0.012155331
999954,0.014002884
999955,0.0080062244
999956,0.0057222256
999957,0.010332893
999958,0.0061623966
999959,0.0063706343
999960,0.024213005
999961,0.0064065373
999962,0.0094489604
999963,0.006425207
999964,0.012879136
999965,0.01415227
999966,0.0055257189
999967,0.012243653
999968,0.0086397063
999969,0.015682444
999970,0.038407627
999971,0.014696548
999972,0.0065156827
999973,0.0061997357
999974,0.0061968635
999975,0.0068143955
999976,0.015034754
999977,0.0065085017
999978,0.0060956171
999979,0.0053929696
999980,0.012421732
999981,0.0097297216
999982,0.0073558134
999983,0.0068660961
999984,0.009368537
999985,0.0061990176
999986,0.011918371
999987,0.012273093
999988,0.0060826917
999989,0.0063031367
999990,0.0075942096
999991,0.0062557445
999992,0.0065637925
999993,0.0060934629
999994,0.009105009
999995,0.0052688047
999996,0.0082548251
999997,0.0092335418
999998,0.0091445027
999999,0.0063534006
