LECROYHDO6104B,11090,Waveform
Segments,1,SegmentSize,10002
Segment,TrigTime,TimeSinceSegment1
#1,04-May-2026 17:18:19,0                 
Time,Ampl
-2.16025e-07,-0.0050855986
-2.15925e-07,-0.005102114
-2.15825e-07,-0.0050992417
-2.15725e-07,-0.0050820083
-2.15625e-07,-0.0050597484
-2.15525e-07,-0.0050446691
-2.15425e-07,-0.0050417969
-2.15325e-07,-0.0050518497
-2.15225e-07,-0.005066929
-2.15125e-07,-0.005079136
-2.15025e-07,-0.0050834444
-2.14925e-07,-0.0050812902
-2.14825e-07,-0.0050769818
-2.14725e-07,-0.005079136
-2.14625e-07,-0.0050913431
-2.14525e-07,-0.0051136029
-2.14425e-07,-0.0051387351
-2.14325e-07,-0.0051595588
-2.14225e-07,-0.0051696117
-2.14125e-07,-0.0051681756
-2.14025e-07,-0.0051588408
-2.13925e-07,-0.0051480699
-2.13825e-07,-0.0051408892
-2.13725e-07,-0.0051401712
-2.13625e-07,-0.0051437615
-2.13525e-07,-0.0051480699
-2.13425e-07,-0.005150224
-2.13325e-07,-0.0051487879
-2.13225e-07,-0.0051473518
-2.13125e-07,-0.0051480699
-2.13025e-07,-0.0051516602
-2.12925e-07,-0.0051574046
-2.12825e-07,-0.0051609949
-2.12725e-07,-0.0051595588
-2.12625e-07,-0.0051516602
-2.12525e-07,-0.0051401712
-2.12425e-07,-0.0051301183
-2.12325e-07,-0.0051250919
-2.12225e-07,-0.0051279642
-2.12125e-07,-0.0051358628
-2.12025e-07,-0.0051444795
-2.11925e-07,-0.0051480699
-2.11825e-07,-0.0051444795
-2.11725e-07,-0.0051365809
-2.11625e-07,-0.0051279642
-2.11525e-07,-0.0051250919
-2.11425e-07,-0.0051308364
-2.11325e-07,-0.0051430434
-2.11225e-07,-0.0051588408
-2.11125e-07,-0.0051710478
-2.11025e-07,-0.0051767923
-2.10925e-07,-0.0051753562
-2.10825e-07,-0.0051681756
-2.10725e-07,-0.0051595588
-2.10625e-07,-0.005150224
-2.10525e-07,-0.0051401712
-2.10425e-07,-0.0051286822
-2.10325e-07,-0.0051136029
-2.10225e-07,-0.0050970875
-2.10125e-07,-0.0050827263
-2.10025e-07,-0.0050755457
-2.09925e-07,-0.005079136
-2.09825e-07,-0.0050920611
-2.09725e-07,-0.0051085765
-2.09625e-07,-0.0051215016
-2.09525e-07,-0.0051250919
-2.09425e-07,-0.0051164752
-2.09325e-07,-0.0050978056
-2.09225e-07,-0.0050755457
-2.09125e-07,-0.0050561581
-2.09025e-07,-0.0050425149
-2.08925e-07,-0.0050346163
-2.08825e-07,-0.0050288718
-2.08725e-07,-0.0050216912
-2.08625e-07,-0.0050123564
-2.08525e-07,-0.0050023035
-2.08425e-07,-0.0049965591
-2.08325e-07,-0.0049987132
-2.08225e-07,-0.005008048
-2.08125e-07,-0.0050209731
-2.08025e-07,-0.005031026
-2.07925e-07,-0.0050331801
-2.07825e-07,-0.0050252815
-2.07725e-07,-0.0050087661
-2.07625e-07,-0.0049908146
-2.07525e-07,-0.0049757353
-2.07425e-07,-0.0049664005
-2.07325e-07,-0.0049613741
-2.07225e-07,-0.0049577838
-2.07125e-07,-0.0049527574
-2.07025e-07,-0.0049448587
-2.06925e-07,-0.0049383961
-2.06825e-07,-0.004936242
-2.06725e-07,-0.0049412684
-2.06625e-07,-0.0049534754
-2.06525e-07,-0.0049671186
-2.06425e-07,-0.0049757353
-2.06325e-07,-0.0049757353
-2.06225e-07,-0.0049664005
-2.06125e-07,-0.0049527574
-2.06025e-07,-0.0049427045
-2.05925e-07,-0.0049412684
-2.05825e-07,-0.0049506032
-2.05725e-07,-0.0049656824
-2.05625e-07,-0.0049800437
-2.05525e-07,-0.0049872243
-2.05425e-07,-0.0049850701
-2.05325e-07,-0.0049771714
-2.05225e-07,-0.004972145
-2.05125e-07,-0.0049757353
-2.05025e-07,-0.0049908146
-2.04925e-07,-0.0050137925
-2.04825e-07,-0.0050382066
-2.04725e-07,-0.0050561581
-2.04625e-07,-0.0050640568
-2.04525e-07,-0.0050633387
-2.04425e-07,-0.0050590303
-2.04325e-07,-0.0050561581
-2.04225e-07,-0.0050583123
-2.04125e-07,-0.0050654929
-2.04025e-07,-0.0050733915
-2.03925e-07,-0.005079136
-2.03825e-07,-0.0050834444
-2.03725e-07,-0.005090625
-2.03625e-07,-0.0051035501
-2.03525e-07,-0.0051250919
-2.03425e-07,-0.0051523782
-2.03325e-07,-0.0051775103
-2.03225e-07,-0.0051933077
-2.03125e-07,-0.0051940257
-2.03025e-07,-0.0051818187
-2.02925e-07,-0.0051645852
-2.02825e-07,-0.0051545324
-2.02725e-07,-0.0051595588
-2.02625e-07,-0.0051803826
-2.02525e-07,-0.005209105
-2.02425e-07,-0.005232801
-2.02325e-07,-0.0052399816
-2.02225e-07,-0.0052277746
-2.02125e-07,-0.0052012063
-2.02025e-07,-0.00517392
-2.01925e-07,-0.0051595588
-2.01825e-07,-0.0051660214
-2.01725e-07,-0.0051911535
-2.01625e-07,-0.0052249023
-2.01525e-07,-0.0052514706
-2.01425e-07,-0.0052608054
-2.01325e-07,-0.0052493164
-2.01225e-07,-0.0052227482
-2.01125e-07,-0.0051940257
-2.01025e-07,-0.005173202
-2.00925e-07,-0.0051660214
-2.00825e-07,-0.0051717659
-2.00725e-07,-0.0051825368
-2.00625e-07,-0.0051911535
-2.00525e-07,-0.0051933077
-2.00425e-07,-0.0051889993
-2.00325e-07,-0.0051825368
-2.00225e-07,-0.0051782284
-2.00125e-07,-0.0051782284
-2.00025e-07,-0.0051811006
-1.99925e-07,-0.0051825368
-1.99825e-07,-0.0051796645
-1.99725e-07,-0.0051710478
-1.99625e-07,-0.0051588408
-1.99525e-07,-0.0051480699
-1.99425e-07,-0.0051416073
-1.99325e-07,-0.0051416073
-1.99225e-07,-0.0051451976
-1.99125e-07,-0.0051480699
-1.99025e-07,-0.0051473518
-1.98925e-07,-0.0051416073
-1.98825e-07,-0.0051329906
-1.98725e-07,-0.0051250919
-1.98625e-07,-0.0051222197
-1.98525e-07,-0.00512581
-1.98425e-07,-0.0051358628
-1.98325e-07,-0.0051480699
-1.98225e-07,-0.0051602769
-1.98125e-07,-0.0051696117
-1.98025e-07,-0.0051767923
-1.97925e-07,-0.0051825368
-1.97825e-07,-0.0051875632
-1.97725e-07,-0.0051925896
-1.97625e-07,-0.0051990522
-1.97525e-07,-0.0052055147
-1.97425e-07,-0.0052141314
-1.97325e-07,-0.0052256204
-1.97225e-07,-0.0052421358
-1.97125e-07,-0.0052629596
-1.97025e-07,-0.0052852194
-1.96925e-07,-0.0053053251
-1.96825e-07,-0.0053175322
-1.96725e-07,-0.0053204044
-1.96625e-07,-0.0053146599
-1.96525e-07,-0.0053053251
-1.96425e-07,-0.0052981445
-1.96325e-07,-0.0052974265
-1.96225e-07,-0.005303889
-1.96125e-07,-0.0053139419
-1.96025e-07,-0.0053211225
-1.95925e-07,-0.0053204044
-1.95825e-07,-0.0053096335
-1.95725e-07,-0.0052924
-1.95625e-07,-0.0052744485
-1.95525e-07,-0.0052629596
-1.95425e-07,-0.0052629596
-1.95325e-07,-0.0052722943
-1.95225e-07,-0.0052866556
-1.95125e-07,-0.0052974265
-1.95025e-07,-0.0052988626
-1.94925e-07,-0.0052895278
-1.94825e-07,-0.0052715763
-1.94725e-07,-0.0052514706
-1.94625e-07,-0.0052349552
-1.94525e-07,-0.0052263385
-1.94425e-07,-0.0052249023
-1.94325e-07,-0.0052284926
-1.94225e-07,-0.0052313649
-1.94125e-07,-0.0052313649
-1.94025e-07,-0.0052256204
-1.93925e-07,-0.0052170037
-1.93825e-07,-0.0052076689
-1.93725e-07,-0.0051997702
-1.93625e-07,-0.0051954619
-1.93525e-07,-0.0051940257
-1.93425e-07,-0.0051947438
-1.93325e-07,-0.0051961799
-1.93225e-07,-0.0051961799
-1.93125e-07,-0.0051940257
-1.93025e-07,-0.0051904354
-1.92925e-07,-0.005185409
-1.92825e-07,-0.0051818187
-1.92725e-07,-0.0051825368
-1.92625e-07,-0.0051897174
-1.92525e-07,-0.0052047966
-1.92425e-07,-0.0052263385
-1.92325e-07,-0.0052514706
-1.92225e-07,-0.0052751666
-1.92125e-07,-0.005291682
-1.92025e-07,-0.0052988626
-1.91925e-07,-0.0052974265
-1.91825e-07,-0.005291682
-1.91725e-07,-0.0052866556
-1.91625e-07,-0.0052888097
-1.91525e-07,-0.0052974265
-1.91425e-07,-0.0053110696
-1.91325e-07,-0.0053239947
-1.91225e-07,-0.0053311753
-1.91125e-07,-0.0053318934
-1.91025e-07,-0.0053283031
-1.90925e-07,-0.0053261489
-1.90825e-07,-0.0053304573
-1.90725e-07,-0.0053433824
-1.90625e-07,-0.0053620519
-1.90525e-07,-0.0053800034
-1.90425e-07,-0.0053900563
-1.90325e-07,-0.0053893382
-1.90225e-07,-0.0053800034
-1.90125e-07,-0.0053699506
-1.90025e-07,-0.0053677964
-1.89925e-07,-0.0053778493
-1.89825e-07,-0.0053993911
-1.89725e-07,-0.0054245232
-1.89625e-07,-0.0054424747
-1.89525e-07,-0.0054467831
-1.89425e-07,-0.0054352941
-1.89325e-07,-0.0054151884
-1.89225e-07,-0.0053965188
-1.89125e-07,-0.0053893382
-1.89025e-07,-0.005398673
-1.88925e-07,-0.005421651
-1.88825e-07,-0.0054489373
-1.88725e-07,-0.005469761
-1.88625e-07,-0.0054769416
-1.88525e-07,-0.005469043
-1.88425e-07,-0.0054525276
-1.88325e-07,-0.0054352941
-1.88225e-07,-0.0054238051
-1.88125e-07,-0.005421651
-1.88025e-07,-0.0054266774
-1.87925e-07,-0.0054352941
-1.87825e-07,-0.0054431928
-1.87725e-07,-0.0054489373
-1.87625e-07,-0.0054532456
-1.87525e-07,-0.0054582721
-1.87425e-07,-0.0054640165
-1.87325e-07,-0.005469761
-1.87225e-07,-0.0054726333
-1.87125e-07,-0.005469761
-1.87025e-07,-0.0054625804
-1.86925e-07,-0.0054532456
-1.86825e-07,-0.0054467831
-1.86725e-07,-0.0054467831
-1.86625e-07,-0.0054525276
-1.86525e-07,-0.0054611443
-1.86425e-07,-0.0054683249
-1.86325e-07,-0.005469761
-1.86225e-07,-0.0054668888
-1.86125e-07,-0.0054625804
-1.86025e-07,-0.0054625804
-1.85925e-07,-0.005469761
-1.85825e-07,-0.0054826861
-1.85725e-07,-0.0054948932
-1.85625e-07,-0.0054999196
-1.85525e-07,-0.005492739
-1.85425e-07,-0.0054733513
-1.85325e-07,-0.0054482192
-1.85225e-07,-0.0054252413
-1.85125e-07,-0.0054123162
-1.85025e-07,-0.0054108801
-1.84925e-07,-0.0054173426
-1.84825e-07,-0.0054238051
-1.84725e-07,-0.0054238051
-1.84625e-07,-0.0054151884
-1.84525e-07,-0.0054008272
-1.84425e-07,-0.005386466
-1.84325e-07,-0.0053778493
-1.84225e-07,-0.0053764131
-1.84125e-07,-0.0053778493
-1.84025e-07,-0.0053764131
-1.83925e-07,-0.0053663603
-1.83825e-07,-0.0053484088
-1.83725e-07,-0.0053283031
-1.83625e-07,-0.0053132238
-1.83525e-07,-0.0053089154
-1.83425e-07,-0.0053168141
-1.83325e-07,-0.0053304573
-1.83225e-07,-0.0053419462
-1.83125e-07,-0.0053433824
-1.83025e-07,-0.0053340476
-1.82925e-07,-0.0053196864
-1.82825e-07,-0.0053089154
-1.82725e-07,-0.0053089154
-1.82625e-07,-0.0053218405
-1.82525e-07,-0.0053426643
-1.82425e-07,-0.0053606158
-1.82325e-07,-0.0053663603
-1.82225e-07,-0.0053577436
-1.82125e-07,-0.0053383559
-1.82025e-07,-0.0053189683
-1.81925e-07,-0.0053089154
-1.81825e-07,-0.0053132238
-1.81725e-07,-0.0053304573
-1.81625e-07,-0.005350563
-1.81525e-07,-0.0053663603
-1.81425e-07,-0.0053728228
-1.81325e-07,-0.0053721048
-1.81225e-07,-0.0053713867
-1.81125e-07,-0.0053778493
-1.81025e-07,-0.0053943647
-1.80925e-07,-0.0054173426
-1.80825e-07,-0.0054374483
-1.80725e-07,-0.0054467831
-1.80625e-07,-0.0054410386
-1.80525e-07,-0.0054230871
-1.80425e-07,-0.0054029814
-1.80325e-07,-0.0053893382
-1.80225e-07,-0.0053893382
-1.80125e-07,-0.0054015453
-1.80025e-07,-0.0054194968
-1.79925e-07,-0.0054352941
-1.79825e-07,-0.0054431928
-1.79725e-07,-0.0054417567
-1.79625e-07,-0.0054374483
-1.79525e-07,-0.0054352941
-1.79425e-07,-0.0054388844
-1.79325e-07,-0.0054475011
-1.79225e-07,-0.0054561179
-1.79125e-07,-0.0054582721
-1.79025e-07,-0.0054518095
-1.78925e-07,-0.0054381664
-1.78825e-07,-0.0054230871
-1.78725e-07,-0.0054123162
-1.78625e-07,-0.0054080078
-1.78525e-07,-0.0054072898
-1.78425e-07,-0.0054065717
-1.78325e-07,-0.0054008272
-1.78225e-07,-0.0053893382
-1.78125e-07,-0.0053771312
-1.78025e-07,-0.0053713867
-1.77925e-07,-0.0053778493
-1.77825e-07,-0.0053972369
-1.77725e-07,-0.0054230871
-1.77625e-07,-0.0054467831
-1.77525e-07,-0.0054582721
-1.77425e-07,-0.0054546818
-1.77325e-07,-0.0054403205
-1.77225e-07,-0.0054230871
-1.77125e-07,-0.0054123162
-1.77025e-07,-0.0054137523
-1.76925e-07,-0.0054245232
-1.76825e-07,-0.0054381664
-1.76725e-07,-0.0054467831
-1.76625e-07,-0.005445347
-1.76525e-07,-0.0054345761
-1.76425e-07,-0.005421651
-1.76325e-07,-0.0054123162
-1.76225e-07,-0.005410162
-1.76125e-07,-0.0054137523
-1.76025e-07,-0.0054166245
-1.75925e-07,-0.0054123162
-1.75825e-07,-0.0053993911
-1.75725e-07,-0.0053800034
-1.75625e-07,-0.00536277
-1.75525e-07,-0.0053548713
-1.75425e-07,-0.0053584616
-1.75325e-07,-0.0053713867
-1.75225e-07,-0.0053843118
-1.75125e-07,-0.0053893382
-1.75025e-07,-0.0053821576
-1.74925e-07,-0.0053663603
-1.74825e-07,-0.0053498449
-1.74725e-07,-0.0053433824
-1.74625e-07,-0.0053519991
-1.74525e-07,-0.0053764131
-1.74425e-07,-0.0054072898
-1.74325e-07,-0.0054352941
-1.74225e-07,-0.0054518095
-1.74125e-07,-0.0054539637
-1.74025e-07,-0.005446065
-1.73925e-07,-0.0054352941
-1.73825e-07,-0.0054288316
-1.73725e-07,-0.0054295496
-1.73625e-07,-0.0054374483
-1.73525e-07,-0.0054467831
-1.73425e-07,-0.0054546818
-1.73325e-07,-0.0054597082
-1.73225e-07,-0.0054640165
-1.73125e-07,-0.005469761
-1.73025e-07,-0.0054798139
-1.72925e-07,-0.005493457
-1.72825e-07,-0.0055063821
-1.72725e-07,-0.0055157169
-1.72625e-07,-0.0055178711
-1.72525e-07,-0.0055142808
-1.72425e-07,-0.0055085363
-1.72325e-07,-0.0055042279
-1.72225e-07,-0.0055042279
-1.72125e-07,-0.0055085363
-1.72025e-07,-0.0055128447
-1.71925e-07,-0.0055157169
-1.71825e-07,-0.0055149989
-1.71725e-07,-0.0055142808
-1.71625e-07,-0.005516435
-1.71525e-07,-0.0055272059
-1.71425e-07,-0.0055473116
-1.71325e-07,-0.0055738798
-1.71225e-07,-0.00559973
-1.71125e-07,-0.0056191176
-1.71025e-07,-0.0056262983
-1.70925e-07,-0.0056219899
-1.70825e-07,-0.0056097829
-1.70725e-07,-0.0055961397
-1.70625e-07,-0.0055860869
-1.70525e-07,-0.0055832146
-1.70425e-07,-0.0055868049
-1.70325e-07,-0.0055961397
-1.70225e-07,-0.0056076287
-1.70125e-07,-0.0056205538
-1.70025e-07,-0.0056320427
-1.69925e-07,-0.0056420956
-1.69825e-07,-0.0056478401
-1.69725e-07,-0.0056478401
-1.69625e-07,-0.0056413775
-1.69525e-07,-0.0056306066
-1.69425e-07,-0.0056205538
-1.69325e-07,-0.0056176815
-1.69225e-07,-0.0056248621
-1.69125e-07,-0.0056420956
-1.69025e-07,-0.0056643555
-1.68925e-07,-0.0056815889
-1.68825e-07,-0.0056866153
-1.68725e-07,-0.0056765625
-1.68625e-07,-0.0056543026
-1.68525e-07,-0.0056313247
-1.68425e-07,-0.0056169635
-1.68325e-07,-0.0056191176
-1.68225e-07,-0.0056377872
-1.68125e-07,-0.0056650735
-1.68025e-07,-0.0056887695
-1.67925e-07,-0.0056995404
-1.67825e-07,-0.005693796
-1.67725e-07,-0.0056765625
-1.67625e-07,-0.0056564568
-1.67525e-07,-0.0056420956
-1.67425e-07,-0.0056377872
-1.67325e-07,-0.0056413775
-1.67225e-07,-0.0056449678
-1.67125e-07,-0.0056420956
-1.67025e-07,-0.0056298886
-1.66925e-07,-0.0056133732
-1.66825e-07,-0.0055990119
-1.66725e-07,-0.0055961397
-1.66625e-07,-0.0056076287
-1.66525e-07,-0.0056284524
-1.66425e-07,-0.0056514304
-1.66325e-07,-0.0056650735
-1.66225e-07,-0.0056643555
-1.66125e-07,-0.0056514304
-1.66025e-07,-0.0056327608
-1.65925e-07,-0.0056191176
-1.65825e-07,-0.0056162454
-1.65725e-07,-0.005623426
-1.65625e-07,-0.005634915
-1.65525e-07,-0.0056420956
-1.65425e-07,-0.0056392233
-1.65325e-07,-0.0056255802
-1.65225e-07,-0.0056083467
-1.65125e-07,-0.0055961397
-1.65025e-07,-0.0055961397
-1.64925e-07,-0.005611219
-1.64825e-07,-0.0056370692
-1.64725e-07,-0.0056650735
-1.64625e-07,-0.0056873334
-1.64525e-07,-0.0056995404
-1.64425e-07,-0.0057016946
-1.64325e-07,-0.0056995404
-1.64225e-07,-0.0056981043
-1.64125e-07,-0.0057016946
-1.64025e-07,-0.0057110294
-1.63925e-07,-0.0057225184
-1.63825e-07,-0.0057340074
-1.63725e-07,-0.0057426241
-1.63625e-07,-0.0057498047
-1.63525e-07,-0.0057569853
-1.63425e-07,-0.005765602
-1.63325e-07,-0.0057763729
-1.63225e-07,-0.0057857077
-1.63125e-07,-0.0057914522
-1.63025e-07,-0.0057907341
-1.62925e-07,-0.0057828355
-1.62825e-07,-0.0057706284
-1.62725e-07,-0.0057569853
-1.62625e-07,-0.0057454963
-1.62525e-07,-0.0057368796
-1.62425e-07,-0.005729699
-1.62325e-07,-0.0057225184
-1.62225e-07,-0.0057131836
-1.62125e-07,-0.0057009766
-1.62025e-07,-0.0056880515
-1.61925e-07,-0.0056765625
-1.61825e-07,-0.0056686638
-1.61725e-07,-0.0056643555
-1.61625e-07,-0.0056636374
-1.61525e-07,-0.0056650735
-1.61425e-07,-0.0056679458
-1.61325e-07,-0.0056722541
-1.61225e-07,-0.0056794347
-1.61125e-07,-0.0056880515
-1.61025e-07,-0.0056973863
-1.60925e-07,-0.0057045669
-1.60825e-07,-0.005706003
-1.60725e-07,-0.0056995404
-1.60625e-07,-0.0056858973
-1.60525e-07,-0.0056679458
-1.60425e-07,-0.0056521484
-1.60325e-07,-0.0056420956
-1.60225e-07,-0.0056413775
-1.60125e-07,-0.0056485581
-1.60025e-07,-0.0056614832
-1.59925e-07,-0.0056765625
-1.59825e-07,-0.0056916418
-1.59725e-07,-0.0057052849
-1.59625e-07,-0.0057196461
-1.59525e-07,-0.0057340074
-1.59425e-07,-0.0057483686
-1.59325e-07,-0.0057605756
-1.59225e-07,-0.0057677562
-1.59125e-07,-0.0057684743
-1.59025e-07,-0.0057634478
-1.58925e-07,-0.0057569853
-1.58825e-07,-0.005753395
-1.58725e-07,-0.0057569853
-1.58625e-07,-0.0057691923
-1.58525e-07,-0.00578858
-1.58425e-07,-0.0058086857
-1.58325e-07,-0.0058259191
-1.58225e-07,-0.00583669
-1.58125e-07,-0.0058402803
-1.58025e-07,-0.0058395623
-1.57925e-07,-0.0058374081
-1.57825e-07,-0.0058374081
-1.57725e-07,-0.0058395623
-1.57625e-07,-0.0058445887
-1.57525e-07,-0.0058488971
-1.57425e-07,-0.0058524874
-1.57325e-07,-0.0058560777
-1.57225e-07,-0.0058582318
-1.57125e-07,-0.005860386
-1.57025e-07,-0.0058611041
-1.56925e-07,-0.005860386
-1.56825e-07,-0.0058553596
-1.56725e-07,-0.0058488971
-1.56625e-07,-0.0058424345
-1.56525e-07,-0.0058388442
-1.56425e-07,-0.0058409984
-1.56325e-07,-0.0058488971
-1.56225e-07,-0.0058582318
-1.56125e-07,-0.0058632583
-1.56025e-07,-0.005860386
-1.55925e-07,-0.0058488971
-1.55825e-07,-0.0058323817
-1.55725e-07,-0.0058187385
-1.55625e-07,-0.0058151482
-1.55525e-07,-0.0058259191
-1.55425e-07,-0.005848179
-1.55325e-07,-0.0058754653
-1.55225e-07,-0.0058970071
-1.55125e-07,-0.0059063419
-1.55025e-07,-0.0059013155
-1.54925e-07,-0.0058869543
-1.54825e-07,-0.0058704389
-1.54725e-07,-0.005860386
-1.54625e-07,-0.005859668
-1.54525e-07,-0.0058682847
-1.54425e-07,-0.0058812098
-1.54325e-07,-0.0058948529
-1.54225e-07,-0.00590706
-1.54125e-07,-0.0059207031
-1.54025e-07,-0.0059386546
-1.53925e-07,-0.0059637868
-1.53825e-07,-0.0059939453
-1.53725e-07,-0.0060226677
-1.53625e-07,-0.0060413373
-1.53525e-07,-0.0060442096
-1.53425e-07,-0.0060312845
-1.53325e-07,-0.0060083065
-1.53225e-07,-0.0059867647
-1.53125e-07,-0.0059752757
-1.53025e-07,-0.0059795841
-1.52925e-07,-0.0059960995
-1.52825e-07,-0.0060169233
-1.52725e-07,-0.0060327206
-1.52625e-07,-0.0060363109
-1.52525e-07,-0.0060276942
-1.52425e-07,-0.0060118968
-1.52325e-07,-0.0059982537
-1.52225e-07,-0.0059925092
-1.52125e-07,-0.0059953814
-1.52025e-07,-0.0060032801
-1.51925e-07,-0.0060097426
-1.51825e-07,-0.0060083065
-1.51725e-07,-0.0059975356
-1.51625e-07,-0.0059803022
-1.51525e-07,-0.0059637868
-1.51425e-07,-0.0059530159
-1.51325e-07,-0.0059515797
-1.51225e-07,-0.0059566062
-1.51125e-07,-0.0059637868
-1.51025e-07,-0.0059688132
-1.50925e-07,-0.0059673771
-1.50825e-07,-0.0059616326
-1.50725e-07,-0.0059522978
-1.50625e-07,-0.0059436811
-1.50525e-07,-0.0059365005
-1.50425e-07,-0.0059321921
-1.50325e-07,-0.0059293199
-1.50225e-07,-0.0059264476
-1.50125e-07,-0.0059250115
-1.50025e-07,-0.0059257295
-1.49925e-07,-0.0059293199
-1.49825e-07,-0.0059365005
-1.49725e-07,-0.0059443991
-1.49625e-07,-0.0059501436
-1.49525e-07,-0.0059522978
-1.49425e-07,-0.0059501436
-1.49325e-07,-0.0059472714
-1.49225e-07,-0.0059465533
-1.49125e-07,-0.0059522978
-1.49025e-07,-0.0059652229
-1.48925e-07,-0.0059831744
-1.48825e-07,-0.0059996898
-1.48725e-07,-0.0060097426
-1.48625e-07,-0.0060097426
-1.48525e-07,-0.0060011259
-1.48425e-07,-0.0059874828
-1.48325e-07,-0.0059752757
-1.48225e-07,-0.0059680951
-1.48125e-07,-0.0059688132
-1.48025e-07,-0.0059759938
-1.47925e-07,-0.0059867647
-1.47825e-07,-0.0059975356
-1.47725e-07,-0.0060068704
-1.47625e-07,-0.0060147691
-1.47525e-07,-0.0060212316
-1.47425e-07,-0.006026258
-1.47325e-07,-0.0060291303
-1.47225e-07,-0.0060276942
-1.47125e-07,-0.0060212316
-1.47025e-07,-0.0060090246
-1.46925e-07,-0.0059932273
-1.46825e-07,-0.0059774299
-1.46725e-07,-0.0059637868
-1.46625e-07,-0.0059537339
-1.46525e-07,-0.0059472714
-1.46425e-07,-0.0059436811
-1.46325e-07,-0.0059408088
-1.46225e-07,-0.0059393727
-1.46125e-07,-0.0059408088
-1.46025e-07,-0.0059458352
-1.45925e-07,-0.0059522978
-1.45825e-07,-0.0059580423
-1.45725e-07,-0.0059587603
-1.45625e-07,-0.0059494256
-1.45525e-07,-0.0059293199
-1.45425e-07,-0.0059020335
-1.45325e-07,-0.0058725931
-1.45225e-07,-0.0058496151
-1.45125e-07,-0.0058374081
-1.45025e-07,-0.0058352539
-1.44925e-07,-0.0058395623
-1.44825e-07,-0.0058417165
-1.44725e-07,-0.0058374081
-1.44625e-07,-0.0058237649
-1.44525e-07,-0.0058050954
-1.44425e-07,-0.00578858
-1.44325e-07,-0.0057799632
-1.44225e-07,-0.0057828355
-1.44125e-07,-0.0057957606
-1.44025e-07,-0.005812276
-1.43925e-07,-0.0058259191
-1.43825e-07,-0.0058316636
-1.43725e-07,-0.0058287914
-1.43625e-07,-0.0058216108
-1.43525e-07,-0.0058144301
-1.43425e-07,-0.0058115579
-1.43325e-07,-0.0058144301
-1.43225e-07,-0.0058201746
-1.43125e-07,-0.0058259191
-1.43025e-07,-0.0058295094
-1.42925e-07,-0.0058309455
-1.42825e-07,-0.0058330997
-1.42725e-07,-0.0058374081
-1.42625e-07,-0.0058460248
-1.42525e-07,-0.0058567957
-1.42425e-07,-0.0058668486
-1.42325e-07,-0.005871875
-1.42225e-07,-0.0058704389
-1.42125e-07,-0.0058639763
-1.42025e-07,-0.0058553596
-1.41925e-07,-0.0058488971
-1.41825e-07,-0.0058474609
-1.41725e-07,-0.0058503332
-1.41625e-07,-0.0058553596
-1.41525e-07,-0.005860386
-1.41425e-07,-0.0058639763
-1.41325e-07,-0.0058654125
-1.41225e-07,-0.0058675666
-1.41125e-07,-0.005871875
-1.41025e-07,-0.0058783375
-1.40925e-07,-0.0058855182
-1.40825e-07,-0.0058912626
-1.40725e-07,-0.0058948529
-1.40625e-07,-0.005895571
-1.40525e-07,-0.0058948529
-1.40425e-07,-0.0058941349
-1.40325e-07,-0.0058948529
-1.40225e-07,-0.0058948529
-1.40125e-07,-0.0058912626
-1.40025e-07,-0.005883364
-1.39925e-07,-0.005871875
-1.39825e-07,-0.0058618222
-1.39725e-07,-0.005859668
-1.39625e-07,-0.0058704389
-1.39525e-07,-0.0058948529
-1.39425e-07,-0.0059271657
-1.39325e-07,-0.0059573242
-1.39225e-07,-0.0059752757
-1.39125e-07,-0.0059752757
-1.39025e-07,-0.0059580423
-1.38925e-07,-0.0059321921
-1.38825e-07,-0.005907778
-1.38725e-07,-0.0058948529
-1.38625e-07,-0.005895571
-1.38525e-07,-0.0059063419
-1.38425e-07,-0.0059199851
-1.38325e-07,-0.0059293199
-1.38225e-07,-0.0059321921
-1.38125e-07,-0.005931474
-1.38025e-07,-0.0059329102
-1.37925e-07,-0.0059408088
-1.37825e-07,-0.0059558881
-1.37725e-07,-0.0059738396
-1.37625e-07,-0.0059860466
-1.37525e-07,-0.0059867647
-1.37425e-07,-0.0059752757
-1.37325e-07,-0.0059566062
-1.37225e-07,-0.0059386546
-1.37125e-07,-0.0059293199
-1.37025e-07,-0.0059293199
-1.36925e-07,-0.0059350643
-1.36825e-07,-0.0059372185
-1.36725e-07,-0.0059293199
-1.36625e-07,-0.0059099322
-1.36525e-07,-0.005884082
-1.36425e-07,-0.0058611041
-1.36325e-07,-0.0058488971
-1.36225e-07,-0.0058510512
-1.36125e-07,-0.0058639763
-1.36025e-07,-0.0058776195
-1.35925e-07,-0.005883364
-1.35825e-07,-0.0058761834
-1.35725e-07,-0.005859668
-1.35625e-07,-0.0058395623
-1.35525e-07,-0.0058259191
-1.35425e-07,-0.0058230469
-1.35325e-07,-0.0058287914
-1.35225e-07,-0.005835972
-1.35125e-07,-0.0058374081
-1.35025e-07,-0.0058280733
-1.34925e-07,-0.0058086857
-1.34825e-07,-0.0057864258
-1.34725e-07,-0.0057684743
-1.34625e-07,-0.0057605756
-1.34525e-07,-0.0057612937
-1.34425e-07,-0.0057663201
-1.34325e-07,-0.0057684743
-1.34225e-07,-0.0057641659
-1.34125e-07,-0.0057541131
-1.34025e-07,-0.0057426241
-1.33925e-07,-0.0057340074
-1.33825e-07,-0.0057311351
-1.33725e-07,-0.0057332893
-1.33625e-07,-0.0057354435
-1.33525e-07,-0.0057340074
-1.33425e-07,-0.0057275448
-1.33325e-07,-0.0057196461
-1.33225e-07,-0.0057160558
-1.33125e-07,-0.0057225184
-1.33025e-07,-0.0057390338
-1.32925e-07,-0.0057627298
-1.32825e-07,-0.0057864258
-1.32725e-07,-0.0058029412
-1.32625e-07,-0.0058108398
-1.32525e-07,-0.0058137121
-1.32425e-07,-0.0058165843
-1.32325e-07,-0.0058259191
-1.32225e-07,-0.0058424345
-1.32125e-07,-0.0058618222
-1.32025e-07,-0.0058776195
-1.31925e-07,-0.005883364
-1.31825e-07,-0.0058776195
-1.31725e-07,-0.0058661305
-1.31625e-07,-0.0058575138
-1.31525e-07,-0.005860386
-1.31425e-07,-0.0058769014
-1.31325e-07,-0.0059034697
-1.31225e-07,-0.0059321921
-1.31125e-07,-0.0059522978
-1.31025e-07,-0.0059594784
-1.30925e-07,-0.0059537339
-1.30825e-07,-0.0059415269
-1.30725e-07,-0.0059293199
-1.30625e-07,-0.0059221392
-1.30525e-07,-0.005919267
-1.30425e-07,-0.0059185489
-1.30325e-07,-0.0059178309
-1.30225e-07,-0.0059163948
-1.30125e-07,-0.0059185489
-1.30025e-07,-0.0059300379
-1.29925e-07,-0.0059522978
-1.29825e-07,-0.0059838925
-1.29725e-07,-0.0060162052
-1.29625e-07,-0.0060391831
-1.29525e-07,-0.0060442096
-1.29425e-07,-0.0060312845
-1.29325e-07,-0.0060075885
-1.29225e-07,-0.0059853286
-1.29125e-07,-0.0059752757
-1.29025e-07,-0.0059824563
-1.28925e-07,-0.0060032801
-1.28825e-07,-0.0060269761
-1.28725e-07,-0.0060442096
-1.28625e-07,-0.0060485179
-1.28525e-07,-0.0060420554
-1.28425e-07,-0.0060334386
-1.28325e-07,-0.0060327206
-1.28225e-07,-0.0060449276
-1.28125e-07,-0.0060679056
-1.28025e-07,-0.0060944738
-1.27925e-07,-0.0061131434
-1.27825e-07,-0.0061174517
-1.27725e-07,-0.0061066808
-1.27625e-07,-0.0060865751
-1.27525e-07,-0.0060671875
-1.27425e-07,-0.0060549805
-1.27325e-07,-0.0060513902
-1.27225e-07,-0.0060535443
-1.27125e-07,-0.0060556985
-1.27025e-07,-0.0060542624
-1.26925e-07,-0.006049954
-1.26825e-07,-0.0060485179
-1.26725e-07,-0.0060556985
-1.26625e-07,-0.0060743681
-1.26525e-07,-0.0061016544
-1.26425e-07,-0.0061296588
-1.26325e-07,-0.0061476103
-1.26225e-07,-0.0061497645
-1.26125e-07,-0.0061354033
-1.26025e-07,-0.0061117073
-1.25925e-07,-0.0060901654
-1.25825e-07,-0.0060786765
-1.25725e-07,-0.0060822668
-1.25625e-07,-0.0060959099
-1.25525e-07,-0.0061131434
-1.25425e-07,-0.0061246324
-1.25325e-07,-0.0061260685
-1.25225e-07,-0.0061167337
-1.25125e-07,-0.0061016544
-1.25025e-07,-0.0060880113
-1.24925e-07,-0.0060793945
-1.24825e-07,-0.0060772403
-1.24725e-07,-0.0060786765
-1.24625e-07,-0.0060793945
-1.24525e-07,-0.0060743681
-1.24425e-07,-0.0060621611
-1.24325e-07,-0.0060442096
-1.24225e-07,-0.0060226677
-1.24125e-07,-0.0060011259
-1.24025e-07,-0.0059846105
-1.23925e-07,-0.0059752757
-1.23825e-07,-0.0059752757
-1.23725e-07,-0.0059846105
-1.23625e-07,-0.006001844
-1.23525e-07,-0.0060212316
-1.23425e-07,-0.006037029
-1.23325e-07,-0.0060442096
-1.23225e-07,-0.0060384651
-1.23125e-07,-0.0060212316
-1.23025e-07,-0.0059982537
-1.22925e-07,-0.0059774299
-1.22825e-07,-0.0059652229
-1.22725e-07,-0.0059637868
-1.22625e-07,-0.0059716854
-1.22525e-07,-0.0059817383
-1.22425e-07,-0.0059874828
-1.22325e-07,-0.0059867647
-1.22225e-07,-0.0059810202
-1.22125e-07,-0.0059767119
-1.22025e-07,-0.0059817383
-1.21925e-07,-0.0059982537
-1.21825e-07,-0.00602554
-1.21725e-07,-0.0060549805
-1.21625e-07,-0.0060786765
-1.21525e-07,-0.0060901654
-1.21425e-07,-0.0060894474
-1.21325e-07,-0.0060822668
-1.21225e-07,-0.0060765223
-1.21125e-07,-0.0060786765
-1.21025e-07,-0.0060894474
-1.20925e-07,-0.0061052447
-1.20825e-07,-0.0061181698
-1.20725e-07,-0.0061246324
-1.20625e-07,-0.0061239143
-1.20525e-07,-0.0061231962
-1.20425e-07,-0.0061296588
-1.20325e-07,-0.0061476103
-1.20225e-07,-0.0061763327
-1.20125e-07,-0.0062079274
-1.20025e-07,-0.0062316234
-1.19925e-07,-0.0062395221
-1.19825e-07,-0.0062301873
-1.19725e-07,-0.0062122358
-1.19625e-07,-0.0061964384
-1.19525e-07,-0.0061935662
-1.19425e-07,-0.0062086455
-1.19325e-07,-0.0062373679
-1.19225e-07,-0.0062703987
-1.19125e-07,-0.0062969669
-1.19025e-07,-0.0063120462
-1.18925e-07,-0.0063163545
-1.18825e-07,-0.0063163545
-1.18725e-07,-0.0063199449
-1.18625e-07,-0.0063292796
-1.18525e-07,-0.0063429228
-1.18425e-07,-0.0063529756
-1.18325e-07,-0.0063544118
-1.18225e-07,-0.006345077
-1.18125e-07,-0.0063285616
-1.18025e-07,-0.0063142004
-1.17925e-07,-0.0063084559
-1.17825e-07,-0.0063149184
-1.17725e-07,-0.0063299977
-1.17625e-07,-0.006345795
-1.17525e-07,-0.0063544118
-1.17425e-07,-0.0063522576
-1.17325e-07,-0.0063429228
-1.17225e-07,-0.006333588
-1.17125e-07,-0.0063314338
-1.17025e-07,-0.0063386144
-1.16925e-07,-0.0063501034
-1.16825e-07,-0.0063580021
-1.16725e-07,-0.0063544118
-1.16625e-07,-0.0063364602
-1.16525e-07,-0.0063084559
-1.16425e-07,-0.0062804515
-1.16325e-07,-0.0062625
-1.16225e-07,-0.0062589097
-1.16125e-07,-0.0062668084
-1.16025e-07,-0.0062782973
-1.15925e-07,-0.0062854779
-1.15825e-07,-0.0062833238
-1.15725e-07,-0.0062732709
-1.15625e-07,-0.0062639361
-1.15525e-07,-0.0062625
-1.15425e-07,-0.0062732709
-1.15325e-07,-0.0062940947
-1.15225e-07,-0.0063163545
-1.15125e-07,-0.0063314338
-1.15025e-07,-0.0063343061
-1.14925e-07,-0.0063249713
-1.14825e-07,-0.006309892
-1.14725e-07,-0.0062969669
-1.14625e-07,-0.0062905044
-1.14525e-07,-0.0062905044
-1.14425e-07,-0.0062940947
-1.14325e-07,-0.0062969669
-1.14225e-07,-0.006297685
-1.14125e-07,-0.006298403
-1.14025e-07,-0.0063048656
-1.13925e-07,-0.0063199449
-1.13825e-07,-0.0063422047
-1.13725e-07,-0.0063651827
-1.13625e-07,-0.0063788258
-1.13525e-07,-0.0063773897
-1.13425e-07,-0.0063587201
-1.13325e-07,-0.0063307158
-1.13225e-07,-0.0063027114
-1.13125e-07,-0.0062854779
-1.13025e-07,-0.0062833238
-1.12925e-07,-0.0062940947
-1.12825e-07,-0.0063084559
-1.12725e-07,-0.0063199449
-1.12625e-07,-0.0063242532
-1.12525e-07,-0.0063235352
-1.12425e-07,-0.0063242532
-1.12325e-07,-0.0063314338
-1.12225e-07,-0.0063465131
-1.12125e-07,-0.0063644646
-1.12025e-07,-0.0063766716
-1.11925e-07,-0.0063773897
-1.11825e-07,-0.0063651827
-1.11725e-07,-0.006345077
-1.11625e-07,-0.0063278435
-1.11525e-07,-0.0063199449
-1.11425e-07,-0.0063235352
-1.11325e-07,-0.0063321519
-1.11225e-07,-0.0063371783
-1.11125e-07,-0.0063314338
-1.11025e-07,-0.0063134823
-1.10925e-07,-0.0062912224
-1.10825e-07,-0.006274707
-1.10725e-07,-0.006273989
-1.10625e-07,-0.0062905044
-1.10525e-07,-0.0063185087
-1.10425e-07,-0.0063436409
-1.10325e-07,-0.0063544118
-1.10225e-07,-0.006345795
-1.10125e-07,-0.0063199449
-1.10025e-07,-0.0062883502
-1.09925e-07,-0.0062625
-1.09825e-07,-0.0062481388
-1.09725e-07,-0.0062459846
-1.09625e-07,-0.0062495749
-1.09525e-07,-0.006251011
-1.09425e-07,-0.0062467027
-1.09325e-07,-0.006238804
-1.09225e-07,-0.0062309053
-1.09125e-07,-0.0062280331
-1.09025e-07,-0.0062294692
-1.08925e-07,-0.0062301873
-1.08825e-07,-0.0062230067
-1.08725e-07,-0.0062050551
-1.08625e-07,-0.006179205
-1.08525e-07,-0.0061540728
-1.08425e-07,-0.0061411477
-1.08325e-07,-0.0061476103
-1.08225e-07,-0.0061713063
-1.08125e-07,-0.006202901
-1.08025e-07,-0.0062280331
-1.07925e-07,-0.0062395221
-1.07825e-07,-0.0062366498
-1.07725e-07,-0.0062294692
-1.07625e-07,-0.0062309053
-1.07525e-07,-0.006251011
-1.07425e-07,-0.0062883502
-1.07325e-07,-0.0063299977
-1.07225e-07,-0.0063608743
-1.07125e-07,-0.0063659007
-1.07025e-07,-0.0063443589
-1.06925e-07,-0.0063063017
-1.06825e-07,-0.0062696806
-1.06725e-07,-0.006251011
-1.06625e-07,-0.0062560375
-1.06525e-07,-0.0062782973
-1.06425e-07,-0.0063012753
-1.06325e-07,-0.0063084559
-1.06225e-07,-0.0062933766
-1.06125e-07,-0.0062617819
-1.06025e-07,-0.006227315
-1.05925e-07,-0.0062050551
-1.05825e-07,-0.006202901
-1.05725e-07,-0.0062172622
-1.05625e-07,-0.0062344956
-1.05525e-07,-0.0062395221
-1.05425e-07,-0.0062244428
-1.05325e-07,-0.006191412
-1.05225e-07,-0.0061540728
-1.05125e-07,-0.0061246324
-1.05025e-07,-0.0061138614
-1.04925e-07,-0.0061196059
-1.04825e-07,-0.0061346852
-1.04725e-07,-0.0061476103
-1.04625e-07,-0.0061512006
-1.04525e-07,-0.0061454561
-1.04425e-07,-0.0061382755
-1.04325e-07,-0.0061361213
-1.04225e-07,-0.0061425839
-1.04125e-07,-0.0061533548
-1.04025e-07,-0.0061612534
-1.03925e-07,-0.0061590993
-1.03825e-07,-0.0061476103
-1.03725e-07,-0.0061332491
-1.03625e-07,-0.0061267865
-1.03525e-07,-0.0061361213
-1.03425e-07,-0.0061590993
-1.03325e-07,-0.0061849494
-1.03225e-07,-0.0062000287
-1.03125e-07,-0.0061935662
-1.03025e-07,-0.0061662799
-1.02925e-07,-0.0061310949
-1.02825e-07,-0.0061045267
-1.02725e-07,-0.0061016544
-1.02625e-07,-0.0061260685
-1.02525e-07,-0.0061669979
-1.02425e-07,-0.0062072093
-1.02325e-07,-0.0062280331
-1.02225e-07,-0.0062237247
-1.02125e-07,-0.0061993107
-1.02025e-07,-0.0061727424
-1.01925e-07,-0.0061590993
-1.01825e-07,-0.006167716
-1.01725e-07,-0.0061942842
-1.01625e-07,-0.006226597
-1.01525e-07,-0.006251011
-1.01425e-07,-0.0062603458
-1.01325e-07,-0.0062574736
-1.01225e-07,-0.0062546013
-1.01125e-07,-0.0062625
-1.01025e-07,-0.0062847599
-1.00925e-07,-0.0063149184
-1.00825e-07,-0.0063386144
-1.00725e-07,-0.0063429228
-1.00625e-07,-0.0063242532
-1.00525e-07,-0.0062905044
-1.00425e-07,-0.0062567555
-1.00325e-07,-0.0062395221
-1.00225e-07,-0.0062459846
-1.00125e-07,-0.0062711167
-1.00025e-07,-0.0063041475
-9.992501e-08,-0.0063314338
-9.982501e-08,-0.006345795
-9.972501e-08,-0.0063515395
-9.962501e-08,-0.0063594382
-9.952501e-08,-0.0063773897
-9.942501e-08,-0.0064089844
-9.932501e-08,-0.0064456055
-9.922501e-08,-0.0064728918
-9.912501e-08,-0.0064807904
-9.902501e-08,-0.0064664292
-9.892501e-08,-0.0064391429
-9.882501e-08,-0.006416165
-9.872501e-08,-0.0064118566
-9.862501e-08,-0.0064298081
-9.852501e-08,-0.0064599667
-9.842501e-08,-0.0064865349
-9.832501e-08,-0.0064922794
-9.822501e-08,-0.0064721737
-9.812501e-08,-0.0064341165
-9.802501e-08,-0.0063967773
-9.792501e-08,-0.0063773897
-9.782501e-08,-0.0063845703
-9.772501e-08,-0.0064104205
-9.762501e-08,-0.0064377068
-9.752501e-08,-0.0064463235
-9.742501e-08,-0.0064262178
-9.732501e-08,-0.0063816981
-9.722501e-08,-0.0063285616
-9.712501e-08,-0.0062854779
-9.702501e-08,-0.0062660903
-9.692501e-08,-0.0062696806
-9.682501e-08,-0.0062854779
-9.672501e-08,-0.0062969669
-9.662501e-08,-0.0062948127
-9.652501e-08,-0.0062782973
-9.642501e-08,-0.0062589097
-9.632501e-08,-0.006251011
-9.622501e-08,-0.0062625
-9.612501e-08,-0.0062926585
-9.602501e-08,-0.0063278435
-9.592501e-08,-0.0063544118
-9.582501e-08,-0.0063608743
-9.572501e-08,-0.0063465131
-9.562501e-08,-0.0063206629
-9.552501e-08,-0.0062969669
-9.542501e-08,-0.0062869141
-9.532501e-08,-0.0062919405
-9.522501e-08,-0.0063063017
-9.512501e-08,-0.0063199449
-9.502501e-08,-0.0063256893
-9.492501e-08,-0.006321381
-9.482501e-08,-0.0063134823
-9.472501e-08,-0.0063084559
-9.462501e-08,-0.0063113281
-9.452501e-08,-0.0063206629
-9.442501e-08,-0.0063299977
-9.432501e-08,-0.0063314338
-9.422501e-08,-0.006322099
-9.412501e-08,-0.0063041475
-9.402501e-08,-0.0062854779
-9.392501e-08,-0.006273989
-9.382501e-08,-0.0062718348
-9.372501e-08,-0.0062754251
-9.362501e-08,-0.0062782973
-9.352501e-08,-0.006273989
-9.342501e-08,-0.0062625
-9.332501e-08,-0.0062495749
-9.322501e-08,-0.0062438304
-9.312501e-08,-0.006251011
-9.302501e-08,-0.0062689625
-9.292501e-08,-0.0062876321
-9.282501e-08,-0.0062962489
-9.272501e-08,-0.0062854779
-9.262501e-08,-0.0062574736
-9.252501e-08,-0.0062230067
-9.242501e-08,-0.0061978745
-9.232501e-08,-0.0061935662
-9.222501e-08,-0.0062107996
-9.212501e-08,-0.0062402401
-9.202501e-08,-0.0062660903
-9.192501e-08,-0.006273989
-9.182501e-08,-0.0062610639
-9.172501e-08,-0.0062344956
-9.162501e-08,-0.0062115177
-9.152501e-08,-0.0062050551
-9.142501e-08,-0.0062201344
-9.132501e-08,-0.0062488568
-9.122501e-08,-0.0062754251
-9.112501e-08,-0.0062854779
-9.102501e-08,-0.0062725528
-9.092501e-08,-0.0062423943
-9.082501e-08,-0.0062115177
-9.072501e-08,-0.0061935662
-9.062501e-08,-0.0061971565
-9.052501e-08,-0.0062186983
-9.042501e-08,-0.0062452665
-9.032501e-08,-0.0062625
-9.022501e-08,-0.0062632181
-9.012501e-08,-0.0062517291
-9.002501e-08,-0.0062395221
-8.992501e-08,-0.0062395221
-8.982501e-08,-0.0062560375
-8.972501e-08,-0.0062847599
-8.962501e-08,-0.0063106101
-8.952501e-08,-0.0063199449
-8.942501e-08,-0.0063055836
-8.932501e-08,-0.0062718348
-8.922501e-08,-0.0062330595
-8.912501e-08,-0.0062050551
-8.902501e-08,-0.0061971565
-8.892501e-08,-0.0062064913
-8.882501e-08,-0.0062215705
-8.872501e-08,-0.0062280331
-8.862501e-08,-0.0062165441
-8.852501e-08,-0.0061899759
-8.842501e-08,-0.0061576631
-8.832501e-08,-0.0061361213
-8.822501e-08,-0.0061339671
-8.812501e-08,-0.0061504825
-8.802501e-08,-0.0061748966
-8.792501e-08,-0.0061935662
-8.782501e-08,-0.0061950023
-8.772501e-08,-0.0061777688
-8.762501e-08,-0.0061497645
-8.752501e-08,-0.0061246324
-8.742501e-08,-0.0061131434
-8.732501e-08,-0.0061196059
-8.722501e-08,-0.0061375574
-8.712501e-08,-0.0061590993
-8.702501e-08,-0.0061741785
-8.692501e-08,-0.0061806411
-8.682501e-08,-0.0061806411
-8.672501e-08,-0.0061820772
-8.662501e-08,-0.0061899759
-8.652501e-08,-0.0062057732
-8.642501e-08,-0.0062237247
-8.632501e-08,-0.0062395221
-8.622501e-08,-0.0062474207
-8.612501e-08,-0.0062488568
-8.602501e-08,-0.0062481388
-8.592501e-08,-0.006251011
-8.582501e-08,-0.0062610639
-8.572501e-08,-0.0062775793
-8.562501e-08,-0.0062955308
-8.552501e-08,-0.0063084559
-8.542501e-08,-0.0063142004
-8.532501e-08,-0.0063149184
-8.522501e-08,-0.0063149184
-8.512501e-08,-0.0063199449
-8.502501e-08,-0.0063307158
-8.492501e-08,-0.0063436409
-8.482501e-08,-0.0063536937
-8.472501e-08,-0.0063544118
-8.462501e-08,-0.0063465131
-8.452501e-08,-0.0063350241
-8.442501e-08,-0.0063278435
-8.432501e-08,-0.0063314338
-8.422501e-08,-0.006345077
-8.412501e-08,-0.0063637466
-8.402501e-08,-0.0063766716
-8.392501e-08,-0.0063773897
-8.382501e-08,-0.0063644646
-8.372501e-08,-0.0063436409
-8.362501e-08,-0.0063264074
-8.352501e-08,-0.0063199449
-8.342501e-08,-0.0063271255
-8.332501e-08,-0.0063422047
-8.322501e-08,-0.0063544118
-8.312501e-08,-0.0063544118
-8.302501e-08,-0.0063386144
-8.292501e-08,-0.0063134823
-8.282501e-08,-0.0062883502
-8.272501e-08,-0.006273989
-8.262501e-08,-0.0062754251
-8.252501e-08,-0.0062876321
-8.242501e-08,-0.0063019933
-8.232501e-08,-0.0063084559
-8.222501e-08,-0.0063019933
-8.212501e-08,-0.0062854779
-8.202501e-08,-0.0062689625
-8.192501e-08,-0.0062625
-8.182501e-08,-0.0062703987
-8.172501e-08,-0.0062890682
-8.162501e-08,-0.0063091739
-8.152501e-08,-0.0063199449
-8.142501e-08,-0.0063156365
-8.132501e-08,-0.0062969669
-8.122501e-08,-0.0062725528
-8.112501e-08,-0.006251011
-8.102501e-08,-0.006238804
-8.092501e-08,-0.0062366498
-8.082501e-08,-0.006238804
-8.072501e-08,-0.0062395221
-8.062501e-08,-0.0062352137
-8.052501e-08,-0.0062287511
-8.042501e-08,-0.0062244428
-8.032501e-08,-0.0062280331
-8.022501e-08,-0.0062409582
-8.012501e-08,-0.0062581916
-8.002501e-08,-0.0062718348
-7.992501e-08,-0.006273989
-7.982501e-08,-0.0062632181
-7.972501e-08,-0.0062459846
-7.962501e-08,-0.0062309053
-7.952501e-08,-0.0062280331
-7.942501e-08,-0.0062409582
-7.932501e-08,-0.0062653722
-7.922501e-08,-0.0062912224
-7.912501e-08,-0.0063084559
-7.902501e-08,-0.0063113281
-7.892501e-08,-0.0063019933
-7.882501e-08,-0.0062905044
-7.872501e-08,-0.0062854779
-7.862501e-08,-0.0062926585
-7.852501e-08,-0.0063106101
-7.842501e-08,-0.0063299977
-7.832501e-08,-0.0063429228
-7.822501e-08,-0.0063429228
-7.812501e-08,-0.0063314338
-7.802501e-08,-0.0063170726
-7.792501e-08,-0.0063084559
-7.782501e-08,-0.0063120462
-7.772501e-08,-0.0063271255
-7.762501e-08,-0.0063479492
-7.752501e-08,-0.0063659007
-7.742501e-08,-0.0063745175
-7.732501e-08,-0.0063737994
-7.722501e-08,-0.006368773
-7.712501e-08,-0.0063659007
-7.702501e-08,-0.0063716452
-7.692501e-08,-0.0063852884
-7.682501e-08,-0.006404676
-7.672501e-08,-0.0064233456
-7.662501e-08,-0.0064377068
-7.652501e-08,-0.0064484777
-7.642501e-08,-0.0064578125
-7.632501e-08,-0.0064693015
-7.622501e-08,-0.0064836627
-7.612501e-08,-0.006498742
-7.602501e-08,-0.006510949
-7.592501e-08,-0.0065152574
-7.582501e-08,-0.0065138212
-7.572501e-08,-0.006510949
-7.562501e-08,-0.0065138212
-7.552501e-08,-0.0065267463
-7.542501e-08,-0.0065497243
-7.532501e-08,-0.0065770106
-7.522501e-08,-0.0065985524
-7.512501e-08,-0.0066071691
-7.502501e-08,-0.0066014246
-7.492501e-08,-0.0065856273
-7.482501e-08,-0.00656983
-7.472501e-08,-0.0065612132
-7.462501e-08,-0.0065648035
-7.452501e-08,-0.0065777286
-7.442501e-08,-0.006593526
-7.432501e-08,-0.0066071691
-7.422501e-08,-0.0066150678
-7.412501e-08,-0.0066208123
-7.402501e-08,-0.0066279929
-7.392501e-08,-0.006641636
-7.382501e-08,-0.0066603056
-7.372501e-08,-0.006676821
-7.362501e-08,-0.0066840016
-7.352501e-08,-0.0066761029
-7.342501e-08,-0.0066538431
-7.332501e-08,-0.0066236845
-7.322501e-08,-0.0065978343
-7.312501e-08,-0.0065841912
-7.302501e-08,-0.0065841912
-7.292501e-08,-0.0065928079
-7.282501e-08,-0.0065992705
-7.272501e-08,-0.0065956801
-7.262501e-08,-0.0065806009
-7.252501e-08,-0.0065597771
-7.242501e-08,-0.0065425437
-7.232501e-08,-0.0065382353
-7.222501e-08,-0.0065475701
-7.212501e-08,-0.0065640855
-7.202501e-08,-0.0065762925
-7.192501e-08,-0.0065727022
-7.182501e-08,-0.0065504423
-7.172501e-08,-0.0065159754
-7.162501e-08,-0.0064807904
-7.152501e-08,-0.0064578125
-7.142501e-08,-0.0064527861
-7.132501e-08,-0.006463557
-7.122501e-08,-0.0064800724
-7.112501e-08,-0.0064922794
-7.102501e-08,-0.0064929975
-7.092501e-08,-0.0064829446
-7.082501e-08,-0.0064685834
-7.072501e-08,-0.0064578125
-7.062501e-08,-0.0064542222
-7.052501e-08,-0.0064556583
-7.042501e-08,-0.0064556583
-7.032501e-08,-0.0064463235
-7.022501e-08,-0.0064269359
-7.012501e-08,-0.0064010857
-7.002501e-08,-0.0063781078
-6.992501e-08,-0.0063659007
-6.982501e-08,-0.0063673369
-6.972501e-08,-0.0063773897
-6.962501e-08,-0.0063874426
-6.952501e-08,-0.0063888787
-6.942501e-08,-0.0063795439
-6.932501e-08,-0.0063623104
-6.922501e-08,-0.0063479492
-6.912501e-08,-0.0063429228
-6.902501e-08,-0.0063501034
-6.892501e-08,-0.0063644646
-6.882501e-08,-0.0063766716
-6.872501e-08,-0.0063773897
-6.862501e-08,-0.0063637466
-6.852501e-08,-0.0063414867
-6.842501e-08,-0.0063199449
-6.832501e-08,-0.0063084559
-6.822501e-08,-0.006309892
-6.812501e-08,-0.0063206629
-6.802501e-08,-0.0063307158
-6.792501e-08,-0.0063314338
-6.782501e-08,-0.0063199449
-6.772501e-08,-0.0063019933
-6.762501e-08,-0.0062876321
-6.752501e-08,-0.0062854779
-6.742501e-08,-0.0062991211
-6.732501e-08,-0.006322099
-6.722501e-08,-0.0063443589
-6.712501e-08,-0.0063544118
-6.702501e-08,-0.0063486673
-6.692501e-08,-0.0063307158
-6.682501e-08,-0.0063106101
-6.672501e-08,-0.0062969669
-6.662501e-08,-0.0062948127
-6.652501e-08,-0.0062991211
-6.642501e-08,-0.0063027114
-6.632501e-08,-0.0062969669
-6.622501e-08,-0.0062811696
-6.612501e-08,-0.0062610639
-6.602501e-08,-0.0062474207
-6.592501e-08,-0.006251011
-6.582501e-08,-0.0062725528
-6.572501e-08,-0.0063041475
-6.562501e-08,-0.0063314338
-6.552501e-08,-0.0063429228
-6.542501e-08,-0.0063321519
-6.532501e-08,-0.0063048656
-6.522501e-08,-0.0062725528
-6.512501e-08,-0.006251011
-6.502501e-08,-0.0062474207
-6.492501e-08,-0.0062596278
-6.482501e-08,-0.0062804515
-6.472501e-08,-0.0062969669
-6.462501e-08,-0.0063041475
-6.452501e-08,-0.0063027114
-6.442501e-08,-0.0063012753
-6.432501e-08,-0.0063084559
-6.422501e-08,-0.0063292796
-6.412501e-08,-0.0063594382
-6.402501e-08,-0.0063903148
-6.392501e-08,-0.0064118566
-6.382501e-08,-0.0064183192
-6.372501e-08,-0.0064125747
-6.362501e-08,-0.0064032399
-6.352501e-08,-0.0064003676
-6.342501e-08,-0.0064097024
-6.332501e-08,-0.006427654
-6.322501e-08,-0.0064470416
-6.312501e-08,-0.0064578125
-6.302501e-08,-0.0064570944
-6.292501e-08,-0.0064484777
-6.282501e-08,-0.0064412971
-6.272501e-08,-0.0064463235
-6.262501e-08,-0.0064678653
-6.252501e-08,-0.0065016142
-6.242501e-08,-0.0065367992
-6.232501e-08,-0.0065612132
-6.222501e-08,-0.0065662397
-6.212501e-08,-0.0065533146
-6.202501e-08,-0.0065289005
-6.192501e-08,-0.0065037684
-6.182501e-08,-0.0064858169
-6.172501e-08,-0.006475046
-6.162501e-08,-0.0064678653
-6.152501e-08,-0.0064578125
-6.142501e-08,-0.0064412971
-6.132501e-08,-0.0064211914
-6.122501e-08,-0.0064053941
-6.112501e-08,-0.0064003676
-6.102501e-08,-0.0064097024
-6.092501e-08,-0.006428372
-6.082501e-08,-0.0064477597
-6.072501e-08,-0.0064578125
-6.062501e-08,-0.0064527861
-6.052501e-08,-0.0064355526
-6.042501e-08,-0.0064147289
-6.032501e-08,-0.0064003676
-6.022501e-08,-0.0063989315
-6.012501e-08,-0.0064097024
-6.002501e-08,-0.0064247817
-5.992501e-08,-0.0064348346
-5.982501e-08,-0.0064326804
-5.972501e-08,-0.0064197553
-5.962501e-08,-0.0064018038
-5.952501e-08,-0.0063888787
-5.942501e-08,-0.0063874426
-5.932501e-08,-0.0063989315
-5.922501e-08,-0.0064176011
-5.912501e-08,-0.0064348346
-5.902501e-08,-0.0064448874
-5.892501e-08,-0.0064456055
-5.882501e-08,-0.006440579
-5.872501e-08,-0.0064348346
-5.862501e-08,-0.0064341165
-5.852501e-08,-0.0064391429
-5.842501e-08,-0.0064484777
-5.832501e-08,-0.0064578125
-5.822501e-08,-0.0064649931
-5.812501e-08,-0.0064714557
-5.802501e-08,-0.0064793543
-5.792501e-08,-0.0064922794
-5.782501e-08,-0.0065095129
-5.772501e-08,-0.0065289005
-5.762501e-08,-0.0065432617
-5.752501e-08,-0.0065497243
-5.742501e-08,-0.0065475701
-5.732501e-08,-0.0065403895
-5.722501e-08,-0.0065353631
-5.712501e-08,-0.0065382353
-5.702501e-08,-0.0065497243
-5.692501e-08,-0.0065655216
-5.682501e-08,-0.0065791648
-5.672501e-08,-0.0065841912
-5.662501e-08,-0.0065798828
-5.652501e-08,-0.00656983
-5.642501e-08,-0.0065612132
-5.632501e-08,-0.0065612132
-5.622501e-08,-0.006570548
-5.612501e-08,-0.0065863454
-5.602501e-08,-0.0066007066
-5.592501e-08,-0.0066071691
-5.582501e-08,-0.0066042969
-5.572501e-08,-0.0065949621
-5.562501e-08,-0.0065863454
-5.552501e-08,-0.0065841912
-5.542501e-08,-0.0065899357
-5.532501e-08,-0.0066007066
-5.522501e-08,-0.0066078872
-5.512501e-08,-0.0066071691
-5.502501e-08,-0.0065963982
-5.492501e-08,-0.0065806009
-5.482501e-08,-0.0065669577
-5.472501e-08,-0.0065612132
-5.462501e-08,-0.0065648035
-5.452501e-08,-0.0065719841
-5.442501e-08,-0.0065770106
-5.432501e-08,-0.0065727022
-5.422501e-08,-0.0065590591
-5.412501e-08,-0.0065418256
-5.402501e-08,-0.0065289005
-5.392501e-08,-0.0065267463
-5.382501e-08,-0.0065353631
-5.372501e-08,-0.0065482881
-5.362501e-08,-0.0065554687
-5.352501e-08,-0.0065497243
-5.342501e-08,-0.0065296186
-5.332501e-08,-0.0065023323
-5.322501e-08,-0.0064793543
-5.312501e-08,-0.0064693015
-5.302501e-08,-0.006475764
-5.292501e-08,-0.0064922794
-5.282501e-08,-0.0065087948
-5.272501e-08,-0.0065152574
-5.262501e-08,-0.0065066406
-5.252501e-08,-0.006487971
-5.242501e-08,-0.0064685834
-5.232501e-08,-0.0064578125
-5.222501e-08,-0.0064592486
-5.212501e-08,-0.0064700195
-5.202501e-08,-0.0064800724
-5.192501e-08,-0.0064807904
-5.182501e-08,-0.0064693015
-5.172501e-08,-0.0064491958
-5.162501e-08,-0.0064312443
-5.152501e-08,-0.0064233456
-5.142501e-08,-0.0064305262
-5.132501e-08,-0.0064484777
-5.122501e-08,-0.0064685834
-5.112501e-08,-0.0064807904
-5.102501e-08,-0.0064815085
-5.092501e-08,-0.0064721737
-5.082501e-08,-0.0064621209
-5.072501e-08,-0.0064578125
-5.062501e-08,-0.0064628389
-5.052501e-08,-0.0064736098
-5.042501e-08,-0.0064822266
-5.032501e-08,-0.0064807904
-5.022501e-08,-0.0064678653
-5.012501e-08,-0.0064499138
-5.002501e-08,-0.0064355526
-4.992501e-08,-0.0064348346
-4.982501e-08,-0.0064491958
-4.972501e-08,-0.0064736098
-4.962501e-08,-0.0064951517
-4.952501e-08,-0.0065037684
-4.942501e-08,-0.0064929975
-4.932501e-08,-0.0064678653
-4.922501e-08,-0.0064369887
-4.912501e-08,-0.0064118566
-4.902501e-08,-0.0063996496
-4.892501e-08,-0.0063982135
-4.882501e-08,-0.0064018038
-4.872501e-08,-0.0064003676
-4.862501e-08,-0.0063910329
-4.852501e-08,-0.0063752355
-4.842501e-08,-0.0063608743
-4.832501e-08,-0.0063544118
-4.822501e-08,-0.0063594382
-4.812501e-08,-0.0063723633
-4.802501e-08,-0.0063845703
-4.792501e-08,-0.0063888787
-4.782501e-08,-0.0063816981
-4.772501e-08,-0.0063659007
-4.762501e-08,-0.0063508215
-4.752501e-08,-0.0063429228
-4.742501e-08,-0.006345795
-4.732501e-08,-0.0063551298
-4.722501e-08,-0.0063637466
-4.712501e-08,-0.0063659007
-4.702501e-08,-0.0063601562
-4.692501e-08,-0.0063529756
-4.682501e-08,-0.0063529756
-4.672501e-08,-0.0063659007
-4.662501e-08,-0.0063910329
-4.652501e-08,-0.0064204733
-4.642501e-08,-0.0064420152
-4.632501e-08,-0.0064463235
-4.622501e-08,-0.0064326804
-4.612501e-08,-0.0064097024
-4.602501e-08,-0.0063910329
-4.592501e-08,-0.0063888787
-4.582501e-08,-0.0064061121
-4.572501e-08,-0.0064355526
-4.562501e-08,-0.0064649931
-4.552501e-08,-0.0064807904
-4.542501e-08,-0.0064772001
-4.532501e-08,-0.0064592486
-4.522501e-08,-0.0064369887
-4.512501e-08,-0.0064233456
-4.502501e-08,-0.0064240636
-4.492501e-08,-0.0064362707
-4.482501e-08,-0.0064506319
-4.472501e-08,-0.0064578125
-4.462501e-08,-0.0064527861
-4.452501e-08,-0.006439861
-4.442501e-08,-0.0064269359
-4.432501e-08,-0.0064233456
-4.422501e-08,-0.0064326804
-4.412501e-08,-0.00645135
-4.402501e-08,-0.0064700195
-4.392501e-08,-0.0064807904
-4.382501e-08,-0.0064807904
-4.372501e-08,-0.006475046
-4.362501e-08,-0.0064728918
-4.352501e-08,-0.0064807904
-4.342501e-08,-0.0065001781
-4.332501e-08,-0.006522438
-4.322501e-08,-0.0065382353
-4.312501e-08,-0.0065382353
-4.302501e-08,-0.006522438
-4.292501e-08,-0.00649946
-4.282501e-08,-0.0064822266
-4.272501e-08,-0.0064807904
-4.262501e-08,-0.0064958697
-4.252501e-08,-0.0065181296
-4.242501e-08,-0.0065360811
-4.232501e-08,-0.0065382353
-4.222501e-08,-0.0065245921
-4.212501e-08,-0.0065044864
-4.202501e-08,-0.0064937155
-4.192501e-08,-0.0065037684
-4.182501e-08,-0.0065353631
-4.172501e-08,-0.0065770106
-4.162501e-08,-0.0066100414
-4.152501e-08,-0.0066186581
-4.142501e-08,-0.0065971163
-4.132501e-08,-0.0065547507
-4.122501e-08,-0.0065095129
-4.112501e-08,-0.0064807904
-4.102501e-08,-0.0064779182
-4.092501e-08,-0.0064980239
-4.082501e-08,-0.0065274644
-4.072501e-08,-0.0065497243
-4.062501e-08,-0.0065561868
-4.052501e-08,-0.006546852
-4.042501e-08,-0.0065332089
-4.032501e-08,-0.0065267463
-4.022501e-08,-0.0065339269
-4.012501e-08,-0.0065511604
-4.002501e-08,-0.0065676758
-3.992501e-08,-0.0065727022
-3.982501e-08,-0.0065604952
-3.972501e-08,-0.0065353631
-3.962501e-08,-0.0065080767
-3.952501e-08,-0.0064922794
-3.942501e-08,-0.0064922794
-3.932501e-08,-0.0065052045
-3.922501e-08,-0.0065202838
-3.912501e-08,-0.0065267463
-3.902501e-08,-0.0065210018
-3.892501e-08,-0.0065087948
-3.882501e-08,-0.00649946
-3.872501e-08,-0.0065037684
-3.862501e-08,-0.0065238741
-3.852501e-08,-0.0065525965
-3.842501e-08,-0.0065762925
-3.832501e-08,-0.0065841912
-3.822501e-08,-0.0065719841
-3.812501e-08,-0.0065475701
-3.802501e-08,-0.0065245921
-3.792501e-08,-0.0065152574
-3.782501e-08,-0.0065253102
-3.772501e-08,-0.0065482881
-3.762501e-08,-0.0065719841
-3.752501e-08,-0.0065841912
-3.742501e-08,-0.0065806009
-3.732501e-08,-0.0065676758
-3.722501e-08,-0.0065576229
-3.712501e-08,-0.0065612132
-3.702501e-08,-0.0065813189
-3.692501e-08,-0.0066100414
-3.682501e-08,-0.0066344554
-3.672501e-08,-0.006641636
-3.662501e-08,-0.006629429
-3.652501e-08,-0.006605733
-3.642501e-08,-0.0065863454
-3.632501e-08,-0.0065841912
-3.622501e-08,-0.0066035788
-3.612501e-08,-0.0066358915
-3.602501e-08,-0.006664614
-3.592501e-08,-0.0066761029
-3.582501e-08,-0.006665332
-3.572501e-08,-0.006641636
-3.562501e-08,-0.0066208123
-3.552501e-08,-0.0066186581
-3.542501e-08,-0.006640918
-3.532501e-08,-0.0066789752
-3.522501e-08,-0.0067163143
-3.512501e-08,-0.0067335478
-3.502501e-08,-0.0067234949
-3.492501e-08,-0.0066911822
-3.482501e-08,-0.0066545611
-3.472501e-08,-0.0066301471
-3.462501e-08,-0.006629429
-3.452501e-08,-0.0066502528
-3.442501e-08,-0.0066789752
-3.432501e-08,-0.0066990809
-3.422501e-08,-0.006700517
-3.412501e-08,-0.0066854377
-3.402501e-08,-0.006664614
-3.392501e-08,-0.006653125
-3.382501e-08,-0.0066595875
-3.372501e-08,-0.0066811294
-3.362501e-08,-0.0067069795
-3.352501e-08,-0.0067220588
-3.342501e-08,-0.0067177505
-3.332501e-08,-0.0066954906
-3.322501e-08,-0.006665332
-3.312501e-08,-0.006641636
-3.302501e-08,-0.0066330193
-3.292501e-08,-0.0066394818
-3.282501e-08,-0.006653125
-3.272501e-08,-0.006664614
-3.262501e-08,-0.0066667682
-3.252501e-08,-0.0066610237
-3.242501e-08,-0.0066538431
-3.232501e-08,-0.006653125
-3.222501e-08,-0.0066617417
-3.212501e-08,-0.0066739488
-3.202501e-08,-0.0066818474
-3.192501e-08,-0.0066761029
-3.182501e-08,-0.0066552792
-3.172501e-08,-0.0066272748
-3.162501e-08,-0.0066042969
-3.152501e-08,-0.0065956801
-3.142501e-08,-0.0066035788
-3.132501e-08,-0.0066193761
-3.122501e-08,-0.0066287109
-3.112501e-08,-0.0066186581
-3.102501e-08,-0.0065870634
-3.092501e-08,-0.0065418256
-3.082501e-08,-0.0065016142
-3.072501e-08,-0.0064807904
-3.062501e-08,-0.006487253
-3.052501e-08,-0.0065138212
-3.042501e-08,-0.0065439798
-3.032501e-08,-0.0065612132
-3.022501e-08,-0.0065540326
-3.012501e-08,-0.0065253102
-3.002501e-08,-0.006487971
-2.992501e-08,-0.0064578125
-2.982501e-08,-0.0064470416
-2.972501e-08,-0.0064556583
-2.962501e-08,-0.006475046
-2.952501e-08,-0.0064922794
-2.942501e-08,-0.0064973058
-2.932501e-08,-0.0064886891
-2.922501e-08,-0.0064728918
-2.912501e-08,-0.0064578125
-2.902501e-08,-0.00645135
-2.892501e-08,-0.0064527861
-2.882501e-08,-0.0064570944
-2.872501e-08,-0.0064578125
-2.862501e-08,-0.0064527861
-2.852501e-08,-0.0064441693
-2.842501e-08,-0.006439861
-2.832501e-08,-0.0064463235
-2.822501e-08,-0.006464275
-2.812501e-08,-0.006487971
-2.802501e-08,-0.0065073587
-2.792501e-08,-0.0065152574
-2.782501e-08,-0.0065102309
-2.772501e-08,-0.006498742
-2.762501e-08,-0.0064937155
-2.752501e-08,-0.0065037684
-2.742501e-08,-0.0065296186
-2.732501e-08,-0.0065619313
-2.722501e-08,-0.0065877815
-2.712501e-08,-0.0065956801
-2.702501e-08,-0.006582037
-2.692501e-08,-0.0065561868
-2.682501e-08,-0.0065332089
-2.672501e-08,-0.0065267463
-2.662501e-08,-0.0065418256
-2.652501e-08,-0.0065727022
-2.642501e-08,-0.0066035788
-2.632501e-08,-0.0066186581
-2.622501e-08,-0.0066114775
-2.612501e-08,-0.0065863454
-2.602501e-08,-0.0065561868
-2.592501e-08,-0.0065382353
-2.582501e-08,-0.0065411075
-2.572501e-08,-0.0065633674
-2.562501e-08,-0.006593526
-2.552501e-08,-0.0066186581
-2.542501e-08,-0.0066279929
-2.532501e-08,-0.0066193761
-2.522501e-08,-0.0066014246
-2.512501e-08,-0.0065841912
-2.502501e-08,-0.0065748564
-2.492501e-08,-0.0065755744
-2.482501e-08,-0.0065806009
-2.472501e-08,-0.0065841912
-2.462501e-08,-0.006582037
-2.452501e-08,-0.0065755744
-2.442501e-08,-0.006570548
-2.432501e-08,-0.0065727022
-2.422501e-08,-0.0065827551
-2.412501e-08,-0.0065949621
-2.402501e-08,-0.0066014246
-2.392501e-08,-0.0065956801
-2.382501e-08,-0.0065784467
-2.372501e-08,-0.0065569049
-2.362501e-08,-0.0065411075
-2.352501e-08,-0.0065382353
-2.342501e-08,-0.0065482881
-2.332501e-08,-0.0065612132
-2.322501e-08,-0.0065648035
-2.312501e-08,-0.0065497243
-2.302501e-08,-0.0065159754
-2.292501e-08,-0.006475046
-2.282501e-08,-0.0064434513
-2.272501e-08,-0.0064348346
-2.262501e-08,-0.006452068
-2.252501e-08,-0.0064850988
-2.242501e-08,-0.0065159754
-2.232501e-08,-0.0065267463
-2.222501e-08,-0.0065095129
-2.212501e-08,-0.0064700195
-2.202501e-08,-0.0064233456
-2.192501e-08,-0.0063888787
-2.182501e-08,-0.0063781078
-2.172501e-08,-0.0063910329
-2.162501e-08,-0.0064190372
-2.152501e-08,-0.0064463235
-2.142501e-08,-0.006463557
-2.132501e-08,-0.0064693015
-2.122501e-08,-0.0064678653
-2.112501e-08,-0.0064693015
-2.102501e-08,-0.0064786363
-2.092501e-08,-0.0064937155
-2.082501e-08,-0.0065087948
-2.072501e-08,-0.0065152574
-2.062501e-08,-0.006511667
-2.052501e-08,-0.0065016142
-2.042501e-08,-0.0064958697
-2.032501e-08,-0.0065037684
-2.022501e-08,-0.0065289005
-2.012501e-08,-0.0065655216
-2.002501e-08,-0.0066028608
-1.992501e-08,-0.0066301471
-1.982501e-08,-0.006641636
-1.972501e-08,-0.006640918
-1.962501e-08,-0.0066380457
-1.952501e-08,-0.006641636
-1.942501e-08,-0.0066574334
-1.932501e-08,-0.0066818474
-1.922501e-08,-0.0067062615
-1.912501e-08,-0.0067220588
-1.902501e-08,-0.0067270852
-1.892501e-08,-0.006724213
-1.882501e-08,-0.006724213
-1.872501e-08,-0.0067335478
-1.862501e-08,-0.0067536535
-1.852501e-08,-0.0067787856
-1.842501e-08,-0.0067981733
-1.832501e-08,-0.0068024816
-1.822501e-08,-0.0067909926
-1.812501e-08,-0.0067708869
-1.802501e-08,-0.0067565257
-1.792501e-08,-0.0067565257
-1.782501e-08,-0.0067744773
-1.772501e-08,-0.0068031997
-1.762501e-08,-0.0068276137
-1.752501e-08,-0.0068369485
-1.742501e-08,-0.0068268957
-1.732501e-08,-0.0068031997
-1.722501e-08,-0.0067795037
-1.712501e-08,-0.0067680147
-1.702501e-08,-0.0067737592
-1.692501e-08,-0.0067917107
-1.682501e-08,-0.0068089442
-1.672501e-08,-0.0068139706
-1.662501e-08,-0.0068024816
-1.652501e-08,-0.0067809398
-1.642501e-08,-0.0067615522
-1.632501e-08,-0.0067565257
-1.622501e-08,-0.0067694508
-1.612501e-08,-0.006794583
-1.602501e-08,-0.0068175609
-1.592501e-08,-0.0068254596
-1.582501e-08,-0.0068125345
-1.572501e-08,-0.006783812
-1.562501e-08,-0.0067529354
-1.552501e-08,-0.0067335478
-1.542501e-08,-0.0067342659
-1.532501e-08,-0.0067514993
-1.522501e-08,-0.0067744773
-1.512501e-08,-0.0067909926
-1.502501e-08,-0.0067938649
-1.492501e-08,-0.0067845301
-1.482501e-08,-0.0067730411
-1.472501e-08,-0.0067680147
-1.462501e-08,-0.0067744773
-1.452501e-08,-0.0067888385
-1.442501e-08,-0.0068017636
-1.432501e-08,-0.0068024816
-1.422501e-08,-0.0067895565
-1.412501e-08,-0.0067680147
-1.402501e-08,-0.0067493451
-1.392501e-08,-0.0067450368
-1.382501e-08,-0.0067579619
-1.372501e-08,-0.0067823759
-1.362501e-08,-0.0068046358
-1.352501e-08,-0.0068139706
-1.342501e-08,-0.0068046358
-1.332501e-08,-0.006783812
-1.322501e-08,-0.0067629883
-1.312501e-08,-0.0067565257
-1.302501e-08,-0.0067687328
-1.292501e-08,-0.006794583
-1.282501e-08,-0.0068218693
-1.272501e-08,-0.0068369485
-1.262501e-08,-0.0068333582
-1.252501e-08,-0.0068139706
-1.242501e-08,-0.0067917107
-1.232501e-08,-0.0067795037
-1.222501e-08,-0.006783812
-1.212501e-08,-0.0068017636
-1.202501e-08,-0.0068233054
-1.192501e-08,-0.0068369485
-1.182501e-08,-0.0068369485
-1.172501e-08,-0.0068268957
-1.162501e-08,-0.0068154067
-1.152501e-08,-0.0068139706
-1.142501e-08,-0.0068276137
-1.132501e-08,-0.0068527459
-1.122501e-08,-0.006878596
-1.112501e-08,-0.0068943934
-1.102501e-08,-0.0068936753
-1.092501e-08,-0.0068800322
-1.082501e-08,-0.0068613626
-1.072501e-08,-0.0068484375
-1.062501e-08,-0.0068455653
-1.052501e-08,-0.0068491556
-1.042501e-08,-0.0068527459
-1.032501e-08,-0.0068484375
-1.022501e-08,-0.0068340763
-1.012501e-08,-0.0068154067
-1.002501e-08,-0.0068024816
-9.925008e-09,-0.0068024816
-9.825008e-09,-0.0068161248
-9.725008e-09,-0.0068362305
-9.625008e-09,-0.0068505917
-9.525008e-09,-0.0068484375
-9.425008e-09,-0.0068290499
-9.325008e-09,-0.0068003274
-9.225008e-09,-0.0067766314
-9.125008e-09,-0.0067680147
-9.025008e-09,-0.0067787856
-8.925008e-09,-0.0068003274
-8.825008e-09,-0.0068204331
-8.725008e-09,-0.0068254596
-8.625008e-09,-0.0068125345
-8.525008e-09,-0.0067881204
-8.425008e-09,-0.0067658605
-8.325008e-09,-0.0067565257
-8.225008e-09,-0.0067644244
-8.125008e-09,-0.0067816579
-8.025008e-09,-0.006794583
-7.925008e-09,-0.0067909926
-7.825008e-09,-0.0067672966
-7.725008e-09,-0.0067306756
-7.625008e-09,-0.0066954906
-7.525008e-09,-0.0066761029
-7.425008e-09,-0.0066775391
-7.325008e-09,-0.0066926183
-7.225008e-09,-0.0067084157
-7.125008e-09,-0.0067105699
-7.025008e-09,-0.0066933364
-6.925008e-09,-0.0066631778
-6.825008e-09,-0.0066337374
-6.725008e-09,-0.0066186581
-6.625008e-09,-0.0066244026
-6.525008e-09,-0.0066437902
-6.425008e-09,-0.0066624598
-6.325008e-09,-0.006664614
-6.225008e-09,-0.0066430722
-6.125008e-09,-0.0066014246
-6.025008e-09,-0.0065533146
-5.925008e-09,-0.0065152574
-5.825008e-09,-0.0064944336
-5.725008e-09,-0.0064886891
-5.625008e-09,-0.0064850988
-5.525008e-09,-0.0064693015
-5.425008e-09,-0.0064312443
-5.325008e-09,-0.0063709272
-5.225008e-09,-0.0062991211
-5.125008e-09,-0.0062280331
-5.025008e-09,-0.0061648437
-4.925008e-09,-0.006108117
-4.825008e-09,-0.0060485179
-4.725008e-09,-0.0059752757
-4.625008e-09,-0.0058804917
-4.525008e-09,-0.005764884
-4.425008e-09,-0.0056363511
-4.325008e-09,-0.0055042279
-4.225008e-09,-0.0053713867
-4.125008e-09,-0.0052342371
-4.025008e-09,-0.0050827263
-3.925008e-09,-0.0049068015
-3.825008e-09,-0.0047035903
-3.725008e-09,-0.0044781193
-3.625008e-09,-0.0042433134
-3.525008e-09,-0.0040106618
-3.425008e-09,-0.0037859088
-3.325008e-09,-0.0035654642
-3.225008e-09,-0.0033378389
-3.125008e-09,-0.0030915441
-3.025008e-09,-0.0028215533
-2.925008e-09,-0.0025321749
-2.825008e-09,-0.0022348977
-2.725008e-09,-0.0019426471
-2.625008e-09,-0.0016626034
-2.525008e-09,-0.0013918945
-2.425008e-09,-0.0011211857
-2.325008e-09,-0.00083970588
-2.225008e-09,-0.00054099265
-2.125008e-09,-0.00022935432
-2.025008e-09,8.515625e-05
-1.925008e-09,0.00038961397
-1.825008e-09,0.00067683824
-1.725008e-09,0.00094682904
-1.625008e-09,0.0012074851
-1.525008e-09,0.0014695772
-1.425008e-09,0.00173885
-1.325008e-09,0.0020153033
-1.225008e-09,0.0022917567
-1.125008e-09,0.0025610294
-1.025008e-09,0.0028173771
-9.250076e-10,0.0030607996
-8.250076e-10,0.0032956055
-7.250076e-10,0.0035261029
-6.250076e-10,0.0037508559
-5.250076e-10,0.003964838
-4.250076e-10,0.0041594324
-3.250076e-10,0.0043303309
-2.250076e-10,0.0044789694
-1.250076e-10,0.0046146829
-2.500759e-11,0.0047503964
7.499241e-11,0.0048932904
1.749924e-10,0.0050448012
2.749924e-10,0.0051948759
3.749924e-10,0.0053320255
4.749924e-10,0.005444761
5.749924e-10,0.0055323644
6.749924e-10,0.0056034524
7.749924e-10,0.0056702321
8.749924e-10,0.0057434743
9.749924e-10,0.0058253332
1.074992e-09,0.0059071921
1.174992e-09,0.0059754079
1.274992e-09,0.0060192096
1.374992e-09,0.0060378791
1.474992e-09,0.0060407514
1.574992e-09,0.0060450597
1.674992e-09,0.0060651654
1.774992e-09,0.0061053768
1.874992e-09,0.0061570772
1.974992e-09,0.0062066234
2.074992e-09,0.0062375
2.174992e-09,0.0062439625
2.274992e-09,0.0062310375
2.374992e-09,0.0062123679
2.474992e-09,0.0062030331
2.574992e-09,0.0062087776
2.674992e-09,0.0062267291
2.774992e-09,0.0062439625
2.874992e-09,0.006248989
2.974992e-09,0.0062367819
3.074992e-09,0.0062130859
3.174992e-09,0.0061893899
3.274992e-09,0.0061800551
3.374992e-09,0.006190108
3.474992e-09,0.0062152401
3.574992e-09,0.0062425264
3.674992e-09,0.0062604779
3.774992e-09,0.0062626321
3.874992e-09,0.0062518612
3.974992e-09,0.0062403722
4.074992e-09,0.0062375
4.174992e-09,0.006248989
4.274992e-09,0.0062690947
4.374992e-09,0.0062877642
4.474992e-09,0.0062949449
4.574992e-09,0.0062884823
4.674992e-09,0.0062762753
4.774992e-09,0.0062705308
4.874992e-09,0.0062834559
4.974992e-09,0.0063179228
5.074992e-09,0.0063660329
5.174992e-09,0.0064127068
5.274992e-09,0.0064443015
5.374992e-09,0.0064550724
5.474992e-09,0.0064522001
5.574992e-09,0.0064478918
5.674992e-09,0.0064557904
5.774992e-09,0.0064816406
5.874992e-09,0.0065182617
5.974992e-09,0.0065527286
6.074992e-09,0.0065706801
6.174992e-09,0.0065670898
6.274992e-09,0.0065477022
6.374992e-09,0.0065283146
6.474992e-09,0.0065247243
6.574992e-09,0.0065441119
6.674992e-09,0.0065828872
6.774992e-09,0.0066274069
6.874992e-09,0.0066625919
6.974992e-09,0.0066783892
7.074992e-09,0.0066769531
7.174992e-09,0.0066676183
7.274992e-09,0.0066625919
7.374992e-09,0.0066683364
7.474992e-09,0.0066819795
7.574992e-09,0.0066949046
7.674992e-09,0.0066970588
7.774992e-09,0.0066855699
7.874992e-09,0.0066654642
7.974992e-09,0.0066503849
8.074992e-09,0.0066511029
8.174992e-09,0.0066712086
8.274992e-09,0.0067049575
8.374992e-09,0.0067372702
8.474992e-09,0.0067545037
8.574992e-09,0.0067501953
8.674992e-09,0.0067279354
8.774992e-09,0.0067020852
8.874992e-09,0.0066855699
8.974992e-09,0.0066862879
9.074992e-09,0.0066999311
9.174992e-09,0.0067157284
9.274992e-09,0.0067200368
9.374992e-09,0.0067071117
9.474992e-09,0.0066798254
9.574992e-09,0.0066489488
9.674992e-09,0.006628125
9.774992e-09,0.0066230986
9.874992e-09,0.0066309972
9.974992e-09,0.006640332
1.007499e-08,0.006639614
1.017499e-08,0.0066230986
1.027499e-08,0.0065950942
1.037499e-08,0.0065656537
1.047499e-08,0.0065477022
1.057499e-08,0.0065462661
1.067499e-08,0.0065577551
1.077499e-08,0.0065706801
1.087499e-08,0.0065706801
1.097499e-08,0.0065512925
1.107499e-08,0.0065161075
1.117499e-08,0.0064758961
1.127499e-08,0.0064443015
1.137499e-08,0.0064292222
1.147499e-08,0.0064299403
1.157499e-08,0.006438557
1.167499e-08,0.0064443015
1.177499e-08,0.006439275
1.187499e-08,0.0064256319
1.197499e-08,0.0064083984
1.207499e-08,0.0063983456
1.217499e-08,0.0063990636
1.227499e-08,0.0064083984
1.237499e-08,0.0064184513
1.247499e-08,0.0064213235
1.257499e-08,0.0064141429
1.267499e-08,0.0064004998
1.277499e-08,0.0063890108
1.287499e-08,0.0063868566
1.297499e-08,0.0063976275
1.307499e-08,0.0064162971
1.317499e-08,0.0064349667
1.327499e-08,0.0064443015
1.337499e-08,0.0064435834
1.347499e-08,0.0064371209
1.357499e-08,0.0064349667
1.367499e-08,0.0064443015
1.377499e-08,0.0064651252
1.387499e-08,0.0064909754
1.397499e-08,0.006509645
1.407499e-08,0.0065132353
1.417499e-08,0.0065010283
1.427499e-08,0.0064816406
1.437499e-08,0.0064672794
1.447499e-08,0.0064672794
1.457499e-08,0.0064830767
1.467499e-08,0.0065067727
1.477499e-08,0.0065240062
1.487499e-08,0.0065247243
1.497499e-08,0.0065074908
1.507499e-08,0.0064823587
1.517499e-08,0.0064644072
1.527499e-08,0.0064672794
1.537499e-08,0.0064924115
1.547499e-08,0.0065297507
1.557499e-08,0.0065613454
1.567499e-08,0.0065706801
1.577499e-08,0.0065505744
1.587499e-08,0.006509645
1.597499e-08,0.0064636891
1.607499e-08,0.0064328125
1.617499e-08,0.006427068
1.627499e-08,0.0064435834
1.637499e-08,0.0064701517
1.647499e-08,0.0064902574
1.657499e-08,0.0064931296
1.667499e-08,0.0064773323
1.677499e-08,0.0064536363
1.687499e-08,0.0064328125
1.697499e-08,0.0064241958
1.707499e-08,0.006427068
1.717499e-08,0.0064328125
1.727499e-08,0.0064328125
1.737499e-08,0.0064206055
1.747499e-08,0.0063990636
1.757499e-08,0.0063768038
1.767499e-08,0.0063638787
1.777499e-08,0.0063645967
1.787499e-08,0.0063739315
1.797499e-08,0.0063811121
1.807499e-08,0.0063753676
1.817499e-08,0.0063516716
1.827499e-08,0.0063157686
1.837499e-08,0.0062813017
1.847499e-08,0.0062604779
1.857499e-08,0.0062619141
1.867499e-08,0.0062827378
1.877499e-08,0.0063100241
1.887499e-08,0.0063294118
1.897499e-08,0.0063301298
1.907499e-08,0.0063114602
1.917499e-08,0.0062805836
1.927499e-08,0.006248989
1.937499e-08,0.0062267291
1.947499e-08,0.0062145221
1.957499e-08,0.0062094956
1.967499e-08,0.0062030331
1.977499e-08,0.006190108
1.987499e-08,0.0061707204
1.997499e-08,0.0061506147
2.007499e-08,0.0061340993
2.017499e-08,0.0061247645
2.027499e-08,0.0061204561
2.037499e-08,0.0061139936
2.047499e-08,0.0060996324
2.057499e-08,0.0060766544
2.067499e-08,0.0060508042
2.077499e-08,0.0060292624
2.087499e-08,0.0060192096
2.097499e-08,0.0060227999
2.107499e-08,0.0060342888
2.117499e-08,0.0060429056
2.127499e-08,0.0060421875
2.137499e-08,0.0060292624
2.147499e-08,0.0060091567
2.157499e-08,0.0059919233
2.167499e-08,0.0059847426
2.177499e-08,0.0059897691
2.187499e-08,0.0059998219
2.197499e-08,0.0060048483
2.207499e-08,0.0059962316
2.217499e-08,0.0059725356
2.227499e-08,0.005941659
2.237499e-08,0.0059150908
2.247499e-08,0.0059043199
2.257499e-08,0.0059122185
2.267499e-08,0.0059316062
2.277499e-08,0.0059524299
2.287499e-08,0.0059617647
2.297499e-08,0.0059567383
2.307499e-08,0.0059430951
2.317499e-08,0.00593017
2.327499e-08,0.0059272978
2.337499e-08,0.0059373506
2.347499e-08,0.005953148
2.357499e-08,0.0059646369
2.367499e-08,0.0059617647
2.377499e-08,0.0059430951
2.387499e-08,0.0059172449
2.397499e-08,0.0058971392
2.407499e-08,0.0058928309
2.417499e-08,0.0059071921
2.427499e-08,0.0059308881
2.437499e-08,0.0059495577
2.447499e-08,0.0059502757
2.457499e-08,0.0059287339
2.467499e-08,0.0058928309
2.477499e-08,0.0058569278
2.487499e-08,0.005835386
2.497499e-08,0.005835386
2.507499e-08,0.0058526195
2.517499e-08,0.0058720071
2.527499e-08,0.0058813419
2.537499e-08,0.0058720071
2.547499e-08,0.0058475931
2.557499e-08,0.0058195887
2.567499e-08,0.0058009191
2.577499e-08,0.0057980469
2.587499e-08,0.0058095358
2.597499e-08,0.0058260512
2.607499e-08,0.005835386
2.617499e-08,0.0058325138
2.627499e-08,0.0058181526
2.637499e-08,0.0058009191
2.647499e-08,0.0057894301
2.657499e-08,0.0057858398
2.667499e-08,0.0057865579
2.677499e-08,0.0057822495
2.687499e-08,0.0057664522
2.697499e-08,0.0057384478
2.707499e-08,0.0057061351
2.717499e-08,0.005681721
2.727499e-08,0.0056745404
2.737499e-08,0.0056860294
2.747499e-08,0.0057075712
2.757499e-08,0.0057269589
2.767499e-08,0.0057319853
2.777499e-08,0.0057204963
2.787499e-08,0.0056989545
2.797499e-08,0.0056802849
2.807499e-08,0.0056745404
2.817499e-08,0.0056838752
2.827499e-08,0.0056989545
2.837499e-08,0.0057075712
2.847499e-08,0.0056975184
2.857499e-08,0.0056680779
2.867499e-08,0.0056293026
2.877499e-08,0.0055969899
2.887499e-08,0.0055826287
2.897499e-08,0.0055905273
2.907499e-08,0.005610633
2.917499e-08,0.0056278665
2.927499e-08,0.0056285846
2.937499e-08,0.005609915
2.947499e-08,0.0055804745
2.957499e-08,0.0055553424
2.967499e-08,0.0055481618
2.977499e-08,0.0055618049
2.987499e-08,0.0055876551
2.997499e-08,0.0056070427
3.007499e-08,0.0056056066
3.017499e-08,0.0055790384
3.027499e-08,0.0055352367
3.037499e-08,0.0054928711
3.047499e-08,0.005467739
3.057499e-08,0.0054663028
3.067499e-08,0.0054821002
3.077499e-08,0.0054993336
3.087499e-08,0.0055022059
3.097499e-08,0.0054842544
3.107499e-08,0.0054512236
3.117499e-08,0.0054181928
3.127499e-08,0.0053988051
3.137499e-08,0.005397369
3.147499e-08,0.0054074219
3.157499e-08,0.0054124483
3.167499e-08,0.0053988051
3.177499e-08,0.0053621841
3.187499e-08,0.0053097656
3.197499e-08,0.0052595014
3.207499e-08,0.0052264706
3.217499e-08,0.0052185719
3.227499e-08,0.0052293428
3.237499e-08,0.0052444221
3.247499e-08,0.0052494485
3.257499e-08,0.0052379596
3.267499e-08,0.0052164177
3.277499e-08,0.0051970301
3.287499e-08,0.0051920037
3.297499e-08,0.0052034926
3.307499e-08,0.0052214442
3.317499e-08,0.0052300609
3.327499e-08,0.0052149816
3.337499e-08,0.0051740522
3.347499e-08,0.0051194795
3.357499e-08,0.0050692153
3.367499e-08,0.0050426471
3.377499e-08,0.0050448012
3.387499e-08,0.0050670611
3.397499e-08,0.0050914752
3.407499e-08,0.0051000919
3.417499e-08,0.0050842946
3.427499e-08,0.0050498277
3.437499e-08,0.0050117705
3.447499e-08,0.0049852022
3.457499e-08,0.0049744313
3.467499e-08,0.0049729952
3.477499e-08,0.0049658146
3.487499e-08,0.0049392463
3.497499e-08,0.0048918543
3.507499e-08,0.0048344095
3.517499e-08,0.0047877355
3.527499e-08,0.0047669118
3.537499e-08,0.0047769646
3.547499e-08,0.0048064051
3.557499e-08,0.0048322553
3.567499e-08,0.0048358456
3.577499e-08,0.0048078412
3.587499e-08,0.0047561409
3.597499e-08,0.0047015682
3.607499e-08,0.004663511
3.617499e-08,0.004651304
3.627499e-08,0.0046592027
3.637499e-08,0.0046699736
3.647499e-08,0.004663511
3.657499e-08,0.0046326344
3.667499e-08,0.0045838063
3.677499e-08,0.004533542
3.687499e-08,0.0045026654
3.697499e-08,0.0044990751
3.707499e-08,0.0045170267
3.717499e-08,0.0045392865
3.727499e-08,0.0045486213
3.737499e-08,0.0045356962
3.747499e-08,0.0045062557
3.757499e-08,0.0044775333
3.767499e-08,0.0044681985
3.777499e-08,0.00448615
3.787499e-08,0.0045234892
3.797499e-08,0.0045629825
3.807499e-08,0.0045830882
3.817499e-08,0.0045723173
3.827499e-08,0.0045349782
3.837499e-08,0.0044897403
3.847499e-08,0.0044567096
3.857499e-08,0.0044509651
3.867499e-08,0.0044717888
3.877499e-08,0.0045069738
3.887499e-08,0.0045371324
3.897499e-08,0.0045500574
3.907499e-08,0.004545031
3.917499e-08,0.0045321059
3.927499e-08,0.0045256434
3.937499e-08,0.0045342601
3.947499e-08,0.00455652
3.957499e-08,0.0045816521
3.967499e-08,0.0045945772
3.977499e-08,0.0045881147
3.987499e-08,0.0045637006
3.997499e-08,0.0045342601
4.007499e-08,0.0045141544
4.017499e-08,0.0045127183
4.027499e-08,0.0045270795
4.037499e-08,0.0045479033
4.047499e-08,0.0045601103
4.057499e-08,0.0045558019
4.067499e-08,0.0045356962
4.077499e-08,0.0045105641
4.087499e-08,0.0044911765
4.097499e-08,0.004485432
4.107499e-08,0.0044904584
4.117499e-08,0.004496921
4.127499e-08,0.0044911765
4.137499e-08,0.0044681985
4.147499e-08,0.0044322955
4.157499e-08,0.0043935202
4.167499e-08,0.0043647978
4.177499e-08,0.0043540269
4.187499e-08,0.0043568991
4.197499e-08,0.0043647978
4.207499e-08,0.0043647978
4.217499e-08,0.0043511546
4.227499e-08,0.0043260225
4.237499e-08,0.0043001723
4.247499e-08,0.004284375
4.257499e-08,0.0042836569
4.267499e-08,0.0042929917
4.277499e-08,0.0043008904
4.287499e-08,0.004295864
4.297499e-08,0.004272168
4.307499e-08,0.0042348288
4.317499e-08,0.0041960535
4.327499e-08,0.0041694853
4.337499e-08,0.0041615866
4.347499e-08,0.0041709214
4.357499e-08,0.0041852826
4.367499e-08,0.0041924632
4.377499e-08,0.0041860007
4.387499e-08,0.0041673311
4.397499e-08,0.0041465074
4.407499e-08,0.0041350184
4.417499e-08,0.0041371726
4.427499e-08,0.0041493796
4.437499e-08,0.0041608686
4.447499e-08,0.0041579963
4.457499e-08,0.0041343003
4.467499e-08,0.0040933709
4.477499e-08,0.0040466969
4.487499e-08,0.0040086397
4.497499e-08,0.003988534
4.507499e-08,0.0039870979
4.517499e-08,0.0039978688
4.527499e-08,0.0040086397
4.537499e-08,0.00401223
4.547499e-08,0.0040057675
4.557499e-08,0.0039949966
4.567499e-08,0.0039856618
4.577499e-08,0.0039827895
4.587499e-08,0.0039835076
4.597499e-08,0.0039827895
4.607499e-08,0.0039741728
4.617499e-08,0.0039555032
4.627499e-08,0.0039318072
4.637499e-08,0.0039124196
4.647499e-08,0.003905239
4.657499e-08,0.0039131376
4.667499e-08,0.0039310892
4.677499e-08,0.0039468865
4.687499e-08,0.0039511949
4.697499e-08,0.0039382698
4.707499e-08,0.0039109835
4.717499e-08,0.003881543
4.727499e-08,0.0038592831
4.737499e-08,0.0038513844
4.747499e-08,0.0038549747
4.757499e-08,0.0038614373
4.767499e-08,0.0038592831
4.777499e-08,0.0038413316
4.787499e-08,0.0038090188
4.797499e-08,0.0037695255
4.807499e-08,0.0037329044
4.817499e-08,0.0037063362
4.827499e-08,0.0036898208
4.837499e-08,0.0036776137
4.847499e-08,0.0036639706
4.857499e-08,0.0036431468
4.867499e-08,0.0036172966
4.877499e-08,0.0035914465
4.887499e-08,0.0035720588
4.897499e-08,0.003562006
4.907499e-08,0.0035576976
4.917499e-08,0.0035519531
4.927499e-08,0.0035375919
4.937499e-08,0.0035110237
4.947499e-08,0.0034772748
4.957499e-08,0.003444244
4.967499e-08,0.0034227022
4.977499e-08,0.0034162397
4.987499e-08,0.0034227022
4.997499e-08,0.003432037
5.007499e-08,0.0034341912
5.017499e-08,0.0034227022
5.027499e-08,0.0033982881
5.037499e-08,0.0033681296
5.047499e-08,0.0033422794
5.057499e-08,0.0033272001
5.067499e-08,0.0033221737
5.077499e-08,0.0033221737
5.087499e-08,0.0033193015
5.097499e-08,0.0033092486
5.107499e-08,0.0032934513
5.117499e-08,0.003278372
5.127499e-08,0.0032733456
5.137499e-08,0.0032819623
5.147499e-08,0.0033027861
5.157499e-08,0.0033272001
5.167499e-08,0.0033422794
5.177499e-08,0.0033401252
5.187499e-08,0.0033193015
5.197499e-08,0.0032855526
5.207499e-08,0.0032503676
5.217499e-08,0.0032237994
5.227499e-08,0.0032130285
5.237499e-08,0.0032159007
5.247499e-08,0.0032273897
5.257499e-08,0.0032381606
5.267499e-08,0.003242469
5.277499e-08,0.0032381606
5.287499e-08,0.0032273897
5.297499e-08,0.0032144646
5.307499e-08,0.0032029756
5.317499e-08,0.003195795
5.327499e-08,0.0031929228
5.337499e-08,0.0031936409
5.347499e-08,0.0031965131
5.357499e-08,0.0032008215
5.367499e-08,0.0032044118
5.377499e-08,0.0032044118
5.387499e-08,0.0031986673
5.397499e-08,0.003183588
5.407499e-08,0.0031584559
5.417499e-08,0.0031268612
5.427499e-08,0.0030945485
5.437499e-08,0.0030686983
5.447499e-08,0.0030550551
5.457499e-08,0.0030543371
5.467499e-08,0.0030643899
5.477499e-08,0.0030787511
5.487499e-08,0.0030895221
5.497499e-08,0.0030931124
5.507499e-08,0.0030895221
5.517499e-08,0.0030794692
5.527499e-08,0.0030665441
5.537499e-08,0.003053619
5.547499e-08,0.0030399759
5.557499e-08,0.0030248966
5.567499e-08,0.0030090993
5.577499e-08,0.0029933019
5.587499e-08,0.002982531
5.597499e-08,0.0029789407
5.607499e-08,0.0029861213
5.617499e-08,0.0030004825
5.627499e-08,0.0030155618
5.637499e-08,0.0030241785
5.647499e-08,0.0030205882
5.657499e-08,0.0030033548
5.667499e-08,0.0029767865
5.677499e-08,0.0029495002
5.687499e-08,0.0029286765
5.697499e-08,0.0029179056
5.707499e-08,0.0029143153
5.717499e-08,0.0029128791
5.727499e-08,0.0029056985
5.737499e-08,0.0028891831
5.747499e-08,0.002864051
5.757499e-08,0.0028360466
5.767499e-08,0.0028137868
5.777499e-08,0.0028022978
5.787499e-08,0.0028030159
5.797499e-08,0.0028123506
5.807499e-08,0.0028252757
5.817499e-08,0.0028353286
5.827499e-08,0.0028396369
5.837499e-08,0.0028353286
5.847499e-08,0.0028252757
5.857499e-08,0.0028101965
5.867499e-08,0.0027908088
5.877499e-08,0.0027685489
5.887499e-08,0.0027448529
5.897499e-08,0.0027225931
5.907499e-08,0.0027039235
5.917499e-08,0.0026917165
5.927499e-08,0.0026874081
5.937499e-08,0.0026874081
5.947499e-08,0.0026881261
5.957499e-08,0.0026845358
5.967499e-08,0.0026759191
5.977499e-08,0.002662994
5.987499e-08,0.002650787
5.997499e-08,0.0026428883
6.007499e-08,0.0026414522
6.017499e-08,0.0026436064
6.027499e-08,0.0026443244
6.037499e-08,0.0026364258
6.047499e-08,0.0026184743
6.057499e-08,0.0025926241
6.067499e-08,0.0025660558
6.077499e-08,0.0025466682
6.087499e-08,0.0025380515
6.097499e-08,0.0025387695
6.107499e-08,0.0025423598
6.117499e-08,0.0025394876
6.127499e-08,0.0025265625
6.137499e-08,0.0025035846
6.147499e-08,0.0024770163
6.157499e-08,0.0024561926
6.167499e-08,0.0024461397
6.177499e-08,0.0024468578
6.187499e-08,0.0024504481
6.197499e-08,0.0024490119
6.207499e-08,0.0024346507
6.217499e-08,0.0024073644
6.227499e-08,0.0023750517
6.237499e-08,0.0023470473
6.247499e-08,0.00233125
6.257499e-08,0.0023298139
6.267499e-08,0.0023355584
6.277499e-08,0.0023391487
6.287499e-08,0.00233125
6.297499e-08,0.0023111443
6.307499e-08,0.002283858
6.317499e-08,0.0022608801
6.327499e-08,0.0022508272
6.337499e-08,0.0022558536
6.347499e-08,0.0022687787
6.357499e-08,0.0022788316
6.367499e-08,0.0022738051
6.377499e-08,0.0022493911
6.387499e-08,0.0022091797
6.397499e-08,0.0021675322
6.407499e-08,0.0021359375
6.417499e-08,0.0021237305
6.427499e-08,0.002129475
6.437499e-08,0.0021452723
6.447499e-08,0.0021589154
6.457499e-08,0.0021625057
6.467499e-08,0.002153889
6.477499e-08,0.0021388097
6.487499e-08,0.0021244485
6.497499e-08,0.0021172679
6.507499e-08,0.0021172679
6.517499e-08,0.002117986
6.527499e-08,0.0021129596
6.537499e-08,0.0020971622
6.547499e-08,0.002071312
6.557499e-08,0.0020425896
6.567499e-08,0.0020210478
6.577499e-08,0.0020124311
6.587499e-08,0.0020188936
6.597499e-08,0.0020361271
6.607499e-08,0.0020555147
6.617499e-08,0.002071312
6.627499e-08,0.0020813649
6.637499e-08,0.0020863913
6.647499e-08,0.0020899816
6.657499e-08,0.00209429
6.667499e-08,0.0020978803
6.677499e-08,0.0020978803
6.687499e-08,0.0020899816
6.697499e-08,0.0020727482
6.707499e-08,0.0020497702
6.717499e-08,0.0020260742
6.727499e-08,0.0020095588
6.737499e-08,0.0020023782
6.747499e-08,0.0020038143
6.757499e-08,0.0020081227
6.767499e-08,0.0020095588
6.777499e-08,0.0020045324
6.787499e-08,0.0019930434
6.797499e-08,0.0019779642
6.807499e-08,0.0019636029
6.817499e-08,0.001952114
6.827499e-08,0.0019420611
6.837499e-08,0.0019312902
6.847499e-08,0.0019176471
6.857499e-08,0.0019018497
6.867499e-08,0.0018867705
6.877499e-08,0.0018759995
6.887499e-08,0.0018716912
6.897499e-08,0.0018709731
6.907499e-08,0.0018681009
6.917499e-08,0.001858048
6.927499e-08,0.0018372243
6.937499e-08,0.001809938
6.947499e-08,0.0017826517
6.957499e-08,0.001763264
6.967499e-08,0.0017568015
6.977499e-08,0.0017603918
6.987499e-08,0.0017647001
6.997499e-08,0.0017618279
7.007499e-08,0.0017453125
7.017499e-08,0.0017165901
7.027499e-08,0.0016835593
7.037499e-08,0.001656991
7.047499e-08,0.0016419118
7.057499e-08,0.0016383215
7.067499e-08,0.0016376034
7.077499e-08,0.0016297047
7.087499e-08,0.0016074449
7.097499e-08,0.001573696
7.107499e-08,0.0015370749
7.117499e-08,0.0015112247
7.127499e-08,0.0015040441
7.137499e-08,0.001514097
7.147499e-08,0.0015306124
7.157499e-08,0.0015392291
7.167499e-08,0.0015270221
7.177499e-08,0.0014939913
7.187499e-08,0.0014487534
7.197499e-08,0.0014092601
7.207499e-08,0.0013891544
7.217499e-08,0.001395617
7.227499e-08,0.0014221852
7.237499e-08,0.0014559341
7.247499e-08,0.0014810662
7.257499e-08,0.0014896829
7.267499e-08,0.0014832204
7.277499e-08,0.0014695772
7.287499e-08,0.0014580882
7.297499e-08,0.0014544979
7.307499e-08,0.0014544979
7.317499e-08,0.0014509076
7.327499e-08,0.0014351103
7.337499e-08,0.0014063879
7.347499e-08,0.001371921
7.357499e-08,0.0013431985
7.367499e-08,0.0013317096
7.377499e-08,0.0013410443
7.387499e-08,0.0013640223
7.397499e-08,0.0013884364
7.407499e-08,0.0014006434
7.417499e-08,0.0013941808
7.427499e-08,0.0013733571
7.437499e-08,0.001348943
7.447499e-08,0.0013317096
7.457499e-08,0.0013288373
7.467499e-08,0.0013360179
7.477499e-08,0.0013446347
7.487499e-08,0.0013431985
7.497499e-08,0.0013266831
7.507499e-08,0.0012993968
7.517499e-08,0.0012706744
7.527499e-08,0.0012512868
7.537499e-08,0.0012462603
7.547499e-08,0.0012534409
7.557499e-08,0.0012620577
7.567499e-08,0.0012627757
7.577499e-08,0.0012512868
7.587499e-08,0.0012318991
7.597499e-08,0.0012139476
7.607499e-08,0.0012053309
7.617499e-08,0.0012096392
7.627499e-08,0.0012211282
7.637499e-08,0.0012268727
7.647499e-08,0.0012168199
7.657499e-08,0.0011873794
7.667499e-08,0.0011450138
7.677499e-08,0.0011040843
7.687499e-08,0.0010789522
7.697499e-08,0.0010775161
7.707499e-08,0.0010947495
7.717499e-08,0.0011198817
7.727499e-08,0.0011363971
7.737499e-08,0.0011349609
7.747499e-08,0.0011162914
7.757499e-08,0.0010897231
7.767499e-08,0.0010674632
7.777499e-08,0.0010588465
7.787499e-08,0.0010638729
7.797499e-08,0.0010746438
7.807499e-08,0.0010789522
7.817499e-08,0.0010681813
7.827499e-08,0.0010401769
7.837499e-08,0.0010021197
7.847499e-08,0.0009640625
7.857499e-08,0.00093462201
7.867499e-08,0.0009166705
7.877499e-08,0.00090518153
7.887499e-08,0.00089512868
7.897499e-08,0.0008800494
7.907499e-08,0.0008599437
7.917499e-08,0.00083983801
7.927499e-08,0.00082619485
7.937499e-08,0.00082260455
7.947499e-08,0.00082834903
7.957499e-08,0.00083552964
7.967499e-08,0.00083768382
7.977499e-08,0.0008290671
7.987499e-08,0.00080967946
7.997499e-08,0.00078741958
8.007499e-08,0.00076875
8.017499e-08,0.00075941521
8.027499e-08,0.00075941521
8.037499e-08,0.00076444164
8.047499e-08,0.00076875
8.057499e-08,0.00076803194
8.067499e-08,0.00076300551
8.077499e-08,0.00075726103
8.087499e-08,0.00075726103
8.097499e-08,0.00076372358
8.107499e-08,0.00077377642
8.117499e-08,0.00078095703
8.127499e-08,0.00078023897
8.137499e-08,0.00076875
8.147499e-08,0.00075008042
8.157499e-08,0.00073212891
8.167499e-08,0.00072279412
8.177499e-08,0.00072710248
8.187499e-08,0.00074218176
8.197499e-08,0.00076228745
8.207499e-08,0.00078023897
8.217499e-08,0.00079029182
8.227499e-08,0.00079316406
8.237499e-08,0.00079172794
8.247499e-08,0.00079172794
8.257499e-08,0.00079388212
8.267499e-08,0.00079603631
8.277499e-08,0.00079316406
8.287499e-08,0.00078023897
8.297499e-08,0.00075582491
8.307499e-08,0.0007249483
8.317499e-08,0.00069622587
8.327499e-08,0.00067683824
8.337499e-08,0.00067181181
8.347499e-08,0.00068042854
8.357499e-08,0.00069550781
8.367499e-08,0.00071130515
8.377499e-08,0.00072207606
8.387499e-08,0.00072566636
8.397499e-08,0.00072566636
8.407499e-08,0.00072279412
8.417499e-08,0.00071776769
8.427499e-08,0.0007084329
8.437499e-08,0.00069191751
8.447499e-08,0.00066534926
8.457499e-08,0.00063303653
8.467499e-08,0.00060144187
8.477499e-08,0.00057990005
8.487499e-08,0.0005734375
8.497499e-08,0.00058277229
8.507499e-08,0.00060144187
8.517499e-08,0.00062011144
8.527499e-08,0.00063088235
8.537499e-08,0.00063160041
8.547499e-08,0.00062585593
8.557499e-08,0.00062011144
8.567499e-08,0.00061939338
8.577499e-08,0.00062441981
8.587499e-08,0.00063088235
8.597499e-08,0.00063088235
8.607499e-08,0.00061939338
8.617499e-08,0.00059785156
8.627499e-08,0.00057200138
8.637499e-08,0.00055404986
8.647499e-08,0.00055045956
8.657499e-08,0.00056266659
8.667499e-08,0.00058349035
8.677499e-08,0.00060144187
8.687499e-08,0.00060790441
8.697499e-08,0.00059928768
8.707499e-08,0.00058133617
8.717499e-08,0.00056482077
8.727499e-08,0.00056194853
8.737499e-08,0.00057559168
8.747499e-08,0.00060000574
8.757499e-08,0.00062298369
8.767499e-08,0.00063088235
8.777499e-08,0.00061652114
8.787499e-08,0.00058205423
8.797499e-08,0.00053968865
8.807499e-08,0.00050450368
8.817499e-08,0.00048727022
8.827499e-08,0.00049086052
8.837499e-08,0.00050881204
8.847499e-08,0.00052748162
8.857499e-08,0.00053609835
8.867499e-08,0.00052819968
8.877499e-08,0.00050809398
8.887499e-08,0.00048152574
8.897499e-08,0.00045854779
8.907499e-08,0.00044275046
8.917499e-08,0.00043341567
8.927499e-08,0.00042408088
8.937499e-08,0.00040971967
8.947499e-08,0.00038674173
8.957499e-08,0.00035873736
8.967499e-08,0.00033216912
8.977499e-08,0.00031278148
8.987499e-08,0.00030488281
8.997499e-08,0.00030560087
9.007499e-08,0.00030919118
9.017499e-08,0.00030847312
9.027499e-08,0.00029842027
9.037499e-08,0.00027831457
9.047499e-08,0.00025174632
9.057499e-08,0.00022374196
9.067499e-08,0.00019860983
9.077499e-08,0.00017778608
9.087499e-08,0.00015983456
9.097499e-08,0.0001426011
9.107499e-08,0.00012321347
9.117499e-08,0.00010167165
9.127499e-08,7.9411765e-05
9.137499e-08,5.7151884e-05
9.147499e-08,3.7046186e-05
9.157499e-08,1.7658548e-05
9.167499e-08,-1.0110294e-06
9.177499e-08,-2.0398667e-05
9.187499e-08,-3.9068244e-05
9.197499e-08,-5.63017e-05
9.207499e-08,-6.9944853e-05
9.217499e-08,-7.8561581e-05
9.227499e-08,-8.1433824e-05
9.237499e-08,-8.1433824e-05
9.247499e-08,-8.1433824e-05
9.257499e-08,-8.2869945e-05
9.267499e-08,-8.7896369e-05
9.277499e-08,-9.5795037e-05
9.287499e-08,-0.00010441176
9.297499e-08,-0.00011302849
9.307499e-08,-0.0001202091
9.317499e-08,-0.00012523552
9.327499e-08,-0.00012738971
9.337499e-08,-0.00012667165
9.347499e-08,-0.00012236328
9.357499e-08,-0.00011446461
9.367499e-08,-0.00010441176
9.377499e-08,-9.4358915e-05
9.387499e-08,-8.7178309e-05
9.397499e-08,-8.6460248e-05
9.407499e-08,-9.2922794e-05
9.417499e-08,-0.00010512983
9.427499e-08,-0.0001202091
9.437499e-08,-0.00013241613
9.447499e-08,-0.00013887868
9.457499e-08,-0.00013887868
9.467499e-08,-0.00013241613
9.477499e-08,-0.00012451746
9.487499e-08,-0.00011590074
9.497499e-08,-0.00010943819
9.507499e-08,-0.00010512983
9.517499e-08,-0.00010297564
9.527499e-08,-0.00010441176
9.537499e-08,-0.00011015625
9.547499e-08,-0.0001237994
9.557499e-08,-0.00014462316
9.567499e-08,-0.00017334559
9.577499e-08,-0.0002042222
9.587499e-08,-0.0002315085
9.597499e-08,-0.00024874196
9.607499e-08,-0.00025376838
9.617499e-08,-0.00024874196
9.627499e-08,-0.00023868911
9.637499e-08,-0.00023079044
9.647499e-08,-0.00023079044
9.657499e-08,-0.00023940717
9.667499e-08,-0.00025448644
9.677499e-08,-0.00027243796
9.687499e-08,-0.00028823529
9.697499e-08,-0.00030259651
9.707499e-08,-0.00031623966
9.717499e-08,-0.00033419118
9.727499e-08,-0.00035716912
9.737499e-08,-0.00038373736
9.747499e-08,-0.00040886949
9.757499e-08,-0.00042825712
9.767499e-08,-0.00043759191
9.777499e-08,-0.00043902803
9.787499e-08,-0.00043759191
9.797499e-08,-0.00043974609
9.807499e-08,-0.00044908088
9.817499e-08,-0.00046631434
9.827499e-08,-0.0004871381
9.837499e-08,-0.00050580767
9.847499e-08,-0.00051801471
9.857499e-08,-0.00052375919
9.867499e-08,-0.00052734949
9.877499e-08,-0.00053524816
9.887499e-08,-0.00055248162
9.897499e-08,-0.00057761374
9.907499e-08,-0.00060418199
9.917499e-08,-0.00062500574
9.927499e-08,-0.00063290441
9.937499e-08,-0.00062572381
9.947499e-08,-0.00060920841
9.957499e-08,-0.00058982077
9.967499e-08,-0.00057545956
9.977499e-08,-0.00057043313
9.987499e-08,-0.00057186926
9.997499e-08,-0.00057545956
1.00075e-07,-0.00057545956
1.00175e-07,-0.00057186926
1.00275e-07,-0.00056684283
1.00375e-07,-0.00056612477
1.00475e-07,-0.00057545956
1.00575e-07,-0.00059341108
1.00675e-07,-0.00061423483
1.00775e-07,-0.00063003217
1.00875e-07,-0.00063290441
1.00975e-07,-0.00062141544
1.01075e-07,-0.00059987362
1.01175e-07,-0.00057761374
1.01275e-07,-0.00056397059
1.01375e-07,-0.00056325253
1.01475e-07,-0.00057330538
1.01575e-07,-0.00058694853
1.01675e-07,-0.0005984375
1.01775e-07,-0.0006020278
1.01875e-07,-0.00059987362
1.01975e-07,-0.00059700138
1.02075e-07,-0.0005984375
1.02175e-07,-0.00060777229
1.02275e-07,-0.00062285156
1.02375e-07,-0.00063721278
1.02475e-07,-0.00064439338
1.02575e-07,-0.0006422392
1.02675e-07,-0.00063362247
1.02775e-07,-0.00062428768
1.02875e-07,-0.00062141544
1.02975e-07,-0.00062859605
1.03075e-07,-0.00064367532
1.03175e-07,-0.0006623449
1.03275e-07,-0.00067886029
1.03375e-07,-0.00069034926
1.03475e-07,-0.00069896599
1.03575e-07,-0.00070901884
1.03675e-07,-0.00072481618
1.03775e-07,-0.00074707606
1.03875e-07,-0.00077220818
1.03975e-07,-0.00079303194
1.04075e-07,-0.00080523897
1.04175e-07,-0.00080667509
1.04275e-07,-0.00080236673
1.04375e-07,-0.00079949449
1.04475e-07,-0.00080523897
1.04575e-07,-0.00082175437
1.04675e-07,-0.00084545037
1.04775e-07,-0.00086914637
1.04875e-07,-0.00088566176
1.04975e-07,-0.00089284237
1.05075e-07,-0.00089427849
1.05175e-07,-0.00089715074
1.05275e-07,-0.00090863971
1.05375e-07,-0.00093233571
1.05475e-07,-0.00096393038
1.05575e-07,-0.00099767923
1.05675e-07,-0.0010235294
1.05775e-07,-0.0010386087
1.05875e-07,-0.001042917
1.05975e-07,-0.0010436351
1.06075e-07,-0.0010465074
1.06175e-07,-0.001054406
1.06275e-07,-0.0010666131
1.06375e-07,-0.001077384
1.06475e-07,-0.0010809743
1.06575e-07,-0.0010759478
1.06675e-07,-0.0010637408
1.06775e-07,-0.0010522518
1.06875e-07,-0.0010465074
1.06975e-07,-0.0010486615
1.07075e-07,-0.0010572783
1.07175e-07,-0.001065895
1.07275e-07,-0.0010694853
1.07375e-07,-0.001065895
1.07475e-07,-0.0010594324
1.07575e-07,-0.0010551241
1.07675e-07,-0.0010579963
1.07775e-07,-0.0010702034
1.07875e-07,-0.0010860007
1.07975e-07,-0.0010996438
1.08075e-07,-0.0011039522
1.08175e-07,-0.0010974897
1.08275e-07,-0.0010845646
1.08375e-07,-0.0010730756
1.08475e-07,-0.0010694853
1.08575e-07,-0.0010766659
1.08675e-07,-0.001089591
1.08775e-07,-0.001101798
1.08875e-07,-0.0011039522
1.08975e-07,-0.0010938994
1.09075e-07,-0.0010745117
1.09175e-07,-0.0010522518
1.09275e-07,-0.0010350184
1.09375e-07,-0.0010249655
1.09475e-07,-0.0010199391
1.09575e-07,-0.0010134766
1.09675e-07,-0.0010005515
1.09775e-07,-0.00098044577
1.09875e-07,-0.00095674977
1.09975e-07,-0.00093879825
1.10075e-07,-0.00093161765
1.10175e-07,-0.00093736213
1.10275e-07,-0.00094956916
1.10375e-07,-0.00095818589
1.10475e-07,-0.00095459559
1.10575e-07,-0.00093520795
1.10675e-07,-0.0009050494
1.10775e-07,-0.00087345473
1.10875e-07,-0.00085119485
1.10975e-07,-0.00084473231
1.11075e-07,-0.00085191291
1.11175e-07,-0.00086483801
1.11275e-07,-0.00087417279
1.11375e-07,-0.00087417279
1.11475e-07,-0.00086411994
1.11575e-07,-0.00085047679
1.11675e-07,-0.00083970588
1.11775e-07,-0.0008375517
1.11875e-07,-0.00084473231
1.11975e-07,-0.00085478516
1.12075e-07,-0.00086268382
1.12175e-07,-0.00086411994
1.12275e-07,-0.00086052964
1.12375e-07,-0.0008540671
1.12475e-07,-0.00085119485
1.12575e-07,-0.00085263097
1.12675e-07,-0.00085622128
1.12775e-07,-0.00085693934
1.12875e-07,-0.00085119485
1.12975e-07,-0.00083898782
1.13075e-07,-0.00082606273
1.13175e-07,-0.00082031824
1.13275e-07,-0.00082821691
1.13375e-07,-0.00085191291
1.13475e-07,-0.00088422564
1.13575e-07,-0.00091438419
1.13675e-07,-0.00093161765
1.13775e-07,-0.00093018153
1.13875e-07,-0.00091151195
1.13975e-07,-0.00088566176
1.14075e-07,-0.00086268382
1.14175e-07,-0.00085191291
1.14275e-07,-0.00085693934
1.14375e-07,-0.00087417279
1.14475e-07,-0.00089715074
1.14575e-07,-0.00092084674
1.14675e-07,-0.00094310662
1.14775e-07,-0.0009653665
1.14875e-07,-0.0009890625
1.14975e-07,-0.0010156307
1.15075e-07,-0.001042917
1.15175e-07,-0.001065895
1.15275e-07,-0.0010809743
1.15375e-07,-0.0010874368
1.15475e-07,-0.0010874368
1.15575e-07,-0.0010881549
1.15675e-07,-0.0010924632
1.15775e-07,-0.0011025161
1.15875e-07,-0.0011154412
1.15975e-07,-0.001125494
1.16075e-07,-0.0011269301
1.16175e-07,-0.0011197495
1.16275e-07,-0.0011089786
1.16375e-07,-0.001101798
1.16475e-07,-0.0011039522
1.16575e-07,-0.0011190315
1.16675e-07,-0.0011420094
1.16775e-07,-0.0011664235
1.16875e-07,-0.001184375
1.16975e-07,-0.0011915556
1.17075e-07,-0.0011908375
1.17175e-07,-0.0011858111
1.17275e-07,-0.001184375
1.17375e-07,-0.0011894014
1.17475e-07,-0.0011994543
1.17575e-07,-0.0012102252
1.17675e-07,-0.0012188419
1.17775e-07,-0.0012231503
1.17875e-07,-0.0012274586
1.17975e-07,-0.0012360754
1.18075e-07,-0.0012533088
1.18175e-07,-0.001279159
1.18275e-07,-0.0013078814
1.18375e-07,-0.0013322955
1.18475e-07,-0.0013452206
1.18575e-07,-0.0013452206
1.18675e-07,-0.0013358858
1.18775e-07,-0.001325833
1.18875e-07,-0.0013222426
1.18975e-07,-0.0013279871
1.19075e-07,-0.0013394761
1.19175e-07,-0.0013509651
1.19275e-07,-0.0013567096
1.19375e-07,-0.0013545554
1.19475e-07,-0.0013488109
1.19575e-07,-0.0013466567
1.19675e-07,-0.0013567096
1.19775e-07,-0.0013804056
1.19875e-07,-0.0014134364
1.19975e-07,-0.0014464671
1.20075e-07,-0.0014715993
1.20175e-07,-0.0014830882
1.20275e-07,-0.0014838063
1.20375e-07,-0.0014809341
1.20475e-07,-0.0014830882
1.20575e-07,-0.0014938591
1.20675e-07,-0.0015125287
1.20775e-07,-0.0015304802
1.20875e-07,-0.0015405331
1.20975e-07,-0.0015383789
1.21075e-07,-0.001527608
1.21175e-07,-0.0015175551
1.21275e-07,-0.0015175551
1.21375e-07,-0.0015355067
1.21475e-07,-0.0015685375
1.21575e-07,-0.0016094669
1.21675e-07,-0.0016439338
1.21775e-07,-0.0016618853
1.21875e-07,-0.0016597312
1.21975e-07,-0.0016424977
1.22075e-07,-0.0016209559
1.22175e-07,-0.0016073127
1.22275e-07,-0.0016094669
1.22375e-07,-0.0016274184
1.22475e-07,-0.0016554228
1.22575e-07,-0.0016855813
1.22675e-07,-0.0017099954
1.22775e-07,-0.0017257927
1.22875e-07,-0.0017358456
1.22975e-07,-0.0017444623
1.23075e-07,-0.0017566693
1.23175e-07,-0.0017731847
1.23275e-07,-0.0017932904
1.23375e-07,-0.00181196
1.23475e-07,-0.0018263212
1.23575e-07,-0.001834938
1.23675e-07,-0.0018392463
1.23775e-07,-0.0018435547
1.23875e-07,-0.0018507353
1.23975e-07,-0.0018650965
1.24075e-07,-0.0018852022
1.24175e-07,-0.0019096163
1.24275e-07,-0.0019347484
1.24375e-07,-0.0019577263
1.24475e-07,-0.001977114
1.24575e-07,-0.0019914752
1.24675e-07,-0.002001528
1.24775e-07,-0.0020079906
1.24875e-07,-0.0020115809
1.24975e-07,-0.0020144531
1.25075e-07,-0.0020187615
1.25175e-07,-0.002025224
1.25275e-07,-0.0020345588
1.25375e-07,-0.0020467659
1.25475e-07,-0.002060409
1.25575e-07,-0.002072616
1.25675e-07,-0.0020805147
1.25775e-07,-0.0020833869
1.25875e-07,-0.0020826689
1.25975e-07,-0.0020805147
1.26075e-07,-0.0020805147
1.26175e-07,-0.0020855411
1.26275e-07,-0.0020970301
1.26375e-07,-0.0021113913
1.26475e-07,-0.0021264706
1.26575e-07,-0.0021365234
1.26675e-07,-0.0021401137
1.26775e-07,-0.0021358054
1.26875e-07,-0.0021264706
1.26975e-07,-0.0021156997
1.27075e-07,-0.002107083
1.27175e-07,-0.0021034926
1.27275e-07,-0.0021034926
1.27375e-07,-0.0021063649
1.27475e-07,-0.002107801
1.27575e-07,-0.002107083
1.27675e-07,-0.0021034926
1.27775e-07,-0.0020977482
1.27875e-07,-0.0020927217
1.27975e-07,-0.0020905676
1.28075e-07,-0.0020920037
1.28175e-07,-0.002096312
1.28275e-07,-0.0021006204
1.28375e-07,-0.0021042107
1.28475e-07,-0.0021034926
1.28575e-07,-0.0020991843
1.28675e-07,-0.0020927217
1.28775e-07,-0.0020862592
1.28875e-07,-0.0020805147
1.28975e-07,-0.0020776425
1.29075e-07,-0.0020769244
1.29175e-07,-0.0020783605
1.29275e-07,-0.0020805147
1.29375e-07,-0.002084105
1.29475e-07,-0.0020891314
1.29575e-07,-0.002095594
1.29675e-07,-0.0021034926
1.29775e-07,-0.0021113913
1.29875e-07,-0.0021156997
1.29975e-07,-0.0021135455
1.30075e-07,-0.0021034926
1.30175e-07,-0.0020862592
1.30275e-07,-0.0020654354
1.30375e-07,-0.0020460478
1.30475e-07,-0.0020345588
1.30575e-07,-0.0020345588
1.30675e-07,-0.0020467659
1.30775e-07,-0.0020675896
1.30875e-07,-0.0020920037
1.30975e-07,-0.0021135455
1.31075e-07,-0.0021286248
1.31175e-07,-0.0021358054
1.31275e-07,-0.0021379596
1.31375e-07,-0.0021401137
1.31475e-07,-0.0021458582
1.31575e-07,-0.0021573472
1.31675e-07,-0.0021724265
1.31775e-07,-0.0021882238
1.31875e-07,-0.0022004308
1.31975e-07,-0.0022061753
1.32075e-07,-0.0022068934
1.32175e-07,-0.0022054573
1.32275e-07,-0.0022068934
1.32375e-07,-0.002214792
1.32475e-07,-0.0022298713
1.32575e-07,-0.002249259
1.32675e-07,-0.0022686466
1.32775e-07,-0.0022822898
1.32875e-07,-0.0022873162
1.32975e-07,-0.0022837259
1.33075e-07,-0.0022758272
1.33175e-07,-0.0022679285
1.33275e-07,-0.0022643382
1.33375e-07,-0.0022672105
1.33475e-07,-0.0022758272
1.33575e-07,-0.0022880342
1.33675e-07,-0.0022988051
1.33775e-07,-0.0023074219
1.33875e-07,-0.0023131664
1.33975e-07,-0.0023174747
1.34075e-07,-0.0023217831
1.34175e-07,-0.0023268095
1.34275e-07,-0.0023332721
1.34375e-07,-0.0023397346
1.34475e-07,-0.002344761
1.34575e-07,-0.0023490694
1.34675e-07,-0.0023540958
1.34775e-07,-0.0023598403
1.34875e-07,-0.002367739
1.34975e-07,-0.0023763557
1.35075e-07,-0.0023842544
1.35175e-07,-0.0023892808
1.35275e-07,-0.0023907169
1.35375e-07,-0.0023892808
1.35475e-07,-0.0023864085
1.35575e-07,-0.0023864085
1.35675e-07,-0.0023907169
1.35775e-07,-0.0024000517
1.35875e-07,-0.0024136949
1.35975e-07,-0.0024302102
1.36075e-07,-0.0024481618
1.36175e-07,-0.0024668313
1.36275e-07,-0.0024847829
1.36375e-07,-0.0025027344
1.36475e-07,-0.0025170956
1.36575e-07,-0.0025264304
1.36675e-07,-0.0025278665
1.36775e-07,-0.0025235581
1.36875e-07,-0.0025170956
1.36975e-07,-0.0025142233
1.37075e-07,-0.002522122
1.37175e-07,-0.0025429458
1.37275e-07,-0.0025745404
1.37375e-07,-0.0026090074
1.37475e-07,-0.0026355756
1.37575e-07,-0.0026477826
1.37675e-07,-0.0026434743
1.37775e-07,-0.0026276769
1.37875e-07,-0.0026111615
1.37975e-07,-0.0026032629
1.38075e-07,-0.0026090074
1.38175e-07,-0.0026248047
1.38275e-07,-0.0026420381
1.38375e-07,-0.0026499368
1.38475e-07,-0.0026434743
1.38575e-07,-0.0026240866
1.38675e-07,-0.0026025448
1.38775e-07,-0.0025903378
1.38875e-07,-0.0025975184
1.38975e-07,-0.0026248047
1.39075e-07,-0.00266358
1.39175e-07,-0.0027009191
1.39275e-07,-0.0027238971
1.39375e-07,-0.0027260512
1.39475e-07,-0.002710972
1.39575e-07,-0.002687276
1.39675e-07,-0.0026664522
1.39775e-07,-0.0026556813
1.39875e-07,-0.0026549632
1.39975e-07,-0.0026607077
1.40075e-07,-0.0026664522
1.40175e-07,-0.0026678883
1.40275e-07,-0.0026671703
1.40375e-07,-0.0026686064
1.40475e-07,-0.0026779412
1.40575e-07,-0.0026958927
1.40675e-07,-0.0027203068
1.40775e-07,-0.0027432847
1.40875e-07,-0.002758364
1.40975e-07,-0.0027626723
1.41075e-07,-0.0027598001
1.41175e-07,-0.0027562098
1.41275e-07,-0.002758364
1.41375e-07,-0.002770571
1.41475e-07,-0.0027899586
1.41575e-07,-0.0028107824
1.41675e-07,-0.0028272978
1.41775e-07,-0.0028380687
1.41875e-07,-0.0028452493
1.41975e-07,-0.0028553022
1.42075e-07,-0.0028732537
1.42175e-07,-0.0028998219
1.42275e-07,-0.0029285443
1.42375e-07,-0.0029493681
1.42475e-07,-0.0029536765
1.42575e-07,-0.0029378791
1.42675e-07,-0.0029062845
1.42775e-07,-0.0028696634
1.42875e-07,-0.0028387868
1.42975e-07,-0.0028222714
1.43075e-07,-0.0028201172
1.43175e-07,-0.0028287339
1.43275e-07,-0.0028387868
1.43375e-07,-0.0028445312
1.43475e-07,-0.0028438132
1.43575e-07,-0.0028409409
1.43675e-07,-0.0028387868
1.43775e-07,-0.0028423771
1.43875e-07,-0.0028517119
1.43975e-07,-0.0028632008
1.44075e-07,-0.0028732537
1.44175e-07,-0.0028804343
1.44275e-07,-0.0028847426
1.44375e-07,-0.002889051
1.44475e-07,-0.0028962316
1.44575e-07,-0.0029048483
1.44675e-07,-0.0029105928
1.44775e-07,-0.0029084386
1.44875e-07,-0.0028962316
1.44975e-07,-0.0028761259
1.45075e-07,-0.0028560202
1.45175e-07,-0.0028452493
1.45275e-07,-0.0028502757
1.45375e-07,-0.0028710995
1.45475e-07,-0.00290054
1.45575e-07,-0.0029278263
1.45675e-07,-0.0029421875
1.45775e-07,-0.0029400333
1.45875e-07,-0.0029256721
1.45975e-07,-0.0029077206
1.46075e-07,-0.0028962316
1.46175e-07,-0.0028976677
1.46275e-07,-0.0029105928
1.46375e-07,-0.0029278263
1.46475e-07,-0.0029421875
1.46575e-07,-0.002947932
1.46675e-07,-0.0029472139
1.46775e-07,-0.0029472139
1.46875e-07,-0.0029536765
1.46975e-07,-0.002971628
1.47075e-07,-0.0029981962
1.47175e-07,-0.0030262006
1.47275e-07,-0.0030455882
1.47375e-07,-0.0030506147
1.47475e-07,-0.0030419979
1.47575e-07,-0.0030254825
1.47675e-07,-0.0030111213
1.47775e-07,-0.0030053768
1.47875e-07,-0.0030104033
1.47975e-07,-0.0030218922
1.48075e-07,-0.0030340993
1.48175e-07,-0.0030412799
1.48275e-07,-0.0030412799
1.48375e-07,-0.0030376896
1.48475e-07,-0.0030340993
1.48575e-07,-0.0030348173
1.48675e-07,-0.0030412799
1.48775e-07,-0.0030498966
1.48875e-07,-0.0030570772
1.48975e-07,-0.0030592314
1.49075e-07,-0.0030556411
1.49175e-07,-0.0030498966
1.49275e-07,-0.0030455882
1.49375e-07,-0.0030448702
1.49475e-07,-0.0030463063
1.49575e-07,-0.0030477424
1.49675e-07,-0.0030455882
1.49775e-07,-0.0030384076
1.49875e-07,-0.0030276367
1.49975e-07,-0.0030168658
1.50075e-07,-0.0030111213
1.50175e-07,-0.0030111213
1.50275e-07,-0.0030161477
1.50375e-07,-0.0030211742
1.50475e-07,-0.0030226103
1.50575e-07,-0.00301902
1.50675e-07,-0.0030111213
1.50775e-07,-0.0030032227
1.50875e-07,-0.0029996324
1.50975e-07,-0.0030003504
1.51075e-07,-0.0030032227
1.51175e-07,-0.0030046588
1.51275e-07,-0.0029996324
1.51375e-07,-0.0029895795
1.51475e-07,-0.0029780905
1.51575e-07,-0.002971628
1.51675e-07,-0.0029766544
1.51775e-07,-0.0029946059
1.51875e-07,-0.0030211742
1.51975e-07,-0.0030484605
1.52075e-07,-0.0030685662
1.52175e-07,-0.0030757468
1.52275e-07,-0.0030707204
1.52375e-07,-0.0030585133
1.52475e-07,-0.0030455882
1.52575e-07,-0.0030384076
1.52675e-07,-0.0030398437
1.52775e-07,-0.0030470244
1.52875e-07,-0.0030570772
1.52975e-07,-0.0030671301
1.53075e-07,-0.0030771829
1.53175e-07,-0.0030886719
1.53275e-07,-0.0031030331
1.53375e-07,-0.0031217027
1.53475e-07,-0.0031425264
1.53575e-07,-0.0031604779
1.53675e-07,-0.0031719669
1.53775e-07,-0.0031748392
1.53875e-07,-0.0031712489
1.53975e-07,-0.0031647863
1.54075e-07,-0.0031604779
1.54175e-07,-0.0031626321
1.54275e-07,-0.0031705308
1.54375e-07,-0.0031820198
1.54475e-07,-0.0031949449
1.54575e-07,-0.0032064338
1.54675e-07,-0.0032172047
1.54775e-07,-0.0032286937
1.54875e-07,-0.0032409007
1.54975e-07,-0.0032538258
1.55075e-07,-0.0032645967
1.55175e-07,-0.0032689051
1.55275e-07,-0.0032638787
1.55375e-07,-0.0032495175
1.55475e-07,-0.0032294118
1.55575e-07,-0.0032057158
1.55675e-07,-0.0031834559
1.55775e-07,-0.0031633502
1.55875e-07,-0.0031439625
1.55975e-07,-0.0031238568
1.56075e-07,-0.0031030331
1.56175e-07,-0.0030836455
1.56275e-07,-0.0030692842
1.56375e-07,-0.0030642578
1.56475e-07,-0.0030685662
1.56575e-07,-0.003078619
1.56675e-07,-0.0030879538
1.56775e-07,-0.0030893899
1.56875e-07,-0.0030800551
1.56975e-07,-0.0030621036
1.57075e-07,-0.0030434341
1.57175e-07,-0.0030319451
1.57275e-07,-0.0030340993
1.57375e-07,-0.0030477424
1.57475e-07,-0.003066412
1.57575e-07,-0.0030793371
1.57675e-07,-0.0030800551
1.57775e-07,-0.0030671301
1.57875e-07,-0.0030463063
1.57975e-07,-0.0030283548
1.58075e-07,-0.0030226103
1.58175e-07,-0.0030319451
1.58275e-07,-0.0030520508
1.58375e-07,-0.0030750287
1.58475e-07,-0.0030915441
1.58575e-07,-0.0030972886
1.58675e-07,-0.0030944164
1.58775e-07,-0.003090108
1.58875e-07,-0.0030915441
1.58975e-07,-0.003102315
1.59075e-07,-0.0031202665
1.59175e-07,-0.0031382181
1.59275e-07,-0.003148989
1.59375e-07,-0.0031504251
1.59475e-07,-0.0031453987
1.59575e-07,-0.0031425264
1.59675e-07,-0.003148989
1.59775e-07,-0.0031690947
1.59875e-07,-0.0032006893
1.59975e-07,-0.0032351563
1.60075e-07,-0.0032638787
1.60175e-07,-0.003279676
1.60275e-07,-0.0032832663
1.60375e-07,-0.003278958
1.60475e-07,-0.0032753676
1.60575e-07,-0.0032782399
1.60675e-07,-0.0032897289
1.60775e-07,-0.0033055262
1.60875e-07,-0.0033213235
1.60975e-07,-0.0033320944
1.61075e-07,-0.0033371209
1.61175e-07,-0.0033399931
1.61275e-07,-0.0033443015
1.61375e-07,-0.0033529182
1.61475e-07,-0.0033651252
1.61575e-07,-0.0033787684
1.61675e-07,-0.0033902574
1.61775e-07,-0.0033988741
1.61875e-07,-0.0034053366
1.61975e-07,-0.0034132353
1.62075e-07,-0.0034247243
1.62175e-07,-0.0034383674
1.62275e-07,-0.0034512925
1.62375e-07,-0.0034591912
1.62475e-07,-0.0034591912
1.62575e-07,-0.0034527286
1.62675e-07,-0.0034462661
1.62775e-07,-0.0034469841
1.62875e-07,-0.0034591912
1.62975e-07,-0.0034836052
1.63075e-07,-0.0035130457
1.63175e-07,-0.0035381778
1.63275e-07,-0.0035511029
1.63375e-07,-0.0035496668
1.63475e-07,-0.0035381778
1.63575e-07,-0.0035245347
1.63675e-07,-0.003516636
1.63775e-07,-0.0035180722
1.63875e-07,-0.0035266889
1.63975e-07,-0.0035360237
1.64075e-07,-0.003539614
1.64175e-07,-0.0035353056
1.64275e-07,-0.0035274069
1.64375e-07,-0.0035223805
1.64475e-07,-0.003528125
1.64575e-07,-0.0035460765
1.64675e-07,-0.0035719267
1.64775e-07,-0.0035963408
1.64875e-07,-0.0036085478
1.64975e-07,-0.0036035214
1.65075e-07,-0.0035834157
1.65175e-07,-0.0035546932
1.65275e-07,-0.003528125
1.65375e-07,-0.0035108915
1.65475e-07,-0.0035058651
1.65575e-07,-0.0035101735
1.65675e-07,-0.003516636
1.65775e-07,-0.0035216625
1.65875e-07,-0.0035238166
1.65975e-07,-0.0035245347
1.66075e-07,-0.003528125
1.66175e-07,-0.0035367417
1.66275e-07,-0.0035489488
1.66375e-07,-0.0035625919
1.66475e-07,-0.0035740809
1.66575e-07,-0.0035812615
1.66675e-07,-0.0035841337
1.66775e-07,-0.0035855699
1.66875e-07,-0.0035855699
1.66975e-07,-0.0035848518
1.67075e-07,-0.0035812615
1.67175e-07,-0.0035733628
1.67275e-07,-0.0035625919
1.67375e-07,-0.0035532571
1.67475e-07,-0.0035532571
1.67575e-07,-0.0035676183
1.67675e-07,-0.0035970588
1.67775e-07,-0.003635116
1.67875e-07,-0.0036710191
1.67975e-07,-0.0036947151
1.68075e-07,-0.0037004596
1.68175e-07,-0.0036918428
1.68275e-07,-0.0036789177
1.68375e-07,-0.0036753274
1.68475e-07,-0.0036889706
1.68575e-07,-0.003717693
1.68675e-07,-0.0037514419
1.68775e-07,-0.003776574
1.68875e-07,-0.0037808824
1.68975e-07,-0.003764367
1.69075e-07,-0.0037349265
1.69175e-07,-0.0037090763
1.69275e-07,-0.0037004596
1.69375e-07,-0.0037155388
1.69475e-07,-0.0037485696
1.69575e-07,-0.0037873449
1.69675e-07,-0.0038153493
1.69775e-07,-0.0038246841
1.69875e-07,-0.0038153493
1.69975e-07,-0.0037966797
1.70075e-07,-0.0037808824
1.70175e-07,-0.0037758559
1.70275e-07,-0.0037823185
1.70375e-07,-0.0037945255
1.70475e-07,-0.0038038603
1.70575e-07,-0.0038045784
1.70675e-07,-0.0037966797
1.70775e-07,-0.0037866268
1.70875e-07,-0.0037808824
1.70975e-07,-0.0037844727
1.71075e-07,-0.0037959616
1.71175e-07,-0.0038088867
1.71275e-07,-0.0038153493
1.71375e-07,-0.003811759
1.71475e-07,-0.0038009881
1.71575e-07,-0.003788063
1.71675e-07,-0.0037808824
1.71775e-07,-0.0037844727
1.71875e-07,-0.0037959616
1.71975e-07,-0.0038081687
1.72075e-07,-0.0038153493
1.72175e-07,-0.003812477
1.72275e-07,-0.0038024242
1.72375e-07,-0.0037930894
1.72475e-07,-0.0037923713
1.72575e-07,-0.0038045784
1.72675e-07,-0.0038268382
1.72775e-07,-0.0038526884
1.72875e-07,-0.0038727941
1.72975e-07,-0.0038806928
1.73075e-07,-0.0038778205
1.73175e-07,-0.0038684858
1.73275e-07,-0.0038613051
1.73375e-07,-0.003859869
1.73475e-07,-0.0038648955
1.73575e-07,-0.0038706399
1.73675e-07,-0.0038727941
1.73775e-07,-0.0038677677
1.73875e-07,-0.003859869
1.73975e-07,-0.0038548426
1.74075e-07,-0.0038613051
1.74175e-07,-0.0038821289
1.74275e-07,-0.0039144416
1.74375e-07,-0.0039496266
1.74475e-07,-0.0039761949
1.74575e-07,-0.0039876838
1.74675e-07,-0.0039833755
1.74775e-07,-0.0039682962
1.74875e-07,-0.0039532169
1.74975e-07,-0.0039460363
1.75075e-07,-0.0039503447
1.75175e-07,-0.003966142
1.75275e-07,-0.0039876838
1.75375e-07,-0.0040092256
1.75475e-07,-0.0040286133
1.75575e-07,-0.0040436926
1.75675e-07,-0.0040566176
1.75775e-07,-0.0040688247
1.75875e-07,-0.0040810317
1.75975e-07,-0.0040925207
1.76075e-07,-0.0041025735
1.76175e-07,-0.0041126264
1.76275e-07,-0.0041248334
1.76375e-07,-0.0041413488
1.76475e-07,-0.0041600184
1.76575e-07,-0.004178688
1.76675e-07,-0.004190895
1.76775e-07,-0.0041930492
1.76875e-07,-0.0041829963
1.76975e-07,-0.0041650448
1.77075e-07,-0.0041485294
1.77175e-07,-0.0041413488
1.77275e-07,-0.0041485294
1.77375e-07,-0.004167917
1.77475e-07,-0.0041923311
1.77575e-07,-0.0042110007
1.77675e-07,-0.0042174632
1.77775e-07,-0.0042110007
1.77875e-07,-0.0041973575
1.77975e-07,-0.0041858686
1.78075e-07,-0.0041829963
1.78175e-07,-0.0041901769
1.78275e-07,-0.0042016659
1.78375e-07,-0.0042088465
1.78475e-07,-0.0042059743
1.78575e-07,-0.0041916131
1.78675e-07,-0.0041729435
1.78775e-07,-0.0041600184
1.78875e-07,-0.0041600184
1.78975e-07,-0.0041743796
1.79075e-07,-0.0041973575
1.79175e-07,-0.0042188994
1.79275e-07,-0.0042289522
1.79375e-07,-0.0042253619
1.79475e-07,-0.0042124368
1.79575e-07,-0.0041987937
1.79675e-07,-0.0041944853
1.79775e-07,-0.0042016659
1.79875e-07,-0.0042153091
1.79975e-07,-0.004226798
1.80075e-07,-0.0042289522
1.80175e-07,-0.0042188994
1.80275e-07,-0.0042009478
1.80375e-07,-0.0041858686
1.80475e-07,-0.0041829963
1.80575e-07,-0.0041944853
1.80675e-07,-0.0042167452
1.80775e-07,-0.0042390051
1.80875e-07,-0.0042519301
1.80975e-07,-0.0042519301
1.81075e-07,-0.0042418773
1.81175e-07,-0.0042311064
1.81275e-07,-0.0042289522
1.81375e-07,-0.004238287
1.81475e-07,-0.0042555205
1.81575e-07,-0.0042705997
1.81675e-07,-0.0042749081
1.81775e-07,-0.0042641372
1.81875e-07,-0.0042440315
1.81975e-07,-0.0042246438
1.82075e-07,-0.0042174632
1.82175e-07,-0.0042275161
1.82275e-07,-0.0042519301
1.82375e-07,-0.0042799345
1.82475e-07,-0.004297886
1.82575e-07,-0.0042986041
1.82675e-07,-0.0042813706
1.82775e-07,-0.0042548024
1.82875e-07,-0.0042289522
1.82975e-07,-0.0042131549
1.83075e-07,-0.0042095646
1.83175e-07,-0.0042131549
1.83275e-07,-0.0042174632
1.83375e-07,-0.0042160271
1.83475e-07,-0.0042081284
1.83575e-07,-0.0041987937
1.83675e-07,-0.0041944853
1.83775e-07,-0.0042002298
1.83875e-07,-0.0042160271
1.83975e-07,-0.0042354148
1.84075e-07,-0.0042519301
1.84175e-07,-0.0042591108
1.84275e-07,-0.0042569566
1.84375e-07,-0.0042490579
1.84475e-07,-0.0042404412
1.84575e-07,-0.0042361328
1.84675e-07,-0.0042361328
1.84775e-07,-0.0042390051
1.84875e-07,-0.0042404412
1.84975e-07,-0.0042397231
1.85075e-07,-0.0042390051
1.85175e-07,-0.0042418773
1.85275e-07,-0.0042519301
1.85375e-07,-0.0042691636
1.85475e-07,-0.0042907054
1.85575e-07,-0.0043100931
1.85675e-07,-0.004320864
1.85775e-07,-0.004321582
1.85875e-07,-0.0043151195
1.85975e-07,-0.0043057847
1.86075e-07,-0.004297886
1.86175e-07,-0.0042935777
1.86275e-07,-0.0042899874
1.86375e-07,-0.0042842429
1.86475e-07,-0.0042749081
1.86575e-07,-0.0042641372
1.86675e-07,-0.0042569566
1.86775e-07,-0.0042598288
1.86875e-07,-0.0042749081
1.86975e-07,-0.0042986041
1.87075e-07,-0.0043223001
1.87175e-07,-0.0043359432
1.87275e-07,-0.0043323529
1.87375e-07,-0.0043144014
1.87475e-07,-0.0042914235
1.87575e-07,-0.0042756261
1.87675e-07,-0.0042749081
1.87775e-07,-0.0042899874
1.87875e-07,-0.0043129653
1.87975e-07,-0.0043309168
1.88075e-07,-0.0043323529
1.88175e-07,-0.0043151195
1.88275e-07,-0.0042871151
1.88375e-07,-0.004261983
1.88475e-07,-0.0042519301
1.88575e-07,-0.0042634191
1.88675e-07,-0.0042907054
1.88775e-07,-0.0043223001
1.88875e-07,-0.0043438419
1.88975e-07,-0.0043481503
1.89075e-07,-0.0043366613
1.89175e-07,-0.0043194278
1.89275e-07,-0.004309375
1.89375e-07,-0.0043136834
1.89475e-07,-0.004333071
1.89575e-07,-0.0043589212
1.89675e-07,-0.0043783088
1.89775e-07,-0.0043840533
1.89875e-07,-0.0043747185
1.89975e-07,-0.0043574851
1.90075e-07,-0.0043438419
1.90175e-07,-0.0043424058
1.90275e-07,-0.0043553309
1.90375e-07,-0.0043775908
1.90475e-07,-0.0044012868
1.90575e-07,-0.0044170841
1.90675e-07,-0.0044213925
1.90775e-07,-0.0044178022
1.90875e-07,-0.0044127757
1.90975e-07,-0.0044127757
1.91075e-07,-0.0044213925
1.91175e-07,-0.0044343176
1.91275e-07,-0.0044472426
1.91375e-07,-0.0044537052
1.91475e-07,-0.004451551
1.91575e-07,-0.0044436523
1.91675e-07,-0.0044357537
1.91775e-07,-0.0044335995
1.91875e-07,-0.004439344
1.91975e-07,-0.0044529871
1.92075e-07,-0.0044702206
1.92175e-07,-0.0044860179
1.92275e-07,-0.0044975069
1.92375e-07,-0.0045032514
1.92475e-07,-0.0045046875
1.92575e-07,-0.0045032514
1.92675e-07,-0.0044996611
1.92775e-07,-0.0044960708
1.92875e-07,-0.0044931985
1.92975e-07,-0.0044931985
1.93075e-07,-0.004498943
1.93175e-07,-0.004510432
1.93275e-07,-0.0045276654
1.93375e-07,-0.004546335
1.93475e-07,-0.0045599782
1.93575e-07,-0.0045657227
1.93675e-07,-0.0045621324
1.93775e-07,-0.0045520795
1.93875e-07,-0.0045434628
1.93975e-07,-0.0045420267
1.94075e-07,-0.0045506434
1.94175e-07,-0.0045671588
1.94275e-07,-0.0045851103
1.94375e-07,-0.0045958812
1.94475e-07,-0.0045965993
1.94575e-07,-0.0045879825
1.94675e-07,-0.0045786477
1.94775e-07,-0.0045757755
1.94875e-07,-0.0045851103
1.94975e-07,-0.0046059341
1.95075e-07,-0.0046303481
1.95175e-07,-0.0046482996
1.95275e-07,-0.0046540441
1.95375e-07,-0.0046468635
1.95475e-07,-0.0046346565
1.95575e-07,-0.0046267578
1.95675e-07,-0.0046310662
1.95775e-07,-0.0046468635
1.95875e-07,-0.0046669692
1.95975e-07,-0.0046798943
1.96075e-07,-0.0046770221
1.96175e-07,-0.0046561983
1.96275e-07,-0.0046253217
1.96375e-07,-0.0045973173
1.96475e-07,-0.0045851103
1.96575e-07,-0.0045951631
1.96675e-07,-0.0046231675
1.96775e-07,-0.0046583525
1.96875e-07,-0.004688511
1.96975e-07,-0.0047043084
1.97075e-07,-0.0047028722
1.97175e-07,-0.0046913833
1.97275e-07,-0.0046770221
1.97375e-07,-0.0046662511
1.97475e-07,-0.0046605067
1.97575e-07,-0.0046576344
1.97675e-07,-0.0046540441
1.97775e-07,-0.0046482996
1.97875e-07,-0.0046432732
1.97975e-07,-0.0046439913
1.98075e-07,-0.0046540441
1.98175e-07,-0.0046727137
1.98275e-07,-0.0046935375
1.98375e-07,-0.0047093348
1.98475e-07,-0.004711489
1.98575e-07,-0.0046992819
1.98675e-07,-0.0046777401
1.98775e-07,-0.0046554802
1.98875e-07,-0.0046425551
1.98975e-07,-0.0046418371
1.99075e-07,-0.0046504538
1.99175e-07,-0.0046605067
1.99275e-07,-0.0046655331
1.99375e-07,-0.0046626608
1.99475e-07,-0.0046547622
1.99575e-07,-0.0046497358
1.99675e-07,-0.0046540441
1.99775e-07,-0.0046698415
1.99875e-07,-0.0046928194
1.99975e-07,-0.0047136432
2.00075e-07,-0.0047229779
2.00175e-07,-0.0047186696
2.00275e-07,-0.0047035903
2.00375e-07,-0.0046863568
2.00475e-07,-0.0046770221
2.00575e-07,-0.0046784582
2.00675e-07,-0.0046899472
2.00775e-07,-0.0047028722
2.00875e-07,-0.004711489
2.00975e-07,-0.004712207
2.01075e-07,-0.0047078987
2.01175e-07,-0.0047057445
2.01275e-07,-0.004711489
2.01375e-07,-0.0047258502
2.01475e-07,-0.0047445198
2.01575e-07,-0.0047574449
2.01675e-07,-0.0047574449
2.01775e-07,-0.0047430836
2.01875e-07,-0.0047193876
2.01975e-07,-0.0046985639
2.02075e-07,-0.004688511
2.02175e-07,-0.0046949736
2.02275e-07,-0.0047129251
2.02375e-07,-0.0047337489
2.02475e-07,-0.0047459559
2.02575e-07,-0.0047452378
2.02675e-07,-0.0047337489
2.02775e-07,-0.0047193876
2.02875e-07,-0.004711489
2.02975e-07,-0.0047157973
2.03075e-07,-0.0047301585
2.03175e-07,-0.004747392
2.03275e-07,-0.0047574449
2.03375e-07,-0.0047567268
2.03475e-07,-0.0047452378
2.03575e-07,-0.0047315947
2.03675e-07,-0.0047229779
2.03775e-07,-0.0047251321
2.03875e-07,-0.0047373392
2.03975e-07,-0.0047538545
2.04075e-07,-0.0047689338
2.04175e-07,-0.0047775506
2.04275e-07,-0.0047811409
2.04375e-07,-0.0047847312
2.04475e-07,-0.0047919118
2.04575e-07,-0.0048048369
2.04675e-07,-0.0048206342
2.04775e-07,-0.0048335593
2.04875e-07,-0.0048378676
2.04975e-07,-0.0048328412
2.05075e-07,-0.0048227884
2.05175e-07,-0.0048148897
2.05275e-07,-0.0048148897
2.05375e-07,-0.0048235064
2.05475e-07,-0.0048371496
2.05575e-07,-0.0048472024
2.05675e-07,-0.0048493566
2.05775e-07,-0.0048428941
2.05875e-07,-0.0048342773
2.05975e-07,-0.004829969
2.06075e-07,-0.0048378676
2.06175e-07,-0.0048565372
2.06275e-07,-0.004878079
2.06375e-07,-0.0048938764
2.06475e-07,-0.0048953125
2.06575e-07,-0.0048816693
2.06675e-07,-0.0048608456
2.06775e-07,-0.0048428941
2.06875e-07,-0.0048378676
2.06975e-07,-0.0048472024
2.07075e-07,-0.0048644359
2.07175e-07,-0.0048795152
2.07275e-07,-0.0048838235
2.07375e-07,-0.0048759249
2.07475e-07,-0.0048637178
2.07575e-07,-0.0048586914
2.07675e-07,-0.0048723346
2.07775e-07,-0.0049053653
2.07875e-07,-0.0049498851
2.07975e-07,-0.0049893784
2.08075e-07,-0.0050102022
2.08175e-07,-0.0050044577
2.08275e-07,-0.0049778895
2.08375e-07,-0.0049441406
2.08475e-07,-0.0049182904
2.08575e-07,-0.0049118279
2.08675e-07,-0.0049240349
2.08775e-07,-0.0049462948
2.08875e-07,-0.0049642463
2.08975e-07,-0.0049685547
2.09075e-07,-0.0049563477
2.09175e-07,-0.004936242
2.09275e-07,-0.0049182904
2.09375e-07,-0.0049118279
2.09475e-07,-0.0049190085
2.09575e-07,-0.004936242
2.09675e-07,-0.0049527574
2.09775e-07,-0.0049620921
2.09875e-07,-0.004960656
2.09975e-07,-0.0049513212
2.10075e-07,-0.0049412684
2.10175e-07,-0.0049348058
2.10275e-07,-0.0049348058
2.10375e-07,-0.0049383961
2.10475e-07,-0.0049412684
2.10575e-07,-0.0049419864
2.10675e-07,-0.0049398323
2.10775e-07,-0.0049391142
2.10875e-07,-0.0049412684
2.10975e-07,-0.0049470129
2.11075e-07,-0.0049527574
2.11175e-07,-0.0049520393
2.11275e-07,-0.0049412684
2.11375e-07,-0.0049211627
2.11475e-07,-0.0048974667
2.11575e-07,-0.0048787971
2.11675e-07,-0.0048723346
2.11775e-07,-0.0048795152
2.11875e-07,-0.0048938764
2.11975e-07,-0.0049060834
2.12075e-07,-0.0049068015
2.12175e-07,-0.0048938764
2.12275e-07,-0.0048708984
2.12375e-07,-0.0048493566
2.12475e-07,-0.0048378676
2.12575e-07,-0.0048428941
2.12675e-07,-0.0048622817
2.12775e-07,-0.0048866958
2.12875e-07,-0.0049068015
2.12975e-07,-0.0049147001
2.13075e-07,-0.0049096737
2.13175e-07,-0.0048967486
2.13275e-07,-0.0048838235
2.13375e-07,-0.0048759249
2.13475e-07,-0.0048752068
2.13575e-07,-0.0048787971
2.13675e-07,-0.0048838235
2.13775e-07,-0.0048881319
2.13875e-07,-0.0048931583
2.13975e-07,-0.0049024931
2.14075e-07,-0.0049182904
2.14175e-07,-0.0049391142
2.14275e-07,-0.0049613741
2.14375e-07,-0.0049786075
2.14475e-07,-0.0049872243
2.14575e-07,-0.0049879423
2.14675e-07,-0.0049865062
2.14775e-07,-0.0049886604
2.14875e-07,-0.0049987132
2.14975e-07,-0.0050159467
2.15075e-07,-0.0050331801
2.15175e-07,-0.0050439511
2.15275e-07,-0.0050446691
2.15375e-07,-0.0050382066
2.15475e-07,-0.0050331801
2.15575e-07,-0.0050410788
2.15675e-07,-0.0050676471
2.15775e-07,-0.0051100126
2.15875e-07,-0.0051559685
2.15975e-07,-0.0051918716
2.16075e-07,-0.0052055147
2.16175e-07,-0.0051961799
2.16275e-07,-0.0051710478
2.16375e-07,-0.0051473518
2.16475e-07,-0.0051365809
2.16575e-07,-0.0051459157
2.16675e-07,-0.0051703297
2.16775e-07,-0.005197616
2.16875e-07,-0.0052170037
2.16975e-07,-0.005221312
2.17075e-07,-0.0052126953
2.17175e-07,-0.0051997702
2.17275e-07,-0.0051940257
2.17375e-07,-0.0051997702
2.17475e-07,-0.0052141314
2.17575e-07,-0.0052306468
2.17675e-07,-0.0052399816
2.17775e-07,-0.0052385455
2.17875e-07,-0.0052292107
2.17975e-07,-0.0052198759
2.18075e-07,-0.0052170037
2.18175e-07,-0.0052227482
2.18275e-07,-0.0052335191
2.18375e-07,-0.0052414177
2.18475e-07,-0.0052399816
2.18575e-07,-0.0052299288
2.18675e-07,-0.0052177217
2.18775e-07,-0.0052148495
2.18875e-07,-0.0052284926
2.18975e-07,-0.0052586512
2.19075e-07,-0.0052945542
2.19175e-07,-0.0053232767
2.19275e-07,-0.0053318934
2.19375e-07,-0.0053168141
2.19475e-07,-0.0052866556
2.19575e-07,-0.005255779
2.19675e-07,-0.0052399816
2.19775e-07,-0.0052457261
2.19875e-07,-0.0052701402
2.19975e-07,-0.0052995807
2.20075e-07,-0.0053204044
2.20175e-07,-0.0053239947
2.20275e-07,-0.0053125057
2.20375e-07,-0.0052952723
2.20475e-07,-0.0052859375
2.20575e-07,-0.005291682
2.20675e-07,-0.0053110696
2.20775e-07,-0.0053362017
2.20875e-07,-0.0053548713
2.20975e-07,-0.0053591797
2.21075e-07,-0.0053491268
2.21175e-07,-0.0053326114
2.21275e-07,-0.0053204044
2.21375e-07,-0.0053196864
2.21475e-07,-0.0053311753
2.21575e-07,-0.0053498449
2.21675e-07,-0.0053663603
2.21775e-07,-0.0053756951
2.21875e-07,-0.0053792854
2.21975e-07,-0.0053814396
2.22075e-07,-0.0053893382
2.22175e-07,-0.0054072898
2.22275e-07,-0.0054317038
2.22375e-07,-0.0054553998
2.22475e-07,-0.005469761
2.22575e-07,-0.0054704791
2.22675e-07,-0.0054589901
2.22775e-07,-0.0054446289
2.22875e-07,-0.0054352941
2.22975e-07,-0.0054374483
2.23075e-07,-0.0054482192
2.23175e-07,-0.0054625804
2.23275e-07,-0.005469761
2.23375e-07,-0.0054661707
2.23475e-07,-0.0054518095
2.23575e-07,-0.0054352941
2.23675e-07,-0.0054238051
2.23775e-07,-0.0054230871
2.23875e-07,-0.0054331399
2.23975e-07,-0.0054475011
2.24075e-07,-0.0054582721
2.24175e-07,-0.0054604262
2.24275e-07,-0.0054539637
2.24375e-07,-0.0054431928
2.24475e-07,-0.0054352941
2.24575e-07,-0.0054331399
2.24675e-07,-0.0054352941
2.24775e-07,-0.0054381664
2.24875e-07,-0.0054352941
2.24975e-07,-0.0054252413
2.25075e-07,-0.0054123162
2.25175e-07,-0.0054015453
2.25275e-07,-0.0054008272
2.25375e-07,-0.0054115981
2.25475e-07,-0.0054295496
2.25575e-07,-0.0054482192
2.25675e-07,-0.0054582721
2.25775e-07,-0.0054561179
2.25875e-07,-0.005445347
2.25975e-07,-0.0054317038
2.26075e-07,-0.0054238051
2.26175e-07,-0.0054245232
2.26275e-07,-0.0054317038
2.26375e-07,-0.0054381664
2.26475e-07,-0.0054352941
2.26575e-07,-0.0054202148
2.26675e-07,-0.0053958008
2.26775e-07,-0.0053706687
2.26875e-07,-0.0053548713
2.26975e-07,-0.0053548713
2.27075e-07,-0.0053692325
2.27175e-07,-0.0053922105
2.27275e-07,-0.0054123162
2.27375e-07,-0.005421651
2.27475e-07,-0.0054173426
2.27575e-07,-0.0054008272
2.27675e-07,-0.0053778493
2.27775e-07,-0.0053548713
2.27875e-07,-0.0053362017
2.27975e-07,-0.0053211225
2.28075e-07,-0.0053089154
2.28175e-07,-0.0052981445
2.28275e-07,-0.0052902459
2.28375e-07,-0.0052859375
2.28475e-07,-0.0052859375
2.28575e-07,-0.0052888097
2.28675e-07,-0.0052909639
2.28775e-07,-0.0052873736
2.28875e-07,-0.0052744485
2.28975e-07,-0.0052529067
2.29075e-07,-0.0052284926
2.29175e-07,-0.0052069508
2.29275e-07,-0.0051940257
2.29375e-07,-0.0051911535
2.29475e-07,-0.0051940257
2.29575e-07,-0.0051961799
2.29675e-07,-0.0051940257
2.29775e-07,-0.005185409
2.29875e-07,-0.0051753562
2.29975e-07,-0.0051688936
2.30075e-07,-0.0051710478
2.30175e-07,-0.0051818187
2.30275e-07,-0.0051961799
2.30375e-07,-0.0052062328
2.30475e-07,-0.0052055147
2.30575e-07,-0.0051940257
2.30675e-07,-0.0051767923
2.30775e-07,-0.0051631491
2.30875e-07,-0.0051595588
2.30975e-07,-0.0051688936
2.31075e-07,-0.005185409
2.31175e-07,-0.0052004883
2.31275e-07,-0.0052055147
2.31375e-07,-0.005197616
2.31475e-07,-0.0051811006
2.31575e-07,-0.0051645852
2.31675e-07,-0.0051595588
2.31775e-07,-0.0051703297
2.31875e-07,-0.0051947438
2.31975e-07,-0.0052249023
2.32075e-07,-0.0052514706
2.32175e-07,-0.0052665499
2.32275e-07,-0.0052701402
2.32375e-07,-0.0052665499
2.32475e-07,-0.0052629596
2.32575e-07,-0.0052658318
2.32675e-07,-0.0052751666
2.32775e-07,-0.0052880917
2.32875e-07,-0.0052974265
2.32975e-07,-0.0052995807
2.33075e-07,-0.0052931181
2.33175e-07,-0.0052830653
2.33275e-07,-0.0052744485
2.33375e-07,-0.0052708582
2.33475e-07,-0.0052737305
2.33575e-07,-0.005280193
2.33675e-07,-0.0052859375
2.33775e-07,-0.0052880917
2.33875e-07,-0.0052873736
2.33975e-07,-0.0052859375
2.34075e-07,-0.0052859375
2.34175e-07,-0.0052895278
2.34275e-07,-0.0052945542
2.34375e-07,-0.0052981445
2.34475e-07,-0.0052974265
2.34575e-07,-0.0052931181
2.34675e-07,-0.0052895278
2.34775e-07,-0.0052895278
2.34875e-07,-0.0052974265
2.34975e-07,-0.0053117877
2.35075e-07,-0.0053283031
2.35175e-07,-0.0053405101
2.35275e-07,-0.0053433824
2.35375e-07,-0.0053362017
2.35475e-07,-0.0053239947
2.35575e-07,-0.0053132238
2.35675e-07,-0.0053089154
2.35775e-07,-0.0053125057
2.35875e-07,-0.0053196864
2.35975e-07,-0.0053239947
2.36075e-07,-0.0053204044
2.36175e-07,-0.0053081974
2.36275e-07,-0.0052945542
2.36375e-07,-0.0052880917
2.36475e-07,-0.0052974265
2.36575e-07,-0.0053232767
2.36675e-07,-0.0053606158
2.36775e-07,-0.005397955
2.36875e-07,-0.0054238051
2.36975e-07,-0.0054302677
2.37075e-07,-0.0054194968
2.37175e-07,-0.005397955
2.37275e-07,-0.0053778493
2.37375e-07,-0.0053670784
2.37475e-07,-0.0053699506
2.37575e-07,-0.0053835937
2.37675e-07,-0.0054008272
2.37775e-07,-0.0054166245
2.37875e-07,-0.0054288316
2.37975e-07,-0.0054374483
2.38075e-07,-0.0054467831
2.38175e-07,-0.0054582721
2.38275e-07,-0.0054719152
2.38375e-07,-0.0054841222
2.38475e-07,-0.005492739
2.38575e-07,-0.0054956112
2.38675e-07,-0.0054956112
2.38775e-07,-0.0054970473
2.38875e-07,-0.0055042279
2.38975e-07,-0.0055185892
2.39075e-07,-0.0055365407
2.39175e-07,-0.0055530561
2.39275e-07,-0.0055616728
2.39375e-07,-0.0055602367
2.39475e-07,-0.0055509019
2.39575e-07,-0.005540849
2.39675e-07,-0.0055386949
2.39775e-07,-0.0055487477
2.39875e-07,-0.0055702895
2.39975e-07,-0.0055968578
2.40075e-07,-0.0056191176
2.40175e-07,-0.0056298886
2.40275e-07,-0.0056277344
2.40375e-07,-0.0056140912
2.40475e-07,-0.0055961397
2.40575e-07,-0.0055810604
2.40675e-07,-0.0055731618
2.40775e-07,-0.0055717256
2.40875e-07,-0.0055731618
2.40975e-07,-0.0055724437
2.41075e-07,-0.0055674173
2.41175e-07,-0.0055588006
2.41275e-07,-0.0055501838
2.41375e-07,-0.0055451574
2.41475e-07,-0.0055458755
2.41575e-07,-0.005552338
2.41675e-07,-0.0055616728
2.41775e-07,-0.0055695715
2.41875e-07,-0.0055724437
2.41975e-07,-0.0055695715
2.42075e-07,-0.0055616728
2.42175e-07,-0.0055501838
2.42275e-07,-0.0055379768
2.42375e-07,-0.0055264878
2.42475e-07,-0.0055157169
2.42575e-07,-0.0055078182
2.42675e-07,-0.0055027918
2.42775e-07,-0.0055013557
2.42875e-07,-0.0055042279
2.42975e-07,-0.0055092544
2.43075e-07,-0.0055142808
2.43175e-07,-0.005517153
2.43275e-07,-0.0055157169
2.43375e-07,-0.0055099724
2.43475e-07,-0.0055020738
2.43575e-07,-0.0054956112
2.43675e-07,-0.005492739
2.43775e-07,-0.0054948932
2.43875e-07,-0.0055006376
2.43975e-07,-0.0055085363
2.44075e-07,-0.0055157169
2.44175e-07,-0.0055207433
2.44275e-07,-0.0055236156
2.44375e-07,-0.0055257698
2.44475e-07,-0.0055272059
2.44575e-07,-0.0055300781
2.44675e-07,-0.0055336684
2.44775e-07,-0.005540131
2.44875e-07,-0.0055501838
2.44975e-07,-0.0055652631
2.45075e-07,-0.0055868049
2.45175e-07,-0.0056140912
2.45275e-07,-0.0056420956
2.45375e-07,-0.0056665097
2.45475e-07,-0.0056808709
2.45575e-07,-0.0056837431
2.45675e-07,-0.0056765625
2.45775e-07,-0.0056665097
2.45875e-07,-0.0056629193
2.45975e-07,-0.0056736903
2.46075e-07,-0.0056995404
2.46175e-07,-0.0057354435
2.46275e-07,-0.0057713465
2.46375e-07,-0.0057964786
2.46475e-07,-0.0058029412
2.46575e-07,-0.0057914522
2.46675e-07,-0.0057691923
2.46775e-07,-0.0057476505
2.46875e-07,-0.0057340074
2.46975e-07,-0.0057332893
2.47075e-07,-0.005741188
2.47175e-07,-0.0057519589
2.47275e-07,-0.0057569853
2.47375e-07,-0.0057541131
2.47475e-07,-0.0057433421
2.47575e-07,-0.0057311351
2.47675e-07,-0.0057225184
2.47775e-07,-0.0057196461
2.47875e-07,-0.0057203642
2.47975e-07,-0.0057225184
2.48075e-07,-0.0057225184
2.48175e-07,-0.0057196461
2.48275e-07,-0.0057160558
2.48375e-07,-0.0057167739
2.48475e-07,-0.0057225184
2.48575e-07,-0.0057325712
2.48675e-07,-0.005741188
2.48775e-07,-0.0057426241
2.48875e-07,-0.0057340074
2.48975e-07,-0.00571821
2.49075e-07,-0.0057016946
2.49175e-07,-0.005693796
2.49275e-07,-0.0056995404
2.49375e-07,-0.0057167739
2.49475e-07,-0.0057390338
2.49575e-07,-0.0057548311
2.49675e-07,-0.0057569853
2.49775e-07,-0.0057447783
2.49875e-07,-0.0057239545
2.49975e-07,-0.005706003
2.50075e-07,-0.0056995404
2.50175e-07,-0.005706721
2.50275e-07,-0.0057239545
2.50375e-07,-0.0057397518
2.50475e-07,-0.0057454963
2.50575e-07,-0.0057383157
2.50675e-07,-0.0057210823
2.50775e-07,-0.0057052849
2.50875e-07,-0.0056995404
2.50975e-07,-0.0057088752
2.51075e-07,-0.005729699
2.51175e-07,-0.0057526769
2.51275e-07,-0.0057684743
2.51375e-07,-0.0057699104
2.51475e-07,-0.0057584214
2.51575e-07,-0.0057397518
2.51675e-07,-0.0057225184
2.51775e-07,-0.0057117475
2.51875e-07,-0.005706721
2.51975e-07,-0.0057009766
2.52075e-07,-0.0056880515
2.52175e-07,-0.0056650735
2.52275e-07,-0.0056363511
2.52375e-07,-0.0056097829
2.52475e-07,-0.0055961397
2.52575e-07,-0.0056004481
2.52675e-07,-0.0056198357
2.52775e-07,-0.0056456859
2.52875e-07,-0.0056650735
2.52975e-07,-0.0056693819
2.53075e-07,-0.0056571749
2.53175e-07,-0.0056327608
2.53275e-07,-0.0056076287
2.53375e-07,-0.0055911133
2.53475e-07,-0.0055896772
2.53575e-07,-0.0056004481
2.53675e-07,-0.0056191176
2.53775e-07,-0.0056370692
2.53875e-07,-0.0056492762
2.53975e-07,-0.0056543026
2.54075e-07,-0.0056535846
2.54175e-07,-0.0056514304
2.54275e-07,-0.0056499943
2.54375e-07,-0.0056507123
2.54475e-07,-0.0056535846
2.54575e-07,-0.005658611
2.54675e-07,-0.0056650735
2.54775e-07,-0.0056751264
2.54875e-07,-0.0056880515
2.54975e-07,-0.0057024127
2.55075e-07,-0.0057146197
2.55175e-07,-0.0057225184
2.55275e-07,-0.0057225184
2.55375e-07,-0.0057167739
2.55475e-07,-0.0057103114
2.55575e-07,-0.005706721
2.55675e-07,-0.0057110294
2.55775e-07,-0.0057225184
2.55875e-07,-0.0057375977
2.55975e-07,-0.0057505227
2.56075e-07,-0.0057569853
2.56175e-07,-0.0057562672
2.56275e-07,-0.0057512408
2.56375e-07,-0.0057469324
2.56475e-07,-0.0057454963
2.56575e-07,-0.0057476505
2.56675e-07,-0.0057498047
2.56775e-07,-0.0057462144
2.56875e-07,-0.0057340074
2.56975e-07,-0.0057153378
2.57075e-07,-0.0056966682
2.57175e-07,-0.0056851792
2.57275e-07,-0.0056880515
2.57375e-07,-0.0057038488
2.57475e-07,-0.0057268267
2.57575e-07,-0.0057476505
2.57675e-07,-0.0057569853
2.57775e-07,-0.0057526769
2.57875e-07,-0.0057383157
2.57975e-07,-0.0057225184
2.58075e-07,-0.0057110294
2.58175e-07,-0.0057081572
2.58275e-07,-0.0057103114
2.58375e-07,-0.0057103114
2.58475e-07,-0.0056995404
2.58575e-07,-0.0056758444
2.58675e-07,-0.0056420956
2.58775e-07,-0.0056083467
2.58875e-07,-0.0055846507
2.58975e-07,-0.0055774701
2.59075e-07,-0.005587523
2.59175e-07,-0.0056083467
2.59275e-07,-0.0056306066
2.59375e-07,-0.005647122
2.59475e-07,-0.0056528665
2.59575e-07,-0.0056499943
2.59675e-07,-0.0056420956
2.59775e-07,-0.0056327608
2.59875e-07,-0.0056248621
2.59975e-07,-0.0056162454
2.60075e-07,-0.0056076287
2.60175e-07,-0.0055982939
2.60275e-07,-0.0055911133
2.60375e-07,-0.0055896772
2.60475e-07,-0.0055961397
2.60575e-07,-0.0056090648
2.60675e-07,-0.005623426
2.60775e-07,-0.0056320427
2.60875e-07,-0.0056306066
2.60975e-07,-0.0056169635
2.61075e-07,-0.0055961397
2.61175e-07,-0.0055745979
2.61275e-07,-0.0055616728
2.61375e-07,-0.0055602367
2.61475e-07,-0.0055695715
2.61575e-07,-0.0055832146
2.61675e-07,-0.0055961397
2.61775e-07,-0.0056026023
2.61875e-07,-0.0056026023
2.61975e-07,-0.0055990119
2.62075e-07,-0.0055961397
2.62175e-07,-0.0055968578
2.62275e-07,-0.0056004481
2.62375e-07,-0.0056047564
2.62475e-07,-0.0056076287
2.62575e-07,-0.0056069106
2.62675e-07,-0.0056033203
2.62775e-07,-0.00559973
2.62875e-07,-0.0055961397
2.62975e-07,-0.0055918313
2.63075e-07,-0.0055846507
2.63175e-07,-0.0055710076
2.63275e-07,-0.0055501838
2.63375e-07,-0.0055272059
2.63475e-07,-0.0055078182
2.63575e-07,-0.0054992015
2.63675e-07,-0.0055042279
2.63775e-07,-0.0055200253
2.63875e-07,-0.0055386949
2.63975e-07,-0.0055501838
2.64075e-07,-0.0055501838
2.64175e-07,-0.0055379768
2.64275e-07,-0.0055207433
2.64375e-07,-0.0055078182
2.64475e-07,-0.0055042279
2.64575e-07,-0.0055106905
2.64675e-07,-0.0055207433
2.64775e-07,-0.0055243336
2.64875e-07,-0.0055157169
2.64975e-07,-0.0054941751
2.65075e-07,-0.0054661707
2.65175e-07,-0.0054439108
2.65275e-07,-0.0054352941
2.65375e-07,-0.0054431928
2.65475e-07,-0.0054604262
2.65575e-07,-0.0054762236
2.65675e-07,-0.00548125
2.65775e-07,-0.0054711972
2.65875e-07,-0.0054510915
2.65975e-07,-0.0054317038
2.66075e-07,-0.0054238051
2.66175e-07,-0.0054309858
2.66275e-07,-0.0054503734
2.66375e-07,-0.0054711972
2.66475e-07,-0.00548125
2.66575e-07,-0.0054747875
2.66675e-07,-0.0054546818
2.66775e-07,-0.0054295496
2.66875e-07,-0.0054123162
2.66975e-07,-0.0054115981
2.67075e-07,-0.0054281135
2.67175e-07,-0.0054553998
2.67275e-07,-0.00548125
2.67375e-07,-0.0054970473
2.67475e-07,-0.0054999196
2.67575e-07,-0.0054920209
2.67675e-07,-0.00548125
2.67775e-07,-0.0054747875
2.67875e-07,-0.0054762236
2.67975e-07,-0.0054834042
2.68075e-07,-0.005492739
2.68175e-07,-0.0054999196
2.68275e-07,-0.0055042279
2.68375e-07,-0.0055085363
2.68475e-07,-0.0055157169
2.68575e-07,-0.005528642
2.68675e-07,-0.0055458755
2.68775e-07,-0.0055623909
2.68875e-07,-0.0055731618
2.68975e-07,-0.0055753159
2.69075e-07,-0.0055710076
2.69175e-07,-0.005563827
2.69275e-07,-0.0055616728
2.69375e-07,-0.0055674173
2.69475e-07,-0.0055824966
2.69575e-07,-0.0056011661
2.69675e-07,-0.0056191176
2.69775e-07,-0.0056320427
2.69875e-07,-0.0056399414
2.69975e-07,-0.0056456859
2.70075e-07,-0.0056535846
2.70175e-07,-0.0056665097
2.70275e-07,-0.005683025
2.70375e-07,-0.0056995404
2.70475e-07,-0.0057110294
2.70575e-07,-0.0057153378
2.70675e-07,-0.0057139017
2.70775e-07,-0.0057110294
2.70875e-07,-0.0057110294
2.70975e-07,-0.00571821
2.71075e-07,-0.0057311351
2.71175e-07,-0.0057454963
2.71275e-07,-0.0057569853
2.71375e-07,-0.0057605756
2.71475e-07,-0.0057577034
2.71575e-07,-0.0057505227
2.71675e-07,-0.0057454963
2.71775e-07,-0.0057454963
2.71875e-07,-0.0057519589
2.71975e-07,-0.0057612937
2.72075e-07,-0.0057684743
2.72175e-07,-0.0057706284
2.72275e-07,-0.005765602
2.72375e-07,-0.0057562672
2.72475e-07,-0.0057454963
2.72575e-07,-0.0057361615
2.72675e-07,-0.005729699
2.72775e-07,-0.0057261087
2.72875e-07,-0.0057225184
2.72975e-07,-0.0057189281
2.73075e-07,-0.0057167739
2.73175e-07,-0.005717492
2.73275e-07,-0.0057225184
2.73375e-07,-0.0057325712
2.73475e-07,-0.0057440602
2.73575e-07,-0.005753395
2.73675e-07,-0.0057569853
2.73775e-07,-0.0057526769
2.73875e-07,-0.0057433421
2.73975e-07,-0.0057311351
2.74075e-07,-0.0057225184
2.74175e-07,-0.0057189281
2.74275e-07,-0.0057218003
2.74375e-07,-0.0057275448
2.74475e-07,-0.0057340074
2.74575e-07,-0.0057390338
2.74675e-07,-0.0057433421
2.74775e-07,-0.0057483686
2.74875e-07,-0.0057569853
2.74975e-07,-0.0057684743
2.75075e-07,-0.0057806813
2.75175e-07,-0.005789298
2.75275e-07,-0.0057914522
2.75375e-07,-0.0057849897
2.75475e-07,-0.0057720646
2.75575e-07,-0.0057569853
2.75675e-07,-0.0057454963
2.75775e-07,-0.0057404699
2.75875e-07,-0.005741906
2.75975e-07,-0.0057483686
2.76075e-07,-0.0057569853
2.76175e-07,-0.005765602
2.76275e-07,-0.0057727826
2.76375e-07,-0.0057813994
2.76475e-07,-0.0057914522
2.76575e-07,-0.0058043773
2.76675e-07,-0.0058180205
2.76775e-07,-0.0058302275
2.76875e-07,-0.0058374081
2.76975e-07,-0.0058388442
2.77075e-07,-0.0058352539
2.77175e-07,-0.0058295094
2.77275e-07,-0.0058259191
2.77375e-07,-0.0058259191
2.77475e-07,-0.0058287914
2.77575e-07,-0.0058330997
2.77675e-07,-0.0058374081
2.77775e-07,-0.0058402803
2.77875e-07,-0.0058417165
2.77975e-07,-0.0058445887
2.78075e-07,-0.0058488971
2.78175e-07,-0.0058553596
2.78275e-07,-0.0058632583
2.78375e-07,-0.0058690028
2.78475e-07,-0.005871875
2.78575e-07,-0.005871875
2.78675e-07,-0.0058704389
2.78775e-07,-0.0058697208
2.78875e-07,-0.005871875
2.78975e-07,-0.0058769014
2.79075e-07,-0.0058826459
2.79175e-07,-0.0058891085
2.79275e-07,-0.0058948529
2.79375e-07,-0.0059027516
2.79475e-07,-0.0059163948
2.79575e-07,-0.0059372185
2.79675e-07,-0.0059637868
2.79775e-07,-0.0059917911
2.79875e-07,-0.006014051
2.79975e-07,-0.0060248219
2.80075e-07,-0.0060212316
2.80175e-07,-0.0060068704
2.80275e-07,-0.0059889189
2.80375e-07,-0.0059767119
2.80475e-07,-0.0059752757
2.80575e-07,-0.0059846105
2.80675e-07,-0.0059996898
2.80775e-07,-0.006014051
2.80875e-07,-0.0060212316
2.80975e-07,-0.0060219497
2.81075e-07,-0.0060197955
2.81175e-07,-0.0060219497
2.81275e-07,-0.0060327206
2.81375e-07,-0.0060521082
2.81475e-07,-0.006072932
2.81575e-07,-0.0060880113
2.81675e-07,-0.0060901654
2.81775e-07,-0.0060779584
2.81875e-07,-0.0060564166
2.81975e-07,-0.0060348748
2.82075e-07,-0.0060212316
2.82175e-07,-0.0060197955
2.82275e-07,-0.0060276942
2.82375e-07,-0.006037747
2.82475e-07,-0.0060442096
2.82575e-07,-0.0060427734
2.82675e-07,-0.0060363109
2.82775e-07,-0.0060312845
2.82875e-07,-0.0060327206
2.82975e-07,-0.0060434915
2.83075e-07,-0.0060592888
2.83175e-07,-0.00607365
2.83275e-07,-0.0060786765
2.83375e-07,-0.0060700597
2.83475e-07,-0.0060513902
2.83575e-07,-0.0060284122
2.83675e-07,-0.0060097426
2.83775e-07,-0.0060011259
2.83875e-07,-0.0060032801
2.83975e-07,-0.0060118968
2.84075e-07,-0.0060212316
2.84175e-07,-0.0060276942
2.84275e-07,-0.0060320025
2.84375e-07,-0.0060363109
2.84475e-07,-0.0060442096
2.84575e-07,-0.0060571347
2.84675e-07,-0.006072932
2.84775e-07,-0.006085139
2.84875e-07,-0.0060901654
2.84975e-07,-0.006085139
2.85075e-07,-0.0060722139
2.85175e-07,-0.0060571347
2.85275e-07,-0.0060442096
2.85375e-07,-0.0060363109
2.85475e-07,-0.0060334386
2.85575e-07,-0.0060327206
2.85675e-07,-0.0060327206
2.85775e-07,-0.0060334386
2.85875e-07,-0.006037747
2.85975e-07,-0.0060485179
2.86075e-07,-0.0060671875
2.86175e-07,-0.0060887293
2.86275e-07,-0.0061066808
2.86375e-07,-0.0061117073
2.86475e-07,-0.0061016544
2.86575e-07,-0.0060793945
2.86675e-07,-0.0060535443
2.86775e-07,-0.0060355928
2.86875e-07,-0.0060327206
2.86975e-07,-0.0060456457
2.87075e-07,-0.0060664694
2.87175e-07,-0.006084421
2.87275e-07,-0.0060901654
2.87375e-07,-0.0060822668
2.87475e-07,-0.0060671875
2.87575e-07,-0.0060549805
2.87675e-07,-0.0060556985
2.87775e-07,-0.0060707778
2.87875e-07,-0.0060951919
2.87975e-07,-0.0061167337
2.88075e-07,-0.0061246324
2.88175e-07,-0.0061145795
2.88275e-07,-0.0060901654
2.88375e-07,-0.0060628791
2.88475e-07,-0.0060442096
2.88575e-07,-0.0060406193
2.88675e-07,-0.006049954
2.88775e-07,-0.0060657514
2.88875e-07,-0.0060786765
2.88975e-07,-0.0060822668
2.89075e-07,-0.0060772403
2.89175e-07,-0.0060693417
2.89275e-07,-0.0060671875
2.89375e-07,-0.0060743681
2.89475e-07,-0.0060887293
2.89575e-07,-0.0061045267
2.89675e-07,-0.0061131434
2.89775e-07,-0.0061102711
2.89875e-07,-0.006097346
2.89975e-07,-0.0060808307
2.90075e-07,-0.0060671875
2.90175e-07,-0.006061443
2.90275e-07,-0.0060643153
2.90375e-07,-0.0060714959
2.90475e-07,-0.0060786765
2.90575e-07,-0.006084421
2.90675e-07,-0.0060894474
2.90775e-07,-0.0060987822
2.90875e-07,-0.0061131434
2.90975e-07,-0.0061310949
2.91075e-07,-0.0061454561
2.91175e-07,-0.0061483284
2.91275e-07,-0.0061361213
2.91375e-07,-0.0061095531
2.91475e-07,-0.0060758042
2.91575e-07,-0.0060477999
2.91675e-07,-0.0060327206
2.91775e-07,-0.0060334386
2.91875e-07,-0.0060449276
2.91975e-07,-0.0060585708
2.92075e-07,-0.0060671875
2.92175e-07,-0.0060686236
2.92275e-07,-0.0060664694
2.92375e-07,-0.0060679056
2.92475e-07,-0.0060786765
2.92575e-07,-0.006097346
2.92675e-07,-0.0061167337
2.92775e-07,-0.0061275046
2.92875e-07,-0.0061246324
2.92975e-07,-0.006108835
2.93075e-07,-0.0060887293
2.93175e-07,-0.0060758042
2.93275e-07,-0.0060786765
2.93375e-07,-0.006096628
2.93475e-07,-0.006120324
2.93575e-07,-0.0061368394
2.93675e-07,-0.0061361213
2.93775e-07,-0.0061181698
2.93875e-07,-0.0060923196
2.93975e-07,-0.0060714959
2.94075e-07,-0.0060671875
2.94175e-07,-0.0060808307
2.94275e-07,-0.0061023725
2.94375e-07,-0.0061174517
2.94475e-07,-0.0061131434
2.94575e-07,-0.0060865751
2.94675e-07,-0.0060463637
2.94775e-07,-0.0060118968
2.94875e-07,-0.0059982537
2.94975e-07,-0.006013333
2.95075e-07,-0.0060513902
2.95175e-07,-0.0060944738
2.95275e-07,-0.0061246324
2.95375e-07,-0.0061289407
2.95475e-07,-0.006108117
2.95575e-07,-0.0060743681
2.95675e-07,-0.0060442096
2.95775e-07,-0.0060305664
2.95875e-07,-0.0060363109
2.95975e-07,-0.0060528263
2.96075e-07,-0.0060671875
2.96175e-07,-0.0060679056
2.96275e-07,-0.0060521082
2.96375e-07,-0.00602554
2.96475e-07,-0.0059982537
2.96575e-07,-0.0059810202
2.96675e-07,-0.005978148
2.96775e-07,-0.0059867647
2.96875e-07,-0.0059982537
2.96975e-07,-0.0060068704
2.97075e-07,-0.0060111788
2.97175e-07,-0.006014051
2.97275e-07,-0.0060212316
2.97375e-07,-0.006037029
2.97475e-07,-0.0060600069
2.97575e-07,-0.006084421
2.97675e-07,-0.0061016544
2.97775e-07,-0.0061066808
2.97875e-07,-0.0061009364
2.97975e-07,-0.0060887293
2.98075e-07,-0.0060786765
2.98175e-07,-0.0060765223
2.98275e-07,-0.0060829848
2.98375e-07,-0.0060937557
2.98475e-07,-0.0061016544
2.98575e-07,-0.0061030905
2.98675e-07,-0.0060980641
2.98775e-07,-0.0060916016
2.98875e-07,-0.0060901654
2.98975e-07,-0.006097346
2.99075e-07,-0.0061117073
2.99175e-07,-0.0061275046
2.99275e-07,-0.0061361213
2.99375e-07,-0.0061332491
2.99475e-07,-0.0061181698
2.99575e-07,-0.006097346
2.99675e-07,-0.0060786765
2.99775e-07,-0.0060686236
2.99875e-07,-0.0060686236
2.99975e-07,-0.0060779584
3.00075e-07,-0.0060901654
3.00175e-07,-0.0061009364
3.00275e-07,-0.0061073989
3.00375e-07,-0.0061109892
3.00475e-07,-0.0061131434
3.00575e-07,-0.0061152976
3.00675e-07,-0.0061174517
3.00775e-07,-0.0061174517
3.00875e-07,-0.0061131434
3.00975e-07,-0.0061059628
3.01075e-07,-0.0060987822
3.01175e-07,-0.0060959099
3.01275e-07,-0.0061016544
3.01375e-07,-0.0061145795
3.01475e-07,-0.0061303768
3.01575e-07,-0.0061433019
3.01675e-07,-0.0061476103
3.01775e-07,-0.0061433019
3.01875e-07,-0.0061354033
3.01975e-07,-0.0061303768
3.02075e-07,-0.0061361213
3.02175e-07,-0.0061526367
3.02275e-07,-0.0061741785
3.02375e-07,-0.006191412
3.02475e-07,-0.0061935662
3.02575e-07,-0.0061763327
3.02675e-07,-0.0061425839
3.02775e-07,-0.0061016544
3.02875e-07,-0.0060671875
3.02975e-07,-0.0060477999
3.03075e-07,-0.0060477999
3.03175e-07,-0.006060725
3.03275e-07,-0.0060786765
3.03375e-07,-0.0060908835
3.03475e-07,-0.0060923196
3.03575e-07,-0.0060829848
3.03675e-07,-0.0060671875
3.03775e-07,-0.0060513902
3.03875e-07,-0.0060413373
3.03975e-07,-0.0060355928
3.04075e-07,-0.0060327206
3.04175e-07,-0.0060284122
3.04275e-07,-0.0060205136
3.04375e-07,-0.0060097426
3.04475e-07,-0.0059982537
3.04575e-07,-0.005990355
3.04675e-07,-0.0059882008
3.04775e-07,-0.0059917911
3.04875e-07,-0.0059982537
3.04975e-07,-0.0060047162
3.05075e-07,-0.0060090246
3.05175e-07,-0.0060104607
3.05275e-07,-0.0060097426
3.05375e-07,-0.0060083065
3.05475e-07,-0.0060083065
3.05575e-07,-0.0060090246
3.05675e-07,-0.0060097426
3.05775e-07,-0.0060090246
3.05875e-07,-0.0060061523
3.05975e-07,-0.006001844
3.06075e-07,-0.0059982537
3.06175e-07,-0.0059975356
3.06275e-07,-0.0060011259
3.06375e-07,-0.0060097426
3.06475e-07,-0.0060212316
3.06575e-07,-0.0060348748
3.06675e-07,-0.0060477999
3.06775e-07,-0.0060592888
3.06875e-07,-0.0060671875
3.06975e-07,-0.006072932
3.07075e-07,-0.0060765223
3.07175e-07,-0.0060815487
3.07275e-07,-0.0060901654
3.07375e-07,-0.0061038086
3.07475e-07,-0.0061217601
3.07575e-07,-0.0061418658
3.07675e-07,-0.0061590993
3.07775e-07,-0.0061684341
3.07875e-07,-0.0061662799
3.07975e-07,-0.0061533548
3.08075e-07,-0.0061361213
3.08175e-07,-0.0061217601
3.08275e-07,-0.0061196059
3.08375e-07,-0.0061332491
3.08475e-07,-0.0061590993
3.08575e-07,-0.0061892578
3.08675e-07,-0.0062122358
3.08775e-07,-0.0062186983
3.08875e-07,-0.0062050551
3.08975e-07,-0.0061770508
3.09075e-07,-0.0061454561
3.09175e-07,-0.0061217601
3.09275e-07,-0.0061131434
3.09375e-07,-0.0061196059
3.09475e-07,-0.0061346852
3.09575e-07,-0.0061461742
3.09675e-07,-0.0061476103
3.09775e-07,-0.0061368394
3.09875e-07,-0.0061196059
3.09975e-07,-0.0061052447
3.10075e-07,-0.0061016544
3.10175e-07,-0.0061117073
3.10275e-07,-0.0061303768
3.10375e-07,-0.0061490464
3.10475e-07,-0.0061590993
3.10575e-07,-0.006156227
3.10675e-07,-0.0061418658
3.10775e-07,-0.0061246324
3.10875e-07,-0.0061131434
3.10975e-07,-0.0061124253
3.11075e-07,-0.0061217601
3.11175e-07,-0.0061361213
3.11275e-07,-0.0061476103
3.11375e-07,-0.0061512006
3.11475e-07,-0.0061468922
3.11575e-07,-0.0061397116
3.11675e-07,-0.0061361213
3.11775e-07,-0.0061411477
3.11875e-07,-0.0061547909
3.11975e-07,-0.0061741785
3.12075e-07,-0.0061935662
3.12175e-07,-0.0062072093
3.12275e-07,-0.0062143899
3.12375e-07,-0.0062158261
3.12475e-07,-0.0062165441
3.12575e-07,-0.0062186983
3.12675e-07,-0.0062244428
3.12775e-07,-0.0062316234
3.12875e-07,-0.0062395221
3.12975e-07,-0.0062474207
3.13075e-07,-0.0062567555
3.13175e-07,-0.0062689625
3.13275e-07,-0.0062854779
3.13375e-07,-0.0063048656
3.13475e-07,-0.006322099
3.13575e-07,-0.0063321519
3.13675e-07,-0.0063314338
3.13775e-07,-0.0063192268
3.13875e-07,-0.0063005572
3.13975e-07,-0.0062833238
3.14075e-07,-0.006273989
3.14175e-07,-0.0062761432
3.14275e-07,-0.0062883502
3.14375e-07,-0.0063048656
3.14475e-07,-0.0063199449
3.14575e-07,-0.0063292796
3.14675e-07,-0.0063328699
3.14775e-07,-0.0063328699
3.14875e-07,-0.0063314338
3.14975e-07,-0.0063299977
3.15075e-07,-0.0063278435
3.15175e-07,-0.006321381
3.15275e-07,-0.0063084559
3.15375e-07,-0.0062905044
3.15475e-07,-0.0062718348
3.15575e-07,-0.0062574736
3.15675e-07,-0.006251011
3.15775e-07,-0.0062538833
3.15875e-07,-0.0062617819
3.15975e-07,-0.0062703987
3.16075e-07,-0.006273989
3.16175e-07,-0.0062725528
3.16275e-07,-0.0062689625
3.16375e-07,-0.0062682445
3.16475e-07,-0.006273989
3.16575e-07,-0.0062854779
3.16675e-07,-0.0062991211
3.16775e-07,-0.0063084559
3.16875e-07,-0.0063084559
3.16975e-07,-0.0062998392
3.17075e-07,-0.0062869141
3.17175e-07,-0.0062761432
3.17275e-07,-0.006273989
3.17375e-07,-0.0062797335
3.17475e-07,-0.0062905044
3.17575e-07,-0.006297685
3.17675e-07,-0.0062969669
3.17775e-07,-0.0062876321
3.17875e-07,-0.006273989
3.17975e-07,-0.0062632181
3.18075e-07,-0.0062625
3.18175e-07,-0.0062718348
3.18275e-07,-0.006286196
3.18375e-07,-0.0062969669
3.18475e-07,-0.0062969669
3.18575e-07,-0.0062840418
3.18675e-07,-0.0062625
3.18775e-07,-0.0062409582
3.18875e-07,-0.0062280331
3.18975e-07,-0.006227315
3.19075e-07,-0.0062352137
3.19175e-07,-0.0062459846
3.19275e-07,-0.006251011
3.19375e-07,-0.0062474207
3.19475e-07,-0.0062380859
3.19575e-07,-0.0062294692
3.19675e-07,-0.0062280331
3.19775e-07,-0.0062359318
3.19875e-07,-0.0062495749
3.19975e-07,-0.0062610639
3.20075e-07,-0.0062625
3.20175e-07,-0.006250293
3.20275e-07,-0.0062258789
3.20375e-07,-0.0061964384
3.20475e-07,-0.0061705882
3.20575e-07,-0.0061533548
3.20675e-07,-0.0061454561
3.20775e-07,-0.0061447381
3.20875e-07,-0.0061476103
3.20975e-07,-0.0061512006
3.21075e-07,-0.0061576631
3.21175e-07,-0.006167716
3.21275e-07,-0.0061820772
3.21375e-07,-0.0061978745
3.21475e-07,-0.0062086455
3.21575e-07,-0.0062086455
3.21675e-07,-0.0061935662
3.21775e-07,-0.006167716
3.21875e-07,-0.0061389936
3.21975e-07,-0.0061181698
3.22075e-07,-0.0061131434
3.22175e-07,-0.0061231962
3.22275e-07,-0.0061425839
3.22375e-07,-0.0061612534
3.22475e-07,-0.0061705882
3.22575e-07,-0.0061705882
3.22675e-07,-0.0061648437
3.22775e-07,-0.0061634076
3.22875e-07,-0.0061705882
3.22975e-07,-0.0061863856
3.23075e-07,-0.006203619
3.23175e-07,-0.0062115177
3.23275e-07,-0.0062050551
3.23375e-07,-0.0061835133
3.23475e-07,-0.006155509
3.23575e-07,-0.0061332491
3.23675e-07,-0.0061246324
3.23775e-07,-0.006131813
3.23875e-07,-0.0061483284
3.23975e-07,-0.0061641257
3.24075e-07,-0.0061705882
3.24175e-07,-0.006167716
3.24275e-07,-0.0061626896
3.24375e-07,-0.0061648437
3.24475e-07,-0.0061820772
3.24575e-07,-0.0062115177
3.24675e-07,-0.0062438304
3.24775e-07,-0.0062639361
3.24875e-07,-0.0062625
3.24975e-07,-0.0062395221
3.25075e-07,-0.0062064913
3.25175e-07,-0.0061784869
3.25275e-07,-0.0061705882
3.25375e-07,-0.0061856675
3.25475e-07,-0.0062158261
3.25575e-07,-0.0062459846
3.25675e-07,-0.0062625
3.25775e-07,-0.0062610639
3.25875e-07,-0.0062474207
3.25975e-07,-0.0062359318
3.26075e-07,-0.0062395221
3.26175e-07,-0.0062625
3.26275e-07,-0.006297685
3.26375e-07,-0.0063292796
3.26475e-07,-0.0063429228
3.26575e-07,-0.0063314338
3.26675e-07,-0.0063005572
3.26775e-07,-0.0062639361
3.26875e-07,-0.0062395221
3.26975e-07,-0.0062359318
3.27075e-07,-0.0062517291
3.27175e-07,-0.0062768612
3.27275e-07,-0.0062969669
3.27375e-07,-0.0063041475
3.27475e-07,-0.0062991211
3.27575e-07,-0.0062890682
3.27675e-07,-0.0062854779
3.27775e-07,-0.0062933766
3.27875e-07,-0.006309892
3.27975e-07,-0.0063256893
3.28075e-07,-0.0063314338
3.28175e-07,-0.006321381
3.28275e-07,-0.0062998392
3.28375e-07,-0.0062768612
3.28475e-07,-0.0062625
3.28575e-07,-0.0062625
3.28675e-07,-0.0062732709
3.28775e-07,-0.0062840418
3.28875e-07,-0.0062854779
3.28975e-07,-0.0062725528
3.29075e-07,-0.0062495749
3.29175e-07,-0.006227315
3.29275e-07,-0.0062165441
3.29375e-07,-0.0062215705
3.29475e-07,-0.006238804
3.29575e-07,-0.0062560375
3.29675e-07,-0.0062625
3.29775e-07,-0.0062517291
3.29875e-07,-0.0062280331
3.29975e-07,-0.0062007468
3.30075e-07,-0.0061820772
3.30175e-07,-0.0061770508
3.30275e-07,-0.0061842314
3.30375e-07,-0.0061928481
3.30475e-07,-0.0061935662
3.30575e-07,-0.0061835133
3.30675e-07,-0.0061669979
3.30775e-07,-0.0061547909
3.30875e-07,-0.0061590993
3.30975e-07,-0.0061835133
3.31075e-07,-0.0062215705
3.31175e-07,-0.0062610639
3.31275e-07,-0.0062854779
3.31375e-07,-0.0062876321
3.31475e-07,-0.0062703987
3.31575e-07,-0.0062459846
3.31675e-07,-0.0062280331
3.31775e-07,-0.0062287511
3.31875e-07,-0.0062481388
3.31975e-07,-0.0062790154
3.32075e-07,-0.0063084559
3.32175e-07,-0.0063271255
3.32275e-07,-0.006333588
3.32375e-07,-0.0063314338
3.32475e-07,-0.0063314338
3.32575e-07,-0.0063400506
3.32675e-07,-0.0063587201
3.32775e-07,-0.0063816981
3.32875e-07,-0.0064003676
3.32975e-07,-0.0064089844
3.33075e-07,-0.0064061121
3.33175e-07,-0.0063974954
3.33275e-07,-0.0063888787
3.33375e-07,-0.0063860064
3.33475e-07,-0.0063881606
3.33575e-07,-0.0063910329
3.33675e-07,-0.0063888787
3.33775e-07,-0.0063788258
3.33875e-07,-0.0063630285
3.33975e-07,-0.0063486673
3.34075e-07,-0.0063429228
3.34175e-07,-0.0063486673
3.34275e-07,-0.0063637466
3.34375e-07,-0.0063802619
3.34475e-07,-0.0063888787
3.34575e-07,-0.0063845703
3.34675e-07,-0.0063666188
3.34775e-07,-0.0063429228
3.34875e-07,-0.0063199449
3.34975e-07,-0.0063048656
3.35075e-07,-0.006298403
3.35175e-07,-0.0062969669
3.35275e-07,-0.0062969669
3.35375e-07,-0.0062940947
3.35475e-07,-0.0062890682
3.35575e-07,-0.0062847599
3.35675e-07,-0.0062854779
3.35775e-07,-0.0062912224
3.35875e-07,-0.006298403
3.35975e-07,-0.0063019933
3.36075e-07,-0.0062969669
3.36175e-07,-0.0062826057
3.36275e-07,-0.0062617819
3.36375e-07,-0.0062423943
3.36475e-07,-0.0062280331
3.36575e-07,-0.0062208525
3.36675e-07,-0.0062165441
3.36775e-07,-0.0062086455
3.36875e-07,-0.0061935662
3.36975e-07,-0.0061713063
3.37075e-07,-0.0061490464
3.37175e-07,-0.0061346852
3.37275e-07,-0.0061361213
3.37375e-07,-0.0061533548
3.37475e-07,-0.0061784869
3.37575e-07,-0.0061993107
3.37675e-07,-0.0062050551
3.37775e-07,-0.006191412
3.37875e-07,-0.0061619715
3.37975e-07,-0.0061275046
3.38075e-07,-0.0061016544
3.38175e-07,-0.0060908835
3.38275e-07,-0.006096628
3.38375e-07,-0.0061109892
3.38475e-07,-0.0061246324
3.38575e-07,-0.0061310949
3.38675e-07,-0.0061282227
3.38775e-07,-0.0061196059
3.38875e-07,-0.0061131434
3.38975e-07,-0.0061124253
3.39075e-07,-0.0061167337
3.39175e-07,-0.0061224782
3.39275e-07,-0.0061246324
3.39375e-07,-0.0061188879
3.39475e-07,-0.006108117
3.39575e-07,-0.006096628
3.39675e-07,-0.0060901654
3.39775e-07,-0.0060930377
3.39875e-07,-0.0061030905
3.39975e-07,-0.0061160156
3.40075e-07,-0.0061246324
3.40175e-07,-0.0061260685
3.40275e-07,-0.0061217601
3.40375e-07,-0.0061152976
3.40475e-07,-0.0061131434
3.40575e-07,-0.0061174517
3.40675e-07,-0.0061282227
3.40775e-07,-0.0061397116
3.40875e-07,-0.0061476103
3.40975e-07,-0.0061490464
3.41075e-07,-0.0061454561
3.41175e-07,-0.0061397116
3.41275e-07,-0.0061361213
3.41375e-07,-0.0061368394
3.41475e-07,-0.0061397116
3.41575e-07,-0.00614402
3.41675e-07,-0.0061476103
3.41775e-07,-0.0061519187
3.41875e-07,-0.0061605354
3.41975e-07,-0.0061777688
3.42075e-07,-0.0062050551
3.42175e-07,-0.006238804
3.42275e-07,-0.0062718348
3.42375e-07,-0.0062962489
3.42475e-07,-0.0063084559
3.42575e-07,-0.0063113281
3.42675e-07,-0.0063120462
3.42775e-07,-0.0063206629
3.42875e-07,-0.0063429228
3.42975e-07,-0.0063766716
3.43075e-07,-0.0064125747
3.43175e-07,-0.0064420152
3.43275e-07,-0.0064578125
3.43375e-07,-0.0064614028
3.43475e-07,-0.0064621209
3.43575e-07,-0.0064728918
3.43675e-07,-0.0065037684
3.43775e-07,-0.0065547507
3.43875e-07,-0.0066165039
3.43975e-07,-0.0066732307
3.44075e-07,-0.0067105699
3.44175e-07,-0.0067227769
3.44275e-07,-0.0067148782
3.44375e-07,-0.0066983628
3.44475e-07,-0.0066875919
3.44575e-07,-0.0066904642
3.44675e-07,-0.0067069795
3.44775e-07,-0.0067285214
3.44875e-07,-0.0067450368
3.44975e-07,-0.0067500632
3.45075e-07,-0.0067443187
3.45175e-07,-0.006735702
3.45275e-07,-0.0067335478
3.45375e-07,-0.0067428826
3.45475e-07,-0.0067608341
3.45575e-07,-0.0067802217
3.45675e-07,-0.0067909926
3.45775e-07,-0.0067866843
3.45875e-07,-0.0067694508
3.45975e-07,-0.0067443187
3.46075e-07,-0.0067220588
3.46175e-07,-0.0067084157
3.46275e-07,-0.0067055434
3.46375e-07,-0.0067084157
3.46475e-07,-0.0067105699
3.46575e-07,-0.0067091337
3.46675e-07,-0.0067033892
3.46775e-07,-0.0066990809
3.46875e-07,-0.0066990809
3.46975e-07,-0.0067048254
3.47075e-07,-0.0067134421
3.47175e-07,-0.0067170324
3.47275e-07,-0.0067105699
3.47375e-07,-0.0066926183
3.47475e-07,-0.0066674862
3.47575e-07,-0.0066437902
3.47675e-07,-0.0066301471
3.47775e-07,-0.0066301471
3.47875e-07,-0.0066401999
3.47975e-07,-0.0066545611
3.48075e-07,-0.006664614
3.48175e-07,-0.0066674862
3.48275e-07,-0.0066638959
3.48375e-07,-0.0066617417
3.48475e-07,-0.006664614
3.48575e-07,-0.0066753849
3.48675e-07,-0.006689028
3.48775e-07,-0.0066990809
3.48875e-07,-0.0066990809
3.48975e-07,-0.0066868739
3.49075e-07,-0.0066682043
3.49175e-07,-0.0066502528
3.49275e-07,-0.006641636
3.49375e-07,-0.0066445083
3.49475e-07,-0.0066559972
3.49575e-07,-0.0066682043
3.49675e-07,-0.0066761029
3.49775e-07,-0.006676821
3.49875e-07,-0.0066746668
3.49975e-07,-0.0066761029
3.50075e-07,-0.0066875919
3.50175e-07,-0.0067084157
3.50275e-07,-0.0067321117
3.50375e-07,-0.0067507812
3.50475e-07,-0.0067565257
3.50575e-07,-0.0067486271
3.50675e-07,-0.0067342659
3.50775e-07,-0.0067227769
3.50875e-07,-0.0067220588
3.50975e-07,-0.0067342659
3.51075e-07,-0.0067522174
3.51175e-07,-0.0067665786
3.51275e-07,-0.0067680147
3.51375e-07,-0.0067543716
3.51475e-07,-0.0067328297
3.51575e-07,-0.0067148782
3.51675e-07,-0.0067105699
3.51775e-07,-0.0067227769
3.51875e-07,-0.0067450368
3.51975e-07,-0.0067637063
3.52075e-07,-0.0067680147
3.52175e-07,-0.0067514993
3.52275e-07,-0.0067206227
3.52375e-07,-0.0066868739
3.52475e-07,-0.006664614
3.52575e-07,-0.0066624598
3.52675e-07,-0.0066789752
3.52775e-07,-0.0067033892
3.52875e-07,-0.0067220588
3.52975e-07,-0.0067270852
3.53075e-07,-0.0067170324
3.53175e-07,-0.0066997989
3.53275e-07,-0.0066875919
3.53375e-07,-0.00668831
3.53475e-07,-0.0067033892
3.53575e-07,-0.0067256491
3.53675e-07,-0.0067450368
3.53775e-07,-0.0067529354
3.53875e-07,-0.0067464729
3.53975e-07,-0.0067292394
3.54075e-07,-0.0067105699
3.54175e-07,-0.0066976448
3.54275e-07,-0.0066954906
3.54375e-07,-0.0067012351
3.54475e-07,-0.0067105699
3.54575e-07,-0.0067199046
3.54675e-07,-0.0067270852
3.54775e-07,-0.0067342659
3.54875e-07,-0.0067450368
3.54975e-07,-0.006760116
3.55075e-07,-0.0067780676
3.55175e-07,-0.0067938649
3.55275e-07,-0.0068024816
3.55375e-07,-0.0068017636
3.55475e-07,-0.006794583
3.55575e-07,-0.0067852482
3.55675e-07,-0.0067795037
3.55775e-07,-0.0067795037
3.55875e-07,-0.0067823759
3.55975e-07,-0.006783812
3.56075e-07,-0.0067795037
3.56175e-07,-0.0067672966
3.56275e-07,-0.0067514993
3.56375e-07,-0.0067378562
3.56475e-07,-0.0067335478
3.56575e-07,-0.0067400103
3.56675e-07,-0.0067550896
3.56775e-07,-0.0067701689
3.56875e-07,-0.0067795037
3.56975e-07,-0.0067787856
3.57075e-07,-0.0067708869
3.57175e-07,-0.0067615522
3.57275e-07,-0.0067565257
3.57375e-07,-0.006759398
3.57475e-07,-0.0067680147
3.57575e-07,-0.0067766314
3.57675e-07,-0.0067795037
3.57775e-07,-0.0067730411
3.57875e-07,-0.006759398
3.57975e-07,-0.0067436006
3.58075e-07,-0.0067335478
3.58175e-07,-0.0067321117
3.58275e-07,-0.0067385742
3.58375e-07,-0.006747909
3.58475e-07,-0.0067565257
3.58575e-07,-0.0067608341
3.58675e-07,-0.0067622702
3.58775e-07,-0.0067637063
3.58875e-07,-0.0067680147
3.58975e-07,-0.0067744773
3.59075e-07,-0.0067795037
3.59175e-07,-0.0067787856
3.59275e-07,-0.0067680147
3.59375e-07,-0.0067486271
3.59475e-07,-0.0067270852
3.59575e-07,-0.0067084157
3.59675e-07,-0.0066990809
3.59775e-07,-0.0066976448
3.59875e-07,-0.0066983628
3.59975e-07,-0.0066933364
3.60075e-07,-0.0066761029
3.60175e-07,-0.0066459444
3.60275e-07,-0.0066093233
3.60375e-07,-0.0065748564
3.60475e-07,-0.0065497243
3.60575e-07,-0.0065360811
3.60675e-07,-0.0065289005
3.60775e-07,-0.0065202838
3.60875e-07,-0.0065037684
3.60975e-07,-0.0064772001
3.61075e-07,-0.0064477597
3.61175e-07,-0.0064226275
3.61275e-07,-0.0064118566
3.61375e-07,-0.0064154469
3.61475e-07,-0.006428372
3.61575e-07,-0.0064384249
3.61675e-07,-0.0064348346
3.61775e-07,-0.0064132927
3.61875e-07,-0.0063781078
3.61975e-07,-0.0063393325
3.62075e-07,-0.0063084559
3.62175e-07,-0.0062933766
3.62275e-07,-0.0062948127
3.62375e-07,-0.0063063017
3.62475e-07,-0.0063199449
3.62575e-07,-0.0063285616
3.62675e-07,-0.0063292796
3.62775e-07,-0.0063249713
3.62875e-07,-0.0063199449
3.62975e-07,-0.0063156365
3.63075e-07,-0.0063120462
3.63175e-07,-0.0063063017
3.63275e-07,-0.0062969669
3.63375e-07,-0.0062840418
3.63475e-07,-0.0062732709
3.63575e-07,-0.0062689625
3.63675e-07,-0.006273989
3.63775e-07,-0.0062869141
3.63875e-07,-0.0063019933
3.63975e-07,-0.0063106101
3.64075e-07,-0.0063084559
3.64175e-07,-0.006298403
3.64275e-07,-0.0062890682
3.64375e-07,-0.0062905044
3.64475e-07,-0.0063084559
3.64575e-07,-0.0063407686
3.64675e-07,-0.0063781078
3.64775e-07,-0.006404676
3.64875e-07,-0.0064118566
3.64975e-07,-0.0063960593
3.65075e-07,-0.0063666188
3.65175e-07,-0.0063364602
3.65275e-07,-0.0063199449
3.65375e-07,-0.006322099
3.65475e-07,-0.0063400506
3.65575e-07,-0.0063623104
3.65675e-07,-0.0063773897
3.65775e-07,-0.0063795439
3.65875e-07,-0.0063716452
3.65975e-07,-0.0063630285
3.66075e-07,-0.0063659007
3.66175e-07,-0.0063845703
3.66275e-07,-0.0064154469
3.66375e-07,-0.0064477597
3.66475e-07,-0.0064693015
3.66575e-07,-0.0064714557
3.66675e-07,-0.0064542222
3.66775e-07,-0.0064269359
3.66875e-07,-0.0064003676
3.66975e-07,-0.0063845703
3.67075e-07,-0.0063824161
3.67175e-07,-0.0063895967
3.67275e-07,-0.0064003676
3.67375e-07,-0.0064082663
3.67475e-07,-0.0064125747
3.67575e-07,-0.006416883
3.67675e-07,-0.0064233456
3.67775e-07,-0.0064341165
3.67875e-07,-0.0064463235
3.67975e-07,-0.0064527861
3.68075e-07,-0.0064463235
3.68175e-07,-0.0064262178
3.68275e-07,-0.0063960593
3.68375e-07,-0.0063659007
3.68475e-07,-0.0063429228
3.68575e-07,-0.0063328699
3.68675e-07,-0.0063343061
3.68775e-07,-0.0063400506
3.68875e-07,-0.0063429228
3.68975e-07,-0.0063386144
3.69075e-07,-0.0063285616
3.69175e-07,-0.0063206629
3.69275e-07,-0.0063199449
3.69375e-07,-0.0063299977
3.69475e-07,-0.0063465131
3.69575e-07,-0.0063615924
3.69675e-07,-0.0063659007
3.69775e-07,-0.0063551298
3.69875e-07,-0.0063321519
3.69975e-07,-0.0063055836
3.70075e-07,-0.0062854779
3.70175e-07,-0.0062790154
3.70275e-07,-0.0062869141
3.70375e-07,-0.0063034295
3.70475e-07,-0.0063199449
3.70575e-07,-0.0063314338
3.70675e-07,-0.0063378964
3.70775e-07,-0.0063436409
3.70875e-07,-0.0063544118
3.70975e-07,-0.0063745175
3.71075e-07,-0.0064010857
3.71175e-07,-0.006428372
3.71275e-07,-0.0064463235
3.71375e-07,-0.0064499138
3.71475e-07,-0.0064384249
3.71575e-07,-0.0064190372
3.71675e-07,-0.0064003676
3.71775e-07,-0.0063910329
3.71875e-07,-0.0063953412
3.71975e-07,-0.0064111386
3.72075e-07,-0.0064348346
3.72175e-07,-0.0064592486
3.72275e-07,-0.0064815085
3.72375e-07,-0.0065001781
3.72475e-07,-0.0065152574
3.72575e-07,-0.0065274644
3.72675e-07,-0.0065367992
3.72775e-07,-0.0065403895
3.72875e-07,-0.0065382353
3.72975e-07,-0.0065303366
3.73075e-07,-0.0065202838
3.73175e-07,-0.0065145393
3.73275e-07,-0.0065152574
3.73375e-07,-0.0065245921
3.73475e-07,-0.0065389534
3.73575e-07,-0.0065533146
3.73675e-07,-0.0065612132
3.73775e-07,-0.0065612132
3.73875e-07,-0.0065540326
3.73975e-07,-0.0065446978
3.74075e-07,-0.0065382353
3.74175e-07,-0.0065360811
3.74275e-07,-0.0065360811
3.74375e-07,-0.006534645
3.74475e-07,-0.0065267463
3.74575e-07,-0.0065123851
3.74675e-07,-0.0064944336
3.74775e-07,-0.0064779182
3.74875e-07,-0.0064693015
3.74975e-07,-0.0064693015
3.75075e-07,-0.006475764
3.75175e-07,-0.0064815085
3.75275e-07,-0.0064807904
3.75375e-07,-0.0064700195
3.75475e-07,-0.0064506319
3.75575e-07,-0.0064290901
3.75675e-07,-0.0064118566
3.75775e-07,-0.006403958
3.75875e-07,-0.0064061121
3.75975e-07,-0.0064147289
3.76075e-07,-0.0064233456
3.76175e-07,-0.006427654
3.76275e-07,-0.0064254998
3.76375e-07,-0.0064197553
3.76475e-07,-0.0064118566
3.76575e-07,-0.0064053941
3.76675e-07,-0.0063996496
3.76775e-07,-0.0063946232
3.76875e-07,-0.0063888787
3.76975e-07,-0.0063824161
3.77075e-07,-0.0063781078
3.77175e-07,-0.0063795439
3.77275e-07,-0.0063888787
3.77375e-07,-0.0064053941
3.77475e-07,-0.0064247817
3.77575e-07,-0.006440579
3.77675e-07,-0.0064463235
3.77775e-07,-0.006439861
3.77875e-07,-0.0064240636
3.77975e-07,-0.006404676
3.78075e-07,-0.0063888787
3.78175e-07,-0.00638098
3.78275e-07,-0.00638098
3.78375e-07,-0.0063852884
3.78475e-07,-0.0063888787
3.78575e-07,-0.0063895967
3.78675e-07,-0.0063867245
3.78775e-07,-0.0063852884
3.78875e-07,-0.0063888787
3.78975e-07,-0.0063996496
3.79075e-07,-0.006416165
3.79175e-07,-0.0064341165
3.79275e-07,-0.0064463235
3.79375e-07,-0.0064491958
3.79475e-07,-0.0064412971
3.79575e-07,-0.0064269359
3.79675e-07,-0.0064118566
3.79775e-07,-0.0064018038
3.79875e-07,-0.0064010857
3.79975e-07,-0.0064089844
3.80075e-07,-0.0064233456
3.80175e-07,-0.006440579
3.80275e-07,-0.0064570944
3.80375e-07,-0.0064714557
3.80475e-07,-0.0064807904
3.80575e-07,-0.0064850988
3.80675e-07,-0.0064843807
3.80775e-07,-0.0064786363
3.80875e-07,-0.0064693015
3.80975e-07,-0.0064592486
3.81075e-07,-0.0064506319
3.81175e-07,-0.0064463235
3.81275e-07,-0.0064463235
3.81375e-07,-0.0064470416
3.81475e-07,-0.0064448874
3.81575e-07,-0.0064369887
3.81675e-07,-0.0064233456
3.81775e-07,-0.0064082663
3.81875e-07,-0.0063974954
3.81975e-07,-0.0063982135
3.82075e-07,-0.0064118566
3.82175e-07,-0.0064348346
3.82275e-07,-0.0064599667
3.82375e-07,-0.0064772001
3.82475e-07,-0.0064807904
3.82575e-07,-0.0064700195
3.82675e-07,-0.0064491958
3.82775e-07,-0.006427654
3.82875e-07,-0.0064118566
3.82975e-07,-0.006404676
3.83075e-07,-0.006403958
3.83175e-07,-0.006404676
3.83275e-07,-0.0064003676
3.83375e-07,-0.0063903148
3.83475e-07,-0.0063781078
3.83575e-07,-0.0063680549
3.83675e-07,-0.0063659007
3.83775e-07,-0.0063723633
3.83875e-07,-0.0063845703
3.83975e-07,-0.0063960593
3.84075e-07,-0.0064003676
3.84175e-07,-0.0063960593
3.84275e-07,-0.0063852884
3.84375e-07,-0.0063737994
3.84475e-07,-0.0063659007
3.84575e-07,-0.0063637466
3.84675e-07,-0.0063659007
3.84775e-07,-0.0063680549
3.84875e-07,-0.0063659007
3.84975e-07,-0.0063601562
3.85075e-07,-0.0063551298
3.85175e-07,-0.0063558479
3.85275e-07,-0.0063659007
3.85375e-07,-0.0063845703
3.85475e-07,-0.0064061121
3.85575e-07,-0.0064211914
3.85675e-07,-0.0064233456
3.85775e-07,-0.0064111386
3.85875e-07,-0.0063895967
3.85975e-07,-0.0063680549
3.86075e-07,-0.0063544118
3.86175e-07,-0.0063536937
3.86275e-07,-0.0063637466
3.86375e-07,-0.0063781078
3.86475e-07,-0.0063888787
3.86575e-07,-0.006392469
3.86675e-07,-0.0063903148
3.86775e-07,-0.0063867245
3.86875e-07,-0.0063888787
3.86975e-07,-0.0063989315
3.87075e-07,-0.006416165
3.87175e-07,-0.0064341165
3.87275e-07,-0.0064463235
3.87375e-07,-0.0064491958
3.87475e-07,-0.0064427332
3.87575e-07,-0.0064326804
3.87675e-07,-0.0064233456
3.87775e-07,-0.0064190372
3.87875e-07,-0.0064190372
3.87975e-07,-0.0064219095
3.88075e-07,-0.0064233456
3.88175e-07,-0.0064233456
3.88275e-07,-0.0064233456
3.88375e-07,-0.0064262178
3.88475e-07,-0.0064348346
3.88575e-07,-0.0064477597
3.88675e-07,-0.0064606847
3.88775e-07,-0.0064693015
3.88875e-07,-0.0064693015
3.88975e-07,-0.0064621209
3.89075e-07,-0.0064542222
3.89175e-07,-0.0064506319
3.89275e-07,-0.0064578125
3.89375e-07,-0.0064743279
3.89475e-07,-0.0064937155
3.89575e-07,-0.0065095129
3.89675e-07,-0.0065152574
3.89775e-07,-0.0065123851
3.89875e-07,-0.0065080767
3.89975e-07,-0.0065102309
3.90075e-07,-0.0065267463
3.90175e-07,-0.0065569049
3.90275e-07,-0.006593526
3.90375e-07,-0.0066251206
3.90475e-07,-0.006641636
3.90575e-07,-0.0066401999
3.90675e-07,-0.0066244026
3.90775e-07,-0.0066064511
3.90875e-07,-0.0065956801
3.90975e-07,-0.0065978343
3.91075e-07,-0.0066093233
3.91175e-07,-0.0066229665
3.91275e-07,-0.0066301471
3.91375e-07,-0.0066258387
3.91475e-07,-0.0066129136
3.91575e-07,-0.0065992705
3.91675e-07,-0.0065956801
3.91775e-07,-0.0066064511
3.91875e-07,-0.006629429
3.91975e-07,-0.0066559972
3.92075e-07,-0.0066761029
3.92175e-07,-0.0066818474
3.92275e-07,-0.0066739488
3.92375e-07,-0.0066574334
3.92475e-07,-0.006641636
3.92575e-07,-0.0066337374
3.92675e-07,-0.0066358915
3.92775e-07,-0.0066445083
3.92875e-07,-0.006653125
3.92975e-07,-0.0066559972
3.93075e-07,-0.006653125
3.93175e-07,-0.0066466625
3.93275e-07,-0.006641636
3.93375e-07,-0.006641636
3.93475e-07,-0.0066459444
3.93575e-07,-0.0066516889
3.93675e-07,-0.006653125
3.93775e-07,-0.0066473805
3.93875e-07,-0.0066351735
3.93975e-07,-0.0066200942
3.94075e-07,-0.0066071691
3.94175e-07,-0.0065985524
3.94275e-07,-0.006593526
3.94375e-07,-0.0065899357
3.94475e-07,-0.0065841912
3.94575e-07,-0.0065770106
3.94675e-07,-0.00656983
3.94775e-07,-0.0065676758
3.94875e-07,-0.0065727022
3.94975e-07,-0.0065841912
3.95075e-07,-0.0065956801
3.95175e-07,-0.0066014246
3.95275e-07,-0.0065956801
3.95375e-07,-0.0065777286
3.95475e-07,-0.0065533146
3.95575e-07,-0.0065296186
3.95675e-07,-0.0065152574
3.95775e-07,-0.0065131032
3.95875e-07,-0.0065210018
3.95975e-07,-0.0065310547
3.96075e-07,-0.0065382353
3.96175e-07,-0.0065375172
3.96275e-07,-0.0065310547
3.96375e-07,-0.006522438
3.96475e-07,-0.0065152574
3.96575e-07,-0.006511667
3.96675e-07,-0.0065095129
3.96775e-07,-0.0065037684
3.96875e-07,-0.0064922794
3.96975e-07,-0.006475764
3.97075e-07,-0.0064585306
3.97175e-07,-0.0064477597
3.97275e-07,-0.0064463235
3.97375e-07,-0.0064542222
3.97475e-07,-0.0064649931
3.97575e-07,-0.0064714557
3.97675e-07,-0.0064693015
3.97775e-07,-0.0064585306
3.97875e-07,-0.0064463235
3.97975e-07,-0.006440579
3.98075e-07,-0.0064463235
3.98175e-07,-0.0064628389
3.98275e-07,-0.0064822266
3.98375e-07,-0.0064944336
3.98475e-07,-0.0064922794
3.98575e-07,-0.006475764
3.98675e-07,-0.006452068
3.98775e-07,-0.0064319623
3.98875e-07,-0.0064233456
3.98975e-07,-0.0064290901
3.99075e-07,-0.0064427332
3.99175e-07,-0.0064549403
3.99275e-07,-0.0064578125
3.99375e-07,-0.0064491958
3.99475e-07,-0.0064341165
3.99575e-07,-0.0064233456
3.99675e-07,-0.0064233456
3.99775e-07,-0.0064355526
3.99875e-07,-0.0064527861
3.99975e-07,-0.006463557
4.00075e-07,-0.0064578125
4.00175e-07,-0.0064341165
4.00275e-07,-0.0063996496
4.00375e-07,-0.0063651827
4.00475e-07,-0.0063429228
4.00575e-07,-0.0063378964
4.00675e-07,-0.0063465131
4.00775e-07,-0.0063587201
4.00875e-07,-0.0063659007
4.00975e-07,-0.0063630285
4.01075e-07,-0.0063529756
4.01175e-07,-0.0063443589
4.01275e-07,-0.0063429228
4.01375e-07,-0.0063508215
4.01475e-07,-0.0063630285
4.01575e-07,-0.0063709272
4.01675e-07,-0.0063659007
4.01775e-07,-0.0063486673
4.01875e-07,-0.0063264074
4.01975e-07,-0.006309892
4.02075e-07,-0.0063084559
4.02175e-07,-0.0063235352
4.02275e-07,-0.0063486673
4.02375e-07,-0.006369491
4.02475e-07,-0.0063773897
4.02575e-07,-0.006368773
4.02675e-07,-0.0063501034
4.02775e-07,-0.0063343061
4.02875e-07,-0.0063314338
4.02975e-07,-0.006345077
4.03075e-07,-0.0063673369
4.03175e-07,-0.0063860064
4.03275e-07,-0.0063888787
4.03375e-07,-0.0063723633
4.03475e-07,-0.0063443589
4.03575e-07,-0.0063177907
4.03675e-07,-0.0063084559
4.03775e-07,-0.006322099
4.03875e-07,-0.0063529756
4.03975e-07,-0.0063881606
4.04075e-07,-0.0064118566
4.04175e-07,-0.0064154469
4.04275e-07,-0.0064010857
4.04375e-07,-0.0063802619
4.04475e-07,-0.0063659007
4.04575e-07,-0.0063680549
4.04675e-07,-0.0063874426
4.04775e-07,-0.0064132927
4.04875e-07,-0.0064348346
4.04975e-07,-0.0064427332
4.05075e-07,-0.0064362707
4.05175e-07,-0.0064226275
4.05275e-07,-0.0064118566
4.05375e-07,-0.0064118566
4.05475e-07,-0.0064226275
4.05575e-07,-0.006440579
4.05675e-07,-0.0064578125
4.05775e-07,-0.0064693015
4.05875e-07,-0.006475046
4.05975e-07,-0.0064807904
4.06075e-07,-0.0064922794
4.06175e-07,-0.006511667
4.06275e-07,-0.0065360811
4.06375e-07,-0.0065590591
4.06475e-07,-0.0065727022
4.06575e-07,-0.0065762925
4.06675e-07,-0.0065741383
4.06775e-07,-0.0065741383
4.06875e-07,-0.0065841912
4.06975e-07,-0.0066050149
4.07075e-07,-0.0066308651
4.07175e-07,-0.0066502528
4.07275e-07,-0.006653125
4.07375e-07,-0.0066373277
4.07475e-07,-0.0066078872
4.07575e-07,-0.0065784467
4.07675e-07,-0.0065612132
4.07775e-07,-0.0065626494
4.07875e-07,-0.0065791648
4.07975e-07,-0.0066021427
4.08075e-07,-0.0066186581
4.08175e-07,-0.0066222484
4.08275e-07,-0.0066136317
4.08375e-07,-0.0066014246
4.08475e-07,-0.0065956801
4.08575e-07,-0.0066021427
4.08675e-07,-0.0066200942
4.08775e-07,-0.0066401999
4.08875e-07,-0.006653125
4.08975e-07,-0.0066524069
4.09075e-07,-0.006640918
4.09175e-07,-0.0066258387
4.09275e-07,-0.0066186581
4.09375e-07,-0.0066265568
4.09475e-07,-0.0066480986
4.09575e-07,-0.0066761029
4.09675e-07,-0.0066990809
4.09775e-07,-0.0067084157
4.09875e-07,-0.0067012351
4.09975e-07,-0.0066840016
4.10075e-07,-0.006664614
4.10175e-07,-0.006653125
4.10275e-07,-0.0066524069
4.10375e-07,-0.0066617417
4.10475e-07,-0.0066761029
4.10575e-07,-0.0066904642
4.10675e-07,-0.0067026712
4.10775e-07,-0.006712006
4.10875e-07,-0.0067220588
4.10975e-07,-0.0067321117
4.11075e-07,-0.0067392923
4.11175e-07,-0.0067414465
4.11275e-07,-0.0067335478
4.11375e-07,-0.0067170324
4.11475e-07,-0.0066976448
4.11575e-07,-0.0066818474
4.11675e-07,-0.0066761029
4.11775e-07,-0.0066825655
4.11875e-07,-0.0066976448
4.11975e-07,-0.0067134421
4.12075e-07,-0.0067220588
4.12175e-07,-0.0067199046
4.12275e-07,-0.0067091337
4.12375e-07,-0.0066962086
4.12475e-07,-0.0066875919
4.12575e-07,-0.0066868739
4.12675e-07,-0.0066911822
4.12775e-07,-0.0066940545
4.12875e-07,-0.0066875919
4.12975e-07,-0.0066689223
4.13075e-07,-0.0066401999
4.13175e-07,-0.0066093233
4.13275e-07,-0.0065841912
4.13375e-07,-0.0065712661
4.13475e-07,-0.006570548
4.13575e-07,-0.0065770106
4.13675e-07,-0.0065841912
4.13775e-07,-0.0065870634
4.13875e-07,-0.0065849092
4.13975e-07,-0.006582037
4.14075e-07,-0.0065841912
4.14175e-07,-0.0065949621
4.14275e-07,-0.0066150678
4.14375e-07,-0.0066401999
4.14475e-07,-0.006664614
4.14575e-07,-0.0066847197
4.14675e-07,-0.0066983628
4.14775e-07,-0.0067062615
4.14875e-07,-0.0067105699
4.14975e-07,-0.006712006
4.15075e-07,-0.0067098518
4.15175e-07,-0.0067055434
4.15275e-07,-0.0066990809
4.15375e-07,-0.0066954906
4.15475e-07,-0.0066997989
4.15575e-07,-0.0067163143
4.15675e-07,-0.0067450368
4.15775e-07,-0.0067795037
4.15875e-07,-0.0068110983
4.15975e-07,-0.0068276137
4.16075e-07,-0.0068254596
4.16175e-07,-0.0068060719
4.16275e-07,-0.0067780676
4.16375e-07,-0.0067543716
4.16475e-07,-0.0067450368
4.16575e-07,-0.0067529354
4.16675e-07,-0.0067730411
4.16775e-07,-0.0067967371
4.16875e-07,-0.0068139706
4.16975e-07,-0.0068211512
4.17075e-07,-0.0068197151
4.17175e-07,-0.0068154067
4.17275e-07,-0.0068139706
4.17375e-07,-0.0068168428
4.17475e-07,-0.0068225873
4.17575e-07,-0.0068268957
4.17675e-07,-0.0068254596
4.17775e-07,-0.0068204331
4.17875e-07,-0.0068175609
4.17975e-07,-0.0068218693
4.18075e-07,-0.0068369485
4.18175e-07,-0.0068584903
4.18275e-07,-0.006878596
4.18375e-07,-0.0068886489
4.18475e-07,-0.0068829044
4.18575e-07,-0.006865671
4.18675e-07,-0.0068477194
4.18775e-07,-0.0068398208
4.18875e-07,-0.0068484375
4.18975e-07,-0.0068714154
4.19075e-07,-0.0068979837
4.19175e-07,-0.0069123449
4.19275e-07,-0.0069058824
4.19375e-07,-0.006877878
4.19475e-07,-0.0068398208
4.19575e-07,-0.00680679
4.19675e-07,-0.0067909926
4.19775e-07,-0.006795301
4.19875e-07,-0.0068103803
4.19975e-07,-0.0068211512
4.20075e-07,-0.0068139706
4.20175e-07,-0.0067852482
4.20275e-07,-0.0067421645
4.20375e-07,-0.0067012351
4.20475e-07,-0.0066761029
4.20575e-07,-0.0066746668
4.20675e-07,-0.0066911822
4.20775e-07,-0.006712724
4.20875e-07,-0.0067220588
4.20975e-07,-0.0067112879
4.21075e-07,-0.0066825655
4.21175e-07,-0.0066466625
4.21275e-07,-0.0066186581
4.21375e-07,-0.0066071691
4.21475e-07,-0.0066121955
4.21575e-07,-0.0066236845
4.21675e-07,-0.0066301471
4.21775e-07,-0.0066229665
4.21875e-07,-0.0066014246
4.21975e-07,-0.0065741383
4.22075e-07,-0.0065497243
4.22175e-07,-0.0065360811
4.22275e-07,-0.006534645
4.22375e-07,-0.0065375172
4.22475e-07,-0.0065382353
4.22575e-07,-0.0065317727
4.22675e-07,-0.0065188477
4.22775e-07,-0.0065073587
4.22875e-07,-0.0065037684
4.22975e-07,-0.006510949
4.23075e-07,-0.0065245921
4.23175e-07,-0.0065367992
4.23275e-07,-0.0065382353
4.23375e-07,-0.0065253102
4.23475e-07,-0.0065030503
4.23575e-07,-0.0064807904
4.23675e-07,-0.0064693015
4.23775e-07,-0.0064736098
4.23875e-07,-0.0064915614
4.23975e-07,-0.0065123851
4.24075e-07,-0.0065267463
4.24175e-07,-0.0065274644
4.24275e-07,-0.0065166935
4.24375e-07,-0.0065016142
4.24475e-07,-0.0064922794
4.24575e-07,-0.0064937155
4.24675e-07,-0.0065037684
4.24775e-07,-0.0065174115
4.24875e-07,-0.0065267463
4.24975e-07,-0.0065274644
4.25075e-07,-0.006522438
4.25175e-07,-0.0065195657
4.25275e-07,-0.0065267463
4.25375e-07,-0.0065475701
4.25475e-07,-0.0065777286
4.25575e-07,-0.0066086052
4.25675e-07,-0.0066301471
4.25775e-07,-0.0066358915
4.25875e-07,-0.0066272748
4.25975e-07,-0.0066114775
4.26075e-07,-0.0065956801
4.26175e-07,-0.0065863454
4.26275e-07,-0.0065841912
4.26375e-07,-0.0065849092
4.26475e-07,-0.0065841912
4.26575e-07,-0.0065806009
4.26675e-07,-0.0065762925
4.26775e-07,-0.0065762925
4.26875e-07,-0.0065841912
4.26975e-07,-0.0065992705
4.27075e-07,-0.0066143497
4.27175e-07,-0.0066229665
4.27275e-07,-0.0066186581
4.27375e-07,-0.0066021427
4.27475e-07,-0.0065813189
4.27575e-07,-0.0065655216
4.27675e-07,-0.0065612132
4.27775e-07,-0.0065691119
4.27875e-07,-0.0065806009
4.27975e-07,-0.0065849092
4.28075e-07,-0.0065727022
4.28175e-07,-0.0065446978
4.28275e-07,-0.0065087948
4.28375e-07,-0.0064800724
4.28475e-07,-0.0064693015
4.28575e-07,-0.0064807904
4.28675e-07,-0.0065080767
4.28775e-07,-0.0065360811
4.28875e-07,-0.0065497243
4.28975e-07,-0.0065418256
4.29075e-07,-0.0065138212
4.29175e-07,-0.0064779182
4.29275e-07,-0.0064463235
4.29375e-07,-0.006428372
4.29475e-07,-0.0064254998
4.29575e-07,-0.0064305262
4.29675e-07,-0.0064348346
4.29775e-07,-0.0064333984
4.29875e-07,-0.0064269359
4.29975e-07,-0.0064211914
4.30075e-07,-0.0064233456
4.30175e-07,-0.0064355526
4.30275e-07,-0.0064535041
4.30375e-07,-0.0064685834
4.30475e-07,-0.0064693015
4.30575e-07,-0.0064527861
4.30675e-07,-0.0064233456
4.30775e-07,-0.0063903148
4.30875e-07,-0.0063659007
4.30975e-07,-0.0063565659
4.31075e-07,-0.0063608743
4.31175e-07,-0.0063716452
4.31275e-07,-0.0063773897
4.31375e-07,-0.0063730813
4.31475e-07,-0.0063601562
4.31575e-07,-0.0063472312
4.31675e-07,-0.0063429228
4.31775e-07,-0.0063536937
4.31875e-07,-0.0063773897
4.31975e-07,-0.006404676
4.32075e-07,-0.0064233456
4.32175e-07,-0.0064254998
4.32275e-07,-0.0064089844
4.32375e-07,-0.0063816981
4.32475e-07,-0.0063544118
4.32575e-07,-0.0063371783
4.32675e-07,-0.006333588
4.32775e-07,-0.0063422047
4.32875e-07,-0.0063544118
4.32975e-07,-0.0063637466
4.33075e-07,-0.0063673369
4.33175e-07,-0.0063666188
4.33275e-07,-0.0063659007
4.33375e-07,-0.006369491
4.33475e-07,-0.0063788258
4.33575e-07,-0.0063903148
4.33675e-07,-0.0064003676
4.33775e-07,-0.006403958
4.33875e-07,-0.0064018038
4.33975e-07,-0.0063946232
4.34075e-07,-0.0063888787
4.34175e-07,-0.0063867245
4.34275e-07,-0.0063895967
4.34375e-07,-0.0063953412
4.34475e-07,-0.0064003676
4.34575e-07,-0.0064032399
4.34675e-07,-0.006404676
4.34775e-07,-0.0064068302
4.34875e-07,-0.0064118566
4.34975e-07,-0.0064190372
4.35075e-07,-0.0064247817
4.35175e-07,-0.0064233456
4.35275e-07,-0.0064118566
4.35375e-07,-0.0063881606
4.35475e-07,-0.006357284
4.35575e-07,-0.0063242532
4.35675e-07,-0.0062969669
4.35775e-07,-0.0062797335
4.35875e-07,-0.0062725528
4.35975e-07,-0.0062718348
4.36075e-07,-0.006273989
4.36175e-07,-0.0062761432
4.36275e-07,-0.0062782973
4.36375e-07,-0.0062811696
4.36475e-07,-0.0062854779
4.36575e-07,-0.0062897863
4.36675e-07,-0.0062912224
4.36775e-07,-0.006286196
4.36875e-07,-0.006273989
4.36975e-07,-0.0062567555
4.37075e-07,-0.0062395221
4.37175e-07,-0.0062294692
4.37275e-07,-0.0062280331
4.37375e-07,-0.0062337776
4.37475e-07,-0.0062395221
4.37575e-07,-0.006238804
4.37675e-07,-0.0062280331
4.37775e-07,-0.0062093635
4.37875e-07,-0.0061899759
4.37975e-07,-0.006179205
4.38075e-07,-0.0061820772
4.38175e-07,-0.0061964384
4.38275e-07,-0.006215108
4.38375e-07,-0.0062280331
4.38475e-07,-0.0062280331
4.38575e-07,-0.0062143899
4.38675e-07,-0.0061942842
4.38775e-07,-0.0061770508
4.38875e-07,-0.0061705882
4.38975e-07,-0.0061770508
4.39075e-07,-0.0061906939
4.39175e-07,-0.0062021829
4.39275e-07,-0.0062050551
4.39375e-07,-0.0061985926
4.39475e-07,-0.0061885398
4.39575e-07,-0.0061842314
4.39675e-07,-0.0061935662
4.39775e-07,-0.0062165441
4.39875e-07,-0.0062474207
4.39975e-07,-0.0062732709
4.40075e-07,-0.0062854779
4.40175e-07,-0.0062818876
4.40275e-07,-0.0062682445
4.40375e-07,-0.0062546013
4.40475e-07,-0.006251011
4.40575e-07,-0.0062625
4.40675e-07,-0.0062847599
4.40775e-07,-0.006309892
4.40875e-07,-0.0063314338
4.40975e-07,-0.006345795
4.41075e-07,-0.0063580021
4.41175e-07,-0.0063745175
4.41275e-07,-0.0064003676
4.41375e-07,-0.0064348346
4.41475e-07,-0.0064700195
4.41575e-07,-0.0064958697
4.41675e-07,-0.0065037684
4.41775e-07,-0.0064951517
4.41875e-07,-0.0064786363
4.41975e-07,-0.0064664292
4.42075e-07,-0.0064693015
4.42175e-07,-0.0064886891
4.42275e-07,-0.0065166935
4.42375e-07,-0.0065403895
4.42475e-07,-0.0065497243
4.42575e-07,-0.0065411075
4.42675e-07,-0.006522438
4.42775e-07,-0.0065059226
4.42875e-07,-0.0065037684
4.42975e-07,-0.0065188477
4.43075e-07,-0.0065439798
4.43175e-07,-0.0065662397
4.43275e-07,-0.0065727022
4.43375e-07,-0.0065576229
4.43475e-07,-0.0065274644
4.43575e-07,-0.0064937155
4.43675e-07,-0.0064693015
4.43775e-07,-0.0064614028
4.43875e-07,-0.0064678653
4.43975e-07,-0.0064772001
4.44075e-07,-0.0064807904
4.44175e-07,-0.0064728918
4.44275e-07,-0.0064563764
4.44375e-07,-0.006440579
4.44475e-07,-0.0064348346
4.44575e-07,-0.0064412971
4.44675e-07,-0.0064542222
4.44775e-07,-0.0064628389
4.44875e-07,-0.0064578125
4.44975e-07,-0.0064369887
4.45075e-07,-0.0064068302
4.45175e-07,-0.0063795439
4.45275e-07,-0.0063659007
4.45375e-07,-0.006369491
4.45475e-07,-0.0063845703
4.45575e-07,-0.0063982135
4.45675e-07,-0.0064003676
4.45775e-07,-0.0063881606
4.45875e-07,-0.0063680549
4.45975e-07,-0.0063529756
4.46075e-07,-0.0063544118
4.46175e-07,-0.0063752355
4.46275e-07,-0.0064075483
4.46375e-07,-0.0064362707
4.46475e-07,-0.0064463235
4.46575e-07,-0.0064326804
4.46675e-07,-0.0064010857
4.46775e-07,-0.0063659007
4.46875e-07,-0.0063429228
4.46975e-07,-0.0063407686
4.47075e-07,-0.0063587201
4.47175e-07,-0.0063867245
4.47275e-07,-0.0064118566
4.47375e-07,-0.0064269359
4.47475e-07,-0.0064333984
4.47575e-07,-0.0064369887
4.47675e-07,-0.0064463235
4.47775e-07,-0.006463557
4.47875e-07,-0.0064829446
4.47975e-07,-0.0064958697
4.48075e-07,-0.0064922794
4.48175e-07,-0.0064714557
4.48275e-07,-0.0064412971
4.48375e-07,-0.0064140108
4.48475e-07,-0.0064003676
4.48575e-07,-0.006403958
4.48675e-07,-0.0064190372
4.48775e-07,-0.0064326804
4.48875e-07,-0.0064348346
4.48975e-07,-0.0064219095
4.49075e-07,-0.0064018038
4.49175e-07,-0.0063867245
4.49275e-07,-0.0063888787
4.49375e-07,-0.0064104205
4.49475e-07,-0.0064448874
4.49575e-07,-0.0064764821
4.49675e-07,-0.0064922794
4.49775e-07,-0.0064865349
4.49875e-07,-0.006464275
4.49975e-07,-0.0064391429
4.50075e-07,-0.0064233456
4.50175e-07,-0.0064219095
4.50275e-07,-0.0064305262
4.50375e-07,-0.0064377068
4.50475e-07,-0.0064348346
4.50575e-07,-0.0064183192
4.50675e-07,-0.0063967773
4.50775e-07,-0.0063831342
4.50875e-07,-0.0063888787
4.50975e-07,-0.0064154469
4.51075e-07,-0.006452068
4.51175e-07,-0.0064829446
4.51275e-07,-0.0064922794
4.51375e-07,-0.006475046
4.51475e-07,-0.006439861
4.51575e-07,-0.0064053941
4.51675e-07,-0.0063888787
4.51775e-07,-0.0063989315
4.51875e-07,-0.0064312443
4.51975e-07,-0.0064678653
4.52075e-07,-0.0064922794
4.52175e-07,-0.0064937155
4.52275e-07,-0.0064764821
4.52375e-07,-0.0064549403
4.52475e-07,-0.0064463235
4.52575e-07,-0.0064628389
4.52675e-07,-0.0065030503
4.52775e-07,-0.0065533146
4.52875e-07,-0.0065956801
4.52975e-07,-0.006617222
4.53075e-07,-0.0066150678
4.53175e-07,-0.0065985524
4.53275e-07,-0.0065841912
4.53375e-07,-0.0065834731
4.53475e-07,-0.0065999885
4.53575e-07,-0.0066272748
4.53675e-07,-0.006653125
4.53775e-07,-0.0066660501
4.53875e-07,-0.0066638959
4.53975e-07,-0.0066524069
4.54075e-07,-0.006641636
4.54175e-07,-0.0066423541
4.54275e-07,-0.0066581514
4.54375e-07,-0.0066840016
4.54475e-07,-0.0067105699
4.54575e-07,-0.0067292394
4.54675e-07,-0.0067349839
4.54775e-07,-0.0067306756
4.54875e-07,-0.0067220588
4.54975e-07,-0.0067155963
4.55075e-07,-0.0067141602
4.55175e-07,-0.0067170324
4.55275e-07,-0.0067220588
4.55375e-07,-0.0067270852
4.55475e-07,-0.0067328297
4.55575e-07,-0.0067421645
4.55675e-07,-0.0067565257
4.55775e-07,-0.0067744773
4.55875e-07,-0.0067902746
4.55975e-07,-0.0067974552
4.56075e-07,-0.0067909926
4.56175e-07,-0.0067723231
4.56275e-07,-0.006747909
4.56375e-07,-0.0067285214
4.56475e-07,-0.0067220588
4.56575e-07,-0.0067313936
4.56675e-07,-0.0067500632
4.56775e-07,-0.0067694508
4.56875e-07,-0.0067795037
4.56975e-07,-0.0067766314
4.57075e-07,-0.0067658605
4.57175e-07,-0.0067558077
4.57275e-07,-0.0067565257
4.57375e-07,-0.0067730411
4.57475e-07,-0.0068017636
4.57575e-07,-0.0068340763
4.57675e-07,-0.0068599265
4.57775e-07,-0.0068721335
4.57875e-07,-0.0068706974
4.57975e-07,-0.0068606445
4.58075e-07,-0.0068484375
4.58175e-07,-0.0068391027
4.58275e-07,-0.0068340763
4.58375e-07,-0.006830486
4.58475e-07,-0.0068254596
4.58575e-07,-0.0068197151
4.58675e-07,-0.0068168428
4.58775e-07,-0.0068218693
4.58875e-07,-0.0068369485
4.58975e-07,-0.0068584903
4.59075e-07,-0.0068793141
4.59175e-07,-0.006889367
4.59275e-07,-0.0068829044
4.59375e-07,-0.0068627987
4.59475e-07,-0.0068391027
4.59575e-07,-0.0068233054
4.59675e-07,-0.0068254596
4.59775e-07,-0.0068455653
4.59875e-07,-0.0068750057
4.59975e-07,-0.0068994198
4.60075e-07,-0.0069058824
4.60175e-07,-0.006890085
4.60275e-07,-0.0068592084
4.60375e-07,-0.0068254596
4.60475e-07,-0.0068024816
4.60575e-07,-0.0067981733
4.60675e-07,-0.0068096622
4.60775e-07,-0.0068268957
4.60875e-07,-0.0068369485
4.60975e-07,-0.0068319221
4.61075e-07,-0.0068132525
4.61175e-07,-0.0067881204
4.61275e-07,-0.0067680147
4.61375e-07,-0.006760116
4.61475e-07,-0.0067644244
4.61575e-07,-0.0067737592
4.61675e-07,-0.0067795037
4.61775e-07,-0.0067751953
4.61875e-07,-0.0067615522
4.61975e-07,-0.0067450368
4.62075e-07,-0.0067335478
4.62175e-07,-0.0067313936
4.62275e-07,-0.0067378562
4.62375e-07,-0.0067457548
4.62475e-07,-0.0067450368
4.62575e-07,-0.0067306756
4.62675e-07,-0.0067033892
4.62775e-07,-0.0066710765
4.62875e-07,-0.006641636
4.62975e-07,-0.0066229665
4.63075e-07,-0.0066165039
4.63175e-07,-0.006617222
4.63275e-07,-0.0066186581
4.63375e-07,-0.0066165039
4.63475e-07,-0.0066093233
4.63575e-07,-0.0066007066
4.63675e-07,-0.0065956801
4.63775e-07,-0.0065963982
4.63875e-07,-0.0066007066
4.63975e-07,-0.0066028608
4.64075e-07,-0.0065956801
4.64175e-07,-0.0065770106
4.64275e-07,-0.0065504423
4.64375e-07,-0.006523156
4.64475e-07,-0.0065037684
4.64575e-07,-0.0064973058
4.64675e-07,-0.0065016142
4.64775e-07,-0.006510949
4.64875e-07,-0.0065152574
4.64975e-07,-0.0065095129
4.65075e-07,-0.0064937155
4.65175e-07,-0.0064736098
4.65275e-07,-0.0064578125
4.65375e-07,-0.0064527861
4.65475e-07,-0.0064599667
4.65575e-07,-0.006475764
4.65675e-07,-0.0064922794
4.65775e-07,-0.0065030503
4.65875e-07,-0.0065037684
4.65975e-07,-0.0064944336
4.66075e-07,-0.0064807904
4.66175e-07,-0.0064664292
4.66275e-07,-0.0064549403
4.66375e-07,-0.0064484777
4.66475e-07,-0.0064463235
4.66575e-07,-0.0064484777
4.66675e-07,-0.0064549403
4.66775e-07,-0.0064657112
4.66875e-07,-0.0064807904
4.66975e-07,-0.0064965878
4.67075e-07,-0.0065095129
4.67175e-07,-0.0065166935
4.67275e-07,-0.0065152574
4.67375e-07,-0.0065087948
4.67475e-07,-0.0065016142
4.67575e-07,-0.006498742
4.67675e-07,-0.0065037684
4.67775e-07,-0.0065138212
4.67875e-07,-0.0065245921
4.67975e-07,-0.0065296186
4.68075e-07,-0.0065267463
4.68175e-07,-0.0065174115
4.68275e-07,-0.0065080767
4.68375e-07,-0.0065066406
4.68475e-07,-0.0065152574
4.68575e-07,-0.0065332089
4.68675e-07,-0.0065540326
4.68775e-07,-0.0065683938
4.68875e-07,-0.0065727022
4.68975e-07,-0.0065676758
4.69075e-07,-0.0065604952
4.69175e-07,-0.0065604952
4.69275e-07,-0.0065727022
4.69375e-07,-0.0065963982
4.69475e-07,-0.0066244026
4.69575e-07,-0.0066452263
4.69675e-07,-0.006653125
4.69775e-07,-0.0066473805
4.69875e-07,-0.0066366096
4.69975e-07,-0.0066315832
4.70075e-07,-0.006641636
4.70175e-07,-0.0066674862
4.70275e-07,-0.0067026712
4.70375e-07,-0.006735702
4.70475e-07,-0.0067565257
4.70575e-07,-0.0067615522
4.70675e-07,-0.0067543716
4.70775e-07,-0.0067457548
4.70875e-07,-0.0067450368
4.70975e-07,-0.0067550896
4.71075e-07,-0.0067737592
4.71175e-07,-0.0067917107
4.71275e-07,-0.0068024816
4.71375e-07,-0.0068046358
4.71475e-07,-0.0068031997
4.71575e-07,-0.006807508
4.71675e-07,-0.0068254596
4.71775e-07,-0.0068577723
4.71875e-07,-0.0068979837
4.71975e-07,-0.0069331687
4.72075e-07,-0.0069518382
4.72175e-07,-0.0069504021
4.72275e-07,-0.0069324506
4.72375e-07,-0.0069101907
4.72475e-07,-0.0068943934
4.72575e-07,-0.0068915211
4.72675e-07,-0.0068994198
4.72775e-07,-0.0069109088
4.72875e-07,-0.0069173713
4.72975e-07,-0.0069144991
4.73075e-07,-0.0069044462
4.73175e-07,-0.0068951114
4.73275e-07,-0.0068943934
4.73375e-07,-0.0069044462
4.73475e-07,-0.0069209616
4.73575e-07,-0.0069353228
4.73675e-07,-0.0069403493
4.73775e-07,-0.0069317325
4.73875e-07,-0.006913781
4.73975e-07,-0.0068951114
4.74075e-07,-0.0068829044
4.74175e-07,-0.0068800322
4.74275e-07,-0.0068814683
4.74375e-07,-0.0068814683
4.74475e-07,-0.0068714154
4.74575e-07,-0.0068520278
4.74675e-07,-0.0068297679
4.74775e-07,-0.0068146886
4.74875e-07,-0.0068139706
4.74975e-07,-0.0068290499
4.75075e-07,-0.0068520278
4.75175e-07,-0.0068692613
4.75275e-07,-0.0068714154
4.75375e-07,-0.006854182
4.75475e-07,-0.0068233054
4.75575e-07,-0.0067902746
4.75675e-07,-0.0067680147
4.75775e-07,-0.0067608341
4.75875e-07,-0.0067658605
4.75975e-07,-0.0067751953
4.76075e-07,-0.0067795037
4.76175e-07,-0.0067766314
4.76275e-07,-0.0067701689
4.76375e-07,-0.0067687328
4.76475e-07,-0.0067795037
4.76575e-07,-0.0068010455
4.76675e-07,-0.0068261776
4.76775e-07,-0.0068412569
4.76875e-07,-0.0068369485
4.76975e-07,-0.0068118164
4.77075e-07,-0.0067744773
4.77175e-07,-0.0067400103
4.77275e-07,-0.0067220588
4.77375e-07,-0.0067263672
4.77475e-07,-0.0067471909
4.77575e-07,-0.0067730411
4.77675e-07,-0.0067909926
4.77775e-07,-0.006795301
4.77875e-07,-0.0067895565
4.77975e-07,-0.0067852482
4.78075e-07,-0.0067909926
4.78175e-07,-0.0068110983
4.78275e-07,-0.0068391027
4.78375e-07,-0.0068635168
4.78475e-07,-0.0068714154
4.78575e-07,-0.0068592084
4.78675e-07,-0.0068319221
4.78775e-07,-0.0068046358
4.78875e-07,-0.0067909926
4.78975e-07,-0.0067974552
4.79075e-07,-0.0068211512
4.79175e-07,-0.0068505917
4.79275e-07,-0.0068714154
4.79375e-07,-0.0068757238
4.79475e-07,-0.006865671
4.79575e-07,-0.0068491556
4.79675e-07,-0.0068369485
4.79775e-07,-0.0068362305
4.79875e-07,-0.0068448472
4.79975e-07,-0.0068563362
4.80075e-07,-0.0068599265
4.80175e-07,-0.0068527459
4.80275e-07,-0.0068391027
4.80375e-07,-0.0068268957
4.80475e-07,-0.0068254596
4.80575e-07,-0.0068383847
4.80675e-07,-0.0068599265
4.80775e-07,-0.006878596
4.80875e-07,-0.0068829044
4.80975e-07,-0.0068685432
4.81075e-07,-0.0068398208
4.81175e-07,-0.0068096622
4.81275e-07,-0.0067909926
4.81375e-07,-0.0067909926
4.81475e-07,-0.006807508
4.81575e-07,-0.006831204
4.81675e-07,-0.0068484375
4.81775e-07,-0.0068520278
4.81875e-07,-0.006842693
4.81975e-07,-0.0068268957
4.82075e-07,-0.0068139706
4.82175e-07,-0.0068096622
4.82275e-07,-0.0068125345
4.82375e-07,-0.0068161248
4.82475e-07,-0.0068139706
4.82575e-07,-0.0068031997
4.82675e-07,-0.0067881204
4.82775e-07,-0.0067773495
4.82875e-07,-0.0067795037
4.82975e-07,-0.0067967371
4.83075e-07,-0.0068233054
4.83175e-07,-0.0068477194
4.83275e-07,-0.0068599265
4.83375e-07,-0.006854182
4.83475e-07,-0.0068333582
4.83575e-07,-0.0068089442
4.83675e-07,-0.0067909926
4.83775e-07,-0.0067859662
4.83875e-07,-0.0067924288
4.83975e-07,-0.0068010455
4.84075e-07,-0.0068024816
4.84175e-07,-0.0067924288
4.84275e-07,-0.0067737592
4.84375e-07,-0.0067550896
4.84475e-07,-0.0067450368
4.84575e-07,-0.0067486271
4.84675e-07,-0.0067637063
4.84775e-07,-0.0067809398
4.84875e-07,-0.0067909926
4.84975e-07,-0.0067888385
4.85075e-07,-0.0067751953
4.85175e-07,-0.0067579619
4.85275e-07,-0.0067450368
4.85375e-07,-0.0067400103
4.85475e-07,-0.0067421645
4.85575e-07,-0.0067457548
4.85675e-07,-0.0067450368
4.85775e-07,-0.0067392923
4.85875e-07,-0.0067306756
4.85975e-07,-0.0067278033
4.86075e-07,-0.0067335478
4.86175e-07,-0.006747909
4.86275e-07,-0.0067644244
4.86375e-07,-0.0067730411
4.86475e-07,-0.0067680147
4.86575e-07,-0.0067493451
4.86675e-07,-0.0067249311
4.86775e-07,-0.0067055434
4.86875e-07,-0.0066990809
4.86975e-07,-0.0067055434
4.87075e-07,-0.0067163143
4.87175e-07,-0.0067206227
4.87275e-07,-0.0067105699
4.87375e-07,-0.0066861558
4.87475e-07,-0.0066574334
4.87575e-07,-0.0066387638
4.87675e-07,-0.006641636
4.87775e-07,-0.0066674862
4.87875e-07,-0.0067062615
4.87975e-07,-0.0067407284
4.88075e-07,-0.0067565257
4.88175e-07,-0.0067464729
4.88275e-07,-0.0067177505
4.88375e-07,-0.0066854377
4.88475e-07,-0.006664614
4.88575e-07,-0.006665332
4.88675e-07,-0.0066847197
4.88775e-07,-0.006712006
4.88875e-07,-0.0067335478
4.88975e-07,-0.0067414465
4.89075e-07,-0.006735702
4.89175e-07,-0.0067256491
4.89275e-07,-0.0067220588
4.89375e-07,-0.0067313936
4.89475e-07,-0.0067514993
4.89575e-07,-0.0067751953
4.89675e-07,-0.0067909926
4.89775e-07,-0.006794583
4.89875e-07,-0.0067866843
4.89975e-07,-0.0067744773
4.90075e-07,-0.0067680147
4.90175e-07,-0.0067701689
4.90275e-07,-0.0067773495
4.90375e-07,-0.006783094
4.90475e-07,-0.0067795037
4.90575e-07,-0.0067651425
4.90675e-07,-0.0067450368
4.90775e-07,-0.0067313936
4.90875e-07,-0.0067335478
4.90975e-07,-0.0067536535
4.91075e-07,-0.0067845301
4.91175e-07,-0.0068125345
4.91275e-07,-0.0068254596
4.91375e-07,-0.0068161248
4.91475e-07,-0.0067895565
4.91575e-07,-0.0067579619
4.91675e-07,-0.0067335478
4.91775e-07,-0.0067256491
4.91875e-07,-0.0067328297
4.91975e-07,-0.0067464729
4.92075e-07,-0.0067565257
4.92175e-07,-0.0067565257
4.92275e-07,-0.006747909
4.92375e-07,-0.0067407284
4.92475e-07,-0.0067450368
4.92575e-07,-0.0067651425
4.92675e-07,-0.0067967371
4.92775e-07,-0.0068290499
4.92875e-07,-0.0068484375
4.92975e-07,-0.0068462833
4.93075e-07,-0.0068233054
4.93175e-07,-0.0067895565
4.93275e-07,-0.0067565257
4.93375e-07,-0.006735702
4.93475e-07,-0.0067306756
4.93575e-07,-0.00673642
4.93675e-07,-0.0067450368
4.93775e-07,-0.0067500632
4.93875e-07,-0.0067486271
4.93975e-07,-0.0067457548
4.94075e-07,-0.0067450368
4.94175e-07,-0.0067507812
4.94275e-07,-0.0067608341
4.94375e-07,-0.0067694508
4.94475e-07,-0.0067680147
4.94575e-07,-0.0067536535
4.94675e-07,-0.0067285214
4.94775e-07,-0.0066997989
4.94875e-07,-0.0066761029
4.94975e-07,-0.0066638959
4.95075e-07,-0.0066638959
4.95175e-07,-0.0066703585
4.95275e-07,-0.0066761029
4.95375e-07,-0.0066761029
4.95475e-07,-0.0066696404
4.95575e-07,-0.0066603056
4.95675e-07,-0.006653125
4.95775e-07,-0.0066509708
4.95875e-07,-0.006653125
4.95975e-07,-0.0066552792
4.96075e-07,-0.006653125
4.96175e-07,-0.0066445083
4.96275e-07,-0.0066330193
4.96375e-07,-0.0066222484
4.96475e-07,-0.0066186581
4.96575e-07,-0.0066229665
4.96675e-07,-0.0066315832
4.96775e-07,-0.0066394818
4.96875e-07,-0.006641636
4.96975e-07,-0.0066373277
4.97075e-07,-0.006629429
4.97175e-07,-0.0066258387
4.97275e-07,-0.0066301471
4.97375e-07,-0.0066423541
4.97475e-07,-0.0066574334
4.97575e-07,-0.0066667682
4.97675e-07,-0.006664614
4.97775e-07,-0.0066495347
4.97875e-07,-0.0066272748
4.97975e-07,-0.0066064511
4.98075e-07,-0.0065956801
4.98175e-07,-0.0065963982
4.98275e-07,-0.0066042969
4.98375e-07,-0.0066100414
4.98475e-07,-0.0066071691
4.98575e-07,-0.0065928079
4.98675e-07,-0.0065719841
4.98775e-07,-0.0065547507
4.98875e-07,-0.0065497243
4.98975e-07,-0.0065604952
4.99075e-07,-0.006582037
4.99175e-07,-0.0066042969
4.99275e-07,-0.0066186581
4.99375e-07,-0.0066186581
4.99475e-07,-0.0066078872
4.99575e-07,-0.006593526
4.99675e-07,-0.0065841912
4.99775e-07,-0.0065856273
4.99875e-07,-0.0065963982
4.99975e-07,-0.0066100414
5.00075e-07,-0.0066186581
5.00175e-07,-0.0066193761
5.00275e-07,-0.0066129136
5.00375e-07,-0.0066071691
5.00475e-07,-0.0066071691
5.00575e-07,-0.006617222
5.00675e-07,-0.0066344554
5.00775e-07,-0.0066524069
5.00875e-07,-0.006664614
5.00975e-07,-0.0066674862
5.01075e-07,-0.0066624598
5.01175e-07,-0.0066559972
5.01275e-07,-0.006653125
5.01375e-07,-0.0066567153
5.01475e-07,-0.0066631778
5.01575e-07,-0.0066674862
5.01675e-07,-0.006664614
5.01775e-07,-0.0066545611
5.01875e-07,-0.006640918
5.01975e-07,-0.0066308651
5.02075e-07,-0.0066301471
5.02175e-07,-0.0066380457
5.02275e-07,-0.0066495347
5.02375e-07,-0.0066567153
5.02475e-07,-0.006653125
5.02575e-07,-0.0066394818
5.02675e-07,-0.0066215303
5.02775e-07,-0.0066086052
5.02875e-07,-0.0066071691
5.02975e-07,-0.006617222
5.03075e-07,-0.0066308651
5.03175e-07,-0.0066373277
5.03275e-07,-0.0066301471
5.03375e-07,-0.0066086052
5.03475e-07,-0.0065806009
5.03575e-07,-0.0065612132
5.03675e-07,-0.0065612132
5.03775e-07,-0.0065834731
5.03875e-07,-0.0066215303
5.03975e-07,-0.0066610237
5.04075e-07,-0.0066875919
5.04175e-07,-0.0066947725
5.04275e-07,-0.0066840016
5.04375e-07,-0.0066660501
5.04475e-07,-0.006653125
5.04575e-07,-0.0066524069
5.04675e-07,-0.006665332
5.04775e-07,-0.0066832835
5.04875e-07,-0.0066990809
5.04975e-07,-0.0067069795
5.05075e-07,-0.0067069795
5.05175e-07,-0.0067062615
5.05275e-07,-0.0067105699
5.05375e-07,-0.0067234949
5.05475e-07,-0.0067421645
5.05575e-07,-0.006759398
5.05675e-07,-0.0067680147
5.05775e-07,-0.0067637063
5.05875e-07,-0.0067500632
5.05975e-07,-0.0067335478
5.06075e-07,-0.0067220588
5.06175e-07,-0.0067184685
5.06275e-07,-0.0067199046
5.06375e-07,-0.0067227769
5.06475e-07,-0.0067220588
5.06575e-07,-0.0067177505
5.06675e-07,-0.0067163143
5.06775e-07,-0.0067234949
5.06875e-07,-0.0067450368
5.06975e-07,-0.0067773495
5.07075e-07,-0.0068110983
5.07175e-07,-0.0068333582
5.07275e-07,-0.0068369485
5.07375e-07,-0.0068211512
5.07475e-07,-0.006794583
5.07575e-07,-0.0067730411
5.07675e-07,-0.0067680147
5.07775e-07,-0.006783094
5.07875e-07,-0.0068118164
5.07975e-07,-0.006841975
5.08075e-07,-0.0068599265
5.08175e-07,-0.0068613626
5.08275e-07,-0.0068505917
5.08375e-07,-0.0068383847
5.08475e-07,-0.0068369485
5.08575e-07,-0.0068505917
5.08675e-07,-0.0068750057
5.08775e-07,-0.0068972656
5.08875e-07,-0.0069058824
5.08975e-07,-0.0068943934
5.09075e-07,-0.0068671071
5.09175e-07,-0.0068362305
5.09275e-07,-0.0068139706
5.09375e-07,-0.0068089442
5.09475e-07,-0.0068197151
5.09575e-07,-0.0068369485
5.09675e-07,-0.0068484375
5.09775e-07,-0.0068477194
5.09875e-07,-0.0068362305
5.09975e-07,-0.0068211512
5.10075e-07,-0.0068139706
5.10175e-07,-0.0068197151
5.10275e-07,-0.0068362305
5.10375e-07,-0.0068534639
5.10475e-07,-0.0068599265
5.10575e-07,-0.0068477194
5.10675e-07,-0.0068175609
5.10775e-07,-0.0067787856
5.10875e-07,-0.0067450368
5.10975e-07,-0.0067256491
5.11075e-07,-0.0067234949
5.11175e-07,-0.0067335478
5.11275e-07,-0.0067450368
5.11375e-07,-0.0067493451
5.11475e-07,-0.0067428826
5.11575e-07,-0.0067270852
5.11675e-07,-0.0067105699
5.11775e-07,-0.0066983628
5.11875e-07,-0.0066940545
5.11975e-07,-0.0066962086
5.12075e-07,-0.0066990809
5.12175e-07,-0.0066997989
5.12275e-07,-0.0066969267
5.12375e-07,-0.0066919003
5.12475e-07,-0.0066875919
5.12575e-07,-0.0066854377
5.12675e-07,-0.0066840016
5.12775e-07,-0.0066811294
5.12875e-07,-0.0066761029
5.12975e-07,-0.0066696404
5.13075e-07,-0.0066660501
5.13175e-07,-0.0066710765
5.13275e-07,-0.0066875919
5.13375e-07,-0.006712724
5.13475e-07,-0.0067385742
5.13575e-07,-0.0067558077
5.13675e-07,-0.0067565257
5.13775e-07,-0.0067407284
5.13875e-07,-0.0067155963
5.13975e-07,-0.0066904642
5.14075e-07,-0.0066761029
5.14175e-07,-0.0066753849
5.14275e-07,-0.0066854377
5.14375e-07,-0.0066962086
5.14475e-07,-0.0066990809
5.14575e-07,-0.006689028
5.14675e-07,-0.0066689223
5.14775e-07,-0.0066466625
5.14875e-07,-0.0066301471
5.14975e-07,-0.0066244026
5.15075e-07,-0.0066287109
5.15175e-07,-0.0066366096
5.15275e-07,-0.006641636
5.15375e-07,-0.0066394818
5.15475e-07,-0.0066323012
5.15575e-07,-0.0066236845
5.15675e-07,-0.0066186581
5.15775e-07,-0.0066193761
5.15875e-07,-0.0066236845
5.15975e-07,-0.0066244026
5.16075e-07,-0.0066186581
5.16175e-07,-0.006605733
5.16275e-07,-0.0065906537
5.16375e-07,-0.0065813189
5.16475e-07,-0.0065841912
5.16575e-07,-0.0065999885
5.16675e-07,-0.0066244026
5.16775e-07,-0.0066488166
5.16875e-07,-0.006664614
5.16975e-07,-0.0066696404
5.17075e-07,-0.0066667682
5.17175e-07,-0.0066631778
5.17275e-07,-0.006664614
5.17375e-07,-0.0066717946
5.17475e-07,-0.0066804113
5.17575e-07,-0.0066832835
5.17675e-07,-0.0066761029
5.17775e-07,-0.0066595875
5.17875e-07,-0.006641636
5.17975e-07,-0.0066330193
5.18075e-07,-0.006641636
5.18175e-07,-0.0066682043
5.18275e-07,-0.0067055434
5.18375e-07,-0.0067385742
5.18475e-07,-0.0067565257
5.18575e-07,-0.0067536535
5.18675e-07,-0.006735702
5.18775e-07,-0.0067134421
5.18875e-07,-0.0066990809
5.18975e-07,-0.006700517
5.19075e-07,-0.0067163143
5.19175e-07,-0.0067378562
5.19275e-07,-0.0067565257
5.19375e-07,-0.0067658605
5.19475e-07,-0.0067680147
5.19575e-07,-0.0067694508
5.19675e-07,-0.0067795037
5.19775e-07,-0.0068010455
5.19875e-07,-0.0068319221
5.19975e-07,-0.0068620807
5.20075e-07,-0.0068829044
5.20175e-07,-0.0068872128
5.20275e-07,-0.006877878
5.20375e-07,-0.0068613626
5.20475e-07,-0.0068484375
5.20575e-07,-0.0068462833
5.20675e-07,-0.0068549
5.20775e-07,-0.0068699793
5.20875e-07,-0.0068829044
5.20975e-07,-0.0068879308
5.21075e-07,-0.0068829044
5.21175e-07,-0.0068721335
5.21275e-07,-0.0068599265
5.21375e-07,-0.0068505917
5.21475e-07,-0.0068434111
5.21575e-07,-0.0068362305
5.21675e-07,-0.0068254596
5.21775e-07,-0.0068103803
5.21875e-07,-0.0067938649
5.21975e-07,-0.0067787856
5.22075e-07,-0.0067680147
5.22175e-07,-0.0067608341
5.22275e-07,-0.0067514993
5.22375e-07,-0.006735702
5.22475e-07,-0.0067105699
5.22575e-07,-0.0066782571
5.22675e-07,-0.0066473805
5.22775e-07,-0.0066258387
5.22875e-07,-0.0066186581
5.22975e-07,-0.0066244026
5.23075e-07,-0.0066330193
5.23175e-07,-0.0066337374
5.23275e-07,-0.0066186581
5.23375e-07,-0.0065870634
5.23475e-07,-0.0065475701
5.23575e-07,-0.0065131032
5.23675e-07,-0.0064922794
5.23775e-07,-0.006487971
5.23875e-07,-0.0064944336
5.23975e-07,-0.006498742
5.24075e-07,-0.0064922794
5.24175e-07,-0.0064721737
5.24275e-07,-0.0064463235
5.24375e-07,-0.0064262178
5.24475e-07,-0.0064233456
5.24575e-07,-0.0064412971
5.24675e-07,-0.006475046
5.24775e-07,-0.006511667
5.24875e-07,-0.0065382353
5.24975e-07,-0.0065475701
5.25075e-07,-0.0065432617
5.25175e-07,-0.0065324908
5.25275e-07,-0.0065267463
5.25375e-07,-0.0065317727
5.25475e-07,-0.0065454159
5.25575e-07,-0.0065619313
5.25675e-07,-0.0065727022
5.25775e-07,-0.0065748564
5.25875e-07,-0.0065727022
5.25975e-07,-0.0065734203
5.26075e-07,-0.0065841912
5.26175e-07,-0.0066071691
5.26275e-07,-0.0066373277
5.26375e-07,-0.0066631778
5.26475e-07,-0.0066761029
5.26575e-07,-0.0066739488
5.26675e-07,-0.0066624598
5.26775e-07,-0.0066516889
5.26875e-07,-0.006653125
5.26975e-07,-0.0066703585
5.27075e-07,-0.0066983628
5.27175e-07,-0.0067263672
5.27275e-07,-0.0067450368
5.27375e-07,-0.0067486271
5.27475e-07,-0.0067421645
5.27575e-07,-0.0067335478
5.27675e-07,-0.0067335478
5.27775e-07,-0.0067464729
5.27875e-07,-0.0067687328
5.27975e-07,-0.0067902746
5.28075e-07,-0.0068024816
5.28175e-07,-0.0068010455
5.28275e-07,-0.0067902746
5.28375e-07,-0.0067802217
5.28475e-07,-0.0067795037
5.28575e-07,-0.0067917107
5.28675e-07,-0.0068125345
5.28775e-07,-0.006831204
5.28875e-07,-0.0068369485
5.28975e-07,-0.0068254596
5.29075e-07,-0.0068024816
5.29175e-07,-0.0067795037
5.29275e-07,-0.0067680147
5.29375e-07,-0.0067744773
5.29475e-07,-0.006795301
5.29575e-07,-0.0068204331
5.29675e-07,-0.0068369485
5.29775e-07,-0.0068376666
5.29875e-07,-0.0068240234
5.29975e-07,-0.0068046358
5.30075e-07,-0.0067909926
5.30175e-07,-0.0067888385
5.30275e-07,-0.0067974552
5.30375e-07,-0.0068096622
5.30475e-07,-0.0068139706
5.30575e-07,-0.0068053539
5.30675e-07,-0.0067852482
5.30775e-07,-0.0067622702
5.30875e-07,-0.0067450368
5.30975e-07,-0.0067407284
5.31075e-07,-0.0067486271
5.31175e-07,-0.0067608341
5.31275e-07,-0.0067680147
5.31375e-07,-0.0067629883
5.31475e-07,-0.0067450368
5.31575e-07,-0.0067206227
5.31675e-07,-0.0066990809
5.31775e-07,-0.0066868739
5.31875e-07,-0.0066861558
5.31975e-07,-0.0066919003
5.32075e-07,-0.0066990809
5.32175e-07,-0.0067026712
5.32275e-07,-0.0067012351
5.32375e-07,-0.0066990809
5.32475e-07,-0.0066990809
5.32575e-07,-0.0067033892
5.32675e-07,-0.0067098518
5.32775e-07,-0.0067134421
5.32875e-07,-0.0067105699
5.32975e-07,-0.0066997989
5.33075e-07,-0.0066854377
5.33175e-07,-0.0066717946
5.33275e-07,-0.006664614
5.33375e-07,-0.0066631778
5.33475e-07,-0.0066624598
5.33575e-07,-0.0066567153
5.33675e-07,-0.006641636
5.33775e-07,-0.0066186581
5.33875e-07,-0.0065949621
5.33975e-07,-0.0065813189
5.34075e-07,-0.0065841912
5.34175e-07,-0.0066042969
5.34275e-07,-0.0066337374
5.34375e-07,-0.0066610237
5.34475e-07,-0.0066761029
5.34575e-07,-0.0066753849
5.34675e-07,-0.0066631778
5.34775e-07,-0.0066488166
5.34875e-07,-0.006641636
5.34975e-07,-0.0066459444
5.35075e-07,-0.0066574334
5.35175e-07,-0.0066703585
5.35275e-07,-0.0066761029
5.35375e-07,-0.0066739488
5.35475e-07,-0.0066674862
5.35575e-07,-0.0066660501
5.35675e-07,-0.0066761029
5.35775e-07,-0.0066983628
5.35875e-07,-0.0067256491
5.35975e-07,-0.006747909
5.36075e-07,-0.0067565257
5.36175e-07,-0.0067500632
5.36275e-07,-0.0067349839
5.36375e-07,-0.0067227769
5.36475e-07,-0.0067220588
5.36575e-07,-0.00673642
5.36675e-07,-0.006760116
5.36775e-07,-0.0067823759
5.36875e-07,-0.0067909926
5.36975e-07,-0.006783094
5.37075e-07,-0.0067637063
5.37175e-07,-0.0067436006
5.37275e-07,-0.0067335478
5.37375e-07,-0.0067378562
5.37475e-07,-0.0067536535
5.37575e-07,-0.0067708869
5.37675e-07,-0.0067795037
5.37775e-07,-0.0067751953
5.37875e-07,-0.006760116
5.37975e-07,-0.0067436006
5.38075e-07,-0.0067335478
5.38175e-07,-0.0067342659
5.38275e-07,-0.0067414465
5.38375e-07,-0.006747909
5.38475e-07,-0.0067450368
5.38575e-07,-0.0067321117
5.38675e-07,-0.0067134421
5.38775e-07,-0.0066997989
5.38875e-07,-0.0066990809
5.38975e-07,-0.006712724
5.39075e-07,-0.0067342659
5.39175e-07,-0.0067522174
5.39275e-07,-0.0067565257
5.39375e-07,-0.0067443187
5.39475e-07,-0.0067227769
5.39575e-07,-0.0067033892
5.39675e-07,-0.0066990809
5.39775e-07,-0.0067141602
5.39875e-07,-0.0067428826
5.39975e-07,-0.0067723231
5.40075e-07,-0.0067909926
5.40175e-07,-0.0067909926
5.40275e-07,-0.0067759134
5.40375e-07,-0.0067565257
5.40475e-07,-0.0067450368
5.40575e-07,-0.006747909
5.40675e-07,-0.0067622702
5.40775e-07,-0.0067802217
5.40875e-07,-0.0067909926
5.40975e-07,-0.0067881204
5.41075e-07,-0.0067751953
5.41175e-07,-0.0067608341
5.41275e-07,-0.0067565257
5.41375e-07,-0.0067687328
5.41475e-07,-0.006794583
5.41575e-07,-0.0068247415
5.41675e-07,-0.0068484375
5.41775e-07,-0.0068570542
5.41875e-07,-0.0068513097
5.41975e-07,-0.0068376666
5.42075e-07,-0.0068254596
5.42175e-07,-0.0068225873
5.42275e-07,-0.0068283318
5.42375e-07,-0.0068398208
5.42475e-07,-0.0068484375
5.42575e-07,-0.0068498736
5.42675e-07,-0.0068434111
5.42775e-07,-0.0068340763
5.42875e-07,-0.0068254596
5.42975e-07,-0.0068204331
5.43075e-07,-0.0068175609
5.43175e-07,-0.0068125345
5.43275e-07,-0.0068024816
5.43375e-07,-0.0067895565
5.43475e-07,-0.0067787856
5.43575e-07,-0.0067787856
5.43675e-07,-0.0067909926
5.43775e-07,-0.0068125345
5.43875e-07,-0.0068333582
5.43975e-07,-0.0068405388
5.44075e-07,-0.0068254596
5.44175e-07,-0.0067888385
5.44275e-07,-0.0067414465
5.44375e-07,-0.0066990809
5.44475e-07,-0.0066761029
5.44575e-07,-0.006676821
5.44675e-07,-0.0066962086
5.44775e-07,-0.0067191866
5.44875e-07,-0.0067335478
5.44975e-07,-0.0067306756
5.45075e-07,-0.0067134421
5.45175e-07,-0.0066911822
5.45275e-07,-0.0066761029
5.45375e-07,-0.0066746668
5.45475e-07,-0.0066854377
5.45575e-07,-0.006700517
5.45675e-07,-0.0067105699
5.45775e-07,-0.0067098518
5.45875e-07,-0.006700517
5.45975e-07,-0.0066904642
5.46075e-07,-0.0066875919
5.46175e-07,-0.0066947725
5.46275e-07,-0.0067084157
5.46375e-07,-0.0067206227
5.46475e-07,-0.0067220588
5.46575e-07,-0.006712006
5.46675e-07,-0.0066954906
5.46775e-07,-0.0066840016
5.46875e-07,-0.0066875919
5.46975e-07,-0.0067084157
5.47075e-07,-0.0067400103
5.47175e-07,-0.0067687328
5.47275e-07,-0.0067795037
5.47375e-07,-0.0067658605
5.47475e-07,-0.0067306756
5.47575e-07,-0.00668831
5.47675e-07,-0.006653125
5.47775e-07,-0.0066373277
5.47875e-07,-0.006641636
5.47975e-07,-0.0066588695
5.48075e-07,-0.0066761029
5.48175e-07,-0.0066818474
5.48275e-07,-0.0066725126
5.48375e-07,-0.0066524069
5.48475e-07,-0.0066301471
5.48575e-07,-0.0066150678
5.48675e-07,-0.0066107594
5.48775e-07,-0.0066136317
5.48875e-07,-0.0066186581
5.48975e-07,-0.0066186581
5.49075e-07,-0.0066107594
5.49175e-07,-0.0065978343
5.49275e-07,-0.0065841912
5.49375e-07,-0.0065734203
5.49475e-07,-0.0065676758
5.49575e-07,-0.0065640855
5.49675e-07,-0.0065612132
5.49775e-07,-0.0065576229
5.49875e-07,-0.0065547507
5.49975e-07,-0.0065554687
5.50075e-07,-0.0065612132
5.50175e-07,-0.0065712661
5.50275e-07,-0.0065806009
5.50375e-07,-0.006582037
5.50475e-07,-0.0065727022
5.50575e-07,-0.0065525965
5.50675e-07,-0.0065289005
5.50775e-07,-0.0065102309
5.50875e-07,-0.0065037684
5.50975e-07,-0.006511667
5.51075e-07,-0.0065274644
5.51175e-07,-0.0065432617
5.51275e-07,-0.0065497243
5.51375e-07,-0.0065446978
5.51475e-07,-0.0065310547
5.51575e-07,-0.0065188477
5.51675e-07,-0.0065152574
5.51775e-07,-0.0065238741
5.51875e-07,-0.0065425437
5.51975e-07,-0.0065612132
5.52075e-07,-0.0065727022
5.52175e-07,-0.0065712661
5.52275e-07,-0.0065590591
5.52375e-07,-0.0065418256
5.52475e-07,-0.0065267463
5.52575e-07,-0.0065174115
5.52675e-07,-0.0065131032
5.52775e-07,-0.0065102309
5.52875e-07,-0.0065037684
5.52975e-07,-0.0064944336
5.53075e-07,-0.0064850988
5.53175e-07,-0.0064829446
5.53275e-07,-0.0064922794
5.53375e-07,-0.0065131032
5.53475e-07,-0.0065389534
5.53575e-07,-0.0065619313
5.53675e-07,-0.0065727022
5.53775e-07,-0.006570548
5.53875e-07,-0.006558341
5.53975e-07,-0.0065454159
5.54075e-07,-0.0065382353
5.54175e-07,-0.0065396714
5.54275e-07,-0.0065475701
5.54375e-07,-0.0065561868
5.54475e-07,-0.0065612132
5.54575e-07,-0.0065633674
5.54675e-07,-0.0065683938
5.54775e-07,-0.006582037
5.54875e-07,-0.0066071691
5.54975e-07,-0.006640918
5.55075e-07,-0.0066746668
5.55175e-07,-0.0066962086
5.55275e-07,-0.0066990809
5.55375e-07,-0.0066854377
5.55475e-07,-0.006664614
5.55575e-07,-0.0066509708
5.55675e-07,-0.006653125
5.55775e-07,-0.0066732307
5.55875e-07,-0.0067033892
5.55975e-07,-0.0067306756
5.56075e-07,-0.0067450368
5.56175e-07,-0.0067443187
5.56275e-07,-0.0067342659
5.56375e-07,-0.0067278033
5.56475e-07,-0.0067335478
5.56575e-07,-0.0067543716
5.56675e-07,-0.0067823759
5.56775e-07,-0.0068060719
5.56875e-07,-0.0068139706
5.56975e-07,-0.0068039177
5.57075e-07,-0.0067823759
5.57175e-07,-0.0067629883
5.57275e-07,-0.0067565257
5.57375e-07,-0.0067665786
5.57475e-07,-0.0067874023
5.57575e-07,-0.00680679
5.57675e-07,-0.0068139706
5.57775e-07,-0.0068060719
5.57875e-07,-0.0067888385
5.57975e-07,-0.0067766314
5.58075e-07,-0.0067795037
5.58175e-07,-0.0068017636
5.58275e-07,-0.0068362305
5.58375e-07,-0.0068678251
5.58475e-07,-0.0068829044
5.58575e-07,-0.0068750057
5.58675e-07,-0.0068498736
5.58775e-07,-0.0068211512
5.58875e-07,-0.0068024816
5.58975e-07,-0.0068031997
5.59075e-07,-0.0068197151
5.59175e-07,-0.0068434111
5.59275e-07,-0.0068599265
5.59375e-07,-0.0068620807
5.59475e-07,-0.0068513097
5.59575e-07,-0.0068355124
5.59675e-07,-0.0068254596
5.59775e-07,-0.0068268957
5.59875e-07,-0.0068391027
5.59975e-07,-0.0068527459
5.60075e-07,-0.0068599265
5.60175e-07,-0.0068556181
5.60275e-07,-0.0068434111
5.60375e-07,-0.006830486
5.60475e-07,-0.0068254596
5.60575e-07,-0.006830486
5.60675e-07,-0.006841975
5.60775e-07,-0.0068505917
5.60875e-07,-0.0068484375
5.60975e-07,-0.0068333582
5.61075e-07,-0.0068118164
5.61175e-07,-0.006794583
5.61275e-07,-0.0067909926
5.61375e-07,-0.0068039177
5.61475e-07,-0.0068276137
5.61575e-07,-0.0068491556
5.61675e-07,-0.0068599265
5.61775e-07,-0.0068556181
5.61875e-07,-0.0068412569
5.61975e-07,-0.0068283318
5.62075e-07,-0.0068254596
5.62175e-07,-0.0068362305
5.62275e-07,-0.006854182
5.62375e-07,-0.0068692613
5.62475e-07,-0.0068714154
5.62575e-07,-0.0068599265
5.62675e-07,-0.006842693
5.62775e-07,-0.0068319221
5.62875e-07,-0.0068369485
5.62975e-07,-0.0068599265
5.63075e-07,-0.0068908031
5.63175e-07,-0.0069144991
5.63275e-07,-0.0069173713
5.63375e-07,-0.0068972656
5.63475e-07,-0.0068620807
5.63575e-07,-0.0068290499
5.63675e-07,-0.0068139706
5.63775e-07,-0.0068233054
5.63875e-07,-0.0068498736
5.63975e-07,-0.0068793141
5.64075e-07,-0.0068943934
5.64175e-07,-0.0068872128
5.64275e-07,-0.0068613626
5.64375e-07,-0.0068319221
5.64475e-07,-0.0068139706
5.64575e-07,-0.0068175609
5.64675e-07,-0.0068412569
5.64775e-07,-0.0068721335
5.64875e-07,-0.0068943934
5.64975e-07,-0.0068979837
5.65075e-07,-0.0068843405
5.65175e-07,-0.0068627987
5.65275e-07,-0.0068484375
5.65375e-07,-0.0068527459
5.65475e-07,-0.0068757238
5.65575e-07,-0.0069094727
5.65675e-07,-0.0069403493
5.65775e-07,-0.0069583008
5.65875e-07,-0.0069618911
5.65975e-07,-0.0069561466
5.66075e-07,-0.0069518382
5.66175e-07,-0.0069575827
5.66275e-07,-0.0069733801
5.66375e-07,-0.0069942038
5.66475e-07,-0.0070092831
5.66575e-07,-0.0070114373
5.66675e-07,-0.0069992302
5.66775e-07,-0.0069798426
5.66875e-07,-0.0069633272
5.66975e-07,-0.0069575827
5.67075e-07,-0.0069647633
5.67175e-07,-0.0069812787
5.67275e-07,-0.0069977941
5.67375e-07,-0.0070092831
5.67475e-07,-0.0070135915
5.67575e-07,-0.0070157456
5.67675e-07,-0.0070207721
5.67775e-07,-0.0070336972
5.67875e-07,-0.0070538028
5.67975e-07,-0.0070746266
5.68075e-07,-0.0070897059
5.68175e-07,-0.0070940142
5.68275e-07,-0.0070875517
5.68375e-07,-0.0070760627
5.68475e-07,-0.0070667279
5.68575e-07,-0.0070660099
5.68675e-07,-0.0070739085
5.68775e-07,-0.0070875517
5.68875e-07,-0.0071011949
5.68975e-07,-0.0071112477
5.69075e-07,-0.0071184283
5.69175e-07,-0.0071248909
5.69275e-07,-0.0071356618
5.69375e-07,-0.0071514591
5.69475e-07,-0.0071701287
5.69575e-07,-0.007185926
5.69675e-07,-0.0071931066
5.69775e-07,-0.0071887983
5.69875e-07,-0.0071751551
5.69975e-07,-0.0071586397
5.70075e-07,-0.0071471507
5.70175e-07,-0.0071442785
5.70275e-07,-0.007150023
5.70375e-07,-0.0071600758
5.70475e-07,-0.0071701287
5.70575e-07,-0.0071773093
5.70675e-07,-0.0071816176
5.70775e-07,-0.007185926
5.70875e-07,-0.0071931066
5.70975e-07,-0.0072031595
5.71075e-07,-0.0072132123
5.71175e-07,-0.0072182387
5.71275e-07,-0.0072160846
5.71375e-07,-0.0072060317
5.71475e-07,-0.0071938247
5.71575e-07,-0.0071837718
5.71675e-07,-0.0071816176
5.71775e-07,-0.007185926
5.71875e-07,-0.0071931066
5.71975e-07,-0.0071966969
5.72075e-07,-0.0071931066
5.72175e-07,-0.0071823357
5.72275e-07,-0.0071708467
5.72375e-07,-0.0071651023
5.72475e-07,-0.0071701287
5.72575e-07,-0.0071837718
5.72675e-07,-0.007197415
5.72775e-07,-0.0072031595
5.72875e-07,-0.0071931066
5.72975e-07,-0.0071679745
5.73075e-07,-0.0071349437
5.73175e-07,-0.0071055032
5.73275e-07,-0.0070897059
5.73375e-07,-0.0070897059
5.73475e-07,-0.0071004768
5.73575e-07,-0.0071112477
5.73675e-07,-0.0071126838
5.73775e-07,-0.0071019129
5.73875e-07,-0.0070818072
5.73975e-07,-0.0070638557
5.74075e-07,-0.007055239
5.74175e-07,-0.0070602654
5.74275e-07,-0.0070746266
5.74375e-07,-0.0070875517
5.74475e-07,-0.0070897059
5.74575e-07,-0.0070753447
5.74675e-07,-0.0070487764
5.74775e-07,-0.0070193359
5.74875e-07,-0.0069977941
5.74975e-07,-0.0069906135
5.75075e-07,-0.0069956399
5.75175e-07,-0.0070056928
5.75275e-07,-0.0070092831
5.75375e-07,-0.0070006664
5.75475e-07,-0.0069805607
5.75575e-07,-0.0069568647
5.75675e-07,-0.0069403493
5.75775e-07,-0.0069389131
5.75875e-07,-0.0069532744
5.75975e-07,-0.0069762523
5.76075e-07,-0.0069977941
5.76175e-07,-0.007008565
5.76275e-07,-0.0070042567
5.76375e-07,-0.0069870232
5.76475e-07,-0.0069633272
5.76575e-07,-0.0069410673
5.76675e-07,-0.0069238339
5.76775e-07,-0.006913063
5.76875e-07,-0.0069058824
5.76975e-07,-0.0069001379
5.77075e-07,-0.0068951114
5.77175e-07,-0.0068929573
5.77275e-07,-0.0068943934
5.77375e-07,-0.0069001379
5.77475e-07,-0.0069051643
5.77575e-07,-0.0069051643
5.77675e-07,-0.0068943934
5.77775e-07,-0.0068706974
5.77875e-07,-0.0068391027
5.77975e-07,-0.0068053539
5.78075e-07,-0.0067795037
5.78175e-07,-0.0067658605
5.78275e-07,-0.0067651425
5.78375e-07,-0.006771605
5.78475e-07,-0.0067795037
5.78575e-07,-0.0067823759
5.78675e-07,-0.0067795037
5.78775e-07,-0.0067730411
5.78875e-07,-0.0067680147
5.78975e-07,-0.0067665786
5.79075e-07,-0.0067687328
5.79175e-07,-0.0067708869
5.79275e-07,-0.0067680147
5.79375e-07,-0.0067572438
5.79475e-07,-0.0067385742
5.79575e-07,-0.0067170324
5.79675e-07,-0.0066990809
5.79775e-07,-0.0066897461
5.79875e-07,-0.0066904642
5.79975e-07,-0.0066990809
5.80075e-07,-0.0067105699
5.80175e-07,-0.0067199046
5.80275e-07,-0.0067249311
5.80375e-07,-0.0067249311
5.80475e-07,-0.0067220588
5.80575e-07,-0.0067184685
5.80675e-07,-0.0067155963
5.80775e-07,-0.006712724
5.80875e-07,-0.0067105699
5.80975e-07,-0.0067084157
5.81075e-07,-0.0067069795
5.81175e-07,-0.0067076976
5.81275e-07,-0.0067105699
5.81375e-07,-0.0067148782
5.81475e-07,-0.0067191866
5.81575e-07,-0.0067213408
5.81675e-07,-0.0067220588
5.81775e-07,-0.0067220588
5.81875e-07,-0.0067249311
5.81975e-07,-0.0067328297
5.82075e-07,-0.0067450368
5.82175e-07,-0.0067586799
5.82275e-07,-0.0067687328
5.82375e-07,-0.006771605
5.82475e-07,-0.0067680147
5.82575e-07,-0.0067608341
5.82675e-07,-0.0067572438
5.82775e-07,-0.0067629883
5.82875e-07,-0.0067795037
5.82975e-07,-0.0068024816
5.83075e-07,-0.0068247415
5.83175e-07,-0.0068376666
5.83275e-07,-0.0068369485
5.83375e-07,-0.0068254596
5.83475e-07,-0.0068110983
5.83575e-07,-0.0068017636
5.83675e-07,-0.0068024816
5.83775e-07,-0.0068125345
5.83875e-07,-0.0068247415
5.83975e-07,-0.006830486
5.84075e-07,-0.0068254596
5.84175e-07,-0.0068110983
5.84275e-07,-0.006794583
5.84375e-07,-0.0067859662
5.84475e-07,-0.0067909926
5.84575e-07,-0.0068089442
5.84675e-07,-0.006831204
5.84775e-07,-0.0068462833
5.84875e-07,-0.0068484375
5.84975e-07,-0.0068369485
5.85075e-07,-0.0068197151
5.85175e-07,-0.0068089442
5.85275e-07,-0.0068139706
5.85375e-07,-0.0068355124
5.85475e-07,-0.0068649529
5.85575e-07,-0.0068879308
5.85675e-07,-0.0068943934
5.85775e-07,-0.0068793141
5.85875e-07,-0.0068498736
5.85975e-07,-0.006818997
5.86075e-07,-0.0068024816
5.86175e-07,-0.006807508
5.86275e-07,-0.0068319221
5.86375e-07,-0.006865671
5.86475e-07,-0.0068943934
5.86575e-07,-0.0069094727
5.86675e-07,-0.0069094727
5.86775e-07,-0.006901574
5.86875e-07,-0.0068943934
5.86975e-07,-0.0068958295
5.87075e-07,-0.0069066004
5.87175e-07,-0.0069202436
5.87275e-07,-0.0069288603
5.87375e-07,-0.0069259881
5.87475e-07,-0.0069123449
5.87575e-07,-0.0068951114
5.87675e-07,-0.0068829044
5.87775e-07,-0.0068814683
5.87875e-07,-0.0068915211
5.87975e-07,-0.0069066004
5.88075e-07,-0.0069173713
5.88175e-07,-0.0069173713
5.88275e-07,-0.0069051643
5.88375e-07,-0.0068872128
5.88475e-07,-0.0068714154
5.88575e-07,-0.0068649529
5.88675e-07,-0.0068699793
5.88775e-07,-0.0068829044
5.88875e-07,-0.0068943934
5.88975e-07,-0.0068987017
5.89075e-07,-0.0068922392
5.89175e-07,-0.0068771599
5.89275e-07,-0.0068599265
5.89375e-07,-0.0068455653
5.89475e-07,-0.0068383847
5.89575e-07,-0.0068362305
5.89675e-07,-0.0068369485
5.89775e-07,-0.0068362305
5.89875e-07,-0.0068333582
5.89975e-07,-0.0068290499
5.90075e-07,-0.0068254596
5.90175e-07,-0.0068247415
5.90275e-07,-0.0068268957
5.90375e-07,-0.0068283318
5.90475e-07,-0.0068254596
5.90575e-07,-0.0068168428
5.90675e-07,-0.0068039177
5.90775e-07,-0.0067895565
5.90875e-07,-0.0067795037
5.90975e-07,-0.0067766314
5.91075e-07,-0.0067823759
5.91175e-07,-0.006795301
5.91275e-07,-0.0068139706
5.91375e-07,-0.0068355124
5.91475e-07,-0.0068584903
5.91575e-07,-0.0068829044
5.91675e-07,-0.0069058824
5.91775e-07,-0.0069245519
5.91875e-07,-0.0069360409
5.91975e-07,-0.006936759
5.92075e-07,-0.0069288603
5.92175e-07,-0.0069159352
5.92275e-07,-0.0069066004
5.92375e-07,-0.0069058824
5.92475e-07,-0.0069173713
5.92575e-07,-0.006937477
5.92675e-07,-0.0069590188
5.92775e-07,-0.0069733801
5.92875e-07,-0.0069748162
5.92975e-07,-0.0069640453
5.93075e-07,-0.0069475299
5.93175e-07,-0.0069331687
5.93275e-07,-0.0069288603
5.93375e-07,-0.0069346048
5.93475e-07,-0.0069446576
5.93575e-07,-0.0069525563
5.93675e-07,-0.0069518382
5.93775e-07,-0.0069417854
5.93875e-07,-0.0069274242
5.93975e-07,-0.0069173713
5.94075e-07,-0.0069173713
5.94175e-07,-0.0069281422
5.94275e-07,-0.0069453757
5.94375e-07,-0.0069597369
5.94475e-07,-0.0069633272
5.94575e-07,-0.0069547105
5.94675e-07,-0.0069389131
5.94775e-07,-0.0069238339
5.94875e-07,-0.0069173713
5.94975e-07,-0.0069223977
5.95075e-07,-0.0069353228
5.95175e-07,-0.0069475299
5.95275e-07,-0.0069518382
5.95375e-07,-0.0069432215
5.95475e-07,-0.00692527
5.95575e-07,-0.006902292
5.95675e-07,-0.0068829044
5.95775e-07,-0.0068699793
5.95875e-07,-0.0068620807
5.95975e-07,-0.0068556181
5.96075e-07,-0.0068484375
5.96175e-07,-0.0068398208
5.96275e-07,-0.0068340763
5.96375e-07,-0.0068362305
5.96475e-07,-0.0068484375
5.96575e-07,-0.0068671071
5.96675e-07,-0.0068836225
5.96775e-07,-0.0068872128
5.96875e-07,-0.0068714154
5.96975e-07,-0.0068376666
5.97075e-07,-0.0067967371
5.97175e-07,-0.0067615522
5.97275e-07,-0.0067450368
5.97375e-07,-0.0067500632
5.97475e-07,-0.0067708869
5.97575e-07,-0.0067960191
5.97675e-07,-0.0068139706
5.97775e-07,-0.006818997
5.97875e-07,-0.0068146886
5.97975e-07,-0.0068096622
5.98075e-07,-0.0068139706
5.98175e-07,-0.006831204
5.98275e-07,-0.0068577723
5.98375e-07,-0.0068821864
5.98475e-07,-0.0068943934
5.98575e-07,-0.0068886489
5.98675e-07,-0.0068678251
5.98775e-07,-0.006842693
5.98875e-07,-0.0068254596
5.98975e-07,-0.0068233054
5.99075e-07,-0.0068376666
5.99175e-07,-0.0068606445
5.99275e-07,-0.0068829044
5.99375e-07,-0.0068965476
5.99475e-07,-0.0069001379
5.99575e-07,-0.0068972656
5.99675e-07,-0.0068943934
5.99775e-07,-0.0068958295
5.99875e-07,-0.0069030101
5.99975e-07,-0.0069116268
6.00075e-07,-0.0069173713
6.00175e-07,-0.0069173713
6.00275e-07,-0.006913063
6.00375e-07,-0.0069080365
6.00475e-07,-0.0069058824
6.00575e-07,-0.0069066004
6.00675e-07,-0.0069080365
6.00775e-07,-0.0069044462
6.00875e-07,-0.0068943934
6.00975e-07,-0.0068793141
6.01075e-07,-0.006866389
6.01175e-07,-0.0068627987
6.01275e-07,-0.0068714154
6.01375e-07,-0.006890085
6.01475e-07,-0.0069094727
6.01575e-07,-0.0069180894
6.01675e-07,-0.0069058824
6.01775e-07,-0.0068742877
6.01875e-07,-0.006831204
6.01975e-07,-0.0067917107
6.02075e-07,-0.0067680147
6.02175e-07,-0.0067651425
6.02275e-07,-0.0067787856
6.02375e-07,-0.0067988913
6.02475e-07,-0.0068139706
6.02575e-07,-0.006818279
6.02675e-07,-0.0068132525
6.02775e-07,-0.0068053539
6.02875e-07,-0.0068024816
6.02975e-07,-0.00680679
6.03075e-07,-0.0068154067
6.03175e-07,-0.0068197151
6.03275e-07,-0.0068139706
6.03375e-07,-0.0067960191
6.03475e-07,-0.0067730411
6.03575e-07,-0.0067529354
6.03675e-07,-0.0067450368
6.03775e-07,-0.0067507812
6.03875e-07,-0.0067629883
6.03975e-07,-0.0067723231
6.04075e-07,-0.0067680147
6.04175e-07,-0.0067486271
6.04275e-07,-0.0067206227
6.04375e-07,-0.0066962086
6.04475e-07,-0.0066875919
6.04575e-07,-0.0066976448
6.04675e-07,-0.0067213408
6.04775e-07,-0.0067457548
6.04875e-07,-0.0067565257
6.04975e-07,-0.006747909
6.05075e-07,-0.0067213408
6.05175e-07,-0.0066897461
6.05275e-07,-0.006664614
6.05375e-07,-0.0066552792
6.05475e-07,-0.0066610237
6.05575e-07,-0.0066753849
6.05675e-07,-0.0066875919
6.05775e-07,-0.0066897461
6.05875e-07,-0.0066825655
6.05975e-07,-0.0066717946
6.06075e-07,-0.006664614
6.06175e-07,-0.0066667682
6.06275e-07,-0.0066782571
6.06375e-07,-0.0066911822
6.06475e-07,-0.0066990809
6.06575e-07,-0.0066976448
6.06675e-07,-0.006689028
6.06775e-07,-0.0066789752
6.06875e-07,-0.0066761029
6.06975e-07,-0.0066832835
6.07075e-07,-0.0066983628
6.07175e-07,-0.0067134421
6.07275e-07,-0.0067220588
6.07375e-07,-0.0067191866
6.07475e-07,-0.0067084157
6.07575e-07,-0.0066947725
6.07675e-07,-0.0066875919
6.07775e-07,-0.0066897461
6.07875e-07,-0.006700517
6.07975e-07,-0.0067134421
6.08075e-07,-0.0067220588
6.08175e-07,-0.006724213
6.08275e-07,-0.0067213408
6.08375e-07,-0.0067191866
6.08475e-07,-0.0067220588
6.08575e-07,-0.0067306756
6.08675e-07,-0.0067414465
6.08775e-07,-0.0067471909
6.08875e-07,-0.0067450368
6.08975e-07,-0.006735702
6.09075e-07,-0.0067278033
6.09175e-07,-0.0067285214
6.09275e-07,-0.0067450368
6.09375e-07,-0.0067751953
6.09475e-07,-0.0068110983
6.09575e-07,-0.0068383847
6.09675e-07,-0.0068484375
6.09775e-07,-0.0068391027
6.09875e-07,-0.006818279
6.09975e-07,-0.0067988913
6.10075e-07,-0.0067909926
6.10175e-07,-0.0067996094
6.10275e-07,-0.006818997
6.10375e-07,-0.0068391027
6.10475e-07,-0.0068484375
6.10575e-07,-0.0068434111
6.10675e-07,-0.0068290499
6.10775e-07,-0.0068154067
6.10875e-07,-0.0068139706
6.10975e-07,-0.0068276137
6.11075e-07,-0.0068513097
6.11175e-07,-0.0068735696
6.11275e-07,-0.0068829044
6.11375e-07,-0.0068750057
6.11475e-07,-0.0068549
6.11575e-07,-0.0068347943
6.11675e-07,-0.0068254596
6.11775e-07,-0.0068347943
6.11875e-07,-0.0068584903
6.11975e-07,-0.0068864947
6.12075e-07,-0.0069058824
6.12175e-07,-0.0069087546
6.12275e-07,-0.0068958295
6.12375e-07,-0.0068764419
6.12475e-07,-0.0068599265
6.12575e-07,-0.0068549
6.12675e-07,-0.0068599265
6.12775e-07,-0.0068692613
6.12875e-07,-0.0068714154
6.12975e-07,-0.0068613626
6.13075e-07,-0.0068391027
6.13175e-07,-0.0068125345
6.13275e-07,-0.0067909926
6.13375e-07,-0.0067816579
6.13475e-07,-0.006783812
6.13575e-07,-0.0067938649
6.13675e-07,-0.0068024816
6.13775e-07,-0.0068039177
6.13875e-07,-0.0067981733
6.13975e-07,-0.0067881204
6.14075e-07,-0.0067795037
6.14175e-07,-0.0067759134
6.14275e-07,-0.0067759134
6.14375e-07,-0.0067751953
6.14475e-07,-0.0067680147
6.14575e-07,-0.0067536535
6.14675e-07,-0.0067349839
6.14775e-07,-0.0067184685
6.14875e-07,-0.0067105699
6.14975e-07,-0.0067134421
6.15075e-07,-0.0067234949
6.15175e-07,-0.00673642
6.15275e-07,-0.0067450368
6.15375e-07,-0.0067486271
6.15475e-07,-0.0067493451
6.15575e-07,-0.0067543716
6.15675e-07,-0.0067680147
6.15775e-07,-0.0067895565
6.15875e-07,-0.0068125345
6.15975e-07,-0.006830486
6.16075e-07,-0.0068369485
6.16175e-07,-0.006831204
6.16275e-07,-0.0068204331
6.16375e-07,-0.0068125345
6.16475e-07,-0.0068139706
6.16575e-07,-0.0068254596
6.16675e-07,-0.0068412569
6.16775e-07,-0.0068505917
6.16875e-07,-0.0068484375
6.16975e-07,-0.0068347943
6.17075e-07,-0.006818997
6.17175e-07,-0.0068125345
6.17275e-07,-0.0068254596
6.17375e-07,-0.0068584903
6.17475e-07,-0.006902292
6.17575e-07,-0.0069417854
6.17675e-07,-0.0069633272
6.17775e-07,-0.006961173
6.17875e-07,-0.0069410673
6.17975e-07,-0.006913781
6.18075e-07,-0.0068943934
6.18175e-07,-0.006890085
6.18275e-07,-0.0069001379
6.18375e-07,-0.0069166533
6.18475e-07,-0.0069288603
6.18575e-07,-0.0069310145
6.18675e-07,-0.00692527
6.18775e-07,-0.0069180894
6.18875e-07,-0.0069173713
6.18975e-07,-0.0069267061
6.19075e-07,-0.0069417854
6.19175e-07,-0.0069532744
6.19275e-07,-0.0069518382
6.19375e-07,-0.0069346048
6.19475e-07,-0.0069066004
6.19575e-07,-0.006877878
6.19675e-07,-0.0068599265
6.19775e-07,-0.0068592084
6.19875e-07,-0.0068735696
6.19975e-07,-0.0068929573
6.20075e-07,-0.0069058824
6.20175e-07,-0.0069051643
6.20275e-07,-0.0068915211
6.20375e-07,-0.0068692613
6.20475e-07,-0.0068484375
6.20575e-07,-0.0068340763
6.20675e-07,-0.0068268957
6.20775e-07,-0.0068218693
6.20875e-07,-0.0068139706
6.20975e-07,-0.0067996094
6.21075e-07,-0.0067816579
6.21175e-07,-0.0067651425
6.21275e-07,-0.0067565257
6.21375e-07,-0.0067565257
6.21475e-07,-0.0067622702
6.21575e-07,-0.0067672966
6.21675e-07,-0.0067680147
6.21775e-07,-0.0067637063
6.21875e-07,-0.0067615522
6.21975e-07,-0.0067687328
6.22075e-07,-0.0067909926
6.22175e-07,-0.0068254596
6.22275e-07,-0.0068627987
6.22375e-07,-0.006889367
6.22475e-07,-0.0068943934
6.22575e-07,-0.0068764419
6.22675e-07,-0.0068441291
6.22775e-07,-0.0068110983
6.22875e-07,-0.0067909926
6.22975e-07,-0.0067917107
6.23075e-07,-0.0068096622
6.23175e-07,-0.0068362305
6.23275e-07,-0.0068599265
6.23375e-07,-0.0068742877
6.23475e-07,-0.0068807502
6.23575e-07,-0.0068850586
6.23675e-07,-0.0068943934
6.23775e-07,-0.0069109088
6.23875e-07,-0.0069295784
6.23975e-07,-0.0069417854
6.24075e-07,-0.0069403493
6.24175e-07,-0.0069223977
6.24275e-07,-0.0068943934
6.24375e-07,-0.006866389
6.24475e-07,-0.0068484375
6.24575e-07,-0.0068434111
6.24675e-07,-0.0068484375
6.24775e-07,-0.0068527459
6.24875e-07,-0.0068484375
6.24975e-07,-0.0068326402
6.25075e-07,-0.0068096622
6.25175e-07,-0.0067895565
6.25275e-07,-0.0067795037
6.25375e-07,-0.0067823759
6.25475e-07,-0.0067917107
6.25575e-07,-0.0067974552
6.25675e-07,-0.0067909926
6.25775e-07,-0.0067708869
6.25875e-07,-0.0067436006
6.25975e-07,-0.0067199046
6.26075e-07,-0.0067105699
6.26175e-07,-0.0067184685
6.26275e-07,-0.0067378562
6.26375e-07,-0.0067579619
6.26475e-07,-0.0067680147
6.26575e-07,-0.0067651425
6.26675e-07,-0.0067536535
6.26775e-07,-0.0067443187
6.26875e-07,-0.0067450368
6.26975e-07,-0.0067579619
6.27075e-07,-0.0067773495
6.27175e-07,-0.0067909926
6.27275e-07,-0.0067909926
6.27375e-07,-0.0067751953
6.27475e-07,-0.0067529354
6.27575e-07,-0.0067349839
6.27675e-07,-0.0067335478
6.27775e-07,-0.0067500632
6.27875e-07,-0.0067780676
6.27975e-07,-0.0068031997
6.28075e-07,-0.0068139706
6.28175e-07,-0.0068082261
6.28275e-07,-0.0067938649
6.28375e-07,-0.006783812
6.28475e-07,-0.0067909926
6.28575e-07,-0.006818279
6.28675e-07,-0.0068563362
6.28775e-07,-0.0068908031
6.28875e-07,-0.0069058824
6.28975e-07,-0.0068958295
6.29075e-07,-0.006866389
6.29175e-07,-0.0068340763
6.29275e-07,-0.0068139706
6.29375e-07,-0.0068154067
6.29475e-07,-0.0068362305
6.29575e-07,-0.0068635168
6.29675e-07,-0.0068829044
6.29775e-07,-0.0068864947
6.29875e-07,-0.0068750057
6.29975e-07,-0.0068584903
6.30075e-07,-0.0068484375
6.30175e-07,-0.0068520278
6.30275e-07,-0.0068671071
6.30375e-07,-0.0068850586
6.30475e-07,-0.0068943934
6.30575e-07,-0.006890085
6.30675e-07,-0.0068728516
6.30775e-07,-0.0068527459
6.30875e-07,-0.0068369485
6.30975e-07,-0.006831204
6.31075e-07,-0.0068319221
6.31175e-07,-0.0068326402
6.31275e-07,-0.0068254596
6.31375e-07,-0.0068089442
6.31475e-07,-0.0067895565
6.31575e-07,-0.0067773495
6.31675e-07,-0.0067795037
6.31775e-07,-0.0067967371
6.31875e-07,-0.0068204331
6.31975e-07,-0.0068369485
6.32075e-07,-0.0068369485
6.32175e-07,-0.0068175609
6.32275e-07,-0.0067859662
6.32375e-07,-0.0067579619
6.32475e-07,-0.0067450368
6.32575e-07,-0.0067507812
6.32675e-07,-0.0067694508
6.32775e-07,-0.0067866843
6.32875e-07,-0.0067909926
6.32975e-07,-0.0067780676
6.33075e-07,-0.0067558077
6.33175e-07,-0.00673642
6.33275e-07,-0.0067335478
6.33375e-07,-0.0067500632
6.33475e-07,-0.0067787856
6.33575e-07,-0.0068053539
6.33675e-07,-0.0068139706
6.33775e-07,-0.0067996094
6.33875e-07,-0.0067680147
6.33975e-07,-0.0067328297
6.34075e-07,-0.0067105699
6.34175e-07,-0.0067076976
6.34275e-07,-0.0067213408
6.34375e-07,-0.0067378562
6.34475e-07,-0.0067450368
6.34575e-07,-0.006735702
6.34675e-07,-0.006712724
6.34775e-07,-0.006689028
6.34875e-07,-0.0066761029
6.34975e-07,-0.0066811294
6.35075e-07,-0.0066990809
6.35175e-07,-0.0067170324
6.35275e-07,-0.0067220588
6.35375e-07,-0.0067069795
6.35475e-07,-0.0066761029
6.35575e-07,-0.006641636
6.35675e-07,-0.0066186581
6.35775e-07,-0.0066157858
6.35875e-07,-0.0066301471
6.35975e-07,-0.0066509708
6.36075e-07,-0.006664614
6.36175e-07,-0.0066617417
6.36275e-07,-0.0066430722
6.36375e-07,-0.006617222
6.36475e-07,-0.0065956801
6.36575e-07,-0.0065870634
6.36675e-07,-0.0065920898
6.36775e-07,-0.0066014246
6.36875e-07,-0.0066071691
6.36975e-07,-0.0066021427
6.37075e-07,-0.0065877815
6.37175e-07,-0.0065712661
6.37275e-07,-0.0065612132
6.37375e-07,-0.0065626494
6.37475e-07,-0.0065719841
6.37575e-07,-0.006582037
6.37675e-07,-0.0065841912
6.37775e-07,-0.0065755744
6.37875e-07,-0.0065604952
6.37975e-07,-0.0065490062
6.38075e-07,-0.0065497243
6.38175e-07,-0.0065662397
6.38275e-07,-0.0065928079
6.38375e-07,-0.00661794
6.38475e-07,-0.0066301471
6.38575e-07,-0.0066236845
6.38675e-07,-0.0066021427
6.38775e-07,-0.0065770106
6.38875e-07,-0.0065612132
6.38975e-07,-0.0065612132
6.39075e-07,-0.0065748564
6.39175e-07,-0.006594244
6.39275e-07,-0.0066071691
6.39375e-07,-0.0066071691
6.39475e-07,-0.0065963982
6.39575e-07,-0.0065813189
6.39675e-07,-0.0065727022
6.39775e-07,-0.0065748564
6.39875e-07,-0.0065870634
6.39975e-07,-0.0066007066
6.40075e-07,-0.0066071691
6.40175e-07,-0.0066007066
6.40275e-07,-0.006582037
6.40375e-07,-0.0065590591
6.40475e-07,-0.0065382353
6.40575e-07,-0.0065253102
6.40675e-07,-0.0065181296
6.40775e-07,-0.0065131032
6.40875e-07,-0.0065037684
6.40975e-07,-0.0064908433
6.41075e-07,-0.0064779182
6.41175e-07,-0.0064728918
6.41275e-07,-0.0064807904
6.41375e-07,-0.0065023323
6.41475e-07,-0.0065289005
6.41575e-07,-0.0065518784
6.41675e-07,-0.0065612132
6.41775e-07,-0.0065561868
6.41875e-07,-0.0065425437
6.41975e-07,-0.0065296186
6.42075e-07,-0.0065267463
6.42175e-07,-0.0065353631
6.42275e-07,-0.0065497243
6.42375e-07,-0.0065604952
6.42475e-07,-0.0065612132
6.42575e-07,-0.0065518784
6.42675e-07,-0.0065396714
6.42775e-07,-0.0065360811
6.42875e-07,-0.0065497243
6.42975e-07,-0.0065798828
6.43075e-07,-0.00661794
6.43175e-07,-0.0066502528
6.43275e-07,-0.006664614
6.43375e-07,-0.0066595875
6.43475e-07,-0.0066423541
6.43575e-07,-0.0066251206
6.43675e-07,-0.0066186581
6.43775e-07,-0.0066258387
6.43875e-07,-0.0066394818
6.43975e-07,-0.0066473805
6.44075e-07,-0.006641636
6.44175e-07,-0.0066215303
6.44275e-07,-0.0065971163
6.44375e-07,-0.0065849092
6.44475e-07,-0.0065956801
6.44575e-07,-0.0066315832
6.44675e-07,-0.0066825655
6.44775e-07,-0.0067299575
6.44875e-07,-0.0067565257
6.44975e-07,-0.0067550896
6.45075e-07,-0.0067306756
6.45175e-07,-0.0066990809
6.45275e-07,-0.0066761029
6.45375e-07,-0.0066717946
6.45475e-07,-0.0066840016
6.45575e-07,-0.0067048254
6.45675e-07,-0.0067220588
6.45775e-07,-0.0067299575
6.45875e-07,-0.0067313936
6.45975e-07,-0.0067335478
6.46075e-07,-0.0067450368
6.46175e-07,-0.0067658605
6.46275e-07,-0.0067881204
6.46375e-07,-0.0067996094
6.46475e-07,-0.0067909926
6.46575e-07,-0.0067622702
6.46675e-07,-0.0067227769
6.46775e-07,-0.0066897461
6.46875e-07,-0.0066761029
6.46975e-07,-0.0066868739
6.47075e-07,-0.0067141602
6.47175e-07,-0.0067421645
6.47275e-07,-0.0067565257
6.47375e-07,-0.0067522174
6.47475e-07,-0.0067349839
6.47575e-07,-0.0067206227
6.47675e-07,-0.0067220588
6.47775e-07,-0.0067450368
6.47875e-07,-0.0067823759
6.47975e-07,-0.006818279
6.48075e-07,-0.0068369485
6.48175e-07,-0.006831204
6.48275e-07,-0.0068060719
6.48375e-07,-0.0067759134
6.48475e-07,-0.0067565257
6.48575e-07,-0.0067565257
6.48675e-07,-0.0067730411
6.48775e-07,-0.0067967371
6.48875e-07,-0.0068139706
6.48975e-07,-0.0068197151
6.49075e-07,-0.0068161248
6.49175e-07,-0.0068146886
6.49275e-07,-0.0068254596
6.49375e-07,-0.0068505917
6.49475e-07,-0.0068836225
6.49575e-07,-0.0069101907
6.49675e-07,-0.0069173713
6.49775e-07,-0.0069008559
6.49875e-07,-0.0068671071
6.49975e-07,-0.0068333582
6.50075e-07,-0.0068139706
6.50175e-07,-0.006818279
6.50275e-07,-0.006841975
6.50375e-07,-0.0068721335
6.50475e-07,-0.0068943934
6.50575e-07,-0.0069001379
6.50675e-07,-0.0068915211
6.50775e-07,-0.006877878
6.50875e-07,-0.0068714154
6.50975e-07,-0.0068771599
6.51075e-07,-0.006890085
6.51175e-07,-0.0068994198
6.51275e-07,-0.0068943934
6.51375e-07,-0.0068699793
6.51475e-07,-0.006831204
6.51575e-07,-0.0067931468
6.51675e-07,-0.0067680147
6.51775e-07,-0.0067629883
6.51875e-07,-0.0067730411
6.51975e-07,-0.0067866843
6.52075e-07,-0.0067909926
6.52175e-07,-0.0067809398
6.52275e-07,-0.006760116
6.52375e-07,-0.0067400103
6.52475e-07,-0.0067335478
6.52575e-07,-0.0067450368
6.52675e-07,-0.0067687328
6.52775e-07,-0.0067924288
6.52875e-07,-0.0068024816
6.52975e-07,-0.0067924288
6.53075e-07,-0.0067665786
6.53175e-07,-0.0067385742
6.53275e-07,-0.0067220588
6.53375e-07,-0.006724213
6.53475e-07,-0.0067421645
6.53575e-07,-0.0067644244
6.53675e-07,-0.0067795037
6.53775e-07,-0.0067802217
6.53875e-07,-0.0067701689
6.53975e-07,-0.0067579619
6.54075e-07,-0.0067565257
6.54175e-07,-0.0067694508
6.54275e-07,-0.0067931468
6.54375e-07,-0.0068161248
6.54475e-07,-0.0068254596
6.54575e-07,-0.0068168428
6.54675e-07,-0.006794583
6.54775e-07,-0.0067701689
6.54875e-07,-0.0067565257
6.54975e-07,-0.006760116
6.55075e-07,-0.0067766314
6.55175e-07,-0.006794583
6.55275e-07,-0.0068024816
6.55375e-07,-0.0067931468
6.55475e-07,-0.0067708869
6.55575e-07,-0.0067464729
6.55675e-07,-0.0067335478
6.55775e-07,-0.0067378562
6.55875e-07,-0.0067572438
6.55975e-07,-0.0067787856
6.56075e-07,-0.0067909926
6.56175e-07,-0.0067852482
6.56275e-07,-0.0067622702
6.56375e-07,-0.0067335478
6.56475e-07,-0.0067105699
6.56575e-07,-0.0067019531
6.56675e-07,-0.0067084157
6.56775e-07,-0.0067220588
6.56875e-07,-0.0067335478
6.56975e-07,-0.006735702
6.57075e-07,-0.0067299575
6.57175e-07,-0.0067227769
6.57275e-07,-0.0067220588
6.57375e-07,-0.0067321117
6.57475e-07,-0.0067486271
6.57575e-07,-0.0067637063
6.57675e-07,-0.0067680147
6.57775e-07,-0.0067565257
6.57875e-07,-0.0067321117
6.57975e-07,-0.0067062615
6.58075e-07,-0.0066875919
6.58175e-07,-0.0066840016
6.58275e-07,-0.0066933364
6.58375e-07,-0.0067091337
6.58475e-07,-0.0067220588
6.58575e-07,-0.0067285214
6.58675e-07,-0.0067292394
6.58775e-07,-0.0067328297
6.58875e-07,-0.0067450368
6.58975e-07,-0.0067687328
6.59075e-07,-0.0067988913
6.59175e-07,-0.0068247415
6.59275e-07,-0.0068369485
6.59375e-07,-0.006830486
6.59475e-07,-0.0068103803
6.59575e-07,-0.0067852482
6.59675e-07,-0.0067680147
6.59775e-07,-0.0067644244
6.59875e-07,-0.0067737592
6.59975e-07,-0.0067895565
6.60075e-07,-0.0068024816
6.60175e-07,-0.006807508
6.60275e-07,-0.00680679
6.60375e-07,-0.00680679
6.60475e-07,-0.0068139706
6.60575e-07,-0.0068319221
6.60675e-07,-0.0068570542
6.60775e-07,-0.0068807502
6.60875e-07,-0.0068943934
6.60975e-07,-0.0068943934
6.61075e-07,-0.0068829044
6.61175e-07,-0.0068685432
6.61275e-07,-0.0068599265
6.61375e-07,-0.0068613626
6.61475e-07,-0.0068721335
6.61575e-07,-0.0068857767
6.61675e-07,-0.0068943934
6.61775e-07,-0.0068965476
6.61875e-07,-0.0068951114
6.61975e-07,-0.0068965476
6.62075e-07,-0.0069058824
6.62175e-07,-0.0069238339
6.62275e-07,-0.0069425034
6.62375e-07,-0.0069511202
6.62475e-07,-0.0069403493
6.62575e-07,-0.0069080365
6.62675e-07,-0.0068620807
6.62775e-07,-0.0068146886
6.62875e-07,-0.0067795037
6.62975e-07,-0.0067629883
6.63075e-07,-0.0067622702
6.63175e-07,-0.0067651425
6.63275e-07,-0.0067565257
6.63375e-07,-0.0067270852
6.63475e-07,-0.006676821
6.63575e-07,-0.0066136317
6.63675e-07,-0.0065497243
6.63775e-07,-0.0064944336
6.63875e-07,-0.0064506319
6.63975e-07,-0.0064118566
6.64075e-07,-0.0063659007
6.64175e-07,-0.0063034295
6.64275e-07,-0.0062208525
6.64375e-07,-0.0061196059
6.64475e-07,-0.0060097426
6.64575e-07,-0.0058984432
6.64675e-07,-0.0057914522
6.64775e-07,-0.0056887695
6.64875e-07,-0.0055846507
6.64975e-07,-0.0054762236
6.65075e-07,-0.0053606158
6.65175e-07,-0.0052421358
6.65275e-07,-0.0051250919
6.65375e-07,-0.0050137925
6.65475e-07,-0.0049082376
6.65575e-07,-0.0048055549
6.65675e-07,-0.0047
6.65775e-07,-0.0045865464
6.65875e-07,-0.00446304
6.65975e-07,-0.0043345071
6.66075e-07,-0.0042059743
6.66175e-07,-0.004083904
6.66275e-07,-0.0039718865
6.66375e-07,-0.0038677677
6.66475e-07,-0.0037693934
6.66575e-07,-0.0036717371
6.66675e-07,-0.0035726448
6.66775e-07,-0.0034742705
6.66875e-07,-0.0033787684
6.66975e-07,-0.003291165
6.67075e-07,-0.0032128964
6.67175e-07,-0.0031432445
6.67275e-07,-0.0030800551
6.67375e-07,-0.0030204561
6.67475e-07,-0.0029615751
6.67575e-07,-0.0029048483
6.67675e-07,-0.0028502757
6.67775e-07,-0.0028007295
6.67875e-07,-0.0027554917
6.67975e-07,-0.0027152803
6.68075e-07,-0.0026779412
6.68175e-07,-0.0026420381
6.68275e-07,-0.0026082893
6.68375e-07,-0.0025774127
6.68475e-07,-0.0025515625
6.68575e-07,-0.0025314568
6.68675e-07,-0.0025163775
6.68775e-07,-0.0025048886
6.68875e-07,-0.0024941176
6.68975e-07,-0.0024833467
6.69075e-07,-0.0024725758
6.69175e-07,-0.0024639591
6.69275e-07,-0.0024596507
6.69375e-07,-0.0024610869
6.69475e-07,-0.0024682675
6.69575e-07,-0.0024797564
6.69675e-07,-0.0024941176
6.69775e-07,-0.002509915
6.69875e-07,-0.0025271484
6.69975e-07,-0.0025443819
6.70075e-07,-0.0025630515
6.70175e-07,-0.002581003
6.70275e-07,-0.0025960823
6.70375e-07,-0.002605417
6.70475e-07,-0.0026090074
6.70575e-07,-0.0026061351
6.70675e-07,-0.0025989545
6.70775e-07,-0.0025917739
6.70875e-07,-0.0025860294
6.70975e-07,-0.0025838752
6.71075e-07,-0.0025845933
6.71175e-07,-0.0025860294
6.71275e-07,-0.0025860294
6.71375e-07,-0.0025845933
6.71475e-07,-0.0025824391
6.71575e-07,-0.0025824391
6.71675e-07,-0.0025860294
6.71775e-07,-0.00259321
6.71875e-07,-0.0026003906
6.71975e-07,-0.0026032629
6.72075e-07,-0.0025975184
6.72175e-07,-0.002581721
6.72275e-07,-0.002558025
6.72375e-07,-0.0025307387
6.72475e-07,-0.0025056066
6.72575e-07,-0.002486937
6.72675e-07,-0.0024768842
6.72775e-07,-0.0024725758
6.72875e-07,-0.0024711397
6.72975e-07,-0.0024682675
6.73075e-07,-0.002462523
6.73175e-07,-0.0024546243
6.73275e-07,-0.0024481618
6.73375e-07,-0.0024460076
6.73475e-07,-0.0024481618
6.73575e-07,-0.0024546243
6.73675e-07,-0.0024596507
6.73775e-07,-0.0024596507
6.73875e-07,-0.0024517521
6.73975e-07,-0.0024352367
6.74075e-07,-0.0024136949
6.74175e-07,-0.002392153
6.74275e-07,-0.0023742015
6.74375e-07,-0.0023619945
6.74475e-07,-0.00235625
6.74575e-07,-0.0023533778
6.74675e-07,-0.0023512236
6.74775e-07,-0.0023483513
6.74875e-07,-0.002344761
6.74975e-07,-0.0023426068
6.75075e-07,-0.002344043
6.75175e-07,-0.0023490694
6.75275e-07,-0.00235625
6.75375e-07,-0.0023605584
6.75475e-07,-0.0023584042
6.75575e-07,-0.002344761
6.75675e-07,-0.0023217831
6.75775e-07,-0.0022923426
6.75875e-07,-0.0022629021
6.75975e-07,-0.0022406422
6.76075e-07,-0.0022298713
6.76175e-07,-0.0022313074
6.76275e-07,-0.0022420784
6.76375e-07,-0.0022550034
6.76475e-07,-0.0022643382
6.76575e-07,-0.0022650563
6.76675e-07,-0.0022557215
6.76775e-07,-0.0022384881
6.76875e-07,-0.0022183824
6.76975e-07,-0.0021997128
6.77075e-07,-0.0021846335
6.77175e-07,-0.0021760168
6.77275e-07,-0.0021724265
6.77375e-07,-0.0021717084
6.77475e-07,-0.0021717084
6.77575e-07,-0.0021717084
6.77675e-07,-0.0021724265
6.77775e-07,-0.0021745807
6.77875e-07,-0.0021796071
6.77975e-07,-0.0021867877
6.78075e-07,-0.0021954044
6.78175e-07,-0.0022040211
6.78275e-07,-0.0022112017
6.78375e-07,-0.0022162282
6.78475e-07,-0.0022183824
6.78575e-07,-0.0022191004
6.78675e-07,-0.0022198185
6.78775e-07,-0.0022234088
6.78875e-07,-0.0022298713
6.78975e-07,-0.0022406422
6.79075e-07,-0.0022542854
6.79175e-07,-0.0022700827
6.79275e-07,-0.0022873162
6.79375e-07,-0.0023038316
6.79475e-07,-0.0023181928
6.79575e-07,-0.0023318359
6.79675e-07,-0.002344761
6.79775e-07,-0.0023584042
6.79875e-07,-0.0023742015
6.79975e-07,-0.0023928711
6.80075e-07,-0.0024136949
6.80175e-07,-0.0024345186
6.80275e-07,-0.0024524701
6.80375e-07,-0.0024653952
6.80475e-07,-0.0024711397
6.80575e-07,-0.0024711397
6.80675e-07,-0.0024675494
6.80775e-07,-0.0024661133
6.80875e-07,-0.0024711397
6.80975e-07,-0.0024855009
6.81075e-07,-0.0025077608
6.81175e-07,-0.0025357652
6.81275e-07,-0.0025630515
6.81375e-07,-0.0025838752
6.81475e-07,-0.0025960823
6.81575e-07,-0.0025989545
6.81675e-07,-0.0025975184
6.81775e-07,-0.0025960823
6.81875e-07,-0.0025996726
6.81975e-07,-0.0026082893
6.82075e-07,-0.0026204963
6.82175e-07,-0.0026305492
6.82275e-07,-0.0026348575
6.82375e-07,-0.0026305492
6.82475e-07,-0.0026204963
6.82575e-07,-0.0026097254
6.82675e-07,-0.0026039809
6.82775e-07,-0.0026082893
6.82875e-07,-0.0026204963
6.82975e-07,-0.0026362937
6.83075e-07,-0.0026485007
6.83175e-07,-0.0026513729
6.83275e-07,-0.0026434743
6.83375e-07,-0.0026276769
6.83475e-07,-0.0026104435
6.83575e-07,-0.0025996726
6.83675e-07,-0.0025975184
6.83775e-07,-0.0026025448
6.83875e-07,-0.0026082893
6.83975e-07,-0.0026075712
6.84075e-07,-0.0025975184
6.84175e-07,-0.0025788488
6.84275e-07,-0.002557307
6.84375e-07,-0.0025422277
6.84475e-07,-0.0025400735
6.84575e-07,-0.0025515625
6.84675e-07,-0.0025731043
6.84775e-07,-0.0025946461
6.84875e-07,-0.0026090074
6.84975e-07,-0.0026118796
6.85075e-07,-0.002604699
6.85175e-07,-0.00259321
6.85275e-07,-0.0025860294
6.85375e-07,-0.0025874655
6.85475e-07,-0.0025989545
6.85575e-07,-0.0026154699
6.85675e-07,-0.0026319853
6.85775e-07,-0.0026441923
6.85875e-07,-0.0026499368
6.85975e-07,-0.002652091
6.86075e-07,-0.0026549632
6.86175e-07,-0.0026607077
6.86275e-07,-0.0026707606
6.86375e-07,-0.0026815315
6.86475e-07,-0.0026894301
6.86575e-07,-0.0026923024
6.86675e-07,-0.0026915843
6.86775e-07,-0.0026887121
6.86875e-07,-0.0026894301
6.86975e-07,-0.0026958927
6.87075e-07,-0.0027088178
6.87175e-07,-0.002723179
6.87275e-07,-0.002735386
6.87375e-07,-0.0027411305
6.87475e-07,-0.0027389763
6.87575e-07,-0.0027310777
6.87675e-07,-0.0027238971
6.87775e-07,-0.0027210248
6.87875e-07,-0.0027246151
6.87975e-07,-0.002734668
6.88075e-07,-0.002746875
6.88175e-07,-0.0027569278
6.88275e-07,-0.0027619543
6.88375e-07,-0.0027619543
6.88475e-07,-0.002758364
6.88575e-07,-0.0027540556
6.88675e-07,-0.0027526195
6.88775e-07,-0.0027540556
6.88875e-07,-0.002758364
6.88975e-07,-0.0027626723
6.89075e-07,-0.0027655446
6.89175e-07,-0.0027641085
6.89275e-07,-0.002758364
6.89375e-07,-0.0027490292
6.89475e-07,-0.0027389763
6.89575e-07,-0.0027296415
6.89675e-07,-0.0027238971
6.89775e-07,-0.0027238971
6.89875e-07,-0.0027303596
6.89975e-07,-0.0027425666
6.90075e-07,-0.002758364
6.90175e-07,-0.0027734432
6.90275e-07,-0.0027849322
6.90375e-07,-0.0027913948
6.90475e-07,-0.0027928309
6.90575e-07,-0.0027935489
6.90675e-07,-0.0027957031
6.90775e-07,-0.0028036018
6.90875e-07,-0.0028158088
6.90975e-07,-0.002829452
6.91075e-07,-0.0028402229
6.91175e-07,-0.0028430951
6.91275e-07,-0.0028387868
6.91375e-07,-0.002829452
6.91475e-07,-0.0028208352
6.91575e-07,-0.0028193991
6.91675e-07,-0.0028272978
6.91775e-07,-0.0028438132
6.91875e-07,-0.0028624828
6.91975e-07,-0.0028782801
6.92075e-07,-0.0028847426
6.92175e-07,-0.0028825885
6.92275e-07,-0.0028761259
6.92375e-07,-0.0028710995
6.92475e-07,-0.0028732537
6.92575e-07,-0.0028847426
6.92675e-07,-0.0029019761
6.92775e-07,-0.0029192096
6.92875e-07,-0.0029306985
6.92975e-07,-0.0029328527
6.93075e-07,-0.0029285443
6.93175e-07,-0.0029220818
6.93275e-07,-0.0029192096
6.93375e-07,-0.002924236
6.93475e-07,-0.002936443
6.93575e-07,-0.0029522403
6.93675e-07,-0.0029651654
6.93775e-07,-0.002972346
6.93875e-07,-0.002972346
6.93975e-07,-0.0029680377
6.94075e-07,-0.0029651654
6.94175e-07,-0.0029666016
6.94275e-07,-0.0029745002
6.94375e-07,-0.0029867073
6.94475e-07,-0.0029996324
6.94575e-07,-0.0030104033
6.94675e-07,-0.0030175839
6.94775e-07,-0.0030204561
6.94875e-07,-0.0030226103
6.94975e-07,-0.0030240464
6.95075e-07,-0.0030254825
6.95175e-07,-0.0030254825
6.95275e-07,-0.0030226103
6.95375e-07,-0.0030168658
6.95475e-07,-0.0030111213
6.95575e-07,-0.003007531
6.95675e-07,-0.0030111213
6.95775e-07,-0.0030233284
6.95875e-07,-0.0030419979
6.95975e-07,-0.0030628217
6.96075e-07,-0.0030800551
6.96175e-07,-0.0030893899
6.96275e-07,-0.0030879538
6.96375e-07,-0.0030800551
6.96475e-07,-0.0030685662
6.96575e-07,-0.0030592314
6.96675e-07,-0.003054205
6.96775e-07,-0.003054923
6.96875e-07,-0.0030570772
6.96975e-07,-0.0030592314
6.97075e-07,-0.0030592314
6.97175e-07,-0.0030570772
6.97275e-07,-0.0030570772
6.97375e-07,-0.0030606675
6.97475e-07,-0.0030692842
6.97575e-07,-0.0030807732
6.97675e-07,-0.0030915441
6.97775e-07,-0.0030965705
6.97875e-07,-0.0030936983
6.97975e-07,-0.0030829274
6.98075e-07,-0.0030685662
6.98175e-07,-0.0030563591
6.98275e-07,-0.0030498966
6.98375e-07,-0.0030513327
6.98475e-07,-0.0030570772
6.98575e-07,-0.0030621036
6.98675e-07,-0.0030606675
6.98775e-07,-0.0030506147
6.98875e-07,-0.0030340993
6.98975e-07,-0.0030154297
6.99075e-07,-0.0030010685
6.99175e-07,-0.002996042
6.99275e-07,-0.0029996324
6.99375e-07,-0.003007531
6.99475e-07,-0.0030132755
6.99575e-07,-0.0030118394
6.99675e-07,-0.0029996324
6.99775e-07,-0.0029802447
6.99875e-07,-0.0029579848
6.99975e-07,-0.0029407514
7.00075e-07,-0.0029306985
7.00175e-07,-0.0029271082
7.00275e-07,-0.0029256721
7.00375e-07,-0.0029199276
7.00475e-07,-0.0029077206
7.00575e-07,-0.002889051
7.00675e-07,-0.0028689453
7.00775e-07,-0.002853866
7.00875e-07,-0.0028502757
7.00975e-07,-0.0028581744
7.01075e-07,-0.0028732537
7.01175e-07,-0.002888333
7.01275e-07,-0.0028962316
7.01375e-07,-0.0028940774
7.01475e-07,-0.0028833065
7.01575e-07,-0.0028703814
7.01675e-07,-0.0028617647
7.01775e-07,-0.0028624828
7.01875e-07,-0.0028739717
7.01975e-07,-0.0028904871
7.02075e-07,-0.0029077206
7.02175e-07,-0.0029199276
7.02275e-07,-0.0029256721
7.02375e-07,-0.0029278263
7.02475e-07,-0.0029306985
7.02575e-07,-0.0029393153
7.02675e-07,-0.0029558307
7.02775e-07,-0.0029773725
7.02875e-07,-0.0029996324
7.02975e-07,-0.0030161477
7.03075e-07,-0.0030247645
7.03175e-07,-0.0030254825
7.03275e-07,-0.0030226103
7.03375e-07,-0.0030211742
7.03475e-07,-0.0030262006
7.03575e-07,-0.0030391257
7.03675e-07,-0.0030570772
7.03775e-07,-0.0030764648
7.03875e-07,-0.0030922622
7.03975e-07,-0.003101597
7.04075e-07,-0.0031030331
7.04175e-07,-0.0030987247
7.04275e-07,-0.0030915441
7.04375e-07,-0.0030843635
7.04475e-07,-0.0030800551
7.04575e-07,-0.003078619
7.04675e-07,-0.003078619
7.04775e-07,-0.0030800551
7.04875e-07,-0.0030800551
7.04975e-07,-0.0030793371
7.05075e-07,-0.0030771829
7.05175e-07,-0.0030771829
7.05275e-07,-0.0030800551
7.05375e-07,-0.0030879538
7.05475e-07,-0.003101597
7.05575e-07,-0.0031195485
7.05675e-07,-0.0031375
7.05775e-07,-0.0031525793
7.05875e-07,-0.0031597599
7.05975e-07,-0.0031583238
7.06075e-07,-0.003148989
7.06175e-07,-0.0031360639
7.06275e-07,-0.003125293
7.06375e-07,-0.0031209846
7.06475e-07,-0.003126011
7.06575e-07,-0.0031396542
7.06675e-07,-0.0031568876
7.06775e-07,-0.003172685
7.06875e-07,-0.0031834559
7.06975e-07,-0.0031870462
7.07075e-07,-0.003184892
7.07175e-07,-0.0031820198
7.07275e-07,-0.0031834559
7.07375e-07,-0.0031906365
7.07475e-07,-0.0032042796
7.07575e-07,-0.0032186409
7.07675e-07,-0.0032294118
7.07775e-07,-0.003232284
7.07875e-07,-0.0032251034
7.07975e-07,-0.0032107422
7.08075e-07,-0.0031949449
7.08175e-07,-0.0031834559
7.08275e-07,-0.0031805836
7.08375e-07,-0.0031884823
7.08475e-07,-0.0032064338
7.08575e-07,-0.0032294118
7.08675e-07,-0.0032531078
7.08775e-07,-0.0032732135
7.08875e-07,-0.0032868566
7.08975e-07,-0.0032933192
7.09075e-07,-0.0032947553
7.09175e-07,-0.003291883
7.09275e-07,-0.0032868566
7.09375e-07,-0.0032818302
7.09475e-07,-0.0032768038
7.09575e-07,-0.0032746496
7.09675e-07,-0.0032753676
7.09775e-07,-0.003279676
7.09875e-07,-0.0032875747
7.09975e-07,-0.0032983456
7.10075e-07,-0.0033098346
7.10175e-07,-0.0033206055
7.10275e-07,-0.0033299403
7.10375e-07,-0.0033378389
7.10475e-07,-0.0033443015
7.10575e-07,-0.0033514821
7.10675e-07,-0.0033593807
7.10775e-07,-0.0033687155
7.10875e-07,-0.0033787684
7.10975e-07,-0.0033873851
7.11075e-07,-0.0033938477
7.11175e-07,-0.003398156
7.11275e-07,-0.0034017463
7.11375e-07,-0.0034074908
7.11475e-07,-0.0034175437
7.11575e-07,-0.0034319049
7.11675e-07,-0.0034477022
7.11775e-07,-0.0034620634
7.11875e-07,-0.0034713982
7.11975e-07,-0.0034742705
7.12075e-07,-0.0034706801
7.12175e-07,-0.0034634995
7.12275e-07,-0.0034563189
7.12375e-07,-0.0034512925
7.12475e-07,-0.0034477022
7.12575e-07,-0.0034426758
7.12675e-07,-0.003433341
7.12775e-07,-0.0034189798
7.12875e-07,-0.0034017463
7.12975e-07,-0.003386667
7.13075e-07,-0.0033802045
7.13175e-07,-0.0033852309
7.13275e-07,-0.0034017463
7.13375e-07,-0.0034232881
7.13475e-07,-0.0034405216
7.13575e-07,-0.003445548
7.13675e-07,-0.0034362132
7.13775e-07,-0.0034146714
7.13875e-07,-0.0033888212
7.13975e-07,-0.0033672794
7.14075e-07,-0.0033557904
7.14175e-07,-0.0033536363
7.14275e-07,-0.0033565085
7.14375e-07,-0.0033586627
7.14475e-07,-0.0033557904
7.14575e-07,-0.0033486098
7.14675e-07,-0.0033421473
7.14775e-07,-0.0033435834
7.14875e-07,-0.0033557904
7.14975e-07,-0.0033773323
7.15075e-07,-0.0034017463
7.15175e-07,-0.0034196978
7.15275e-07,-0.0034247243
7.15375e-07,-0.0034161075
7.15475e-07,-0.0033988741
7.15575e-07,-0.0033809226
7.15675e-07,-0.0033672794
7.15775e-07,-0.0033608169
7.15875e-07,-0.0033586627
7.15975e-07,-0.0033543543
7.16075e-07,-0.0033443015
7.16175e-07,-0.0033299403
7.16275e-07,-0.0033162971
7.16375e-07,-0.0033119887
7.16475e-07,-0.0033213235
7.16575e-07,-0.0033435834
7.16675e-07,-0.0033701517
7.16775e-07,-0.0033888212
7.16875e-07,-0.0033902574
7.16975e-07,-0.0033723058
7.17075e-07,-0.0033407112
7.17175e-07,-0.0033076804
7.17275e-07,-0.0032868566
7.17375e-07,-0.0032847024
7.17475e-07,-0.0032990636
7.17575e-07,-0.0033227597
7.17675e-07,-0.0033443015
7.17775e-07,-0.0033550724
7.17875e-07,-0.0033529182
7.17975e-07,-0.0033435834
7.18075e-07,-0.0033328125
7.18175e-07,-0.0033277861
7.18275e-07,-0.0033299403
7.18375e-07,-0.0033371209
7.18475e-07,-0.0033443015
7.18575e-07,-0.0033471737
7.18675e-07,-0.0033464557
7.18775e-07,-0.0033435834
7.18875e-07,-0.0033443015
7.18975e-07,-0.003350046
7.19075e-07,-0.0033615349
7.19175e-07,-0.0033758961
7.19275e-07,-0.0033902574
7.19375e-07,-0.0034031824
7.19475e-07,-0.0034153895
7.19575e-07,-0.0034304687
7.19675e-07,-0.0034477022
7.19775e-07,-0.0034656537
7.19875e-07,-0.003480733
7.19975e-07,-0.0034864775
7.20075e-07,-0.0034821691
7.20175e-07,-0.0034699621
7.20275e-07,-0.0034577551
7.20375e-07,-0.0034527286
7.20475e-07,-0.0034591912
7.20575e-07,-0.0034757066
7.20675e-07,-0.0034958123
7.20775e-07,-0.0035108915
7.20875e-07,-0.003516636
7.20975e-07,-0.0035144818
7.21075e-07,-0.0035130457
7.21175e-07,-0.0035230986
7.21275e-07,-0.0035511029
7.21375e-07,-0.0035956227
7.21475e-07,-0.0036458869
7.21575e-07,-0.0036889706
7.21675e-07,-0.0037119485
7.21775e-07,-0.0037133847
7.21875e-07,-0.0036990234
7.21975e-07,-0.0036832261
7.22075e-07,-0.0036774816
7.22175e-07,-0.0036882525
7.22275e-07,-0.0037112305
7.22375e-07,-0.0037342084
7.22475e-07,-0.0037464154
7.22575e-07,-0.003740671
7.22675e-07,-0.0037220014
7.22775e-07,-0.0036997415
7.22875e-07,-0.0036889706
7.22975e-07,-0.0036975873
7.23075e-07,-0.0037241556
7.23175e-07,-0.0037607767
7.23275e-07,-0.0037923713
7.23375e-07,-0.0038088867
7.23475e-07,-0.0038067325
7.23575e-07,-0.0037902171
7.23675e-07,-0.0037693934
7.23775e-07,-0.003753596
7.23875e-07,-0.0037478516
7.23975e-07,-0.0037507238
7.24075e-07,-0.0037579044
7.24175e-07,-0.0037636489
7.24275e-07,-0.003764367
7.24375e-07,-0.0037622128
7.24475e-07,-0.0037579044
7.24575e-07,-0.0037550322
7.24675e-07,-0.003752878
7.24775e-07,-0.0037507238
7.24875e-07,-0.0037464154
7.24975e-07,-0.003741389
7.25075e-07,-0.0037370807
7.25175e-07,-0.0037385168
7.25275e-07,-0.0037464154
7.25375e-07,-0.0037593405
7.25475e-07,-0.0037715476
7.25575e-07,-0.0037758559
7.25675e-07,-0.0037693934
7.25775e-07,-0.003753596
7.25875e-07,-0.0037363626
7.25975e-07,-0.0037277459
7.26075e-07,-0.0037349265
7.26175e-07,-0.0037579044
7.26275e-07,-0.0037909352
7.26375e-07,-0.0038210937
7.26475e-07,-0.0038383272
7.26575e-07,-0.0038376091
7.26675e-07,-0.0038225299
7.26775e-07,-0.00380027
7.26875e-07,-0.0037808824
7.26975e-07,-0.0037708295
7.27075e-07,-0.0037693934
7.27175e-07,-0.0037708295
7.27275e-07,-0.0037693934
7.27375e-07,-0.0037607767
7.27475e-07,-0.0037464154
7.27575e-07,-0.0037320542
7.27675e-07,-0.0037234375
7.27775e-07,-0.0037227194
7.27875e-07,-0.0037284639
7.27975e-07,-0.0037342084
7.28075e-07,-0.0037349265
7.28175e-07,-0.003729182
7.28275e-07,-0.0037198472
7.28375e-07,-0.0037119485
7.28475e-07,-0.0037119485
7.28575e-07,-0.0037198472
7.28675e-07,-0.0037306181
7.28775e-07,-0.0037377987
7.28875e-07,-0.0037349265
7.28975e-07,-0.0037220014
7.29075e-07,-0.0037040499
7.29175e-07,-0.0036904067
7.29275e-07,-0.0036889706
7.29375e-07,-0.0037026137
7.29475e-07,-0.0037270278
7.29575e-07,-0.0037521599
7.29675e-07,-0.0037693934
7.29775e-07,-0.0037737017
7.29875e-07,-0.0037686753
7.29975e-07,-0.0037607767
7.30075e-07,-0.0037579044
7.30175e-07,-0.003765085
7.30275e-07,-0.0037794462
7.30375e-07,-0.0037945255
7.30475e-07,-0.0038038603
7.30575e-07,-0.0038038603
7.30675e-07,-0.0037973977
7.30775e-07,-0.0037909352
7.30875e-07,-0.0037923713
7.30975e-07,-0.0038038603
7.31075e-07,-0.003823966
7.31175e-07,-0.0038455078
7.31275e-07,-0.0038613051
7.31375e-07,-0.0038684858
7.31475e-07,-0.0038699219
7.31575e-07,-0.0038692038
7.31675e-07,-0.0038727941
7.31775e-07,-0.0038821289
7.31875e-07,-0.0038928998
7.31975e-07,-0.0038986443
7.32075e-07,-0.0038957721
7.32175e-07,-0.003883565
7.32275e-07,-0.0038670496
7.32375e-07,-0.0038577148
7.32475e-07,-0.0038613051
7.32575e-07,-0.0038806928
7.32675e-07,-0.0039094152
7.32775e-07,-0.0039367015
7.32875e-07,-0.0039532169
7.32975e-07,-0.0039532169
7.33075e-07,-0.0039402918
7.33175e-07,-0.0039223403
7.33275e-07,-0.003907261
7.33375e-07,-0.0039007985
7.33475e-07,-0.0039015165
7.33575e-07,-0.0039015165
7.33675e-07,-0.0038957721
7.33775e-07,-0.0038806928
7.33875e-07,-0.003859869
7.33975e-07,-0.0038433536
7.34075e-07,-0.0038383272
7.34175e-07,-0.0038490981
7.34275e-07,-0.0038727941
7.34375e-07,-0.0038993624
7.34475e-07,-0.00391875
7.34575e-07,-0.0039244945
7.34675e-07,-0.0039158778
7.34775e-07,-0.0039000804
7.34875e-07,-0.0038842831
7.34975e-07,-0.0038742302
7.35075e-07,-0.0038720761
7.35175e-07,-0.0038727941
7.35275e-07,-0.0038727941
7.35375e-07,-0.0038699219
7.35475e-07,-0.0038648955
7.35575e-07,-0.0038641774
7.35675e-07,-0.0038727941
7.35775e-07,-0.0038914637
7.35875e-07,-0.0039173139
7.35975e-07,-0.0039438821
7.36075e-07,-0.0039647059
7.36175e-07,-0.0039754768
7.36275e-07,-0.003978349
7.36375e-07,-0.0039769129
7.36475e-07,-0.0039761949
7.36575e-07,-0.0039769129
7.36675e-07,-0.0039769129
7.36775e-07,-0.0039733226
7.36875e-07,-0.0039647059
7.36975e-07,-0.003953935
7.37075e-07,-0.0039481905
7.37175e-07,-0.003953935
7.37275e-07,-0.0039761949
7.37375e-07,-0.0040113798
7.37475e-07,-0.004048719
7.37575e-07,-0.0040781595
7.37675e-07,-0.0040910846
7.37775e-07,-0.0040867762
7.37875e-07,-0.0040716969
7.37975e-07,-0.0040587718
7.38075e-07,-0.0040566176
7.38175e-07,-0.0040666705
7.38275e-07,-0.0040824678
7.38375e-07,-0.0040932387
7.38475e-07,-0.0040910846
7.38575e-07,-0.0040738511
7.38675e-07,-0.0040501551
7.38775e-07,-0.0040329216
7.38875e-07,-0.0040336397
7.38975e-07,-0.0040566176
7.39075e-07,-0.0040939568
7.39175e-07,-0.0041334501
7.39275e-07,-0.0041600184
7.39375e-07,-0.0041650448
7.39475e-07,-0.0041499655
7.39575e-07,-0.0041248334
7.39675e-07,-0.0041025735
7.39775e-07,-0.0040903665
7.39875e-07,-0.0040896484
7.39975e-07,-0.0040932387
7.40075e-07,-0.0040910846
7.40175e-07,-0.0040781595
7.40275e-07,-0.0040551815
7.40375e-07,-0.0040300494
7.40475e-07,-0.0040106618
7.40575e-07,-0.0040027631
7.40675e-07,-0.0040041992
7.40775e-07,-0.0040063534
7.40875e-07,-0.0039991728
7.40975e-07,-0.0039740407
7.41075e-07,-0.003930957
7.41175e-07,-0.0038749483
7.41275e-07,-0.0038153493
7.41375e-07,-0.0037593405
7.41475e-07,-0.0037083582
7.41575e-07,-0.0036602482
7.41675e-07,-0.0036085478
7.41775e-07,-0.0035496668
7.41875e-07,-0.0034828872
7.41975e-07,-0.0034125172
7.42075e-07,-0.0033443015
7.42175e-07,-0.003279676
7.42275e-07,-0.0032179228
7.42375e-07,-0.0031532973
7.42475e-07,-0.0030800551
7.42575e-07,-0.0029967601
7.42675e-07,-0.0029055664
7.42775e-07,-0.0028129366
7.42875e-07,-0.0027238971
7.42975e-07,-0.0026413201
7.43075e-07,-0.0025623334
7.43175e-07,-0.0024811926
7.43275e-07,-0.0023907169
7.43375e-07,-0.0022901884
7.43475e-07,-0.0021839154
7.43575e-07,-0.0020805147
7.43675e-07,-0.0019886029
7.43775e-07,-0.0019124885
7.43875e-07,-0.0018500172
7.43975e-07,-0.0017940085
7.44075e-07,-0.0017358456
7.44175e-07,-0.0016690659
7.44275e-07,-0.0015951057
7.44375e-07,-0.0015189913
7.44475e-07,-0.0014486213
7.44575e-07,-0.0013890223
7.44675e-07,-0.0013409122
7.44775e-07,-0.0013014189
7.44875e-07,-0.0012647978
7.44975e-07,-0.0012288948
7.45075e-07,-0.0011929917
7.45175e-07,-0.0011621151
7.45275e-07,-0.0011384191
7.45375e-07,-0.0011240579
7.45475e-07,-0.0011154412
7.45575e-07,-0.0011068244
7.45675e-07,-0.0010924632
7.45775e-07,-0.0010709214
7.45875e-07,-0.0010436351
7.45975e-07,-0.001018503
7.46075e-07,-0.0010005515
7.46175e-07,-0.0009926528
7.46275e-07,-0.00099408892
7.46375e-07,-0.00099839729
7.46475e-07,-0.0010005515
7.46575e-07,-0.00099767923
7.46675e-07,-0.00099193474
7.46775e-07,-0.00098762638
7.46875e-07,-0.0009890625
7.46975e-07,-0.00099767923
7.47075e-07,-0.0010113224
7.47175e-07,-0.0010249655
7.47275e-07,-0.0010350184
7.47375e-07,-0.0010400448
7.47475e-07,-0.001042917
7.47575e-07,-0.0010479435
7.47675e-07,-0.0010579963
7.47775e-07,-0.0010723575
7.47875e-07,-0.0010867187
7.47975e-07,-0.0010938994
7.48075e-07,-0.0010924632
7.48175e-07,-0.0010831284
7.48275e-07,-0.0010730756
7.48375e-07,-0.0010702034
7.48475e-07,-0.0010809743
7.48575e-07,-0.0011039522
7.48675e-07,-0.0011312385
7.48775e-07,-0.0011527803
7.48875e-07,-0.0011613971
7.48975e-07,-0.0011556526
7.49075e-07,-0.0011412914
7.49175e-07,-0.0011290843
7.49275e-07,-0.0011269301
7.49375e-07,-0.0011377011
7.49475e-07,-0.0011549345
7.49575e-07,-0.0011700138
7.49675e-07,-0.001172886
7.49775e-07,-0.001160679
7.49875e-07,-0.0011384191
7.49975e-07,-0.0011154412
7.50075e-07,-0.0011039522
7.50175e-07,-0.0011082606
7.50275e-07,-0.001124776
7.50375e-07,-0.0011463178
7.50475e-07,-0.0011613971
7.50575e-07,-0.0011635512
7.50675e-07,-0.0011527803
7.50775e-07,-0.0011341108
7.50875e-07,-0.0011154412
7.50975e-07,-0.001101798
7.51075e-07,-0.0010938994
7.51175e-07,-0.0010881549
7.51275e-07,-0.0010809743
7.51375e-07,-0.0010716395
7.51475e-07,-0.0010637408
7.51575e-07,-0.0010615866
7.51675e-07,-0.0010694853
7.51775e-07,-0.0010867187
7.51875e-07,-0.0011068244
7.51975e-07,-0.0011219037
7.52075e-07,-0.0011269301
7.52175e-07,-0.0011204676
7.52275e-07,-0.0011096967
7.52375e-07,-0.001101798
7.52475e-07,-0.0011039522
7.52575e-07,-0.0011161592
7.52675e-07,-0.0011326746
7.52775e-07,-0.0011427275
7.52875e-07,-0.0011384191
7.52975e-07,-0.0011197495
7.53075e-07,-0.0010946174
7.53175e-07,-0.0010737937
7.53275e-07,-0.0010694853
7.53375e-07,-0.0010838465
7.53475e-07,-0.0011104148
7.53575e-07,-0.0011362649
7.53675e-07,-0.0011499081
7.53775e-07,-0.0011448817
7.53875e-07,-0.0011240579
7.53975e-07,-0.0010989258
7.54075e-07,-0.0010809743
7.54175e-07,-0.001078102
7.54275e-07,-0.0010888729
7.54375e-07,-0.0011053883
7.54475e-07,-0.0011154412
7.54575e-07,-0.001113287
7.54675e-07,-0.0010989258
7.54775e-07,-0.0010809743
7.54875e-07,-0.0010694853
7.54975e-07,-0.0010709214
7.55075e-07,-0.0010860007
7.55175e-07,-0.0011082606
7.55275e-07,-0.0011269301
7.55375e-07,-0.0011355469
7.55475e-07,-0.0011333927
7.55575e-07,-0.0011240579
7.55675e-07,-0.0011154412
7.55775e-07,-0.001113287
7.55875e-07,-0.0011197495
7.55975e-07,-0.0011298024
7.56075e-07,-0.0011384191
7.56175e-07,-0.0011412914
7.56275e-07,-0.0011398552
7.56375e-07,-0.001136983
7.56475e-07,-0.0011384191
7.56575e-07,-0.0011470358
7.56675e-07,-0.0011621151
7.56775e-07,-0.0011764763
7.56875e-07,-0.001184375
7.56975e-07,-0.0011822208
7.57075e-07,-0.0011700138
7.57175e-07,-0.0011527803
7.57275e-07,-0.0011384191
7.57375e-07,-0.0011305205
7.57475e-07,-0.0011298024
7.57575e-07,-0.0011333927
7.57675e-07,-0.0011384191
7.57775e-07,-0.0011427275
7.57875e-07,-0.0011463178
7.57975e-07,-0.0011520623
7.58075e-07,-0.0011613971
7.58175e-07,-0.0011736041
7.58275e-07,-0.0011850931
7.58375e-07,-0.0011894014
7.58475e-07,-0.001184375
7.58575e-07,-0.0011714499
7.58675e-07,-0.0011563706
7.58775e-07,-0.0011477539
7.58875e-07,-0.0011499081
7.58975e-07,-0.0011635512
7.59075e-07,-0.0011815028
7.59175e-07,-0.0011944278
7.59275e-07,-0.001195864
7.59375e-07,-0.001184375
7.59475e-07,-0.0011657054
7.59575e-07,-0.0011513442
7.59675e-07,-0.0011499081
7.59775e-07,-0.0011649874
7.59875e-07,-0.0011929917
7.59975e-07,-0.0012217142
7.60075e-07,-0.0012418199
7.60175e-07,-0.0012454102
7.60275e-07,-0.0012339212
7.60375e-07,-0.0012138155
7.60475e-07,-0.001195864
7.60575e-07,-0.0011865292
7.60675e-07,-0.0011865292
7.60775e-07,-0.0011915556
7.60875e-07,-0.001195864
7.60975e-07,-0.0011944278
7.61075e-07,-0.0011886834
7.61175e-07,-0.0011829389
7.61275e-07,-0.001184375
7.61375e-07,-0.001195864
7.61475e-07,-0.0012152516
7.61575e-07,-0.0012367934
7.61675e-07,-0.0012533088
7.61775e-07,-0.0012590533
7.61875e-07,-0.0012547449
7.61975e-07,-0.0012468463
7.62075e-07,-0.0012418199
7.62175e-07,-0.0012454102
7.62275e-07,-0.0012576172
7.62375e-07,-0.0012741326
7.62475e-07,-0.0012877757
7.62575e-07,-0.0012935202
7.62675e-07,-0.0012920841
7.62775e-07,-0.0012870577
7.62875e-07,-0.0012877757
7.62975e-07,-0.0012992647
7.63075e-07,-0.0013215246
7.63175e-07,-0.0013516831
7.63275e-07,-0.0013796875
7.63375e-07,-0.0013990751
7.63475e-07,-0.0014048196
7.63575e-07,-0.0014005113
7.63675e-07,-0.0013911765
7.63775e-07,-0.0013847139
7.63875e-07,-0.0013868681
7.63975e-07,-0.001397639
7.64075e-07,-0.0014141544
7.64175e-07,-0.0014306698
7.64275e-07,-0.0014435949
7.64375e-07,-0.0014486213
7.64475e-07,-0.0014486213
7.64575e-07,-0.0014457491
7.64675e-07,-0.0014428768
7.64775e-07,-0.0014435949
7.64875e-07,-0.0014486213
7.64975e-07,-0.00145652
7.65075e-07,-0.0014665728
7.65175e-07,-0.0014759076
7.65275e-07,-0.0014830882
7.65375e-07,-0.0014852424
7.65475e-07,-0.001480216
7.65575e-07,-0.001468009
7.65675e-07,-0.0014486213
7.65775e-07,-0.0014270795
7.65875e-07,-0.0014084099
7.65975e-07,-0.0013990751
7.66075e-07,-0.0014026654
7.66175e-07,-0.001420617
7.66275e-07,-0.0014486213
7.66375e-07,-0.0014794979
7.66475e-07,-0.0015060662
7.66575e-07,-0.0015218635
7.66675e-07,-0.0015240177
7.66775e-07,-0.0015132468
7.66875e-07,-0.0014945772
7.66975e-07,-0.0014723173
7.67075e-07,-0.0014507755
7.67175e-07,-0.0014349782
7.67275e-07,-0.0014256434
7.67375e-07,-0.0014242073
7.67475e-07,-0.0014299517
7.67575e-07,-0.0014428768
7.67675e-07,-0.0014601103
7.67775e-07,-0.0014794979
7.67875e-07,-0.0014967314
7.67975e-07,-0.0015096565
7.68075e-07,-0.0015175551
7.68175e-07,-0.0015211455
7.68275e-07,-0.0015225816
7.68375e-07,-0.0015247358
7.68475e-07,-0.0015290441
7.68575e-07,-0.0015362247
7.68675e-07,-0.0015434053
7.68775e-07,-0.0015491498
7.68875e-07,-0.0015520221
7.68975e-07,-0.0015534582
7.69075e-07,-0.0015563304
7.69175e-07,-0.001563511
7.69275e-07,-0.001575
7.69375e-07,-0.0015893612
7.69475e-07,-0.0016022863
7.69575e-07,-0.001610185
7.69675e-07,-0.0016094669
7.69775e-07,-0.0016015682
7.69875e-07,-0.0015893612
7.69975e-07,-0.0015793084
7.70075e-07,-0.001575
7.70175e-07,-0.0015771542
7.70275e-07,-0.0015843348
7.70375e-07,-0.0015922335
7.70475e-07,-0.0015979779
7.70575e-07,-0.0016001321
7.70675e-07,-0.0016008502
7.70775e-07,-0.0016030044
7.70875e-07,-0.0016094669
7.70975e-07,-0.0016209559
7.71075e-07,-0.001634599
7.71175e-07,-0.0016468061
7.71275e-07,-0.0016554228
7.71375e-07,-0.0016590131
7.71475e-07,-0.0016604492
7.71575e-07,-0.0016626034
7.71675e-07,-0.0016669118
7.71775e-07,-0.0016726562
7.71875e-07,-0.0016762466
7.71975e-07,-0.0016748104
7.72075e-07,-0.0016669118
7.72175e-07,-0.0016547047
7.72275e-07,-0.0016439338
7.72375e-07,-0.0016432158
7.72475e-07,-0.0016554228
7.72575e-07,-0.001681273
7.72675e-07,-0.0017150218
7.72775e-07,-0.0017473346
7.72875e-07,-0.0017703125
7.72975e-07,-0.0017803653
7.73075e-07,-0.0017774931
7.73175e-07,-0.0017681583
7.73275e-07,-0.0017588235
7.73375e-07,-0.001753079
7.73475e-07,-0.001752361
7.73575e-07,-0.0017552332
7.73675e-07,-0.0017588235
7.73775e-07,-0.0017616958
7.73875e-07,-0.0017652861
7.73975e-07,-0.0017717486
7.74075e-07,-0.0017818015
7.74175e-07,-0.0017954446
7.74275e-07,-0.0018083697
7.74375e-07,-0.0018162684
7.74475e-07,-0.0018162684
7.74575e-07,-0.0018105239
7.74675e-07,-0.0018026252
7.74775e-07,-0.0017990349
7.74875e-07,-0.0018047794
7.74975e-07,-0.0018184226
7.75075e-07,-0.001834938
7.75175e-07,-0.0018478631
7.75275e-07,-0.0018507353
7.75375e-07,-0.0018435547
7.75475e-07,-0.0018306296
7.75575e-07,-0.0018191406
7.75675e-07,-0.0018162684
7.75775e-07,-0.001824167
7.75875e-07,-0.0018392463
7.75975e-07,-0.0018543256
7.76075e-07,-0.0018622243
7.76175e-07,-0.0018600701
7.76275e-07,-0.0018492992
7.76375e-07,-0.0018363741
7.76475e-07,-0.0018277574
7.76575e-07,-0.0018263212
7.76675e-07,-0.0018313477
7.76775e-07,-0.0018378102
7.76875e-07,-0.0018392463
7.76975e-07,-0.0018342199
7.77075e-07,-0.0018248851
7.77175e-07,-0.0018169864
7.77275e-07,-0.0018162684
7.77375e-07,-0.0018263212
7.77475e-07,-0.0018435547
7.77575e-07,-0.0018615062
7.77675e-07,-0.0018737132
7.77775e-07,-0.0018744313
7.77875e-07,-0.0018658146
7.77975e-07,-0.0018514534
7.78075e-07,-0.0018392463
7.78175e-07,-0.0018342199
7.78275e-07,-0.0018363741
7.78375e-07,-0.0018435547
7.78475e-07,-0.0018507353
7.78575e-07,-0.0018536075
7.78675e-07,-0.0018521714
7.78775e-07,-0.0018500172
7.78875e-07,-0.0018507353
7.78975e-07,-0.0018564798
7.79075e-07,-0.0018672507
7.79175e-07,-0.0018780216
7.79275e-07,-0.0018852022
7.79375e-07,-0.0018866383
7.79475e-07,-0.0018837661
7.79575e-07,-0.0018816119
7.79675e-07,-0.0018852022
7.79775e-07,-0.0018981273
7.79875e-07,-0.0019196691
7.79975e-07,-0.0019440832
7.80075e-07,-0.001965625
7.80175e-07,-0.0019792682
7.80275e-07,-0.0019850126
7.80375e-07,-0.0019864488
7.80475e-07,-0.0019886029
7.80575e-07,-0.0019965016
7.80675e-07,-0.0020108628
7.80775e-07,-0.0020288143
7.80875e-07,-0.0020460478
7.80975e-07,-0.0020582548
7.81075e-07,-0.0020639993
7.81175e-07,-0.0020661535
7.81275e-07,-0.0020690257
7.81375e-07,-0.0020769244
7.81475e-07,-0.0020905676
7.81575e-07,-0.0021085191
7.81675e-07,-0.0021264706
7.81775e-07,-0.0021401137
7.81875e-07,-0.0021465763
7.81975e-07,-0.0021487305
7.82075e-07,-0.0021494485
7.82175e-07,-0.0021523208
7.82275e-07,-0.0021595014
7.82375e-07,-0.0021709903
7.82475e-07,-0.0021839154
7.82575e-07,-0.0021954044
7.82675e-07,-0.0022040211
7.82775e-07,-0.0022104837
7.82875e-07,-0.0022183824
7.82975e-07,-0.0022298713
7.83075e-07,-0.0022463867
7.83175e-07,-0.0022664924
7.83275e-07,-0.0022873162
7.83375e-07,-0.0023045496
7.83475e-07,-0.0023153205
7.83575e-07,-0.002320347
7.83675e-07,-0.0023217831
7.83775e-07,-0.0023239373
7.83875e-07,-0.0023318359
7.83975e-07,-0.0023461972
7.84075e-07,-0.002367739
