LECROYHDO6104B,11090,Waveform
Segments,1,SegmentSize,10002
Segment,TrigTime,TimeSinceSegment1
#1,04-May-2026 17:17:15,0                 
Time,Ampl
-2.160367e-07,-0.0076670267
-2.159367e-07,-0.0076526654
-2.158367e-07,-0.0076497932
-2.157367e-07,-0.0076605641
-2.156367e-07,-0.0076792337
-2.155367e-07,-0.0076986213
-2.154367e-07,-0.0077115464
-2.153367e-07,-0.007718009
-2.152367e-07,-0.0077194451
-2.151367e-07,-0.0077215993
-2.150367e-07,-0.0077273437
-2.149367e-07,-0.0077359605
-2.148367e-07,-0.0077431411
-2.147367e-07,-0.0077445772
-2.146367e-07,-0.0077402688
-2.145367e-07,-0.0077323702
-2.144367e-07,-0.0077280618
-2.143367e-07,-0.0077330882
-2.142367e-07,-0.0077481675
-2.141367e-07,-0.0077697093
-2.140367e-07,-0.007789815
-2.139367e-07,-0.0078020221
-2.138367e-07,-0.0078027401
-2.137367e-07,-0.0077962776
-2.136367e-07,-0.007789815
-2.135367e-07,-0.0077905331
-2.134367e-07,-0.0078005859
-2.133367e-07,-0.0078171013
-2.132367e-07,-0.0078314625
-2.131367e-07,-0.007836489
-2.130367e-07,-0.0078278722
-2.129367e-07,-0.0078077665
-2.128367e-07,-0.0077847886
-2.127367e-07,-0.0077675551
-2.126367e-07,-0.0077610926
-2.125367e-07,-0.0077646829
-2.124367e-07,-0.0077725816
-2.123367e-07,-0.0077790441
-2.122367e-07,-0.0077797622
-2.121367e-07,-0.0077761719
-2.120367e-07,-0.0077740177
-2.119367e-07,-0.0077790441
-2.118367e-07,-0.0077926873
-2.117367e-07,-0.0078120749
-2.116367e-07,-0.0078293084
-2.115367e-07,-0.007836489
-2.114367e-07,-0.0078300264
-2.113367e-07,-0.0078113568
-2.112367e-07,-0.0077876608
-2.111367e-07,-0.0077675551
-2.110367e-07,-0.0077553481
-2.109367e-07,-0.0077503217
-2.108367e-07,-0.0077488856
-2.107367e-07,-0.0077445772
-2.106367e-07,-0.0077352424
-2.105367e-07,-0.0077230354
-2.104367e-07,-0.0077122645
-2.103367e-07,-0.0077101103
-2.102367e-07,-0.0077172909
-2.101367e-07,-0.007730216
-2.100367e-07,-0.007742423
-2.099367e-07,-0.0077445772
-2.098367e-07,-0.0077338063
-2.097367e-07,-0.0077115464
-2.096367e-07,-0.0076849782
-2.095367e-07,-0.0076641544
-2.094367e-07,-0.0076533835
-2.093367e-07,-0.0076541016
-2.092367e-07,-0.007659846
-2.091367e-07,-0.0076641544
-2.090367e-07,-0.0076612822
-2.089367e-07,-0.0076505113
-2.088367e-07,-0.0076339959
-2.087367e-07,-0.0076181985
-2.086367e-07,-0.0076067096
-2.085367e-07,-0.0075988109
-2.084367e-07,-0.0075930664
-2.083367e-07,-0.0075837316
-2.082367e-07,-0.0075693704
-2.081367e-07,-0.0075499828
-2.080367e-07,-0.0075298771
-2.079367e-07,-0.0075147978
-2.078367e-07,-0.0075068991
-2.077367e-07,-0.0075061811
-2.076367e-07,-0.0075104894
-2.075367e-07,-0.0075147978
-2.074367e-07,-0.00751767
-2.073367e-07,-0.0075191062
-2.072367e-07,-0.0075212603
-2.071367e-07,-0.0075262868
-2.070367e-07,-0.0075327493
-2.069367e-07,-0.0075377757
-2.068367e-07,-0.0075363396
-2.067367e-07,-0.0075262868
-2.066367e-07,-0.0075083352
-2.065367e-07,-0.0074882295
-2.064367e-07,-0.0074738683
-2.063367e-07,-0.0074688419
-2.062367e-07,-0.0074753045
-2.061367e-07,-0.0074882295
-2.060367e-07,-0.0074997185
-2.059367e-07,-0.0075033088
-2.058367e-07,-0.0074961282
-2.057367e-07,-0.0074810489
-2.056367e-07,-0.0074652516
-2.055367e-07,-0.0074573529
-2.054367e-07,-0.0074602252
-2.053367e-07,-0.0074731503
-2.052367e-07,-0.0074896657
-2.051367e-07,-0.0075033088
-2.050367e-07,-0.0075097714
-2.049367e-07,-0.0075097714
-2.048367e-07,-0.007505463
-2.047367e-07,-0.0075033088
-2.046367e-07,-0.007505463
-2.045367e-07,-0.0075112075
-2.044367e-07,-0.0075191062
-2.043367e-07,-0.0075262868
-2.042367e-07,-0.0075313132
-2.041367e-07,-0.0075370577
-2.040367e-07,-0.0075463925
-2.039367e-07,-0.0075607537
-2.038367e-07,-0.0075794233
-2.037367e-07,-0.0075988109
-2.036367e-07,-0.007612454
-2.035367e-07,-0.0076181985
-2.034367e-07,-0.0076153263
-2.033367e-07,-0.0076095818
-2.032367e-07,-0.0076052734
-2.031367e-07,-0.0076067096
-2.030367e-07,-0.0076131721
-2.029367e-07,-0.0076210708
-2.028367e-07,-0.007623943
-2.027367e-07,-0.0076181985
-2.026367e-07,-0.0076059915
-2.025367e-07,-0.0075923483
-2.024367e-07,-0.0075837316
-2.023367e-07,-0.0075837316
-2.022367e-07,-0.0075901942
-2.021367e-07,-0.0075973748
-2.020367e-07,-0.0075959386
-2.019367e-07,-0.0075837316
-2.018367e-07,-0.0075636259
-2.017367e-07,-0.0075449563
-2.016367e-07,-0.0075377757
-2.015367e-07,-0.0075492647
-2.014367e-07,-0.007575833
-2.013367e-07,-0.0076059915
-2.012367e-07,-0.0076275333
-2.011367e-07,-0.0076296875
-2.010367e-07,-0.007611736
-2.009367e-07,-0.0075830136
-2.008367e-07,-0.0075578814
-2.007367e-07,-0.0075492647
-2.006367e-07,-0.0075600356
-2.005367e-07,-0.0075844497
-2.004367e-07,-0.0076081457
-2.003367e-07,-0.0076181985
-2.002367e-07,-0.0076088637
-2.001367e-07,-0.0075837316
-2.000367e-07,-0.0075557273
-1.999367e-07,-0.0075377757
-1.998367e-07,-0.0075384938
-1.997367e-07,-0.0075571634
-1.996367e-07,-0.0075844497
-1.995367e-07,-0.0076067096
-1.994367e-07,-0.0076167624
-1.993367e-07,-0.0076131721
-1.992367e-07,-0.0076031193
-1.991367e-07,-0.0075952206
-1.990367e-07,-0.0075973748
-1.989367e-07,-0.0076095818
-1.988367e-07,-0.0076268153
-1.987367e-07,-0.0076411765
-1.986367e-07,-0.0076483571
-1.985367e-07,-0.0076490751
-1.984367e-07,-0.007647639
-1.983367e-07,-0.0076526654
-1.982367e-07,-0.0076670267
-1.981367e-07,-0.0076878504
-1.980367e-07,-0.0077086742
-1.979367e-07,-0.0077215993
-1.978367e-07,-0.0077215993
-1.977367e-07,-0.0077108284
-1.976367e-07,-0.0076964671
-1.975367e-07,-0.0076871324
-1.974367e-07,-0.0076878504
-1.973367e-07,-0.0076986213
-1.972367e-07,-0.0077122645
-1.971367e-07,-0.0077215993
-1.970367e-07,-0.0077208812
-1.969367e-07,-0.0077101103
-1.968367e-07,-0.0076964671
-1.967367e-07,-0.0076871324
-1.966367e-07,-0.0076878504
-1.965367e-07,-0.0077000574
-1.964367e-07,-0.0077172909
-1.963367e-07,-0.0077330882
-1.962367e-07,-0.0077409869
-1.961367e-07,-0.0077402688
-1.960367e-07,-0.0077316521
-1.959367e-07,-0.0077215993
-1.958367e-07,-0.0077129825
-1.957367e-07,-0.0077058019
-1.956367e-07,-0.0076979033
-1.955367e-07,-0.0076871324
-1.954367e-07,-0.0076727711
-1.953367e-07,-0.007659128
-1.952367e-07,-0.0076505113
-1.951367e-07,-0.0076526654
-1.950367e-07,-0.0076655905
-1.949367e-07,-0.0076849782
-1.948367e-07,-0.0077022116
-1.947367e-07,-0.0077101103
-1.946367e-07,-0.0077050839
-1.945367e-07,-0.0076907227
-1.944367e-07,-0.0076742073
-1.943367e-07,-0.0076641544
-1.942367e-07,-0.0076663086
-1.941367e-07,-0.0076777976
-1.940367e-07,-0.0076921588
-1.939367e-07,-0.0076986213
-1.938367e-07,-0.0076914407
-1.937367e-07,-0.007670617
-1.936367e-07,-0.0076426126
-1.935367e-07,-0.0076181985
-1.934367e-07,-0.0076067096
-1.933367e-07,-0.007611736
-1.932367e-07,-0.0076296875
-1.931367e-07,-0.0076526654
-1.930367e-07,-0.007671335
-1.929367e-07,-0.0076792337
-1.928367e-07,-0.0076756434
-1.927367e-07,-0.0076641544
-1.926367e-07,-0.0076512293
-1.925367e-07,-0.0076426126
-1.924367e-07,-0.0076390223
-1.923367e-07,-0.0076411765
-1.922367e-07,-0.0076454848
-1.921367e-07,-0.0076490751
-1.920367e-07,-0.0076512293
-1.919367e-07,-0.0076526654
-1.918367e-07,-0.0076541016
-1.917367e-07,-0.0076569738
-1.916367e-07,-0.0076612822
-1.915367e-07,-0.0076641544
-1.914367e-07,-0.0076655905
-1.913367e-07,-0.0076634364
-1.912367e-07,-0.007659128
-1.911367e-07,-0.0076526654
-1.910367e-07,-0.0076462029
-1.909367e-07,-0.0076397403
-1.908367e-07,-0.0076339959
-1.907367e-07,-0.0076296875
-1.906367e-07,-0.0076268153
-1.905367e-07,-0.0076260972
-1.904367e-07,-0.0076268153
-1.903367e-07,-0.0076296875
-1.902367e-07,-0.0076318417
-1.901367e-07,-0.0076311236
-1.900367e-07,-0.0076268153
-1.899367e-07,-0.0076181985
-1.898367e-07,-0.0076081457
-1.897367e-07,-0.0075988109
-1.896367e-07,-0.0075945025
-1.895367e-07,-0.0075952206
-1.894367e-07,-0.007599529
-1.893367e-07,-0.0076024012
-1.892367e-07,-0.0076016831
-1.891367e-07,-0.0075952206
-1.890367e-07,-0.0075844497
-1.889367e-07,-0.0075722426
-1.888367e-07,-0.007564344
-1.887367e-07,-0.0075607537
-1.886367e-07,-0.0075607537
-1.885367e-07,-0.0075593176
-1.884367e-07,-0.007552855
-1.883367e-07,-0.0075377757
-1.882367e-07,-0.00751767
-1.881367e-07,-0.0074990005
-1.880367e-07,-0.0074882295
-1.879367e-07,-0.0074918199
-1.878367e-07,-0.0075083352
-1.877367e-07,-0.0075327493
-1.876367e-07,-0.0075564453
-1.875367e-07,-0.0075722426
-1.874367e-07,-0.007576551
-1.873367e-07,-0.0075722426
-1.872367e-07,-0.007565062
-1.871367e-07,-0.0075607537
-1.870367e-07,-0.0075636259
-1.869367e-07,-0.0075722426
-1.868367e-07,-0.0075844497
-1.867367e-07,-0.0075952206
-1.866367e-07,-0.0076024012
-1.865367e-07,-0.0076067096
-1.864367e-07,-0.0076110179
-1.863367e-07,-0.0076181985
-1.862367e-07,-0.0076296875
-1.861367e-07,-0.0076433307
-1.860367e-07,-0.0076562557
-1.859367e-07,-0.0076641544
-1.858367e-07,-0.0076677447
-1.857367e-07,-0.0076677447
-1.856367e-07,-0.0076698989
-1.855367e-07,-0.0076756434
-1.854367e-07,-0.0076856962
-1.853367e-07,-0.0076964671
-1.852367e-07,-0.0077050839
-1.851367e-07,-0.0077101103
-1.850367e-07,-0.0077122645
-1.849367e-07,-0.0077158548
-1.848367e-07,-0.0077266257
-1.847367e-07,-0.0077445772
-1.846367e-07,-0.0077682732
-1.845367e-07,-0.007789815
-1.844367e-07,-0.0078027401
-1.843367e-07,-0.0078020221
-1.842367e-07,-0.007789815
-1.841367e-07,-0.0077740177
-1.840367e-07,-0.0077646829
-1.839367e-07,-0.0077675551
-1.838367e-07,-0.0077833525
-1.837367e-07,-0.0078056124
-1.836367e-07,-0.0078228458
-1.835367e-07,-0.007825
-1.834367e-07,-0.0078099207
-1.833367e-07,-0.0077819164
-1.832367e-07,-0.0077531939
-1.831367e-07,-0.0077330882
-1.830367e-07,-0.0077287799
-1.829367e-07,-0.0077395508
-1.828367e-07,-0.0077553481
-1.827367e-07,-0.0077675551
-1.826367e-07,-0.0077675551
-1.825367e-07,-0.007753912
-1.824367e-07,-0.0077323702
-1.823367e-07,-0.0077101103
-1.822367e-07,-0.007695031
-1.821367e-07,-0.0076892865
-1.820367e-07,-0.0076921588
-1.819367e-07,-0.0076986213
-1.818367e-07,-0.0077050839
-1.817367e-07,-0.0077086742
-1.816367e-07,-0.0077101103
-1.815367e-07,-0.0077101103
-1.814367e-07,-0.0077086742
-1.813367e-07,-0.0077036477
-1.812367e-07,-0.0076928768
-1.811367e-07,-0.0076756434
-1.810367e-07,-0.0076533835
-1.809367e-07,-0.0076325597
-1.808367e-07,-0.0076189166
-1.807367e-07,-0.0076181985
-1.806367e-07,-0.0076296875
-1.805367e-07,-0.0076483571
-1.804367e-07,-0.0076655905
-1.803367e-07,-0.0076756434
-1.802367e-07,-0.0076749253
-1.801367e-07,-0.0076670267
-1.800367e-07,-0.0076576919
-1.799367e-07,-0.0076526654
-1.798367e-07,-0.0076541016
-1.797367e-07,-0.007659128
-1.796367e-07,-0.0076641544
-1.795367e-07,-0.0076641544
-1.794367e-07,-0.0076584099
-1.793367e-07,-0.0076512293
-1.792367e-07,-0.0076483571
-1.791367e-07,-0.0076526654
-1.790367e-07,-0.0076641544
-1.789367e-07,-0.0076763614
-1.788367e-07,-0.0076821059
-1.787367e-07,-0.0076756434
-1.786367e-07,-0.0076569738
-1.785367e-07,-0.0076339959
-1.784367e-07,-0.0076181985
-1.783367e-07,-0.0076181985
-1.782367e-07,-0.0076375862
-1.781367e-07,-0.007670617
-1.780367e-07,-0.00770652
-1.779367e-07,-0.0077330882
-1.778367e-07,-0.0077431411
-1.777367e-07,-0.0077359605
-1.776367e-07,-0.007718727
-1.775367e-07,-0.0076986213
-1.774367e-07,-0.007682824
-1.773367e-07,-0.0076742073
-1.772367e-07,-0.0076691808
-1.771367e-07,-0.0076641544
-1.770367e-07,-0.0076576919
-1.769367e-07,-0.0076512293
-1.768367e-07,-0.0076483571
-1.767367e-07,-0.0076526654
-1.766367e-07,-0.0076641544
-1.765367e-07,-0.0076777976
-1.764367e-07,-0.0076871324
-1.763367e-07,-0.0076871324
-1.762367e-07,-0.0076763614
-1.761367e-07,-0.0076605641
-1.760367e-07,-0.0076462029
-1.759367e-07,-0.0076411765
-1.758367e-07,-0.0076462029
-1.757367e-07,-0.0076576919
-1.756367e-07,-0.0076663086
-1.755367e-07,-0.0076641544
-1.754367e-07,-0.0076490751
-1.753367e-07,-0.0076246611
-1.752367e-07,-0.007600247
-1.751367e-07,-0.0075837316
-1.750367e-07,-0.0075794233
-1.749367e-07,-0.0075837316
-1.748367e-07,-0.00758804
-1.747367e-07,-0.0075837316
-1.746367e-07,-0.007565062
-1.745367e-07,-0.0075334674
-1.744367e-07,-0.0074982824
-1.743367e-07,-0.0074688419
-1.742367e-07,-0.0074530446
-1.741367e-07,-0.0074516085
-1.740367e-07,-0.0074595071
-1.739367e-07,-0.0074688419
-1.738367e-07,-0.0074724322
-1.737367e-07,-0.0074666877
-1.736367e-07,-0.0074523265
-1.735367e-07,-0.007434375
-1.734367e-07,-0.0074164235
-1.733367e-07,-0.0074006261
-1.732367e-07,-0.0073877011
-1.731367e-07,-0.0073769301
-1.730367e-07,-0.0073697495
-1.729367e-07,-0.0073697495
-1.728367e-07,-0.0073798024
-1.727367e-07,-0.0073999081
-1.726367e-07,-0.0074271944
-1.725367e-07,-0.0074551988
-1.724367e-07,-0.0074745864
-1.723367e-07,-0.0074803309
-1.722367e-07,-0.0074724322
-1.721367e-07,-0.0074559168
-1.720367e-07,-0.0074408375
-1.719367e-07,-0.007434375
-1.718367e-07,-0.0074386834
-1.717367e-07,-0.0074508904
-1.716367e-07,-0.0074630974
-1.715367e-07,-0.0074688419
-1.714367e-07,-0.0074652516
-1.713367e-07,-0.0074566349
-1.712367e-07,-0.0074480182
-1.711367e-07,-0.007445864
-1.710367e-07,-0.0074523265
-1.709367e-07,-0.0074623794
-1.708367e-07,-0.007470278
-1.707367e-07,-0.0074688419
-1.706367e-07,-0.007458071
-1.705367e-07,-0.0074429917
-1.704367e-07,-0.0074322208
-1.703367e-07,-0.007434375
-1.702367e-07,-0.0074508904
-1.701367e-07,-0.0074760225
-1.700367e-07,-0.0075004366
-1.699367e-07,-0.0075147978
-1.698367e-07,-0.0075133617
-1.697367e-07,-0.0074997185
-1.696367e-07,-0.007481767
-1.695367e-07,-0.0074688419
-1.694367e-07,-0.0074681239
-1.693367e-07,-0.0074781767
-1.692367e-07,-0.0074925379
-1.691367e-07,-0.0075033088
-1.690367e-07,-0.0075047449
-1.689367e-07,-0.0074954102
-1.688367e-07,-0.0074810489
-1.687367e-07,-0.0074688419
-1.686367e-07,-0.0074638155
-1.685367e-07,-0.0074681239
-1.684367e-07,-0.0074788948
-1.683367e-07,-0.0074918199
-1.682367e-07,-0.0075047449
-1.681367e-07,-0.0075155159
-1.680367e-07,-0.0075262868
-1.679367e-07,-0.0075377757
-1.678367e-07,-0.0075485466
-1.677367e-07,-0.0075557273
-1.676367e-07,-0.0075564453
-1.675367e-07,-0.0075492647
-1.674367e-07,-0.0075370577
-1.673367e-07,-0.0075277229
-1.672367e-07,-0.0075262868
-1.671367e-07,-0.0075377757
-1.670367e-07,-0.0075578814
-1.669367e-07,-0.0075787052
-1.668367e-07,-0.0075894761
-1.667367e-07,-0.0075837316
-1.666367e-07,-0.0075614717
-1.665367e-07,-0.0075313132
-1.664367e-07,-0.0075047449
-1.663367e-07,-0.0074918199
-1.662367e-07,-0.0074961282
-1.661367e-07,-0.0075119256
-1.660367e-07,-0.0075284409
-1.659367e-07,-0.0075377757
-1.658367e-07,-0.0075349035
-1.657367e-07,-0.0075241326
-1.656367e-07,-0.0075147978
-1.655367e-07,-0.0075147978
-1.654367e-07,-0.0075284409
-1.653367e-07,-0.0075507008
-1.652367e-07,-0.0075722426
-1.651367e-07,-0.0075837316
-1.650367e-07,-0.0075801413
-1.649367e-07,-0.007564344
-1.648367e-07,-0.0075471105
-1.647367e-07,-0.0075377757
-1.646367e-07,-0.0075435202
-1.645367e-07,-0.0075621898
-1.644367e-07,-0.0075858858
-1.643367e-07,-0.0076067096
-1.642367e-07,-0.0076174805
-1.641367e-07,-0.0076181985
-1.640367e-07,-0.0076160443
-1.639367e-07,-0.0076181985
-1.638367e-07,-0.0076289694
-1.637367e-07,-0.0076462029
-1.636367e-07,-0.0076648725
-1.635367e-07,-0.0076756434
-1.634367e-07,-0.0076756434
-1.633367e-07,-0.0076663086
-1.632367e-07,-0.0076555377
-1.631367e-07,-0.0076526654
-1.630367e-07,-0.0076627183
-1.629367e-07,-0.0076842601
-1.628367e-07,-0.0077108284
-1.627367e-07,-0.0077330882
-1.626367e-07,-0.0077445772
-1.625367e-07,-0.0077438591
-1.624367e-07,-0.0077373966
-1.623367e-07,-0.0077330882
-1.622367e-07,-0.0077373966
-1.621367e-07,-0.0077517578
-1.620367e-07,-0.0077718635
-1.619367e-07,-0.0077905331
-1.618367e-07,-0.0078020221
-1.617367e-07,-0.0078034582
-1.616367e-07,-0.0077977137
-1.615367e-07,-0.0077905331
-1.614367e-07,-0.0077869428
-1.613367e-07,-0.007789097
-1.612367e-07,-0.0077955595
-1.611367e-07,-0.0078020221
-1.610367e-07,-0.0078056124
-1.609367e-07,-0.0078056124
-1.608367e-07,-0.0078034582
-1.607367e-07,-0.0078020221
-1.606367e-07,-0.0078027401
-1.605367e-07,-0.0078048943
-1.604367e-07,-0.0078063304
-1.603367e-07,-0.0078020221
-1.602367e-07,-0.0077905331
-1.601367e-07,-0.0077732996
-1.600367e-07,-0.0077524759
-1.599367e-07,-0.0077330882
-1.598367e-07,-0.0077172909
-1.597367e-07,-0.0077072381
-1.596367e-07,-0.0077014936
-1.595367e-07,-0.0076986213
-1.594367e-07,-0.0076986213
-1.593367e-07,-0.0077029297
-1.592367e-07,-0.0077108284
-1.591367e-07,-0.0077215993
-1.590367e-07,-0.0077330882
-1.589367e-07,-0.0077402688
-1.588367e-07,-0.0077402688
-1.587367e-07,-0.0077330882
-1.586367e-07,-0.0077230354
-1.585367e-07,-0.0077165728
-1.584367e-07,-0.0077194451
-1.583367e-07,-0.0077330882
-1.582367e-07,-0.0077531939
-1.581367e-07,-0.0077711455
-1.580367e-07,-0.007777608
-1.579367e-07,-0.0077675551
-1.578367e-07,-0.0077438591
-1.577367e-07,-0.0077165728
-1.576367e-07,-0.0076986213
-1.575367e-07,-0.0076986213
-1.574367e-07,-0.007718009
-1.573367e-07,-0.0077481675
-1.572367e-07,-0.0077768899
-1.571367e-07,-0.0077905331
-1.570367e-07,-0.0077840705
-1.569367e-07,-0.0077610926
-1.568367e-07,-0.0077316521
-1.567367e-07,-0.0077101103
-1.566367e-07,-0.0077043658
-1.565367e-07,-0.0077144187
-1.564367e-07,-0.0077352424
-1.563367e-07,-0.0077560662
-1.562367e-07,-0.0077682732
-1.561367e-07,-0.0077704274
-1.560367e-07,-0.0077639648
-1.559367e-07,-0.0077560662
-1.558367e-07,-0.0077524759
-1.557367e-07,-0.0077531939
-1.556367e-07,-0.0077567842
-1.555367e-07,-0.0077560662
-1.554367e-07,-0.0077481675
-1.553367e-07,-0.0077323702
-1.552367e-07,-0.0077144187
-1.551367e-07,-0.0076986213
-1.550367e-07,-0.0076914407
-1.549367e-07,-0.0076928768
-1.548367e-07,-0.0077007755
-1.547367e-07,-0.0077101103
-1.546367e-07,-0.0077158548
-1.545367e-07,-0.0077165728
-1.544367e-07,-0.0077129825
-1.543367e-07,-0.0077101103
-1.542367e-07,-0.0077093922
-1.541367e-07,-0.0077108284
-1.540367e-07,-0.0077115464
-1.539367e-07,-0.0077101103
-1.538367e-07,-0.0077036477
-1.537367e-07,-0.0076928768
-1.536367e-07,-0.0076821059
-1.535367e-07,-0.0076756434
-1.534367e-07,-0.0076756434
-1.533367e-07,-0.0076813879
-1.532367e-07,-0.0076900046
-1.531367e-07,-0.0076986213
-1.530367e-07,-0.0077043658
-1.529367e-07,-0.00770652
-1.528367e-07,-0.0077079561
-1.527367e-07,-0.0077101103
-1.526367e-07,-0.0077129825
-1.525367e-07,-0.0077158548
-1.524367e-07,-0.0077158548
-1.523367e-07,-0.0077101103
-1.522367e-07,-0.0076993394
-1.521367e-07,-0.0076856962
-1.520367e-07,-0.0076727711
-1.519367e-07,-0.0076641544
-1.518367e-07,-0.007659846
-1.517367e-07,-0.0076569738
-1.516367e-07,-0.0076512293
-1.515367e-07,-0.0076411765
-1.514367e-07,-0.0076268153
-1.513367e-07,-0.0076131721
-1.512367e-07,-0.0076052734
-1.511367e-07,-0.0076067096
-1.510367e-07,-0.0076181985
-1.509367e-07,-0.0076347139
-1.508367e-07,-0.0076483571
-1.507367e-07,-0.0076526654
-1.506367e-07,-0.0076454848
-1.505367e-07,-0.0076289694
-1.504367e-07,-0.0076102999
-1.503367e-07,-0.0075952206
-1.502367e-07,-0.007588758
-1.501367e-07,-0.0075909122
-1.500367e-07,-0.0075988109
-1.499367e-07,-0.0076067096
-1.498367e-07,-0.0076131721
-1.497367e-07,-0.0076174805
-1.496367e-07,-0.0076225069
-1.495367e-07,-0.0076296875
-1.494367e-07,-0.0076397403
-1.493367e-07,-0.0076490751
-1.492367e-07,-0.0076541016
-1.491367e-07,-0.0076526654
-1.490367e-07,-0.0076447668
-1.489367e-07,-0.0076339959
-1.488367e-07,-0.0076275333
-1.487367e-07,-0.0076296875
-1.486367e-07,-0.0076418945
-1.485367e-07,-0.0076612822
-1.484367e-07,-0.0076821059
-1.483367e-07,-0.0076986213
-1.482367e-07,-0.0077086742
-1.481367e-07,-0.0077129825
-1.480367e-07,-0.0077165728
-1.479367e-07,-0.0077215993
-1.478367e-07,-0.0077294979
-1.477367e-07,-0.0077366785
-1.476367e-07,-0.0077388327
-1.475367e-07,-0.0077330882
-1.474367e-07,-0.0077194451
-1.473367e-07,-0.0077029297
-1.472367e-07,-0.0076907227
-1.471367e-07,-0.0076871324
-1.470367e-07,-0.0076935949
-1.469367e-07,-0.0077058019
-1.468367e-07,-0.0077172909
-1.467367e-07,-0.0077215993
-1.466367e-07,-0.007718727
-1.465367e-07,-0.0077115464
-1.464367e-07,-0.00770652
-1.463367e-07,-0.0077101103
-1.462367e-07,-0.0077223173
-1.461367e-07,-0.0077373966
-1.460367e-07,-0.0077474494
-1.459367e-07,-0.0077445772
-1.458367e-07,-0.0077266257
-1.457367e-07,-0.0076971852
-1.456367e-07,-0.0076655905
-1.455367e-07,-0.0076411765
-1.454367e-07,-0.0076311236
-1.453367e-07,-0.0076347139
-1.452367e-07,-0.0076483571
-1.451367e-07,-0.0076641544
-1.450367e-07,-0.0076763614
-1.449367e-07,-0.007683542
-1.448367e-07,-0.0076864143
-1.447367e-07,-0.0076871324
-1.446367e-07,-0.0076864143
-1.445367e-07,-0.007683542
-1.444367e-07,-0.0076763614
-1.443367e-07,-0.0076641544
-1.442367e-07,-0.0076497932
-1.441367e-07,-0.0076375862
-1.440367e-07,-0.0076339959
-1.439367e-07,-0.0076411765
-1.438367e-07,-0.0076562557
-1.437367e-07,-0.0076720531
-1.436367e-07,-0.0076799517
-1.435367e-07,-0.0076756434
-1.434367e-07,-0.007659846
-1.433367e-07,-0.0076390223
-1.432367e-07,-0.0076225069
-1.431367e-07,-0.0076181985
-1.430367e-07,-0.0076253791
-1.429367e-07,-0.0076383042
-1.428367e-07,-0.0076462029
-1.427367e-07,-0.0076411765
-1.426367e-07,-0.0076210708
-1.425367e-07,-0.0075923483
-1.424367e-07,-0.007564344
-1.423367e-07,-0.0075492647
-1.422367e-07,-0.0075507008
-1.421367e-07,-0.0075657801
-1.420367e-07,-0.0075873219
-1.419367e-07,-0.0076067096
-1.418367e-07,-0.0076181985
-1.417367e-07,-0.007623225
-1.416367e-07,-0.0076253791
-1.415367e-07,-0.0076296875
-1.414367e-07,-0.0076375862
-1.413367e-07,-0.0076454848
-1.412367e-07,-0.0076483571
-1.411367e-07,-0.0076411765
-1.410367e-07,-0.0076253791
-1.409367e-07,-0.0076074276
-1.408367e-07,-0.0075952206
-1.407367e-07,-0.0075952206
-1.406367e-07,-0.0076081457
-1.405367e-07,-0.0076282514
-1.404367e-07,-0.0076454848
-1.403367e-07,-0.0076526654
-1.402367e-07,-0.0076490751
-1.401367e-07,-0.0076390223
-1.400367e-07,-0.0076304056
-1.399367e-07,-0.0076296875
-1.398367e-07,-0.00763615
-1.397367e-07,-0.0076418945
-1.396367e-07,-0.0076375862
-1.395367e-07,-0.0076181985
-1.394367e-07,-0.0075851677
-1.393367e-07,-0.0075499828
-1.392367e-07,-0.0075262868
-1.391367e-07,-0.0075262868
-1.390367e-07,-0.0075499828
-1.389367e-07,-0.00758804
-1.388367e-07,-0.007623225
-1.387367e-07,-0.0076411765
-1.386367e-07,-0.0076347139
-1.385367e-07,-0.0076095818
-1.384367e-07,-0.0075794233
-1.383367e-07,-0.0075607537
-1.382367e-07,-0.0075614717
-1.381367e-07,-0.0075794233
-1.380367e-07,-0.0076031193
-1.379367e-07,-0.0076181985
-1.378367e-07,-0.0076138902
-1.377367e-07,-0.0075909122
-1.376367e-07,-0.0075571634
-1.375367e-07,-0.0075262868
-1.374367e-07,-0.0075083352
-1.373367e-07,-0.0075061811
-1.372367e-07,-0.0075147978
-1.371367e-07,-0.0075262868
-1.370367e-07,-0.0075327493
-1.369367e-07,-0.0075320312
-1.368367e-07,-0.0075277229
-1.367367e-07,-0.0075262868
-1.366367e-07,-0.0075313132
-1.365367e-07,-0.0075428022
-1.364367e-07,-0.0075550092
-1.363367e-07,-0.0075607537
-1.362367e-07,-0.0075578814
-1.361367e-07,-0.0075485466
-1.360367e-07,-0.0075392119
-1.359367e-07,-0.0075377757
-1.358367e-07,-0.0075471105
-1.357367e-07,-0.007564344
-1.356367e-07,-0.0075830136
-1.355367e-07,-0.0075952206
-1.354367e-07,-0.0075973748
-1.353367e-07,-0.0075909122
-1.352367e-07,-0.0075844497
-1.351367e-07,-0.0075837316
-1.350367e-07,-0.0075937845
-1.349367e-07,-0.007611736
-1.348367e-07,-0.0076296875
-1.347367e-07,-0.0076411765
-1.346367e-07,-0.0076404584
-1.345367e-07,-0.0076304056
-1.344367e-07,-0.0076160443
-1.343367e-07,-0.0076067096
-1.342367e-07,-0.0076059915
-1.341367e-07,-0.0076138902
-1.340367e-07,-0.007623943
-1.339367e-07,-0.0076296875
-1.338367e-07,-0.0076282514
-1.337367e-07,-0.0076225069
-1.336367e-07,-0.0076167624
-1.335367e-07,-0.0076181985
-1.334367e-07,-0.0076289694
-1.333367e-07,-0.0076447668
-1.332367e-07,-0.007659128
-1.331367e-07,-0.0076641544
-1.330367e-07,-0.0076562557
-1.329367e-07,-0.0076390223
-1.328367e-07,-0.0076196347
-1.327367e-07,-0.0076067096
-1.326367e-07,-0.0076045554
-1.325367e-07,-0.007612454
-1.324367e-07,-0.007623225
-1.323367e-07,-0.0076296875
-1.322367e-07,-0.0076268153
-1.321367e-07,-0.0076160443
-1.320367e-07,-0.0076031193
-1.319367e-07,-0.0075952206
-1.318367e-07,-0.0075966567
-1.317367e-07,-0.0076067096
-1.316367e-07,-0.0076203527
-1.315367e-07,-0.0076296875
-1.314367e-07,-0.0076304056
-1.313367e-07,-0.0076217888
-1.312367e-07,-0.0076081457
-1.311367e-07,-0.0075952206
-1.310367e-07,-0.0075866039
-1.309367e-07,-0.0075830136
-1.308367e-07,-0.0075830136
-1.307367e-07,-0.0075837316
-1.306367e-07,-0.0075844497
-1.305367e-07,-0.0075873219
-1.304367e-07,-0.0075945025
-1.303367e-07,-0.0076067096
-1.302367e-07,-0.0076225069
-1.301367e-07,-0.0076347139
-1.300367e-07,-0.0076390223
-1.299367e-07,-0.0076296875
-1.298367e-07,-0.0076095818
-1.297367e-07,-0.0075858858
-1.296367e-07,-0.0075672162
-1.295367e-07,-0.0075607537
-1.294367e-07,-0.0075679343
-1.293367e-07,-0.0075815774
-1.292367e-07,-0.0075937845
-1.291367e-07,-0.0075952206
-1.290367e-07,-0.0075844497
-1.289367e-07,-0.0075672162
-1.288367e-07,-0.0075521369
-1.287367e-07,-0.0075492647
-1.286367e-07,-0.0075607537
-1.285367e-07,-0.0075808594
-1.284367e-07,-0.007600247
-1.283367e-07,-0.0076067096
-1.282367e-07,-0.0075952206
-1.281367e-07,-0.0075693704
-1.280367e-07,-0.0075377757
-1.279367e-07,-0.0075147978
-1.278367e-07,-0.0075076172
-1.277367e-07,-0.0075183881
-1.276367e-07,-0.0075399299
-1.275367e-07,-0.0075607537
-1.274367e-07,-0.0075729607
-1.273367e-07,-0.0075736788
-1.272367e-07,-0.0075672162
-1.271367e-07,-0.0075607537
-1.270367e-07,-0.0075621898
-1.269367e-07,-0.0075729607
-1.268367e-07,-0.0075901942
-1.267367e-07,-0.0076067096
-1.266367e-07,-0.0076146082
-1.265367e-07,-0.007611736
-1.264367e-07,-0.0075988109
-1.263367e-07,-0.0075837316
-1.262367e-07,-0.0075729607
-1.261367e-07,-0.0075715246
-1.260367e-07,-0.0075801413
-1.259367e-07,-0.0075952206
-1.258367e-07,-0.007611736
-1.257367e-07,-0.0076260972
-1.256367e-07,-0.007635432
-1.255367e-07,-0.0076411765
-1.254367e-07,-0.0076447668
-1.253367e-07,-0.007647639
-1.252367e-07,-0.0076505113
-1.251367e-07,-0.0076526654
-1.250367e-07,-0.0076541016
-1.249367e-07,-0.0076562557
-1.248367e-07,-0.007659128
-1.247367e-07,-0.0076641544
-1.246367e-07,-0.007671335
-1.245367e-07,-0.0076806698
-1.244367e-07,-0.0076892865
-1.243367e-07,-0.0076986213
-1.242367e-07,-0.0077079561
-1.241367e-07,-0.007718727
-1.240367e-07,-0.0077309341
-1.239367e-07,-0.0077445772
-1.238367e-07,-0.0077553481
-1.237367e-07,-0.0077603745
-1.236367e-07,-0.0077567842
-1.235367e-07,-0.0077445772
-1.234367e-07,-0.0077280618
-1.233367e-07,-0.0077137006
-1.232367e-07,-0.0077072381
-1.231367e-07,-0.0077101103
-1.230367e-07,-0.0077201631
-1.229367e-07,-0.007730216
-1.228367e-07,-0.0077359605
-1.227367e-07,-0.0077330882
-1.226367e-07,-0.0077251896
-1.225367e-07,-0.0077165728
-1.224367e-07,-0.0077151367
-1.223367e-07,-0.0077215993
-1.222367e-07,-0.0077330882
-1.221367e-07,-0.007741705
-1.220367e-07,-0.0077388327
-1.219367e-07,-0.0077215993
-1.218367e-07,-0.0076935949
-1.217367e-07,-0.0076641544
-1.216367e-07,-0.0076440487
-1.215367e-07,-0.0076411765
-1.214367e-07,-0.0076548196
-1.213367e-07,-0.0076756434
-1.212367e-07,-0.0076935949
-1.211367e-07,-0.0076986213
-1.210367e-07,-0.0076885685
-1.209367e-07,-0.0076691808
-1.208367e-07,-0.0076505113
-1.207367e-07,-0.0076411765
-1.206367e-07,-0.0076433307
-1.205367e-07,-0.0076512293
-1.204367e-07,-0.0076569738
-1.203367e-07,-0.0076526654
-1.202367e-07,-0.00763615
-1.201367e-07,-0.007612454
-1.200367e-07,-0.0075923483
-1.199367e-07,-0.0075837316
-1.198367e-07,-0.0075901942
-1.197367e-07,-0.0076059915
-1.196367e-07,-0.0076217888
-1.195367e-07,-0.0076296875
-1.194367e-07,-0.0076260972
-1.193367e-07,-0.0076146082
-1.192367e-07,-0.0076052734
-1.191367e-07,-0.0076067096
-1.190367e-07,-0.0076210708
-1.189367e-07,-0.0076418945
-1.188367e-07,-0.007659846
-1.187367e-07,-0.0076641544
-1.186367e-07,-0.0076497932
-1.185367e-07,-0.0076225069
-1.184367e-07,-0.0075923483
-1.183367e-07,-0.0075722426
-1.182367e-07,-0.0075679343
-1.181367e-07,-0.0075787052
-1.180367e-07,-0.0075952206
-1.179367e-07,-0.0076067096
-1.178367e-07,-0.0076052734
-1.177367e-07,-0.0075923483
-1.176367e-07,-0.0075743968
-1.175367e-07,-0.0075607537
-1.174367e-07,-0.0075578814
-1.173367e-07,-0.0075657801
-1.172367e-07,-0.0075779871
-1.171367e-07,-0.0075837316
-1.170367e-07,-0.0075772691
-1.169367e-07,-0.0075578814
-1.168367e-07,-0.0075298771
-1.167367e-07,-0.0075033088
-1.166367e-07,-0.0074846392
-1.165367e-07,-0.0074767406
-1.164367e-07,-0.0074774586
-1.163367e-07,-0.0074803309
-1.162367e-07,-0.0074810489
-1.161367e-07,-0.0074788948
-1.160367e-07,-0.0074731503
-1.159367e-07,-0.0074688419
-1.158367e-07,-0.0074666877
-1.157367e-07,-0.0074652516
-1.156367e-07,-0.0074630974
-1.155367e-07,-0.0074573529
-1.154367e-07,-0.0074480182
-1.153367e-07,-0.0074386834
-1.152367e-07,-0.0074329389
-1.151367e-07,-0.007434375
-1.150367e-07,-0.0074408375
-1.149367e-07,-0.0074487362
-1.148367e-07,-0.0074516085
-1.147367e-07,-0.007445864
-1.146367e-07,-0.0074336569
-1.145367e-07,-0.0074214499
-1.144367e-07,-0.0074157054
-1.143367e-07,-0.007422886
-1.142367e-07,-0.0074401195
-1.141367e-07,-0.0074595071
-1.140367e-07,-0.0074717142
-1.139367e-07,-0.0074688419
-1.138367e-07,-0.0074516085
-1.137367e-07,-0.0074271944
-1.136367e-07,-0.0074070887
-1.135367e-07,-0.0073999081
-1.134367e-07,-0.0074085248
-1.133367e-07,-0.0074279125
-1.132367e-07,-0.007446582
-1.131367e-07,-0.0074573529
-1.130367e-07,-0.0074566349
-1.129367e-07,-0.0074501723
-1.128367e-07,-0.0074473001
-1.127367e-07,-0.0074573529
-1.126367e-07,-0.007481767
-1.125367e-07,-0.0075147978
-1.124367e-07,-0.0075449563
-1.123367e-07,-0.0075607537
-1.122367e-07,-0.0075578814
-1.121367e-07,-0.0075399299
-1.120367e-07,-0.00751767
-1.119367e-07,-0.0075033088
-1.118367e-07,-0.0075025908
-1.117367e-07,-0.0075133617
-1.116367e-07,-0.0075284409
-1.115367e-07,-0.0075377757
-1.114367e-07,-0.0075356216
-1.113367e-07,-0.0075241326
-1.112367e-07,-0.0075104894
-1.111367e-07,-0.0075033088
-1.110367e-07,-0.0075076172
-1.109367e-07,-0.0075219784
-1.108367e-07,-0.0075384938
-1.107367e-07,-0.0075492647
-1.106367e-07,-0.0075485466
-1.105367e-07,-0.0075384938
-1.104367e-07,-0.0075241326
-1.103367e-07,-0.0075147978
-1.102367e-07,-0.0075140797
-1.101367e-07,-0.0075205423
-1.100367e-07,-0.0075270048
-1.099367e-07,-0.0075262868
-1.098367e-07,-0.0075140797
-1.097367e-07,-0.0074911018
-1.096367e-07,-0.0074659697
-1.095367e-07,-0.007445864
-1.094367e-07,-0.0074365292
-1.093367e-07,-0.0074386834
-1.092367e-07,-0.0074480182
-1.091367e-07,-0.0074573529
-1.090367e-07,-0.0074638155
-1.089367e-07,-0.0074659697
-1.088367e-07,-0.0074674058
-1.087367e-07,-0.0074688419
-1.086367e-07,-0.007470278
-1.085367e-07,-0.0074681239
-1.084367e-07,-0.0074566349
-1.083367e-07,-0.007434375
-1.082367e-07,-0.0074042165
-1.081367e-07,-0.0073740579
-1.080367e-07,-0.0073546703
-1.079367e-07,-0.0073539522
-1.078367e-07,-0.0073711857
-1.077367e-07,-0.007398472
-1.076367e-07,-0.0074236041
-1.075367e-07,-0.007434375
-1.074367e-07,-0.0074264763
-1.073367e-07,-0.0074042165
-1.072367e-07,-0.0073762121
-1.071367e-07,-0.0073539522
-1.070367e-07,-0.0073431813
-1.069367e-07,-0.0073438994
-1.068367e-07,-0.0073496438
-1.067367e-07,-0.0073539522
-1.066367e-07,-0.0073532341
-1.065367e-07,-0.0073489258
-1.064367e-07,-0.0073474897
-1.063367e-07,-0.0073539522
-1.062367e-07,-0.0073683134
-1.061367e-07,-0.0073862649
-1.060367e-07,-0.00739919
-1.059367e-07,-0.0073999081
-1.058367e-07,-0.0073877011
-1.057367e-07,-0.0073675954
-1.056367e-07,-0.0073496438
-1.055367e-07,-0.0073424632
-1.054367e-07,-0.0073489258
-1.053367e-07,-0.0073625689
-1.052367e-07,-0.007375494
-1.051367e-07,-0.0073769301
-1.050367e-07,-0.0073647231
-1.049367e-07,-0.0073438994
-1.048367e-07,-0.0073252298
-1.047367e-07,-0.0073194853
-1.046367e-07,-0.0073316923
-1.045367e-07,-0.0073582606
-1.044367e-07,-0.0073891372
-1.043367e-07,-0.0074113971
-1.042367e-07,-0.0074178596
-1.041367e-07,-0.0074092429
-1.040367e-07,-0.0073927275
-1.039367e-07,-0.0073769301
-1.038367e-07,-0.0073697495
-1.037367e-07,-0.0073726218
-1.036367e-07,-0.0073805205
-1.035367e-07,-0.0073884191
-1.034367e-07,-0.0073912914
-1.033367e-07,-0.0073912914
-1.032367e-07,-0.0073927275
-1.031367e-07,-0.0073999081
-1.030367e-07,-0.0074149874
-1.029367e-07,-0.007434375
-1.028367e-07,-0.0074508904
-1.027367e-07,-0.0074573529
-1.026367e-07,-0.0074523265
-1.025367e-07,-0.0074401195
-1.024367e-07,-0.0074271944
-1.023367e-07,-0.007422886
-1.022367e-07,-0.0074286305
-1.021367e-07,-0.0074415556
-1.020367e-07,-0.0074537626
-1.019367e-07,-0.0074573529
-1.018367e-07,-0.0074487362
-1.017367e-07,-0.0074307847
-1.016367e-07,-0.0074121151
-1.015367e-07,-0.0073999081
-1.014367e-07,-0.0073977539
-1.013367e-07,-0.0074042165
-1.012367e-07,-0.007410679
-1.011367e-07,-0.0074113971
-1.010367e-07,-0.0074027803
-1.009367e-07,-0.0073884191
-1.008367e-07,-0.0073733398
-1.007367e-07,-0.0073654412
-1.006367e-07,-0.0073654412
-1.005367e-07,-0.0073690315
-1.004367e-07,-0.0073675954
-1.003367e-07,-0.0073539522
-1.002367e-07,-0.0073266659
-1.001367e-07,-0.0072914809
-1.000367e-07,-0.0072584501
-9.993671e-08,-0.0072390625
-9.983671e-08,-0.0072376264
-9.973671e-08,-0.0072519876
-9.963671e-08,-0.0072713752
-9.953671e-08,-0.0072850184
-9.943671e-08,-0.0072864545
-9.933671e-08,-0.0072764017
-9.923671e-08,-0.0072613224
-9.913671e-08,-0.0072505515
-9.903671e-08,-0.0072505515
-9.893671e-08,-0.0072613224
-9.883671e-08,-0.0072792739
-9.873671e-08,-0.0072965074
-9.863671e-08,-0.0073079963
-9.853671e-08,-0.0073137408
-9.843671e-08,-0.007315895
-9.833671e-08,-0.0073194853
-9.823671e-08,-0.007327384
-9.813671e-08,-0.0073381549
-9.803671e-08,-0.0073482077
-9.793671e-08,-0.0073539522
-9.783671e-08,-0.0073539522
-9.773671e-08,-0.0073503619
-9.763671e-08,-0.0073496438
-9.753671e-08,-0.0073539522
-9.743671e-08,-0.0073640051
-9.733671e-08,-0.007374776
-9.723671e-08,-0.0073805205
-9.713671e-08,-0.0073769301
-9.703671e-08,-0.0073640051
-9.693671e-08,-0.0073489258
-9.683671e-08,-0.007339591
-9.673671e-08,-0.0073424632
-9.663671e-08,-0.0073575425
-9.653671e-08,-0.0073783663
-9.643671e-08,-0.0073948817
-9.633671e-08,-0.0073999081
-9.623671e-08,-0.0073912914
-9.613671e-08,-0.007374776
-9.603671e-08,-0.0073596967
-9.593671e-08,-0.0073539522
-9.583671e-08,-0.0073589786
-9.573671e-08,-0.0073704676
-9.563671e-08,-0.0073790843
-9.553671e-08,-0.0073769301
-9.543671e-08,-0.0073625689
-9.533671e-08,-0.0073417452
-9.523671e-08,-0.0073245117
-9.513671e-08,-0.0073194853
-9.503671e-08,-0.0073295381
-9.493671e-08,-0.0073482077
-9.483671e-08,-0.0073640051
-9.473671e-08,-0.0073654412
-9.463671e-08,-0.0073482077
-9.453671e-08,-0.007315895
-9.443671e-08,-0.0072792739
-9.433671e-08,-0.0072505515
-9.423671e-08,-0.0072369083
-9.413671e-08,-0.0072383444
-9.403671e-08,-0.0072498334
-9.393671e-08,-0.0072620404
-9.383671e-08,-0.0072706572
-9.373671e-08,-0.0072749655
-9.363671e-08,-0.0072785558
-9.353671e-08,-0.0072850184
-9.343671e-08,-0.0072950712
-9.333671e-08,-0.007304406
-9.323671e-08,-0.0073065602
-9.313671e-08,-0.0072965074
-9.303671e-08,-0.0072756836
-9.293671e-08,-0.0072527057
-9.283671e-08,-0.0072369083
-9.273671e-08,-0.0072390625
-9.263671e-08,-0.0072598863
-9.253671e-08,-0.0072914809
-9.243671e-08,-0.0073230756
-9.233671e-08,-0.0073424632
-9.223671e-08,-0.0073438994
-9.213671e-08,-0.0073316923
-9.203671e-08,-0.007315895
-9.193671e-08,-0.0073079963
-9.183671e-08,-0.0073144589
-9.173671e-08,-0.0073338465
-9.163671e-08,-0.0073582606
-9.153671e-08,-0.0073769301
-9.143671e-08,-0.0073841108
-9.133671e-08,-0.0073798024
-9.123671e-08,-0.0073711857
-9.113671e-08,-0.0073654412
-9.103671e-08,-0.0073683134
-9.093671e-08,-0.0073790843
-9.083671e-08,-0.0073912914
-9.073671e-08,-0.0073999081
-9.063671e-08,-0.0074013442
-9.053671e-08,-0.0073977539
-9.043671e-08,-0.0073955997
-9.033671e-08,-0.0073999081
-9.023671e-08,-0.0074121151
-9.013671e-08,-0.0074286305
-9.003671e-08,-0.0074422737
-8.993671e-08,-0.007445864
-8.983671e-08,-0.0074386834
-8.973671e-08,-0.0074271944
-8.963671e-08,-0.0074192957
-8.953671e-08,-0.007422886
-8.943671e-08,-0.0074401195
-8.933671e-08,-0.0074645335
-8.923671e-08,-0.0074846392
-8.913671e-08,-0.0074918199
-8.903671e-08,-0.0074824851
-8.893671e-08,-0.0074616613
-8.883671e-08,-0.0074415556
-8.873671e-08,-0.007434375
-8.863671e-08,-0.007445864
-8.853671e-08,-0.0074724322
-8.843671e-08,-0.0075040269
-8.833671e-08,-0.0075262868
-8.823671e-08,-0.0075313132
-8.813671e-08,-0.0075191062
-8.803671e-08,-0.0074982824
-8.793671e-08,-0.0074803309
-8.783671e-08,-0.0074753045
-8.773671e-08,-0.0074846392
-8.763671e-08,-0.0075047449
-8.753671e-08,-0.0075262868
-8.743671e-08,-0.007541366
-8.733671e-08,-0.0075478286
-8.723671e-08,-0.0075485466
-8.713671e-08,-0.0075492647
-8.703671e-08,-0.0075550092
-8.693671e-08,-0.0075664982
-8.683671e-08,-0.0075779871
-8.673671e-08,-0.0075837316
-8.663671e-08,-0.0075787052
-8.653671e-08,-0.0075629079
-8.643671e-08,-0.0075428022
-8.633671e-08,-0.0075262868
-8.623671e-08,-0.0075191062
-8.613671e-08,-0.0075241326
-8.603671e-08,-0.0075363396
-8.593671e-08,-0.0075492647
-8.583671e-08,-0.0075578814
-8.573671e-08,-0.0075607537
-8.563671e-08,-0.0075600356
-8.553671e-08,-0.0075607537
-8.543671e-08,-0.0075664982
-8.533671e-08,-0.0075779871
-8.523671e-08,-0.0075894761
-8.513671e-08,-0.0075952206
-8.503671e-08,-0.0075901942
-8.493671e-08,-0.0075736788
-8.483671e-08,-0.0075499828
-8.473671e-08,-0.0075262868
-8.463671e-08,-0.0075097714
-8.453671e-08,-0.0075033088
-8.443671e-08,-0.0075068991
-8.433671e-08,-0.0075147978
-8.423671e-08,-0.0075219784
-8.413671e-08,-0.0075248506
-8.403671e-08,-0.0075219784
-8.393671e-08,-0.0075147978
-8.383671e-08,-0.0075076172
-8.373671e-08,-0.0075033088
-8.363671e-08,-0.0075018727
-8.353671e-08,-0.0075033088
-8.343671e-08,-0.007505463
-8.333671e-08,-0.0075068991
-8.323671e-08,-0.0075068991
-8.313671e-08,-0.0075033088
-8.303671e-08,-0.0074975643
-8.293671e-08,-0.0074889476
-8.283671e-08,-0.0074788948
-8.273671e-08,-0.0074688419
-8.263671e-08,-0.0074616613
-8.253671e-08,-0.0074587891
-8.243671e-08,-0.0074616613
-8.233671e-08,-0.0074688419
-8.223671e-08,-0.0074767406
-8.213671e-08,-0.0074810489
-8.203671e-08,-0.0074781767
-8.193671e-08,-0.0074688419
-8.183671e-08,-0.0074559168
-8.173671e-08,-0.007445864
-8.163671e-08,-0.0074422737
-8.153671e-08,-0.007445864
-8.143671e-08,-0.0074544807
-8.133671e-08,-0.0074602252
-8.123671e-08,-0.007458071
-8.113671e-08,-0.007445864
-8.103671e-08,-0.0074264763
-8.093671e-08,-0.0074092429
-8.083671e-08,-0.0074020623
-8.073671e-08,-0.0074113971
-8.063671e-08,-0.0074358111
-8.053671e-08,-0.0074666877
-8.043671e-08,-0.0074925379
-8.033671e-08,-0.0075033088
-8.023671e-08,-0.0074946921
-8.013671e-08,-0.007470278
-8.003671e-08,-0.0074386834
-7.993671e-08,-0.0074113971
-7.983671e-08,-0.0073948817
-7.973671e-08,-0.0073912914
-7.963671e-08,-0.0073948817
-7.953671e-08,-0.0073999081
-7.943671e-08,-0.0074013442
-7.933671e-08,-0.0073970358
-7.923671e-08,-0.0073912914
-7.913671e-08,-0.0073884191
-7.903671e-08,-0.0073905733
-7.893671e-08,-0.0073977539
-7.883671e-08,-0.0074063706
-7.873671e-08,-0.0074113971
-7.863671e-08,-0.0074099609
-7.853671e-08,-0.0074020623
-7.843671e-08,-0.0073934455
-7.833671e-08,-0.0073884191
-7.823671e-08,-0.0073912914
-7.813671e-08,-0.0074020623
-7.803671e-08,-0.0074178596
-7.793671e-08,-0.007434375
-7.783671e-08,-0.0074473001
-7.773671e-08,-0.0074559168
-7.763671e-08,-0.0074623794
-7.753671e-08,-0.0074688419
-7.743671e-08,-0.0074774586
-7.733671e-08,-0.0074875115
-7.723671e-08,-0.0074975643
-7.713671e-08,-0.0075033088
-7.703671e-08,-0.0075040269
-7.693671e-08,-0.0075004366
-7.683671e-08,-0.0074954102
-7.673671e-08,-0.0074918199
-7.663671e-08,-0.0074918199
-7.653671e-08,-0.007493256
-7.643671e-08,-0.007493974
-7.633671e-08,-0.0074918199
-7.623671e-08,-0.0074853573
-7.613671e-08,-0.0074767406
-7.603671e-08,-0.00746956
-7.593671e-08,-0.0074688419
-7.583671e-08,-0.0074745864
-7.573671e-08,-0.0074853573
-7.563671e-08,-0.0074968463
-7.553671e-08,-0.0075033088
-7.543671e-08,-0.0075025908
-7.533671e-08,-0.0074961282
-7.523671e-08,-0.0074875115
-7.513671e-08,-0.0074803309
-7.503671e-08,-0.0074774586
-7.493671e-08,-0.0074788948
-7.483671e-08,-0.0074810489
-7.473671e-08,-0.0074803309
-7.463671e-08,-0.0074753045
-7.453671e-08,-0.0074659697
-7.443671e-08,-0.0074551988
-7.433671e-08,-0.007445864
-7.423671e-08,-0.0074401195
-7.413671e-08,-0.0074358111
-7.403671e-08,-0.0074315028
-7.393671e-08,-0.007422886
-7.383671e-08,-0.0074092429
-7.373671e-08,-0.0073927275
-7.363671e-08,-0.0073762121
-7.353671e-08,-0.0073654412
-7.343671e-08,-0.0073618509
-7.333671e-08,-0.0073647231
-7.323671e-08,-0.0073711857
-7.313671e-08,-0.0073769301
-7.303671e-08,-0.0073790843
-7.293671e-08,-0.0073762121
-7.283671e-08,-0.0073711857
-7.273671e-08,-0.0073654412
-7.263671e-08,-0.0073596967
-7.253671e-08,-0.0073539522
-7.243671e-08,-0.0073453355
-7.233671e-08,-0.0073309743
-7.223671e-08,-0.0073115866
-7.213671e-08,-0.0072907629
-7.203671e-08,-0.0072720933
-7.193671e-08,-0.0072620404
-7.183671e-08,-0.0072627585
-7.173671e-08,-0.0072735294
-7.163671e-08,-0.0072907629
-7.153671e-08,-0.0073079963
-7.143671e-08,-0.0073209214
-7.133671e-08,-0.0073259478
-7.123671e-08,-0.0073245117
-7.113671e-08,-0.0073194853
-7.103671e-08,-0.0073137408
-7.093671e-08,-0.0073087144
-7.083671e-08,-0.0073072783
-7.073671e-08,-0.0073079963
-7.063671e-08,-0.0073115866
-7.053671e-08,-0.0073187672
-7.043671e-08,-0.0073295381
-7.033671e-08,-0.0073424632
-7.023671e-08,-0.0073561064
-7.013671e-08,-0.0073683134
-7.003671e-08,-0.007375494
-6.993671e-08,-0.0073769301
-6.983671e-08,-0.0073733398
-6.973671e-08,-0.0073675954
-6.963671e-08,-0.0073640051
-6.953671e-08,-0.0073654412
-6.943671e-08,-0.0073719037
-6.933671e-08,-0.0073805205
-6.923671e-08,-0.007386983
-6.913671e-08,-0.0073884191
-6.903671e-08,-0.0073833927
-6.893671e-08,-0.0073762121
-6.883671e-08,-0.0073726218
-6.873671e-08,-0.0073769301
-6.863671e-08,-0.0073920094
-6.853671e-08,-0.0074171415
-6.843671e-08,-0.0074444278
-6.833671e-08,-0.0074688419
-6.823671e-08,-0.0074832031
-6.813671e-08,-0.0074867934
-6.803671e-08,-0.0074796128
-6.793671e-08,-0.0074688419
-6.783671e-08,-0.0074587891
-6.773671e-08,-0.0074544807
-6.763671e-08,-0.007458071
-6.753671e-08,-0.0074688419
-6.743671e-08,-0.0074853573
-6.733671e-08,-0.007505463
-6.723671e-08,-0.0075270048
-6.713671e-08,-0.0075492647
-6.703671e-08,-0.0075700885
-6.693671e-08,-0.00758804
-6.683671e-08,-0.007600247
-6.673671e-08,-0.0076067096
-6.663671e-08,-0.0076074276
-6.653671e-08,-0.0076052734
-6.643671e-08,-0.0076038373
-6.633671e-08,-0.0076067096
-6.623671e-08,-0.0076160443
-6.613671e-08,-0.0076304056
-6.603671e-08,-0.007647639
-6.593671e-08,-0.0076641544
-6.583671e-08,-0.0076763614
-6.573671e-08,-0.0076821059
-6.563671e-08,-0.0076813879
-6.553671e-08,-0.0076756434
-6.543671e-08,-0.0076655905
-6.533671e-08,-0.0076541016
-6.523671e-08,-0.0076411765
-6.513671e-08,-0.0076296875
-6.503671e-08,-0.0076210708
-6.493671e-08,-0.0076174805
-6.483671e-08,-0.0076203527
-6.473671e-08,-0.0076296875
-6.463671e-08,-0.0076433307
-6.453671e-08,-0.0076562557
-6.443671e-08,-0.0076648725
-6.433671e-08,-0.0076641544
-6.423671e-08,-0.0076548196
-6.413671e-08,-0.0076383042
-6.403671e-08,-0.0076203527
-6.393671e-08,-0.0076067096
-6.383671e-08,-0.007600247
-6.373671e-08,-0.0076016831
-6.363671e-08,-0.0076088637
-6.353671e-08,-0.0076181985
-6.343671e-08,-0.0076268153
-6.333671e-08,-0.0076325597
-6.323671e-08,-0.0076368681
-6.313671e-08,-0.0076411765
-6.303671e-08,-0.007646921
-6.293671e-08,-0.0076541016
-6.283671e-08,-0.0076605641
-6.273671e-08,-0.0076641544
-6.263671e-08,-0.0076620002
-6.253671e-08,-0.0076533835
-6.243671e-08,-0.0076418945
-6.233671e-08,-0.0076296875
-6.223671e-08,-0.0076210708
-6.213671e-08,-0.0076189166
-6.203671e-08,-0.0076225069
-6.193671e-08,-0.0076296875
-6.183671e-08,-0.0076375862
-6.173671e-08,-0.0076440487
-6.163671e-08,-0.0076490751
-6.153671e-08,-0.0076526654
-6.143671e-08,-0.0076569738
-6.133671e-08,-0.0076634364
-6.123671e-08,-0.0076698989
-6.113671e-08,-0.0076756434
-6.103671e-08,-0.0076770795
-6.093671e-08,-0.0076734892
-6.083671e-08,-0.0076641544
-6.073671e-08,-0.0076526654
-6.063671e-08,-0.0076418945
-6.053671e-08,-0.00763615
-6.043671e-08,-0.00763615
-6.033671e-08,-0.0076411765
-6.023671e-08,-0.007646921
-6.013671e-08,-0.0076505113
-6.003671e-08,-0.0076483571
-5.993671e-08,-0.0076411765
-5.983671e-08,-0.0076318417
-5.973671e-08,-0.0076246611
-5.963671e-08,-0.007623943
-5.953671e-08,-0.0076296875
-5.943671e-08,-0.0076411765
-5.933671e-08,-0.0076533835
-5.923671e-08,-0.0076620002
-5.913671e-08,-0.0076641544
-5.903671e-08,-0.007659128
-5.893671e-08,-0.0076505113
-5.883671e-08,-0.0076433307
-5.873671e-08,-0.0076411765
-5.863671e-08,-0.007646921
-5.853671e-08,-0.0076576919
-5.843671e-08,-0.0076691808
-5.833671e-08,-0.0076756434
-5.823671e-08,-0.0076727711
-5.813671e-08,-0.007659128
-5.803671e-08,-0.0076390223
-5.793671e-08,-0.0076181985
-5.783671e-08,-0.0076024012
-5.773671e-08,-0.0075959386
-5.763671e-08,-0.0075988109
-5.753671e-08,-0.0076067096
-5.743671e-08,-0.0076138902
-5.733671e-08,-0.0076153263
-5.723671e-08,-0.0076088637
-5.713671e-08,-0.0075952206
-5.703671e-08,-0.0075794233
-5.693671e-08,-0.0075664982
-5.683671e-08,-0.0075600356
-5.673671e-08,-0.0075607537
-5.663671e-08,-0.007565062
-5.653671e-08,-0.0075708065
-5.643671e-08,-0.0075729607
-5.633671e-08,-0.0075722426
-5.623671e-08,-0.0075700885
-5.613671e-08,-0.0075679343
-5.603671e-08,-0.0075693704
-5.593671e-08,-0.0075722426
-5.583671e-08,-0.0075751149
-5.573671e-08,-0.0075743968
-5.563671e-08,-0.0075686523
-5.553671e-08,-0.0075607537
-5.543671e-08,-0.0075535731
-5.533671e-08,-0.0075521369
-5.523671e-08,-0.0075593176
-5.513671e-08,-0.0075722426
-5.503671e-08,-0.0075866039
-5.493671e-08,-0.0075959386
-5.483671e-08,-0.0075945025
-5.473671e-08,-0.0075837316
-5.463671e-08,-0.0075672162
-5.453671e-08,-0.0075535731
-5.443671e-08,-0.0075471105
-5.433671e-08,-0.0075492647
-5.423671e-08,-0.0075550092
-5.413671e-08,-0.0075550092
-5.403671e-08,-0.0075420841
-5.393671e-08,-0.0075147978
-5.383671e-08,-0.0074781767
-5.373671e-08,-0.0074429917
-5.363671e-08,-0.007422886
-5.353671e-08,-0.007422886
-5.343671e-08,-0.0074422737
-5.333671e-08,-0.0074709961
-5.323671e-08,-0.0074946921
-5.313671e-08,-0.0075033088
-5.303671e-08,-0.0074925379
-5.293671e-08,-0.0074681239
-5.283671e-08,-0.0074415556
-5.273671e-08,-0.007422886
-5.263671e-08,-0.0074192957
-5.253671e-08,-0.0074286305
-5.243671e-08,-0.0074444278
-5.233671e-08,-0.0074573529
-5.223671e-08,-0.0074630974
-5.213671e-08,-0.0074616613
-5.203671e-08,-0.007458071
-5.193671e-08,-0.0074573529
-5.183671e-08,-0.0074616613
-5.173671e-08,-0.0074688419
-5.163671e-08,-0.0074724322
-5.153671e-08,-0.0074688419
-5.143671e-08,-0.0074559168
-5.133671e-08,-0.0074386834
-5.123671e-08,-0.0074250402
-5.113671e-08,-0.007422886
-5.103671e-08,-0.007434375
-5.093671e-08,-0.0074559168
-5.083671e-08,-0.0074781767
-5.073671e-08,-0.0074918199
-5.063671e-08,-0.0074911018
-5.053671e-08,-0.0074767406
-5.043671e-08,-0.0074551988
-5.033671e-08,-0.007434375
-5.023671e-08,-0.0074200138
-5.013671e-08,-0.0074142693
-5.003671e-08,-0.0074128332
-4.993671e-08,-0.0074113971
-4.983671e-08,-0.0074063706
-4.973671e-08,-0.007398472
-4.963671e-08,-0.0073912914
-4.953671e-08,-0.0073884191
-4.943671e-08,-0.0073912914
-4.933671e-08,-0.0073970358
-4.923671e-08,-0.0074013442
-4.913671e-08,-0.0073999081
-4.903671e-08,-0.0073912914
-4.893671e-08,-0.0073790843
-4.883671e-08,-0.0073690315
-4.873671e-08,-0.0073654412
-4.863671e-08,-0.0073704676
-4.853671e-08,-0.0073798024
-4.843671e-08,-0.0073877011
-4.833671e-08,-0.0073884191
-4.823671e-08,-0.0073812385
-4.813671e-08,-0.0073704676
-4.803671e-08,-0.007363287
-4.793671e-08,-0.0073654412
-4.783671e-08,-0.0073790843
-4.773671e-08,-0.0074006261
-4.763671e-08,-0.0074214499
-4.753671e-08,-0.007434375
-4.743671e-08,-0.0074350931
-4.733671e-08,-0.0074271944
-4.723671e-08,-0.0074171415
-4.713671e-08,-0.0074113971
-4.703671e-08,-0.0074142693
-4.693671e-08,-0.0074250402
-4.683671e-08,-0.0074372472
-4.673671e-08,-0.007445864
-4.663671e-08,-0.0074473001
-4.653671e-08,-0.0074422737
-4.643671e-08,-0.0074365292
-4.633671e-08,-0.007434375
-4.623671e-08,-0.0074372472
-4.613671e-08,-0.0074429917
-4.603671e-08,-0.0074473001
-4.593671e-08,-0.007445864
-4.583671e-08,-0.0074394014
-4.573671e-08,-0.0074322208
-4.563671e-08,-0.0074293486
-4.553671e-08,-0.007434375
-4.543671e-08,-0.007446582
-4.533671e-08,-0.0074595071
-4.523671e-08,-0.0074645335
-4.513671e-08,-0.0074573529
-4.503671e-08,-0.0074386834
-4.493671e-08,-0.0074157054
-4.483671e-08,-0.0074006261
-4.473671e-08,-0.0073999081
-4.463671e-08,-0.0074149874
-4.453671e-08,-0.0074379653
-4.443671e-08,-0.0074559168
-4.433671e-08,-0.0074573529
-4.423671e-08,-0.0074379653
-4.413671e-08,-0.0074020623
-4.403671e-08,-0.0073625689
-4.393671e-08,-0.0073309743
-4.383671e-08,-0.0073173311
-4.373671e-08,-0.0073216395
-4.363671e-08,-0.0073367187
-4.353671e-08,-0.0073539522
-4.343671e-08,-0.0073647231
-4.333671e-08,-0.0073683134
-4.323671e-08,-0.0073661592
-4.313671e-08,-0.0073654412
-4.303671e-08,-0.0073683134
-4.293671e-08,-0.007374776
-4.283671e-08,-0.0073790843
-4.273671e-08,-0.0073769301
-4.263671e-08,-0.0073668773
-4.253671e-08,-0.0073532341
-4.243671e-08,-0.0073424632
-4.233671e-08,-0.0073424632
-4.223671e-08,-0.0073553883
-4.213671e-08,-0.0073783663
-4.203671e-08,-0.0074034984
-4.193671e-08,-0.007422886
-4.183671e-08,-0.0074307847
-4.173671e-08,-0.0074293486
-4.163671e-08,-0.0074243222
-4.153671e-08,-0.007422886
-4.143671e-08,-0.0074300666
-4.133671e-08,-0.007445864
-4.123671e-08,-0.0074645335
-4.113671e-08,-0.0074803309
-4.103671e-08,-0.0074896657
-4.093671e-08,-0.0074925379
-4.083671e-08,-0.0074954102
-4.073671e-08,-0.0075033088
-4.063671e-08,-0.00751767
-4.053671e-08,-0.0075363396
-4.043671e-08,-0.007552855
-4.033671e-08,-0.0075607537
-4.023671e-08,-0.0075578814
-4.013671e-08,-0.0075485466
-4.003671e-08,-0.0075384938
-3.993671e-08,-0.0075377757
-3.983671e-08,-0.0075499828
-3.973671e-08,-0.0075743968
-3.963671e-08,-0.0076038373
-3.953671e-08,-0.0076296875
-3.943671e-08,-0.007646921
-3.933671e-08,-0.0076533835
-3.923671e-08,-0.0076533835
-3.913671e-08,-0.0076526654
-3.903671e-08,-0.0076548196
-3.893671e-08,-0.0076612822
-3.883671e-08,-0.0076691808
-3.873671e-08,-0.0076756434
-3.863671e-08,-0.0076785156
-3.853671e-08,-0.0076785156
-3.843671e-08,-0.0076806698
-3.833671e-08,-0.0076871324
-3.823671e-08,-0.0076993394
-3.813671e-08,-0.0077144187
-3.803671e-08,-0.0077273437
-3.793671e-08,-0.0077330882
-3.783671e-08,-0.0077309341
-3.773671e-08,-0.0077244715
-3.763671e-08,-0.0077194451
-3.753671e-08,-0.0077215993
-3.743671e-08,-0.0077316521
-3.733671e-08,-0.0077452953
-3.723671e-08,-0.0077560662
-3.713671e-08,-0.0077560662
-3.703671e-08,-0.0077438591
-3.693671e-08,-0.0077230354
-3.683671e-08,-0.0077014936
-3.673671e-08,-0.0076871324
-3.663671e-08,-0.0076842601
-3.653671e-08,-0.0076921588
-3.643671e-08,-0.0077036477
-3.633671e-08,-0.0077101103
-3.623671e-08,-0.0077072381
-3.613671e-08,-0.0076957491
-3.603671e-08,-0.0076785156
-3.593671e-08,-0.0076641544
-3.583671e-08,-0.0076555377
-3.573671e-08,-0.0076541016
-3.563671e-08,-0.0076548196
-3.553671e-08,-0.0076526654
-3.543671e-08,-0.0076426126
-3.533671e-08,-0.0076253791
-3.523671e-08,-0.0076038373
-3.513671e-08,-0.0075837316
-3.503671e-08,-0.0075686523
-3.493671e-08,-0.0075614717
-3.483671e-08,-0.0075593176
-3.473671e-08,-0.0075607537
-3.463671e-08,-0.0075621898
-3.453671e-08,-0.0075629079
-3.443671e-08,-0.0075621898
-3.433671e-08,-0.0075607537
-3.423671e-08,-0.0075578814
-3.413671e-08,-0.0075514189
-3.403671e-08,-0.007540648
-3.393671e-08,-0.0075262868
-3.383671e-08,-0.0075119256
-3.373671e-08,-0.0075033088
-3.363671e-08,-0.0075047449
-3.353671e-08,-0.0075147978
-3.343671e-08,-0.0075298771
-3.333671e-08,-0.007540648
-3.323671e-08,-0.007540648
-3.313671e-08,-0.0075262868
-3.303671e-08,-0.0075018727
-3.293671e-08,-0.0074767406
-3.283671e-08,-0.0074638155
-3.273671e-08,-0.0074688419
-3.263671e-08,-0.0074918199
-3.253671e-08,-0.0075248506
-3.243671e-08,-0.0075550092
-3.233671e-08,-0.0075722426
-3.223671e-08,-0.0075729607
-3.213671e-08,-0.0075614717
-3.203671e-08,-0.0075463925
-3.193671e-08,-0.0075377757
-3.183671e-08,-0.0075392119
-3.173671e-08,-0.0075485466
-3.163671e-08,-0.0075578814
-3.153671e-08,-0.0075607537
-3.143671e-08,-0.0075550092
-3.133671e-08,-0.0075435202
-3.123671e-08,-0.0075356216
-3.113671e-08,-0.0075377757
-3.103671e-08,-0.0075521369
-3.093671e-08,-0.0075751149
-3.083671e-08,-0.0075959386
-3.073671e-08,-0.0076067096
-3.063671e-08,-0.0076031193
-3.053671e-08,-0.00758804
-3.043671e-08,-0.0075708065
-3.033671e-08,-0.0075607537
-3.023671e-08,-0.0075621898
-3.013671e-08,-0.0075736788
-3.003671e-08,-0.0075873219
-2.993671e-08,-0.0075952206
-2.983671e-08,-0.0075923483
-2.973671e-08,-0.0075808594
-2.963671e-08,-0.0075672162
-2.953671e-08,-0.0075607537
-2.943671e-08,-0.007565062
-2.933671e-08,-0.0075794233
-2.923671e-08,-0.0075966567
-2.913671e-08,-0.0076067096
-2.903671e-08,-0.0076045554
-2.893671e-08,-0.0075901942
-2.883671e-08,-0.0075693704
-2.873671e-08,-0.0075492647
-2.863671e-08,-0.0075370577
-2.853671e-08,-0.0075327493
-2.843671e-08,-0.0075349035
-2.833671e-08,-0.0075377757
-2.823671e-08,-0.0075370577
-2.813671e-08,-0.0075327493
-2.803671e-08,-0.0075277229
-2.793671e-08,-0.0075262868
-2.783671e-08,-0.0075298771
-2.773671e-08,-0.0075363396
-2.763671e-08,-0.007540648
-2.753671e-08,-0.0075377757
-2.743671e-08,-0.0075270048
-2.733671e-08,-0.0075112075
-2.723671e-08,-0.0074968463
-2.713671e-08,-0.0074918199
-2.703671e-08,-0.0074990005
-2.693671e-08,-0.0075155159
-2.683671e-08,-0.0075349035
-2.673671e-08,-0.0075492647
-2.663671e-08,-0.007552855
-2.653671e-08,-0.0075463925
-2.643671e-08,-0.0075349035
-2.633671e-08,-0.0075262868
-2.623671e-08,-0.0075262868
-2.613671e-08,-0.0075363396
-2.603671e-08,-0.0075535731
-2.593671e-08,-0.0075722426
-2.583671e-08,-0.0075873219
-2.573671e-08,-0.0075959386
-2.563671e-08,-0.0076016831
-2.553671e-08,-0.0076067096
-2.543671e-08,-0.0076138902
-2.533671e-08,-0.007623225
-2.523671e-08,-0.0076332778
-2.513671e-08,-0.0076411765
-2.503671e-08,-0.0076462029
-2.493671e-08,-0.0076490751
-2.483671e-08,-0.0076541016
-2.473671e-08,-0.0076641544
-2.463671e-08,-0.0076806698
-2.453671e-08,-0.0077000574
-2.443671e-08,-0.0077194451
-2.433671e-08,-0.0077330882
-2.423671e-08,-0.0077395508
-2.413671e-08,-0.0077409869
-2.403671e-08,-0.0077409869
-2.393671e-08,-0.0077445772
-2.383671e-08,-0.0077531939
-2.373671e-08,-0.0077646829
-2.363671e-08,-0.0077747358
-2.353671e-08,-0.0077790441
-2.343671e-08,-0.0077761719
-2.333671e-08,-0.0077697093
-2.323671e-08,-0.0077646829
-2.313671e-08,-0.0077675551
-2.303671e-08,-0.0077804802
-2.293671e-08,-0.007801304
-2.283671e-08,-0.0078221278
-2.273671e-08,-0.007836489
-2.263671e-08,-0.0078386432
-2.253671e-08,-0.0078293084
-2.243671e-08,-0.0078142291
-2.233671e-08,-0.0078020221
-2.223671e-08,-0.0077991498
-2.213671e-08,-0.0078077665
-2.203671e-08,-0.0078264361
-2.193671e-08,-0.0078479779
-2.183671e-08,-0.0078666475
-2.173671e-08,-0.0078788545
-2.163671e-08,-0.0078831629
-2.153671e-08,-0.0078824449
-2.143671e-08,-0.0078795726
-2.133671e-08,-0.0078759823
-2.123671e-08,-0.0078702378
-2.113671e-08,-0.0078594669
-2.103671e-08,-0.0078415154
-2.093671e-08,-0.0078178194
-2.083671e-08,-0.0077912511
-2.073671e-08,-0.0077675551
-2.063671e-08,-0.0077524759
-2.053671e-08,-0.0077488856
-2.043671e-08,-0.0077560662
-2.033671e-08,-0.0077675551
-2.023671e-08,-0.007777608
-2.013671e-08,-0.0077804802
-2.003671e-08,-0.0077725816
-1.993671e-08,-0.0077560662
-1.983671e-08,-0.0077338063
-1.973671e-08,-0.0077101103
-1.963671e-08,-0.0076907227
-1.953671e-08,-0.0076756434
-1.943671e-08,-0.0076655905
-1.933671e-08,-0.0076584099
-1.923671e-08,-0.0076512293
-1.913671e-08,-0.0076411765
-1.903671e-08,-0.0076275333
-1.893671e-08,-0.0076102999
-1.883671e-08,-0.0075909122
-1.873671e-08,-0.0075722426
-1.863671e-08,-0.0075571634
-1.853671e-08,-0.0075478286
-1.843671e-08,-0.0075456744
-1.833671e-08,-0.0075492647
-1.823671e-08,-0.0075564453
-1.813671e-08,-0.0075621898
-1.803671e-08,-0.007564344
-1.793671e-08,-0.0075607537
-1.783671e-08,-0.0075507008
-1.773671e-08,-0.0075377757
-1.763671e-08,-0.0075248506
-1.753671e-08,-0.0075147978
-1.743671e-08,-0.0075097714
-1.733671e-08,-0.0075097714
-1.723671e-08,-0.0075126436
-1.713671e-08,-0.0075147978
-1.703671e-08,-0.0075140797
-1.693671e-08,-0.0075097714
-1.683671e-08,-0.0075018727
-1.673671e-08,-0.0074918199
-1.663671e-08,-0.0074810489
-1.653671e-08,-0.0074717142
-1.643671e-08,-0.0074630974
-1.633671e-08,-0.0074573529
-1.623671e-08,-0.0074537626
-1.613671e-08,-0.0074530446
-1.603671e-08,-0.0074544807
-1.593671e-08,-0.0074573529
-1.583671e-08,-0.0074602252
-1.573671e-08,-0.0074616613
-1.563671e-08,-0.0074609432
-1.553671e-08,-0.0074573529
-1.543671e-08,-0.0074537626
-1.533671e-08,-0.0074508904
-1.523671e-08,-0.0074523265
-1.513671e-08,-0.0074573529
-1.503671e-08,-0.0074645335
-1.493671e-08,-0.0074709961
-1.483671e-08,-0.0074731503
-1.473671e-08,-0.0074688419
-1.463671e-08,-0.0074587891
-1.453671e-08,-0.0074444278
-1.443671e-08,-0.0074315028
-1.433671e-08,-0.007422886
-1.423671e-08,-0.0074200138
-1.413671e-08,-0.007422886
-1.403671e-08,-0.0074286305
-1.393671e-08,-0.007434375
-1.383671e-08,-0.0074365292
-1.373671e-08,-0.0074350931
-1.363671e-08,-0.0074300666
-1.353671e-08,-0.007422886
-1.343671e-08,-0.0074164235
-1.333671e-08,-0.0074113971
-1.323671e-08,-0.0074099609
-1.313671e-08,-0.0074113971
-1.303671e-08,-0.0074164235
-1.293671e-08,-0.0074243222
-1.283671e-08,-0.0074350931
-1.273671e-08,-0.007445864
-1.263671e-08,-0.0074544807
-1.253671e-08,-0.0074595071
-1.243671e-08,-0.0074602252
-1.233671e-08,-0.0074573529
-1.223671e-08,-0.0074551988
-1.213671e-08,-0.0074566349
-1.203671e-08,-0.0074652516
-1.193671e-08,-0.0074803309
-1.183671e-08,-0.0074982824
-1.173671e-08,-0.0075126436
-1.163671e-08,-0.0075191062
-1.153671e-08,-0.0075147978
-1.143671e-08,-0.0075011546
-1.133671e-08,-0.0074846392
-1.123671e-08,-0.0074724322
-1.113671e-08,-0.0074688419
-1.103671e-08,-0.0074767406
-1.093671e-08,-0.0074918199
-1.083671e-08,-0.0075104894
-1.073671e-08,-0.0075262868
-1.063671e-08,-0.0075363396
-1.053671e-08,-0.0075420841
-1.043671e-08,-0.0075449563
-1.033671e-08,-0.0075492647
-1.023671e-08,-0.0075557273
-1.013671e-08,-0.0075621898
-1.003671e-08,-0.007565062
-9.936712e-09,-0.0075607537
-9.836712e-09,-0.0075478286
-9.736712e-09,-0.007529159
-9.636712e-09,-0.0075090533
-9.536712e-09,-0.0074918199
-9.436712e-09,-0.0074810489
-9.336712e-09,-0.0074760225
-9.236712e-09,-0.0074731503
-9.136712e-09,-0.0074688419
-9.036712e-09,-0.007458071
-8.936712e-09,-0.0074408375
-8.836712e-09,-0.0074164235
-8.736712e-09,-0.0073884191
-8.636712e-09,-0.0073575425
-8.536712e-09,-0.0073245117
-8.436712e-09,-0.0072893267
-8.336712e-09,-0.0072505515
-8.236712e-09,-0.007209622
-8.136712e-09,-0.0071665384
-8.036712e-09,-0.0071227367
-7.936712e-09,-0.0070782169
-7.836712e-09,-0.0070293888
-7.736712e-09,-0.0069719439
-7.636712e-09,-0.0069008559
-7.536712e-09,-0.0068139706
-7.436712e-09,-0.006712724
-7.336712e-09,-0.0066021427
-7.236712e-09,-0.006487971
-7.136712e-09,-0.0063773897
-7.036712e-09,-0.0062711167
-6.936712e-09,-0.0061662799
-6.836712e-09,-0.0060585708
-6.736712e-09,-0.0059408088
-6.636712e-09,-0.0058101218
-6.536712e-09,-0.0056650735
-6.436712e-09,-0.0055085363
-6.336712e-09,-0.0053433824
-6.236712e-09,-0.0051703297
-6.136712e-09,-0.0049893784
-6.036712e-09,-0.0047983743
-5.936712e-09,-0.0045965993
-5.836712e-09,-0.0043847714
-5.736712e-09,-0.0041657629
-5.636712e-09,-0.0039446002
-5.536712e-09,-0.0037234375
-5.436712e-09,-0.0035029929
-5.336712e-09,-0.0032803941
-5.236712e-09,-0.0030520508
-5.136712e-09,-0.0028158088
-5.036712e-09,-0.0025709501
-4.936712e-09,-0.002320347
-4.836712e-09,-0.0020683077
-4.736712e-09,-0.0018162684
-4.636712e-09,-0.0015649472
-4.536712e-09,-0.0013114717
-4.436712e-09,-0.001054406
-4.336712e-09,-0.00079375
-4.236712e-09,-0.00053309398
-4.136712e-09,-0.00027674632
-4.036712e-09,-3.0451517e-05
-3.936712e-09,0.00020579044
-3.836712e-09,0.00043556985
-3.736712e-09,0.00066606733
-3.636712e-09,0.00090302734
-3.536712e-09,0.001147886
-3.436712e-09,0.001395617
-3.336712e-09,0.0016361673
-3.236712e-09,0.0018616383
-3.136712e-09,0.0020670037
-3.036712e-09,0.0022551356
-2.936712e-09,0.0024353688
-2.836712e-09,0.002615602
-2.736712e-09,0.0028022978
-2.636712e-09,0.0029904297
-2.536712e-09,0.003171381
-2.436712e-09,0.0033329446
-2.336712e-09,0.0034686581
-2.236712e-09,0.0035813936
-2.136712e-09,0.0036819221
-2.036712e-09,0.0037831687
-1.936712e-09,0.00389375
-1.836712e-09,0.0040129481
-1.736712e-09,0.0041321461
-1.636712e-09,0.004236983
-1.536712e-09,0.0043188419
-1.436712e-09,0.0043770048
-1.336712e-09,0.0044193704
-1.236712e-09,0.004461736
-1.136712e-09,0.0045141544
-1.036712e-09,0.0045794979
-9.367124e-10,0.0046491498
-8.367124e-10,0.0047116211
-7.367124e-10,0.0047554228
-6.367124e-10,0.0047776827
-5.367124e-10,0.0047862994
-4.367124e-10,0.0047941981
-3.367124e-10,0.0048128676
-2.367124e-10,0.0048466165
-1.367124e-10,0.0048889821
-3.671242e-11,0.0049277574
6.328758e-11,0.0049507353
1.632876e-10,0.0049550437
2.632876e-10,0.0049464269
3.632876e-10,0.0049370921
4.632876e-10,0.0049392463
5.632876e-10,0.0049564798
6.632876e-10,0.004983048
7.632876e-10,0.0050074621
8.632876e-10,0.0050196691
9.632876e-10,0.0050153608
1.063288e-09,0.0050002815
1.163288e-09,0.0049866383
1.263288e-09,0.0049852022
1.363288e-09,0.0050002815
1.463288e-09,0.0050261317
1.563288e-09,0.0050519818
1.663288e-09,0.005065625
1.763288e-09,0.005065625
1.863288e-09,0.0050570083
1.963288e-09,0.005054136
2.063288e-09,0.005065625
2.163288e-09,0.0050943474
2.263288e-09,0.0051324046
2.363288e-09,0.0051654354
2.463288e-09,0.0051805147
2.563288e-09,0.0051740522
2.663288e-09,0.0051539465
2.763288e-09,0.0051359949
2.863288e-09,0.0051345588
2.963288e-09,0.0051561006
3.063288e-09,0.0051948759
3.163288e-09,0.0052386776
3.263288e-09,0.0052724265
3.363288e-09,0.0052896599
3.463288e-09,0.0052939683
3.563288e-09,0.0052954044
3.663288e-09,0.0053068934
3.763288e-09,0.0053327436
3.863288e-09,0.0053679285
3.963288e-09,0.0054009593
4.063288e-09,0.0054217831
4.163288e-09,0.0054253734
4.263288e-09,0.0054189108
4.363288e-09,0.0054138844
4.463288e-09,0.0054217831
4.563288e-09,0.0054476333
4.663288e-09,0.0054856905
4.763288e-09,0.0055230296
4.863288e-09,0.0055481618
4.963288e-09,0.0055567785
5.063288e-09,0.0055553424
5.163288e-09,0.0055567785
5.263288e-09,0.0055711397
5.363288e-09,0.0056027344
5.463288e-09,0.0056436638
5.563288e-09,0.0056795669
5.663288e-09,0.0056975184
5.763288e-09,0.0056939281
5.863288e-09,0.0056766946
5.963288e-09,0.0056616153
6.063288e-09,0.0056630515
6.163288e-09,0.0056867475
6.263288e-09,0.0057262408
6.363288e-09,0.0057657341
6.463288e-09,0.0057894301
6.563288e-09,0.0057894301
6.663288e-09,0.0057700425
6.763288e-09,0.0057456284
6.863288e-09,0.0057319853
6.963288e-09,0.0057377298
7.063288e-09,0.0057599897
7.163288e-09,0.0057858398
7.263288e-09,0.0058009191
7.363288e-09,0.0057980469
7.463288e-09,0.0057793773
7.563288e-09,0.0057563994
7.663288e-09,0.0057434743
7.763288e-09,0.0057477826
7.863288e-09,0.0057657341
7.963288e-09,0.005787994
8.063288e-09,0.0058009191
8.163288e-09,0.0057973288
8.263288e-09,0.0057793773
8.363288e-09,0.0057571174
8.463288e-09,0.0057434743
8.563288e-09,0.0057434743
8.663288e-09,0.0057549632
8.763288e-09,0.0057664522
8.863288e-09,0.0057664522
8.963288e-09,0.0057499368
9.063288e-09,0.0057212144
9.163288e-09,0.0056917739
9.263288e-09,0.0056745404
9.363288e-09,0.0056745404
9.463288e-09,0.0056889017
9.563288e-09,0.005704699
9.663288e-09,0.0057090074
9.763288e-09,0.0056953642
9.863288e-09,0.0056666418
9.963288e-09,0.0056364832
1.006329e-08,0.0056170956
1.016329e-08,0.0056178136
1.026329e-08,0.0056357652
1.036329e-08,0.0056594612
1.046329e-08,0.0056745404
1.056329e-08,0.0056723863
1.066329e-08,0.0056529986
1.076329e-08,0.0056257123
1.086329e-08,0.0056056066
1.096329e-08,0.0056012983
1.106329e-08,0.0056135053
1.116329e-08,0.005634329
1.126329e-08,0.0056515625
1.136329e-08,0.0056551528
1.146329e-08,0.0056415097
1.156329e-08,0.0056185317
1.166329e-08,0.0055941176
1.176329e-08,0.0055783203
1.186329e-08,0.0055732939
1.196329e-08,0.0055768842
1.206329e-08,0.0055826287
1.216329e-08,0.0055847829
1.226329e-08,0.0055826287
1.236329e-08,0.0055804745
1.246329e-08,0.0055826287
1.256329e-08,0.0055919635
1.266329e-08,0.0056063247
1.276329e-08,0.0056206859
1.286329e-08,0.0056285846
1.296329e-08,0.0056271484
1.306329e-08,0.0056192498
1.316329e-08,0.005609915
1.326329e-08,0.0056056066
1.336329e-08,0.0056091969
1.346329e-08,0.0056170956
1.356329e-08,0.0056257123
1.366329e-08,0.0056285846
1.376329e-08,0.0056257123
1.386329e-08,0.0056206859
1.396329e-08,0.0056206859
1.406329e-08,0.0056285846
1.416329e-08,0.0056451
1.426329e-08,0.0056637695
1.436329e-08,0.0056752585
1.446329e-08,0.0056745404
1.456329e-08,0.0056608973
1.466329e-08,0.0056407916
1.476329e-08,0.0056242762
1.486329e-08,0.0056170956
1.496329e-08,0.005621404
1.506329e-08,0.0056300207
1.516329e-08,0.0056350471
1.526329e-08,0.0056285846
1.536329e-08,0.0056113511
1.546329e-08,0.0055898093
1.556329e-08,0.00557473
1.566329e-08,0.0055711397
1.576329e-08,0.0055790384
1.586329e-08,0.0055905273
1.596329e-08,0.0055941176
1.606329e-08,0.0055826287
1.616329e-08,0.0055567785
1.626329e-08,0.0055259019
1.636329e-08,0.0055050781
1.646329e-08,0.0055022059
1.656329e-08,0.0055172852
1.666329e-08,0.0055402631
1.676329e-08,0.0055546243
1.686329e-08,0.0055481618
1.696329e-08,0.0055172852
1.706329e-08,0.0054713293
1.716329e-08,0.0054268095
1.726329e-08,0.0053988051
1.736329e-08,0.0053930607
1.746329e-08,0.0054059858
1.756329e-08,0.0054239373
1.766329e-08,0.0054332721
1.776329e-08,0.0054282456
1.786329e-08,0.0054124483
1.796329e-08,0.0053952148
1.806329e-08,0.0053873162
1.816329e-08,0.0053916245
1.826329e-08,0.0054016774
1.836329e-08,0.0054074219
1.846329e-08,0.0053988051
1.856329e-08,0.005372955
1.866329e-08,0.00533777
1.876329e-08,0.0053083295
1.886329e-08,0.0052954044
1.896329e-08,0.0053040211
1.906329e-08,0.0053277171
1.916329e-08,0.0053521312
1.926329e-08,0.0053643382
1.936329e-08,0.0053578757
1.946329e-08,0.00533777
1.956329e-08,0.0053169462
1.966329e-08,0.0053068934
1.976329e-08,0.0053133559
1.986329e-08,0.0053313074
1.996329e-08,0.0053485409
2.006329e-08,0.0053528493
2.016329e-08,0.0053399242
2.026329e-08,0.005314074
2.036329e-08,0.0052882238
2.046329e-08,0.0052724265
2.056329e-08,0.0052724265
2.066329e-08,0.0052817613
2.076329e-08,0.0052896599
2.086329e-08,0.0052839154
2.096329e-08,0.0052609375
2.106329e-08,0.0052257525
2.116329e-08,0.0051912856
2.126329e-08,0.0051690257
2.136329e-08,0.0051632813
2.146329e-08,0.0051675896
2.156329e-08,0.0051697438
2.166329e-08,0.0051575368
2.176329e-08,0.0051273782
2.186329e-08,0.0050857307
2.196329e-08,0.0050455193
2.206329e-08,0.0050196691
2.216329e-08,0.0050132066
2.226329e-08,0.0050196691
2.236329e-08,0.0050261317
2.246329e-08,0.0050196691
2.256329e-08,0.004994537
2.266329e-08,0.0049564798
2.276329e-08,0.0049184226
2.286329e-08,0.0048932904
2.296329e-08,0.0048853918
2.306329e-08,0.0048897001
2.316329e-08,0.0048932904
2.326329e-08,0.0048818015
2.336329e-08,0.0048516429
2.346329e-08,0.0048071232
2.356329e-08,0.0047633215
2.366329e-08,0.0047324449
2.376329e-08,0.0047202378
2.386329e-08,0.0047209559
2.396329e-08,0.0047216739
2.406329e-08,0.0047094669
2.416329e-08,0.0046793084
2.426329e-08,0.0046369428
2.436329e-08,0.0045960133
2.446329e-08,0.0045715993
2.456329e-08,0.0045694451
2.466329e-08,0.0045838063
2.476329e-08,0.0046010398
2.486329e-08,0.0046060662
2.496329e-08,0.0045902688
2.506329e-08,0.0045579561
2.516329e-08,0.0045198989
2.526329e-08,0.0044911765
2.536329e-08,0.0044796875
2.546329e-08,0.0044825597
2.556329e-08,0.0044911765
2.566329e-08,0.0044911765
2.576329e-08,0.0044775333
2.586329e-08,0.0044524012
2.596329e-08,0.004426551
2.606329e-08,0.0044107537
2.616329e-08,0.0044100356
2.626329e-08,0.0044193704
2.636329e-08,0.0044272691
2.646329e-08,0.0044222426
2.656329e-08,0.0043999828
2.666329e-08,0.0043662339
2.676329e-08,0.0043346392
2.686329e-08,0.0043188419
2.696329e-08,0.0043253045
2.706329e-08,0.0043497185
2.716329e-08,0.0043755687
2.726329e-08,0.0043877757
2.736329e-08,0.0043762868
2.746329e-08,0.0043418199
2.756329e-08,0.0042987362
2.766329e-08,0.0042613971
2.776329e-08,0.0042420094
2.786329e-08,0.0042427275
2.796329e-08,0.0042534984
2.806329e-08,0.0042613971
2.816329e-08,0.0042563706
2.826329e-08,0.0042377011
2.836329e-08,0.0042125689
2.846329e-08,0.0041924632
2.856329e-08,0.0041874368
2.866329e-08,0.0041989258
2.876329e-08,0.0042197495
2.886329e-08,0.0042384191
2.896329e-08,0.0042448817
2.906329e-08,0.0042355469
2.916329e-08,0.0042154412
2.926329e-08,0.0041924632
2.936329e-08,0.0041752298
2.946329e-08,0.004165895
2.956329e-08,0.0041623047
2.966329e-08,0.0041579963
2.976329e-08,0.0041486615
2.986329e-08,0.0041350184
2.996329e-08,0.0041199391
3.006329e-08,0.0041120404
3.016329e-08,0.0041141946
3.026329e-08,0.0041249655
3.036329e-08,0.0041386087
3.046329e-08,0.0041465074
3.056329e-08,0.004142917
3.066329e-08,0.0041278378
3.076329e-08,0.0041077321
3.086329e-08,0.0040890625
3.096329e-08,0.0040790097
3.106329e-08,0.0040790097
3.116329e-08,0.0040847541
3.126329e-08,0.0040890625
3.136329e-08,0.0040869083
3.146329e-08,0.0040768555
3.156329e-08,0.0040603401
3.166329e-08,0.0040431066
3.176329e-08,0.0040294635
3.186329e-08,0.0040201287
3.196329e-08,0.0040136661
3.206329e-08,0.0040086397
3.216329e-08,0.0040021772
3.226329e-08,0.0039957146
3.236329e-08,0.0039892521
3.246329e-08,0.0039856618
3.256329e-08,0.0039827895
3.266329e-08,0.0039784812
3.276329e-08,0.0039684283
3.286329e-08,0.0039511949
3.296329e-08,0.003929653
3.306329e-08,0.0039088293
3.316329e-08,0.0038959042
3.326329e-08,0.00389375
3.336329e-08,0.0039002125
3.346329e-08,0.0039081112
3.356329e-08,0.0039073932
3.366329e-08,0.00389375
3.376329e-08,0.0038657456
3.386329e-08,0.0038312787
3.396329e-08,0.0037996841
3.406329e-08,0.0037788603
3.416329e-08,0.0037716797
3.426329e-08,0.0037723977
3.436329e-08,0.0037738339
3.446329e-08,0.0037673713
3.456329e-08,0.0037508559
3.466329e-08,0.003728596
3.476329e-08,0.0037084903
3.486329e-08,0.0036984375
3.496329e-08,0.0036998736
3.506329e-08,0.0037084903
3.516329e-08,0.0037149529
3.526329e-08,0.0037099265
3.536329e-08,0.0036905388
3.546329e-08,0.0036603803
3.556329e-08,0.0036295037
3.566329e-08,0.0036065257
3.576329e-08,0.003597909
3.586329e-08,0.0036022174
3.596329e-08,0.0036115522
3.606329e-08,0.0036180147
3.616329e-08,0.0036158605
3.626329e-08,0.0036058077
3.636329e-08,0.0035928826
3.646329e-08,0.0035835478
3.656329e-08,0.0035828297
3.666329e-08,0.0035892923
3.676329e-08,0.0035993451
3.686329e-08,0.0036065257
3.696329e-08,0.0036079619
3.706329e-08,0.0036036535
3.716329e-08,0.003597909
3.726329e-08,0.0035950368
3.736329e-08,0.0035964729
3.746329e-08,0.0035993451
3.756329e-08,0.0036000632
3.766329e-08,0.0035950368
3.776329e-08,0.003585702
3.786329e-08,0.0035770852
3.796329e-08,0.0035749311
3.806329e-08,0.0035835478
3.816329e-08,0.0036022174
3.826329e-08,0.0036230411
3.836329e-08,0.0036381204
3.846329e-08,0.0036409926
3.856329e-08,0.0036302217
3.866329e-08,0.0036137063
3.876329e-08,0.0035993451
3.886329e-08,0.0035950368
3.896329e-08,0.0036022174
3.906329e-08,0.0036151425
3.916329e-08,0.0036230411
3.926329e-08,0.0036180147
3.936329e-08,0.0035971909
3.946329e-08,0.0035677505
3.956329e-08,0.0035404642
3.966329e-08,0.0035261029
3.976329e-08,0.0035282571
3.986329e-08,0.0035426183
3.996329e-08,0.0035576976
4.006329e-08,0.0035605699
4.016329e-08,0.0035447725
4.026329e-08,0.0035124598
4.036329e-08,0.0034715303
4.046329e-08,0.0034341912
4.056329e-08,0.0034076229
4.066329e-08,0.0033932617
4.076329e-08,0.0033853631
4.086329e-08,0.0033767463
4.096329e-08,0.003361667
4.106329e-08,0.0033394072
4.116329e-08,0.0033157112
4.126329e-08,0.0032963235
4.136329e-08,0.0032862707
4.146329e-08,0.0032848346
4.156329e-08,0.0032862707
4.166329e-08,0.0032848346
4.176329e-08,0.0032754998
4.186329e-08,0.0032597024
4.196329e-08,0.0032417509
4.206329e-08,0.0032273897
4.216329e-08,0.003219491
4.226329e-08,0.0032159007
4.236329e-08,0.0032123104
4.246329e-08,0.0032044118
4.256329e-08,0.0031900506
4.266329e-08,0.0031735352
4.276329e-08,0.0031606101
4.286329e-08,0.0031584559
4.296329e-08,0.0031677907
4.306329e-08,0.0031843061
4.316329e-08,0.0031993853
4.326329e-08,0.0032044118
4.336329e-08,0.0031943589
4.346329e-08,0.0031728171
4.356329e-08,0.0031462489
4.366329e-08,0.003123989
4.376329e-08,0.0031125
4.386329e-08,0.0031125
4.396329e-08,0.0031189625
4.406329e-08,0.003123989
4.416329e-08,0.0031225528
4.426329e-08,0.0031125
4.436329e-08,0.0030959846
4.446329e-08,0.0030780331
4.456329e-08,0.0030607996
4.466329e-08,0.0030442842
4.476329e-08,0.0030270508
4.486329e-08,0.0030090993
4.496329e-08,0.0029904297
4.506329e-08,0.0029760685
4.516329e-08,0.002970324
4.526329e-08,0.0029746324
4.536329e-08,0.0029861213
4.546329e-08,0.0029976103
4.556329e-08,0.0029997645
4.566329e-08,0.0029861213
4.576329e-08,0.002958835
4.586329e-08,0.0029265223
4.596329e-08,0.0029013902
4.606329e-08,0.0028942096
4.616329e-08,0.0029085708
4.626329e-08,0.0029380113
4.636329e-08,0.0029681698
4.646329e-08,0.0029861213
4.656329e-08,0.002982531
4.666329e-08,0.002958117
4.676329e-08,0.0029243681
4.686329e-08,0.0028942096
4.696329e-08,0.0028798483
4.706329e-08,0.0028855928
4.716329e-08,0.0029056985
4.726329e-08,0.0029286765
4.736329e-08,0.0029437557
4.746329e-08,0.0029451919
4.756329e-08,0.002934421
4.766329e-08,0.0029171875
4.776329e-08,0.0029028263
4.786329e-08,0.0028977999
4.796329e-08,0.002899954
4.806329e-08,0.0029056985
4.816329e-08,0.0029071347
4.826329e-08,0.002899954
4.836329e-08,0.0028834386
4.846329e-08,0.0028597426
4.856329e-08,0.0028360466
4.866329e-08,0.0028180951
4.876329e-08,0.0028066062
4.886329e-08,0.0028022978
4.896329e-08,0.0028001436
4.906329e-08,0.0027958352
4.916329e-08,0.0027850643
4.926329e-08,0.0027678309
4.936329e-08,0.0027441349
4.946329e-08,0.0027168486
4.956329e-08,0.0026895623
4.966329e-08,0.0026644301
4.976329e-08,0.0026443244
4.986329e-08,0.0026306813
4.996329e-08,0.0026227826
5.006329e-08,0.0026184743
5.016329e-08,0.0026134478
5.026329e-08,0.002603395
5.036329e-08,0.0025861615
5.046329e-08,0.0025610294
5.056329e-08,0.0025315889
5.066329e-08,0.0025035846
5.076329e-08,0.0024813247
5.086329e-08,0.0024691176
5.096329e-08,0.0024655273
5.106329e-08,0.0024676815
5.116329e-08,0.0024698357
5.126329e-08,0.0024691176
5.136329e-08,0.0024633732
5.146329e-08,0.0024533203
5.156329e-08,0.0024432675
5.166329e-08,0.0024346507
5.176329e-08,0.0024274701
5.186329e-08,0.0024210076
5.196329e-08,0.0024123909
5.206329e-08,0.0024001838
5.216329e-08,0.0023865407
5.226329e-08,0.0023743336
5.236329e-08,0.002367153
5.246329e-08,0.0023657169
5.256329e-08,0.0023685892
5.266329e-08,0.0023714614
5.276329e-08,0.0023707433
5.286329e-08,0.0023657169
5.296329e-08,0.0023578182
5.306329e-08,0.0023527918
5.316329e-08,0.002354946
5.326329e-08,0.0023657169
5.336329e-08,0.0023815142
5.346329e-08,0.0023958755
5.356329e-08,0.0023994658
5.366329e-08,0.0023886949
5.376329e-08,0.0023657169
5.386329e-08,0.0023384306
5.396329e-08,0.0023168888
5.406329e-08,0.0023082721
5.416329e-08,0.0023140165
5.426329e-08,0.0023276597
5.436329e-08,0.0023398667
5.446329e-08,0.002342739
5.456329e-08,0.0023319681
5.466329e-08,0.0023118624
5.476329e-08,0.0022896025
5.486329e-08,0.0022738051
5.496329e-08,0.0022687787
5.506329e-08,0.002272369
5.516329e-08,0.0022766774
5.526329e-08,0.0022738051
5.536329e-08,0.0022594439
5.546329e-08,0.0022343118
5.556329e-08,0.0022063074
5.566329e-08,0.0021818934
5.576329e-08,0.0021675322
5.586329e-08,0.0021632238
5.596329e-08,0.0021625057
5.606329e-08,0.0021589154
5.616329e-08,0.0021452723
5.626329e-08,0.0021208582
5.636329e-08,0.0020892636
5.646329e-08,0.0020555147
5.656329e-08,0.0020260742
5.666329e-08,0.0020038143
5.676329e-08,0.001988017
5.686329e-08,0.0019750919
5.696329e-08,0.0019628849
5.706329e-08,0.0019506778
5.716329e-08,0.0019384708
5.726329e-08,0.001929136
5.736329e-08,0.0019219554
5.746329e-08,0.0019140568
5.756329e-08,0.0019025678
5.766329e-08,0.0018831801
5.776329e-08,0.0018558938
5.786329e-08,0.0018228631
5.796329e-08,0.0017919864
5.806329e-08,0.0017682904
5.816329e-08,0.0017553653
5.826329e-08,0.0017524931
5.836329e-08,0.0017553653
5.846329e-08,0.0017568015
5.856329e-08,0.0017539292
5.866329e-08,0.0017445944
5.876329e-08,0.0017331055
5.886329e-08,0.0017223346
5.896329e-08,0.001715154
5.906329e-08,0.0017115636
5.916329e-08,0.0017072553
5.926329e-08,0.0016993566
5.936329e-08,0.0016849954
5.946329e-08,0.0016656078
5.956329e-08,0.0016455021
5.966329e-08,0.0016304228
5.976329e-08,0.0016239602
5.986329e-08,0.0016246783
5.996329e-08,0.0016289867
6.006329e-08,0.0016304228
6.016329e-08,0.0016239602
6.026329e-08,0.0016074449
6.036329e-08,0.0015844669
6.046329e-08,0.001561489
6.056329e-08,0.0015442555
6.066329e-08,0.0015356388
6.076329e-08,0.0015349207
6.086329e-08,0.001538511
6.096329e-08,0.0015399472
6.106329e-08,0.0015334846
6.116329e-08,0.0015176873
6.126329e-08,0.0014925551
6.136329e-08,0.0014616785
6.146329e-08,0.0014300839
6.156329e-08,0.0014006434
6.166329e-08,0.0013776654
6.176329e-08,0.0013618681
6.186329e-08,0.0013518153
6.196329e-08,0.0013467888
6.206329e-08,0.0013431985
6.216329e-08,0.0013381721
6.226329e-08,0.0013288373
6.236329e-08,0.0013151942
6.246329e-08,0.0012972426
6.256329e-08,0.0012785731
6.266329e-08,0.0012620577
6.276329e-08,0.0012491326
6.286329e-08,0.0012397978
6.296329e-08,0.0012311811
6.306329e-08,0.0012204102
6.316329e-08,0.0012038948
6.326329e-08,0.0011823529
6.336329e-08,0.0011608111
6.346329e-08,0.0011442957
6.356329e-08,0.0011399874
6.366329e-08,0.001147886
6.376329e-08,0.0011651195
6.386329e-08,0.0011823529
6.396329e-08,0.0011909697
6.406329e-08,0.0011823529
6.416329e-08,0.0011565028
6.426329e-08,0.0011177275
6.436329e-08,0.0010775161
6.446329e-08,0.0010444853
6.456329e-08,0.0010265338
6.466329e-08,0.0010243796
6.476329e-08,0.0010329963
6.486329e-08,0.0010444853
6.496329e-08,0.0010509478
6.506329e-08,0.0010487937
6.516329e-08,0.0010380227
6.526329e-08,0.0010215074
6.536329e-08,0.0010028378
6.546329e-08,0.00098560432
6.556329e-08,0.00096908892
6.566329e-08,0.00095257353
6.576329e-08,0.00093462201
6.586329e-08,0.00091523438
6.596329e-08,0.00089369256
6.606329e-08,0.00087215074
6.616329e-08,0.00085132698
6.626329e-08,0.00083122128
6.636329e-08,0.00081111558
6.646329e-08,0.00079172794
6.656329e-08,0.00077305836
6.666329e-08,0.00075582491
6.676329e-08,0.00074289982
6.686329e-08,0.00073428309
6.696329e-08,0.00072925666
6.706329e-08,0.00072638442
6.716329e-08,0.00072063994
6.726329e-08,0.00071130515
6.736329e-08,0.00069694393
6.746329e-08,0.0006811466
6.756329e-08,0.00066534926
6.766329e-08,0.00065386029
6.776329e-08,0.00064667969
6.786329e-08,0.00064237132
6.796329e-08,0.00063806296
6.806329e-08,0.00063088235
6.816329e-08,0.00061939338
6.826329e-08,0.00060646829
6.836329e-08,0.0005935432
6.846329e-08,0.00058492647
6.856329e-08,0.00058133617
6.866329e-08,0.00058205423
6.876329e-08,0.00058349035
6.886329e-08,0.00058492647
6.896329e-08,0.00058420841
6.906329e-08,0.00058277229
6.916329e-08,0.00058277229
6.926329e-08,0.00058492647
6.936329e-08,0.0005899529
6.946329e-08,0.00059497932
6.956329e-08,0.00059785156
6.966329e-08,0.00059641544
6.976329e-08,0.0005899529
6.986329e-08,0.00058205423
6.996329e-08,0.00057559168
7.006329e-08,0.0005734375
7.016329e-08,0.0005770278
7.026329e-08,0.00058564453
7.036329e-08,0.00059641544
7.046329e-08,0.00060790441
7.056329e-08,0.00061867532
7.066329e-08,0.00063016429
7.076329e-08,0.00064237132
7.086329e-08,0.00065386029
7.096329e-08,0.00066247702
7.106329e-08,0.0006646312
7.116329e-08,0.0006574506
7.126329e-08,0.00064237132
7.136329e-08,0.00062441981
7.146329e-08,0.00061149472
7.156329e-08,0.00060934053
7.166329e-08,0.00061939338
7.176329e-08,0.0006373449
7.186329e-08,0.00065529642
7.196329e-08,0.00066247702
7.206329e-08,0.00065386029
7.216329e-08,0.00063160041
7.226329e-08,0.00060359605
7.236329e-08,0.00058133617
7.246329e-08,0.0005734375
7.256329e-08,0.00058277229
7.266329e-08,0.00060215993
7.276329e-08,0.00062226563
7.286329e-08,0.00063088235
7.296329e-08,0.00062226563
7.306329e-08,0.00059641544
7.316329e-08,0.00056194853
7.326329e-08,0.00052748162
7.336329e-08,0.00050091337
7.346329e-08,0.00048439798
7.356329e-08,0.00047578125
7.366329e-08,0.00047003676
7.376329e-08,0.00046285616
7.386329e-08,0.00045423943
7.396329e-08,0.00044418658
7.406329e-08,0.00043556985
7.416329e-08,0.00042838925
7.426329e-08,0.00041905446
7.436329e-08,0.00040397518
7.446329e-08,0.000378125
7.456329e-08,0.00034150391
7.466329e-08,0.00029913833
7.476329e-08,0.00025892693
7.486329e-08,0.00022876838
7.496329e-08,0.00021225299
7.506329e-08,0.00020722656
7.516329e-08,0.00020794462
7.526329e-08,0.00020579044
7.536329e-08,0.00019573759
7.546329e-08,0.00017850414
7.556329e-08,0.00015624426
7.566329e-08,0.00013685662
7.576329e-08,0.00012393153
7.586329e-08,0.0001189051
7.596329e-08,0.00011746898
7.606329e-08,0.00011387868
7.616329e-08,0.00010454389
7.626329e-08,8.9464614e-05
7.636329e-08,7.1513097e-05
7.646329e-08,5.6433824e-05
7.656329e-08,4.9253217e-05
7.666329e-08,5.0689338e-05
7.676329e-08,5.8588006e-05
7.686329e-08,6.7922794e-05
7.696329e-08,7.2949219e-05
7.706329e-08,7.1513097e-05
7.716329e-08,6.5050551e-05
7.726329e-08,5.6433824e-05
7.736329e-08,4.9253217e-05
7.746329e-08,4.4944853e-05
7.756329e-08,4.4226792e-05
7.766329e-08,4.4944853e-05
7.776329e-08,4.4944853e-05
7.786329e-08,4.2790671e-05
7.796329e-08,3.8482307e-05
7.806329e-08,3.3455882e-05
7.816329e-08,2.6993336e-05
7.826329e-08,1.7658548e-05
7.836329e-08,4.7334559e-06
7.846329e-08,-1.25e-05
7.856329e-08,-3.3323759e-05
7.866329e-08,-5.4865579e-05
7.876329e-08,-7.2099035e-05
7.886329e-08,-8.1433824e-05
7.896329e-08,-8.1433824e-05
7.906329e-08,-7.4253217e-05
7.916329e-08,-6.4918428e-05
7.926329e-08,-5.8455882e-05
7.936329e-08,-5.9173943e-05
7.946329e-08,-6.707261e-05
7.956329e-08,-7.9279642e-05
7.966329e-08,-9.2922794e-05
7.976329e-08,-0.0001036937
7.986329e-08,-0.00011159237
7.996329e-08,-0.00011877298
8.006329e-08,-0.00012738971
8.016329e-08,-0.00014103286
8.026329e-08,-0.00015898437
8.036329e-08,-0.00017837201
8.046329e-08,-0.00019632353
8.056329e-08,-0.00020853056
8.066329e-08,-0.00021427505
8.076329e-08,-0.00021642923
8.086329e-08,-0.00021930147
8.096329e-08,-0.00022720014
8.106329e-08,-0.00024227941
8.116329e-08,-0.00026382123
8.126329e-08,-0.00028823529
8.136329e-08,-0.00031121324
8.146329e-08,-0.00032916475
8.156329e-08,-0.00033993566
8.166329e-08,-0.00034568015
8.176329e-08,-0.00034855239
8.186329e-08,-0.00035070657
8.196329e-08,-0.00035357881
8.206329e-08,-0.00035716912
8.216329e-08,-0.00036004136
8.226329e-08,-0.00036004136
8.236329e-08,-0.00035860524
8.246329e-08,-0.00035716912
8.256329e-08,-0.00035788718
8.266329e-08,-0.00036147748
8.276329e-08,-0.00037009421
8.286329e-08,-0.00038014706
8.296329e-08,-0.00038948185
8.306329e-08,-0.00039450827
8.316329e-08,-0.00039522633
8.326329e-08,-0.00039163603
8.336329e-08,-0.0003866096
8.346329e-08,-0.00038230124
8.356329e-08,-0.00038014706
8.366329e-08,-0.00038014706
8.376329e-08,-0.000379429
8.386329e-08,-0.00037512063
8.396329e-08,-0.00036722197
8.406329e-08,-0.00035716912
8.416329e-08,-0.00034927045
8.426329e-08,-0.00034711627
8.436329e-08,-0.00035357881
8.446329e-08,-0.00036865809
8.456329e-08,-0.00038804573
8.466329e-08,-0.0004067153
8.476329e-08,-0.0004196404
8.486329e-08,-0.00042610294
8.496329e-08,-0.00042897518
8.506329e-08,-0.00043256549
8.516329e-08,-0.00044261834
8.526329e-08,-0.00046056985
8.536329e-08,-0.00048354779
8.546329e-08,-0.00050652574
8.556329e-08,-0.00052304113
8.566329e-08,-0.00052950368
8.576329e-08,-0.00052663143
8.586329e-08,-0.00051873277
8.596329e-08,-0.0005144244
8.606329e-08,-0.00051801471
8.616329e-08,-0.00053237592
8.626329e-08,-0.0005546358
8.636329e-08,-0.0005783318
8.646329e-08,-0.0005984375
8.656329e-08,-0.00061136259
8.666329e-08,-0.00061782514
8.676329e-08,-0.00062356962
8.686329e-08,-0.00063290441
8.696329e-08,-0.00065013787
8.706329e-08,-0.00067526999
8.716329e-08,-0.00070542854
8.726329e-08,-0.00073630515
8.736329e-08,-0.00076359145
8.746329e-08,-0.00078585133
8.756329e-08,-0.00080308479
8.766329e-08,-0.00081672794
8.776329e-08,-0.00082749885
8.786329e-08,-0.00083539752
8.796329e-08,-0.00083970588
8.806329e-08,-0.00083970588
8.816329e-08,-0.00083683364
8.826329e-08,-0.00083324334
8.836329e-08,-0.0008339614
8.846329e-08,-0.00083970588
8.856329e-08,-0.00085191291
8.866329e-08,-0.00086771025
8.876329e-08,-0.00088422564
8.886329e-08,-0.00089715074
8.896329e-08,-0.00090576746
8.906329e-08,-0.00091079389
8.916329e-08,-0.00091438419
8.926329e-08,-0.00092012868
8.936329e-08,-0.00092730928
8.946329e-08,-0.00093305377
8.956329e-08,-0.00093520795
8.966329e-08,-0.00093161765
8.976329e-08,-0.00092300092
8.986329e-08,-0.00091223001
8.996329e-08,-0.00090648552
9.006329e-08,-0.00090863971
9.016329e-08,-0.00092012868
9.026329e-08,-0.00093736213
9.036329e-08,-0.00095531365
9.046329e-08,-0.00096608456
9.056329e-08,-0.00096752068
9.066329e-08,-0.00096105813
9.076329e-08,-0.00095100528
9.086329e-08,-0.00094310662
9.096329e-08,-0.00094023437
9.106329e-08,-0.0009416705
9.116329e-08,-0.00094454274
9.126329e-08,-0.00094310662
9.136329e-08,-0.00093448989
9.146329e-08,-0.00092012868
9.156329e-08,-0.00090576746
9.166329e-08,-0.00089715074
9.176329e-08,-0.00090002298
9.186329e-08,-0.00091582031
9.196329e-08,-0.00094023437
9.206329e-08,-0.00096608456
9.216329e-08,-0.0009854722
9.226329e-08,-0.0009926528
9.236329e-08,-0.0009890625
9.246329e-08,-0.00097757353
9.256329e-08,-0.00096393038
9.266329e-08,-0.00095315947
9.276329e-08,-0.00094669692
9.286329e-08,-0.00094310662
9.296329e-08,-0.00094095244
9.306329e-08,-0.00093736213
9.316329e-08,-0.00093305377
9.326329e-08,-0.00093161765
9.336329e-08,-0.00093592601
9.346329e-08,-0.00094741498
9.356329e-08,-0.00096680262
9.366329e-08,-0.0009890625
9.376329e-08,-0.0010077321
9.386329e-08,-0.0010177849
9.396329e-08,-0.0010149127
9.406329e-08,-0.0010005515
9.416329e-08,-0.00097972771
9.426329e-08,-0.00095962201
9.436329e-08,-0.00094597886
9.446329e-08,-0.00094310662
9.456329e-08,-0.00095028722
9.466329e-08,-0.00096608456
9.476329e-08,-0.00098403608
9.486329e-08,-0.0010005515
9.496329e-08,-0.0010127585
9.506329e-08,-0.001018503
9.516329e-08,-0.0010177849
9.526329e-08,-0.0010120404
9.536329e-08,-0.0010027057
9.546329e-08,-0.00099193474
9.556329e-08,-0.00098259995
9.566329e-08,-0.00097757353
9.576329e-08,-0.00097972771
9.586329e-08,-0.00099121668
9.596329e-08,-0.0010106043
9.606329e-08,-0.0010350184
9.616329e-08,-0.0010587144
9.626329e-08,-0.0010752298
9.636329e-08,-0.0010831284
9.646329e-08,-0.0010809743
9.656329e-08,-0.0010745117
9.666329e-08,-0.0010702034
9.676329e-08,-0.0010745117
9.686329e-08,-0.0010924632
9.696329e-08,-0.0011211857
9.706329e-08,-0.0011556526
9.716329e-08,-0.0011872472
9.726329e-08,-0.0012073529
9.736329e-08,-0.0012130974
9.746329e-08,-0.0012066349
9.756329e-08,-0.0011937098
9.766329e-08,-0.001184375
9.776329e-08,-0.0011850931
9.786329e-08,-0.0011980182
9.796329e-08,-0.0012231503
9.806329e-08,-0.0012533088
9.816329e-08,-0.0012813132
9.826329e-08,-0.0013014189
9.836329e-08,-0.0013114717
9.846329e-08,-0.0013107537
9.856329e-08,-0.0013042911
9.866329e-08,-0.0012956744
9.876329e-08,-0.0012899299
9.886329e-08,-0.0012877757
9.896329e-08,-0.001290648
9.906329e-08,-0.0012963925
9.916329e-08,-0.0013035731
9.926329e-08,-0.0013107537
9.936329e-08,-0.0013157801
9.946329e-08,-0.0013193704
9.956329e-08,-0.0013208065
9.966329e-08,-0.0013222426
9.976329e-08,-0.0013251149
9.986329e-08,-0.0013315774
9.996329e-08,-0.0013416303
1.000633e-07,-0.0013567096
1.001633e-07,-0.001373225
1.002633e-07,-0.0013890223
1.003633e-07,-0.0013997932
1.004633e-07,-0.0014026654
1.005633e-07,-0.001397639
1.006633e-07,-0.0013875862
1.007633e-07,-0.0013760972
1.008633e-07,-0.0013681985
1.009633e-07,-0.0013674805
1.010633e-07,-0.0013746611
1.011633e-07,-0.0013883042
1.012633e-07,-0.0014026654
1.013633e-07,-0.0014134364
1.014633e-07,-0.0014170267
1.015633e-07,-0.0014127183
1.016633e-07,-0.0014026654
1.017633e-07,-0.0013911765
1.018633e-07,-0.0013832778
1.019633e-07,-0.0013825597
1.020633e-07,-0.0013911765
1.021633e-07,-0.0014069738
1.022633e-07,-0.0014249253
1.023633e-07,-0.0014400046
1.024633e-07,-0.0014486213
1.025633e-07,-0.0014479033
1.026633e-07,-0.0014407227
1.027633e-07,-0.0014306698
1.028633e-07,-0.0014256434
1.029633e-07,-0.0014306698
1.030633e-07,-0.0014471852
1.031633e-07,-0.0014751896
1.032633e-07,-0.0015060662
1.033633e-07,-0.0015326344
1.034633e-07,-0.0015469956
1.035633e-07,-0.0015448415
1.036633e-07,-0.0015290441
1.037633e-07,-0.0015060662
1.038633e-07,-0.0014859605
1.039633e-07,-0.0014773437
1.040633e-07,-0.0014830882
1.041633e-07,-0.0015017578
1.042633e-07,-0.0015247358
1.043633e-07,-0.0015441234
1.044633e-07,-0.0015520221
1.045633e-07,-0.0015455595
1.046633e-07,-0.0015283261
1.047633e-07,-0.0015082204
1.048633e-07,-0.0014945772
1.049633e-07,-0.0014931411
1.050633e-07,-0.0015053481
1.051633e-07,-0.001527608
1.052633e-07,-0.0015520221
1.053633e-07,-0.0015721278
1.054633e-07,-0.0015843348
1.055633e-07,-0.0015879251
1.056633e-07,-0.001586489
1.057633e-07,-0.0015857709
1.058633e-07,-0.0015893612
1.059633e-07,-0.0015979779
1.060633e-07,-0.0016094669
1.061633e-07,-0.0016209559
1.062633e-07,-0.0016281365
1.063633e-07,-0.0016317268
1.064633e-07,-0.0016324449
1.065633e-07,-0.001633881
1.066633e-07,-0.0016396255
1.067633e-07,-0.0016511144
1.068633e-07,-0.0016669118
1.069633e-07,-0.0016834272
1.070633e-07,-0.0016956342
1.071633e-07,-0.0017020967
1.072633e-07,-0.0017013787
1.073633e-07,-0.0016970703
1.074633e-07,-0.0016927619
1.075633e-07,-0.00169348
1.076633e-07,-0.0017013787
1.077633e-07,-0.0017157399
1.078633e-07,-0.0017336914
1.079633e-07,-0.0017494887
1.080633e-07,-0.0017588235
1.081633e-07,-0.0017595416
1.082633e-07,-0.0017516429
1.083633e-07,-0.0017379998
1.084633e-07,-0.0017243566
1.085633e-07,-0.0017150218
1.086633e-07,-0.0017135857
1.087633e-07,-0.0017207663
1.088633e-07,-0.0017358456
1.089633e-07,-0.0017559513
1.090633e-07,-0.001776775
1.091633e-07,-0.0017940085
1.092633e-07,-0.0018047794
1.093633e-07,-0.0018083697
1.094633e-07,-0.0018054975
1.095633e-07,-0.0017990349
1.096633e-07,-0.0017932904
1.097633e-07,-0.0017925724
1.098633e-07,-0.001800471
1.099633e-07,-0.0018169864
1.100633e-07,-0.0018392463
1.101633e-07,-0.0018636604
1.102633e-07,-0.0018852022
1.103633e-07,-0.0019002815
1.104633e-07,-0.0019081801
1.105633e-07,-0.0019110524
1.106633e-07,-0.0019139246
1.107633e-07,-0.0019196691
1.108633e-07,-0.0019311581
1.109633e-07,-0.0019476735
1.110633e-07,-0.001965625
1.111633e-07,-0.0019807043
1.112633e-07,-0.0019886029
1.113633e-07,-0.0019878849
1.114633e-07,-0.0019814223
1.115633e-07,-0.0019720875
1.116633e-07,-0.001965625
1.117633e-07,-0.0019649069
1.118633e-07,-0.0019699334
1.119633e-07,-0.0019785501
1.120633e-07,-0.0019886029
1.121633e-07,-0.0019950655
1.122633e-07,-0.0019972197
1.123633e-07,-0.0019943474
1.124633e-07,-0.0019886029
1.125633e-07,-0.0019828585
1.126633e-07,-0.0019799862
1.127633e-07,-0.0019821404
1.128633e-07,-0.0019886029
1.129633e-07,-0.0019993739
1.130633e-07,-0.002013017
1.131633e-07,-0.0020259421
1.132633e-07,-0.0020345588
1.133633e-07,-0.002036713
1.134633e-07,-0.0020309685
1.135633e-07,-0.0020180434
1.136633e-07,-0.0020000919
1.137633e-07,-0.0019814223
1.138633e-07,-0.0019663431
1.139633e-07,-0.0019570083
1.140633e-07,-0.001954136
1.141633e-07,-0.0019548541
1.142633e-07,-0.0019548541
1.143633e-07,-0.0019512638
1.144633e-07,-0.0019426471
1.145633e-07,-0.00193044
1.146633e-07,-0.001918233
1.147633e-07,-0.0019103343
1.148633e-07,-0.0019081801
1.149633e-07,-0.0019110524
1.150633e-07,-0.0019153608
1.151633e-07,-0.0019189511
1.152633e-07,-0.0019196691
1.153633e-07,-0.0019203872
1.154633e-07,-0.0019239775
1.155633e-07,-0.0019347484
1.156633e-07,-0.001954136
1.157633e-07,-0.0019792682
1.158633e-07,-0.0020051183
1.159633e-07,-0.002024506
1.160633e-07,-0.0020345588
1.161633e-07,-0.0020345588
1.162633e-07,-0.0020302505
1.163633e-07,-0.0020280963
1.164633e-07,-0.0020345588
1.165633e-07,-0.0020510742
1.166633e-07,-0.0020762063
1.167633e-07,-0.0021027746
1.168633e-07,-0.0021264706
1.169633e-07,-0.002143704
1.170633e-07,-0.002154475
1.171633e-07,-0.0021623736
1.172633e-07,-0.0021724265
1.173633e-07,-0.0021853516
1.174633e-07,-0.0021997128
1.175633e-07,-0.0022119198
1.176633e-07,-0.0022183824
1.177633e-07,-0.0022169462
1.178633e-07,-0.0022104837
1.179633e-07,-0.0022011489
1.180633e-07,-0.0021954044
1.181633e-07,-0.0021939683
1.182633e-07,-0.0021961225
1.183633e-07,-0.0021975586
1.184633e-07,-0.0021954044
1.185633e-07,-0.0021875057
1.186633e-07,-0.0021760168
1.187633e-07,-0.0021652459
1.188633e-07,-0.0021609375
1.189633e-07,-0.0021652459
1.190633e-07,-0.0021774529
1.191633e-07,-0.0021932502
1.192633e-07,-0.0022068934
1.193633e-07,-0.002214074
1.194633e-07,-0.002214792
1.195633e-07,-0.0022112017
1.196633e-07,-0.0022068934
1.197633e-07,-0.0022047392
1.198633e-07,-0.0022061753
1.199633e-07,-0.0022076114
1.200633e-07,-0.0022068934
1.201633e-07,-0.002202585
1.202633e-07,-0.0021961225
1.203633e-07,-0.0021925322
1.204633e-07,-0.0021954044
1.205633e-07,-0.0022083295
1.206633e-07,-0.0022298713
1.207633e-07,-0.0022542854
1.208633e-07,-0.0022758272
1.209633e-07,-0.0022873162
1.210633e-07,-0.0022873162
1.211633e-07,-0.0022772633
1.212633e-07,-0.0022643382
1.213633e-07,-0.0022557215
1.214633e-07,-0.0022564396
1.215633e-07,-0.0022679285
1.216633e-07,-0.0022873162
1.217633e-07,-0.0023102941
1.218633e-07,-0.0023303998
1.219633e-07,-0.0023461972
1.220633e-07,-0.00235625
1.221633e-07,-0.0023627125
1.222633e-07,-0.002367739
1.223633e-07,-0.0023734835
1.224633e-07,-0.0023792279
1.225633e-07,-0.0023842544
1.226633e-07,-0.0023864085
1.227633e-07,-0.0023842544
1.228633e-07,-0.0023792279
1.229633e-07,-0.0023720473
1.230633e-07,-0.0023663028
1.231633e-07,-0.0023648667
1.232633e-07,-0.002367739
1.233633e-07,-0.0023763557
1.234633e-07,-0.0023885627
1.235633e-07,-0.0024014878
1.236633e-07,-0.0024136949
1.237633e-07,-0.0024223116
1.238633e-07,-0.0024266199
1.239633e-07,-0.002427338
1.240633e-07,-0.0024251838
1.241633e-07,-0.0024230296
1.242633e-07,-0.0024237477
1.243633e-07,-0.0024280561
1.244633e-07,-0.0024366728
1.245633e-07,-0.0024488798
1.246633e-07,-0.002462523
1.247633e-07,-0.0024740119
1.248633e-07,-0.0024826287
1.249633e-07,-0.002486219
1.250633e-07,-0.002486219
1.251633e-07,-0.0024840648
1.252633e-07,-0.0024826287
1.253633e-07,-0.0024847829
1.254633e-07,-0.0024912454
1.255633e-07,-0.0025027344
1.256633e-07,-0.0025170956
1.257633e-07,-0.002533611
1.258633e-07,-0.0025508444
1.259633e-07,-0.002568796
1.260633e-07,-0.0025860294
1.261633e-07,-0.0026039809
1.262633e-07,-0.0026219324
1.263633e-07,-0.0026391659
1.264633e-07,-0.0026549632
1.265633e-07,-0.0026671703
1.266633e-07,-0.0026765051
1.267633e-07,-0.0026829676
1.268633e-07,-0.0026894301
1.269633e-07,-0.0026987649
1.270633e-07,-0.0027131261
1.271633e-07,-0.0027339499
1.272633e-07,-0.002758364
1.273633e-07,-0.0027842142
1.274633e-07,-0.0028079102
1.275633e-07,-0.0028258617
1.276633e-07,-0.0028387868
1.277633e-07,-0.0028474035
1.278633e-07,-0.002853866
1.279633e-07,-0.0028624828
1.280633e-07,-0.0028732537
1.281633e-07,-0.0028868968
1.282633e-07,-0.0029019761
1.283633e-07,-0.0029170554
1.284633e-07,-0.0029306985
1.285633e-07,-0.0029436236
1.286633e-07,-0.0029565487
1.287633e-07,-0.0029709099
1.288633e-07,-0.0029881434
1.289633e-07,-0.0030060949
1.290633e-07,-0.0030233284
1.291633e-07,-0.0030369715
1.292633e-07,-0.0030455882
1.293633e-07,-0.0030498966
1.294633e-07,-0.0030527688
1.295633e-07,-0.003054205
1.296633e-07,-0.0030570772
1.297633e-07,-0.0030606675
1.298633e-07,-0.0030649759
1.299633e-07,-0.0030678481
1.300633e-07,-0.0030685662
1.301633e-07,-0.0030678481
1.302633e-07,-0.0030678481
1.303633e-07,-0.0030678481
1.304633e-07,-0.0030685662
1.305633e-07,-0.0030678481
1.306633e-07,-0.0030642578
1.307633e-07,-0.0030563591
1.308633e-07,-0.0030455882
1.309633e-07,-0.0030348173
1.310633e-07,-0.0030283548
1.311633e-07,-0.0030283548
1.312633e-07,-0.0030340993
1.313633e-07,-0.0030419979
1.314633e-07,-0.0030470244
1.315633e-07,-0.0030441521
1.316633e-07,-0.0030340993
1.317633e-07,-0.0030204561
1.318633e-07,-0.0030111213
1.319633e-07,-0.0030104033
1.320633e-07,-0.0030226103
1.321633e-07,-0.0030434341
1.322633e-07,-0.003066412
1.323633e-07,-0.0030843635
1.324633e-07,-0.0030915441
1.325633e-07,-0.003090108
1.326633e-07,-0.0030850816
1.327633e-07,-0.0030836455
1.328633e-07,-0.0030915441
1.329633e-07,-0.0031073415
1.330633e-07,-0.0031245749
1.331633e-07,-0.0031367819
1.332633e-07,-0.0031375
1.333633e-07,-0.0031281652
1.334633e-07,-0.0031152401
1.335633e-07,-0.0031080595
1.336633e-07,-0.0031145221
1.337633e-07,-0.0031360639
1.338633e-07,-0.0031669405
1.339633e-07,-0.003197099
1.340633e-07,-0.0032179228
1.341633e-07,-0.0032251034
1.342633e-07,-0.003220795
1.343633e-07,-0.0032157686
1.344633e-07,-0.0032179228
1.345633e-07,-0.0032344382
1.346633e-07,-0.0032624426
1.347633e-07,-0.0032947553
1.348633e-07,-0.0033213235
1.349633e-07,-0.0033335306
1.350633e-07,-0.0033299403
1.351633e-07,-0.003314861
1.352633e-07,-0.0032983456
1.353633e-07,-0.0032882927
1.354633e-07,-0.0032904469
1.355633e-07,-0.003302654
1.356633e-07,-0.0033213235
1.357633e-07,-0.003339275
1.358633e-07,-0.0033536363
1.359633e-07,-0.003362253
1.360633e-07,-0.0033672794
1.361633e-07,-0.0033708697
1.362633e-07,-0.00337446
1.363633e-07,-0.0033773323
1.364633e-07,-0.0033787684
1.365633e-07,-0.0033787684
1.366633e-07,-0.0033787684
1.367633e-07,-0.0033823587
1.368633e-07,-0.0033902574
1.369633e-07,-0.0034039005
1.370633e-07,-0.0034189798
1.371633e-07,-0.0034319049
1.372633e-07,-0.0034362132
1.373633e-07,-0.0034304687
1.374633e-07,-0.0034161075
1.375633e-07,-0.0034003102
1.376633e-07,-0.0033902574
1.377633e-07,-0.0033909754
1.378633e-07,-0.0034039005
1.379633e-07,-0.0034247243
1.380633e-07,-0.0034477022
1.381633e-07,-0.0034649357
1.382633e-07,-0.0034742705
1.383633e-07,-0.0034742705
1.384633e-07,-0.0034706801
1.385633e-07,-0.0034678079
1.386633e-07,-0.0034706801
1.387633e-07,-0.0034792969
1.388633e-07,-0.0034936581
1.389633e-07,-0.0035094554
1.390633e-07,-0.0035230986
1.391633e-07,-0.0035338695
1.392633e-07,-0.003539614
1.393633e-07,-0.0035410501
1.394633e-07,-0.003539614
1.395633e-07,-0.0035353056
1.396633e-07,-0.003528125
1.397633e-07,-0.0035195083
1.398633e-07,-0.0035094554
1.399633e-07,-0.0035008387
1.400633e-07,-0.0034936581
1.401633e-07,-0.0034893497
1.402633e-07,-0.0034864775
1.403633e-07,-0.0034850414
1.404633e-07,-0.0034821691
1.405633e-07,-0.0034785788
1.406633e-07,-0.0034749885
1.407633e-07,-0.0034721163
1.408633e-07,-0.0034706801
1.409633e-07,-0.0034713982
1.410633e-07,-0.0034706801
1.411633e-07,-0.0034678079
1.412633e-07,-0.0034591912
1.413633e-07,-0.00344483
1.414633e-07,-0.0034261604
1.415633e-07,-0.0034067727
1.416633e-07,-0.0033902574
1.417633e-07,-0.0033787684
1.418633e-07,-0.0033723058
1.419633e-07,-0.0033694336
1.420633e-07,-0.0033672794
1.421633e-07,-0.003362971
1.422633e-07,-0.0033572266
1.423633e-07,-0.003350046
1.424633e-07,-0.0033443015
1.425633e-07,-0.0033421473
1.426633e-07,-0.0033443015
1.427633e-07,-0.0033493279
1.428633e-07,-0.0033557904
1.429633e-07,-0.0033615349
1.430633e-07,-0.0033651252
1.431633e-07,-0.0033672794
1.432633e-07,-0.0033672794
1.433633e-07,-0.0033672794
1.434633e-07,-0.0033672794
1.435633e-07,-0.0033672794
1.436633e-07,-0.0033672794
1.437633e-07,-0.0033665614
1.438633e-07,-0.0033636891
1.439633e-07,-0.0033600988
1.440633e-07,-0.0033557904
1.441633e-07,-0.003350764
1.442633e-07,-0.0033450195
1.443633e-07,-0.003338557
1.444633e-07,-0.0033328125
1.445633e-07,-0.0033285041
1.446633e-07,-0.00332635
1.447633e-07,-0.0033277861
1.448633e-07,-0.0033328125
1.449633e-07,-0.0033414292
1.450633e-07,-0.003350764
1.451633e-07,-0.0033600988
1.452633e-07,-0.0033672794
1.453633e-07,-0.0033715878
1.454633e-07,-0.003373742
1.455633e-07,-0.0033758961
1.456633e-07,-0.0033787684
1.457633e-07,-0.0033837948
1.458633e-07,-0.0033909754
1.459633e-07,-0.0034010283
1.460633e-07,-0.0034132353
1.461633e-07,-0.0034275965
1.462633e-07,-0.0034426758
1.463633e-07,-0.0034584731
1.464633e-07,-0.0034706801
1.465633e-07,-0.0034778608
1.466633e-07,-0.0034778608
1.467633e-07,-0.0034706801
1.468633e-07,-0.0034591912
1.469633e-07,-0.0034491383
1.470633e-07,-0.003445548
1.471633e-07,-0.0034527286
1.472633e-07,-0.0034706801
1.473633e-07,-0.0034950942
1.474633e-07,-0.0035202263
1.475633e-07,-0.003539614
1.476633e-07,-0.0035511029
1.477633e-07,-0.0035554113
1.478633e-07,-0.0035568474
1.479633e-07,-0.0035618739
1.480633e-07,-0.0035740809
1.481633e-07,-0.0035934685
1.482633e-07,-0.0036150103
1.483633e-07,-0.0036329619
1.484633e-07,-0.0036430147
1.485633e-07,-0.0036430147
1.486633e-07,-0.0036358341
1.487633e-07,-0.0036264993
1.488633e-07,-0.0036200368
1.489633e-07,-0.0036193187
1.490633e-07,-0.0036236271
1.491633e-07,-0.0036293716
1.492633e-07,-0.0036315257
1.493633e-07,-0.0036286535
1.494633e-07,-0.0036221909
1.495633e-07,-0.0036142923
1.496633e-07,-0.0036085478
1.497633e-07,-0.0036063936
1.498633e-07,-0.0036056756
1.499633e-07,-0.0036035214
1.500633e-07,-0.0035970588
1.501633e-07,-0.0035855699
1.502633e-07,-0.0035712086
1.503633e-07,-0.0035582835
1.504633e-07,-0.0035511029
1.505633e-07,-0.003551821
1.506633e-07,-0.0035590016
1.507633e-07,-0.0035683364
1.508633e-07,-0.0035740809
1.509633e-07,-0.0035740809
1.510633e-07,-0.0035683364
1.511633e-07,-0.0035590016
1.512633e-07,-0.0035511029
1.513633e-07,-0.0035467946
1.514633e-07,-0.0035467946
1.515633e-07,-0.0035489488
1.516633e-07,-0.0035511029
1.517633e-07,-0.0035511029
1.518633e-07,-0.0035503849
1.519633e-07,-0.0035496668
1.520633e-07,-0.0035511029
1.521633e-07,-0.0035554113
1.522633e-07,-0.0035604377
1.523633e-07,-0.003564028
1.524633e-07,-0.0035625919
1.525633e-07,-0.0035561294
1.526633e-07,-0.0035475126
1.527633e-07,-0.003540332
1.528633e-07,-0.003539614
1.529633e-07,-0.0035475126
1.530633e-07,-0.0035618739
1.531633e-07,-0.0035805434
1.532633e-07,-0.0035970588
1.533633e-07,-0.0036085478
1.534633e-07,-0.0036128562
1.535633e-07,-0.0036121381
1.536633e-07,-0.0036085478
1.537633e-07,-0.0036042394
1.538633e-07,-0.0035999311
1.539633e-07,-0.0035977769
1.540633e-07,-0.0035970588
1.541633e-07,-0.0035999311
1.542633e-07,-0.0036092659
1.543633e-07,-0.0036272174
1.544633e-07,-0.0036545037
1.545633e-07,-0.0036889706
1.546633e-07,-0.0037255917
1.547633e-07,-0.0037579044
1.548633e-07,-0.0037808824
1.549633e-07,-0.0037930894
1.550633e-07,-0.0037952436
1.551633e-07,-0.0037938074
1.552633e-07,-0.0037923713
1.553633e-07,-0.0037945255
1.554633e-07,-0.00380027
1.555633e-07,-0.0038081687
1.556633e-07,-0.0038153493
1.557633e-07,-0.0038203757
1.558633e-07,-0.003823966
1.559633e-07,-0.0038297105
1.560633e-07,-0.0038383272
1.561633e-07,-0.0038512523
1.562633e-07,-0.0038670496
1.563633e-07,-0.003882847
1.564633e-07,-0.0038957721
1.565633e-07,-0.0039051068
1.566633e-07,-0.0039108513
1.567633e-07,-0.0039151597
1.568633e-07,-0.00391875
1.569633e-07,-0.0039201861
1.570633e-07,-0.0039173139
1.571633e-07,-0.0039094152
1.572633e-07,-0.0038957721
1.573633e-07,-0.0038799747
1.574633e-07,-0.0038684858
1.575633e-07,-0.0038648955
1.576633e-07,-0.0038727941
1.577633e-07,-0.0038893095
1.578633e-07,-0.0039079791
1.579633e-07,-0.0039237764
1.580633e-07,-0.003930239
1.581633e-07,-0.0039288028
1.582633e-07,-0.0039244945
1.583633e-07,-0.0039237764
1.584633e-07,-0.003930239
1.585633e-07,-0.0039438821
1.586633e-07,-0.0039611156
1.587633e-07,-0.0039733226
1.588633e-07,-0.0039761949
1.589633e-07,-0.0039697323
1.590633e-07,-0.0039582433
1.591633e-07,-0.0039510627
1.592633e-07,-0.0039532169
1.593633e-07,-0.0039675781
1.594633e-07,-0.0039912741
1.595633e-07,-0.0040149701
1.596633e-07,-0.0040336397
1.597633e-07,-0.0040429745
1.598633e-07,-0.0040444106
1.599633e-07,-0.0040429745
1.600633e-07,-0.0040451287
1.601633e-07,-0.0040523093
1.602633e-07,-0.0040616441
1.603633e-07,-0.0040688247
1.604633e-07,-0.0040681066
1.605633e-07,-0.0040580538
1.606633e-07,-0.0040422564
1.607633e-07,-0.0040286133
1.608633e-07,-0.0040221507
1.609633e-07,-0.0040278952
1.610633e-07,-0.0040429745
1.611633e-07,-0.0040623621
1.612633e-07,-0.0040795956
1.613633e-07,-0.0040903665
1.614633e-07,-0.0040939568
1.615633e-07,-0.0040932387
1.616633e-07,-0.0040910846
1.617633e-07,-0.0040882123
1.618633e-07,-0.0040831859
1.619633e-07,-0.004073133
1.620633e-07,-0.0040566176
1.621633e-07,-0.0040365119
1.622633e-07,-0.0040199966
1.623633e-07,-0.004013534
1.624633e-07,-0.0040221507
1.625633e-07,-0.0040451287
1.626633e-07,-0.0040752872
1.627633e-07,-0.0041011374
1.628633e-07,-0.0041140625
1.629633e-07,-0.0041111903
1.630633e-07,-0.004096829
1.631633e-07,-0.0040788775
1.632633e-07,-0.0040681066
1.633633e-07,-0.0040681066
1.634633e-07,-0.0040774414
1.635633e-07,-0.0040874943
1.636633e-07,-0.0040910846
1.637633e-07,-0.0040824678
1.638633e-07,-0.0040623621
1.639633e-07,-0.0040393842
1.640633e-07,-0.0040221507
1.641633e-07,-0.0040171243
1.642633e-07,-0.0040264591
1.643633e-07,-0.0040458467
1.644633e-07,-0.0040681066
1.645633e-07,-0.0040874943
1.646633e-07,-0.0041004193
1.647633e-07,-0.004108318
1.648633e-07,-0.0041140625
1.649633e-07,-0.0041190889
1.650633e-07,-0.0041233973
1.651633e-07,-0.0041262695
1.652633e-07,-0.0041255515
1.653633e-07,-0.0041233973
1.654633e-07,-0.0041226792
1.655633e-07,-0.0041298598
1.656633e-07,-0.0041485294
1.657633e-07,-0.0041779699
1.658633e-07,-0.0042131549
1.659633e-07,-0.0042476218
1.660633e-07,-0.0042749081
1.661633e-07,-0.0042921415
1.662633e-07,-0.0043021944
1.663633e-07,-0.0043100931
1.664633e-07,-0.004320864
1.665633e-07,-0.0043366613
1.666633e-07,-0.0043546128
1.667633e-07,-0.0043696921
1.668633e-07,-0.0043783088
1.669633e-07,-0.0043790269
1.670633e-07,-0.0043775908
1.671633e-07,-0.0043790269
1.672633e-07,-0.0043897978
1.673633e-07,-0.0044120577
1.674633e-07,-0.0044407801
1.675633e-07,-0.0044702206
1.676633e-07,-0.0044931985
1.677633e-07,-0.0045068417
1.678633e-07,-0.0045133042
1.679633e-07,-0.0045183307
1.680633e-07,-0.0045276654
1.681633e-07,-0.0045427447
1.682633e-07,-0.0045606962
1.683633e-07,-0.0045764936
1.684633e-07,-0.0045851103
1.685633e-07,-0.0045865464
1.686633e-07,-0.0045843922
1.687633e-07,-0.0045858284
1.688633e-07,-0.0045965993
1.689633e-07,-0.004617423
1.690633e-07,-0.0046432732
1.691633e-07,-0.0046655331
1.692633e-07,-0.0046770221
1.693633e-07,-0.0046748679
1.694633e-07,-0.0046626608
1.695633e-07,-0.0046497358
1.696633e-07,-0.0046425551
1.697633e-07,-0.0046461455
1.698633e-07,-0.0046583525
1.699633e-07,-0.0046712776
1.700633e-07,-0.0046770221
1.701633e-07,-0.0046712776
1.702633e-07,-0.0046569164
1.703633e-07,-0.004640401
1.704633e-07,-0.0046310662
1.705633e-07,-0.0046339384
1.706633e-07,-0.0046482996
1.707633e-07,-0.0046691234
1.708633e-07,-0.004688511
1.709633e-07,-0.0047
1.710633e-07,-0.0047035903
1.711633e-07,-0.0047014361
1.712633e-07,-0.0047
1.713633e-07,-0.0047021542
1.714633e-07,-0.0047078987
1.715633e-07,-0.0047129251
1.716633e-07,-0.004711489
1.717633e-07,-0.0047021542
1.718633e-07,-0.0046863568
1.719633e-07,-0.0046719956
1.720633e-07,-0.0046655331
1.721633e-07,-0.0046727137
1.722633e-07,-0.0046913833
1.723633e-07,-0.0047150793
1.724633e-07,-0.0047344669
1.725633e-07,-0.0047423656
1.726633e-07,-0.0047373392
1.727633e-07,-0.0047244141
1.728633e-07,-0.004711489
1.729633e-07,-0.0047064625
1.730633e-07,-0.0047129251
1.731633e-07,-0.0047280044
1.732633e-07,-0.0047459559
1.733633e-07,-0.0047581629
1.734633e-07,-0.0047610352
1.735633e-07,-0.0047552907
1.736633e-07,-0.0047459559
1.737633e-07,-0.0047402114
1.738633e-07,-0.0047430836
1.739633e-07,-0.0047538545
1.740633e-07,-0.0047689338
1.741633e-07,-0.0047818589
1.742633e-07,-0.0047861673
1.743633e-07,-0.0047811409
1.744633e-07,-0.0047689338
1.745633e-07,-0.0047545726
1.746633e-07,-0.0047445198
1.747633e-07,-0.0047416475
1.748633e-07,-0.0047459559
1.749633e-07,-0.0047545726
1.750633e-07,-0.0047639074
1.751633e-07,-0.0047689338
1.752633e-07,-0.0047689338
1.753633e-07,-0.0047660616
1.754633e-07,-0.0047631893
1.755633e-07,-0.0047639074
1.756633e-07,-0.0047689338
1.757633e-07,-0.0047782686
1.758633e-07,-0.0047897576
1.759633e-07,-0.0047990924
1.760633e-07,-0.0048034007
1.761633e-07,-0.0048026827
1.762633e-07,-0.0047983743
1.763633e-07,-0.0047933479
1.764633e-07,-0.0047919118
1.765633e-07,-0.0047969382
1.766633e-07,-0.0048077091
1.767633e-07,-0.0048227884
1.768633e-07,-0.0048378676
1.769633e-07,-0.0048486386
1.770633e-07,-0.0048522289
1.771633e-07,-0.0048515108
1.772633e-07,-0.0048493566
1.773633e-07,-0.0048522289
1.774633e-07,-0.004865154
1.775633e-07,-0.0048881319
1.776633e-07,-0.0049182904
1.777633e-07,-0.0049477309
1.778633e-07,-0.0049678366
1.779633e-07,-0.0049735811
1.780633e-07,-0.0049642463
1.781633e-07,-0.0049441406
1.782633e-07,-0.0049225988
1.783633e-07,-0.0049082376
1.784633e-07,-0.0049068015
1.785633e-07,-0.0049182904
1.786633e-07,-0.0049383961
1.787633e-07,-0.004959938
1.788633e-07,-0.0049757353
1.789633e-07,-0.0049829159
1.790633e-07,-0.0049829159
1.791633e-07,-0.0049786075
1.792633e-07,-0.0049757353
1.793633e-07,-0.0049764534
1.794633e-07,-0.0049814798
1.795633e-07,-0.0049893784
1.796633e-07,-0.0049987132
1.797633e-07,-0.005008048
1.798633e-07,-0.0050173828
1.799633e-07,-0.0050295898
1.800633e-07,-0.0050446691
1.801633e-07,-0.0050619026
1.802633e-07,-0.005079136
1.803633e-07,-0.0050927792
1.804633e-07,-0.005102114
1.805633e-07,-0.0051064223
1.806633e-07,-0.0051092946
1.807633e-07,-0.0051150391
1.808633e-07,-0.0051250919
1.809633e-07,-0.0051408892
1.810633e-07,-0.0051595588
1.811633e-07,-0.0051782284
1.812633e-07,-0.0051940257
1.813633e-07,-0.0052055147
1.814633e-07,-0.0052155676
1.815633e-07,-0.0052263385
1.816633e-07,-0.0052399816
1.817633e-07,-0.005256497
1.818633e-07,-0.0052722943
1.819633e-07,-0.0052830653
1.820633e-07,-0.0052859375
1.821633e-07,-0.0052809111
1.822633e-07,-0.0052715763
1.823633e-07,-0.0052643957
1.824633e-07,-0.0052629596
1.825633e-07,-0.0052694221
1.826633e-07,-0.0052816291
1.827633e-07,-0.0052924
1.828633e-07,-0.0052974265
1.829633e-07,-0.0052924
1.830633e-07,-0.005280193
1.831633e-07,-0.0052643957
1.832633e-07,-0.0052514706
1.833633e-07,-0.0052457261
1.834633e-07,-0.0052464442
1.835633e-07,-0.0052500345
1.836633e-07,-0.0052514706
1.837633e-07,-0.0052471622
1.838633e-07,-0.0052356733
1.839633e-07,-0.005220594
1.840633e-07,-0.0052055147
1.841633e-07,-0.0051954619
1.842633e-07,-0.0051918716
1.843633e-07,-0.0051925896
1.844633e-07,-0.0051940257
1.845633e-07,-0.0051940257
1.846633e-07,-0.0051904354
1.847633e-07,-0.005185409
1.848633e-07,-0.0051825368
1.849633e-07,-0.0051846909
1.850633e-07,-0.0051918716
1.851633e-07,-0.0052040786
1.852633e-07,-0.0052170037
1.853633e-07,-0.0052263385
1.854633e-07,-0.0052299288
1.855633e-07,-0.0052263385
1.856633e-07,-0.0052170037
1.857633e-07,-0.0052047966
1.858633e-07,-0.0051925896
1.859633e-07,-0.0051803826
1.860633e-07,-0.0051710478
1.861633e-07,-0.0051645852
1.862633e-07,-0.005161713
1.863633e-07,-0.0051638672
1.864633e-07,-0.0051710478
1.865633e-07,-0.0051832548
1.866633e-07,-0.0051990522
1.867633e-07,-0.0052148495
1.868633e-07,-0.0052284926
1.869633e-07,-0.0052378274
1.870633e-07,-0.0052414177
1.871633e-07,-0.0052421358
1.872633e-07,-0.0052399816
1.873633e-07,-0.0052378274
1.874633e-07,-0.0052363913
1.875633e-07,-0.0052371094
1.876633e-07,-0.0052399816
1.877633e-07,-0.005245008
1.878633e-07,-0.0052536248
1.879633e-07,-0.0052636776
1.880633e-07,-0.0052744485
1.881633e-07,-0.0052837833
1.882633e-07,-0.0052902459
1.883633e-07,-0.0052902459
1.884633e-07,-0.0052859375
1.885633e-07,-0.0052787569
1.886633e-07,-0.0052722943
1.887633e-07,-0.0052708582
1.888633e-07,-0.0052744485
1.889633e-07,-0.0052823472
1.890633e-07,-0.0052895278
1.891633e-07,-0.005291682
1.892633e-07,-0.0052859375
1.893633e-07,-0.0052730124
1.894633e-07,-0.0052572151
1.895633e-07,-0.005245008
1.896633e-07,-0.0052399816
1.897633e-07,-0.00524429
1.898633e-07,-0.005255779
1.899633e-07,-0.005267986
1.900633e-07,-0.0052744485
1.901633e-07,-0.0052708582
1.902633e-07,-0.0052572151
1.903633e-07,-0.0052371094
1.904633e-07,-0.0052170037
1.905633e-07,-0.0052026425
1.906633e-07,-0.005196898
1.907633e-07,-0.0051983341
1.908633e-07,-0.0052055147
1.909633e-07,-0.0052134134
1.910633e-07,-0.0052198759
1.911633e-07,-0.0052241843
1.912633e-07,-0.0052284926
1.913633e-07,-0.0052349552
1.914633e-07,-0.0052435719
1.915633e-07,-0.0052536248
1.916633e-07,-0.0052629596
1.917633e-07,-0.0052672679
1.918633e-07,-0.0052651137
1.919633e-07,-0.0052550609
1.920633e-07,-0.0052399816
1.921633e-07,-0.0052220301
1.922633e-07,-0.0052055147
1.923633e-07,-0.0051918716
1.924633e-07,-0.0051825368
1.925633e-07,-0.0051760742
1.926633e-07,-0.0051710478
1.927633e-07,-0.0051660214
1.928633e-07,-0.0051595588
1.929633e-07,-0.0051509421
1.930633e-07,-0.0051416073
1.931633e-07,-0.0051329906
1.932633e-07,-0.0051250919
1.933633e-07,-0.0051200655
1.934633e-07,-0.0051171932
1.935633e-07,-0.0051157571
1.936633e-07,-0.0051136029
1.937633e-07,-0.0051085765
1.938633e-07,-0.0051006778
1.939633e-07,-0.0050899069
1.940633e-07,-0.005079136
1.941633e-07,-0.0050726735
1.942633e-07,-0.0050741096
1.943633e-07,-0.0050841625
1.944633e-07,-0.005102114
1.945633e-07,-0.0051236558
1.946633e-07,-0.0051430434
1.947633e-07,-0.0051559685
1.948633e-07,-0.0051595588
1.949633e-07,-0.0051559685
1.950633e-07,-0.0051480699
1.951633e-07,-0.0051408892
1.952633e-07,-0.0051365809
1.953633e-07,-0.0051358628
1.954633e-07,-0.0051365809
1.955633e-07,-0.0051372989
1.956633e-07,-0.0051365809
1.957633e-07,-0.0051365809
1.958633e-07,-0.0051408892
1.959633e-07,-0.0051523782
1.960633e-07,-0.0051710478
1.961633e-07,-0.0051954619
1.962633e-07,-0.0052198759
1.963633e-07,-0.0052399816
1.964633e-07,-0.0052514706
1.965633e-07,-0.0052550609
1.966633e-07,-0.0052550609
1.967633e-07,-0.005256497
1.968633e-07,-0.0052629596
1.969633e-07,-0.0052751666
1.970633e-07,-0.0052902459
1.971633e-07,-0.0053024529
1.972633e-07,-0.0053089154
1.973633e-07,-0.0053074793
1.974633e-07,-0.0053002987
1.975633e-07,-0.0052924
1.976633e-07,-0.0052859375
1.977633e-07,-0.0052837833
1.978633e-07,-0.0052852194
1.979633e-07,-0.0052866556
1.980633e-07,-0.0052859375
1.981633e-07,-0.0052830653
1.982633e-07,-0.0052787569
1.983633e-07,-0.0052758847
1.984633e-07,-0.0052744485
1.985633e-07,-0.0052730124
1.986633e-07,-0.005267986
1.987633e-07,-0.0052572151
1.988633e-07,-0.0052399816
1.989633e-07,-0.0052198759
1.990633e-07,-0.0052040786
1.991633e-07,-0.0051983341
1.992633e-07,-0.0052055147
1.993633e-07,-0.0052234662
1.994633e-07,-0.005245008
1.995633e-07,-0.0052600873
1.996633e-07,-0.0052629596
1.997633e-07,-0.0052529067
1.998633e-07,-0.0052342371
1.999633e-07,-0.0052155676
2.000633e-07,-0.0052055147
2.001633e-07,-0.0052069508
2.002633e-07,-0.0052170037
2.003633e-07,-0.0052306468
2.004633e-07,-0.0052399816
2.005633e-07,-0.0052421358
2.006633e-07,-0.0052385455
2.007633e-07,-0.005232083
2.008633e-07,-0.0052284926
2.009633e-07,-0.0052284926
2.010633e-07,-0.0052306468
2.011633e-07,-0.0052313649
2.012633e-07,-0.0052284926
2.013633e-07,-0.0052220301
2.014633e-07,-0.0052170037
2.015633e-07,-0.0052184398
2.016633e-07,-0.0052284926
2.017633e-07,-0.0052457261
2.018633e-07,-0.0052629596
2.019633e-07,-0.0052708582
2.020633e-07,-0.0052629596
2.021633e-07,-0.0052399816
2.022633e-07,-0.0052098231
2.023633e-07,-0.0051868451
2.024633e-07,-0.0051825368
2.025633e-07,-0.0052033605
2.026633e-07,-0.0052457261
2.027633e-07,-0.0052967084
2.028633e-07,-0.0053433824
2.029633e-07,-0.0053735409
2.030633e-07,-0.0053835937
2.031633e-07,-0.0053778493
2.032633e-07,-0.0053663603
2.033633e-07,-0.0053584616
2.034633e-07,-0.0053591797
2.035633e-07,-0.0053677964
2.036633e-07,-0.0053778493
2.037633e-07,-0.0053843118
2.038633e-07,-0.0053850299
2.039633e-07,-0.0053807215
2.040633e-07,-0.0053778493
2.041633e-07,-0.0053807215
2.042633e-07,-0.0053929285
2.043633e-07,-0.0054130342
2.044633e-07,-0.0054352941
2.045633e-07,-0.0054553998
2.046633e-07,-0.005469761
2.047633e-07,-0.0054776597
2.048633e-07,-0.00548125
2.049633e-07,-0.0054841222
2.050633e-07,-0.0054869945
2.051633e-07,-0.0054905848
2.052633e-07,-0.005492739
2.053633e-07,-0.0054920209
2.054633e-07,-0.0054898667
2.055633e-07,-0.0054884306
2.056633e-07,-0.005492739
2.057633e-07,-0.0055056641
2.058633e-07,-0.0055279239
2.059633e-07,-0.0055559283
2.060633e-07,-0.0055846507
2.061633e-07,-0.0056076287
2.062633e-07,-0.0056212718
2.063633e-07,-0.0056248621
2.064633e-07,-0.0056191176
2.065633e-07,-0.0056097829
2.066633e-07,-0.0056011661
2.067633e-07,-0.0055961397
2.068633e-07,-0.0055961397
2.069633e-07,-0.0056004481
2.070633e-07,-0.0056069106
2.071633e-07,-0.0056133732
2.072633e-07,-0.0056191176
2.073633e-07,-0.005622708
2.074633e-07,-0.0056255802
2.075633e-07,-0.0056277344
2.076633e-07,-0.0056306066
2.077633e-07,-0.0056363511
2.078633e-07,-0.0056442498
2.079633e-07,-0.0056550207
2.080633e-07,-0.0056650735
2.081633e-07,-0.005670818
2.082633e-07,-0.0056701
2.083633e-07,-0.005659329
2.084633e-07,-0.0056420956
2.085633e-07,-0.0056212718
2.086633e-07,-0.0056040384
2.087633e-07,-0.0055947036
2.088633e-07,-0.0055961397
2.089633e-07,-0.0056069106
2.090633e-07,-0.0056219899
2.091633e-07,-0.005635633
2.092633e-07,-0.0056420956
2.093633e-07,-0.0056399414
2.094633e-07,-0.0056327608
2.095633e-07,-0.0056241441
2.096633e-07,-0.0056191176
2.097633e-07,-0.0056198357
2.098633e-07,-0.0056248621
2.099633e-07,-0.0056298886
2.100633e-07,-0.0056306066
2.101633e-07,-0.005623426
2.102633e-07,-0.0056105009
2.103633e-07,-0.0055954216
2.104633e-07,-0.0055846507
2.105633e-07,-0.0055824966
2.106633e-07,-0.0055896772
2.107633e-07,-0.0056033203
2.108633e-07,-0.0056191176
2.109633e-07,-0.0056306066
2.110633e-07,-0.0056341969
2.111633e-07,-0.0056291705
2.112633e-07,-0.0056191176
2.113633e-07,-0.0056069106
2.114633e-07,-0.0055968578
2.115633e-07,-0.0055896772
2.116633e-07,-0.0055846507
2.117633e-07,-0.0055796243
2.118633e-07,-0.0055724437
2.119633e-07,-0.0055623909
2.120633e-07,-0.0055501838
2.121633e-07,-0.0055372587
2.122633e-07,-0.0055264878
2.123633e-07,-0.0055193072
2.124633e-07,-0.0055157169
2.125633e-07,-0.0055157169
2.126633e-07,-0.005517153
2.127633e-07,-0.0055178711
2.128633e-07,-0.0055157169
2.129633e-07,-0.0055099724
2.130633e-07,-0.0055013557
2.131633e-07,-0.0054905848
2.132633e-07,-0.00548125
2.133633e-07,-0.0054755055
2.134633e-07,-0.0054755055
2.135633e-07,-0.0054819681
2.136633e-07,-0.005492739
2.137633e-07,-0.0055042279
2.138633e-07,-0.0055121266
2.139633e-07,-0.0055128447
2.140633e-07,-0.0055042279
2.141633e-07,-0.0054884306
2.142633e-07,-0.0054683249
2.143633e-07,-0.0054489373
2.144633e-07,-0.0054352941
2.145633e-07,-0.0054288316
2.146633e-07,-0.0054288316
2.147633e-07,-0.0054324219
2.148633e-07,-0.0054352941
2.149633e-07,-0.0054345761
2.150633e-07,-0.0054281135
2.151633e-07,-0.0054159065
2.152633e-07,-0.0054008272
2.153633e-07,-0.0053843118
2.154633e-07,-0.0053699506
2.155633e-07,-0.0053598977
2.156633e-07,-0.0053548713
2.157633e-07,-0.0053555894
2.158633e-07,-0.0053620519
2.159633e-07,-0.0053699506
2.160633e-07,-0.0053778493
2.161633e-07,-0.0053814396
2.162633e-07,-0.0053785673
2.163633e-07,-0.0053685145
2.164633e-07,-0.0053548713
2.165633e-07,-0.0053412282
2.166633e-07,-0.0053333295
2.167633e-07,-0.0053340476
2.168633e-07,-0.0053433824
2.169633e-07,-0.0053577436
2.170633e-07,-0.0053728228
2.171633e-07,-0.0053843118
2.172633e-07,-0.0053893382
2.173633e-07,-0.0053900563
2.174633e-07,-0.0053900563
2.175633e-07,-0.0053929285
2.176633e-07,-0.0054008272
2.177633e-07,-0.0054115981
2.178633e-07,-0.005421651
2.179633e-07,-0.0054266774
2.180633e-07,-0.0054238051
2.181633e-07,-0.0054159065
2.182633e-07,-0.0054080078
2.183633e-07,-0.0054051356
2.184633e-07,-0.0054123162
2.185633e-07,-0.0054281135
2.186633e-07,-0.0054467831
2.187633e-07,-0.0054625804
2.188633e-07,-0.005469761
2.189633e-07,-0.0054668888
2.190633e-07,-0.005457554
2.191633e-07,-0.0054489373
2.192633e-07,-0.0054467831
2.193633e-07,-0.0054539637
2.194633e-07,-0.0054683249
2.195633e-07,-0.0054834042
2.196633e-07,-0.005492739
2.197633e-07,-0.005493457
2.198633e-07,-0.0054855584
2.199633e-07,-0.0054755055
2.200633e-07,-0.005469761
2.201633e-07,-0.0054733513
2.202633e-07,-0.0054862764
2.203633e-07,-0.0055063821
2.204633e-07,-0.0055272059
2.205633e-07,-0.0055430032
2.206633e-07,-0.0055509019
2.207633e-07,-0.005552338
2.208633e-07,-0.0055501838
2.209633e-07,-0.0055480296
2.210633e-07,-0.0055494658
2.211633e-07,-0.0055544922
2.212633e-07,-0.0055616728
2.213633e-07,-0.0055702895
2.214633e-07,-0.0055789062
2.215633e-07,-0.005587523
2.216633e-07,-0.0055961397
2.217633e-07,-0.0056033203
2.218633e-07,-0.0056083467
2.219633e-07,-0.0056105009
2.220633e-07,-0.0056076287
2.221633e-07,-0.0056018842
2.222633e-07,-0.0055961397
2.223633e-07,-0.0055939855
2.224633e-07,-0.0055961397
2.225633e-07,-0.0056033203
2.226633e-07,-0.0056126551
2.227633e-07,-0.0056191176
2.228633e-07,-0.0056191176
2.229633e-07,-0.005611937
2.230633e-07,-0.0055990119
2.231633e-07,-0.0055846507
2.232633e-07,-0.0055731618
2.233633e-07,-0.0055666992
2.234633e-07,-0.0055659812
2.235633e-07,-0.0055688534
2.236633e-07,-0.0055731618
2.237633e-07,-0.0055767521
2.238633e-07,-0.0055796243
2.239633e-07,-0.0055817785
2.240633e-07,-0.0055846507
2.241633e-07,-0.0055868049
2.242633e-07,-0.0055860869
2.243633e-07,-0.0055817785
2.244633e-07,-0.0055731618
2.245633e-07,-0.0055616728
2.246633e-07,-0.005552338
2.247633e-07,-0.0055480296
2.248633e-07,-0.0055501838
2.249633e-07,-0.0055573644
2.250633e-07,-0.0055652631
2.251633e-07,-0.0055674173
2.252633e-07,-0.0055616728
2.253633e-07,-0.0055487477
2.254633e-07,-0.0055336684
2.255633e-07,-0.0055243336
2.256633e-07,-0.0055272059
2.257633e-07,-0.0055437213
2.258633e-07,-0.0055702895
2.259633e-07,-0.0055982939
2.260633e-07,-0.0056191176
2.261633e-07,-0.0056277344
2.262633e-07,-0.005623426
2.263633e-07,-0.005611219
2.264633e-07,-0.0055961397
2.265633e-07,-0.0055853688
2.266633e-07,-0.0055824966
2.267633e-07,-0.0055868049
2.268633e-07,-0.0055961397
2.269633e-07,-0.0056083467
2.270633e-07,-0.0056212718
2.271633e-07,-0.0056363511
2.272633e-07,-0.0056535846
2.273633e-07,-0.0056729722
2.274633e-07,-0.0056930779
2.275633e-07,-0.0057103114
2.276633e-07,-0.0057225184
2.277633e-07,-0.005729699
2.278633e-07,-0.0057340074
2.279633e-07,-0.0057375977
2.280633e-07,-0.0057454963
2.281633e-07,-0.0057577034
2.282633e-07,-0.0057735007
2.283633e-07,-0.005789298
2.284633e-07,-0.0058029412
2.285633e-07,-0.0058137121
2.286633e-07,-0.0058237649
2.287633e-07,-0.0058388442
2.288633e-07,-0.005860386
2.289633e-07,-0.0058898265
2.290633e-07,-0.0059235754
2.291633e-07,-0.005954452
2.292633e-07,-0.0059752757
2.293633e-07,-0.0059831744
2.294633e-07,-0.005978866
2.295633e-07,-0.0059695312
2.296633e-07,-0.0059637868
2.297633e-07,-0.0059673771
2.298633e-07,-0.0059817383
2.299633e-07,-0.006002562
2.300633e-07,-0.0060212316
2.301633e-07,-0.0060298483
2.302633e-07,-0.0060226677
2.303633e-07,-0.006002562
2.304633e-07,-0.0059752757
2.305633e-07,-0.0059508617
2.306633e-07,-0.0059372185
2.307633e-07,-0.0059386546
2.308633e-07,-0.0059522978
2.309633e-07,-0.0059716854
2.310633e-07,-0.0059882008
2.311633e-07,-0.0059939453
2.312633e-07,-0.0059867647
2.313633e-07,-0.0059673771
2.314633e-07,-0.0059422449
2.315633e-07,-0.0059156767
2.316633e-07,-0.0058948529
2.317633e-07,-0.0058819278
2.318633e-07,-0.0058776195
2.319633e-07,-0.0058790556
2.320633e-07,-0.005883364
2.321633e-07,-0.0058862362
2.322633e-07,-0.0058855182
2.323633e-07,-0.0058804917
2.324633e-07,-0.005871875
2.325633e-07,-0.0058611041
2.326633e-07,-0.0058503332
2.327633e-07,-0.0058417165
2.328633e-07,-0.0058374081
2.329633e-07,-0.0058381261
2.330633e-07,-0.0058431526
2.331633e-07,-0.0058510512
2.332633e-07,-0.005860386
2.333633e-07,-0.0058690028
2.334633e-07,-0.0058740292
2.335633e-07,-0.0058747472
2.336633e-07,-0.005871875
2.337633e-07,-0.0058661305
2.338633e-07,-0.005860386
2.339633e-07,-0.0058575138
2.340633e-07,-0.005860386
2.341633e-07,-0.0058697208
2.342633e-07,-0.0058862362
2.343633e-07,-0.00590706
2.344633e-07,-0.0059293199
2.345633e-07,-0.0059487075
2.346633e-07,-0.0059616326
2.347633e-07,-0.005966659
2.348633e-07,-0.0059637868
2.349633e-07,-0.0059558881
2.350633e-07,-0.0059451172
2.351633e-07,-0.0059357824
2.352633e-07,-0.0059293199
2.353633e-07,-0.0059271657
2.354633e-07,-0.0059293199
2.355633e-07,-0.0059343463
2.356633e-07,-0.0059408088
2.357633e-07,-0.0059487075
2.358633e-07,-0.0059566062
2.359633e-07,-0.0059659409
2.360633e-07,-0.0059752757
2.361633e-07,-0.0059838925
2.362633e-07,-0.0059896369
2.363633e-07,-0.0059910731
2.364633e-07,-0.0059867647
2.365633e-07,-0.0059774299
2.366633e-07,-0.0059652229
2.367633e-07,-0.0059522978
2.368633e-07,-0.0059408088
2.369633e-07,-0.0059329102
2.370633e-07,-0.0059293199
2.371633e-07,-0.0059286018
2.372633e-07,-0.0059293199
2.373633e-07,-0.0059300379
2.374633e-07,-0.0059293199
2.375633e-07,-0.0059286018
2.376633e-07,-0.0059293199
2.377633e-07,-0.0059321921
2.378633e-07,-0.0059379366
2.379633e-07,-0.0059451172
2.380633e-07,-0.0059522978
2.381633e-07,-0.0059573242
2.382633e-07,-0.0059594784
2.383633e-07,-0.0059573242
2.384633e-07,-0.0059522978
2.385633e-07,-0.0059472714
2.386633e-07,-0.0059443991
2.387633e-07,-0.0059458352
2.388633e-07,-0.0059522978
2.389633e-07,-0.0059637868
2.390633e-07,-0.0059767119
2.391633e-07,-0.0059896369
2.392633e-07,-0.0059982537
2.393633e-07,-0.006001844
2.394633e-07,-0.0059996898
2.395633e-07,-0.0059939453
2.396633e-07,-0.0059867647
2.397633e-07,-0.0059810202
2.398633e-07,-0.005978866
2.399633e-07,-0.0059810202
2.400633e-07,-0.0059867647
2.401633e-07,-0.0059953814
2.402633e-07,-0.0060047162
2.403633e-07,-0.006013333
2.404633e-07,-0.0060212316
2.405633e-07,-0.0060284122
2.406633e-07,-0.0060355928
2.407633e-07,-0.0060413373
2.408633e-07,-0.0060442096
2.409633e-07,-0.0060427734
2.410633e-07,-0.0060363109
2.411633e-07,-0.0060241039
2.412633e-07,-0.0060097426
2.413633e-07,-0.0059968176
2.414633e-07,-0.0059896369
2.415633e-07,-0.005990355
2.416633e-07,-0.0059982537
2.417633e-07,-0.0060097426
2.418633e-07,-0.0060190774
2.419633e-07,-0.0060233858
2.420633e-07,-0.0060212316
2.421633e-07,-0.006013333
2.422633e-07,-0.0060047162
2.423633e-07,-0.0059989717
2.424633e-07,-0.0059982537
2.425633e-07,-0.006002562
2.426633e-07,-0.0060075885
2.427633e-07,-0.0060111788
2.428633e-07,-0.0060097426
2.429633e-07,-0.0060039982
2.430633e-07,-0.0059960995
2.431633e-07,-0.0059896369
2.432633e-07,-0.0059867647
2.433633e-07,-0.0059874828
2.434633e-07,-0.0059910731
2.435633e-07,-0.0059946634
2.436633e-07,-0.0059982537
2.437633e-07,-0.006001844
2.438633e-07,-0.0060061523
2.439633e-07,-0.006013333
2.440633e-07,-0.0060212316
2.441633e-07,-0.0060276942
2.442633e-07,-0.0060276942
2.443633e-07,-0.0060212316
2.444633e-07,-0.0060097426
2.445633e-07,-0.0059982537
2.446633e-07,-0.0059939453
2.447633e-07,-0.006001844
2.448633e-07,-0.0060212316
2.449633e-07,-0.0060463637
2.450633e-07,-0.0060686236
2.451633e-07,-0.0060801126
2.452633e-07,-0.0060786765
2.453633e-07,-0.0060693417
2.454633e-07,-0.0060621611
2.455633e-07,-0.0060671875
2.456633e-07,-0.0060901654
2.457633e-07,-0.0061275046
2.458633e-07,-0.0061691521
2.459633e-07,-0.0062014648
2.460633e-07,-0.0062165441
2.461633e-07,-0.0062129538
2.462633e-07,-0.0061978745
2.463633e-07,-0.0061842314
2.464633e-07,-0.0061820772
2.465633e-07,-0.0061942842
2.466633e-07,-0.006215108
2.467633e-07,-0.0062330595
2.468633e-07,-0.0062395221
2.469633e-07,-0.0062287511
2.470633e-07,-0.0062050551
2.471633e-07,-0.0061784869
2.472633e-07,-0.0061590993
2.473633e-07,-0.0061533548
2.474633e-07,-0.0061590993
2.475633e-07,-0.0061684341
2.476633e-07,-0.0061705882
2.477633e-07,-0.0061605354
2.478633e-07,-0.0061382755
2.479633e-07,-0.0061117073
2.480633e-07,-0.0060901654
2.481633e-07,-0.0060801126
2.482633e-07,-0.0060822668
2.483633e-07,-0.0060916016
2.484633e-07,-0.0061016544
2.485633e-07,-0.0061059628
2.486633e-07,-0.0061030905
2.487633e-07,-0.0060959099
2.488633e-07,-0.0060901654
2.489633e-07,-0.0060880113
2.490633e-07,-0.0060894474
2.491633e-07,-0.0060916016
2.492633e-07,-0.0060901654
2.493633e-07,-0.0060837029
2.494633e-07,-0.0060743681
2.495633e-07,-0.0060671875
2.496633e-07,-0.0060671875
2.497633e-07,-0.0060750862
2.498633e-07,-0.0060894474
2.499633e-07,-0.0061038086
2.500633e-07,-0.0061131434
2.501633e-07,-0.0061167337
2.502633e-07,-0.0061160156
2.503633e-07,-0.0061174517
2.504633e-07,-0.0061246324
2.505633e-07,-0.0061368394
2.506633e-07,-0.0061497645
2.507633e-07,-0.006155509
2.508633e-07,-0.0061476103
2.509633e-07,-0.0061253504
2.510633e-07,-0.0060944738
2.511633e-07,-0.0060643153
2.512633e-07,-0.0060442096
2.513633e-07,-0.0060384651
2.514633e-07,-0.0060449276
2.515633e-07,-0.0060571347
2.516633e-07,-0.0060671875
2.517633e-07,-0.0060707778
2.518633e-07,-0.0060693417
2.519633e-07,-0.0060664694
2.520633e-07,-0.0060671875
2.521633e-07,-0.00607365
2.522633e-07,-0.0060822668
2.523633e-07,-0.0060858571
2.524633e-07,-0.0060786765
2.525633e-07,-0.0060585708
2.526633e-07,-0.0060291303
2.527633e-07,-0.0059982537
2.528633e-07,-0.0059752757
2.529633e-07,-0.0059645048
2.530633e-07,-0.005966659
2.531633e-07,-0.0059759938
2.532633e-07,-0.0059867647
2.533633e-07,-0.0059953814
2.534633e-07,-0.006001844
2.535633e-07,-0.0060090246
2.536633e-07,-0.0060212316
2.537633e-07,-0.0060384651
2.538633e-07,-0.0060585708
2.539633e-07,-0.0060772403
2.540633e-07,-0.0060901654
2.541633e-07,-0.0060987822
2.542633e-07,-0.0061059628
2.543633e-07,-0.0061174517
2.544633e-07,-0.0061361213
2.545633e-07,-0.0061598173
2.546633e-07,-0.0061820772
2.547633e-07,-0.0061942842
2.548633e-07,-0.0061935662
2.549633e-07,-0.0061813591
2.550633e-07,-0.0061662799
2.551633e-07,-0.0061605354
2.552633e-07,-0.0061705882
2.553633e-07,-0.0061971565
2.554633e-07,-0.0062316234
2.555633e-07,-0.0062610639
2.556633e-07,-0.006273989
2.557633e-07,-0.0062675264
2.558633e-07,-0.0062481388
2.559633e-07,-0.006226597
2.560633e-07,-0.0062165441
2.561633e-07,-0.0062230067
2.562633e-07,-0.0062423943
2.563633e-07,-0.0062632181
2.564633e-07,-0.006273989
2.565633e-07,-0.0062668084
2.566633e-07,-0.0062445485
2.567633e-07,-0.0062158261
2.568633e-07,-0.0061935662
2.569633e-07,-0.0061878217
2.570633e-07,-0.0062007468
2.571633e-07,-0.0062251608
2.572633e-07,-0.006251011
2.573633e-07,-0.0062689625
2.574633e-07,-0.006274707
2.575633e-07,-0.0062703987
2.576633e-07,-0.0062625
2.577633e-07,-0.0062567555
2.578633e-07,-0.0062560375
2.579633e-07,-0.0062596278
2.580633e-07,-0.0062625
2.581633e-07,-0.0062617819
2.582633e-07,-0.0062581916
2.583633e-07,-0.0062531652
2.584633e-07,-0.006251011
2.585633e-07,-0.0062538833
2.586633e-07,-0.0062610639
2.587633e-07,-0.0062689625
2.588633e-07,-0.006273989
2.589633e-07,-0.0062732709
2.590633e-07,-0.0062689625
2.591633e-07,-0.0062639361
2.592633e-07,-0.0062625
2.593633e-07,-0.0062653722
2.594633e-07,-0.0062703987
2.595633e-07,-0.006273989
2.596633e-07,-0.006273989
2.597633e-07,-0.0062696806
2.598633e-07,-0.0062653722
2.599633e-07,-0.0062660903
2.600633e-07,-0.006273989
2.601633e-07,-0.0062890682
2.602633e-07,-0.0063055836
2.603633e-07,-0.0063177907
2.604633e-07,-0.0063199449
2.605633e-07,-0.0063134823
2.606633e-07,-0.0063027114
2.607633e-07,-0.0062955308
2.608633e-07,-0.0062969669
2.609633e-07,-0.0063070198
2.610633e-07,-0.006321381
2.611633e-07,-0.0063314338
2.612633e-07,-0.0063314338
2.613633e-07,-0.006322099
2.614633e-07,-0.006309892
2.615633e-07,-0.0063027114
2.616633e-07,-0.0063084559
2.617633e-07,-0.0063264074
2.618633e-07,-0.0063508215
2.619633e-07,-0.0063709272
2.620633e-07,-0.0063773897
2.621633e-07,-0.0063680549
2.622633e-07,-0.0063486673
2.623633e-07,-0.0063292796
2.624633e-07,-0.0063199449
2.625633e-07,-0.0063256893
2.626633e-07,-0.0063436409
2.627633e-07,-0.0063644646
2.628633e-07,-0.0063773897
2.629633e-07,-0.0063781078
2.630633e-07,-0.0063673369
2.631633e-07,-0.0063522576
2.632633e-07,-0.0063429228
2.633633e-07,-0.0063436409
2.634633e-07,-0.0063544118
2.635633e-07,-0.0063680549
2.636633e-07,-0.0063773897
2.637633e-07,-0.0063773897
2.638633e-07,-0.006369491
2.639633e-07,-0.0063594382
2.640633e-07,-0.0063544118
2.641633e-07,-0.0063594382
2.642633e-07,-0.0063723633
2.643633e-07,-0.0063888787
2.644633e-07,-0.0064003676
2.645633e-07,-0.006403958
2.646633e-07,-0.0063989315
2.647633e-07,-0.006392469
2.648633e-07,-0.0063888787
2.649633e-07,-0.006392469
2.650633e-07,-0.0064032399
2.651633e-07,-0.0064147289
2.652633e-07,-0.0064233456
2.653633e-07,-0.0064254998
2.654633e-07,-0.0064226275
2.655633e-07,-0.0064204733
2.656633e-07,-0.0064233456
2.657633e-07,-0.0064326804
2.658633e-07,-0.0064456055
2.659633e-07,-0.0064556583
2.660633e-07,-0.0064578125
2.661633e-07,-0.0064506319
2.662633e-07,-0.0064369887
2.663633e-07,-0.0064254998
2.664633e-07,-0.0064233456
2.665633e-07,-0.0064326804
2.666633e-07,-0.0064506319
2.667633e-07,-0.0064693015
2.668633e-07,-0.0064807904
2.669633e-07,-0.0064800724
2.670633e-07,-0.0064693015
2.671633e-07,-0.0064556583
2.672633e-07,-0.0064463235
2.673633e-07,-0.0064477597
2.674633e-07,-0.0064585306
2.675633e-07,-0.006475764
2.676633e-07,-0.0064922794
2.677633e-07,-0.0065037684
2.678633e-07,-0.006510949
2.679633e-07,-0.0065174115
2.680633e-07,-0.0065267463
2.681633e-07,-0.0065418256
2.682633e-07,-0.0065604952
2.683633e-07,-0.0065762925
2.684633e-07,-0.0065841912
2.685633e-07,-0.0065813189
2.686633e-07,-0.006570548
2.687633e-07,-0.0065576229
2.688633e-07,-0.0065497243
2.689633e-07,-0.0065511604
2.690633e-07,-0.0065612132
2.691633e-07,-0.0065741383
2.692633e-07,-0.0065841912
2.693633e-07,-0.0065870634
2.694633e-07,-0.0065827551
2.695633e-07,-0.0065762925
2.696633e-07,-0.0065727022
2.697633e-07,-0.0065755744
2.698633e-07,-0.0065849092
2.699633e-07,-0.0065971163
2.700633e-07,-0.0066071691
2.701633e-07,-0.0066114775
2.702633e-07,-0.0066100414
2.703633e-07,-0.0066042969
2.704633e-07,-0.0065956801
2.705633e-07,-0.0065856273
2.706633e-07,-0.0065719841
2.707633e-07,-0.0065525965
2.708633e-07,-0.0065267463
2.709633e-07,-0.0064980239
2.710633e-07,-0.0064721737
2.711633e-07,-0.0064570944
2.712633e-07,-0.0064578125
2.713633e-07,-0.0064736098
2.714633e-07,-0.0064980239
2.715633e-07,-0.006522438
2.716633e-07,-0.0065382353
2.717633e-07,-0.0065418256
2.718633e-07,-0.0065353631
2.719633e-07,-0.0065245921
2.720633e-07,-0.0065152574
2.721633e-07,-0.006511667
2.722633e-07,-0.0065123851
2.723633e-07,-0.0065152574
2.724633e-07,-0.0065152574
2.725633e-07,-0.0065131032
2.726633e-07,-0.006511667
2.727633e-07,-0.0065152574
2.728633e-07,-0.0065267463
2.729633e-07,-0.0065454159
2.730633e-07,-0.0065655216
2.731633e-07,-0.0065806009
2.732633e-07,-0.0065841912
2.733633e-07,-0.0065770106
2.734633e-07,-0.0065640855
2.735633e-07,-0.0065533146
2.736633e-07,-0.0065497243
2.737633e-07,-0.0065540326
2.738633e-07,-0.0065626494
2.739633e-07,-0.0065662397
2.740633e-07,-0.0065612132
2.741633e-07,-0.006546134
2.742633e-07,-0.0065281824
2.743633e-07,-0.0065152574
2.744633e-07,-0.0065152574
2.745633e-07,-0.0065296186
2.746633e-07,-0.0065518784
2.747633e-07,-0.0065727022
2.748633e-07,-0.0065841912
2.749633e-07,-0.006582037
2.750633e-07,-0.006570548
2.751633e-07,-0.0065569049
2.752633e-07,-0.0065497243
2.753633e-07,-0.0065518784
2.754633e-07,-0.0065612132
2.755633e-07,-0.006570548
2.756633e-07,-0.0065727022
2.757633e-07,-0.0065669577
2.758633e-07,-0.0065561868
2.759633e-07,-0.0065482881
2.760633e-07,-0.0065497243
2.761633e-07,-0.0065612132
2.762633e-07,-0.0065784467
2.763633e-07,-0.0065920898
2.764633e-07,-0.0065956801
2.765633e-07,-0.0065877815
2.766633e-07,-0.0065741383
2.767633e-07,-0.0065626494
2.768633e-07,-0.0065612132
2.769633e-07,-0.0065712661
2.770633e-07,-0.0065870634
2.771633e-07,-0.0065978343
2.772633e-07,-0.0065956801
2.773633e-07,-0.0065777286
2.774633e-07,-0.0065497243
2.775633e-07,-0.0065217199
2.776633e-07,-0.0065037684
2.777633e-07,-0.0065008961
2.778633e-07,-0.0065095129
2.779633e-07,-0.0065217199
2.780633e-07,-0.0065267463
2.781633e-07,-0.0065202838
2.782633e-07,-0.0065044864
2.783633e-07,-0.0064850988
2.784633e-07,-0.0064693015
2.785633e-07,-0.0064592486
2.786633e-07,-0.0064535041
2.787633e-07,-0.0064463235
2.788633e-07,-0.0064348346
2.789633e-07,-0.0064197553
2.790633e-07,-0.0064061121
2.791633e-07,-0.0064018038
2.792633e-07,-0.0064118566
2.793633e-07,-0.0064326804
2.794633e-07,-0.0064556583
2.795633e-07,-0.0064707376
2.796633e-07,-0.0064693015
2.797633e-07,-0.0064535041
2.798633e-07,-0.0064312443
2.799633e-07,-0.0064147289
2.800633e-07,-0.0064118566
2.801633e-07,-0.0064226275
2.802633e-07,-0.0064391429
2.803633e-07,-0.0064491958
2.804633e-07,-0.0064463235
2.805633e-07,-0.0064312443
2.806633e-07,-0.0064140108
2.807633e-07,-0.0064089844
2.808633e-07,-0.0064233456
2.809633e-07,-0.0064563764
2.810633e-07,-0.0064951517
2.811633e-07,-0.006522438
2.812633e-07,-0.0065267463
2.813633e-07,-0.0065066406
2.814633e-07,-0.0064728918
2.815633e-07,-0.0064441693
2.816633e-07,-0.0064348346
2.817633e-07,-0.0064491958
2.818633e-07,-0.0064779182
2.819633e-07,-0.0065044864
2.820633e-07,-0.0065152574
2.821633e-07,-0.0065044864
2.822633e-07,-0.0064807904
2.823633e-07,-0.0064599667
2.824633e-07,-0.0064578125
2.825633e-07,-0.0064800724
2.826633e-07,-0.0065188477
2.827633e-07,-0.0065590591
2.828633e-07,-0.0065841912
2.829633e-07,-0.0065863454
2.830633e-07,-0.00656983
2.831633e-07,-0.0065490062
2.832633e-07,-0.0065382353
2.833633e-07,-0.0065446978
2.834633e-07,-0.0065648035
2.835633e-07,-0.0065856273
2.836633e-07,-0.0065956801
2.837633e-07,-0.0065892176
2.838633e-07,-0.0065719841
2.839633e-07,-0.006558341
2.840633e-07,-0.0065612132
2.841633e-07,-0.0065863454
2.842633e-07,-0.0066272748
2.843633e-07,-0.0066696404
2.844633e-07,-0.0066990809
2.845633e-07,-0.0067076976
2.846633e-07,-0.0066983628
2.847633e-07,-0.0066840016
2.848633e-07,-0.0066761029
2.849633e-07,-0.0066804113
2.850633e-07,-0.0066933364
2.851633e-07,-0.0067033892
2.852633e-07,-0.0066990809
2.853633e-07,-0.0066782571
2.854633e-07,-0.0066488166
2.855633e-07,-0.0066244026
2.856633e-07,-0.0066186581
2.857633e-07,-0.0066366096
2.858633e-07,-0.0066703585
2.859633e-07,-0.0067041073
2.860633e-07,-0.0067220588
2.861633e-07,-0.0067170324
2.862633e-07,-0.0066926183
2.863633e-07,-0.0066631778
2.864633e-07,-0.006641636
2.865633e-07,-0.0066358915
2.866633e-07,-0.0066430722
2.867633e-07,-0.0066524069
2.868633e-07,-0.006653125
2.869633e-07,-0.0066401999
2.870633e-07,-0.0066208123
2.871633e-07,-0.006605733
2.872633e-07,-0.0066071691
2.873633e-07,-0.0066279929
2.874633e-07,-0.0066603056
2.875633e-07,-0.00668831
2.876633e-07,-0.0066990809
2.877633e-07,-0.0066868739
2.878633e-07,-0.0066595875
2.879633e-07,-0.0066315832
2.880633e-07,-0.0066186581
2.881633e-07,-0.0066258387
2.882633e-07,-0.0066480986
2.883633e-07,-0.0066696404
2.884633e-07,-0.0066761029
2.885633e-07,-0.0066603056
2.886633e-07,-0.0066272748
2.887633e-07,-0.0065928079
2.888633e-07,-0.0065727022
2.889633e-07,-0.0065748564
2.890633e-07,-0.0065956801
2.891633e-07,-0.0066229665
2.892633e-07,-0.006641636
2.893633e-07,-0.0066430722
2.894633e-07,-0.0066308651
2.895633e-07,-0.0066143497
2.896633e-07,-0.0066071691
2.897633e-07,-0.0066150678
2.898633e-07,-0.0066351735
2.899633e-07,-0.0066552792
2.900633e-07,-0.006664614
2.901633e-07,-0.0066581514
2.902633e-07,-0.0066401999
2.903633e-07,-0.0066229665
2.904633e-07,-0.0066186581
2.905633e-07,-0.0066308651
2.906633e-07,-0.006653125
2.907633e-07,-0.0066725126
2.908633e-07,-0.0066761029
2.909633e-07,-0.0066595875
2.910633e-07,-0.006629429
2.911633e-07,-0.0065992705
2.912633e-07,-0.0065841912
2.913633e-07,-0.0065892176
2.914633e-07,-0.0066078872
2.915633e-07,-0.0066265568
2.916633e-07,-0.0066301471
2.917633e-07,-0.0066114775
2.918633e-07,-0.0065762925
2.919633e-07,-0.0065389534
2.920633e-07,-0.0065152574
2.921633e-07,-0.0065145393
2.922633e-07,-0.0065332089
2.923633e-07,-0.006558341
2.924633e-07,-0.0065727022
2.925633e-07,-0.0065669577
2.926633e-07,-0.0065411075
2.927633e-07,-0.0065080767
2.928633e-07,-0.0064807904
2.929633e-07,-0.0064700195
2.930633e-07,-0.0064764821
2.931633e-07,-0.0064915614
2.932633e-07,-0.0065037684
2.933633e-07,-0.0065044864
2.934633e-07,-0.0064929975
2.935633e-07,-0.0064779182
2.936633e-07,-0.0064693015
2.937633e-07,-0.0064728918
2.938633e-07,-0.006487253
2.939633e-07,-0.0065044864
2.940633e-07,-0.0065152574
2.941633e-07,-0.0065145393
2.942633e-07,-0.0065052045
2.943633e-07,-0.0064944336
2.944633e-07,-0.0064922794
2.945633e-07,-0.0065023323
2.946633e-07,-0.0065210018
2.947633e-07,-0.0065403895
2.948633e-07,-0.0065497243
2.949633e-07,-0.006546134
2.950633e-07,-0.0065324908
2.951633e-07,-0.0065188477
2.952633e-07,-0.0065152574
2.953633e-07,-0.0065253102
2.954633e-07,-0.0065446978
2.955633e-07,-0.0065633674
2.956633e-07,-0.0065727022
2.957633e-07,-0.0065669577
2.958633e-07,-0.0065490062
2.959633e-07,-0.0065289005
2.960633e-07,-0.0065152574
2.961633e-07,-0.0065123851
2.962633e-07,-0.0065181296
2.963633e-07,-0.0065253102
2.964633e-07,-0.0065267463
2.965633e-07,-0.0065210018
2.966633e-07,-0.006511667
2.967633e-07,-0.0065080767
2.968633e-07,-0.0065152574
2.969633e-07,-0.0065324908
2.970633e-07,-0.0065511604
2.971633e-07,-0.0065597771
2.972633e-07,-0.0065497243
2.973633e-07,-0.0065217199
2.974633e-07,-0.0064850988
2.975633e-07,-0.0064563764
2.976633e-07,-0.0064463235
2.977633e-07,-0.0064592486
2.978633e-07,-0.0064858169
2.979633e-07,-0.0065131032
2.980633e-07,-0.0065267463
2.981633e-07,-0.006522438
2.982633e-07,-0.0065066406
2.983633e-07,-0.0064922794
2.984633e-07,-0.0064922794
2.985633e-07,-0.006511667
2.986633e-07,-0.0065425437
2.987633e-07,-0.0065719841
2.988633e-07,-0.0065841912
2.989633e-07,-0.0065741383
2.990633e-07,-0.006546852
2.991633e-07,-0.0065181296
2.992633e-07,-0.0065037684
2.993633e-07,-0.0065138212
2.994633e-07,-0.0065475701
2.995633e-07,-0.0065913718
2.996633e-07,-0.0066301471
2.997633e-07,-0.0066538431
2.998633e-07,-0.0066595875
2.999633e-07,-0.0066559972
3.000633e-07,-0.006653125
3.001633e-07,-0.0066588695
3.002633e-07,-0.0066732307
3.003633e-07,-0.0066897461
3.004633e-07,-0.0066990809
3.005633e-07,-0.0066969267
3.006633e-07,-0.0066847197
3.007633e-07,-0.0066710765
3.008633e-07,-0.006664614
3.009633e-07,-0.0066703585
3.010633e-07,-0.0066861558
3.011633e-07,-0.0067026712
3.012633e-07,-0.0067105699
3.013633e-07,-0.0067048254
3.014633e-07,-0.006689028
3.015633e-07,-0.0066725126
3.016633e-07,-0.006664614
3.017633e-07,-0.0066710765
3.018633e-07,-0.0066897461
3.019633e-07,-0.0067098518
3.020633e-07,-0.0067220588
3.021633e-07,-0.0067199046
3.022633e-07,-0.0067048254
3.023633e-07,-0.0066868739
3.024633e-07,-0.0066761029
3.025633e-07,-0.0066789752
3.026633e-07,-0.0066933364
3.027633e-07,-0.0067105699
3.028633e-07,-0.0067220588
3.029633e-07,-0.0067206227
3.030633e-07,-0.0067091337
3.031633e-07,-0.0066947725
3.032633e-07,-0.0066875919
3.033633e-07,-0.0066933364
3.034633e-07,-0.0067112879
3.035633e-07,-0.0067321117
3.036633e-07,-0.0067450368
3.037633e-07,-0.0067436006
3.038633e-07,-0.0067285214
3.039633e-07,-0.0067062615
3.040633e-07,-0.0066875919
3.041633e-07,-0.0066811294
3.042633e-07,-0.00668831
3.043633e-07,-0.0067048254
3.044633e-07,-0.0067220588
3.045633e-07,-0.0067342659
3.046633e-07,-0.0067392923
3.047633e-07,-0.0067407284
3.048633e-07,-0.0067450368
3.049633e-07,-0.0067558077
3.050633e-07,-0.0067737592
3.051633e-07,-0.006795301
3.052633e-07,-0.0068139706
3.053633e-07,-0.0068254596
3.054633e-07,-0.0068290499
3.055633e-07,-0.0068276137
3.056633e-07,-0.0068254596
3.057633e-07,-0.0068247415
3.058633e-07,-0.0068254596
3.059633e-07,-0.0068261776
3.060633e-07,-0.0068254596
3.061633e-07,-0.0068240234
3.062633e-07,-0.0068261776
3.063633e-07,-0.0068376666
3.064633e-07,-0.0068599265
3.065633e-07,-0.0068915211
3.066633e-07,-0.00692527
3.067633e-07,-0.0069511202
3.068633e-07,-0.0069633272
3.069633e-07,-0.006960455
3.070633e-07,-0.0069475299
3.071633e-07,-0.0069346048
3.072633e-07,-0.0069288603
3.073633e-07,-0.0069331687
3.074633e-07,-0.0069439396
3.075633e-07,-0.0069525563
3.076633e-07,-0.0069518382
3.077633e-07,-0.0069396312
3.078633e-07,-0.0069202436
3.079633e-07,-0.006902292
3.080633e-07,-0.0068943934
3.081633e-07,-0.0069008559
3.082633e-07,-0.0069180894
3.083633e-07,-0.0069381951
3.084633e-07,-0.0069518382
3.085633e-07,-0.0069532744
3.086633e-07,-0.0069446576
3.087633e-07,-0.0069302964
3.088633e-07,-0.0069173713
3.089633e-07,-0.0069109088
3.090633e-07,-0.0069094727
3.091633e-07,-0.0069094727
3.092633e-07,-0.0069058824
3.093633e-07,-0.0068979837
3.094633e-07,-0.0068886489
3.095633e-07,-0.0068821864
3.096633e-07,-0.0068829044
3.097633e-07,-0.006890085
3.098633e-07,-0.0068972656
3.099633e-07,-0.0068972656
3.100633e-07,-0.0068829044
3.101633e-07,-0.0068549
3.102633e-07,-0.0068197151
3.103633e-07,-0.0067874023
3.104633e-07,-0.0067680147
3.105633e-07,-0.0067637063
3.106633e-07,-0.0067708869
3.107633e-07,-0.0067787856
3.108633e-07,-0.0067795037
3.109633e-07,-0.0067680147
3.110633e-07,-0.0067486271
3.111633e-07,-0.0067299575
3.112633e-07,-0.0067220588
3.113633e-07,-0.0067299575
3.114633e-07,-0.0067507812
3.115633e-07,-0.0067787856
3.116633e-07,-0.0068024816
3.117633e-07,-0.0068161248
3.118633e-07,-0.0068175609
3.119633e-07,-0.0068110983
3.120633e-07,-0.0068024816
3.121633e-07,-0.006795301
3.122633e-07,-0.0067902746
3.123633e-07,-0.0067859662
3.124633e-07,-0.0067795037
3.125633e-07,-0.006771605
3.126633e-07,-0.0067665786
3.127633e-07,-0.0067687328
3.128633e-07,-0.0067795037
3.129633e-07,-0.0067967371
3.130633e-07,-0.0068132525
3.131633e-07,-0.0068204331
3.132633e-07,-0.0068139706
3.133633e-07,-0.0067960191
3.134633e-07,-0.0067737592
3.135633e-07,-0.0067586799
3.136633e-07,-0.0067565257
3.137633e-07,-0.0067680147
3.138633e-07,-0.0067845301
3.139633e-07,-0.006795301
3.140633e-07,-0.0067909926
3.141633e-07,-0.0067708869
3.142633e-07,-0.0067414465
3.143633e-07,-0.0067141602
3.144633e-07,-0.0066990809
3.145633e-07,-0.0066990809
3.146633e-07,-0.0067084157
3.147633e-07,-0.0067191866
3.148633e-07,-0.0067220588
3.149633e-07,-0.0067163143
3.150633e-07,-0.0067062615
3.151633e-07,-0.0067019531
3.152633e-07,-0.0067105699
3.153633e-07,-0.0067306756
3.154633e-07,-0.0067550896
3.155633e-07,-0.0067701689
3.156633e-07,-0.0067680147
3.157633e-07,-0.0067471909
3.158633e-07,-0.0067177505
3.159633e-07,-0.0066933364
3.160633e-07,-0.0066875919
3.161633e-07,-0.0067041073
3.162633e-07,-0.006735702
3.163633e-07,-0.0067694508
3.164633e-07,-0.0067909926
3.165633e-07,-0.0067938649
3.166633e-07,-0.0067809398
3.167633e-07,-0.0067644244
3.168633e-07,-0.0067565257
3.169633e-07,-0.0067629883
3.170633e-07,-0.0067816579
3.171633e-07,-0.0068024816
3.172633e-07,-0.0068139706
3.173633e-07,-0.0068118164
3.174633e-07,-0.0067981733
3.175633e-07,-0.0067845301
3.176633e-07,-0.0067795037
3.177633e-07,-0.0067895565
3.178633e-07,-0.0068110983
3.179633e-07,-0.0068340763
3.180633e-07,-0.0068484375
3.181633e-07,-0.0068484375
3.182633e-07,-0.0068369485
3.183633e-07,-0.0068218693
3.184633e-07,-0.0068139706
3.185633e-07,-0.0068175609
3.186633e-07,-0.0068297679
3.187633e-07,-0.006842693
3.188633e-07,-0.0068484375
3.189633e-07,-0.0068434111
3.190633e-07,-0.0068319221
3.191633e-07,-0.0068233054
3.192633e-07,-0.0068254596
3.193633e-07,-0.0068412569
3.194633e-07,-0.0068642348
3.195633e-07,-0.0068857767
3.196633e-07,-0.0068943934
3.197633e-07,-0.0068886489
3.198633e-07,-0.0068735696
3.199633e-07,-0.0068599265
3.200633e-07,-0.0068599265
3.201633e-07,-0.0068764419
3.202633e-07,-0.0069051643
3.203633e-07,-0.0069338867
3.204633e-07,-0.0069518382
3.205633e-07,-0.0069539924
3.206633e-07,-0.0069439396
3.207633e-07,-0.0069317325
3.208633e-07,-0.0069288603
3.209633e-07,-0.0069403493
3.210633e-07,-0.0069618911
3.211633e-07,-0.006984869
3.212633e-07,-0.0069977941
3.213633e-07,-0.006996358
3.214633e-07,-0.006984151
3.215633e-07,-0.0069697898
3.216633e-07,-0.0069633272
3.217633e-07,-0.0069697898
3.218633e-07,-0.0069855871
3.219633e-07,-0.0070013844
3.220633e-07,-0.0070092831
3.221633e-07,-0.0070049747
3.222633e-07,-0.0069934858
3.223633e-07,-0.006984151
3.224633e-07,-0.0069863051
3.225633e-07,-0.0070021025
3.226633e-07,-0.0070265165
3.227633e-07,-0.0070480584
3.228633e-07,-0.007055239
3.229633e-07,-0.0070451861
3.230633e-07,-0.0070229262
3.231633e-07,-0.0069992302
3.232633e-07,-0.0069863051
3.233633e-07,-0.0069891774
3.234633e-07,-0.0070035386
3.235633e-07,-0.0070178998
3.236633e-07,-0.0070207721
3.237633e-07,-0.0070064108
3.238633e-07,-0.0069791245
3.239633e-07,-0.006948966
3.240633e-07,-0.0069288603
3.241633e-07,-0.00692527
3.242633e-07,-0.006936759
3.243633e-07,-0.0069532744
3.244633e-07,-0.0069633272
3.245633e-07,-0.0069590188
3.246633e-07,-0.0069425034
3.247633e-07,-0.0069209616
3.248633e-07,-0.0069058824
3.249633e-07,-0.0069037282
3.250633e-07,-0.006913781
3.251633e-07,-0.0069288603
3.252633e-07,-0.0069403493
3.253633e-07,-0.0069417854
3.254633e-07,-0.0069346048
3.255633e-07,-0.0069238339
3.256633e-07,-0.0069173713
3.257633e-07,-0.0069202436
3.258633e-07,-0.0069310145
3.259633e-07,-0.0069432215
3.260633e-07,-0.0069518382
3.261633e-07,-0.0069532744
3.262633e-07,-0.006948966
3.263633e-07,-0.0069468118
3.264633e-07,-0.0069518382
3.265633e-07,-0.0069647633
3.266633e-07,-0.0069798426
3.267633e-07,-0.0069898955
3.268633e-07,-0.0069863051
3.269633e-07,-0.0069697898
3.270633e-07,-0.0069468118
3.271633e-07,-0.0069295784
3.272633e-07,-0.0069288603
3.273633e-07,-0.0069475299
3.274633e-07,-0.0069791245
3.275633e-07,-0.0070121553
3.276633e-07,-0.007032261
3.277633e-07,-0.0070336972
3.278633e-07,-0.0070186179
3.279633e-07,-0.0069985122
3.280633e-07,-0.0069863051
3.281633e-07,-0.0069913316
3.282633e-07,-0.0070121553
3.283633e-07,-0.0070415958
3.284633e-07,-0.0070667279
3.285633e-07,-0.007079653
3.286633e-07,-0.007078935
3.287633e-07,-0.0070710363
3.288633e-07,-0.0070667279
3.289633e-07,-0.0070731905
3.290633e-07,-0.0070918601
3.291633e-07,-0.0071155561
3.292633e-07,-0.0071356618
3.293633e-07,-0.0071428424
3.294633e-07,-0.0071356618
3.295633e-07,-0.0071184283
3.296633e-07,-0.0071011949
3.297633e-07,-0.0070925781
3.298633e-07,-0.0070976045
3.299633e-07,-0.0071141199
3.300633e-07,-0.0071356618
3.301633e-07,-0.0071543313
3.302633e-07,-0.0071658203
3.303633e-07,-0.0071701287
3.304633e-07,-0.0071701287
3.305633e-07,-0.0071708467
3.306633e-07,-0.007173719
3.307633e-07,-0.0071780273
3.308633e-07,-0.0071816176
3.309633e-07,-0.0071808996
3.310633e-07,-0.0071758732
3.311633e-07,-0.0071672564
3.312633e-07,-0.0071586397
3.313633e-07,-0.0071521772
3.314633e-07,-0.0071485869
3.315633e-07,-0.0071478688
3.316633e-07,-0.0071471507
3.317633e-07,-0.0071464327
3.318633e-07,-0.0071471507
3.319633e-07,-0.007150741
3.320633e-07,-0.0071586397
3.321633e-07,-0.0071701287
3.322633e-07,-0.0071808996
3.323633e-07,-0.007185926
3.324633e-07,-0.0071816176
3.325633e-07,-0.0071672564
3.326633e-07,-0.0071471507
3.327633e-07,-0.007126327
3.328633e-07,-0.0071126838
3.329633e-07,-0.0071090935
3.330633e-07,-0.0071141199
3.331633e-07,-0.0071248909
3.332633e-07,-0.0071356618
3.333633e-07,-0.0071435604
3.334633e-07,-0.0071485869
3.335633e-07,-0.0071521772
3.336633e-07,-0.0071586397
3.337633e-07,-0.0071679745
3.338633e-07,-0.0071773093
3.339633e-07,-0.0071830538
3.340633e-07,-0.0071816176
3.341633e-07,-0.0071715648
3.342633e-07,-0.0071557675
3.343633e-07,-0.0071421243
3.344633e-07,-0.0071356618
3.345633e-07,-0.0071406882
3.346633e-07,-0.0071557675
3.347633e-07,-0.0071758732
3.348633e-07,-0.0071931066
3.349633e-07,-0.0072038775
3.350633e-07,-0.0072060317
3.351633e-07,-0.0072045956
3.352633e-07,-0.0072045956
3.353633e-07,-0.007209622
3.354633e-07,-0.0072203929
3.355633e-07,-0.0072318819
3.356633e-07,-0.0072390625
3.357633e-07,-0.0072347541
3.358633e-07,-0.0072182387
3.359633e-07,-0.0071902344
3.360633e-07,-0.0071586397
3.361633e-07,-0.0071299173
3.362633e-07,-0.0071098116
3.363633e-07,-0.0071011949
3.364633e-07,-0.0071011949
3.365633e-07,-0.0071062213
3.366633e-07,-0.0071119658
3.367633e-07,-0.0071141199
3.368633e-07,-0.0071126838
3.369633e-07,-0.0071076574
3.370633e-07,-0.0071004768
3.371633e-07,-0.0070940142
3.372633e-07,-0.0070897059
3.373633e-07,-0.0070875517
3.374633e-07,-0.0070875517
3.375633e-07,-0.0070889878
3.376633e-07,-0.0070897059
3.377633e-07,-0.0070889878
3.378633e-07,-0.0070861156
3.379633e-07,-0.0070818072
3.380633e-07,-0.0070782169
3.381633e-07,-0.0070774989
3.382633e-07,-0.0070810892
3.383633e-07,-0.0070904239
3.384633e-07,-0.0071011949
3.385633e-07,-0.0071098116
3.386633e-07,-0.0071119658
3.387633e-07,-0.0071047852
3.388633e-07,-0.0070897059
3.389633e-07,-0.0070717544
3.390633e-07,-0.0070566751
3.391633e-07,-0.0070509306
3.392633e-07,-0.007055239
3.393633e-07,-0.0070660099
3.394633e-07,-0.0070774989
3.395633e-07,-0.0070825253
3.396633e-07,-0.0070782169
3.397633e-07,-0.0070667279
3.398633e-07,-0.0070530848
3.399633e-07,-0.0070444681
3.400633e-07,-0.00704375
3.401633e-07,-0.0070502125
3.402633e-07,-0.0070588293
3.403633e-07,-0.0070617015
3.404633e-07,-0.007055239
3.405633e-07,-0.0070394416
3.406633e-07,-0.0070207721
3.407633e-07,-0.0070049747
3.408633e-07,-0.0069977941
3.409633e-07,-0.0069992302
3.410633e-07,-0.0070042567
3.411633e-07,-0.0070049747
3.412633e-07,-0.0069977941
3.413633e-07,-0.0069812787
3.414633e-07,-0.006961173
3.415633e-07,-0.0069453757
3.416633e-07,-0.0069403493
3.417633e-07,-0.0069482479
3.418633e-07,-0.0069640453
3.419633e-07,-0.0069791245
3.420633e-07,-0.0069863051
3.421633e-07,-0.0069812787
3.422633e-07,-0.0069676356
3.423633e-07,-0.0069518382
3.424633e-07,-0.0069403493
3.425633e-07,-0.0069381951
3.426633e-07,-0.0069432215
3.427633e-07,-0.0069496841
3.428633e-07,-0.0069518382
3.429633e-07,-0.0069460937
3.430633e-07,-0.0069353228
3.431633e-07,-0.0069231158
3.432633e-07,-0.0069173713
3.433633e-07,-0.0069202436
3.434633e-07,-0.0069310145
3.435633e-07,-0.0069432215
3.436633e-07,-0.0069518382
3.437633e-07,-0.0069525563
3.438633e-07,-0.0069468118
3.439633e-07,-0.006936759
3.440633e-07,-0.0069288603
3.441633e-07,-0.00692527
3.442633e-07,-0.0069259881
3.443633e-07,-0.0069281422
3.444633e-07,-0.0069288603
3.445633e-07,-0.0069267061
3.446633e-07,-0.0069238339
3.447633e-07,-0.0069238339
3.448633e-07,-0.0069288603
3.449633e-07,-0.0069389131
3.450633e-07,-0.0069511202
3.451633e-07,-0.006960455
3.452633e-07,-0.0069633272
3.453633e-07,-0.006960455
3.454633e-07,-0.0069561466
3.455633e-07,-0.0069561466
3.456633e-07,-0.0069633272
3.457633e-07,-0.0069776884
3.458633e-07,-0.0069942038
3.459633e-07,-0.0070064108
3.460633e-07,-0.0070092831
3.461633e-07,-0.0070049747
3.462633e-07,-0.0069985122
3.463633e-07,-0.0069985122
3.464633e-07,-0.0070092831
3.465633e-07,-0.0070293888
3.466633e-07,-0.0070516487
3.467633e-07,-0.0070667279
3.468633e-07,-0.0070667279
3.469633e-07,-0.0070516487
3.470633e-07,-0.0070272346
3.471633e-07,-0.0070064108
3.472633e-07,-0.0069977941
3.473633e-07,-0.0070042567
3.474633e-07,-0.0070207721
3.475633e-07,-0.0070372875
3.476633e-07,-0.00704375
3.477633e-07,-0.0070365694
3.478633e-07,-0.0070193359
3.479633e-07,-0.0070028205
3.480633e-07,-0.0069977941
3.481633e-07,-0.0070092831
3.482633e-07,-0.0070351333
3.483633e-07,-0.0070660099
3.484633e-07,-0.0070897059
3.485633e-07,-0.0070990407
3.486633e-07,-0.0070940142
3.487633e-07,-0.007079653
3.488633e-07,-0.0070667279
3.489633e-07,-0.0070617015
3.490633e-07,-0.0070667279
3.491633e-07,-0.0070782169
3.492633e-07,-0.0070897059
3.493633e-07,-0.0070968865
3.494633e-07,-0.0070983226
3.495633e-07,-0.0070983226
3.496633e-07,-0.0071011949
3.497633e-07,-0.0071098116
3.498633e-07,-0.0071227367
3.499633e-07,-0.0071370979
3.500633e-07,-0.0071471507
3.501633e-07,-0.007150741
3.502633e-07,-0.007150741
3.503633e-07,-0.0071514591
3.504633e-07,-0.0071586397
3.505633e-07,-0.007173719
3.506633e-07,-0.0071952608
3.507633e-07,-0.0072153665
3.508633e-07,-0.0072275735
3.509633e-07,-0.0072290097
3.510633e-07,-0.007221829
3.511633e-07,-0.0072117762
3.512633e-07,-0.0072045956
3.513633e-07,-0.0072038775
3.514633e-07,-0.007209622
3.515633e-07,-0.0072153665
3.516633e-07,-0.0072160846
3.517633e-07,-0.0072081859
3.518633e-07,-0.0071931066
3.519633e-07,-0.007174437
3.520633e-07,-0.0071586397
3.521633e-07,-0.0071478688
3.522633e-07,-0.0071428424
3.523633e-07,-0.0071392521
3.524633e-07,-0.0071356618
3.525633e-07,-0.0071299173
3.526633e-07,-0.0071241728
3.527633e-07,-0.0071213006
3.528633e-07,-0.0071241728
3.529633e-07,-0.0071306353
3.530633e-07,-0.0071363798
3.531633e-07,-0.0071349437
3.532633e-07,-0.0071241728
3.533633e-07,-0.0071040671
3.534633e-07,-0.0070818072
3.535633e-07,-0.0070638557
3.536633e-07,-0.007055239
3.537633e-07,-0.0070566751
3.538633e-07,-0.0070617015
3.539633e-07,-0.0070631376
3.540633e-07,-0.007055239
3.541633e-07,-0.0070372875
3.542633e-07,-0.0070164637
3.543633e-07,-0.0070006664
3.544633e-07,-0.0069977941
3.545633e-07,-0.007008565
3.546633e-07,-0.0070279527
3.547633e-07,-0.0070459042
3.548633e-07,-0.007055239
3.549633e-07,-0.0070523667
3.550633e-07,-0.0070423139
3.551633e-07,-0.0070329791
3.552633e-07,-0.007032261
3.553633e-07,-0.0070430319
3.554633e-07,-0.0070609835
3.555633e-07,-0.007078935
3.556633e-07,-0.0070897059
3.557633e-07,-0.0070897059
3.558633e-07,-0.0070832433
3.559633e-07,-0.0070774989
3.560633e-07,-0.0070782169
3.561633e-07,-0.0070868336
3.562633e-07,-0.0070990407
3.563633e-07,-0.0071062213
3.564633e-07,-0.0071011949
3.565633e-07,-0.0070832433
3.566633e-07,-0.0070595473
3.567633e-07,-0.0070394416
3.568633e-07,-0.007032261
3.569633e-07,-0.0070415958
3.570633e-07,-0.0070617015
3.571633e-07,-0.0070810892
3.572633e-07,-0.0070897059
3.573633e-07,-0.0070810892
3.574633e-07,-0.0070588293
3.575633e-07,-0.007031543
3.576633e-07,-0.0070092831
3.577633e-07,-0.0069992302
3.578633e-07,-0.0069992302
3.579633e-07,-0.0070013844
3.580633e-07,-0.0069977941
3.581633e-07,-0.0069819968
3.582633e-07,-0.0069561466
3.583633e-07,-0.0069274242
3.584633e-07,-0.0069058824
3.585633e-07,-0.0068972656
3.586633e-07,-0.006901574
3.587633e-07,-0.0069116268
3.588633e-07,-0.0069173713
3.589633e-07,-0.006913063
3.590633e-07,-0.0068979837
3.591633e-07,-0.0068771599
3.592633e-07,-0.0068599265
3.593633e-07,-0.0068513097
3.594633e-07,-0.0068520278
3.595633e-07,-0.0068577723
3.596633e-07,-0.0068599265
3.597633e-07,-0.0068534639
3.598633e-07,-0.0068362305
3.599633e-07,-0.0068132525
3.600633e-07,-0.0067909926
3.601633e-07,-0.0067751953
3.602633e-07,-0.0067680147
3.603633e-07,-0.0067665786
3.604633e-07,-0.0067680147
3.605633e-07,-0.0067680147
3.606633e-07,-0.0067658605
3.607633e-07,-0.0067644244
3.608633e-07,-0.0067680147
3.609633e-07,-0.0067773495
3.610633e-07,-0.0067917107
3.611633e-07,-0.0068053539
3.612633e-07,-0.0068139706
3.613633e-07,-0.0068139706
3.614633e-07,-0.006807508
3.615633e-07,-0.0067974552
3.616633e-07,-0.0067909926
3.617633e-07,-0.0067902746
3.618633e-07,-0.006795301
3.619633e-07,-0.0068010455
3.620633e-07,-0.0068024816
3.621633e-07,-0.0067974552
3.622633e-07,-0.0067866843
3.623633e-07,-0.0067744773
3.624633e-07,-0.0067680147
3.625633e-07,-0.0067701689
3.626633e-07,-0.0067809398
3.627633e-07,-0.0067974552
3.628633e-07,-0.0068139706
3.629633e-07,-0.0068261776
3.630633e-07,-0.0068326402
3.631633e-07,-0.0068355124
3.632633e-07,-0.0068369485
3.633633e-07,-0.0068398208
3.634633e-07,-0.0068441291
3.635633e-07,-0.0068477194
3.636633e-07,-0.0068484375
3.637633e-07,-0.0068470014
3.638633e-07,-0.0068462833
3.639633e-07,-0.0068491556
3.640633e-07,-0.0068599265
3.641633e-07,-0.006878596
3.642633e-07,-0.006902292
3.643633e-07,-0.0069245519
3.644633e-07,-0.0069403493
3.645633e-07,-0.0069475299
3.646633e-07,-0.0069460937
3.647633e-07,-0.0069425034
3.648633e-07,-0.0069403493
3.649633e-07,-0.0069439396
3.650633e-07,-0.0069525563
3.651633e-07,-0.0069640453
3.652633e-07,-0.0069748162
3.653633e-07,-0.0069834329
3.654633e-07,-0.0069898955
3.655633e-07,-0.0069977941
3.656633e-07,-0.0070092831
3.657633e-07,-0.0070236443
3.658633e-07,-0.0070372875
3.659633e-07,-0.0070451861
3.660633e-07,-0.00704375
3.661633e-07,-0.007031543
3.662633e-07,-0.0070135915
3.663633e-07,-0.0069956399
3.664633e-07,-0.0069863051
3.665633e-07,-0.0069891774
3.666633e-07,-0.0070035386
3.667633e-07,-0.0070236443
3.668633e-07,-0.00704375
3.669633e-07,-0.0070573932
3.670633e-07,-0.0070617015
3.671633e-07,-0.0070602654
3.672633e-07,-0.007055239
3.673633e-07,-0.0070516487
3.674633e-07,-0.0070509306
3.675633e-07,-0.0070523667
3.676633e-07,-0.007055239
3.677633e-07,-0.0070566751
3.678633e-07,-0.0070566751
3.679633e-07,-0.007055957
3.680633e-07,-0.007055239
3.681633e-07,-0.0070545209
3.682633e-07,-0.0070530848
3.683633e-07,-0.0070494945
3.684633e-07,-0.00704375
3.685633e-07,-0.0070365694
3.686633e-07,-0.007031543
3.687633e-07,-0.0070293888
3.688633e-07,-0.007032261
3.689633e-07,-0.0070380055
3.690633e-07,-0.00704375
3.691633e-07,-0.0070466222
3.692633e-07,-0.00704375
3.693633e-07,-0.0070372875
3.694633e-07,-0.007031543
3.695633e-07,-0.0070293888
3.696633e-07,-0.007032261
3.697633e-07,-0.0070387236
3.698633e-07,-0.0070444681
3.699633e-07,-0.0070466222
3.700633e-07,-0.00704375
3.701633e-07,-0.0070408778
3.702633e-07,-0.00704375
3.703633e-07,-0.0070595473
3.704633e-07,-0.0070897059
3.705633e-07,-0.0071284812
3.706633e-07,-0.0071651023
3.707633e-07,-0.0071895163
3.708633e-07,-0.0071931066
3.709633e-07,-0.0071773093
3.710633e-07,-0.0071514591
3.711633e-07,-0.007126327
3.712633e-07,-0.0071126838
3.713633e-07,-0.0071141199
3.714633e-07,-0.007126327
3.715633e-07,-0.0071406882
3.716633e-07,-0.0071471507
3.717633e-07,-0.0071428424
3.718633e-07,-0.0071306353
3.719633e-07,-0.0071177102
3.720633e-07,-0.0071126838
3.721633e-07,-0.0071191464
3.722633e-07,-0.0071342256
3.723633e-07,-0.007150023
3.724633e-07,-0.0071586397
3.725633e-07,-0.0071557675
3.726633e-07,-0.0071428424
3.727633e-07,-0.007126327
3.728633e-07,-0.0071126838
3.729633e-07,-0.0071069393
3.730633e-07,-0.0071062213
3.731633e-07,-0.0071069393
3.732633e-07,-0.0071011949
3.733633e-07,-0.0070868336
3.734633e-07,-0.0070667279
3.735633e-07,-0.0070459042
3.736633e-07,-0.007032261
3.737633e-07,-0.0070286707
3.738633e-07,-0.0070336972
3.739633e-07,-0.0070408778
3.740633e-07,-0.00704375
3.741633e-07,-0.0070394416
3.742633e-07,-0.0070279527
3.743633e-07,-0.0070164637
3.744633e-07,-0.0070092831
3.745633e-07,-0.0070107192
3.746633e-07,-0.0070178998
3.747633e-07,-0.0070272346
3.748633e-07,-0.007032261
3.749633e-07,-0.0070301068
3.750633e-07,-0.0070229262
3.751633e-07,-0.0070143095
3.752633e-07,-0.0070092831
3.753633e-07,-0.0070100011
3.754633e-07,-0.0070135915
3.755633e-07,-0.0070143095
3.756633e-07,-0.0070092831
3.757633e-07,-0.0069970761
3.758633e-07,-0.0069827148
3.759633e-07,-0.006972662
3.760633e-07,-0.0069748162
3.761633e-07,-0.0069898955
3.762633e-07,-0.0070143095
3.763633e-07,-0.0070394416
3.764633e-07,-0.007055239
3.765633e-07,-0.0070581112
3.766633e-07,-0.0070487764
3.767633e-07,-0.0070336972
3.768633e-07,-0.0070207721
3.769633e-07,-0.0070150276
3.770633e-07,-0.0070178998
3.771633e-07,-0.0070250804
3.772633e-07,-0.007032261
3.773633e-07,-0.0070365694
3.774633e-07,-0.0070394416
3.775633e-07,-0.0070444681
3.776633e-07,-0.007055239
3.777633e-07,-0.0070731905
3.778633e-07,-0.0070947323
3.779633e-07,-0.0071134019
3.780633e-07,-0.0071241728
3.781633e-07,-0.0071248909
3.782633e-07,-0.0071184283
3.783633e-07,-0.0071119658
3.784633e-07,-0.0071126838
3.785633e-07,-0.0071227367
3.786633e-07,-0.0071399701
3.787633e-07,-0.0071579216
3.788633e-07,-0.0071701287
3.789633e-07,-0.0071730009
3.790633e-07,-0.0071686926
3.791633e-07,-0.0071615119
3.792633e-07,-0.0071586397
3.793633e-07,-0.0071629481
3.794633e-07,-0.0071722829
3.795633e-07,-0.0071844899
3.796633e-07,-0.0071931066
3.797633e-07,-0.0071966969
3.798633e-07,-0.007197415
3.799633e-07,-0.007198133
3.800633e-07,-0.0072045956
3.801633e-07,-0.0072153665
3.802633e-07,-0.0072275735
3.803633e-07,-0.007233318
3.804633e-07,-0.0072275735
3.805633e-07,-0.007209622
3.806633e-07,-0.0071844899
3.807633e-07,-0.0071607939
3.808633e-07,-0.0071471507
3.809633e-07,-0.0071478688
3.810633e-07,-0.0071593578
3.811633e-07,-0.007173719
3.812633e-07,-0.0071816176
3.813633e-07,-0.0071765912
3.814633e-07,-0.0071586397
3.815633e-07,-0.0071349437
3.816633e-07,-0.0071126838
3.817633e-07,-0.0070997587
3.818633e-07,-0.0070976045
3.819633e-07,-0.0071040671
3.820633e-07,-0.0071126838
3.821633e-07,-0.0071184283
3.822633e-07,-0.0071177102
3.823633e-07,-0.0071112477
3.824633e-07,-0.0071011949
3.825633e-07,-0.0070897059
3.826633e-07,-0.0070767808
3.827633e-07,-0.0070617015
3.828633e-07,-0.00704375
3.829633e-07,-0.0070236443
3.830633e-07,-0.0070056928
3.831633e-07,-0.0069920496
3.832633e-07,-0.0069863051
3.833633e-07,-0.0069884593
3.834633e-07,-0.0069934858
3.835633e-07,-0.0069985122
3.836633e-07,-0.0069977941
3.837633e-07,-0.0069920496
3.838633e-07,-0.0069834329
3.839633e-07,-0.0069769704
3.840633e-07,-0.0069748162
3.841633e-07,-0.0069769704
3.842633e-07,-0.0069784065
3.843633e-07,-0.0069748162
3.844633e-07,-0.0069633272
3.845633e-07,-0.0069460937
3.846633e-07,-0.0069295784
3.847633e-07,-0.0069216797
3.848633e-07,-0.0069288603
3.849633e-07,-0.006948966
3.850633e-07,-0.0069762523
3.851633e-07,-0.0069985122
3.852633e-07,-0.0070092831
3.853633e-07,-0.0070056928
3.854633e-07,-0.0069920496
3.855633e-07,-0.0069784065
3.856633e-07,-0.0069748162
3.857633e-07,-0.0069855871
3.858633e-07,-0.007007847
3.859633e-07,-0.0070336972
3.860633e-07,-0.007055239
3.861633e-07,-0.0070660099
3.862633e-07,-0.0070660099
3.863633e-07,-0.0070602654
3.864633e-07,-0.007055239
3.865633e-07,-0.0070538028
3.866633e-07,-0.007055957
3.867633e-07,-0.0070581112
3.868633e-07,-0.007055239
3.869633e-07,-0.0070473403
3.870633e-07,-0.0070372875
3.871633e-07,-0.0070301068
3.872633e-07,-0.007032261
3.873633e-07,-0.0070444681
3.874633e-07,-0.0070624196
3.875633e-07,-0.007079653
3.876633e-07,-0.0070897059
3.877633e-07,-0.0070897059
3.878633e-07,-0.0070839614
3.879633e-07,-0.0070774989
3.880633e-07,-0.0070782169
3.881633e-07,-0.0070882698
3.882633e-07,-0.0071040671
3.883633e-07,-0.0071184283
3.884633e-07,-0.0071241728
3.885633e-07,-0.0071177102
3.886633e-07,-0.0071019129
3.887633e-07,-0.0070818072
3.888633e-07,-0.0070667279
3.889633e-07,-0.0070609835
3.890633e-07,-0.0070638557
3.891633e-07,-0.0070710363
3.892633e-07,-0.0070782169
3.893633e-07,-0.0070810892
3.894633e-07,-0.0070803711
3.895633e-07,-0.0070782169
3.896633e-07,-0.0070782169
3.897633e-07,-0.0070803711
3.898633e-07,-0.0070818072
3.899633e-07,-0.0070782169
3.900633e-07,-0.0070667279
3.901633e-07,-0.0070487764
3.902633e-07,-0.0070301068
3.903633e-07,-0.0070186179
3.904633e-07,-0.0070207721
3.905633e-07,-0.0070358513
3.906633e-07,-0.0070566751
3.907633e-07,-0.0070739085
3.908633e-07,-0.0070782169
3.909633e-07,-0.007067446
3.910633e-07,-0.0070473403
3.911633e-07,-0.0070279527
3.912633e-07,-0.0070207721
3.913633e-07,-0.0070308249
3.914633e-07,-0.0070566751
3.915633e-07,-0.0070875517
3.916633e-07,-0.0071126838
3.917633e-07,-0.0071241728
3.918633e-07,-0.0071198644
3.919633e-07,-0.0071055032
3.920633e-07,-0.0070897059
3.921633e-07,-0.0070810892
3.922633e-07,-0.0070818072
3.923633e-07,-0.0070904239
3.924633e-07,-0.0071011949
3.925633e-07,-0.0071098116
3.926633e-07,-0.0071134019
3.927633e-07,-0.0071134019
3.928633e-07,-0.0071126838
3.929633e-07,-0.0071141199
3.930633e-07,-0.0071184283
3.931633e-07,-0.0071220186
3.932633e-07,-0.0071241728
3.933633e-07,-0.0071234547
3.934633e-07,-0.0071205825
3.935633e-07,-0.0071205825
3.936633e-07,-0.0071241728
3.937633e-07,-0.0071320715
3.938633e-07,-0.0071421243
3.939633e-07,-0.0071478688
3.940633e-07,-0.0071471507
3.941633e-07,-0.0071399701
3.942633e-07,-0.0071299173
3.943633e-07,-0.0071227367
3.944633e-07,-0.0071241728
3.945633e-07,-0.0071342256
3.946633e-07,-0.0071485869
3.947633e-07,-0.00716223
3.948633e-07,-0.0071701287
3.949633e-07,-0.0071701287
3.950633e-07,-0.0071651023
3.951633e-07,-0.0071600758
3.952633e-07,-0.0071586397
3.953633e-07,-0.0071607939
3.954633e-07,-0.0071629481
3.955633e-07,-0.0071593578
3.956633e-07,-0.0071471507
3.957633e-07,-0.0071277631
3.958633e-07,-0.0071076574
3.959633e-07,-0.0070968865
3.960633e-07,-0.0071011949
3.961633e-07,-0.0071205825
3.962633e-07,-0.0071478688
3.963633e-07,-0.0071715648
3.964633e-07,-0.0071816176
3.965633e-07,-0.007174437
3.966633e-07,-0.0071557675
3.967633e-07,-0.0071349437
3.968633e-07,-0.0071241728
3.969633e-07,-0.0071306353
3.970633e-07,-0.0071514591
3.971633e-07,-0.0071801815
3.972633e-07,-0.0072045956
3.973633e-07,-0.0072168026
3.974633e-07,-0.0072146484
3.975633e-07,-0.0072038775
3.976633e-07,-0.0071931066
3.977633e-07,-0.0071895163
3.978633e-07,-0.0071966969
3.979633e-07,-0.0072110581
3.980633e-07,-0.0072275735
3.981633e-07,-0.0072397806
3.982633e-07,-0.007245525
3.983633e-07,-0.0072476792
3.984633e-07,-0.0072505515
3.985633e-07,-0.0072577321
3.986633e-07,-0.007269221
3.987633e-07,-0.0072843003
3.988633e-07,-0.0072965074
3.989633e-07,-0.007303688
3.990633e-07,-0.0073058421
3.991633e-07,-0.0073058421
3.992633e-07,-0.0073079963
3.993633e-07,-0.007315895
3.994633e-07,-0.0073288201
3.995633e-07,-0.0073431813
3.996633e-07,-0.0073539522
3.997633e-07,-0.0073575425
3.998633e-07,-0.0073539522
3.999633e-07,-0.0073474897
4.000633e-07,-0.0073424632
4.001633e-07,-0.0073438994
4.002633e-07,-0.0073532341
4.003633e-07,-0.0073661592
4.004633e-07,-0.0073769301
4.005633e-07,-0.0073805205
4.006633e-07,-0.007374776
4.007633e-07,-0.0073604148
4.008633e-07,-0.0073424632
4.009633e-07,-0.0073259478
4.010633e-07,-0.007315895
4.011633e-07,-0.0073137408
4.012633e-07,-0.0073194853
4.013633e-07,-0.0073288201
4.014633e-07,-0.0073388729
4.015633e-07,-0.0073438994
4.016633e-07,-0.0073424632
4.017633e-07,-0.0073316923
4.018633e-07,-0.0073130227
4.019633e-07,-0.0072878906
4.020633e-07,-0.0072620404
4.021633e-07,-0.0072412167
4.022633e-07,-0.0072318819
4.023633e-07,-0.0072354722
4.024633e-07,-0.0072505515
4.025633e-07,-0.0072699391
4.026633e-07,-0.0072850184
4.027633e-07,-0.0072871726
4.028633e-07,-0.0072735294
4.029633e-07,-0.0072469612
4.030633e-07,-0.0072160846
4.031633e-07,-0.0071916705
4.032633e-07,-0.0071816176
4.033633e-07,-0.0071873621
4.034633e-07,-0.0072045956
4.035633e-07,-0.0072247013
4.036633e-07,-0.0072390625
4.037633e-07,-0.0072426528
4.038633e-07,-0.0072361903
4.039633e-07,-0.0072254193
4.040633e-07,-0.0072160846
4.041633e-07,-0.0072132123
4.042633e-07,-0.0072168026
4.043633e-07,-0.0072232652
4.044633e-07,-0.0072275735
4.045633e-07,-0.0072275735
4.046633e-07,-0.0072225471
4.047633e-07,-0.0072175207
4.048633e-07,-0.0072160846
4.049633e-07,-0.007221111
4.050633e-07,-0.007233318
4.051633e-07,-0.0072483973
4.052633e-07,-0.0072620404
4.053633e-07,-0.0072713752
4.054633e-07,-0.0072749655
4.055633e-07,-0.0072749655
4.056633e-07,-0.0072735294
4.057633e-07,-0.0072728114
4.058633e-07,-0.0072728114
4.059633e-07,-0.0072735294
4.060633e-07,-0.0072735294
4.061633e-07,-0.0072735294
4.062633e-07,-0.0072764017
4.063633e-07,-0.0072835823
4.064633e-07,-0.0072965074
4.065633e-07,-0.0073130227
4.066633e-07,-0.0073295381
4.067633e-07,-0.0073403091
4.068633e-07,-0.0073424632
4.069633e-07,-0.0073360007
4.070633e-07,-0.0073245117
4.071633e-07,-0.0073137408
4.072633e-07,-0.0073079963
4.073633e-07,-0.0073087144
4.074633e-07,-0.0073130227
4.075633e-07,-0.0073180492
4.076633e-07,-0.0073194853
4.077633e-07,-0.0073180492
4.078633e-07,-0.0073151769
4.079633e-07,-0.0073144589
4.080633e-07,-0.0073194853
4.081633e-07,-0.007328102
4.082633e-07,-0.0073381549
4.083633e-07,-0.0073431813
4.084633e-07,-0.0073424632
4.085633e-07,-0.0073360007
4.086633e-07,-0.0073295381
4.087633e-07,-0.0073266659
4.088633e-07,-0.0073309743
4.089633e-07,-0.0073403091
4.090633e-07,-0.0073496438
4.091633e-07,-0.00735108
4.092633e-07,-0.0073424632
4.093633e-07,-0.0073245117
4.094633e-07,-0.007304406
4.095633e-07,-0.0072893267
4.096633e-07,-0.0072850184
4.097633e-07,-0.0072907629
4.098633e-07,-0.0072993796
4.099633e-07,-0.0073029699
4.100633e-07,-0.0072965074
4.101633e-07,-0.007279992
4.102633e-07,-0.0072606043
4.103633e-07,-0.0072483973
4.104633e-07,-0.0072505515
4.105633e-07,-0.0072670669
4.106633e-07,-0.0072914809
4.107633e-07,-0.0073123047
4.108633e-07,-0.0073194853
4.109633e-07,-0.0073108686
4.110633e-07,-0.0072914809
4.111633e-07,-0.0072720933
4.112633e-07,-0.0072620404
4.113633e-07,-0.0072656307
4.114633e-07,-0.00728071
4.115633e-07,-0.0072979435
4.116633e-07,-0.0073079963
4.117633e-07,-0.0073072783
4.118633e-07,-0.0072979435
4.119633e-07,-0.0072878906
4.120633e-07,-0.0072850184
4.121633e-07,-0.0072936351
4.122633e-07,-0.0073108686
4.123633e-07,-0.0073302562
4.124633e-07,-0.0073424632
4.125633e-07,-0.0073446174
4.126633e-07,-0.0073381549
4.127633e-07,-0.0073316923
4.128633e-07,-0.0073309743
4.129633e-07,-0.0073410271
4.130633e-07,-0.0073582606
4.131633e-07,-0.0073769301
4.132633e-07,-0.0073884191
4.133633e-07,-0.0073891372
4.134633e-07,-0.0073812385
4.135633e-07,-0.0073711857
4.136633e-07,-0.0073654412
4.137633e-07,-0.0073675954
4.138633e-07,-0.007375494
4.139633e-07,-0.0073848288
4.140633e-07,-0.0073884191
4.141633e-07,-0.0073848288
4.142633e-07,-0.0073762121
4.143633e-07,-0.0073683134
4.144633e-07,-0.0073654412
4.145633e-07,-0.0073690315
4.146633e-07,-0.007374776
4.147633e-07,-0.007375494
4.148633e-07,-0.0073654412
4.149633e-07,-0.0073453355
4.150633e-07,-0.0073216395
4.151633e-07,-0.0073029699
4.152633e-07,-0.0072965074
4.153633e-07,-0.007304406
4.154633e-07,-0.0073209214
4.155633e-07,-0.0073367187
4.156633e-07,-0.0073424632
4.157633e-07,-0.0073345646
4.158633e-07,-0.0073173311
4.159633e-07,-0.0072979435
4.160633e-07,-0.0072850184
4.161633e-07,-0.00728071
4.162633e-07,-0.0072828642
4.163633e-07,-0.0072821461
4.164633e-07,-0.0072735294
4.165633e-07,-0.0072548598
4.166633e-07,-0.0072318819
4.167633e-07,-0.0072124943
4.168633e-07,-0.0072045956
4.169633e-07,-0.007208904
4.170633e-07,-0.0072203929
4.171633e-07,-0.0072290097
4.172633e-07,-0.0072275735
4.173633e-07,-0.0072139304
4.174633e-07,-0.0071931066
4.175633e-07,-0.0071758732
4.176633e-07,-0.0071701287
4.177633e-07,-0.0071787454
4.178633e-07,-0.0071952608
4.179633e-07,-0.0072110581
4.180633e-07,-0.0072160846
4.181633e-07,-0.0072074678
4.182633e-07,-0.0071909524
4.183633e-07,-0.0071751551
4.184633e-07,-0.0071701287
4.185633e-07,-0.0071780273
4.186633e-07,-0.0071931066
4.187633e-07,-0.0072053136
4.188633e-07,-0.0072045956
4.189633e-07,-0.0071887983
4.190633e-07,-0.0071643842
4.191633e-07,-0.0071428424
4.192633e-07,-0.0071356618
4.193633e-07,-0.0071464327
4.194633e-07,-0.0071715648
4.195633e-07,-0.0071988511
4.196633e-07,-0.0072160846
4.197633e-07,-0.0072182387
4.198633e-07,-0.0072081859
4.199633e-07,-0.0071966969
4.200633e-07,-0.0071931066
4.201633e-07,-0.0072038775
4.202633e-07,-0.0072261374
4.203633e-07,-0.0072491153
4.204633e-07,-0.0072620404
4.205633e-07,-0.0072577321
4.206633e-07,-0.0072383444
4.207633e-07,-0.0072132123
4.208633e-07,-0.0071931066
4.209633e-07,-0.0071866441
4.210633e-07,-0.0071931066
4.211633e-07,-0.0072060317
4.212633e-07,-0.0072160846
4.213633e-07,-0.0072168026
4.214633e-07,-0.0072074678
4.215633e-07,-0.0071931066
4.216633e-07,-0.0071816176
4.217633e-07,-0.0071773093
4.218633e-07,-0.0071808996
4.219633e-07,-0.0071880802
4.220633e-07,-0.0071931066
4.221633e-07,-0.0071931066
4.222633e-07,-0.0071909524
4.223633e-07,-0.0071895163
4.224633e-07,-0.0071931066
4.225633e-07,-0.0072024414
4.226633e-07,-0.0072139304
4.227633e-07,-0.0072196749
4.228633e-07,-0.0072160846
4.229633e-07,-0.0072038775
4.230633e-07,-0.0071902344
4.231633e-07,-0.0071844899
4.232633e-07,-0.0071931066
4.233633e-07,-0.0072153665
4.234633e-07,-0.0072419347
4.235633e-07,-0.0072613224
4.236633e-07,-0.0072620404
4.237633e-07,-0.0072419347
4.238633e-07,-0.007208904
4.239633e-07,-0.0071765912
4.240633e-07,-0.0071586397
4.241633e-07,-0.0071607939
4.242633e-07,-0.0071794635
4.243633e-07,-0.0072024414
4.244633e-07,-0.0072160846
4.245633e-07,-0.0072110581
4.246633e-07,-0.0071895163
4.247633e-07,-0.0071600758
4.248633e-07,-0.0071356618
4.249633e-07,-0.0071256089
4.250633e-07,-0.0071313534
4.251633e-07,-0.0071464327
4.252633e-07,-0.0071586397
4.253633e-07,-0.0071607939
4.254633e-07,-0.007150023
4.255633e-07,-0.0071313534
4.256633e-07,-0.0071126838
4.257633e-07,-0.0071011949
4.258633e-07,-0.0070990407
4.259633e-07,-0.0071011949
4.260633e-07,-0.0071011949
4.261633e-07,-0.0070940142
4.262633e-07,-0.0070782169
4.263633e-07,-0.0070595473
4.264633e-07,-0.00704375
4.265633e-07,-0.0070372875
4.266633e-07,-0.0070394416
4.267633e-07,-0.0070480584
4.268633e-07,-0.007055239
4.269633e-07,-0.0070573932
4.270633e-07,-0.0070530848
4.271633e-07,-0.0070466222
4.272633e-07,-0.00704375
4.273633e-07,-0.0070487764
4.274633e-07,-0.0070617015
4.275633e-07,-0.0070810892
4.276633e-07,-0.0071011949
4.277633e-07,-0.0071184283
4.278633e-07,-0.0071327895
4.279633e-07,-0.0071457146
4.280633e-07,-0.0071586397
4.281633e-07,-0.0071730009
4.282633e-07,-0.0071866441
4.283633e-07,-0.0071938247
4.284633e-07,-0.0071931066
4.285633e-07,-0.0071837718
4.286633e-07,-0.0071701287
4.287633e-07,-0.0071600758
4.288633e-07,-0.0071586397
4.289633e-07,-0.0071686926
4.290633e-07,-0.0071866441
4.291633e-07,-0.0072053136
4.292633e-07,-0.0072160846
4.293633e-07,-0.0072153665
4.294633e-07,-0.0072053136
4.295633e-07,-0.0071909524
4.296633e-07,-0.0071816176
4.297633e-07,-0.0071808996
4.298633e-07,-0.0071887983
4.299633e-07,-0.0071988511
4.300633e-07,-0.0072045956
4.301633e-07,-0.0071995692
4.302633e-07,-0.0071830538
4.303633e-07,-0.0071593578
4.304633e-07,-0.0071356618
4.305633e-07,-0.0071184283
4.306633e-07,-0.0071119658
4.307633e-07,-0.007114838
4.308633e-07,-0.0071241728
4.309633e-07,-0.0071349437
4.310633e-07,-0.0071449966
4.311633e-07,-0.0071528952
4.312633e-07,-0.0071586397
4.313633e-07,-0.0071629481
4.314633e-07,-0.0071665384
4.315633e-07,-0.0071686926
4.316633e-07,-0.0071701287
4.317633e-07,-0.0071722829
4.318633e-07,-0.0071780273
4.319633e-07,-0.0071887983
4.320633e-07,-0.0072045956
4.321633e-07,-0.0072232652
4.322633e-07,-0.0072397806
4.323633e-07,-0.0072491153
4.324633e-07,-0.0072505515
4.325633e-07,-0.007245525
4.326633e-07,-0.0072397806
4.327633e-07,-0.0072369083
4.328633e-07,-0.0072390625
4.329633e-07,-0.007244807
4.330633e-07,-0.0072476792
4.331633e-07,-0.0072426528
4.332633e-07,-0.0072275735
4.333633e-07,-0.0072067498
4.334633e-07,-0.0071873621
4.335633e-07,-0.0071780273
4.336633e-07,-0.0071816176
4.337633e-07,-0.0071952608
4.338633e-07,-0.0072103401
4.339633e-07,-0.0072160846
4.340633e-07,-0.0072045956
4.341633e-07,-0.0071765912
4.342633e-07,-0.0071399701
4.343633e-07,-0.0071040671
4.344633e-07,-0.0070782169
4.345633e-07,-0.0070652918
4.346633e-07,-0.0070617015
4.347633e-07,-0.0070602654
4.348633e-07,-0.007055239
4.349633e-07,-0.0070451861
4.350633e-07,-0.0070351333
4.351633e-07,-0.0070293888
4.352633e-07,-0.007032261
4.353633e-07,-0.0070408778
4.354633e-07,-0.0070473403
4.355633e-07,-0.0070415958
4.356633e-07,-0.0070207721
4.357633e-07,-0.0069877413
4.358633e-07,-0.0069547105
4.359633e-07,-0.0069353228
4.360633e-07,-0.0069403493
4.361633e-07,-0.0069683536
4.362633e-07,-0.0070100011
4.363633e-07,-0.0070473403
4.364633e-07,-0.0070667279
4.365633e-07,-0.0070631376
4.366633e-07,-0.0070430319
4.367633e-07,-0.007020054
4.368633e-07,-0.0070092831
4.369633e-07,-0.0070178998
4.370633e-07,-0.00704375
4.371633e-07,-0.0070753447
4.372633e-07,-0.0071011949
4.373633e-07,-0.0071134019
4.374633e-07,-0.0071134019
4.375633e-07,-0.0071098116
4.376633e-07,-0.0071126838
4.377633e-07,-0.0071284812
4.378633e-07,-0.0071557675
4.379633e-07,-0.0071844899
4.380633e-07,-0.0072045956
4.381633e-07,-0.007208904
4.382633e-07,-0.007198133
4.383633e-07,-0.0071823357
4.384633e-07,-0.0071701287
4.385633e-07,-0.0071701287
4.386633e-07,-0.0071830538
4.387633e-07,-0.0072010053
4.388633e-07,-0.0072160846
4.389633e-07,-0.007221111
4.390633e-07,-0.0072153665
4.391633e-07,-0.0072038775
4.392633e-07,-0.0071931066
4.393633e-07,-0.0071880802
4.394633e-07,-0.0071887983
4.395633e-07,-0.0071887983
4.396633e-07,-0.0071816176
4.397633e-07,-0.0071643842
4.398633e-07,-0.007138534
4.399633e-07,-0.0071112477
4.400633e-07,-0.0070897059
4.401633e-07,-0.0070782169
4.402633e-07,-0.0070767808
4.403633e-07,-0.007078935
4.404633e-07,-0.0070782169
4.405633e-07,-0.0070717544
4.406633e-07,-0.0070595473
4.407633e-07,-0.0070487764
4.408633e-07,-0.00704375
4.409633e-07,-0.0070473403
4.410633e-07,-0.0070566751
4.411633e-07,-0.0070652918
4.412633e-07,-0.0070667279
4.413633e-07,-0.0070588293
4.414633e-07,-0.00704375
4.415633e-07,-0.0070286707
4.416633e-07,-0.0070207721
4.417633e-07,-0.0070222082
4.418633e-07,-0.007031543
4.419633e-07,-0.0070401597
4.420633e-07,-0.00704375
4.421633e-07,-0.0070387236
4.422633e-07,-0.0070286707
4.423633e-07,-0.0070207721
4.424633e-07,-0.0070207721
4.425633e-07,-0.007031543
4.426633e-07,-0.0070480584
4.427633e-07,-0.0070624196
4.428633e-07,-0.0070667279
4.429633e-07,-0.0070581112
4.430633e-07,-0.0070401597
4.431633e-07,-0.0070207721
4.432633e-07,-0.0070092831
4.433633e-07,-0.0070092831
4.434633e-07,-0.007020054
4.435633e-07,-0.0070336972
4.436633e-07,-0.00704375
4.437633e-07,-0.0070459042
4.438633e-07,-0.0070408778
4.439633e-07,-0.0070344152
4.440633e-07,-0.007032261
4.441633e-07,-0.0070372875
4.442633e-07,-0.0070466222
4.443633e-07,-0.0070545209
4.444633e-07,-0.007055239
4.445633e-07,-0.0070473403
4.446633e-07,-0.0070344152
4.447633e-07,-0.0070236443
4.448633e-07,-0.0070207721
4.449633e-07,-0.0070279527
4.450633e-07,-0.0070408778
4.451633e-07,-0.0070523667
4.452633e-07,-0.007055239
4.453633e-07,-0.0070466222
4.454633e-07,-0.0070308249
4.455633e-07,-0.0070157456
4.456633e-07,-0.0070092831
4.457633e-07,-0.0070150276
4.458633e-07,-0.0070293888
4.459633e-07,-0.0070451861
4.460633e-07,-0.007055239
4.461633e-07,-0.007055957
4.462633e-07,-0.0070494945
4.463633e-07,-0.0070430319
4.464633e-07,-0.00704375
4.465633e-07,-0.0070538028
4.466633e-07,-0.0070717544
4.467633e-07,-0.0070897059
4.468633e-07,-0.0071011949
4.469633e-07,-0.0071040671
4.470633e-07,-0.0070990407
4.471633e-07,-0.0070925781
4.472633e-07,-0.0070897059
4.473633e-07,-0.0070904239
4.474633e-07,-0.007091142
4.475633e-07,-0.0070846795
4.476633e-07,-0.0070667279
4.477633e-07,-0.0070387236
4.478633e-07,-0.0070071289
4.479633e-07,-0.0069834329
4.480633e-07,-0.0069748162
4.481633e-07,-0.006984151
4.482633e-07,-0.0070035386
4.483633e-07,-0.0070236443
4.484633e-07,-0.007032261
4.485633e-07,-0.0070243624
4.486633e-07,-0.0070021025
4.487633e-07,-0.0069748162
4.488633e-07,-0.0069518382
4.489633e-07,-0.0069381951
4.490633e-07,-0.0069338867
4.491633e-07,-0.0069324506
4.492633e-07,-0.0069288603
4.493633e-07,-0.0069202436
4.494633e-07,-0.0069094727
4.495633e-07,-0.0069030101
4.496633e-07,-0.0069058824
4.497633e-07,-0.0069195255
4.498633e-07,-0.0069396312
4.499633e-07,-0.0069568647
4.500633e-07,-0.0069633272
4.501633e-07,-0.0069568647
4.502633e-07,-0.0069417854
4.503633e-07,-0.0069259881
4.504633e-07,-0.0069173713
4.505633e-07,-0.0069188074
4.506633e-07,-0.0069281422
4.507633e-07,-0.006937477
4.508633e-07,-0.0069403493
4.509633e-07,-0.0069360409
4.510633e-07,-0.0069281422
4.511633e-07,-0.0069238339
4.512633e-07,-0.0069288603
4.513633e-07,-0.0069446576
4.514633e-07,-0.0069640453
4.515633e-07,-0.0069805607
4.516633e-07,-0.0069863051
4.517633e-07,-0.0069812787
4.518633e-07,-0.0069719439
4.519633e-07,-0.0069676356
4.520633e-07,-0.0069748162
4.521633e-07,-0.0069934858
4.522633e-07,-0.0070157456
4.523633e-07,-0.007031543
4.524633e-07,-0.007032261
4.525633e-07,-0.0070186179
4.526633e-07,-0.0069999483
4.527633e-07,-0.0069898955
4.528633e-07,-0.0069977941
4.529633e-07,-0.0070265165
4.530633e-07,-0.0070688821
4.531633e-07,-0.0071090935
4.532633e-07,-0.0071356618
4.533633e-07,-0.0071421243
4.534633e-07,-0.0071349437
4.535633e-07,-0.0071248909
4.536633e-07,-0.0071241728
4.537633e-07,-0.0071392521
4.538633e-07,-0.0071651023
4.539633e-07,-0.0071902344
4.540633e-07,-0.0072045956
4.541633e-07,-0.0072017233
4.542633e-07,-0.0071873621
4.543633e-07,-0.0071722829
4.544633e-07,-0.0071701287
4.545633e-07,-0.007185926
4.546633e-07,-0.0072168026
4.547633e-07,-0.0072505515
4.548633e-07,-0.0072735294
4.549633e-07,-0.0072771197
4.550633e-07,-0.0072634766
4.551633e-07,-0.0072426528
4.552633e-07,-0.0072275735
4.553633e-07,-0.0072275735
4.554633e-07,-0.0072426528
4.555633e-07,-0.0072656307
4.556633e-07,-0.0072850184
4.557633e-07,-0.0072907629
4.558633e-07,-0.0072814281
4.559633e-07,-0.0072613224
4.560633e-07,-0.0072390625
4.561633e-07,-0.0072225471
4.562633e-07,-0.0072132123
4.563633e-07,-0.007208904
4.564633e-07,-0.0072045956
4.565633e-07,-0.0071966969
4.566633e-07,-0.0071873621
4.567633e-07,-0.0071801815
4.568633e-07,-0.0071816176
4.569633e-07,-0.0071923886
4.570633e-07,-0.007208904
4.571633e-07,-0.0072232652
4.572633e-07,-0.0072275735
4.573633e-07,-0.0072182387
4.574633e-07,-0.0071995692
4.575633e-07,-0.0071801815
4.576633e-07,-0.0071701287
4.577633e-07,-0.007174437
4.578633e-07,-0.0071923886
4.579633e-07,-0.0072168026
4.580633e-07,-0.0072390625
4.581633e-07,-0.0072541418
4.582633e-07,-0.0072613224
4.583633e-07,-0.0072656307
4.584633e-07,-0.0072735294
4.585633e-07,-0.0072871726
4.586633e-07,-0.0073058421
4.587633e-07,-0.0073223575
4.588633e-07,-0.0073309743
4.589633e-07,-0.0073288201
4.590633e-07,-0.0073173311
4.591633e-07,-0.007304406
4.592633e-07,-0.0072965074
4.593633e-07,-0.0072979435
4.594633e-07,-0.0073072783
4.595633e-07,-0.0073202034
4.596633e-07,-0.0073309743
4.597633e-07,-0.0073374368
4.598633e-07,-0.0073424632
4.599633e-07,-0.0073503619
4.600633e-07,-0.0073654412
4.601633e-07,-0.007386983
4.602633e-07,-0.0074099609
4.603633e-07,-0.0074236041
4.604633e-07,-0.007422886
4.605633e-07,-0.0074049345
4.606633e-07,-0.0073769301
4.607633e-07,-0.0073482077
4.608633e-07,-0.0073309743
4.609633e-07,-0.0073295381
4.610633e-07,-0.0073424632
4.611633e-07,-0.0073611328
4.612633e-07,-0.0073769301
4.613633e-07,-0.0073826746
4.614633e-07,-0.0073798024
4.615633e-07,-0.0073711857
4.616633e-07,-0.0073654412
4.617633e-07,-0.0073654412
4.618633e-07,-0.0073704676
4.619633e-07,-0.0073762121
4.620633e-07,-0.0073769301
4.621633e-07,-0.0073719037
4.622633e-07,-0.0073640051
4.623633e-07,-0.0073596967
4.624633e-07,-0.0073654412
4.625633e-07,-0.0073826746
4.626633e-07,-0.0074056526
4.627633e-07,-0.0074264763
4.628633e-07,-0.007434375
4.629633e-07,-0.0074264763
4.630633e-07,-0.0074056526
4.631633e-07,-0.0073819566
4.632633e-07,-0.0073654412
4.633633e-07,-0.007363287
4.634633e-07,-0.007375494
4.635633e-07,-0.0073941636
4.636633e-07,-0.0074113971
4.637633e-07,-0.0074178596
4.638633e-07,-0.0074113971
4.639633e-07,-0.0073955997
4.640633e-07,-0.0073769301
4.641633e-07,-0.0073618509
4.642633e-07,-0.0073539522
4.643633e-07,-0.0073525161
4.644633e-07,-0.0073539522
4.645633e-07,-0.0073553883
4.646633e-07,-0.0073568244
4.647633e-07,-0.0073596967
4.648633e-07,-0.0073654412
4.649633e-07,-0.007375494
4.650633e-07,-0.0073884191
4.651633e-07,-0.0074013442
4.652633e-07,-0.0074113971
4.653633e-07,-0.0074185777
4.654633e-07,-0.0074250402
4.655633e-07,-0.0074336569
4.656633e-07,-0.007445864
4.657633e-07,-0.0074609432
4.658633e-07,-0.0074745864
4.659633e-07,-0.007481767
4.660633e-07,-0.0074803309
4.661633e-07,-0.0074717142
4.662633e-07,-0.0074630974
4.663633e-07,-0.0074602252
4.664633e-07,-0.0074688419
4.665633e-07,-0.0074860754
4.666633e-07,-0.007505463
4.667633e-07,-0.00751767
4.668633e-07,-0.0075147978
4.669633e-07,-0.0074968463
4.670633e-07,-0.0074688419
4.671633e-07,-0.0074415556
4.672633e-07,-0.007422886
4.673633e-07,-0.0074157054
4.674633e-07,-0.0074171415
4.675633e-07,-0.0074185777
4.676633e-07,-0.0074113971
4.677633e-07,-0.0073934455
4.678633e-07,-0.0073690315
4.679633e-07,-0.0073453355
4.680633e-07,-0.0073309743
4.681633e-07,-0.0073295381
4.682633e-07,-0.0073381549
4.683633e-07,-0.0073489258
4.684633e-07,-0.0073539522
4.685633e-07,-0.0073496438
4.686633e-07,-0.0073381549
4.687633e-07,-0.0073252298
4.688633e-07,-0.0073194853
4.689633e-07,-0.0073230756
4.690633e-07,-0.0073352826
4.691633e-07,-0.0073474897
4.692633e-07,-0.0073539522
4.693633e-07,-0.0073503619
4.694633e-07,-0.0073388729
4.695633e-07,-0.0073266659
4.696633e-07,-0.0073194853
4.697633e-07,-0.0073223575
4.698633e-07,-0.0073331284
4.699633e-07,-0.0073460535
4.700633e-07,-0.0073539522
4.701633e-07,-0.0073525161
4.702633e-07,-0.0073431813
4.703633e-07,-0.0073302562
4.704633e-07,-0.0073194853
4.705633e-07,-0.0073151769
4.706633e-07,-0.0073166131
4.707633e-07,-0.0073194853
4.708633e-07,-0.0073194853
4.709633e-07,-0.007315895
4.710633e-07,-0.0073094324
4.711633e-07,-0.0073058421
4.712633e-07,-0.0073079963
4.713633e-07,-0.007315895
4.714633e-07,-0.0073259478
4.715633e-07,-0.0073324104
4.716633e-07,-0.0073309743
4.717633e-07,-0.0073209214
4.718633e-07,-0.0073072783
4.719633e-07,-0.0072979435
4.720633e-07,-0.0072965074
4.721633e-07,-0.007304406
4.722633e-07,-0.0073151769
4.723633e-07,-0.0073223575
4.724633e-07,-0.0073194853
4.725633e-07,-0.0073065602
4.726633e-07,-0.0072907629
4.727633e-07,-0.0072814281
4.728633e-07,-0.0072850184
4.729633e-07,-0.0073029699
4.730633e-07,-0.0073288201
4.731633e-07,-0.0073489258
4.732633e-07,-0.0073539522
4.733633e-07,-0.0073388729
4.734633e-07,-0.0073087144
4.735633e-07,-0.0072749655
4.736633e-07,-0.0072505515
4.737633e-07,-0.0072440889
4.738633e-07,-0.0072555779
4.739633e-07,-0.0072764017
4.740633e-07,-0.0072965074
4.741633e-07,-0.0073051241
4.742633e-07,-0.0072986615
4.743633e-07,-0.0072785558
4.744633e-07,-0.0072505515
4.745633e-07,-0.0072196749
4.746633e-07,-0.0071887983
4.747633e-07,-0.0071572036
4.748633e-07,-0.0071241728
4.749633e-07,-0.0070904239
4.750633e-07,-0.0070573932
4.751633e-07,-0.0070301068
4.752633e-07,-0.0070092831
4.753633e-07,-0.0069913316
4.754633e-07,-0.0069697898
4.755633e-07,-0.0069353228
4.756633e-07,-0.0068829044
4.757633e-07,-0.0068132525
4.758633e-07,-0.0067342659
4.759633e-07,-0.0066581514
4.760633e-07,-0.0065956801
4.761633e-07,-0.0065511604
4.762633e-07,-0.0065195657
4.763633e-07,-0.0064922794
4.764633e-07,-0.0064578125
4.765633e-07,-0.0064097024
4.766633e-07,-0.0063486673
4.767633e-07,-0.0062818876
4.768633e-07,-0.0062165441
4.769633e-07,-0.0061590993
4.770633e-07,-0.0061102711
4.771633e-07,-0.0060664694
4.772633e-07,-0.0060212316
4.773633e-07,-0.0059731216
4.774633e-07,-0.0059228573
4.775633e-07,-0.0058761834
4.776633e-07,-0.0058374081
4.777633e-07,-0.0058072495
4.778633e-07,-0.0057813994
4.779633e-07,-0.0057519589
4.780633e-07,-0.0057110294
4.781633e-07,-0.0056571749
4.782633e-07,-0.0055939855
4.783633e-07,-0.0055322323
4.784633e-07,-0.00548125
4.785633e-07,-0.0054482192
4.786633e-07,-0.0054324219
4.787633e-07,-0.0054273955
4.788633e-07,-0.0054238051
4.789633e-07,-0.0054151884
4.790633e-07,-0.0053972369
4.791633e-07,-0.0053721048
4.792633e-07,-0.0053433824
4.793633e-07,-0.0053139419
4.794633e-07,-0.0052852194
4.795633e-07,-0.005256497
4.796633e-07,-0.0052284926
4.797633e-07,-0.0052026425
4.798633e-07,-0.0051825368
4.799633e-07,-0.0051717659
4.800633e-07,-0.0051710478
4.801633e-07,-0.0051753562
4.802633e-07,-0.0051775103
4.803633e-07,-0.0051696117
4.804633e-07,-0.0051480699
4.805633e-07,-0.0051171932
4.806633e-07,-0.0050863166
4.807633e-07,-0.0050676471
4.808633e-07,-0.0050676471
4.809633e-07,-0.0050863166
4.810633e-07,-0.005114321
4.811633e-07,-0.0051387351
4.812633e-07,-0.0051480699
4.813633e-07,-0.0051394531
4.814633e-07,-0.0051193474
4.815633e-07,-0.0050992417
4.816633e-07,-0.005090625
4.817633e-07,-0.0050992417
4.818633e-07,-0.0051207835
4.819633e-07,-0.0051451976
4.820633e-07,-0.0051595588
4.821633e-07,-0.0051574046
4.822633e-07,-0.0051394531
4.823633e-07,-0.005114321
4.824633e-07,-0.005090625
4.825633e-07,-0.0050755457
4.826633e-07,-0.0050683651
4.827633e-07,-0.0050647748
4.828633e-07,-0.0050561581
4.829633e-07,-0.0050396427
4.830633e-07,-0.0050181009
4.831633e-07,-0.0049979952
4.832633e-07,-0.0049872243
4.833633e-07,-0.0049886604
4.834633e-07,-0.0049994313
4.835633e-07,-0.0050102022
4.836633e-07,-0.0050102022
4.837633e-07,-0.0049944049
4.838633e-07,-0.0049635283
4.839633e-07,-0.0049269072
4.840633e-07,-0.0048953125
4.841633e-07,-0.0048766429
4.842633e-07,-0.0048723346
4.843633e-07,-0.004877361
4.844633e-07,-0.0048838235
4.845633e-07,-0.0048838235
4.846633e-07,-0.0048759249
4.847633e-07,-0.0048622817
4.848633e-07,-0.0048493566
4.849633e-07,-0.0048428941
4.850633e-07,-0.0048450483
4.851633e-07,-0.0048522289
4.852633e-07,-0.0048608456
4.853633e-07,-0.0048665901
4.854633e-07,-0.0048687443
4.855633e-07,-0.0048694623
4.856633e-07,-0.0048723346
4.857633e-07,-0.0048802332
4.858633e-07,-0.0048931583
4.859633e-07,-0.0049068015
4.860633e-07,-0.0049182904
4.861633e-07,-0.004924753
4.862633e-07,-0.0049261891
4.863633e-07,-0.0049269072
4.864633e-07,-0.0049297794
4.865633e-07,-0.0049348058
4.866633e-07,-0.0049412684
4.867633e-07,-0.0049441406
4.868633e-07,-0.0049412684
4.869633e-07,-0.0049319336
4.870633e-07,-0.0049197266
4.871633e-07,-0.0049096737
4.872633e-07,-0.0049068015
4.873633e-07,-0.0049103918
4.874633e-07,-0.0049175724
4.875633e-07,-0.0049218807
4.876633e-07,-0.0049182904
4.877633e-07,-0.0049053653
4.878633e-07,-0.0048874138
4.879633e-07,-0.0048701804
4.880633e-07,-0.0048608456
4.881633e-07,-0.0048608456
4.882633e-07,-0.0048665901
4.883633e-07,-0.0048723346
4.884633e-07,-0.0048723346
4.885633e-07,-0.0048637178
4.886633e-07,-0.0048486386
4.887633e-07,-0.0048342773
4.888633e-07,-0.0048263787
4.889633e-07,-0.0048285329
4.890633e-07,-0.0048385857
4.891633e-07,-0.0048515108
4.892633e-07,-0.0048608456
4.893633e-07,-0.0048644359
4.894633e-07,-0.0048622817
4.895633e-07,-0.0048601275
4.896633e-07,-0.0048608456
4.897633e-07,-0.0048665901
4.898633e-07,-0.0048752068
4.899633e-07,-0.0048823874
4.900633e-07,-0.0048838235
4.901633e-07,-0.0048795152
4.902633e-07,-0.0048723346
4.903633e-07,-0.0048687443
4.904633e-07,-0.0048723346
4.905633e-07,-0.0048838235
4.906633e-07,-0.0048974667
4.907633e-07,-0.0049075195
4.908633e-07,-0.0049068015
4.909633e-07,-0.0048953125
4.910633e-07,-0.0048787971
4.911633e-07,-0.0048644359
4.912633e-07,-0.0048608456
4.913633e-07,-0.0048701804
4.914633e-07,-0.00488885
4.915633e-07,-0.0049075195
4.916633e-07,-0.0049182904
4.917633e-07,-0.0049168543
4.918633e-07,-0.0049060834
4.919633e-07,-0.0048917222
4.920633e-07,-0.0048838235
4.921633e-07,-0.0048859777
4.922633e-07,-0.0048989028
4.923633e-07,-0.0049154182
4.924633e-07,-0.0049297794
4.925633e-07,-0.00493696
4.926633e-07,-0.004936242
4.927633e-07,-0.0049319336
4.928633e-07,-0.0049297794
4.929633e-07,-0.0049326517
4.930633e-07,-0.0049405503
4.931633e-07,-0.004948449
4.932633e-07,-0.0049527574
4.933633e-07,-0.0049506032
4.934633e-07,-0.0049434226
4.935633e-07,-0.0049355239
4.936633e-07,-0.0049297794
4.937633e-07,-0.0049283433
4.938633e-07,-0.0049283433
4.939633e-07,-0.0049261891
4.940633e-07,-0.0049182904
4.941633e-07,-0.0049046473
4.942633e-07,-0.0048902861
4.943633e-07,-0.0048816693
4.944633e-07,-0.0048838235
4.945633e-07,-0.0048974667
4.946633e-07,-0.0049168543
4.947633e-07,-0.0049340878
4.948633e-07,-0.0049412684
4.949633e-07,-0.0049348058
4.950633e-07,-0.0049175724
4.951633e-07,-0.0048981847
4.952633e-07,-0.0048838235
4.953633e-07,-0.0048809513
4.954633e-07,-0.00488885
4.955633e-07,-0.0049032112
4.956633e-07,-0.0049182904
4.957633e-07,-0.0049297794
4.958633e-07,-0.0049376781
4.959633e-07,-0.0049441406
4.960633e-07,-0.0049527574
4.961633e-07,-0.0049628102
4.962633e-07,-0.0049714269
4.963633e-07,-0.0049728631
4.964633e-07,-0.0049642463
4.965633e-07,-0.0049455767
4.966633e-07,-0.0049218807
4.967633e-07,-0.0049024931
4.968633e-07,-0.0048953125
4.969633e-07,-0.0049024931
4.970633e-07,-0.0049218807
4.971633e-07,-0.0049448587
4.972633e-07,-0.0049642463
4.973633e-07,-0.0049750172
4.974633e-07,-0.0049786075
4.975633e-07,-0.0049807617
4.976633e-07,-0.0049872243
4.977633e-07,-0.0050008674
4.978633e-07,-0.0050209731
4.979633e-07,-0.0050410788
4.980633e-07,-0.0050561581
4.981633e-07,-0.0050633387
4.982633e-07,-0.0050640568
4.983633e-07,-0.0050633387
4.984633e-07,-0.0050676471
4.985633e-07,-0.0050798541
4.986633e-07,-0.0050985237
4.987633e-07,-0.0051186294
4.988633e-07,-0.0051365809
4.989633e-07,-0.005149506
4.990633e-07,-0.0051581227
4.991633e-07,-0.0051681756
4.992633e-07,-0.0051825368
4.993633e-07,-0.0052019244
4.994633e-07,-0.0052234662
4.995633e-07,-0.0052414177
4.996633e-07,-0.0052514706
4.997633e-07,-0.0052529067
4.998633e-07,-0.0052493164
4.999633e-07,-0.0052471622
5.000633e-07,-0.0052514706
5.001633e-07,-0.0052651137
5.002633e-07,-0.0052845014
5.003633e-07,-0.0053046071
5.004633e-07,-0.0053204044
5.005633e-07,-0.0053311753
5.006633e-07,-0.0053405101
5.007633e-07,-0.005351281
5.008633e-07,-0.0053663603
5.009633e-07,-0.0053843118
5.010633e-07,-0.005398673
5.011633e-07,-0.0054015453
5.012633e-07,-0.0053893382
5.013633e-07,-0.0053642061
5.014633e-07,-0.0053347656
5.015633e-07,-0.0053139419
5.016633e-07,-0.0053089154
5.017633e-07,-0.0053218405
5.018633e-07,-0.0053462546
5.019633e-07,-0.0053685145
5.020633e-07,-0.0053778493
5.021633e-07,-0.0053685145
5.022633e-07,-0.0053426643
5.023633e-07,-0.0053117877
5.024633e-07,-0.0052859375
5.025633e-07,-0.0052722943
5.026633e-07,-0.0052708582
5.027633e-07,-0.0052744485
5.028633e-07,-0.0052744485
5.029633e-07,-0.0052658318
5.030633e-07,-0.0052493164
5.031633e-07,-0.0052299288
5.032633e-07,-0.0052170037
5.033633e-07,-0.0052141314
5.034633e-07,-0.0052191579
5.035633e-07,-0.0052270565
5.036633e-07,-0.0052284926
5.037633e-07,-0.0052191579
5.038633e-07,-0.0051997702
5.039633e-07,-0.0051767923
5.040633e-07,-0.0051595588
5.041633e-07,-0.0051530963
5.042633e-07,-0.0051566866
5.043633e-07,-0.0051660214
5.044633e-07,-0.0051710478
5.045633e-07,-0.0051667394
5.046633e-07,-0.0051516602
5.047633e-07,-0.0051315545
5.048633e-07,-0.0051136029
5.049633e-07,-0.0051049862
5.050633e-07,-0.0051071404
5.051633e-07,-0.0051164752
5.052633e-07,-0.0051250919
5.053633e-07,-0.005126528
5.054633e-07,-0.0051164752
5.055633e-07,-0.0050992417
5.056633e-07,-0.005079136
5.057633e-07,-0.0050633387
5.058633e-07,-0.0050568761
5.059633e-07,-0.0050590303
5.060633e-07,-0.0050676471
5.061633e-07,-0.005078418
5.062633e-07,-0.0050899069
5.063633e-07,-0.0051013959
5.064633e-07,-0.0051136029
5.065633e-07,-0.0051286822
5.066633e-07,-0.0051451976
5.067633e-07,-0.0051602769
5.068633e-07,-0.0051710478
5.069633e-07,-0.00517392
5.070633e-07,-0.0051696117
5.071633e-07,-0.0051595588
5.072633e-07,-0.0051480699
5.073633e-07,-0.0051394531
5.074633e-07,-0.0051351448
5.075633e-07,-0.0051351448
5.076633e-07,-0.0051365809
5.077633e-07,-0.005138017
5.078633e-07,-0.0051401712
5.079633e-07,-0.0051423254
5.080633e-07,-0.0051480699
5.081633e-07,-0.0051574046
5.082633e-07,-0.0051703297
5.083633e-07,-0.0051832548
5.084633e-07,-0.0051940257
5.085633e-07,-0.0051997702
5.086633e-07,-0.0051997702
5.087633e-07,-0.005196898
5.088633e-07,-0.0051940257
5.089633e-07,-0.0051933077
5.090633e-07,-0.0051954619
5.091633e-07,-0.0051997702
5.092633e-07,-0.0052055147
5.093633e-07,-0.0052105411
5.094633e-07,-0.0052134134
5.095633e-07,-0.0052155676
5.096633e-07,-0.0052170037
5.097633e-07,-0.0052191579
5.098633e-07,-0.005221312
5.099633e-07,-0.0052249023
5.100633e-07,-0.0052284926
5.101633e-07,-0.005232801
5.102633e-07,-0.0052385455
5.103633e-07,-0.005245008
5.104633e-07,-0.0052514706
5.105633e-07,-0.0052550609
5.106633e-07,-0.0052521886
5.107633e-07,-0.0052435719
5.108633e-07,-0.0052284926
5.109633e-07,-0.0052119773
5.110633e-07,-0.0051983341
5.111633e-07,-0.0051918716
5.112633e-07,-0.0051940257
5.113633e-07,-0.0052026425
5.114633e-07,-0.0052119773
5.115633e-07,-0.0052177217
5.116633e-07,-0.0052170037
5.117633e-07,-0.0052105411
5.118633e-07,-0.0052012063
5.119633e-07,-0.0051954619
5.120633e-07,-0.0051940257
5.121633e-07,-0.0051961799
5.122633e-07,-0.005197616
5.123633e-07,-0.0051940257
5.124633e-07,-0.0051825368
5.125633e-07,-0.0051660214
5.126633e-07,-0.0051509421
5.127633e-07,-0.0051437615
5.128633e-07,-0.0051480699
5.129633e-07,-0.0051638672
5.130633e-07,-0.0051846909
5.131633e-07,-0.0052047966
5.132633e-07,-0.0052170037
5.133633e-07,-0.005221312
5.134633e-07,-0.005221312
5.135633e-07,-0.0052220301
5.136633e-07,-0.0052284926
5.137633e-07,-0.0052399816
5.138633e-07,-0.0052536248
5.139633e-07,-0.0052622415
5.140633e-07,-0.0052629596
5.141633e-07,-0.005256497
5.142633e-07,-0.0052500345
5.143633e-07,-0.0052500345
5.144633e-07,-0.0052629596
5.145633e-07,-0.0052888097
5.146633e-07,-0.0053211225
5.147633e-07,-0.0053498449
5.148633e-07,-0.0053663603
5.149633e-07,-0.0053677964
5.150633e-07,-0.0053591797
5.151633e-07,-0.0053476907
5.152633e-07,-0.0053433824
5.153633e-07,-0.005350563
5.154633e-07,-0.0053677964
5.155633e-07,-0.0053871841
5.156633e-07,-0.0054008272
5.157633e-07,-0.0054036994
5.158633e-07,-0.0053965188
5.159633e-07,-0.0053850299
5.160633e-07,-0.0053778493
5.161633e-07,-0.0053800034
5.162633e-07,-0.0053914924
5.163633e-07,-0.0054080078
5.164633e-07,-0.0054238051
5.165633e-07,-0.005433858
5.166633e-07,-0.0054374483
5.167633e-07,-0.0054360122
5.168633e-07,-0.0054352941
5.169633e-07,-0.0054367302
5.170633e-07,-0.0054410386
5.171633e-07,-0.005445347
5.172633e-07,-0.0054467831
5.173633e-07,-0.0054439108
5.174633e-07,-0.0054388844
5.175633e-07,-0.0054345761
5.176633e-07,-0.0054352941
5.177633e-07,-0.0054403205
5.178633e-07,-0.0054467831
5.179633e-07,-0.0054496553
5.180633e-07,-0.0054467831
5.181633e-07,-0.0054381664
5.182633e-07,-0.0054295496
5.183633e-07,-0.0054266774
5.184633e-07,-0.0054352941
5.185633e-07,-0.0054546818
5.186633e-07,-0.0054783778
5.187633e-07,-0.0054977654
5.188633e-07,-0.0055042279
5.189633e-07,-0.0054948932
5.190633e-07,-0.0054726333
5.191633e-07,-0.005446065
5.192633e-07,-0.0054238051
5.193633e-07,-0.0054123162
5.194633e-07,-0.0054108801
5.195633e-07,-0.0054166245
5.196633e-07,-0.0054238051
5.197633e-07,-0.0054281135
5.198633e-07,-0.0054288316
5.199633e-07,-0.0054302677
5.200633e-07,-0.0054352941
5.201633e-07,-0.005445347
5.202633e-07,-0.0054568359
5.203633e-07,-0.0054668888
5.204633e-07,-0.005469761
5.205633e-07,-0.0054647346
5.206633e-07,-0.0054539637
5.207633e-07,-0.0054424747
5.208633e-07,-0.0054352941
5.209633e-07,-0.005433858
5.210633e-07,-0.0054367302
5.211633e-07,-0.0054381664
5.212633e-07,-0.0054352941
5.213633e-07,-0.0054281135
5.214633e-07,-0.0054202148
5.215633e-07,-0.0054173426
5.216633e-07,-0.0054238051
5.217633e-07,-0.0054381664
5.218633e-07,-0.0054553998
5.219633e-07,-0.0054683249
5.220633e-07,-0.005469761
5.221633e-07,-0.0054597082
5.222633e-07,-0.0054439108
5.223633e-07,-0.0054295496
5.224633e-07,-0.0054238051
5.225633e-07,-0.0054288316
5.226633e-07,-0.0054410386
5.227633e-07,-0.0054525276
5.228633e-07,-0.0054582721
5.229633e-07,-0.0054561179
5.230633e-07,-0.0054496553
5.231633e-07,-0.0054482192
5.232633e-07,-0.0054582721
5.233633e-07,-0.0054805319
5.234633e-07,-0.0055092544
5.235633e-07,-0.0055358226
5.236633e-07,-0.0055501838
5.237633e-07,-0.0055480296
5.238633e-07,-0.0055336684
5.239633e-07,-0.0055157169
5.240633e-07,-0.0055042279
5.241633e-07,-0.005504946
5.242633e-07,-0.005517153
5.243633e-07,-0.0055351045
5.244633e-07,-0.0055501838
5.245633e-07,-0.0055573644
5.246633e-07,-0.0055559283
5.247633e-07,-0.0055516199
5.248633e-07,-0.0055501838
5.249633e-07,-0.0055552102
5.250633e-07,-0.0055659812
5.251633e-07,-0.0055781882
5.252633e-07,-0.0055846507
5.253633e-07,-0.0055832146
5.254633e-07,-0.0055738798
5.255633e-07,-0.0055609547
5.256633e-07,-0.0055501838
5.257633e-07,-0.0055437213
5.258633e-07,-0.005540131
5.259633e-07,-0.0055358226
5.260633e-07,-0.0055272059
5.261633e-07,-0.0055142808
5.262633e-07,-0.0055006376
5.263633e-07,-0.0054920209
5.264633e-07,-0.005492739
5.265633e-07,-0.0055020738
5.266633e-07,-0.0055157169
5.267633e-07,-0.0055264878
5.268633e-07,-0.0055272059
5.269633e-07,-0.005517153
5.270633e-07,-0.0055013557
5.271633e-07,-0.0054869945
5.272633e-07,-0.00548125
5.273633e-07,-0.0054855584
5.274633e-07,-0.0054956112
5.275633e-07,-0.0055042279
5.276633e-07,-0.0055042279
5.277633e-07,-0.005492739
5.278633e-07,-0.0054740694
5.279633e-07,-0.0054561179
5.280633e-07,-0.0054467831
5.281633e-07,-0.0054496553
5.282633e-07,-0.0054611443
5.283633e-07,-0.0054747875
5.284633e-07,-0.00548125
5.285633e-07,-0.0054776597
5.286633e-07,-0.0054661707
5.287633e-07,-0.0054532456
5.288633e-07,-0.0054467831
5.289633e-07,-0.0054503734
5.290633e-07,-0.0054632985
5.291633e-07,-0.0054790958
5.292633e-07,-0.005492739
5.293633e-07,-0.0054999196
5.294633e-07,-0.0055020738
5.295633e-07,-0.0055020738
5.296633e-07,-0.0055042279
5.297633e-07,-0.0055078182
5.298633e-07,-0.0055106905
5.299633e-07,-0.0055063821
5.300633e-07,-0.005492739
5.301633e-07,-0.0054719152
5.302633e-07,-0.0054518095
5.303633e-07,-0.0054417567
5.304633e-07,-0.0054467831
5.305633e-07,-0.0054668888
5.306633e-07,-0.0054941751
5.307633e-07,-0.0055178711
5.308633e-07,-0.0055272059
5.309633e-07,-0.0055200253
5.310633e-07,-0.0055013557
5.311633e-07,-0.00548125
5.312633e-07,-0.005469761
5.313633e-07,-0.0054711972
5.314633e-07,-0.0054826861
5.315633e-07,-0.0054963293
5.316633e-07,-0.0055042279
5.317633e-07,-0.0055020738
5.318633e-07,-0.005493457
5.319633e-07,-0.0054841222
5.320633e-07,-0.00548125
5.321633e-07,-0.0054884306
5.322633e-07,-0.0055020738
5.323633e-07,-0.005517153
5.324633e-07,-0.0055272059
5.325633e-07,-0.0055322323
5.326633e-07,-0.0055358226
5.327633e-07,-0.0055444393
5.328633e-07,-0.0055616728
5.329633e-07,-0.0055860869
5.330633e-07,-0.0056090648
5.331633e-07,-0.0056219899
5.332633e-07,-0.0056191176
5.333633e-07,-0.0056018842
5.334633e-07,-0.0055803424
5.335633e-07,-0.0055674173
5.336633e-07,-0.0055731618
5.337633e-07,-0.0055982939
5.338633e-07,-0.0056341969
5.339633e-07,-0.0056679458
5.340633e-07,-0.0056880515
5.341633e-07,-0.0056902057
5.342633e-07,-0.0056794347
5.343633e-07,-0.0056679458
5.344633e-07,-0.0056650735
5.345633e-07,-0.0056751264
5.346633e-07,-0.0056930779
5.347633e-07,-0.0057081572
5.348633e-07,-0.0057110294
5.349633e-07,-0.0056988224
5.350633e-07,-0.0056772806
5.351633e-07,-0.005658611
5.352633e-07,-0.0056535846
5.353633e-07,-0.0056650735
5.354633e-07,-0.0056866153
5.355633e-07,-0.005706003
5.356633e-07,-0.0057110294
5.357633e-07,-0.0056966682
5.358633e-07,-0.0056693819
5.359633e-07,-0.0056428136
5.360633e-07,-0.0056306066
5.361633e-07,-0.0056399414
5.362633e-07,-0.0056665097
5.363633e-07,-0.0056988224
5.364633e-07,-0.0057225184
5.365633e-07,-0.0057282629
5.366633e-07,-0.0057160558
5.367633e-07,-0.005694514
5.368633e-07,-0.0056765625
5.369633e-07,-0.0056693819
5.370633e-07,-0.0056744083
5.371633e-07,-0.0056837431
5.372633e-07,-0.0056880515
5.373633e-07,-0.0056808709
5.374633e-07,-0.0056636374
5.375633e-07,-0.0056442498
5.376633e-07,-0.0056306066
5.377633e-07,-0.0056298886
5.378633e-07,-0.0056399414
5.379633e-07,-0.0056550207
5.380633e-07,-0.0056650735
5.381633e-07,-0.0056643555
5.382633e-07,-0.0056543026
5.383633e-07,-0.0056399414
5.384633e-07,-0.0056306066
5.385633e-07,-0.0056291705
5.386633e-07,-0.0056341969
5.387633e-07,-0.0056377872
5.388633e-07,-0.0056306066
5.389633e-07,-0.0056090648
5.390633e-07,-0.0055767521
5.391633e-07,-0.0055422852
5.392633e-07,-0.0055157169
5.393633e-07,-0.0055035099
5.394633e-07,-0.0055056641
5.395633e-07,-0.0055128447
5.396633e-07,-0.0055157169
5.397633e-07,-0.0055078182
5.398633e-07,-0.0054884306
5.399633e-07,-0.0054654527
5.400633e-07,-0.0054467831
5.401633e-07,-0.0054410386
5.402633e-07,-0.0054482192
5.403633e-07,-0.0054647346
5.404633e-07,-0.00548125
5.405633e-07,-0.0054913028
5.406633e-07,-0.005492739
5.407633e-07,-0.0054877125
5.408633e-07,-0.00548125
5.409633e-07,-0.0054783778
5.410633e-07,-0.0054790958
5.411633e-07,-0.00548125
5.412633e-07,-0.00548125
5.413633e-07,-0.0054769416
5.414633e-07,-0.0054711972
5.415633e-07,-0.0054668888
5.416633e-07,-0.005469761
5.417633e-07,-0.0054805319
5.418633e-07,-0.0054963293
5.419633e-07,-0.0055099724
5.420633e-07,-0.0055157169
5.421633e-07,-0.0055099724
5.422633e-07,-0.0054963293
5.423633e-07,-0.0054805319
5.424633e-07,-0.005469761
5.425633e-07,-0.005469043
5.426633e-07,-0.0054783778
5.427633e-07,-0.0054920209
5.428633e-07,-0.0055042279
5.429633e-07,-0.0055099724
5.430633e-07,-0.0055099724
5.431633e-07,-0.0055063821
5.432633e-07,-0.0055042279
5.433633e-07,-0.005504946
5.434633e-07,-0.0055078182
5.435633e-07,-0.0055085363
5.436633e-07,-0.0055042279
5.437633e-07,-0.0054941751
5.438633e-07,-0.0054819681
5.439633e-07,-0.0054719152
5.440633e-07,-0.005469761
5.441633e-07,-0.0054762236
5.442633e-07,-0.0054884306
5.443633e-07,-0.0054992015
5.444633e-07,-0.0055042279
5.445633e-07,-0.0055006376
5.446633e-07,-0.0054913028
5.447633e-07,-0.0054834042
5.448633e-07,-0.00548125
5.449633e-07,-0.0054877125
5.450633e-07,-0.0054999196
5.451633e-07,-0.0055114085
5.452633e-07,-0.0055157169
5.453633e-07,-0.0055099724
5.454633e-07,-0.0054963293
5.455633e-07,-0.0054805319
5.456633e-07,-0.005469761
5.457633e-07,-0.0054676068
5.458633e-07,-0.0054719152
5.459633e-07,-0.0054783778
5.460633e-07,-0.00548125
5.461633e-07,-0.0054769416
5.462633e-07,-0.0054668888
5.463633e-07,-0.0054553998
5.464633e-07,-0.0054467831
5.465633e-07,-0.0054446289
5.466633e-07,-0.0054482192
5.467633e-07,-0.0054539637
5.468633e-07,-0.0054582721
5.469633e-07,-0.0054604262
5.470633e-07,-0.0054611443
5.471633e-07,-0.0054632985
5.472633e-07,-0.005469761
5.473633e-07,-0.0054790958
5.474633e-07,-0.0054869945
5.475633e-07,-0.0054884306
5.476633e-07,-0.00548125
5.477633e-07,-0.0054668888
5.478633e-07,-0.0054518095
5.479633e-07,-0.0054431928
5.480633e-07,-0.0054467831
5.481633e-07,-0.0054611443
5.482633e-07,-0.00548125
5.483633e-07,-0.0054977654
5.484633e-07,-0.0055042279
5.485633e-07,-0.0054992015
5.486633e-07,-0.0054884306
5.487633e-07,-0.0054798139
5.488633e-07,-0.00548125
5.489633e-07,-0.0054948932
5.490633e-07,-0.005517153
5.491633e-07,-0.0055379768
5.492633e-07,-0.0055501838
5.493633e-07,-0.0055501838
5.494633e-07,-0.005540849
5.495633e-07,-0.0055300781
5.496633e-07,-0.0055272059
5.497633e-07,-0.0055358226
5.498633e-07,-0.0055544922
5.499633e-07,-0.0055767521
5.500633e-07,-0.0055961397
5.501633e-07,-0.0056090648
5.502633e-07,-0.0056162454
5.503633e-07,-0.0056219899
5.504633e-07,-0.0056306066
5.505633e-07,-0.0056435317
5.506633e-07,-0.0056571749
5.507633e-07,-0.0056657916
5.508633e-07,-0.0056650735
5.509633e-07,-0.0056543026
5.510633e-07,-0.0056399414
5.511633e-07,-0.0056291705
5.512633e-07,-0.0056306066
5.513633e-07,-0.0056456859
5.514633e-07,-0.0056693819
5.515633e-07,-0.005694514
5.516633e-07,-0.0057110294
5.517633e-07,-0.0057160558
5.518633e-07,-0.0057117475
5.519633e-07,-0.0057038488
5.520633e-07,-0.0056995404
5.521633e-07,-0.0057016946
5.522633e-07,-0.0057081572
5.523633e-07,-0.0057124655
5.524633e-07,-0.0057110294
5.525633e-07,-0.0057016946
5.526633e-07,-0.0056902057
5.527633e-07,-0.0056837431
5.528633e-07,-0.0056880515
5.529633e-07,-0.0057045669
5.530633e-07,-0.0057275448
5.531633e-07,-0.0057476505
5.532633e-07,-0.0057569853
5.533633e-07,-0.0057519589
5.534633e-07,-0.0057368796
5.535633e-07,-0.0057203642
5.536633e-07,-0.0057110294
5.537633e-07,-0.0057139017
5.538633e-07,-0.0057253906
5.539633e-07,-0.0057383157
5.540633e-07,-0.0057454963
5.541633e-07,-0.005741906
5.542633e-07,-0.0057311351
5.543633e-07,-0.00571821
5.544633e-07,-0.0057110294
5.545633e-07,-0.0057124655
5.546633e-07,-0.0057196461
5.547633e-07,-0.0057246726
5.548633e-07,-0.0057225184
5.549633e-07,-0.0057103114
5.550633e-07,-0.0056909237
5.551633e-07,-0.0056736903
5.552633e-07,-0.0056650735
5.553633e-07,-0.0056679458
5.554633e-07,-0.0056772806
5.555633e-07,-0.0056866153
5.556633e-07,-0.0056880515
5.557633e-07,-0.0056787167
5.558633e-07,-0.0056636374
5.559633e-07,-0.0056521484
5.560633e-07,-0.0056535846
5.561633e-07,-0.005670818
5.562633e-07,-0.0056988224
5.563633e-07,-0.0057275448
5.564633e-07,-0.0057454963
5.565633e-07,-0.0057469324
5.566633e-07,-0.0057332893
5.567633e-07,-0.0057131836
5.568633e-07,-0.0056995404
5.569633e-07,-0.0056995404
5.570633e-07,-0.0057139017
5.571633e-07,-0.0057361615
5.572633e-07,-0.0057569853
5.573633e-07,-0.0057691923
5.574633e-07,-0.0057699104
5.575633e-07,-0.0057634478
5.576633e-07,-0.0057569853
5.577633e-07,-0.0057569853
5.578633e-07,-0.005765602
5.579633e-07,-0.0057785271
5.580633e-07,-0.0057914522
5.581633e-07,-0.0057993509
5.582633e-07,-0.0058015051
5.583633e-07,-0.005800787
5.584633e-07,-0.0058029412
5.585633e-07,-0.0058101218
5.586633e-07,-0.0058208927
5.587633e-07,-0.0058316636
5.588633e-07,-0.0058374081
5.589633e-07,-0.0058345358
5.590633e-07,-0.0058237649
5.591633e-07,-0.0058108398
5.592633e-07,-0.0058029412
5.593633e-07,-0.0058036592
5.594633e-07,-0.005812994
5.595633e-07,-0.0058259191
5.596633e-07,-0.0058374081
5.597633e-07,-0.0058409984
5.598633e-07,-0.00583669
5.599633e-07,-0.0058259191
5.600633e-07,-0.0058144301
5.601633e-07,-0.0058065315
5.602633e-07,-0.0058043773
5.603633e-07,-0.0058072495
5.604633e-07,-0.0058144301
5.605633e-07,-0.0058230469
5.606633e-07,-0.0058338178
5.607633e-07,-0.0058460248
5.608633e-07,-0.005860386
5.609633e-07,-0.0058747472
5.610633e-07,-0.0058869543
5.611633e-07,-0.0058941349
5.612633e-07,-0.0058948529
5.613633e-07,-0.0058919807
5.614633e-07,-0.0058898265
5.615633e-07,-0.0058934168
5.616633e-07,-0.0059063419
5.617633e-07,-0.0059264476
5.618633e-07,-0.0059487075
5.619633e-07,-0.0059659409
5.620633e-07,-0.0059752757
5.621633e-07,-0.0059767119
5.622633e-07,-0.0059745577
5.623633e-07,-0.0059767119
5.624633e-07,-0.0059867647
5.625633e-07,-0.0060047162
5.626633e-07,-0.006026258
5.627633e-07,-0.0060449276
5.628633e-07,-0.0060556985
5.629633e-07,-0.0060592888
5.630633e-07,-0.0060600069
5.631633e-07,-0.0060650333
5.632633e-07,-0.0060786765
5.633633e-07,-0.0060987822
5.634633e-07,-0.006120324
5.635633e-07,-0.0061339671
5.636633e-07,-0.0061361213
5.637633e-07,-0.0061267865
5.638633e-07,-0.0061145795
5.639633e-07,-0.0061073989
5.640633e-07,-0.0061131434
5.641633e-07,-0.0061303768
5.642633e-07,-0.0061512006
5.643633e-07,-0.0061641257
5.644633e-07,-0.0061590993
5.645633e-07,-0.0061354033
5.646633e-07,-0.0061016544
5.647633e-07,-0.0060700597
5.648633e-07,-0.0060556985
5.649633e-07,-0.0060635972
5.650633e-07,-0.0060901654
5.651633e-07,-0.0061231962
5.652633e-07,-0.0061476103
5.653633e-07,-0.0061533548
5.654633e-07,-0.0061389936
5.655633e-07,-0.0061102711
5.656633e-07,-0.0060786765
5.657633e-07,-0.0060535443
5.658633e-07,-0.0060391831
5.659633e-07,-0.0060341567
5.660633e-07,-0.0060327206
5.661633e-07,-0.0060291303
5.662633e-07,-0.0060212316
5.663633e-07,-0.0060097426
5.664633e-07,-0.0059982537
5.665633e-07,-0.0059896369
5.666633e-07,-0.0059838925
5.667633e-07,-0.0059795841
5.668633e-07,-0.0059752757
5.669633e-07,-0.0059702493
5.670633e-07,-0.005966659
5.671633e-07,-0.0059680951
5.672633e-07,-0.0059752757
5.673633e-07,-0.0059853286
5.674633e-07,-0.0059925092
5.675633e-07,-0.005990355
5.676633e-07,-0.0059752757
5.677633e-07,-0.0059508617
5.678633e-07,-0.0059242934
5.679633e-07,-0.00590706
5.680633e-07,-0.0059063419
5.681633e-07,-0.0059221392
5.682633e-07,-0.0059458352
5.683633e-07,-0.0059673771
5.684633e-07,-0.0059752757
5.685633e-07,-0.0059659409
5.686633e-07,-0.0059443991
5.687633e-07,-0.0059207031
5.688633e-07,-0.0059063419
5.689633e-07,-0.005907778
5.690633e-07,-0.0059235754
5.691633e-07,-0.0059451172
5.692633e-07,-0.0059637868
5.693633e-07,-0.0059716854
5.694633e-07,-0.0059695312
5.695633e-07,-0.0059601965
5.696633e-07,-0.0059522978
5.697633e-07,-0.0059494256
5.698633e-07,-0.0059530159
5.699633e-07,-0.0059587603
5.700633e-07,-0.0059637868
5.701633e-07,-0.0059659409
5.702633e-07,-0.0059680951
5.703633e-07,-0.0059738396
5.704633e-07,-0.0059867647
5.705633e-07,-0.0060068704
5.706633e-07,-0.0060298483
5.707633e-07,-0.0060477999
5.708633e-07,-0.0060556985
5.709633e-07,-0.0060542624
5.710633e-07,-0.0060477999
5.711633e-07,-0.0060463637
5.712633e-07,-0.0060556985
5.713633e-07,-0.0060765223
5.714633e-07,-0.0061030905
5.715633e-07,-0.0061260685
5.716633e-07,-0.0061361213
5.717633e-07,-0.006131813
5.718633e-07,-0.0061174517
5.719633e-07,-0.0061045267
5.720633e-07,-0.0061016544
5.721633e-07,-0.0061138614
5.722633e-07,-0.0061375574
5.723633e-07,-0.0061634076
5.724633e-07,-0.0061820772
5.725633e-07,-0.0061885398
5.726633e-07,-0.0061835133
5.727633e-07,-0.0061748966
5.728633e-07,-0.0061705882
5.729633e-07,-0.0061756147
5.730633e-07,-0.0061871036
5.731633e-07,-0.0061993107
5.732633e-07,-0.0062050551
5.733633e-07,-0.0062007468
5.734633e-07,-0.0061899759
5.735633e-07,-0.0061806411
5.736633e-07,-0.0061820772
5.737633e-07,-0.0061985926
5.738633e-07,-0.0062258789
5.739633e-07,-0.0062553194
5.740633e-07,-0.006273989
5.741633e-07,-0.006273989
5.742633e-07,-0.0062538833
5.743633e-07,-0.0062194164
5.744633e-07,-0.0061820772
5.745633e-07,-0.0061512006
5.746633e-07,-0.0061339671
5.747633e-07,-0.0061296588
5.748633e-07,-0.0061361213
5.749633e-07,-0.0061483284
5.750633e-07,-0.0061634076
5.751633e-07,-0.006179205
5.752633e-07,-0.0061935662
5.753633e-07,-0.0062043371
5.754633e-07,-0.0062079274
5.755633e-07,-0.0062007468
5.756633e-07,-0.0061820772
5.757633e-07,-0.0061547909
5.758633e-07,-0.0061260685
5.759633e-07,-0.0061030905
5.760633e-07,-0.0060901654
5.761633e-07,-0.0060872932
5.762633e-07,-0.0060887293
5.763633e-07,-0.0060880113
5.764633e-07,-0.0060786765
5.765633e-07,-0.0060628791
5.766633e-07,-0.0060463637
5.767633e-07,-0.0060384651
5.768633e-07,-0.0060442096
5.769633e-07,-0.0060635972
5.770633e-07,-0.0060880113
5.771633e-07,-0.0061073989
5.772633e-07,-0.0061131434
5.773633e-07,-0.0061030905
5.774633e-07,-0.0060822668
5.775633e-07,-0.0060635972
5.776633e-07,-0.0060556985
5.777633e-07,-0.0060635972
5.778633e-07,-0.0060837029
5.779633e-07,-0.0061073989
5.780633e-07,-0.0061246324
5.781633e-07,-0.0061310949
5.782633e-07,-0.0061289407
5.783633e-07,-0.0061239143
5.784633e-07,-0.0061246324
5.785633e-07,-0.0061346852
5.786633e-07,-0.0061519187
5.787633e-07,-0.0061698702
5.788633e-07,-0.0061820772
5.789633e-07,-0.0061856675
5.790633e-07,-0.0061835133
5.791633e-07,-0.0061806411
5.792633e-07,-0.0061820772
5.793633e-07,-0.0061892578
5.794633e-07,-0.0061993107
5.795633e-07,-0.0062057732
5.796633e-07,-0.0062050551
5.797633e-07,-0.0061971565
5.798633e-07,-0.0061878217
5.799633e-07,-0.0061849494
5.800633e-07,-0.0061935662
5.801633e-07,-0.0062115177
5.802633e-07,-0.0062316234
5.803633e-07,-0.0062431124
5.804633e-07,-0.0062395221
5.805633e-07,-0.0062230067
5.806633e-07,-0.0062014648
5.807633e-07,-0.0061885398
5.808633e-07,-0.0061935662
5.809633e-07,-0.0062172622
5.810633e-07,-0.006250293
5.811633e-07,-0.0062811696
5.812633e-07,-0.0062969669
5.813633e-07,-0.0062955308
5.814633e-07,-0.0062826057
5.815633e-07,-0.0062711167
5.816633e-07,-0.006273989
5.817633e-07,-0.0062948127
5.818633e-07,-0.0063278435
5.819633e-07,-0.0063601562
5.820633e-07,-0.0063773897
5.821633e-07,-0.0063723633
5.822633e-07,-0.0063486673
5.823633e-07,-0.0063149184
5.824633e-07,-0.0062854779
5.825633e-07,-0.0062689625
5.826633e-07,-0.0062675264
5.827633e-07,-0.0062754251
5.828633e-07,-0.0062854779
5.829633e-07,-0.0062933766
5.830633e-07,-0.0062991211
5.831633e-07,-0.0063070198
5.832633e-07,-0.0063199449
5.833633e-07,-0.0063371783
5.834633e-07,-0.0063536937
5.835633e-07,-0.0063608743
5.836633e-07,-0.0063544118
5.837633e-07,-0.0063357422
5.838633e-07,-0.0063142004
5.839633e-07,-0.0063027114
5.840633e-07,-0.0063084559
5.841633e-07,-0.0063328699
5.842633e-07,-0.0063673369
5.843633e-07,-0.0063974954
5.844633e-07,-0.0064118566
5.845633e-07,-0.0064082663
5.846633e-07,-0.0063939051
5.847633e-07,-0.0063831342
5.848633e-07,-0.0063888787
5.849633e-07,-0.0064147289
5.850633e-07,-0.0064542222
5.851633e-07,-0.0064929975
5.852633e-07,-0.0065152574
5.853633e-07,-0.0065145393
5.854633e-07,-0.0064944336
5.855633e-07,-0.0064664292
5.856633e-07,-0.0064463235
5.857633e-07,-0.0064420152
5.858633e-07,-0.0064527861
5.859633e-07,-0.0064693015
5.860633e-07,-0.0064807904
5.861633e-07,-0.0064793543
5.862633e-07,-0.0064657112
5.863633e-07,-0.0064470416
5.864633e-07,-0.0064348346
5.865633e-07,-0.0064333984
5.866633e-07,-0.0064427332
5.867633e-07,-0.0064535041
5.868633e-07,-0.0064578125
5.869633e-07,-0.0064499138
5.870633e-07,-0.0064326804
5.871633e-07,-0.0064132927
5.872633e-07,-0.0064003676
5.873633e-07,-0.0063989315
5.874633e-07,-0.0064053941
5.875633e-07,-0.0064125747
5.876633e-07,-0.0064118566
5.877633e-07,-0.0063989315
5.878633e-07,-0.0063781078
5.879633e-07,-0.0063565659
5.880633e-07,-0.0063429228
5.881633e-07,-0.0063407686
5.882633e-07,-0.0063465131
5.883633e-07,-0.0063501034
5.884633e-07,-0.0063429228
5.885633e-07,-0.006322099
5.886633e-07,-0.0062912224
5.887633e-07,-0.0062603458
5.888633e-07,-0.0062395221
5.889633e-07,-0.0062330595
5.890633e-07,-0.0062366498
5.891633e-07,-0.0062423943
5.892633e-07,-0.0062395221
5.893633e-07,-0.0062237247
5.894633e-07,-0.0061993107
5.895633e-07,-0.0061741785
5.896633e-07,-0.0061590993
5.897633e-07,-0.0061583812
5.898633e-07,-0.006167716
5.899633e-07,-0.006179205
5.900633e-07,-0.0061820772
5.901633e-07,-0.0061713063
5.902633e-07,-0.0061504825
5.903633e-07,-0.0061275046
5.904633e-07,-0.0061131434
5.905633e-07,-0.0061131434
5.906633e-07,-0.0061253504
5.907633e-07,-0.00614402
5.908633e-07,-0.0061590993
5.909633e-07,-0.006167716
5.910633e-07,-0.0061713063
5.911633e-07,-0.0061777688
5.912633e-07,-0.0061935662
5.913633e-07,-0.0062208525
5.914633e-07,-0.0062538833
5.915633e-07,-0.0062826057
5.916633e-07,-0.0062969669
5.917633e-07,-0.0062926585
5.918633e-07,-0.006274707
5.919633e-07,-0.0062524472
5.920633e-07,-0.0062395221
5.921633e-07,-0.0062416762
5.922633e-07,-0.0062581916
5.923633e-07,-0.0062797335
5.924633e-07,-0.0062969669
5.925633e-07,-0.0063027114
5.926633e-07,-0.006298403
5.927633e-07,-0.0062897863
5.928633e-07,-0.0062854779
5.929633e-07,-0.0062905044
5.930633e-07,-0.0063034295
5.931633e-07,-0.0063163545
5.932633e-07,-0.0063199449
5.933633e-07,-0.006309892
5.934633e-07,-0.0062869141
5.935633e-07,-0.0062596278
5.936633e-07,-0.0062395221
5.937633e-07,-0.0062337776
5.938633e-07,-0.0062431124
5.939633e-07,-0.0062632181
5.940633e-07,-0.0062854779
5.941633e-07,-0.0063034295
5.942633e-07,-0.0063134823
5.943633e-07,-0.0063177907
5.944633e-07,-0.0063199449
5.945633e-07,-0.0063228171
5.946633e-07,-0.0063264074
5.947633e-07,-0.0063264074
5.948633e-07,-0.0063199449
5.949633e-07,-0.0063063017
5.950633e-07,-0.0062897863
5.951633e-07,-0.0062768612
5.952633e-07,-0.006273989
5.953633e-07,-0.0062833238
5.954633e-07,-0.0063019933
5.955633e-07,-0.0063242532
5.956633e-07,-0.0063429228
5.957633e-07,-0.0063551298
5.958633e-07,-0.0063601562
5.959633e-07,-0.0063623104
5.960633e-07,-0.0063659007
5.961633e-07,-0.0063716452
5.962633e-07,-0.0063766716
5.963633e-07,-0.0063795439
5.964633e-07,-0.0063773897
5.965633e-07,-0.0063723633
5.966633e-07,-0.006369491
5.967633e-07,-0.0063737994
5.968633e-07,-0.0063888787
5.969633e-07,-0.0064111386
5.970633e-07,-0.0064326804
5.971633e-07,-0.0064456055
5.972633e-07,-0.0064463235
5.973633e-07,-0.0064369887
5.974633e-07,-0.0064269359
5.975633e-07,-0.006428372
5.976633e-07,-0.0064463235
5.977633e-07,-0.0064800724
5.978633e-07,-0.0065188477
5.979633e-07,-0.0065490062
5.980633e-07,-0.0065612132
5.981633e-07,-0.0065533146
5.982633e-07,-0.0065324908
5.983633e-07,-0.0065123851
5.984633e-07,-0.0065037684
5.985633e-07,-0.006510949
5.986633e-07,-0.0065281824
5.987633e-07,-0.0065446978
5.988633e-07,-0.0065497243
5.989633e-07,-0.0065403895
5.990633e-07,-0.0065217199
5.991633e-07,-0.0065059226
5.992633e-07,-0.0065037684
5.993633e-07,-0.0065195657
5.994633e-07,-0.0065482881
5.995633e-07,-0.0065777286
5.996633e-07,-0.0065956801
5.997633e-07,-0.0065956801
5.998633e-07,-0.0065813189
5.999633e-07,-0.0065626494
6.000633e-07,-0.0065497243
6.001633e-07,-0.0065490062
6.002633e-07,-0.0065590591
6.003633e-07,-0.00656983
6.004633e-07,-0.0065727022
6.005633e-07,-0.0065626494
6.006633e-07,-0.0065425437
6.007633e-07,-0.006523156
6.008633e-07,-0.0065152574
6.009633e-07,-0.006523156
6.010633e-07,-0.0065446978
6.011633e-07,-0.0065691119
6.012633e-07,-0.0065841912
6.013633e-07,-0.0065841912
6.014633e-07,-0.00656983
6.015633e-07,-0.0065504423
6.016633e-07,-0.0065382353
6.017633e-07,-0.0065403895
6.018633e-07,-0.0065561868
6.019633e-07,-0.0065777286
6.020633e-07,-0.0065956801
6.021633e-07,-0.0066014246
6.022633e-07,-0.006594244
6.023633e-07,-0.0065813189
6.024633e-07,-0.0065727022
6.025633e-07,-0.0065770106
6.026633e-07,-0.0065963982
6.027633e-07,-0.0066244026
6.028633e-07,-0.006653125
6.029633e-07,-0.0066725126
6.030633e-07,-0.0066775391
6.031633e-07,-0.0066696404
6.032633e-07,-0.006653125
6.033633e-07,-0.0066344554
6.034633e-07,-0.00661794
6.035633e-07,-0.0066050149
6.036633e-07,-0.0065956801
6.037633e-07,-0.0065913718
6.038633e-07,-0.0065928079
6.039633e-07,-0.0066021427
6.040633e-07,-0.0066186581
6.041633e-07,-0.0066394818
6.042633e-07,-0.0066574334
6.043633e-07,-0.0066674862
6.044633e-07,-0.006664614
6.045633e-07,-0.0066516889
6.046633e-07,-0.0066351735
6.047633e-07,-0.0066222484
6.048633e-07,-0.0066186581
6.049633e-07,-0.0066229665
6.050633e-07,-0.006629429
6.051633e-07,-0.006629429
6.052633e-07,-0.0066186581
6.053633e-07,-0.0065985524
6.054633e-07,-0.0065777286
6.055633e-07,-0.0065669577
6.056633e-07,-0.0065727022
6.057633e-07,-0.0065949621
6.058633e-07,-0.0066258387
6.059633e-07,-0.0066524069
6.060633e-07,-0.006664614
6.061633e-07,-0.0066595875
6.062633e-07,-0.0066430722
6.063633e-07,-0.0066258387
6.064633e-07,-0.0066186581
6.065633e-07,-0.0066251206
6.066633e-07,-0.006640918
6.067633e-07,-0.0066574334
6.068633e-07,-0.006664614
6.069633e-07,-0.0066603056
6.070633e-07,-0.0066480986
6.071633e-07,-0.0066394818
6.072633e-07,-0.006641636
6.073633e-07,-0.0066581514
6.074633e-07,-0.0066840016
6.075633e-07,-0.0067091337
6.076633e-07,-0.0067220588
6.077633e-07,-0.0067191866
6.078633e-07,-0.0067048254
6.079633e-07,-0.0066868739
6.080633e-07,-0.0066761029
6.081633e-07,-0.0066775391
6.082633e-07,-0.00668831
6.083633e-07,-0.0067019531
6.084633e-07,-0.0067105699
6.085633e-07,-0.0067105699
6.086633e-07,-0.0067062615
6.087633e-07,-0.0067041073
6.088633e-07,-0.0067105699
6.089633e-07,-0.0067263672
6.090633e-07,-0.0067457548
6.091633e-07,-0.0067586799
6.092633e-07,-0.0067565257
6.093633e-07,-0.0067378562
6.094633e-07,-0.0067091337
6.095633e-07,-0.0066811294
6.096633e-07,-0.006664614
6.097633e-07,-0.0066631778
6.098633e-07,-0.0066732307
6.099633e-07,-0.0066847197
6.100633e-07,-0.0066875919
6.101633e-07,-0.0066789752
6.102633e-07,-0.0066624598
6.103633e-07,-0.0066466625
6.104633e-07,-0.006641636
6.105633e-07,-0.0066495347
6.106633e-07,-0.0066660501
6.107633e-07,-0.0066818474
6.108633e-07,-0.0066875919
6.109633e-07,-0.0066804113
6.110633e-07,-0.006664614
6.111633e-07,-0.0066488166
6.112633e-07,-0.006641636
6.113633e-07,-0.0066445083
6.114633e-07,-0.0066509708
6.115633e-07,-0.006653125
6.116633e-07,-0.006641636
6.117633e-07,-0.0066165039
6.118633e-07,-0.0065856273
6.119633e-07,-0.0065597771
6.120633e-07,-0.0065497243
6.121633e-07,-0.0065569049
6.122633e-07,-0.0065734203
6.123633e-07,-0.0065863454
6.124633e-07,-0.0065841912
6.125633e-07,-0.0065626494
6.126633e-07,-0.0065296186
6.127633e-07,-0.0064973058
6.128633e-07,-0.0064807904
6.129633e-07,-0.0064843807
6.130633e-07,-0.0065037684
6.131633e-07,-0.0065260283
6.132633e-07,-0.0065382353
6.133633e-07,-0.0065339269
6.134633e-07,-0.0065174115
6.135633e-07,-0.006498742
6.136633e-07,-0.0064922794
6.137633e-07,-0.0065030503
6.138633e-07,-0.0065281824
6.139633e-07,-0.0065554687
6.140633e-07,-0.0065727022
6.141633e-07,-0.0065719841
6.142633e-07,-0.0065547507
6.143633e-07,-0.0065317727
6.144633e-07,-0.0065152574
6.145633e-07,-0.0065123851
6.146633e-07,-0.006523156
6.147633e-07,-0.0065389534
6.148633e-07,-0.0065497243
6.149633e-07,-0.0065482881
6.150633e-07,-0.0065367992
6.151633e-07,-0.006522438
6.152633e-07,-0.0065152574
6.153633e-07,-0.006522438
6.154633e-07,-0.0065432617
6.155633e-07,-0.006570548
6.156633e-07,-0.0065956801
6.157633e-07,-0.0066121955
6.158633e-07,-0.0066200942
6.159633e-07,-0.0066244026
6.160633e-07,-0.0066301471
6.161633e-07,-0.0066401999
6.162633e-07,-0.0066509708
6.163633e-07,-0.0066574334
6.164633e-07,-0.006653125
6.165633e-07,-0.0066380457
6.166633e-07,-0.0066193761
6.167633e-07,-0.006605733
6.168633e-07,-0.0066071691
6.169633e-07,-0.0066251206
6.170633e-07,-0.0066538431
6.171633e-07,-0.0066818474
6.172633e-07,-0.0066990809
6.173633e-07,-0.006700517
6.174633e-07,-0.006689028
6.175633e-07,-0.0066739488
6.176633e-07,-0.006664614
6.177633e-07,-0.0066660501
6.178633e-07,-0.0066746668
6.179633e-07,-0.0066847197
6.180633e-07,-0.0066875919
6.181633e-07,-0.0066811294
6.182633e-07,-0.0066696404
6.183633e-07,-0.0066617417
6.184633e-07,-0.006664614
6.185633e-07,-0.0066796932
6.186633e-07,-0.006700517
6.187633e-07,-0.0067177505
6.188633e-07,-0.0067220588
6.189633e-07,-0.006712006
6.190633e-07,-0.0066940545
6.191633e-07,-0.0066789752
6.192633e-07,-0.0066761029
6.193633e-07,-0.0066897461
6.194633e-07,-0.0067141602
6.195633e-07,-0.0067400103
6.196633e-07,-0.0067565257
6.197633e-07,-0.006760116
6.198633e-07,-0.0067558077
6.199633e-07,-0.0067514993
6.200633e-07,-0.0067565257
6.201633e-07,-0.006771605
6.202633e-07,-0.0067917107
6.203633e-07,-0.0068053539
6.204633e-07,-0.0068024816
6.205633e-07,-0.0067823759
6.206633e-07,-0.0067514993
6.207633e-07,-0.0067234949
6.208633e-07,-0.0067105699
6.209633e-07,-0.0067163143
6.210633e-07,-0.006735702
6.211633e-07,-0.0067572438
6.212633e-07,-0.0067680147
6.213633e-07,-0.0067637063
6.214633e-07,-0.0067493451
6.215633e-07,-0.0067349839
6.216633e-07,-0.0067335478
6.217633e-07,-0.0067493451
6.218633e-07,-0.0067773495
6.219633e-07,-0.00680679
6.220633e-07,-0.0068254596
6.221633e-07,-0.0068268957
6.222633e-07,-0.0068139706
6.223633e-07,-0.0067981733
6.224633e-07,-0.0067909926
6.225633e-07,-0.0067981733
6.226633e-07,-0.0068175609
6.227633e-07,-0.0068383847
6.228633e-07,-0.0068484375
6.229633e-07,-0.006841975
6.230633e-07,-0.0068211512
6.231633e-07,-0.0067967371
6.232633e-07,-0.0067795037
6.233633e-07,-0.0067773495
6.234633e-07,-0.0067902746
6.235633e-07,-0.0068096622
6.236633e-07,-0.0068254596
6.237633e-07,-0.006831204
6.238633e-07,-0.0068276137
6.239633e-07,-0.006818997
6.240633e-07,-0.0068139706
6.241633e-07,-0.0068154067
6.242633e-07,-0.0068204331
6.243633e-07,-0.0068225873
6.244633e-07,-0.0068139706
6.245633e-07,-0.0067924288
6.246633e-07,-0.0067622702
6.247633e-07,-0.0067321117
6.248633e-07,-0.0067105699
6.249633e-07,-0.0067026712
6.250633e-07,-0.0067048254
6.251633e-07,-0.0067105699
6.252633e-07,-0.0067105699
6.253633e-07,-0.0067019531
6.254633e-07,-0.0066868739
6.255633e-07,-0.0066725126
6.256633e-07,-0.006664614
6.257633e-07,-0.0066638959
6.258633e-07,-0.0066667682
6.259633e-07,-0.006664614
6.260633e-07,-0.006653125
6.261633e-07,-0.0066323012
6.262633e-07,-0.0066093233
6.263633e-07,-0.0065949621
6.264633e-07,-0.0065956801
6.265633e-07,-0.0066121955
6.266633e-07,-0.0066366096
6.267633e-07,-0.0066574334
6.268633e-07,-0.006664614
6.269633e-07,-0.0066574334
6.270633e-07,-0.006641636
6.271633e-07,-0.0066301471
6.272633e-07,-0.0066301471
6.273633e-07,-0.0066437902
6.274633e-07,-0.0066631778
6.275633e-07,-0.006676821
6.276633e-07,-0.0066761029
6.277633e-07,-0.0066617417
6.278633e-07,-0.0066423541
6.279633e-07,-0.0066315832
6.280633e-07,-0.006641636
6.281633e-07,-0.0066725126
6.282633e-07,-0.0067141602
6.283633e-07,-0.0067500632
6.284633e-07,-0.0067680147
6.285633e-07,-0.0067629883
6.286633e-07,-0.0067414465
6.287633e-07,-0.0067199046
6.288633e-07,-0.0067105699
6.289633e-07,-0.0067191866
6.290633e-07,-0.0067385742
6.291633e-07,-0.0067558077
6.292633e-07,-0.0067565257
6.293633e-07,-0.00673642
6.294633e-07,-0.0067026712
6.295633e-07,-0.0066696404
6.296633e-07,-0.006653125
6.297633e-07,-0.0066595875
6.298633e-07,-0.0066832835
6.299633e-07,-0.0067098518
6.300633e-07,-0.0067220588
6.301633e-07,-0.006712006
6.302633e-07,-0.0066818474
6.303633e-07,-0.0066459444
6.304633e-07,-0.0066186581
6.305633e-07,-0.0066107594
6.306633e-07,-0.0066215303
6.307633e-07,-0.0066401999
6.308633e-07,-0.006653125
6.309633e-07,-0.0066509708
6.310633e-07,-0.0066344554
6.311633e-07,-0.0066121955
6.312633e-07,-0.0065956801
6.313633e-07,-0.0065928079
6.314633e-07,-0.0066035788
6.315633e-07,-0.0066193761
6.316633e-07,-0.0066301471
6.317633e-07,-0.0066287109
6.318633e-07,-0.006617222
6.319633e-07,-0.0066028608
6.320633e-07,-0.0065956801
6.321633e-07,-0.0066028608
6.322633e-07,-0.0066222484
6.323633e-07,-0.0066459444
6.324633e-07,-0.006664614
6.325633e-07,-0.0066717946
6.326633e-07,-0.0066682043
6.327633e-07,-0.0066631778
6.328633e-07,-0.006664614
6.329633e-07,-0.0066782571
6.330633e-07,-0.0067019531
6.331633e-07,-0.0067270852
6.332633e-07,-0.0067450368
6.333633e-07,-0.0067500632
6.334633e-07,-0.0067450368
6.335633e-07,-0.00673642
6.336633e-07,-0.0067335478
6.337633e-07,-0.0067407284
6.338633e-07,-0.0067565257
6.339633e-07,-0.0067723231
6.340633e-07,-0.0067795037
6.341633e-07,-0.0067751953
6.342633e-07,-0.0067615522
6.343633e-07,-0.0067486271
6.344633e-07,-0.0067450368
6.345633e-07,-0.0067558077
6.346633e-07,-0.0067766314
6.347633e-07,-0.0067996094
6.348633e-07,-0.0068139706
6.349633e-07,-0.0068132525
6.350633e-07,-0.0068003274
6.351633e-07,-0.0067816579
6.352633e-07,-0.0067680147
6.353633e-07,-0.0067651425
6.354633e-07,-0.0067730411
6.355633e-07,-0.006783812
6.356633e-07,-0.0067909926
6.357633e-07,-0.0067888385
6.358633e-07,-0.0067780676
6.359633e-07,-0.0067651425
6.360633e-07,-0.0067565257
6.361633e-07,-0.0067565257
6.362633e-07,-0.0067622702
6.363633e-07,-0.0067687328
6.364633e-07,-0.0067680147
6.365633e-07,-0.0067586799
6.366633e-07,-0.0067428826
6.367633e-07,-0.0067285214
6.368633e-07,-0.0067220588
6.369633e-07,-0.0067256491
6.370633e-07,-0.006735702
6.371633e-07,-0.0067443187
6.372633e-07,-0.0067450368
6.373633e-07,-0.00673642
6.374633e-07,-0.0067234949
6.375633e-07,-0.0067155963
6.376633e-07,-0.0067220588
6.377633e-07,-0.0067450368
6.378633e-07,-0.0067780676
6.379633e-07,-0.0068089442
6.380633e-07,-0.0068254596
6.381633e-07,-0.0068211512
6.382633e-07,-0.0067981733
6.383633e-07,-0.0067680147
6.384633e-07,-0.0067450368
6.385633e-07,-0.0067385742
6.386633e-07,-0.0067507812
6.387633e-07,-0.0067759134
6.388633e-07,-0.0068024816
6.389633e-07,-0.0068211512
6.390633e-07,-0.0068283318
6.391633e-07,-0.0068276137
6.392633e-07,-0.0068254596
6.393633e-07,-0.006830486
6.394633e-07,-0.0068448472
6.395633e-07,-0.0068685432
6.396633e-07,-0.0068943934
6.397633e-07,-0.0069173713
6.398633e-07,-0.0069331687
6.399633e-07,-0.0069403493
6.400633e-07,-0.0069403493
6.401633e-07,-0.0069346048
6.402633e-07,-0.0069231158
6.403633e-07,-0.0069058824
6.404633e-07,-0.0068829044
6.405633e-07,-0.0068577723
6.406633e-07,-0.0068362305
6.407633e-07,-0.0068240234
6.408633e-07,-0.0068254596
6.409633e-07,-0.0068391027
6.410633e-07,-0.0068584903
6.411633e-07,-0.0068757238
6.412633e-07,-0.0068829044
6.413633e-07,-0.0068771599
6.414633e-07,-0.0068613626
6.415633e-07,-0.0068412569
6.416633e-07,-0.0068254596
6.417633e-07,-0.0068168428
6.418633e-07,-0.0068146886
6.419633e-07,-0.0068154067
6.420633e-07,-0.0068139706
6.421633e-07,-0.0068089442
6.422633e-07,-0.0068017636
6.423633e-07,-0.0067988913
6.424633e-07,-0.0068024816
6.425633e-07,-0.0068139706
6.426633e-07,-0.0068297679
6.427633e-07,-0.006842693
6.428633e-07,-0.0068484375
6.429633e-07,-0.0068455653
6.430633e-07,-0.0068391027
6.431633e-07,-0.0068340763
6.432633e-07,-0.0068369485
6.433633e-07,-0.0068477194
6.434633e-07,-0.0068620807
6.435633e-07,-0.0068721335
6.436633e-07,-0.0068714154
6.437633e-07,-0.0068592084
6.438633e-07,-0.0068405388
6.439633e-07,-0.0068261776
6.440633e-07,-0.0068254596
6.441633e-07,-0.006841975
6.442633e-07,-0.0068728516
6.443633e-07,-0.0069094727
6.444633e-07,-0.0069403493
6.445633e-07,-0.0069590188
6.446633e-07,-0.0069654814
6.447633e-07,-0.0069640453
6.448633e-07,-0.0069633272
6.449633e-07,-0.0069683536
6.450633e-07,-0.0069805607
6.451633e-07,-0.006996358
6.452633e-07,-0.0070092831
6.453633e-07,-0.0070157456
6.454633e-07,-0.0070157456
6.455633e-07,-0.0070121553
6.456633e-07,-0.0070092831
6.457633e-07,-0.0070114373
6.458633e-07,-0.0070178998
6.459633e-07,-0.0070257985
6.460633e-07,-0.007032261
6.461633e-07,-0.0070344152
6.462633e-07,-0.0070336972
6.463633e-07,-0.007032261
6.464633e-07,-0.007032261
6.465633e-07,-0.0070336972
6.466633e-07,-0.007032261
6.467633e-07,-0.0070250804
6.468633e-07,-0.0070092831
6.469633e-07,-0.0069863051
6.470633e-07,-0.0069626091
6.471633e-07,-0.0069453757
6.472633e-07,-0.0069403493
6.473633e-07,-0.0069482479
6.474633e-07,-0.0069626091
6.475633e-07,-0.0069740981
6.476633e-07,-0.0069748162
6.477633e-07,-0.006960455
6.478633e-07,-0.0069353228
6.479633e-07,-0.0069058824
6.480633e-07,-0.0068829044
6.481633e-07,-0.0068706974
6.482633e-07,-0.0068699793
6.483633e-07,-0.0068757238
6.484633e-07,-0.0068829044
6.485633e-07,-0.0068872128
6.486633e-07,-0.006890085
6.487633e-07,-0.0068951114
6.488633e-07,-0.0069058824
6.489633e-07,-0.0069231158
6.490633e-07,-0.0069425034
6.491633e-07,-0.0069583008
6.492633e-07,-0.0069633272
6.493633e-07,-0.0069561466
6.494633e-07,-0.0069410673
6.495633e-07,-0.00692527
6.496633e-07,-0.0069173713
6.497633e-07,-0.0069223977
6.498633e-07,-0.006937477
6.499633e-07,-0.0069583008
6.500633e-07,-0.0069748162
6.501633e-07,-0.0069819968
6.502633e-07,-0.0069798426
6.503633e-07,-0.0069712259
6.504633e-07,-0.0069633272
6.505633e-07,-0.006960455
6.506633e-07,-0.0069647633
6.507633e-07,-0.0069748162
6.508633e-07,-0.0069863051
6.509633e-07,-0.006996358
6.510633e-07,-0.0070035386
6.511633e-07,-0.007007847
6.512633e-07,-0.0070092831
6.513633e-07,-0.007007847
6.514633e-07,-0.0070021025
6.515633e-07,-0.0069906135
6.516633e-07,-0.0069748162
6.517633e-07,-0.0069583008
6.518633e-07,-0.0069460937
6.519633e-07,-0.0069439396
6.520633e-07,-0.0069518382
6.521633e-07,-0.0069654814
6.522633e-07,-0.0069762523
6.523633e-07,-0.0069762523
6.524633e-07,-0.0069633272
6.525633e-07,-0.0069403493
6.526633e-07,-0.0069173713
6.527633e-07,-0.0069037282
6.528633e-07,-0.0069058824
6.529633e-07,-0.0069216797
6.530633e-07,-0.0069417854
6.531633e-07,-0.0069547105
6.532633e-07,-0.0069518382
6.533633e-07,-0.0069324506
6.534633e-07,-0.0069051643
6.535633e-07,-0.0068814683
6.536633e-07,-0.0068714154
6.537633e-07,-0.006877878
6.538633e-07,-0.0068951114
6.539633e-07,-0.0069116268
6.540633e-07,-0.0069173713
6.541633e-07,-0.0069087546
6.542633e-07,-0.0068908031
6.543633e-07,-0.0068714154
6.544633e-07,-0.0068599265
6.545633e-07,-0.0068599265
6.546633e-07,-0.0068671071
6.547633e-07,-0.0068735696
6.548633e-07,-0.0068714154
6.549633e-07,-0.0068592084
6.550633e-07,-0.0068412569
6.551633e-07,-0.0068276137
6.552633e-07,-0.0068254596
6.553633e-07,-0.0068376666
6.554633e-07,-0.0068570542
6.555633e-07,-0.0068757238
6.556633e-07,-0.0068829044
6.557633e-07,-0.006877878
6.558633e-07,-0.0068649529
6.559633e-07,-0.0068563362
6.560633e-07,-0.0068599265
6.561633e-07,-0.006878596
6.562633e-07,-0.0069058824
6.563633e-07,-0.0069302964
6.564633e-07,-0.0069403493
6.565633e-07,-0.0069317325
6.566633e-07,-0.0069087546
6.567633e-07,-0.0068850586
6.568633e-07,-0.0068714154
6.569633e-07,-0.0068764419
6.570633e-07,-0.0068972656
6.571633e-07,-0.0069259881
6.572633e-07,-0.0069518382
6.573633e-07,-0.0069669175
6.574633e-07,-0.0069712259
6.575633e-07,-0.0069676356
6.576633e-07,-0.0069633272
6.577633e-07,-0.0069597369
6.578633e-07,-0.0069561466
6.579633e-07,-0.0069468118
6.580633e-07,-0.0069288603
6.581633e-07,-0.0069044462
6.582633e-07,-0.0068814683
6.583633e-07,-0.0068685432
6.584633e-07,-0.0068714154
6.585633e-07,-0.0068879308
6.586633e-07,-0.0069094727
6.587633e-07,-0.0069223977
6.588633e-07,-0.0069173713
6.589633e-07,-0.0068943934
6.590633e-07,-0.0068620807
6.591633e-07,-0.0068347943
6.592633e-07,-0.0068254596
6.593633e-07,-0.0068362305
6.594633e-07,-0.0068606445
6.595633e-07,-0.0068850586
6.596633e-07,-0.0068943934
6.597633e-07,-0.0068836225
6.598633e-07,-0.0068577723
6.599633e-07,-0.0068261776
6.600633e-07,-0.0068024816
6.601633e-07,-0.0067917107
6.602633e-07,-0.0067924288
6.603633e-07,-0.006795301
6.604633e-07,-0.0067909926
6.605633e-07,-0.0067773495
6.606633e-07,-0.0067586799
6.607633e-07,-0.0067457548
6.608633e-07,-0.0067450368
6.609633e-07,-0.0067586799
6.610633e-07,-0.0067787856
6.611633e-07,-0.0067931468
6.612633e-07,-0.0067909926
6.613633e-07,-0.0067708869
6.614633e-07,-0.0067407284
6.615633e-07,-0.0067163143
6.616633e-07,-0.0067105699
6.617633e-07,-0.0067292394
6.618633e-07,-0.0067644244
6.619633e-07,-0.0068017636
6.620633e-07,-0.0068254596
6.621633e-07,-0.0068261776
6.622633e-07,-0.00680679
6.623633e-07,-0.0067787856
6.624633e-07,-0.0067565257
6.625633e-07,-0.0067486271
6.626633e-07,-0.0067550896
6.627633e-07,-0.0067687328
6.628633e-07,-0.0067795037
6.629633e-07,-0.0067823759
6.630633e-07,-0.0067802217
6.631633e-07,-0.0067802217
6.632633e-07,-0.0067909926
6.633633e-07,-0.0068146886
6.634633e-07,-0.0068462833
6.635633e-07,-0.0068728516
6.636633e-07,-0.0068829044
6.637633e-07,-0.0068728516
6.638633e-07,-0.0068470014
6.639633e-07,-0.0068197151
6.640633e-07,-0.0068024816
6.641633e-07,-0.0068039177
6.642633e-07,-0.0068211512
6.643633e-07,-0.0068434111
6.644633e-07,-0.0068599265
6.645633e-07,-0.0068635168
6.646633e-07,-0.0068563362
6.647633e-07,-0.0068477194
6.648633e-07,-0.0068484375
6.649633e-07,-0.0068635168
6.650633e-07,-0.0068886489
6.651633e-07,-0.0069144991
6.652633e-07,-0.0069288603
6.653633e-07,-0.00692527
6.654633e-07,-0.0069073185
6.655633e-07,-0.0068843405
6.656633e-07,-0.0068714154
6.657633e-07,-0.0068757238
6.658633e-07,-0.0068965476
6.659633e-07,-0.0069259881
6.660633e-07,-0.0069518382
6.661633e-07,-0.0069647633
6.662633e-07,-0.0069633272
6.663633e-07,-0.0069518382
6.664633e-07,-0.0069403493
6.665633e-07,-0.0069346048
6.666633e-07,-0.006937477
6.667633e-07,-0.0069453757
6.668633e-07,-0.0069518382
6.669633e-07,-0.0069539924
6.670633e-07,-0.0069525563
6.671633e-07,-0.0069504021
6.672633e-07,-0.0069518382
6.673633e-07,-0.0069575827
6.674633e-07,-0.0069647633
6.675633e-07,-0.0069676356
6.676633e-07,-0.0069633272
6.677633e-07,-0.0069525563
6.678633e-07,-0.0069410673
6.679633e-07,-0.0069353228
6.680633e-07,-0.0069403493
6.681633e-07,-0.0069532744
6.682633e-07,-0.0069654814
6.683633e-07,-0.0069669175
6.684633e-07,-0.0069518382
6.685633e-07,-0.0069216797
6.686633e-07,-0.0068857767
6.687633e-07,-0.0068584903
6.688633e-07,-0.0068484375
6.689633e-07,-0.0068570542
6.690633e-07,-0.0068764419
6.691633e-07,-0.0068922392
6.692633e-07,-0.0068943934
6.693633e-07,-0.0068793141
6.694633e-07,-0.006854182
6.695633e-07,-0.0068326402
6.696633e-07,-0.0068254596
6.697633e-07,-0.0068355124
6.698633e-07,-0.0068570542
6.699633e-07,-0.0068764419
6.700633e-07,-0.0068829044
6.701633e-07,-0.0068728516
6.702633e-07,-0.0068527459
6.703633e-07,-0.0068369485
6.704633e-07,-0.0068369485
6.705633e-07,-0.0068563362
6.706633e-07,-0.0068879308
6.707633e-07,-0.0069173713
6.708633e-07,-0.0069288603
6.709633e-07,-0.0069159352
6.710633e-07,-0.0068843405
6.711633e-07,-0.0068484375
6.712633e-07,-0.0068254596
6.713633e-07,-0.0068247415
6.714633e-07,-0.0068441291
6.715633e-07,-0.0068728516
6.716633e-07,-0.0068943934
6.717633e-07,-0.0068972656
6.718633e-07,-0.0068807502
6.719633e-07,-0.0068520278
6.720633e-07,-0.0068254596
6.721633e-07,-0.0068118164
6.722633e-07,-0.0068146886
6.723633e-07,-0.006830486
6.724633e-07,-0.0068484375
6.725633e-07,-0.0068613626
6.726633e-07,-0.0068649529
6.727633e-07,-0.0068627987
6.728633e-07,-0.0068599265
6.729633e-07,-0.0068606445
6.730633e-07,-0.006865671
6.731633e-07,-0.0068714154
6.732633e-07,-0.0068714154
6.733633e-07,-0.0068642348
6.734633e-07,-0.0068527459
6.735633e-07,-0.006841975
6.736633e-07,-0.0068369485
6.737633e-07,-0.0068398208
6.738633e-07,-0.0068477194
6.739633e-07,-0.0068520278
6.740633e-07,-0.0068484375
6.741633e-07,-0.0068340763
6.742633e-07,-0.0068146886
6.743633e-07,-0.0067981733
6.744633e-07,-0.0067909926
6.745633e-07,-0.0067960191
6.746633e-07,-0.0068096622
6.747633e-07,-0.0068218693
6.748633e-07,-0.0068254596
6.749633e-07,-0.006818279
6.750633e-07,-0.0068046358
6.751633e-07,-0.0067931468
6.752633e-07,-0.0067909926
6.753633e-07,-0.0068010455
6.754633e-07,-0.006818279
6.755633e-07,-0.0068333582
6.756633e-07,-0.0068369485
6.757633e-07,-0.0068268957
6.758633e-07,-0.0068082261
6.759633e-07,-0.0067888385
6.760633e-07,-0.0067795037
6.761633e-07,-0.0067823759
6.762633e-07,-0.006794583
6.763633e-07,-0.0068082261
6.764633e-07,-0.0068139706
6.765633e-07,-0.0068096622
6.766633e-07,-0.0067996094
6.767633e-07,-0.0067902746
6.768633e-07,-0.0067909926
6.769633e-07,-0.0068024816
6.770633e-07,-0.0068197151
6.771633e-07,-0.0068333582
6.772633e-07,-0.0068369485
6.773633e-07,-0.0068283318
6.774633e-07,-0.0068132525
6.775633e-07,-0.0068017636
6.776633e-07,-0.0068024816
6.777633e-07,-0.0068161248
6.778633e-07,-0.0068369485
6.779633e-07,-0.0068549
6.780633e-07,-0.0068599265
6.781633e-07,-0.0068505917
6.782633e-07,-0.0068319221
6.783633e-07,-0.0068168428
6.784633e-07,-0.0068139706
6.785633e-07,-0.0068268957
6.786633e-07,-0.0068498736
6.787633e-07,-0.0068714154
6.788633e-07,-0.0068829044
6.789633e-07,-0.0068800322
6.790633e-07,-0.0068685432
6.791633e-07,-0.0068584903
6.792633e-07,-0.0068599265
6.793633e-07,-0.0068757238
6.794633e-07,-0.0068994198
6.795633e-07,-0.0069202436
6.796633e-07,-0.0069288603
6.797633e-07,-0.0069209616
6.798633e-07,-0.0069030101
6.799633e-07,-0.0068872128
6.800633e-07,-0.0068829044
6.801633e-07,-0.0068951114
6.802633e-07,-0.0069188074
6.803633e-07,-0.0069410673
6.804633e-07,-0.0069518382
6.805633e-07,-0.0069453757
6.806633e-07,-0.0069267061
6.807633e-07,-0.0069058824
6.808633e-07,-0.0068943934
6.809633e-07,-0.0068958295
6.810633e-07,-0.0069073185
6.811633e-07,-0.0069173713
6.812633e-07,-0.0069173713
6.813633e-07,-0.0069030101
6.814633e-07,-0.0068793141
6.815633e-07,-0.0068570542
6.816633e-07,-0.0068484375
6.817633e-07,-0.0068563362
6.818633e-07,-0.0068764419
6.819633e-07,-0.0068972656
6.820633e-07,-0.0069058824
6.821633e-07,-0.0068979837
6.822633e-07,-0.0068764419
6.823633e-07,-0.0068527459
6.824633e-07,-0.0068369485
6.825633e-07,-0.0068362305
6.826633e-07,-0.0068470014
6.827633e-07,-0.0068620807
6.828633e-07,-0.0068714154
6.829633e-07,-0.0068706974
6.830633e-07,-0.0068627987
6.831633e-07,-0.0068570542
6.832633e-07,-0.0068599265
6.833633e-07,-0.0068742877
6.834633e-07,-0.0068936753
6.835633e-07,-0.0069073185
6.836633e-07,-0.0069058824
6.837633e-07,-0.0068872128
6.838633e-07,-0.0068592084
6.839633e-07,-0.0068347943
6.840633e-07,-0.0068254596
6.841633e-07,-0.0068355124
6.842633e-07,-0.0068592084
6.843633e-07,-0.0068836225
6.844633e-07,-0.0068943934
6.845633e-07,-0.0068872128
6.846633e-07,-0.006865671
6.847633e-07,-0.0068441291
6.848633e-07,-0.0068369485
6.849633e-07,-0.0068513097
6.850633e-07,-0.0068836225
6.851633e-07,-0.0069223977
6.852633e-07,-0.0069518382
6.853633e-07,-0.0069626091
6.854633e-07,-0.0069539924
6.855633e-07,-0.0069346048
6.856633e-07,-0.0069173713
6.857633e-07,-0.0069116268
6.858633e-07,-0.0069195255
6.859633e-07,-0.0069360409
6.860633e-07,-0.0069518382
6.861633e-07,-0.006960455
6.862633e-07,-0.006960455
6.863633e-07,-0.0069554285
6.864633e-07,-0.0069518382
6.865633e-07,-0.0069532744
6.866633e-07,-0.0069583008
6.867633e-07,-0.0069633272
6.868633e-07,-0.0069633272
6.869633e-07,-0.0069575827
6.870633e-07,-0.0069504021
6.871633e-07,-0.0069504021
6.872633e-07,-0.0069633272
6.873633e-07,-0.0069884593
6.874633e-07,-0.0070178998
6.875633e-07,-0.0070394416
6.876633e-07,-0.00704375
6.877633e-07,-0.0070279527
6.878633e-07,-0.0069977941
6.879633e-07,-0.0069683536
6.880633e-07,-0.0069518382
6.881633e-07,-0.0069561466
6.882633e-07,-0.0069784065
6.883633e-07,-0.007007847
6.884633e-07,-0.007032261
6.885633e-07,-0.0070423139
6.886633e-07,-0.0070372875
6.887633e-07,-0.0070236443
6.888633e-07,-0.0070092831
6.889633e-07,-0.0070013844
6.890633e-07,-0.0070006664
6.891633e-07,-0.0070013844
6.892633e-07,-0.0069977941
6.893633e-07,-0.0069863051
6.894633e-07,-0.0069683536
6.895633e-07,-0.0069511202
6.896633e-07,-0.0069403493
6.897633e-07,-0.0069389131
6.898633e-07,-0.0069439396
6.899633e-07,-0.0069468118
6.900633e-07,-0.0069403493
6.901633e-07,-0.0069231158
6.902633e-07,-0.0068994198
6.903633e-07,-0.0068793141
6.904633e-07,-0.0068714154
6.905633e-07,-0.0068800322
6.906633e-07,-0.006901574
6.907633e-07,-0.00692527
6.908633e-07,-0.0069403493
6.909633e-07,-0.0069410673
6.910633e-07,-0.0069281422
6.911633e-07,-0.0069094727
6.912633e-07,-0.0068943934
6.913633e-07,-0.006890085
6.914633e-07,-0.0068958295
6.915633e-07,-0.0069080365
6.916633e-07,-0.0069173713
6.917633e-07,-0.0069195255
6.918633e-07,-0.006913781
6.919633e-07,-0.0069037282
6.920633e-07,-0.0068943934
6.921633e-07,-0.006889367
6.922633e-07,-0.0068872128
6.923633e-07,-0.0068864947
6.924633e-07,-0.0068829044
6.925633e-07,-0.0068764419
6.926633e-07,-0.0068706974
6.927633e-07,-0.0068678251
6.928633e-07,-0.0068714154
6.929633e-07,-0.0068793141
6.930633e-07,-0.0068864947
6.931633e-07,-0.0068886489
6.932633e-07,-0.0068829044
6.933633e-07,-0.0068742877
6.934633e-07,-0.0068706974
6.935633e-07,-0.0068800322
6.936633e-07,-0.0069058824
6.937633e-07,-0.0069417854
6.938633e-07,-0.0069755342
6.939633e-07,-0.0069927677
6.940633e-07,-0.0069863051
6.941633e-07,-0.0069597369
6.942633e-07,-0.0069259881
6.943633e-07,-0.0069037282
6.944633e-07,-0.0069058824
6.945633e-07,-0.0069338867
6.946633e-07,-0.0069784065
6.947633e-07,-0.007020054
6.948633e-07,-0.00704375
6.949633e-07,-0.0070423139
6.950633e-07,-0.0070222082
6.951633e-07,-0.0069985122
6.952633e-07,-0.0069863051
6.953633e-07,-0.0069949219
6.954633e-07,-0.0070222082
6.955633e-07,-0.0070545209
6.956633e-07,-0.0070782169
6.957633e-07,-0.0070832433
6.958633e-07,-0.0070703182
6.959633e-07,-0.0070494945
6.960633e-07,-0.007032261
6.961633e-07,-0.0070279527
6.962633e-07,-0.0070358513
6.963633e-07,-0.0070480584
6.964633e-07,-0.007055239
6.965633e-07,-0.0070494945
6.966633e-07,-0.007032261
6.967633e-07,-0.0070121553
6.968633e-07,-0.0069977941
6.969633e-07,-0.0069970761
6.970633e-07,-0.007008565
6.971633e-07,-0.0070236443
6.972633e-07,-0.007032261
6.973633e-07,-0.0070272346
6.974633e-07,-0.007008565
6.975633e-07,-0.006984151
6.976633e-07,-0.0069633272
6.977633e-07,-0.0069532744
6.978633e-07,-0.0069539924
6.979633e-07,-0.006960455
6.980633e-07,-0.0069633272
6.981633e-07,-0.0069561466
6.982633e-07,-0.0069381951
6.983633e-07,-0.0069144991
6.984633e-07,-0.0068943934
6.985633e-07,-0.0068836225
6.986633e-07,-0.0068829044
6.987633e-07,-0.0068886489
6.988633e-07,-0.0068943934
6.989633e-07,-0.0068943934
6.990633e-07,-0.0068864947
6.991633e-07,-0.0068742877
6.992633e-07,-0.0068599265
6.993633e-07,-0.0068470014
6.994633e-07,-0.0068347943
6.995633e-07,-0.0068204331
6.996633e-07,-0.0068024816
6.997633e-07,-0.0067823759
6.998633e-07,-0.0067644244
6.999633e-07,-0.0067543716
7.000633e-07,-0.0067565257
7.001633e-07,-0.0067687328
7.002633e-07,-0.0067845301
7.003633e-07,-0.006794583
7.004633e-07,-0.0067909926
7.005633e-07,-0.0067730411
7.006633e-07,-0.0067457548
7.007633e-07,-0.0067184685
7.008633e-07,-0.0066990809
7.009633e-07,-0.0066911822
7.010633e-07,-0.0066911822
7.011633e-07,-0.0066919003
7.012633e-07,-0.0066875919
7.013633e-07,-0.0066761029
7.014633e-07,-0.0066617417
7.015633e-07,-0.0066524069
7.016633e-07,-0.006653125
7.017633e-07,-0.0066638959
7.018633e-07,-0.0066796932
7.019633e-07,-0.0066897461
7.020633e-07,-0.0066875919
7.021633e-07,-0.0066717946
7.022633e-07,-0.0066480986
7.023633e-07,-0.0066272748
7.024633e-07,-0.0066186581
7.025633e-07,-0.0066251206
7.026633e-07,-0.0066430722
7.027633e-07,-0.0066624598
7.028633e-07,-0.0066761029
7.029633e-07,-0.0066811294
7.030633e-07,-0.0066811294
7.031633e-07,-0.0066847197
7.032633e-07,-0.0066990809
7.033633e-07,-0.0067249311
7.034633e-07,-0.0067558077
7.035633e-07,-0.0067809398
7.036633e-07,-0.0067909926
7.037633e-07,-0.006783094
7.038633e-07,-0.0067622702
7.039633e-07,-0.0067385742
7.040633e-07,-0.0067220588
7.041633e-07,-0.0067184685
7.042633e-07,-0.0067256491
7.043633e-07,-0.00673642
7.044633e-07,-0.0067450368
7.045633e-07,-0.0067486271
7.046633e-07,-0.0067493451
7.047633e-07,-0.0067550896
7.048633e-07,-0.0067680147
7.049633e-07,-0.0067874023
7.050633e-07,-0.0068046358
7.051633e-07,-0.0068118164
7.052633e-07,-0.0068024816
7.053633e-07,-0.0067809398
7.054633e-07,-0.0067572438
7.055633e-07,-0.0067464729
7.056633e-07,-0.0067565257
7.057633e-07,-0.0067866843
7.058633e-07,-0.0068247415
7.059633e-07,-0.0068534639
7.060633e-07,-0.0068599265
7.061633e-07,-0.0068405388
7.062633e-07,-0.0068046358
7.063633e-07,-0.0067708869
7.064633e-07,-0.0067565257
7.065633e-07,-0.0067687328
7.066633e-07,-0.0068024816
7.067633e-07,-0.006841975
7.068633e-07,-0.0068714154
7.069633e-07,-0.0068800322
7.070633e-07,-0.0068685432
7.071633e-07,-0.0068491556
7.072633e-07,-0.0068369485
7.073633e-07,-0.0068412569
7.074633e-07,-0.0068627987
7.075633e-07,-0.0068929573
7.076633e-07,-0.0069173713
7.077633e-07,-0.0069281422
7.078633e-07,-0.0069238339
7.079633e-07,-0.006913063
7.080633e-07,-0.0069058824
7.081633e-07,-0.0069116268
7.082633e-07,-0.0069302964
7.083633e-07,-0.0069547105
7.084633e-07,-0.0069748162
7.085633e-07,-0.0069834329
7.086633e-07,-0.0069791245
7.087633e-07,-0.0069690717
7.088633e-07,-0.0069633272
7.089633e-07,-0.0069683536
7.090633e-07,-0.006984151
7.091633e-07,-0.0070049747
7.092633e-07,-0.0070207721
7.093633e-07,-0.0070257985
7.094633e-07,-0.0070186179
7.095633e-07,-0.0070064108
7.096633e-07,-0.0069977941
7.097633e-07,-0.0069992302
7.098633e-07,-0.0070135915
7.099633e-07,-0.0070344152
7.100633e-07,-0.007055239
7.101633e-07,-0.0070688821
7.102633e-07,-0.0070731905
7.103633e-07,-0.0070703182
7.104633e-07,-0.0070667279
7.105633e-07,-0.0070660099
7.106633e-07,-0.0070696002
7.107633e-07,-0.0070753447
7.108633e-07,-0.0070782169
7.109633e-07,-0.0070774989
7.110633e-07,-0.0070739085
7.111633e-07,-0.0070731905
7.112633e-07,-0.0070782169
7.113633e-07,-0.007091142
7.114633e-07,-0.0071090935
7.115633e-07,-0.0071256089
7.116633e-07,-0.0071356618
7.117633e-07,-0.0071370979
7.118633e-07,-0.0071327895
7.119633e-07,-0.0071299173
7.120633e-07,-0.0071356618
7.121633e-07,-0.007150741
7.122633e-07,-0.0071715648
7.123633e-07,-0.0071880802
7.124633e-07,-0.0071931066
7.125633e-07,-0.0071816176
7.126633e-07,-0.0071579216
7.127633e-07,-0.0071313534
7.128633e-07,-0.0071126838
7.129633e-07,-0.0071090935
7.130633e-07,-0.0071213006
7.131633e-07,-0.0071414062
7.132633e-07,-0.0071586397
7.133633e-07,-0.0071643842
7.134633e-07,-0.0071550494
7.135633e-07,-0.0071349437
7.136633e-07,-0.0071126838
7.137633e-07,-0.0070961684
7.138633e-07,-0.0070897059
7.139633e-07,-0.0070932962
7.140633e-07,-0.0071011949
7.141633e-07,-0.0071069393
7.142633e-07,-0.0071062213
7.143633e-07,-0.0070997587
7.144633e-07,-0.0070897059
7.145633e-07,-0.0070803711
7.146633e-07,-0.0070760627
7.147633e-07,-0.0070753447
7.148633e-07,-0.0070782169
7.149633e-07,-0.0070810892
7.150633e-07,-0.0070825253
7.151633e-07,-0.0070810892
7.152633e-07,-0.0070782169
7.153633e-07,-0.0070746266
7.154633e-07,-0.0070717544
7.155633e-07,-0.0070688821
7.156633e-07,-0.0070667279
7.157633e-07,-0.0070667279
7.158633e-07,-0.0070696002
7.159633e-07,-0.0070774989
7.160633e-07,-0.0070897059
7.161633e-07,-0.0071047852
7.162633e-07,-0.0071198644
7.163633e-07,-0.0071306353
7.164633e-07,-0.0071356618
7.165633e-07,-0.0071356618
7.166633e-07,-0.0071327895
7.167633e-07,-0.0071320715
7.168633e-07,-0.0071356618
7.169633e-07,-0.0071428424
7.170633e-07,-0.0071528952
7.171633e-07,-0.00716223
7.172633e-07,-0.0071701287
7.173633e-07,-0.0071787454
7.174633e-07,-0.0071909524
7.175633e-07,-0.0072110581
7.176633e-07,-0.0072390625
7.177633e-07,-0.0072706572
7.178633e-07,-0.0072993796
7.179633e-07,-0.0073166131
7.180633e-07,-0.0073194853
7.181633e-07,-0.0073087144
7.182633e-07,-0.0072914809
7.183633e-07,-0.0072778378
7.184633e-07,-0.0072735294
7.185633e-07,-0.0072821461
7.186633e-07,-0.0072986615
7.187633e-07,-0.0073173311
7.188633e-07,-0.0073309743
7.189633e-07,-0.0073360007
7.190633e-07,-0.0073345646
7.191633e-07,-0.0073316923
7.192633e-07,-0.0073309743
7.193633e-07,-0.0073345646
7.194633e-07,-0.0073410271
7.195633e-07,-0.0073446174
7.196633e-07,-0.0073424632
7.197633e-07,-0.0073338465
7.198633e-07,-0.0073237937
7.199633e-07,-0.0073173311
7.200633e-07,-0.0073194853
7.201633e-07,-0.0073309743
7.202633e-07,-0.0073467716
7.203633e-07,-0.0073596967
7.204633e-07,-0.0073654412
7.205633e-07,-0.0073611328
7.206633e-07,-0.0073503619
7.207633e-07,-0.0073381549
7.208633e-07,-0.0073309743
7.209633e-07,-0.0073288201
7.210633e-07,-0.007328102
7.211633e-07,-0.0073230756
7.212633e-07,-0.0073079963
7.213633e-07,-0.0072828642
7.214633e-07,-0.0072541418
7.215633e-07,-0.0072290097
7.216633e-07,-0.0072160846
7.217633e-07,-0.0072175207
7.218633e-07,-0.0072290097
7.219633e-07,-0.0072426528
7.220633e-07,-0.0072505515
7.221633e-07,-0.0072476792
7.222633e-07,-0.0072369083
7.223633e-07,-0.0072239832
7.224633e-07,-0.0072160846
7.225633e-07,-0.0072168026
7.226633e-07,-0.0072232652
7.227633e-07,-0.0072290097
7.228633e-07,-0.0072275735
7.229633e-07,-0.0072153665
7.230633e-07,-0.0071952608
7.231633e-07,-0.007173719
7.232633e-07,-0.0071586397
7.233633e-07,-0.0071536133
7.234633e-07,-0.0071579216
7.235633e-07,-0.0071658203
7.236633e-07,-0.0071701287
7.237633e-07,-0.0071658203
7.238633e-07,-0.0071536133
7.239633e-07,-0.0071378159
7.240633e-07,-0.0071241728
7.241633e-07,-0.0071169922
7.242633e-07,-0.0071162741
7.243633e-07,-0.0071198644
7.244633e-07,-0.0071241728
7.245633e-07,-0.0071277631
7.246633e-07,-0.0071306353
7.247633e-07,-0.0071363798
7.248633e-07,-0.0071471507
7.249633e-07,-0.0071615119
7.250633e-07,-0.0071751551
7.251633e-07,-0.0071837718
7.252633e-07,-0.0071816176
7.253633e-07,-0.0071708467
7.254633e-07,-0.0071564855
7.255633e-07,-0.0071464327
7.256633e-07,-0.0071471507
7.257633e-07,-0.0071593578
7.258633e-07,-0.0071787454
7.259633e-07,-0.0071959789
7.260633e-07,-0.0072045956
7.261633e-07,-0.0072002872
7.262633e-07,-0.0071866441
7.263633e-07,-0.0071701287
7.264633e-07,-0.0071586397
7.265633e-07,-0.0071550494
7.266633e-07,-0.0071593578
7.267633e-07,-0.0071658203
7.268633e-07,-0.0071701287
7.269633e-07,-0.0071694106
7.270633e-07,-0.0071665384
7.271633e-07,-0.0071651023
7.272633e-07,-0.0071701287
7.273633e-07,-0.0071808996
7.274633e-07,-0.0071923886
7.275633e-07,-0.007198133
7.276633e-07,-0.0071931066
7.277633e-07,-0.0071773093
7.278633e-07,-0.0071557675
7.279633e-07,-0.0071399701
7.280633e-07,-0.0071356618
7.281633e-07,-0.0071464327
7.282633e-07,-0.0071679745
7.283633e-07,-0.0071902344
7.284633e-07,-0.0072045956
7.285633e-07,-0.0072067498
7.286633e-07,-0.007198133
7.287633e-07,-0.0071873621
7.288633e-07,-0.0071816176
7.289633e-07,-0.007185926
7.290633e-07,-0.007197415
7.291633e-07,-0.007209622
7.292633e-07,-0.0072160846
7.293633e-07,-0.0072124943
7.294633e-07,-0.0072002872
7.295633e-07,-0.0071880802
7.296633e-07,-0.0071816176
7.297633e-07,-0.007185926
7.298633e-07,-0.007198133
7.299633e-07,-0.0072110581
7.300633e-07,-0.0072160846
7.301633e-07,-0.007208904
7.302633e-07,-0.0071902344
7.303633e-07,-0.0071665384
7.304633e-07,-0.0071471507
7.305633e-07,-0.0071378159
7.306633e-07,-0.0071406882
7.307633e-07,-0.0071493049
7.308633e-07,-0.0071586397
7.309633e-07,-0.00716223
7.310633e-07,-0.0071572036
7.311633e-07,-0.0071471507
7.312633e-07,-0.0071356618
7.313633e-07,-0.007126327
7.314633e-07,-0.0071205825
7.315633e-07,-0.0071162741
7.316633e-07,-0.0071126838
7.317633e-07,-0.0071083755
7.318633e-07,-0.0071055032
7.319633e-07,-0.0071062213
7.320633e-07,-0.0071126838
7.321633e-07,-0.0071234547
7.322633e-07,-0.0071349437
7.323633e-07,-0.0071399701
7.324633e-07,-0.0071356618
7.325633e-07,-0.0071220186
7.326633e-07,-0.007103349
7.327633e-07,-0.0070868336
7.328633e-07,-0.0070782169
7.329633e-07,-0.007078935
7.330633e-07,-0.0070853975
7.331633e-07,-0.0070904239
7.332633e-07,-0.0070897059
7.333633e-07,-0.0070818072
7.334633e-07,-0.0070710363
7.335633e-07,-0.0070638557
7.336633e-07,-0.0070667279
7.337633e-07,-0.0070810892
7.338633e-07,-0.0071019129
7.339633e-07,-0.0071227367
7.340633e-07,-0.0071356618
7.341633e-07,-0.0071378159
7.342633e-07,-0.0071327895
7.343633e-07,-0.007126327
7.344633e-07,-0.0071241728
7.345633e-07,-0.0071299173
7.346633e-07,-0.0071406882
7.347633e-07,-0.0071514591
7.348633e-07,-0.0071586397
7.349633e-07,-0.0071607939
7.350633e-07,-0.0071615119
7.351633e-07,-0.0071665384
7.352633e-07,-0.0071816176
7.353633e-07,-0.0072053136
7.354633e-07,-0.0072326
7.355633e-07,-0.0072534237
7.356633e-07,-0.0072620404
7.357633e-07,-0.0072555779
7.358633e-07,-0.0072404986
7.359633e-07,-0.0072239832
7.360633e-07,-0.0072160846
7.361633e-07,-0.0072196749
7.362633e-07,-0.0072311638
7.363633e-07,-0.0072440889
7.364633e-07,-0.0072505515
7.365633e-07,-0.0072469612
7.366633e-07,-0.0072376264
7.367633e-07,-0.0072282916
7.368633e-07,-0.0072275735
7.369633e-07,-0.0072376264
7.370633e-07,-0.007256296
7.371633e-07,-0.0072742475
7.372633e-07,-0.0072850184
7.373633e-07,-0.0072843003
7.374633e-07,-0.0072749655
7.375633e-07,-0.0072649127
7.376633e-07,-0.0072620404
7.377633e-07,-0.0072699391
7.378633e-07,-0.0072857364
7.379633e-07,-0.0073008157
7.380633e-07,-0.0073079963
7.381633e-07,-0.0073015338
7.382633e-07,-0.0072843003
7.383633e-07,-0.0072641946
7.384633e-07,-0.0072505515
7.385633e-07,-0.0072491153
7.386633e-07,-0.0072598863
7.387633e-07,-0.0072749655
7.388633e-07,-0.0072850184
7.389633e-07,-0.0072843003
7.390633e-07,-0.0072720933
7.391633e-07,-0.0072541418
7.392633e-07,-0.0072390625
7.393633e-07,-0.0072340361
7.394633e-07,-0.0072404986
7.395633e-07,-0.0072519876
7.396633e-07,-0.0072620404
7.397633e-07,-0.0072620404
7.398633e-07,-0.0072512695
7.399633e-07,-0.007233318
7.400633e-07,-0.0072160846
7.401633e-07,-0.0072081859
7.402633e-07,-0.0072139304
7.403633e-07,-0.0072304458
7.404633e-07,-0.0072505515
7.405633e-07,-0.0072663488
7.406633e-07,-0.0072713752
7.407633e-07,-0.0072649127
7.408633e-07,-0.0072505515
7.409633e-07,-0.0072340361
7.410633e-07,-0.007221111
7.411633e-07,-0.0072153665
7.412633e-07,-0.0072160846
7.413633e-07,-0.007221111
7.414633e-07,-0.0072275735
7.415633e-07,-0.0072340361
7.416633e-07,-0.0072390625
7.417633e-07,-0.0072433709
7.418633e-07,-0.0072469612
7.419633e-07,-0.0072491153
7.420633e-07,-0.0072505515
7.421633e-07,-0.0072505515
7.422633e-07,-0.0072505515
7.423633e-07,-0.0072505515
7.424633e-07,-0.0072505515
7.425633e-07,-0.0072505515
7.426633e-07,-0.0072498334
7.427633e-07,-0.0072462431
7.428633e-07,-0.0072390625
7.429633e-07,-0.0072304458
7.430633e-07,-0.0072232652
7.431633e-07,-0.007221829
7.432633e-07,-0.0072275735
7.433633e-07,-0.0072412167
7.434633e-07,-0.0072606043
7.435633e-07,-0.00728071
7.436633e-07,-0.0072965074
7.437633e-07,-0.0073058421
7.438633e-07,-0.0073072783
7.439633e-07,-0.007303688
7.440633e-07,-0.0072965074
7.441633e-07,-0.0072886087
7.442633e-07,-0.0072792739
7.443633e-07,-0.0072706572
7.444633e-07,-0.0072620404
7.445633e-07,-0.0072555779
7.446633e-07,-0.0072541418
7.447633e-07,-0.0072598863
7.448633e-07,-0.0072735294
7.449633e-07,-0.0072936351
7.450633e-07,-0.0073151769
7.451633e-07,-0.0073331284
7.452633e-07,-0.0073424632
7.453633e-07,-0.0073431813
7.454633e-07,-0.0073367187
7.455633e-07,-0.007327384
7.456633e-07,-0.0073194853
7.457633e-07,-0.0073151769
7.458633e-07,-0.0073130227
7.459633e-07,-0.0073115866
7.460633e-07,-0.0073079963
7.461633e-07,-0.0073022518
7.462633e-07,-0.0072943532
7.463633e-07,-0.0072886087
7.464633e-07,-0.0072850184
7.465633e-07,-0.0072850184
7.466633e-07,-0.0072857364
7.467633e-07,-0.0072864545
7.468633e-07,-0.0072850184
7.469633e-07,-0.0072828642
7.470633e-07,-0.0072828642
7.471633e-07,-0.0072878906
7.472633e-07,-0.0072965074
7.473633e-07,-0.0073072783
7.474633e-07,-0.0073137408
7.475633e-07,-0.0073108686
7.476633e-07,-0.0072965074
7.477633e-07,-0.0072735294
7.478633e-07,-0.0072491153
7.479633e-07,-0.0072318819
7.480633e-07,-0.0072275735
7.481633e-07,-0.0072383444
7.482633e-07,-0.0072598863
7.483633e-07,-0.0072857364
7.484633e-07,-0.0073079963
7.485633e-07,-0.0073216395
7.486633e-07,-0.0073266659
7.487633e-07,-0.0073252298
7.488633e-07,-0.0073194853
7.489633e-07,-0.0073108686
7.490633e-07,-0.0073008157
7.491633e-07,-0.0072871726
7.492633e-07,-0.0072735294
7.493633e-07,-0.0072627585
7.494633e-07,-0.0072613224
7.495633e-07,-0.0072728114
7.496633e-07,-0.0072965074
7.497633e-07,-0.007328102
7.498633e-07,-0.0073568244
7.499633e-07,-0.007374776
7.500633e-07,-0.0073769301
7.501633e-07,-0.0073661592
7.502633e-07,-0.0073503619
7.503633e-07,-0.0073403091
7.504633e-07,-0.0073424632
7.505633e-07,-0.0073553883
7.506633e-07,-0.0073719037
7.507633e-07,-0.0073819566
7.508633e-07,-0.0073769301
7.509633e-07,-0.0073568244
7.510633e-07,-0.0073295381
7.511633e-07,-0.0073058421
7.512633e-07,-0.0072965074
7.513633e-07,-0.007303688
7.514633e-07,-0.0073230756
7.515633e-07,-0.0073431813
7.516633e-07,-0.0073539522
7.517633e-07,-0.0073489258
7.518633e-07,-0.0073309743
7.519633e-07,-0.0073065602
7.520633e-07,-0.0072850184
7.521633e-07,-0.0072706572
7.522633e-07,-0.0072641946
7.523633e-07,-0.0072591682
7.524633e-07,-0.0072505515
7.525633e-07,-0.0072376264
7.526633e-07,-0.0072232652
7.527633e-07,-0.0072146484
7.528633e-07,-0.0072160846
7.529633e-07,-0.0072282916
7.530633e-07,-0.0072462431
7.531633e-07,-0.0072598863
7.532633e-07,-0.0072620404
7.533633e-07,-0.0072512695
7.534633e-07,-0.007233318
7.535633e-07,-0.0072182387
7.536633e-07,-0.0072160846
7.537633e-07,-0.0072304458
7.538633e-07,-0.0072555779
7.539633e-07,-0.0072814281
7.540633e-07,-0.0072965074
7.541633e-07,-0.0072957893
7.542633e-07,-0.00728071
7.543633e-07,-0.0072620404
7.544633e-07,-0.0072505515
7.545633e-07,-0.0072527057
7.546633e-07,-0.007268503
7.547633e-07,-0.0072900448
7.548633e-07,-0.0073079963
7.549633e-07,-0.0073151769
7.550633e-07,-0.0073123047
7.551633e-07,-0.0073029699
7.552633e-07,-0.0072965074
7.553633e-07,-0.0072986615
7.554633e-07,-0.0073087144
7.555633e-07,-0.0073216395
7.556633e-07,-0.0073309743
7.557633e-07,-0.0073309743
7.558633e-07,-0.0073230756
7.559633e-07,-0.0073130227
7.560633e-07,-0.0073079963
7.561633e-07,-0.0073137408
7.562633e-07,-0.0073295381
7.563633e-07,-0.0073496438
7.564633e-07,-0.0073654412
7.565633e-07,-0.0073711857
7.566633e-07,-0.0073654412
7.567633e-07,-0.0073532341
7.568633e-07,-0.0073424632
7.569633e-07,-0.007339591
7.570633e-07,-0.0073474897
7.571633e-07,-0.0073618509
7.572633e-07,-0.0073769301
7.573633e-07,-0.007386983
7.574633e-07,-0.0073884191
7.575633e-07,-0.0073833927
7.576633e-07,-0.0073769301
7.577633e-07,-0.0073740579
7.578633e-07,-0.0073776482
7.579633e-07,-0.007386983
7.580633e-07,-0.0073999081
7.581633e-07,-0.0074128332
7.582633e-07,-0.007422886
7.583633e-07,-0.0074300666
7.584633e-07,-0.007434375
7.585633e-07,-0.0074365292
7.586633e-07,-0.0074350931
7.587633e-07,-0.0074307847
7.588633e-07,-0.007422886
7.589633e-07,-0.0074135512
7.590633e-07,-0.0074070887
7.591633e-07,-0.0074056526
7.592633e-07,-0.0074113971
7.593633e-07,-0.007422168
7.594633e-07,-0.0074329389
7.595633e-07,-0.0074379653
7.596633e-07,-0.007434375
7.597633e-07,-0.007422886
7.598633e-07,-0.0074092429
7.599633e-07,-0.0073999081
7.600633e-07,-0.0073999081
7.601633e-07,-0.007410679
7.602633e-07,-0.0074264763
7.603633e-07,-0.0074408375
7.604633e-07,-0.007445864
7.605633e-07,-0.0074379653
7.606633e-07,-0.0074200138
7.607633e-07,-0.0073970358
7.608633e-07,-0.0073769301
7.609633e-07,-0.007363287
7.610633e-07,-0.0073568244
7.611633e-07,-0.0073553883
7.612633e-07,-0.0073539522
7.613633e-07,-0.007351798
7.614633e-07,-0.0073489258
7.615633e-07,-0.0073489258
7.616633e-07,-0.0073539522
7.617633e-07,-0.007363287
7.618633e-07,-0.0073733398
7.619633e-07,-0.0073790843
7.620633e-07,-0.0073769301
7.621633e-07,-0.0073675954
7.622633e-07,-0.0073553883
7.623633e-07,-0.0073489258
7.624633e-07,-0.0073539522
7.625633e-07,-0.0073719037
7.626633e-07,-0.007398472
7.627633e-07,-0.0074257583
7.628633e-07,-0.007445864
7.629633e-07,-0.0074530446
7.630633e-07,-0.0074480182
7.631633e-07,-0.0074358111
7.632633e-07,-0.007422886
7.633633e-07,-0.0074135512
7.634633e-07,-0.0074092429
7.635633e-07,-0.0074056526
7.636633e-07,-0.0073999081
7.637633e-07,-0.0073898552
7.638633e-07,-0.0073776482
7.639633e-07,-0.0073675954
7.640633e-07,-0.0073654412
7.641633e-07,-0.0073726218
7.642633e-07,-0.007386983
7.643633e-07,-0.0074020623
7.644633e-07,-0.0074113971
7.645633e-07,-0.007410679
7.646633e-07,-0.00739919
7.647633e-07,-0.0073826746
7.648633e-07,-0.0073654412
7.649633e-07,-0.0073532341
7.650633e-07,-0.0073474897
7.651633e-07,-0.0073446174
7.652633e-07,-0.0073424632
7.653633e-07,-0.0073367187
7.654633e-07,-0.007327384
7.655633e-07,-0.0073166131
7.656633e-07,-0.0073079963
7.657633e-07,-0.007303688
7.658633e-07,-0.007304406
7.659633e-07,-0.0073065602
7.660633e-07,-0.0073079963
7.661633e-07,-0.0073058421
7.662633e-07,-0.0072993796
7.663633e-07,-0.007292199
7.664633e-07,-0.0072850184
7.665633e-07,-0.007279992
7.666633e-07,-0.0072756836
7.667633e-07,-0.0072706572
7.668633e-07,-0.0072620404
7.669633e-07,-0.0072512695
7.670633e-07,-0.0072404986
7.671633e-07,-0.0072347541
7.672633e-07,-0.0072390625
7.673633e-07,-0.0072534237
7.674633e-07,-0.0072756836
7.675633e-07,-0.0073000977
7.676633e-07,-0.0073194853
7.677633e-07,-0.0073302562
7.678633e-07,-0.0073316923
7.679633e-07,-0.0073266659
7.680633e-07,-0.0073194853
7.681633e-07,-0.0073130227
7.682633e-07,-0.0073094324
7.683633e-07,-0.0073087144
7.684633e-07,-0.0073079963
7.685633e-07,-0.0073079963
7.686633e-07,-0.0073087144
7.687633e-07,-0.0073123047
7.688633e-07,-0.0073194853
7.689633e-07,-0.0073309743
7.690633e-07,-0.0073438994
7.691633e-07,-0.0073561064
7.692633e-07,-0.0073654412
7.693633e-07,-0.0073726218
7.694633e-07,-0.0073790843
7.695633e-07,-0.0073877011
7.696633e-07,-0.0073999081
7.697633e-07,-0.0074128332
7.698633e-07,-0.007422168
7.699633e-07,-0.007422886
7.700633e-07,-0.0074113971
7.701633e-07,-0.0073898552
7.702633e-07,-0.0073640051
7.703633e-07,-0.0073417452
7.704633e-07,-0.0073309743
7.705633e-07,-0.0073331284
7.706633e-07,-0.0073438994
7.707633e-07,-0.0073575425
7.708633e-07,-0.0073654412
7.709633e-07,-0.007363287
7.710633e-07,-0.00735108
7.711633e-07,-0.0073345646
7.712633e-07,-0.0073194853
7.713633e-07,-0.0073123047
7.714633e-07,-0.0073130227
7.715633e-07,-0.0073209214
7.716633e-07,-0.0073309743
7.717633e-07,-0.0073388729
7.718633e-07,-0.0073424632
7.719633e-07,-0.0073431813
7.720633e-07,-0.0073424632
7.721633e-07,-0.0073424632
7.722633e-07,-0.0073446174
7.723633e-07,-0.0073482077
7.724633e-07,-0.0073539522
7.725633e-07,-0.0073618509
7.726633e-07,-0.0073740579
7.727633e-07,-0.0073905733
7.728633e-07,-0.0074113971
7.729633e-07,-0.0074329389
7.730633e-07,-0.0074508904
7.731633e-07,-0.0074595071
7.732633e-07,-0.0074573529
7.733633e-07,-0.007446582
7.734633e-07,-0.0074322208
7.735633e-07,-0.007422886
7.736633e-07,-0.007422886
7.737633e-07,-0.0074329389
7.738633e-07,-0.0074501723
7.739633e-07,-0.0074674058
7.740633e-07,-0.0074803309
7.741633e-07,-0.0074860754
7.742633e-07,-0.0074875115
7.743633e-07,-0.0074875115
7.744633e-07,-0.0074918199
7.745633e-07,-0.0074997185
7.746633e-07,-0.0075068991
7.747633e-07,-0.0075097714
7.748633e-07,-0.0075033088
7.749633e-07,-0.0074882295
7.750633e-07,-0.0074688419
7.751633e-07,-0.0074523265
7.752633e-07,-0.007445864
7.753633e-07,-0.0074501723
7.754633e-07,-0.0074623794
7.755633e-07,-0.0074745864
7.756633e-07,-0.0074803309
7.757633e-07,-0.0074760225
7.758633e-07,-0.0074630974
7.759633e-07,-0.007446582
7.760633e-07,-0.007434375
7.761633e-07,-0.0074293486
7.762633e-07,-0.0074300666
7.763633e-07,-0.0074336569
7.764633e-07,-0.007434375
7.765633e-07,-0.0074286305
7.766633e-07,-0.0074171415
7.767633e-07,-0.0074020623
7.768633e-07,-0.0073884191
7.769633e-07,-0.0073776482
7.770633e-07,-0.0073697495
7.771633e-07,-0.0073625689
7.772633e-07,-0.0073539522
7.773633e-07,-0.0073446174
7.774633e-07,-0.0073360007
7.775633e-07,-0.0073309743
7.776633e-07,-0.0073309743
7.777633e-07,-0.0073338465
7.778633e-07,-0.0073360007
7.779633e-07,-0.0073316923
7.780633e-07,-0.0073194853
7.781633e-07,-0.0073015338
7.782633e-07,-0.0072835823
7.783633e-07,-0.0072735294
7.784633e-07,-0.0072735294
7.785633e-07,-0.0072828642
7.786633e-07,-0.007292917
7.787633e-07,-0.0072957893
7.788633e-07,-0.0072850184
7.789633e-07,-0.0072613224
7.790633e-07,-0.0072311638
7.791633e-07,-0.0072060317
7.792633e-07,-0.0071931066
7.793633e-07,-0.0071945427
7.794633e-07,-0.0072053136
7.795633e-07,-0.0072153665
7.796633e-07,-0.0072160846
7.797633e-07,-0.0072031595
7.798633e-07,-0.0071816176
7.799633e-07,-0.0071600758
7.800633e-07,-0.0071471507
7.801633e-07,-0.0071471507
7.802633e-07,-0.0071564855
7.803633e-07,-0.0071672564
7.804633e-07,-0.0071701287
7.805633e-07,-0.0071607939
7.806633e-07,-0.0071406882
7.807633e-07,-0.0071177102
7.808633e-07,-0.0071011949
7.809633e-07,-0.0070961684
7.810633e-07,-0.0071004768
7.811633e-07,-0.0071090935
7.812633e-07,-0.0071126838
7.813633e-07,-0.0071069393
7.814633e-07,-0.0070925781
7.815633e-07,-0.0070767808
7.816633e-07,-0.0070667279
7.817633e-07,-0.0070681641
7.818633e-07,-0.0070810892
7.819633e-07,-0.0070983226
7.820633e-07,-0.0071126838
7.821633e-07,-0.0071177102
7.822633e-07,-0.0071119658
7.823633e-07,-0.0071004768
7.824633e-07,-0.0070897059
7.825633e-07,-0.0070853975
7.826633e-07,-0.0070904239
7.827633e-07,-0.0071011949
7.828633e-07,-0.0071126838
7.829633e-07,-0.0071205825
7.830633e-07,-0.0071234547
7.831633e-07,-0.0071234547
7.832633e-07,-0.0071241728
7.833633e-07,-0.0071291992
7.834633e-07,-0.0071378159
7.835633e-07,-0.0071493049
7.836633e-07,-0.0071586397
7.837633e-07,-0.0071643842
7.838633e-07,-0.0071651023
7.839633e-07,-0.00716223
7.840633e-07,-0.0071586397
