LECROYHDO6104B,11090,Waveform
Segments,1,SegmentSize,10002
Segment,TrigTime,TimeSinceSegment1
#1,04-May-2026 17:15:30,0                 
Time,Ampl
-2.160237e-07,-0.002735386
-2.159237e-07,-0.0026937385
-2.158237e-07,-0.0026549632
-2.157237e-07,-0.0026197783
-2.156237e-07,-0.0025874655
-2.155237e-07,-0.0025601792
-2.154237e-07,-0.0025400735
-2.153237e-07,-0.0025278665
-2.152237e-07,-0.002522122
-2.151237e-07,-0.0025199678
-2.150237e-07,-0.0025170956
-2.149237e-07,-0.002509915
-2.148237e-07,-0.002498426
-2.147237e-07,-0.0024840648
-2.146237e-07,-0.0024711397
-2.145237e-07,-0.0024646772
-2.144237e-07,-0.0024675494
-2.143237e-07,-0.0024783203
-2.142237e-07,-0.0024941176
-2.141237e-07,-0.0025091969
-2.140237e-07,-0.0025192498
-2.139237e-07,-0.002521404
-2.138237e-07,-0.0025170956
-2.137237e-07,-0.0025084789
-2.136237e-07,-0.0024991441
-2.135237e-07,-0.0024933996
-2.134237e-07,-0.0024941176
-2.133237e-07,-0.0025027344
-2.132237e-07,-0.0025192498
-2.131237e-07,-0.0025407916
-2.130237e-07,-0.0025630515
-2.129237e-07,-0.0025831572
-2.128237e-07,-0.0025982364
-2.127237e-07,-0.0026061351
-2.126237e-07,-0.0026090074
-2.125237e-07,-0.0026097254
-2.124237e-07,-0.0026125977
-2.123237e-07,-0.0026197783
-2.122237e-07,-0.0026319853
-2.121237e-07,-0.0026463465
-2.120237e-07,-0.0026592716
-2.119237e-07,-0.0026664522
-2.118237e-07,-0.0026664522
-2.117237e-07,-0.0026592716
-2.116237e-07,-0.0026492187
-2.115237e-07,-0.0026391659
-2.114237e-07,-0.0026319853
-2.113237e-07,-0.0026269589
-2.112237e-07,-0.0026212144
-2.111237e-07,-0.0026118796
-2.110237e-07,-0.0025975184
-2.109237e-07,-0.0025802849
-2.108237e-07,-0.0025637695
-2.107237e-07,-0.0025537167
-2.106237e-07,-0.0025515625
-2.105237e-07,-0.002557307
-2.104237e-07,-0.0025652057
-2.103237e-07,-0.002568796
-2.102237e-07,-0.0025630515
-2.101237e-07,-0.002545818
-2.100237e-07,-0.0025199678
-2.099237e-07,-0.0024926815
-2.098237e-07,-0.0024711397
-2.097237e-07,-0.0024589327
-2.096237e-07,-0.0024567785
-2.095237e-07,-0.0024589327
-2.094237e-07,-0.0024596507
-2.093237e-07,-0.0024531882
-2.092237e-07,-0.002439545
-2.091237e-07,-0.0024201574
-2.090237e-07,-0.0024022059
-2.089237e-07,-0.002391435
-2.088237e-07,-0.0023907169
-2.087237e-07,-0.0023993336
-2.086237e-07,-0.0024136949
-2.085237e-07,-0.0024280561
-2.084237e-07,-0.0024381089
-2.083237e-07,-0.0024402631
-2.082237e-07,-0.0024366728
-2.081237e-07,-0.0024287741
-2.080237e-07,-0.0024187213
-2.079237e-07,-0.0024093865
-2.078237e-07,-0.0024022059
-2.077237e-07,-0.0023964614
-2.076237e-07,-0.0023928711
-2.075237e-07,-0.0023907169
-2.074237e-07,-0.0023907169
-2.073237e-07,-0.0023928711
-2.072237e-07,-0.0023957433
-2.071237e-07,-0.0023993336
-2.070237e-07,-0.0024022059
-2.069237e-07,-0.002403642
-2.068237e-07,-0.0024050781
-2.067237e-07,-0.0024079504
-2.066237e-07,-0.0024136949
-2.065237e-07,-0.0024237477
-2.064237e-07,-0.0024359547
-2.063237e-07,-0.0024495979
-2.062237e-07,-0.0024596507
-2.061237e-07,-0.0024639591
-2.060237e-07,-0.0024618049
-2.059237e-07,-0.0024553424
-2.058237e-07,-0.0024481618
-2.057237e-07,-0.0024460076
-2.056237e-07,-0.0024524701
-2.055237e-07,-0.0024697036
-2.054237e-07,-0.0024941176
-2.053237e-07,-0.002522122
-2.052237e-07,-0.0025472541
-2.051237e-07,-0.0025652057
-2.050237e-07,-0.0025745404
-2.049237e-07,-0.0025752585
-2.048237e-07,-0.0025723863
-2.047237e-07,-0.0025709501
-2.046237e-07,-0.0025745404
-2.045237e-07,-0.0025853114
-2.044237e-07,-0.0026018267
-2.043237e-07,-0.0026190602
-2.042237e-07,-0.0026319853
-2.041237e-07,-0.0026348575
-2.040237e-07,-0.0026269589
-2.039237e-07,-0.0026082893
-2.038237e-07,-0.0025860294
-2.037237e-07,-0.0025666418
-2.036237e-07,-0.0025565889
-2.035237e-07,-0.0025594612
-2.034237e-07,-0.0025745404
-2.033237e-07,-0.0025960823
-2.032237e-07,-0.002616906
-2.031237e-07,-0.0026305492
-2.030237e-07,-0.0026319853
-2.029237e-07,-0.0026219324
-2.028237e-07,-0.002605417
-2.027237e-07,-0.0025874655
-2.026237e-07,-0.0025745404
-2.025237e-07,-0.002568796
-2.024237e-07,-0.002569514
-2.023237e-07,-0.0025723863
-2.022237e-07,-0.0025745404
-2.021237e-07,-0.0025723863
-2.020237e-07,-0.0025652057
-2.019237e-07,-0.002557307
-2.018237e-07,-0.0025515625
-2.017237e-07,-0.0025522806
-2.016237e-07,-0.0025594612
-2.015237e-07,-0.0025723863
-2.014237e-07,-0.0025860294
-2.013237e-07,-0.0025968003
-2.012237e-07,-0.0026018267
-2.011237e-07,-0.0026011087
-2.010237e-07,-0.0025975184
-2.009237e-07,-0.0025960823
-2.008237e-07,-0.0026003906
-2.007237e-07,-0.0026125977
-2.006237e-07,-0.0026319853
-2.005237e-07,-0.0026549632
-2.004237e-07,-0.0026765051
-2.003237e-07,-0.0026923024
-2.002237e-07,-0.0027009191
-2.001237e-07,-0.0027037914
-2.000237e-07,-0.0027037914
-1.999237e-07,-0.0027052275
-1.998237e-07,-0.0027124081
-1.997237e-07,-0.0027253332
-1.996237e-07,-0.0027418486
-1.995237e-07,-0.002758364
-1.994237e-07,-0.0027698529
-1.993237e-07,-0.0027727252
-1.992237e-07,-0.0027676988
-1.991237e-07,-0.0027569278
-1.990237e-07,-0.002746875
-1.989237e-07,-0.0027425666
-1.988237e-07,-0.0027483111
-1.987237e-07,-0.0027626723
-1.986237e-07,-0.0027813419
-1.985237e-07,-0.0027978573
-1.984237e-07,-0.0028071921
-1.983237e-07,-0.0028043199
-1.982237e-07,-0.0027928309
-1.981237e-07,-0.0027770335
-1.980237e-07,-0.0027655446
-1.979237e-07,-0.0027619543
-1.978237e-07,-0.0027698529
-1.977237e-07,-0.0027849322
-1.976237e-07,-0.0028014476
-1.975237e-07,-0.0028129366
-1.974237e-07,-0.0028158088
-1.973237e-07,-0.0028107824
-1.972237e-07,-0.0028028837
-1.971237e-07,-0.0027992934
-1.970237e-07,-0.0028043199
-1.969237e-07,-0.0028193991
-1.968237e-07,-0.0028423771
-1.967237e-07,-0.0028660731
-1.966237e-07,-0.0028847426
-1.965237e-07,-0.0028947955
-1.964237e-07,-0.0028962316
-1.963237e-07,-0.0028912052
-1.962237e-07,-0.0028847426
-1.961237e-07,-0.0028804343
-1.960237e-07,-0.0028789982
-1.959237e-07,-0.0028811523
-1.958237e-07,-0.0028847426
-1.957237e-07,-0.002889051
-1.956237e-07,-0.0028933594
-1.955237e-07,-0.0028991039
-1.954237e-07,-0.0029077206
-1.953237e-07,-0.0029177734
-1.952237e-07,-0.0029285443
-1.951237e-07,-0.0029371611
-1.950237e-07,-0.0029421875
-1.949237e-07,-0.0029429056
-1.948237e-07,-0.0029414694
-1.947237e-07,-0.0029407514
-1.946237e-07,-0.0029421875
-1.945237e-07,-0.0029464959
-1.944237e-07,-0.0029536765
-1.943237e-07,-0.002960139
-1.942237e-07,-0.0029651654
-1.941237e-07,-0.0029680377
-1.940237e-07,-0.0029701919
-1.939237e-07,-0.002972346
-1.938237e-07,-0.0029766544
-1.937237e-07,-0.0029816808
-1.936237e-07,-0.0029845531
-1.935237e-07,-0.002983835
-1.934237e-07,-0.0029766544
-1.933237e-07,-0.0029651654
-1.932237e-07,-0.0029529584
-1.931237e-07,-0.0029443417
-1.930237e-07,-0.0029421875
-1.929237e-07,-0.0029472139
-1.928237e-07,-0.0029572668
-1.927237e-07,-0.0029680377
-1.926237e-07,-0.0029766544
-1.925237e-07,-0.0029823989
-1.924237e-07,-0.0029859892
-1.923237e-07,-0.0029910156
-1.922237e-07,-0.0029996324
-1.921237e-07,-0.0030104033
-1.920237e-07,-0.0030197381
-1.919237e-07,-0.0030247645
-1.918237e-07,-0.0030226103
-1.917237e-07,-0.0030154297
-1.916237e-07,-0.003007531
-1.915237e-07,-0.0030046588
-1.914237e-07,-0.0030111213
-1.913237e-07,-0.0030262006
-1.912237e-07,-0.0030463063
-1.911237e-07,-0.0030621036
-1.910237e-07,-0.0030685662
-1.909237e-07,-0.0030628217
-1.908237e-07,-0.0030484605
-1.907237e-07,-0.0030326631
-1.906237e-07,-0.0030226103
-1.905237e-07,-0.0030240464
-1.904237e-07,-0.0030376896
-1.903237e-07,-0.0030585133
-1.902237e-07,-0.0030800551
-1.901237e-07,-0.0030965705
-1.900237e-07,-0.0031051873
-1.899237e-07,-0.0031059053
-1.898237e-07,-0.0031030331
-1.897237e-07,-0.0030994428
-1.896237e-07,-0.0030972886
-1.895237e-07,-0.0030987247
-1.894237e-07,-0.0031030331
-1.893237e-07,-0.0031116498
-1.892237e-07,-0.0031238568
-1.891237e-07,-0.0031410903
-1.890237e-07,-0.0031604779
-1.889237e-07,-0.0031791475
-1.888237e-07,-0.0031920726
-1.887237e-07,-0.0031935087
-1.886237e-07,-0.0031834559
-1.885237e-07,-0.0031640682
-1.884237e-07,-0.0031425264
-1.883237e-07,-0.0031274472
-1.882237e-07,-0.003126011
-1.881237e-07,-0.0031389361
-1.880237e-07,-0.0031604779
-1.879237e-07,-0.0031827378
-1.878237e-07,-0.0031949449
-1.877237e-07,-0.0031920726
-1.876237e-07,-0.003173403
-1.875237e-07,-0.0031446806
-1.874237e-07,-0.0031145221
-1.873237e-07,-0.0030893899
-1.872237e-07,-0.0030728745
-1.871237e-07,-0.0030635398
-1.870237e-07,-0.0030570772
-1.869237e-07,-0.0030484605
-1.868237e-07,-0.0030369715
-1.867237e-07,-0.0030233284
-1.866237e-07,-0.0030111213
-1.865237e-07,-0.0030039407
-1.864237e-07,-0.0030032227
-1.863237e-07,-0.003006813
-1.862237e-07,-0.0030111213
-1.861237e-07,-0.0030132755
-1.860237e-07,-0.0030104033
-1.859237e-07,-0.0030053768
-1.858237e-07,-0.0029996324
-1.857237e-07,-0.002996042
-1.856237e-07,-0.002996042
-1.855237e-07,-0.0029981962
-1.854237e-07,-0.0029996324
-1.853237e-07,-0.0029974782
-1.852237e-07,-0.0029917337
-1.851237e-07,-0.002983835
-1.850237e-07,-0.0029766544
-1.849237e-07,-0.0029737822
-1.848237e-07,-0.0029780905
-1.847237e-07,-0.0029874253
-1.846237e-07,-0.0029996324
-1.845237e-07,-0.0030125574
-1.844237e-07,-0.0030240464
-1.843237e-07,-0.0030348173
-1.842237e-07,-0.0030455882
-1.841237e-07,-0.0030585133
-1.840237e-07,-0.0030735926
-1.839237e-07,-0.0030893899
-1.838237e-07,-0.0031030331
-1.837237e-07,-0.0031102137
-1.836237e-07,-0.0031102137
-1.835237e-07,-0.0031030331
-1.834237e-07,-0.0030915441
-1.833237e-07,-0.0030814913
-1.832237e-07,-0.0030771829
-1.831237e-07,-0.0030800551
-1.830237e-07,-0.0030915441
-1.829237e-07,-0.0031073415
-1.828237e-07,-0.0031245749
-1.827237e-07,-0.0031389361
-1.826237e-07,-0.003148989
-1.825237e-07,-0.0031554515
-1.824237e-07,-0.0031597599
-1.823237e-07,-0.0031647863
-1.822237e-07,-0.0031719669
-1.821237e-07,-0.0031820198
-1.820237e-07,-0.0031927907
-1.819237e-07,-0.0032014074
-1.818237e-07,-0.0032064338
-1.817237e-07,-0.0032064338
-1.816237e-07,-0.0032021255
-1.815237e-07,-0.003197099
-1.814237e-07,-0.0031949449
-1.813237e-07,-0.0031992532
-1.812237e-07,-0.0032100241
-1.811237e-07,-0.0032251034
-1.810237e-07,-0.0032409007
-1.809237e-07,-0.0032516716
-1.808237e-07,-0.0032552619
-1.807237e-07,-0.0032502355
-1.806237e-07,-0.0032409007
-1.805237e-07,-0.0032315659
-1.804237e-07,-0.0032272576
-1.803237e-07,-0.0032308479
-1.802237e-07,-0.0032409007
-1.801237e-07,-0.0032531078
-1.800237e-07,-0.0032617245
-1.799237e-07,-0.0032653148
-1.798237e-07,-0.0032638787
-1.797237e-07,-0.0032610064
-1.796237e-07,-0.0032617245
-1.795237e-07,-0.0032710593
-1.794237e-07,-0.0032868566
-1.793237e-07,-0.0033062443
-1.792237e-07,-0.0033234777
-1.791237e-07,-0.0033328125
-1.790237e-07,-0.0033328125
-1.789237e-07,-0.003327068
-1.788237e-07,-0.0033213235
-1.787237e-07,-0.0033227597
-1.786237e-07,-0.0033328125
-1.785237e-07,-0.003350046
-1.784237e-07,-0.0033672794
-1.783237e-07,-0.0033780503
-1.782237e-07,-0.0033787684
-1.781237e-07,-0.0033715878
-1.780237e-07,-0.0033615349
-1.779237e-07,-0.0033586627
-1.778237e-07,-0.0033672794
-1.777237e-07,-0.003386667
-1.776237e-07,-0.0034110811
-1.775237e-07,-0.0034304687
-1.774237e-07,-0.0034362132
-1.773237e-07,-0.0034261604
-1.772237e-07,-0.0034046186
-1.771237e-07,-0.0033816406
-1.770237e-07,-0.0033672794
-1.769237e-07,-0.0033687155
-1.768237e-07,-0.0033852309
-1.767237e-07,-0.0034110811
-1.766237e-07,-0.0034362132
-1.765237e-07,-0.0034520106
-1.764237e-07,-0.0034556009
-1.763237e-07,-0.0034484203
-1.762237e-07,-0.0034362132
-1.761237e-07,-0.0034254423
-1.760237e-07,-0.003421134
-1.759237e-07,-0.003421852
-1.758237e-07,-0.0034247243
-1.757237e-07,-0.0034254423
-1.756237e-07,-0.0034196978
-1.755237e-07,-0.0034074908
-1.754237e-07,-0.0033902574
-1.753237e-07,-0.0033708697
-1.752237e-07,-0.0033514821
-1.751237e-07,-0.0033349667
-1.750237e-07,-0.0033213235
-1.749237e-07,-0.0033119887
-1.748237e-07,-0.0033083984
-1.747237e-07,-0.0033112707
-1.746237e-07,-0.0033213235
-1.745237e-07,-0.0033364028
-1.744237e-07,-0.0033522001
-1.743237e-07,-0.0033636891
-1.742237e-07,-0.0033672794
-1.741237e-07,-0.0033615349
-1.740237e-07,-0.0033493279
-1.739237e-07,-0.0033371209
-1.738237e-07,-0.0033328125
-1.737237e-07,-0.0033399931
-1.736237e-07,-0.0033579446
-1.735237e-07,-0.0033809226
-1.734237e-07,-0.0034017463
-1.733237e-07,-0.0034117992
-1.732237e-07,-0.0034089269
-1.731237e-07,-0.0033960018
-1.730237e-07,-0.0033787684
-1.729237e-07,-0.0033672794
-1.728237e-07,-0.0033672794
-1.727237e-07,-0.0033802045
-1.726237e-07,-0.0034017463
-1.725237e-07,-0.0034240062
-1.724237e-07,-0.0034390855
-1.723237e-07,-0.0034426758
-1.722237e-07,-0.0034362132
-1.721237e-07,-0.0034247243
-1.720237e-07,-0.0034161075
-1.719237e-07,-0.0034153895
-1.718237e-07,-0.0034247243
-1.717237e-07,-0.0034426758
-1.716237e-07,-0.0034627815
-1.715237e-07,-0.0034814511
-1.714237e-07,-0.0034936581
-1.713237e-07,-0.0034994026
-1.712237e-07,-0.0035015568
-1.711237e-07,-0.0035022748
-1.710237e-07,-0.0035051471
-1.709237e-07,-0.0035101735
-1.708237e-07,-0.0035173541
-1.707237e-07,-0.0035238166
-1.706237e-07,-0.003528125
-1.705237e-07,-0.0035317153
-1.704237e-07,-0.0035353056
-1.703237e-07,-0.0035417682
-1.702237e-07,-0.0035511029
-1.701237e-07,-0.0035618739
-1.700237e-07,-0.0035719267
-1.699237e-07,-0.0035762351
-1.698237e-07,-0.0035740809
-1.697237e-07,-0.0035661822
-1.696237e-07,-0.0035561294
-1.695237e-07,-0.0035496668
-1.694237e-07,-0.0035511029
-1.693237e-07,-0.0035618739
-1.692237e-07,-0.0035791073
-1.691237e-07,-0.0035970588
-1.690237e-07,-0.0036085478
-1.689237e-07,-0.0036092659
-1.688237e-07,-0.0035984949
-1.687237e-07,-0.0035805434
-1.686237e-07,-0.0035625919
-1.685237e-07,-0.0035511029
-1.684237e-07,-0.003551821
-1.683237e-07,-0.0035647461
-1.682237e-07,-0.0035855699
-1.681237e-07,-0.0036085478
-1.680237e-07,-0.0036279354
-1.679237e-07,-0.0036394244
-1.678237e-07,-0.0036430147
-1.677237e-07,-0.0036408605
-1.676237e-07,-0.0036372702
-1.675237e-07,-0.0036336799
-1.674237e-07,-0.0036315257
-1.673237e-07,-0.0036308077
-1.672237e-07,-0.0036308077
-1.671237e-07,-0.0036308077
-1.670237e-07,-0.0036315257
-1.669237e-07,-0.003634398
-1.668237e-07,-0.0036401425
-1.667237e-07,-0.0036473231
-1.666237e-07,-0.0036545037
-1.665237e-07,-0.003658094
-1.664237e-07,-0.0036559398
-1.663237e-07,-0.0036494773
-1.662237e-07,-0.0036430147
-1.661237e-07,-0.0036422966
-1.660237e-07,-0.0036509134
-1.659237e-07,-0.0036717371
-1.658237e-07,-0.0037004596
-1.657237e-07,-0.0037284639
-1.656237e-07,-0.0037471335
-1.655237e-07,-0.0037500057
-1.654237e-07,-0.0037349265
-1.653237e-07,-0.0037076402
-1.652237e-07,-0.0036767636
-1.651237e-07,-0.0036530676
-1.650237e-07,-0.0036430147
-1.649237e-07,-0.0036480411
-1.648237e-07,-0.0036638385
-1.647237e-07,-0.0036839442
-1.646237e-07,-0.0037004596
-1.645237e-07,-0.0037105124
-1.644237e-07,-0.0037141027
-1.643237e-07,-0.0037141027
-1.642237e-07,-0.0037119485
-1.641237e-07,-0.0037090763
-1.640237e-07,-0.0037033318
-1.639237e-07,-0.003693279
-1.638237e-07,-0.0036774816
-1.637237e-07,-0.003658812
-1.636237e-07,-0.0036430147
-1.635237e-07,-0.0036358341
-1.634237e-07,-0.0036430147
-1.633237e-07,-0.0036631204
-1.632237e-07,-0.0036904067
-1.631237e-07,-0.003716975
-1.630237e-07,-0.0037349265
-1.629237e-07,-0.0037399529
-1.628237e-07,-0.0037334903
-1.627237e-07,-0.0037220014
-1.626237e-07,-0.0037119485
-1.625237e-07,-0.0037083582
-1.624237e-07,-0.0037119485
-1.623237e-07,-0.0037191291
-1.622237e-07,-0.0037234375
-1.621237e-07,-0.0037212833
-1.620237e-07,-0.0037119485
-1.619237e-07,-0.0036997415
-1.618237e-07,-0.0036889706
-1.617237e-07,-0.0036853803
-1.616237e-07,-0.0036918428
-1.615237e-07,-0.003705486
-1.614237e-07,-0.0037234375
-1.613237e-07,-0.003740671
-1.612237e-07,-0.0037543141
-1.611237e-07,-0.0037629308
-1.610237e-07,-0.0037693934
-1.609237e-07,-0.0037751379
-1.608237e-07,-0.0037808824
-1.607237e-07,-0.0037866268
-1.606237e-07,-0.0037923713
-1.605237e-07,-0.0037966797
-1.604237e-07,-0.0037995519
-1.603237e-07,-0.0038009881
-1.602237e-07,-0.0038038603
-1.601237e-07,-0.0038081687
-1.600237e-07,-0.0038131951
-1.599237e-07,-0.0038196576
-1.598237e-07,-0.0038268382
-1.597237e-07,-0.0038347369
-1.596237e-07,-0.0038447898
-1.595237e-07,-0.0038577148
-1.594237e-07,-0.0038727941
-1.593237e-07,-0.0038878734
-1.592237e-07,-0.0038986443
-1.591237e-07,-0.0039022346
-1.590237e-07,-0.0038957721
-1.589237e-07,-0.0038821289
-1.588237e-07,-0.0038656135
-1.587237e-07,-0.0038526884
-1.586237e-07,-0.0038498162
-1.585237e-07,-0.0038577148
-1.584237e-07,-0.0038742302
-1.583237e-07,-0.0038928998
-1.582237e-07,-0.003907261
-1.581237e-07,-0.0039122875
-1.580237e-07,-0.003907261
-1.579237e-07,-0.0038964901
-1.578237e-07,-0.0038842831
-1.577237e-07,-0.0038763844
-1.576237e-07,-0.0038742302
-1.575237e-07,-0.0038778205
-1.574237e-07,-0.0038842831
-1.573237e-07,-0.0038900276
-1.572237e-07,-0.0038936179
-1.571237e-07,-0.0038943359
-1.570237e-07,-0.0038957721
-1.569237e-07,-0.0038979262
-1.568237e-07,-0.0039015165
-1.567237e-07,-0.0039058249
-1.566237e-07,-0.003907261
-1.565237e-07,-0.0039051068
-1.564237e-07,-0.0038993624
-1.563237e-07,-0.0038914637
-1.562237e-07,-0.0038842831
-1.561237e-07,-0.0038792567
-1.560237e-07,-0.0038771025
-1.559237e-07,-0.0038756664
-1.558237e-07,-0.0038727941
-1.557237e-07,-0.0038656135
-1.556237e-07,-0.0038555607
-1.555237e-07,-0.0038455078
-1.554237e-07,-0.0038383272
-1.553237e-07,-0.0038390453
-1.552237e-07,-0.0038490981
-1.551237e-07,-0.0038656135
-1.550237e-07,-0.0038842831
-1.549237e-07,-0.0038993624
-1.548237e-07,-0.0039043888
-1.547237e-07,-0.0038993624
-1.546237e-07,-0.0038842831
-1.545237e-07,-0.0038641774
-1.544237e-07,-0.0038455078
-1.543237e-07,-0.0038318647
-1.542237e-07,-0.0038268382
-1.541237e-07,-0.0038297105
-1.540237e-07,-0.0038376091
-1.539237e-07,-0.0038455078
-1.538237e-07,-0.0038498162
-1.537237e-07,-0.0038483801
-1.536237e-07,-0.0038419175
-1.535237e-07,-0.0038333008
-1.534237e-07,-0.0038268382
-1.533237e-07,-0.0038261202
-1.532237e-07,-0.0038347369
-1.531237e-07,-0.0038512523
-1.530237e-07,-0.0038727941
-1.529237e-07,-0.003895054
-1.528237e-07,-0.0039137236
-1.527237e-07,-0.0039252125
-1.526237e-07,-0.003930239
-1.525237e-07,-0.003930957
-1.524237e-07,-0.003930957
-1.523237e-07,-0.0039338293
-1.522237e-07,-0.0039417279
-1.521237e-07,-0.003953935
-1.520237e-07,-0.0039682962
-1.519237e-07,-0.0039840935
-1.518237e-07,-0.0039991728
-1.517237e-07,-0.0040142521
-1.516237e-07,-0.0040307675
-1.515237e-07,-0.004049437
-1.514237e-07,-0.0040681066
-1.513237e-07,-0.004084622
-1.512237e-07,-0.004096829
-1.511237e-07,-0.0041025735
-1.510237e-07,-0.0041025735
-1.509237e-07,-0.0041018555
-1.508237e-07,-0.0041054458
-1.507237e-07,-0.0041169347
-1.506237e-07,-0.0041370404
-1.505237e-07,-0.0041628906
-1.504237e-07,-0.0041887408
-1.503237e-07,-0.0042081284
-1.502237e-07,-0.0042174632
-1.501237e-07,-0.0042181813
-1.500237e-07,-0.0042153091
-1.499237e-07,-0.0042138729
-1.498237e-07,-0.0042174632
-1.497237e-07,-0.0042275161
-1.496237e-07,-0.0042404412
-1.495237e-07,-0.0042533663
-1.494237e-07,-0.0042634191
-1.493237e-07,-0.0042720358
-1.492237e-07,-0.0042820887
-1.491237e-07,-0.004297886
-1.490237e-07,-0.004320864
-1.489237e-07,-0.0043488683
-1.488237e-07,-0.0043754366
-1.487237e-07,-0.0043941062
-1.486237e-07,-0.0044012868
-1.485237e-07,-0.0043969784
-1.484237e-07,-0.0043869256
-1.483237e-07,-0.0043790269
-1.482237e-07,-0.0043783088
-1.481237e-07,-0.0043869256
-1.480237e-07,-0.0044012868
-1.479237e-07,-0.004415648
-1.478237e-07,-0.0044242647
-1.477237e-07,-0.0044249828
-1.476237e-07,-0.0044199563
-1.475237e-07,-0.0044142119
-1.474237e-07,-0.0044127757
-1.473237e-07,-0.004415648
-1.472237e-07,-0.0044206744
-1.471237e-07,-0.0044213925
-1.470237e-07,-0.0044127757
-1.469237e-07,-0.0043948242
-1.468237e-07,-0.0043711282
-1.467237e-07,-0.0043481503
-1.466237e-07,-0.0043323529
-1.465237e-07,-0.0043266085
-1.464237e-07,-0.0043287626
-1.463237e-07,-0.0043323529
-1.462237e-07,-0.0043323529
-1.461237e-07,-0.0043251723
-1.460237e-07,-0.0043136834
-1.459237e-07,-0.0043029125
-1.458237e-07,-0.004297886
-1.457237e-07,-0.0043007583
-1.456237e-07,-0.0043100931
-1.455237e-07,-0.0043179917
-1.454237e-07,-0.004320864
-1.453237e-07,-0.0043151195
-1.452237e-07,-0.0043029125
-1.451237e-07,-0.0042914235
-1.450237e-07,-0.0042863971
-1.449237e-07,-0.0042914235
-1.448237e-07,-0.0043029125
-1.447237e-07,-0.0043158375
-1.446237e-07,-0.004320864
-1.445237e-07,-0.0043144014
-1.444237e-07,-0.004297886
-1.443237e-07,-0.0042777803
-1.442237e-07,-0.0042634191
-1.441237e-07,-0.0042612649
-1.440237e-07,-0.0042727539
-1.439237e-07,-0.0042914235
-1.438237e-07,-0.004309375
-1.437237e-07,-0.0043179917
-1.436237e-07,-0.0043129653
-1.435237e-07,-0.0042964499
-1.434237e-07,-0.0042749081
-1.433237e-07,-0.0042562385
-1.432237e-07,-0.0042461857
-1.431237e-07,-0.0042454676
-1.430237e-07,-0.0042519301
-1.429237e-07,-0.0042605469
-1.428237e-07,-0.0042677275
-1.427237e-07,-0.0042720358
-1.426237e-07,-0.0042749081
-1.425237e-07,-0.0042777803
-1.424237e-07,-0.0042835248
-1.423237e-07,-0.0042907054
-1.422237e-07,-0.004297886
-1.421237e-07,-0.0043021944
-1.420237e-07,-0.0043014763
-1.419237e-07,-0.0042957318
-1.418237e-07,-0.0042863971
-1.417237e-07,-0.0042756261
-1.416237e-07,-0.0042648552
-1.415237e-07,-0.0042569566
-1.414237e-07,-0.0042519301
-1.413237e-07,-0.0042490579
-1.412237e-07,-0.0042483398
-1.411237e-07,-0.0042490579
-1.410237e-07,-0.0042519301
-1.409237e-07,-0.0042569566
-1.408237e-07,-0.0042627011
-1.407237e-07,-0.0042691636
-1.406237e-07,-0.0042749081
-1.405237e-07,-0.0042799345
-1.404237e-07,-0.0042835248
-1.403237e-07,-0.004285679
-1.402237e-07,-0.0042863971
-1.401237e-07,-0.0042849609
-1.400237e-07,-0.0042813706
-1.399237e-07,-0.004273472
-1.398237e-07,-0.0042634191
-1.397237e-07,-0.0042526482
-1.396237e-07,-0.0042433134
-1.395237e-07,-0.0042390051
-1.394237e-07,-0.0042404412
-1.393237e-07,-0.0042469037
-1.392237e-07,-0.0042569566
-1.391237e-07,-0.0042662914
-1.390237e-07,-0.0042749081
-1.389237e-07,-0.0042813706
-1.388237e-07,-0.0042863971
-1.387237e-07,-0.0042921415
-1.386237e-07,-0.004297886
-1.385237e-07,-0.0043021944
-1.384237e-07,-0.0043029125
-1.383237e-07,-0.004297886
-1.382237e-07,-0.0042863971
-1.381237e-07,-0.0042720358
-1.380237e-07,-0.0042583927
-1.379237e-07,-0.0042512121
-1.378237e-07,-0.0042519301
-1.377237e-07,-0.0042605469
-1.376237e-07,-0.0042720358
-1.375237e-07,-0.0042820887
-1.374237e-07,-0.0042863971
-1.373237e-07,-0.0042842429
-1.372237e-07,-0.0042770623
-1.371237e-07,-0.0042691636
-1.370237e-07,-0.0042634191
-1.369237e-07,-0.0042605469
-1.368237e-07,-0.0042591108
-1.367237e-07,-0.0042569566
-1.366237e-07,-0.0042519301
-1.365237e-07,-0.0042461857
-1.364237e-07,-0.0042418773
-1.363237e-07,-0.0042433134
-1.362237e-07,-0.0042519301
-1.361237e-07,-0.0042662914
-1.360237e-07,-0.0042820887
-1.359237e-07,-0.0042935777
-1.358237e-07,-0.004297886
-1.357237e-07,-0.0042950138
-1.356237e-07,-0.0042892693
-1.355237e-07,-0.0042849609
-1.354237e-07,-0.0042863971
-1.353237e-07,-0.0042935777
-1.352237e-07,-0.0043029125
-1.351237e-07,-0.004309375
-1.350237e-07,-0.004309375
-1.349237e-07,-0.0043029125
-1.348237e-07,-0.0042928596
-1.347237e-07,-0.0042863971
-1.346237e-07,-0.0042863971
-1.345237e-07,-0.0042950138
-1.344237e-07,-0.0043086569
-1.343237e-07,-0.0043230182
-1.342237e-07,-0.0043323529
-1.341237e-07,-0.0043366613
-1.340237e-07,-0.0043373794
-1.339237e-07,-0.0043388155
-1.338237e-07,-0.0043438419
-1.337237e-07,-0.0043524586
-1.336237e-07,-0.0043610754
-1.335237e-07,-0.0043632295
-1.334237e-07,-0.0043553309
-1.333237e-07,-0.0043388155
-1.332237e-07,-0.0043187098
-1.331237e-07,-0.0043029125
-1.330237e-07,-0.004297886
-1.329237e-07,-0.0043043486
-1.328237e-07,-0.0043194278
-1.327237e-07,-0.0043345071
-1.326237e-07,-0.0043438419
-1.325237e-07,-0.0043438419
-1.324237e-07,-0.0043380974
-1.323237e-07,-0.0043316349
-1.322237e-07,-0.0043323529
-1.321237e-07,-0.0043424058
-1.320237e-07,-0.0043596392
-1.319237e-07,-0.0043775908
-1.318237e-07,-0.0043897978
-1.317237e-07,-0.00439267
-1.316237e-07,-0.0043890797
-1.315237e-07,-0.0043854894
-1.314237e-07,-0.0043897978
-1.313237e-07,-0.0044055951
-1.312237e-07,-0.0044307273
-1.311237e-07,-0.0044587316
-1.310237e-07,-0.0044817096
-1.309237e-07,-0.0044924805
-1.308237e-07,-0.0044910443
-1.307237e-07,-0.0044809915
-1.306237e-07,-0.0044702206
-1.305237e-07,-0.0044644761
-1.304237e-07,-0.0044644761
-1.303237e-07,-0.0044687845
-1.302237e-07,-0.0044702206
-1.301237e-07,-0.0044651942
-1.300237e-07,-0.0044522691
-1.299237e-07,-0.0044364717
-1.298237e-07,-0.0044242647
-1.297237e-07,-0.0044206744
-1.296237e-07,-0.004427855
-1.295237e-07,-0.0044429343
-1.294237e-07,-0.0044587316
-1.293237e-07,-0.0044687845
-1.292237e-07,-0.0044709386
-1.291237e-07,-0.0044659122
-1.290237e-07,-0.0044587316
-1.289237e-07,-0.0044558594
-1.288237e-07,-0.0044601677
-1.287237e-07,-0.0044709386
-1.286237e-07,-0.0044817096
-1.285237e-07,-0.004487454
-1.284237e-07,-0.0044838637
-1.283237e-07,-0.0044723748
-1.282237e-07,-0.0044587316
-1.281237e-07,-0.004450833
-1.280237e-07,-0.0044544233
-1.279237e-07,-0.0044695025
-1.278237e-07,-0.0044931985
-1.277237e-07,-0.0045161765
-1.276237e-07,-0.0045319738
-1.275237e-07,-0.004534846
-1.274237e-07,-0.0045276654
-1.273237e-07,-0.0045154584
-1.272237e-07,-0.0045061236
-1.271237e-07,-0.0045061236
-1.270237e-07,-0.0045161765
-1.269237e-07,-0.004534128
-1.268237e-07,-0.0045542337
-1.267237e-07,-0.0045714671
-1.266237e-07,-0.0045851103
-1.265237e-07,-0.0045965993
-1.264237e-07,-0.0046095244
-1.263237e-07,-0.004628912
-1.262237e-07,-0.0046540441
-1.261237e-07,-0.0046806124
-1.260237e-07,-0.0047014361
-1.259237e-07,-0.0047093348
-1.258237e-07,-0.0047
-1.257237e-07,-0.0046770221
-1.256237e-07,-0.0046490177
-1.255237e-07,-0.0046267578
-1.254237e-07,-0.0046195772
-1.253237e-07,-0.0046310662
-1.252237e-07,-0.0046569164
-1.251237e-07,-0.004687793
-1.250237e-07,-0.004711489
-1.249237e-07,-0.0047201057
-1.248237e-07,-0.0047129251
-1.247237e-07,-0.0046956916
-1.246237e-07,-0.0046770221
-1.245237e-07,-0.0046669692
-1.244237e-07,-0.0046698415
-1.243237e-07,-0.0046834846
-1.242237e-07,-0.0047
-1.241237e-07,-0.0047107709
-1.240237e-07,-0.0047093348
-1.239237e-07,-0.0046956916
-1.238237e-07,-0.0046770221
-1.237237e-07,-0.0046619428
-1.236237e-07,-0.0046583525
-1.235237e-07,-0.0046691234
-1.234237e-07,-0.004688511
-1.233237e-07,-0.0047078987
-1.232237e-07,-0.0047165154
-1.231237e-07,-0.0047100528
-1.230237e-07,-0.004688511
-1.229237e-07,-0.0046605067
-1.228237e-07,-0.0046368107
-1.227237e-07,-0.0046260398
-1.226237e-07,-0.0046310662
-1.225237e-07,-0.0046468635
-1.224237e-07,-0.0046633789
-1.223237e-07,-0.0046712776
-1.222237e-07,-0.0046655331
-1.221237e-07,-0.0046468635
-1.220237e-07,-0.0046231675
-1.219237e-07,-0.0046037799
-1.218237e-07,-0.0045965993
-1.217237e-07,-0.0046044979
-1.216237e-07,-0.0046224494
-1.215237e-07,-0.0046418371
-1.214237e-07,-0.0046540441
-1.213237e-07,-0.0046540441
-1.212237e-07,-0.0046432732
-1.211237e-07,-0.0046253217
-1.210237e-07,-0.0046080882
-1.209237e-07,-0.0045965993
-1.208237e-07,-0.004593009
-1.207237e-07,-0.0045944451
-1.206237e-07,-0.0045965993
-1.205237e-07,-0.0045951631
-1.204237e-07,-0.0045901367
-1.203237e-07,-0.00458152
-1.202237e-07,-0.0045736213
-1.201237e-07,-0.004569313
-1.200237e-07,-0.0045685949
-1.199237e-07,-0.0045714671
-1.198237e-07,-0.0045736213
-1.197237e-07,-0.0045729033
-1.196237e-07,-0.0045678768
-1.195237e-07,-0.0045599782
-1.194237e-07,-0.0045506434
-1.193237e-07,-0.0045420267
-1.192237e-07,-0.0045334099
-1.191237e-07,-0.0045255113
-1.190237e-07,-0.0045161765
-1.189237e-07,-0.0045054056
-1.188237e-07,-0.0044939166
-1.187237e-07,-0.0044852999
-1.186237e-07,-0.0044817096
-1.185237e-07,-0.0044852999
-1.184237e-07,-0.0044939166
-1.183237e-07,-0.0045061236
-1.182237e-07,-0.0045161765
-1.181237e-07,-0.004522639
-1.180237e-07,-0.0045240751
-1.179237e-07,-0.0045247932
-1.178237e-07,-0.0045276654
-1.177237e-07,-0.0045362822
-1.176237e-07,-0.0045499253
-1.175237e-07,-0.0045678768
-1.174237e-07,-0.0045851103
-1.173237e-07,-0.0045965993
-1.172237e-07,-0.0046016257
-1.171237e-07,-0.0046001896
-1.170237e-07,-0.0045965993
-1.169237e-07,-0.0045958812
-1.168237e-07,-0.0046016257
-1.167237e-07,-0.0046138327
-1.166237e-07,-0.0046310662
-1.165237e-07,-0.0046482996
-1.164237e-07,-0.0046605067
-1.163237e-07,-0.0046662511
-1.162237e-07,-0.0046655331
-1.161237e-07,-0.0046612247
-1.160237e-07,-0.0046583525
-1.159237e-07,-0.0046590705
-1.158237e-07,-0.0046655331
-1.157237e-07,-0.004676304
-1.156237e-07,-0.0046870749
-1.155237e-07,-0.0046964097
-1.154237e-07,-0.0047
-1.153237e-07,-0.0046978458
-1.152237e-07,-0.0046913833
-1.151237e-07,-0.0046834846
-1.150237e-07,-0.0046770221
-1.149237e-07,-0.0046748679
-1.148237e-07,-0.0046770221
-1.147237e-07,-0.0046820485
-1.146237e-07,-0.004688511
-1.145237e-07,-0.0046935375
-1.144237e-07,-0.0046942555
-1.143237e-07,-0.0046928194
-1.142237e-07,-0.004688511
-1.141237e-07,-0.0046849207
-1.140237e-07,-0.0046834846
-1.139237e-07,-0.0046849207
-1.138237e-07,-0.004688511
-1.137237e-07,-0.0046928194
-1.136237e-07,-0.0046949736
-1.135237e-07,-0.0046935375
-1.134237e-07,-0.004688511
-1.133237e-07,-0.0046813304
-1.132237e-07,-0.0046734318
-1.131237e-07,-0.0046676873
-1.130237e-07,-0.0046655331
-1.129237e-07,-0.0046662511
-1.128237e-07,-0.0046691234
-1.127237e-07,-0.0046734318
-1.126237e-07,-0.0046770221
-1.125237e-07,-0.0046813304
-1.124237e-07,-0.0046863568
-1.123237e-07,-0.0046928194
-1.122237e-07,-0.0047
-1.121237e-07,-0.0047071806
-1.120237e-07,-0.0047136432
-1.119237e-07,-0.0047179515
-1.118237e-07,-0.0047229779
-1.117237e-07,-0.0047301585
-1.116237e-07,-0.0047438017
-1.115237e-07,-0.0047646255
-1.114237e-07,-0.0047919118
-1.113237e-07,-0.0048227884
-1.112237e-07,-0.0048507927
-1.111237e-07,-0.0048723346
-1.110237e-07,-0.0048838235
-1.109237e-07,-0.0048881319
-1.108237e-07,-0.00488885
-1.107237e-07,-0.0048938764
-1.106237e-07,-0.0049068015
-1.105237e-07,-0.0049297794
-1.104237e-07,-0.004960656
-1.103237e-07,-0.0049929687
-1.102237e-07,-0.0050216912
-1.101237e-07,-0.0050425149
-1.100237e-07,-0.005054722
-1.099237e-07,-0.0050611845
-1.098237e-07,-0.0050676471
-1.097237e-07,-0.0050769818
-1.096237e-07,-0.0050913431
-1.095237e-07,-0.0051085765
-1.094237e-07,-0.0051250919
-1.093237e-07,-0.0051372989
-1.092237e-07,-0.0051423254
-1.091237e-07,-0.0051408892
-1.090237e-07,-0.0051365809
-1.089237e-07,-0.0051322725
-1.088237e-07,-0.0051301183
-1.087237e-07,-0.0051322725
-1.086237e-07,-0.0051365809
-1.085237e-07,-0.0051408892
-1.084237e-07,-0.0051437615
-1.083237e-07,-0.0051416073
-1.082237e-07,-0.0051365809
-1.081237e-07,-0.0051286822
-1.080237e-07,-0.0051193474
-1.079237e-07,-0.0051100126
-1.078237e-07,-0.005102114
-1.077237e-07,-0.0050963695
-1.076237e-07,-0.0050927792
-1.075237e-07,-0.005090625
-1.074237e-07,-0.005090625
-1.073237e-07,-0.005090625
-1.072237e-07,-0.0050899069
-1.071237e-07,-0.0050863166
-1.070237e-07,-0.005079136
-1.069237e-07,-0.0050690832
-1.068237e-07,-0.0050561581
-1.067237e-07,-0.0050439511
-1.066237e-07,-0.0050331801
-1.065237e-07,-0.0050267176
-1.064237e-07,-0.0050252815
-1.063237e-07,-0.0050274357
-1.062237e-07,-0.0050331801
-1.061237e-07,-0.0050403608
-1.060237e-07,-0.0050489775
-1.059237e-07,-0.0050575942
-1.058237e-07,-0.0050676471
-1.057237e-07,-0.005078418
-1.056237e-07,-0.005090625
-1.055237e-07,-0.005102832
-1.054237e-07,-0.0051136029
-1.053237e-07,-0.0051215016
-1.052237e-07,-0.0051243739
-1.051237e-07,-0.0051215016
-1.050237e-07,-0.0051136029
-1.049237e-07,-0.0051013959
-1.048237e-07,-0.0050870347
-1.047237e-07,-0.0050748277
-1.046237e-07,-0.0050676471
-1.045237e-07,-0.0050683651
-1.044237e-07,-0.0050776999
-1.043237e-07,-0.0050942153
-1.042237e-07,-0.0051136029
-1.041237e-07,-0.0051301183
-1.040237e-07,-0.0051387351
-1.039237e-07,-0.0051372989
-1.038237e-07,-0.0051250919
-1.037237e-07,-0.0051064223
-1.036237e-07,-0.0050855986
-1.035237e-07,-0.0050683651
-1.034237e-07,-0.0050561581
-1.033237e-07,-0.0050496955
-1.032237e-07,-0.0050468233
-1.031237e-07,-0.0050453872
-1.030237e-07,-0.0050446691
-1.029237e-07,-0.0050446691
-1.028237e-07,-0.0050461052
-1.027237e-07,-0.0050496955
-1.026237e-07,-0.0050561581
-1.025237e-07,-0.0050611845
-1.024237e-07,-0.0050626206
-1.023237e-07,-0.0050568761
-1.022237e-07,-0.0050446691
-1.021237e-07,-0.0050295898
-1.020237e-07,-0.0050159467
-1.019237e-07,-0.0050087661
-1.018237e-07,-0.0050102022
-1.017237e-07,-0.0050173828
-1.016237e-07,-0.0050245634
-1.015237e-07,-0.0050267176
-1.014237e-07,-0.0050216912
-1.013237e-07,-0.0050109203
-1.012237e-07,-0.0049994313
-1.011237e-07,-0.0049936868
-1.010237e-07,-0.0049987132
-1.009237e-07,-0.0050145106
-1.008237e-07,-0.0050353343
-1.007237e-07,-0.00505544
-1.006237e-07,-0.0050676471
-1.005237e-07,-0.0050690832
-1.004237e-07,-0.0050604665
-1.003237e-07,-0.0050468233
-1.002237e-07,-0.0050331801
-1.001237e-07,-0.0050224092
-1.000237e-07,-0.0050159467
-9.992374e-08,-0.0050116383
-9.982374e-08,-0.0050102022
-9.972374e-08,-0.0050109203
-9.962374e-08,-0.0050159467
-9.952374e-08,-0.0050274357
-9.942374e-08,-0.0050446691
-9.932374e-08,-0.0050640568
-9.922374e-08,-0.005079136
-9.912374e-08,-0.0050848805
-9.902374e-08,-0.005079136
-9.892374e-08,-0.0050647748
-9.882374e-08,-0.0050489775
-9.872374e-08,-0.0050403608
-9.862374e-08,-0.0050446691
-9.852374e-08,-0.0050619026
-9.842374e-08,-0.0050870347
-9.832374e-08,-0.0051100126
-9.822374e-08,-0.0051250919
-9.812374e-08,-0.0051294003
-9.802374e-08,-0.0051279642
-9.792374e-08,-0.0051279642
-9.782374e-08,-0.0051365809
-9.772374e-08,-0.0051552505
-9.762374e-08,-0.0051811006
-9.752374e-08,-0.0052040786
-9.742374e-08,-0.0052170037
-9.732374e-08,-0.0052155676
-9.722374e-08,-0.0052033605
-9.712374e-08,-0.0051889993
-9.702374e-08,-0.0051825368
-9.692374e-08,-0.0051911535
-9.682374e-08,-0.0052141314
-9.672374e-08,-0.005245008
-9.662374e-08,-0.0052744485
-9.652374e-08,-0.0052931181
-9.642374e-08,-0.0052988626
-9.632374e-08,-0.0052938362
-9.622374e-08,-0.0052859375
-9.612374e-08,-0.0052830653
-9.602374e-08,-0.0052888097
-9.592374e-08,-0.005303171
-9.582374e-08,-0.0053204044
-9.572374e-08,-0.0053354837
-9.562374e-08,-0.0053441004
-9.552374e-08,-0.0053462546
-9.542374e-08,-0.0053433824
-9.532374e-08,-0.005339074
-9.522374e-08,-0.0053362017
-9.512374e-08,-0.0053340476
-9.502374e-08,-0.0053318934
-9.492374e-08,-0.0053290211
-9.482374e-08,-0.0053247128
-9.472374e-08,-0.0053211225
-9.462374e-08,-0.0053204044
-9.452374e-08,-0.0053225586
-9.442374e-08,-0.005327585
-9.432374e-08,-0.0053318934
-9.422374e-08,-0.0053318934
-9.412374e-08,-0.0053254308
-9.402374e-08,-0.0053132238
-9.392374e-08,-0.0052988626
-9.382374e-08,-0.0052859375
-9.372374e-08,-0.0052787569
-9.362374e-08,-0.0052787569
-9.352374e-08,-0.0052823472
-9.342374e-08,-0.0052859375
-9.332374e-08,-0.0052859375
-9.322374e-08,-0.0052809111
-9.312374e-08,-0.0052722943
-9.302374e-08,-0.0052629596
-9.292374e-08,-0.005256497
-9.282374e-08,-0.005255779
-9.272374e-08,-0.0052586512
-9.262374e-08,-0.0052629596
-9.252374e-08,-0.0052643957
-9.242374e-08,-0.0052608054
-9.232374e-08,-0.0052514706
-9.222374e-08,-0.0052399816
-9.212374e-08,-0.0052299288
-9.202374e-08,-0.0052256204
-9.192374e-08,-0.0052284926
-9.182374e-08,-0.0052399816
-9.172374e-08,-0.005256497
-9.162374e-08,-0.0052737305
-9.152374e-08,-0.0052880917
-9.142374e-08,-0.0052974265
-9.132374e-08,-0.0052995807
-9.122374e-08,-0.0052967084
-9.112374e-08,-0.0052909639
-9.102374e-08,-0.0052859375
-9.092374e-08,-0.0052837833
-9.082374e-08,-0.0052859375
-9.072374e-08,-0.0052909639
-9.062374e-08,-0.0052974265
-9.052374e-08,-0.0053017348
-9.042374e-08,-0.0053024529
-9.032374e-08,-0.0053002987
-9.022374e-08,-0.0052974265
-9.012374e-08,-0.0052988626
-9.002374e-08,-0.0053089154
-8.992374e-08,-0.0053283031
-8.982374e-08,-0.0053548713
-8.972374e-08,-0.0053828757
-8.962374e-08,-0.0054051356
-8.952374e-08,-0.0054159065
-8.942374e-08,-0.0054123162
-8.932374e-08,-0.005397955
-8.922374e-08,-0.0053785673
-8.912374e-08,-0.0053620519
-8.902374e-08,-0.0053548713
-8.892374e-08,-0.0053584616
-8.882374e-08,-0.0053699506
-8.872374e-08,-0.0053857479
-8.862374e-08,-0.0054008272
-8.852374e-08,-0.0054123162
-8.842374e-08,-0.0054209329
-8.832374e-08,-0.0054273955
-8.822374e-08,-0.0054352941
-8.812374e-08,-0.0054431928
-8.802374e-08,-0.0054503734
-8.792374e-08,-0.0054518095
-8.782374e-08,-0.0054467831
-8.772374e-08,-0.0054352941
-8.762374e-08,-0.0054202148
-8.752374e-08,-0.0054072898
-8.742374e-08,-0.0054008272
-8.732374e-08,-0.0054015453
-8.722374e-08,-0.0054072898
-8.712374e-08,-0.0054123162
-8.702374e-08,-0.0054123162
-8.692374e-08,-0.0054036994
-8.682374e-08,-0.0053879021
-8.672374e-08,-0.0053699506
-8.662374e-08,-0.0053548713
-8.652374e-08,-0.0053476907
-8.642374e-08,-0.0053491268
-8.632374e-08,-0.0053570255
-8.622374e-08,-0.0053663603
-8.612374e-08,-0.0053713867
-8.602374e-08,-0.0053706687
-8.592374e-08,-0.0053642061
-8.582374e-08,-0.0053548713
-8.572374e-08,-0.0053455365
-8.562374e-08,-0.005339074
-8.552374e-08,-0.0053354837
-8.542374e-08,-0.0053318934
-8.532374e-08,-0.005327585
-8.522374e-08,-0.0053211225
-8.512374e-08,-0.0053139419
-8.502374e-08,-0.0053089154
-8.492374e-08,-0.0053089154
-8.482374e-08,-0.005315378
-8.472374e-08,-0.0053283031
-8.462374e-08,-0.0053433824
-8.452374e-08,-0.0053584616
-8.442374e-08,-0.0053692325
-8.432374e-08,-0.0053756951
-8.422374e-08,-0.0053778493
-8.412374e-08,-0.0053771312
-8.402374e-08,-0.0053764131
-8.392374e-08,-0.0053764131
-8.382374e-08,-0.0053778493
-8.372374e-08,-0.0053800034
-8.362374e-08,-0.0053821576
-8.352374e-08,-0.0053850299
-8.342374e-08,-0.0053893382
-8.332374e-08,-0.0053965188
-8.322374e-08,-0.0054051356
-8.312374e-08,-0.0054159065
-8.302374e-08,-0.0054238051
-8.292374e-08,-0.0054273955
-8.282374e-08,-0.0054238051
-8.272374e-08,-0.0054144704
-8.262374e-08,-0.0054008272
-8.252374e-08,-0.0053879021
-8.242374e-08,-0.0053800034
-8.232374e-08,-0.0053800034
-8.222374e-08,-0.0053893382
-8.212374e-08,-0.0054051356
-8.202374e-08,-0.0054230871
-8.192374e-08,-0.0054381664
-8.182374e-08,-0.0054467831
-8.172374e-08,-0.0054482192
-8.162374e-08,-0.0054424747
-8.152374e-08,-0.0054331399
-8.142374e-08,-0.0054238051
-8.132374e-08,-0.0054173426
-8.122374e-08,-0.0054151884
-8.112374e-08,-0.0054173426
-8.102374e-08,-0.0054238051
-8.092374e-08,-0.0054324219
-8.082374e-08,-0.0054417567
-8.072374e-08,-0.0054503734
-8.062374e-08,-0.0054582721
-8.052374e-08,-0.0054654527
-8.042374e-08,-0.0054711972
-8.032374e-08,-0.0054762236
-8.022374e-08,-0.00548125
-8.012374e-08,-0.0054869945
-8.002374e-08,-0.0054941751
-7.992374e-08,-0.0055042279
-7.982374e-08,-0.0055157169
-7.972374e-08,-0.0055293601
-7.962374e-08,-0.0055422852
-7.952374e-08,-0.0055537741
-7.942374e-08,-0.0055616728
-7.932374e-08,-0.0055652631
-7.922374e-08,-0.0055652631
-7.912374e-08,-0.0055631089
-7.902374e-08,-0.0055616728
-7.892374e-08,-0.005563827
-7.882374e-08,-0.0055717256
-7.872374e-08,-0.0055860869
-7.862374e-08,-0.0056076287
-7.852374e-08,-0.0056334789
-7.842374e-08,-0.0056614832
-7.832374e-08,-0.0056887695
-7.822374e-08,-0.0057110294
-7.812374e-08,-0.0057268267
-7.802374e-08,-0.0057347254
-7.792374e-08,-0.0057361615
-7.782374e-08,-0.0057340074
-7.772374e-08,-0.0057325712
-7.762374e-08,-0.0057361615
-7.752374e-08,-0.0057483686
-7.742374e-08,-0.0057684743
-7.732374e-08,-0.0057950425
-7.722374e-08,-0.0058230469
-7.712374e-08,-0.0058467429
-7.702374e-08,-0.005860386
-7.692374e-08,-0.0058625402
-7.682374e-08,-0.0058546415
-7.672374e-08,-0.0058402803
-7.662374e-08,-0.0058259191
-7.652374e-08,-0.0058158663
-7.642374e-08,-0.0058137121
-7.632374e-08,-0.0058180205
-7.622374e-08,-0.0058259191
-7.612374e-08,-0.0058323817
-7.602374e-08,-0.0058330997
-7.592374e-08,-0.0058266372
-7.582374e-08,-0.0058144301
-7.572374e-08,-0.0057993509
-7.562374e-08,-0.0057864258
-7.552374e-08,-0.0057792452
-7.542374e-08,-0.0057799632
-7.532374e-08,-0.0057864258
-7.522374e-08,-0.0057964786
-7.512374e-08,-0.0058029412
-7.502374e-08,-0.0058029412
-7.492374e-08,-0.0057928883
-7.482374e-08,-0.0057735007
-7.472374e-08,-0.0057483686
-7.462374e-08,-0.0057225184
-7.452374e-08,-0.0057024127
-7.442374e-08,-0.0056930779
-7.432374e-08,-0.0056966682
-7.422374e-08,-0.0057110294
-7.412374e-08,-0.0057325712
-7.402374e-08,-0.0057548311
-7.392374e-08,-0.0057713465
-7.382374e-08,-0.0057799632
-7.372374e-08,-0.0057778091
-7.362374e-08,-0.0057677562
-7.352374e-08,-0.0057512408
-7.342374e-08,-0.0057340074
-7.332374e-08,-0.00571821
-7.322374e-08,-0.005706721
-7.312374e-08,-0.0057009766
-7.302374e-08,-0.0056995404
-7.292374e-08,-0.0057024127
-7.282374e-08,-0.0057088752
-7.272374e-08,-0.0057160558
-7.262374e-08,-0.0057225184
-7.252374e-08,-0.0057275448
-7.242374e-08,-0.005730417
-7.232374e-08,-0.0057318532
-7.222374e-08,-0.0057340074
-7.212374e-08,-0.0057390338
-7.202374e-08,-0.0057476505
-7.192374e-08,-0.0057584214
-7.182374e-08,-0.0057684743
-7.172374e-08,-0.0057735007
-7.162374e-08,-0.0057706284
-7.152374e-08,-0.0057605756
-7.142374e-08,-0.0057454963
-7.132374e-08,-0.0057325712
-7.122374e-08,-0.0057289809
-7.112374e-08,-0.0057368796
-7.102374e-08,-0.0057569853
-7.092374e-08,-0.0057821174
-7.082374e-08,-0.0058050954
-7.072374e-08,-0.0058165843
-7.062374e-08,-0.0058144301
-7.052374e-08,-0.005800787
-7.042374e-08,-0.0057813994
-7.032374e-08,-0.005765602
-7.022374e-08,-0.0057569853
-7.012374e-08,-0.0057577034
-7.002374e-08,-0.0057634478
-6.992374e-08,-0.0057684743
-6.982374e-08,-0.0057684743
-6.972374e-08,-0.0057627298
-6.962374e-08,-0.005753395
-6.952374e-08,-0.0057462144
-6.942374e-08,-0.0057454963
-6.932374e-08,-0.0057512408
-6.922374e-08,-0.0057598575
-6.912374e-08,-0.0057670381
-6.902374e-08,-0.0057684743
-6.892374e-08,-0.0057627298
-6.882374e-08,-0.0057519589
-6.872374e-08,-0.005741188
-6.862374e-08,-0.0057340074
-6.852374e-08,-0.0057318532
-6.842374e-08,-0.0057311351
-6.832374e-08,-0.0057289809
-6.822374e-08,-0.0057225184
-6.812374e-08,-0.0057110294
-6.802374e-08,-0.0057002585
-6.792374e-08,-0.005694514
-6.782374e-08,-0.0056995404
-6.772374e-08,-0.0057160558
-6.762374e-08,-0.0057390338
-6.752374e-08,-0.0057627298
-6.742374e-08,-0.0057799632
-6.732374e-08,-0.0057878619
-6.722374e-08,-0.00578858
-6.712374e-08,-0.0057878619
-6.702374e-08,-0.0057914522
-6.692374e-08,-0.0058022231
-6.682374e-08,-0.0058180205
-6.672374e-08,-0.0058316636
-6.662374e-08,-0.0058374081
-6.652374e-08,-0.0058316636
-6.642374e-08,-0.0058165843
-6.632374e-08,-0.005800787
-6.622374e-08,-0.0057914522
-6.612374e-08,-0.0057957606
-6.602374e-08,-0.005812994
-6.592374e-08,-0.0058381261
-6.582374e-08,-0.005860386
-6.572374e-08,-0.005871875
-6.562374e-08,-0.0058690028
-6.552374e-08,-0.0058553596
-6.542374e-08,-0.0058374081
-6.532374e-08,-0.005824483
-6.522374e-08,-0.0058208927
-6.512374e-08,-0.0058273552
-6.502374e-08,-0.0058374081
-6.492374e-08,-0.0058445887
-6.482374e-08,-0.0058424345
-6.472374e-08,-0.0058316636
-6.462374e-08,-0.0058144301
-6.452374e-08,-0.0057986328
-6.442374e-08,-0.00578858
-6.432374e-08,-0.0057871438
-6.422374e-08,-0.0057914522
-6.412374e-08,-0.0057957606
-6.402374e-08,-0.0057950425
-6.392374e-08,-0.0057849897
-6.382374e-08,-0.0057684743
-6.372374e-08,-0.0057490866
-6.362374e-08,-0.0057332893
-6.352374e-08,-0.0057246726
-6.342374e-08,-0.0057225184
-6.332374e-08,-0.0057232364
-6.322374e-08,-0.0057225184
-6.312374e-08,-0.0057146197
-6.302374e-08,-0.0056995404
-6.292374e-08,-0.0056794347
-6.282374e-08,-0.0056600471
-6.272374e-08,-0.005647122
-6.262374e-08,-0.0056420956
-6.252374e-08,-0.0056449678
-6.242374e-08,-0.0056514304
-6.232374e-08,-0.0056557387
-6.222374e-08,-0.0056535846
-6.212374e-08,-0.0056442498
-6.202374e-08,-0.0056284524
-6.192374e-08,-0.005611219
-6.182374e-08,-0.0055961397
-6.172374e-08,-0.0055853688
-6.162374e-08,-0.0055796243
-6.152374e-08,-0.005576034
-6.142374e-08,-0.0055731618
-6.132374e-08,-0.0055688534
-6.122374e-08,-0.005564545
-6.112374e-08,-0.0055616728
-6.102374e-08,-0.0055616728
-6.092374e-08,-0.0055666992
-6.082374e-08,-0.0055753159
-6.072374e-08,-0.0055860869
-6.062374e-08,-0.0055961397
-6.052374e-08,-0.0056033203
-6.042374e-08,-0.0056061926
-6.032374e-08,-0.0056076287
-6.022374e-08,-0.0056076287
-6.012374e-08,-0.0056083467
-6.002374e-08,-0.0056097829
-5.992374e-08,-0.0056097829
-5.982374e-08,-0.0056076287
-5.972374e-08,-0.0056026023
-5.962374e-08,-0.0055968578
-5.952374e-08,-0.0055939855
-5.942374e-08,-0.0055961397
-5.932374e-08,-0.0056069106
-5.922374e-08,-0.0056248621
-5.912374e-08,-0.005646404
-5.902374e-08,-0.0056650735
-5.892374e-08,-0.0056758444
-5.882374e-08,-0.0056751264
-5.872374e-08,-0.0056665097
-5.862374e-08,-0.0056535846
-5.852374e-08,-0.0056442498
-5.842374e-08,-0.0056449678
-5.832374e-08,-0.0056564568
-5.822374e-08,-0.0056765625
-5.812374e-08,-0.0056995404
-5.802374e-08,-0.0057189281
-5.792374e-08,-0.005730417
-5.782374e-08,-0.0057340074
-5.772374e-08,-0.0057325712
-5.762374e-08,-0.005729699
-5.752374e-08,-0.005730417
-5.742374e-08,-0.0057340074
-5.732374e-08,-0.0057390338
-5.722374e-08,-0.005741188
-5.712374e-08,-0.0057397518
-5.702374e-08,-0.0057340074
-5.692374e-08,-0.0057282629
-5.682374e-08,-0.0057268267
-5.672374e-08,-0.0057325712
-5.662374e-08,-0.0057454963
-5.652374e-08,-0.0057612937
-5.642374e-08,-0.0057749368
-5.632374e-08,-0.0057813994
-5.622374e-08,-0.0057799632
-5.612374e-08,-0.0057756549
-5.602374e-08,-0.0057742187
-5.592374e-08,-0.0057828355
-5.582374e-08,-0.0058029412
-5.572374e-08,-0.0058302275
-5.562374e-08,-0.0058560777
-5.552374e-08,-0.005871875
-5.542374e-08,-0.005871875
-5.532374e-08,-0.0058582318
-5.522374e-08,-0.0058374081
-5.512374e-08,-0.0058201746
-5.502374e-08,-0.0058144301
-5.492374e-08,-0.0058237649
-5.482374e-08,-0.0058431526
-5.472374e-08,-0.0058661305
-5.462374e-08,-0.005883364
-5.452374e-08,-0.0058905446
-5.442374e-08,-0.0058876723
-5.432374e-08,-0.0058797737
-5.422374e-08,-0.005871875
-5.412374e-08,-0.0058675666
-5.402374e-08,-0.0058668486
-5.392374e-08,-0.0058654125
-5.382374e-08,-0.005860386
-5.372374e-08,-0.0058503332
-5.362374e-08,-0.0058381261
-5.352374e-08,-0.0058280733
-5.342374e-08,-0.0058259191
-5.332374e-08,-0.0058323817
-5.322374e-08,-0.0058438706
-5.312374e-08,-0.0058553596
-5.302374e-08,-0.005860386
-5.292374e-08,-0.0058567957
-5.282374e-08,-0.0058460248
-5.272374e-08,-0.0058330997
-5.262374e-08,-0.0058259191
-5.252374e-08,-0.0058273552
-5.242374e-08,-0.005835972
-5.232374e-08,-0.0058488971
-5.222374e-08,-0.005860386
-5.212374e-08,-0.0058668486
-5.202374e-08,-0.0058682847
-5.192374e-08,-0.0058682847
-5.182374e-08,-0.005871875
-5.172374e-08,-0.0058812098
-5.162374e-08,-0.0058948529
-5.152374e-08,-0.0059084961
-5.142374e-08,-0.0059178309
-5.132374e-08,-0.0059199851
-5.122374e-08,-0.0059156767
-5.112374e-08,-0.0059092142
-5.102374e-08,-0.0059063419
-5.092374e-08,-0.0059106503
-5.082374e-08,-0.0059207031
-5.072374e-08,-0.0059321921
-5.062374e-08,-0.0059408088
-5.052374e-08,-0.0059415269
-5.042374e-08,-0.0059343463
-5.032374e-08,-0.0059242934
-5.022374e-08,-0.0059178309
-5.012374e-08,-0.0059207031
-5.002374e-08,-0.0059350643
-4.992374e-08,-0.0059594784
-4.982374e-08,-0.0059867647
-4.972374e-08,-0.0060111788
-4.962374e-08,-0.0060276942
-4.952374e-08,-0.0060348748
-4.942374e-08,-0.0060327206
-4.932374e-08,-0.0060248219
-4.922374e-08,-0.0060154871
-4.912374e-08,-0.0060054343
-4.902374e-08,-0.0059982537
-4.892374e-08,-0.0059946634
-4.882374e-08,-0.0059968176
-4.872374e-08,-0.0060054343
-4.862374e-08,-0.0060212316
-4.852374e-08,-0.0060427734
-4.842374e-08,-0.0060664694
-4.832374e-08,-0.0060880113
-4.822374e-08,-0.0061016544
-4.812374e-08,-0.0061059628
-4.802374e-08,-0.0061009364
-4.792374e-08,-0.0060901654
-4.782374e-08,-0.0060786765
-4.772374e-08,-0.0060700597
-4.762374e-08,-0.0060664694
-4.752374e-08,-0.0060664694
-4.742374e-08,-0.0060671875
-4.732374e-08,-0.0060664694
-4.722374e-08,-0.0060628791
-4.712374e-08,-0.0060585708
-4.702374e-08,-0.0060556985
-4.692374e-08,-0.0060564166
-4.682374e-08,-0.0060621611
-4.672374e-08,-0.0060707778
-4.662374e-08,-0.0060786765
-4.652374e-08,-0.0060837029
-4.642374e-08,-0.0060829848
-4.632374e-08,-0.0060765223
-4.622374e-08,-0.0060671875
-4.612374e-08,-0.0060556985
-4.602374e-08,-0.0060449276
-4.592374e-08,-0.0060334386
-4.582374e-08,-0.0060212316
-4.572374e-08,-0.0060075885
-4.562374e-08,-0.0059939453
-4.552374e-08,-0.0059817383
-4.542374e-08,-0.0059752757
-4.532374e-08,-0.005978148
-4.522374e-08,-0.0059910731
-4.512374e-08,-0.0060111788
-4.502374e-08,-0.0060327206
-4.492374e-08,-0.006049236
-4.482374e-08,-0.0060556985
-4.472374e-08,-0.006049236
-4.462374e-08,-0.0060327206
-4.452374e-08,-0.0060126149
-4.442374e-08,-0.0059975356
-4.432374e-08,-0.0059917911
-4.422374e-08,-0.0059982537
-4.412374e-08,-0.0060147691
-4.402374e-08,-0.0060355928
-4.392374e-08,-0.0060549805
-4.382374e-08,-0.0060671875
-4.372374e-08,-0.0060714959
-4.362374e-08,-0.0060707778
-4.352374e-08,-0.0060679056
-4.342374e-08,-0.0060671875
-4.332374e-08,-0.0060707778
-4.322374e-08,-0.0060772403
-4.312374e-08,-0.006085139
-4.302374e-08,-0.0060901654
-4.292374e-08,-0.0060908835
-4.282374e-08,-0.0060858571
-4.272374e-08,-0.0060772403
-4.262374e-08,-0.0060671875
-4.252374e-08,-0.0060571347
-4.242374e-08,-0.006049954
-4.232374e-08,-0.0060456457
-4.222374e-08,-0.0060442096
-4.212374e-08,-0.0060463637
-4.202374e-08,-0.0060521082
-4.192374e-08,-0.0060592888
-4.182374e-08,-0.0060671875
-4.172374e-08,-0.006072932
-4.162374e-08,-0.00607365
-4.152374e-08,-0.0060679056
-4.142374e-08,-0.0060556985
-4.132374e-08,-0.0060399012
-4.122374e-08,-0.0060241039
-4.112374e-08,-0.0060126149
-4.102374e-08,-0.0060097426
-4.092374e-08,-0.006014051
-4.082374e-08,-0.0060241039
-4.072374e-08,-0.0060355928
-4.062374e-08,-0.0060442096
-4.052374e-08,-0.0060477999
-4.042374e-08,-0.0060456457
-4.032374e-08,-0.0060399012
-4.022374e-08,-0.0060327206
-4.012374e-08,-0.0060248219
-4.002374e-08,-0.0060162052
-3.992374e-08,-0.0060075885
-3.982374e-08,-0.0059982537
-3.972374e-08,-0.005990355
-3.962374e-08,-0.0059860466
-3.952374e-08,-0.0059882008
-3.942374e-08,-0.0059982537
-3.932374e-08,-0.0060147691
-3.922374e-08,-0.0060334386
-3.912374e-08,-0.0060485179
-3.902374e-08,-0.0060556985
-3.892374e-08,-0.0060521082
-3.882374e-08,-0.0060406193
-3.872374e-08,-0.0060241039
-3.862374e-08,-0.0060097426
-3.852374e-08,-0.0060011259
-3.842374e-08,-0.0060004079
-3.832374e-08,-0.0060047162
-3.822374e-08,-0.0060097426
-3.812374e-08,-0.0060111788
-3.802374e-08,-0.0060068704
-3.792374e-08,-0.0059939453
-3.782374e-08,-0.0059752757
-3.772374e-08,-0.0059537339
-3.762374e-08,-0.0059329102
-3.752374e-08,-0.0059163948
-3.742374e-08,-0.0059063419
-3.732374e-08,-0.0059041877
-3.722374e-08,-0.0059092142
-3.712374e-08,-0.005919267
-3.702374e-08,-0.0059293199
-3.692374e-08,-0.0059350643
-3.682374e-08,-0.0059300379
-3.672374e-08,-0.0059128045
-3.662374e-08,-0.005883364
-3.652374e-08,-0.0058460248
-3.642374e-08,-0.0058079676
-3.632374e-08,-0.005777091
-3.622374e-08,-0.0057569853
-3.612374e-08,-0.0057476505
-3.602374e-08,-0.0057440602
-3.592374e-08,-0.0057383157
-3.582374e-08,-0.0057225184
-3.572374e-08,-0.0056923598
-3.562374e-08,-0.0056499943
-3.552374e-08,-0.00559973
-3.542374e-08,-0.0055501838
-3.532374e-08,-0.0055063821
-3.522374e-08,-0.0054711972
-3.512374e-08,-0.0054417567
-3.502374e-08,-0.0054123162
-3.492374e-08,-0.0053764131
-3.482374e-08,-0.0053297392
-3.472374e-08,-0.0052715763
-3.462374e-08,-0.0052055147
-3.452374e-08,-0.0051358628
-3.442374e-08,-0.0050690832
-3.432374e-08,-0.00500733
-3.422374e-08,-0.0049527574
-3.412374e-08,-0.0049046473
-3.402374e-08,-0.0048608456
-3.392374e-08,-0.0048199161
-3.382374e-08,-0.0047804228
-3.372374e-08,-0.0047409295
-3.362374e-08,-0.0046992819
-3.352374e-08,-0.0046554802
-3.342374e-08,-0.0046080882
-3.332374e-08,-0.0045563879
-3.322374e-08,-0.0045018153
-3.312374e-08,-0.0044450885
-3.302374e-08,-0.0043897978
-3.292374e-08,-0.0043373794
-3.282374e-08,-0.0042899874
-3.272374e-08,-0.0042461857
-3.262374e-08,-0.0042059743
-3.252374e-08,-0.004167917
-3.242374e-08,-0.004132014
-3.232374e-08,-0.0040982652
-3.222374e-08,-0.0040681066
-3.212374e-08,-0.0040422564
-3.202374e-08,-0.0040207146
-3.192374e-08,-0.0040034812
-3.182374e-08,-0.0039876838
-3.172374e-08,-0.0039718865
-3.162374e-08,-0.0039532169
-3.152374e-08,-0.0039316751
-3.142374e-08,-0.003907261
-3.132374e-08,-0.0038821289
-3.122374e-08,-0.003859151
-3.112374e-08,-0.0038404814
-3.102374e-08,-0.0038268382
-3.092374e-08,-0.0038189396
-3.082374e-08,-0.0038153493
-3.072374e-08,-0.0038146312
-3.062374e-08,-0.0038153493
-3.052374e-08,-0.0038153493
-3.042374e-08,-0.0038153493
-3.032374e-08,-0.0038146312
-3.022374e-08,-0.0038153493
-3.012374e-08,-0.0038175034
-3.002374e-08,-0.0038203757
-2.992374e-08,-0.003823966
-2.982374e-08,-0.0038268382
-2.972374e-08,-0.0038268382
-2.962374e-08,-0.003823966
-2.952374e-08,-0.0038189396
-2.942374e-08,-0.0038153493
-2.932374e-08,-0.0038146312
-2.922374e-08,-0.0038196576
-2.912374e-08,-0.0038282744
-2.902374e-08,-0.0038383272
-2.892374e-08,-0.0038455078
-2.882374e-08,-0.0038462259
-2.872374e-08,-0.0038390453
-2.862374e-08,-0.0038268382
-2.852374e-08,-0.0038139131
-2.842374e-08,-0.0038067325
-2.832374e-08,-0.0038074506
-2.822374e-08,-0.0038153493
-2.812374e-08,-0.0038261202
-2.802374e-08,-0.0038333008
-2.792374e-08,-0.0038304285
-2.782374e-08,-0.0038153493
-2.772374e-08,-0.0037916533
-2.762374e-08,-0.003765085
-2.752374e-08,-0.0037442613
-2.742374e-08,-0.0037349265
-2.732374e-08,-0.0037370807
-2.722374e-08,-0.0037478516
-2.712374e-08,-0.0037607767
-2.702374e-08,-0.0037693934
-2.692374e-08,-0.0037715476
-2.682374e-08,-0.0037679573
-2.672374e-08,-0.0037622128
-2.662374e-08,-0.0037579044
-2.652374e-08,-0.0037571864
-2.642374e-08,-0.0037579044
-2.632374e-08,-0.0037557502
-2.622374e-08,-0.0037464154
-2.612374e-08,-0.003729182
-2.602374e-08,-0.003706204
-2.592374e-08,-0.0036832261
-2.582374e-08,-0.0036659926
-2.572374e-08,-0.003658812
-2.562374e-08,-0.0036609662
-2.552374e-08,-0.003669583
-2.542374e-08,-0.0036774816
-2.532374e-08,-0.0036796358
-2.522374e-08,-0.0036738913
-2.512374e-08,-0.0036602482
-2.502374e-08,-0.0036430147
-2.492374e-08,-0.0036264993
-2.482374e-08,-0.0036128562
-2.472374e-08,-0.0036035214
-2.462374e-08,-0.0035970588
-2.452374e-08,-0.0035913143
-2.442374e-08,-0.0035848518
-2.432374e-08,-0.0035791073
-2.422374e-08,-0.0035740809
-2.412374e-08,-0.0035726448
-2.402374e-08,-0.0035747989
-2.392374e-08,-0.0035798254
-2.382374e-08,-0.0035855699
-2.372374e-08,-0.0035898782
-2.362374e-08,-0.0035913143
-2.352374e-08,-0.0035898782
-2.342374e-08,-0.0035855699
-2.332374e-08,-0.0035798254
-2.322374e-08,-0.0035740809
-2.312374e-08,-0.0035683364
-2.302374e-08,-0.0035625919
-2.292374e-08,-0.0035575655
-2.282374e-08,-0.0035532571
-2.272374e-08,-0.0035511029
-2.262374e-08,-0.0035511029
-2.252374e-08,-0.0035525391
-2.242374e-08,-0.0035546932
-2.232374e-08,-0.0035546932
-2.222374e-08,-0.0035511029
-2.212374e-08,-0.0035424862
-2.202374e-08,-0.0035309972
-2.192374e-08,-0.0035173541
-2.182374e-08,-0.0035051471
-2.172374e-08,-0.0034958123
-2.162374e-08,-0.0034900678
-2.152374e-08,-0.0034857594
-2.142374e-08,-0.0034821691
-2.132374e-08,-0.0034778608
-2.122374e-08,-0.0034735524
-2.112374e-08,-0.0034706801
-2.102374e-08,-0.0034706801
-2.092374e-08,-0.0034757066
-2.082374e-08,-0.0034843233
-2.072374e-08,-0.0034958123
-2.062374e-08,-0.0035051471
-2.052374e-08,-0.0035094554
-2.042374e-08,-0.0035065832
-2.032374e-08,-0.0034965303
-2.022374e-08,-0.0034821691
-2.012374e-08,-0.0034656537
-2.002374e-08,-0.0034512925
-1.992374e-08,-0.0034412397
-1.982374e-08,-0.0034362132
-1.972374e-08,-0.0034354952
-1.962374e-08,-0.0034383674
-1.952374e-08,-0.0034426758
-1.942374e-08,-0.0034477022
-1.932374e-08,-0.0034534467
-1.922374e-08,-0.0034591912
-1.912374e-08,-0.0034649357
-1.902374e-08,-0.0034706801
-1.892374e-08,-0.0034757066
-1.882374e-08,-0.0034792969
-1.872374e-08,-0.0034814511
-1.862374e-08,-0.0034821691
-1.852374e-08,-0.0034814511
-1.842374e-08,-0.003480733
-1.832374e-08,-0.003480733
-1.822374e-08,-0.0034821691
-1.812374e-08,-0.0034857594
-1.802374e-08,-0.0034915039
-1.792374e-08,-0.0034986845
-1.782374e-08,-0.0035051471
-1.772374e-08,-0.0035108915
-1.762374e-08,-0.0035137638
-1.752374e-08,-0.003515918
-1.742374e-08,-0.003516636
-1.732374e-08,-0.0035187902
-1.722374e-08,-0.0035238166
-1.712374e-08,-0.0035309972
-1.702374e-08,-0.003539614
-1.692374e-08,-0.0035467946
-1.682374e-08,-0.0035503849
-1.672374e-08,-0.0035475126
-1.662374e-08,-0.003539614
-1.652374e-08,-0.003528125
-1.642374e-08,-0.0035173541
-1.632374e-08,-0.0035087374
-1.622374e-08,-0.0035051471
-1.612374e-08,-0.003504429
-1.602374e-08,-0.003504429
-1.592374e-08,-0.0035015568
-1.582374e-08,-0.0034936581
-1.572374e-08,-0.003480733
-1.562374e-08,-0.0034663718
-1.552374e-08,-0.0034541648
-1.542374e-08,-0.0034477022
-1.532374e-08,-0.0034484203
-1.522374e-08,-0.0034548828
-1.512374e-08,-0.0034634995
-1.502374e-08,-0.0034706801
-1.492374e-08,-0.0034728343
-1.482374e-08,-0.003469244
-1.472374e-08,-0.0034599092
-1.462374e-08,-0.0034477022
-1.452374e-08,-0.0034354952
-1.442374e-08,-0.0034254423
-1.432374e-08,-0.0034175437
-1.422374e-08,-0.0034132353
-1.412374e-08,-0.0034110811
-1.402374e-08,-0.0034103631
-1.392374e-08,-0.0034117992
-1.382374e-08,-0.0034132353
-1.372374e-08,-0.0034139534
-1.362374e-08,-0.0034132353
-1.352374e-08,-0.0034089269
-1.342374e-08,-0.0034017463
-1.332374e-08,-0.0033938477
-1.322374e-08,-0.003386667
-1.312374e-08,-0.0033852309
-1.302374e-08,-0.0033902574
-1.292374e-08,-0.0034017463
-1.282374e-08,-0.0034182617
-1.272374e-08,-0.0034347771
-1.262374e-08,-0.0034477022
-1.252374e-08,-0.0034541648
-1.242374e-08,-0.0034541648
-1.232374e-08,-0.0034469841
-1.222374e-08,-0.0034362132
-1.212374e-08,-0.0034232881
-1.202374e-08,-0.0034110811
-1.192374e-08,-0.0033995921
-1.182374e-08,-0.0033902574
-1.172374e-08,-0.0033837948
-1.162374e-08,-0.0033809226
-1.152374e-08,-0.0033794864
-1.142374e-08,-0.0033787684
-1.132374e-08,-0.003373742
-1.122374e-08,-0.0033608169
-1.112374e-08,-0.0033364028
-1.102374e-08,-0.0032983456
-1.092374e-08,-0.0032480813
-1.082374e-08,-0.0031870462
-1.072374e-08,-0.0031195485
-1.062374e-08,-0.0030455882
-1.052374e-08,-0.0029651654
-1.042374e-08,-0.0028746898
-1.032374e-08,-0.0027720071
-1.022374e-08,-0.0026549632
-1.012374e-08,-0.0025249943
-1.002374e-08,-0.0023856905
-9.923735e-09,-0.0022406422
-9.823735e-09,-0.0020920037
-9.723735e-09,-0.0019397748
-9.623735e-09,-0.0017818015
-9.523735e-09,-0.0016152114
-9.423735e-09,-0.0014371324
-9.323735e-09,-0.0012482824
-9.223735e-09,-0.0010493796
-9.123735e-09,-0.00084401425
-9.023735e-09,-0.00063290441
-8.923735e-09,-0.00041605009
-8.823735e-09,-0.00019345129
-8.723735e-09,3.4173943e-05
-8.623735e-09,0.00026323529
-8.523735e-09,0.0004894244
-8.423735e-09,0.0007084329
-8.323735e-09,0.00091954274
-8.223735e-09,0.0011249081
-8.123735e-09,0.0013324276
-8.023735e-09,0.0015478458
-7.923735e-09,0.001775471
-7.823735e-09,0.0020095588
-7.723735e-09,0.0022407744
-7.623735e-09,0.0024561926
-7.523735e-09,0.0026471967
-7.423735e-09,0.0028137868
-7.323735e-09,0.0029652976
-7.223735e-09,0.0031153722
-7.123735e-09,0.0032754998
-7.023735e-09,0.0034456801
-6.923735e-09,0.0036180147
-6.823735e-09,0.00377527
-6.723735e-09,0.0039030848
-6.623735e-09,0.0039971507
-6.523735e-09,0.0040653665
-6.423735e-09,0.0041264017
-6.323735e-09,0.0041989258
-6.223735e-09,0.004295864
-6.123735e-09,0.0044129079
-6.023735e-09,0.004533542
-5.923735e-09,0.0046376608
-5.823735e-09,0.0047094669
-5.723735e-09,0.0047468061
-5.623735e-09,0.0047611673
-5.523735e-09,0.0047705021
-5.423735e-09,0.0047898897
-5.323735e-09,0.0048222024
-5.223735e-09,0.0048581055
-5.123735e-09,0.0048818015
-5.023735e-09,0.0048818015
-4.923735e-09,0.0048573874
-4.823735e-09,0.0048214844
-4.723735e-09,0.00479348
-4.623735e-09,0.0047898897
-4.523735e-09,0.0048157399
-4.423735e-09,0.0048602597
-4.323735e-09,0.0049040614
-4.223735e-09,0.0049277574
-4.123735e-09,0.0049227309
-4.023735e-09,0.0048954446
-3.923735e-09,0.0048602597
-3.823735e-09,0.0048358456
-3.723735e-09,0.004829383
-3.623735e-09,0.0048387178
-3.523735e-09,0.0048487707
-3.423735e-09,0.0048473346
-3.323735e-09,0.0048279469
-3.223735e-09,0.0047956342
-3.123735e-09,0.0047669118
-3.023735e-09,0.0047554228
-2.923735e-09,0.0047690659
-2.823735e-09,0.0048020967
-2.723735e-09,0.004840872
-2.623735e-09,0.0048703125
-2.523735e-09,0.0048818015
-2.423735e-09,0.0048782112
-2.323735e-09,0.0048703125
-2.223735e-09,0.0048703125
-2.123735e-09,0.0048839557
-2.023735e-09,0.0049054975
-1.923735e-09,0.004924167
-1.823735e-09,0.0049277574
-1.723735e-09,0.0049141142
-1.623735e-09,0.0048904182
-1.523735e-09,0.0048710306
-1.423735e-09,0.0048703125
-1.323735e-09,0.0048918543
-1.223735e-09,0.0049284754
-1.123735e-09,0.0049650965
-1.023735e-09,0.0049852022
-9.237353e-10,0.0049837661
-8.237353e-10,0.0049658146
-7.237353e-10,0.0049464269
-6.237353e-10,0.0049392463
-5.237353e-10,0.0049500172
-4.237353e-10,0.0049729952
-3.237353e-10,0.0049931009
-2.237353e-10,0.0049966912
-1.237353e-10,0.0049787397
-2.373532e-11,0.0049464269
7.626468e-11,0.0049162684
1.762647e-10,0.0049047794
2.762647e-10,0.0049184226
3.762647e-10,0.0049507353
4.762647e-10,0.0049866383
5.762647e-10,0.0050081801
6.762647e-10,0.005006744
7.762647e-10,0.0049844841
8.762647e-10,0.0049571978
9.762647e-10,0.0049392463
1.076265e-09,0.0049399644
1.176265e-09,0.0049557617
1.276265e-09,0.0049758674
1.376265e-09,0.0049852022
1.476265e-09,0.0049765855
1.576265e-09,0.0049536075
1.676265e-09,0.0049284754
1.776265e-09,0.0049162684
1.876265e-09,0.004924167
1.976265e-09,0.0049485811
2.076265e-09,0.0049773035
2.176265e-09,0.0049966912
2.276265e-09,0.0049974092
2.376265e-09,0.0049816119
2.476265e-09,0.004958634
2.576265e-09,0.0049392463
2.676265e-09,0.0049299115
2.776265e-09,0.0049270393
2.876265e-09,0.0049212948
2.976265e-09,0.0049047794
3.076265e-09,0.0048746209
3.176265e-09,0.0048379998
3.276265e-09,0.0048099954
3.376265e-09,0.0048013787
3.476265e-09,0.004816458
3.576265e-09,0.0048480526
3.676265e-09,0.0048789292
3.776265e-09,0.0048932904
3.876265e-09,0.0048839557
3.976265e-09,0.0048537971
4.076265e-09,0.0048178941
4.176265e-09,0.0047898897
4.276265e-09,0.0047784007
4.376265e-09,0.0047805549
4.476265e-09,0.0047848633
4.576265e-09,0.0047784007
4.676265e-09,0.0047547047
4.776265e-09,0.0047166475
4.876265e-09,0.0046778722
4.976265e-09,0.0046520221
5.076265e-09,0.0046469956
5.176265e-09,0.0046599207
5.276265e-09,0.0046814625
5.376265e-09,0.0046979779
5.476265e-09,0.0047008502
5.576265e-09,0.0046915154
5.676265e-09,0.0046757181
5.776265e-09,0.004663511
5.876265e-09,0.0046584846
5.976265e-09,0.0046584846
6.076265e-09,0.0046548943
6.176265e-09,0.0046405331
6.276265e-09,0.0046146829
6.376265e-09,0.0045852424
6.476265e-09,0.0045637006
6.576265e-09,0.0045601103
6.676265e-09,0.0045759076
6.776265e-09,0.004603912
6.876265e-09,0.0046297622
6.976265e-09,0.0046405331
7.076265e-09,0.0046319164
7.176265e-09,0.0046110926
7.276265e-09,0.0045909869
7.376265e-09,0.0045830882
7.476265e-09,0.004592423
7.576265e-09,0.0046125287
7.676265e-09,0.0046290441
7.776265e-09,0.0046290441
7.876265e-09,0.0046060662
7.976265e-09,0.0045658548
8.076265e-09,0.0045227711
8.176265e-09,0.0044911765
8.276265e-09,0.0044789694
8.376265e-09,0.0044832778
8.476265e-09,0.0044947668
8.576265e-09,0.0045026654
8.676265e-09,0.0045005113
8.776265e-09,0.0044918945
8.876265e-09,0.00448615
8.976265e-09,0.0044911765
9.076265e-09,0.0045084099
9.176265e-09,0.0045306698
9.276265e-09,0.0045435949
9.376265e-09,0.0045371324
9.476265e-09,0.0045076919
9.576265e-09,0.0044646082
9.676265e-09,0.0044236788
9.776265e-09,0.0043992647
9.876265e-09,0.0043992647
9.976265e-09,0.0044179343
1.007626e-08,0.0044416303
1.017626e-08,0.0044567096
1.027626e-08,0.0044538373
1.037626e-08,0.0044366039
1.047626e-08,0.004414344
1.057626e-08,0.0043992647
1.067626e-08,0.0043971105
1.077626e-08,0.004402855
1.087626e-08,0.0044071634
1.097626e-08,0.0043992647
1.107626e-08,0.0043748506
1.117626e-08,0.0043411018
1.127626e-08,0.0043102252
1.137626e-08,0.004295864
1.147626e-08,0.0043030446
1.157626e-08,0.0043267406
1.167626e-08,0.0043518727
1.177626e-08,0.0043647978
1.187626e-08,0.0043576172
1.197626e-08,0.0043332031
1.207626e-08,0.0043044807
1.217626e-08,0.004284375
1.227626e-08,0.0042807847
1.237626e-08,0.0042908375
1.247626e-08,0.0043037626
1.257626e-08,0.0043073529
1.267626e-08,0.0042944278
1.277626e-08,0.0042671415
1.287626e-08,0.0042362649
1.297626e-08,0.0042154412
1.307626e-08,0.0042111328
1.317626e-08,0.0042219037
1.327626e-08,0.0042391372
1.337626e-08,0.0042499081
1.347626e-08,0.004248472
1.357626e-08,0.004236983
1.367626e-08,0.0042226218
1.377626e-08,0.0042154412
1.387626e-08,0.0042204676
1.397626e-08,0.0042326746
1.407626e-08,0.0042420094
1.417626e-08,0.0042384191
1.427626e-08,0.0042168773
1.437626e-08,0.0041831284
1.447626e-08,0.0041508157
1.457626e-08,0.0041350184
1.467626e-08,0.0041436351
1.477626e-08,0.0041745117
1.487626e-08,0.0042154412
1.497626e-08,0.0042499081
1.507626e-08,0.0042657054
1.517626e-08,0.0042599609
1.527626e-08,0.0042391372
1.537626e-08,0.0042154412
1.547626e-08,0.0041996438
1.557626e-08,0.0041946174
1.567626e-08,0.0041989258
1.577626e-08,0.0042039522
1.587626e-08,0.0042032341
1.597626e-08,0.0041938994
1.607626e-08,0.0041809743
1.617626e-08,0.0041694853
1.627626e-08,0.0041651769
1.637626e-08,0.0041666131
1.647626e-08,0.0041702034
1.657626e-08,0.0041694853
1.667626e-08,0.0041608686
1.677626e-08,0.0041457893
1.687626e-08,0.00413071
1.697626e-08,0.0041235294
1.707626e-08,0.0041271197
1.717626e-08,0.0041393267
1.727626e-08,0.0041522518
1.737626e-08,0.0041579963
1.747626e-08,0.0041500977
1.757626e-08,0.00413071
1.767626e-08,0.004107014
1.777626e-08,0.0040890625
1.787626e-08,0.004083318
1.797626e-08,0.0040912167
1.807626e-08,0.0041077321
1.817626e-08,0.0041235294
1.827626e-08,0.00413071
1.837626e-08,0.0041256836
1.847626e-08,0.0041098863
1.857626e-08,0.0040890625
1.867626e-08,0.0040682387
1.877626e-08,0.0040510053
1.887626e-08,0.004035926
1.897626e-08,0.0040201287
1.907626e-08,0.0040028952
1.917626e-08,0.0039835076
1.927626e-08,0.0039655561
1.937626e-08,0.0039511949
1.947626e-08,0.0039425781
1.957626e-08,0.0039375517
1.967626e-08,0.0039339614
1.977626e-08,0.0039282169
1.987626e-08,0.0039196002
1.997626e-08,0.0039088293
2.007626e-08,0.0038994945
2.017626e-08,0.00389375
2.027626e-08,0.0038894416
2.037626e-08,0.003882261
2.047626e-08,0.0038657456
2.057626e-08,0.0038363051
2.067626e-08,0.0037946576
2.077626e-08,0.0037479837
2.087626e-08,0.0037049
2.097626e-08,0.0036754596
2.107626e-08,0.0036625345
2.117626e-08,0.0036632525
2.127626e-08,0.0036711512
2.137626e-08,0.0036754596
2.147626e-08,0.0036711512
2.157626e-08,0.003657508
2.167626e-08,0.0036381204
2.177626e-08,0.0036180147
2.187626e-08,0.0036014993
2.197626e-08,0.0035892923
2.207626e-08,0.0035763672
2.217626e-08,0.0035605699
2.227626e-08,0.003539028
2.237626e-08,0.003515332
2.247626e-08,0.0034937902
2.257626e-08,0.0034801471
2.267626e-08,0.0034772748
2.277626e-08,0.0034823012
2.287626e-08,0.0034894818
2.297626e-08,0.003491636
2.307626e-08,0.0034837374
2.317626e-08,0.0034665039
2.327626e-08,0.003443526
2.337626e-08,0.0034227022
2.347626e-08,0.003408341
2.357626e-08,0.0034018784
2.367626e-08,0.0034004423
2.377626e-08,0.0033997243
2.387626e-08,0.0033954159
2.397626e-08,0.0033867992
2.407626e-08,0.0033753102
2.417626e-08,0.0033652574
2.427626e-08,0.0033595129
2.437626e-08,0.0033595129
2.447626e-08,0.0033623851
2.457626e-08,0.0033652574
2.467626e-08,0.0033645393
2.477626e-08,0.0033602309
2.487626e-08,0.0033516142
2.497626e-08,0.0033422794
2.507626e-08,0.0033322266
2.517626e-08,0.0033221737
2.527626e-08,0.0033106847
2.537626e-08,0.0032963235
2.547626e-08,0.0032790901
2.557626e-08,0.0032618566
2.567626e-08,0.0032474954
2.577626e-08,0.0032388787
2.587626e-08,0.0032367245
2.597626e-08,0.0032381606
2.607626e-08,0.0032403148
2.617626e-08,0.0032388787
2.627626e-08,0.0032316981
2.637626e-08,0.003219491
2.647626e-08,0.0032058479
2.657626e-08,0.0031929228
2.667626e-08,0.0031821519
2.677626e-08,0.003172099
2.687626e-08,0.0031613281
2.697626e-08,0.0031469669
2.707626e-08,0.0031297335
2.717626e-08,0.0031132181
2.727626e-08,0.0031024472
2.737626e-08,0.003101011
2.747626e-08,0.0031089097
2.757626e-08,0.003123989
2.767626e-08,0.0031383502
2.777626e-08,0.0031469669
2.787626e-08,0.0031455308
2.797626e-08,0.0031340418
2.807626e-08,0.0031175264
2.817626e-08,0.003101011
2.827626e-08,0.0030880859
2.837626e-08,0.0030794692
2.847626e-08,0.0030730067
2.857626e-08,0.0030665441
2.867626e-08,0.0030564913
2.877626e-08,0.0030442842
2.887626e-08,0.0030306411
2.897626e-08,0.0030205882
2.907626e-08,0.0030141257
2.917626e-08,0.0030112534
2.927626e-08,0.0030069451
2.937626e-08,0.0029976103
2.947626e-08,0.002981813
2.957626e-08,0.0029595531
2.967626e-08,0.0029365751
2.977626e-08,0.0029171875
2.987626e-08,0.0029064166
2.997626e-08,0.0029035443
3.007626e-08,0.0029049805
3.017626e-08,0.0029056985
3.027626e-08,0.002899954
3.037626e-08,0.0028841567
3.047626e-08,0.0028618968
3.057626e-08,0.0028367647
3.067626e-08,0.0028152229
3.077626e-08,0.0028022978
3.087626e-08,0.0027987075
3.097626e-08,0.0028022978
3.107626e-08,0.0028073242
3.117626e-08,0.0028073242
3.127626e-08,0.0027987075
3.137626e-08,0.0027793199
3.147626e-08,0.0027498794
3.157626e-08,0.0027154125
3.167626e-08,0.0026809455
3.177626e-08,0.0026529412
3.187626e-08,0.0026357077
3.197626e-08,0.0026306813
3.207626e-08,0.0026378619
3.217626e-08,0.0026529412
3.227626e-08,0.0026694566
3.237626e-08,0.0026809455
3.247626e-08,0.0026830997
3.257626e-08,0.0026759191
3.267626e-08,0.0026615579
3.277626e-08,0.0026443244
3.287626e-08,0.0026292452
3.297626e-08,0.0026184743
3.307626e-08,0.0026120117
3.317626e-08,0.0026084214
3.327626e-08,0.002603395
3.337626e-08,0.0025954963
3.347626e-08,0.0025861615
3.357626e-08,0.0025775448
3.367626e-08,0.0025725184
3.377626e-08,0.0025725184
3.387626e-08,0.0025768267
3.397626e-08,0.0025832893
3.407626e-08,0.0025897518
3.417626e-08,0.0025954963
3.427626e-08,0.0026019589
3.437626e-08,0.0026112937
3.447626e-08,0.0026249368
3.457626e-08,0.0026414522
3.467626e-08,0.0026565315
3.477626e-08,0.002662994
3.487626e-08,0.0026579676
3.497626e-08,0.0026414522
3.507626e-08,0.0026184743
3.517626e-08,0.0025969324
3.527626e-08,0.0025840074
3.537626e-08,0.0025840074
3.547626e-08,0.0025926241
3.557626e-08,0.0026026769
3.567626e-08,0.0026048311
3.577626e-08,0.0025954963
3.587626e-08,0.0025761087
3.597626e-08,0.0025531307
3.607626e-08,0.0025351792
3.617626e-08,0.0025265625
3.627626e-08,0.0025265625
3.637626e-08,0.0025279986
3.647626e-08,0.0025222541
3.657626e-08,0.0025035846
3.667626e-08,0.0024741441
3.677626e-08,0.0024403952
3.687626e-08,0.002413827
3.697626e-08,0.0024001838
3.707626e-08,0.0023994658
3.717626e-08,0.0024044922
3.727626e-08,0.0024037741
3.737626e-08,0.0023886949
3.747626e-08,0.0023571002
3.757626e-08,0.0023168888
3.767626e-08,0.0022781135
3.777626e-08,0.0022508272
3.787626e-08,0.0022386202
3.797626e-08,0.002236466
3.807626e-08,0.0022328757
3.817626e-08,0.0022163603
3.827626e-08,0.0021818934
3.837626e-08,0.0021337833
3.847626e-08,0.0020835191
3.857626e-08,0.0020440257
3.867626e-08,0.00202392
3.877626e-08,0.0020224839
3.887626e-08,0.0020332548
3.897626e-08,0.0020440257
3.907626e-08,0.0020454619
3.917626e-08,0.002035409
3.927626e-08,0.0020174575
3.937626e-08,0.0019980699
3.947626e-08,0.0019837086
3.957626e-08,0.00197581
3.967626e-08,0.0019715016
3.977626e-08,0.0019636029
3.987626e-08,0.0019485237
3.997626e-08,0.0019269818
4.007626e-08,0.0019032858
4.017626e-08,0.0018831801
4.027626e-08,0.0018724092
4.037626e-08,0.0018716912
4.047626e-08,0.0018774357
4.057626e-08,0.0018831801
4.067626e-08,0.0018838982
4.077626e-08,0.0018788718
4.087626e-08,0.0018702551
4.097626e-08,0.0018602022
4.107626e-08,0.0018523035
4.117626e-08,0.001845841
4.127626e-08,0.0018379423
4.137626e-08,0.0018257353
4.147626e-08,0.0018085018
4.157626e-08,0.0017876781
4.167626e-08,0.0017690085
4.177626e-08,0.0017568015
4.187626e-08,0.0017532112
4.197626e-08,0.0017553653
4.207626e-08,0.0017582376
4.217626e-08,0.0017568015
4.227626e-08,0.0017474667
4.237626e-08,0.0017323874
4.247626e-08,0.001715154
4.257626e-08,0.0016993566
4.267626e-08,0.0016878676
4.277626e-08,0.0016792509
4.287626e-08,0.00166848
4.297626e-08,0.0016534007
4.307626e-08,0.001632577
4.317626e-08,0.0016103171
4.327626e-08,0.0015923656
4.337626e-08,0.0015844669
4.347626e-08,0.0015887753
4.357626e-08,0.0016024184
4.367626e-08,0.0016189338
4.377626e-08,0.0016304228
4.387626e-08,0.001633295
4.397626e-08,0.0016282686
4.407626e-08,0.0016182158
4.417626e-08,0.0016074449
4.427626e-08,0.0015988281
4.437626e-08,0.0015909295
4.447626e-08,0.0015794405
4.457626e-08,0.001561489
4.467626e-08,0.0015363568
4.477626e-08,0.0015083525
4.487626e-08,0.0014839384
4.497626e-08,0.0014695772
4.507626e-08,0.001466705
4.517626e-08,0.0014724494
4.527626e-08,0.0014796301
4.537626e-08,0.0014810662
4.547626e-08,0.0014710133
4.557626e-08,0.0014509076
4.567626e-08,0.0014250574
4.577626e-08,0.0014006434
4.587626e-08,0.0013819738
4.597626e-08,0.0013683307
4.607626e-08,0.0013575597
4.617626e-08,0.0013431985
4.627626e-08,0.0013216567
4.637626e-08,0.0012943704
4.647626e-08,0.0012649299
4.657626e-08,0.0012397978
4.667626e-08,0.0012240005
4.677626e-08,0.001218974
4.687626e-08,0.0012225643
4.697626e-08,0.0012283088
4.707626e-08,0.0012318991
4.717626e-08,0.0012311811
4.727626e-08,0.0012254366
4.737626e-08,0.0012168199
4.747626e-08,0.0012060489
4.757626e-08,0.0011938419
4.767626e-08,0.0011787626
4.777626e-08,0.001159375
4.787626e-08,0.0011363971
4.797626e-08,0.0011141372
4.807626e-08,0.0010976218
4.817626e-08,0.0010904412
4.827626e-08,0.0010954676
4.837626e-08,0.0011091108
4.847626e-08,0.0011256261
4.857626e-08,0.0011363971
4.867626e-08,0.001135679
4.877626e-08,0.0011213178
4.887626e-08,0.0010969037
4.897626e-08,0.0010674632
4.907626e-08,0.0010401769
4.917626e-08,0.0010193532
4.927626e-08,0.00100571
4.937626e-08,0.00099852941
4.947626e-08,0.00099422105
4.957626e-08,0.00099134881
4.967626e-08,0.00098919462
4.977626e-08,0.00098704044
4.987626e-08,0.00098632238
4.997626e-08,0.00098488626
5.007626e-08,0.00098201402
5.017626e-08,0.00097555147
5.027626e-08,0.0009640625
5.037626e-08,0.00094898323
5.047626e-08,0.00093246783
5.057626e-08,0.00091810662
5.067626e-08,0.00090877183
5.077626e-08,0.00090302734
5.087626e-08,0.0009001551
5.097626e-08,0.00089512868
5.107626e-08,0.00088579389
5.117626e-08,0.00087071461
5.127626e-08,0.00085348116
5.137626e-08,0.00083768382
5.147626e-08,0.00082834903
5.157626e-08,0.00082763097
5.167626e-08,0.00083552964
5.177626e-08,0.00084917279
5.187626e-08,0.00086353401
5.197626e-08,0.00087430492
5.207626e-08,0.00087717716
5.217626e-08,0.00087215074
5.227626e-08,0.00086066176
5.237626e-08,0.00084486443
5.247626e-08,0.0008290671
5.257626e-08,0.00081470588
5.267626e-08,0.00080465303
5.277626e-08,0.00079890855
5.287626e-08,0.00079890855
5.297626e-08,0.00080321691
5.307626e-08,0.00081111558
5.317626e-08,0.00082045037
5.327626e-08,0.00082978516
5.337626e-08,0.00083768382
5.347626e-08,0.00084199219
5.357626e-08,0.00084342831
5.367626e-08,0.00084199219
5.377626e-08,0.00083768382
5.387626e-08,0.0008326574
5.397626e-08,0.00082619485
5.407626e-08,0.00082045037
5.417626e-08,0.00081470588
5.427626e-08,0.00080967946
5.437626e-08,0.00080608915
5.447626e-08,0.00080393497
5.457626e-08,0.00080321691
5.467626e-08,0.00080249885
5.477626e-08,0.00080106273
5.487626e-08,0.00079747243
5.497626e-08,0.00079172794
5.507626e-08,0.00078382927
5.517626e-08,0.00077521255
5.527626e-08,0.00076587776
5.537626e-08,0.00075726103
5.547626e-08,0.00074936236
5.557626e-08,0.00074146369
5.567626e-08,0.00073284697
5.577626e-08,0.00072279412
5.587626e-08,0.00071130515
5.597626e-08,0.00069909812
5.607626e-08,0.00068689108
5.617626e-08,0.00067683824
5.627626e-08,0.00066893957
5.637626e-08,0.00066247702
5.647626e-08,0.00065816866
5.657626e-08,0.00065386029
5.667626e-08,0.00064883387
5.677626e-08,0.00064237132
5.687626e-08,0.00063303653
5.697626e-08,0.00061939338
5.707626e-08,0.00060144187
5.717626e-08,0.00057846392
5.727626e-08,0.00055261374
5.737626e-08,0.00052748162
5.747626e-08,0.0005059398
5.757626e-08,0.00049086052
5.767626e-08,0.00048296186
5.777626e-08,0.00048152574
5.787626e-08,0.0004822438
5.797626e-08,0.00048152574
5.807626e-08,0.00047721737
5.817626e-08,0.00047003676
5.827626e-08,0.00046285616
5.837626e-08,0.00046070198
5.847626e-08,0.00046716452
5.857626e-08,0.00048152574
5.867626e-08,0.00050019531
5.877626e-08,0.00051599265
5.887626e-08,0.00052245519
5.897626e-08,0.00051599265
5.907626e-08,0.00049804113
5.917626e-08,0.00047578125
5.927626e-08,0.00045639361
5.937626e-08,0.00044705882
5.947626e-08,0.00045064913
5.957626e-08,0.00046357422
5.967626e-08,0.00048008961
5.977626e-08,0.00049301471
5.987626e-08,0.00049732307
5.997626e-08,0.00049445083
6.007626e-08,0.00048727022
6.017626e-08,0.00048152574
6.027626e-08,0.0004822438
6.037626e-08,0.00048870634
6.047626e-08,0.00049804113
6.057626e-08,0.00050450368
6.067626e-08,0.00050378562
6.077626e-08,0.00049373277
6.087626e-08,0.00047649931
6.097626e-08,0.00045854779
6.107626e-08,0.00044490464
6.117626e-08,0.00043916016
6.127626e-08,0.00044059628
6.137626e-08,0.00044705882
6.147626e-08,0.00045280331
6.157626e-08,0.00045280331
6.167626e-08,0.00044705882
6.177626e-08,0.00043556985
6.187626e-08,0.0004219267
6.197626e-08,0.00040828355
6.207626e-08,0.00039751264
6.217626e-08,0.00038961397
6.227626e-08,0.00038243336
6.237626e-08,0.0003745347
6.247626e-08,0.00036519991
6.257626e-08,0.00035514706
6.267626e-08,0.00034509421
6.277626e-08,0.0003379136
6.287626e-08,0.00033360524
6.297626e-08,0.00033216912
6.307626e-08,0.00033216912
6.317626e-08,0.00033145106
6.327626e-08,0.00032786075
6.337626e-08,0.00032068015
6.347626e-08,0.00030990924
6.357626e-08,0.00029770221
6.367626e-08,0.00028549517
6.377626e-08,0.00027472426
6.387626e-08,0.0002668256
6.397626e-08,0.00026036305
6.407626e-08,0.00025605469
6.417626e-08,0.00025174632
6.427626e-08,0.00024743796
6.437626e-08,0.0002431296
6.447626e-08,0.00024025735
6.457626e-08,0.00024025735
6.467626e-08,0.00024384766
6.477626e-08,0.0002503102
6.487626e-08,0.00025820887
6.497626e-08,0.00026323529
6.507626e-08,0.00026251723
6.517626e-08,0.00025390051
6.527626e-08,0.00023810317
6.537626e-08,0.00021727941
6.547626e-08,0.00019645565
6.557626e-08,0.00018065832
6.567626e-08,0.00017204159
6.577626e-08,0.00017132353
6.587626e-08,0.00017563189
6.597626e-08,0.00018065832
6.607626e-08,0.00018353056
6.617626e-08,0.0001828125
6.627626e-08,0.0001792222
6.637626e-08,0.00017634995
6.647626e-08,0.00017706801
6.657626e-08,0.0001828125
6.667626e-08,0.00019071117
6.677626e-08,0.00019645565
6.687626e-08,0.00019430147
6.697626e-08,0.0001828125
6.707626e-08,0.00016198874
6.717626e-08,0.00013685662
6.727626e-08,0.00011459674
6.737626e-08,0.00010238971
6.747626e-08,0.00010238971
6.757626e-08,0.00011244256
6.767626e-08,0.00012608571
6.777626e-08,0.00013685662
6.787626e-08,0.00013757468
6.797626e-08,0.00012752183
6.807626e-08,0.00011028837
6.817626e-08,9.0900735e-05
6.827626e-08,7.7257583e-05
6.837626e-08,7.2231158e-05
6.847626e-08,7.438534e-05
6.857626e-08,7.9411765e-05
6.867626e-08,7.9411765e-05
6.877626e-08,7.0076976e-05
6.887626e-08,4.9253217e-05
6.897626e-08,2.1966912e-05
6.907626e-08,-5.3193934e-06
6.917626e-08,-2.5425092e-05
6.927626e-08,-3.5477941e-05
6.937626e-08,-3.5477941e-05
6.947626e-08,-3.1887638e-05
6.957626e-08,-3.1169577e-05
6.967626e-08,-3.9786305e-05
6.977626e-08,-5.8455882e-05
6.987626e-08,-8.5024127e-05
6.997626e-08,-0.00011302849
7.007626e-08,-0.00013600643
7.017626e-08,-0.00015036765
7.027626e-08,-0.00015539407
7.037626e-08,-0.00015611213
7.047626e-08,-0.00015683019
7.057626e-08,-0.00016185662
7.067626e-08,-0.00017334559
7.077626e-08,-0.00018914292
7.087626e-08,-0.00020565832
7.097626e-08,-0.00021930147
7.107626e-08,-0.00022935432
7.117626e-08,-0.00023653493
7.127626e-08,-0.00024371553
7.137626e-08,-0.00025376838
7.147626e-08,-0.00026669347
7.157626e-08,-0.00028105469
7.167626e-08,-0.00029326172
7.177626e-08,-0.00029972426
7.187626e-08,-0.00030044233
7.197626e-08,-0.00029685202
7.207626e-08,-0.0002954159
7.217626e-08,-0.00029972426
7.227626e-08,-0.00031408548
7.237626e-08,-0.00033706342
7.247626e-08,-0.00036506778
7.257626e-08,-0.00039163603
7.267626e-08,-0.00041030561
7.277626e-08,-0.0004196404
7.287626e-08,-0.00041892233
7.297626e-08,-0.00041461397
7.307626e-08,-0.00041174173
7.317626e-08,-0.00041389591
7.327626e-08,-0.0004232307
7.337626e-08,-0.00043759191
7.347626e-08,-0.00045195312
7.357626e-08,-0.0004634421
7.367626e-08,-0.00046990464
7.377626e-08,-0.00047205882
7.387626e-08,-0.00047421301
7.397626e-08,-0.00047923943
7.407626e-08,-0.00049001034
7.417626e-08,-0.00050652574
7.427626e-08,-0.00052591337
7.437626e-08,-0.00054458295
7.447626e-08,-0.00056109835
7.457626e-08,-0.00057545956
7.467626e-08,-0.00058982077
7.477626e-08,-0.00060705423
7.487626e-08,-0.00062931411
7.497626e-08,-0.00065588235
7.507626e-08,-0.0006824506
7.517626e-08,-0.00070399242
7.527626e-08,-0.00071548139
7.537626e-08,-0.00071332721
7.547626e-08,-0.00070040211
7.557626e-08,-0.00068173254
7.567626e-08,-0.00066449908
7.577626e-08,-0.00065588235
7.587626e-08,-0.0006587546
7.597626e-08,-0.00067239775
7.607626e-08,-0.00069250345
7.617626e-08,-0.00071332721
7.627626e-08,-0.0007298426
7.637626e-08,-0.00074061351
7.647626e-08,-0.00074492187
7.657626e-08,-0.00074779412
7.667626e-08,-0.00075282054
7.677626e-08,-0.00076215533
7.687626e-08,-0.00077651654
7.697626e-08,-0.00079375
7.707626e-08,-0.00080954733
7.717626e-08,-0.00082031824
7.727626e-08,-0.00082247243
7.737626e-08,-0.00081672794
7.747626e-08,-0.00080452091
7.757626e-08,-0.00079159582
7.767626e-08,-0.00078297909
7.777626e-08,-0.00078226103
7.787626e-08,-0.00079231388
7.797626e-08,-0.00081098346
7.807626e-08,-0.00083252528
7.817626e-08,-0.00085119485
7.827626e-08,-0.00085909352
7.837626e-08,-0.00085334903
7.847626e-08,-0.0008339614
7.857626e-08,-0.00080523897
7.867626e-08,-0.00077651654
7.877626e-08,-0.00075425666
7.887626e-08,-0.00074492187
7.897626e-08,-0.00074779412
7.907626e-08,-0.00075928309
7.917626e-08,-0.00077149012
7.927626e-08,-0.00078010685
7.937626e-08,-0.00078226103
7.947626e-08,-0.00078082491
7.957626e-08,-0.00078082491
7.967626e-08,-0.00078800551
7.977626e-08,-0.00080523897
7.987626e-08,-0.00082965303
7.997626e-08,-0.00085478516
8.007626e-08,-0.00087201861
8.017626e-08,-0.00087417279
8.027626e-08,-0.0008612477
8.037626e-08,-0.0008375517
8.047626e-08,-0.00081170152
8.057626e-08,-0.00079375
8.067626e-08,-0.00078872358
8.077626e-08,-0.00079805836
8.087626e-08,-0.00081672794
8.097626e-08,-0.00083970588
8.107626e-08,-0.0008612477
8.117626e-08,-0.00087848116
8.127626e-08,-0.00089356043
8.137626e-08,-0.00090863971
8.147626e-08,-0.00092659122
8.157626e-08,-0.00094741498
8.167626e-08,-0.0009689568
8.177626e-08,-0.0009890625
8.187626e-08,-0.0010034237
8.197626e-08,-0.0010113224
8.207626e-08,-0.0010134766
8.217626e-08,-0.0010120404
8.227626e-08,-0.0010098863
8.237626e-08,-0.0010084501
8.247626e-08,-0.0010084501
8.257626e-08,-0.0010120404
8.267626e-08,-0.001018503
8.277626e-08,-0.001029992
8.287626e-08,-0.0010472254
8.297626e-08,-0.0010694853
8.307626e-08,-0.0010953355
8.317626e-08,-0.0011197495
8.327626e-08,-0.0011391372
8.337626e-08,-0.0011499081
8.347626e-08,-0.0011513442
8.357626e-08,-0.0011470358
8.367626e-08,-0.0011405733
8.377626e-08,-0.0011384191
8.387626e-08,-0.0011420094
8.397626e-08,-0.0011520623
8.407626e-08,-0.0011635512
8.417626e-08,-0.001172886
8.427626e-08,-0.0011764763
8.437626e-08,-0.0011736041
8.447626e-08,-0.0011671415
8.457626e-08,-0.0011613971
8.467626e-08,-0.0011599609
8.477626e-08,-0.0011642693
8.487626e-08,-0.0011736041
8.497626e-08,-0.001184375
8.507626e-08,-0.0011937098
8.517626e-08,-0.0011987362
8.527626e-08,-0.0011994543
8.537626e-08,-0.001195864
8.547626e-08,-0.0011908375
8.557626e-08,-0.0011865292
8.567626e-08,-0.0011836569
8.577626e-08,-0.001184375
8.587626e-08,-0.0011879653
8.597626e-08,-0.001195864
8.607626e-08,-0.0012066349
8.617626e-08,-0.0012188419
8.627626e-08,-0.0012310489
8.637626e-08,-0.0012403837
8.647626e-08,-0.001243974
8.657626e-08,-0.0012418199
8.667626e-08,-0.0012339212
8.677626e-08,-0.0012253045
8.687626e-08,-0.0012188419
8.697626e-08,-0.0012188419
8.707626e-08,-0.0012267406
8.717626e-08,-0.0012418199
8.727626e-08,-0.0012597714
8.737626e-08,-0.0012762868
8.747626e-08,-0.0012892119
8.757626e-08,-0.0012971105
8.767626e-08,-0.0013035731
8.777626e-08,-0.0013107537
8.787626e-08,-0.0013222426
8.797626e-08,-0.0013394761
8.807626e-08,-0.0013595818
8.817626e-08,-0.0013796875
8.827626e-08,-0.0013954848
8.837626e-08,-0.0014048196
8.847626e-08,-0.0014062557
8.857626e-08,-0.0014026654
8.867626e-08,-0.0013962029
8.877626e-08,-0.0013911765
8.887626e-08,-0.0013890223
8.897626e-08,-0.0013911765
8.907626e-08,-0.001397639
8.917626e-08,-0.0014076919
8.927626e-08,-0.001421335
8.937626e-08,-0.0014371324
8.947626e-08,-0.0014543658
8.957626e-08,-0.0014715993
8.967626e-08,-0.0014859605
8.977626e-08,-0.0014945772
8.987626e-08,-0.0014960133
8.997626e-08,-0.0014909869
9.007626e-08,-0.0014816521
9.017626e-08,-0.0014715993
9.027626e-08,-0.0014644187
9.037626e-08,-0.0014622645
9.047626e-08,-0.0014658548
9.057626e-08,-0.0014715993
9.067626e-08,-0.0014773437
9.077626e-08,-0.0014809341
9.087626e-08,-0.0014823702
9.097626e-08,-0.0014830882
9.107626e-08,-0.0014873966
9.117626e-08,-0.0014988856
9.127626e-08,-0.0015175551
9.137626e-08,-0.0015405331
9.147626e-08,-0.001563511
9.157626e-08,-0.0015800264
9.167626e-08,-0.0015879251
9.177626e-08,-0.001586489
9.187626e-08,-0.0015793084
9.197626e-08,-0.0015721278
9.207626e-08,-0.0015699736
9.217626e-08,-0.001575
9.227626e-08,-0.0015850528
9.237626e-08,-0.0015965418
9.247626e-08,-0.0016058766
9.257626e-08,-0.0016094669
9.267626e-08,-0.0016094669
9.277626e-08,-0.0016087489
9.287626e-08,-0.0016123392
9.297626e-08,-0.0016209559
9.307626e-08,-0.001634599
9.317626e-08,-0.0016475241
9.327626e-08,-0.0016561409
9.337626e-08,-0.0016554228
9.347626e-08,-0.0016468061
9.357626e-08,-0.001633881
9.367626e-08,-0.0016238281
9.377626e-08,-0.0016209559
9.387626e-08,-0.0016281365
9.397626e-08,-0.0016439338
9.407626e-08,-0.0016626034
9.417626e-08,-0.0016784007
9.427626e-08,-0.0016884536
9.437626e-08,-0.0016920439
9.447626e-08,-0.0016913258
9.457626e-08,-0.0016898897
9.467626e-08,-0.0016906078
9.477626e-08,-0.00169348
9.487626e-08,-0.0016977884
9.497626e-08,-0.0017013787
9.507626e-08,-0.0017035329
9.517626e-08,-0.001704969
9.527626e-08,-0.0017078412
9.537626e-08,-0.0017128676
9.547626e-08,-0.0017207663
9.557626e-08,-0.001728665
9.567626e-08,-0.0017351275
9.577626e-08,-0.0017358456
9.587626e-08,-0.0017322553
9.597626e-08,-0.0017265108
9.607626e-08,-0.0017222024
9.617626e-08,-0.0017243566
9.627626e-08,-0.0017329733
9.637626e-08,-0.0017466165
9.647626e-08,-0.0017602597
9.657626e-08,-0.0017703125
9.667626e-08,-0.0017746209
9.677626e-08,-0.0017731847
9.687626e-08,-0.0017703125
9.697626e-08,-0.0017703125
9.707626e-08,-0.0017753389
9.717626e-08,-0.0017846737
9.727626e-08,-0.0017954446
9.737626e-08,-0.0018047794
9.747626e-08,-0.0018090878
9.757626e-08,-0.0018090878
9.767626e-08,-0.0018062155
9.777626e-08,-0.0018047794
9.787626e-08,-0.0018062155
9.797626e-08,-0.0018105239
9.807626e-08,-0.0018148323
9.817626e-08,-0.0018162684
9.827626e-08,-0.00181196
9.837626e-08,-0.0018026252
9.847626e-08,-0.0017911363
9.857626e-08,-0.0017818015
9.867626e-08,-0.0017789292
9.877626e-08,-0.0017832376
9.887626e-08,-0.0017932904
9.897626e-08,-0.0018047794
9.907626e-08,-0.0018141142
9.917626e-08,-0.0018191406
9.927626e-08,-0.0018198587
9.937626e-08,-0.0018162684
9.947626e-08,-0.00181196
9.957626e-08,-0.0018083697
9.967626e-08,-0.0018062155
9.977626e-08,-0.0018047794
9.987626e-08,-0.0018040614
9.997626e-08,-0.0018033433
1.000763e-07,-0.0018033433
1.001763e-07,-0.0018047794
1.002763e-07,-0.0018083697
1.003763e-07,-0.0018148323
1.004763e-07,-0.0018212948
1.005763e-07,-0.0018277574
1.006763e-07,-0.0018327838
1.007763e-07,-0.001835656
1.008763e-07,-0.0018378102
1.009763e-07,-0.0018392463
1.010763e-07,-0.0018414005
1.011763e-07,-0.0018428366
1.012763e-07,-0.0018421186
1.013763e-07,-0.0018392463
1.014763e-07,-0.0018335018
1.015763e-07,-0.0018263212
1.016763e-07,-0.0018191406
1.017763e-07,-0.0018162684
1.018763e-07,-0.0018184226
1.019763e-07,-0.0018256032
1.020763e-07,-0.0018370921
1.021763e-07,-0.0018507353
1.022763e-07,-0.0018643784
1.023763e-07,-0.0018758674
1.024763e-07,-0.0018866383
1.025763e-07,-0.0018966912
1.026763e-07,-0.0019053079
1.027763e-07,-0.0019132066
1.028763e-07,-0.001918233
1.029763e-07,-0.0019196691
1.030763e-07,-0.001918233
1.031763e-07,-0.0019160788
1.032763e-07,-0.0019153608
1.033763e-07,-0.0019196691
1.034763e-07,-0.0019311581
1.035763e-07,-0.0019505457
1.036763e-07,-0.0019749598
1.037763e-07,-0.0020000919
1.038763e-07,-0.0020216337
1.039763e-07,-0.0020352769
1.040763e-07,-0.0020395852
1.041763e-07,-0.0020345588
1.042763e-07,-0.0020237879
1.043763e-07,-0.0020108628
1.044763e-07,-0.002001528
1.045763e-07,-0.0020000919
1.046763e-07,-0.0020079906
1.047763e-07,-0.0020237879
1.048763e-07,-0.0020460478
1.049763e-07,-0.0020690257
1.050763e-07,-0.0020884134
1.051763e-07,-0.0021006204
1.052763e-07,-0.0021049288
1.053763e-07,-0.0021034926
1.054763e-07,-0.0021013385
1.055763e-07,-0.0021020565
1.056763e-07,-0.0021106733
1.057763e-07,-0.0021264706
1.058763e-07,-0.0021472943
1.059763e-07,-0.0021681181
1.060763e-07,-0.0021853516
1.061763e-07,-0.0021954044
1.062763e-07,-0.0021989947
1.063763e-07,-0.0021975586
1.064763e-07,-0.0021961225
1.065763e-07,-0.0021954044
1.066763e-07,-0.0021968405
1.067763e-07,-0.0021989947
1.068763e-07,-0.0021989947
1.069763e-07,-0.0021954044
1.070763e-07,-0.0021889419
1.071763e-07,-0.0021824793
1.072763e-07,-0.0021803251
1.073763e-07,-0.0021839154
1.074763e-07,-0.0021946864
1.075763e-07,-0.0022090476
1.076763e-07,-0.0022226907
1.077763e-07,-0.0022298713
1.078763e-07,-0.0022291533
1.079763e-07,-0.0022205365
1.080763e-07,-0.0022076114
1.081763e-07,-0.0021954044
1.082763e-07,-0.0021882238
1.083763e-07,-0.0021867877
1.084763e-07,-0.002190378
1.085763e-07,-0.0021954044
1.086763e-07,-0.0021989947
1.087763e-07,-0.0021997128
1.088763e-07,-0.0021982767
1.089763e-07,-0.0021954044
1.090763e-07,-0.0021939683
1.091763e-07,-0.0021961225
1.092763e-07,-0.0022004308
1.093763e-07,-0.0022068934
1.094763e-07,-0.0022126379
1.095763e-07,-0.0022183824
1.096763e-07,-0.0022234088
1.097763e-07,-0.0022298713
1.098763e-07,-0.0022384881
1.099763e-07,-0.002249977
1.100763e-07,-0.0022629021
1.101763e-07,-0.0022758272
1.102763e-07,-0.0022865981
1.103763e-07,-0.0022952148
1.104763e-07,-0.0023016774
1.105763e-07,-0.0023102941
1.106763e-07,-0.0023225011
1.107763e-07,-0.0023390165
1.108763e-07,-0.0023591222
1.109763e-07,-0.0023792279
1.110763e-07,-0.0023957433
1.111763e-07,-0.0024065142
1.112763e-07,-0.0024115407
1.113763e-07,-0.0024136949
1.114763e-07,-0.0024180032
1.115763e-07,-0.0024302102
1.116763e-07,-0.0024517521
1.117763e-07,-0.0024826287
1.118763e-07,-0.0025178136
1.119763e-07,-0.0025501264
1.120763e-07,-0.0025738224
1.121763e-07,-0.0025860294
1.122763e-07,-0.0025867475
1.123763e-07,-0.002581003
1.124763e-07,-0.0025752585
1.125763e-07,-0.0025745404
1.126763e-07,-0.0025824391
1.127763e-07,-0.0025996726
1.128763e-07,-0.0026212144
1.129763e-07,-0.0026434743
1.130763e-07,-0.0026621438
1.131763e-07,-0.002675787
1.132763e-07,-0.0026836857
1.133763e-07,-0.0026894301
1.134763e-07,-0.0026944566
1.135763e-07,-0.0027023552
1.136763e-07,-0.0027124081
1.137763e-07,-0.0027238971
1.138763e-07,-0.0027361041
1.139763e-07,-0.0027461569
1.140763e-07,-0.0027540556
1.141763e-07,-0.002758364
1.142763e-07,-0.0027598001
1.143763e-07,-0.0027598001
1.144763e-07,-0.002759082
1.145763e-07,-0.002758364
1.146763e-07,-0.002758364
1.147763e-07,-0.002759082
1.148763e-07,-0.002759082
1.149763e-07,-0.002758364
1.150763e-07,-0.0027562098
1.151763e-07,-0.0027519014
1.152763e-07,-0.0027483111
1.153763e-07,-0.002746875
1.154763e-07,-0.0027490292
1.155763e-07,-0.0027547737
1.156763e-07,-0.0027626723
1.157763e-07,-0.0027698529
1.158763e-07,-0.0027727252
1.159763e-07,-0.0027691349
1.160763e-07,-0.002759082
1.161763e-07,-0.002746875
1.162763e-07,-0.0027375402
1.163763e-07,-0.002735386
1.164763e-07,-0.0027432847
1.165763e-07,-0.002758364
1.166763e-07,-0.0027741613
1.167763e-07,-0.0027834961
1.168763e-07,-0.00278206
1.169763e-07,-0.0027698529
1.170763e-07,-0.0027519014
1.171763e-07,-0.0027368222
1.172763e-07,-0.0027303596
1.173763e-07,-0.002735386
1.174763e-07,-0.0027483111
1.175763e-07,-0.0027626723
1.176763e-07,-0.0027712891
1.177763e-07,-0.0027698529
1.178763e-07,-0.0027619543
1.179763e-07,-0.0027540556
1.180763e-07,-0.0027547737
1.181763e-07,-0.0027698529
1.182763e-07,-0.0027964212
1.183763e-07,-0.0028272978
1.184763e-07,-0.0028517119
1.185763e-07,-0.0028617647
1.186763e-07,-0.0028560202
1.187763e-07,-0.0028395048
1.188763e-07,-0.0028229894
1.189763e-07,-0.0028158088
1.190763e-07,-0.0028237075
1.191763e-07,-0.0028430951
1.192763e-07,-0.0028667911
1.193763e-07,-0.0028847426
1.194763e-07,-0.0028904871
1.195763e-07,-0.0028847426
1.196763e-07,-0.0028725356
1.197763e-07,-0.0028617647
1.198763e-07,-0.0028588925
1.199763e-07,-0.0028646369
1.200763e-07,-0.0028761259
1.201763e-07,-0.0028847426
1.202763e-07,-0.0028861788
1.203763e-07,-0.0028782801
1.204763e-07,-0.0028639189
1.205763e-07,-0.0028502757
1.206763e-07,-0.0028423771
1.207763e-07,-0.0028430951
1.208763e-07,-0.0028509938
1.209763e-07,-0.0028617647
1.210763e-07,-0.0028710995
1.211763e-07,-0.002877562
1.212763e-07,-0.0028811523
1.213763e-07,-0.0028847426
1.214763e-07,-0.0028926413
1.215763e-07,-0.0029062845
1.216763e-07,-0.0029235179
1.217763e-07,-0.0029421875
1.218763e-07,-0.0029579848
1.219763e-07,-0.0029687557
1.220763e-07,-0.0029745002
1.221763e-07,-0.0029766544
1.222763e-07,-0.0029773725
1.223763e-07,-0.0029795267
1.224763e-07,-0.0029823989
1.225763e-07,-0.0029881434
1.226763e-07,-0.002995324
1.227763e-07,-0.0030053768
1.228763e-07,-0.0030183019
1.229763e-07,-0.0030340993
1.230763e-07,-0.0030513327
1.231763e-07,-0.0030685662
1.232763e-07,-0.0030822093
1.233763e-07,-0.0030915441
1.234763e-07,-0.0030965705
1.235763e-07,-0.0031008789
1.236763e-07,-0.0031059053
1.237763e-07,-0.0031145221
1.238763e-07,-0.0031274472
1.239763e-07,-0.0031418084
1.240763e-07,-0.0031540154
1.241763e-07,-0.0031604779
1.242763e-07,-0.0031604779
1.243763e-07,-0.0031540154
1.244763e-07,-0.0031453987
1.245763e-07,-0.0031375
1.246763e-07,-0.0031317555
1.247763e-07,-0.0031274472
1.248763e-07,-0.0031224207
1.249763e-07,-0.0031145221
1.250763e-07,-0.0031030331
1.251763e-07,-0.0030879538
1.252763e-07,-0.0030721565
1.253763e-07,-0.0030570772
1.254763e-07,-0.0030434341
1.255763e-07,-0.0030297909
1.256763e-07,-0.0030154297
1.257763e-07,-0.0029996324
1.258763e-07,-0.002983117
1.259763e-07,-0.0029680377
1.260763e-07,-0.0029572668
1.261763e-07,-0.0029536765
1.262763e-07,-0.0029551126
1.263763e-07,-0.0029587029
1.264763e-07,-0.0029587029
1.265763e-07,-0.0029536765
1.266763e-07,-0.0029429056
1.267763e-07,-0.0029306985
1.268763e-07,-0.0029213637
1.269763e-07,-0.0029192096
1.270763e-07,-0.002924954
1.271763e-07,-0.0029342888
1.272763e-07,-0.0029421875
1.273763e-07,-0.0029421875
1.274763e-07,-0.0029321347
1.275763e-07,-0.0029156193
1.276763e-07,-0.0028969497
1.277763e-07,-0.0028847426
1.278763e-07,-0.0028833065
1.279763e-07,-0.0028933594
1.280763e-07,-0.0029113109
1.281763e-07,-0.0029306985
1.282763e-07,-0.0029464959
1.283763e-07,-0.0029565487
1.284763e-07,-0.0029622932
1.285763e-07,-0.0029651654
1.286763e-07,-0.0029694738
1.287763e-07,-0.0029759364
1.288763e-07,-0.002983117
1.289763e-07,-0.0029881434
1.290763e-07,-0.0029888614
1.291763e-07,-0.0029845531
1.292763e-07,-0.0029795267
1.293763e-07,-0.0029766544
1.294763e-07,-0.0029809628
1.295763e-07,-0.0029938879
1.296763e-07,-0.0030132755
1.297763e-07,-0.0030340993
1.298763e-07,-0.0030513327
1.299763e-07,-0.0030606675
1.300763e-07,-0.0030621036
1.301763e-07,-0.0030570772
1.302763e-07,-0.0030506147
1.303763e-07,-0.0030470244
1.304763e-07,-0.0030491785
1.305763e-07,-0.0030570772
1.306763e-07,-0.0030692842
1.307763e-07,-0.0030807732
1.308763e-07,-0.0030893899
1.309763e-07,-0.0030915441
1.310763e-07,-0.0030865177
1.311763e-07,-0.0030750287
1.312763e-07,-0.0030606675
1.313763e-07,-0.0030455882
1.314763e-07,-0.0030326631
1.315763e-07,-0.0030247645
1.316763e-07,-0.0030218922
1.317763e-07,-0.0030226103
1.318763e-07,-0.0030254825
1.319763e-07,-0.0030290728
1.320763e-07,-0.0030319451
1.321763e-07,-0.0030340993
1.322763e-07,-0.0030362534
1.323763e-07,-0.0030405618
1.324763e-07,-0.0030477424
1.325763e-07,-0.0030570772
1.326763e-07,-0.0030671301
1.327763e-07,-0.0030757468
1.328763e-07,-0.0030800551
1.329763e-07,-0.0030800551
1.330763e-07,-0.0030771829
1.331763e-07,-0.0030750287
1.332763e-07,-0.0030757468
1.333763e-07,-0.0030800551
1.334763e-07,-0.0030879538
1.335763e-07,-0.0030958525
1.336763e-07,-0.003101597
1.337763e-07,-0.0031030331
1.338763e-07,-0.0031008789
1.339763e-07,-0.0030972886
1.340763e-07,-0.0030972886
1.341763e-07,-0.0031030331
1.342763e-07,-0.0031145221
1.343763e-07,-0.0031288833
1.344763e-07,-0.0031418084
1.345763e-07,-0.003148989
1.346763e-07,-0.003148989
1.347763e-07,-0.0031425264
1.348763e-07,-0.0031339097
1.349763e-07,-0.003126011
1.350763e-07,-0.0031209846
1.351763e-07,-0.0031195485
1.352763e-07,-0.0031181124
1.353763e-07,-0.0031145221
1.354763e-07,-0.0031073415
1.355763e-07,-0.0030987247
1.356763e-07,-0.0030922622
1.357763e-07,-0.0030915441
1.358763e-07,-0.0031001608
1.359763e-07,-0.0031173943
1.360763e-07,-0.0031396542
1.361763e-07,-0.0031604779
1.362763e-07,-0.0031741211
1.363763e-07,-0.0031769933
1.364763e-07,-0.0031712489
1.365763e-07,-0.0031604779
1.366763e-07,-0.0031511432
1.367763e-07,-0.003148989
1.368763e-07,-0.0031561696
1.369763e-07,-0.0031719669
1.370763e-07,-0.0031920726
1.371763e-07,-0.0032107422
1.372763e-07,-0.0032243853
1.373763e-07,-0.0032294118
1.374763e-07,-0.0032272576
1.375763e-07,-0.003220077
1.376763e-07,-0.0032121783
1.377763e-07,-0.0032064338
1.378763e-07,-0.0032042796
1.379763e-07,-0.0032071519
1.380763e-07,-0.0032121783
1.381763e-07,-0.0032179228
1.382763e-07,-0.0032236673
1.383763e-07,-0.0032279756
1.384763e-07,-0.0032337201
1.385763e-07,-0.0032409007
1.386763e-07,-0.0032516716
1.387763e-07,-0.0032667509
1.388763e-07,-0.0032832663
1.389763e-07,-0.0032983456
1.390763e-07,-0.0033091165
1.391763e-07,-0.0033134249
1.392763e-07,-0.0033127068
1.393763e-07,-0.0033098346
1.394763e-07,-0.0033098346
1.395763e-07,-0.0033177332
1.396763e-07,-0.0033335306
1.397763e-07,-0.0033557904
1.398763e-07,-0.0033780503
1.399763e-07,-0.0033931296
1.400763e-07,-0.0033967199
1.401763e-07,-0.0033902574
1.402763e-07,-0.0033773323
1.403763e-07,-0.0033665614
1.404763e-07,-0.0033658433
1.405763e-07,-0.0033787684
1.406763e-07,-0.0034039005
1.407763e-07,-0.0034347771
1.408763e-07,-0.0034627815
1.409763e-07,-0.0034821691
1.410763e-07,-0.0034893497
1.411763e-07,-0.0034879136
1.412763e-07,-0.0034836052
1.413763e-07,-0.0034821691
1.414763e-07,-0.0034879136
1.415763e-07,-0.0035008387
1.416763e-07,-0.003515918
1.417763e-07,-0.003528125
1.418763e-07,-0.0035345875
1.419763e-07,-0.0035345875
1.420763e-07,-0.0035309972
1.421763e-07,-0.003528125
1.422763e-07,-0.0035288431
1.423763e-07,-0.0035345875
1.424763e-07,-0.0035432043
1.425763e-07,-0.0035511029
1.426763e-07,-0.0035568474
1.427763e-07,-0.0035590016
1.428763e-07,-0.0035597197
1.429763e-07,-0.0035625919
1.430763e-07,-0.0035690545
1.431763e-07,-0.0035798254
1.432763e-07,-0.0035941866
1.433763e-07,-0.0036085478
1.434763e-07,-0.0036221909
1.435763e-07,-0.0036336799
1.436763e-07,-0.0036437328
1.437763e-07,-0.0036545037
1.438763e-07,-0.0036652746
1.439763e-07,-0.0036760455
1.440763e-07,-0.0036846622
1.441763e-07,-0.0036889706
1.442763e-07,-0.0036896886
1.443763e-07,-0.0036896886
1.444763e-07,-0.0036918428
1.445763e-07,-0.0037004596
1.446763e-07,-0.003716975
1.447763e-07,-0.0037392348
1.448763e-07,-0.0037629308
1.449763e-07,-0.0037808824
1.450763e-07,-0.0037894991
1.451763e-07,-0.0037873449
1.452763e-07,-0.0037780101
1.453763e-07,-0.0037693934
1.454763e-07,-0.0037679573
1.455763e-07,-0.003777292
1.456763e-07,-0.0037988339
1.457763e-07,-0.0038268382
1.458763e-07,-0.0038541245
1.459763e-07,-0.0038735122
1.460763e-07,-0.0038799747
1.461763e-07,-0.0038727941
1.462763e-07,-0.0038569968
1.463763e-07,-0.0038397633
1.464763e-07,-0.0038275563
1.465763e-07,-0.0038268382
1.466763e-07,-0.0038376091
1.467763e-07,-0.0038569968
1.468763e-07,-0.0038792567
1.469763e-07,-0.0038957721
1.470763e-07,-0.0039029527
1.471763e-07,-0.0038979262
1.472763e-07,-0.0038864373
1.473763e-07,-0.0038727941
1.474763e-07,-0.0038656135
1.475763e-07,-0.0038699219
1.476763e-07,-0.0038850011
1.477763e-07,-0.003907261
1.478763e-07,-0.0039280848
1.479763e-07,-0.0039402918
1.480763e-07,-0.0039402918
1.481763e-07,-0.003930239
1.482763e-07,-0.0039158778
1.483763e-07,-0.0039058249
1.484763e-07,-0.003906543
1.485763e-07,-0.00391875
1.486763e-07,-0.0039381376
1.487763e-07,-0.0039575253
1.488763e-07,-0.0039711684
1.489763e-07,-0.0039761949
1.490763e-07,-0.0039769129
1.491763e-07,-0.0039790671
1.492763e-07,-0.003989838
1.493763e-07,-0.0040106618
1.494763e-07,-0.0040379481
1.495763e-07,-0.0040637983
1.496763e-07,-0.0040788775
1.497763e-07,-0.0040795956
1.498763e-07,-0.0040681066
1.499763e-07,-0.0040523093
1.500763e-07,-0.0040429745
1.501763e-07,-0.0040451287
1.502763e-07,-0.004060208
1.503763e-07,-0.0040824678
1.504763e-07,-0.0041025735
1.505763e-07,-0.0041140625
1.506763e-07,-0.0041154986
1.507763e-07,-0.0041111903
1.508763e-07,-0.004108318
1.509763e-07,-0.0041140625
1.510763e-07,-0.0041284237
1.511763e-07,-0.0041456572
1.512763e-07,-0.0041585823
1.513763e-07,-0.0041600184
1.514763e-07,-0.0041492475
1.515763e-07,-0.004132014
1.516763e-07,-0.0041169347
1.517763e-07,-0.0041140625
1.518763e-07,-0.0041248334
1.519763e-07,-0.0041463752
1.520763e-07,-0.0041686351
1.521763e-07,-0.0041829963
1.522763e-07,-0.0041844324
1.523763e-07,-0.0041765338
1.524763e-07,-0.0041650448
1.525763e-07,-0.0041600184
1.526763e-07,-0.0041657629
1.527763e-07,-0.0041815602
1.528763e-07,-0.0042016659
1.529763e-07,-0.0042174632
1.530763e-07,-0.0042246438
1.531763e-07,-0.0042239258
1.532763e-07,-0.0042196174
1.533763e-07,-0.0042174632
1.534763e-07,-0.0042217716
1.535763e-07,-0.0042318244
1.536763e-07,-0.0042440315
1.537763e-07,-0.0042519301
1.538763e-07,-0.0042540843
1.539763e-07,-0.0042512121
1.540763e-07,-0.0042490579
1.541763e-07,-0.0042519301
1.542763e-07,-0.004261983
1.543763e-07,-0.0042763442
1.544763e-07,-0.0042899874
1.545763e-07,-0.004297886
1.546763e-07,-0.0042986041
1.547763e-07,-0.0042942957
1.548763e-07,-0.0042921415
1.549763e-07,-0.004297886
1.550763e-07,-0.0043129653
1.551763e-07,-0.0043352252
1.552763e-07,-0.0043553309
1.553763e-07,-0.0043668199
1.554763e-07,-0.0043646657
1.555763e-07,-0.0043510225
1.556763e-07,-0.0043301988
1.557763e-07,-0.004309375
1.558763e-07,-0.0042928596
1.559763e-07,-0.0042813706
1.560763e-07,-0.0042727539
1.561763e-07,-0.0042634191
1.562763e-07,-0.0042533663
1.563763e-07,-0.0042447495
1.564763e-07,-0.0042433134
1.565763e-07,-0.0042519301
1.566763e-07,-0.0042691636
1.567763e-07,-0.0042899874
1.568763e-07,-0.0043057847
1.569763e-07,-0.004309375
1.570763e-07,-0.0042986041
1.571763e-07,-0.0042784984
1.572763e-07,-0.0042562385
1.573763e-07,-0.0042404412
1.574763e-07,-0.0042354148
1.575763e-07,-0.0042404412
1.576763e-07,-0.0042476218
1.577763e-07,-0.0042519301
1.578763e-07,-0.0042490579
1.579763e-07,-0.0042404412
1.580763e-07,-0.0042318244
1.581763e-07,-0.0042289522
1.582763e-07,-0.0042354148
1.583763e-07,-0.0042490579
1.584763e-07,-0.0042641372
1.585763e-07,-0.0042749081
1.586763e-07,-0.0042784984
1.587763e-07,-0.0042770623
1.588763e-07,-0.00427419
1.589763e-07,-0.0042749081
1.590763e-07,-0.0042813706
1.591763e-07,-0.0042907054
1.592763e-07,-0.004297168
1.593763e-07,-0.004297886
1.594763e-07,-0.0042921415
1.595763e-07,-0.0042849609
1.596763e-07,-0.0042849609
1.597763e-07,-0.004297886
1.598763e-07,-0.0043251723
1.599763e-07,-0.0043603573
1.600763e-07,-0.0043933881
1.601763e-07,-0.0044127757
1.602763e-07,-0.0044127757
1.603763e-07,-0.0043969784
1.604763e-07,-0.0043732824
1.605763e-07,-0.0043553309
1.606763e-07,-0.0043510225
1.607763e-07,-0.0043632295
1.608763e-07,-0.0043869256
1.609763e-07,-0.0044127757
1.610763e-07,-0.0044307273
1.611763e-07,-0.0044357537
1.612763e-07,-0.004427855
1.613763e-07,-0.0044127757
1.614763e-07,-0.0043962603
1.615763e-07,-0.0043818991
1.616763e-07,-0.0043725643
1.617763e-07,-0.0043668199
1.618763e-07,-0.0043632295
1.619763e-07,-0.0043617934
1.620763e-07,-0.0043625115
1.621763e-07,-0.0043668199
1.622763e-07,-0.0043747185
1.623763e-07,-0.0043840533
1.624763e-07,-0.0043897978
1.625763e-07,-0.0043897978
1.626763e-07,-0.0043818991
1.627763e-07,-0.004368256
1.628763e-07,-0.0043538948
1.629763e-07,-0.0043438419
1.630763e-07,-0.0043409697
1.631763e-07,-0.0043459961
1.632763e-07,-0.0043560489
1.633763e-07,-0.0043668199
1.634763e-07,-0.0043761546
1.635763e-07,-0.0043818991
1.636763e-07,-0.0043862075
1.637763e-07,-0.0043897978
1.638763e-07,-0.00439267
1.639763e-07,-0.00439267
1.640763e-07,-0.0043876436
1.641763e-07,-0.0043783088
1.642763e-07,-0.0043653837
1.643763e-07,-0.0043538948
1.644763e-07,-0.0043495864
1.645763e-07,-0.0043553309
1.646763e-07,-0.0043711282
1.647763e-07,-0.00439267
1.648763e-07,-0.0044120577
1.649763e-07,-0.0044242647
1.650763e-07,-0.0044271369
1.651763e-07,-0.0044235466
1.652763e-07,-0.0044206744
1.653763e-07,-0.0044242647
1.654763e-07,-0.0044364717
1.655763e-07,-0.0044551413
1.656763e-07,-0.0044723748
1.657763e-07,-0.0044817096
1.658763e-07,-0.0044781193
1.659763e-07,-0.0044644761
1.660763e-07,-0.0044472426
1.661763e-07,-0.0044357537
1.662763e-07,-0.0044371898
1.663763e-07,-0.0044529871
1.664763e-07,-0.0044788373
1.665763e-07,-0.0045046875
1.666763e-07,-0.004521921
1.667763e-07,-0.0045240751
1.668763e-07,-0.0045125862
1.669763e-07,-0.0044931985
1.670763e-07,-0.0044730928
1.671763e-07,-0.0044594497
1.672763e-07,-0.0044551413
1.673763e-07,-0.0044587316
1.674763e-07,-0.0044659122
1.675763e-07,-0.0044723748
1.676763e-07,-0.0044738109
1.677763e-07,-0.0044702206
1.678763e-07,-0.00446304
1.679763e-07,-0.0044544233
1.680763e-07,-0.0044486788
1.681763e-07,-0.0044472426
1.682763e-07,-0.0044493968
1.683763e-07,-0.0044537052
1.684763e-07,-0.0044572955
1.685763e-07,-0.0044587316
1.686763e-07,-0.0044558594
1.687763e-07,-0.0044479607
1.688763e-07,-0.0044371898
1.689763e-07,-0.0044242647
1.690763e-07,-0.0044127757
1.691763e-07,-0.0044055951
1.692763e-07,-0.0044020048
1.693763e-07,-0.0044012868
1.694763e-07,-0.0044012868
1.695763e-07,-0.0043998506
1.696763e-07,-0.0043955423
1.697763e-07,-0.0043897978
1.698763e-07,-0.0043869256
1.699763e-07,-0.0043905159
1.700763e-07,-0.0044034409
1.701763e-07,-0.0044242647
1.702763e-07,-0.0044472426
1.703763e-07,-0.0044644761
1.704763e-07,-0.0044695025
1.705763e-07,-0.0044587316
1.706763e-07,-0.0044350356
1.707763e-07,-0.0044063132
1.708763e-07,-0.0043811811
1.709763e-07,-0.0043668199
1.710763e-07,-0.0043675379
1.711763e-07,-0.0043811811
1.712763e-07,-0.0044020048
1.713763e-07,-0.0044242647
1.714763e-07,-0.0044429343
1.715763e-07,-0.0044558594
1.716763e-07,-0.0044644761
1.717763e-07,-0.0044702206
1.718763e-07,-0.004475247
1.719763e-07,-0.0044788373
1.720763e-07,-0.0044809915
1.721763e-07,-0.0044817096
1.722763e-07,-0.0044831457
1.723763e-07,-0.004487454
1.724763e-07,-0.004498943
1.725763e-07,-0.0045161765
1.726763e-07,-0.0045384364
1.727763e-07,-0.0045599782
1.728763e-07,-0.0045764936
1.729763e-07,-0.0045851103
1.730763e-07,-0.0045872645
1.731763e-07,-0.0045872645
1.732763e-07,-0.0045894187
1.733763e-07,-0.0045965993
1.734763e-07,-0.0046073702
1.735763e-07,-0.0046181411
1.736763e-07,-0.0046231675
1.737763e-07,-0.0046195772
1.738763e-07,-0.0046102424
1.739763e-07,-0.0046001896
1.740763e-07,-0.0045980354
1.741763e-07,-0.0046080882
1.742763e-07,-0.0046303481
1.743763e-07,-0.0046583525
1.744763e-07,-0.0046834846
1.745763e-07,-0.0047
1.746763e-07,-0.0047050264
1.747763e-07,-0.0047021542
1.748763e-07,-0.0046978458
1.749763e-07,-0.0047
1.750763e-07,-0.0047100528
1.751763e-07,-0.0047251321
1.752763e-07,-0.0047387753
1.753763e-07,-0.0047459559
1.754763e-07,-0.0047438017
1.755763e-07,-0.0047366211
1.756763e-07,-0.0047308766
1.757763e-07,-0.0047344669
1.758763e-07,-0.0047502642
1.759763e-07,-0.0047753964
1.760763e-07,-0.0048034007
1.761763e-07,-0.0048263787
1.762763e-07,-0.0048393038
1.763763e-07,-0.004841458
1.764763e-07,-0.0048393038
1.765763e-07,-0.0048378676
1.766763e-07,-0.004842176
1.767763e-07,-0.0048515108
1.768763e-07,-0.0048637178
1.769763e-07,-0.0048723346
1.770763e-07,-0.0048759249
1.771763e-07,-0.0048759249
1.772763e-07,-0.0048766429
1.773763e-07,-0.0048838235
1.774763e-07,-0.0049003389
1.775763e-07,-0.0049233169
1.776763e-07,-0.0049477309
1.777763e-07,-0.0049642463
1.778763e-07,-0.0049685547
1.779763e-07,-0.004959938
1.780763e-07,-0.0049448587
1.781763e-07,-0.0049297794
1.782763e-07,-0.0049233169
1.783763e-07,-0.0049283433
1.784763e-07,-0.0049434226
1.785763e-07,-0.0049642463
1.786763e-07,-0.0049850701
1.787763e-07,-0.0050015855
1.788763e-07,-0.0050130744
1.789763e-07,-0.0050216912
1.790763e-07,-0.0050295898
1.791763e-07,-0.0050374885
1.792763e-07,-0.0050468233
1.793763e-07,-0.0050561581
1.794763e-07,-0.0050647748
1.795763e-07,-0.0050719554
1.796763e-07,-0.0050805722
1.797763e-07,-0.005090625
1.798763e-07,-0.0051013959
1.799763e-07,-0.0051114488
1.800763e-07,-0.0051157571
1.801763e-07,-0.0051136029
1.802763e-07,-0.0051042682
1.803763e-07,-0.0050913431
1.804763e-07,-0.0050805722
1.805763e-07,-0.005079136
1.806763e-07,-0.0050891889
1.807763e-07,-0.0051078585
1.808763e-07,-0.0051301183
1.809763e-07,-0.0051480699
1.810763e-07,-0.0051552505
1.811763e-07,-0.005150224
1.812763e-07,-0.005138017
1.813763e-07,-0.0051250919
1.814763e-07,-0.0051193474
1.815763e-07,-0.0051250919
1.816763e-07,-0.0051408892
1.817763e-07,-0.0051595588
1.818763e-07,-0.0051746381
1.819763e-07,-0.0051796645
1.820763e-07,-0.005173202
1.821763e-07,-0.0051595588
1.822763e-07,-0.0051466337
1.823763e-07,-0.0051416073
1.824763e-07,-0.005150224
1.825763e-07,-0.0051710478
1.826763e-07,-0.0051990522
1.827763e-07,-0.0052270565
1.828763e-07,-0.0052457261
1.829763e-07,-0.0052514706
1.830763e-07,-0.0052435719
1.831763e-07,-0.0052249023
1.832763e-07,-0.0052026425
1.833763e-07,-0.0051825368
1.834763e-07,-0.0051688936
1.835763e-07,-0.0051631491
1.836763e-07,-0.0051653033
1.837763e-07,-0.0051710478
1.838763e-07,-0.0051789465
1.839763e-07,-0.0051875632
1.840763e-07,-0.0051961799
1.841763e-07,-0.0052055147
1.842763e-07,-0.0052155676
1.843763e-07,-0.0052256204
1.844763e-07,-0.0052342371
1.845763e-07,-0.0052399816
1.846763e-07,-0.0052406997
1.847763e-07,-0.0052342371
1.848763e-07,-0.0052220301
1.849763e-07,-0.0052055147
1.850763e-07,-0.0051882812
1.851763e-07,-0.0051753562
1.852763e-07,-0.0051688936
1.853763e-07,-0.0051710478
1.854763e-07,-0.0051818187
1.855763e-07,-0.0051997702
1.856763e-07,-0.005220594
1.857763e-07,-0.0052399816
1.858763e-07,-0.0052543428
1.859763e-07,-0.0052615234
1.860763e-07,-0.0052600873
1.861763e-07,-0.0052514706
1.862763e-07,-0.0052378274
1.863763e-07,-0.005221312
1.864763e-07,-0.0052062328
1.865763e-07,-0.0051940257
1.866763e-07,-0.0051861271
1.867763e-07,-0.0051839729
1.868763e-07,-0.0051868451
1.869763e-07,-0.0051940257
1.870763e-07,-0.0052047966
1.871763e-07,-0.0052170037
1.872763e-07,-0.0052292107
1.873763e-07,-0.0052399816
1.874763e-07,-0.0052464442
1.875763e-07,-0.0052485983
1.876763e-07,-0.0052464442
1.877763e-07,-0.0052399816
1.878763e-07,-0.005232083
1.879763e-07,-0.0052241843
1.880763e-07,-0.0052191579
1.881763e-07,-0.0052170037
1.882763e-07,-0.0052177217
1.883763e-07,-0.005220594
1.884763e-07,-0.0052249023
1.885763e-07,-0.0052284926
1.886763e-07,-0.005232801
1.887763e-07,-0.0052371094
1.888763e-07,-0.0052435719
1.889763e-07,-0.0052514706
1.890763e-07,-0.0052593693
1.891763e-07,-0.0052658318
1.892763e-07,-0.0052672679
1.893763e-07,-0.0052629596
1.894763e-07,-0.0052514706
1.895763e-07,-0.0052356733
1.896763e-07,-0.0052191579
1.897763e-07,-0.0052055147
1.898763e-07,-0.0051983341
1.899763e-07,-0.0051990522
1.900763e-07,-0.0052062328
1.901763e-07,-0.0052170037
1.902763e-07,-0.0052270565
1.903763e-07,-0.0052335191
1.904763e-07,-0.0052335191
1.905763e-07,-0.0052284926
1.906763e-07,-0.0052191579
1.907763e-07,-0.0052076689
1.908763e-07,-0.0051954619
1.909763e-07,-0.0051825368
1.910763e-07,-0.0051688936
1.911763e-07,-0.0051552505
1.912763e-07,-0.0051394531
1.913763e-07,-0.0051250919
1.914763e-07,-0.0051128849
1.915763e-07,-0.0051042682
1.916763e-07,-0.0051006778
1.917763e-07,-0.005102114
1.918763e-07,-0.0051057043
1.919763e-07,-0.0051100126
1.920763e-07,-0.0051128849
1.921763e-07,-0.0051136029
1.922763e-07,-0.0051128849
1.923763e-07,-0.0051121668
1.924763e-07,-0.0051121668
1.925763e-07,-0.0051136029
1.926763e-07,-0.0051157571
1.927763e-07,-0.0051171932
1.928763e-07,-0.0051164752
1.929763e-07,-0.0051136029
1.930763e-07,-0.0051100126
1.931763e-07,-0.0051085765
1.932763e-07,-0.0051092946
1.933763e-07,-0.0051136029
1.934763e-07,-0.0051193474
1.935763e-07,-0.0051229377
1.936763e-07,-0.0051215016
1.937763e-07,-0.0051136029
1.938763e-07,-0.0050999598
1.939763e-07,-0.0050834444
1.940763e-07,-0.0050676471
1.941763e-07,-0.0050561581
1.942763e-07,-0.0050496955
1.943763e-07,-0.0050468233
1.944763e-07,-0.0050461052
1.945763e-07,-0.0050446691
1.946763e-07,-0.0050417969
1.947763e-07,-0.0050374885
1.948763e-07,-0.0050338982
1.949763e-07,-0.0050331801
1.950763e-07,-0.0050360524
1.951763e-07,-0.0050403608
1.952763e-07,-0.0050446691
1.953763e-07,-0.0050446691
1.954763e-07,-0.0050389246
1.955763e-07,-0.0050281537
1.956763e-07,-0.0050137925
1.957763e-07,-0.0049987132
1.958763e-07,-0.0049865062
1.959763e-07,-0.0049778895
1.960763e-07,-0.0049750172
1.961763e-07,-0.0049757353
1.962763e-07,-0.0049793256
1.963763e-07,-0.004983634
1.964763e-07,-0.0049865062
1.965763e-07,-0.0049872243
1.966763e-07,-0.0049829159
1.967763e-07,-0.0049735811
1.968763e-07,-0.0049592199
1.969763e-07,-0.0049412684
1.970763e-07,-0.0049233169
1.971763e-07,-0.0049103918
1.972763e-07,-0.0049046473
1.973763e-07,-0.0049068015
1.974763e-07,-0.0049147001
1.975763e-07,-0.0049225988
1.976763e-07,-0.004925471
1.977763e-07,-0.0049182904
1.978763e-07,-0.004901775
1.979763e-07,-0.004878079
1.980763e-07,-0.0048551011
1.981763e-07,-0.0048378676
1.982763e-07,-0.0048314051
1.983763e-07,-0.0048349954
1.984763e-07,-0.0048472024
1.985763e-07,-0.0048608456
1.986763e-07,-0.0048723346
1.987763e-07,-0.0048795152
1.988763e-07,-0.0048823874
1.989763e-07,-0.0048838235
1.990763e-07,-0.0048866958
1.991763e-07,-0.0048938764
1.992763e-07,-0.0049046473
1.993763e-07,-0.0049182904
1.994763e-07,-0.0049312155
1.995763e-07,-0.0049419864
1.996763e-07,-0.004949167
1.997763e-07,-0.0049527574
1.998763e-07,-0.0049549115
1.999763e-07,-0.0049563477
2.000763e-07,-0.0049592199
2.001763e-07,-0.0049642463
2.002763e-07,-0.0049707089
2.003763e-07,-0.0049786075
2.004763e-07,-0.004984352
2.005763e-07,-0.0049872243
2.006763e-07,-0.0049850701
2.007763e-07,-0.0049771714
2.008763e-07,-0.0049649644
2.009763e-07,-0.0049527574
2.010763e-07,-0.0049448587
2.011763e-07,-0.0049455767
2.012763e-07,-0.0049563477
2.013763e-07,-0.0049757353
2.014763e-07,-0.0049979952
2.015763e-07,-0.0050159467
2.016763e-07,-0.0050245634
2.017763e-07,-0.0050216912
2.018763e-07,-0.0050087661
2.019763e-07,-0.0049929687
2.020763e-07,-0.0049800437
2.021763e-07,-0.0049757353
2.022763e-07,-0.0049814798
2.023763e-07,-0.0049944049
2.024763e-07,-0.0050094841
2.025763e-07,-0.0050216912
2.026763e-07,-0.0050281537
2.027763e-07,-0.0050295898
2.028763e-07,-0.0050303079
2.029763e-07,-0.0050331801
2.030763e-07,-0.0050403608
2.031763e-07,-0.0050504136
2.032763e-07,-0.0050604665
2.033763e-07,-0.0050676471
2.034763e-07,-0.0050705193
2.035763e-07,-0.0050690832
2.036763e-07,-0.0050676471
2.037763e-07,-0.0050676471
2.038763e-07,-0.0050712374
2.039763e-07,-0.005078418
2.040763e-07,-0.0050855986
2.041763e-07,-0.005090625
2.042763e-07,-0.0050927792
2.043763e-07,-0.0050942153
2.044763e-07,-0.0050963695
2.045763e-07,-0.005102114
2.046763e-07,-0.0051128849
2.047763e-07,-0.00512581
2.048763e-07,-0.0051387351
2.049763e-07,-0.0051480699
2.050763e-07,-0.0051516602
2.051763e-07,-0.0051509421
2.052763e-07,-0.0051480699
2.053763e-07,-0.0051480699
2.054763e-07,-0.0051516602
2.055763e-07,-0.0051588408
2.056763e-07,-0.0051660214
2.057763e-07,-0.0051710478
2.058763e-07,-0.0051717659
2.059763e-07,-0.0051681756
2.060763e-07,-0.0051631491
2.061763e-07,-0.0051595588
2.062763e-07,-0.0051595588
2.063763e-07,-0.0051631491
2.064763e-07,-0.0051681756
2.065763e-07,-0.0051710478
2.066763e-07,-0.0051703297
2.067763e-07,-0.0051667394
2.068763e-07,-0.0051624311
2.069763e-07,-0.0051595588
2.070763e-07,-0.005161713
2.071763e-07,-0.0051688936
2.072763e-07,-0.0051803826
2.073763e-07,-0.0051940257
2.074763e-07,-0.0052076689
2.075763e-07,-0.0052198759
2.076763e-07,-0.0052306468
2.077763e-07,-0.0052399816
2.078763e-07,-0.0052478803
2.079763e-07,-0.0052529067
2.080763e-07,-0.0052543428
2.081763e-07,-0.0052514706
2.082763e-07,-0.0052457261
2.083763e-07,-0.0052399816
2.084763e-07,-0.0052371094
2.085763e-07,-0.0052399816
2.086763e-07,-0.0052493164
2.087763e-07,-0.0052629596
2.088763e-07,-0.0052758847
2.089763e-07,-0.0052859375
2.090763e-07,-0.0052895278
2.091763e-07,-0.0052888097
2.092763e-07,-0.0052866556
2.093763e-07,-0.0052859375
2.094763e-07,-0.0052902459
2.095763e-07,-0.0052995807
2.096763e-07,-0.0053110696
2.097763e-07,-0.0053204044
2.098763e-07,-0.0053254308
2.099763e-07,-0.0053254308
2.100763e-07,-0.0053225586
2.101763e-07,-0.0053204044
2.102763e-07,-0.0053225586
2.103763e-07,-0.0053304573
2.104763e-07,-0.0053426643
2.105763e-07,-0.0053548713
2.106763e-07,-0.0053634881
2.107763e-07,-0.0053656422
2.108763e-07,-0.0053620519
2.109763e-07,-0.0053548713
2.110763e-07,-0.0053484088
2.111763e-07,-0.0053455365
2.112763e-07,-0.0053484088
2.113763e-07,-0.0053548713
2.114763e-07,-0.00536277
2.115763e-07,-0.0053685145
2.116763e-07,-0.0053699506
2.117763e-07,-0.0053663603
2.118763e-07,-0.0053598977
2.119763e-07,-0.0053519991
2.120763e-07,-0.0053462546
2.121763e-07,-0.0053433824
2.122763e-07,-0.0053448185
2.123763e-07,-0.0053498449
2.124763e-07,-0.0053577436
2.125763e-07,-0.0053663603
2.126763e-07,-0.0053756951
2.127763e-07,-0.0053850299
2.128763e-07,-0.0053936466
2.129763e-07,-0.0054008272
2.130763e-07,-0.0054058536
2.131763e-07,-0.0054080078
2.132763e-07,-0.0054065717
2.133763e-07,-0.0054008272
2.134763e-07,-0.0053914924
2.135763e-07,-0.0053792854
2.136763e-07,-0.0053663603
2.137763e-07,-0.0053548713
2.138763e-07,-0.0053462546
2.139763e-07,-0.0053419462
2.140763e-07,-0.0053412282
2.141763e-07,-0.0053433824
2.142763e-07,-0.0053469727
2.143763e-07,-0.005350563
2.144763e-07,-0.0053527171
2.145763e-07,-0.0053548713
2.146763e-07,-0.0053563074
2.147763e-07,-0.0053591797
2.148763e-07,-0.00536277
2.149763e-07,-0.0053663603
2.150763e-07,-0.0053692325
2.151763e-07,-0.0053706687
2.152763e-07,-0.0053692325
2.153763e-07,-0.0053663603
2.154763e-07,-0.0053620519
2.155763e-07,-0.0053591797
2.156763e-07,-0.0053563074
2.157763e-07,-0.0053548713
2.158763e-07,-0.0053519991
2.159763e-07,-0.0053476907
2.160763e-07,-0.0053405101
2.161763e-07,-0.0053318934
2.162763e-07,-0.0053247128
2.163763e-07,-0.0053218405
2.164763e-07,-0.0053247128
2.165763e-07,-0.0053318934
2.166763e-07,-0.0053405101
2.167763e-07,-0.0053455365
2.168763e-07,-0.0053426643
2.169763e-07,-0.0053318934
2.170763e-07,-0.0053146599
2.171763e-07,-0.0052959903
2.172763e-07,-0.0052809111
2.173763e-07,-0.0052744485
2.174763e-07,-0.0052758847
2.175763e-07,-0.0052809111
2.176763e-07,-0.0052859375
2.177763e-07,-0.0052859375
2.178763e-07,-0.0052787569
2.179763e-07,-0.005267986
2.180763e-07,-0.005256497
2.181763e-07,-0.0052514706
2.182763e-07,-0.0052550609
2.183763e-07,-0.0052665499
2.184763e-07,-0.0052830653
2.185763e-07,-0.0052974265
2.186763e-07,-0.0053053251
2.187763e-07,-0.0053053251
2.188763e-07,-0.0052974265
2.189763e-07,-0.0052859375
2.190763e-07,-0.0052751666
2.191763e-07,-0.0052694221
2.192763e-07,-0.0052694221
2.193763e-07,-0.0052744485
2.194763e-07,-0.0052837833
2.195763e-07,-0.0052945542
2.196763e-07,-0.0053067613
2.197763e-07,-0.0053204044
2.198763e-07,-0.0053347656
2.199763e-07,-0.0053498449
2.200763e-07,-0.0053642061
2.201763e-07,-0.0053778493
2.202763e-07,-0.0053886202
2.203763e-07,-0.0053972369
2.204763e-07,-0.0054051356
2.205763e-07,-0.0054123162
2.206763e-07,-0.005421651
2.207763e-07,-0.0054345761
2.208763e-07,-0.0054510915
2.209763e-07,-0.005469761
2.210763e-07,-0.0054891487
2.211763e-07,-0.0055085363
2.212763e-07,-0.0055250517
2.213763e-07,-0.0055386949
2.214763e-07,-0.0055480296
2.215763e-07,-0.0055530561
2.216763e-07,-0.0055537741
2.217763e-07,-0.0055501838
2.218763e-07,-0.0055444393
2.219763e-07,-0.0055372587
2.220763e-07,-0.0055315142
2.221763e-07,-0.0055272059
2.222763e-07,-0.0055250517
2.223763e-07,-0.0055250517
2.224763e-07,-0.0055264878
2.225763e-07,-0.0055272059
2.226763e-07,-0.0055279239
2.227763e-07,-0.005528642
2.228763e-07,-0.0055279239
2.229763e-07,-0.0055272059
2.230763e-07,-0.0055243336
2.231763e-07,-0.0055178711
2.232763e-07,-0.0055071002
2.233763e-07,-0.005492739
2.234763e-07,-0.0054769416
2.235763e-07,-0.0054625804
2.236763e-07,-0.0054518095
2.237763e-07,-0.0054467831
2.238763e-07,-0.0054467831
2.239763e-07,-0.0054482192
2.240763e-07,-0.0054496553
2.241763e-07,-0.0054467831
2.242763e-07,-0.0054388844
2.243763e-07,-0.0054273955
2.244763e-07,-0.0054137523
2.245763e-07,-0.0054008272
2.246763e-07,-0.0053893382
2.247763e-07,-0.0053807215
2.248763e-07,-0.0053728228
2.249763e-07,-0.0053663603
2.250763e-07,-0.0053598977
2.251763e-07,-0.0053555894
2.252763e-07,-0.0053534352
2.253763e-07,-0.0053548713
2.254763e-07,-0.0053591797
2.255763e-07,-0.0053634881
2.256763e-07,-0.0053663603
2.257763e-07,-0.0053663603
2.258763e-07,-0.00536277
2.259763e-07,-0.0053577436
2.260763e-07,-0.0053541533
2.261763e-07,-0.0053548713
2.262763e-07,-0.0053606158
2.263763e-07,-0.0053692325
2.264763e-07,-0.0053800034
2.265763e-07,-0.0053893382
2.266763e-07,-0.0053958008
2.267763e-07,-0.0054001091
2.268763e-07,-0.0054051356
2.269763e-07,-0.0054123162
2.270763e-07,-0.0054238051
2.271763e-07,-0.0054388844
2.272763e-07,-0.0054553998
2.273763e-07,-0.005469761
2.274763e-07,-0.0054790958
2.275763e-07,-0.0054834042
2.276763e-07,-0.0054834042
2.277763e-07,-0.00548125
2.278763e-07,-0.0054805319
2.279763e-07,-0.0054819681
2.280763e-07,-0.0054862764
2.281763e-07,-0.005492739
2.282763e-07,-0.0054992015
2.283763e-07,-0.005504946
2.284763e-07,-0.0055106905
2.285763e-07,-0.0055157169
2.286763e-07,-0.0055214614
2.287763e-07,-0.0055279239
2.288763e-07,-0.0055343865
2.289763e-07,-0.0055386949
2.290763e-07,-0.005540849
2.291763e-07,-0.005540849
2.292763e-07,-0.0055394129
2.293763e-07,-0.0055386949
2.294763e-07,-0.005540131
2.295763e-07,-0.0055451574
2.296763e-07,-0.0055530561
2.297763e-07,-0.0055616728
2.298763e-07,-0.0055702895
2.299763e-07,-0.0055767521
2.300763e-07,-0.0055817785
2.301763e-07,-0.0055846507
2.302763e-07,-0.0055868049
2.303763e-07,-0.0055896772
2.304763e-07,-0.0055925494
2.305763e-07,-0.0055961397
2.306763e-07,-0.00559973
2.307763e-07,-0.0056033203
2.308763e-07,-0.0056061926
2.309763e-07,-0.0056076287
2.310763e-07,-0.0056076287
2.311763e-07,-0.0056054745
2.312763e-07,-0.0056011661
2.313763e-07,-0.0055961397
2.314763e-07,-0.0055903952
2.315763e-07,-0.0055860869
2.316763e-07,-0.0055832146
2.317763e-07,-0.0055846507
2.318763e-07,-0.0055896772
2.319763e-07,-0.0055982939
2.320763e-07,-0.0056083467
2.321763e-07,-0.0056191176
2.322763e-07,-0.0056284524
2.323763e-07,-0.005634915
2.324763e-07,-0.0056399414
2.325763e-07,-0.0056420956
2.326763e-07,-0.0056435317
2.327763e-07,-0.0056449678
2.328763e-07,-0.0056478401
2.329763e-07,-0.0056535846
2.330763e-07,-0.0056622013
2.331763e-07,-0.0056729722
2.332763e-07,-0.0056858973
2.333763e-07,-0.0056995404
2.334763e-07,-0.0057117475
2.335763e-07,-0.0057218003
2.336763e-07,-0.0057289809
2.337763e-07,-0.0057340074
2.338763e-07,-0.0057383157
2.339763e-07,-0.0057433421
2.340763e-07,-0.0057498047
2.341763e-07,-0.0057569853
2.342763e-07,-0.0057627298
2.343763e-07,-0.005764884
2.344763e-07,-0.0057627298
2.345763e-07,-0.0057569853
2.346763e-07,-0.0057498047
2.347763e-07,-0.0057462144
2.348763e-07,-0.0057476505
2.349763e-07,-0.0057569853
2.350763e-07,-0.0057720646
2.351763e-07,-0.005789298
2.352763e-07,-0.0058043773
2.353763e-07,-0.0058144301
2.354763e-07,-0.0058180205
2.355763e-07,-0.0058173024
2.356763e-07,-0.0058151482
2.357763e-07,-0.0058144301
2.358763e-07,-0.0058158663
2.359763e-07,-0.0058194566
2.360763e-07,-0.0058237649
2.361763e-07,-0.0058259191
2.362763e-07,-0.0058259191
2.363763e-07,-0.0058252011
2.364763e-07,-0.005824483
2.365763e-07,-0.0058259191
2.366763e-07,-0.0058302275
2.367763e-07,-0.00583669
2.368763e-07,-0.0058431526
2.369763e-07,-0.0058488971
2.370763e-07,-0.0058517693
2.371763e-07,-0.0058524874
2.372763e-07,-0.0058510512
2.373763e-07,-0.0058488971
2.374763e-07,-0.0058453068
2.375763e-07,-0.0058402803
2.376763e-07,-0.0058338178
2.377763e-07,-0.0058259191
2.378763e-07,-0.0058187385
2.379763e-07,-0.005812994
2.380763e-07,-0.005812276
2.381763e-07,-0.0058144301
2.382763e-07,-0.0058180205
2.383763e-07,-0.0058187385
2.384763e-07,-0.0058144301
2.385763e-07,-0.0058029412
2.386763e-07,-0.0057864258
2.387763e-07,-0.0057691923
2.388763e-07,-0.0057548311
2.389763e-07,-0.0057454963
2.390763e-07,-0.0057390338
2.391763e-07,-0.0057318532
2.392763e-07,-0.0057196461
2.393763e-07,-0.0056995404
2.394763e-07,-0.0056744083
2.395763e-07,-0.0056492762
2.396763e-07,-0.0056327608
2.397763e-07,-0.0056306066
2.398763e-07,-0.0056428136
2.399763e-07,-0.0056650735
2.400763e-07,-0.0056873334
2.401763e-07,-0.0056995404
2.402763e-07,-0.0056966682
2.403763e-07,-0.0056794347
2.404763e-07,-0.0056543026
2.405763e-07,-0.0056306066
2.406763e-07,-0.0056176815
2.407763e-07,-0.0056198357
2.408763e-07,-0.0056341969
2.409763e-07,-0.0056535846
2.410763e-07,-0.005670818
2.411763e-07,-0.0056794347
2.412763e-07,-0.0056801528
2.413763e-07,-0.0056765625
2.414763e-07,-0.0056758444
2.415763e-07,-0.005682307
2.416763e-07,-0.0056995404
2.417763e-07,-0.0057225184
2.418763e-07,-0.0057469324
2.419763e-07,-0.005765602
2.420763e-07,-0.0057763729
2.421763e-07,-0.0057799632
2.422763e-07,-0.0057806813
2.423763e-07,-0.0057849897
2.424763e-07,-0.0057957606
2.425763e-07,-0.0058144301
2.426763e-07,-0.0058374081
2.427763e-07,-0.0058575138
2.428763e-07,-0.0058704389
2.429763e-07,-0.005871875
2.430763e-07,-0.0058618222
2.431763e-07,-0.0058453068
2.432763e-07,-0.0058280733
2.433763e-07,-0.0058144301
2.434763e-07,-0.0058086857
2.435763e-07,-0.0058108398
2.436763e-07,-0.0058180205
2.437763e-07,-0.0058259191
2.438763e-07,-0.0058316636
2.439763e-07,-0.0058330997
2.440763e-07,-0.0058302275
2.441763e-07,-0.0058259191
2.442763e-07,-0.0058216108
2.443763e-07,-0.0058201746
2.444763e-07,-0.0058216108
2.445763e-07,-0.0058259191
2.446763e-07,-0.0058316636
2.447763e-07,-0.00583669
2.448763e-07,-0.0058388442
2.449763e-07,-0.0058374081
2.450763e-07,-0.0058323817
2.451763e-07,-0.0058252011
2.452763e-07,-0.0058180205
2.453763e-07,-0.0058144301
2.454763e-07,-0.0058158663
2.455763e-07,-0.0058230469
2.456763e-07,-0.0058352539
2.457763e-07,-0.0058488971
2.458763e-07,-0.005859668
2.459763e-07,-0.0058646944
2.460763e-07,-0.005860386
2.461763e-07,-0.0058488971
2.462763e-07,-0.0058338178
2.463763e-07,-0.0058223288
2.464763e-07,-0.0058180205
2.465763e-07,-0.0058259191
2.466763e-07,-0.0058445887
2.467763e-07,-0.0058682847
2.468763e-07,-0.0058912626
2.469763e-07,-0.0059063419
2.470763e-07,-0.0059084961
2.471763e-07,-0.0058984432
2.472763e-07,-0.0058797737
2.473763e-07,-0.005860386
2.474763e-07,-0.0058467429
2.475763e-07,-0.0058424345
2.476763e-07,-0.005848179
2.477763e-07,-0.005860386
2.478763e-07,-0.0058733111
2.479763e-07,-0.0058812098
2.480763e-07,-0.0058804917
2.481763e-07,-0.005871875
2.482763e-07,-0.0058575138
2.483763e-07,-0.0058431526
2.484763e-07,-0.0058316636
2.485763e-07,-0.0058259191
2.486763e-07,-0.0058266372
2.487763e-07,-0.0058309455
2.488763e-07,-0.0058352539
2.489763e-07,-0.0058374081
2.490763e-07,-0.0058345358
2.491763e-07,-0.0058266372
2.492763e-07,-0.0058158663
2.493763e-07,-0.0058029412
2.494763e-07,-0.0057914522
2.495763e-07,-0.0057835535
2.496763e-07,-0.0057799632
2.497763e-07,-0.0057799632
2.498763e-07,-0.0057828355
2.499763e-07,-0.0057871438
2.500763e-07,-0.0057900161
2.501763e-07,-0.0057914522
2.502763e-07,-0.005789298
2.503763e-07,-0.0057842716
2.504763e-07,-0.005777091
2.505763e-07,-0.0057684743
2.506763e-07,-0.0057598575
2.507763e-07,-0.0057526769
2.508763e-07,-0.0057476505
2.509763e-07,-0.0057454963
2.510763e-07,-0.0057447783
2.511763e-07,-0.0057454963
2.512763e-07,-0.0057462144
2.513763e-07,-0.0057454963
2.514763e-07,-0.0057426241
2.515763e-07,-0.0057375977
2.516763e-07,-0.005730417
2.517763e-07,-0.0057225184
2.518763e-07,-0.0057160558
2.519763e-07,-0.0057110294
2.520763e-07,-0.0057095933
2.521763e-07,-0.0057110294
2.522763e-07,-0.0057139017
2.523763e-07,-0.00571821
2.524763e-07,-0.0057210823
2.525763e-07,-0.0057225184
2.526763e-07,-0.0057225184
2.527763e-07,-0.0057218003
2.528763e-07,-0.0057218003
2.529763e-07,-0.0057225184
2.530763e-07,-0.0057253906
2.531763e-07,-0.0057282629
2.532763e-07,-0.0057318532
2.533763e-07,-0.0057340074
2.534763e-07,-0.0057340074
2.535763e-07,-0.0057311351
2.536763e-07,-0.0057268267
2.537763e-07,-0.0057225184
2.538763e-07,-0.0057189281
2.539763e-07,-0.0057153378
2.540763e-07,-0.0057131836
2.541763e-07,-0.0057110294
2.542763e-07,-0.0057081572
2.543763e-07,-0.0057038488
2.544763e-07,-0.0057002585
2.545763e-07,-0.0056995404
2.546763e-07,-0.0057024127
2.547763e-07,-0.0057103114
2.548763e-07,-0.0057218003
2.549763e-07,-0.0057340074
2.550763e-07,-0.0057426241
2.551763e-07,-0.0057447783
2.552763e-07,-0.0057375977
2.553763e-07,-0.0057225184
2.554763e-07,-0.0057038488
2.555763e-07,-0.0056866153
2.556763e-07,-0.0056758444
2.557763e-07,-0.0056765625
2.558763e-07,-0.0056880515
2.559763e-07,-0.0057088752
2.560763e-07,-0.0057332893
2.561763e-07,-0.0057569853
2.562763e-07,-0.0057756549
2.563763e-07,-0.0057864258
2.564763e-07,-0.0057914522
2.565763e-07,-0.0057914522
2.566763e-07,-0.0057900161
2.567763e-07,-0.00578858
2.568763e-07,-0.005789298
2.569763e-07,-0.0057914522
2.570763e-07,-0.0057950425
2.571763e-07,-0.0057993509
2.572763e-07,-0.0058022231
2.573763e-07,-0.0058029412
2.574763e-07,-0.005800787
2.575763e-07,-0.0057957606
2.576763e-07,-0.0057878619
2.577763e-07,-0.0057799632
2.578763e-07,-0.0057735007
2.579763e-07,-0.0057699104
2.580763e-07,-0.0057720646
2.581763e-07,-0.0057799632
2.582763e-07,-0.0057907341
2.583763e-07,-0.0058029412
2.584763e-07,-0.0058115579
2.585763e-07,-0.0058144301
2.586763e-07,-0.0058115579
2.587763e-07,-0.0058043773
2.588763e-07,-0.0057964786
2.589763e-07,-0.0057914522
2.590763e-07,-0.0057914522
2.591763e-07,-0.0057964786
2.592763e-07,-0.0058050954
2.593763e-07,-0.0058144301
2.594763e-07,-0.0058208927
2.595763e-07,-0.0058223288
2.596763e-07,-0.0058194566
2.597763e-07,-0.0058144301
2.598763e-07,-0.0058108398
2.599763e-07,-0.0058108398
2.600763e-07,-0.0058158663
2.601763e-07,-0.0058259191
2.602763e-07,-0.0058388442
2.603763e-07,-0.0058524874
2.604763e-07,-0.0058639763
2.605763e-07,-0.005871875
2.606763e-07,-0.0058769014
2.607763e-07,-0.0058790556
2.608763e-07,-0.0058812098
2.609763e-07,-0.005883364
2.610763e-07,-0.0058862362
2.611763e-07,-0.0058905446
2.612763e-07,-0.0058934168
2.613763e-07,-0.0058948529
2.614763e-07,-0.0058934168
2.615763e-07,-0.0058883904
2.616763e-07,-0.0058812098
2.617763e-07,-0.005871875
2.618763e-07,-0.0058625402
2.619763e-07,-0.0058553596
2.620763e-07,-0.0058510512
2.621763e-07,-0.0058488971
2.622763e-07,-0.0058488971
2.623763e-07,-0.005848179
2.624763e-07,-0.0058445887
2.625763e-07,-0.0058374081
2.626763e-07,-0.0058252011
2.627763e-07,-0.0058079676
2.628763e-07,-0.0057878619
2.629763e-07,-0.0057684743
2.630763e-07,-0.0057512408
2.631763e-07,-0.0057375977
2.632763e-07,-0.0057282629
2.633763e-07,-0.0057225184
2.634763e-07,-0.00571821
2.635763e-07,-0.0057131836
2.636763e-07,-0.0057074391
2.637763e-07,-0.0056995404
2.638763e-07,-0.0056916418
2.639763e-07,-0.0056851792
2.640763e-07,-0.0056837431
2.641763e-07,-0.0056880515
2.642763e-07,-0.0056995404
2.643763e-07,-0.0057167739
2.644763e-07,-0.0057368796
2.645763e-07,-0.0057569853
2.646763e-07,-0.0057742187
2.647763e-07,-0.0057849897
2.648763e-07,-0.0057907341
2.649763e-07,-0.0057914522
2.650763e-07,-0.0057907341
2.651763e-07,-0.0057928883
2.652763e-07,-0.0058000689
2.653763e-07,-0.0058144301
2.654763e-07,-0.0058345358
2.655763e-07,-0.0058582318
2.656763e-07,-0.0058797737
2.657763e-07,-0.0058948529
2.658763e-07,-0.0059005974
2.659763e-07,-0.0058948529
2.660763e-07,-0.0058804917
2.661763e-07,-0.005860386
2.662763e-07,-0.0058402803
2.663763e-07,-0.005824483
2.664763e-07,-0.0058158663
2.665763e-07,-0.0058144301
2.666763e-07,-0.0058180205
2.667763e-07,-0.0058230469
2.668763e-07,-0.0058266372
2.669763e-07,-0.0058259191
2.670763e-07,-0.0058201746
2.671763e-07,-0.0058115579
2.672763e-07,-0.005800787
2.673763e-07,-0.0057914522
2.674763e-07,-0.0057842716
2.675763e-07,-0.0057806813
2.676763e-07,-0.0057792452
2.677763e-07,-0.0057799632
2.678763e-07,-0.0057821174
2.679763e-07,-0.0057864258
2.680763e-07,-0.0057928883
2.681763e-07,-0.0058029412
2.682763e-07,-0.0058165843
2.683763e-07,-0.0058338178
2.684763e-07,-0.0058524874
2.685763e-07,-0.005871875
2.686763e-07,-0.0058891085
2.687763e-07,-0.0059020335
2.688763e-07,-0.0059113683
2.689763e-07,-0.0059178309
2.690763e-07,-0.0059228573
2.691763e-07,-0.0059300379
2.692763e-07,-0.0059393727
2.693763e-07,-0.0059522978
2.694763e-07,-0.0059680951
2.695763e-07,-0.0059846105
2.696763e-07,-0.0059989717
2.697763e-07,-0.0060097426
2.698763e-07,-0.0060154871
2.699763e-07,-0.0060162052
2.700763e-07,-0.006013333
2.701763e-07,-0.0060097426
2.702763e-07,-0.0060068704
2.703763e-07,-0.0060068704
2.704763e-07,-0.0060083065
2.705763e-07,-0.0060097426
2.706763e-07,-0.0060090246
2.707763e-07,-0.0060032801
2.708763e-07,-0.0059917911
2.709763e-07,-0.0059752757
2.710763e-07,-0.00595517
2.711763e-07,-0.0059350643
2.712763e-07,-0.0059185489
2.713763e-07,-0.0059063419
2.714763e-07,-0.0058998794
2.715763e-07,-0.0058970071
2.716763e-07,-0.005895571
2.717763e-07,-0.0058948529
2.718763e-07,-0.0058926988
2.719763e-07,-0.0058912626
2.720763e-07,-0.0058912626
2.721763e-07,-0.0058948529
2.722763e-07,-0.0059027516
2.723763e-07,-0.0059135225
2.724763e-07,-0.0059235754
2.725763e-07,-0.0059293199
2.726763e-07,-0.0059286018
2.727763e-07,-0.0059235754
2.728763e-07,-0.0059171128
2.729763e-07,-0.0059178309
2.730763e-07,-0.005930756
2.731763e-07,-0.0059594784
2.732763e-07,-0.0059996898
2.733763e-07,-0.0060442096
2.734763e-07,-0.0060815487
2.735763e-07,-0.0061030905
2.736763e-07,-0.0061045267
2.737763e-07,-0.0060901654
2.738763e-07,-0.0060693417
2.739763e-07,-0.0060542624
2.740763e-07,-0.0060528263
2.741763e-07,-0.0060671875
2.742763e-07,-0.0060923196
2.743763e-07,-0.0061188879
2.744763e-07,-0.0061346852
2.745763e-07,-0.0061361213
2.746763e-07,-0.0061231962
2.747763e-07,-0.0061030905
2.748763e-07,-0.006085139
2.749763e-07,-0.0060786765
2.750763e-07,-0.006085139
2.751763e-07,-0.0061009364
2.752763e-07,-0.006120324
2.753763e-07,-0.0061361213
2.754763e-07,-0.0061447381
2.755763e-07,-0.0061476103
2.756763e-07,-0.0061476103
2.757763e-07,-0.0061476103
2.758763e-07,-0.0061483284
2.759763e-07,-0.0061490464
2.760763e-07,-0.0061454561
2.761763e-07,-0.0061361213
2.762763e-07,-0.0061239143
2.763763e-07,-0.0061138614
2.764763e-07,-0.0061131434
2.765763e-07,-0.0061246324
2.766763e-07,-0.0061476103
2.767763e-07,-0.0061741785
2.768763e-07,-0.0061964384
2.769763e-07,-0.0062050551
2.770763e-07,-0.0061985926
2.771763e-07,-0.0061806411
2.772763e-07,-0.0061605354
2.773763e-07,-0.0061476103
2.774763e-07,-0.0061476103
2.775763e-07,-0.0061598173
2.776763e-07,-0.0061777688
2.777763e-07,-0.0061935662
2.778763e-07,-0.0062007468
2.779763e-07,-0.0061985926
2.780763e-07,-0.0061906939
2.781763e-07,-0.0061820772
2.782763e-07,-0.006179205
2.783763e-07,-0.0061842314
2.784763e-07,-0.0061942842
2.785763e-07,-0.0062050551
2.786763e-07,-0.0062115177
2.787763e-07,-0.0062107996
2.788763e-07,-0.0062043371
2.789763e-07,-0.0061935662
2.790763e-07,-0.0061820772
2.791763e-07,-0.0061720244
2.792763e-07,-0.0061641257
2.793763e-07,-0.0061590993
2.794763e-07,-0.0061569451
2.795763e-07,-0.0061583812
2.796763e-07,-0.0061634076
2.797763e-07,-0.0061705882
2.798763e-07,-0.0061770508
2.799763e-07,-0.0061777688
2.800763e-07,-0.006167716
2.801763e-07,-0.0061476103
2.802763e-07,-0.006120324
2.803763e-07,-0.0060923196
2.804763e-07,-0.006072932
2.805763e-07,-0.0060671875
2.806763e-07,-0.0060743681
2.807763e-07,-0.0060880113
2.808763e-07,-0.0060995002
2.809763e-07,-0.0061016544
2.810763e-07,-0.0060901654
2.811763e-07,-0.0060700597
2.812763e-07,-0.0060477999
2.813763e-07,-0.0060327206
2.814763e-07,-0.0060312845
2.815763e-07,-0.0060442096
2.816763e-07,-0.0060664694
2.817763e-07,-0.0060901654
2.818763e-07,-0.006108835
2.819763e-07,-0.0061188879
2.820763e-07,-0.0061196059
2.821763e-07,-0.0061131434
2.822763e-07,-0.0061023725
2.823763e-07,-0.0060901654
2.824763e-07,-0.0060772403
2.825763e-07,-0.0060671875
2.826763e-07,-0.0060621611
2.827763e-07,-0.0060650333
2.828763e-07,-0.0060786765
2.829763e-07,-0.0061016544
2.830763e-07,-0.0061282227
2.831763e-07,-0.0061504825
2.832763e-07,-0.0061619715
2.833763e-07,-0.0061590993
2.834763e-07,-0.0061447381
2.835763e-07,-0.0061260685
2.836763e-07,-0.0061138614
2.837763e-07,-0.0061131434
2.838763e-07,-0.0061246324
2.839763e-07,-0.0061418658
2.840763e-07,-0.006155509
2.841763e-07,-0.0061590993
2.842763e-07,-0.0061497645
2.843763e-07,-0.0061339671
2.844763e-07,-0.0061188879
2.845763e-07,-0.0061131434
2.846763e-07,-0.0061188879
2.847763e-07,-0.0061310949
2.848763e-07,-0.0061404297
2.849763e-07,-0.0061361213
2.850763e-07,-0.0061138614
2.851763e-07,-0.0060765223
2.852763e-07,-0.0060341567
2.853763e-07,-0.0059982537
2.854763e-07,-0.0059767119
2.855763e-07,-0.0059716854
2.856763e-07,-0.005978148
2.857763e-07,-0.0059867647
2.858763e-07,-0.005990355
2.859763e-07,-0.0059853286
2.860763e-07,-0.0059745577
2.861763e-07,-0.0059637868
2.862763e-07,-0.0059594784
2.863763e-07,-0.0059637868
2.864763e-07,-0.0059745577
2.865763e-07,-0.0059867647
2.866763e-07,-0.0059960995
2.867763e-07,-0.0059996898
2.868763e-07,-0.0059996898
2.869763e-07,-0.0059982537
2.870763e-07,-0.0059996898
2.871763e-07,-0.0060068704
2.872763e-07,-0.0060183594
2.873763e-07,-0.0060327206
2.874763e-07,-0.0060477999
2.875763e-07,-0.0060621611
2.876763e-07,-0.0060758042
2.877763e-07,-0.0060901654
2.878763e-07,-0.0061045267
2.879763e-07,-0.0061181698
2.880763e-07,-0.0061289407
2.881763e-07,-0.0061361213
2.882763e-07,-0.0061397116
2.883763e-07,-0.0061418658
2.884763e-07,-0.00614402
2.885763e-07,-0.0061476103
2.886763e-07,-0.0061519187
2.887763e-07,-0.0061540728
2.888763e-07,-0.0061526367
2.889763e-07,-0.0061476103
2.890763e-07,-0.0061411477
2.891763e-07,-0.0061389936
2.892763e-07,-0.00614402
2.893763e-07,-0.0061590993
2.894763e-07,-0.006179205
2.895763e-07,-0.0061985926
2.896763e-07,-0.0062086455
2.897763e-07,-0.0062050551
2.898763e-07,-0.0061892578
2.899763e-07,-0.0061691521
2.900763e-07,-0.0061526367
2.901763e-07,-0.0061476103
2.902763e-07,-0.006156227
2.903763e-07,-0.0061741785
2.904763e-07,-0.0061928481
2.905763e-07,-0.0062050551
2.906763e-07,-0.0062079274
2.907763e-07,-0.0062043371
2.908763e-07,-0.0062007468
2.909763e-07,-0.0062050551
2.910763e-07,-0.0062194164
2.911763e-07,-0.0062409582
2.912763e-07,-0.0062617819
2.913763e-07,-0.006273989
2.914763e-07,-0.0062725528
2.915763e-07,-0.0062581916
2.916763e-07,-0.0062366498
2.917763e-07,-0.0062165441
2.918763e-07,-0.006203619
2.919763e-07,-0.0062000287
2.920763e-07,-0.0062021829
2.921763e-07,-0.0062050551
2.922763e-07,-0.006203619
2.923763e-07,-0.0061978745
2.924763e-07,-0.0061892578
2.925763e-07,-0.0061820772
2.926763e-07,-0.006179205
2.927763e-07,-0.006179205
2.928763e-07,-0.0061784869
2.929763e-07,-0.0061705882
2.930763e-07,-0.0061533548
2.931763e-07,-0.0061282227
2.932763e-07,-0.0061009364
2.933763e-07,-0.0060786765
2.934763e-07,-0.0060686236
2.935763e-07,-0.0060714959
2.936763e-07,-0.006085139
2.937763e-07,-0.0061016544
2.938763e-07,-0.0061145795
2.939763e-07,-0.006120324
2.940763e-07,-0.0061181698
2.941763e-07,-0.0061131434
2.942763e-07,-0.006108117
2.943763e-07,-0.0061059628
2.944763e-07,-0.0061052447
2.945763e-07,-0.0061016544
2.946763e-07,-0.0060923196
2.947763e-07,-0.0060772403
2.948763e-07,-0.0060585708
2.949763e-07,-0.0060442096
2.950763e-07,-0.0060399012
2.951763e-07,-0.0060477999
2.952763e-07,-0.0060671875
2.953763e-07,-0.0060901654
2.954763e-07,-0.0061073989
2.955763e-07,-0.0061117073
2.956763e-07,-0.0061009364
2.957763e-07,-0.0060786765
2.958763e-07,-0.0060528263
2.959763e-07,-0.0060320025
2.960763e-07,-0.0060212316
2.961763e-07,-0.0060212316
2.962763e-07,-0.00602554
2.963763e-07,-0.0060269761
2.964763e-07,-0.0060183594
2.965763e-07,-0.0059982537
2.966763e-07,-0.0059695312
2.967763e-07,-0.0059415269
2.968763e-07,-0.0059221392
2.969763e-07,-0.0059178309
2.970763e-07,-0.0059286018
2.971763e-07,-0.0059494256
2.972763e-07,-0.0059716854
2.973763e-07,-0.0059867647
2.974763e-07,-0.0059896369
2.975763e-07,-0.0059803022
2.976763e-07,-0.0059659409
2.977763e-07,-0.0059522978
2.978763e-07,-0.0059465533
2.979763e-07,-0.0059508617
2.980763e-07,-0.0059623506
2.981763e-07,-0.0059752757
2.982763e-07,-0.0059831744
2.983763e-07,-0.0059824563
2.984763e-07,-0.0059745577
2.985763e-07,-0.0059637868
2.986763e-07,-0.0059573242
2.987763e-07,-0.0059609145
2.988763e-07,-0.0059752757
2.989763e-07,-0.0059982537
2.990763e-07,-0.0060219497
2.991763e-07,-0.0060391831
2.992763e-07,-0.0060434915
2.993763e-07,-0.0060327206
2.994763e-07,-0.0060111788
2.995763e-07,-0.0059838925
2.996763e-07,-0.0059587603
2.997763e-07,-0.0059408088
2.998763e-07,-0.0059321921
2.999763e-07,-0.0059329102
3.000763e-07,-0.0059400908
3.001763e-07,-0.0059522978
3.002763e-07,-0.0059673771
3.003763e-07,-0.0059831744
3.004763e-07,-0.0059982537
3.005763e-07,-0.0060097426
3.006763e-07,-0.006014051
3.007763e-07,-0.0060083065
3.008763e-07,-0.0059946634
3.009763e-07,-0.0059752757
3.010763e-07,-0.0059573242
3.011763e-07,-0.0059472714
3.012763e-07,-0.0059494256
3.013763e-07,-0.0059637868
3.014763e-07,-0.0059860466
3.015763e-07,-0.0060090246
3.016763e-07,-0.006026258
3.017763e-07,-0.0060327206
3.018763e-07,-0.0060312845
3.019763e-07,-0.006026258
3.020763e-07,-0.00602554
3.021763e-07,-0.0060327206
3.022763e-07,-0.0060485179
3.023763e-07,-0.0060686236
3.024763e-07,-0.0060880113
3.025763e-07,-0.0061016544
3.026763e-07,-0.006108117
3.027763e-07,-0.0061095531
3.028763e-07,-0.0061102711
3.029763e-07,-0.0061131434
3.030763e-07,-0.0061196059
3.031763e-07,-0.0061275046
3.032763e-07,-0.0061332491
3.033763e-07,-0.0061361213
3.034763e-07,-0.0061354033
3.035763e-07,-0.0061332491
3.036763e-07,-0.0061332491
3.037763e-07,-0.0061361213
3.038763e-07,-0.0061404297
3.039763e-07,-0.0061425839
3.040763e-07,-0.0061375574
3.041763e-07,-0.0061246324
3.042763e-07,-0.0061059628
3.043763e-07,-0.0060880113
3.044763e-07,-0.0060772403
3.045763e-07,-0.0060786765
3.046763e-07,-0.0060901654
3.047763e-07,-0.0061066808
3.048763e-07,-0.0061196059
3.049763e-07,-0.0061246324
3.050763e-07,-0.006121042
3.051763e-07,-0.0061131434
3.052763e-07,-0.006108835
3.053763e-07,-0.0061131434
3.054763e-07,-0.0061260685
3.055763e-07,-0.0061433019
3.056763e-07,-0.006155509
3.057763e-07,-0.0061590993
3.058763e-07,-0.0061526367
3.059763e-07,-0.0061425839
3.060763e-07,-0.0061382755
3.061763e-07,-0.0061476103
3.062763e-07,-0.0061720244
3.063763e-07,-0.0062064913
3.064763e-07,-0.0062402401
3.065763e-07,-0.0062625
3.066763e-07,-0.0062682445
3.067763e-07,-0.0062589097
3.068763e-07,-0.0062423943
3.069763e-07,-0.0062280331
3.070763e-07,-0.0062230067
3.071763e-07,-0.0062287511
3.072763e-07,-0.0062402401
3.073763e-07,-0.006251011
3.074763e-07,-0.0062560375
3.075763e-07,-0.0062553194
3.076763e-07,-0.0062517291
3.077763e-07,-0.006251011
3.078763e-07,-0.0062560375
3.079763e-07,-0.0062668084
3.080763e-07,-0.0062782973
3.081763e-07,-0.0062854779
3.082763e-07,-0.0062847599
3.083763e-07,-0.0062782973
3.084763e-07,-0.0062689625
3.085763e-07,-0.0062625
3.086763e-07,-0.0062610639
3.087763e-07,-0.0062639361
3.088763e-07,-0.0062660903
3.089763e-07,-0.0062625
3.090763e-07,-0.0062517291
3.091763e-07,-0.0062359318
3.092763e-07,-0.0062222886
3.093763e-07,-0.0062165441
3.094763e-07,-0.0062230067
3.095763e-07,-0.0062402401
3.096763e-07,-0.0062639361
3.097763e-07,-0.0062854779
3.098763e-07,-0.0063012753
3.099763e-07,-0.006309892
3.100763e-07,-0.0063149184
3.101763e-07,-0.0063199449
3.102763e-07,-0.0063292796
3.103763e-07,-0.0063422047
3.104763e-07,-0.0063558479
3.105763e-07,-0.0063659007
3.106763e-07,-0.0063709272
3.107763e-07,-0.0063723633
3.108763e-07,-0.0063723633
3.109763e-07,-0.0063773897
3.110763e-07,-0.0063881606
3.111763e-07,-0.006404676
3.112763e-07,-0.0064211914
3.113763e-07,-0.0064348346
3.114763e-07,-0.0064412971
3.115763e-07,-0.0064420152
3.116763e-07,-0.0064384249
3.117763e-07,-0.0064348346
3.118763e-07,-0.0064319623
3.119763e-07,-0.0064290901
3.120763e-07,-0.0064233456
3.121763e-07,-0.0064118566
3.122763e-07,-0.0063946232
3.123763e-07,-0.0063745175
3.124763e-07,-0.0063558479
3.125763e-07,-0.0063429228
3.126763e-07,-0.0063364602
3.127763e-07,-0.0063343061
3.128763e-07,-0.006333588
3.129763e-07,-0.0063314338
3.130763e-07,-0.0063271255
3.131763e-07,-0.0063228171
3.132763e-07,-0.0063235352
3.133763e-07,-0.0063314338
3.134763e-07,-0.0063443589
3.135763e-07,-0.0063565659
3.136763e-07,-0.0063623104
3.137763e-07,-0.0063544118
3.138763e-07,-0.006333588
3.139763e-07,-0.0063063017
3.140763e-07,-0.0062790154
3.141763e-07,-0.0062625
3.142763e-07,-0.0062596278
3.143763e-07,-0.0062689625
3.144763e-07,-0.0062833238
3.145763e-07,-0.0062969669
3.146763e-07,-0.0063041475
3.147763e-07,-0.0063041475
3.148763e-07,-0.0062998392
3.149763e-07,-0.0062969669
3.150763e-07,-0.0062969669
3.151763e-07,-0.0062991211
3.152763e-07,-0.0063005572
3.153763e-07,-0.0062969669
3.154763e-07,-0.0062883502
3.155763e-07,-0.0062761432
3.156763e-07,-0.0062660903
3.157763e-07,-0.0062625
3.158763e-07,-0.0062660903
3.159763e-07,-0.006274707
3.160763e-07,-0.0062826057
3.161763e-07,-0.0062854779
3.162763e-07,-0.0062811696
3.163763e-07,-0.0062725528
3.164763e-07,-0.0062646542
3.165763e-07,-0.0062625
3.166763e-07,-0.0062682445
3.167763e-07,-0.0062797335
3.168763e-07,-0.0062912224
3.169763e-07,-0.0062969669
3.170763e-07,-0.0062948127
3.171763e-07,-0.0062869141
3.172763e-07,-0.0062782973
3.173763e-07,-0.006273989
3.174763e-07,-0.0062768612
3.175763e-07,-0.006286196
3.176763e-07,-0.006298403
3.177763e-07,-0.0063084559
3.178763e-07,-0.0063149184
3.179763e-07,-0.0063170726
3.180763e-07,-0.0063177907
3.181763e-07,-0.0063199449
3.182763e-07,-0.006322099
3.183763e-07,-0.0063228171
3.184763e-07,-0.0063192268
3.185763e-07,-0.0063084559
3.186763e-07,-0.0062933766
3.187763e-07,-0.0062797335
3.188763e-07,-0.0062718348
3.189763e-07,-0.006273989
3.190763e-07,-0.0062833238
3.191763e-07,-0.0062948127
3.192763e-07,-0.0063012753
3.193763e-07,-0.0062969669
3.194763e-07,-0.0062840418
3.195763e-07,-0.0062668084
3.196763e-07,-0.0062538833
3.197763e-07,-0.006251011
3.198763e-07,-0.0062567555
3.199763e-07,-0.0062660903
3.200763e-07,-0.0062703987
3.201763e-07,-0.0062625
3.202763e-07,-0.0062431124
3.203763e-07,-0.0062172622
3.204763e-07,-0.0061942842
3.205763e-07,-0.0061820772
3.206763e-07,-0.0061820772
3.207763e-07,-0.0061899759
3.208763e-07,-0.0061957204
3.209763e-07,-0.0061935662
3.210763e-07,-0.0061806411
3.211763e-07,-0.0061626896
3.212763e-07,-0.0061490464
3.213763e-07,-0.0061476103
3.214763e-07,-0.0061619715
3.215763e-07,-0.0061863856
3.216763e-07,-0.0062122358
3.217763e-07,-0.0062280331
3.218763e-07,-0.0062301873
3.219763e-07,-0.0062208525
3.220763e-07,-0.0062093635
3.221763e-07,-0.0062050551
3.222763e-07,-0.0062136719
3.223763e-07,-0.0062337776
3.224763e-07,-0.0062567555
3.225763e-07,-0.006273989
3.226763e-07,-0.0062797335
3.227763e-07,-0.0062768612
3.228763e-07,-0.0062718348
3.229763e-07,-0.006273989
3.230763e-07,-0.0062883502
3.231763e-07,-0.0063134823
3.232763e-07,-0.0063393325
3.233763e-07,-0.0063544118
3.234763e-07,-0.0063508215
3.235763e-07,-0.0063285616
3.236763e-07,-0.0062948127
3.237763e-07,-0.0062625
3.238763e-07,-0.0062431124
3.239763e-07,-0.0062416762
3.240763e-07,-0.0062553194
3.241763e-07,-0.006273989
3.242763e-07,-0.0062876321
3.243763e-07,-0.0062897863
3.244763e-07,-0.0062797335
3.245763e-07,-0.0062625
3.246763e-07,-0.0062467027
3.247763e-07,-0.006238804
3.248763e-07,-0.0062409582
3.249763e-07,-0.006251011
3.250763e-07,-0.0062639361
3.251763e-07,-0.0062732709
3.252763e-07,-0.0062768612
3.253763e-07,-0.006273989
3.254763e-07,-0.0062668084
3.255763e-07,-0.0062589097
3.256763e-07,-0.0062531652
3.257763e-07,-0.006251011
3.258763e-07,-0.0062524472
3.259763e-07,-0.0062574736
3.260763e-07,-0.0062646542
3.261763e-07,-0.006273989
3.262763e-07,-0.0062833238
3.263763e-07,-0.0062912224
3.264763e-07,-0.0062962489
3.265763e-07,-0.0062969669
3.266763e-07,-0.0062940947
3.267763e-07,-0.0062905044
3.268763e-07,-0.0062869141
3.269763e-07,-0.0062854779
3.270763e-07,-0.0062854779
3.271763e-07,-0.0062854779
3.272763e-07,-0.0062818876
3.273763e-07,-0.006273989
3.274763e-07,-0.0062617819
3.275763e-07,-0.0062481388
3.276763e-07,-0.0062359318
3.277763e-07,-0.0062280331
3.278763e-07,-0.0062237247
3.279763e-07,-0.0062208525
3.280763e-07,-0.006215108
3.281763e-07,-0.0062050551
3.282763e-07,-0.0061899759
3.283763e-07,-0.0061727424
3.284763e-07,-0.0061576631
3.285763e-07,-0.0061476103
3.286763e-07,-0.0061447381
3.287763e-07,-0.0061461742
3.288763e-07,-0.0061483284
3.289763e-07,-0.0061476103
3.290763e-07,-0.0061425839
3.291763e-07,-0.0061354033
3.292763e-07,-0.0061282227
3.293763e-07,-0.0061246324
3.294763e-07,-0.0061260685
3.295763e-07,-0.0061303768
3.296763e-07,-0.0061346852
3.297763e-07,-0.0061361213
3.298763e-07,-0.0061332491
3.299763e-07,-0.0061282227
3.300763e-07,-0.0061239143
3.301763e-07,-0.0061246324
3.302763e-07,-0.0061310949
3.303763e-07,-0.0061418658
3.304763e-07,-0.0061526367
3.305763e-07,-0.0061590993
3.306763e-07,-0.0061598173
3.307763e-07,-0.0061547909
3.308763e-07,-0.0061490464
3.309763e-07,-0.0061476103
3.310763e-07,-0.0061526367
3.311763e-07,-0.0061641257
3.312763e-07,-0.006179923
3.313763e-07,-0.0061935662
3.314763e-07,-0.0062021829
3.315763e-07,-0.0062043371
3.316763e-07,-0.0062000287
3.317763e-07,-0.0061935662
3.318763e-07,-0.0061878217
3.319763e-07,-0.0061856675
3.320763e-07,-0.0061878217
3.321763e-07,-0.0061935662
3.322763e-07,-0.006202901
3.323763e-07,-0.0062136719
3.324763e-07,-0.006226597
3.325763e-07,-0.0062395221
3.326763e-07,-0.006250293
3.327763e-07,-0.0062574736
3.328763e-07,-0.0062574736
3.329763e-07,-0.006251011
3.330763e-07,-0.006238804
3.331763e-07,-0.0062251608
3.332763e-07,-0.0062129538
3.333763e-07,-0.0062050551
3.334763e-07,-0.0062021829
3.335763e-07,-0.006202901
3.336763e-07,-0.0062043371
3.337763e-07,-0.0062050551
3.338763e-07,-0.0062043371
3.339763e-07,-0.0062050551
3.340763e-07,-0.0062086455
3.341763e-07,-0.0062165441
3.342763e-07,-0.006227315
3.343763e-07,-0.0062366498
3.344763e-07,-0.0062416762
3.345763e-07,-0.0062395221
3.346763e-07,-0.0062316234
3.347763e-07,-0.0062222886
3.348763e-07,-0.0062158261
3.349763e-07,-0.0062165441
3.350763e-07,-0.0062244428
3.351763e-07,-0.0062366498
3.352763e-07,-0.0062467027
3.353763e-07,-0.006251011
3.354763e-07,-0.0062474207
3.355763e-07,-0.0062395221
3.356763e-07,-0.0062309053
3.357763e-07,-0.0062280331
3.358763e-07,-0.0062330595
3.359763e-07,-0.0062445485
3.360763e-07,-0.0062596278
3.361763e-07,-0.006273989
3.362763e-07,-0.0062840418
3.363763e-07,-0.0062905044
3.364763e-07,-0.0062940947
3.365763e-07,-0.0062969669
3.366763e-07,-0.0062991211
3.367763e-07,-0.0062991211
3.368763e-07,-0.0062948127
3.369763e-07,-0.0062854779
3.370763e-07,-0.0062732709
3.371763e-07,-0.0062625
3.372763e-07,-0.0062574736
3.373763e-07,-0.0062625
3.374763e-07,-0.0062761432
3.375763e-07,-0.0062926585
3.376763e-07,-0.0063055836
3.377763e-07,-0.0063084559
3.378763e-07,-0.0062998392
3.379763e-07,-0.0062826057
3.380763e-07,-0.0062639361
3.381763e-07,-0.006251011
3.382763e-07,-0.0062474207
3.383763e-07,-0.0062524472
3.384763e-07,-0.0062632181
3.385763e-07,-0.006273989
3.386763e-07,-0.0062811696
3.387763e-07,-0.0062854779
3.388763e-07,-0.0062897863
3.389763e-07,-0.0062969669
3.390763e-07,-0.006309892
3.391763e-07,-0.0063264074
3.392763e-07,-0.0063429228
3.393763e-07,-0.0063544118
3.394763e-07,-0.006357284
3.395763e-07,-0.0063522576
3.396763e-07,-0.0063422047
3.397763e-07,-0.0063314338
3.398763e-07,-0.0063228171
3.399763e-07,-0.0063185087
3.400763e-07,-0.0063185087
3.401763e-07,-0.0063199449
3.402763e-07,-0.0063235352
3.403763e-07,-0.0063307158
3.404763e-07,-0.0063407686
3.405763e-07,-0.0063544118
3.406763e-07,-0.0063680549
3.407763e-07,-0.0063781078
3.408763e-07,-0.0063781078
3.409763e-07,-0.0063659007
3.410763e-07,-0.0063436409
3.411763e-07,-0.0063177907
3.412763e-07,-0.0062962489
3.413763e-07,-0.0062854779
3.414763e-07,-0.0062883502
3.415763e-07,-0.0063012753
3.416763e-07,-0.0063177907
3.417763e-07,-0.0063314338
3.418763e-07,-0.0063371783
3.419763e-07,-0.0063364602
3.420763e-07,-0.0063328699
3.421763e-07,-0.0063314338
3.422763e-07,-0.0063350241
3.423763e-07,-0.0063429228
3.424763e-07,-0.0063508215
3.425763e-07,-0.0063544118
3.426763e-07,-0.0063515395
3.427763e-07,-0.0063422047
3.428763e-07,-0.0063299977
3.429763e-07,-0.0063199449
3.430763e-07,-0.0063142004
3.431763e-07,-0.0063120462
3.432763e-07,-0.0063113281
3.433763e-07,-0.0063084559
3.434763e-07,-0.0063019933
3.435763e-07,-0.0062933766
3.436763e-07,-0.0062869141
3.437763e-07,-0.0062854779
3.438763e-07,-0.0062912224
3.439763e-07,-0.0063019933
3.440763e-07,-0.0063127642
3.441763e-07,-0.0063199449
3.442763e-07,-0.0063199449
3.443763e-07,-0.0063134823
3.444763e-07,-0.0063041475
3.445763e-07,-0.0062969669
3.446763e-07,-0.0062940947
3.447763e-07,-0.0062962489
3.448763e-07,-0.0063019933
3.449763e-07,-0.0063084559
3.450763e-07,-0.0063156365
3.451763e-07,-0.0063228171
3.452763e-07,-0.0063314338
3.453763e-07,-0.0063429228
3.454763e-07,-0.0063544118
3.455763e-07,-0.0063630285
3.456763e-07,-0.0063637466
3.457763e-07,-0.0063544118
3.458763e-07,-0.0063371783
3.459763e-07,-0.0063163545
3.460763e-07,-0.006297685
3.461763e-07,-0.0062854779
3.462763e-07,-0.0062811696
3.463763e-07,-0.0062804515
3.464763e-07,-0.0062797335
3.465763e-07,-0.006273989
3.466763e-07,-0.0062632181
3.467763e-07,-0.006251011
3.468763e-07,-0.0062423943
3.469763e-07,-0.0062395221
3.470763e-07,-0.0062423943
3.471763e-07,-0.0062459846
3.472763e-07,-0.0062423943
3.473763e-07,-0.0062280331
3.474763e-07,-0.0062021829
3.475763e-07,-0.0061698702
3.476763e-07,-0.0061411477
3.477763e-07,-0.0061246324
3.478763e-07,-0.0061231962
3.479763e-07,-0.0061354033
3.480763e-07,-0.0061540728
3.481763e-07,-0.0061705882
3.482763e-07,-0.0061806411
3.483763e-07,-0.0061835133
3.484763e-07,-0.0061820772
3.485763e-07,-0.0061820772
3.486763e-07,-0.0061856675
3.487763e-07,-0.0061928481
3.488763e-07,-0.0062000287
3.489763e-07,-0.0062050551
3.490763e-07,-0.0062057732
3.491763e-07,-0.006203619
3.492763e-07,-0.006202901
3.493763e-07,-0.0062050551
3.494763e-07,-0.0062115177
3.495763e-07,-0.0062186983
3.496763e-07,-0.0062251608
3.497763e-07,-0.0062280331
3.498763e-07,-0.0062287511
3.499763e-07,-0.0062323415
3.500763e-07,-0.0062431124
3.501763e-07,-0.0062625
3.502763e-07,-0.0062890682
3.503763e-07,-0.0063156365
3.504763e-07,-0.0063350241
3.505763e-07,-0.0063429228
3.506763e-07,-0.0063400506
3.507763e-07,-0.0063321519
3.508763e-07,-0.0063278435
3.509763e-07,-0.0063314338
3.510763e-07,-0.0063436409
3.511763e-07,-0.0063601562
3.512763e-07,-0.0063723633
3.513763e-07,-0.0063773897
3.514763e-07,-0.0063759536
3.515763e-07,-0.0063745175
3.516763e-07,-0.00638098
3.517763e-07,-0.0064003676
3.518763e-07,-0.0064312443
3.519763e-07,-0.006464275
3.520763e-07,-0.0064908433
3.521763e-07,-0.0065037684
3.522763e-07,-0.0065030503
3.523763e-07,-0.0064965878
3.524763e-07,-0.0064944336
3.525763e-07,-0.0065037684
3.526763e-07,-0.0065238741
3.527763e-07,-0.0065454159
3.528763e-07,-0.0065569049
3.529763e-07,-0.0065497243
3.530763e-07,-0.0065253102
3.531763e-07,-0.0064937155
3.532763e-07,-0.0064707376
3.533763e-07,-0.0064693015
3.534763e-07,-0.0064929975
3.535763e-07,-0.0065324908
3.536763e-07,-0.0065727022
3.537763e-07,-0.0065956801
3.538763e-07,-0.006594244
3.539763e-07,-0.006570548
3.540763e-07,-0.0065389534
3.541763e-07,-0.0065152574
3.542763e-07,-0.0065102309
3.543763e-07,-0.0065253102
3.544763e-07,-0.0065504423
3.545763e-07,-0.0065727022
3.546763e-07,-0.0065806009
3.547763e-07,-0.006570548
3.548763e-07,-0.0065490062
3.549763e-07,-0.0065267463
3.550763e-07,-0.0065138212
3.551763e-07,-0.0065145393
3.552763e-07,-0.0065253102
3.553763e-07,-0.0065382353
3.554763e-07,-0.006546134
3.555763e-07,-0.0065454159
3.556763e-07,-0.0065367992
3.557763e-07,-0.0065267463
3.558763e-07,-0.0065188477
3.559763e-07,-0.0065159754
3.560763e-07,-0.0065152574
3.561763e-07,-0.0065152574
3.562763e-07,-0.0065131032
3.563763e-07,-0.006510949
3.564763e-07,-0.0065102309
3.565763e-07,-0.0065152574
3.566763e-07,-0.0065253102
3.567763e-07,-0.0065382353
3.568763e-07,-0.0065475701
3.569763e-07,-0.0065497243
3.570763e-07,-0.0065439798
3.571763e-07,-0.0065360811
3.572763e-07,-0.0065317727
3.573763e-07,-0.0065382353
3.574763e-07,-0.0065554687
3.575763e-07,-0.0065784467
3.576763e-07,-0.0065985524
3.577763e-07,-0.0066071691
3.578763e-07,-0.0066014246
3.579763e-07,-0.0065863454
3.580763e-07,-0.0065691119
3.581763e-07,-0.0065612132
3.582763e-07,-0.0065676758
3.583763e-07,-0.0065877815
3.584763e-07,-0.0066150678
3.585763e-07,-0.006641636
3.586763e-07,-0.0066603056
3.587763e-07,-0.0066703585
3.588763e-07,-0.0066739488
3.589763e-07,-0.0066761029
3.590763e-07,-0.0066804113
3.591763e-07,-0.0066868739
3.592763e-07,-0.0066940545
3.593763e-07,-0.0066990809
3.594763e-07,-0.0067026712
3.595763e-07,-0.0067091337
3.596763e-07,-0.0067227769
3.597763e-07,-0.0067450368
3.598763e-07,-0.0067744773
3.599763e-07,-0.0068031997
3.600763e-07,-0.0068218693
3.601763e-07,-0.0068254596
3.602763e-07,-0.0068132525
3.603763e-07,-0.0067924288
3.604763e-07,-0.0067737592
3.605763e-07,-0.0067680147
3.606763e-07,-0.0067787856
3.607763e-07,-0.0068017636
3.608763e-07,-0.0068283318
3.609763e-07,-0.0068484375
3.610763e-07,-0.0068563362
3.611763e-07,-0.0068534639
3.612763e-07,-0.0068441291
3.613763e-07,-0.0068369485
3.614763e-07,-0.0068355124
3.615763e-07,-0.0068405388
3.616763e-07,-0.0068462833
3.617763e-07,-0.0068484375
3.618763e-07,-0.0068455653
3.619763e-07,-0.0068398208
3.620763e-07,-0.0068355124
3.621763e-07,-0.0068369485
3.622763e-07,-0.0068448472
3.623763e-07,-0.0068549
3.624763e-07,-0.0068613626
3.625763e-07,-0.0068599265
3.626763e-07,-0.0068505917
3.627763e-07,-0.0068383847
3.628763e-07,-0.0068326402
3.629763e-07,-0.0068369485
3.630763e-07,-0.0068520278
3.631763e-07,-0.0068706974
3.632763e-07,-0.0068836225
3.633763e-07,-0.0068829044
3.634763e-07,-0.0068685432
3.635763e-07,-0.0068470014
3.636763e-07,-0.0068297679
3.637763e-07,-0.0068254596
3.638763e-07,-0.0068369485
3.639763e-07,-0.0068577723
3.640763e-07,-0.0068771599
3.641763e-07,-0.0068829044
3.642763e-07,-0.0068714154
3.643763e-07,-0.0068462833
3.644763e-07,-0.006818997
3.645763e-07,-0.0068024816
3.646763e-07,-0.0068031997
3.647763e-07,-0.006818997
3.648763e-07,-0.006841975
3.649763e-07,-0.0068599265
3.650763e-07,-0.0068649529
3.651763e-07,-0.0068563362
3.652763e-07,-0.0068405388
3.653763e-07,-0.0068254596
3.654763e-07,-0.006818997
3.655763e-07,-0.0068218693
3.656763e-07,-0.006830486
3.657763e-07,-0.0068369485
3.658763e-07,-0.0068362305
3.659763e-07,-0.0068268957
3.660763e-07,-0.0068132525
3.661763e-07,-0.0068024816
3.662763e-07,-0.0067988913
3.663763e-07,-0.0068031997
3.664763e-07,-0.0068139706
3.665763e-07,-0.0068254596
3.666763e-07,-0.0068347943
3.667763e-07,-0.0068405388
3.668763e-07,-0.0068448472
3.669763e-07,-0.0068484375
3.670763e-07,-0.0068513097
3.671763e-07,-0.0068505917
3.672763e-07,-0.006842693
3.673763e-07,-0.0068254596
3.674763e-07,-0.0068024816
3.675763e-07,-0.0067802217
3.676763e-07,-0.0067672966
3.677763e-07,-0.0067680147
3.678763e-07,-0.0067823759
3.679763e-07,-0.0068031997
3.680763e-07,-0.0068204331
3.681763e-07,-0.0068254596
3.682763e-07,-0.0068168428
3.683763e-07,-0.0067981733
3.684763e-07,-0.0067795037
3.685763e-07,-0.0067680147
3.686763e-07,-0.0067672966
3.687763e-07,-0.0067737592
3.688763e-07,-0.0067795037
3.689763e-07,-0.0067795037
3.690763e-07,-0.0067708869
3.691763e-07,-0.0067586799
3.692763e-07,-0.0067514993
3.693763e-07,-0.0067565257
3.694763e-07,-0.0067759134
3.695763e-07,-0.0068046358
3.696763e-07,-0.0068319221
3.697763e-07,-0.0068484375
3.698763e-07,-0.0068498736
3.699763e-07,-0.0068383847
3.700763e-07,-0.0068233054
3.701763e-07,-0.0068139706
3.702763e-07,-0.0068154067
3.703763e-07,-0.0068261776
3.704763e-07,-0.0068398208
3.705763e-07,-0.0068484375
3.706763e-07,-0.0068477194
3.707763e-07,-0.0068391027
3.708763e-07,-0.0068297679
3.709763e-07,-0.0068254596
3.710763e-07,-0.006830486
3.711763e-07,-0.0068405388
3.712763e-07,-0.0068491556
3.713763e-07,-0.0068484375
3.714763e-07,-0.0068347943
3.715763e-07,-0.0068110983
3.716763e-07,-0.0067859662
3.717763e-07,-0.0067680147
3.718763e-07,-0.0067622702
3.719763e-07,-0.0067672966
3.720763e-07,-0.0067759134
3.721763e-07,-0.0067795037
3.722763e-07,-0.0067730411
3.723763e-07,-0.0067572438
3.724763e-07,-0.0067378562
3.725763e-07,-0.0067220588
3.726763e-07,-0.0067155963
3.727763e-07,-0.0067191866
3.728763e-07,-0.0067270852
3.729763e-07,-0.0067335478
3.730763e-07,-0.0067335478
3.731763e-07,-0.0067256491
3.732763e-07,-0.006712724
3.733763e-07,-0.0066990809
3.734763e-07,-0.0066875919
3.735763e-07,-0.0066789752
3.736763e-07,-0.0066717946
3.737763e-07,-0.006664614
3.738763e-07,-0.0066588695
3.739763e-07,-0.0066574334
3.740763e-07,-0.0066631778
3.741763e-07,-0.0066761029
3.742763e-07,-0.0066933364
3.743763e-07,-0.0067069795
3.744763e-07,-0.0067098518
3.745763e-07,-0.0066990809
3.746763e-07,-0.006676821
3.747763e-07,-0.0066524069
3.748763e-07,-0.0066344554
3.749763e-07,-0.0066301471
3.750763e-07,-0.0066380457
3.751763e-07,-0.0066509708
3.752763e-07,-0.0066581514
3.753763e-07,-0.006653125
3.754763e-07,-0.0066358915
3.755763e-07,-0.0066150678
3.756763e-07,-0.0066021427
3.757763e-07,-0.0066071691
3.758763e-07,-0.0066308651
3.759763e-07,-0.006665332
3.760763e-07,-0.0066962086
3.761763e-07,-0.0067105699
3.762763e-07,-0.0067041073
3.763763e-07,-0.0066804113
3.764763e-07,-0.0066516889
3.765763e-07,-0.0066301471
3.766763e-07,-0.0066236845
3.767763e-07,-0.0066315832
3.768763e-07,-0.0066445083
3.769763e-07,-0.006653125
3.770763e-07,-0.0066502528
3.771763e-07,-0.0066366096
3.772763e-07,-0.0066193761
3.773763e-07,-0.0066071691
3.774763e-07,-0.0066050149
3.775763e-07,-0.0066121955
3.776763e-07,-0.0066229665
3.777763e-07,-0.0066301471
3.778763e-07,-0.0066301471
3.779763e-07,-0.0066244026
3.780763e-07,-0.0066186581
3.781763e-07,-0.0066186581
3.782763e-07,-0.0066265568
3.783763e-07,-0.0066373277
3.784763e-07,-0.0066452263
3.785763e-07,-0.006641636
3.786763e-07,-0.0066251206
3.787763e-07,-0.0065999885
3.788763e-07,-0.0065755744
3.789763e-07,-0.0065612132
3.790763e-07,-0.0065604952
3.791763e-07,-0.0065712661
3.792763e-07,-0.0065856273
3.793763e-07,-0.0065956801
3.794763e-07,-0.0065978343
3.795763e-07,-0.006593526
3.796763e-07,-0.0065906537
3.797763e-07,-0.0065956801
3.798763e-07,-0.0066100414
3.799763e-07,-0.0066301471
3.800763e-07,-0.0066473805
3.801763e-07,-0.006653125
3.802763e-07,-0.0066452263
3.803763e-07,-0.0066279929
3.804763e-07,-0.0066121955
3.805763e-07,-0.0066071691
3.806763e-07,-0.0066193761
3.807763e-07,-0.0066445083
3.808763e-07,-0.0066753849
3.809763e-07,-0.0066990809
3.810763e-07,-0.0067091337
3.811763e-07,-0.0067041073
3.812763e-07,-0.0066904642
3.813763e-07,-0.0066761029
3.814763e-07,-0.0066682043
3.815763e-07,-0.0066674862
3.816763e-07,-0.0066717946
3.817763e-07,-0.0066761029
3.818763e-07,-0.0066775391
3.819763e-07,-0.006676821
3.820763e-07,-0.0066789752
3.821763e-07,-0.0066875919
3.822763e-07,-0.0067041073
3.823763e-07,-0.006724213
3.824763e-07,-0.0067400103
3.825763e-07,-0.0067450368
3.826763e-07,-0.0067378562
3.827763e-07,-0.0067220588
3.828763e-07,-0.0067069795
3.829763e-07,-0.0066990809
3.830763e-07,-0.0067026712
3.831763e-07,-0.0067148782
3.832763e-07,-0.0067278033
3.833763e-07,-0.0067335478
3.834763e-07,-0.0067278033
3.835763e-07,-0.006712724
3.836763e-07,-0.0066962086
3.837763e-07,-0.0066875919
3.838763e-07,-0.0066919003
3.839763e-07,-0.0067076976
3.840763e-07,-0.0067278033
3.841763e-07,-0.0067450368
3.842763e-07,-0.0067529354
3.843763e-07,-0.0067507812
3.844763e-07,-0.0067421645
3.845763e-07,-0.0067335478
3.846763e-07,-0.0067285214
3.847763e-07,-0.0067256491
3.848763e-07,-0.0067213408
3.849763e-07,-0.0067105699
3.850763e-07,-0.0066919003
3.851763e-07,-0.0066682043
3.852763e-07,-0.0066452263
3.853763e-07,-0.0066301471
3.854763e-07,-0.0066265568
3.855763e-07,-0.0066330193
3.856763e-07,-0.0066445083
3.857763e-07,-0.006653125
3.858763e-07,-0.0066559972
3.859763e-07,-0.0066524069
3.860763e-07,-0.0066459444
3.861763e-07,-0.006641636
3.862763e-07,-0.0066401999
3.863763e-07,-0.0066401999
3.864763e-07,-0.0066380457
3.865763e-07,-0.0066301471
3.866763e-07,-0.00661794
3.867763e-07,-0.006605733
3.868763e-07,-0.0066007066
3.869763e-07,-0.0066071691
3.870763e-07,-0.0066258387
3.871763e-07,-0.0066495347
3.872763e-07,-0.0066689223
3.873763e-07,-0.0066761029
3.874763e-07,-0.0066667682
3.875763e-07,-0.0066459444
3.876763e-07,-0.0066229665
3.877763e-07,-0.0066071691
3.878763e-07,-0.006605733
3.879763e-07,-0.006617222
3.880763e-07,-0.0066358915
3.881763e-07,-0.006653125
3.882763e-07,-0.0066617417
3.883763e-07,-0.0066603056
3.884763e-07,-0.0066516889
3.885763e-07,-0.006641636
3.886763e-07,-0.0066344554
3.887763e-07,-0.0066308651
3.888763e-07,-0.0066308651
3.889763e-07,-0.0066301471
3.890763e-07,-0.0066287109
3.891763e-07,-0.0066279929
3.892763e-07,-0.0066315832
3.893763e-07,-0.006641636
3.894763e-07,-0.0066574334
3.895763e-07,-0.0066739488
3.896763e-07,-0.0066854377
3.897763e-07,-0.0066875919
3.898763e-07,-0.0066789752
3.899763e-07,-0.0066638959
3.900763e-07,-0.0066488166
3.901763e-07,-0.006641636
3.902763e-07,-0.0066437902
3.903763e-07,-0.0066524069
3.904763e-07,-0.0066610237
3.905763e-07,-0.006664614
3.906763e-07,-0.0066603056
3.907763e-07,-0.0066516889
3.908763e-07,-0.0066437902
3.909763e-07,-0.006641636
3.910763e-07,-0.0066473805
3.911763e-07,-0.0066581514
3.912763e-07,-0.006665332
3.913763e-07,-0.006664614
3.914763e-07,-0.0066524069
3.915763e-07,-0.0066323012
3.916763e-07,-0.0066107594
3.917763e-07,-0.0065956801
3.918763e-07,-0.0065899357
3.919763e-07,-0.0065920898
3.920763e-07,-0.0065956801
3.921763e-07,-0.0065956801
3.922763e-07,-0.0065892176
3.923763e-07,-0.0065770106
3.924763e-07,-0.0065662397
3.925763e-07,-0.0065612132
3.926763e-07,-0.0065640855
3.927763e-07,-0.006570548
3.928763e-07,-0.0065762925
3.929763e-07,-0.0065727022
3.930763e-07,-0.0065590591
3.931763e-07,-0.0065375172
3.932763e-07,-0.0065166935
3.933763e-07,-0.0065037684
3.934763e-07,-0.0065030503
3.935763e-07,-0.0065131032
3.936763e-07,-0.0065274644
3.937763e-07,-0.0065382353
3.938763e-07,-0.0065403895
3.939763e-07,-0.006534645
3.940763e-07,-0.0065238741
3.941763e-07,-0.0065152574
3.942763e-07,-0.0065123851
3.943763e-07,-0.0065159754
3.944763e-07,-0.006522438
3.945763e-07,-0.0065267463
3.946763e-07,-0.0065260283
3.947763e-07,-0.0065217199
3.948763e-07,-0.0065166935
3.949763e-07,-0.0065152574
3.950763e-07,-0.0065188477
3.951763e-07,-0.0065245921
3.952763e-07,-0.0065289005
3.953763e-07,-0.0065267463
3.954763e-07,-0.0065159754
3.955763e-07,-0.006498742
3.956763e-07,-0.0064815085
3.957763e-07,-0.0064693015
3.958763e-07,-0.0064649931
3.959763e-07,-0.0064664292
3.960763e-07,-0.0064700195
3.961763e-07,-0.0064693015
3.962763e-07,-0.0064621209
3.963763e-07,-0.0064506319
3.964763e-07,-0.006439861
3.965763e-07,-0.0064348346
3.966763e-07,-0.0064377068
3.967763e-07,-0.0064463235
3.968763e-07,-0.0064556583
3.969763e-07,-0.0064578125
3.970763e-07,-0.0064506319
3.971763e-07,-0.0064341165
3.972763e-07,-0.0064154469
3.973763e-07,-0.0064003676
3.974763e-07,-0.0063939051
3.975763e-07,-0.0063960593
3.976763e-07,-0.006403958
3.977763e-07,-0.0064118566
3.978763e-07,-0.006416165
3.979763e-07,-0.0064176011
3.980763e-07,-0.0064183192
3.981763e-07,-0.0064233456
3.982763e-07,-0.0064355526
3.983763e-07,-0.0064535041
3.984763e-07,-0.0064743279
3.985763e-07,-0.0064922794
3.986763e-07,-0.0065030503
3.987763e-07,-0.0065066406
3.988763e-07,-0.0065052045
3.989763e-07,-0.0065037684
3.990763e-07,-0.0065066406
3.991763e-07,-0.0065145393
3.992763e-07,-0.0065260283
3.993763e-07,-0.0065382353
3.994763e-07,-0.0065482881
3.995763e-07,-0.0065547507
3.996763e-07,-0.006558341
3.997763e-07,-0.0065612132
3.998763e-07,-0.0065633674
3.999763e-07,-0.0065648035
4.000763e-07,-0.0065648035
4.001763e-07,-0.0065612132
4.002763e-07,-0.0065561868
4.003763e-07,-0.0065518784
4.004763e-07,-0.0065533146
4.005763e-07,-0.0065612132
4.006763e-07,-0.0065762925
4.007763e-07,-0.0065949621
4.008763e-07,-0.0066107594
4.009763e-07,-0.0066186581
4.010763e-07,-0.006617222
4.011763e-07,-0.0066078872
4.012763e-07,-0.0065949621
4.013763e-07,-0.0065841912
4.014763e-07,-0.0065791648
4.015763e-07,-0.0065791648
4.016763e-07,-0.006582037
4.017763e-07,-0.0065841912
4.018763e-07,-0.0065827551
4.019763e-07,-0.0065784467
4.020763e-07,-0.0065741383
4.021763e-07,-0.0065727022
4.022763e-07,-0.0065770106
4.023763e-07,-0.0065863454
4.024763e-07,-0.0065971163
4.025763e-07,-0.0066071691
4.026763e-07,-0.0066136317
4.027763e-07,-0.00661794
4.028763e-07,-0.0066222484
4.029763e-07,-0.0066301471
4.030763e-07,-0.0066423541
4.031763e-07,-0.0066581514
4.032763e-07,-0.0066746668
4.033763e-07,-0.0066875919
4.034763e-07,-0.0066947725
4.035763e-07,-0.0066954906
4.036763e-07,-0.0066919003
4.037763e-07,-0.0066875919
4.038763e-07,-0.0066847197
4.039763e-07,-0.0066840016
4.040763e-07,-0.0066854377
4.041763e-07,-0.0066875919
4.042763e-07,-0.0066911822
4.043763e-07,-0.0066969267
4.044763e-07,-0.0067069795
4.045763e-07,-0.0067220588
4.046763e-07,-0.0067414465
4.047763e-07,-0.0067615522
4.048763e-07,-0.0067787856
4.049763e-07,-0.0067909926
4.050763e-07,-0.0067967371
4.051763e-07,-0.0067981733
4.052763e-07,-0.0067996094
4.053763e-07,-0.0068024816
4.054763e-07,-0.0068082261
4.055763e-07,-0.0068139706
4.056763e-07,-0.0068168428
4.057763e-07,-0.0068139706
4.058763e-07,-0.0068053539
4.059763e-07,-0.006795301
4.060763e-07,-0.0067888385
4.061763e-07,-0.0067909926
4.062763e-07,-0.0068024816
4.063763e-07,-0.0068204331
4.064763e-07,-0.0068376666
4.065763e-07,-0.0068484375
4.066763e-07,-0.0068477194
4.067763e-07,-0.0068347943
4.068763e-07,-0.0068139706
4.069763e-07,-0.0067909926
4.070763e-07,-0.0067723231
4.071763e-07,-0.006760116
4.072763e-07,-0.0067558077
4.073763e-07,-0.0067565257
4.074763e-07,-0.006760116
4.075763e-07,-0.0067658605
4.076763e-07,-0.0067723231
4.077763e-07,-0.0067795037
4.078763e-07,-0.0067881204
4.079763e-07,-0.006795301
4.080763e-07,-0.0068010455
4.081763e-07,-0.0068024816
4.082763e-07,-0.0068003274
4.083763e-07,-0.0067960191
4.084763e-07,-0.0067924288
4.085763e-07,-0.0067909926
4.086763e-07,-0.0067917107
4.087763e-07,-0.0067938649
4.088763e-07,-0.0067938649
4.089763e-07,-0.0067909926
4.090763e-07,-0.0067845301
4.091763e-07,-0.0067766314
4.092763e-07,-0.0067708869
4.093763e-07,-0.0067680147
4.094763e-07,-0.0067680147
4.095763e-07,-0.0067680147
4.096763e-07,-0.0067644244
4.097763e-07,-0.0067565257
4.098763e-07,-0.0067443187
4.099763e-07,-0.0067313936
4.100763e-07,-0.0067234949
4.101763e-07,-0.0067220588
4.102763e-07,-0.0067278033
4.103763e-07,-0.0067371381
4.104763e-07,-0.0067443187
4.105763e-07,-0.0067450368
4.106763e-07,-0.0067378562
4.107763e-07,-0.0067270852
4.108763e-07,-0.0067155963
4.109763e-07,-0.0067105699
4.110763e-07,-0.006712724
4.111763e-07,-0.0067199046
4.112763e-07,-0.0067285214
4.113763e-07,-0.0067335478
4.114763e-07,-0.0067321117
4.115763e-07,-0.0067263672
4.116763e-07,-0.0067177505
4.117763e-07,-0.0067105699
4.118763e-07,-0.0067062615
4.119763e-07,-0.0067048254
4.120763e-07,-0.0067026712
4.121763e-07,-0.0066990809
4.122763e-07,-0.0066940545
4.123763e-07,-0.0066897461
4.124763e-07,-0.0066911822
4.125763e-07,-0.0066990809
4.126763e-07,-0.0067134421
4.127763e-07,-0.0067292394
4.128763e-07,-0.0067414465
4.129763e-07,-0.0067450368
4.130763e-07,-0.0067400103
4.131763e-07,-0.0067285214
4.132763e-07,-0.0067170324
4.133763e-07,-0.0067105699
4.134763e-07,-0.0067112879
4.135763e-07,-0.0067177505
4.136763e-07,-0.0067263672
4.137763e-07,-0.0067335478
4.138763e-07,-0.0067392923
4.139763e-07,-0.0067450368
4.140763e-07,-0.0067536535
4.141763e-07,-0.0067680147
4.142763e-07,-0.0067859662
4.143763e-07,-0.0068031997
4.144763e-07,-0.0068132525
4.145763e-07,-0.0068139706
4.146763e-07,-0.0068046358
4.147763e-07,-0.0067895565
4.148763e-07,-0.0067759134
4.149763e-07,-0.0067680147
4.150763e-07,-0.0067665786
4.151763e-07,-0.0067694508
4.152763e-07,-0.0067708869
4.153763e-07,-0.0067680147
4.154763e-07,-0.0067615522
4.155763e-07,-0.0067565257
4.156763e-07,-0.0067572438
4.157763e-07,-0.0067680147
4.158763e-07,-0.0067859662
4.159763e-07,-0.0068053539
4.160763e-07,-0.0068161248
4.161763e-07,-0.0068139706
4.162763e-07,-0.0067988913
4.163763e-07,-0.0067780676
4.164763e-07,-0.0067615522
4.165763e-07,-0.0067565257
4.166763e-07,-0.0067651425
4.167763e-07,-0.0067816579
4.168763e-07,-0.0067967371
4.169763e-07,-0.0068024816
4.170763e-07,-0.0067960191
4.171763e-07,-0.0067823759
4.172763e-07,-0.0067701689
4.173763e-07,-0.0067680147
4.174763e-07,-0.0067787856
4.175763e-07,-0.0067988913
4.176763e-07,-0.0068175609
4.177763e-07,-0.0068254596
4.178763e-07,-0.0068175609
4.179763e-07,-0.006795301
4.180763e-07,-0.0067680147
4.181763e-07,-0.0067450368
4.182763e-07,-0.0067321117
4.183763e-07,-0.0067285214
4.184763e-07,-0.0067278033
4.185763e-07,-0.0067220588
4.186763e-07,-0.0067055434
4.187763e-07,-0.0066796932
4.188763e-07,-0.0066509708
4.189763e-07,-0.0066301471
4.190763e-07,-0.0066229665
4.191763e-07,-0.0066287109
4.192763e-07,-0.0066423541
4.193763e-07,-0.006653125
4.194763e-07,-0.0066524069
4.195763e-07,-0.0066380457
4.196763e-07,-0.0066121955
4.197763e-07,-0.0065841912
4.198763e-07,-0.0065612132
4.199763e-07,-0.0065490062
4.200763e-07,-0.006546852
4.201763e-07,-0.0065497243
4.202763e-07,-0.0065533146
4.203763e-07,-0.0065540326
4.204763e-07,-0.0065518784
4.205763e-07,-0.0065497243
4.206763e-07,-0.0065511604
4.207763e-07,-0.0065561868
4.208763e-07,-0.0065648035
4.209763e-07,-0.0065727022
4.210763e-07,-0.0065777286
4.211763e-07,-0.0065784467
4.212763e-07,-0.0065755744
4.213763e-07,-0.0065727022
4.214763e-07,-0.0065719841
4.215763e-07,-0.0065748564
4.216763e-07,-0.0065798828
4.217763e-07,-0.0065841912
4.218763e-07,-0.0065870634
4.219763e-07,-0.0065863454
4.220763e-07,-0.0065849092
4.221763e-07,-0.0065841912
4.222763e-07,-0.0065856273
4.223763e-07,-0.0065899357
4.224763e-07,-0.0065971163
4.225763e-07,-0.0066071691
4.226763e-07,-0.0066193761
4.227763e-07,-0.0066330193
4.228763e-07,-0.0066488166
4.229763e-07,-0.006664614
4.230763e-07,-0.0066775391
4.231763e-07,-0.0066847197
4.232763e-07,-0.0066840016
4.233763e-07,-0.0066761029
4.234763e-07,-0.0066667682
4.235763e-07,-0.0066638959
4.236763e-07,-0.0066739488
4.237763e-07,-0.0066990809
4.238763e-07,-0.00673642
4.239763e-07,-0.0067766314
4.240763e-07,-0.0068096622
4.241763e-07,-0.0068254596
4.242763e-07,-0.0068225873
4.243763e-07,-0.0068046358
4.244763e-07,-0.006783094
4.245763e-07,-0.0067680147
4.246763e-07,-0.0067665786
4.247763e-07,-0.0067795037
4.248763e-07,-0.0068017636
4.249763e-07,-0.0068254596
4.250763e-07,-0.006841975
4.251763e-07,-0.0068484375
4.252763e-07,-0.0068455653
4.253763e-07,-0.0068369485
4.254763e-07,-0.0068276137
4.255763e-07,-0.0068204331
4.256763e-07,-0.0068168428
4.257763e-07,-0.0068139706
4.258763e-07,-0.0068110983
4.259763e-07,-0.00680679
4.260763e-07,-0.0067996094
4.261763e-07,-0.0067909926
4.262763e-07,-0.0067802217
4.263763e-07,-0.0067665786
4.264763e-07,-0.0067507812
4.265763e-07,-0.0067335478
4.266763e-07,-0.0067184685
4.267763e-07,-0.0067091337
4.268763e-07,-0.0067098518
4.269763e-07,-0.0067220588
4.270763e-07,-0.0067414465
4.271763e-07,-0.0067629883
4.272763e-07,-0.0067773495
4.273763e-07,-0.0067795037
4.274763e-07,-0.0067687328
4.275763e-07,-0.0067493451
4.276763e-07,-0.0067270852
4.277763e-07,-0.0067105699
4.278763e-07,-0.0067026712
4.279763e-07,-0.0067026712
4.280763e-07,-0.0067069795
4.281763e-07,-0.0067105699
4.282763e-07,-0.0067112879
4.283763e-07,-0.0067098518
4.284763e-07,-0.0067084157
4.285763e-07,-0.0067105699
4.286763e-07,-0.0067170324
4.287763e-07,-0.0067256491
4.288763e-07,-0.0067321117
4.289763e-07,-0.0067335478
4.290763e-07,-0.0067278033
4.291763e-07,-0.0067170324
4.292763e-07,-0.0067055434
4.293763e-07,-0.0066990809
4.294763e-07,-0.0066990809
4.295763e-07,-0.0067055434
4.296763e-07,-0.0067148782
4.297763e-07,-0.0067220588
4.298763e-07,-0.0067263672
4.299763e-07,-0.0067278033
4.300763e-07,-0.0067292394
4.301763e-07,-0.0067335478
4.302763e-07,-0.0067414465
4.303763e-07,-0.0067507812
4.304763e-07,-0.0067565257
4.305763e-07,-0.0067565257
4.306763e-07,-0.0067486271
4.307763e-07,-0.006735702
4.308763e-07,-0.0067213408
4.309763e-07,-0.0067105699
4.310763e-07,-0.0067048254
4.311763e-07,-0.0067026712
4.312763e-07,-0.0067019531
4.313763e-07,-0.0066990809
4.314763e-07,-0.0066940545
4.315763e-07,-0.00668831
4.316763e-07,-0.0066854377
4.317763e-07,-0.0066875919
4.318763e-07,-0.0066947725
4.319763e-07,-0.0067041073
4.320763e-07,-0.0067105699
4.321763e-07,-0.0067105699
4.322763e-07,-0.0067033892
4.323763e-07,-0.0066919003
4.324763e-07,-0.0066811294
4.325763e-07,-0.0066761029
4.326763e-07,-0.0066775391
4.327763e-07,-0.0066840016
4.328763e-07,-0.0066926183
4.329763e-07,-0.0066990809
4.330763e-07,-0.0067041073
4.331763e-07,-0.0067098518
4.332763e-07,-0.0067191866
4.333763e-07,-0.0067335478
4.334763e-07,-0.0067514993
4.335763e-07,-0.0067665786
4.336763e-07,-0.0067730411
4.337763e-07,-0.0067680147
4.338763e-07,-0.0067522174
4.339763e-07,-0.0067313936
4.340763e-07,-0.0067155963
4.341763e-07,-0.0067105699
4.342763e-07,-0.0067177505
4.343763e-07,-0.0067335478
4.344763e-07,-0.0067486271
4.345763e-07,-0.0067565257
4.346763e-07,-0.0067543716
4.347763e-07,-0.0067450368
4.348763e-07,-0.006735702
4.349763e-07,-0.0067335478
4.350763e-07,-0.0067407284
4.351763e-07,-0.0067536535
4.352763e-07,-0.0067651425
4.353763e-07,-0.0067680147
4.354763e-07,-0.0067579619
4.355763e-07,-0.0067378562
4.356763e-07,-0.0067148782
4.357763e-07,-0.0066990809
4.358763e-07,-0.0066947725
4.359763e-07,-0.0067019531
4.360763e-07,-0.0067134421
4.361763e-07,-0.0067220588
4.362763e-07,-0.0067206227
4.363763e-07,-0.0067091337
4.364763e-07,-0.0066911822
4.365763e-07,-0.0066761029
4.366763e-07,-0.0066696404
4.367763e-07,-0.0066746668
4.368763e-07,-0.0066861558
4.369763e-07,-0.0066990809
4.370763e-07,-0.0067048254
4.371763e-07,-0.0066997989
4.372763e-07,-0.0066854377
4.373763e-07,-0.006664614
4.374763e-07,-0.0066445083
4.375763e-07,-0.006629429
4.376763e-07,-0.0066208123
4.377763e-07,-0.0066186581
4.378763e-07,-0.0066193761
4.379763e-07,-0.0066208123
4.380763e-07,-0.0066208123
4.381763e-07,-0.0066186581
4.382763e-07,-0.0066143497
4.383763e-07,-0.0066086052
4.384763e-07,-0.0066021427
4.385763e-07,-0.0065956801
4.386763e-07,-0.0065920898
4.387763e-07,-0.0065928079
4.388763e-07,-0.0065978343
4.389763e-07,-0.0066071691
4.390763e-07,-0.0066157858
4.391763e-07,-0.0066186581
4.392763e-07,-0.0066114775
4.393763e-07,-0.0065956801
4.394763e-07,-0.0065741383
4.395763e-07,-0.0065554687
4.396763e-07,-0.0065454159
4.397763e-07,-0.0065497243
4.398763e-07,-0.0065655216
4.399763e-07,-0.0065856273
4.400763e-07,-0.0066021427
4.401763e-07,-0.0066071691
4.402763e-07,-0.0065992705
4.403763e-07,-0.006582037
4.404763e-07,-0.0065626494
4.405763e-07,-0.0065497243
4.406763e-07,-0.0065454159
4.407763e-07,-0.0065475701
4.408763e-07,-0.0065511604
4.409763e-07,-0.0065497243
4.410763e-07,-0.0065411075
4.411763e-07,-0.0065267463
4.412763e-07,-0.0065123851
4.413763e-07,-0.0065037684
4.414763e-07,-0.0065037684
4.415763e-07,-0.006510949
4.416763e-07,-0.0065202838
4.417763e-07,-0.0065267463
4.418763e-07,-0.0065267463
4.419763e-07,-0.0065210018
4.420763e-07,-0.006511667
4.421763e-07,-0.0065037684
4.422763e-07,-0.006498742
4.423763e-07,-0.0064973058
4.424763e-07,-0.0064951517
4.425763e-07,-0.0064922794
4.426763e-07,-0.006487971
4.427763e-07,-0.0064858169
4.428763e-07,-0.0064901252
4.429763e-07,-0.0065037684
4.430763e-07,-0.0065267463
4.431763e-07,-0.0065547507
4.432763e-07,-0.0065791648
4.433763e-07,-0.0065956801
4.434763e-07,-0.0066014246
4.435763e-07,-0.0065992705
4.436763e-07,-0.0065949621
4.437763e-07,-0.0065956801
4.438763e-07,-0.0066035788
4.439763e-07,-0.0066165039
4.440763e-07,-0.0066308651
4.441763e-07,-0.006641636
4.442763e-07,-0.0066459444
4.443763e-07,-0.0066459444
4.444763e-07,-0.0066466625
4.445763e-07,-0.006653125
4.446763e-07,-0.0066660501
4.447763e-07,-0.0066840016
4.448763e-07,-0.006700517
4.449763e-07,-0.0067105699
4.450763e-07,-0.0067112879
4.451763e-07,-0.0067033892
4.452763e-07,-0.0066940545
4.453763e-07,-0.0066875919
4.454763e-07,-0.00668831
4.455763e-07,-0.0066969267
4.456763e-07,-0.0067091337
4.457763e-07,-0.0067220588
4.458763e-07,-0.0067335478
4.459763e-07,-0.0067428826
4.460763e-07,-0.0067536535
4.461763e-07,-0.0067680147
4.462763e-07,-0.0067845301
4.463763e-07,-0.0068010455
4.464763e-07,-0.0068118164
4.465763e-07,-0.0068139706
4.466763e-07,-0.006807508
4.467763e-07,-0.0067960191
4.468763e-07,-0.0067852482
4.469763e-07,-0.0067795037
4.470763e-07,-0.0067795037
4.471763e-07,-0.006783094
4.472763e-07,-0.006783812
4.473763e-07,-0.0067795037
4.474763e-07,-0.0067694508
4.475763e-07,-0.006760116
4.476763e-07,-0.0067572438
4.477763e-07,-0.0067680147
4.478763e-07,-0.0067917107
4.479763e-07,-0.0068233054
4.480763e-07,-0.0068527459
4.481763e-07,-0.0068714154
4.482763e-07,-0.0068757238
4.483763e-07,-0.0068671071
4.484763e-07,-0.0068556181
4.485763e-07,-0.0068484375
4.486763e-07,-0.0068527459
4.487763e-07,-0.0068671071
4.488763e-07,-0.0068879308
4.489763e-07,-0.0069058824
4.490763e-07,-0.0069159352
4.491763e-07,-0.0069159352
4.492763e-07,-0.0069109088
4.493763e-07,-0.0069058824
4.494763e-07,-0.0069058824
4.495763e-07,-0.006913063
4.496763e-07,-0.0069259881
4.497763e-07,-0.0069403493
4.498763e-07,-0.0069539924
4.499763e-07,-0.0069661994
4.500763e-07,-0.0069798426
4.501763e-07,-0.0069977941
4.502763e-07,-0.0070193359
4.503763e-07,-0.0070415958
4.504763e-07,-0.0070595473
4.505763e-07,-0.0070667279
4.506763e-07,-0.0070609835
4.507763e-07,-0.0070451861
4.508763e-07,-0.0070250804
4.509763e-07,-0.0070092831
4.510763e-07,-0.0070028205
4.511763e-07,-0.0070056928
4.512763e-07,-0.0070135915
4.513763e-07,-0.0070207721
4.514763e-07,-0.007020054
4.515763e-07,-0.0070100011
4.516763e-07,-0.0069934858
4.517763e-07,-0.0069748162
4.518763e-07,-0.006961173
4.519763e-07,-0.0069554285
4.520763e-07,-0.0069568647
4.521763e-07,-0.0069633272
4.522763e-07,-0.0069697898
4.523763e-07,-0.006972662
4.524763e-07,-0.0069705078
4.525763e-07,-0.0069633272
4.526763e-07,-0.0069532744
4.527763e-07,-0.0069410673
4.528763e-07,-0.0069288603
4.529763e-07,-0.0069173713
4.530763e-07,-0.0069080365
4.531763e-07,-0.0069030101
4.532763e-07,-0.006902292
4.533763e-07,-0.0069058824
4.534763e-07,-0.0069116268
4.535763e-07,-0.0069152171
4.536763e-07,-0.006913781
4.537763e-07,-0.0069058824
4.538763e-07,-0.0068929573
4.539763e-07,-0.006878596
4.540763e-07,-0.0068706974
4.541763e-07,-0.0068714154
4.542763e-07,-0.0068821864
4.543763e-07,-0.0068994198
4.544763e-07,-0.0069173713
4.545763e-07,-0.0069288603
4.546763e-07,-0.0069310145
4.547763e-07,-0.0069238339
4.548763e-07,-0.0069094727
4.549763e-07,-0.0068943934
4.550763e-07,-0.0068807502
4.551763e-07,-0.0068706974
4.552763e-07,-0.0068642348
4.553763e-07,-0.0068599265
4.554763e-07,-0.0068577723
4.555763e-07,-0.0068584903
4.556763e-07,-0.0068627987
4.557763e-07,-0.0068714154
4.558763e-07,-0.0068821864
4.559763e-07,-0.0068922392
4.560763e-07,-0.0068965476
4.561763e-07,-0.0068943934
4.562763e-07,-0.0068857767
4.563763e-07,-0.0068742877
4.564763e-07,-0.0068642348
4.565763e-07,-0.0068599265
4.566763e-07,-0.0068620807
4.567763e-07,-0.0068685432
4.568763e-07,-0.0068764419
4.569763e-07,-0.0068829044
4.570763e-07,-0.0068879308
4.571763e-07,-0.0068929573
4.572763e-07,-0.0068987017
4.573763e-07,-0.0069058824
4.574763e-07,-0.0069116268
4.575763e-07,-0.006913781
4.576763e-07,-0.0069073185
4.577763e-07,-0.0068943934
4.578763e-07,-0.006877878
4.579763e-07,-0.0068642348
4.580763e-07,-0.0068577723
4.581763e-07,-0.0068599265
4.582763e-07,-0.006865671
4.583763e-07,-0.0068671071
4.584763e-07,-0.0068584903
4.585763e-07,-0.0068369485
4.586763e-07,-0.006807508
4.587763e-07,-0.0067802217
4.588763e-07,-0.0067658605
4.589763e-07,-0.0067680147
4.590763e-07,-0.0067845301
4.591763e-07,-0.0068053539
4.592763e-07,-0.006818279
4.593763e-07,-0.0068139706
4.594763e-07,-0.0067924288
4.595763e-07,-0.0067622702
4.596763e-07,-0.0067349839
4.597763e-07,-0.0067220588
4.598763e-07,-0.0067270852
4.599763e-07,-0.0067443187
4.600763e-07,-0.0067651425
4.601763e-07,-0.0067795037
4.602763e-07,-0.006783812
4.603763e-07,-0.0067816579
4.604763e-07,-0.0067809398
4.605763e-07,-0.0067909926
4.606763e-07,-0.0068125345
4.607763e-07,-0.0068398208
4.608763e-07,-0.0068627987
4.609763e-07,-0.0068714154
4.610763e-07,-0.0068627987
4.611763e-07,-0.006841975
4.612763e-07,-0.0068218693
4.613763e-07,-0.0068139706
4.614763e-07,-0.0068247415
4.615763e-07,-0.0068513097
4.616763e-07,-0.0068829044
4.617763e-07,-0.0069058824
4.618763e-07,-0.0069116268
4.619763e-07,-0.0069001379
4.620763e-07,-0.006878596
4.621763e-07,-0.0068599265
4.622763e-07,-0.0068527459
4.623763e-07,-0.0068606445
4.624763e-07,-0.006877878
4.625763e-07,-0.0068943934
4.626763e-07,-0.006901574
4.627763e-07,-0.0068958295
4.628763e-07,-0.0068800322
4.629763e-07,-0.0068599265
4.630763e-07,-0.0068441291
4.631763e-07,-0.0068362305
4.632763e-07,-0.0068347943
4.633763e-07,-0.0068369485
4.634763e-07,-0.0068369485
4.635763e-07,-0.0068319221
4.636763e-07,-0.0068233054
4.637763e-07,-0.0068139706
4.638763e-07,-0.006807508
4.639763e-07,-0.0068046358
4.640763e-07,-0.0068039177
4.641763e-07,-0.0068024816
4.642763e-07,-0.0067974552
4.643763e-07,-0.0067895565
4.644763e-07,-0.0067787856
4.645763e-07,-0.0067680147
4.646763e-07,-0.0067572438
4.647763e-07,-0.0067450368
4.648763e-07,-0.0067299575
4.649763e-07,-0.0067105699
4.650763e-07,-0.006689028
4.651763e-07,-0.0066703585
4.652763e-07,-0.0066610237
4.653763e-07,-0.006664614
4.654763e-07,-0.0066811294
4.655763e-07,-0.0067062615
4.656763e-07,-0.0067299575
4.657763e-07,-0.0067450368
4.658763e-07,-0.0067464729
4.659763e-07,-0.006735702
4.660763e-07,-0.0067177505
4.661763e-07,-0.0066990809
4.662763e-07,-0.0066854377
4.663763e-07,-0.0066775391
4.664763e-07,-0.0066753849
4.665763e-07,-0.0066761029
4.666763e-07,-0.0066775391
4.667763e-07,-0.0066811294
4.668763e-07,-0.0066875919
4.669763e-07,-0.0066990809
4.670763e-07,-0.0067134421
4.671763e-07,-0.0067270852
4.672763e-07,-0.0067349839
4.673763e-07,-0.0067335478
4.674763e-07,-0.0067234949
4.675763e-07,-0.0067105699
4.676763e-07,-0.006700517
4.677763e-07,-0.0066990809
4.678763e-07,-0.0067069795
4.679763e-07,-0.0067191866
4.680763e-07,-0.0067299575
4.681763e-07,-0.0067335478
4.682763e-07,-0.0067278033
4.683763e-07,-0.0067155963
4.684763e-07,-0.0067041073
4.685763e-07,-0.0066990809
4.686763e-07,-0.0067033892
4.687763e-07,-0.0067148782
4.688763e-07,-0.0067270852
4.689763e-07,-0.0067335478
4.690763e-07,-0.0067306756
4.691763e-07,-0.0067213408
4.692763e-07,-0.0067084157
4.693763e-07,-0.0066990809
4.694763e-07,-0.0066947725
4.695763e-07,-0.0066947725
4.696763e-07,-0.0066940545
4.697763e-07,-0.0066875919
4.698763e-07,-0.0066753849
4.699763e-07,-0.0066588695
4.700763e-07,-0.0066459444
4.701763e-07,-0.006641636
4.702763e-07,-0.0066480986
4.703763e-07,-0.0066617417
4.704763e-07,-0.0066775391
4.705763e-07,-0.0066875919
4.706763e-07,-0.00668831
4.707763e-07,-0.0066789752
4.708763e-07,-0.0066660501
4.709763e-07,-0.006653125
4.710763e-07,-0.0066445083
4.711763e-07,-0.0066394818
4.712763e-07,-0.0066358915
4.713763e-07,-0.0066301471
4.714763e-07,-0.0066215303
4.715763e-07,-0.0066114775
4.716763e-07,-0.006605733
4.717763e-07,-0.0066071691
4.718763e-07,-0.0066157858
4.719763e-07,-0.0066287109
4.720763e-07,-0.0066394818
4.721763e-07,-0.006641636
4.722763e-07,-0.0066344554
4.723763e-07,-0.0066200942
4.724763e-07,-0.006605733
4.725763e-07,-0.0065956801
4.726763e-07,-0.006593526
4.727763e-07,-0.0065963982
4.728763e-07,-0.0065992705
4.729763e-07,-0.0065956801
4.730763e-07,-0.0065841912
4.731763e-07,-0.0065669577
4.732763e-07,-0.0065497243
4.733763e-07,-0.0065382353
4.734763e-07,-0.0065353631
4.735763e-07,-0.0065396714
4.736763e-07,-0.006546134
4.737763e-07,-0.0065497243
4.738763e-07,-0.0065475701
4.739763e-07,-0.0065403895
4.740763e-07,-0.0065317727
4.741763e-07,-0.0065267463
4.742763e-07,-0.0065260283
4.743763e-07,-0.0065281824
4.744763e-07,-0.0065296186
4.745763e-07,-0.0065267463
4.746763e-07,-0.0065195657
4.747763e-07,-0.0065123851
4.748763e-07,-0.0065095129
4.749763e-07,-0.0065152574
4.750763e-07,-0.0065289005
4.751763e-07,-0.0065454159
4.752763e-07,-0.006558341
4.753763e-07,-0.0065612132
4.754763e-07,-0.0065533146
4.755763e-07,-0.0065396714
4.756763e-07,-0.0065281824
4.757763e-07,-0.0065267463
4.758763e-07,-0.0065382353
4.759763e-07,-0.0065590591
4.760763e-07,-0.0065849092
4.761763e-07,-0.0066071691
4.762763e-07,-0.0066229665
4.763763e-07,-0.0066330193
4.764763e-07,-0.006641636
4.765763e-07,-0.006653125
4.766763e-07,-0.0066682043
4.767763e-07,-0.0066840016
4.768763e-07,-0.0066954906
4.769763e-07,-0.0066990809
4.770763e-07,-0.0066947725
4.771763e-07,-0.0066868739
4.772763e-07,-0.0066832835
4.773763e-07,-0.0066875919
4.774763e-07,-0.0067012351
4.775763e-07,-0.0067184685
4.776763e-07,-0.0067313936
4.777763e-07,-0.0067335478
4.778763e-07,-0.006724213
4.779763e-07,-0.0067076976
4.780763e-07,-0.0066933364
4.781763e-07,-0.0066875919
4.782763e-07,-0.0066940545
4.783763e-07,-0.0067091337
4.784763e-07,-0.006724213
4.785763e-07,-0.0067335478
4.786763e-07,-0.0067328297
4.787763e-07,-0.006724213
4.788763e-07,-0.0067148782
4.789763e-07,-0.0067105699
4.790763e-07,-0.0067141602
4.791763e-07,-0.0067227769
4.792763e-07,-0.0067306756
4.793763e-07,-0.0067335478
4.794763e-07,-0.0067292394
4.795763e-07,-0.0067220588
4.796763e-07,-0.0067177505
4.797763e-07,-0.0067220588
4.798763e-07,-0.0067342659
4.799763e-07,-0.0067493451
4.800763e-07,-0.0067586799
4.801763e-07,-0.0067565257
4.802763e-07,-0.0067414465
4.803763e-07,-0.0067177505
4.804763e-07,-0.0066933364
4.805763e-07,-0.0066761029
4.806763e-07,-0.0066674862
4.807763e-07,-0.006664614
4.808763e-07,-0.0066610237
4.809763e-07,-0.006653125
4.810763e-07,-0.006641636
4.811763e-07,-0.0066330193
4.812763e-07,-0.0066351735
4.813763e-07,-0.006653125
4.814763e-07,-0.0066840016
4.815763e-07,-0.0067170324
4.816763e-07,-0.0067407284
4.817763e-07,-0.0067450368
4.818763e-07,-0.0067299575
4.819763e-07,-0.0067041073
4.820763e-07,-0.0066818474
4.821763e-07,-0.0066761029
4.822763e-07,-0.0066911822
4.823763e-07,-0.0067213408
4.824763e-07,-0.0067550896
4.825763e-07,-0.0067795037
4.826763e-07,-0.0067888385
4.827763e-07,-0.0067859662
4.828763e-07,-0.0067787856
4.829763e-07,-0.0067795037
4.830763e-07,-0.0067917107
4.831763e-07,-0.0068132525
4.832763e-07,-0.0068355124
4.833763e-07,-0.0068484375
4.834763e-07,-0.0068484375
4.835763e-07,-0.0068391027
4.836763e-07,-0.0068283318
4.837763e-07,-0.0068254596
4.838763e-07,-0.0068347943
4.839763e-07,-0.0068513097
4.840763e-07,-0.006866389
4.841763e-07,-0.0068714154
4.842763e-07,-0.0068620807
4.843763e-07,-0.006841975
4.844763e-07,-0.0068225873
4.845763e-07,-0.0068139706
4.846763e-07,-0.0068204331
4.847763e-07,-0.0068376666
4.848763e-07,-0.006854182
4.849763e-07,-0.0068599265
4.850763e-07,-0.0068477194
4.851763e-07,-0.0068204331
4.852763e-07,-0.0067902746
4.853763e-07,-0.0067680147
4.854763e-07,-0.0067629883
4.855763e-07,-0.0067730411
4.856763e-07,-0.0067902746
4.857763e-07,-0.0068024816
4.858763e-07,-0.0068003274
4.859763e-07,-0.0067845301
4.860763e-07,-0.0067622702
4.861763e-07,-0.0067450368
4.862763e-07,-0.0067421645
4.863763e-07,-0.0067565257
4.864763e-07,-0.0067802217
4.865763e-07,-0.0068024816
4.866763e-07,-0.0068125345
4.867763e-07,-0.0068053539
4.868763e-07,-0.006783812
4.869763e-07,-0.0067565257
4.870763e-07,-0.0067328297
4.871763e-07,-0.0067191866
4.872763e-07,-0.0067163143
4.873763e-07,-0.0067220588
4.874763e-07,-0.0067306756
4.875763e-07,-0.0067378562
4.876763e-07,-0.0067421645
4.877763e-07,-0.0067450368
4.878763e-07,-0.0067464729
4.879763e-07,-0.0067457548
4.880763e-07,-0.0067421645
4.881763e-07,-0.0067335478
4.882763e-07,-0.0067206227
4.883763e-07,-0.0067055434
4.884763e-07,-0.0066933364
4.885763e-07,-0.0066875919
4.886763e-07,-0.0066897461
4.887763e-07,-0.0066969267
4.888763e-07,-0.0067055434
4.889763e-07,-0.0067105699
4.890763e-07,-0.0067105699
4.891763e-07,-0.0067062615
4.892763e-07,-0.0067012351
4.893763e-07,-0.0066990809
4.894763e-07,-0.006700517
4.895763e-07,-0.0067026712
4.896763e-07,-0.0067033892
4.897763e-07,-0.0066990809
4.898763e-07,-0.0066911822
4.899763e-07,-0.0066840016
4.900763e-07,-0.0066818474
4.901763e-07,-0.0066875919
4.902763e-07,-0.006700517
4.903763e-07,-0.0067141602
4.904763e-07,-0.0067227769
4.905763e-07,-0.0067220588
4.906763e-07,-0.006712724
4.907763e-07,-0.006700517
4.908763e-07,-0.0066940545
4.909763e-07,-0.0066990809
4.910763e-07,-0.0067163143
4.911763e-07,-0.0067392923
4.912763e-07,-0.006759398
4.913763e-07,-0.0067680147
4.914763e-07,-0.0067629883
4.915763e-07,-0.0067486271
4.916763e-07,-0.0067321117
4.917763e-07,-0.0067220588
4.918763e-07,-0.0067227769
4.919763e-07,-0.0067328297
4.920763e-07,-0.0067464729
4.921763e-07,-0.0067565257
4.922763e-07,-0.006760116
4.923763e-07,-0.0067586799
4.924763e-07,-0.0067565257
4.925763e-07,-0.0067565257
4.926763e-07,-0.0067608341
4.927763e-07,-0.0067672966
4.928763e-07,-0.0067701689
4.929763e-07,-0.0067680147
4.930763e-07,-0.0067608341
4.931763e-07,-0.0067529354
4.932763e-07,-0.0067500632
4.933763e-07,-0.0067565257
4.934763e-07,-0.0067694508
4.935763e-07,-0.0067823759
4.936763e-07,-0.0067874023
4.937763e-07,-0.0067795037
4.938763e-07,-0.0067608341
4.939763e-07,-0.0067385742
4.940763e-07,-0.0067234949
4.941763e-07,-0.0067220588
4.942763e-07,-0.0067335478
4.943763e-07,-0.0067500632
4.944763e-07,-0.006760116
4.945763e-07,-0.0067565257
4.946763e-07,-0.0067378562
4.947763e-07,-0.006712006
4.948763e-07,-0.0066919003
4.949763e-07,-0.0066875919
4.950763e-07,-0.0067012351
4.951763e-07,-0.0067256491
4.952763e-07,-0.006747909
4.953763e-07,-0.0067565257
4.954763e-07,-0.0067464729
4.955763e-07,-0.0067227769
4.956763e-07,-0.0066983628
4.957763e-07,-0.0066875919
4.958763e-07,-0.0066969267
4.959763e-07,-0.0067234949
4.960763e-07,-0.0067558077
4.961763e-07,-0.0067795037
4.962763e-07,-0.0067845301
4.963763e-07,-0.0067701689
4.964763e-07,-0.0067450368
4.965763e-07,-0.0067220588
4.966763e-07,-0.006712724
4.967763e-07,-0.0067213408
4.968763e-07,-0.0067428826
4.969763e-07,-0.0067680147
4.970763e-07,-0.0067866843
4.971763e-07,-0.0067931468
4.972763e-07,-0.0067895565
4.973763e-07,-0.0067795037
4.974763e-07,-0.0067701689
4.975763e-07,-0.0067658605
4.976763e-07,-0.0067658605
4.977763e-07,-0.0067680147
4.978763e-07,-0.0067694508
4.979763e-07,-0.0067694508
4.980763e-07,-0.0067680147
4.981763e-07,-0.0067680147
4.982763e-07,-0.0067694508
4.983763e-07,-0.006771605
4.984763e-07,-0.006771605
4.985763e-07,-0.0067680147
4.986763e-07,-0.0067629883
4.987763e-07,-0.006760116
4.988763e-07,-0.0067644244
4.989763e-07,-0.0067795037
4.990763e-07,-0.0068031997
4.991763e-07,-0.0068297679
4.992763e-07,-0.0068505917
4.993763e-07,-0.0068599265
4.994763e-07,-0.0068563362
4.995763e-07,-0.0068462833
4.996763e-07,-0.0068369485
4.997763e-07,-0.0068369485
4.998763e-07,-0.0068491556
4.999763e-07,-0.0068699793
5.000763e-07,-0.0068915211
5.001763e-07,-0.0069058824
5.002763e-07,-0.0069101907
5.003763e-07,-0.0069066004
5.004763e-07,-0.0069030101
5.005763e-07,-0.0069058824
5.006763e-07,-0.0069188074
5.007763e-07,-0.0069396312
5.008763e-07,-0.006961173
5.009763e-07,-0.0069748162
5.010763e-07,-0.0069762523
5.011763e-07,-0.0069669175
5.012763e-07,-0.0069525563
5.013763e-07,-0.0069403493
5.014763e-07,-0.0069353228
5.015763e-07,-0.006936759
5.016763e-07,-0.0069403493
5.017763e-07,-0.0069403493
5.018763e-07,-0.0069346048
5.019763e-07,-0.0069231158
5.020763e-07,-0.0069116268
5.021763e-07,-0.0069058824
5.022763e-07,-0.0069080365
5.023763e-07,-0.0069159352
5.024763e-07,-0.00692527
5.025763e-07,-0.0069288603
5.026763e-07,-0.0069245519
5.027763e-07,-0.006913781
5.028763e-07,-0.006901574
5.029763e-07,-0.0068943934
5.030763e-07,-0.0068943934
5.031763e-07,-0.0069001379
5.032763e-07,-0.0069058824
5.033763e-07,-0.0069058824
5.034763e-07,-0.0068972656
5.035763e-07,-0.0068821864
5.036763e-07,-0.0068678251
5.037763e-07,-0.0068599265
5.038763e-07,-0.0068627987
5.039763e-07,-0.0068742877
5.040763e-07,-0.0068872128
5.041763e-07,-0.0068943934
5.042763e-07,-0.0068908031
5.043763e-07,-0.0068771599
5.044763e-07,-0.0068599265
5.045763e-07,-0.0068484375
5.046763e-07,-0.0068491556
5.047763e-07,-0.0068649529
5.048763e-07,-0.006890085
5.049763e-07,-0.0069173713
5.050763e-07,-0.0069389131
5.051763e-07,-0.0069511202
5.052763e-07,-0.0069539924
5.053763e-07,-0.0069518382
5.054763e-07,-0.0069496841
5.055763e-07,-0.0069518382
5.056763e-07,-0.0069568647
5.057763e-07,-0.0069633272
5.058763e-07,-0.0069669175
5.059763e-07,-0.0069654814
5.060763e-07,-0.0069590188
5.061763e-07,-0.0069518382
5.062763e-07,-0.0069468118
5.063763e-07,-0.0069468118
5.064763e-07,-0.0069525563
5.065763e-07,-0.0069633272
5.066763e-07,-0.0069762523
5.067763e-07,-0.0069884593
5.068763e-07,-0.006996358
5.069763e-07,-0.0069977941
5.070763e-07,-0.0069913316
5.071763e-07,-0.0069776884
5.072763e-07,-0.0069590188
5.073763e-07,-0.0069403493
5.074763e-07,-0.0069267061
5.075763e-07,-0.0069216797
5.076763e-07,-0.0069274242
5.077763e-07,-0.0069403493
5.078763e-07,-0.0069539924
5.079763e-07,-0.006960455
5.080763e-07,-0.0069561466
5.081763e-07,-0.0069403493
5.082763e-07,-0.0069202436
5.083763e-07,-0.0069051643
5.084763e-07,-0.0069030101
5.085763e-07,-0.0069173713
5.086763e-07,-0.0069425034
5.087763e-07,-0.0069697898
5.088763e-07,-0.0069863051
5.089763e-07,-0.0069863051
5.090763e-07,-0.0069705078
5.091763e-07,-0.0069460937
5.092763e-07,-0.00692527
5.093763e-07,-0.0069173713
5.094763e-07,-0.0069238339
5.095763e-07,-0.0069403493
5.096763e-07,-0.0069561466
5.097763e-07,-0.0069633272
5.098763e-07,-0.0069575827
5.099763e-07,-0.0069439396
5.100763e-07,-0.0069310145
5.101763e-07,-0.0069288603
5.102763e-07,-0.0069432215
5.103763e-07,-0.0069705078
5.104763e-07,-0.0070042567
5.105763e-07,-0.007032261
5.106763e-07,-0.0070480584
5.107763e-07,-0.0070494945
5.108763e-07,-0.0070415958
5.109763e-07,-0.007032261
5.110763e-07,-0.0070279527
5.111763e-07,-0.007032261
5.112763e-07,-0.0070430319
5.113763e-07,-0.007055239
5.114763e-07,-0.0070652918
5.115763e-07,-0.0070717544
5.116763e-07,-0.0070753447
5.117763e-07,-0.0070782169
5.118763e-07,-0.0070825253
5.119763e-07,-0.0070868336
5.120763e-07,-0.0070904239
5.121763e-07,-0.0070897059
5.122763e-07,-0.0070853975
5.123763e-07,-0.007079653
5.124763e-07,-0.0070760627
5.125763e-07,-0.0070782169
5.126763e-07,-0.0070861156
5.127763e-07,-0.0070968865
5.128763e-07,-0.0071069393
5.129763e-07,-0.0071126838
5.130763e-07,-0.0071141199
5.131763e-07,-0.007114838
5.132763e-07,-0.0071169922
5.133763e-07,-0.0071241728
5.134763e-07,-0.0071349437
5.135763e-07,-0.0071457146
5.136763e-07,-0.0071514591
5.137763e-07,-0.0071471507
5.138763e-07,-0.0071349437
5.139763e-07,-0.0071191464
5.140763e-07,-0.0071069393
5.141763e-07,-0.0071011949
5.142763e-07,-0.0071019129
5.143763e-07,-0.0071040671
5.144763e-07,-0.0071019129
5.145763e-07,-0.0070897059
5.146763e-07,-0.0070703182
5.147763e-07,-0.0070502125
5.148763e-07,-0.0070394416
5.149763e-07,-0.00704375
5.150763e-07,-0.0070631376
5.151763e-07,-0.0070904239
5.152763e-07,-0.0071134019
5.153763e-07,-0.0071241728
5.154763e-07,-0.0071177102
5.155763e-07,-0.0070997587
5.156763e-07,-0.007079653
5.157763e-07,-0.0070667279
5.158763e-07,-0.007067446
5.159763e-07,-0.0070782169
5.160763e-07,-0.0070925781
5.161763e-07,-0.0071011949
5.162763e-07,-0.0070983226
5.163763e-07,-0.0070846795
5.164763e-07,-0.007067446
5.165763e-07,-0.007055239
5.166763e-07,-0.0070523667
5.167763e-07,-0.0070573932
5.168763e-07,-0.0070645738
5.169763e-07,-0.0070667279
5.170763e-07,-0.0070588293
5.171763e-07,-0.0070415958
5.172763e-07,-0.0070229262
5.173763e-07,-0.0070092831
5.174763e-07,-0.0070071289
5.175763e-07,-0.0070164637
5.176763e-07,-0.0070308249
5.177763e-07,-0.00704375
5.178763e-07,-0.0070480584
5.179763e-07,-0.0070430319
5.180763e-07,-0.007031543
5.181763e-07,-0.0070207721
5.182763e-07,-0.0070150276
5.183763e-07,-0.0070171818
5.184763e-07,-0.0070243624
5.185763e-07,-0.007032261
5.186763e-07,-0.0070372875
5.187763e-07,-0.0070394416
5.188763e-07,-0.0070408778
5.189763e-07,-0.00704375
5.190763e-07,-0.0070509306
5.191763e-07,-0.0070617015
5.192763e-07,-0.0070724724
5.193763e-07,-0.0070782169
5.194763e-07,-0.0070774989
5.195763e-07,-0.0070703182
5.196763e-07,-0.0070617015
5.197763e-07,-0.007055239
5.198763e-07,-0.0070545209
5.199763e-07,-0.0070581112
5.200763e-07,-0.0070631376
5.201763e-07,-0.0070667279
5.202763e-07,-0.0070652918
5.203763e-07,-0.0070609835
5.204763e-07,-0.0070566751
5.205763e-07,-0.007055239
5.206763e-07,-0.0070595473
5.207763e-07,-0.0070688821
5.208763e-07,-0.007079653
5.209763e-07,-0.0070897059
5.210763e-07,-0.0070976045
5.211763e-07,-0.0071040671
5.212763e-07,-0.0071126838
5.213763e-07,-0.0071241728
5.214763e-07,-0.0071378159
5.215763e-07,-0.0071493049
5.216763e-07,-0.0071536133
5.217763e-07,-0.0071471507
5.218763e-07,-0.0071313534
5.219763e-07,-0.0071112477
5.220763e-07,-0.0070947323
5.221763e-07,-0.0070897059
5.222763e-07,-0.0070976045
5.223763e-07,-0.007114838
5.224763e-07,-0.0071342256
5.225763e-07,-0.0071471507
5.226763e-07,-0.0071485869
5.227763e-07,-0.007138534
5.228763e-07,-0.0071241728
5.229763e-07,-0.0071126838
5.230763e-07,-0.0071105296
5.231763e-07,-0.0071177102
5.232763e-07,-0.0071327895
5.233763e-07,-0.0071471507
5.234763e-07,-0.0071550494
5.235763e-07,-0.0071536133
5.236763e-07,-0.0071421243
5.237763e-07,-0.0071241728
5.238763e-07,-0.0071047852
5.239763e-07,-0.0070882698
5.240763e-07,-0.0070746266
5.241763e-07,-0.0070667279
5.242763e-07,-0.0070631376
5.243763e-07,-0.0070645738
5.244763e-07,-0.0070696002
5.245763e-07,-0.0070782169
5.246763e-07,-0.0070868336
5.247763e-07,-0.007091142
5.248763e-07,-0.0070889878
5.249763e-07,-0.0070782169
5.250763e-07,-0.0070617015
5.251763e-07,-0.0070444681
5.252763e-07,-0.0070336972
5.253763e-07,-0.007032261
5.254763e-07,-0.0070408778
5.255763e-07,-0.0070538028
5.256763e-07,-0.0070645738
5.257763e-07,-0.0070667279
5.258763e-07,-0.0070573932
5.259763e-07,-0.0070380055
5.260763e-07,-0.0070164637
5.261763e-07,-0.0069977941
5.262763e-07,-0.0069870232
5.263763e-07,-0.006984151
5.264763e-07,-0.0069855871
5.265763e-07,-0.0069863051
5.266763e-07,-0.0069827148
5.267763e-07,-0.0069740981
5.268763e-07,-0.0069626091
5.269763e-07,-0.0069518382
5.270763e-07,-0.0069439396
5.271763e-07,-0.0069396312
5.272763e-07,-0.0069353228
5.273763e-07,-0.0069288603
5.274763e-07,-0.0069195255
5.275763e-07,-0.0069087546
5.276763e-07,-0.0068987017
5.277763e-07,-0.0068943934
5.278763e-07,-0.0068951114
5.279763e-07,-0.0068987017
5.280763e-07,-0.0069001379
5.281763e-07,-0.0068943934
5.282763e-07,-0.0068807502
5.283763e-07,-0.0068606445
5.284763e-07,-0.0068398208
5.285763e-07,-0.0068254596
5.286763e-07,-0.0068211512
5.287763e-07,-0.0068268957
5.288763e-07,-0.0068383847
5.289763e-07,-0.0068484375
5.290763e-07,-0.0068513097
5.291763e-07,-0.0068441291
5.292763e-07,-0.006830486
5.293763e-07,-0.0068139706
5.294763e-07,-0.0068010455
5.295763e-07,-0.006795301
5.296763e-07,-0.0067967371
5.297763e-07,-0.0068024816
5.298763e-07,-0.0068089442
5.299763e-07,-0.0068125345
5.300763e-07,-0.0068103803
5.301763e-07,-0.0068024816
5.302763e-07,-0.0067902746
5.303763e-07,-0.0067759134
5.304763e-07,-0.006760116
5.305763e-07,-0.0067450368
5.306763e-07,-0.0067321117
5.307763e-07,-0.0067234949
5.308763e-07,-0.0067199046
5.309763e-07,-0.0067220588
5.310763e-07,-0.0067299575
5.311763e-07,-0.0067421645
5.312763e-07,-0.0067558077
5.313763e-07,-0.0067680147
5.314763e-07,-0.0067780676
5.315763e-07,-0.0067852482
5.316763e-07,-0.0067895565
5.317763e-07,-0.0067909926
5.318763e-07,-0.0067888385
5.319763e-07,-0.0067816579
5.320763e-07,-0.0067708869
5.321763e-07,-0.0067565257
5.322763e-07,-0.0067421645
5.323763e-07,-0.0067321117
5.324763e-07,-0.0067292394
5.325763e-07,-0.0067335478
5.326763e-07,-0.0067428826
5.327763e-07,-0.0067529354
5.328763e-07,-0.0067579619
5.329763e-07,-0.0067565257
5.330763e-07,-0.0067493451
5.331763e-07,-0.0067400103
5.332763e-07,-0.0067335478
5.333763e-07,-0.0067335478
5.334763e-07,-0.0067407284
5.335763e-07,-0.0067507812
5.336763e-07,-0.0067615522
5.337763e-07,-0.0067680147
5.338763e-07,-0.0067701689
5.339763e-07,-0.0067708869
5.340763e-07,-0.0067730411
5.341763e-07,-0.0067795037
5.342763e-07,-0.0067902746
5.343763e-07,-0.0068024816
5.344763e-07,-0.0068110983
5.345763e-07,-0.0068139706
5.346763e-07,-0.0068096622
5.347763e-07,-0.0068017636
5.348763e-07,-0.006794583
5.349763e-07,-0.0067909926
5.350763e-07,-0.0067924288
5.351763e-07,-0.0067967371
5.352763e-07,-0.0068010455
5.353763e-07,-0.0068024816
5.354763e-07,-0.0068024816
5.355763e-07,-0.0068046358
5.356763e-07,-0.0068118164
5.357763e-07,-0.0068254596
5.358763e-07,-0.0068434111
5.359763e-07,-0.0068599265
5.360763e-07,-0.006866389
5.361763e-07,-0.0068599265
5.362763e-07,-0.0068398208
5.363763e-07,-0.0068125345
5.364763e-07,-0.0067866843
5.365763e-07,-0.0067680147
5.366763e-07,-0.006760116
5.367763e-07,-0.006759398
5.368763e-07,-0.006760116
5.369763e-07,-0.0067565257
5.370763e-07,-0.0067471909
5.371763e-07,-0.0067349839
5.372763e-07,-0.0067249311
5.373763e-07,-0.0067220588
5.374763e-07,-0.0067278033
5.375763e-07,-0.0067378562
5.376763e-07,-0.0067457548
5.377763e-07,-0.0067450368
5.378763e-07,-0.0067328297
5.379763e-07,-0.006712724
5.380763e-07,-0.0066919003
5.381763e-07,-0.0066761029
5.382763e-07,-0.0066703585
5.383763e-07,-0.0066739488
5.384763e-07,-0.0066818474
5.385763e-07,-0.0066875919
5.386763e-07,-0.00668831
5.387763e-07,-0.0066840016
5.388763e-07,-0.0066789752
5.389763e-07,-0.0066761029
5.390763e-07,-0.0066782571
5.391763e-07,-0.0066832835
5.392763e-07,-0.0066875919
5.393763e-07,-0.0066875919
5.394763e-07,-0.0066818474
5.395763e-07,-0.0066725126
5.396763e-07,-0.0066660501
5.397763e-07,-0.006664614
5.398763e-07,-0.0066703585
5.399763e-07,-0.0066789752
5.400763e-07,-0.0066868739
5.401763e-07,-0.0066875919
5.402763e-07,-0.0066818474
5.403763e-07,-0.0066739488
5.404763e-07,-0.0066696404
5.405763e-07,-0.0066761029
5.406763e-07,-0.0066933364
5.407763e-07,-0.0067184685
5.408763e-07,-0.0067421645
5.409763e-07,-0.0067565257
5.410763e-07,-0.0067572438
5.411763e-07,-0.0067457548
5.412763e-07,-0.0067278033
5.413763e-07,-0.0067105699
5.414763e-07,-0.0066990809
5.415763e-07,-0.0066954906
5.416763e-07,-0.0066962086
5.417763e-07,-0.0066990809
5.418763e-07,-0.0067019531
5.419763e-07,-0.0067048254
5.420763e-07,-0.0067112879
5.421763e-07,-0.0067220588
5.422763e-07,-0.0067371381
5.423763e-07,-0.0067507812
5.424763e-07,-0.0067586799
5.425763e-07,-0.0067565257
5.426763e-07,-0.0067443187
5.427763e-07,-0.0067285214
5.428763e-07,-0.0067148782
5.429763e-07,-0.0067105699
5.430763e-07,-0.0067170324
5.431763e-07,-0.0067292394
5.432763e-07,-0.0067407284
5.433763e-07,-0.0067450368
5.434763e-07,-0.0067400103
5.435763e-07,-0.0067299575
5.436763e-07,-0.0067213408
5.437763e-07,-0.0067220588
5.438763e-07,-0.0067342659
5.439763e-07,-0.0067543716
5.440763e-07,-0.0067759134
5.441763e-07,-0.0067909926
5.442763e-07,-0.0067960191
5.443763e-07,-0.0067931468
5.444763e-07,-0.0067888385
5.445763e-07,-0.0067909926
5.446763e-07,-0.0068024816
5.447763e-07,-0.0068204331
5.448763e-07,-0.0068383847
5.449763e-07,-0.0068484375
5.450763e-07,-0.0068470014
5.451763e-07,-0.0068355124
5.452763e-07,-0.0068218693
5.453763e-07,-0.0068139706
5.454763e-07,-0.006818279
5.455763e-07,-0.0068355124
5.456763e-07,-0.0068599265
5.457763e-07,-0.0068829044
5.458763e-07,-0.0068987017
5.459763e-07,-0.0069051643
5.460763e-07,-0.0069051643
5.461763e-07,-0.0069058824
5.462763e-07,-0.0069116268
5.463763e-07,-0.00692527
5.464763e-07,-0.0069439396
5.465763e-07,-0.0069633272
5.466763e-07,-0.0069784065
5.467763e-07,-0.0069884593
5.468763e-07,-0.0069934858
5.469763e-07,-0.0069977941
5.470763e-07,-0.0070028205
5.471763e-07,-0.0070100011
5.472763e-07,-0.0070171818
5.473763e-07,-0.0070207721
5.474763e-07,-0.007020054
5.475763e-07,-0.0070157456
5.476763e-07,-0.0070114373
5.477763e-07,-0.0070092831
5.478763e-07,-0.0070121553
5.479763e-07,-0.0070193359
5.480763e-07,-0.0070272346
5.481763e-07,-0.007032261
5.482763e-07,-0.007032261
5.483763e-07,-0.0070279527
5.484763e-07,-0.0070229262
5.485763e-07,-0.0070207721
5.486763e-07,-0.0070243624
5.487763e-07,-0.0070336972
5.488763e-07,-0.0070451861
5.489763e-07,-0.007055239
5.490763e-07,-0.0070602654
5.491763e-07,-0.0070609835
5.492763e-07,-0.0070581112
5.493763e-07,-0.007055239
5.494763e-07,-0.0070538028
5.495763e-07,-0.0070545209
5.496763e-07,-0.007055239
5.497763e-07,-0.007055239
5.498763e-07,-0.0070538028
5.499763e-07,-0.0070516487
5.500763e-07,-0.0070516487
5.501763e-07,-0.007055239
5.502763e-07,-0.0070609835
5.503763e-07,-0.0070652918
5.504763e-07,-0.0070645738
5.505763e-07,-0.007055239
5.506763e-07,-0.0070380055
5.507763e-07,-0.0070164637
5.508763e-07,-0.0069977941
5.509763e-07,-0.0069863051
5.510763e-07,-0.0069855871
5.511763e-07,-0.0069927677
5.512763e-07,-0.0070028205
5.513763e-07,-0.0070092831
5.514763e-07,-0.007007847
5.515763e-07,-0.0069970761
5.516763e-07,-0.0069812787
5.517763e-07,-0.0069633272
5.518763e-07,-0.0069482479
5.519763e-07,-0.0069381951
5.520763e-07,-0.0069324506
5.521763e-07,-0.0069288603
5.522763e-07,-0.0069259881
5.523763e-07,-0.0069238339
5.524763e-07,-0.0069209616
5.525763e-07,-0.0069173713
5.526763e-07,-0.006913781
5.527763e-07,-0.0069080365
5.528763e-07,-0.006901574
5.529763e-07,-0.0068943934
5.530763e-07,-0.006889367
5.531763e-07,-0.0068886489
5.532763e-07,-0.0068943934
5.533763e-07,-0.0069058824
5.534763e-07,-0.0069173713
5.535763e-07,-0.0069238339
5.536763e-07,-0.0069202436
5.537763e-07,-0.0069058824
5.538763e-07,-0.0068850586
5.539763e-07,-0.006866389
5.540763e-07,-0.0068563362
5.541763e-07,-0.0068599265
5.542763e-07,-0.0068735696
5.543763e-07,-0.006889367
5.544763e-07,-0.0068987017
5.545763e-07,-0.0068943934
5.546763e-07,-0.006877878
5.547763e-07,-0.0068563362
5.548763e-07,-0.0068398208
5.549763e-07,-0.0068369485
5.550763e-07,-0.0068498736
5.551763e-07,-0.0068721335
5.552763e-07,-0.0068943934
5.553763e-07,-0.0069058824
5.554763e-07,-0.006901574
5.555763e-07,-0.0068829044
5.556763e-07,-0.0068577723
5.557763e-07,-0.0068369485
5.558763e-07,-0.0068268957
5.559763e-07,-0.0068283318
5.560763e-07,-0.0068376666
5.561763e-07,-0.0068484375
5.562763e-07,-0.0068556181
5.563763e-07,-0.0068570542
5.564763e-07,-0.0068570542
5.565763e-07,-0.0068599265
5.566763e-07,-0.0068678251
5.567763e-07,-0.0068807502
5.568763e-07,-0.0068951114
5.569763e-07,-0.0069058824
5.570763e-07,-0.0069094727
5.571763e-07,-0.0069066004
5.572763e-07,-0.0069001379
5.573763e-07,-0.0068943934
5.574763e-07,-0.0068929573
5.575763e-07,-0.0068951114
5.576763e-07,-0.0069001379
5.577763e-07,-0.0069058824
5.578763e-07,-0.0069109088
5.579763e-07,-0.0069152171
5.580763e-07,-0.0069209616
5.581763e-07,-0.0069288603
5.582763e-07,-0.0069360409
5.583763e-07,-0.0069389131
5.584763e-07,-0.0069331687
5.585763e-07,-0.0069173713
5.586763e-07,-0.0068951114
5.587763e-07,-0.0068728516
5.588763e-07,-0.0068592084
5.589763e-07,-0.0068599265
5.590763e-07,-0.0068742877
5.591763e-07,-0.0068965476
5.592763e-07,-0.0069173713
5.593763e-07,-0.0069288603
5.594763e-07,-0.0069288603
5.595763e-07,-0.0069202436
5.596763e-07,-0.0069101907
5.597763e-07,-0.0069058824
5.598763e-07,-0.0069094727
5.599763e-07,-0.0069166533
5.600763e-07,-0.0069216797
5.601763e-07,-0.0069173713
5.602763e-07,-0.006901574
5.603763e-07,-0.0068793141
5.604763e-07,-0.0068584903
5.605763e-07,-0.0068484375
5.606763e-07,-0.0068534639
5.607763e-07,-0.0068714154
5.608763e-07,-0.0068922392
5.609763e-07,-0.0069058824
5.610763e-07,-0.0069051643
5.611763e-07,-0.0068908031
5.612763e-07,-0.0068685432
5.613763e-07,-0.0068484375
5.614763e-07,-0.0068391027
5.615763e-07,-0.0068434111
5.616763e-07,-0.0068563362
5.617763e-07,-0.0068714154
5.618763e-07,-0.0068793141
5.619763e-07,-0.0068764419
5.620763e-07,-0.0068642348
5.621763e-07,-0.0068484375
5.622763e-07,-0.0068362305
5.623763e-07,-0.0068326402
5.624763e-07,-0.0068376666
5.625763e-07,-0.0068484375
5.626763e-07,-0.0068606445
5.627763e-07,-0.0068721335
5.628763e-07,-0.0068829044
5.629763e-07,-0.0068943934
5.630763e-07,-0.0069094727
5.631763e-07,-0.0069288603
5.632763e-07,-0.0069482479
5.633763e-07,-0.0069633272
5.634763e-07,-0.0069690717
5.635763e-07,-0.0069647633
5.636763e-07,-0.0069525563
5.637763e-07,-0.0069403493
5.638763e-07,-0.0069353228
5.639763e-07,-0.0069417854
5.640763e-07,-0.006960455
5.641763e-07,-0.0069863051
5.642763e-07,-0.0070114373
5.643763e-07,-0.0070293888
5.644763e-07,-0.0070358513
5.645763e-07,-0.007032261
5.646763e-07,-0.0070236443
5.647763e-07,-0.0070164637
5.648763e-07,-0.0070150276
5.649763e-07,-0.0070207721
5.650763e-07,-0.007031543
5.651763e-07,-0.00704375
5.652763e-07,-0.0070516487
5.653763e-07,-0.007055239
5.654763e-07,-0.0070545209
5.655763e-07,-0.0070523667
5.656763e-07,-0.0070516487
5.657763e-07,-0.007055239
5.658763e-07,-0.0070609835
5.659763e-07,-0.007067446
5.660763e-07,-0.0070696002
5.661763e-07,-0.0070667279
5.662763e-07,-0.0070581112
5.663763e-07,-0.0070466222
5.664763e-07,-0.0070372875
5.665763e-07,-0.007032261
5.666763e-07,-0.0070344152
5.667763e-07,-0.0070415958
5.668763e-07,-0.0070502125
5.669763e-07,-0.007055239
5.670763e-07,-0.0070530848
5.671763e-07,-0.0070430319
5.672763e-07,-0.0070265165
5.673763e-07,-0.0070092831
5.674763e-07,-0.0069956399
5.675763e-07,-0.0069891774
5.676763e-07,-0.0069913316
5.677763e-07,-0.0069977941
5.678763e-07,-0.0070056928
5.679763e-07,-0.0070114373
5.680763e-07,-0.0070128734
5.681763e-07,-0.0070092831
5.682763e-07,-0.0070028205
5.683763e-07,-0.0069949219
5.684763e-07,-0.0069855871
5.685763e-07,-0.0069748162
5.686763e-07,-0.006960455
5.687763e-07,-0.0069410673
5.688763e-07,-0.0069180894
5.689763e-07,-0.0068943934
5.690763e-07,-0.0068757238
5.691763e-07,-0.0068649529
5.692763e-07,-0.0068649529
5.693763e-07,-0.0068714154
5.694763e-07,-0.0068793141
5.695763e-07,-0.0068821864
5.696763e-07,-0.0068757238
5.697763e-07,-0.0068599265
5.698763e-07,-0.0068391027
5.699763e-07,-0.006818997
5.700763e-07,-0.0068060719
5.701763e-07,-0.0068024816
5.702763e-07,-0.0068053539
5.703763e-07,-0.0068089442
5.704763e-07,-0.0068089442
5.705763e-07,-0.0068024816
5.706763e-07,-0.0067924288
5.707763e-07,-0.006783812
5.708763e-07,-0.0067823759
5.709763e-07,-0.0067909926
5.710763e-07,-0.0068082261
5.711763e-07,-0.0068276137
5.712763e-07,-0.006842693
5.713763e-07,-0.0068484375
5.714763e-07,-0.0068441291
5.715763e-07,-0.0068333582
5.716763e-07,-0.0068218693
5.717763e-07,-0.0068139706
5.718763e-07,-0.0068103803
5.719763e-07,-0.0068096622
5.720763e-07,-0.006807508
5.721763e-07,-0.0068024816
5.722763e-07,-0.0067960191
5.723763e-07,-0.0067931468
5.724763e-07,-0.0067988913
5.725763e-07,-0.0068139706
5.726763e-07,-0.0068355124
5.727763e-07,-0.0068549
5.728763e-07,-0.0068649529
5.729763e-07,-0.0068599265
5.730763e-07,-0.006842693
5.731763e-07,-0.0068204331
5.732763e-07,-0.0068046358
5.733763e-07,-0.0068024816
5.734763e-07,-0.0068154067
5.735763e-07,-0.0068383847
5.736763e-07,-0.0068599265
5.737763e-07,-0.0068714154
5.738763e-07,-0.0068685432
5.739763e-07,-0.006854182
5.740763e-07,-0.0068369485
5.741763e-07,-0.0068254596
5.742763e-07,-0.0068254596
5.743763e-07,-0.0068347943
5.744763e-07,-0.0068491556
5.745763e-07,-0.0068599265
5.746763e-07,-0.0068635168
5.747763e-07,-0.0068599265
5.748763e-07,-0.0068534639
5.749763e-07,-0.0068484375
5.750763e-07,-0.0068477194
5.751763e-07,-0.0068498736
5.752763e-07,-0.0068513097
5.753763e-07,-0.0068484375
5.754763e-07,-0.0068412569
5.755763e-07,-0.0068319221
5.756763e-07,-0.0068254596
5.757763e-07,-0.0068254596
5.758763e-07,-0.006831204
5.759763e-07,-0.0068383847
5.760763e-07,-0.0068412569
5.761763e-07,-0.0068369485
5.762763e-07,-0.0068261776
5.763763e-07,-0.0068146886
5.764763e-07,-0.0068096622
5.765763e-07,-0.0068139706
5.766763e-07,-0.0068261776
5.767763e-07,-0.0068391027
5.768763e-07,-0.0068448472
5.769763e-07,-0.0068369485
5.770763e-07,-0.006818279
5.771763e-07,-0.0067974552
5.772763e-07,-0.0067859662
5.773763e-07,-0.0067909926
5.774763e-07,-0.0068125345
5.775763e-07,-0.0068434111
5.776763e-07,-0.0068699793
5.777763e-07,-0.0068829044
5.778763e-07,-0.0068793141
5.779763e-07,-0.0068635168
5.780763e-07,-0.0068470014
5.781763e-07,-0.0068369485
5.782763e-07,-0.0068369485
5.783763e-07,-0.006842693
5.784763e-07,-0.0068455653
5.785763e-07,-0.0068369485
5.786763e-07,-0.0068168428
5.787763e-07,-0.0067917107
5.788763e-07,-0.0067730411
5.789763e-07,-0.0067680147
5.790763e-07,-0.0067802217
5.791763e-07,-0.0068024816
5.792763e-07,-0.0068247415
5.793763e-07,-0.0068369485
5.794763e-07,-0.0068355124
5.795763e-07,-0.0068247415
5.796763e-07,-0.0068146886
5.797763e-07,-0.0068139706
5.798763e-07,-0.0068240234
5.799763e-07,-0.0068398208
5.800763e-07,-0.0068505917
5.801763e-07,-0.0068484375
5.802763e-07,-0.0068326402
5.803763e-07,-0.0068096622
5.804763e-07,-0.0067924288
5.805763e-07,-0.0067909926
5.806763e-07,-0.0068053539
5.807763e-07,-0.0068276137
5.808763e-07,-0.006841975
5.809763e-07,-0.0068369485
5.810763e-07,-0.0068089442
5.811763e-07,-0.0067672966
5.812763e-07,-0.0067285214
5.813763e-07,-0.0067105699
5.814763e-07,-0.0067213408
5.815763e-07,-0.0067558077
5.816763e-07,-0.0067967371
5.817763e-07,-0.0068254596
5.818763e-07,-0.0068276137
5.819763e-07,-0.0068031997
5.820763e-07,-0.0067622702
5.821763e-07,-0.0067220588
5.822763e-07,-0.0066983628
5.823763e-07,-0.0066954906
5.824763e-07,-0.0067076976
5.825763e-07,-0.0067220588
5.826763e-07,-0.0067256491
5.827763e-07,-0.006712724
5.828763e-07,-0.0066847197
5.829763e-07,-0.006653125
5.830763e-07,-0.0066272748
5.831763e-07,-0.0066143497
5.832763e-07,-0.0066136317
5.833763e-07,-0.0066186581
5.834763e-07,-0.0066215303
5.835763e-07,-0.00661794
5.836763e-07,-0.0066078872
5.837763e-07,-0.0065956801
5.838763e-07,-0.0065856273
5.839763e-07,-0.0065813189
5.840763e-07,-0.006582037
5.841763e-07,-0.0065841912
5.842763e-07,-0.0065849092
5.843763e-07,-0.006582037
5.844763e-07,-0.0065777286
5.845763e-07,-0.0065727022
5.846763e-07,-0.0065691119
5.847763e-07,-0.0065655216
5.848763e-07,-0.0065597771
5.849763e-07,-0.0065497243
5.850763e-07,-0.0065367992
5.851763e-07,-0.0065245921
5.852763e-07,-0.0065195657
5.853763e-07,-0.0065267463
5.854763e-07,-0.0065475701
5.855763e-07,-0.0065770106
5.856763e-07,-0.0066078872
5.857763e-07,-0.0066301471
5.858763e-07,-0.0066394818
5.859763e-07,-0.0066366096
5.860763e-07,-0.0066272748
5.861763e-07,-0.0066186581
5.862763e-07,-0.00661794
5.863763e-07,-0.0066258387
5.864763e-07,-0.0066394818
5.865763e-07,-0.006653125
5.866763e-07,-0.0066610237
5.867763e-07,-0.0066624598
5.868763e-07,-0.0066581514
5.869763e-07,-0.006653125
5.870763e-07,-0.0066516889
5.871763e-07,-0.0066559972
5.872763e-07,-0.006665332
5.873763e-07,-0.0066761029
5.874763e-07,-0.0066861558
5.875763e-07,-0.0066933364
5.876763e-07,-0.0066976448
5.877763e-07,-0.0066990809
5.878763e-07,-0.0066983628
5.879763e-07,-0.0066962086
5.880763e-07,-0.0066926183
5.881763e-07,-0.0066875919
5.882763e-07,-0.0066847197
5.883763e-07,-0.0066868739
5.884763e-07,-0.0066954906
5.885763e-07,-0.0067105699
5.886763e-07,-0.0067285214
5.887763e-07,-0.0067428826
5.888763e-07,-0.0067493451
5.889763e-07,-0.0067450368
5.890763e-07,-0.0067328297
5.891763e-07,-0.0067191866
5.892763e-07,-0.0067105699
5.893763e-07,-0.0067105699
5.894763e-07,-0.0067184685
5.895763e-07,-0.0067292394
5.896763e-07,-0.006735702
5.897763e-07,-0.0067335478
5.898763e-07,-0.006724213
5.899763e-07,-0.006712724
5.900763e-07,-0.0067062615
5.901763e-07,-0.0067105699
5.902763e-07,-0.0067234949
5.903763e-07,-0.0067392923
5.904763e-07,-0.0067486271
5.905763e-07,-0.0067450368
5.906763e-07,-0.0067285214
5.907763e-07,-0.0067048254
5.908763e-07,-0.0066847197
5.909763e-07,-0.0066761029
5.910763e-07,-0.0066811294
5.911763e-07,-0.0066954906
5.912763e-07,-0.0067076976
5.913763e-07,-0.0067105699
5.914763e-07,-0.0066990809
5.915763e-07,-0.006676821
5.916763e-07,-0.0066545611
5.917763e-07,-0.006641636
5.918763e-07,-0.0066445083
5.919763e-07,-0.0066603056
5.920763e-07,-0.0066825655
5.921763e-07,-0.0066990809
5.922763e-07,-0.0067026712
5.923763e-07,-0.0066919003
5.924763e-07,-0.0066725126
5.925763e-07,-0.006653125
5.926763e-07,-0.006641636
5.927763e-07,-0.006641636
5.928763e-07,-0.0066509708
5.929763e-07,-0.006664614
5.930763e-07,-0.006676821
5.931763e-07,-0.0066840016
5.932763e-07,-0.0066868739
5.933763e-07,-0.0066875919
5.934763e-07,-0.0066875919
5.935763e-07,-0.0066875919
5.936763e-07,-0.0066847197
5.937763e-07,-0.0066761029
5.938763e-07,-0.0066617417
5.939763e-07,-0.0066445083
5.940763e-07,-0.0066287109
5.941763e-07,-0.0066186581
5.942763e-07,-0.006617222
5.943763e-07,-0.0066236845
5.944763e-07,-0.0066330193
5.945763e-07,-0.006641636
5.946763e-07,-0.0066459444
5.947763e-07,-0.0066459444
5.948763e-07,-0.0066437902
5.949763e-07,-0.006641636
5.950763e-07,-0.006640918
5.951763e-07,-0.0066401999
5.952763e-07,-0.0066366096
5.953763e-07,-0.0066301471
5.954763e-07,-0.0066208123
5.955763e-07,-0.0066114775
5.956763e-07,-0.006605733
5.957763e-07,-0.0066071691
5.958763e-07,-0.0066136317
5.959763e-07,-0.0066222484
5.960763e-07,-0.0066287109
5.961763e-07,-0.0066301471
5.962763e-07,-0.0066287109
5.963763e-07,-0.0066287109
5.964763e-07,-0.0066358915
5.965763e-07,-0.006653125
5.966763e-07,-0.0066782571
5.967763e-07,-0.0067048254
5.968763e-07,-0.0067249311
5.969763e-07,-0.0067335478
5.970763e-07,-0.0067313936
5.971763e-07,-0.006724213
5.972763e-07,-0.0067191866
5.973763e-07,-0.0067220588
5.974763e-07,-0.0067328297
5.975763e-07,-0.006747909
5.976763e-07,-0.0067608341
5.977763e-07,-0.0067680147
5.978763e-07,-0.0067701689
5.979763e-07,-0.0067730411
5.980763e-07,-0.006783094
5.981763e-07,-0.0068024816
5.982763e-07,-0.0068283318
5.983763e-07,-0.0068505917
5.984763e-07,-0.0068592084
5.985763e-07,-0.0068484375
5.986763e-07,-0.0068204331
5.987763e-07,-0.0067874023
5.988763e-07,-0.0067622702
5.989763e-07,-0.0067565257
5.990763e-07,-0.006771605
5.991763e-07,-0.0067996094
5.992763e-07,-0.0068254596
5.993763e-07,-0.0068369485
5.994763e-07,-0.0068283318
5.995763e-07,-0.0068053539
5.996763e-07,-0.0067809398
5.997763e-07,-0.0067680147
5.998763e-07,-0.0067730411
5.999763e-07,-0.0067924288
6.000763e-07,-0.0068146886
6.001763e-07,-0.0068254596
6.002763e-07,-0.0068161248
6.003763e-07,-0.0067881204
6.004763e-07,-0.0067514993
6.005763e-07,-0.0067220588
6.006763e-07,-0.0067105699
6.007763e-07,-0.0067191866
6.008763e-07,-0.0067428826
6.009763e-07,-0.0067680147
6.010763e-07,-0.006783812
6.011763e-07,-0.0067852482
6.012763e-07,-0.0067730411
6.013763e-07,-0.0067565257
6.014763e-07,-0.0067436006
6.015763e-07,-0.0067407284
6.016763e-07,-0.0067464729
6.017763e-07,-0.0067565257
6.018763e-07,-0.0067651425
6.019763e-07,-0.0067694508
6.020763e-07,-0.0067694508
6.021763e-07,-0.0067680147
6.022763e-07,-0.0067680147
6.023763e-07,-0.006771605
6.024763e-07,-0.0067759134
6.025763e-07,-0.0067795037
6.026763e-07,-0.0067802217
6.027763e-07,-0.0067802217
6.028763e-07,-0.0067823759
6.029763e-07,-0.0067909926
6.030763e-07,-0.0068089442
6.031763e-07,-0.0068340763
6.032763e-07,-0.0068606445
6.033763e-07,-0.0068829044
6.034763e-07,-0.0068958295
6.035763e-07,-0.0068994198
6.036763e-07,-0.0068972656
6.037763e-07,-0.0068943934
6.038763e-07,-0.0068965476
6.039763e-07,-0.0069044462
6.040763e-07,-0.0069166533
6.041763e-07,-0.0069288603
6.042763e-07,-0.006936759
6.043763e-07,-0.0069396312
6.044763e-07,-0.0069396312
6.045763e-07,-0.0069403493
6.046763e-07,-0.0069460937
6.047763e-07,-0.0069575827
6.048763e-07,-0.006972662
6.049763e-07,-0.0069863051
6.050763e-07,-0.0069956399
6.051763e-07,-0.0069977941
6.052763e-07,-0.0069934858
6.053763e-07,-0.0069863051
6.054763e-07,-0.0069791245
6.055763e-07,-0.0069748162
6.056763e-07,-0.0069733801
6.057763e-07,-0.0069748162
6.058763e-07,-0.0069784065
6.059763e-07,-0.006984869
6.060763e-07,-0.0069949219
6.061763e-07,-0.0070092831
6.062763e-07,-0.0070286707
6.063763e-07,-0.0070509306
6.064763e-07,-0.0070717544
6.065763e-07,-0.0070897059
6.066763e-07,-0.0071011949
6.067763e-07,-0.0071076574
6.068763e-07,-0.0071105296
6.069763e-07,-0.0071126838
6.070763e-07,-0.0071162741
6.071763e-07,-0.0071220186
6.072763e-07,-0.0071291992
6.073763e-07,-0.0071356618
6.074763e-07,-0.0071406882
6.075763e-07,-0.0071457146
6.076763e-07,-0.0071514591
6.077763e-07,-0.0071586397
6.078763e-07,-0.0071679745
6.079763e-07,-0.0071765912
6.080763e-07,-0.0071823357
6.081763e-07,-0.0071816176
6.082763e-07,-0.007173719
6.083763e-07,-0.0071607939
6.084763e-07,-0.0071464327
6.085763e-07,-0.0071356618
6.086763e-07,-0.0071313534
6.087763e-07,-0.0071335076
6.088763e-07,-0.0071399701
6.089763e-07,-0.0071471507
6.090763e-07,-0.007150741
6.091763e-07,-0.007150023
6.092763e-07,-0.0071442785
6.093763e-07,-0.0071356618
6.094763e-07,-0.0071277631
6.095763e-07,-0.0071220186
6.096763e-07,-0.0071213006
6.097763e-07,-0.0071241728
6.098763e-07,-0.0071306353
6.099763e-07,-0.0071399701
6.100763e-07,-0.007150023
6.101763e-07,-0.0071586397
6.102763e-07,-0.0071643842
6.103763e-07,-0.0071665384
6.104763e-07,-0.0071636661
6.105763e-07,-0.0071586397
6.106763e-07,-0.0071536133
6.107763e-07,-0.007150741
6.108763e-07,-0.0071528952
6.109763e-07,-0.0071586397
6.110763e-07,-0.0071643842
6.111763e-07,-0.0071658203
6.112763e-07,-0.0071607939
6.113763e-07,-0.0071471507
6.114763e-07,-0.0071284812
6.115763e-07,-0.0071105296
6.116763e-07,-0.0070961684
6.117763e-07,-0.0070897059
6.118763e-07,-0.0070889878
6.119763e-07,-0.007091142
6.120763e-07,-0.0070918601
6.121763e-07,-0.0070897059
6.122763e-07,-0.0070846795
6.123763e-07,-0.007079653
6.124763e-07,-0.0070767808
6.125763e-07,-0.0070782169
6.126763e-07,-0.0070803711
6.127763e-07,-0.007078935
6.128763e-07,-0.0070710363
6.129763e-07,-0.007055239
6.130763e-07,-0.0070351333
6.131763e-07,-0.0070178998
6.132763e-07,-0.007008565
6.133763e-07,-0.0070092831
6.134763e-07,-0.0070171818
6.135763e-07,-0.0070250804
6.136763e-07,-0.0070272346
6.137763e-07,-0.0070207721
6.138763e-07,-0.0070092831
6.139763e-07,-0.0070013844
6.140763e-07,-0.0070035386
6.141763e-07,-0.0070207721
6.142763e-07,-0.0070487764
6.143763e-07,-0.0070767808
6.144763e-07,-0.0070925781
6.145763e-07,-0.0070897059
6.146763e-07,-0.007067446
6.147763e-07,-0.0070344152
6.148763e-07,-0.0070035386
6.149763e-07,-0.0069863051
6.150763e-07,-0.0069863051
6.151763e-07,-0.0069985122
6.152763e-07,-0.0070135915
6.153763e-07,-0.0070207721
6.154763e-07,-0.0070150276
6.155763e-07,-0.0069999483
6.156763e-07,-0.0069834329
6.157763e-07,-0.0069748162
6.158763e-07,-0.0069791245
6.159763e-07,-0.0069934858
6.160763e-07,-0.0070107192
6.161763e-07,-0.0070207721
6.162763e-07,-0.0070193359
6.163763e-07,-0.007008565
6.164763e-07,-0.0069942038
6.165763e-07,-0.0069863051
6.166763e-07,-0.0069891774
6.167763e-07,-0.0070028205
6.168763e-07,-0.007020054
6.169763e-07,-0.007032261
6.170763e-07,-0.0070336972
6.171763e-07,-0.0070250804
6.172763e-07,-0.0070100011
6.173763e-07,-0.0069977941
6.174763e-07,-0.0069934858
6.175763e-07,-0.0069985122
6.176763e-07,-0.0070092831
6.177763e-07,-0.0070207721
6.178763e-07,-0.0070286707
6.179763e-07,-0.0070336972
6.180763e-07,-0.0070372875
6.181763e-07,-0.00704375
6.182763e-07,-0.007055239
6.183763e-07,-0.0070681641
6.184763e-07,-0.0070774989
6.185763e-07,-0.0070782169
6.186763e-07,-0.0070667279
6.187763e-07,-0.0070473403
6.188763e-07,-0.0070250804
6.189763e-07,-0.0070092831
6.190763e-07,-0.0070035386
6.191763e-07,-0.007007847
6.192763e-07,-0.0070164637
6.193763e-07,-0.0070207721
6.194763e-07,-0.0070164637
6.195763e-07,-0.0070042567
6.196763e-07,-0.0069877413
6.197763e-07,-0.0069748162
6.198763e-07,-0.0069697898
6.199763e-07,-0.0069740981
6.200763e-07,-0.0069819968
6.201763e-07,-0.0069863051
6.202763e-07,-0.0069819968
6.203763e-07,-0.0069676356
6.204763e-07,-0.0069475299
6.205763e-07,-0.0069288603
6.206763e-07,-0.0069195255
6.207763e-07,-0.0069216797
6.208763e-07,-0.0069353228
6.209763e-07,-0.0069518382
6.210763e-07,-0.0069640453
6.211763e-07,-0.0069654814
6.212763e-07,-0.0069532744
6.213763e-07,-0.0069288603
6.214763e-07,-0.0068979837
6.215763e-07,-0.0068671071
6.216763e-07,-0.006841975
6.217763e-07,-0.0068254596
6.218763e-07,-0.0068204331
6.219763e-07,-0.0068261776
6.220763e-07,-0.0068405388
6.221763e-07,-0.0068599265
6.222763e-07,-0.0068793141
6.223763e-07,-0.0068936753
6.224763e-07,-0.0068987017
6.225763e-07,-0.0068943934
6.226763e-07,-0.0068821864
6.227763e-07,-0.0068692613
6.228763e-07,-0.0068599265
6.229763e-07,-0.0068599265
6.230763e-07,-0.0068692613
6.231763e-07,-0.0068843405
6.232763e-07,-0.0068987017
6.233763e-07,-0.0069058824
6.234763e-07,-0.0069037282
6.235763e-07,-0.0068929573
6.236763e-07,-0.0068800322
6.237763e-07,-0.0068714154
6.238763e-07,-0.0068714154
6.239763e-07,-0.0068821864
6.240763e-07,-0.0068987017
6.241763e-07,-0.0069173713
6.242763e-07,-0.0069317325
6.243763e-07,-0.0069396312
6.244763e-07,-0.0069417854
6.245763e-07,-0.0069403493
6.246763e-07,-0.0069403493
6.247763e-07,-0.0069439396
6.248763e-07,-0.0069518382
6.249763e-07,-0.0069633272
6.250763e-07,-0.0069762523
6.251763e-07,-0.0069891774
6.252763e-07,-0.0069999483
6.253763e-07,-0.0070092831
6.254763e-07,-0.0070157456
6.255763e-07,-0.0070207721
6.256763e-07,-0.0070222082
6.257763e-07,-0.0070207721
6.258763e-07,-0.0070171818
6.259763e-07,-0.0070114373
6.260763e-07,-0.0070049747
6.261763e-07,-0.0069977941
6.262763e-07,-0.0069898955
6.263763e-07,-0.0069819968
6.264763e-07,-0.006972662
6.265763e-07,-0.0069633272
6.266763e-07,-0.0069561466
6.267763e-07,-0.0069518382
6.268763e-07,-0.0069511202
6.269763e-07,-0.0069518382
6.270763e-07,-0.0069504021
6.271763e-07,-0.0069432215
6.272763e-07,-0.0069274242
6.273763e-07,-0.0069058824
6.274763e-07,-0.0068836225
6.275763e-07,-0.0068671071
6.276763e-07,-0.0068627987
6.277763e-07,-0.0068714154
6.278763e-07,-0.006889367
6.279763e-07,-0.0069073185
6.280763e-07,-0.0069188074
6.281763e-07,-0.0069173713
6.282763e-07,-0.0069037282
6.283763e-07,-0.0068821864
6.284763e-07,-0.0068620807
6.285763e-07,-0.0068484375
6.286763e-07,-0.0068434111
6.287763e-07,-0.0068448472
6.288763e-07,-0.0068477194
6.289763e-07,-0.0068484375
6.290763e-07,-0.0068455653
6.291763e-07,-0.006841975
6.292763e-07,-0.006841975
6.293763e-07,-0.0068484375
6.294763e-07,-0.0068606445
6.295763e-07,-0.0068735696
6.296763e-07,-0.0068821864
6.297763e-07,-0.0068829044
6.298763e-07,-0.0068764419
6.299763e-07,-0.0068685432
6.300763e-07,-0.0068649529
6.301763e-07,-0.0068714154
6.302763e-07,-0.0068864947
6.303763e-07,-0.0069044462
6.304763e-07,-0.0069166533
6.305763e-07,-0.0069173713
6.306763e-07,-0.0069044462
6.307763e-07,-0.0068829044
6.308763e-07,-0.0068620807
6.309763e-07,-0.0068484375
6.310763e-07,-0.0068470014
6.311763e-07,-0.0068556181
6.312763e-07,-0.0068699793
6.313763e-07,-0.0068829044
6.314763e-07,-0.0068922392
6.315763e-07,-0.0068994198
6.316763e-07,-0.0069066004
6.317763e-07,-0.0069173713
6.318763e-07,-0.0069302964
6.319763e-07,-0.0069417854
6.320763e-07,-0.0069460937
6.321763e-07,-0.0069403493
6.322763e-07,-0.0069274242
6.323763e-07,-0.006913781
6.324763e-07,-0.0069087546
6.325763e-07,-0.0069173713
6.326763e-07,-0.0069396312
6.327763e-07,-0.0069669175
6.328763e-07,-0.0069891774
6.329763e-07,-0.0069977941
6.330763e-07,-0.0069891774
6.331763e-07,-0.0069683536
6.332763e-07,-0.0069453757
6.333763e-07,-0.0069288603
6.334763e-07,-0.0069231158
6.335763e-07,-0.00692527
6.336763e-07,-0.0069295784
6.337763e-07,-0.0069288603
6.338763e-07,-0.0069216797
6.339763e-07,-0.0069109088
6.340763e-07,-0.0069037282
6.341763e-07,-0.0069058824
6.342763e-07,-0.0069188074
6.343763e-07,-0.0069360409
6.344763e-07,-0.0069496841
6.345763e-07,-0.0069518382
6.346763e-07,-0.0069396312
6.347763e-07,-0.0069188074
6.348763e-07,-0.0068965476
6.349763e-07,-0.0068829044
6.350763e-07,-0.0068807502
6.351763e-07,-0.0068886489
6.352763e-07,-0.0068994198
6.353763e-07,-0.0069058824
6.354763e-07,-0.0069058824
6.355763e-07,-0.0069030101
6.356763e-07,-0.006901574
6.357763e-07,-0.0069058824
6.358763e-07,-0.0069152171
6.359763e-07,-0.0069238339
6.360763e-07,-0.0069223977
6.361763e-07,-0.0069058824
6.362763e-07,-0.0068764419
6.363763e-07,-0.0068441291
6.364763e-07,-0.0068197151
6.365763e-07,-0.0068139706
6.366763e-07,-0.0068268957
6.367763e-07,-0.0068498736
6.368763e-07,-0.0068692613
6.369763e-07,-0.0068714154
6.370763e-07,-0.0068520278
6.371763e-07,-0.0068168428
6.372763e-07,-0.0067802217
6.373763e-07,-0.0067565257
6.374763e-07,-0.0067536535
6.375763e-07,-0.0067694508
6.376763e-07,-0.0067938649
6.377763e-07,-0.0068139706
6.378763e-07,-0.0068197151
6.379763e-07,-0.0068110983
6.380763e-07,-0.006794583
6.381763e-07,-0.0067795037
6.382763e-07,-0.0067737592
6.383763e-07,-0.0067773495
6.384763e-07,-0.0067859662
6.385763e-07,-0.0067909926
6.386763e-07,-0.0067874023
6.387763e-07,-0.0067759134
6.388763e-07,-0.0067629883
6.389763e-07,-0.0067565257
6.390763e-07,-0.006760116
6.391763e-07,-0.006771605
6.392763e-07,-0.0067845301
6.393763e-07,-0.0067909926
6.394763e-07,-0.0067852482
6.395763e-07,-0.0067708869
6.396763e-07,-0.0067543716
6.397763e-07,-0.0067450368
6.398763e-07,-0.0067493451
6.399763e-07,-0.0067658605
6.400763e-07,-0.0067866843
6.401763e-07,-0.0068024816
6.402763e-07,-0.0068060719
6.403763e-07,-0.0067974552
6.404763e-07,-0.0067816579
6.405763e-07,-0.0067680147
6.406763e-07,-0.0067629883
6.407763e-07,-0.0067680147
6.408763e-07,-0.0067802217
6.409763e-07,-0.0067909926
6.410763e-07,-0.006795301
6.411763e-07,-0.0067917107
6.412763e-07,-0.0067845301
6.413763e-07,-0.0067795037
6.414763e-07,-0.0067816579
6.415763e-07,-0.0067909926
6.416763e-07,-0.0068046358
6.417763e-07,-0.0068139706
6.418763e-07,-0.0068146886
6.419763e-07,-0.0068060719
6.420763e-07,-0.0067917107
6.421763e-07,-0.0067795037
6.422763e-07,-0.0067759134
6.423763e-07,-0.006783812
6.424763e-07,-0.0068017636
6.425763e-07,-0.0068254596
6.426763e-07,-0.0068491556
6.427763e-07,-0.0068685432
6.428763e-07,-0.0068829044
6.429763e-07,-0.0068943934
6.430763e-07,-0.0069051643
6.431763e-07,-0.0069166533
6.432763e-07,-0.0069288603
6.433763e-07,-0.0069403493
6.434763e-07,-0.0069504021
6.435763e-07,-0.006960455
6.436763e-07,-0.0069719439
6.437763e-07,-0.0069863051
6.438763e-07,-0.0070049747
6.439763e-07,-0.0070243624
6.440763e-07,-0.0070423139
6.441763e-07,-0.007055239
6.442763e-07,-0.0070617015
6.443763e-07,-0.0070624196
6.444763e-07,-0.0070631376
6.445763e-07,-0.0070667279
6.446763e-07,-0.0070760627
6.447763e-07,-0.007091142
6.448763e-07,-0.0071090935
6.449763e-07,-0.0071241728
6.450763e-07,-0.0071349437
6.451763e-07,-0.0071392521
6.452763e-07,-0.007138534
6.453763e-07,-0.0071356618
6.454763e-07,-0.0071313534
6.455763e-07,-0.007126327
6.456763e-07,-0.0071198644
6.457763e-07,-0.0071126838
6.458763e-07,-0.0071047852
6.459763e-07,-0.0070997587
6.460763e-07,-0.0070983226
6.461763e-07,-0.0071011949
6.462763e-07,-0.0071062213
6.463763e-07,-0.0071090935
6.464763e-07,-0.0071047852
6.465763e-07,-0.0070897059
6.466763e-07,-0.0070652918
6.467763e-07,-0.0070372875
6.468763e-07,-0.0070128734
6.469763e-07,-0.0069977941
6.470763e-07,-0.0069949219
6.471763e-07,-0.0070021025
6.472763e-07,-0.0070128734
6.473763e-07,-0.0070207721
6.474763e-07,-0.0070207721
6.475763e-07,-0.0070128734
6.476763e-07,-0.0069999483
6.477763e-07,-0.0069863051
6.478763e-07,-0.0069748162
6.479763e-07,-0.0069661994
6.480763e-07,-0.0069590188
6.481763e-07,-0.0069518382
6.482763e-07,-0.0069432215
6.483763e-07,-0.0069353228
6.484763e-07,-0.0069295784
6.485763e-07,-0.0069288603
6.486763e-07,-0.0069331687
6.487763e-07,-0.0069396312
6.488763e-07,-0.0069432215
6.489763e-07,-0.0069403493
6.490763e-07,-0.0069295784
6.491763e-07,-0.006913063
6.492763e-07,-0.0068958295
6.493763e-07,-0.0068829044
6.494763e-07,-0.0068764419
6.495763e-07,-0.0068771599
6.496763e-07,-0.0068800322
6.497763e-07,-0.0068829044
6.498763e-07,-0.0068814683
6.499763e-07,-0.0068764419
6.500763e-07,-0.0068678251
6.501763e-07,-0.0068599265
6.502763e-07,-0.0068534639
6.503763e-07,-0.0068477194
6.504763e-07,-0.006842693
6.505763e-07,-0.0068369485
6.506763e-07,-0.006830486
6.507763e-07,-0.0068247415
6.508763e-07,-0.0068225873
6.509763e-07,-0.0068254596
6.510763e-07,-0.0068326402
6.511763e-07,-0.0068405388
6.512763e-07,-0.0068462833
6.513763e-07,-0.0068484375
6.514763e-07,-0.0068470014
6.515763e-07,-0.0068441291
6.516763e-07,-0.0068441291
6.517763e-07,-0.0068484375
6.518763e-07,-0.0068556181
6.519763e-07,-0.0068627987
6.520763e-07,-0.0068642348
6.521763e-07,-0.0068599265
6.522763e-07,-0.0068513097
6.523763e-07,-0.006842693
6.524763e-07,-0.0068412569
6.525763e-07,-0.0068484375
6.526763e-07,-0.0068627987
6.527763e-07,-0.006877878
6.528763e-07,-0.0068864947
6.529763e-07,-0.0068829044
6.530763e-07,-0.0068678251
6.531763e-07,-0.0068455653
6.532763e-07,-0.0068261776
6.533763e-07,-0.0068139706
6.534763e-07,-0.0068118164
6.535763e-07,-0.0068154067
6.536763e-07,-0.0068175609
6.537763e-07,-0.0068139706
6.538763e-07,-0.0068024816
6.539763e-07,-0.0067866843
6.540763e-07,-0.0067737592
6.541763e-07,-0.0067680147
6.542763e-07,-0.006771605
6.543763e-07,-0.0067809398
6.544763e-07,-0.0067895565
6.545763e-07,-0.0067909926
6.546763e-07,-0.0067845301
6.547763e-07,-0.0067723231
6.548763e-07,-0.0067615522
6.549763e-07,-0.0067565257
6.550763e-07,-0.0067586799
6.551763e-07,-0.0067651425
6.552763e-07,-0.0067694508
6.553763e-07,-0.0067680147
6.554763e-07,-0.0067608341
6.555763e-07,-0.0067522174
6.556763e-07,-0.0067493451
6.557763e-07,-0.0067565257
6.558763e-07,-0.0067730411
6.559763e-07,-0.0067924288
6.560763e-07,-0.0068082261
6.561763e-07,-0.0068139706
6.562763e-07,-0.0068096622
6.563763e-07,-0.0068017636
6.564763e-07,-0.0067974552
6.565763e-07,-0.0068024816
6.566763e-07,-0.0068168428
6.567763e-07,-0.0068347943
6.568763e-07,-0.0068470014
6.569763e-07,-0.0068484375
6.570763e-07,-0.0068391027
6.571763e-07,-0.0068254596
6.572763e-07,-0.006818997
6.573763e-07,-0.0068254596
6.574763e-07,-0.0068462833
6.575763e-07,-0.0068735696
6.576763e-07,-0.0068965476
6.577763e-07,-0.0069058824
6.578763e-07,-0.0069008559
6.579763e-07,-0.0068879308
6.580763e-07,-0.0068793141
6.581763e-07,-0.0068829044
6.582763e-07,-0.006901574
6.583763e-07,-0.0069274242
6.584763e-07,-0.0069482479
6.585763e-07,-0.0069518382
6.586763e-07,-0.0069338867
6.587763e-07,-0.0069001379
6.588763e-07,-0.0068627987
6.589763e-07,-0.0068369485
6.590763e-07,-0.0068297679
6.591763e-07,-0.0068398208
6.592763e-07,-0.0068570542
6.593763e-07,-0.0068714154
6.594763e-07,-0.0068742877
6.595763e-07,-0.0068649529
6.596763e-07,-0.0068498736
6.597763e-07,-0.0068369485
6.598763e-07,-0.006831204
6.599763e-07,-0.006831204
6.600763e-07,-0.006831204
6.601763e-07,-0.0068254596
6.602763e-07,-0.0068110983
6.603763e-07,-0.0067909926
6.604763e-07,-0.0067744773
6.605763e-07,-0.0067680147
6.606763e-07,-0.0067744773
6.607763e-07,-0.0067888385
6.608763e-07,-0.0068010455
6.609763e-07,-0.0068024816
6.610763e-07,-0.0067895565
6.611763e-07,-0.0067658605
6.612763e-07,-0.0067436006
6.613763e-07,-0.0067335478
6.614763e-07,-0.0067407284
6.615763e-07,-0.0067615522
6.616763e-07,-0.0067859662
6.617763e-07,-0.0068024816
6.618763e-07,-0.0068031997
6.619763e-07,-0.0067895565
6.620763e-07,-0.0067701689
6.621763e-07,-0.0067565257
6.622763e-07,-0.0067565257
6.623763e-07,-0.006771605
6.624763e-07,-0.0067938649
6.625763e-07,-0.0068139706
6.626763e-07,-0.0068233054
6.627763e-07,-0.0068204331
6.628763e-07,-0.0068103803
6.629763e-07,-0.0068024816
6.630763e-07,-0.0068039177
6.631763e-07,-0.0068168428
6.632763e-07,-0.0068383847
6.633763e-07,-0.0068599265
6.634763e-07,-0.0068757238
6.635763e-07,-0.0068836225
6.636763e-07,-0.0068843405
6.637763e-07,-0.0068829044
6.638763e-07,-0.0068836225
6.639763e-07,-0.0068872128
6.640763e-07,-0.0068922392
6.641763e-07,-0.0068943934
6.642763e-07,-0.0068922392
6.643763e-07,-0.0068850586
6.644763e-07,-0.0068771599
6.645763e-07,-0.0068714154
6.646763e-07,-0.0068699793
6.647763e-07,-0.0068728516
6.648763e-07,-0.006877878
6.649763e-07,-0.0068829044
6.650763e-07,-0.0068872128
6.651763e-07,-0.0068929573
6.652763e-07,-0.0069030101
6.653763e-07,-0.0069173713
6.654763e-07,-0.0069346048
6.655763e-07,-0.006948966
6.656763e-07,-0.0069554285
6.657763e-07,-0.0069518382
6.658763e-07,-0.0069403493
6.659763e-07,-0.0069267061
6.660763e-07,-0.0069180894
6.661763e-07,-0.0069173713
6.662763e-07,-0.0069223977
6.663763e-07,-0.0069259881
6.664763e-07,-0.0069216797
6.665763e-07,-0.0069058824
6.666763e-07,-0.0068814683
6.667763e-07,-0.0068577723
6.668763e-07,-0.0068455653
6.669763e-07,-0.0068484375
6.670763e-07,-0.0068649529
6.671763e-07,-0.0068836225
6.672763e-07,-0.0068929573
6.673763e-07,-0.0068829044
6.674763e-07,-0.0068549
6.675763e-07,-0.0068197151
6.676763e-07,-0.0067902746
6.677763e-07,-0.0067795037
6.678763e-07,-0.0067902746
6.679763e-07,-0.0068161248
6.680763e-07,-0.0068434111
6.681763e-07,-0.0068599265
6.682763e-07,-0.0068599265
6.683763e-07,-0.0068470014
6.684763e-07,-0.0068319221
6.685763e-07,-0.0068254596
6.686763e-07,-0.0068326402
6.687763e-07,-0.0068491556
6.688763e-07,-0.006865671
6.689763e-07,-0.0068714154
6.690763e-07,-0.0068620807
6.691763e-07,-0.0068405388
6.692763e-07,-0.0068168428
6.693763e-07,-0.0068024816
6.694763e-07,-0.0068017636
6.695763e-07,-0.0068110983
6.696763e-07,-0.0068225873
6.697763e-07,-0.0068254596
6.698763e-07,-0.0068154067
6.699763e-07,-0.006795301
6.700763e-07,-0.0067759134
6.701763e-07,-0.0067680147
6.702763e-07,-0.0067773495
6.703763e-07,-0.0068003274
6.704763e-07,-0.0068283318
6.705763e-07,-0.0068484375
6.706763e-07,-0.0068520278
6.707763e-07,-0.0068391027
6.708763e-07,-0.0068154067
6.709763e-07,-0.0067909926
6.710763e-07,-0.0067737592
6.711763e-07,-0.0067665786
6.712763e-07,-0.0067665786
6.713763e-07,-0.0067680147
6.714763e-07,-0.0067672966
6.715763e-07,-0.0067651425
6.716763e-07,-0.0067644244
6.717763e-07,-0.0067680147
6.718763e-07,-0.0067780676
6.719763e-07,-0.0067902746
6.720763e-07,-0.0067996094
6.721763e-07,-0.0068024816
6.722763e-07,-0.0067981733
6.723763e-07,-0.0067909926
6.724763e-07,-0.0067874023
6.725763e-07,-0.0067909926
6.726763e-07,-0.0068010455
6.727763e-07,-0.0068096622
6.728763e-07,-0.0068082261
6.729763e-07,-0.0067909926
6.730763e-07,-0.0067608341
6.731763e-07,-0.0067285214
6.732763e-07,-0.0067084157
6.733763e-07,-0.0067105699
6.734763e-07,-0.0067371381
6.735763e-07,-0.0067795037
6.736763e-07,-0.0068218693
6.737763e-07,-0.0068484375
6.738763e-07,-0.0068520278
6.739763e-07,-0.0068355124
6.740763e-07,-0.0068103803
6.741763e-07,-0.0067909926
6.742763e-07,-0.0067859662
6.743763e-07,-0.006795301
6.744763e-07,-0.0068118164
6.745763e-07,-0.0068254596
6.746763e-07,-0.0068283318
6.747763e-07,-0.0068204331
6.748763e-07,-0.0068089442
6.749763e-07,-0.0068024816
6.750763e-07,-0.00680679
6.751763e-07,-0.0068204331
6.752763e-07,-0.0068376666
6.753763e-07,-0.0068484375
6.754763e-07,-0.0068470014
6.755763e-07,-0.0068347943
6.756763e-07,-0.0068168428
6.757763e-07,-0.0068024816
6.758763e-07,-0.0067981733
6.759763e-07,-0.0068031997
6.760763e-07,-0.0068146886
6.761763e-07,-0.0068254596
6.762763e-07,-0.006831204
6.763763e-07,-0.0068319221
6.764763e-07,-0.0068326402
6.765763e-07,-0.0068369485
6.766763e-07,-0.0068477194
6.767763e-07,-0.0068613626
6.768763e-07,-0.0068714154
6.769763e-07,-0.0068714154
6.770763e-07,-0.0068592084
6.771763e-07,-0.0068383847
6.772763e-07,-0.0068161248
6.773763e-07,-0.0068024816
6.774763e-07,-0.0068010455
6.775763e-07,-0.0068103803
6.776763e-07,-0.0068247415
6.777763e-07,-0.0068369485
6.778763e-07,-0.006841975
6.779763e-07,-0.0068405388
6.780763e-07,-0.0068376666
6.781763e-07,-0.0068369485
6.782763e-07,-0.0068412569
6.783763e-07,-0.0068484375
6.784763e-07,-0.0068527459
6.785763e-07,-0.0068484375
6.786763e-07,-0.0068355124
6.787763e-07,-0.0068168428
6.788763e-07,-0.0067996094
6.789763e-07,-0.0067909926
6.790763e-07,-0.0067931468
6.791763e-07,-0.0068039177
6.792763e-07,-0.0068161248
6.793763e-07,-0.0068254596
6.794763e-07,-0.0068290499
6.795763e-07,-0.0068283318
6.796763e-07,-0.0068297679
6.797763e-07,-0.0068369485
6.798763e-07,-0.0068491556
6.799763e-07,-0.0068613626
6.800763e-07,-0.006866389
6.801763e-07,-0.0068599265
6.802763e-07,-0.006842693
6.803763e-07,-0.0068204331
6.804763e-07,-0.0068046358
6.805763e-07,-0.0068024816
6.806763e-07,-0.0068154067
6.807763e-07,-0.0068369485
6.808763e-07,-0.0068592084
6.809763e-07,-0.0068714154
6.810763e-07,-0.0068714154
6.811763e-07,-0.0068627987
6.812763e-07,-0.0068527459
6.813763e-07,-0.0068484375
6.814763e-07,-0.0068527459
6.815763e-07,-0.0068606445
6.816763e-07,-0.0068649529
6.817763e-07,-0.0068599265
6.818763e-07,-0.0068441291
6.819763e-07,-0.0068233054
6.820763e-07,-0.006807508
6.821763e-07,-0.0068024816
6.822763e-07,-0.0068103803
6.823763e-07,-0.0068254596
6.824763e-07,-0.0068369485
6.825763e-07,-0.0068369485
6.826763e-07,-0.0068247415
6.827763e-07,-0.0068060719
6.828763e-07,-0.0067917107
6.829763e-07,-0.0067909926
6.830763e-07,-0.0068060719
6.831763e-07,-0.006830486
6.832763e-07,-0.0068520278
6.833763e-07,-0.0068599265
6.834763e-07,-0.0068491556
6.835763e-07,-0.0068240234
6.836763e-07,-0.0067967371
6.837763e-07,-0.0067795037
6.838763e-07,-0.0067787856
6.839763e-07,-0.0067917107
6.840763e-07,-0.0068110983
6.841763e-07,-0.0068254596
6.842763e-07,-0.0068290499
6.843763e-07,-0.0068233054
6.844763e-07,-0.0068154067
6.845763e-07,-0.0068139706
6.846763e-07,-0.0068225873
6.847763e-07,-0.0068391027
6.848763e-07,-0.006854182
6.849763e-07,-0.0068599265
6.850763e-07,-0.0068534639
6.851763e-07,-0.0068383847
6.852763e-07,-0.0068254596
6.853763e-07,-0.0068254596
6.854763e-07,-0.0068434111
6.855763e-07,-0.0068757238
6.856763e-07,-0.0069123449
6.857763e-07,-0.0069403493
6.858763e-07,-0.0069518382
6.859763e-07,-0.0069460937
6.860763e-07,-0.0069310145
6.861763e-07,-0.0069173713
6.862763e-07,-0.0069144991
6.863763e-07,-0.0069238339
6.864763e-07,-0.0069425034
6.865763e-07,-0.0069633272
6.866763e-07,-0.0069791245
6.867763e-07,-0.0069877413
6.868763e-07,-0.0069927677
6.869763e-07,-0.0069977941
6.870763e-07,-0.0070064108
6.871763e-07,-0.0070178998
6.872763e-07,-0.0070279527
6.873763e-07,-0.007032261
6.874763e-07,-0.0070279527
6.875763e-07,-0.0070171818
6.876763e-07,-0.0070056928
6.877763e-07,-0.0069977941
6.878763e-07,-0.0069970761
6.879763e-07,-0.0070021025
6.880763e-07,-0.0070071289
6.881763e-07,-0.0070092831
6.882763e-07,-0.0070064108
6.883763e-07,-0.0070021025
6.884763e-07,-0.0070013844
6.885763e-07,-0.0070092831
6.886763e-07,-0.0070257985
6.887763e-07,-0.0070451861
6.888763e-07,-0.0070609835
6.889763e-07,-0.0070667279
6.890763e-07,-0.0070617015
6.891763e-07,-0.0070509306
6.892763e-07,-0.0070423139
6.893763e-07,-0.00704375
6.894763e-07,-0.007055957
6.895763e-07,-0.0070739085
6.896763e-07,-0.0070882698
6.897763e-07,-0.0070897059
6.898763e-07,-0.0070767808
6.899763e-07,-0.0070538028
6.900763e-07,-0.007031543
6.901763e-07,-0.0070207721
6.902763e-07,-0.0070257985
6.903763e-07,-0.00704375
6.904763e-07,-0.0070652918
6.905763e-07,-0.0070782169
6.906763e-07,-0.0070760627
6.907763e-07,-0.0070602654
6.908763e-07,-0.0070380055
6.909763e-07,-0.0070207721
6.910763e-07,-0.0070164637
6.911763e-07,-0.0070272346
6.912763e-07,-0.0070466222
6.913763e-07,-0.0070667279
6.914763e-07,-0.0070782169
6.915763e-07,-0.0070782169
6.916763e-07,-0.0070681641
6.917763e-07,-0.007055239
6.918763e-07,-0.0070451861
6.919763e-07,-0.0070423139
6.920763e-07,-0.0070466222
6.921763e-07,-0.007055239
6.922763e-07,-0.0070652918
6.923763e-07,-0.0070739085
6.924763e-07,-0.0070825253
6.925763e-07,-0.0070897059
6.926763e-07,-0.0070961684
6.927763e-07,-0.0070990407
6.928763e-07,-0.0070968865
6.929763e-07,-0.0070897059
6.930763e-07,-0.007078935
6.931763e-07,-0.0070703182
6.932763e-07,-0.0070688821
6.933763e-07,-0.0070782169
6.934763e-07,-0.0070961684
6.935763e-07,-0.0071169922
6.936763e-07,-0.0071327895
6.937763e-07,-0.0071356618
6.938763e-07,-0.007126327
6.939763e-07,-0.0071098116
6.940763e-07,-0.0070947323
6.941763e-07,-0.0070897059
6.942763e-07,-0.0070976045
6.943763e-07,-0.007114838
6.944763e-07,-0.0071342256
6.945763e-07,-0.0071471507
6.946763e-07,-0.0071485869
6.947763e-07,-0.0071392521
6.948763e-07,-0.0071256089
6.949763e-07,-0.0071126838
6.950763e-07,-0.0071055032
6.951763e-07,-0.0071040671
6.952763e-07,-0.0071040671
6.953763e-07,-0.0071011949
6.954763e-07,-0.0070932962
6.955763e-07,-0.0070810892
6.956763e-07,-0.0070710363
6.957763e-07,-0.0070667279
6.958763e-07,-0.0070696002
6.959763e-07,-0.0070782169
6.960763e-07,-0.0070868336
6.961763e-07,-0.0070897059
6.962763e-07,-0.0070853975
6.963763e-07,-0.0070767808
6.964763e-07,-0.0070688821
6.965763e-07,-0.0070667279
6.966763e-07,-0.0070724724
6.967763e-07,-0.0070832433
6.968763e-07,-0.0070947323
6.969763e-07,-0.0071011949
6.970763e-07,-0.0071004768
6.971763e-07,-0.0070932962
6.972763e-07,-0.0070846795
6.973763e-07,-0.0070782169
6.974763e-07,-0.0070746266
6.975763e-07,-0.0070717544
6.976763e-07,-0.0070660099
6.977763e-07,-0.007055239
6.978763e-07,-0.0070401597
6.979763e-07,-0.0070265165
6.980763e-07,-0.0070186179
6.981763e-07,-0.0070207721
6.982763e-07,-0.0070301068
6.983763e-07,-0.0070401597
6.984763e-07,-0.0070423139
6.985763e-07,-0.007032261
6.986763e-07,-0.0070107192
6.987763e-07,-0.0069855871
6.988763e-07,-0.0069669175
6.989763e-07,-0.0069633272
6.990763e-07,-0.0069748162
6.991763e-07,-0.0069956399
6.992763e-07,-0.0070135915
6.993763e-07,-0.0070207721
6.994763e-07,-0.0070128734
6.995763e-07,-0.0069942038
6.996763e-07,-0.0069740981
6.997763e-07,-0.0069633272
6.998763e-07,-0.0069654814
6.999763e-07,-0.0069784065
7.000763e-07,-0.0069927677
7.001763e-07,-0.0069977941
7.002763e-07,-0.0069891774
7.003763e-07,-0.0069669175
7.004763e-07,-0.0069403493
7.005763e-07,-0.0069173713
7.006763e-07,-0.0069051643
7.007763e-07,-0.0069044462
7.008763e-07,-0.0069101907
7.009763e-07,-0.0069173713
7.010763e-07,-0.0069209616
7.011763e-07,-0.0069216797
7.012763e-07,-0.0069231158
7.013763e-07,-0.0069288603
7.014763e-07,-0.0069410673
7.015763e-07,-0.0069547105
7.016763e-07,-0.0069640453
7.017763e-07,-0.0069633272
7.018763e-07,-0.0069504021
7.019763e-07,-0.0069302964
7.020763e-07,-0.0069123449
7.021763e-07,-0.0069058824
7.022763e-07,-0.0069144991
7.023763e-07,-0.0069353228
7.024763e-07,-0.0069590188
7.025763e-07,-0.0069748162
7.026763e-07,-0.0069762523
7.027763e-07,-0.0069640453
7.028763e-07,-0.0069446576
7.029763e-07,-0.0069288603
7.030763e-07,-0.0069238339
7.031763e-07,-0.0069317325
7.032763e-07,-0.0069475299
7.033763e-07,-0.0069633272
7.034763e-07,-0.0069712259
7.035763e-07,-0.0069697898
7.036763e-07,-0.006961173
7.037763e-07,-0.0069518382
7.038763e-07,-0.0069482479
7.039763e-07,-0.0069532744
7.040763e-07,-0.0069640453
7.041763e-07,-0.0069748162
7.042763e-07,-0.0069791245
7.043763e-07,-0.0069755342
7.044763e-07,-0.0069640453
7.045763e-07,-0.0069518382
7.046763e-07,-0.0069432215
7.047763e-07,-0.0069432215
7.048763e-07,-0.0069504021
7.049763e-07,-0.0069633272
7.050763e-07,-0.0069776884
7.051763e-07,-0.0069906135
7.052763e-07,-0.0070013844
7.053763e-07,-0.0070092831
7.054763e-07,-0.0070157456
7.055763e-07,-0.0070207721
7.056763e-07,-0.0070229262
7.057763e-07,-0.0070207721
7.058763e-07,-0.0070150276
7.059763e-07,-0.0070071289
7.060763e-07,-0.0069999483
7.061763e-07,-0.0069977941
7.062763e-07,-0.0070013844
7.063763e-07,-0.007008565
7.064763e-07,-0.0070164637
7.065763e-07,-0.0070207721
7.066763e-07,-0.0070186179
7.067763e-07,-0.0070092831
7.068763e-07,-0.0069977941
7.069763e-07,-0.0069863051
7.070763e-07,-0.0069791245
7.071763e-07,-0.0069776884
7.072763e-07,-0.0069812787
7.073763e-07,-0.0069863051
7.074763e-07,-0.0069920496
7.075763e-07,-0.0069970761
7.076763e-07,-0.0070021025
7.077763e-07,-0.0070092831
7.078763e-07,-0.0070178998
7.079763e-07,-0.0070286707
7.080763e-07,-0.0070380055
7.081763e-07,-0.00704375
7.082763e-07,-0.0070451861
7.083763e-07,-0.0070430319
7.084763e-07,-0.0070380055
7.085763e-07,-0.007032261
7.086763e-07,-0.0070272346
7.087763e-07,-0.0070243624
7.088763e-07,-0.0070222082
7.089763e-07,-0.0070207721
7.090763e-07,-0.0070207721
7.091763e-07,-0.0070229262
7.092763e-07,-0.0070272346
7.093763e-07,-0.007032261
7.094763e-07,-0.0070365694
7.095763e-07,-0.0070372875
7.096763e-07,-0.007031543
7.097763e-07,-0.0070207721
7.098763e-07,-0.007007847
7.099763e-07,-0.0069977941
7.100763e-07,-0.0069934858
7.101763e-07,-0.0069977941
7.102763e-07,-0.0070071289
7.103763e-07,-0.0070171818
7.104763e-07,-0.0070229262
7.105763e-07,-0.0070207721
7.106763e-07,-0.0070128734
7.107763e-07,-0.0070035386
7.108763e-07,-0.0069977941
7.109763e-07,-0.0069977941
7.110763e-07,-0.0070028205
7.111763e-07,-0.007007847
7.112763e-07,-0.0070071289
7.113763e-07,-0.0069977941
7.114763e-07,-0.0069805607
7.115763e-07,-0.0069618911
7.116763e-07,-0.0069468118
7.117763e-07,-0.0069403493
7.118763e-07,-0.0069417854
7.119763e-07,-0.0069468118
7.120763e-07,-0.0069475299
7.121763e-07,-0.0069403493
7.122763e-07,-0.0069238339
7.123763e-07,-0.006902292
7.124763e-07,-0.0068836225
7.125763e-07,-0.0068714154
7.126763e-07,-0.0068678251
7.127763e-07,-0.0068699793
7.128763e-07,-0.0068728516
7.129763e-07,-0.0068714154
7.130763e-07,-0.006866389
7.131763e-07,-0.0068620807
7.132763e-07,-0.0068627987
7.133763e-07,-0.0068714154
7.134763e-07,-0.0068864947
7.135763e-07,-0.0069001379
7.136763e-07,-0.0069044462
7.137763e-07,-0.0068943934
7.138763e-07,-0.0068721335
7.139763e-07,-0.0068455653
7.140763e-07,-0.0068268957
7.141763e-07,-0.0068254596
7.142763e-07,-0.006842693
7.143763e-07,-0.0068714154
7.144763e-07,-0.0069001379
7.145763e-07,-0.0069173713
7.146763e-07,-0.0069166533
7.147763e-07,-0.0069001379
7.148763e-07,-0.0068771599
7.149763e-07,-0.0068599265
7.150763e-07,-0.0068549
7.151763e-07,-0.0068613626
7.152763e-07,-0.0068735696
7.153763e-07,-0.0068829044
7.154763e-07,-0.0068821864
7.155763e-07,-0.0068721335
7.156763e-07,-0.0068584903
7.157763e-07,-0.0068484375
7.158763e-07,-0.0068484375
7.159763e-07,-0.0068592084
7.160763e-07,-0.0068735696
7.161763e-07,-0.0068829044
7.162763e-07,-0.0068814683
7.163763e-07,-0.0068671071
7.164763e-07,-0.0068455653
7.165763e-07,-0.0068254596
7.166763e-07,-0.0068146886
7.167763e-07,-0.0068154067
7.168763e-07,-0.0068254596
7.169763e-07,-0.0068369485
7.170763e-07,-0.0068434111
7.171763e-07,-0.0068398208
7.172763e-07,-0.0068283318
7.173763e-07,-0.0068139706
7.174763e-07,-0.0068031997
7.175763e-07,-0.0068010455
7.176763e-07,-0.0068053539
7.177763e-07,-0.0068139706
7.178763e-07,-0.006818997
7.179763e-07,-0.0068161248
7.180763e-07,-0.0068024816
7.181763e-07,-0.0067795037
7.182763e-07,-0.0067522174
7.183763e-07,-0.0067263672
7.184763e-07,-0.0067076976
7.185763e-07,-0.0066990809
7.186763e-07,-0.0067019531
7.187763e-07,-0.0067134421
7.188763e-07,-0.0067299575
7.189763e-07,-0.0067450368
7.190763e-07,-0.0067522174
7.191763e-07,-0.0067486271
7.192763e-07,-0.0067335478
7.193763e-07,-0.0067105699
7.194763e-07,-0.0066875919
7.195763e-07,-0.0066725126
7.196763e-07,-0.0066689223
7.197763e-07,-0.0066761029
7.198763e-07,-0.00668831
7.199763e-07,-0.0066962086
7.200763e-07,-0.0066926183
7.201763e-07,-0.0066761029
7.202763e-07,-0.0066509708
7.203763e-07,-0.0066279929
7.204763e-07,-0.0066150678
7.205763e-07,-0.0066186581
7.206763e-07,-0.0066351735
7.207763e-07,-0.0066552792
7.208763e-07,-0.0066682043
7.209763e-07,-0.006664614
7.210763e-07,-0.0066452263
7.211763e-07,-0.006617222
7.212763e-07,-0.006593526
7.213763e-07,-0.0065841912
7.214763e-07,-0.0065928079
7.215763e-07,-0.0066143497
7.216763e-07,-0.0066380457
7.217763e-07,-0.006653125
7.218763e-07,-0.006653125
7.219763e-07,-0.0066394818
7.220763e-07,-0.0066208123
7.221763e-07,-0.0066071691
7.222763e-07,-0.0066064511
7.223763e-07,-0.0066200942
7.224763e-07,-0.0066423541
7.225763e-07,-0.006664614
7.226763e-07,-0.0066796932
7.227763e-07,-0.0066840016
7.228763e-07,-0.0066811294
7.229763e-07,-0.0066761029
7.230763e-07,-0.0066739488
7.231763e-07,-0.0066761029
7.232763e-07,-0.0066818474
7.233763e-07,-0.0066875919
7.234763e-07,-0.0066897461
7.235763e-07,-0.006689028
7.236763e-07,-0.0066868739
7.237763e-07,-0.0066875919
7.238763e-07,-0.0066933364
7.239763e-07,-0.0067048254
7.240763e-07,-0.0067191866
7.241763e-07,-0.0067335478
7.242763e-07,-0.0067450368
7.243763e-07,-0.0067543716
7.244763e-07,-0.0067615522
7.245763e-07,-0.0067680147
7.246763e-07,-0.0067737592
7.247763e-07,-0.0067773495
7.248763e-07,-0.0067751953
7.249763e-07,-0.0067680147
7.250763e-07,-0.0067572438
7.251763e-07,-0.0067471909
7.252763e-07,-0.0067421645
7.253763e-07,-0.0067450368
7.254763e-07,-0.0067543716
7.255763e-07,-0.0067644244
7.256763e-07,-0.0067701689
7.257763e-07,-0.0067680147
7.258763e-07,-0.0067586799
7.259763e-07,-0.006747909
7.260763e-07,-0.0067421645
7.261763e-07,-0.0067450368
7.262763e-07,-0.0067550896
7.263763e-07,-0.0067658605
7.264763e-07,-0.0067680147
7.265763e-07,-0.0067565257
7.266763e-07,-0.0067306756
7.267763e-07,-0.0066983628
7.268763e-07,-0.0066689223
7.269763e-07,-0.006653125
7.270763e-07,-0.0066538431
7.271763e-07,-0.0066682043
7.272763e-07,-0.0066861558
7.273763e-07,-0.0066990809
7.274763e-07,-0.0067012351
7.275763e-07,-0.0066940545
7.276763e-07,-0.0066832835
7.277763e-07,-0.0066761029
7.278763e-07,-0.0066775391
7.279763e-07,-0.0066875919
7.280763e-07,-0.006700517
7.281763e-07,-0.0067105699
7.282763e-07,-0.0067141602
7.283763e-07,-0.006712724
7.284763e-07,-0.0067098518
7.285763e-07,-0.0067105699
7.286763e-07,-0.0067170324
7.287763e-07,-0.0067285214
7.288763e-07,-0.0067385742
7.289763e-07,-0.0067450368
7.290763e-07,-0.0067457548
7.291763e-07,-0.0067443187
7.292763e-07,-0.0067464729
7.293763e-07,-0.0067565257
7.294763e-07,-0.0067751953
7.295763e-07,-0.0067988913
7.296763e-07,-0.0068175609
7.297763e-07,-0.0068254596
7.298763e-07,-0.006818997
7.299763e-07,-0.0068024816
7.300763e-07,-0.0067823759
7.301763e-07,-0.0067680147
7.302763e-07,-0.0067629883
7.303763e-07,-0.0067665786
7.304763e-07,-0.0067744773
7.305763e-07,-0.0067795037
7.306763e-07,-0.0067787856
7.307763e-07,-0.0067737592
7.308763e-07,-0.0067687328
7.309763e-07,-0.0067680147
7.310763e-07,-0.0067737592
7.311763e-07,-0.0067816579
7.312763e-07,-0.0067859662
7.313763e-07,-0.0067795037
7.314763e-07,-0.006759398
7.315763e-07,-0.0067292394
7.316763e-07,-0.0066947725
7.317763e-07,-0.006664614
7.318763e-07,-0.0066430722
7.319763e-07,-0.0066315832
7.320763e-07,-0.0066244026
7.321763e-07,-0.0066186581
7.322763e-07,-0.0066107594
7.323763e-07,-0.0066021427
7.324763e-07,-0.0065963982
7.325763e-07,-0.0065956801
7.326763e-07,-0.0065999885
7.327763e-07,-0.006605733
7.328763e-07,-0.006605733
7.329763e-07,-0.0065956801
7.330763e-07,-0.0065748564
7.331763e-07,-0.0065490062
7.332763e-07,-0.0065267463
7.333763e-07,-0.0065152574
7.334763e-07,-0.0065174115
7.335763e-07,-0.0065289005
7.336763e-07,-0.0065425437
7.337763e-07,-0.0065497243
7.338763e-07,-0.0065454159
7.339763e-07,-0.0065310547
7.340763e-07,-0.0065145393
7.341763e-07,-0.0065037684
7.342763e-07,-0.0065044864
7.343763e-07,-0.0065181296
7.344763e-07,-0.0065389534
7.345763e-07,-0.0065612132
7.346763e-07,-0.0065798828
7.347763e-07,-0.0065920898
7.348763e-07,-0.0066007066
7.349763e-07,-0.0066071691
7.350763e-07,-0.0066136317
7.351763e-07,-0.0066186581
7.352763e-07,-0.0066208123
7.353763e-07,-0.0066186581
7.354763e-07,-0.0066129136
7.355763e-07,-0.0066078872
7.356763e-07,-0.0066086052
7.357763e-07,-0.0066186581
7.358763e-07,-0.0066373277
7.359763e-07,-0.0066588695
7.360763e-07,-0.0066775391
7.361763e-07,-0.0066875919
7.362763e-07,-0.006689028
7.363763e-07,-0.0066854377
7.364763e-07,-0.0066832835
7.365763e-07,-0.0066875919
7.366763e-07,-0.0066976448
7.367763e-07,-0.0067091337
7.368763e-07,-0.0067148782
7.369763e-07,-0.0067105699
7.370763e-07,-0.0066969267
7.371763e-07,-0.0066811294
7.372763e-07,-0.0066717946
7.373763e-07,-0.0066761029
7.374763e-07,-0.0066940545
7.375763e-07,-0.0067177505
7.376763e-07,-0.0067385742
7.377763e-07,-0.0067450368
7.378763e-07,-0.006735702
7.379763e-07,-0.0067141602
7.380763e-07,-0.0066911822
7.381763e-07,-0.0066761029
7.382763e-07,-0.0066739488
7.383763e-07,-0.0066818474
7.384763e-07,-0.0066926183
7.385763e-07,-0.0066990809
7.386763e-07,-0.0066969267
7.387763e-07,-0.0066875919
7.388763e-07,-0.0066789752
7.389763e-07,-0.0066761029
7.390763e-07,-0.0066818474
7.391763e-07,-0.0066926183
7.392763e-07,-0.006700517
7.393763e-07,-0.0066990809
7.394763e-07,-0.0066847197
7.395763e-07,-0.0066610237
7.396763e-07,-0.0066366096
7.397763e-07,-0.0066186581
7.398763e-07,-0.0066114775
7.399763e-07,-0.0066136317
7.400763e-07,-0.00661794
7.401763e-07,-0.0066186581
7.402763e-07,-0.0066136317
7.403763e-07,-0.006605733
7.404763e-07,-0.0066021427
7.405763e-07,-0.0066071691
7.406763e-07,-0.0066222484
7.407763e-07,-0.0066401999
7.408763e-07,-0.0066538431
7.409763e-07,-0.006653125
7.410763e-07,-0.0066366096
7.411763e-07,-0.0066107594
7.412763e-07,-0.0065856273
7.413763e-07,-0.0065727022
7.414763e-07,-0.0065777286
7.415763e-07,-0.0065971163
7.416763e-07,-0.0066222484
7.417763e-07,-0.006641636
7.418763e-07,-0.0066473805
7.419763e-07,-0.0066387638
7.420763e-07,-0.0066222484
7.421763e-07,-0.0066071691
7.422763e-07,-0.0065999885
7.423763e-07,-0.0066021427
7.424763e-07,-0.0066107594
7.425763e-07,-0.0066186581
7.426763e-07,-0.0066222484
7.427763e-07,-0.0066229665
7.428763e-07,-0.0066236845
7.429763e-07,-0.0066301471
7.430763e-07,-0.0066445083
7.431763e-07,-0.0066631778
7.432763e-07,-0.0066804113
7.433763e-07,-0.0066875919
7.434763e-07,-0.0066825655
7.435763e-07,-0.0066696404
7.436763e-07,-0.0066559972
7.437763e-07,-0.006653125
7.438763e-07,-0.0066667682
7.439763e-07,-0.0066962086
7.440763e-07,-0.0067335478
7.441763e-07,-0.0067680147
7.442763e-07,-0.0067909926
7.443763e-07,-0.0067974552
7.444763e-07,-0.0067917107
7.445763e-07,-0.0067795037
7.446763e-07,-0.0067694508
7.447763e-07,-0.0067665786
7.448763e-07,-0.0067701689
7.449763e-07,-0.0067795037
7.450763e-07,-0.0067895565
7.451763e-07,-0.0067988913
7.452763e-07,-0.00680679
7.453763e-07,-0.0068139706
7.454763e-07,-0.0068211512
7.455763e-07,-0.0068261776
7.456763e-07,-0.0068283318
7.457763e-07,-0.0068254596
7.458763e-07,-0.006818279
7.459763e-07,-0.0068089442
7.460763e-07,-0.0068031997
7.461763e-07,-0.0068024816
7.462763e-07,-0.006807508
7.463763e-07,-0.0068139706
7.464763e-07,-0.0068175609
7.465763e-07,-0.0068139706
7.466763e-07,-0.0068024816
7.467763e-07,-0.0067866843
7.468763e-07,-0.0067730411
7.469763e-07,-0.0067680147
7.470763e-07,-0.0067730411
7.471763e-07,-0.0067866843
7.472763e-07,-0.0068024816
7.473763e-07,-0.0068139706
7.474763e-07,-0.006818279
7.475763e-07,-0.0068146886
7.476763e-07,-0.0068082261
7.477763e-07,-0.0068024816
7.478763e-07,-0.0067996094
7.479763e-07,-0.0067981733
7.480763e-07,-0.0067967371
7.481763e-07,-0.0067909926
7.482763e-07,-0.0067823759
7.483763e-07,-0.0067723231
7.484763e-07,-0.0067665786
7.485763e-07,-0.0067680147
7.486763e-07,-0.0067759134
7.487763e-07,-0.0067859662
7.488763e-07,-0.0067924288
7.489763e-07,-0.0067909926
7.490763e-07,-0.0067802217
7.491763e-07,-0.0067644244
7.492763e-07,-0.0067507812
7.493763e-07,-0.0067450368
7.494763e-07,-0.0067507812
7.495763e-07,-0.0067658605
7.496763e-07,-0.0067845301
7.497763e-07,-0.0068024816
7.498763e-07,-0.0068161248
7.499763e-07,-0.0068247415
7.500763e-07,-0.006831204
7.501763e-07,-0.0068369485
7.502763e-07,-0.0068412569
7.503763e-07,-0.006842693
7.504763e-07,-0.0068369485
7.505763e-07,-0.0068254596
7.506763e-07,-0.0068110983
7.507763e-07,-0.0068010455
7.508763e-07,-0.0068010455
7.509763e-07,-0.0068139706
7.510763e-07,-0.0068362305
7.511763e-07,-0.0068584903
7.512763e-07,-0.0068721335
7.513763e-07,-0.0068714154
7.514763e-07,-0.0068570542
7.515763e-07,-0.0068362305
7.516763e-07,-0.0068197151
7.517763e-07,-0.0068139706
7.518763e-07,-0.0068197151
7.519763e-07,-0.0068297679
7.520763e-07,-0.0068340763
7.521763e-07,-0.0068254596
7.522763e-07,-0.0068039177
7.523763e-07,-0.0067759134
7.524763e-07,-0.0067529354
7.525763e-07,-0.0067450368
7.526763e-07,-0.0067536535
7.527763e-07,-0.0067737592
7.528763e-07,-0.0067931468
7.529763e-07,-0.0068024816
7.530763e-07,-0.0067967371
7.531763e-07,-0.0067809398
7.532763e-07,-0.0067637063
7.533763e-07,-0.0067565257
7.534763e-07,-0.0067622702
7.535763e-07,-0.0067787856
7.536763e-07,-0.006795301
7.537763e-07,-0.0068024816
7.538763e-07,-0.006795301
7.539763e-07,-0.0067773495
7.540763e-07,-0.0067572438
7.541763e-07,-0.0067450368
7.542763e-07,-0.0067471909
7.543763e-07,-0.0067622702
7.544763e-07,-0.006783812
7.545763e-07,-0.0068024816
7.546763e-07,-0.0068132525
7.547763e-07,-0.0068168428
7.548763e-07,-0.006818279
7.549763e-07,-0.0068254596
7.550763e-07,-0.0068405388
7.551763e-07,-0.0068599265
7.552763e-07,-0.0068764419
7.553763e-07,-0.0068829044
7.554763e-07,-0.0068757238
7.555763e-07,-0.0068584903
7.556763e-07,-0.006842693
7.557763e-07,-0.0068369485
7.558763e-07,-0.0068477194
7.559763e-07,-0.0068714154
7.560763e-07,-0.0068987017
7.561763e-07,-0.0069173713
7.562763e-07,-0.0069188074
7.563763e-07,-0.0069008559
7.564763e-07,-0.0068699793
7.565763e-07,-0.0068369485
7.566763e-07,-0.0068110983
7.567763e-07,-0.0067974552
7.568763e-07,-0.0067960191
7.569763e-07,-0.0068024816
7.570763e-07,-0.0068103803
7.571763e-07,-0.0068154067
7.572763e-07,-0.0068168428
7.573763e-07,-0.0068139706
7.574763e-07,-0.00680679
7.575763e-07,-0.006794583
7.576763e-07,-0.0067773495
7.577763e-07,-0.0067565257
7.578763e-07,-0.00673642
7.579763e-07,-0.0067227769
7.580763e-07,-0.0067213408
7.581763e-07,-0.0067335478
7.582763e-07,-0.0067550896
7.583763e-07,-0.0067759134
7.584763e-07,-0.0067859662
7.585763e-07,-0.0067795037
7.586763e-07,-0.0067572438
7.587763e-07,-0.0067270852
7.588763e-07,-0.006700517
7.589763e-07,-0.0066875919
7.590763e-07,-0.0066897461
7.591763e-07,-0.0067026712
7.592763e-07,-0.0067163143
7.593763e-07,-0.0067220588
7.594763e-07,-0.0067177505
7.595763e-07,-0.0067084157
7.596763e-07,-0.0067033892
7.597763e-07,-0.0067105699
7.598763e-07,-0.0067321117
7.599763e-07,-0.0067622702
7.600763e-07,-0.0067895565
7.601763e-07,-0.0068024816
7.602763e-07,-0.006795301
7.603763e-07,-0.0067723231
7.604763e-07,-0.0067436006
7.605763e-07,-0.0067220588
7.606763e-07,-0.0067163143
7.607763e-07,-0.0067285214
7.608763e-07,-0.0067529354
7.609763e-07,-0.0067795037
7.610763e-07,-0.0068017636
7.611763e-07,-0.0068154067
7.612763e-07,-0.0068218693
7.613763e-07,-0.0068254596
7.614763e-07,-0.0068290499
7.615763e-07,-0.006831204
7.616763e-07,-0.006831204
7.617763e-07,-0.0068254596
7.618763e-07,-0.0068146886
7.619763e-07,-0.0068017636
7.620763e-07,-0.0067924288
7.621763e-07,-0.0067909926
7.622763e-07,-0.0067960191
7.623763e-07,-0.0068039177
7.624763e-07,-0.006807508
7.625763e-07,-0.0068024816
7.626763e-07,-0.0067902746
7.627763e-07,-0.0067766314
7.628763e-07,-0.0067708869
7.629763e-07,-0.0067795037
7.630763e-07,-0.0068017636
7.631763e-07,-0.0068297679
7.632763e-07,-0.0068520278
7.633763e-07,-0.0068599265
7.634763e-07,-0.0068505917
7.635763e-07,-0.006830486
7.636763e-07,-0.0068110983
7.637763e-07,-0.0068024816
7.638763e-07,-0.0068103803
7.639763e-07,-0.0068297679
7.640763e-07,-0.0068498736
7.641763e-07,-0.0068599265
7.642763e-07,-0.0068527459
7.643763e-07,-0.0068319221
7.644763e-07,-0.006807508
7.645763e-07,-0.0067909926
7.646763e-07,-0.0067917107
7.647763e-07,-0.0068096622
7.648763e-07,-0.0068362305
7.649763e-07,-0.0068599265
7.650763e-07,-0.0068714154
7.651763e-07,-0.0068671071
7.652763e-07,-0.0068527459
7.653763e-07,-0.0068369485
7.654763e-07,-0.0068297679
7.655763e-07,-0.0068347943
7.656763e-07,-0.0068513097
7.657763e-07,-0.0068714154
7.658763e-07,-0.006889367
7.659763e-07,-0.006902292
7.660763e-07,-0.0069101907
7.661763e-07,-0.0069173713
7.662763e-07,-0.0069288603
7.663763e-07,-0.0069460937
7.664763e-07,-0.0069661994
7.665763e-07,-0.0069863051
7.666763e-07,-0.0070006664
7.667763e-07,-0.007008565
7.668763e-07,-0.0070100011
7.669763e-07,-0.0070092831
7.670763e-07,-0.0070092831
7.671763e-07,-0.0070114373
7.672763e-07,-0.0070157456
7.673763e-07,-0.0070207721
7.674763e-07,-0.0070272346
7.675763e-07,-0.0070351333
7.676763e-07,-0.0070480584
7.677763e-07,-0.0070667279
7.678763e-07,-0.0070904239
7.679763e-07,-0.0071162741
7.680763e-07,-0.0071363798
7.681763e-07,-0.0071471507
7.682763e-07,-0.0071457146
7.683763e-07,-0.0071335076
7.684763e-07,-0.0071169922
7.685763e-07,-0.0071011949
7.686763e-07,-0.007091142
7.687763e-07,-0.0070889878
7.688763e-07,-0.0070932962
7.689763e-07,-0.0071011949
7.690763e-07,-0.0071112477
7.691763e-07,-0.0071241728
7.692763e-07,-0.0071399701
7.693763e-07,-0.0071586397
7.694763e-07,-0.0071794635
7.695763e-07,-0.007198133
7.696763e-07,-0.0072110581
7.697763e-07,-0.0072160846
7.698763e-07,-0.0072124943
7.699763e-07,-0.0072045956
7.700763e-07,-0.0071966969
7.701763e-07,-0.0071931066
7.702763e-07,-0.0071938247
7.703763e-07,-0.007198133
7.704763e-07,-0.0072024414
7.705763e-07,-0.0072045956
7.706763e-07,-0.0072053136
7.707763e-07,-0.0072074678
7.708763e-07,-0.0072146484
7.709763e-07,-0.0072275735
7.710763e-07,-0.0072440889
7.711763e-07,-0.0072584501
7.712763e-07,-0.0072656307
7.713763e-07,-0.0072620404
7.714763e-07,-0.0072512695
7.715763e-07,-0.0072397806
7.716763e-07,-0.0072340361
7.717763e-07,-0.0072390625
7.718763e-07,-0.0072519876
7.719763e-07,-0.0072663488
7.720763e-07,-0.0072713752
7.721763e-07,-0.0072620404
7.722763e-07,-0.0072383444
7.723763e-07,-0.0072074678
7.724763e-07,-0.0071816176
7.725763e-07,-0.0071701287
7.726763e-07,-0.0071751551
7.727763e-07,-0.0071916705
7.728763e-07,-0.007208904
7.729763e-07,-0.0072160846
7.730763e-07,-0.007208904
7.731763e-07,-0.0071902344
7.732763e-07,-0.0071701287
7.733763e-07,-0.0071586397
7.734763e-07,-0.0071636661
7.735763e-07,-0.0071844899
7.736763e-07,-0.0072132123
7.737763e-07,-0.0072390625
7.738763e-07,-0.0072534237
7.739763e-07,-0.0072527057
7.740763e-07,-0.0072412167
7.741763e-07,-0.0072275735
7.742763e-07,-0.0072182387
7.743763e-07,-0.0072168026
7.744763e-07,-0.007221829
7.745763e-07,-0.0072275735
7.746763e-07,-0.0072290097
7.747763e-07,-0.0072239832
7.748763e-07,-0.0072146484
7.749763e-07,-0.0072045956
7.750763e-07,-0.007198133
7.751763e-07,-0.007198133
7.752763e-07,-0.0072010053
7.753763e-07,-0.0072045956
7.754763e-07,-0.0072053136
7.755763e-07,-0.0072017233
7.756763e-07,-0.0071966969
7.757763e-07,-0.0071931066
7.758763e-07,-0.0071931066
7.759763e-07,-0.0071966969
7.760763e-07,-0.0072017233
7.761763e-07,-0.0072045956
7.762763e-07,-0.0072024414
7.763763e-07,-0.0071959789
7.764763e-07,-0.0071880802
7.765763e-07,-0.0071816176
7.766763e-07,-0.0071801815
7.767763e-07,-0.0071837718
7.768763e-07,-0.0071895163
7.769763e-07,-0.0071931066
7.770763e-07,-0.0071923886
7.771763e-07,-0.007185926
7.772763e-07,-0.0071773093
7.773763e-07,-0.0071701287
7.774763e-07,-0.0071679745
7.775763e-07,-0.0071708467
7.776763e-07,-0.0071765912
7.777763e-07,-0.0071816176
7.778763e-07,-0.0071816176
7.779763e-07,-0.0071751551
7.780763e-07,-0.0071629481
7.781763e-07,-0.0071471507
7.782763e-07,-0.0071313534
7.783763e-07,-0.0071177102
7.784763e-07,-0.0071076574
7.785763e-07,-0.0071011949
7.786763e-07,-0.0070968865
7.787763e-07,-0.0070954504
7.788763e-07,-0.0070968865
7.789763e-07,-0.0071011949
7.790763e-07,-0.0071069393
7.791763e-07,-0.0071126838
7.792763e-07,-0.007114838
7.793763e-07,-0.0071126838
7.794763e-07,-0.0071047852
7.795763e-07,-0.0070947323
7.796763e-07,-0.0070846795
7.797763e-07,-0.0070782169
7.798763e-07,-0.0070774989
7.799763e-07,-0.0070818072
7.800763e-07,-0.0070868336
7.801763e-07,-0.0070897059
7.802763e-07,-0.0070882698
7.803763e-07,-0.0070818072
7.804763e-07,-0.0070731905
7.805763e-07,-0.0070667279
7.806763e-07,-0.0070652918
7.807763e-07,-0.0070696002
7.808763e-07,-0.007078935
7.809763e-07,-0.0070897059
7.810763e-07,-0.0070990407
7.811763e-07,-0.0071040671
7.812763e-07,-0.0071047852
7.813763e-07,-0.0071011949
7.814763e-07,-0.0070968865
7.815763e-07,-0.0070940142
7.816763e-07,-0.0070947323
7.817763e-07,-0.0071011949
7.818763e-07,-0.0071126838
7.819763e-07,-0.007126327
7.820763e-07,-0.0071392521
7.821763e-07,-0.0071471507
7.822763e-07,-0.0071457146
7.823763e-07,-0.0071335076
7.824763e-07,-0.0071134019
7.825763e-07,-0.0070897059
7.826763e-07,-0.0070703182
7.827763e-07,-0.0070631376
7.828763e-07,-0.0070696002
7.829763e-07,-0.0070897059
7.830763e-07,-0.0071155561
7.831763e-07,-0.007138534
7.832763e-07,-0.007150023
7.833763e-07,-0.0071471507
7.834763e-07,-0.0071327895
7.835763e-07,-0.0071134019
7.836763e-07,-0.0070976045
7.837763e-07,-0.0070897059
7.838763e-07,-0.0070904239
7.839763e-07,-0.0070947323
7.840763e-07,-0.0070954504
