LECROYHDO6104B,11090,Waveform
Segments,1,SegmentSize,5002
Segment,TrigTime,TimeSinceSegment1
#1,04-May-2026 18:23:03,0                 
Time,Ampl
-3.700872e-08,-0.0057452953
-3.690872e-08,-0.0057675551
-3.680872e-08,-0.0057905331
-3.670872e-08,-0.0058020221
-3.660872e-08,-0.0057948415
-3.650872e-08,-0.0057689913
-3.640872e-08,-0.0057330882
-3.630872e-08,-0.0056986213
-3.620872e-08,-0.0056749253
-3.610872e-08,-0.0056670267
-3.600872e-08,-0.0056727711
-3.590872e-08,-0.0056871324
-3.580872e-08,-0.0057036477
-3.570872e-08,-0.0057194451
-3.560872e-08,-0.0057323702
-3.550872e-08,-0.0057445772
-3.540872e-08,-0.0057560662
-3.530872e-08,-0.005765401
-3.520872e-08,-0.0057697093
-3.510872e-08,-0.0057675551
-3.500872e-08,-0.0057603745
-3.490872e-08,-0.0057524759
-3.480872e-08,-0.0057496036
-3.470872e-08,-0.0057560662
-3.460872e-08,-0.0057725816
-3.450872e-08,-0.0057934053
-3.440872e-08,-0.005812793
-3.430872e-08,-0.005825
-3.420872e-08,-0.0058271542
-3.410872e-08,-0.0058228458
-3.400872e-08,-0.0058163833
-3.390872e-08,-0.005813511
-3.380872e-08,-0.0058142291
-3.370872e-08,-0.0058156652
-3.360872e-08,-0.005812793
-3.350872e-08,-0.0058020221
-3.340872e-08,-0.0057847886
-3.330872e-08,-0.0057668371
-3.320872e-08,-0.0057560662
-3.310872e-08,-0.0057560662
-3.300872e-08,-0.0057668371
-3.290872e-08,-0.0057797622
-3.280872e-08,-0.0057862247
-3.270872e-08,-0.0057790441
-3.260872e-08,-0.0057575023
-3.250872e-08,-0.0057294979
-3.240872e-08,-0.00570652
-3.230872e-08,-0.0056986213
-3.220872e-08,-0.0057079561
-3.210872e-08,-0.0057280618
-3.200872e-08,-0.0057481675
-3.190872e-08,-0.0057560662
-3.180872e-08,-0.0057460133
-3.170872e-08,-0.0057201631
-3.160872e-08,-0.0056892865
-3.150872e-08,-0.0056641544
-3.140872e-08,-0.0056533835
-3.130872e-08,-0.0056584099
-3.120872e-08,-0.0056720531
-3.110872e-08,-0.0056871324
-3.100872e-08,-0.0056964671
-3.090872e-08,-0.0056986213
-3.080872e-08,-0.0056979033
-3.070872e-08,-0.0056986213
-3.060872e-08,-0.0057050839
-3.050872e-08,-0.0057158548
-3.040872e-08,-0.0057266257
-3.030872e-08,-0.0057330882
-3.020872e-08,-0.0057323702
-3.010872e-08,-0.0057266257
-3.000872e-08,-0.0057215993
-2.990872e-08,-0.0057215993
-2.980872e-08,-0.0057287799
-2.970872e-08,-0.0057409869
-2.960872e-08,-0.0057517578
-2.950872e-08,-0.0057560662
-2.940872e-08,-0.0057531939
-2.930872e-08,-0.0057460133
-2.920872e-08,-0.0057409869
-2.910872e-08,-0.0057445772
-2.900872e-08,-0.0057567842
-2.890872e-08,-0.0057740177
-2.880872e-08,-0.0057869428
-2.870872e-08,-0.0057905331
-2.860872e-08,-0.0057819164
-2.850872e-08,-0.005766119
-2.840872e-08,-0.0057510398
-2.830872e-08,-0.0057445772
-2.820872e-08,-0.0057488856
-2.810872e-08,-0.0057589384
-2.800872e-08,-0.0057682732
-2.790872e-08,-0.0057675551
-2.780872e-08,-0.0057546301
-2.770872e-08,-0.0057323702
-2.760872e-08,-0.0057108284
-2.750872e-08,-0.0056986213
-2.740872e-08,-0.0057000574
-2.730872e-08,-0.0057122645
-2.720872e-08,-0.0057266257
-2.710872e-08,-0.0057330882
-2.700872e-08,-0.0057251896
-2.690872e-08,-0.0057022116
-2.680872e-08,-0.005671335
-2.670872e-08,-0.0056411765
-2.660872e-08,-0.0056181985
-2.650872e-08,-0.0056038373
-2.640872e-08,-0.0055980928
-2.630872e-08,-0.0055952206
-2.620872e-08,-0.0055937845
-2.610872e-08,-0.0055937845
-2.600872e-08,-0.0055973748
-2.590872e-08,-0.0056067096
-2.580872e-08,-0.0056203527
-2.570872e-08,-0.0056325597
-2.560872e-08,-0.0056375862
-2.550872e-08,-0.0056296875
-2.540872e-08,-0.0056088637
-2.530872e-08,-0.0055808594
-2.520872e-08,-0.0055550092
-2.510872e-08,-0.0055377757
-2.500872e-08,-0.0055334674
-2.490872e-08,-0.0055377757
-2.480872e-08,-0.0055449563
-2.470872e-08,-0.0055492647
-2.460872e-08,-0.0055478286
-2.450872e-08,-0.0055435202
-2.440872e-08,-0.0055420841
-2.430872e-08,-0.0055492647
-2.420872e-08,-0.005564344
-2.410872e-08,-0.0055822955
-2.400872e-08,-0.0055952206
-2.390872e-08,-0.0055952206
-2.380872e-08,-0.0055822955
-2.370872e-08,-0.0055621898
-2.360872e-08,-0.0055449563
-2.350872e-08,-0.0055377757
-2.340872e-08,-0.0055449563
-2.330872e-08,-0.0055621898
-2.320872e-08,-0.0055815774
-2.310872e-08,-0.0055952206
-2.300872e-08,-0.005599529
-2.290872e-08,-0.0055966567
-2.280872e-08,-0.0055930664
-2.270872e-08,-0.0055952206
-2.260872e-08,-0.0056038373
-2.250872e-08,-0.0056153263
-2.240872e-08,-0.0056225069
-2.230872e-08,-0.0056181985
-2.220872e-08,-0.0056038373
-2.210872e-08,-0.0055844497
-2.200872e-08,-0.0055715246
-2.190872e-08,-0.0055722426
-2.180872e-08,-0.0055873219
-2.170872e-08,-0.0056095818
-2.160872e-08,-0.0056275333
-2.150872e-08,-0.0056296875
-2.140872e-08,-0.005612454
-2.130872e-08,-0.0055815774
-2.120872e-08,-0.0055485466
-2.110872e-08,-0.0055262868
-2.100872e-08,-0.0055212603
-2.090872e-08,-0.0055320312
-2.080872e-08,-0.0055492647
-2.070872e-08,-0.0055607537
-2.060872e-08,-0.0055585995
-2.050872e-08,-0.0055420841
-2.040872e-08,-0.005516952
-2.030872e-08,-0.0054918199
-2.020872e-08,-0.0054745864
-2.010872e-08,-0.0054674058
-2.000872e-08,-0.0054674058
-1.990872e-08,-0.0054688419
-1.980872e-08,-0.0054688419
-1.970872e-08,-0.0054674058
-1.960872e-08,-0.0054659697
-1.950872e-08,-0.0054688419
-1.940872e-08,-0.0054745864
-1.930872e-08,-0.0054803309
-1.920872e-08,-0.0054796128
-1.910872e-08,-0.0054688419
-1.900872e-08,-0.0054501723
-1.890872e-08,-0.0054286305
-1.880872e-08,-0.0054135512
-1.870872e-08,-0.0054113971
-1.860872e-08,-0.0054214499
-1.850872e-08,-0.0054379653
-1.840872e-08,-0.0054523265
-1.830872e-08,-0.0054573529
-1.820872e-08,-0.0054523265
-1.810872e-08,-0.0054422737
-1.800872e-08,-0.0054379653
-1.790872e-08,-0.005445864
-1.780872e-08,-0.0054659697
-1.770872e-08,-0.0054911018
-1.760872e-08,-0.0055104894
-1.750872e-08,-0.0055147978
-1.740872e-08,-0.0055025908
-1.730872e-08,-0.0054810489
-1.720872e-08,-0.0054623794
-1.710872e-08,-0.0054573529
-1.700872e-08,-0.005470278
-1.690872e-08,-0.0054961282
-1.680872e-08,-0.0055226965
-1.670872e-08,-0.0055377757
-1.660872e-08,-0.0055363396
-1.650872e-08,-0.0055205423
-1.640872e-08,-0.0055018727
-1.630872e-08,-0.0054918199
-1.620872e-08,-0.0054961282
-1.610872e-08,-0.0055133617
-1.600872e-08,-0.0055341854
-1.590872e-08,-0.0055492647
-1.580872e-08,-0.0055514189
-1.570872e-08,-0.005541366
-1.560872e-08,-0.0055262868
-1.550872e-08,-0.0055147978
-1.540872e-08,-0.0055126436
-1.530872e-08,-0.0055198242
-1.520872e-08,-0.0055298771
-1.510872e-08,-0.0055377757
-1.500872e-08,-0.0055384938
-1.490872e-08,-0.0055341854
-1.480872e-08,-0.005529159
-1.470872e-08,-0.0055262868
-1.460872e-08,-0.0055262868
-1.450872e-08,-0.0055248506
-1.440872e-08,-0.0055147978
-1.430872e-08,-0.0054918199
-1.420872e-08,-0.0054587891
-1.410872e-08,-0.0054243222
-1.400872e-08,-0.0054020623
-1.390872e-08,-0.0053999081
-1.380872e-08,-0.0054192957
-1.370872e-08,-0.0054523265
-1.360872e-08,-0.0054846392
-1.350872e-08,-0.0055033088
-1.340872e-08,-0.0055025908
-1.330872e-08,-0.0054867934
-1.320872e-08,-0.0054674058
-1.310872e-08,-0.0054573529
-1.300872e-08,-0.0054630974
-1.290872e-08,-0.0054824851
-1.280872e-08,-0.0055068991
-1.270872e-08,-0.0055262868
-1.260872e-08,-0.0055349035
-1.250872e-08,-0.0055349035
-1.240872e-08,-0.0055327493
-1.230872e-08,-0.0055377757
-1.220872e-08,-0.005552855
-1.210872e-08,-0.005575833
-1.200872e-08,-0.0055966567
-1.190872e-08,-0.0056067096
-1.180872e-08,-0.0056031193
-1.170872e-08,-0.005588758
-1.160872e-08,-0.0055751149
-1.150872e-08,-0.0055722426
-1.140872e-08,-0.0055858858
-1.130872e-08,-0.0056138902
-1.120872e-08,-0.005647639
-1.110872e-08,-0.0056756434
-1.100872e-08,-0.0056907227
-1.090872e-08,-0.0056921588
-1.080872e-08,-0.0056842601
-1.070872e-08,-0.0056756434
-1.060872e-08,-0.0056698989
-1.050872e-08,-0.0056684628
-1.040872e-08,-0.0056677447
-1.030872e-08,-0.0056641544
-1.020872e-08,-0.0056569738
-1.010872e-08,-0.0056512293
-1.000872e-08,-0.0056519474
-9.908723e-09,-0.0056641544
-9.808723e-09,-0.0056856962
-9.708723e-09,-0.0057086742
-9.608723e-09,-0.0057230354
-9.508723e-09,-0.0057215993
-9.408723e-09,-0.0057036477
-9.308723e-09,-0.0056763614
-9.208723e-09,-0.0056519474
-9.108723e-09,-0.0056411765
-9.008723e-09,-0.0056462029
-8.908723e-09,-0.0056612822
-8.808723e-09,-0.0056749253
-8.708723e-09,-0.0056756434
-8.608723e-09,-0.0056605641
-8.508723e-09,-0.0056339959
-8.408723e-09,-0.0056081457
-8.308723e-09,-0.0055952206
-8.208723e-09,-0.0056009651
-8.108723e-09,-0.0056217888
-8.008723e-09,-0.005646921
-7.908723e-09,-0.0056641544
-7.808723e-09,-0.0056663086
-7.708723e-09,-0.0056533835
-7.608723e-09,-0.0056347139
-7.508723e-09,-0.0056181985
-7.408723e-09,-0.0056110179
-7.308723e-09,-0.0056131721
-7.208723e-09,-0.0056181985
-7.108723e-09,-0.0056181985
-7.008723e-09,-0.0056102999
-6.908723e-09,-0.0055966567
-6.808723e-09,-0.0055851677
-6.708723e-09,-0.0055837316
-6.608723e-09,-0.0055959386
-6.508723e-09,-0.0056196347
-6.408723e-09,-0.0056454848
-6.308723e-09,-0.0056641544
-6.208723e-09,-0.005671335
-6.108723e-09,-0.0056677447
-6.008723e-09,-0.005659128
-5.908723e-09,-0.0056526654
-5.808723e-09,-0.0056519474
-5.708723e-09,-0.0056548196
-5.608723e-09,-0.0056569738
-5.508723e-09,-0.0056526654
-5.408723e-09,-0.0056418945
-5.308723e-09,-0.0056282514
-5.208723e-09,-0.0056189166
-5.108723e-09,-0.0056181985
-5.008723e-09,-0.0056246611
-4.908723e-09,-0.0056311236
-4.808723e-09,-0.0056275333
-4.708723e-09,-0.0056067096
-4.608723e-09,-0.0055679343
-4.508723e-09,-0.0055183881
-4.408723e-09,-0.0054681239
-4.308723e-09,-0.005422886
-4.208723e-09,-0.0053826746
-4.108723e-09,-0.0053367188
-4.008723e-09,-0.0052735294
-3.908723e-09,-0.0051816176
-3.808723e-09,-0.0050588293
-3.708723e-09,-0.004913781
-3.608723e-09,-0.0047586799
-3.508723e-09,-0.0046071691
-3.408723e-09,-0.0044628389
-3.308723e-09,-0.004321381
-3.208723e-09,-0.0041705882
-3.108723e-09,-0.0039982537
-3.008723e-09,-0.0037993509
-2.908723e-09,-0.0035774701
-2.808723e-09,-0.0033412282
-2.708723e-09,-0.003102114
-2.608723e-09,-0.0028629998
-2.508723e-09,-0.0026202953
-2.408723e-09,-0.0023661018
-2.308723e-09,-0.0020910846
-2.208723e-09,-0.0017945255
-2.108723e-09,-0.0014814511
-2.008723e-09,-0.0011640682
-1.908723e-09,-0.00085027574
-1.808723e-09,-0.00054509995
-1.708723e-09,-0.00024351448
-1.608723e-09,6.2379366e-05
-1.508723e-09,0.00037904412
-1.408723e-09,0.00070719784
-1.308723e-09,0.0010396599
-1.208723e-09,0.0013656595
-1.108723e-09,0.0016772978
-1.008723e-09,0.0019745749
-9.087226e-10,0.0022632353
-8.087226e-10,0.0025533318
-7.087226e-10,0.0028491728
-6.087226e-10,0.003147886
-5.087226e-10,0.0034372645
-4.087226e-10,0.003704383
-3.087226e-10,0.003940625
-2.087226e-10,0.0041510168
-1.087226e-10,0.0043513557
-8.722599e-12,0.0045603114
9.12774e-11,0.0047908088
1.912774e-10,0.005041412
2.912774e-10,0.0052970416
3.912774e-10,0.0055340016
4.912774e-10,0.0057329044
5.912774e-10,0.0058872875
6.912774e-10,0.0060079216
7.912774e-10,0.0061141946
8.912774e-10,0.0062269301
9.912774e-10,0.0063540269
1.091277e-09,0.0064904584
1.191277e-09,0.0066182732
1.291277e-09,0.0067209559
1.391277e-09,0.0067898897
1.491277e-09,0.0068329733
1.591277e-09,0.0068688764
1.691277e-09,0.0069162684
1.791277e-09,0.0069873564
1.891277e-09,0.0070792682
1.991277e-09,0.0071769244
2.091277e-09,0.0072609375
2.191277e-09,0.0073176643
2.291277e-09,0.0073442325
2.391277e-09,0.0073521312
2.491277e-09,0.0073528493
2.591277e-09,0.0073571576
2.691277e-09,0.0073672105
2.791277e-09,0.0073758272
2.891277e-09,0.0073758272
2.991277e-09,0.0073643382
3.091277e-09,0.0073478228
3.191277e-09,0.0073363339
3.291277e-09,0.0073413603
3.391277e-09,0.0073650563
3.491277e-09,0.0074002413
3.591277e-09,0.0074311179
3.691277e-09,0.007444761
3.791277e-09,0.0074347082
3.891277e-09,0.0074059858
3.991277e-09,0.0073743911
4.091277e-09,0.0073528493
4.191277e-09,0.0073506951
4.291277e-09,0.0073636202
4.391277e-09,0.0073801356
4.491277e-09,0.0073873162
4.591277e-09,0.0073786994
4.691277e-09,0.0073585937
4.791277e-09,0.00733777
4.891277e-09,0.0073298713
4.991277e-09,0.0073413603
5.091277e-09,0.0073700827
5.191277e-09,0.0074045496
5.291277e-09,0.0074332721
5.391277e-09,0.0074512236
5.491277e-09,0.0074627125
5.591277e-09,0.0074763557
5.691277e-09,0.0075022059
5.791277e-09,0.0075416992
5.891277e-09,0.0075883732
5.991277e-09,0.0076293026
6.091277e-09,0.0076515625
6.191277e-09,0.0076529986
6.291277e-09,0.0076415097
6.391277e-09,0.0076321749
6.491277e-09,0.0076400735
6.591277e-09,0.0076702321
6.691277e-09,0.007716906
6.791277e-09,0.0077657341
6.891277e-09,0.0078009191
6.991277e-09,0.0078159984
7.091277e-09,0.0078145623
7.191277e-09,0.0078088178
7.291277e-09,0.0078124081
7.391277e-09,0.0078317957
7.491277e-09,0.0078633904
7.591277e-09,0.0078957031
7.691277e-09,0.0079158088
7.791277e-09,0.0079186811
7.891277e-09,0.0079093463
7.991277e-09,0.0079007295
8.091277e-09,0.0079043199
8.191277e-09,0.0079265797
8.291277e-09,0.0079617647
8.391277e-09,0.0079976677
8.491277e-09,0.0080192096
8.591277e-09,0.0080206457
8.691277e-09,0.0080048483
8.791277e-09,0.0079847426
8.891277e-09,0.0079732537
8.991277e-09,0.007976844
9.091277e-09,0.0079933594
9.191277e-09,0.0080113109
9.291277e-09,0.0080192096
9.391277e-09,0.0080113109
9.491277e-09,0.0079919233
9.591277e-09,0.0079710995
9.691277e-09,0.0079617647
9.791277e-09,0.0079682273
9.891277e-09,0.0079861788
9.991277e-09,0.0080034122
1.009128e-08,0.0080077206
1.019128e-08,0.0079926413
1.029128e-08,0.0079624828
1.039128e-08,0.0079287339
1.049128e-08,0.0079043199
1.059128e-08,0.0078964212
1.069128e-08,0.0079028837
1.079128e-08,0.0079129366
1.089128e-08,0.0079158088
1.099128e-08,0.0079043199
1.109128e-08,0.0078813419
1.119128e-08,0.0078554917
1.129128e-08,0.007835386
1.139128e-08,0.0078260512
1.149128e-08,0.0078224609
1.159128e-08,0.0078174345
1.169128e-08,0.0078009191
1.179128e-08,0.0077721967
1.189128e-08,0.0077377298
1.199128e-08,0.0077090074
1.209128e-08,0.0076975184
1.219128e-08,0.007704699
1.229128e-08,0.0077233686
1.239128e-08,0.007740602
1.249128e-08,0.0077434743
1.259128e-08,0.0077276769
1.269128e-08,0.0077003906
1.279128e-08,0.0076745404
1.289128e-08,0.0076630515
1.299128e-08,0.0076716682
1.309128e-08,0.0076953642
1.319128e-08,0.0077197783
1.329128e-08,0.0077319853
1.339128e-08,0.0077248047
1.349128e-08,0.0077025448
1.359128e-08,0.0076774127
1.369128e-08,0.0076630515
1.379128e-08,0.0076666418
1.389128e-08,0.0076845933
1.399128e-08,0.0077068532
1.409128e-08,0.0077204963
1.419128e-08,0.0077197783
1.429128e-08,0.0077068532
1.439128e-08,0.0076917739
1.449128e-08,0.0076860294
1.459128e-08,0.0076946461
1.469128e-08,0.0077133157
1.479128e-08,0.0077334214
1.489128e-08,0.0077434743
1.499128e-08,0.0077377298
1.509128e-08,0.0077204963
1.519128e-08,0.0076996726
1.529128e-08,0.0076860294
1.539128e-08,0.0076831572
1.549128e-08,0.0076881836
1.559128e-08,0.0076917739
1.569128e-08,0.0076860294
1.579128e-08,0.007668796
1.589128e-08,0.007645818
1.599128e-08,0.0076293026
1.609128e-08,0.0076285846
1.619128e-08,0.007645818
1.629128e-08,0.0076731043
1.639128e-08,0.0076982364
1.649128e-08,0.0077090074
1.659128e-08,0.0077003906
1.669128e-08,0.0076788488
1.679128e-08,0.0076544347
1.689128e-08,0.0076400735
1.699128e-08,0.0076393555
1.709128e-08,0.0076479722
1.719128e-08,0.0076551528
1.729128e-08,0.0076515625
1.739128e-08,0.0076350471
1.749128e-08,0.0076127872
1.759128e-08,0.0075955538
1.769128e-08,0.0075941176
1.779128e-08,0.007609915
1.789128e-08,0.0076357652
1.799128e-08,0.007657307
1.809128e-08,0.0076630515
1.819128e-08,0.0076508444
1.829128e-08,0.0076271484
1.839128e-08,0.0076048886
1.849128e-08,0.0075941176
1.859128e-08,0.0075962718
1.869128e-08,0.0076020163
1.879128e-08,0.007597708
1.889128e-08,0.0075711397
1.899128e-08,0.0075215935
1.909128e-08,0.0074612764
1.919128e-08,0.0074074219
1.929128e-08,0.0073758272
1.939128e-08,0.0073722369
1.949128e-08,0.0073880342
1.959128e-08,0.0074059858
1.969128e-08,0.0074102941
1.979128e-08,0.0073930607
1.989128e-08,0.0073585937
1.999128e-08,0.0073212546
2.009128e-08,0.0072954044
2.019128e-08,0.0072860696
2.029128e-08,0.0072875057
2.039128e-08,0.0072875057
2.049128e-08,0.0072724265
2.059128e-08,0.0072386776
2.069128e-08,0.0071941579
2.079128e-08,0.0071546645
2.089128e-08,0.0071345588
2.099128e-08,0.0071395852
2.109128e-08,0.0071639993
2.119128e-08,0.0071905676
2.129128e-08,0.0072034926
2.139128e-08,0.0071948759
2.149128e-08,0.0071690257
2.159128e-08,0.007136713
2.169128e-08,0.0071115809
2.179128e-08,0.0071000919
2.189128e-08,0.0070986558
2.199128e-08,0.0070979377
2.209128e-08,0.0070886029
2.219128e-08,0.0070692153
2.229128e-08,0.0070469554
2.239128e-08,0.0070347484
2.249128e-08,0.0070426471
2.259128e-08,0.0070699334
2.269128e-08,0.0071051183
2.279128e-08,0.0071309685
2.289128e-08,0.0071345588
2.299128e-08,0.007113017
2.309128e-08,0.007077832
2.319128e-08,0.0070455193
2.329128e-08,0.0070311581
2.339128e-08,0.0070397748
2.349128e-08,0.0070620347
2.359128e-08,0.0070828585
2.369128e-08,0.0070886029
2.379128e-08,0.0070756778
2.389128e-08,0.007053418
2.399128e-08,0.0070376206
2.409128e-08,0.0070426471
2.419128e-08,0.0070692153
2.429128e-08,0.0071051183
2.439128e-08,0.0071324046
2.449128e-08,0.0071345588
2.459128e-08,0.0071087086
2.469128e-08,0.0070663431
2.479128e-08,0.0070268497
2.489128e-08,0.0070081801
2.499128e-08,0.0070139246
2.509128e-08,0.0070333123
2.519128e-08,0.0070483915
2.529128e-08,0.0070426471
2.539128e-08,0.0070124885
2.549128e-08,0.0069715591
2.559128e-08,0.0069406824
2.569128e-08,0.0069392463
2.579128e-08,0.006970841
2.589128e-08,0.0070225414
2.599128e-08,0.0070692153
2.609128e-08,0.0070886029
2.619128e-08,0.0070706514
2.629128e-08,0.0070254136
2.639128e-08,0.0069737132
2.649128e-08,0.0069392463
2.659128e-08,0.0069335018
2.669128e-08,0.0069507353
2.679128e-08,0.006970841
2.689128e-08,0.0069737132
2.699128e-08,0.0069492992
2.709128e-08,0.0069040614
2.719128e-08,0.0068588235
2.729128e-08,0.0068358456
2.739128e-08,0.0068466165
2.749128e-08,0.0068853918
2.759128e-08,0.0069320657
2.769128e-08,0.0069622243
2.779128e-08,0.0069615062
2.789128e-08,0.0069306296
2.799128e-08,0.0068853918
2.809128e-08,0.0068473346
2.819128e-08,0.0068308192
2.829128e-08,0.0068365636
2.839128e-08,0.0068516429
2.849128e-08,0.0068588235
2.859128e-08,0.0068458984
2.869128e-08,0.0068135857
2.879128e-08,0.0067733743
2.889128e-08,0.0067439338
2.899128e-08,0.0067360352
2.909128e-08,0.0067489602
2.919128e-08,0.0067726563
2.929128e-08,0.0067898897
2.939128e-08,0.0067898897
2.949128e-08,0.0067712201
2.959128e-08,0.0067439338
2.969128e-08,0.0067209559
2.979128e-08,0.006710903
2.989128e-08,0.0067123392
2.999128e-08,0.0067159295
3.009128e-08,0.0067094669
3.019128e-08,0.0066857709
3.029128e-08,0.0066491498
3.039128e-08,0.0066096565
3.049128e-08,0.0065830882
3.059128e-08,0.0065759076
3.069128e-08,0.0065859605
3.079128e-08,0.0066003217
3.089128e-08,0.0066060662
3.099128e-08,0.0065931411
3.109128e-08,0.0065644187
3.119128e-08,0.0065292337
3.129128e-08,0.0065026654
3.139128e-08,0.0064926126
3.149128e-08,0.006497639
3.159128e-08,0.006509128
3.169128e-08,0.0065141544
3.179128e-08,0.0065048196
3.189128e-08,0.0064825597
3.199128e-08,0.0064552734
3.209128e-08,0.0064337316
3.219128e-08,0.0064251149
3.229128e-08,0.0064272691
3.239128e-08,0.0064337316
3.249128e-08,0.0064337316
3.259128e-08,0.0064236788
3.269128e-08,0.0064050092
3.279128e-08,0.0063870577
3.289128e-08,0.0063762868
3.299128e-08,0.0063755687
3.309128e-08,0.0063784409
3.319128e-08,0.0063741326
3.329128e-08,0.0063533088
3.339128e-08,0.0063138155
3.349128e-08,0.0062635512
3.359128e-08,0.0062183134
3.369128e-08,0.0061924632
3.379128e-08,0.0061931813
3.389128e-08,0.0062154412
3.399128e-08,0.0062434455
3.409128e-08,0.0062613971
3.419128e-08,0.0062570887
3.429128e-08,0.0062298024
3.439128e-08,0.0061888729
3.449128e-08,0.0061465074
3.459128e-08,0.0061134766
3.469128e-08,0.0060933709
3.479128e-08,0.0060797277
3.489128e-08,0.0060660846
3.499128e-08,0.0060466969
3.509128e-08,0.0060222829
3.519128e-08,0.0059993049
3.529128e-08,0.0059856618
3.539128e-08,0.0059842256
3.549128e-08,0.0059914062
3.559128e-08,0.0059985869
3.569128e-08,0.0059971507
3.579128e-08,0.0059813534
3.589128e-08,0.005952631
3.599128e-08,0.0059203182
3.609128e-08,0.00589375
3.619128e-08,0.0058779527
3.629128e-08,0.0058729262
3.639128e-08,0.0058722082
3.649128e-08,0.0058707721
3.659128e-08,0.0058643095
3.669128e-08,0.0058549747
3.679128e-08,0.0058485122
3.689128e-08,0.0058477941
3.699128e-08,0.0058528205
3.709128e-08,0.005857847
3.719128e-08,0.0058542567
3.729128e-08,0.0058363051
3.739128e-08,0.0058047105
3.749128e-08,0.0057695255
3.759128e-08,0.0057422392
3.769128e-08,0.0057329044
3.779128e-08,0.0057422392
3.789128e-08,0.0057623449
3.799128e-08,0.0057788603
3.809128e-08,0.0057788603
3.819128e-08,0.0057580365
3.829128e-08,0.0057228516
3.839128e-08,0.0056869485
3.849128e-08,0.0056639706
3.859128e-08,0.0056610983
3.869128e-08,0.0056740234
3.879128e-08,0.0056912569
3.889128e-08,0.0056984375
3.899128e-08,0.0056862305
3.909128e-08,0.0056553539
3.919128e-08,0.0056172966
3.929128e-08,0.0055835478
3.939128e-08,0.0055655963
3.949128e-08,0.0055641602
3.959128e-08,0.0055734949
3.969128e-08,0.0055835478
3.979128e-08,0.00558642
3.989128e-08,0.0055799575
3.999128e-08,0.0055691866
4.009128e-08,0.0055605699
4.019128e-08,0.0055591337
4.029128e-08,0.0055648782
4.039128e-08,0.0055720588
4.049128e-08,0.0055720588
4.059128e-08,0.0055612879
4.069128e-08,0.0055411822
4.079128e-08,0.0055189223
4.089128e-08,0.005503125
4.099128e-08,0.0054988166
4.109128e-08,0.0055052792
4.119128e-08,0.0055174862
4.129128e-08,0.0055261029
4.139128e-08,0.0055261029
4.149128e-08,0.0055167682
4.159128e-08,0.005503125
4.169128e-08,0.005491636
4.179128e-08,0.0054866096
4.189128e-08,0.0054887638
4.199128e-08,0.0054923541
4.209128e-08,0.005491636
4.219128e-08,0.0054823012
4.229128e-08,0.0054650678
4.239128e-08,0.005443526
4.249128e-08,0.0054227022
4.259128e-08,0.0054054687
4.269128e-08,0.0053903895
4.279128e-08,0.0053745921
4.289128e-08,0.0053537684
4.299128e-08,0.0053279182
4.309128e-08,0.005302068
4.319128e-08,0.0052812443
4.329128e-08,0.0052733456
4.339128e-08,0.005278372
4.349128e-08,0.0052920152
4.359128e-08,0.0053049403
4.369128e-08,0.0053078125
4.379128e-08,0.0052963235
4.389128e-08,0.0052726275
4.399128e-08,0.005243187
4.409128e-08,0.0052159007
4.419128e-08,0.0051972312
4.429128e-08,0.0051878964
4.439128e-08,0.0051843061
4.449128e-08,0.0051814338
4.459128e-08,0.0051771255
4.469128e-08,0.0051728171
4.479128e-08,0.0051728171
4.489128e-08,0.0051814338
4.499128e-08,0.0051993853
4.509128e-08,0.0052223633
4.519128e-08,0.005242469
4.529128e-08,0.0052503676
4.539128e-08,0.005243187
4.549128e-08,0.0052237994
4.559128e-08,0.0052001034
4.569128e-08,0.0051814338
4.579128e-08,0.0051735352
4.589128e-08,0.0051771255
4.599128e-08,0.0051864602
4.609128e-08,0.0051929228
4.619128e-08,0.0051914867
4.629128e-08,0.0051799977
4.639128e-08,0.0051627642
4.649128e-08,0.0051469669
4.659128e-08,0.0051376321
4.669128e-08,0.0051369141
4.679128e-08,0.0051419405
4.689128e-08,0.0051469669
4.699128e-08,0.005147685
4.709128e-08,0.0051412224
4.719128e-08,0.0051282973
4.729128e-08,0.0051125
4.739128e-08,0.0050959846
4.749128e-08,0.0050801873
4.759128e-08,0.0050629538
4.769128e-08,0.0050435662
4.779128e-08,0.0050205882
4.789128e-08,0.0049954561
4.799128e-08,0.0049717601
4.809128e-08,0.0049516544
4.819128e-08,0.0049365751
4.829128e-08,0.00492365
4.839128e-08,0.004910725
4.849128e-08,0.0048942096
4.859128e-08,0.0048733858
4.869128e-08,0.0048504079
4.879128e-08,0.0048295841
4.889128e-08,0.0048137868
4.899128e-08,0.0048037339
4.909128e-08,0.0047958352
4.919128e-08,0.0047850643
4.929128e-08,0.0047678309
4.939128e-08,0.0047426988
4.949128e-08,0.0047132583
4.959128e-08,0.0046852539
4.969128e-08,0.0046644301
4.979128e-08,0.0046536592
4.989128e-08,0.0046515051
4.999128e-08,0.0046536592
5.009128e-08,0.0046529412
5.019128e-08,0.0046464786
5.029128e-08,0.0046349897
5.039128e-08,0.0046206284
5.049128e-08,0.0046069853
5.059128e-08,0.0045962144
5.069128e-08,0.0045875977
5.079128e-08,0.0045768267
5.089128e-08,0.0045610294
5.099128e-08,0.0045380515
5.109128e-08,0.0045100471
5.119128e-08,0.0044813247
5.129128e-08,0.0044576287
5.139128e-08,0.0044411133
5.149128e-08,0.0044324966
5.159128e-08,0.0044274701
5.169128e-08,0.0044231618
5.179128e-08,0.0044159812
5.189128e-08,0.0044052102
5.199128e-08,0.0043922852
5.209128e-08,0.0043772059
5.219128e-08,0.0043606905
5.229128e-08,0.004342739
5.239128e-08,0.0043211972
5.249128e-08,0.0042967831
5.259128e-08,0.004271651
5.269128e-08,0.0042493911
5.279128e-08,0.0042350299
5.289128e-08,0.0042278493
5.299128e-08,0.0042264131
5.309128e-08,0.0042256951
5.319128e-08,0.0042192325
5.329128e-08,0.0042048713
5.339128e-08,0.0041826114
5.349128e-08,0.0041581974
5.359128e-08,0.0041380917
5.369128e-08,0.0041244485
5.379128e-08,0.004117986
5.389128e-08,0.0041136776
5.399128e-08,0.0041050609
5.409128e-08,0.0040899816
5.419128e-08,0.0040698759
5.429128e-08,0.0040512063
5.439128e-08,0.0040411535
5.449128e-08,0.0040440257
5.459128e-08,0.0040583869
5.469128e-08,0.0040756204
5.479128e-08,0.0040849552
5.489128e-08,0.0040784926
5.499128e-08,0.0040547966
5.509128e-08,0.0040203297
5.519128e-08,0.0039865809
5.529128e-08,0.0039636029
5.539128e-08,0.0039571404
5.549128e-08,0.0039628849
5.559128e-08,0.0039722197
5.569128e-08,0.0039750919
5.579128e-08,0.0039650391
5.589128e-08,0.0039427792
5.599128e-08,0.0039162109
5.609128e-08,0.0038946691
5.619128e-08,0.0038831801
5.629128e-08,0.0038824621
5.639128e-08,0.0038853343
5.649128e-08,0.0038831801
5.659128e-08,0.0038709731
5.669128e-08,0.0038487132
5.679128e-08,0.0038235811
5.689128e-08,0.0038027574
5.699128e-08,0.0037941406
5.709128e-08,0.0037977309
5.719128e-08,0.0038077838
5.729128e-08,0.0038142463
5.739128e-08,0.0038092199
5.749128e-08,0.0037883961
5.759128e-08,0.0037568015
5.769128e-08,0.0037223346
5.779128e-08,0.0036957663
5.789128e-08,0.0036835593
5.799128e-08,0.0036864315
5.809128e-08,0.0036993566
5.819128e-08,0.0037129998
5.829128e-08,0.0037194623
5.839128e-08,0.003715154
5.849128e-08,0.0036993566
5.859128e-08,0.0036770967
5.869128e-08,0.0036548369
5.879128e-08,0.0036383215
5.889128e-08,0.0036304228
5.899128e-08,0.003632577
5.909128e-08,0.0036419118
5.919128e-08,0.0036541188
5.929128e-08,0.0036648897
5.939128e-08,0.0036691981
5.949128e-08,0.0036641716
5.959128e-08,0.0036498104
5.969128e-08,0.0036304228
5.979128e-08,0.0036117532
5.989128e-08,0.0035988281
5.999128e-08,0.0035981101
6.009128e-08,0.0036074449
6.019128e-08,0.0036232422
6.029128e-08,0.0036368853
6.039128e-08,0.0036404756
6.049128e-08,0.0036304228
6.059128e-08,0.0036074449
6.069128e-08,0.0035787224
6.079128e-08,0.0035535903
6.089128e-08,0.003538511
6.099128e-08,0.003537793
6.109128e-08,0.0035478458
6.119128e-08,0.0035629251
6.129128e-08,0.0035729779
6.139128e-08,0.0035729779
6.149128e-08,0.003562207
6.159128e-08,0.0035413833
6.169128e-08,0.0035155331
6.179128e-08,0.0034882468
6.189128e-08,0.0034623966
6.199128e-08,0.0034372645
6.209128e-08,0.0034121324
6.219128e-08,0.0033884364
6.229128e-08,0.0033690487
6.239128e-08,0.0033575597
6.249128e-08,0.0033546875
6.259128e-08,0.003360432
6.269128e-08,0.0033704848
6.279128e-08,0.0033783835
6.289128e-08,0.0033776654
6.299128e-08,0.0033661765
6.309128e-08,0.0033453527
6.319128e-08,0.0033202206
6.329128e-08,0.0032972426
6.339128e-08,0.0032814453
6.349128e-08,0.0032742647
6.359128e-08,0.0032728286
6.369128e-08,0.0032742647
6.379128e-08,0.0032742647
6.389128e-08,0.0032721105
6.399128e-08,0.0032678022
6.409128e-08,0.0032627757
6.419128e-08,0.0032584674
6.429128e-08,0.0032534409
6.439128e-08,0.0032476965
6.449128e-08,0.0032397978
6.459128e-08,0.0032297449
6.469128e-08,0.0032204102
6.479128e-08,0.0032153837
6.489128e-08,0.0032168199
6.499128e-08,0.0032247185
6.509128e-08,0.0032369256
6.519128e-08,0.0032469784
6.529128e-08,0.0032512868
6.539128e-08,0.0032469784
6.549128e-08,0.0032347714
6.559128e-08,0.0032196921
6.569128e-08,0.0032053309
6.579128e-08,0.0031959961
6.589128e-08,0.0031924058
6.599128e-08,0.0031931239
6.609128e-08,0.0031938419
6.619128e-08,0.0031924058
6.629128e-08,0.0031880974
6.639128e-08,0.0031801988
6.649128e-08,0.003170864
6.659128e-08,0.0031608111
6.669128e-08,0.0031500402
6.679128e-08,0.0031378332
6.689128e-08,0.0031249081
6.699128e-08,0.0031112649
6.709128e-08,0.0030976218
6.719128e-08,0.0030868509
6.729128e-08,0.0030789522
6.739128e-08,0.0030724897
6.749128e-08,0.003064591
6.759128e-08,0.0030516659
6.769128e-08,0.0030329963
6.779128e-08,0.0030085823
6.789128e-08,0.0029827321
6.799128e-08,0.0029590361
6.809128e-08,0.0029410846
6.819128e-08,0.0029295956
6.829128e-08,0.002922415
6.839128e-08,0.0029152344
6.849128e-08,0.0029066176
6.859128e-08,0.0028951287
6.869128e-08,0.0028836397
6.879128e-08,0.002875741
6.889128e-08,0.0028721507
6.899128e-08,0.0028728688
6.909128e-08,0.0028735869
6.919128e-08,0.0028707146
6.929128e-08,0.0028606618
6.939128e-08,0.0028448644
6.949128e-08,0.002827631
6.959128e-08,0.002816142
6.969128e-08,0.0028147059
6.979128e-08,0.0028240407
6.989128e-08,0.002839838
6.999128e-08,0.0028541992
7.009128e-08,0.0028606618
7.019128e-08,0.0028549173
7.029128e-08,0.002839838
7.039128e-08,0.0028197323
7.049128e-08,0.0028032169
7.059128e-08,0.0027946002
7.069128e-08,0.0027938821
7.079128e-08,0.0027989085
7.089128e-08,0.0028032169
7.099128e-08,0.0028024989
7.109128e-08,0.0027953182
7.119128e-08,0.0027831112
7.129128e-08,0.00276875
7.139128e-08,0.0027558249
7.149128e-08,0.002745054
7.159128e-08,0.0027342831
7.169128e-08,0.0027227941
7.179128e-08,0.0027084329
7.189128e-08,0.0026919175
7.199128e-08,0.0026768382
7.209128e-08,0.0026653493
7.219128e-08,0.0026588867
7.229128e-08,0.0026552964
7.239128e-08,0.0026509881
7.249128e-08,0.0026423713
7.259128e-08,0.002626574
7.269128e-08,0.0026050322
7.279128e-08,0.0025813362
7.289128e-08,0.0025619485
7.299128e-08,0.0025497415
7.309128e-08,0.0025447151
7.319128e-08,0.0025425609
7.329128e-08,0.0025389706
7.339128e-08,0.0025281997
7.349128e-08,0.002508812
7.359128e-08,0.002484398
7.369128e-08,0.0024585478
7.379128e-08,0.002437724
7.389128e-08,0.0024262351
7.399128e-08,0.0024226448
7.409128e-08,0.0024240809
7.419128e-08,0.002425517
7.429128e-08,0.0024233628
7.439128e-08,0.0024147461
7.449128e-08,0.0024011029
7.459128e-08,0.0023853056
7.469128e-08,0.0023709444
7.479128e-08,0.0023608915
7.489128e-08,0.0023551471
7.499128e-08,0.0023537109
7.509128e-08,0.002354429
7.519128e-08,0.0023551471
7.529128e-08,0.0023551471
7.539128e-08,0.0023537109
7.549128e-08,0.0023501206
7.559128e-08,0.0023465303
7.569128e-08,0.0023436581
7.579128e-08,0.002342222
7.589128e-08,0.002342222
7.599128e-08,0.00234294
7.609128e-08,0.0023436581
7.619128e-08,0.002342222
7.629128e-08,0.0023357594
7.639128e-08,0.0023249885
7.649128e-08,0.0023091912
7.659128e-08,0.0022912397
7.669128e-08,0.0022740062
7.679128e-08,0.0022603631
7.689128e-08,0.0022517463
7.699128e-08,0.0022467199
7.709128e-08,0.0022431296
7.719128e-08,0.0022381032
7.729128e-08,0.0022287684
7.739128e-08,0.0022151252
7.749128e-08,0.0021993279
7.759128e-08,0.0021842486
7.769128e-08,0.0021713235
7.779128e-08,0.0021627068
7.789128e-08,0.0021569623
7.799128e-08,0.002152654
7.809128e-08,0.0021483456
7.819128e-08,0.0021426011
7.829128e-08,0.0021368566
7.839128e-08,0.0021303941
7.849128e-08,0.0021253676
7.859128e-08,0.0021203412
7.869128e-08,0.0021138787
7.879128e-08,0.0021045439
7.889128e-08,0.0020909007
7.899128e-08,0.0020743853
7.909128e-08,0.0020571519
7.919128e-08,0.0020427907
7.929128e-08,0.0020334559
7.939128e-08,0.0020298656
7.949128e-08,0.0020291475
7.959128e-08,0.0020277114
7.969128e-08,0.0020219669
7.979128e-08,0.0020097599
7.989128e-08,0.0019918084
7.999128e-08,0.0019717027
8.009128e-08,0.0019530331
8.019128e-08,0.0019393899
8.029128e-08,0.0019300551
8.039128e-08,0.0019243107
8.049128e-08,0.0019185662
8.059128e-08,0.0019106675
8.069128e-08,0.0018991785
8.079128e-08,0.0018855354
8.089128e-08,0.0018726103
8.099128e-08,0.0018632755
8.109128e-08,0.0018582491
8.119128e-08,0.0018582491
8.129128e-08,0.0018611213
8.139128e-08,0.0018647116
8.149128e-08,0.0018668658
8.159128e-08,0.0018661477
8.169128e-08,0.0018611213
8.179128e-08,0.0018525046
8.189128e-08,0.0018410156
8.199128e-08,0.0018280905
8.209128e-08,0.0018151654
8.219128e-08,0.0018051126
8.229128e-08,0.001797932
8.239128e-08,0.0017943417
8.249128e-08,0.0017921875
8.259128e-08,0.0017893153
8.269128e-08,0.0017835708
8.279128e-08,0.0017720818
8.289128e-08,0.0017577206
8.299128e-08,0.0017426413
8.309128e-08,0.0017318704
8.319128e-08,0.0017289982
8.329128e-08,0.0017347426
8.339128e-08,0.0017462316
8.349128e-08,0.0017598748
8.359128e-08,0.0017684915
8.369128e-08,0.0017692096
8.379128e-08,0.0017613109
8.389128e-08,0.0017469497
8.399128e-08,0.0017289982
8.409128e-08,0.0017117647
8.419128e-08,0.0016952493
8.429128e-08,0.001679452
8.439128e-08,0.0016622185
8.449128e-08,0.0016428309
8.459128e-08,0.0016234432
8.469128e-08,0.0016069278
8.479128e-08,0.0015975931
8.489128e-08,0.001596875
8.499128e-08,0.0016026195
8.509128e-08,0.0016098001
8.519128e-08,0.0016126723
8.529128e-08,0.001608364
8.539128e-08,0.0015954389
8.549128e-08,0.0015782054
8.559128e-08,0.00156169
8.569128e-08,0.0015509191
8.579128e-08,0.0015473288
8.589128e-08,0.001549483
8.599128e-08,0.0015523552
8.609128e-08,0.0015509191
8.619128e-08,0.0015444566
8.629128e-08,0.0015358398
8.639128e-08,0.0015286592
8.649128e-08,0.0015279412
8.659128e-08,0.0015351218
8.669128e-08,0.001549483
8.679128e-08,0.0015638442
8.689128e-08,0.0015738971
8.699128e-08,0.0015760512
8.709128e-08,0.0015703068
8.719128e-08,0.0015602539
8.729128e-08,0.0015509191
8.739128e-08,0.0015458927
8.749128e-08,0.0015458927
8.759128e-08,0.0015487649
8.769128e-08,0.0015509191
8.779128e-08,0.001549483
8.789128e-08,0.0015437385
8.799128e-08,0.0015351218
8.809128e-08,0.0015279412
8.819128e-08,0.0015236328
8.829128e-08,0.0015229148
8.839128e-08,0.0015250689
8.849128e-08,0.0015279412
8.859128e-08,0.0015300954
8.869128e-08,0.0015308134
8.879128e-08,0.0015300954
8.889128e-08,0.0015279412
8.899128e-08,0.0015229148
8.909128e-08,0.0015128619
8.919128e-08,0.0014949104
8.929128e-08,0.0014704963
8.939128e-08,0.0014410558
8.949128e-08,0.0014123334
8.959128e-08,0.0013900735
8.969128e-08,0.0013785846
8.979128e-08,0.0013771484
8.989128e-08,0.0013814568
8.999128e-08,0.001384329
9.009128e-08,0.0013785846
9.019128e-08,0.001360633
9.029128e-08,0.0013333467
9.039128e-08,0.0013024701
9.049128e-08,0.0012751838
9.059128e-08,0.0012572323
9.069128e-08,0.0012478975
9.079128e-08,0.0012450253
9.089128e-08,0.0012407169
9.099128e-08,0.001229946
9.109128e-08,0.0012105584
9.119128e-08,0.0011854262
9.129128e-08,0.0011602941
9.139128e-08,0.0011416245
9.149128e-08,0.0011330078
9.159128e-08,0.0011330078
9.169128e-08,0.0011373162
9.179128e-08,0.0011387523
9.189128e-08,0.0011337259
9.199128e-08,0.0011208008
9.209128e-08,0.0011028493
9.219128e-08,0.0010856158
9.229128e-08,0.0010741268
9.239128e-08,0.0010726907
9.249128e-08,0.0010798713
9.259128e-08,0.0010935145
9.269128e-08,0.0011085937
9.279128e-08,0.0011200827
9.289128e-08,0.0011258272
9.299128e-08,0.0011258272
9.309128e-08,0.0011222369
9.319128e-08,0.0011172105
9.329128e-08,0.0011143382
9.339128e-08,0.0011143382
9.349128e-08,0.0011179285
9.359128e-08,0.0011222369
9.369128e-08,0.0011258272
9.379128e-08,0.0011251091
9.389128e-08,0.0011193647
9.399128e-08,0.0011071576
9.409128e-08,0.0010913603
9.419128e-08,0.0010741268
9.429128e-08,0.0010590476
9.439128e-08,0.0010489947
9.449128e-08,0.0010454044
9.459128e-08,0.0010482767
9.469128e-08,0.0010554573
9.479128e-08,0.0010626379
9.489128e-08,0.0010683824
9.499128e-08,0.0010698185
9.509128e-08,0.0010669462
9.519128e-08,0.0010619198
9.529128e-08,0.0010568934
9.539128e-08,0.001052585
9.549128e-08,0.0010504308
9.559128e-08,0.0010489947
9.569128e-08,0.0010454044
9.579128e-08,0.0010389419
9.589128e-08,0.001028171
9.599128e-08,0.0010138097
9.609128e-08,0.00099944853
9.619128e-08,0.0009872415
9.629128e-08,0.00098077895
9.639128e-08,0.00098149701
9.649128e-08,0.00098795956
9.659128e-08,0.00099873047
9.669128e-08,0.0010102194
9.679128e-08,0.0010188362
9.689128e-08,0.0010224265
9.699128e-08,0.0010195542
9.709128e-08,0.0010109375
9.719128e-08,0.00099944853
9.729128e-08,0.00098795956
9.739128e-08,0.00097790671
9.749128e-08,0.00096928998
9.759128e-08,0.00096210937
9.769128e-08,0.00095349265
9.779128e-08,0.00094200368
9.789128e-08,0.00092548828
9.799128e-08,0.00090610064
9.809128e-08,0.00088455882
9.819128e-08,0.00086445312
9.829128e-08,0.00084793773
9.839128e-08,0.0008357307
9.849128e-08,0.00082711397
9.859128e-08,0.00081993336
9.869128e-08,0.00081059858
9.879128e-08,0.00079767348
9.889128e-08,0.00078115809
9.899128e-08,0.00076248851
9.909128e-08,0.00074525506
9.919128e-08,0.0007316119
9.929128e-08,0.00072371324
9.939128e-08,0.00072084099
9.949128e-08,0.00071940487
9.959128e-08,0.00071725069
9.969128e-08,0.00071222426
9.979128e-08,0.0007043256
9.989128e-08,0.00069570887
9.999128e-08,0.00068996438
1.000913e-07,0.00068924632
1.001913e-07,0.00069355469
1.002913e-07,0.00070073529
1.003913e-07,0.0007043256
1.004913e-07,0.00070073529
1.005913e-07,0.00068709214
1.006913e-07,0.00066483226
1.007913e-07,0.0006404182
1.008913e-07,0.0006203125
1.009913e-07,0.00061097771
1.010913e-07,0.00061456801
1.011913e-07,0.00062749311
1.012913e-07,0.00064329044
1.013913e-07,0.00065262523
1.014913e-07,0.00064975299
1.015913e-07,0.00063323759
1.016913e-07,0.00060882353
1.017913e-07,0.00058297335
1.018913e-07,0.00056358571
1.019913e-07,0.00055425092
1.020913e-07,0.00055137868
1.021913e-07,0.00054922449
1.022913e-07,0.00054132583
1.023913e-07,0.00052193819
1.024913e-07,0.00049393382
1.025913e-07,0.00046449334
1.026913e-07,0.00044295152
1.027913e-07,0.00043720703
1.028913e-07,0.00044797794
1.029913e-07,0.00046951976
1.030913e-07,0.00049177964
1.031913e-07,0.00050183249
1.032913e-07,0.00049393382
1.033913e-07,0.0004688017
1.034913e-07,0.00043433479
1.035913e-07,0.000401304
1.036913e-07,0.00037904412
1.037913e-07,0.00036970933
1.038913e-07,0.00037042739
1.039913e-07,0.00037258157
1.040913e-07,0.00036755515
1.041913e-07,0.00035247587
1.042913e-07,0.00033093405
1.043913e-07,0.00031011029
1.044913e-07,0.00029862132
1.045913e-07,0.00030221163
1.046913e-07,0.00031800896
1.047913e-07,0.00033955078
1.048913e-07,0.00035606618
1.049913e-07,0.00035965648
1.050913e-07,0.00034744945
1.051913e-07,0.00032447151
1.052913e-07,0.00029862132
1.053913e-07,0.00027923369
1.054913e-07,0.00027277114
1.055913e-07,0.0002770795
1.056913e-07,0.00028713235
1.057913e-07,0.00029574908
1.058913e-07,0.00029503102
1.059913e-07,0.00028426011
1.060913e-07,0.00026415441
1.061913e-07,0.00024045841
1.062913e-07,0.00021963465
1.063913e-07,0.00020383732
1.064913e-07,0.00019522059
1.065913e-07,0.00019163028
1.066913e-07,0.00019019416
1.067913e-07,0.00018803998
1.068913e-07,0.00018373162
1.069913e-07,0.00017726907
1.070913e-07,0.0001693704
1.071913e-07,0.00016003562
1.072913e-07,0.00014926471
1.073913e-07,0.00013705767
1.074913e-07,0.00012413258
1.075913e-07,0.00011264361
1.076913e-07,0.00010330882
1.077913e-07,9.8282399e-05
1.078913e-07,9.7564338e-05
1.079913e-07,9.971852e-05
1.080913e-07,0.00010330882
1.081913e-07,0.00010546301
1.082913e-07,0.00010546301
1.083913e-07,0.00010402688
1.084913e-07,0.00010330882
1.085913e-07,0.00010474494
1.086913e-07,0.00011048943
1.087913e-07,0.0001183881
1.088913e-07,0.00012628676
1.089913e-07,0.00013131319
1.090913e-07,0.00012987707
1.091913e-07,0.00012413258
1.092913e-07,0.00011479779
1.093913e-07,0.00010761719
1.094913e-07,0.00010618107
1.095913e-07,0.00011336167
1.096913e-07,0.00012628676
1.097913e-07,0.00014136604
1.098913e-07,0.00015285501
1.099913e-07,0.00015572725
1.100913e-07,0.00014926471
1.101913e-07,0.00013562155
1.102913e-07,0.00011982422
1.103913e-07,0.00010833525
1.104913e-07,0.00010330882
1.105913e-07,0.00010618107
1.106913e-07,0.00011192555
1.107913e-07,0.00011695198
1.108913e-07,0.00011479779
1.109913e-07,0.00010474494
1.110913e-07,8.822955e-05
1.111913e-07,7.0996094e-05
1.112913e-07,5.7352941e-05
1.113913e-07,5.1608456e-05
1.114913e-07,5.3044577e-05
1.115913e-07,5.7352941e-05
1.116913e-07,5.7352941e-05
1.117913e-07,4.8736213e-05
1.118913e-07,2.9348575e-05
1.119913e-07,3.4983915e-06
1.120913e-07,-2.3069853e-05
1.121913e-07,-4.173943e-05
1.122913e-07,-4.8920037e-05
1.123913e-07,-4.3893612e-05
1.124913e-07,-3.4558824e-05
1.125913e-07,-2.9532399e-05
1.126913e-07,-3.8149127e-05
1.127913e-07,-6.328125e-05
1.128913e-07,-0.00010349265
1.129913e-07,-0.00015016659
1.130913e-07,-0.00019181411
1.131913e-07,-0.00021981847
1.132913e-07,-0.00022987132
1.133913e-07,-0.00022556296
1.134913e-07,-0.00021407399
1.135913e-07,-0.00020545726
1.136913e-07,-0.00020689338
1.137913e-07,-0.00021981847
1.138913e-07,-0.00024207835
1.139913e-07,-0.00026649242
1.140913e-07,-0.00028731618
1.141913e-07,-0.00030095933
1.142913e-07,-0.00030742187
1.143913e-07,-0.00030957606
1.144913e-07,-0.00031029412
1.145913e-07,-0.00031316636
1.146913e-07,-0.00031891085
1.147913e-07,-0.00032609145
1.148913e-07,-0.00033327206
1.149913e-07,-0.00034045267
1.150913e-07,-0.00034763327
1.151913e-07,-0.00035625
1.152913e-07,-0.00036773897
1.153913e-07,-0.00038066406
1.154913e-07,-0.00039071691
1.155913e-07,-0.00039502528
1.156913e-07,-0.00039071691
1.157913e-07,-0.00037707376
1.158913e-07,-0.00035696806
1.159913e-07,-0.00033686236
1.160913e-07,-0.00032178309
1.161913e-07,-0.0003160386
1.162913e-07,-0.00032034697
1.163913e-07,-0.00033111788
1.164913e-07,-0.00034476103
1.165913e-07,-0.00035625
1.166913e-07,-0.00036199449
1.167913e-07,-0.00036199449
1.168913e-07,-0.00035625
1.169913e-07,-0.00034619715
1.170913e-07,-0.00033327206
1.171913e-07,-0.00031675666
1.172913e-07,-0.00029880515
1.173913e-07,-0.00028085363
1.174913e-07,-0.0002650563
1.175913e-07,-0.00025500345
1.176913e-07,-0.00025284926
1.177913e-07,-0.00025787569
1.178913e-07,-0.00026792854
1.179913e-07,-0.00027941751
1.180913e-07,-0.00028731618
1.181913e-07,-0.00028947036
1.182913e-07,-0.00028731618
1.183913e-07,-0.00028157169
1.184913e-07,-0.00027582721
1.185913e-07,-0.00027295496
1.186913e-07,-0.00027295496
1.187913e-07,-0.00027510915
1.188913e-07,-0.00027582721
1.189913e-07,-0.00027439108
1.190913e-07,-0.0002722369
1.191913e-07,-0.00027151884
1.192913e-07,-0.00027582721
1.193913e-07,-0.0002887523
1.194913e-07,-0.00031029412
1.195913e-07,-0.00033758042
1.196913e-07,-0.00036773897
1.197913e-07,-0.00039430722
1.198913e-07,-0.00041369485
1.199913e-07,-0.0004237477
1.200913e-07,-0.00042518382
1.201913e-07,-0.0004201574
1.202913e-07,-0.00041082261
1.203913e-07,-0.0004000517
1.204913e-07,-0.00039071691
1.205913e-07,-0.00038353631
1.206913e-07,-0.00038138212
1.207913e-07,-0.00038353631
1.208913e-07,-0.00039071691
1.209913e-07,-0.00040292394
1.210913e-07,-0.00041872128
1.211913e-07,-0.00043451861
1.212913e-07,-0.00044816176
1.213913e-07,-0.00045749655
1.214913e-07,-0.00046180492
1.215913e-07,-0.00046180492
1.216913e-07,-0.00045965074
1.217913e-07,-0.00045749655
1.218913e-07,-0.00045821461
1.219913e-07,-0.00046252298
1.220913e-07,-0.00047113971
1.221913e-07,-0.00048334674
1.222913e-07,-0.00049842601
1.223913e-07,-0.00051422335
1.224913e-07,-0.00052858456
1.225913e-07,-0.00054079159
1.226913e-07,-0.00055012638
1.227913e-07,-0.00055658892
1.228913e-07,-0.00056305147
1.229913e-07,-0.00057095014
1.230913e-07,-0.00058315717
1.231913e-07,-0.00059967256
1.232913e-07,-0.00062049632
1.233913e-07,-0.00064203814
1.234913e-07,-0.0006592716
1.235913e-07,-0.00066788833
1.236913e-07,-0.00066645221
1.237913e-07,-0.00065639936
1.238913e-07,-0.00064203814
1.239913e-07,-0.00063198529
1.240913e-07,-0.00063198529
1.241913e-07,-0.00064562845
1.242913e-07,-0.00067147863
1.243913e-07,-0.00070450942
1.244913e-07,-0.00073538603
1.245913e-07,-0.00075692785
1.246913e-07,-0.00076482652
1.247913e-07,-0.00075980009
1.248913e-07,-0.000746875
1.249913e-07,-0.00073323185
1.250913e-07,-0.00072605124
1.251913e-07,-0.0007267693
1.252913e-07,-0.00073538603
1.253913e-07,-0.000746875
1.254913e-07,-0.00075620979
1.255913e-07,-0.00075980009
1.256913e-07,-0.00075836397
1.257913e-07,-0.00075405561
1.258913e-07,-0.00075261949
1.259913e-07,-0.00075764591
1.260913e-07,-0.00076985294
1.261913e-07,-0.00078636834
1.262913e-07,-0.00080288373
1.263913e-07,-0.00081365464
1.264913e-07,-0.00081580882
1.265913e-07,-0.00080934628
1.266913e-07,-0.00079857537
1.267913e-07,-0.00078780446
1.268913e-07,-0.00078134191
1.269913e-07,-0.00078205997
1.270913e-07,-0.00078780446
1.271913e-07,-0.00079642119
1.272913e-07,-0.00080431985
1.273913e-07,-0.0008107824
1.274913e-07,-0.00081509076
1.275913e-07,-0.00082011719
1.276913e-07,-0.00082729779
1.277913e-07,-0.00083735064
1.278913e-07,-0.00084812155
1.279913e-07,-0.00085745634
1.280913e-07,-0.00086176471
1.281913e-07,-0.00086104665
1.282913e-07,-0.00085673828
1.283913e-07,-0.00085171186
1.284913e-07,-0.00085027574
1.285913e-07,-0.0008545841
1.286913e-07,-0.00086391889
1.287913e-07,-0.00087540786
1.288913e-07,-0.00088474265
1.289913e-07,-0.00088833295
1.290913e-07,-0.00088546071
1.291913e-07,-0.0008782801
1.292913e-07,-0.00087325368
1.293913e-07,-0.00087397174
1.294913e-07,-0.00088258847
1.295913e-07,-0.00089910386
1.296913e-07,-0.00091920956
1.297913e-07,-0.00093787914
1.298913e-07,-0.00095008617
1.299913e-07,-0.00095439453
1.300913e-07,-0.00095367647
1.301913e-07,-0.00095080423
1.302913e-07,-0.00095080423
1.303913e-07,-0.00095511259
1.304913e-07,-0.00096516544
1.305913e-07,-0.00097737247
1.306913e-07,-0.00098886144
1.307913e-07,-0.00099604205
1.308913e-07,-0.00099963235
1.309913e-07,-0.0010003504
1.310913e-07,-0.0010003504
1.311913e-07,-0.0010039407
1.312913e-07,-0.0010111213
1.313913e-07,-0.0010211742
1.314913e-07,-0.0010319451
1.315913e-07,-0.0010405618
1.316913e-07,-0.0010455882
1.317913e-07,-0.0010477424
1.318913e-07,-0.0010484605
1.319913e-07,-0.0010513327
1.320913e-07,-0.0010570772
1.321913e-07,-0.0010671301
1.322913e-07,-0.0010793371
1.323913e-07,-0.0010922622
1.324913e-07,-0.0011030331
1.325913e-07,-0.0011116498
1.326913e-07,-0.0011195485
1.327913e-07,-0.0011281652
1.328913e-07,-0.0011375
1.329913e-07,-0.0011482709
1.330913e-07,-0.0011576057
1.331913e-07,-0.0011626321
1.332913e-07,-0.0011604779
1.333913e-07,-0.0011518612
1.334913e-07,-0.0011396542
1.335913e-07,-0.0011288833
1.336913e-07,-0.001126011
1.337913e-07,-0.0011346278
1.338913e-07,-0.0011540154
1.339913e-07,-0.0011805836
1.340913e-07,-0.0012064338
1.341913e-07,-0.0012236673
1.342913e-07,-0.0012265395
1.343913e-07,-0.0012150506
1.344913e-07,-0.0011949449
1.345913e-07,-0.001173403
1.346913e-07,-0.0011597599
1.347913e-07,-0.0011590418
1.348913e-07,-0.0011719669
1.349913e-07,-0.0011935087
1.350913e-07,-0.0012164867
1.351913e-07,-0.0012337201
1.352913e-07,-0.0012409007
1.353913e-07,-0.0012387466
1.354913e-07,-0.001232284
1.355913e-07,-0.0012272576
1.356913e-07,-0.0012294118
1.357913e-07,-0.0012409007
1.358913e-07,-0.0012595703
1.359913e-07,-0.0012811121
1.360913e-07,-0.0012983456
1.361913e-07,-0.0013076804
1.362913e-07,-0.0013091165
1.363913e-07,-0.0013040901
1.364913e-07,-0.0012983456
1.365913e-07,-0.0012969095
1.366913e-07,-0.001303372
1.367913e-07,-0.0013162971
1.368913e-07,-0.0013328125
1.369913e-07,-0.0013478918
1.370913e-07,-0.0013579446
1.371913e-07,-0.0013600988
1.372913e-07,-0.0013557904
1.373913e-07,-0.0013486098
1.374913e-07,-0.0013428653
1.375913e-07,-0.0013450195
1.376913e-07,-0.0013557904
1.377913e-07,-0.0013758961
1.378913e-07,-0.0014017463
1.379913e-07,-0.0014275965
1.380913e-07,-0.0014477022
1.381913e-07,-0.0014584731
1.382913e-07,-0.0014584731
1.383913e-07,-0.0014491383
1.384913e-07,-0.0014362132
1.385913e-07,-0.0014247243
1.386913e-07,-0.0014196978
1.387913e-07,-0.0014232881
1.388913e-07,-0.0014362132
1.389913e-07,-0.0014541648
1.390913e-07,-0.0014728343
1.391913e-07,-0.0014864775
1.392913e-07,-0.0014936581
1.393913e-07,-0.0014936581
1.394913e-07,-0.0014879136
1.395913e-07,-0.0014792969
1.396913e-07,-0.0014706801
1.397913e-07,-0.0014634995
1.398913e-07,-0.0014591912
1.399913e-07,-0.001457037
1.400913e-07,-0.0014591912
1.401913e-07,-0.0014656537
1.402913e-07,-0.0014757066
1.403913e-07,-0.0014900678
1.404913e-07,-0.0015051471
1.405913e-07,-0.0015173541
1.406913e-07,-0.0015238166
1.407913e-07,-0.0015230986
1.408913e-07,-0.001516636
1.409913e-07,-0.0015087374
1.410913e-07,-0.001504429
1.411913e-07,-0.0015073012
1.412913e-07,-0.001516636
1.413913e-07,-0.0015288431
1.414913e-07,-0.001539614
1.415913e-07,-0.0015432043
1.416913e-07,-0.001539614
1.417913e-07,-0.0015324334
1.418913e-07,-0.0015266889
1.419913e-07,-0.001528125
1.420913e-07,-0.001539614
1.421913e-07,-0.0015575655
1.422913e-07,-0.001575517
1.423913e-07,-0.0015862879
1.424913e-07,-0.0015855699
1.425913e-07,-0.0015747989
1.426913e-07,-0.0015590016
1.427913e-07,-0.0015460765
1.428913e-07,-0.001539614
1.429913e-07,-0.0015410501
1.430913e-07,-0.0015467946
1.431913e-07,-0.001551821
1.432913e-07,-0.0015511029
1.433913e-07,-0.0015460765
1.434913e-07,-0.0015410501
1.435913e-07,-0.0015410501
1.436913e-07,-0.0015511029
1.437913e-07,-0.0015690545
1.438913e-07,-0.0015898782
1.439913e-07,-0.0016049575
1.440913e-07,-0.0016085478
1.441913e-07,-0.0016006491
1.442913e-07,-0.0015862879
1.443913e-07,-0.001575517
1.444913e-07,-0.0015740809
1.445913e-07,-0.0015855699
1.446913e-07,-0.0016042394
1.447913e-07,-0.001622909
1.448913e-07,-0.0016315257
1.449913e-07,-0.0016272174
1.450913e-07,-0.0016128562
1.451913e-07,-0.0015956227
1.452913e-07,-0.0015855699
1.453913e-07,-0.001587724
1.454913e-07,-0.0016013672
1.455913e-07,-0.0016221909
1.456913e-07,-0.0016430147
1.457913e-07,-0.001658094
1.458913e-07,-0.0016659926
1.459913e-07,-0.0016710191
1.460913e-07,-0.0016774816
1.461913e-07,-0.0016889706
1.462913e-07,-0.001705486
1.463913e-07,-0.0017220014
1.464913e-07,-0.0017349265
1.465913e-07,-0.001740671
1.466913e-07,-0.001741389
1.467913e-07,-0.001741389
1.468913e-07,-0.0017464154
1.469913e-07,-0.0017593405
1.470913e-07,-0.0017801643
1.471913e-07,-0.0018038603
1.472913e-07,-0.0018268382
1.473913e-07,-0.0018447898
1.474913e-07,-0.0018562787
1.475913e-07,-0.0018648955
1.476913e-07,-0.0018727941
1.477913e-07,-0.0018814108
1.478913e-07,-0.0018893095
1.479913e-07,-0.001895054
1.480913e-07,-0.0018957721
1.481913e-07,-0.0018928998
1.482913e-07,-0.0018885915
1.483913e-07,-0.0018885915
1.484913e-07,-0.0018957721
1.485913e-07,-0.0019101333
1.486913e-07,-0.0019295209
1.487913e-07,-0.0019489085
1.488913e-07,-0.0019647059
1.489913e-07,-0.0019761949
1.490913e-07,-0.0019855296
1.491913e-07,-0.0019970186
1.492913e-07,-0.0020106618
1.493913e-07,-0.002025741
1.494913e-07,-0.00203723
1.495913e-07,-0.0020408203
1.496913e-07,-0.0020336397
1.497913e-07,-0.0020192785
1.498913e-07,-0.0020056353
1.499913e-07,-0.002001327
1.500913e-07,-0.0020106618
1.501913e-07,-0.0020322036
1.502913e-07,-0.0020587718
1.503913e-07,-0.0020810317
1.504913e-07,-0.0020910846
1.505913e-07,-0.0020889304
1.506913e-07,-0.0020810317
1.507913e-07,-0.0020752872
1.508913e-07,-0.0020795956
1.509913e-07,-0.0020946749
1.510913e-07,-0.0021147806
1.511913e-07,-0.002131296
1.512913e-07,-0.0021370404
1.513913e-07,-0.002131296
1.514913e-07,-0.0021190889
1.515913e-07,-0.0021104722
1.516913e-07,-0.0021140625
1.517913e-07,-0.0021305779
1.518913e-07,-0.00215571
1.519913e-07,-0.0021801241
1.520913e-07,-0.0021944853
1.521913e-07,-0.0021966395
1.522913e-07,-0.0021901769
1.523913e-07,-0.0021837144
1.524913e-07,-0.0021829963
1.525913e-07,-0.0021901769
1.526913e-07,-0.0021995117
1.527913e-07,-0.002203102
1.528913e-07,-0.0021944853
1.529913e-07,-0.0021729435
1.530913e-07,-0.0021463752
1.531913e-07,-0.0021277057
1.532913e-07,-0.0021255515
1.533913e-07,-0.002144221
1.534913e-07,-0.0021779699
1.535913e-07,-0.0022138729
1.536913e-07,-0.0022404412
1.537913e-07,-0.0022512121
1.538913e-07,-0.0022469037
1.539913e-07,-0.0022361328
1.540913e-07,-0.0022289522
1.541913e-07,-0.0022303883
1.542913e-07,-0.0022390051
1.543913e-07,-0.0022483398
1.544913e-07,-0.0022519301
1.545913e-07,-0.0022469037
1.546913e-07,-0.0022361328
1.547913e-07,-0.0022282341
1.548913e-07,-0.0022289522
1.549913e-07,-0.0022411592
1.550913e-07,-0.0022605469
1.551913e-07,-0.0022784984
1.552913e-07,-0.0022863971
1.553913e-07,-0.0022813706
1.554913e-07,-0.0022684455
1.555913e-07,-0.0022555205
1.556913e-07,-0.0022519301
1.557913e-07,-0.0022598288
1.558913e-07,-0.00227419
1.559913e-07,-0.002285679
1.560913e-07,-0.0022863971
1.561913e-07,-0.0022727539
1.562913e-07,-0.0022512121
1.563913e-07,-0.0022325425
1.564913e-07,-0.0022289522
1.565913e-07,-0.0022440315
1.566913e-07,-0.0022749081
1.567913e-07,-0.0023086569
1.568913e-07,-0.0023323529
1.569913e-07,-0.0023380974
1.570913e-07,-0.0023258904
1.571913e-07,-0.0023050666
1.572913e-07,-0.0022863971
1.573913e-07,-0.0022777803
1.574913e-07,-0.0022813706
1.575913e-07,-0.0022907054
1.576913e-07,-0.002297886
1.577913e-07,-0.0022964499
1.578913e-07,-0.002285679
1.579913e-07,-0.0022720358
1.580913e-07,-0.0022634191
1.581913e-07,-0.0022641372
1.582913e-07,-0.002273472
1.583913e-07,-0.0022835248
1.584913e-07,-0.0022863971
1.585913e-07,-0.0022749081
1.586913e-07,-0.0022512121
1.587913e-07,-0.0022203355
1.588913e-07,-0.0021944853
1.589913e-07,-0.0021808421
1.590913e-07,-0.0021815602
1.591913e-07,-0.0021923311
1.592913e-07,-0.0022059743
1.593913e-07,-0.0022138729
1.594913e-07,-0.0022124368
1.595913e-07,-0.0022045381
1.596913e-07,-0.0021944853
1.597913e-07,-0.0021880227
1.598913e-07,-0.0021865866
1.599913e-07,-0.0021901769
1.600913e-07,-0.0021944853
1.601913e-07,-0.0021966395
1.602913e-07,-0.0021952034
1.603913e-07,-0.0021937672
1.604913e-07,-0.0021944853
1.605913e-07,-0.0022002298
1.606913e-07,-0.0022095646
1.607913e-07,-0.0022203355
1.608913e-07,-0.0022289522
1.609913e-07,-0.0022339786
1.610913e-07,-0.0022361328
1.611913e-07,-0.0022411592
1.612913e-07,-0.0022519301
1.613913e-07,-0.0022713178
1.614913e-07,-0.0022964499
1.615913e-07,-0.0023230182
1.616913e-07,-0.0023438419
1.617913e-07,-0.0023553309
1.618913e-07,-0.0023574851
1.619913e-07,-0.0023517406
1.620913e-07,-0.0023438419
1.621913e-07,-0.0023366613
1.622913e-07,-0.002333071
1.623913e-07,-0.0023316349
1.624913e-07,-0.0023323529
1.625913e-07,-0.0023345071
1.626913e-07,-0.0023402516
1.627913e-07,-0.0023510225
1.628913e-07,-0.0023668199
1.629913e-07,-0.0023862075
1.630913e-07,-0.0024034409
1.631913e-07,-0.0024134938
1.632913e-07,-0.0024127757
1.633913e-07,-0.0024012868
1.634913e-07,-0.0023854894
1.635913e-07,-0.0023718463
1.636913e-07,-0.0023668199
1.637913e-07,-0.0023732824
1.638913e-07,-0.0023869256
1.639913e-07,-0.0024027229
1.640913e-07,-0.0024127757
1.641913e-07,-0.0024142119
1.642913e-07,-0.0024091854
1.643913e-07,-0.0024027229
1.644913e-07,-0.0024012868
1.645913e-07,-0.0024091854
1.646913e-07,-0.0024249828
1.647913e-07,-0.0024436523
1.648913e-07,-0.0024587316
1.649913e-07,-0.0024651942
1.650913e-07,-0.0024623219
1.651913e-07,-0.0024544233
1.652913e-07,-0.0024472426
1.653913e-07,-0.0024443704
1.654913e-07,-0.0024472426
1.655913e-07,-0.0024537052
1.656913e-07,-0.0024587316
1.657913e-07,-0.0024594497
1.658913e-07,-0.0024558594
1.659913e-07,-0.0024501149
1.660913e-07,-0.0024472426
1.661913e-07,-0.0024501149
1.662913e-07,-0.0024594497
1.663913e-07,-0.002475247
1.664913e-07,-0.0024931985
1.665913e-07,-0.002510432
1.666913e-07,-0.0025262293
1.667913e-07,-0.0025391544
1.668913e-07,-0.0025506434
1.669913e-07,-0.0025599782
1.670913e-07,-0.0025657227
1.671913e-07,-0.0025664407
1.672913e-07,-0.0025621324
1.673913e-07,-0.0025535156
1.674913e-07,-0.0025448989
1.675913e-07,-0.0025391544
1.676913e-07,-0.0025391544
1.677913e-07,-0.002545617
1.678913e-07,-0.0025563879
1.679913e-07,-0.0025671588
1.680913e-07,-0.0025736213
1.681913e-07,-0.0025757755
1.682913e-07,-0.0025743394
1.683913e-07,-0.0025729033
1.684913e-07,-0.0025736213
1.685913e-07,-0.0025779297
1.686913e-07,-0.0025843922
1.687913e-07,-0.0025908548
1.688913e-07,-0.0025965993
1.689913e-07,-0.0026023437
1.690913e-07,-0.0026102424
1.691913e-07,-0.0026238856
1.692913e-07,-0.0026425551
1.693913e-07,-0.0026633789
1.694913e-07,-0.0026820485
1.695913e-07,-0.0026906652
1.696913e-07,-0.002688511
1.697913e-07,-0.002676304
1.698913e-07,-0.0026605067
1.699913e-07,-0.0026475816
1.700913e-07,-0.0026425551
1.701913e-07,-0.0026468635
1.702913e-07,-0.0026554802
1.703913e-07,-0.0026633789
1.704913e-07,-0.0026655331
1.705913e-07,-0.0026626608
1.706913e-07,-0.0026583525
1.707913e-07,-0.0026576344
1.708913e-07,-0.0026655331
1.709913e-07,-0.0026798943
1.710913e-07,-0.0026971278
1.711913e-07,-0.0027086167
1.712913e-07,-0.002711489
1.713913e-07,-0.0027057445
1.714913e-07,-0.0026964097
1.715913e-07,-0.0026928194
1.716913e-07,-0.0027
1.717913e-07,-0.0027172335
1.718913e-07,-0.0027387753
1.719913e-07,-0.0027545726
1.720913e-07,-0.0027574449
1.721913e-07,-0.0027452378
1.722913e-07,-0.0027244141
1.723913e-07,-0.0027064625
1.724913e-07,-0.0027
1.725913e-07,-0.002711489
1.726913e-07,-0.0027366211
1.727913e-07,-0.0027667796
1.728913e-07,-0.0027919118
1.729913e-07,-0.0028048369
1.730913e-07,-0.002806273
1.731913e-07,-0.0028026827
1.732913e-07,-0.0028034007
1.733913e-07,-0.0028134536
1.734913e-07,-0.0028335593
1.735913e-07,-0.0028558192
1.736913e-07,-0.0028723346
1.737913e-07,-0.0028759249
1.738913e-07,-0.002865154
1.739913e-07,-0.0028457663
1.740913e-07,-0.0028263787
1.741913e-07,-0.0028148897
1.742913e-07,-0.0028134536
1.743913e-07,-0.0028199161
1.744913e-07,-0.0028263787
1.745913e-07,-0.0028263787
1.746913e-07,-0.0028156078
1.747913e-07,-0.0027983743
1.748913e-07,-0.0027804228
1.749913e-07,-0.0027689338
1.750913e-07,-0.0027674977
1.751913e-07,-0.0027768325
1.752913e-07,-0.0027919118
1.753913e-07,-0.0028055549
1.754913e-07,-0.0028127355
1.755913e-07,-0.0028112994
1.756913e-07,-0.0028034007
1.757913e-07,-0.0027919118
1.758913e-07,-0.0027811409
1.759913e-07,-0.0027732422
1.760913e-07,-0.0027689338
1.761913e-07,-0.0027674977
1.762913e-07,-0.0027667796
1.763913e-07,-0.0027674977
1.764913e-07,-0.0027689338
1.765913e-07,-0.002771088
1.766913e-07,-0.0027746783
1.767913e-07,-0.0027775506
1.768913e-07,-0.0027804228
1.769913e-07,-0.002782577
1.770913e-07,-0.0027840131
1.771913e-07,-0.0027868853
1.772913e-07,-0.0027919118
1.773913e-07,-0.0027990924
1.774913e-07,-0.002806273
1.775913e-07,-0.0028120175
1.776913e-07,-0.0028148897
1.777913e-07,-0.0028134536
1.778913e-07,-0.0028098633
1.779913e-07,-0.0028055549
1.780913e-07,-0.0028034007
1.781913e-07,-0.0028041188
1.782913e-07,-0.002806991
1.783913e-07,-0.0028105813
1.784913e-07,-0.0028148897
1.785913e-07,-0.00281848
1.786913e-07,-0.0028227884
1.787913e-07,-0.0028285329
1.788913e-07,-0.0028378676
1.789913e-07,-0.0028493566
1.790913e-07,-0.0028601275
1.791913e-07,-0.0028687443
1.792913e-07,-0.0028723346
1.793913e-07,-0.0028708984
1.794913e-07,-0.0028665901
1.795913e-07,-0.0028622817
1.796913e-07,-0.0028608456
1.797913e-07,-0.0028622817
1.798913e-07,-0.0028644359
1.799913e-07,-0.002865154
1.800913e-07,-0.0028608456
1.801913e-07,-0.0028515108
1.802913e-07,-0.0028385857
1.803913e-07,-0.0028249426
1.804913e-07,-0.0028148897
1.805913e-07,-0.0028091452
1.806913e-07,-0.002806991
1.807913e-07,-0.0028055549
1.808913e-07,-0.0028034007
1.809913e-07,-0.0027990924
1.810913e-07,-0.0027940659
1.811913e-07,-0.0027904756
1.812913e-07,-0.0027919118
1.813913e-07,-0.0027990924
1.814913e-07,-0.0028098633
1.815913e-07,-0.0028199161
1.816913e-07,-0.0028263787
1.817913e-07,-0.0028256606
1.818913e-07,-0.0028191981
1.819913e-07,-0.0028105813
1.820913e-07,-0.0028034007
1.821913e-07,-0.0028026827
1.822913e-07,-0.0028091452
1.823913e-07,-0.0028220703
1.824913e-07,-0.0028378676
1.825913e-07,-0.0028522289
1.826913e-07,-0.0028637178
1.827913e-07,-0.0028701804
1.828913e-07,-0.0028723346
1.829913e-07,-0.0028723346
1.830913e-07,-0.0028723346
1.831913e-07,-0.0028723346
1.832913e-07,-0.0028723346
1.833913e-07,-0.0028730526
1.834913e-07,-0.0028730526
1.835913e-07,-0.0028730526
1.836913e-07,-0.0028723346
1.837913e-07,-0.0028701804
1.838913e-07,-0.002865872
1.839913e-07,-0.0028586914
1.840913e-07,-0.0028493566
1.841913e-07,-0.0028400218
1.842913e-07,-0.0028321232
1.843913e-07,-0.0028278148
1.844913e-07,-0.0028263787
1.845913e-07,-0.0028263787
1.846913e-07,-0.0028242245
1.847913e-07,-0.0028170439
1.848913e-07,-0.0028034007
1.849913e-07,-0.0027854492
1.850913e-07,-0.0027674977
1.851913e-07,-0.0027531365
1.852913e-07,-0.0027459559
1.853913e-07,-0.0027466739
1.854913e-07,-0.0027517004
1.855913e-07,-0.0027567268
1.856913e-07,-0.0027574449
1.857913e-07,-0.0027517004
1.858913e-07,-0.0027394933
1.859913e-07,-0.0027251321
1.860913e-07,-0.002711489
1.861913e-07,-0.0027021542
1.862913e-07,-0.0026971278
1.863913e-07,-0.0026971278
1.864913e-07,-0.0027
1.865913e-07,-0.0027050264
1.866913e-07,-0.0027107709
1.867913e-07,-0.0027172335
1.868913e-07,-0.0027229779
1.869913e-07,-0.0027265682
1.870913e-07,-0.0027265682
1.871913e-07,-0.0027208238
1.872913e-07,-0.002711489
1.873913e-07,-0.0027007181
1.874913e-07,-0.0026935375
1.875913e-07,-0.0026935375
1.876913e-07,-0.0027
1.877913e-07,-0.002711489
1.878913e-07,-0.002723696
1.879913e-07,-0.0027315947
1.880913e-07,-0.0027344669
1.881913e-07,-0.0027344669
1.882913e-07,-0.002735185
1.883913e-07,-0.0027423656
1.884913e-07,-0.0027574449
1.885913e-07,-0.0027789867
1.886913e-07,-0.0028019646
1.887913e-07,-0.0028220703
1.888913e-07,-0.0028378676
1.889913e-07,-0.0028507927
1.890913e-07,-0.002865872
1.891913e-07,-0.00288885
1.892913e-07,-0.0029182904
1.893913e-07,-0.0029506032
1.894913e-07,-0.0029757353
1.895913e-07,-0.0029857881
1.896913e-07,-0.0029757353
1.897913e-07,-0.0029506032
1.898913e-07,-0.0029218807
1.899913e-07,-0.0029032112
1.900913e-07,-0.0029068015
1.901913e-07,-0.0029348058
1.902913e-07,-0.0029800437
1.903913e-07,-0.0030288718
1.904913e-07,-0.0030676471
1.905913e-07,-0.0030870347
1.906913e-07,-0.0030863166
1.907913e-07,-0.0030726735
1.908913e-07,-0.0030561581
1.909913e-07,-0.0030446691
1.910913e-07,-0.0030403608
1.911913e-07,-0.0030425149
1.912913e-07,-0.0030446691
1.913913e-07,-0.0030446691
1.914913e-07,-0.0030417969
1.915913e-07,-0.0030403608
1.916913e-07,-0.0030446691
1.917913e-07,-0.0030568761
1.918913e-07,-0.0030748277
1.919913e-07,-0.0030920611
1.920913e-07,-0.003102114
1.921913e-07,-0.0031006778
1.922913e-07,-0.0030884708
1.923913e-07,-0.0030712374
1.924913e-07,-0.0030561581
1.925913e-07,-0.0030496955
1.926913e-07,-0.0030518497
1.927913e-07,-0.0030597484
1.928913e-07,-0.0030676471
1.929913e-07,-0.0030705193
1.930913e-07,-0.0030683651
1.931913e-07,-0.0030619026
1.932913e-07,-0.0030561581
1.933913e-07,-0.003054722
1.934913e-07,-0.0030583123
1.935913e-07,-0.0030640568
1.936913e-07,-0.0030676471
1.937913e-07,-0.003066929
1.938913e-07,-0.0030604665
1.939913e-07,-0.0030518497
1.940913e-07,-0.0030446691
1.941913e-07,-0.0030403608
1.942913e-07,-0.0030396427
1.943913e-07,-0.0030382066
1.944913e-07,-0.0030331801
1.945913e-07,-0.0030231273
1.946913e-07,-0.0030087661
1.947913e-07,-0.0029951229
1.948913e-07,-0.0029872243
1.949913e-07,-0.0029886604
1.950913e-07,-0.0030001494
1.951913e-07,-0.0030166648
1.952913e-07,-0.0030331801
1.953913e-07,-0.0030446691
1.954913e-07,-0.0030475414
1.955913e-07,-0.003043233
1.956913e-07,-0.0030331801
1.957913e-07,-0.0030202551
1.958913e-07,-0.0030066119
1.959913e-07,-0.0029915326
1.960913e-07,-0.0029757353
1.961913e-07,-0.002959938
1.962913e-07,-0.0029470129
1.963913e-07,-0.0029398323
1.964913e-07,-0.0029412684
1.965913e-07,-0.0029513212
1.966913e-07,-0.0029671186
1.967913e-07,-0.002984352
1.968913e-07,-0.0029987132
1.969913e-07,-0.0030066119
1.970913e-07,-0.003008048
1.971913e-07,-0.0030044577
1.972913e-07,-0.0029987132
1.973913e-07,-0.0029915326
1.974913e-07,-0.002984352
1.975913e-07,-0.0029750172
1.976913e-07,-0.0029642463
1.977913e-07,-0.0029513212
1.978913e-07,-0.0029398323
1.979913e-07,-0.0029319336
1.980913e-07,-0.0029297794
1.981913e-07,-0.0029340878
1.982913e-07,-0.0029427045
1.983913e-07,-0.0029534754
1.984913e-07,-0.0029642463
1.985913e-07,-0.0029742992
1.986913e-07,-0.0029850701
1.987913e-07,-0.0029972771
1.988913e-07,-0.0030102022
1.989913e-07,-0.0030224092
1.990913e-07,-0.0030295898
1.991913e-07,-0.0030295898
1.992913e-07,-0.0030216912
1.993913e-07,-0.0030102022
1.994913e-07,-0.0030008674
1.995913e-07,-0.0029994313
1.996913e-07,-0.0030102022
1.997913e-07,-0.0030295898
1.998913e-07,-0.0030525678
1.999913e-07,-0.0030705193
2.000913e-07,-0.003079136
2.001913e-07,-0.0030798541
2.002913e-07,-0.0030769818
2.003913e-07,-0.003079136
2.004913e-07,-0.003090625
2.005913e-07,-0.0031128849
2.006913e-07,-0.0031401712
2.007913e-07,-0.0031653033
2.008913e-07,-0.0031825368
2.009913e-07,-0.0031904354
2.010913e-07,-0.0031918716
2.011913e-07,-0.0031947438
2.012913e-07,-0.0032055147
2.013913e-07,-0.0032249023
2.014913e-07,-0.0032493164
2.015913e-07,-0.0032715763
2.016913e-07,-0.0032859375
2.017913e-07,-0.0032895278
2.018913e-07,-0.0032859375
2.019913e-07,-0.0032823472
2.020913e-07,-0.0032859375
2.021913e-07,-0.0033002987
2.022913e-07,-0.0033232767
2.023913e-07,-0.0033476907
2.024913e-07,-0.0033663603
2.025913e-07,-0.003374977
2.026913e-07,-0.003374259
2.027913e-07,-0.0033692325
2.028913e-07,-0.0033663603
2.029913e-07,-0.0033699506
2.030913e-07,-0.0033792854
2.031913e-07,-0.0033907744
2.032913e-07,-0.0034008272
2.033913e-07,-0.0034051356
2.034913e-07,-0.0034051356
2.035913e-07,-0.0034022633
2.036913e-07,-0.0034008272
2.037913e-07,-0.0034008272
2.038913e-07,-0.0034008272
2.039913e-07,-0.003397955
2.040913e-07,-0.0033893382
2.041913e-07,-0.0033771312
2.042913e-07,-0.0033656422
2.043913e-07,-0.0033613339
2.044913e-07,-0.0033663603
2.045913e-07,-0.0033800034
2.046913e-07,-0.0033958008
2.047913e-07,-0.0034044175
2.048913e-07,-0.0034008272
2.049913e-07,-0.0033843118
2.050913e-07,-0.0033606158
2.051913e-07,-0.003339792
2.052913e-07,-0.0033318934
2.053913e-07,-0.003339792
2.054913e-07,-0.0033598977
2.055913e-07,-0.0033835938
2.056913e-07,-0.0034008272
2.057913e-07,-0.0034065717
2.058913e-07,-0.0034015453
2.059913e-07,-0.0033929285
2.060913e-07,-0.0033893382
2.061913e-07,-0.0033965188
2.062913e-07,-0.0034144704
2.063913e-07,-0.0034374483
2.064913e-07,-0.0034582721
2.065913e-07,-0.0034704791
2.066913e-07,-0.0034733513
2.067913e-07,-0.0034711972
2.068913e-07,-0.003469761
2.069913e-07,-0.0034747875
2.070913e-07,-0.0034862764
2.071913e-07,-0.0035020738
2.072913e-07,-0.0035157169
2.073913e-07,-0.0035236156
2.074913e-07,-0.0035236156
2.075913e-07,-0.0035200253
2.076913e-07,-0.0035157169
2.077913e-07,-0.0035149989
2.078913e-07,-0.0035178711
2.079913e-07,-0.0035236156
2.080913e-07,-0.0035272059
2.081913e-07,-0.0035272059
2.082913e-07,-0.0035243336
2.083913e-07,-0.0035193072
2.084913e-07,-0.0035157169
2.085913e-07,-0.0035142808
2.086913e-07,-0.0035135627
2.087913e-07,-0.0035106905
2.088913e-07,-0.0035042279
2.089913e-07,-0.003493457
2.090913e-07,-0.0034819681
2.091913e-07,-0.0034726333
2.092913e-07,-0.003469761
2.093913e-07,-0.0034726333
2.094913e-07,-0.0034783778
2.095913e-07,-0.0034826861
2.096913e-07,-0.00348125
2.097913e-07,-0.0034740694
2.098913e-07,-0.0034647346
2.099913e-07,-0.0034582721
2.100913e-07,-0.0034582721
2.101913e-07,-0.0034647346
2.102913e-07,-0.0034726333
2.103913e-07,-0.0034762236
2.104913e-07,-0.003469761
2.105913e-07,-0.0034532456
2.106913e-07,-0.0034309858
2.107913e-07,-0.0034108801
2.108913e-07,-0.0034008272
2.109913e-07,-0.0034036994
2.110913e-07,-0.0034166245
2.111913e-07,-0.003433858
2.112913e-07,-0.0034467831
2.113913e-07,-0.0034518095
2.114913e-07,-0.0034482192
2.115913e-07,-0.0034410386
2.116913e-07,-0.0034352941
2.117913e-07,-0.003433858
2.118913e-07,-0.0034374483
2.119913e-07,-0.0034431928
2.120913e-07,-0.0034467831
2.121913e-07,-0.0034475011
2.122913e-07,-0.0034475011
2.123913e-07,-0.0034496553
2.124913e-07,-0.0034582721
2.125913e-07,-0.0034726333
2.126913e-07,-0.0034905848
2.127913e-07,-0.0035063821
2.128913e-07,-0.0035157169
2.129913e-07,-0.003517153
2.130913e-07,-0.0035142808
2.131913e-07,-0.0035121266
2.132913e-07,-0.0035157169
2.133913e-07,-0.0035257698
2.134913e-07,-0.003540849
2.135913e-07,-0.0035537741
2.136913e-07,-0.0035616728
2.137913e-07,-0.0035631089
2.138913e-07,-0.0035609547
2.139913e-07,-0.0035631089
2.140913e-07,-0.0035731618
2.141913e-07,-0.0035925494
2.142913e-07,-0.0036176815
2.143913e-07,-0.0036406595
2.144913e-07,-0.0036535846
2.145913e-07,-0.0036550207
2.146913e-07,-0.0036478401
2.147913e-07,-0.0036413775
2.148913e-07,-0.0036420956
2.149913e-07,-0.0036557387
2.150913e-07,-0.0036787167
2.151913e-07,-0.0037045669
2.152913e-07,-0.0037225184
2.153913e-07,-0.0037275448
2.154913e-07,-0.00371821
2.155913e-07,-0.0037024127
2.156913e-07,-0.0036880515
2.157913e-07,-0.0036837431
2.158913e-07,-0.0036909237
2.159913e-07,-0.003706721
2.160913e-07,-0.0037225184
2.161913e-07,-0.003729699
2.162913e-07,-0.0037232364
2.163913e-07,-0.0037038488
2.164913e-07,-0.0036765625
2.165913e-07,-0.0036485581
2.166913e-07,-0.0036241441
2.167913e-07,-0.0036076287
2.168913e-07,-0.0035961397
2.169913e-07,-0.003588241
2.170913e-07,-0.0035817785
2.171913e-07,-0.003576034
2.172913e-07,-0.0035731618
2.173913e-07,-0.0035745979
2.174913e-07,-0.0035803424
2.175913e-07,-0.0035889591
2.176913e-07,-0.0035961397
2.177913e-07,-0.0035990119
2.178913e-07,-0.0035954216
2.179913e-07,-0.0035860869
2.180913e-07,-0.0035731618
2.181913e-07,-0.0035609547
2.182913e-07,-0.0035501838
2.183913e-07,-0.0035437213
2.184913e-07,-0.0035386949
2.185913e-07,-0.0035343865
2.186913e-07,-0.0035307962
2.187913e-07,-0.0035279239
2.188913e-07,-0.0035272059
2.189913e-07,-0.0035307962
2.190913e-07,-0.0035394129
2.191913e-07,-0.0035501838
2.192913e-07,-0.0035616728
2.193913e-07,-0.0035702895
2.194913e-07,-0.0035745979
2.195913e-07,-0.0035745979
2.196913e-07,-0.0035731618
2.197913e-07,-0.0035738798
2.198913e-07,-0.0035789062
2.199913e-07,-0.0035903952
2.200913e-07,-0.0036076287
2.201913e-07,-0.0036277344
2.202913e-07,-0.003647122
2.203913e-07,-0.0036636374
2.204913e-07,-0.0036765625
2.205913e-07,-0.0036858973
2.206913e-07,-0.0036930779
2.207913e-07,-0.0037009766
2.208913e-07,-0.0037110294
2.209913e-07,-0.0037239545
2.210913e-07,-0.0037390338
2.211913e-07,-0.0037541131
2.212913e-07,-0.0037684743
2.213913e-07,-0.0037792452
2.214913e-07,-0.0037864258
2.215913e-07,-0.003789298
2.216913e-07,-0.0037914522
2.217913e-07,-0.0037950425
2.218913e-07,-0.0038036592
2.219913e-07,-0.0038180205
2.220913e-07,-0.0038374081
2.221913e-07,-0.003859668
2.222913e-07,-0.0038812098
2.223913e-07,-0.0038977252
2.224913e-07,-0.0039063419
2.225913e-07,-0.00390706
2.226913e-07,-0.0039013155
2.227913e-07,-0.0038919807
2.228913e-07,-0.003883364
2.229913e-07,-0.0038769014
2.230913e-07,-0.0038747472
2.231913e-07,-0.0038776195
2.232913e-07,-0.003883364
2.233913e-07,-0.0038919807
2.234913e-07,-0.0039020335
2.235913e-07,-0.0039113683
2.236913e-07,-0.0039178309
2.237913e-07,-0.0039207031
2.238913e-07,-0.0039185489
2.239913e-07,-0.0039135225
2.240913e-07,-0.0039063419
2.241913e-07,-0.0039005974
2.242913e-07,-0.0038984432
2.243913e-07,-0.0039013155
2.244913e-07,-0.0039063419
2.245913e-07,-0.0039106503
2.246913e-07,-0.0039106503
2.247913e-07,-0.0039049058
2.248913e-07,-0.0038948529
2.249913e-07,-0.003883364
2.250913e-07,-0.0038761834
2.251913e-07,-0.0038761834
2.252913e-07,-0.003883364
2.253913e-07,-0.0038934168
2.254913e-07,-0.0039013155
2.255913e-07,-0.0039020335
2.256913e-07,-0.0038948529
2.257913e-07,-0.0038826459
2.258913e-07,-0.0038711569
2.259913e-07,-0.0038668486
2.260913e-07,-0.003871875
2.261913e-07,-0.0038855182
2.262913e-07,-0.0039013155
2.263913e-07,-0.0039135225
2.264913e-07,-0.0039178309
2.265913e-07,-0.0039149586
2.266913e-07,-0.0039084961
2.267913e-07,-0.0039049058
2.268913e-07,-0.0039063419
2.269913e-07,-0.0039135225
2.270913e-07,-0.0039207031
2.271913e-07,-0.0039235754
2.272913e-07,-0.0039178309
2.273913e-07,-0.0039041877
2.274913e-07,-0.0038883904
2.275913e-07,-0.0038761834
2.276913e-07,-0.003871875
2.277913e-07,-0.0038761834
2.278913e-07,-0.003883364
2.279913e-07,-0.0038869543
2.280913e-07,-0.003883364
2.281913e-07,-0.003871875
2.282913e-07,-0.0038589499
2.283913e-07,-0.0038532054
2.284913e-07,-0.003860386
2.285913e-07,-0.0038812098
2.286913e-07,-0.0039106503
2.287913e-07,-0.0039372185
2.288913e-07,-0.0039522978
2.289913e-07,-0.0039508617
2.290913e-07,-0.0039350643
2.291913e-07,-0.0039128045
2.292913e-07,-0.0038948529
2.293913e-07,-0.0038869543
2.294913e-07,-0.0038891085
2.295913e-07,-0.0038984432
2.296913e-07,-0.0039063419
2.297913e-07,-0.0039084961
2.298913e-07,-0.0039049058
2.299913e-07,-0.0038977252
2.300913e-07,-0.0038948529
2.301913e-07,-0.0038991613
2.302913e-07,-0.0039113683
2.303913e-07,-0.0039271657
2.304913e-07,-0.0039408088
2.305913e-07,-0.0039465533
2.306913e-07,-0.003942963
2.307913e-07,-0.0039321921
2.308913e-07,-0.0039178309
2.309913e-07,-0.0039049058
2.310913e-07,-0.0038948529
2.311913e-07,-0.0038876723
2.312913e-07,-0.003883364
2.313913e-07,-0.0038804917
2.314913e-07,-0.0038797737
2.315913e-07,-0.003884082
2.316913e-07,-0.0038948529
2.317913e-07,-0.0039106503
2.318913e-07,-0.0039286018
2.319913e-07,-0.0039436811
2.320913e-07,-0.0039522978
2.321913e-07,-0.0039522978
2.322913e-07,-0.0039451172
2.323913e-07,-0.0039365005
2.324913e-07,-0.0039293199
2.325913e-07,-0.0039264476
2.326913e-07,-0.0039271657
2.327913e-07,-0.0039286018
2.328913e-07,-0.0039293199
2.329913e-07,-0.0039293199
2.330913e-07,-0.003931474
2.331913e-07,-0.0039379366
2.332913e-07,-0.0039522978
2.333913e-07,-0.0039716854
2.334913e-07,-0.0039917911
2.335913e-07,-0.0040061523
2.336913e-07,-0.0040097426
2.337913e-07,-0.0040032801
2.338913e-07,-0.0039910731
2.339913e-07,-0.0039795841
2.340913e-07,-0.0039752757
2.341913e-07,-0.0039795841
2.342913e-07,-0.0039889189
2.343913e-07,-0.0039975356
2.344913e-07,-0.0039982537
2.345913e-07,-0.003990355
2.346913e-07,-0.0039767119
2.347913e-07,-0.0039652229
2.348913e-07,-0.0039637868
2.349913e-07,-0.0039745577
2.350913e-07,-0.0039953814
2.351913e-07,-0.0040176413
2.352913e-07,-0.0040327206
2.353913e-07,-0.0040334386
2.354913e-07,-0.0040197955
2.355913e-07,-0.0039975356
2.356913e-07,-0.0039752757
2.357913e-07,-0.0039609145
2.358913e-07,-0.0039580423
2.359913e-07,-0.0039645048
2.360913e-07,-0.0039752757
2.361913e-07,-0.0039846105
2.362913e-07,-0.0039896369
2.363913e-07,-0.0039896369
2.364913e-07,-0.0039867647
2.365913e-07,-0.0039846105
2.366913e-07,-0.0039853286
2.367913e-07,-0.0039867647
2.368913e-07,-0.0039867647
2.369913e-07,-0.0039831744
2.370913e-07,-0.0039752757
2.371913e-07,-0.0039637868
2.372913e-07,-0.0039522978
2.373913e-07,-0.003942963
2.374913e-07,-0.0039365005
2.375913e-07,-0.0039329102
2.376913e-07,-0.0039293199
2.377913e-07,-0.0039257295
2.378913e-07,-0.0039214212
2.379913e-07,-0.0039185489
2.380913e-07,-0.0039178309
2.381913e-07,-0.0039199851
2.382913e-07,-0.0039242934
2.383913e-07,-0.0039278837
2.384913e-07,-0.0039293199
2.385913e-07,-0.0039271657
2.386913e-07,-0.0039228573
2.387913e-07,-0.0039185489
2.388913e-07,-0.0039178309
2.389913e-07,-0.0039207031
2.390913e-07,-0.0039250115
2.391913e-07,-0.0039293199
2.392913e-07,-0.0039293199
2.393913e-07,-0.0039250115
2.394913e-07,-0.0039171128
2.395913e-07,-0.0039099322
2.396913e-07,-0.0039063419
2.397913e-07,-0.003907778
2.398913e-07,-0.0039149586
2.399913e-07,-0.0039228573
2.400913e-07,-0.0039293199
2.401913e-07,-0.003930756
2.402913e-07,-0.0039264476
2.403913e-07,-0.0039178309
2.404913e-07,-0.0039063419
2.405913e-07,-0.0038948529
2.406913e-07,-0.0038848001
2.407913e-07,-0.0038769014
2.408913e-07,-0.003871875
2.409913e-07,-0.0038704389
2.410913e-07,-0.0038733111
2.411913e-07,-0.0038819278
2.412913e-07,-0.0038948529
2.413913e-07,-0.0039099322
2.414913e-07,-0.0039221392
2.415913e-07,-0.0039293199
2.416913e-07,-0.0039293199
2.417913e-07,-0.0039250115
2.418913e-07,-0.0039207031
2.419913e-07,-0.0039214212
2.420913e-07,-0.0039293199
2.421913e-07,-0.0039436811
2.422913e-07,-0.0039601965
2.423913e-07,-0.0039716854
2.424913e-07,-0.0039752757
2.425913e-07,-0.0039695312
2.426913e-07,-0.0039594784
2.427913e-07,-0.0039515797
2.428913e-07,-0.0039522978
2.429913e-07,-0.0039630687
2.430913e-07,-0.0039824563
2.431913e-07,-0.0040039982
2.432913e-07,-0.0040212316
2.433913e-07,-0.0040291303
2.434913e-07,-0.0040269761
2.435913e-07,-0.0040190774
2.436913e-07,-0.0040097426
2.437913e-07,-0.0040032801
2.438913e-07,-0.004002562
2.439913e-07,-0.0040054343
2.440913e-07,-0.0040097426
2.441913e-07,-0.004014051
2.442913e-07,-0.0040169233
2.443913e-07,-0.0040190774
2.444913e-07,-0.0040212316
2.445913e-07,-0.0040248219
2.446913e-07,-0.0040276942
2.447913e-07,-0.0040305664
2.448913e-07,-0.0040327206
2.449913e-07,-0.0040341567
2.450913e-07,-0.0040384651
2.451913e-07,-0.0040449276
2.452913e-07,-0.0040556985
2.453913e-07,-0.0040671875
2.454913e-07,-0.0040743681
2.455913e-07,-0.0040750862
2.456913e-07,-0.0040671875
2.457913e-07,-0.0040535443
2.458913e-07,-0.0040399012
2.459913e-07,-0.0040320025
2.460913e-07,-0.0040327206
2.461913e-07,-0.0040420554
2.462913e-07,-0.0040542624
2.463913e-07,-0.0040635972
2.464913e-07,-0.0040671875
2.465913e-07,-0.0040635972
2.466913e-07,-0.0040578527
2.467913e-07,-0.0040542624
2.468913e-07,-0.0040556985
2.469913e-07,-0.0040621611
2.470913e-07,-0.0040693417
2.471913e-07,-0.0040714959
2.472913e-07,-0.0040671875
2.473913e-07,-0.0040578527
2.474913e-07,-0.0040506721
2.475913e-07,-0.0040521082
2.476913e-07,-0.0040671875
2.477913e-07,-0.0040937557
2.478913e-07,-0.0041246324
2.479913e-07,-0.0041490464
2.480913e-07,-0.0041590993
2.481913e-07,-0.0041540728
2.482913e-07,-0.0041404297
2.483913e-07,-0.0041275046
2.484913e-07,-0.0041246324
2.485913e-07,-0.0041354033
2.486913e-07,-0.004155509
2.487913e-07,-0.0041777688
2.488913e-07,-0.0041935662
2.489913e-07,-0.0042000287
2.490913e-07,-0.0042007468
2.491913e-07,-0.004203619
2.492913e-07,-0.0042165441
2.493913e-07,-0.0042438304
2.494913e-07,-0.0042818876
2.495913e-07,-0.004322099
2.496913e-07,-0.0043544118
2.497913e-07,-0.0043716452
2.498913e-07,-0.0043730813
2.499913e-07,-0.0043644646
2.500913e-07,-0.0043544118
2.501913e-07,-0.0043493853
2.502913e-07,-0.0043515395
2.503913e-07,-0.0043587201
2.504913e-07,-0.0043659007
2.505913e-07,-0.0043702091
2.506913e-07,-0.0043716452
2.507913e-07,-0.0043730813
2.508913e-07,-0.0043773897
2.509913e-07,-0.0043867245
2.510913e-07,-0.0043989315
2.511913e-07,-0.0044082663
2.512913e-07,-0.0044118566
2.513913e-07,-0.0044068302
2.514913e-07,-0.0043960593
2.515913e-07,-0.0043838523
2.516913e-07,-0.0043773897
2.517913e-07,-0.0043781078
2.518913e-07,-0.0043852884
2.519913e-07,-0.0043939051
2.520913e-07,-0.0044003676
2.521913e-07,-0.0044018038
2.522913e-07,-0.0043996496
2.523913e-07,-0.0043982135
2.524913e-07,-0.0044003676
2.525913e-07,-0.0044061121
2.526913e-07,-0.0044132927
2.527913e-07,-0.004416165
2.528913e-07,-0.0044118566
2.529913e-07,-0.0044003676
2.530913e-07,-0.0043867245
2.531913e-07,-0.0043773897
2.532913e-07,-0.0043773897
2.533913e-07,-0.0043860064
2.534913e-07,-0.0043974954
2.535913e-07,-0.004403958
2.536913e-07,-0.0044003676
2.537913e-07,-0.0043852884
2.538913e-07,-0.0043644646
2.539913e-07,-0.0043479492
2.540913e-07,-0.0043429228
2.541913e-07,-0.0043522576
2.542913e-07,-0.0043716452
2.543913e-07,-0.0043910329
2.544913e-07,-0.0044003676
2.545913e-07,-0.0043946232
2.546913e-07,-0.0043759536
2.547913e-07,-0.0043515395
2.548913e-07,-0.0043314338
2.549913e-07,-0.004321381
2.550913e-07,-0.004322099
2.551913e-07,-0.0043278435
2.552913e-07,-0.0043314338
2.553913e-07,-0.0043271255
2.554913e-07,-0.0043149184
2.555913e-07,-0.0042991211
2.556913e-07,-0.0042854779
2.557913e-07,-0.0042775793
2.558913e-07,-0.0042761432
2.559913e-07,-0.0042768612
2.560913e-07,-0.004273989
2.561913e-07,-0.0042646542
2.562913e-07,-0.0042495749
2.563913e-07,-0.0042323415
2.564913e-07,-0.0042165441
2.565913e-07,-0.0042057732
2.566913e-07,-0.0041985926
2.567913e-07,-0.0041921301
2.568913e-07,-0.0041820772
2.569913e-07,-0.0041684341
2.570913e-07,-0.0041533548
2.571913e-07,-0.0041411477
2.572913e-07,-0.0041361213
2.573913e-07,-0.0041389936
2.574913e-07,-0.0041468922
2.575913e-07,-0.004155509
2.576913e-07,-0.0041590993
2.577913e-07,-0.0041576631
2.578913e-07,-0.0041519187
2.579913e-07,-0.0041476103
2.580913e-07,-0.0041476103
2.581913e-07,-0.0041512006
2.582913e-07,-0.0041569451
2.583913e-07,-0.0041598173
2.584913e-07,-0.0041590993
2.585913e-07,-0.0041569451
2.586913e-07,-0.0041583812
2.587913e-07,-0.0041698702
2.588913e-07,-0.0041935662
2.589913e-07,-0.0042251608
2.590913e-07,-0.0042560375
2.591913e-07,-0.0042782973
2.592913e-07,-0.0042854779
2.593913e-07,-0.0042797335
2.594913e-07,-0.0042682445
2.595913e-07,-0.0042603458
2.596913e-07,-0.0042625
2.597913e-07,-0.0042732709
2.598913e-07,-0.004286196
2.599913e-07,-0.0042919405
2.600913e-07,-0.0042854779
2.601913e-07,-0.0042696806
2.602913e-07,-0.0042531652
2.603913e-07,-0.0042481388
2.604913e-07,-0.0042625
2.605913e-07,-0.0042933766
2.606913e-07,-0.0043307158
2.607913e-07,-0.0043580021
2.608913e-07,-0.0043659007
2.609913e-07,-0.0043508215
2.610913e-07,-0.004321381
2.611913e-07,-0.0042919405
2.612913e-07,-0.004273989
2.613913e-07,-0.0042718348
2.614913e-07,-0.0042790154
2.615913e-07,-0.0042833238
2.616913e-07,-0.004273989
2.617913e-07,-0.0042474207
2.618913e-07,-0.0042115177
2.619913e-07,-0.0041813591
2.620913e-07,-0.0041705882
2.621913e-07,-0.0041842314
2.622913e-07,-0.004215108
2.623913e-07,-0.0042474207
2.624913e-07,-0.0042625
2.625913e-07,-0.004250293
2.626913e-07,-0.0042122358
2.627913e-07,-0.0041605354
2.628913e-07,-0.0041131434
2.629913e-07,-0.0040837029
2.630913e-07,-0.0040772403
2.631913e-07,-0.0040872932
2.632913e-07,-0.0041016544
2.633913e-07,-0.0041095531
2.634913e-07,-0.0041052447
2.635913e-07,-0.0040923196
2.636913e-07,-0.0040786765
2.637913e-07,-0.0040707778
2.638913e-07,-0.0040707778
2.639913e-07,-0.0040758042
2.640913e-07,-0.0040786765
2.641913e-07,-0.00407365
2.642913e-07,-0.0040592888
2.643913e-07,-0.0040399012
2.644913e-07,-0.0040212316
2.645913e-07,-0.0040083065
2.646913e-07,-0.004002562
2.647913e-07,-0.0040011259
2.648913e-07,-0.0039982537
2.649913e-07,-0.0039917911
2.650913e-07,-0.0039831744
2.651913e-07,-0.0039759938
2.652913e-07,-0.0039752757
2.653913e-07,-0.0039838925
2.654913e-07,-0.0040004079
2.655913e-07,-0.0040183594
2.656913e-07,-0.0040327206
2.657913e-07,-0.0040391831
2.658913e-07,-0.004037029
2.659913e-07,-0.0040298483
2.660913e-07,-0.0040212316
2.661913e-07,-0.0040126149
2.662913e-07,-0.004002562
2.663913e-07,-0.003990355
2.664913e-07,-0.0039752757
2.665913e-07,-0.0039594784
2.666913e-07,-0.0039494256
2.667913e-07,-0.0039494256
2.668913e-07,-0.0039637868
2.669913e-07,-0.0039874828
2.670913e-07,-0.004013333
2.671913e-07,-0.0040298483
2.672913e-07,-0.0040327206
2.673913e-07,-0.0040212316
2.674913e-07,-0.0040039982
2.675913e-07,-0.0039896369
2.676913e-07,-0.0039867647
2.677913e-07,-0.0039953814
2.678913e-07,-0.0040104607
2.679913e-07,-0.0040212316
2.680913e-07,-0.0040212316
2.681913e-07,-0.0040104607
2.682913e-07,-0.0039968176
2.683913e-07,-0.0039896369
2.684913e-07,-0.0039982537
2.685913e-07,-0.0040226677
2.686913e-07,-0.0040564166
2.687913e-07,-0.0040858571
2.688913e-07,-0.0041016544
2.689913e-07,-0.0041009364
2.690913e-07,-0.0040894474
2.691913e-07,-0.0040786765
2.692913e-07,-0.0040786765
2.693913e-07,-0.0040930377
2.694913e-07,-0.0041160156
2.695913e-07,-0.0041375574
2.696913e-07,-0.0041476103
2.697913e-07,-0.0041425839
2.698913e-07,-0.0041289407
2.699913e-07,-0.0041196059
2.700913e-07,-0.0041246324
2.701913e-07,-0.0041497645
2.702913e-07,-0.0041899759
2.703913e-07,-0.0042323415
2.704913e-07,-0.0042625
2.705913e-07,-0.0042718348
2.706913e-07,-0.0042610639
2.707913e-07,-0.004238804
2.708913e-07,-0.0042165441
2.709913e-07,-0.0042021829
2.710913e-07,-0.0041985926
2.711913e-07,-0.0042014648
2.712913e-07,-0.0042050551
2.713913e-07,-0.0042064913
2.714913e-07,-0.0042064913
2.715913e-07,-0.0042122358
2.716913e-07,-0.0042280331
2.717913e-07,-0.0042546013
2.718913e-07,-0.0042869141
2.719913e-07,-0.0043156365
2.720913e-07,-0.0043314338
2.721913e-07,-0.0043321519
2.722913e-07,-0.0043228171
2.723913e-07,-0.0043120462
2.724913e-07,-0.0043084559
2.725913e-07,-0.0043156365
2.726913e-07,-0.0043299977
2.727913e-07,-0.0043414867
2.728913e-07,-0.0043429228
2.729913e-07,-0.0043307158
2.730913e-07,-0.004309892
2.731913e-07,-0.0042912224
2.732913e-07,-0.0042854779
2.733913e-07,-0.0042962489
2.734913e-07,-0.0043199449
2.735913e-07,-0.0043472312
2.736913e-07,-0.0043659007
2.737913e-07,-0.0043709272
2.738913e-07,-0.0043630285
2.739913e-07,-0.0043508215
2.740913e-07,-0.0043429228
2.741913e-07,-0.0043443589
2.742913e-07,-0.0043551298
2.743913e-07,-0.0043680549
2.744913e-07,-0.0043773897
2.745913e-07,-0.0043795439
2.746913e-07,-0.0043781078
2.747913e-07,-0.0043788258
2.748913e-07,-0.0043888787
2.749913e-07,-0.0044089844
2.750913e-07,-0.0044348346
2.751913e-07,-0.0044570944
2.752913e-07,-0.0044693015
2.753913e-07,-0.0044685834
2.754913e-07,-0.0044606847
2.755913e-07,-0.0044542222
2.756913e-07,-0.0044578125
2.757913e-07,-0.0044728918
2.758913e-07,-0.0044937155
2.759913e-07,-0.004510949
2.760913e-07,-0.0045152574
2.761913e-07,-0.0045052045
2.762913e-07,-0.0044858169
2.763913e-07,-0.0044707376
2.764913e-07,-0.0044693015
2.765913e-07,-0.0044865349
2.766913e-07,-0.0045166935
2.767913e-07,-0.0045497243
2.768913e-07,-0.0045727022
2.769913e-07,-0.0045791648
2.770913e-07,-0.00456983
2.771913e-07,-0.0045533146
2.772913e-07,-0.0045382353
2.773913e-07,-0.0045303366
2.774913e-07,-0.0045289005
2.775913e-07,-0.0045296186
2.776913e-07,-0.0045267463
2.777913e-07,-0.0045195657
2.778913e-07,-0.0045123851
2.779913e-07,-0.0045131032
2.780913e-07,-0.0045267463
2.781913e-07,-0.0045518784
2.782913e-07,-0.0045806009
2.783913e-07,-0.0046021427
2.784913e-07,-0.0046071691
2.785913e-07,-0.0045949621
2.786913e-07,-0.0045727022
2.787913e-07,-0.0045540326
2.788913e-07,-0.0045497243
2.789913e-07,-0.0045626494
2.790913e-07,-0.0045863454
2.791913e-07,-0.0046086052
2.792913e-07,-0.0046186581
2.793913e-07,-0.0046121955
2.794913e-07,-0.004594244
2.795913e-07,-0.0045777286
2.796913e-07,-0.0045727022
2.797913e-07,-0.0045849092
2.798913e-07,-0.0046107594
2.799913e-07,-0.0046373277
2.800913e-07,-0.004653125
2.801913e-07,-0.0046516889
2.802913e-07,-0.0046358915
2.803913e-07,-0.0046136317
2.804913e-07,-0.0045956801
2.805913e-07,-0.0045870634
2.806913e-07,-0.0045863454
2.807913e-07,-0.0045877815
2.808913e-07,-0.0045841912
2.809913e-07,-0.0045748564
2.810913e-07,-0.0045640855
2.811913e-07,-0.0045612132
2.812913e-07,-0.0045727022
2.813913e-07,-0.0045985524
2.814913e-07,-0.0046301471
2.815913e-07,-0.0046552792
2.816913e-07,-0.004664614
2.817913e-07,-0.0046552792
2.818913e-07,-0.0046344554
2.819913e-07,-0.0046150678
2.820913e-07,-0.0046071691
2.821913e-07,-0.0046150678
2.822913e-07,-0.0046330193
2.823913e-07,-0.0046488166
2.824913e-07,-0.004653125
2.825913e-07,-0.0046437902
2.826913e-07,-0.0046279929
2.827913e-07,-0.0046193761
2.828913e-07,-0.0046301471
2.829913e-07,-0.0046617417
2.830913e-07,-0.0047062615
2.831913e-07,-0.0047471909
2.832913e-07,-0.0047680147
2.833913e-07,-0.0047622702
2.834913e-07,-0.0047349839
2.835913e-07,-0.0047012351
2.836913e-07,-0.0046761029
2.837913e-07,-0.0046703585
2.838913e-07,-0.0046818474
2.839913e-07,-0.0046997989
2.840913e-07,-0.0047105699
2.841913e-07,-0.0047048254
2.842913e-07,-0.0046832835
2.843913e-07,-0.0046538431
2.844913e-07,-0.0046301471
2.845913e-07,-0.0046208123
2.846913e-07,-0.0046265568
2.847913e-07,-0.0046401999
2.848913e-07,-0.004653125
2.849913e-07,-0.0046567153
2.850913e-07,-0.0046509708
2.851913e-07,-0.0046401999
2.852913e-07,-0.0046301471
2.853913e-07,-0.0046258387
2.854913e-07,-0.0046251206
2.855913e-07,-0.0046244026
2.856913e-07,-0.0046186581
2.857913e-07,-0.0046078872
2.858913e-07,-0.0045971163
2.859913e-07,-0.0045949621
2.860913e-07,-0.0046071691
2.861913e-07,-0.0046323012
2.862913e-07,-0.0046617417
2.863913e-07,-0.0046832835
2.864913e-07,-0.0046875919
2.865913e-07,-0.0046725126
2.866913e-07,-0.0046459444
2.867913e-07,-0.0046200942
2.868913e-07,-0.0046071691
2.869913e-07,-0.0046114775
2.870913e-07,-0.0046279929
2.871913e-07,-0.0046452263
2.872913e-07,-0.004653125
2.873913e-07,-0.0046480986
2.874913e-07,-0.0046351735
2.875913e-07,-0.0046258387
2.876913e-07,-0.0046301471
2.877913e-07,-0.0046516889
2.878913e-07,-0.0046840016
2.879913e-07,-0.0047155963
2.880913e-07,-0.0047335478
2.881913e-07,-0.0047342659
2.882913e-07,-0.0047213408
2.883913e-07,-0.0047062615
2.884913e-07,-0.0046990809
2.885913e-07,-0.0047048254
2.886913e-07,-0.0047191866
2.887913e-07,-0.0047321117
2.888913e-07,-0.0047335478
2.889913e-07,-0.0047206227
2.890913e-07,-0.0046997989
2.891913e-07,-0.0046811294
2.892913e-07,-0.0046761029
2.893913e-07,-0.0046868739
2.894913e-07,-0.0047084157
2.895913e-07,-0.0047278033
2.896913e-07,-0.0047335478
2.897913e-07,-0.0047220588
2.898913e-07,-0.0046990809
2.899913e-07,-0.0046761029
2.900913e-07,-0.004664614
2.901913e-07,-0.0046682043
2.902913e-07,-0.0046811294
2.903913e-07,-0.0046911822
2.904913e-07,-0.0046875919
2.905913e-07,-0.0046660501
2.906913e-07,-0.0046344554
2.907913e-07,-0.0046064511
2.908913e-07,-0.0045956801
2.909913e-07,-0.0046078872
2.910913e-07,-0.0046373277
2.911913e-07,-0.0046689223
2.912913e-07,-0.0046875919
2.913913e-07,-0.0046847197
2.914913e-07,-0.0046638959
2.915913e-07,-0.0046366096
2.916913e-07,-0.0046186581
2.917913e-07,-0.0046193761
2.918913e-07,-0.0046380457
2.919913e-07,-0.004665332
2.920913e-07,-0.0046875919
2.921913e-07,-0.0046962086
2.922913e-07,-0.0046897461
2.923913e-07,-0.0046753849
2.924913e-07,-0.004664614
2.925913e-07,-0.004664614
2.926913e-07,-0.0046761029
2.927913e-07,-0.0046947725
2.928913e-07,-0.0047105699
2.929913e-07,-0.0047184685
2.930913e-07,-0.0047184685
2.931913e-07,-0.0047134421
2.932913e-07,-0.0047105699
2.933913e-07,-0.004712006
2.934913e-07,-0.0047148782
2.935913e-07,-0.0047155963
2.936913e-07,-0.0047105699
2.937913e-07,-0.004700517
2.938913e-07,-0.0046919003
2.939913e-07,-0.0046933364
2.940913e-07,-0.0047105699
2.941913e-07,-0.0047407284
2.942913e-07,-0.0047744773
2.943913e-07,-0.0047981733
2.944913e-07,-0.0048024816
2.945913e-07,-0.0047859662
2.946913e-07,-0.0047579619
2.947913e-07,-0.0047321117
2.948913e-07,-0.0047220588
2.949913e-07,-0.0047299575
2.950913e-07,-0.0047493451
2.951913e-07,-0.0047658605
2.952913e-07,-0.0047680147
2.953913e-07,-0.0047507813
2.954913e-07,-0.0047220588
2.955913e-07,-0.0046962086
2.956913e-07,-0.0046875919
2.957913e-07,-0.0047026712
2.958913e-07,-0.004735702
2.959913e-07,-0.0047708869
2.960913e-07,-0.0047909926
2.961913e-07,-0.0047866843
2.962913e-07,-0.0047586799
2.963913e-07,-0.0047199046
2.964913e-07,-0.0046875919
2.965913e-07,-0.0046732307
2.966913e-07,-0.0046796932
2.967913e-07,-0.0046997989
2.968913e-07,-0.0047220588
2.969913e-07,-0.0047349839
2.970913e-07,-0.00473642
2.971913e-07,-0.0047292394
2.972913e-07,-0.0047220588
2.973913e-07,-0.0047213408
2.974913e-07,-0.0047285214
2.975913e-07,-0.0047385742
2.976913e-07,-0.0047450368
2.977913e-07,-0.0047428826
2.978913e-07,-0.0047321117
2.979913e-07,-0.0047191866
2.980913e-07,-0.0047105699
2.981913e-07,-0.0047105699
2.982913e-07,-0.0047184685
2.983913e-07,-0.0047278033
2.984913e-07,-0.0047335478
2.985913e-07,-0.0047321117
2.986913e-07,-0.0047256491
2.987913e-07,-0.0047206227
2.988913e-07,-0.0047220588
2.989913e-07,-0.0047335478
2.990913e-07,-0.0047507813
2.991913e-07,-0.0047687328
2.992913e-07,-0.0047795037
2.993913e-07,-0.0047816579
2.994913e-07,-0.0047766314
2.995913e-07,-0.0047708869
2.996913e-07,-0.0047680147
2.997913e-07,-0.0047687328
2.998913e-07,-0.0047694508
2.999913e-07,-0.0047622702
3.000913e-07,-0.0047450368
3.001913e-07,-0.0047199046
3.002913e-07,-0.0046954906
3.003913e-07,-0.0046818474
3.004913e-07,-0.0046875919
3.005913e-07,-0.0047105699
3.006913e-07,-0.0047421645
3.007913e-07,-0.0047680147
3.008913e-07,-0.0047795037
3.009913e-07,-0.0047730411
3.010913e-07,-0.0047558077
3.011913e-07,-0.0047385742
3.012913e-07,-0.0047335478
3.013913e-07,-0.0047428826
3.014913e-07,-0.0047622702
3.015913e-07,-0.0047816579
3.016913e-07,-0.0047909926
3.017913e-07,-0.0047888385
3.018913e-07,-0.0047795037
3.019913e-07,-0.0047737592
3.020913e-07,-0.0047795037
3.021913e-07,-0.0047981733
3.022913e-07,-0.0048233054
3.023913e-07,-0.004842693
3.024913e-07,-0.0048484375
3.025913e-07,-0.0048383847
3.026913e-07,-0.0048218693
3.027913e-07,-0.0048096622
3.028913e-07,-0.0048139706
3.029913e-07,-0.0048355124
3.030913e-07,-0.0048678251
3.031913e-07,-0.0048951114
3.032913e-07,-0.0049058824
3.033913e-07,-0.0048958295
3.034913e-07,-0.0048721335
3.035913e-07,-0.0048484375
3.036913e-07,-0.0048369485
3.037913e-07,-0.0048448472
3.038913e-07,-0.004866389
3.039913e-07,-0.0048908031
3.040913e-07,-0.0049058824
3.041913e-07,-0.0049051643
3.042913e-07,-0.0048922392
3.043913e-07,-0.004877878
3.044913e-07,-0.0048714154
3.045913e-07,-0.0048771599
3.046913e-07,-0.004890085
3.047913e-07,-0.0048987017
3.048913e-07,-0.0048943934
3.049913e-07,-0.0048735696
3.050913e-07,-0.0048441291
3.051913e-07,-0.0048197151
3.052913e-07,-0.0048139706
3.053913e-07,-0.0048319221
3.054913e-07,-0.0048685432
3.055913e-07,-0.0049094727
3.056913e-07,-0.0049403493
3.057913e-07,-0.0049532744
3.058913e-07,-0.0049504021
3.059913e-07,-0.0049425034
3.060913e-07,-0.0049403493
3.061913e-07,-0.0049504021
3.062913e-07,-0.0049683536
3.063913e-07,-0.004984151
3.064913e-07,-0.0049863051
3.065913e-07,-0.0049697898
3.066913e-07,-0.0049403493
3.067913e-07,-0.0049101907
3.068913e-07,-0.0048943934
3.069913e-07,-0.0049008559
3.070913e-07,-0.0049267061
3.071913e-07,-0.0049597369
3.072913e-07,-0.0049863051
3.073913e-07,-0.0049956399
3.074913e-07,-0.0049863051
3.075913e-07,-0.0049683536
3.076913e-07,-0.0049518382
3.077913e-07,-0.0049475299
3.078913e-07,-0.0049561466
3.079913e-07,-0.0049719439
3.080913e-07,-0.0049863051
3.081913e-07,-0.0049913316
3.082913e-07,-0.004984869
3.083913e-07,-0.0049733801
3.084913e-07,-0.0049633272
3.085913e-07,-0.0049590188
3.086913e-07,-0.0049590188
3.087913e-07,-0.0049590188
3.088913e-07,-0.0049518382
3.089913e-07,-0.0049360409
3.090913e-07,-0.0049159352
3.091913e-07,-0.0048994198
3.092913e-07,-0.0048943934
3.093913e-07,-0.0049037282
3.094913e-07,-0.0049216797
3.095913e-07,-0.004937477
3.096913e-07,-0.0049403493
3.097913e-07,-0.0049259881
3.098913e-07,-0.0049001379
3.099913e-07,-0.0048728516
3.100913e-07,-0.0048599265
3.101913e-07,-0.0048678251
3.102913e-07,-0.0048958295
3.103913e-07,-0.0049324506
3.104913e-07,-0.0049633272
3.105913e-07,-0.0049755342
3.106913e-07,-0.0049654814
3.107913e-07,-0.0049381951
3.108913e-07,-0.0049058824
3.109913e-07,-0.0048793141
3.110913e-07,-0.004865671
3.111913e-07,-0.0048642348
3.112913e-07,-0.0048714154
3.113913e-07,-0.0048800322
3.114913e-07,-0.0048864947
3.115913e-07,-0.0048908031
3.116913e-07,-0.0048943934
3.117913e-07,-0.0049001379
3.118913e-07,-0.0049073185
3.119913e-07,-0.0049144991
3.120913e-07,-0.0049173713
3.121913e-07,-0.0049144991
3.122913e-07,-0.0049080365
3.123913e-07,-0.0049001379
3.124913e-07,-0.0048943934
3.125913e-07,-0.0048922392
3.126913e-07,-0.0048922392
3.127913e-07,-0.004890085
3.128913e-07,-0.0048829044
3.129913e-07,-0.0048706974
3.130913e-07,-0.0048570542
3.131913e-07,-0.0048484375
3.132913e-07,-0.0048484375
3.133913e-07,-0.0048577723
3.134913e-07,-0.0048714154
3.135913e-07,-0.0048821864
3.136913e-07,-0.0048829044
3.137913e-07,-0.0048706974
3.138913e-07,-0.0048491556
3.139913e-07,-0.0048240234
3.140913e-07,-0.0048024816
3.141913e-07,-0.0047888385
3.142913e-07,-0.004783094
3.143913e-07,-0.0047809398
3.144913e-07,-0.0047795037
3.145913e-07,-0.0047766314
3.146913e-07,-0.0047759134
3.147913e-07,-0.0047795037
3.148913e-07,-0.0047909926
3.149913e-07,-0.0048089442
3.150913e-07,-0.0048290499
3.151913e-07,-0.0048441291
3.152913e-07,-0.0048484375
3.153913e-07,-0.004841975
3.154913e-07,-0.0048297679
3.155913e-07,-0.004818997
3.156913e-07,-0.0048139706
3.157913e-07,-0.0048168428
3.158913e-07,-0.0048233054
3.159913e-07,-0.0048276137
3.160913e-07,-0.0048254596
3.161913e-07,-0.004818279
3.162913e-07,-0.0048110983
3.163913e-07,-0.0048118164
3.164913e-07,-0.0048254596
3.165913e-07,-0.0048491556
3.166913e-07,-0.0048757238
3.167913e-07,-0.0048936753
3.168913e-07,-0.0048943934
3.169913e-07,-0.004877878
3.170913e-07,-0.0048505917
3.171913e-07,-0.0048254596
3.172913e-07,-0.0048139706
3.173913e-07,-0.0048197151
3.174913e-07,-0.0048383847
3.175913e-07,-0.0048592084
3.176913e-07,-0.0048714154
3.177913e-07,-0.0048692613
3.178913e-07,-0.0048549
3.179913e-07,-0.0048369485
3.180913e-07,-0.0048254596
3.181913e-07,-0.0048268957
3.182913e-07,-0.0048398208
3.183913e-07,-0.0048577723
3.184913e-07,-0.0048714154
3.185913e-07,-0.0048742877
3.186913e-07,-0.004866389
3.187913e-07,-0.0048513097
3.188913e-07,-0.0048369485
3.189913e-07,-0.0048268957
3.190913e-07,-0.0048218693
3.191913e-07,-0.004818997
3.192913e-07,-0.0048139706
3.193913e-07,-0.00480679
3.194913e-07,-0.0048003274
3.195913e-07,-0.0048010455
3.196913e-07,-0.0048139706
3.197913e-07,-0.0048383847
3.198913e-07,-0.0048685432
3.199913e-07,-0.0048936753
3.200913e-07,-0.0049058824
3.201913e-07,-0.004901574
3.202913e-07,-0.0048864947
3.203913e-07,-0.0048685432
3.204913e-07,-0.0048599265
3.205913e-07,-0.004866389
3.206913e-07,-0.0048872128
3.207913e-07,-0.0049144991
3.208913e-07,-0.0049403493
3.209913e-07,-0.0049568647
3.210913e-07,-0.0049633272
3.211913e-07,-0.0049633272
3.212913e-07,-0.0049633272
3.213913e-07,-0.0049669175
3.214913e-07,-0.0049740981
3.215913e-07,-0.0049819968
3.216913e-07,-0.0049863051
3.217913e-07,-0.004984869
3.218913e-07,-0.0049791245
3.219913e-07,-0.0049740981
3.220913e-07,-0.0049748162
3.221913e-07,-0.0049812787
3.222913e-07,-0.0049913316
3.223913e-07,-0.0049985122
3.224913e-07,-0.0049977941
3.225913e-07,-0.0049884593
3.226913e-07,-0.0049733801
3.227913e-07,-0.0049597369
3.228913e-07,-0.0049518382
3.229913e-07,-0.0049518382
3.230913e-07,-0.0049554285
3.231913e-07,-0.0049575827
3.232913e-07,-0.0049518382
3.233913e-07,-0.0049389131
3.234913e-07,-0.0049223977
3.235913e-07,-0.0049094727
3.236913e-07,-0.0049058824
3.237913e-07,-0.0049109088
3.238913e-07,-0.0049195255
3.239913e-07,-0.0049238339
3.240913e-07,-0.0049173713
3.241913e-07,-0.004901574
3.242913e-07,-0.0048821864
3.243913e-07,-0.0048699793
3.244913e-07,-0.0048714154
3.245913e-07,-0.0048872128
3.246913e-07,-0.0049094727
3.247913e-07,-0.0049267061
3.248913e-07,-0.0049288603
3.249913e-07,-0.0049123449
3.250913e-07,-0.0048836225
3.251913e-07,-0.004854182
3.252913e-07,-0.0048369485
3.253913e-07,-0.0048376666
3.254913e-07,-0.004854182
3.255913e-07,-0.0048764419
3.256913e-07,-0.0048943934
3.257913e-07,-0.0049008559
3.258913e-07,-0.0048958295
3.259913e-07,-0.0048864947
3.260913e-07,-0.0048829044
3.261913e-07,-0.004889367
3.262913e-07,-0.0049066004
3.263913e-07,-0.0049259881
3.264913e-07,-0.0049403493
3.265913e-07,-0.0049439396
3.266913e-07,-0.004937477
3.267913e-07,-0.0049259881
3.268913e-07,-0.0049173713
3.269913e-07,-0.0049166533
3.270913e-07,-0.0049231158
3.271913e-07,-0.0049331687
3.272913e-07,-0.0049403493
3.273913e-07,-0.0049417854
3.274913e-07,-0.0049389131
3.275913e-07,-0.004936759
3.276913e-07,-0.0049403493
3.277913e-07,-0.0049525563
3.278913e-07,-0.0049705078
3.279913e-07,-0.0049877413
3.280913e-07,-0.0049977941
3.281913e-07,-0.0049977941
3.282913e-07,-0.0049906135
3.283913e-07,-0.0049805607
3.284913e-07,-0.0049748162
3.285913e-07,-0.0049748162
3.286913e-07,-0.0049798426
3.287913e-07,-0.004984869
3.288913e-07,-0.0049863051
3.289913e-07,-0.004984869
3.290913e-07,-0.004984869
3.291913e-07,-0.0049920496
3.292913e-07,-0.0050092831
3.293913e-07,-0.0050351333
3.294913e-07,-0.0050609835
3.295913e-07,-0.0050774989
3.296913e-07,-0.0050782169
3.297913e-07,-0.0050624196
3.298913e-07,-0.0050380055
3.299913e-07,-0.0050171818
3.300913e-07,-0.0050092831
3.301913e-07,-0.0050178998
3.302913e-07,-0.0050372875
3.303913e-07,-0.0050573932
3.304913e-07,-0.0050667279
3.305913e-07,-0.0050609835
3.306913e-07,-0.00504375
3.307913e-07,-0.0050236443
3.308913e-07,-0.0050092831
3.309913e-07,-0.0050064108
3.310913e-07,-0.0050128734
3.311913e-07,-0.0050207721
3.312913e-07,-0.0050207721
3.313913e-07,-0.0050092831
3.314913e-07,-0.0049891774
3.315913e-07,-0.0049676356
3.316913e-07,-0.0049518382
3.317913e-07,-0.0049460937
3.318913e-07,-0.0049475299
3.319913e-07,-0.0049482479
3.320913e-07,-0.0049403493
3.321913e-07,-0.0049209616
3.322913e-07,-0.0048936753
3.323913e-07,-0.004866389
3.324913e-07,-0.0048484375
3.325913e-07,-0.0048441291
3.326913e-07,-0.0048513097
3.327913e-07,-0.0048635168
3.328913e-07,-0.0048714154
3.329913e-07,-0.0048699793
3.330913e-07,-0.0048606445
3.331913e-07,-0.0048470014
3.332913e-07,-0.0048369485
3.333913e-07,-0.0048326402
3.334913e-07,-0.0048326402
3.335913e-07,-0.0048319221
3.336913e-07,-0.0048254596
3.337913e-07,-0.0048132525
3.338913e-07,-0.0048003274
3.339913e-07,-0.004794583
3.340913e-07,-0.0048024816
3.341913e-07,-0.0048240234
3.342913e-07,-0.0048534639
3.343913e-07,-0.0048800322
3.344913e-07,-0.0048943934
3.345913e-07,-0.0048929573
3.346913e-07,-0.0048800322
3.347913e-07,-0.0048649529
3.348913e-07,-0.0048599265
3.349913e-07,-0.0048692613
3.350913e-07,-0.0048915211
3.351913e-07,-0.0049180894
3.352913e-07,-0.0049403493
3.353913e-07,-0.0049511202
3.354913e-07,-0.0049525563
3.355913e-07,-0.0049496841
3.356913e-07,-0.0049518382
3.357913e-07,-0.0049633272
3.358913e-07,-0.0049827148
3.359913e-07,-0.0050042567
3.360913e-07,-0.0050207721
3.361913e-07,-0.0050272346
3.362913e-07,-0.0050257985
3.363913e-07,-0.0050214901
3.364913e-07,-0.0050207721
3.365913e-07,-0.0050279527
3.366913e-07,-0.0050423139
3.367913e-07,-0.0050566751
3.368913e-07,-0.0050667279
3.369913e-07,-0.0050688821
3.370913e-07,-0.0050652918
3.371913e-07,-0.0050624196
3.372913e-07,-0.0050667279
3.373913e-07,-0.0050810892
3.374913e-07,-0.0051019129
3.375913e-07,-0.0051227367
3.376913e-07,-0.0051356618
3.377913e-07,-0.0051363798
3.378913e-07,-0.0051256089
3.379913e-07,-0.0051119658
3.380913e-07,-0.0051011949
3.381913e-07,-0.0050990407
3.382913e-07,-0.0051055032
3.383913e-07,-0.0051155561
3.384913e-07,-0.0051241728
3.385913e-07,-0.0051277631
3.386913e-07,-0.005126327
3.387913e-07,-0.0051234547
3.388913e-07,-0.0051241728
3.389913e-07,-0.0051291992
3.390913e-07,-0.0051356618
3.391913e-07,-0.0051392521
3.392913e-07,-0.0051356618
3.393913e-07,-0.0051248909
3.394913e-07,-0.0051098116
3.395913e-07,-0.0050968865
3.396913e-07,-0.0050897059
3.397913e-07,-0.0050889878
3.398913e-07,-0.0050889878
3.399913e-07,-0.0050832433
3.400913e-07,-0.0050667279
3.401913e-07,-0.0050401597
3.402913e-07,-0.0050092831
3.403913e-07,-0.004984869
3.404913e-07,-0.0049748162
3.405913e-07,-0.0049805607
3.406913e-07,-0.004996358
3.407913e-07,-0.0050135915
3.408913e-07,-0.0050207721
3.409913e-07,-0.0050150276
3.410913e-07,-0.0049977941
3.411913e-07,-0.0049784065
3.412913e-07,-0.0049633272
3.413913e-07,-0.0049568647
3.414913e-07,-0.0049554285
3.415913e-07,-0.0049525563
3.416913e-07,-0.0049403493
3.417913e-07,-0.0049166533
3.418913e-07,-0.0048850586
3.419913e-07,-0.0048556181
3.420913e-07,-0.0048369485
3.421913e-07,-0.0048333582
3.422913e-07,-0.004841975
3.423913e-07,-0.004854182
3.424913e-07,-0.0048599265
3.425913e-07,-0.0048527459
3.426913e-07,-0.0048340763
3.427913e-07,-0.0048103803
3.428913e-07,-0.0047909926
3.429913e-07,-0.0047816579
3.430913e-07,-0.0047816579
3.431913e-07,-0.0047874023
3.432913e-07,-0.0047909926
3.433913e-07,-0.0047866843
3.434913e-07,-0.0047759134
3.435913e-07,-0.0047637063
3.436913e-07,-0.0047565257
3.437913e-07,-0.004760116
3.438913e-07,-0.0047751953
3.439913e-07,-0.004795301
3.440913e-07,-0.0048139706
3.441913e-07,-0.0048247415
3.442913e-07,-0.0048254596
3.443913e-07,-0.0048204331
3.444913e-07,-0.0048139706
3.445913e-07,-0.0048125345
3.446913e-07,-0.0048168428
3.447913e-07,-0.0048261776
3.448913e-07,-0.0048369485
3.449913e-07,-0.0048455653
3.450913e-07,-0.0048520278
3.451913e-07,-0.0048556181
3.452913e-07,-0.0048599265
3.453913e-07,-0.0048649529
3.454913e-07,-0.0048692613
3.455913e-07,-0.0048721335
3.456913e-07,-0.0048714154
3.457913e-07,-0.0048678251
3.458913e-07,-0.0048649529
3.459913e-07,-0.004865671
3.460913e-07,-0.0048714154
3.461913e-07,-0.0048807502
3.462913e-07,-0.004889367
3.463913e-07,-0.0048908031
3.464913e-07,-0.0048829044
3.465913e-07,-0.0048685432
3.466913e-07,-0.0048549
3.467913e-07,-0.0048498736
3.468913e-07,-0.0048599265
3.469913e-07,-0.0048836225
3.470913e-07,-0.004913063
3.471913e-07,-0.0049389131
3.472913e-07,-0.0049518382
3.473913e-07,-0.0049482479
3.474913e-07,-0.0049331687
3.475913e-07,-0.0049159352
3.476913e-07,-0.0049058824
3.477913e-07,-0.0049073185
3.478913e-07,-0.0049188074
3.479913e-07,-0.0049324506
3.480913e-07,-0.0049403493
3.481913e-07,-0.004937477
3.482913e-07,-0.0049259881
3.483913e-07,-0.0049123449
3.484913e-07,-0.0049058824
3.485913e-07,-0.0049109088
3.486913e-07,-0.00492527
3.487913e-07,-0.0049417854
3.488913e-07,-0.0049518382
3.489913e-07,-0.0049475299
3.490913e-07,-0.0049281422
3.491913e-07,-0.0049001379
3.492913e-07,-0.0048714154
3.493913e-07,-0.0048513097
3.494913e-07,-0.0048448472
3.495913e-07,-0.0048491556
3.496913e-07,-0.0048599265
3.497913e-07,-0.0048706974
3.498913e-07,-0.004878596
3.499913e-07,-0.0048814683
3.500913e-07,-0.0048829044
3.501913e-07,-0.0048843405
3.502913e-07,-0.0048879308
3.503913e-07,-0.0048922392
3.504913e-07,-0.0048943934
3.505913e-07,-0.0048936753
3.506913e-07,-0.0048886489
3.507913e-07,-0.0048807502
3.508913e-07,-0.0048714154
3.509913e-07,-0.0048613626
3.510913e-07,-0.0048505917
3.511913e-07,-0.0048383847
3.512913e-07,-0.0048254596
3.513913e-07,-0.0048132525
3.514913e-07,-0.0048053539
3.515913e-07,-0.0048053539
3.516913e-07,-0.0048139706
3.517913e-07,-0.0048283318
3.518913e-07,-0.0048434111
3.519913e-07,-0.0048513097
3.520913e-07,-0.0048484375
3.521913e-07,-0.0048355124
3.522913e-07,-0.0048168428
3.523913e-07,-0.0047996094
3.524913e-07,-0.0047909926
3.525913e-07,-0.0047924288
3.526913e-07,-0.0048003274
3.527913e-07,-0.0048096622
3.528913e-07,-0.0048139706
3.529913e-07,-0.0048103803
3.530913e-07,-0.0048017636
3.531913e-07,-0.0047931468
3.532913e-07,-0.0047909926
3.533913e-07,-0.0047974552
3.534913e-07,-0.0048125345
3.535913e-07,-0.004831204
3.536913e-07,-0.0048484375
3.537913e-07,-0.0048606445
3.538913e-07,-0.0048671071
3.539913e-07,-0.0048699793
3.540913e-07,-0.0048714154
3.541913e-07,-0.0048714154
3.542913e-07,-0.0048706974
3.543913e-07,-0.004866389
3.544913e-07,-0.0048599265
3.545913e-07,-0.004854182
3.546913e-07,-0.0048534639
3.547913e-07,-0.0048627987
3.548913e-07,-0.0048829044
3.549913e-07,-0.0049101907
3.550913e-07,-0.004937477
3.551913e-07,-0.0049568647
3.552913e-07,-0.0049633272
3.553913e-07,-0.0049590188
3.554913e-07,-0.0049496841
3.555913e-07,-0.0049453757
3.556913e-07,-0.0049518382
3.557913e-07,-0.0049697898
3.558913e-07,-0.0049920496
3.559913e-07,-0.0050114373
3.560913e-07,-0.0050207721
3.561913e-07,-0.0050186179
3.562913e-07,-0.0050100011
3.563913e-07,-0.0050042567
3.564913e-07,-0.0050092831
3.565913e-07,-0.0050265165
3.566913e-07,-0.0050502125
3.567913e-07,-0.0050703182
3.568913e-07,-0.0050782169
3.569913e-07,-0.0050696002
3.570913e-07,-0.0050494945
3.571913e-07,-0.0050257985
3.572913e-07,-0.0050092831
3.573913e-07,-0.0050056928
3.574913e-07,-0.0050135915
3.575913e-07,-0.0050250804
3.576913e-07,-0.005032261
3.577913e-07,-0.0050293888
3.578913e-07,-0.0050186179
3.579913e-07,-0.0050049747
3.580913e-07,-0.0049977941
3.581913e-07,-0.0050021025
3.582913e-07,-0.0050178998
3.583913e-07,-0.0050380055
3.584913e-07,-0.005055239
3.585913e-07,-0.0050631376
3.586913e-07,-0.0050602654
3.587913e-07,-0.0050516487
3.588913e-07,-0.00504375
3.589913e-07,-0.0050423139
3.590913e-07,-0.0050480584
3.591913e-07,-0.0050581112
3.592913e-07,-0.0050667279
3.593913e-07,-0.0050703182
3.594913e-07,-0.0050681641
3.595913e-07,-0.0050652918
3.596913e-07,-0.0050667279
3.597913e-07,-0.0050767808
3.598913e-07,-0.0050947323
3.599913e-07,-0.0051169922
3.600913e-07,-0.0051356618
3.601913e-07,-0.0051464327
3.602913e-07,-0.0051485869
3.603913e-07,-0.0051428424
3.604913e-07,-0.0051356618
3.605913e-07,-0.0051299173
3.606913e-07,-0.0051277631
3.607913e-07,-0.005127045
3.608913e-07,-0.0051241728
3.609913e-07,-0.0051184283
3.610913e-07,-0.0051098116
3.611913e-07,-0.005102631
3.612913e-07,-0.0051011949
3.613913e-07,-0.0051083755
3.614913e-07,-0.0051241728
3.615913e-07,-0.0051428424
3.616913e-07,-0.0051586397
3.617913e-07,-0.0051672564
3.618913e-07,-0.0051665384
3.619913e-07,-0.0051579216
3.620913e-07,-0.0051471507
3.621913e-07,-0.0051378159
3.622913e-07,-0.0051320715
3.623913e-07,-0.0051320715
3.624913e-07,-0.0051356618
3.625913e-07,-0.0051414062
3.626913e-07,-0.0051493049
3.627913e-07,-0.0051586397
3.628913e-07,-0.0051701287
3.629913e-07,-0.0051823357
3.630913e-07,-0.0051938247
3.631913e-07,-0.0052017233
3.632913e-07,-0.0052045956
3.633913e-07,-0.0052031595
3.634913e-07,-0.005198133
3.635913e-07,-0.0051945427
3.636913e-07,-0.0051931066
3.637913e-07,-0.0051945427
3.638913e-07,-0.005198133
3.639913e-07,-0.0052017233
3.640913e-07,-0.0052045956
3.641913e-07,-0.0052074678
3.642913e-07,-0.0052124943
3.643913e-07,-0.0052232652
3.644913e-07,-0.0052390625
3.645913e-07,-0.0052577321
3.646913e-07,-0.0052735294
3.647913e-07,-0.0052835823
3.648913e-07,-0.0052850184
3.649913e-07,-0.00528071
3.650913e-07,-0.0052764017
3.651913e-07,-0.0052771197
3.652913e-07,-0.0052850184
3.653913e-07,-0.0052979435
3.654913e-07,-0.0053108686
3.655913e-07,-0.0053151769
3.656913e-07,-0.0053079963
3.657913e-07,-0.0052914809
3.658913e-07,-0.0052735294
3.659913e-07,-0.0052613224
3.660913e-07,-0.0052620404
3.661913e-07,-0.0052756836
3.662913e-07,-0.0052950712
3.663913e-07,-0.0053123047
3.664913e-07,-0.0053194853
3.665913e-07,-0.0053130227
3.666913e-07,-0.0052972254
3.667913e-07,-0.0052778378
3.668913e-07,-0.0052620404
3.669913e-07,-0.0052527057
3.670913e-07,-0.0052469612
3.671913e-07,-0.0052397806
3.672913e-07,-0.0052275735
3.673913e-07,-0.0052103401
3.674913e-07,-0.0051931066
3.675913e-07,-0.0051816176
3.676913e-07,-0.0051816176
3.677913e-07,-0.0051923886
3.678913e-07,-0.0052067498
3.679913e-07,-0.0052175207
3.680913e-07,-0.0052160846
3.681913e-07,-0.0052010053
3.682913e-07,-0.0051773093
3.683913e-07,-0.0051528952
3.684913e-07,-0.0051356618
3.685913e-07,-0.0051277631
3.686913e-07,-0.0051256089
3.687913e-07,-0.0051220186
3.688913e-07,-0.0051126838
3.689913e-07,-0.0050954504
3.690913e-07,-0.0050767808
3.691913e-07,-0.0050645738
3.692913e-07,-0.0050667279
3.693913e-07,-0.0050839614
3.694913e-07,-0.0051105296
3.695913e-07,-0.0051349437
3.696913e-07,-0.0051471507
3.697913e-07,-0.0051421243
3.698913e-07,-0.0051234547
3.699913e-07,-0.0050983226
3.700913e-07,-0.0050782169
3.701913e-07,-0.0050696002
3.702913e-07,-0.0050731905
3.703913e-07,-0.0050853975
3.704913e-07,-0.0051011949
3.705913e-07,-0.0051162741
3.706913e-07,-0.0051313534
3.707913e-07,-0.0051485869
3.708913e-07,-0.0051701287
3.709913e-07,-0.0051938247
3.710913e-07,-0.0052153665
3.711913e-07,-0.0052275735
3.712913e-07,-0.0052275735
3.713913e-07,-0.0052182387
3.714913e-07,-0.0052074678
3.715913e-07,-0.0052045956
3.716913e-07,-0.0052160846
3.717913e-07,-0.0052404986
3.718913e-07,-0.005269221
3.719913e-07,-0.0052907629
3.720913e-07,-0.0052965074
3.721913e-07,-0.0052864545
3.722913e-07,-0.005269221
3.723913e-07,-0.005257014
3.724913e-07,-0.0052620404
3.725913e-07,-0.0052864545
3.726913e-07,-0.0053230756
3.727913e-07,-0.0053575425
3.728913e-07,-0.0053769301
3.729913e-07,-0.0053740579
3.730913e-07,-0.005351798
3.731913e-07,-0.0053216395
3.732913e-07,-0.0052965074
3.733913e-07,-0.0052843003
3.734913e-07,-0.0052857364
3.735913e-07,-0.005292199
3.736913e-07,-0.0052965074
3.737913e-07,-0.0052914809
3.738913e-07,-0.0052792739
3.739913e-07,-0.0052670669
3.740913e-07,-0.0052620404
3.741913e-07,-0.0052699391
3.742913e-07,-0.0052878906
3.743913e-07,-0.0053072783
3.744913e-07,-0.0053194853
3.745913e-07,-0.0053180492
3.746913e-07,-0.005303688
3.747913e-07,-0.0052828642
3.748913e-07,-0.0052620404
3.749913e-07,-0.0052469612
3.750913e-07,-0.0052369083
3.751913e-07,-0.0052282916
3.752913e-07,-0.0052160846
3.753913e-07,-0.005198133
3.754913e-07,-0.0051787454
3.755913e-07,-0.0051636661
3.756913e-07,-0.0051586397
3.757913e-07,-0.0051643842
3.758913e-07,-0.0051751551
3.759913e-07,-0.0051837718
3.760913e-07,-0.0051816176
3.761913e-07,-0.0051672564
3.762913e-07,-0.0051457146
3.763913e-07,-0.0051248909
3.764913e-07,-0.0051126838
3.765913e-07,-0.0051119658
3.766913e-07,-0.0051184283
3.767913e-07,-0.0051248909
3.768913e-07,-0.0051241728
3.769913e-07,-0.005114838
3.770913e-07,-0.005102631
3.771913e-07,-0.0050961684
3.772913e-07,-0.0051011949
3.773913e-07,-0.0051191464
3.774913e-07,-0.0051435604
3.775913e-07,-0.0051636661
3.776913e-07,-0.0051701287
3.777913e-07,-0.0051607939
3.778913e-07,-0.0051406882
3.779913e-07,-0.0051213006
3.780913e-07,-0.0051126838
3.781913e-07,-0.0051184283
3.782913e-07,-0.0051342256
3.783913e-07,-0.005150741
3.784913e-07,-0.0051586397
3.785913e-07,-0.0051557675
3.786913e-07,-0.0051464327
3.787913e-07,-0.0051406882
3.788913e-07,-0.0051471507
3.789913e-07,-0.0051679745
3.790913e-07,-0.005197415
3.791913e-07,-0.0052247013
3.792913e-07,-0.0052390625
3.793913e-07,-0.0052376264
3.794913e-07,-0.0052247013
3.795913e-07,-0.0052103401
3.796913e-07,-0.0052045956
3.797913e-07,-0.0052124943
3.798913e-07,-0.0052290097
3.799913e-07,-0.005244807
3.800913e-07,-0.0052505515
3.801913e-07,-0.0052433709
3.802913e-07,-0.0052282916
3.803913e-07,-0.0052153665
3.804913e-07,-0.0052160846
3.805913e-07,-0.005233318
3.806913e-07,-0.0052620404
3.807913e-07,-0.0052907629
3.808913e-07,-0.0053079963
3.809913e-07,-0.0053072783
3.810913e-07,-0.005292199
3.811913e-07,-0.0052728114
3.812913e-07,-0.0052620404
3.813913e-07,-0.0052656307
3.814913e-07,-0.0052821461
3.815913e-07,-0.005303688
3.816913e-07,-0.0053194853
3.817913e-07,-0.0053245117
3.818913e-07,-0.0053216395
3.819913e-07,-0.0053166131
3.820913e-07,-0.0053194853
3.821913e-07,-0.0053338465
3.822913e-07,-0.0053561064
3.823913e-07,-0.0053776482
3.824913e-07,-0.0053884191
3.825913e-07,-0.0053833927
3.826913e-07,-0.0053654412
3.827913e-07,-0.0053446174
3.828913e-07,-0.0053309743
3.829913e-07,-0.0053309743
3.830913e-07,-0.0053438994
3.831913e-07,-0.0053625689
3.832913e-07,-0.0053769301
3.833913e-07,-0.0053812385
3.834913e-07,-0.005374776
3.835913e-07,-0.0053640051
3.836913e-07,-0.0053539522
3.837913e-07,-0.0053496438
3.838913e-07,-0.00535108
3.839913e-07,-0.0053539522
3.840913e-07,-0.0053539522
3.841913e-07,-0.0053496438
3.842913e-07,-0.0053431813
3.843913e-07,-0.005339591
3.844913e-07,-0.0053424632
3.845913e-07,-0.0053496438
3.846913e-07,-0.0053539522
3.847913e-07,-0.0053496438
3.848913e-07,-0.0053309743
3.849913e-07,-0.0053022518
3.850913e-07,-0.0052742475
3.851913e-07,-0.0052577321
3.852913e-07,-0.0052620404
3.853913e-07,-0.0052857364
3.854913e-07,-0.0053187672
3.855913e-07,-0.0053453355
3.856913e-07,-0.0053539522
3.857913e-07,-0.0053410271
3.858913e-07,-0.0053144589
3.859913e-07,-0.0052878906
3.860913e-07,-0.0052735294
3.861913e-07,-0.0052764017
3.862913e-07,-0.0052914809
3.863913e-07,-0.0053065602
3.864913e-07,-0.0053079963
3.865913e-07,-0.005292199
3.866913e-07,-0.0052641946
3.867913e-07,-0.0052383444
3.868913e-07,-0.0052275735
3.869913e-07,-0.0052397806
3.870913e-07,-0.0052720933
3.871913e-07,-0.0053108686
3.872913e-07,-0.0053424632
3.873913e-07,-0.0053561064
3.874913e-07,-0.0053503619
3.875913e-07,-0.0053345646
3.876913e-07,-0.0053194853
3.877913e-07,-0.0053137408
3.878913e-07,-0.0053180492
3.879913e-07,-0.0053266659
3.880913e-07,-0.0053309743
3.881913e-07,-0.0053259478
3.882913e-07,-0.0053130227
3.883913e-07,-0.0053000977
3.884913e-07,-0.0052965074
3.885913e-07,-0.0053079963
3.886913e-07,-0.0053316923
3.887913e-07,-0.0053582606
3.888913e-07,-0.0053769301
3.889913e-07,-0.0053790843
3.890913e-07,-0.0053647231
3.891913e-07,-0.0053410271
3.892913e-07,-0.0053194853
3.893913e-07,-0.0053079963
3.894913e-07,-0.0053079963
3.895913e-07,-0.0053144589
3.896913e-07,-0.0053194853
3.897913e-07,-0.005315895
3.898913e-07,-0.0053029699
3.899913e-07,-0.0052857364
3.900913e-07,-0.0052735294
3.901913e-07,-0.0052720933
3.902913e-07,-0.0052835823
3.903913e-07,-0.0053022518
3.904913e-07,-0.0053194853
3.905913e-07,-0.005327384
3.906913e-07,-0.0053223575
3.907913e-07,-0.0053058421
3.908913e-07,-0.0052850184
3.909913e-07,-0.0052656307
3.910913e-07,-0.0052534237
3.911913e-07,-0.0052491153
3.912913e-07,-0.0052505515
3.913913e-07,-0.005256296
3.914913e-07,-0.0052641946
3.915913e-07,-0.0052735294
3.916913e-07,-0.0052850184
3.917913e-07,-0.0052965074
3.918913e-07,-0.0053058421
3.919913e-07,-0.0053101505
3.920913e-07,-0.0053079963
3.921913e-07,-0.0053015338
3.922913e-07,-0.005292917
3.923913e-07,-0.0052871726
3.924913e-07,-0.0052850184
3.925913e-07,-0.0052857364
3.926913e-07,-0.0052835823
3.927913e-07,-0.0052764017
3.928913e-07,-0.0052620404
3.929913e-07,-0.005244807
3.930913e-07,-0.0052311638
3.931913e-07,-0.0052282916
3.932913e-07,-0.0052390625
3.933913e-07,-0.0052591682
3.934913e-07,-0.005279992
3.935913e-07,-0.0052900448
3.936913e-07,-0.0052850184
3.937913e-07,-0.0052656307
3.938913e-07,-0.0052404986
3.939913e-07,-0.005221829
3.940913e-07,-0.0052160846
3.941913e-07,-0.0052247013
3.942913e-07,-0.0052397806
3.943913e-07,-0.0052512695
3.944913e-07,-0.0052505515
3.945913e-07,-0.0052369083
3.946913e-07,-0.0052175207
3.947913e-07,-0.0052031595
3.948913e-07,-0.0052045956
3.949913e-07,-0.0052225471
3.950913e-07,-0.0052505515
3.951913e-07,-0.0052749655
3.952913e-07,-0.0052850184
3.953913e-07,-0.0052756836
3.954913e-07,-0.0052519876
3.955913e-07,-0.0052239832
3.956913e-07,-0.0052045956
3.957913e-07,-0.0051995692
3.958913e-07,-0.0052074678
3.959913e-07,-0.0052196749
3.960913e-07,-0.0052275735
3.961913e-07,-0.0052261374
3.962913e-07,-0.0052168026
3.963913e-07,-0.0052067498
3.964913e-07,-0.0052045956
3.965913e-07,-0.0052132123
3.966913e-07,-0.0052297277
3.967913e-07,-0.005244807
3.968913e-07,-0.0052505515
3.969913e-07,-0.0052426528
3.970913e-07,-0.0052247013
3.971913e-07,-0.0052045956
3.972913e-07,-0.0051931066
3.973913e-07,-0.0051938247
3.974913e-07,-0.0052053136
3.975913e-07,-0.0052196749
3.976913e-07,-0.0052275735
3.977913e-07,-0.0052254193
3.978913e-07,-0.0052153665
3.979913e-07,-0.0052060317
3.980913e-07,-0.0052045956
3.981913e-07,-0.0052160846
3.982913e-07,-0.0052376264
3.983913e-07,-0.0052598863
3.984913e-07,-0.0052735294
3.985913e-07,-0.0052720933
3.986913e-07,-0.0052577321
3.987913e-07,-0.0052354722
3.988913e-07,-0.0052160846
3.989913e-07,-0.0052053136
3.990913e-07,-0.0052053136
3.991913e-07,-0.0052103401
3.992913e-07,-0.0052160846
3.993913e-07,-0.0052182387
3.994913e-07,-0.0052160846
3.995913e-07,-0.0052139304
3.996913e-07,-0.0052160846
3.997913e-07,-0.0052225471
3.998913e-07,-0.0052304458
3.999913e-07,-0.005233318
4.000913e-07,-0.0052275735
4.001913e-07,-0.0052124943
4.002913e-07,-0.0051923886
4.003913e-07,-0.0051758732
4.004913e-07,-0.0051701287
4.005913e-07,-0.0051765912
4.006913e-07,-0.0051909524
4.007913e-07,-0.0052060317
4.008913e-07,-0.0052160846
4.009913e-07,-0.0052189568
4.010913e-07,-0.0052175207
4.011913e-07,-0.0052189568
4.012913e-07,-0.0052275735
4.013913e-07,-0.0052419347
4.014913e-07,-0.005256296
4.015913e-07,-0.0052613224
4.016913e-07,-0.0052505515
4.017913e-07,-0.0052247013
4.018913e-07,-0.0051931066
4.019913e-07,-0.0051672564
4.020913e-07,-0.0051586397
4.021913e-07,-0.0051694106
4.022913e-07,-0.0051945427
4.023913e-07,-0.005221829
4.024913e-07,-0.0052390625
4.025913e-07,-0.0052419347
4.026913e-07,-0.0052347541
4.027913e-07,-0.0052261374
4.028913e-07,-0.0052275735
4.029913e-07,-0.0052433709
4.030913e-07,-0.0052706572
4.031913e-07,-0.0052993796
4.032913e-07,-0.0053194853
4.033913e-07,-0.0053245117
4.034913e-07,-0.0053151769
4.035913e-07,-0.0052993796
4.036913e-07,-0.0052850184
4.037913e-07,-0.0052778378
4.038913e-07,-0.0052792739
4.039913e-07,-0.0052828642
4.040913e-07,-0.0052850184
4.041913e-07,-0.0052835823
4.042913e-07,-0.0052814281
4.043913e-07,-0.0052843003
4.044913e-07,-0.0052965074
4.045913e-07,-0.0053180492
4.046913e-07,-0.0053424632
4.047913e-07,-0.0053604148
4.048913e-07,-0.0053654412
4.049913e-07,-0.0053575425
4.050913e-07,-0.0053424632
4.051913e-07,-0.0053309743
4.052913e-07,-0.0053309743
4.053913e-07,-0.0053446174
4.054913e-07,-0.0053654412
4.055913e-07,-0.0053833927
4.056913e-07,-0.0053884191
4.057913e-07,-0.0053783663
4.058913e-07,-0.0053604148
4.059913e-07,-0.0053446174
4.060913e-07,-0.0053424632
4.061913e-07,-0.0053568244
4.062913e-07,-0.0053826746
4.063913e-07,-0.0054085248
4.064913e-07,-0.005422886
4.065913e-07,-0.0054200138
4.066913e-07,-0.0054027803
4.067913e-07,-0.0053812385
4.068913e-07,-0.0053654412
4.069913e-07,-0.0053611328
4.070913e-07,-0.0053668773
4.071913e-07,-0.005374776
4.072913e-07,-0.0053769301
4.073913e-07,-0.0053690315
4.074913e-07,-0.0053553883
4.075913e-07,-0.0053438994
4.076913e-07,-0.0053424632
4.077913e-07,-0.0053532341
4.078913e-07,-0.0053711857
4.079913e-07,-0.0053855469
4.080913e-07,-0.0053884191
4.081913e-07,-0.005374776
4.082913e-07,-0.0053503619
4.083913e-07,-0.0053245117
4.084913e-07,-0.0053079963
4.085913e-07,-0.0053051241
4.086913e-07,-0.0053123047
4.087913e-07,-0.0053202034
4.088913e-07,-0.0053194853
4.089913e-07,-0.0053058421
4.090913e-07,-0.0052828642
4.091913e-07,-0.0052606043
4.092913e-07,-0.0052505515
4.093913e-07,-0.005256296
4.094913e-07,-0.0052728114
4.095913e-07,-0.0052907629
4.096913e-07,-0.0052965074
4.097913e-07,-0.0052850184
4.098913e-07,-0.0052584501
4.099913e-07,-0.0052275735
4.100913e-07,-0.0052045956
4.101913e-07,-0.005198133
4.102913e-07,-0.0052067498
4.103913e-07,-0.0052247013
4.104913e-07,-0.0052390625
4.105913e-07,-0.0052433709
4.106913e-07,-0.0052361903
4.107913e-07,-0.0052239832
4.108913e-07,-0.0052160846
4.109913e-07,-0.0052189568
4.110913e-07,-0.0052318819
4.111913e-07,-0.0052498334
4.112913e-07,-0.0052620404
4.113913e-07,-0.0052627585
4.114913e-07,-0.0052512695
4.115913e-07,-0.0052326
4.116913e-07,-0.0052160846
4.117913e-07,-0.0052081859
4.118913e-07,-0.005209622
4.119913e-07,-0.0052182387
4.120913e-07,-0.0052275735
4.121913e-07,-0.0052326
4.122913e-07,-0.005233318
4.123913e-07,-0.005233318
4.124913e-07,-0.0052390625
4.125913e-07,-0.0052534237
4.126913e-07,-0.0052735294
4.127913e-07,-0.0052950712
4.128913e-07,-0.0053079963
4.129913e-07,-0.0053079963
4.130913e-07,-0.0052943532
4.131913e-07,-0.0052728114
4.132913e-07,-0.0052505515
4.133913e-07,-0.0052354722
4.134913e-07,-0.0052297277
4.135913e-07,-0.0052326
4.136913e-07,-0.0052390625
4.137913e-07,-0.0052462431
4.138913e-07,-0.0052519876
4.139913e-07,-0.005256296
4.140913e-07,-0.0052620404
4.141913e-07,-0.005268503
4.142913e-07,-0.0052749655
4.143913e-07,-0.0052771197
4.144913e-07,-0.0052735294
4.145913e-07,-0.0052634766
4.146913e-07,-0.0052512695
4.147913e-07,-0.0052412167
4.148913e-07,-0.0052390625
4.149913e-07,-0.0052440889
4.150913e-07,-0.0052541418
4.151913e-07,-0.0052613224
4.152913e-07,-0.0052620404
4.153913e-07,-0.0052527057
4.154913e-07,-0.0052369083
4.155913e-07,-0.0052189568
4.156913e-07,-0.0052045956
4.157913e-07,-0.0051966969
4.158913e-07,-0.0051945427
4.159913e-07,-0.0051945427
4.160913e-07,-0.0051931066
4.161913e-07,-0.0051895163
4.162913e-07,-0.0051844899
4.163913e-07,-0.0051816176
4.164913e-07,-0.0051816176
4.165913e-07,-0.0051837718
4.166913e-07,-0.0051844899
4.167913e-07,-0.0051801815
4.168913e-07,-0.0051701287
4.169913e-07,-0.0051586397
4.170913e-07,-0.0051514591
4.171913e-07,-0.0051550494
4.172913e-07,-0.0051701287
4.173913e-07,-0.0051916705
4.174913e-07,-0.0052103401
4.175913e-07,-0.0052160846
4.176913e-07,-0.0052045956
4.177913e-07,-0.0051787454
4.178913e-07,-0.0051478688
4.179913e-07,-0.0051234547
4.180913e-07,-0.0051126838
4.181913e-07,-0.005114838
4.182913e-07,-0.0051220186
4.183913e-07,-0.0051234547
4.184913e-07,-0.0051126838
4.185913e-07,-0.0050904239
4.186913e-07,-0.0050660099
4.187913e-07,-0.0050509306
4.188913e-07,-0.005055239
4.189913e-07,-0.0050767808
4.190913e-07,-0.0051069393
4.191913e-07,-0.0051306353
4.192913e-07,-0.0051356618
4.193913e-07,-0.0051198644
4.194913e-07,-0.0050904239
4.195913e-07,-0.0050609835
4.196913e-07,-0.00504375
4.197913e-07,-0.0050451861
4.198913e-07,-0.0050617015
4.199913e-07,-0.0050839614
4.200913e-07,-0.0051011949
4.201913e-07,-0.0051090935
4.202913e-07,-0.0051105296
4.203913e-07,-0.0051134019
4.204913e-07,-0.0051241728
4.205913e-07,-0.0051435604
4.206913e-07,-0.0051636661
4.207913e-07,-0.0051751551
4.208913e-07,-0.0051701287
4.209913e-07,-0.0051485869
4.210913e-07,-0.0051213006
4.211913e-07,-0.0051011949
4.212913e-07,-0.0051011949
4.213913e-07,-0.0051241728
4.214913e-07,-0.0051607939
4.215913e-07,-0.0051959789
4.216913e-07,-0.0052160846
4.217913e-07,-0.0052153665
4.218913e-07,-0.0051995692
4.219913e-07,-0.0051830538
4.220913e-07,-0.0051816176
4.221913e-07,-0.0052024414
4.222913e-07,-0.0052397806
4.223913e-07,-0.00528071
4.224913e-07,-0.0053079963
4.225913e-07,-0.0053123047
4.226913e-07,-0.0052950712
4.227913e-07,-0.005269221
4.228913e-07,-0.0052505515
4.229913e-07,-0.0052519876
4.230913e-07,-0.0052756836
4.231913e-07,-0.0053144589
4.232913e-07,-0.0053539522
4.233913e-07,-0.0053826746
4.234913e-07,-0.0053970358
4.235913e-07,-0.00539919
4.236913e-07,-0.0053999081
4.237913e-07,-0.0054056526
4.238913e-07,-0.0054185777
4.239913e-07,-0.005434375
4.240913e-07,-0.005445864
4.241913e-07,-0.0054473001
4.242913e-07,-0.0054401195
4.243913e-07,-0.0054286305
4.244913e-07,-0.005422886
4.245913e-07,-0.0054271944
4.246913e-07,-0.0054415556
4.247913e-07,-0.005458071
4.248913e-07,-0.0054688419
4.249913e-07,-0.0054666877
4.250913e-07,-0.0054508904
4.251913e-07,-0.0054293486
4.252913e-07,-0.0054113971
4.253913e-07,-0.0054056526
4.254913e-07,-0.0054135512
4.255913e-07,-0.0054300666
4.256913e-07,-0.005445864
4.257913e-07,-0.0054523265
4.258913e-07,-0.0054444278
4.259913e-07,-0.0054250402
4.260913e-07,-0.0053999081
4.261913e-07,-0.0053769301
4.262913e-07,-0.0053611328
4.263913e-07,-0.0053539522
4.264913e-07,-0.0053539522
4.265913e-07,-0.0053561064
4.266913e-07,-0.0053582606
4.267913e-07,-0.0053575425
4.268913e-07,-0.0053539522
4.269913e-07,-0.0053482077
4.270913e-07,-0.005339591
4.271913e-07,-0.0053295381
4.272913e-07,-0.0053194853
4.273913e-07,-0.0053123047
4.274913e-07,-0.0053115866
4.275913e-07,-0.0053187672
4.276913e-07,-0.0053309743
4.277913e-07,-0.0053431813
4.278913e-07,-0.0053489258
4.279913e-07,-0.0053410271
4.280913e-07,-0.0053194853
4.281913e-07,-0.0052900448
4.282913e-07,-0.0052634766
4.283913e-07,-0.0052483973
4.284913e-07,-0.0052505515
4.285913e-07,-0.0052656307
4.286913e-07,-0.0052835823
4.287913e-07,-0.005292917
4.288913e-07,-0.0052850184
4.289913e-07,-0.0052613224
4.290913e-07,-0.0052297277
4.291913e-07,-0.0052038775
4.292913e-07,-0.0051931066
4.293913e-07,-0.0052010053
4.294913e-07,-0.0052203929
4.295913e-07,-0.0052404986
4.296913e-07,-0.0052505515
4.297913e-07,-0.005245525
4.298913e-07,-0.0052297277
4.299913e-07,-0.0052124943
4.300913e-07,-0.0052045956
4.301913e-07,-0.0052103401
4.302913e-07,-0.0052282916
4.303913e-07,-0.0052483973
4.304913e-07,-0.0052620404
4.305913e-07,-0.0052641946
4.306913e-07,-0.005256296
4.307913e-07,-0.005245525
4.308913e-07,-0.0052390625
4.309913e-07,-0.0052412167
4.310913e-07,-0.0052505515
4.311913e-07,-0.0052591682
4.312913e-07,-0.0052620404
4.313913e-07,-0.0052555779
4.314913e-07,-0.005244807
4.315913e-07,-0.0052361903
4.316913e-07,-0.0052390625
4.317913e-07,-0.0052555779
4.318913e-07,-0.0052821461
4.319913e-07,-0.0053108686
4.320913e-07,-0.0053309743
4.321913e-07,-0.0053381549
4.322913e-07,-0.0053338465
4.323913e-07,-0.0053252298
4.324913e-07,-0.0053194853
4.325913e-07,-0.0053216395
4.326913e-07,-0.0053302562
4.327913e-07,-0.005339591
4.328913e-07,-0.0053424632
4.329913e-07,-0.0053367188
4.330913e-07,-0.0053259478
4.331913e-07,-0.0053180492
4.332913e-07,-0.0053194853
4.333913e-07,-0.0053345646
4.334913e-07,-0.0053596967
4.335913e-07,-0.0053848288
4.336913e-07,-0.0053999081
4.337913e-07,-0.00539919
4.338913e-07,-0.0053833927
4.339913e-07,-0.0053611328
4.340913e-07,-0.0053424632
4.341913e-07,-0.0053352826
4.342913e-07,-0.0053403091
4.343913e-07,-0.0053532341
4.344913e-07,-0.0053654412
4.345913e-07,-0.0053690315
4.346913e-07,-0.0053618509
4.347913e-07,-0.0053467716
4.348913e-07,-0.0053309743
4.349913e-07,-0.0053194853
4.350913e-07,-0.0053151769
4.351913e-07,-0.0053130227
4.352913e-07,-0.0053079963
4.353913e-07,-0.0052943532
4.354913e-07,-0.0052713752
4.355913e-07,-0.0052397806
4.356913e-07,-0.0052045956
4.357913e-07,-0.0051694106
4.358913e-07,-0.0051335076
4.359913e-07,-0.0050940142
4.360913e-07,-0.00504375
4.361913e-07,-0.0049791245
4.362913e-07,-0.0048994198
4.363913e-07,-0.0048082261
4.364913e-07,-0.0047105699
4.365913e-07,-0.0046121955
4.366913e-07,-0.0045145393
4.367913e-07,-0.0044147289
4.368913e-07,-0.0043084559
4.369913e-07,-0.0041892578
4.370913e-07,-0.0040549805
4.371913e-07,-0.0039056239
4.372913e-07,-0.0037454963
4.373913e-07,-0.0035796243
4.374913e-07,-0.003410162
4.375913e-07,-0.0032399816
4.376913e-07,-0.0030676471
4.377913e-07,-0.0028910041
4.378913e-07,-0.0027093348
4.379913e-07,-0.002522639
4.380913e-07,-0.0023323529
4.381913e-07,-0.0021406307
4.382913e-07,-0.0019481905
4.383913e-07,-0.0017550322
4.384913e-07,-0.0015625919
4.385913e-07,-0.0013701517
4.386913e-07,-0.0011784295
4.387913e-07,-0.0009895795
4.388913e-07,-0.00080431985
4.389913e-07,-0.00062265051
4.390913e-07,-0.00044313534
4.391913e-07,-0.00026649242
4.392913e-07,-9.2003676e-05
4.393913e-07,7.745864e-05
4.394913e-07,0.00023902229
4.395913e-07,0.00038981503
4.396913e-07,0.00052840074
4.397913e-07,0.00065693359
4.398913e-07,0.00078115809
4.399913e-07,0.00090538258
4.400913e-07,0.0010339154
4.401913e-07,0.0011660386
4.402913e-07,0.0012967256
4.403913e-07,0.001419514
4.404913e-07,0.0015279412
4.405913e-07,0.0016184168
4.406913e-07,0.0016923771
4.407913e-07,0.0017555664
4.408913e-07,0.0018151654
4.409913e-07,0.0018762006
4.410913e-07,0.0019393899
4.411913e-07,0.0020011432
4.412913e-07,0.0020564338
4.413913e-07,0.0020995175
4.414913e-07,0.002129676
4.415913e-07,0.0021476275
4.416913e-07,0.0021598346
4.417913e-07,0.0021720416
4.418913e-07,0.002189275
4.419913e-07,0.002212971
4.420913e-07,0.0022402574
4.421913e-07,0.0022675437
4.422913e-07,0.0022898035
4.423913e-07,0.0023041648
4.424913e-07,0.0023091912
4.425913e-07,0.0023048828
4.426913e-07,0.0022941119
4.427913e-07,0.0022790326
4.428913e-07,0.0022632353
4.429913e-07,0.0022503102
4.430913e-07,0.0022438477
4.431913e-07,0.0022445657
4.432913e-07,0.0022517463
4.433913e-07,0.0022639534
4.434913e-07,0.0022761604
4.435913e-07,0.0022847771
4.436913e-07,0.0022862132
4.437913e-07,0.0022797507
4.438913e-07,0.0022675437
4.439913e-07,0.0022524644
4.440913e-07,0.0022402574
4.441913e-07,0.0022330767
4.442913e-07,0.0022337948
4.443913e-07,0.0022402574
4.444913e-07,0.0022517463
4.445913e-07,0.0022653895
4.446913e-07,0.0022783146
4.447913e-07,0.0022890855
4.448913e-07,0.0022977022
4.449913e-07,0.0023034467
4.450913e-07,0.0023056009
4.451913e-07,0.002307037
4.452913e-07,0.0023091912
4.453913e-07,0.0023142176
4.454913e-07,0.0023249885
4.455913e-07,0.00234294
4.456913e-07,0.002366636
4.457913e-07,0.0023932043
4.458913e-07,0.0024176183
4.459913e-07,0.0024362879
4.460913e-07,0.0024470588
4.461913e-07,0.0024513672
4.462913e-07,0.0024520852
4.463913e-07,0.0024535214
4.464913e-07,0.0024585478
4.465913e-07,0.0024671645
4.466913e-07,0.0024779354
4.467913e-07,0.0024872702
4.468913e-07,0.0024930147
4.469913e-07,0.0024944508
4.470913e-07,0.0024930147
4.471913e-07,0.0024915786
4.472913e-07,0.0024930147
4.473913e-07,0.002496605
4.474913e-07,0.0024994773
4.475913e-07,0.0024994773
4.476913e-07,0.0024930147
4.477913e-07,0.0024815257
4.478913e-07,0.0024693187
4.479913e-07,0.0024599839
4.480913e-07,0.0024585478
4.481913e-07,0.0024664465
4.482913e-07,0.0024800896
4.483913e-07,0.0024944508
4.484913e-07,0.0025045037
4.485913e-07,0.0025052217
4.486913e-07,0.0024958869
4.487913e-07,0.0024786535
4.488913e-07,0.0024585478
4.489913e-07,0.0024391602
4.490913e-07,0.0024226448
4.491913e-07,0.0024097197
4.492913e-07,0.0024011029
4.493913e-07,0.0023953585
4.494913e-07,0.0023939223
4.495913e-07,0.0023953585
4.496913e-07,0.0024011029
4.497913e-07,0.0024082835
4.498913e-07,0.002414028
4.499913e-07,0.0024161822
4.500913e-07,0.0024125919
4.501913e-07,0.0024054113
4.502913e-07,0.0023967946
4.503913e-07,0.0023910501
4.504913e-07,0.002389614
4.505913e-07,0.0023917682
4.506913e-07,0.0023939223
4.507913e-07,0.002390332
4.508913e-07,0.002378125
4.509913e-07,0.0023565832
4.510913e-07,0.0023300149
4.511913e-07,0.0023041648
4.512913e-07,0.0022862132
4.513913e-07,0.0022790326
4.514913e-07,0.0022811868
4.515913e-07,0.0022898035
4.516913e-07,0.0022977022
4.517913e-07,0.0023012925
4.518913e-07,0.0022984203
4.519913e-07,0.0022890855
4.520913e-07,0.0022747243
4.521913e-07,0.0022574908
4.522913e-07,0.0022381032
4.523913e-07,0.0022165614
4.524913e-07,0.0021943015
4.525913e-07,0.0021727597
4.526913e-07,0.0021548081
4.527913e-07,0.0021426011
4.528913e-07,0.0021368566
4.529913e-07,0.0021361386
4.530913e-07,0.0021361386
4.531913e-07,0.0021332663
4.532913e-07,0.0021253676
4.533913e-07,0.0021138787
4.534913e-07,0.0021016716
4.535913e-07,0.002093773
4.536913e-07,0.0020909007
4.537913e-07,0.0020930549
4.538913e-07,0.0020952091
4.539913e-07,0.0020952091
4.540913e-07,0.0020909007
4.541913e-07,0.0020844382
4.542913e-07,0.0020794118
4.543913e-07,0.0020815659
4.544913e-07,0.0020909007
4.545913e-07,0.0021052619
4.546913e-07,0.0021167509
4.547913e-07,0.0021210593
4.548913e-07,0.0021138787
4.549913e-07,0.0020995175
4.550913e-07,0.0020858743
4.551913e-07,0.0020815659
4.552913e-07,0.0020909007
4.553913e-07,0.0021124426
4.554913e-07,0.0021368566
4.555913e-07,0.0021555262
4.556913e-07,0.0021598346
4.557913e-07,0.0021504998
4.558913e-07,0.0021347024
4.559913e-07,0.0021239315
4.560913e-07,0.0021253676
4.561913e-07,0.002141883
4.562913e-07,0.0021684513
4.563913e-07,0.0021928653
4.564913e-07,0.0022057904
4.565913e-07,0.0022029182
4.566913e-07,0.002188557
4.567913e-07,0.0021706055
4.568913e-07,0.0021598346
4.569913e-07,0.0021612707
4.570913e-07,0.0021720416
4.571913e-07,0.0021864028
4.572913e-07,0.0021943015
4.573913e-07,0.0021921473
4.574913e-07,0.0021820944
4.575913e-07,0.0021720416
4.576913e-07,0.0021713235
4.577913e-07,0.0021849667
4.578913e-07,0.0022108169
4.579913e-07,0.0022402574
4.580913e-07,0.0022632353
4.581913e-07,0.002271134
4.582913e-07,0.0022617992
4.583913e-07,0.0022409754
4.584913e-07,0.0022172794
4.585913e-07,0.0021986098
4.586913e-07,0.002188557
4.587913e-07,0.0021849667
4.588913e-07,0.0021828125
4.589913e-07,0.0021777861
4.590913e-07,0.0021691693
4.591913e-07,0.0021612707
4.592913e-07,0.0021598346
4.593913e-07,0.0021677332
4.594913e-07,0.0021849667
4.595913e-07,0.0022043543
4.596913e-07,0.0022172794
4.597913e-07,0.0022165614
4.598913e-07,0.0021993279
4.599913e-07,0.0021698874
4.600913e-07,0.0021368566
4.601913e-07,0.0021088523
4.602913e-07,0.0020923369
4.603913e-07,0.0020880285
4.604913e-07,0.0020909007
4.605913e-07,0.0020952091
4.606913e-07,0.0020952091
4.607913e-07,0.0020894646
4.608913e-07,0.0020794118
4.609913e-07,0.0020679228
4.610913e-07,0.002058588
4.611913e-07,0.0020514074
4.612913e-07,0.0020449449
4.613913e-07,0.0020363281
4.614913e-07,0.0020248392
4.615913e-07,0.002011196
4.616913e-07,0.001998989
4.617913e-07,0.0019910903
4.618913e-07,0.0019896542
4.619913e-07,0.0019932445
4.620913e-07,0.001998989
4.621913e-07,0.0020011432
4.622913e-07,0.0019953987
4.623913e-07,0.0019824736
4.624913e-07,0.0019645221
4.625913e-07,0.0019465705
4.626913e-07,0.0019336455
4.627913e-07,0.001928619
4.628913e-07,0.0019300551
4.629913e-07,0.0019350816
4.630913e-07,0.0019386719
