LECROYHDO6104B,11090,Waveform
Segments,1,SegmentSize,5002
Segment,TrigTime,TimeSinceSegment1
#1,04-May-2026 18:26:40,0                 
Time,Ampl
-3.702832e-08,-0.0032536248
-3.692832e-08,-0.003280193
-3.682832e-08,-0.0032974265
-3.672832e-08,-0.0032981445
-3.662832e-08,-0.0032859375
-3.652832e-08,-0.0032701402
-3.642832e-08,-0.0032629596
-3.632832e-08,-0.0032715763
-3.622832e-08,-0.0032945542
-3.612832e-08,-0.0033225586
-3.602832e-08,-0.0033433824
-3.592832e-08,-0.0033498449
-3.582832e-08,-0.0033426643
-3.572832e-08,-0.0033297392
-3.562832e-08,-0.0033204044
-3.552832e-08,-0.0033232767
-3.542832e-08,-0.0033383559
-3.532832e-08,-0.0033591797
-3.522832e-08,-0.0033778493
-3.512832e-08,-0.0033879021
-3.502832e-08,-0.0033886202
-3.492832e-08,-0.003386466
-3.482832e-08,-0.0033893382
-3.472832e-08,-0.0034008272
-3.462832e-08,-0.0034187787
-3.452832e-08,-0.0034374483
-3.442832e-08,-0.0034467831
-3.432832e-08,-0.0034431928
-3.422832e-08,-0.0034281135
-3.412832e-08,-0.0034108801
-3.402832e-08,-0.0034008272
-3.392832e-08,-0.0034044175
-3.382832e-08,-0.003422369
-3.372832e-08,-0.0034475011
-3.362832e-08,-0.003469761
-3.352832e-08,-0.0034819681
-3.342832e-08,-0.0034826861
-3.332832e-08,-0.0034762236
-3.322832e-08,-0.003469761
-3.312832e-08,-0.003469043
-3.302832e-08,-0.0034755055
-3.292832e-08,-0.0034848403
-3.282832e-08,-0.003492739
-3.272832e-08,-0.003493457
-3.262832e-08,-0.0034877125
-3.252832e-08,-0.0034776597
-3.242832e-08,-0.003469761
-3.232832e-08,-0.0034661707
-3.222832e-08,-0.0034676068
-3.212832e-08,-0.0034704791
-3.202832e-08,-0.003469761
-3.192832e-08,-0.0034632985
-3.182832e-08,-0.0034532456
-3.172832e-08,-0.0034417567
-3.162832e-08,-0.0034352941
-3.152832e-08,-0.0034345761
-3.142832e-08,-0.0034374483
-3.132832e-08,-0.0034388844
-3.122832e-08,-0.0034352941
-3.112832e-08,-0.0034245232
-3.102832e-08,-0.0034094439
-3.092832e-08,-0.0033958008
-3.082832e-08,-0.0033893382
-3.072832e-08,-0.0033922105
-3.062832e-08,-0.0034008272
-3.052832e-08,-0.0034094439
-3.042832e-08,-0.0034123162
-3.032832e-08,-0.0034051356
-3.022832e-08,-0.0033900563
-3.012832e-08,-0.0033713867
-3.002832e-08,-0.0033548713
-2.992832e-08,-0.0033441004
-2.982832e-08,-0.0033405101
-2.972832e-08,-0.0033405101
-2.962832e-08,-0.0033433824
-2.952832e-08,-0.0033484088
-2.942832e-08,-0.0033563074
-2.932832e-08,-0.0033699506
-2.922832e-08,-0.0033893382
-2.912832e-08,-0.003410162
-2.902832e-08,-0.0034259593
-2.892832e-08,-0.0034309858
-2.882832e-08,-0.0034238051
-2.872832e-08,-0.0034072898
-2.862832e-08,-0.0033907744
-2.852832e-08,-0.0033828757
-2.842832e-08,-0.0033893382
-2.832832e-08,-0.0034080078
-2.822832e-08,-0.0034302677
-2.812832e-08,-0.003445347
-2.802832e-08,-0.0034467831
-2.792832e-08,-0.0034345761
-2.782832e-08,-0.0034173426
-2.772832e-08,-0.0034065717
-2.762832e-08,-0.0034123162
-2.752832e-08,-0.0034360122
-2.742832e-08,-0.0034711972
-2.732832e-08,-0.003504946
-2.722832e-08,-0.0035272059
-2.712832e-08,-0.0035329504
-2.702832e-08,-0.0035264878
-2.692832e-08,-0.0035178711
-2.682832e-08,-0.0035157169
-2.672832e-08,-0.0035257698
-2.662832e-08,-0.0035444393
-2.652832e-08,-0.0035631089
-2.642832e-08,-0.0035731618
-2.632832e-08,-0.0035717256
-2.622832e-08,-0.0035609547
-2.612832e-08,-0.0035509019
-2.602832e-08,-0.0035501838
-2.592832e-08,-0.0035623909
-2.582832e-08,-0.0035839327
-2.572832e-08,-0.0036061926
-2.562832e-08,-0.0036191176
-2.552832e-08,-0.0036183996
-2.542832e-08,-0.0036069106
-2.532832e-08,-0.0035925494
-2.522832e-08,-0.0035846507
-2.512832e-08,-0.0035889591
-2.502832e-08,-0.0036026023
-2.492832e-08,-0.0036191176
-2.482832e-08,-0.0036306066
-2.472832e-08,-0.0036320427
-2.462832e-08,-0.0036255802
-2.452832e-08,-0.0036183996
-2.442832e-08,-0.0036191176
-2.432832e-08,-0.0036306066
-2.422832e-08,-0.0036499943
-2.412832e-08,-0.0036686638
-2.402832e-08,-0.0036765625
-2.392832e-08,-0.0036686638
-2.382832e-08,-0.003647122
-2.372832e-08,-0.0036191176
-2.362832e-08,-0.0035961397
-2.352832e-08,-0.0035846507
-2.342832e-08,-0.0035868049
-2.332832e-08,-0.0035968578
-2.322832e-08,-0.0036076287
-2.312832e-08,-0.0036140912
-2.302832e-08,-0.0036133732
-2.292832e-08,-0.0036105009
-2.282832e-08,-0.0036076287
-2.272832e-08,-0.0036083467
-2.262832e-08,-0.003611937
-2.252832e-08,-0.0036126551
-2.242832e-08,-0.0036076287
-2.232832e-08,-0.0035947036
-2.222832e-08,-0.0035781882
-2.212832e-08,-0.0035652631
-2.202832e-08,-0.0035616728
-2.192832e-08,-0.0035710076
-2.182832e-08,-0.0035903952
-2.172832e-08,-0.0036126551
-2.162832e-08,-0.0036306066
-2.152832e-08,-0.0036406595
-2.142832e-08,-0.0036449678
-2.132832e-08,-0.003647122
-2.122832e-08,-0.0036535846
-2.112832e-08,-0.0036665097
-2.102832e-08,-0.0036844612
-2.092832e-08,-0.0037009766
-2.082832e-08,-0.0037110294
-2.072832e-08,-0.0037124655
-2.062832e-08,-0.0037088752
-2.052832e-08,-0.003706003
-2.042832e-08,-0.0037110294
-2.032832e-08,-0.0037253906
-2.022832e-08,-0.0037454963
-2.012832e-08,-0.0037663201
-2.002832e-08,-0.0037799632
-1.992832e-08,-0.0037842716
-1.982832e-08,-0.0037821174
-1.972832e-08,-0.0037785271
-1.962832e-08,-0.0037799632
-1.952832e-08,-0.00378858
-1.942832e-08,-0.0038015051
-1.932832e-08,-0.0038115579
-1.922832e-08,-0.0038144301
-1.912832e-08,-0.0038079676
-1.902832e-08,-0.0037950425
-1.892832e-08,-0.0037835535
-1.882832e-08,-0.0037799632
-1.872832e-08,-0.0037857077
-1.862832e-08,-0.0037979148
-1.852832e-08,-0.0038094037
-1.842832e-08,-0.0038144301
-1.832832e-08,-0.0038101218
-1.822832e-08,-0.0038000689
-1.812832e-08,-0.0037921703
-1.802832e-08,-0.0037914522
-1.792832e-08,-0.003800787
-1.782832e-08,-0.0038165843
-1.772832e-08,-0.0038309455
-1.762832e-08,-0.0038374081
-1.752832e-08,-0.0038338178
-1.742832e-08,-0.0038223288
-1.732832e-08,-0.0038101218
-1.722832e-08,-0.0038029412
-1.712832e-08,-0.0038022231
-1.702832e-08,-0.0038036592
-1.692832e-08,-0.0038022231
-1.682832e-08,-0.0037914522
-1.672832e-08,-0.0037727826
-1.662832e-08,-0.0037512408
-1.652832e-08,-0.0037354435
-1.642832e-08,-0.0037340074
-1.632832e-08,-0.0037469324
-1.622832e-08,-0.0037677562
-1.612832e-08,-0.0037857077
-1.602832e-08,-0.0037914522
-1.592832e-08,-0.0037813994
-1.582832e-08,-0.0037598575
-1.572832e-08,-0.0037368796
-1.562832e-08,-0.0037225184
-1.552832e-08,-0.0037218003
-1.542832e-08,-0.0037332893
-1.532832e-08,-0.0037476505
-1.522832e-08,-0.0037569853
-1.512832e-08,-0.0037555492
-1.502832e-08,-0.0037447783
-1.492832e-08,-0.0037311351
-1.482832e-08,-0.0037225184
-1.472832e-08,-0.0037239545
-1.462832e-08,-0.0037340074
-1.452832e-08,-0.0037476505
-1.442832e-08,-0.0037569853
-1.432832e-08,-0.0037591395
-1.422832e-08,-0.0037562672
-1.412832e-08,-0.003753395
-1.402832e-08,-0.0037569853
-1.392832e-08,-0.0037691923
-1.382832e-08,-0.0037878619
-1.372832e-08,-0.0038050954
-1.362832e-08,-0.0038144301
-1.352832e-08,-0.003812994
-1.342832e-08,-0.0038036592
-1.332832e-08,-0.0037943244
-1.322832e-08,-0.0037914522
-1.312832e-08,-0.0037986328
-1.302832e-08,-0.0038137121
-1.292832e-08,-0.0038287914
-1.282832e-08,-0.0038374081
-1.272832e-08,-0.003835972
-1.262832e-08,-0.0038266372
-1.252832e-08,-0.0038173024
-1.242832e-08,-0.0038144301
-1.232832e-08,-0.0038208927
-1.222832e-08,-0.0038338178
-1.212832e-08,-0.0038460248
-1.202832e-08,-0.0038488971
-1.192832e-08,-0.0038402803
-1.182832e-08,-0.003824483
-1.172832e-08,-0.0038086857
-1.162832e-08,-0.0038029412
-1.152832e-08,-0.003812276
-1.142832e-08,-0.0038338178
-1.132832e-08,-0.0038611041
-1.122832e-08,-0.003883364
-1.112832e-08,-0.0038948529
-1.102832e-08,-0.0038948529
-1.092832e-08,-0.0038883904
-1.082832e-08,-0.003883364
-1.072832e-08,-0.0038862362
-1.062832e-08,-0.0038970071
-1.052832e-08,-0.0039135225
-1.042832e-08,-0.0039293199
-1.032832e-08,-0.0039408088
-1.022832e-08,-0.0039458352
-1.012832e-08,-0.0039487075
-1.002832e-08,-0.0039522978
-9.928315e-09,-0.0039587603
-9.828315e-09,-0.003966659
-9.728315e-09,-0.0039731216
-9.628315e-09,-0.0039752757
-9.528315e-09,-0.0039738396
-9.428315e-09,-0.0039716854
-9.328315e-09,-0.0039752757
-9.228315e-09,-0.0039867647
-9.128315e-09,-0.0040054343
-9.028315e-09,-0.00402554
-8.928315e-09,-0.0040363109
-8.828315e-09,-0.0040327206
-8.728315e-09,-0.0040118968
-8.628315e-09,-0.0039803022
-8.528315e-09,-0.0039494256
-8.428315e-09,-0.0039293199
-8.328315e-09,-0.0039271657
-8.228315e-09,-0.0039415269
-8.128315e-09,-0.0039652229
-8.028315e-09,-0.0039867647
-7.928315e-09,-0.0039982537
-7.828315e-09,-0.0039953814
-7.728315e-09,-0.0039824563
-7.628315e-09,-0.0039637868
-7.528315e-09,-0.0039458352
-7.428315e-09,-0.003930756
-7.328315e-09,-0.0039178309
-7.228315e-09,-0.0039063419
-7.128315e-09,-0.0038941349
-7.028315e-09,-0.0038826459
-6.928315e-09,-0.0038747472
-6.828315e-09,-0.003871875
-6.728315e-09,-0.0038740292
-6.628315e-09,-0.0038783375
-6.528315e-09,-0.0038790556
-6.428315e-09,-0.003871875
-6.328315e-09,-0.0038567957
-6.228315e-09,-0.0038381261
-6.128315e-09,-0.0038223288
-6.028315e-09,-0.0038144301
-5.928315e-09,-0.0038165843
-5.828315e-09,-0.0038273552
-5.728315e-09,-0.0038395623
-5.628315e-09,-0.0038488971
-5.528315e-09,-0.0038517693
-5.428315e-09,-0.0038503332
-5.328315e-09,-0.003848179
-5.228315e-09,-0.0038488971
-5.128315e-09,-0.0038532054
-5.028315e-09,-0.0038575138
-4.928315e-09,-0.0038567957
-4.828315e-09,-0.0038488971
-4.728315e-09,-0.0038330997
-4.628315e-09,-0.0038158663
-4.528315e-09,-0.0038036592
-4.428315e-09,-0.0038029412
-4.328315e-09,-0.0038137121
-4.228315e-09,-0.0038309455
-4.128315e-09,-0.0038460248
-4.028315e-09,-0.0038488971
-3.928315e-09,-0.003835972
-3.828315e-09,-0.0038086857
-3.728315e-09,-0.0037727826
-3.628315e-09,-0.0037340074
-3.528315e-09,-0.0036959501
-3.428315e-09,-0.0036571749
-3.328315e-09,-0.0036140912
-3.228315e-09,-0.0035616728
-3.128315e-09,-0.0034999196
-3.028315e-09,-0.0034309858
-2.928315e-09,-0.0033620519
-2.828315e-09,-0.0032974265
-2.728315e-09,-0.0032371094
-2.628315e-09,-0.0031753562
-2.528315e-09,-0.0031057043
-2.428315e-09,-0.0030216912
-2.328315e-09,-0.0029204446
-2.228315e-09,-0.002806991
-2.128315e-09,-0.0026892291
-2.028315e-09,-0.0025736213
-1.928315e-09,-0.00246304
-1.828315e-09,-0.0023546128
-1.728315e-09,-0.0022404412
-1.628315e-09,-0.0021140625
-1.528315e-09,-0.0019718865
-1.428315e-09,-0.0018189396
-1.328315e-09,-0.0016638385
-1.228315e-09,-0.001516636
-1.128315e-09,-0.0013823587
-1.028315e-09,-0.0012617245
-9.283155e-10,-0.0011475528
-8.283155e-10,-0.0010340993
-7.283155e-10,-0.00091561926
-6.283155e-10,-0.00079283088
-5.283155e-10,-0.00067004251
-4.283155e-10,-0.0005515625
-3.283155e-10,-0.00044098116
-2.283155e-10,-0.00033758042
-1.283155e-10,-0.00023417969
-2.831547e-11,-0.00012647059
7.168453e-11,-1.2298943e-05
1.716845e-10,0.00010618107
2.716845e-10,0.00021963465
3.716845e-10,0.00032159926
4.716845e-10,0.00040633042
5.716845e-10,0.00047382812
6.716845e-10,0.00053127298
7.716845e-10,0.00058584559
8.716845e-10,0.0006440085
9.716845e-10,0.0007079159
1.071685e-09,0.00077469554
1.171685e-09,0.00083860294
1.271685e-09,0.00089532973
1.371685e-09,0.00094415786
1.471685e-09,0.00098508732
1.571685e-09,0.0010224265
1.671685e-09,0.0010561753
1.771685e-09,0.0010848977
1.871685e-09,0.0011050034
1.971685e-09,0.0011143382
2.071685e-09,0.0011121841
2.171685e-09,0.0011028493
2.271685e-09,0.0010935145
2.371685e-09,0.0010913603
2.471685e-09,0.001099977
2.571685e-09,0.0011164924
2.671685e-09,0.001135162
2.771685e-09,0.0011488051
2.871685e-09,0.0011509593
2.971685e-09,0.0011416245
3.071685e-09,0.001122955
3.171685e-09,0.0011028493
3.271685e-09,0.0010856158
3.371685e-09,0.0010726907
3.471685e-09,0.001064074
3.571685e-09,0.0010568934
3.671685e-09,0.0010482767
3.771685e-09,0.0010382238
3.871685e-09,0.001028889
3.971685e-09,0.0010224265
4.071685e-09,0.0010209903
4.171685e-09,0.0010224265
4.271685e-09,0.0010238626
4.371685e-09,0.0010224265
4.471685e-09,0.001016682
4.571685e-09,0.0010087833
4.671685e-09,0.0010016027
4.771685e-09,0.00099944853
4.871685e-09,0.0010030388
4.971685e-09,0.0010095014
5.071685e-09,0.0010138097
5.171685e-09,0.0010109375
5.271685e-09,0.00099944853
5.371685e-09,0.00098221507
5.471685e-09,0.00096498162
5.571685e-09,0.00095349265
5.671685e-09,0.00095277459
5.771685e-09,0.0009635455
5.871685e-09,0.00098077895
5.971685e-09,0.00099944853
6.071685e-09,0.0010130917
6.171685e-09,0.0010209903
6.271685e-09,0.0010224265
6.371685e-09,0.0010224265
6.471685e-09,0.0010231445
6.571685e-09,0.0010252987
6.671685e-09,0.0010296071
6.771685e-09,0.0010339154
6.871685e-09,0.0010360696
6.971685e-09,0.0010360696
7.071685e-09,0.0010353516
7.171685e-09,0.0010339154
7.271685e-09,0.0010331974
7.371685e-09,0.0010317613
7.471685e-09,0.001028889
7.571685e-09,0.0010224265
7.671685e-09,0.0010145278
7.771685e-09,0.0010080653
7.871685e-09,0.0010059111
7.971685e-09,0.0010109375
8.071685e-09,0.0010217084
8.171685e-09,0.0010353516
8.271685e-09,0.0010446864
8.371685e-09,0.0010454044
8.471685e-09,0.0010360696
8.571685e-09,0.0010174
8.671685e-09,0.00099585823
8.771685e-09,0.00097647059
8.871685e-09,0.0009635455
8.971685e-09,0.00095851907
9.071685e-09,0.00095995519
9.171685e-09,0.00096498162
9.271685e-09,0.00097144416
9.371685e-09,0.00097790671
9.471685e-09,0.00098365119
9.571685e-09,0.00098795956
9.671685e-09,0.00099011374
9.771685e-09,0.0009872415
9.871685e-09,0.00097862477
9.971685e-09,0.00096498162
1.007168e-08,0.00094846622
1.017168e-08,0.00093266889
1.027168e-08,0.00092261604
1.037168e-08,0.00091902574
1.047168e-08,0.00091902574
1.057168e-08,0.00091830767
1.067168e-08,0.00091112707
1.077168e-08,0.00089604779
1.087168e-08,0.00087522403
1.097168e-08,0.00085440028
1.107168e-08,0.00084075712
1.117168e-08,0.00083860294
1.127168e-08,0.00084578355
1.137168e-08,0.0008558364
1.147168e-08,0.0008594267
1.157168e-08,0.00085009191
1.167168e-08,0.00082639591
1.177168e-08,0.00079336512
1.187168e-08,0.00076033433
1.197168e-08,0.00073520221
1.207168e-08,0.00072299517
1.217168e-08,0.00072155905
1.227168e-08,0.0007244313
1.237168e-08,0.00072371324
1.247168e-08,0.00071366039
1.257168e-08,0.00069570887
1.267168e-08,0.00067344899
1.277168e-08,0.00065477941
1.287168e-08,0.0006440085
1.297168e-08,0.00064257238
1.307168e-08,0.00064831687
1.317168e-08,0.00065477941
1.327168e-08,0.00065908778
1.337168e-08,0.00065765165
1.347168e-08,0.00065190717
1.357168e-08,0.00064329044
1.367168e-08,0.00063251953
1.377168e-08,0.00061887638
1.387168e-08,0.00060307904
1.397168e-08,0.00058584559
1.407168e-08,0.00056933019
1.417168e-08,0.00055784122
1.427168e-08,0.00055568704
1.437168e-08,0.00056286765
1.447168e-08,0.00057579274
1.457168e-08,0.00058728171
1.467168e-08,0.00058799977
1.477168e-08,0.00057435662
1.487168e-08,0.00054707031
1.497168e-08,0.00051332146
1.507168e-08,0.00048459903
1.517168e-08,0.00047095588
1.527168e-08,0.00047526425
1.537168e-08,0.00049393382
1.547168e-08,0.00051906595
1.557168e-08,0.00053988971
1.567168e-08,0.00055066062
1.577168e-08,0.00055066062
1.587168e-08,0.00054419807
1.597168e-08,0.00053988971
1.607168e-08,0.00054132583
1.617168e-08,0.00054994256
1.627168e-08,0.00056286765
1.637168e-08,0.00057435662
1.647168e-08,0.00058153722
1.657168e-08,0.00058440947
1.667168e-08,0.00058512753
1.677168e-08,0.00058584559
1.687168e-08,0.00058871783
1.697168e-08,0.00059374426
1.707168e-08,0.0005966165
1.717168e-08,0.00059733456
1.727168e-08,0.00059589844
1.737168e-08,0.0005966165
1.747168e-08,0.0006037971
1.757168e-08,0.0006203125
1.767168e-08,0.00064472656
1.777168e-08,0.00067129481
1.787168e-08,0.00069211857
1.797168e-08,0.00070073529
1.807168e-08,0.00069499081
1.817168e-08,0.00067919347
1.827168e-08,0.00065908778
1.837168e-08,0.00064329044
1.847168e-08,0.00063395565
1.857168e-08,0.00062964729
1.867168e-08,0.00062677505
1.877168e-08,0.0006203125
1.887168e-08,0.00061025965
1.897168e-08,0.00059948874
1.907168e-08,0.00059374426
1.917168e-08,0.00059733456
1.927168e-08,0.00061025965
1.937168e-08,0.00062749311
1.947168e-08,0.0006404182
1.957168e-08,0.00064329044
1.967168e-08,0.00063323759
1.977168e-08,0.00061384995
1.987168e-08,0.00059159007
1.997168e-08,0.00057435662
2.007168e-08,0.00056573989
2.017168e-08,0.00056573989
2.027168e-08,0.00057004825
2.037168e-08,0.00057435662
2.047168e-08,0.00057794692
2.057168e-08,0.00058369141
2.067168e-08,0.00059302619
2.077168e-08,0.00060882353
2.087168e-08,0.00062749311
2.097168e-08,0.0006440085
2.107168e-08,0.00065047105
2.117168e-08,0.00064329044
2.127168e-08,0.00062605699
2.137168e-08,0.00060595129
2.147168e-08,0.00059446232
2.157168e-08,0.00059733456
2.167168e-08,0.00061528608
2.177168e-08,0.00064185432
2.187168e-08,0.00066555032
2.197168e-08,0.00067775735
2.207168e-08,0.00067703929
2.217168e-08,0.00066842256
2.227168e-08,0.00066196002
2.237168e-08,0.00066626838
2.247168e-08,0.0006842199
2.257168e-08,0.00071007008
2.267168e-08,0.00073448415
2.277168e-08,0.00074669118
2.287168e-08,0.00074310087
2.297168e-08,0.00072586742
2.307168e-08,0.00070576172
2.317168e-08,0.00068924632
2.327168e-08,0.00068206572
2.337168e-08,0.00067991153
2.347168e-08,0.00067703929
2.357168e-08,0.00066626838
2.367168e-08,0.00064472656
2.377168e-08,0.00061887638
2.387168e-08,0.00059589844
2.397168e-08,0.00058584559
2.407168e-08,0.00059015395
2.417168e-08,0.00060307904
2.427168e-08,0.00061313189
2.437168e-08,0.00060882353
2.447168e-08,0.00058584559
2.457168e-08,0.00054922449
2.467168e-08,0.00050973116
2.477168e-08,0.00048244485
2.487168e-08,0.00047526425
2.497168e-08,0.00048747128
2.507168e-08,0.00050973116
2.517168e-08,0.00052840074
2.527168e-08,0.00053342716
2.537168e-08,0.00052122013
2.547168e-08,0.00049680607
2.557168e-08,0.00047095588
2.567168e-08,0.00045300437
2.577168e-08,0.00044725988
2.587168e-08,0.00045156824
2.597168e-08,0.00045946691
2.607168e-08,0.00046377528
2.617168e-08,0.00046233915
2.627168e-08,0.00045515855
2.637168e-08,0.00044797794
2.647168e-08,0.00044582376
2.657168e-08,0.000448696
2.667168e-08,0.00045515855
2.677168e-08,0.00045946691
2.687168e-08,0.00045731273
2.697168e-08,0.00044797794
2.707168e-08,0.00043505285
2.717168e-08,0.000425
2.727168e-08,0.00042212776
2.737168e-08,0.00042787224
2.747168e-08,0.00043792509
2.757168e-08,0.00044797794
2.767168e-08,0.00045156824
2.777168e-08,0.00044654182
2.787168e-08,0.00043577091
2.797168e-08,0.000425
2.807168e-08,0.00041925551
2.817168e-08,0.00042069164
2.827168e-08,0.00042787224
2.837168e-08,0.00043648897
2.847168e-08,0.0004415154
2.857168e-08,0.00044079733
2.867168e-08,0.00043361673
2.877168e-08,0.000425
2.887168e-08,0.00041781939
2.897168e-08,0.00041494715
2.907168e-08,0.00041494715
2.917168e-08,0.00041351103
2.927168e-08,0.00040704848
2.937168e-08,0.00039268727
2.947168e-08,0.00037042739
2.957168e-08,0.00034457721
2.967168e-08,0.00031944508
2.977168e-08,0.00030077551
2.987168e-08,0.0002900046
2.997168e-08,0.00028713235
3.007168e-08,0.00028856847
3.017168e-08,0.00029144072
3.027168e-08,0.00029144072
3.037168e-08,0.00028713235
3.047168e-08,0.00027851562
3.057168e-08,0.00026630859
3.067168e-08,0.00025266544
3.077168e-08,0.00024117647
3.087168e-08,0.00023184168
3.097168e-08,0.0002260972
3.107168e-08,0.00022178883
3.117168e-08,0.00021819853
3.127168e-08,0.0002131721
3.137168e-08,0.00020527344
3.147168e-08,0.00019450253
3.157168e-08,0.00018373162
3.167168e-08,0.00017511489
3.177168e-08,0.00017008847
3.187168e-08,0.00017008847
3.197168e-08,0.00017224265
3.207168e-08,0.00017296071
3.217168e-08,0.00016865234
3.227168e-08,0.00015644531
3.237168e-08,0.00013777574
3.247168e-08,0.00011695198
3.257168e-08,0.00010043658
3.267168e-08,9.1101792e-05
3.277168e-08,9.1819853e-05
3.287168e-08,9.8282399e-05
3.297168e-08,0.00010330882
3.307168e-08,0.00010259076
3.317168e-08,9.1819853e-05
3.327168e-08,7.3868336e-05
3.337168e-08,5.3762638e-05
3.347168e-08,3.8683364e-05
3.357168e-08,3.4375e-05
3.367168e-08,3.9401425e-05
3.377168e-08,5.0172335e-05
3.387168e-08,5.8071002e-05
3.397168e-08,5.7352941e-05
3.407168e-08,4.6582031e-05
3.417168e-08,2.8630515e-05
3.427168e-08,1.0678998e-05
3.437168e-08,-9.1911765e-08
3.447168e-08,-9.1911765e-08
3.457168e-08,9.2428768e-06
3.467168e-08,2.2886029e-05
3.477168e-08,3.4375e-05
3.487168e-08,3.7965303e-05
3.497168e-08,3.3656939e-05
3.507168e-08,2.2886029e-05
3.517168e-08,1.1397059e-05
3.527168e-08,4.2164522e-06
3.537168e-08,4.2164522e-06
3.547168e-08,1.1397059e-05
3.557168e-08,2.2886029e-05
3.567168e-08,3.6529182e-05
3.577168e-08,4.9454274e-05
3.587168e-08,6.0943244e-05
3.597168e-08,6.8841912e-05
3.607168e-08,7.3150276e-05
3.617168e-08,7.2432215e-05
3.627168e-08,6.668773e-05
3.637168e-08,5.7352941e-05
3.647168e-08,4.8736213e-05
3.657168e-08,4.5863971e-05
3.667168e-08,5.2326517e-05
3.677168e-08,6.8841912e-05
3.687168e-08,9.1819853e-05
3.697168e-08,0.00011407973
3.707168e-08,0.00012700483
3.717168e-08,0.00012628676
3.727168e-08,0.00011264361
3.737168e-08,9.1819853e-05
3.747168e-08,7.4586397e-05
3.757168e-08,6.8841912e-05
3.767168e-08,7.8894761e-05
3.777168e-08,0.0001018727
3.787168e-08,0.00012915901
3.797168e-08,0.00014926471
3.807168e-08,0.00015500919
3.817168e-08,0.00014352022
3.827168e-08,0.00011982422
3.837168e-08,9.1819853e-05
3.847168e-08,6.8123851e-05
3.857168e-08,5.4480699e-05
3.867168e-08,5.2326517e-05
3.877168e-08,5.7352941e-05
3.887168e-08,6.3815487e-05
3.897168e-08,6.5251608e-05
3.907168e-08,5.9507123e-05
3.917168e-08,4.5863971e-05
3.927168e-08,2.6476333e-05
3.937168e-08,4.9345129e-06
3.947168e-08,-1.5889246e-05
3.957168e-08,-3.4558824e-05
3.967168e-08,-4.9638097e-05
3.977168e-08,-5.9690947e-05
3.987168e-08,-6.6153493e-05
3.997168e-08,-6.9025735e-05
4.007168e-08,-7.0461857e-05
4.017168e-08,-7.1897978e-05
4.027168e-08,-7.5488281e-05
4.037168e-08,-8.0514706e-05
4.047168e-08,-8.6259191e-05
4.057168e-08,-9.1285616e-05
4.067168e-08,-9.3439798e-05
4.077168e-08,-9.2003676e-05
4.087168e-08,-8.9849494e-05
4.097168e-08,-8.9849494e-05
4.107168e-08,-9.4157858e-05
4.117168e-08,-0.00010349265
4.127168e-08,-0.00011498162
4.137168e-08,-0.00012431641
4.147168e-08,-0.00012503447
4.157168e-08,-0.00011498162
4.167168e-08,-9.559398e-05
4.177168e-08,-7.2616039e-05
4.187168e-08,-5.3946461e-05
4.197168e-08,-4.6047794e-05
4.207168e-08,-5.1792279e-05
4.217168e-08,-6.7589614e-05
4.227168e-08,-8.7695313e-05
4.237168e-08,-0.00010349265
4.247168e-08,-0.00010995519
4.257168e-08,-0.00010564683
4.267168e-08,-9.4157858e-05
4.277168e-08,-8.0514706e-05
4.287168e-08,-6.9743796e-05
4.297168e-08,-6.328125e-05
4.307168e-08,-5.9690947e-05
4.317168e-08,-5.7536765e-05
4.327168e-08,-5.3228401e-05
4.337168e-08,-4.6047794e-05
4.347168e-08,-3.8867187e-05
4.357168e-08,-3.4558824e-05
4.367168e-08,-3.6713006e-05
4.377168e-08,-4.4611673e-05
4.387168e-08,-5.6818704e-05
4.397168e-08,-6.9025735e-05
4.407168e-08,-7.7642463e-05
4.417168e-08,-8.1232767e-05
4.427168e-08,-8.1232767e-05
4.437168e-08,-8.0514706e-05
4.447168e-08,-8.3386949e-05
4.457168e-08,-9.1285616e-05
4.467168e-08,-0.00010277459
4.477168e-08,-0.00011498162
4.487168e-08,-0.00012431641
4.497168e-08,-0.00012934283
4.507168e-08,-0.00012862477
4.517168e-08,-0.00012647059
4.527168e-08,-0.00012575253
4.537168e-08,-0.00012934283
4.547168e-08,-0.00013795956
4.557168e-08,-0.00014944853
4.567168e-08,-0.00015950138
4.577168e-08,-0.00016524586
4.587168e-08,-0.00016524586
4.597168e-08,-0.0001609375
4.607168e-08,-0.00015519301
4.617168e-08,-0.00015232077
4.627168e-08,-0.00015447495
4.637168e-08,-0.0001609375
4.647168e-08,-0.00017027229
4.657168e-08,-0.00017888902
4.667168e-08,-0.00018391544
4.677168e-08,-0.00018391544
4.687168e-08,-0.0001810432
4.697168e-08,-0.0001774529
4.707168e-08,-0.00017817096
4.717168e-08,-0.00018391544
4.727168e-08,-0.00019612247
4.737168e-08,-0.00021191981
4.747168e-08,-0.0002284352
4.757168e-08,-0.00024136029
4.767168e-08,-0.00024925896
4.777168e-08,-0.00025284926
4.787168e-08,-0.00025284926
4.797168e-08,-0.00025284926
4.807168e-08,-0.00025500345
4.817168e-08,-0.00026074793
4.827168e-08,-0.0002686466
4.837168e-08,-0.00027582721
4.847168e-08,-0.00028157169
4.857168e-08,-0.00028372587
4.867168e-08,-0.00028516199
4.877168e-08,-0.00028731618
4.887168e-08,-0.00029306066
4.897168e-08,-0.00030383157
4.907168e-08,-0.00031891085
4.917168e-08,-0.00033327206
4.927168e-08,-0.00034332491
4.937168e-08,-0.00034404297
4.947168e-08,-0.0003361443
4.957168e-08,-0.00032178309
4.967168e-08,-0.00030670381
4.977168e-08,-0.00029665097
4.987168e-08,-0.00029736903
4.997168e-08,-0.00031029412
5.007168e-08,-0.00033327206
5.017168e-08,-0.00036127642
5.027168e-08,-0.00038928079
5.037168e-08,-0.00041369485
5.047168e-08,-0.00043308249
5.057168e-08,-0.00044887983
5.067168e-08,-0.00046108686
5.077168e-08,-0.00047113971
5.087168e-08,-0.00047832031
5.097168e-08,-0.00048262868
5.107168e-08,-0.00048262868
5.117168e-08,-0.00048262868
5.127168e-08,-0.00048550092
5.137168e-08,-0.00049698989
5.147168e-08,-0.00051924977
5.157168e-08,-0.0005515625
5.167168e-08,-0.00058890165
5.177168e-08,-0.00062265051
5.187168e-08,-0.00064562845
5.197168e-08,-0.00065496324
5.207168e-08,-0.00065137293
5.217168e-08,-0.00064060202
5.227168e-08,-0.00063198529
5.237168e-08,-0.00063198529
5.247168e-08,-0.00064203814
5.257168e-08,-0.00066070772
5.267168e-08,-0.00068224954
5.277168e-08,-0.00070091912
5.287168e-08,-0.00071384421
5.297168e-08,-0.00072174288
5.307168e-08,-0.00072748736
5.317168e-08,-0.00073538603
5.327168e-08,-0.00074543888
5.337168e-08,-0.00075692785
5.347168e-08,-0.00076626264
5.357168e-08,-0.00076985294
5.367168e-08,-0.00076769876
5.377168e-08,-0.00076267233
5.387168e-08,-0.00075836397
5.397168e-08,-0.00075836397
5.407168e-08,-0.00076410846
5.417168e-08,-0.00077272518
5.427168e-08,-0.00077990579
5.437168e-08,-0.00078134191
5.447168e-08,-0.00077559743
5.457168e-08,-0.00076482652
5.467168e-08,-0.00075333755
5.477168e-08,-0.000746875
5.487168e-08,-0.000746875
5.497168e-08,-0.00075333755
5.507168e-08,-0.00076195427
5.517168e-08,-0.00076985294
5.527168e-08,-0.00077416131
5.537168e-08,-0.00077559743
5.547168e-08,-0.00077703355
5.557168e-08,-0.00078134191
5.567168e-08,-0.00078995864
5.577168e-08,-0.00080072955
5.587168e-08,-0.00081006434
5.597168e-08,-0.00081580882
5.607168e-08,-0.00081652688
5.617168e-08,-0.00081365464
5.627168e-08,-0.00081221852
5.637168e-08,-0.00081580882
5.647168e-08,-0.00082514361
5.657168e-08,-0.00083878676
5.667168e-08,-0.00085242992
5.677168e-08,-0.00086176471
5.687168e-08,-0.00086391889
5.697168e-08,-0.00086104665
5.707168e-08,-0.0008545841
5.717168e-08,-0.00085027574
5.727168e-08,-0.00084883961
5.737168e-08,-0.00085027574
5.747168e-08,-0.00085171186
5.757168e-08,-0.00085027574
5.767168e-08,-0.00084596737
5.777168e-08,-0.00084094095
5.787168e-08,-0.00083735064
5.797168e-08,-0.00083878676
5.807168e-08,-0.00084524931
5.817168e-08,-0.0008545841
5.827168e-08,-0.00086104665
5.837168e-08,-0.00086176471
5.847168e-08,-0.00085530216
5.857168e-08,-0.00084381319
5.867168e-08,-0.00083232422
5.877168e-08,-0.00082729779
5.887168e-08,-0.00083017004
5.897168e-08,-0.00083950483
5.907168e-08,-0.00085171186
5.917168e-08,-0.00086176471
5.927168e-08,-0.00086822725
5.937168e-08,-0.00087109949
5.947168e-08,-0.00087540786
5.957168e-08,-0.00088474265
5.967168e-08,-0.00089982192
5.977168e-08,-0.00091992762
5.987168e-08,-0.00093931526
5.997168e-08,-0.00095367647
6.007168e-08,-0.00096013902
6.017168e-08,-0.00096085708
6.027168e-08,-0.00096085708
6.037168e-08,-0.00096516544
6.047168e-08,-0.00097737247
6.057168e-08,-0.00099604205
6.067168e-08,-0.0010175839
6.077168e-08,-0.0010340993
6.087168e-08,-0.0010419979
6.097168e-08,-0.0010419979
6.107168e-08,-0.0010369715
6.117168e-08,-0.0010340993
6.127168e-08,-0.0010405618
6.137168e-08,-0.0010577953
6.147168e-08,-0.0010850816
6.157168e-08,-0.0011145221
6.167168e-08,-0.0011396542
6.177168e-08,-0.0011547335
6.187168e-08,-0.0011576057
6.197168e-08,-0.001148989
6.207168e-08,-0.0011339097
6.217168e-08,-0.0011173943
6.227168e-08,-0.001102315
6.237168e-08,-0.0010915441
6.247168e-08,-0.0010836455
6.257168e-08,-0.001078619
6.267168e-08,-0.0010735926
6.277168e-08,-0.0010685662
6.287168e-08,-0.0010628217
6.297168e-08,-0.0010563591
6.307168e-08,-0.0010506147
6.317168e-08,-0.0010455882
6.327168e-08,-0.001042716
6.337168e-08,-0.0010419979
6.347168e-08,-0.0010434341
6.357168e-08,-0.0010455882
6.367168e-08,-0.0010463063
6.377168e-08,-0.0010448702
6.387168e-08,-0.0010405618
6.397168e-08,-0.0010340993
6.407168e-08,-0.0010297909
6.417168e-08,-0.001031227
6.427168e-08,-0.0010405618
6.437168e-08,-0.0010570772
6.447168e-08,-0.001077901
6.457168e-08,-0.0010972886
6.467168e-08,-0.0011102137
6.477168e-08,-0.0011145221
6.487168e-08,-0.0011123679
6.497168e-08,-0.0011102137
6.507168e-08,-0.0011130859
6.517168e-08,-0.001126011
6.527168e-08,-0.001149707
6.537168e-08,-0.0011791475
6.547168e-08,-0.0012078699
6.557168e-08,-0.0012294118
6.567168e-08,-0.0012394646
6.577168e-08,-0.0012394646
6.587168e-08,-0.0012344382
6.597168e-08,-0.0012294118
6.607168e-08,-0.0012286937
6.617168e-08,-0.001232284
6.627168e-08,-0.0012373104
6.637168e-08,-0.0012409007
6.647168e-08,-0.0012394646
6.657168e-08,-0.0012330021
6.667168e-08,-0.0012243853
6.677168e-08,-0.0012179228
6.687168e-08,-0.0012179228
6.697168e-08,-0.0012251034
6.707168e-08,-0.0012373104
6.717168e-08,-0.0012523897
6.727168e-08,-0.0012645967
6.737168e-08,-0.0012717773
6.747168e-08,-0.0012710593
6.757168e-08,-0.0012638787
6.767168e-08,-0.0012516716
6.777168e-08,-0.0012365924
6.787168e-08,-0.001220795
6.797168e-08,-0.0012064338
6.807168e-08,-0.0011956629
6.817168e-08,-0.0011906365
6.827168e-08,-0.0011906365
6.837168e-08,-0.0011949449
6.847168e-08,-0.0012014074
6.857168e-08,-0.0012064338
6.867168e-08,-0.0012078699
6.877168e-08,-0.0012064338
6.887168e-08,-0.0012042796
6.897168e-08,-0.0012049977
6.907168e-08,-0.0012136144
6.917168e-08,-0.0012294118
6.927168e-08,-0.0012502355
6.937168e-08,-0.0012710593
6.947168e-08,-0.0012839844
6.957168e-08,-0.0012868566
6.967168e-08,-0.001279676
6.977168e-08,-0.0012667509
6.987168e-08,-0.0012552619
6.997168e-08,-0.0012523897
7.007168e-08,-0.0012602884
7.017168e-08,-0.0012775218
7.027168e-08,-0.0012997817
7.037168e-08,-0.0013213235
7.047168e-08,-0.001338557
7.057168e-08,-0.001350764
7.067168e-08,-0.0013600988
7.077168e-08,-0.0013672794
7.087168e-08,-0.0013751781
7.097168e-08,-0.0013837948
7.107168e-08,-0.0013924115
7.117168e-08,-0.0014017463
7.127168e-08,-0.0014117992
7.137168e-08,-0.0014247243
7.147168e-08,-0.0014405216
7.157168e-08,-0.0014591912
7.167168e-08,-0.0014764246
7.177168e-08,-0.0014879136
7.187168e-08,-0.0014893497
7.197168e-08,-0.0014821691
7.207168e-08,-0.0014706801
7.217168e-08,-0.0014627815
7.227168e-08,-0.0014656537
7.237168e-08,-0.0014821691
7.247168e-08,-0.0015094554
7.257168e-08,-0.0015381778
7.267168e-08,-0.0015582835
7.277168e-08,-0.0015625919
7.287168e-08,-0.0015511029
7.297168e-08,-0.0015302792
7.307168e-08,-0.0015123277
7.317168e-08,-0.0015051471
7.327168e-08,-0.0015137638
7.337168e-08,-0.0015338695
7.347168e-08,-0.0015568474
7.357168e-08,-0.0015740809
7.367168e-08,-0.0015791073
7.377168e-08,-0.0015733628
7.387168e-08,-0.0015611558
7.397168e-08,-0.0015511029
7.407168e-08,-0.0015482307
7.417168e-08,-0.0015532571
7.427168e-08,-0.00156331
7.437168e-08,-0.0015740809
7.447168e-08,-0.0015819795
7.457168e-08,-0.001587724
7.467168e-08,-0.0015913143
7.477168e-08,-0.0015970588
7.487168e-08,-0.0016042394
7.497168e-08,-0.001610702
7.507168e-08,-0.0016128562
7.517168e-08,-0.0016085478
7.527168e-08,-0.0015984949
7.537168e-08,-0.001587724
7.547168e-08,-0.0015819795
7.557168e-08,-0.0015855699
7.567168e-08,-0.001599213
7.577168e-08,-0.0016186006
7.587168e-08,-0.0016387063
7.597168e-08,-0.0016545037
7.607168e-08,-0.0016652746
7.617168e-08,-0.0016738913
7.627168e-08,-0.0016853803
7.637168e-08,-0.0017004596
7.647168e-08,-0.0017184111
7.657168e-08,-0.0017342084
7.667168e-08,-0.001740671
7.677168e-08,-0.0017349265
7.687168e-08,-0.0017191291
7.697168e-08,-0.0017026137
7.707168e-08,-0.001693997
7.717168e-08,-0.0017004596
7.727168e-08,-0.0017227194
7.737168e-08,-0.001753596
7.747168e-08,-0.0017837546
7.757168e-08,-0.0018038603
7.767168e-08,-0.001812477
7.777168e-08,-0.0018139131
7.787168e-08,-0.0018167854
7.797168e-08,-0.0018268382
7.807168e-08,-0.0018455078
7.817168e-08,-0.0018656135
7.827168e-08,-0.0018771025
7.837168e-08,-0.0018727941
7.847168e-08,-0.0018519704
7.857168e-08,-0.0018225299
7.867168e-08,-0.0017988339
7.877168e-08,-0.0017923713
7.887168e-08,-0.0018096048
7.897168e-08,-0.0018462259
7.907168e-08,-0.0018907456
7.917168e-08,-0.001930239
7.927168e-08,-0.001954653
7.937168e-08,-0.0019647059
7.947168e-08,-0.0019647059
7.957168e-08,-0.0019647059
7.967168e-08,-0.0019697323
7.977168e-08,-0.0019797852
7.987168e-08,-0.0019884019
7.997168e-08,-0.0019876838
8.007168e-08,-0.0019733226
8.017168e-08,-0.0019489085
8.027168e-08,-0.0019237764
8.037168e-08,-0.001907261
8.047168e-08,-0.0019086972
8.057168e-08,-0.0019273667
8.067168e-08,-0.0019568072
8.077168e-08,-0.0019876838
8.087168e-08,-0.0020099437
8.097168e-08,-0.0020185604
8.107168e-08,-0.0020171243
8.117168e-08,-0.0020106618
8.127168e-08,-0.0020049173
8.137168e-08,-0.002002045
8.147168e-08,-0.002001327
8.157168e-08,-0.0019991728
8.167168e-08,-0.0019927102
8.177168e-08,-0.0019826574
8.187168e-08,-0.0019718865
8.197168e-08,-0.0019647059
8.207168e-08,-0.0019647059
8.217168e-08,-0.0019704504
8.227168e-08,-0.0019797852
8.237168e-08,-0.0019876838
8.247168e-08,-0.0019919922
8.257168e-08,-0.0019934283
8.267168e-08,-0.0019948644
8.277168e-08,-0.0019991728
8.287168e-08,-0.0020070715
8.297168e-08,-0.0020156882
8.307168e-08,-0.0020221507
8.317168e-08,-0.0020221507
8.327168e-08,-0.0020156882
8.337168e-08,-0.0020056353
8.347168e-08,-0.0019984547
8.357168e-08,-0.0019991728
8.367168e-08,-0.0020099437
8.377168e-08,-0.0020286133
8.387168e-08,-0.002049437
8.397168e-08,-0.0020681066
8.407168e-08,-0.0020824678
8.417168e-08,-0.0020939568
8.427168e-08,-0.0021076
8.437168e-08,-0.0021255515
8.447168e-08,-0.0021478114
8.457168e-08,-0.0021686351
8.467168e-08,-0.0021822783
8.477168e-08,-0.0021829963
8.487168e-08,-0.0021715074
8.497168e-08,-0.0021535558
8.507168e-08,-0.0021391946
8.517168e-08,-0.0021370404
8.527168e-08,-0.0021521197
8.537168e-08,-0.0021808421
8.547168e-08,-0.0022174632
8.557168e-08,-0.0022519301
8.567168e-08,-0.0022777803
8.577168e-08,-0.0022942957
8.587168e-08,-0.0023029125
8.597168e-08,-0.002309375
8.607168e-08,-0.0023158375
8.617168e-08,-0.002321582
8.627168e-08,-0.0023244543
8.637168e-08,-0.002320864
8.647168e-08,-0.0023115292
8.657168e-08,-0.0023000402
8.667168e-08,-0.0022935777
8.677168e-08,-0.002297886
8.687168e-08,-0.0023151195
8.697168e-08,-0.0023409697
8.707168e-08,-0.002368974
8.717168e-08,-0.0023897978
8.727168e-08,-0.0024005687
8.737168e-08,-0.0024012868
8.747168e-08,-0.0023991326
8.757168e-08,-0.0024012868
8.767168e-08,-0.0024113396
8.777168e-08,-0.0024300092
8.787168e-08,-0.002451551
8.797168e-08,-0.0024702206
8.807168e-08,-0.0024802734
8.817168e-08,-0.0024809915
8.827168e-08,-0.0024759651
8.837168e-08,-0.0024702206
8.847168e-08,-0.0024687845
8.857168e-08,-0.0024738109
8.867168e-08,-0.0024831457
8.877168e-08,-0.0024931985
8.887168e-08,-0.0025018153
8.897168e-08,-0.0025082778
8.907168e-08,-0.0025125862
8.917168e-08,-0.0025161765
8.927168e-08,-0.0025190487
8.937168e-08,-0.0025197668
8.947168e-08,-0.0025154584
8.957168e-08,-0.0025046875
8.967168e-08,-0.0024888902
8.977168e-08,-0.0024723748
8.987168e-08,-0.0024608858
8.997168e-08,-0.0024587316
9.007168e-08,-0.0024651942
9.017168e-08,-0.0024774012
9.027168e-08,-0.0024881721
9.037168e-08,-0.0024931985
9.047168e-08,-0.0024910443
9.057168e-08,-0.0024845818
9.067168e-08,-0.0024795554
9.077168e-08,-0.0024817096
9.087168e-08,-0.0024903263
9.097168e-08,-0.0025025333
9.107168e-08,-0.0025089959
9.117168e-08,-0.0025046875
9.127168e-08,-0.002486736
9.137168e-08,-0.0024587316
9.147168e-08,-0.0024307273
9.157168e-08,-0.0024127757
9.167168e-08,-0.0024106216
9.177168e-08,-0.0024249828
9.187168e-08,-0.0024479607
9.197168e-08,-0.0024702206
9.207168e-08,-0.0024838637
9.217168e-08,-0.0024860179
9.227168e-08,-0.0024795554
9.237168e-08,-0.0024702206
9.247168e-08,-0.0024659122
9.257168e-08,-0.0024695025
9.267168e-08,-0.0024802734
9.277168e-08,-0.0024931985
9.287168e-08,-0.0025039694
9.297168e-08,-0.0025082778
9.307168e-08,-0.0025075597
9.317168e-08,-0.0025046875
9.327168e-08,-0.0025046875
9.337168e-08,-0.00251115
9.347168e-08,-0.0025233571
9.357168e-08,-0.0025391544
9.367168e-08,-0.0025556698
9.377168e-08,-0.0025685949
9.387168e-08,-0.0025786477
9.397168e-08,-0.0025851103
9.407168e-08,-0.0025901367
9.417168e-08,-0.0025958812
9.427168e-08,-0.0026023437
9.437168e-08,-0.0026080882
9.447168e-08,-0.0026138327
9.457168e-08,-0.0026181411
9.467168e-08,-0.0026238856
9.477168e-08,-0.0026310662
9.487168e-08,-0.0026425551
9.497168e-08,-0.0026583525
9.507168e-08,-0.0026777401
9.517168e-08,-0.0027
9.527168e-08,-0.0027229779
9.537168e-08,-0.0027445198
9.547168e-08,-0.0027639074
9.557168e-08,-0.0027804228
9.567168e-08,-0.0027940659
9.577168e-08,-0.0028041188
9.587168e-08,-0.0028105813
9.597168e-08,-0.0028148897
9.607168e-08,-0.0028177619
9.617168e-08,-0.0028199161
9.627168e-08,-0.0028227884
9.637168e-08,-0.0028263787
9.647168e-08,-0.002829969
9.657168e-08,-0.0028335593
9.667168e-08,-0.0028357135
9.677168e-08,-0.0028378676
9.687168e-08,-0.0028428941
9.697168e-08,-0.0028522289
9.707168e-08,-0.0028665901
9.717168e-08,-0.0028838235
9.727168e-08,-0.0028996209
9.737168e-08,-0.0029089557
9.747168e-08,-0.0029075195
9.757168e-08,-0.0028953125
9.767168e-08,-0.0028766429
9.777168e-08,-0.0028579733
9.787168e-08,-0.0028479205
9.797168e-08,-0.0028493566
9.807168e-08,-0.0028629998
9.817168e-08,-0.0028831055
9.827168e-08,-0.0029039292
9.837168e-08,-0.0029182904
9.847168e-08,-0.002925471
9.857168e-08,-0.0029269072
9.867168e-08,-0.0029269072
9.877168e-08,-0.0029297794
9.887168e-08,-0.0029355239
9.897168e-08,-0.0029419864
9.907168e-08,-0.0029448587
9.917168e-08,-0.0029412684
9.927168e-08,-0.0029319336
9.937168e-08,-0.0029204446
9.947168e-08,-0.0029139821
9.957168e-08,-0.0029182904
9.967168e-08,-0.0029340878
9.977168e-08,-0.0029577838
9.987168e-08,-0.0029821978
9.997168e-08,-0.0029987132
1.000717e-07,-0.0030037397
1.001717e-07,-0.0029979952
1.002717e-07,-0.0029857881
1.003717e-07,-0.0029757353
1.004717e-07,-0.002972145
1.005717e-07,-0.0029750172
1.006717e-07,-0.0029821978
1.007717e-07,-0.0029872243
1.008717e-07,-0.002984352
1.009717e-07,-0.0029714269
1.010717e-07,-0.0029513212
1.011717e-07,-0.0029297794
1.012717e-07,-0.002912546
1.013717e-07,-0.0029046473
1.014717e-07,-0.0029068015
1.015717e-07,-0.0029182904
1.016717e-07,-0.0029348058
1.017717e-07,-0.0029520393
1.018717e-07,-0.0029664005
1.019717e-07,-0.0029757353
1.020717e-07,-0.0029786075
1.021717e-07,-0.0029750172
1.022717e-07,-0.0029656824
1.023717e-07,-0.0029527574
1.024717e-07,-0.0029398323
1.025717e-07,-0.0029304975
1.026717e-07,-0.0029269072
1.027717e-07,-0.0029297794
1.028717e-07,-0.002936242
1.029717e-07,-0.0029427045
1.030717e-07,-0.0029448587
1.031717e-07,-0.0029412684
1.032717e-07,-0.0029340878
1.033717e-07,-0.0029269072
1.034717e-07,-0.002924753
1.035717e-07,-0.0029297794
1.036717e-07,-0.0029398323
1.037717e-07,-0.0029506032
1.038717e-07,-0.0029563477
1.039717e-07,-0.0029527574
1.040717e-07,-0.0029391142
1.041717e-07,-0.0029197266
1.042717e-07,-0.0028996209
1.043717e-07,-0.0028838235
1.044717e-07,-0.0028752068
1.045717e-07,-0.0028723346
1.046717e-07,-0.0028723346
1.047717e-07,-0.0028723346
1.048717e-07,-0.0028730526
1.049717e-07,-0.0028752068
1.050717e-07,-0.0028823874
1.051717e-07,-0.0028953125
1.052717e-07,-0.0029103918
1.053717e-07,-0.0029225988
1.054717e-07,-0.0029261891
1.055717e-07,-0.0029182904
1.056717e-07,-0.0029003389
1.057717e-07,-0.0028795152
1.058717e-07,-0.0028637178
1.059717e-07,-0.0028608456
1.060717e-07,-0.0028708984
1.061717e-07,-0.0028910041
1.062717e-07,-0.002912546
1.063717e-07,-0.0029297794
1.064717e-07,-0.0029383961
1.065717e-07,-0.0029405503
1.066717e-07,-0.0029398323
1.067717e-07,-0.0029412684
1.068717e-07,-0.0029448587
1.069717e-07,-0.002949167
1.070717e-07,-0.002948449
1.071717e-07,-0.0029412684
1.072717e-07,-0.0029276252
1.073717e-07,-0.002913264
1.074717e-07,-0.0029046473
1.075717e-07,-0.0029068015
1.076717e-07,-0.0029204446
1.077717e-07,-0.0029412684
1.078717e-07,-0.0029620921
1.079717e-07,-0.0029757353
1.080717e-07,-0.0029814798
1.081717e-07,-0.0029814798
1.082717e-07,-0.0029821978
1.083717e-07,-0.0029872243
1.084717e-07,-0.0029972771
1.085717e-07,-0.0030087661
1.086717e-07,-0.0030145106
1.087717e-07,-0.0030102022
1.088717e-07,-0.0029972771
1.089717e-07,-0.0029800437
1.090717e-07,-0.0029671186
1.091717e-07,-0.0029642463
1.092717e-07,-0.0029728631
1.093717e-07,-0.0029879423
1.094717e-07,-0.0030023035
1.095717e-07,-0.0030102022
1.096717e-07,-0.0030102022
1.097717e-07,-0.0030066119
1.098717e-07,-0.0030051758
1.099717e-07,-0.0030102022
1.100717e-07,-0.0030202551
1.101717e-07,-0.0030303079
1.102717e-07,-0.003031744
1.103717e-07,-0.0030216912
1.104717e-07,-0.0030023035
1.105717e-07,-0.0029829159
1.106717e-07,-0.0029750172
1.107717e-07,-0.0029872243
1.108717e-07,-0.0030173828
1.109717e-07,-0.0030561581
1.110717e-07,-0.0030884708
1.111717e-07,-0.003102114
1.112717e-07,-0.0030927792
1.113717e-07,-0.0030654929
1.114717e-07,-0.0030338982
1.115717e-07,-0.0030102022
1.116717e-07,-0.0030008674
1.117717e-07,-0.0030044577
1.118717e-07,-0.0030109203
1.119717e-07,-0.0030102022
1.120717e-07,-0.0029979952
1.121717e-07,-0.0029778895
1.122717e-07,-0.0029592199
1.123717e-07,-0.0029527574
1.124717e-07,-0.0029635283
1.125717e-07,-0.0029893784
1.126717e-07,-0.0030202551
1.127717e-07,-0.0030446691
1.128717e-07,-0.0030561581
1.129717e-07,-0.00305544
1.130717e-07,-0.0030489775
1.131717e-07,-0.0030446691
1.132717e-07,-0.0030475414
1.133717e-07,-0.0030561581
1.134717e-07,-0.0030611845
1.135717e-07,-0.0030561581
1.136717e-07,-0.0030367705
1.137717e-07,-0.0030066119
1.138717e-07,-0.0029786075
1.139717e-07,-0.0029642463
1.140717e-07,-0.0029714269
1.141717e-07,-0.0029979952
1.142717e-07,-0.0030353343
1.143717e-07,-0.0030676471
1.144717e-07,-0.0030848805
1.145717e-07,-0.0030820083
1.146717e-07,-0.0030654929
1.147717e-07,-0.0030446691
1.148717e-07,-0.0030303079
1.149717e-07,-0.0030274357
1.150717e-07,-0.0030346163
1.151717e-07,-0.0030446691
1.152717e-07,-0.0030511317
1.153717e-07,-0.0030496955
1.154717e-07,-0.0030417969
1.155717e-07,-0.0030331801
1.156717e-07,-0.0030288718
1.157717e-07,-0.0030331801
1.158717e-07,-0.003043233
1.159717e-07,-0.0030561581
1.160717e-07,-0.0030662109
1.161717e-07,-0.0030705193
1.162717e-07,-0.0030698012
1.163717e-07,-0.0030676471
1.164717e-07,-0.003066929
1.165717e-07,-0.0030690832
1.166717e-07,-0.0030741096
1.167717e-07,-0.003079136
1.168717e-07,-0.0030820083
1.169717e-07,-0.0030827263
1.170717e-07,-0.0030805722
1.171717e-07,-0.003079136
1.172717e-07,-0.0030798541
1.173717e-07,-0.0030841625
1.174717e-07,-0.0030920611
1.175717e-07,-0.003102114
1.176717e-07,-0.003114321
1.177717e-07,-0.003126528
1.178717e-07,-0.0031387351
1.179717e-07,-0.0031480699
1.180717e-07,-0.0031516602
1.181717e-07,-0.0031459157
1.182717e-07,-0.0031322725
1.183717e-07,-0.0031136029
1.184717e-07,-0.0030963695
1.185717e-07,-0.0030877528
1.186717e-07,-0.0030934972
1.187717e-07,-0.0031136029
1.188717e-07,-0.0031416073
1.189717e-07,-0.0031681756
1.190717e-07,-0.0031832548
1.191717e-07,-0.0031825368
1.192717e-07,-0.0031696117
1.193717e-07,-0.0031530963
1.194717e-07,-0.0031437615
1.195717e-07,-0.0031480699
1.196717e-07,-0.0031653033
1.197717e-07,-0.0031889993
1.198717e-07,-0.0032083869
1.199717e-07,-0.0032170037
1.200717e-07,-0.0032148495
1.201717e-07,-0.0032076689
1.202717e-07,-0.0032055147
1.203717e-07,-0.0032170037
1.204717e-07,-0.0032428539
1.205717e-07,-0.0032773208
1.206717e-07,-0.0033096335
1.207717e-07,-0.0033318934
1.208717e-07,-0.0033405101
1.209717e-07,-0.003339074
1.210717e-07,-0.0033369198
1.211717e-07,-0.0033433824
1.212717e-07,-0.0033606158
1.213717e-07,-0.0033857479
1.214717e-07,-0.0034094439
1.215717e-07,-0.0034238051
1.216717e-07,-0.0034252413
1.217717e-07,-0.0034166245
1.218717e-07,-0.0034051356
1.219717e-07,-0.0034008272
1.220717e-07,-0.0034065717
1.221717e-07,-0.0034202148
1.222717e-07,-0.0034360122
1.223717e-07,-0.0034467831
1.224717e-07,-0.0034496553
1.225717e-07,-0.0034475011
1.226717e-07,-0.0034482192
1.227717e-07,-0.0034582721
1.228717e-07,-0.0034798139
1.229717e-07,-0.0035085363
1.230717e-07,-0.0035351045
1.231717e-07,-0.0035501838
1.232717e-07,-0.0035501838
1.233717e-07,-0.0035386949
1.234717e-07,-0.0035236156
1.235717e-07,-0.0035157169
1.236717e-07,-0.0035207433
1.237717e-07,-0.0035372587
1.238717e-07,-0.0035580825
1.239717e-07,-0.0035731618
1.240717e-07,-0.0035774701
1.241717e-07,-0.0035702895
1.242717e-07,-0.0035580825
1.243717e-07,-0.0035501838
1.244717e-07,-0.0035516199
1.245717e-07,-0.0035623909
1.246717e-07,-0.003576034
1.247717e-07,-0.0035846507
1.248717e-07,-0.0035810604
1.249717e-07,-0.003563827
1.250717e-07,-0.0035394129
1.251717e-07,-0.0035157169
1.252717e-07,-0.0035006376
1.253717e-07,-0.0034977654
1.254717e-07,-0.0035042279
1.255717e-07,-0.0035157169
1.256717e-07,-0.0035257698
1.257717e-07,-0.0035322323
1.258717e-07,-0.0035358226
1.259717e-07,-0.0035386949
1.260717e-07,-0.0035444393
1.261717e-07,-0.0035516199
1.262717e-07,-0.0035588006
1.263717e-07,-0.0035616728
1.264717e-07,-0.0035566464
1.265717e-07,-0.0035451574
1.266717e-07,-0.0035293601
1.267717e-07,-0.0035157169
1.268717e-07,-0.0035071002
1.269717e-07,-0.0035056641
1.270717e-07,-0.0035092544
1.271717e-07,-0.0035157169
1.272717e-07,-0.0035228975
1.273717e-07,-0.0035300781
1.274717e-07,-0.0035386949
1.275717e-07,-0.0035501838
1.276717e-07,-0.0035623909
1.277717e-07,-0.0035731618
1.278717e-07,-0.0035774701
1.279717e-07,-0.0035731618
1.280717e-07,-0.0035595186
1.281717e-07,-0.0035415671
1.282717e-07,-0.0035250517
1.283717e-07,-0.0035157169
1.284717e-07,-0.003517153
1.285717e-07,-0.0035264878
1.286717e-07,-0.0035394129
1.287717e-07,-0.0035501838
1.288717e-07,-0.0035552102
1.289717e-07,-0.0035537741
1.290717e-07,-0.0035509019
1.291717e-07,-0.0035501838
1.292717e-07,-0.0035530561
1.293717e-07,-0.0035588006
1.294717e-07,-0.0035623909
1.295717e-07,-0.0035616728
1.296717e-07,-0.0035537741
1.297717e-07,-0.003540131
1.298717e-07,-0.0035257698
1.299717e-07,-0.0035157169
1.300717e-07,-0.0035128447
1.301717e-07,-0.0035157169
1.302717e-07,-0.0035221795
1.303717e-07,-0.0035272059
1.304717e-07,-0.003528642
1.305717e-07,-0.0035279239
1.306717e-07,-0.0035257698
1.307717e-07,-0.0035272059
1.308717e-07,-0.0035329504
1.309717e-07,-0.0035430032
1.310717e-07,-0.0035537741
1.311717e-07,-0.0035616728
1.312717e-07,-0.0035652631
1.313717e-07,-0.003563827
1.314717e-07,-0.0035580825
1.315717e-07,-0.0035501838
1.316717e-07,-0.0035394129
1.317717e-07,-0.0035264878
1.318717e-07,-0.0035099724
1.319717e-07,-0.003492739
1.320717e-07,-0.0034776597
1.321717e-07,-0.003469761
1.322717e-07,-0.0034711972
1.323717e-07,-0.00348125
1.324717e-07,-0.0034948932
1.325717e-07,-0.003504946
1.326717e-07,-0.0035042279
1.327717e-07,-0.003492739
1.328717e-07,-0.0034726333
1.329717e-07,-0.0034525276
1.330717e-07,-0.0034388844
1.331717e-07,-0.0034352941
1.332717e-07,-0.0034396025
1.333717e-07,-0.003445347
1.334717e-07,-0.0034446289
1.335717e-07,-0.0034352941
1.336717e-07,-0.0034209329
1.337717e-07,-0.0034087259
1.338717e-07,-0.0034087259
1.339717e-07,-0.0034238051
1.340717e-07,-0.0034489373
1.341717e-07,-0.0034719152
1.342717e-07,-0.00348125
1.343717e-07,-0.003469761
1.344717e-07,-0.0034388844
1.345717e-07,-0.0034001091
1.346717e-07,-0.0033677964
1.347717e-07,-0.0033548713
1.348717e-07,-0.0033634881
1.349717e-07,-0.0033857479
1.350717e-07,-0.003410162
1.351717e-07,-0.0034238051
1.352717e-07,-0.0034230871
1.353717e-07,-0.0034123162
1.354717e-07,-0.0034022633
1.355717e-07,-0.0034008272
1.356717e-07,-0.0034115981
1.357717e-07,-0.0034281135
1.358717e-07,-0.0034396025
1.359717e-07,-0.0034352941
1.360717e-07,-0.0034123162
1.361717e-07,-0.0033785673
1.362717e-07,-0.0033469727
1.363717e-07,-0.0033318934
1.364717e-07,-0.003339074
1.365717e-07,-0.0033656422
1.366717e-07,-0.003398673
1.367717e-07,-0.0034238051
1.368717e-07,-0.0034324219
1.369717e-07,-0.0034252413
1.370717e-07,-0.003410162
1.371717e-07,-0.0034008272
1.372717e-07,-0.0034044175
1.373717e-07,-0.003421651
1.374717e-07,-0.0034431928
1.375717e-07,-0.0034582721
1.376717e-07,-0.003457554
1.377717e-07,-0.0034403205
1.378717e-07,-0.0034137523
1.379717e-07,-0.0033893382
1.380717e-07,-0.0033778493
1.381717e-07,-0.0033828757
1.382717e-07,-0.0034008272
1.383717e-07,-0.0034238051
1.384717e-07,-0.0034424747
1.385717e-07,-0.0034532456
1.386717e-07,-0.0034568359
1.387717e-07,-0.0034582721
1.388717e-07,-0.0034625804
1.389717e-07,-0.0034704791
1.390717e-07,-0.0034783778
1.391717e-07,-0.00348125
1.392717e-07,-0.0034747875
1.393717e-07,-0.0034604262
1.394717e-07,-0.0034446289
1.395717e-07,-0.0034352941
1.396717e-07,-0.0034396025
1.397717e-07,-0.0034589901
1.398717e-07,-0.0034877125
1.399717e-07,-0.0035157169
1.400717e-07,-0.0035336684
1.401717e-07,-0.0035358226
1.402717e-07,-0.0035243336
1.403717e-07,-0.0035042279
1.404717e-07,-0.0034855584
1.405717e-07,-0.0034740694
1.406717e-07,-0.0034740694
1.407717e-07,-0.00348125
1.408717e-07,-0.0034913028
1.409717e-07,-0.0034984835
1.410717e-07,-0.0034992015
1.411717e-07,-0.003492739
1.412717e-07,-0.00348125
1.413717e-07,-0.0034683249
1.414717e-07,-0.0034561179
1.415717e-07,-0.0034467831
1.416717e-07,-0.0034417567
1.417717e-07,-0.0034403205
1.418717e-07,-0.0034424747
1.419717e-07,-0.0034467831
1.420717e-07,-0.0034510915
1.421717e-07,-0.0034539637
1.422717e-07,-0.0034525276
1.423717e-07,-0.0034467831
1.424717e-07,-0.0034374483
1.425717e-07,-0.0034273955
1.426717e-07,-0.0034187787
1.427717e-07,-0.0034123162
1.428717e-07,-0.0034080078
1.429717e-07,-0.0034022633
1.430717e-07,-0.0033922105
1.431717e-07,-0.0033778493
1.432717e-07,-0.0033598977
1.433717e-07,-0.0033433824
1.434717e-07,-0.0033326114
1.435717e-07,-0.0033318934
1.436717e-07,-0.0033405101
1.437717e-07,-0.0033555894
1.438717e-07,-0.0033699506
1.439717e-07,-0.0033778493
1.440717e-07,-0.0033771312
1.441717e-07,-0.0033699506
1.442717e-07,-0.0033606158
1.443717e-07,-0.0033548713
1.444717e-07,-0.0033570255
1.445717e-07,-0.0033670784
1.446717e-07,-0.0033828757
1.447717e-07,-0.0034008272
1.448717e-07,-0.0034166245
1.449717e-07,-0.0034288316
1.450717e-07,-0.0034381664
1.451717e-07,-0.0034467831
1.452717e-07,-0.0034553998
1.453717e-07,-0.0034654527
1.454717e-07,-0.0034740694
1.455717e-07,-0.00348125
1.456717e-07,-0.0034848403
1.457717e-07,-0.0034855584
1.458717e-07,-0.0034834042
1.459717e-07,-0.00348125
1.460717e-07,-0.0034798139
1.461717e-07,-0.0034805319
1.462717e-07,-0.0034848403
1.463717e-07,-0.003492739
1.464717e-07,-0.0035063821
1.465717e-07,-0.0035257698
1.466717e-07,-0.0035494658
1.467717e-07,-0.0035731618
1.468717e-07,-0.0035918313
1.469717e-07,-0.0035990119
1.470717e-07,-0.0035925494
1.471717e-07,-0.0035731618
1.472717e-07,-0.0035473116
1.473717e-07,-0.0035243336
1.474717e-07,-0.0035128447
1.475717e-07,-0.0035157169
1.476717e-07,-0.0035315142
1.477717e-07,-0.0035537741
1.478717e-07,-0.0035731618
1.479717e-07,-0.0035846507
1.480717e-07,-0.0035868049
1.481717e-07,-0.0035839327
1.482717e-07,-0.0035817785
1.483717e-07,-0.0035846507
1.484717e-07,-0.0035932675
1.485717e-07,-0.0036018842
1.486717e-07,-0.0036040384
1.487717e-07,-0.0035961397
1.488717e-07,-0.0035781882
1.489717e-07,-0.0035566464
1.490717e-07,-0.0035415671
1.491717e-07,-0.0035386949
1.492717e-07,-0.0035509019
1.493717e-07,-0.0035724437
1.494717e-07,-0.0035947036
1.495717e-07,-0.0036076287
1.496717e-07,-0.0036061926
1.497717e-07,-0.0035925494
1.498717e-07,-0.0035745979
1.499717e-07,-0.0035616728
1.500717e-07,-0.0035595186
1.501717e-07,-0.0035681353
1.502717e-07,-0.0035832146
1.503717e-07,-0.0035961397
1.504717e-07,-0.0036011661
1.505717e-07,-0.0035982939
1.506717e-07,-0.0035903952
1.507717e-07,-0.0035846507
1.508717e-07,-0.003587523
1.509717e-07,-0.0036004481
1.510717e-07,-0.0036205538
1.511717e-07,-0.0036420956
1.512717e-07,-0.003659329
1.513717e-07,-0.0036701
1.514717e-07,-0.0036744083
1.515717e-07,-0.0036765625
1.516717e-07,-0.0036801528
1.517717e-07,-0.0036880515
1.518717e-07,-0.0036995404
1.519717e-07,-0.0037110294
1.520717e-07,-0.0037203642
1.521717e-07,-0.0037268267
1.522717e-07,-0.003730417
1.523717e-07,-0.0037340074
1.524717e-07,-0.0037390338
1.525717e-07,-0.0037469324
1.526717e-07,-0.0037577034
1.527717e-07,-0.0037684743
1.528717e-07,-0.0037792452
1.529717e-07,-0.0037900161
1.530717e-07,-0.0038015051
1.531717e-07,-0.0038144301
1.532717e-07,-0.0038280733
1.533717e-07,-0.0038402803
1.534717e-07,-0.003848179
1.535717e-07,-0.0038488971
1.536717e-07,-0.0038424345
1.537717e-07,-0.0038316636
1.538717e-07,-0.0038208927
1.539717e-07,-0.0038144301
1.540717e-07,-0.0038144301
1.541717e-07,-0.0038201746
1.542717e-07,-0.0038287914
1.543717e-07,-0.0038374081
1.544717e-07,-0.0038431526
1.545717e-07,-0.0038460248
1.546717e-07,-0.0038474609
1.547717e-07,-0.0038488971
1.548717e-07,-0.0038510512
1.549717e-07,-0.0038532054
1.550717e-07,-0.0038524874
1.551717e-07,-0.0038488971
1.552717e-07,-0.0038417165
1.553717e-07,-0.0038330997
1.554717e-07,-0.0038273552
1.555717e-07,-0.0038259191
1.556717e-07,-0.0038295094
1.557717e-07,-0.003835972
1.558717e-07,-0.0038395623
1.559717e-07,-0.0038374081
1.560717e-07,-0.0038280733
1.561717e-07,-0.0038137121
1.562717e-07,-0.0038000689
1.563717e-07,-0.0037914522
1.564717e-07,-0.0037914522
1.565717e-07,-0.0037979148
1.566717e-07,-0.0038079676
1.567717e-07,-0.0038144301
1.568717e-07,-0.0038144301
1.569717e-07,-0.0038065315
1.570717e-07,-0.0037928883
1.571717e-07,-0.0037799632
1.572717e-07,-0.0037713465
1.573717e-07,-0.0037706284
1.574717e-07,-0.0037778091
1.575717e-07,-0.0037914522
1.576717e-07,-0.0038086857
1.577717e-07,-0.0038273552
1.578717e-07,-0.0038445887
1.579717e-07,-0.003860386
1.580717e-07,-0.0038725931
1.581717e-07,-0.0038812098
1.582717e-07,-0.003884082
1.583717e-07,-0.003883364
1.584717e-07,-0.0038790556
1.585717e-07,-0.0038747472
1.586717e-07,-0.003871875
1.587717e-07,-0.003871875
1.588717e-07,-0.0038754653
1.589717e-07,-0.0038804917
1.590717e-07,-0.0038869543
1.591717e-07,-0.0038948529
1.592717e-07,-0.0039049058
1.593717e-07,-0.0039199851
1.594717e-07,-0.0039400908
1.595717e-07,-0.0039637868
1.596717e-07,-0.0039867647
1.597717e-07,-0.0040039982
1.598717e-07,-0.0040111788
1.599717e-07,-0.0040097426
1.600717e-07,-0.004002562
1.601717e-07,-0.0039975356
1.602717e-07,-0.0039989717
1.603717e-07,-0.0040097426
1.604717e-07,-0.004026258
1.605717e-07,-0.0040413373
1.606717e-07,-0.0040485179
1.607717e-07,-0.0040442096
1.608717e-07,-0.0040312845
1.609717e-07,-0.0040176413
1.610717e-07,-0.0040118968
1.611717e-07,-0.0040212316
1.612717e-07,-0.0040442096
1.613717e-07,-0.00407365
1.614717e-07,-0.0040995002
1.615717e-07,-0.0041131434
1.616717e-07,-0.0041124253
1.617717e-07,-0.0041009364
1.618717e-07,-0.0040872932
1.619717e-07,-0.0040786765
1.620717e-07,-0.0040793945
1.621717e-07,-0.0040865751
1.622717e-07,-0.0040959099
1.623717e-07,-0.0041016544
1.624717e-07,-0.0041009364
1.625717e-07,-0.0040951919
1.626717e-07,-0.0040901654
1.627717e-07,-0.0040901654
1.628717e-07,-0.0040951919
1.629717e-07,-0.0041023725
1.630717e-07,-0.0041059628
1.631717e-07,-0.0041016544
1.632717e-07,-0.0040901654
1.633717e-07,-0.0040758042
1.634717e-07,-0.0040664694
1.635717e-07,-0.0040671875
1.636717e-07,-0.0040786765
1.637717e-07,-0.0040951919
1.638717e-07,-0.004108835
1.639717e-07,-0.0041131434
1.640717e-07,-0.0041059628
1.641717e-07,-0.0040930377
1.642717e-07,-0.0040815487
1.643717e-07,-0.0040786765
1.644717e-07,-0.0040872932
1.645717e-07,-0.0041038086
1.646717e-07,-0.0041181698
1.647717e-07,-0.0041246324
1.648717e-07,-0.0041188879
1.649717e-07,-0.0041038086
1.650717e-07,-0.0040880113
1.651717e-07,-0.0040786765
1.652717e-07,-0.0040793945
1.653717e-07,-0.0040887293
1.654717e-07,-0.0040980641
1.655717e-07,-0.0041016544
1.656717e-07,-0.0040951919
1.657717e-07,-0.0040808307
1.658717e-07,-0.0040657514
1.659717e-07,-0.0040556985
1.660717e-07,-0.0040542624
1.661717e-07,-0.0040600069
1.662717e-07,-0.0040664694
1.663717e-07,-0.0040671875
1.664717e-07,-0.0040600069
1.665717e-07,-0.0040477999
1.666717e-07,-0.0040363109
1.667717e-07,-0.0040327206
1.668717e-07,-0.0040384651
1.669717e-07,-0.0040506721
1.670717e-07,-0.0040628791
1.671717e-07,-0.0040671875
1.672717e-07,-0.0040628791
1.673717e-07,-0.0040521082
1.674717e-07,-0.0040434915
1.675717e-07,-0.0040442096
1.676717e-07,-0.0040556985
1.677717e-07,-0.004072932
1.678717e-07,-0.0040872932
1.679717e-07,-0.0040901654
1.680717e-07,-0.0040772403
1.681717e-07,-0.0040521082
1.682717e-07,-0.004026258
1.683717e-07,-0.0040097426
1.684717e-07,-0.0040097426
1.685717e-07,-0.00402554
1.686717e-07,-0.0040485179
1.687717e-07,-0.0040671875
1.688717e-07,-0.004072932
1.689717e-07,-0.0040635972
1.690717e-07,-0.0040470818
1.691717e-07,-0.0040327206
1.692717e-07,-0.0040298483
1.693717e-07,-0.0040427734
1.694717e-07,-0.0040657514
1.695717e-07,-0.0040901654
1.696717e-07,-0.0041059628
1.697717e-07,-0.0041073989
1.698717e-07,-0.0040959099
1.699717e-07,-0.0040786765
1.700717e-07,-0.0040643153
1.701717e-07,-0.0040592888
1.702717e-07,-0.0040650333
1.703717e-07,-0.0040786765
1.704717e-07,-0.0040937557
1.705717e-07,-0.0041052447
1.706717e-07,-0.0041109892
1.707717e-07,-0.0041131434
1.708717e-07,-0.0041160156
1.709717e-07,-0.0041224782
1.710717e-07,-0.0041332491
1.711717e-07,-0.0041476103
1.712717e-07,-0.0041605354
1.713717e-07,-0.004167716
1.714717e-07,-0.0041669979
1.715717e-07,-0.0041590993
1.716717e-07,-0.0041461742
1.717717e-07,-0.004131813
1.718717e-07,-0.004120324
1.719717e-07,-0.0041131434
1.720717e-07,-0.0041117073
1.721717e-07,-0.0041160156
1.722717e-07,-0.0041246324
1.723717e-07,-0.0041361213
1.724717e-07,-0.0041476103
1.725717e-07,-0.004156227
1.726717e-07,-0.0041605354
1.727717e-07,-0.0041590993
1.728717e-07,-0.0041526367
1.729717e-07,-0.0041425839
1.730717e-07,-0.004132531
1.731717e-07,-0.0041246324
1.732717e-07,-0.0041196059
1.733717e-07,-0.0041174517
1.734717e-07,-0.0041160156
1.735717e-07,-0.0041131434
1.736717e-07,-0.004108835
1.737717e-07,-0.0041023725
1.738717e-07,-0.0040959099
1.739717e-07,-0.0040901654
1.740717e-07,-0.0040865751
1.741717e-07,-0.004085139
1.742717e-07,-0.0040829848
1.743717e-07,-0.0040786765
1.744717e-07,-0.0040714959
1.745717e-07,-0.0040628791
1.746717e-07,-0.0040528263
1.747717e-07,-0.0040442096
1.748717e-07,-0.0040391831
1.749717e-07,-0.004037747
1.750717e-07,-0.0040399012
1.751717e-07,-0.0040442096
1.752717e-07,-0.004049236
1.753717e-07,-0.0040528263
1.754717e-07,-0.0040549805
1.755717e-07,-0.0040556985
1.756717e-07,-0.0040542624
1.757717e-07,-0.0040513902
1.758717e-07,-0.0040477999
1.759717e-07,-0.0040442096
1.760717e-07,-0.0040420554
1.761717e-07,-0.0040420554
1.762717e-07,-0.0040434915
1.763717e-07,-0.0040442096
1.764717e-07,-0.0040427734
1.765717e-07,-0.004037029
1.766717e-07,-0.0040291303
1.767717e-07,-0.0040212316
1.768717e-07,-0.0040183594
1.769717e-07,-0.00402554
1.770717e-07,-0.0040427734
1.771717e-07,-0.0040671875
1.772717e-07,-0.0040923196
1.773717e-07,-0.0041117073
1.774717e-07,-0.0041181698
1.775717e-07,-0.0041131434
1.776717e-07,-0.0041002183
1.777717e-07,-0.0040880113
1.778717e-07,-0.0040837029
1.779717e-07,-0.0040901654
1.780717e-07,-0.0041052447
1.781717e-07,-0.0041224782
1.782717e-07,-0.0041339671
1.783717e-07,-0.0041361213
1.784717e-07,-0.0041296588
1.785717e-07,-0.0041188879
1.786717e-07,-0.0041124253
1.787717e-07,-0.0041131434
1.788717e-07,-0.0041224782
1.789717e-07,-0.0041346852
1.790717e-07,-0.0041447381
1.791717e-07,-0.0041476103
1.792717e-07,-0.0041447381
1.793717e-07,-0.0041397116
1.794717e-07,-0.0041397116
1.795717e-07,-0.0041476103
1.796717e-07,-0.0041626896
1.797717e-07,-0.004179923
1.798717e-07,-0.004191412
1.799717e-07,-0.0041935662
1.800717e-07,-0.0041871036
1.801717e-07,-0.004179923
1.802717e-07,-0.004179923
1.803717e-07,-0.0041935662
1.804717e-07,-0.0042201344
1.805717e-07,-0.004251011
1.806717e-07,-0.0042761432
1.807717e-07,-0.0042854779
1.808717e-07,-0.0042761432
1.809717e-07,-0.0042546013
1.810717e-07,-0.0042309053
1.811717e-07,-0.0042165441
1.812717e-07,-0.0042186983
1.813717e-07,-0.0042344956
1.814717e-07,-0.0042560375
1.815717e-07,-0.004273989
1.816717e-07,-0.0042804515
1.817717e-07,-0.004273989
1.818717e-07,-0.0042617819
1.819717e-07,-0.004251011
1.820717e-07,-0.0042481388
1.821717e-07,-0.0042546013
1.822717e-07,-0.0042653722
1.823717e-07,-0.004273989
1.824717e-07,-0.0042754251
1.825717e-07,-0.0042696806
1.826717e-07,-0.0042589097
1.827717e-07,-0.004251011
1.828717e-07,-0.004250293
1.829717e-07,-0.0042581916
1.830717e-07,-0.0042718348
1.831717e-07,-0.0042854779
1.832717e-07,-0.0042948127
1.833717e-07,-0.0042991211
1.834717e-07,-0.004298403
1.835717e-07,-0.0042969669
1.836717e-07,-0.0042969669
1.837717e-07,-0.0042998392
1.838717e-07,-0.0043041475
1.839717e-07,-0.0043084559
1.840717e-07,-0.0043113281
1.841717e-07,-0.0043149184
1.842717e-07,-0.004321381
1.843717e-07,-0.0043314338
1.844717e-07,-0.004345077
1.845717e-07,-0.0043580021
1.846717e-07,-0.0043659007
1.847717e-07,-0.0043659007
1.848717e-07,-0.0043580021
1.849717e-07,-0.0043479492
1.850717e-07,-0.0043407686
1.851717e-07,-0.0043429228
1.852717e-07,-0.0043544118
1.853717e-07,-0.0043716452
1.854717e-07,-0.0043888787
1.855717e-07,-0.0044003676
1.856717e-07,-0.004404676
1.857717e-07,-0.004403958
1.858717e-07,-0.004404676
1.859717e-07,-0.0044118566
1.860717e-07,-0.0044262178
1.861717e-07,-0.0044434513
1.862717e-07,-0.0044563764
1.863717e-07,-0.0044578125
1.864717e-07,-0.0044456055
1.865717e-07,-0.0044226275
1.866717e-07,-0.0043974954
1.867717e-07,-0.0043773897
1.868717e-07,-0.0043680549
1.869717e-07,-0.0043680549
1.870717e-07,-0.0043737994
1.871717e-07,-0.0043773897
1.872717e-07,-0.0043759536
1.873717e-07,-0.0043702091
1.874717e-07,-0.0043651827
1.875717e-07,-0.0043659007
1.876717e-07,-0.0043759536
1.877717e-07,-0.004392469
1.878717e-07,-0.0044111386
1.879717e-07,-0.0044233456
1.880717e-07,-0.0044247817
1.881717e-07,-0.004416165
1.882717e-07,-0.0044018038
1.883717e-07,-0.0043888787
1.884717e-07,-0.0043845703
1.885717e-07,-0.0043903148
1.886717e-07,-0.004404676
1.887717e-07,-0.0044233456
1.888717e-07,-0.004440579
1.889717e-07,-0.0044527861
1.890717e-07,-0.0044578125
1.891717e-07,-0.0044578125
1.892717e-07,-0.0044527861
1.893717e-07,-0.0044441693
1.894717e-07,-0.0044341165
1.895717e-07,-0.0044233456
1.896717e-07,-0.004416165
1.897717e-07,-0.004416883
1.898717e-07,-0.0044269359
1.899717e-07,-0.0044463235
1.900717e-07,-0.0044721737
1.901717e-07,-0.0044973058
1.902717e-07,-0.0045159754
1.903717e-07,-0.0045267463
1.904717e-07,-0.0045303366
1.905717e-07,-0.0045317727
1.906717e-07,-0.0045375172
1.907717e-07,-0.0045497243
1.908717e-07,-0.0045662397
1.909717e-07,-0.0045813189
1.910717e-07,-0.0045884995
1.911717e-07,-0.0045841912
1.912717e-07,-0.0045712661
1.913717e-07,-0.0045576229
1.914717e-07,-0.0045525965
1.915717e-07,-0.0045612132
1.916717e-07,-0.0045827551
1.917717e-07,-0.0046093233
1.918717e-07,-0.0046315832
1.919717e-07,-0.004641636
1.920717e-07,-0.0046387638
1.921717e-07,-0.0046279929
1.922717e-07,-0.0046193761
1.923717e-07,-0.0046186581
1.924717e-07,-0.0046279929
1.925717e-07,-0.0046423541
1.926717e-07,-0.0046524069
1.927717e-07,-0.004653125
1.928717e-07,-0.0046423541
1.929717e-07,-0.0046251206
1.930717e-07,-0.0046114775
1.931717e-07,-0.0046071691
1.932717e-07,-0.0046136317
1.933717e-07,-0.0046258387
1.934717e-07,-0.0046337374
1.935717e-07,-0.0046301471
1.936717e-07,-0.0046129136
1.937717e-07,-0.0045877815
1.938717e-07,-0.0045640855
1.939717e-07,-0.0045497243
1.940717e-07,-0.0045475701
1.941717e-07,-0.0045525965
1.942717e-07,-0.0045561868
1.943717e-07,-0.0045497243
1.944717e-07,-0.0045317727
1.945717e-07,-0.0045080767
1.946717e-07,-0.004487971
1.947717e-07,-0.0044807904
1.948717e-07,-0.004487971
1.949717e-07,-0.0045030503
1.950717e-07,-0.0045152574
1.951717e-07,-0.0045152574
1.952717e-07,-0.00449946
1.953717e-07,-0.0044736098
1.954717e-07,-0.0044484777
1.955717e-07,-0.0044348346
1.956717e-07,-0.0044384249
1.957717e-07,-0.0044542222
1.958717e-07,-0.0044721737
1.959717e-07,-0.0044807904
1.960717e-07,-0.0044728918
1.961717e-07,-0.0044506319
1.962717e-07,-0.0044233456
1.963717e-07,-0.0044003676
1.964717e-07,-0.0043895967
1.965717e-07,-0.0043903148
1.966717e-07,-0.0043967773
1.967717e-07,-0.0044003676
1.968717e-07,-0.0043960593
1.969717e-07,-0.0043831342
1.970717e-07,-0.0043673369
1.971717e-07,-0.0043544118
1.972717e-07,-0.0043472312
1.973717e-07,-0.0043443589
1.974717e-07,-0.0043400506
1.975717e-07,-0.0043314338
1.976717e-07,-0.0043170726
1.977717e-07,-0.0043019933
1.978717e-07,-0.0042933766
1.979717e-07,-0.0042969669
1.980717e-07,-0.0043120462
1.981717e-07,-0.0043328699
1.982717e-07,-0.0043493853
1.983717e-07,-0.0043544118
1.984717e-07,-0.0043465131
1.985717e-07,-0.0043321519
1.986717e-07,-0.0043199449
1.987717e-07,-0.0043199449
1.988717e-07,-0.0043328699
1.989717e-07,-0.0043551298
1.990717e-07,-0.0043759536
1.991717e-07,-0.0043888787
1.992717e-07,-0.0043917509
1.993717e-07,-0.0043910329
1.994717e-07,-0.0043953412
1.995717e-07,-0.0044118566
1.996717e-07,-0.0044412971
1.997717e-07,-0.004475764
1.998717e-07,-0.0045037684
1.999717e-07,-0.0045152574
2.000717e-07,-0.0045087948
2.001717e-07,-0.0044929975
2.002717e-07,-0.0044793543
2.003717e-07,-0.0044807904
2.004717e-07,-0.00449946
2.005717e-07,-0.0045274644
2.006717e-07,-0.0045525965
2.007717e-07,-0.0045612132
2.008717e-07,-0.0045482881
2.009717e-07,-0.0045188477
2.010717e-07,-0.004487971
2.011717e-07,-0.0044693015
2.012717e-07,-0.0044707376
2.013717e-07,-0.0044908433
2.014717e-07,-0.0045181296
2.015717e-07,-0.0045382353
2.016717e-07,-0.0045432617
2.017717e-07,-0.0045317727
2.018717e-07,-0.004510949
2.019717e-07,-0.0044922794
2.020717e-07,-0.0044815085
2.021717e-07,-0.0044800724
2.022717e-07,-0.0044822266
2.023717e-07,-0.0044807904
2.024717e-07,-0.0044721737
2.025717e-07,-0.0044592486
2.026717e-07,-0.0044484777
2.027717e-07,-0.0044463235
2.028717e-07,-0.0044556583
2.029717e-07,-0.0044714557
2.030717e-07,-0.0044865349
2.031717e-07,-0.0044922794
2.032717e-07,-0.0044858169
2.033717e-07,-0.0044721737
2.034717e-07,-0.0044599667
2.035717e-07,-0.0044578125
2.036717e-07,-0.0044678653
2.037717e-07,-0.0044850988
2.038717e-07,-0.0045001781
2.039717e-07,-0.0045037684
2.040717e-07,-0.0044944336
2.041717e-07,-0.0044764821
2.042717e-07,-0.0044614028
2.043717e-07,-0.0044578125
2.044717e-07,-0.0044693015
2.045717e-07,-0.0044901252
2.046717e-07,-0.0045087948
2.047717e-07,-0.0045152574
2.048717e-07,-0.0045052045
2.049717e-07,-0.0044822266
2.050717e-07,-0.0044592486
2.051717e-07,-0.0044463235
2.052717e-07,-0.0044491958
2.053717e-07,-0.0044649931
2.054717e-07,-0.0044829446
2.055717e-07,-0.0044922794
2.056717e-07,-0.0044858169
2.057717e-07,-0.0044664292
2.058717e-07,-0.0044420152
2.059717e-07,-0.0044233456
2.060717e-07,-0.0044154469
2.061717e-07,-0.0044176011
2.062717e-07,-0.0044226275
2.063717e-07,-0.0044233456
2.064717e-07,-0.0044154469
2.065717e-07,-0.0044003676
2.066717e-07,-0.0043852884
2.067717e-07,-0.0043773897
2.068717e-07,-0.0043781078
2.069717e-07,-0.0043831342
2.070717e-07,-0.0043852884
2.071717e-07,-0.0043773897
2.072717e-07,-0.0043594382
2.073717e-07,-0.0043378964
2.074717e-07,-0.004322099
2.075717e-07,-0.0043199449
2.076717e-07,-0.0043328699
2.077717e-07,-0.0043522576
2.078717e-07,-0.0043673369
2.079717e-07,-0.0043659007
2.080717e-07,-0.0043465131
2.081717e-07,-0.0043149184
2.082717e-07,-0.0042869141
2.083717e-07,-0.004273989
2.084717e-07,-0.0042826057
2.085717e-07,-0.0043077378
2.086717e-07,-0.0043364602
2.087717e-07,-0.0043544118
2.088717e-07,-0.0043536937
2.089717e-07,-0.0043357422
2.090717e-07,-0.0043127642
2.091717e-07,-0.0042969669
2.092717e-07,-0.004298403
2.093717e-07,-0.0043185087
2.094717e-07,-0.0043486673
2.095717e-07,-0.0043773897
2.096717e-07,-0.0043967773
2.097717e-07,-0.004404676
2.098717e-07,-0.0044068302
2.099717e-07,-0.0044118566
2.100717e-07,-0.0044247817
2.101717e-07,-0.0044448874
2.102717e-07,-0.0044664292
2.103717e-07,-0.0044807904
2.104717e-07,-0.0044822266
2.105717e-07,-0.0044721737
2.106717e-07,-0.0044570944
2.107717e-07,-0.0044463235
2.108717e-07,-0.0044470416
2.109717e-07,-0.0044592486
2.110717e-07,-0.0044772001
2.111717e-07,-0.0044922794
2.112717e-07,-0.004498742
2.113717e-07,-0.0044958697
2.114717e-07,-0.004487253
2.115717e-07,-0.0044807904
2.116717e-07,-0.0044815085
2.117717e-07,-0.0044901252
2.118717e-07,-0.0045037684
2.119717e-07,-0.0045152574
2.120717e-07,-0.0045217199
2.121717e-07,-0.004523156
2.122717e-07,-0.0045238741
2.123717e-07,-0.0045267463
2.124717e-07,-0.0045353631
2.125717e-07,-0.004546852
2.126717e-07,-0.0045576229
2.127717e-07,-0.0045612132
2.128717e-07,-0.0045561868
2.129717e-07,-0.0045454159
2.130717e-07,-0.0045339269
2.131717e-07,-0.0045267463
2.132717e-07,-0.0045274644
2.133717e-07,-0.0045324908
2.134717e-07,-0.0045382353
2.135717e-07,-0.0045382353
2.136717e-07,-0.0045324908
2.137717e-07,-0.0045238741
2.138717e-07,-0.0045202838
2.139717e-07,-0.0045267463
2.140717e-07,-0.0045446978
2.141717e-07,-0.004570548
2.142717e-07,-0.004594244
2.143717e-07,-0.0046071691
2.144717e-07,-0.004605733
2.145717e-07,-0.0045920898
2.146717e-07,-0.0045741383
2.147717e-07,-0.0045612132
2.148717e-07,-0.004558341
2.149717e-07,-0.0045655216
2.150717e-07,-0.0045762925
2.151717e-07,-0.0045841912
2.152717e-07,-0.0045834731
2.153717e-07,-0.0045741383
2.154717e-07,-0.0045604952
2.155717e-07,-0.0045497243
2.156717e-07,-0.004546852
2.157717e-07,-0.0045525965
2.158717e-07,-0.0045633674
2.159717e-07,-0.0045727022
2.160717e-07,-0.0045762925
2.161717e-07,-0.0045727022
2.162717e-07,-0.0045626494
2.163717e-07,-0.0045497243
2.164717e-07,-0.0045360811
2.165717e-07,-0.004523156
2.166717e-07,-0.0045087948
2.167717e-07,-0.0044922794
2.168717e-07,-0.004475764
2.169717e-07,-0.0044621209
2.170717e-07,-0.0044556583
2.171717e-07,-0.0044578125
2.172717e-07,-0.0044671473
2.173717e-07,-0.0044786363
2.174717e-07,-0.0044850988
2.175717e-07,-0.0044807904
2.176717e-07,-0.0044671473
2.177717e-07,-0.0044477597
2.178717e-07,-0.0044312443
2.179717e-07,-0.0044233456
2.180717e-07,-0.0044247817
2.181717e-07,-0.0044312443
2.182717e-07,-0.0044369887
2.183717e-07,-0.0044348346
2.184717e-07,-0.0044247817
2.185717e-07,-0.0044104205
2.186717e-07,-0.0044003676
2.187717e-07,-0.0044003676
2.188717e-07,-0.0044125747
2.189717e-07,-0.0044319623
2.190717e-07,-0.0044491958
2.191717e-07,-0.0044578125
2.192717e-07,-0.0044527861
2.193717e-07,-0.0044362707
2.194717e-07,-0.004416165
2.195717e-07,-0.0044003676
2.196717e-07,-0.0043946232
2.197717e-07,-0.0043989315
2.198717e-07,-0.0044104205
2.199717e-07,-0.0044233456
2.200717e-07,-0.0044355526
2.201717e-07,-0.0044477597
2.202717e-07,-0.0044621209
2.203717e-07,-0.0044807904
2.204717e-07,-0.0045023323
2.205717e-07,-0.004522438
2.206717e-07,-0.0045353631
2.207717e-07,-0.0045382353
2.208717e-07,-0.0045324908
2.209717e-07,-0.0045238741
2.210717e-07,-0.0045202838
2.211717e-07,-0.0045267463
2.212717e-07,-0.0045432617
2.213717e-07,-0.0045633674
2.214717e-07,-0.0045784467
2.215717e-07,-0.0045841912
2.216717e-07,-0.0045791648
2.217717e-07,-0.00456983
2.218717e-07,-0.0045655216
2.219717e-07,-0.0045727022
2.220717e-07,-0.0045913718
2.221717e-07,-0.0046157858
2.222717e-07,-0.0046351735
2.223717e-07,-0.004641636
2.224717e-07,-0.0046330193
2.225717e-07,-0.0046143497
2.226717e-07,-0.0045956801
2.227717e-07,-0.0045841912
2.228717e-07,-0.0045841912
2.229717e-07,-0.0045913718
2.230717e-07,-0.0045971163
2.231717e-07,-0.0045956801
2.232717e-07,-0.0045834731
2.233717e-07,-0.0045655216
2.234717e-07,-0.0045482881
2.235717e-07,-0.0045382353
2.236717e-07,-0.0045360811
2.237717e-07,-0.0045360811
2.238717e-07,-0.0045310547
2.239717e-07,-0.0045152574
2.240717e-07,-0.0044908433
2.241717e-07,-0.0044664292
2.242717e-07,-0.0044527861
2.243717e-07,-0.0044578125
2.244717e-07,-0.0044807904
2.245717e-07,-0.004511667
2.246717e-07,-0.0045353631
2.247717e-07,-0.0045382353
2.248717e-07,-0.0045181296
2.249717e-07,-0.0044815085
2.250717e-07,-0.0044448874
2.251717e-07,-0.0044233456
2.252717e-07,-0.0044247817
2.253717e-07,-0.0044470416
2.254717e-07,-0.0044779182
2.255717e-07,-0.0045037684
2.256717e-07,-0.0045159754
2.257717e-07,-0.0045145393
2.258717e-07,-0.0045066406
2.259717e-07,-0.0045037684
2.260717e-07,-0.0045123851
2.261717e-07,-0.0045317727
2.262717e-07,-0.0045547507
2.263717e-07,-0.0045727022
2.264717e-07,-0.0045784467
2.265717e-07,-0.0045727022
2.266717e-07,-0.0045604952
2.267717e-07,-0.0045497243
2.268717e-07,-0.004546134
2.269717e-07,-0.0045504423
2.270717e-07,-0.0045569049
2.271717e-07,-0.0045612132
2.272717e-07,-0.0045612132
2.273717e-07,-0.0045590591
2.274717e-07,-0.0045619313
2.275717e-07,-0.0045727022
2.276717e-07,-0.0045928079
2.277717e-07,-0.0046165039
2.278717e-07,-0.0046344554
2.279717e-07,-0.004641636
2.280717e-07,-0.0046366096
2.281717e-07,-0.0046258387
2.282717e-07,-0.0046208123
2.283717e-07,-0.0046301471
2.284717e-07,-0.0046545611
2.285717e-07,-0.00468831
2.286717e-07,-0.0047184685
2.287717e-07,-0.0047335478
2.288717e-07,-0.0047292394
2.289717e-07,-0.0047112879
2.290717e-07,-0.004689028
2.291717e-07,-0.0046761029
2.292717e-07,-0.0046782571
2.293717e-07,-0.0046926183
2.294717e-07,-0.0047105699
2.295717e-07,-0.0047220588
2.296717e-07,-0.0047220588
2.297717e-07,-0.004712006
2.298717e-07,-0.0047012351
2.299717e-07,-0.0046990809
2.300717e-07,-0.0047091337
2.301717e-07,-0.0047285214
2.302717e-07,-0.004747909
2.303717e-07,-0.0047565257
2.304717e-07,-0.0047493451
2.305717e-07,-0.0047285214
2.306717e-07,-0.0047048254
2.307717e-07,-0.0046875919
2.308717e-07,-0.0046847197
2.309717e-07,-0.0046947725
2.310717e-07,-0.0047105699
2.311717e-07,-0.0047220588
2.312717e-07,-0.0047220588
2.313717e-07,-0.0047098518
2.314717e-07,-0.0046911822
2.315717e-07,-0.0046761029
2.316717e-07,-0.0046703585
2.317717e-07,-0.0046753849
2.318717e-07,-0.0046868739
2.319717e-07,-0.0046990809
2.320717e-07,-0.0047069795
2.321717e-07,-0.0047098518
2.322717e-07,-0.0047098518
2.323717e-07,-0.0047105699
2.324717e-07,-0.0047134421
2.325717e-07,-0.0047170324
2.326717e-07,-0.0047170324
2.327717e-07,-0.0047105699
2.328717e-07,-0.0046983628
2.329717e-07,-0.0046847197
2.330717e-07,-0.0046761029
2.331717e-07,-0.0046761029
2.332717e-07,-0.0046840016
2.333717e-07,-0.0046947725
2.334717e-07,-0.0047012351
2.335717e-07,-0.0046990809
2.336717e-07,-0.0046897461
2.337717e-07,-0.0046796932
2.338717e-07,-0.0046775391
2.339717e-07,-0.0046875919
2.340717e-07,-0.0047076976
2.341717e-07,-0.0047299575
2.342717e-07,-0.0047443187
2.343717e-07,-0.0047450368
2.344717e-07,-0.0047335478
2.345717e-07,-0.0047184685
2.346717e-07,-0.004712724
2.347717e-07,-0.0047220588
2.348717e-07,-0.0047457548
2.349717e-07,-0.0047737592
2.350717e-07,-0.0047917107
2.351717e-07,-0.0047909926
2.352717e-07,-0.004771605
2.353717e-07,-0.0047450368
2.354717e-07,-0.0047285214
2.355717e-07,-0.0047335478
2.356717e-07,-0.0047637063
2.357717e-07,-0.0048089442
2.358717e-07,-0.0048505917
2.359717e-07,-0.0048714154
2.360717e-07,-0.0048642348
2.361717e-07,-0.0048333582
2.362717e-07,-0.004795301
2.363717e-07,-0.0047680147
2.364717e-07,-0.0047622702
2.365717e-07,-0.0047780676
2.366717e-07,-0.0048039177
2.367717e-07,-0.0048254596
2.368717e-07,-0.0048319221
2.369717e-07,-0.0048225873
2.370717e-07,-0.0048053539
2.371717e-07,-0.0047909926
2.372717e-07,-0.0047895565
2.373717e-07,-0.0048017636
2.374717e-07,-0.0048204331
2.375717e-07,-0.0048369485
2.376717e-07,-0.004842693
2.377717e-07,-0.0048383847
2.378717e-07,-0.0048290499
2.379717e-07,-0.0048254596
2.380717e-07,-0.0048333582
2.381717e-07,-0.0048520278
2.382717e-07,-0.0048757238
2.383717e-07,-0.0048943934
2.384717e-07,-0.004901574
2.385717e-07,-0.0048972656
2.386717e-07,-0.0048879308
2.387717e-07,-0.0048829044
2.388717e-07,-0.0048886489
2.389717e-07,-0.0049058824
2.390717e-07,-0.0049302964
2.391717e-07,-0.0049518382
2.392717e-07,-0.0049654814
2.393717e-07,-0.0049690717
2.394717e-07,-0.0049661994
2.395717e-07,-0.0049633272
2.396717e-07,-0.0049640453
2.397717e-07,-0.0049690717
2.398717e-07,-0.0049740981
2.399717e-07,-0.0049748162
2.400717e-07,-0.0049676356
2.401717e-07,-0.0049539924
2.402717e-07,-0.0049396312
2.403717e-07,-0.0049288603
2.404717e-07,-0.0049259881
2.405717e-07,-0.0049295784
2.406717e-07,-0.0049360409
2.407717e-07,-0.0049403493
2.408717e-07,-0.0049403493
2.409717e-07,-0.0049360409
2.410717e-07,-0.0049317325
2.411717e-07,-0.0049288603
2.412717e-07,-0.0049281422
2.413717e-07,-0.0049259881
2.414717e-07,-0.0049188074
2.415717e-07,-0.0049058824
2.416717e-07,-0.004890085
2.417717e-07,-0.0048793141
2.418717e-07,-0.0048793141
2.419717e-07,-0.0048943934
2.420717e-07,-0.0049188074
2.421717e-07,-0.0049417854
2.422717e-07,-0.0049518382
2.423717e-07,-0.0049403493
2.424717e-07,-0.0049101907
2.425717e-07,-0.0048728516
2.426717e-07,-0.0048441291
2.427717e-07,-0.0048369485
2.428717e-07,-0.0048549
2.429717e-07,-0.0048908031
2.430717e-07,-0.0049281422
2.431717e-07,-0.0049518382
2.432717e-07,-0.0049525563
2.433717e-07,-0.0049317325
2.434717e-07,-0.0049001379
2.435717e-07,-0.0048714154
2.436717e-07,-0.0048563362
2.437717e-07,-0.0048556181
2.438717e-07,-0.0048642348
2.439717e-07,-0.0048714154
2.440717e-07,-0.0048692613
2.441717e-07,-0.0048556181
2.442717e-07,-0.0048347943
2.443717e-07,-0.0048139706
2.444717e-07,-0.0047996094
2.445717e-07,-0.0047931468
2.446717e-07,-0.0047917107
2.447717e-07,-0.0047909926
2.448717e-07,-0.0047866843
2.449717e-07,-0.0047795037
2.450717e-07,-0.004771605
2.451717e-07,-0.0047680147
2.452717e-07,-0.0047694508
2.453717e-07,-0.0047723231
2.454717e-07,-0.0047737592
2.455717e-07,-0.0047680147
2.456717e-07,-0.0047550896
2.457717e-07,-0.0047392923
2.458717e-07,-0.0047263672
2.459717e-07,-0.0047220588
2.460717e-07,-0.0047270852
2.461717e-07,-0.00473642
2.462717e-07,-0.0047443187
2.463717e-07,-0.0047450368
2.464717e-07,-0.0047378562
2.465717e-07,-0.0047285214
2.466717e-07,-0.0047249311
2.467717e-07,-0.0047335478
2.468717e-07,-0.0047550896
2.469717e-07,-0.0047823759
2.470717e-07,-0.0048053539
2.471717e-07,-0.0048139706
2.472717e-07,-0.0048060719
2.473717e-07,-0.0047859662
2.474717e-07,-0.0047658605
2.475717e-07,-0.0047565257
2.476717e-07,-0.0047637063
2.477717e-07,-0.0047859662
2.478717e-07,-0.0048132525
2.479717e-07,-0.0048369485
2.480717e-07,-0.0048498736
2.481717e-07,-0.0048513097
2.482717e-07,-0.0048484375
2.483717e-07,-0.0048484375
2.484717e-07,-0.0048563362
2.485717e-07,-0.0048706974
2.486717e-07,-0.0048857767
2.487717e-07,-0.0048943934
2.488717e-07,-0.0048936753
2.489717e-07,-0.0048843405
2.490717e-07,-0.0048750057
2.491717e-07,-0.0048714154
2.492717e-07,-0.004878596
2.493717e-07,-0.0048958295
2.494717e-07,-0.0049152171
2.495717e-07,-0.0049288603
2.496717e-07,-0.0049324506
2.497717e-07,-0.0049259881
2.498717e-07,-0.0049144991
2.499717e-07,-0.0049058824
2.500717e-07,-0.0049037282
2.501717e-07,-0.0049080365
2.502717e-07,-0.0049144991
2.503717e-07,-0.0049173713
2.504717e-07,-0.004913781
2.505717e-07,-0.0049066004
2.506717e-07,-0.004901574
2.507717e-07,-0.0049058824
2.508717e-07,-0.0049216797
2.509717e-07,-0.0049475299
2.510717e-07,-0.0049762523
2.511717e-07,-0.0049977941
2.512717e-07,-0.005007847
2.513717e-07,-0.0050049747
2.514717e-07,-0.0049956399
2.515717e-07,-0.0049863051
2.516717e-07,-0.0049834329
2.517717e-07,-0.0049877413
2.518717e-07,-0.0049977941
2.519717e-07,-0.0050092831
2.520717e-07,-0.0050178998
2.521717e-07,-0.0050250804
2.522717e-07,-0.005032261
2.523717e-07,-0.00504375
2.524717e-07,-0.0050609835
2.525717e-07,-0.0050818072
2.526717e-07,-0.0051011949
2.527717e-07,-0.0051126838
2.528717e-07,-0.0051134019
2.529717e-07,-0.0051040671
2.530717e-07,-0.0050904239
2.531717e-07,-0.0050782169
2.532717e-07,-0.0050724724
2.533717e-07,-0.0050739085
2.534717e-07,-0.0050810892
2.535717e-07,-0.0050897059
2.536717e-07,-0.0050976045
2.537717e-07,-0.0051047852
2.538717e-07,-0.0051126838
2.539717e-07,-0.0051241728
2.540717e-07,-0.0051399701
2.541717e-07,-0.0051572036
2.542717e-07,-0.0051722829
2.543717e-07,-0.0051816176
2.544717e-07,-0.0051837718
2.545717e-07,-0.0051801815
2.546717e-07,-0.005174437
2.547717e-07,-0.0051701287
2.548717e-07,-0.0051686926
2.549717e-07,-0.0051672564
2.550717e-07,-0.0051651023
2.551717e-07,-0.0051586397
2.552717e-07,-0.005150023
2.553717e-07,-0.0051421243
2.554717e-07,-0.0051406882
2.555717e-07,-0.0051471507
2.556717e-07,-0.0051600758
2.557717e-07,-0.0051722829
2.558717e-07,-0.0051780273
2.559717e-07,-0.0051701287
2.560717e-07,-0.005150741
2.561717e-07,-0.005126327
2.562717e-07,-0.0051069393
2.563717e-07,-0.0051011949
2.564717e-07,-0.0051126838
2.565717e-07,-0.0051363798
2.566717e-07,-0.0051629481
2.567717e-07,-0.0051816176
2.568717e-07,-0.005185926
2.569717e-07,-0.0051751551
2.570717e-07,-0.0051557675
2.571717e-07,-0.0051356618
2.572717e-07,-0.0051227367
2.573717e-07,-0.0051191464
2.574717e-07,-0.0051213006
2.575717e-07,-0.0051241728
2.576717e-07,-0.0051234547
2.577717e-07,-0.0051169922
2.578717e-07,-0.0051083755
2.579717e-07,-0.0051011949
2.580717e-07,-0.0051004768
2.581717e-07,-0.0051076574
2.582717e-07,-0.0051205825
2.583717e-07,-0.0051356618
2.584717e-07,-0.0051493049
2.585717e-07,-0.0051593578
2.586717e-07,-0.0051658203
2.587717e-07,-0.0051701287
2.588717e-07,-0.0051722829
2.589717e-07,-0.005173719
2.590717e-07,-0.0051722829
2.591717e-07,-0.0051701287
2.592717e-07,-0.0051686926
2.593717e-07,-0.0051701287
2.594717e-07,-0.0051787454
2.595717e-07,-0.0051931066
2.596717e-07,-0.0052103401
2.597717e-07,-0.0052254193
2.598717e-07,-0.0052318819
2.599717e-07,-0.0052275735
2.600717e-07,-0.0052139304
2.601717e-07,-0.005197415
2.602717e-07,-0.005185208
2.603717e-07,-0.0051816176
2.604717e-07,-0.005185926
2.605717e-07,-0.0051938247
2.606717e-07,-0.005198133
2.607717e-07,-0.0051931066
2.608717e-07,-0.0051801815
2.609717e-07,-0.0051651023
2.610717e-07,-0.0051557675
2.611717e-07,-0.0051586397
2.612717e-07,-0.005173719
2.613717e-07,-0.0051952608
2.614717e-07,-0.0052124943
2.615717e-07,-0.0052160846
2.616717e-07,-0.0052031595
2.617717e-07,-0.0051773093
2.618717e-07,-0.0051471507
2.619717e-07,-0.0051241728
2.620717e-07,-0.0051134019
2.621717e-07,-0.0051141199
2.622717e-07,-0.0051205825
2.623717e-07,-0.0051241728
2.624717e-07,-0.0051184283
2.625717e-07,-0.0051019129
2.626717e-07,-0.005078935
2.627717e-07,-0.005055239
2.628717e-07,-0.0050365694
2.629717e-07,-0.0050236443
2.630717e-07,-0.0050157456
2.631717e-07,-0.0050092831
2.632717e-07,-0.0050028205
2.633717e-07,-0.004996358
2.634717e-07,-0.0049942038
2.635717e-07,-0.0049977941
2.636717e-07,-0.005007847
2.637717e-07,-0.0050207721
2.638717e-07,-0.0050308249
2.639717e-07,-0.005032261
2.640717e-07,-0.0050236443
2.641717e-07,-0.0050056928
2.642717e-07,-0.0049834329
2.643717e-07,-0.0049633272
2.644717e-07,-0.0049482479
2.645717e-07,-0.0049381951
2.646717e-07,-0.0049324506
2.647717e-07,-0.0049288603
2.648717e-07,-0.0049281422
2.649717e-07,-0.0049302964
2.650717e-07,-0.0049389131
2.651717e-07,-0.0049518382
2.652717e-07,-0.0049654814
2.653717e-07,-0.004972662
2.654717e-07,-0.0049690717
2.655717e-07,-0.0049518382
2.656717e-07,-0.0049259881
2.657717e-07,-0.0049001379
2.658717e-07,-0.0048843405
2.659717e-07,-0.0048829044
2.660717e-07,-0.0048951114
2.661717e-07,-0.0049123449
2.662717e-07,-0.0049259881
2.663717e-07,-0.0049288603
2.664717e-07,-0.0049216797
2.665717e-07,-0.0049109088
2.666717e-07,-0.0049073185
2.667717e-07,-0.0049173713
2.668717e-07,-0.0049396312
2.669717e-07,-0.0049661994
2.670717e-07,-0.004984869
2.671717e-07,-0.0049863051
2.672717e-07,-0.0049683536
2.673717e-07,-0.0049389131
2.674717e-07,-0.0049101907
2.675717e-07,-0.0048943934
2.676717e-07,-0.0048958295
2.677717e-07,-0.0049101907
2.678717e-07,-0.0049281422
2.679717e-07,-0.0049403493
2.680717e-07,-0.0049410673
2.681717e-07,-0.0049346048
2.682717e-07,-0.0049274242
2.683717e-07,-0.0049288603
2.684717e-07,-0.0049410673
2.685717e-07,-0.0049590188
2.686717e-07,-0.0049733801
2.687717e-07,-0.0049748162
2.688717e-07,-0.0049590188
2.689717e-07,-0.0049317325
2.690717e-07,-0.004902292
2.691717e-07,-0.0048829044
2.692717e-07,-0.0048800322
2.693717e-07,-0.0048922392
2.694717e-07,-0.0049123449
2.695717e-07,-0.0049288603
2.696717e-07,-0.0049360409
2.697717e-07,-0.0049331687
2.698717e-07,-0.0049245519
2.699717e-07,-0.0049173713
2.700717e-07,-0.0049152171
2.701717e-07,-0.0049166533
2.702717e-07,-0.0049188074
2.703717e-07,-0.0049173713
2.704717e-07,-0.0049116268
2.705717e-07,-0.0049044462
2.706717e-07,-0.004901574
2.707717e-07,-0.0049058824
2.708717e-07,-0.0049166533
2.709717e-07,-0.0049267061
2.710717e-07,-0.0049281422
2.711717e-07,-0.0049173713
2.712717e-07,-0.0048958295
2.713717e-07,-0.0048735696
2.714717e-07,-0.0048627987
2.715717e-07,-0.0048714154
2.716717e-07,-0.0048987017
2.717717e-07,-0.0049346048
2.718717e-07,-0.0049640453
2.719717e-07,-0.0049748162
2.720717e-07,-0.0049618911
2.721717e-07,-0.0049331687
2.722717e-07,-0.004902292
2.723717e-07,-0.0048829044
2.724717e-07,-0.0048821864
2.725717e-07,-0.0048972656
2.726717e-07,-0.0049166533
2.727717e-07,-0.0049288603
2.728717e-07,-0.0049274242
2.729717e-07,-0.004913781
2.730717e-07,-0.0048994198
2.731717e-07,-0.0048943934
2.732717e-07,-0.0049058824
2.733717e-07,-0.0049317325
2.734717e-07,-0.0049626091
2.735717e-07,-0.0049863051
2.736717e-07,-0.004996358
2.737717e-07,-0.0049920496
2.738717e-07,-0.0049819968
2.739717e-07,-0.0049748162
2.740717e-07,-0.0049776884
2.741717e-07,-0.0049906135
2.742717e-07,-0.005007847
2.743717e-07,-0.0050207721
2.744717e-07,-0.0050250804
2.745717e-07,-0.0050229262
2.746717e-07,-0.0050186179
2.747717e-07,-0.0050207721
2.748717e-07,-0.005032261
2.749717e-07,-0.0050502125
2.750717e-07,-0.0050681641
2.751717e-07,-0.0050782169
2.752717e-07,-0.0050767808
2.753717e-07,-0.005067446
2.754717e-07,-0.0050573932
2.755717e-07,-0.005055239
2.756717e-07,-0.0050645738
2.757717e-07,-0.0050810892
2.758717e-07,-0.0050968865
2.759717e-07,-0.0051011949
2.760717e-07,-0.005091142
2.761717e-07,-0.0050688821
2.762717e-07,-0.0050459042
2.763717e-07,-0.005032261
2.764717e-07,-0.0050358513
2.765717e-07,-0.0050545209
2.766717e-07,-0.0050803711
2.767717e-07,-0.0051011949
2.768717e-07,-0.0051090935
2.769717e-07,-0.0051011949
2.770717e-07,-0.0050839614
2.771717e-07,-0.0050667279
2.772717e-07,-0.0050581112
2.773717e-07,-0.0050609835
2.774717e-07,-0.0050739085
2.775717e-07,-0.0050897059
2.776717e-07,-0.005102631
2.777717e-07,-0.0051105296
2.778717e-07,-0.0051126838
2.779717e-07,-0.0051126838
2.780717e-07,-0.0051141199
2.781717e-07,-0.0051177102
2.782717e-07,-0.0051213006
2.783717e-07,-0.0051241728
2.784717e-07,-0.0051248909
2.785717e-07,-0.0051248909
2.786717e-07,-0.0051277631
2.787717e-07,-0.0051356618
2.788717e-07,-0.0051478688
2.789717e-07,-0.0051607939
2.790717e-07,-0.0051694106
2.791717e-07,-0.0051701287
2.792717e-07,-0.0051636661
2.793717e-07,-0.0051550494
2.794717e-07,-0.0051514591
2.795717e-07,-0.0051586397
2.796717e-07,-0.0051758732
2.797717e-07,-0.0051966969
2.798717e-07,-0.0052132123
2.799717e-07,-0.0052160846
2.800717e-07,-0.0052038775
2.801717e-07,-0.0051816176
2.802717e-07,-0.0051593578
2.803717e-07,-0.0051471507
2.804717e-07,-0.005150741
2.805717e-07,-0.0051686926
2.806717e-07,-0.0051931066
2.807717e-07,-0.0052160846
2.808717e-07,-0.0052297277
2.809717e-07,-0.005233318
2.810717e-07,-0.0052304458
2.811717e-07,-0.0052275735
2.812717e-07,-0.0052282916
2.813717e-07,-0.005233318
2.814717e-07,-0.0052383444
2.815717e-07,-0.0052390625
2.816717e-07,-0.0052318819
2.817717e-07,-0.0052182387
2.818717e-07,-0.0052038775
2.819717e-07,-0.0051931066
2.820717e-07,-0.0051902344
2.821717e-07,-0.0051923886
2.822717e-07,-0.0051959789
2.823717e-07,-0.0051931066
2.824717e-07,-0.0051808996
2.825717e-07,-0.0051593578
2.826717e-07,-0.0051342256
2.827717e-07,-0.0051126838
2.828717e-07,-0.0050997587
2.829717e-07,-0.0050976045
2.830717e-07,-0.005103349
2.831717e-07,-0.0051126838
2.832717e-07,-0.0051198644
2.833717e-07,-0.0051227367
2.834717e-07,-0.0051198644
2.835717e-07,-0.0051126838
2.836717e-07,-0.0051011949
2.837717e-07,-0.0050875517
2.838717e-07,-0.0050717544
2.839717e-07,-0.005055239
2.840717e-07,-0.0050423139
2.841717e-07,-0.0050372875
2.842717e-07,-0.0050415958
2.843717e-07,-0.005055239
2.844717e-07,-0.0050724724
2.845717e-07,-0.0050861156
2.846717e-07,-0.0050889878
2.847717e-07,-0.0050782169
2.848717e-07,-0.0050588293
2.849717e-07,-0.0050408778
2.850717e-07,-0.0050336972
2.851717e-07,-0.00504375
2.852717e-07,-0.0050703182
2.853717e-07,-0.0051040671
2.854717e-07,-0.0051335076
2.855717e-07,-0.0051471507
2.856717e-07,-0.0051421243
2.857717e-07,-0.0051241728
2.858717e-07,-0.005102631
2.859717e-07,-0.0050897059
2.860717e-07,-0.0050904239
2.861717e-07,-0.0051040671
2.862717e-07,-0.0051220186
2.863717e-07,-0.0051356618
2.864717e-07,-0.0051392521
2.865717e-07,-0.0051327895
2.866717e-07,-0.0051213006
2.867717e-07,-0.0051126838
2.868717e-07,-0.0051112477
2.869717e-07,-0.0051169922
2.870717e-07,-0.005127045
2.871717e-07,-0.0051356618
2.872717e-07,-0.0051406882
2.873717e-07,-0.0051428424
2.874717e-07,-0.0051478688
2.875717e-07,-0.0051586397
2.876717e-07,-0.0051765912
2.877717e-07,-0.0051988511
2.878717e-07,-0.0052182387
2.879717e-07,-0.0052275735
2.880717e-07,-0.0052254193
2.881717e-07,-0.0052139304
2.882717e-07,-0.0052010053
2.883717e-07,-0.0051931066
2.884717e-07,-0.0051952608
2.885717e-07,-0.0052053136
2.886717e-07,-0.0052182387
2.887717e-07,-0.0052275735
2.888717e-07,-0.0052297277
2.889717e-07,-0.0052254193
2.890717e-07,-0.0052189568
2.891717e-07,-0.0052160846
2.892717e-07,-0.0052203929
2.893717e-07,-0.0052304458
2.894717e-07,-0.0052426528
2.895717e-07,-0.0052505515
2.896717e-07,-0.0052519876
2.897717e-07,-0.0052462431
2.898717e-07,-0.0052369083
2.899717e-07,-0.0052275735
2.900717e-07,-0.0052196749
2.901717e-07,-0.0052132123
2.902717e-07,-0.0052045956
2.903717e-07,-0.0051931066
2.904717e-07,-0.0051794635
2.905717e-07,-0.0051665384
2.906717e-07,-0.0051593578
2.907717e-07,-0.0051586397
2.908717e-07,-0.00516223
2.909717e-07,-0.0051651023
2.910717e-07,-0.0051600758
2.911717e-07,-0.0051471507
2.912717e-07,-0.0051284812
2.913717e-07,-0.0051134019
2.914717e-07,-0.0051105296
2.915717e-07,-0.0051241728
2.916717e-07,-0.005150741
2.917717e-07,-0.0051794635
2.918717e-07,-0.005197415
2.919717e-07,-0.0051931066
2.920717e-07,-0.0051658203
2.921717e-07,-0.0051227367
2.922717e-07,-0.0050782169
2.923717e-07,-0.00504375
2.924717e-07,-0.0050265165
2.925717e-07,-0.0050229262
2.926717e-07,-0.0050250804
2.927717e-07,-0.0050207721
2.928717e-07,-0.0050042567
2.929717e-07,-0.0049755342
2.930717e-07,-0.0049403493
2.931717e-07,-0.0049058824
2.932717e-07,-0.0048750057
2.933717e-07,-0.0048462833
2.934717e-07,-0.0048125345
2.935717e-07,-0.0047680147
2.936717e-07,-0.0047112879
2.937717e-07,-0.0046466625
2.938717e-07,-0.0045827551
2.939717e-07,-0.0045267463
2.940717e-07,-0.0044822266
2.941717e-07,-0.0044448874
2.942717e-07,-0.0044053941
2.943717e-07,-0.0043544118
2.944717e-07,-0.0042869141
2.945717e-07,-0.0042057732
2.946717e-07,-0.0041181698
2.947717e-07,-0.0040327206
2.948717e-07,-0.003954452
2.949717e-07,-0.003884082
2.950717e-07,-0.0038158663
2.951717e-07,-0.0037454963
2.952717e-07,-0.0036701
2.953717e-07,-0.0035932675
2.954717e-07,-0.0035207433
2.955717e-07,-0.0034582721
2.956717e-07,-0.0034072898
2.957717e-07,-0.00336277
2.958717e-07,-0.0033168141
2.959717e-07,-0.0032629596
2.960717e-07,-0.003197616
2.961717e-07,-0.0031243739
2.962717e-07,-0.0030518497
2.963717e-07,-0.0029872243
2.964717e-07,-0.0029340878
2.965717e-07,-0.0028910041
2.966717e-07,-0.0028529469
2.967717e-07,-0.0028148897
2.968717e-07,-0.0027761144
2.969717e-07,-0.0027409295
2.970717e-07,-0.0027143612
2.971717e-07,-0.0027
2.972717e-07,-0.0026942555
2.973717e-07,-0.0026892291
2.974717e-07,-0.0026741498
2.975717e-07,-0.0026425551
2.976717e-07,-0.0025965993
2.977717e-07,-0.0025470531
2.978717e-07,-0.0025089959
2.979717e-07,-0.0024931985
2.980717e-07,-0.0025039694
2.981717e-07,-0.0025326919
2.982717e-07,-0.0025642865
2.983717e-07,-0.0025851103
2.984717e-07,-0.0025865464
2.985717e-07,-0.002570031
2.986717e-07,-0.002546335
2.987717e-07,-0.0025276654
2.988717e-07,-0.0025212029
2.989717e-07,-0.0025269474
2.990717e-07,-0.0025362822
2.991717e-07,-0.0025391544
2.992717e-07,-0.0025305377
2.993717e-07,-0.0025125862
2.994717e-07,-0.0024924805
2.995717e-07,-0.0024817096
2.996717e-07,-0.0024860179
2.997717e-07,-0.0025039694
2.998717e-07,-0.0025291016
2.999717e-07,-0.0025506434
3.000717e-07,-0.0025621324
3.001717e-07,-0.0025628504
3.002717e-07,-0.0025571059
3.003717e-07,-0.0025506434
3.004717e-07,-0.0025484892
3.005717e-07,-0.0025484892
3.006717e-07,-0.0025470531
3.007717e-07,-0.0025391544
3.008717e-07,-0.002521921
3.009717e-07,-0.0024996611
3.010717e-07,-0.0024802734
3.011717e-07,-0.0024702206
3.012717e-07,-0.0024730928
3.013717e-07,-0.002486736
3.014717e-07,-0.0025039694
3.015717e-07,-0.0025161765
3.016717e-07,-0.0025197668
3.017717e-07,-0.0025154584
3.018717e-07,-0.0025089959
3.019717e-07,-0.0025046875
3.020717e-07,-0.0025061236
3.021717e-07,-0.0025097139
3.022717e-07,-0.002510432
3.023717e-07,-0.0025046875
3.024717e-07,-0.0024910443
3.025717e-07,-0.002475247
3.026717e-07,-0.0024623219
3.027717e-07,-0.0024587316
3.028717e-07,-0.002463758
3.029717e-07,-0.0024716567
3.030717e-07,-0.0024759651
3.031717e-07,-0.0024702206
3.032717e-07,-0.0024565774
3.033717e-07,-0.002440062
3.034717e-07,-0.0024314453
3.035717e-07,-0.0024357537
3.036717e-07,-0.002451551
3.037717e-07,-0.0024716567
3.038717e-07,-0.0024838637
3.039717e-07,-0.0024817096
3.040717e-07,-0.0024644761
3.041717e-07,-0.0024414982
3.042717e-07,-0.0024249828
3.043717e-07,-0.0024242647
3.044717e-07,-0.0024414982
3.045717e-07,-0.0024695025
3.046717e-07,-0.0024939166
3.047717e-07,-0.0025046875
3.048717e-07,-0.0024975069
3.049717e-07,-0.0024795554
3.050717e-07,-0.0024623219
3.051717e-07,-0.0024587316
3.052717e-07,-0.0024723748
3.053717e-07,-0.002498225
3.054717e-07,-0.0025240751
3.055717e-07,-0.0025391544
3.056717e-07,-0.0025377183
3.057717e-07,-0.0025240751
3.058717e-07,-0.0025089959
3.059717e-07,-0.0025046875
3.060717e-07,-0.0025161765
3.061717e-07,-0.0025405905
3.062717e-07,-0.0025671588
3.063717e-07,-0.0025851103
3.064717e-07,-0.0025887006
3.065717e-07,-0.00258152
3.066717e-07,-0.0025729033
3.067717e-07,-0.0025736213
3.068717e-07,-0.0025887006
3.069717e-07,-0.0026138327
3.070717e-07,-0.0026396829
3.071717e-07,-0.0026540441
3.072717e-07,-0.0026518899
3.073717e-07,-0.0026368107
3.074717e-07,-0.0026181411
3.075717e-07,-0.0026080882
3.076717e-07,-0.0026123966
3.077717e-07,-0.0026303481
3.078717e-07,-0.0026518899
3.079717e-07,-0.0026655331
3.080717e-07,-0.0026655331
3.081717e-07,-0.0026518899
3.082717e-07,-0.0026339384
3.083717e-07,-0.0026195772
3.084717e-07,-0.0026159869
3.085717e-07,-0.0026224494
3.086717e-07,-0.0026303481
3.087717e-07,-0.0026310662
3.088717e-07,-0.0026195772
3.089717e-07,-0.0025987534
3.090717e-07,-0.0025757755
3.091717e-07,-0.0025621324
3.092717e-07,-0.0025635685
3.093717e-07,-0.0025786477
3.094717e-07,-0.0026009076
3.095717e-07,-0.0026195772
3.096717e-07,-0.0026274759
3.097717e-07,-0.0026246036
3.098717e-07,-0.0026152688
3.099717e-07,-0.0026080882
3.100717e-07,-0.0026080882
3.101717e-07,-0.0026152688
3.102717e-07,-0.0026253217
3.103717e-07,-0.0026310662
3.104717e-07,-0.002628912
3.105717e-07,-0.0026195772
3.106717e-07,-0.0026102424
3.107717e-07,-0.0026080882
3.108717e-07,-0.002616705
3.109717e-07,-0.0026360926
3.110717e-07,-0.0026583525
3.111717e-07,-0.0026770221
3.112717e-07,-0.0026863568
3.113717e-07,-0.0026856388
3.114717e-07,-0.0026806124
3.115717e-07,-0.0026770221
3.116717e-07,-0.0026791762
3.117717e-07,-0.0026863568
3.118717e-07,-0.0026949736
3.119717e-07,-0.0027
3.120717e-07,-0.0026992819
3.121717e-07,-0.0026956916
3.122717e-07,-0.0026935375
3.123717e-07,-0.0027
3.124717e-07,-0.0027157973
3.125717e-07,-0.0027373392
3.126717e-07,-0.0027574449
3.127717e-07,-0.0027689338
3.128717e-07,-0.0027674977
3.129717e-07,-0.0027545726
3.130717e-07,-0.0027373392
3.131717e-07,-0.0027229779
3.132717e-07,-0.0027165154
3.133717e-07,-0.0027179515
3.134717e-07,-0.0027215418
3.135717e-07,-0.0027229779
3.136717e-07,-0.0027179515
3.137717e-07,-0.0027078987
3.138717e-07,-0.0026964097
3.139717e-07,-0.002688511
3.140717e-07,-0.0026849207
3.141717e-07,-0.0026849207
3.142717e-07,-0.0026834846
3.143717e-07,-0.0026770221
3.144717e-07,-0.002664097
3.145717e-07,-0.0026490177
3.146717e-07,-0.0026360926
3.147717e-07,-0.0026310662
3.148717e-07,-0.0026339384
3.149717e-07,-0.002640401
3.150717e-07,-0.0026447093
3.151717e-07,-0.0026425551
3.152717e-07,-0.0026325023
3.153717e-07,-0.0026195772
3.154717e-07,-0.0026095244
3.155717e-07,-0.0026080882
3.156717e-07,-0.0026152688
3.157717e-07,-0.0026260398
3.158717e-07,-0.0026332204
3.159717e-07,-0.0026310662
3.160717e-07,-0.0026195772
3.161717e-07,-0.0026023437
3.162717e-07,-0.0025894187
3.163717e-07,-0.0025851103
3.164717e-07,-0.0025915728
3.165717e-07,-0.0026044979
3.166717e-07,-0.0026159869
3.167717e-07,-0.0026195772
3.168717e-07,-0.0026145508
3.169717e-07,-0.0026044979
3.170717e-07,-0.0025965993
3.171717e-07,-0.0025965993
3.172717e-07,-0.0026044979
3.173717e-07,-0.0026152688
3.174717e-07,-0.0026217314
3.175717e-07,-0.0026195772
3.176717e-07,-0.0026102424
3.177717e-07,-0.0026001896
3.178717e-07,-0.0025973173
3.179717e-07,-0.0026080882
3.180717e-07,-0.002628912
3.181717e-07,-0.002652608
3.182717e-07,-0.0026669692
3.183717e-07,-0.0026655331
3.184717e-07,-0.0026497358
3.185717e-07,-0.002628912
3.186717e-07,-0.0026152688
3.187717e-07,-0.0026195772
3.188717e-07,-0.002641119
3.189717e-07,-0.0026719956
3.190717e-07,-0.0026992819
3.191717e-07,-0.002711489
3.192717e-07,-0.0027071806
3.193717e-07,-0.0026935375
3.194717e-07,-0.0026834846
3.195717e-07,-0.002688511
3.196717e-07,-0.0027107709
3.197717e-07,-0.0027430836
3.198717e-07,-0.0027703699
3.199717e-07,-0.0027804228
3.200717e-07,-0.0027674977
3.201717e-07,-0.0027387753
3.202717e-07,-0.0027071806
3.203717e-07,-0.002688511
3.204717e-07,-0.0026899472
3.205717e-07,-0.0027093348
3.206717e-07,-0.002735903
3.207717e-07,-0.0027574449
3.208717e-07,-0.0027660616
3.209717e-07,-0.0027631893
3.210717e-07,-0.0027574449
3.211717e-07,-0.0027574449
3.212717e-07,-0.0027682158
3.213717e-07,-0.0027861673
3.214717e-07,-0.0028012466
3.215717e-07,-0.0028034007
3.216717e-07,-0.0027883215
3.217717e-07,-0.0027603171
3.218717e-07,-0.0027301585
3.219717e-07,-0.002711489
3.220717e-07,-0.0027100528
3.221717e-07,-0.002723696
3.222717e-07,-0.0027438017
3.223717e-07,-0.0027574449
3.224717e-07,-0.002758881
3.225717e-07,-0.0027495462
3.226717e-07,-0.0027380572
3.227717e-07,-0.0027344669
3.228717e-07,-0.0027438017
3.229717e-07,-0.0027653435
3.230717e-07,-0.0027883215
3.231717e-07,-0.0028034007
3.232717e-07,-0.0028048369
3.233717e-07,-0.002794784
3.234717e-07,-0.002782577
3.235717e-07,-0.0027804228
3.236717e-07,-0.0027940659
3.237717e-07,-0.0028227884
3.238717e-07,-0.0028565372
3.239717e-07,-0.0028838235
3.240717e-07,-0.0028960306
3.241717e-07,-0.0028931583
3.242717e-07,-0.0028816693
3.243717e-07,-0.0028723346
3.244717e-07,-0.0028730526
3.245717e-07,-0.0028859777
3.246717e-07,-0.0029039292
3.247717e-07,-0.0029182904
3.248717e-07,-0.0029211627
3.249717e-07,-0.0029118279
3.250717e-07,-0.0028960306
3.251717e-07,-0.0028838235
3.252717e-07,-0.0028831055
3.253717e-07,-0.0028967486
3.254717e-07,-0.0029190085
3.255717e-07,-0.0029412684
3.256717e-07,-0.0029549115
3.257717e-07,-0.0029570657
3.258717e-07,-0.0029498851
3.259717e-07,-0.0029412684
3.260717e-07,-0.0029383961
3.261717e-07,-0.0029441406
3.262717e-07,-0.0029549115
3.263717e-07,-0.0029642463
3.264717e-07,-0.0029649644
3.265717e-07,-0.0029527574
3.266717e-07,-0.0029312155
3.267717e-07,-0.0029068015
3.268717e-07,-0.0028881319
3.269717e-07,-0.0028802332
3.270717e-07,-0.0028845416
3.271717e-07,-0.0028953125
3.272717e-07,-0.0029068015
3.273717e-07,-0.0029139821
3.274717e-07,-0.002913264
3.275717e-07,-0.0029068015
3.276717e-07,-0.0028981847
3.277717e-07,-0.0028902861
3.278717e-07,-0.0028859777
3.279717e-07,-0.0028838235
3.280717e-07,-0.0028823874
3.281717e-07,-0.0028795152
3.282717e-07,-0.0028759249
3.283717e-07,-0.0028723346
3.284717e-07,-0.0028708984
3.285717e-07,-0.0028723346
3.286717e-07,-0.002877361
3.287717e-07,-0.0028838235
3.288717e-07,-0.002889568
3.289717e-07,-0.0028931583
3.290717e-07,-0.0028953125
3.291717e-07,-0.0028953125
3.292717e-07,-0.0028960306
3.293717e-07,-0.0028981847
3.294717e-07,-0.002901775
3.295717e-07,-0.0029068015
3.296717e-07,-0.0029103918
3.297717e-07,-0.0029103918
3.298717e-07,-0.0029053653
3.299717e-07,-0.0028953125
3.300717e-07,-0.0028802332
3.301717e-07,-0.0028637178
3.302717e-07,-0.0028479205
3.303717e-07,-0.0028378676
3.304717e-07,-0.0028357135
3.305717e-07,-0.0028428941
3.306717e-07,-0.0028565372
3.307717e-07,-0.0028723346
3.308717e-07,-0.0028845416
3.309717e-07,-0.0028866958
3.310717e-07,-0.0028787971
3.311717e-07,-0.0028608456
3.312717e-07,-0.0028393038
3.313717e-07,-0.0028220703
3.314717e-07,-0.0028127355
3.315717e-07,-0.0028148897
3.316717e-07,-0.0028249426
3.317717e-07,-0.0028364315
3.318717e-07,-0.0028457663
3.319717e-07,-0.0028493566
3.320717e-07,-0.0028479205
3.321717e-07,-0.0028457663
3.322717e-07,-0.0028457663
3.323717e-07,-0.0028493566
3.324717e-07,-0.0028529469
3.325717e-07,-0.0028515108
3.326717e-07,-0.0028393038
3.327717e-07,-0.0028148897
3.328717e-07,-0.002783295
3.329717e-07,-0.0027517004
3.330717e-07,-0.0027301585
3.331717e-07,-0.0027229779
3.332717e-07,-0.0027308766
3.333717e-07,-0.0027466739
3.334717e-07,-0.0027617532
3.335717e-07,-0.0027689338
3.336717e-07,-0.0027653435
3.337717e-07,-0.0027538545
3.338717e-07,-0.0027416475
3.339717e-07,-0.0027344669
3.340717e-07,-0.002735185
3.341717e-07,-0.0027416475
3.342717e-07,-0.0027509823
3.343717e-07,-0.0027574449
3.344717e-07,-0.0027610352
3.345717e-07,-0.0027631893
3.346717e-07,-0.0027689338
3.347717e-07,-0.0027804228
3.348717e-07,-0.0027969382
3.349717e-07,-0.0028134536
3.350717e-07,-0.0028242245
3.351717e-07,-0.0028263787
3.352717e-07,-0.0028199161
3.353717e-07,-0.0028112994
3.354717e-07,-0.0028077091
3.355717e-07,-0.0028148897
3.356717e-07,-0.0028335593
3.357717e-07,-0.0028586914
3.358717e-07,-0.0028809513
3.359717e-07,-0.0028953125
3.360717e-07,-0.0028981847
3.361717e-07,-0.0028931583
3.362717e-07,-0.0028859777
3.363717e-07,-0.0028838235
3.364717e-07,-0.00288885
3.365717e-07,-0.0028989028
3.366717e-07,-0.0029096737
3.367717e-07,-0.0029182904
3.368717e-07,-0.002924753
3.369717e-07,-0.0029319336
3.370717e-07,-0.0029448587
3.371717e-07,-0.0029642463
3.372717e-07,-0.0029865062
3.373717e-07,-0.0030044577
3.374717e-07,-0.0030094841
3.375717e-07,-0.0029987132
3.376717e-07,-0.0029757353
3.377717e-07,-0.0029506032
3.378717e-07,-0.00293696
3.379717e-07,-0.0029412684
3.380717e-07,-0.0029642463
3.381717e-07,-0.0029972771
3.382717e-07,-0.0030274357
3.383717e-07,-0.0030446691
3.384717e-07,-0.0030468233
3.385717e-07,-0.0030396427
3.386717e-07,-0.0030324621
3.387717e-07,-0.0030331801
3.388717e-07,-0.0030439511
3.389717e-07,-0.0030575942
3.390717e-07,-0.0030647748
3.391717e-07,-0.0030561581
3.392717e-07,-0.0030324621
3.393717e-07,-0.0030030216
3.394717e-07,-0.0029800437
3.395717e-07,-0.0029757353
3.396717e-07,-0.0029929687
3.397717e-07,-0.0030252815
3.398717e-07,-0.0030583123
3.399717e-07,-0.003079136
3.400717e-07,-0.0030805722
3.401717e-07,-0.0030662109
3.402717e-07,-0.0030461052
3.403717e-07,-0.0030331801
3.404717e-07,-0.0030324621
3.405717e-07,-0.0030417969
3.406717e-07,-0.0030525678
3.407717e-07,-0.0030561581
3.408717e-07,-0.0030482594
3.409717e-07,-0.0030324621
3.410717e-07,-0.0030202551
3.411717e-07,-0.0030216912
3.412717e-07,-0.0030396427
3.413717e-07,-0.0030698012
3.414717e-07,-0.0030985237
3.415717e-07,-0.0031136029
3.416717e-07,-0.0031078585
3.417717e-07,-0.0030848805
3.418717e-07,-0.00305544
3.419717e-07,-0.0030331801
3.420717e-07,-0.0030274357
3.421717e-07,-0.0030389246
3.422717e-07,-0.0030597484
3.423717e-07,-0.003079136
3.424717e-07,-0.0030884708
3.425717e-07,-0.0030877528
3.426717e-07,-0.0030812902
3.427717e-07,-0.003079136
3.428717e-07,-0.0030863166
3.429717e-07,-0.003102832
3.430717e-07,-0.0031229377
3.431717e-07,-0.0031365809
3.432717e-07,-0.0031387351
3.433717e-07,-0.0031294003
3.434717e-07,-0.0031150391
3.435717e-07,-0.003102114
3.436717e-07,-0.0030970875
3.437717e-07,-0.0030992417
3.438717e-07,-0.003102832
3.439717e-07,-0.003102114
3.440717e-07,-0.0030934972
3.441717e-07,-0.0030798541
3.442717e-07,-0.0030683651
3.443717e-07,-0.0030676471
3.444717e-07,-0.0030827263
3.445717e-07,-0.0031114488
3.446717e-07,-0.0031444795
3.447717e-07,-0.0031710478
3.448717e-07,-0.0031832548
3.449717e-07,-0.0031796645
3.450717e-07,-0.0031645852
3.451717e-07,-0.0031480699
3.452717e-07,-0.0031365809
3.453717e-07,-0.0031329906
3.454717e-07,-0.0031344267
3.455717e-07,-0.0031365809
3.456717e-07,-0.0031344267
3.457717e-07,-0.0031272461
3.458717e-07,-0.0031186294
3.459717e-07,-0.0031136029
3.460717e-07,-0.0031157571
3.461717e-07,-0.0031272461
3.462717e-07,-0.0031430434
3.463717e-07,-0.0031595588
3.464717e-07,-0.0031724839
3.465717e-07,-0.0031796645
3.466717e-07,-0.0031825368
3.467717e-07,-0.0031825368
3.468717e-07,-0.0031803826
3.469717e-07,-0.0031767923
3.470717e-07,-0.0031696117
3.471717e-07,-0.0031595588
3.472717e-07,-0.003149506
3.473717e-07,-0.0031459157
3.474717e-07,-0.0031516602
3.475717e-07,-0.0031710478
3.476717e-07,-0.0031997702
3.477717e-07,-0.0032299288
3.478717e-07,-0.0032536248
3.479717e-07,-0.0032629596
3.480717e-07,-0.0032586512
3.481717e-07,-0.0032478803
3.482717e-07,-0.0032385455
3.483717e-07,-0.0032399816
3.484717e-07,-0.0032543428
3.485717e-07,-0.0032787569
3.486717e-07,-0.003303171
3.487717e-07,-0.0033204044
3.488717e-07,-0.003326867
3.489717e-07,-0.0033239947
3.490717e-07,-0.0033196864
3.491717e-07,-0.0033204044
3.492717e-07,-0.0033304573
3.493717e-07,-0.0033469727
3.494717e-07,-0.0033656422
3.495717e-07,-0.0033778493
3.496717e-07,-0.0033814396
3.497717e-07,-0.0033778493
3.498717e-07,-0.0033706687
3.499717e-07,-0.0033663603
3.500717e-07,-0.0033656422
3.501717e-07,-0.0033670784
3.502717e-07,-0.0033642061
3.503717e-07,-0.0033548713
3.504717e-07,-0.0033383559
3.505717e-07,-0.0033196864
3.506717e-07,-0.0033081974
3.507717e-07,-0.0033089154
3.508717e-07,-0.0033239947
3.509717e-07,-0.0033484088
3.510717e-07,-0.0033735409
3.511717e-07,-0.0033893382
3.512717e-07,-0.0033929285
3.513717e-07,-0.0033871841
3.514717e-07,-0.0033800034
3.515717e-07,-0.0033778493
3.516717e-07,-0.003386466
3.517717e-07,-0.0034029814
3.518717e-07,-0.003421651
3.519717e-07,-0.0034352941
3.520717e-07,-0.0034403205
3.521717e-07,-0.0034374483
3.522717e-07,-0.003433858
3.523717e-07,-0.0034352941
3.524717e-07,-0.003445347
3.525717e-07,-0.0034625804
3.526717e-07,-0.0034805319
3.527717e-07,-0.003492739
3.528717e-07,-0.0034963293
3.529717e-07,-0.0034920209
3.530717e-07,-0.0034848403
3.531717e-07,-0.00348125
3.532717e-07,-0.0034841222
3.533717e-07,-0.0034913028
3.534717e-07,-0.0034999196
3.535717e-07,-0.0035042279
3.536717e-07,-0.0035035099
3.537717e-07,-0.0034999196
3.538717e-07,-0.0034992015
3.539717e-07,-0.0035042279
3.540717e-07,-0.0035157169
3.541717e-07,-0.0035293601
3.542717e-07,-0.0035386949
3.543717e-07,-0.0035386949
3.544717e-07,-0.003528642
3.545717e-07,-0.0035128447
3.546717e-07,-0.0034984835
3.547717e-07,-0.003492739
3.548717e-07,-0.0034963293
3.549717e-07,-0.0035042279
3.550717e-07,-0.0035092544
3.551717e-07,-0.0035042279
3.552717e-07,-0.0034877125
3.553717e-07,-0.0034654527
3.554717e-07,-0.003445347
3.555717e-07,-0.0034352941
3.556717e-07,-0.0034381664
3.557717e-07,-0.0034510915
3.558717e-07,-0.0034640165
3.559717e-07,-0.003469761
3.560717e-07,-0.0034640165
3.561717e-07,-0.0034496553
3.562717e-07,-0.003433858
3.563717e-07,-0.0034238051
3.564717e-07,-0.0034238051
3.565717e-07,-0.0034317038
3.566717e-07,-0.0034417567
3.567717e-07,-0.0034467831
3.568717e-07,-0.0034446289
3.569717e-07,-0.0034381664
3.570717e-07,-0.0034331399
3.571717e-07,-0.0034352941
3.572717e-07,-0.0034467831
3.573717e-07,-0.0034632985
3.574717e-07,-0.0034769416
3.575717e-07,-0.00348125
3.576717e-07,-0.0034740694
3.577717e-07,-0.0034597082
3.578717e-07,-0.0034475011
3.579717e-07,-0.0034467831
3.580717e-07,-0.0034604262
3.581717e-07,-0.0034862764
3.582717e-07,-0.0035157169
3.583717e-07,-0.0035386949
3.584717e-07,-0.0035494658
3.585717e-07,-0.0035494658
3.586717e-07,-0.0035430032
3.587717e-07,-0.0035386949
3.588717e-07,-0.0035415671
3.589717e-07,-0.0035509019
3.590717e-07,-0.0035631089
3.591717e-07,-0.0035731618
3.592717e-07,-0.0035781882
3.593717e-07,-0.0035789062
3.594717e-07,-0.0035803424
3.595717e-07,-0.0035846507
3.596717e-07,-0.0035932675
3.597717e-07,-0.0036018842
3.598717e-07,-0.0036040384
3.599717e-07,-0.0035961397
3.600717e-07,-0.0035781882
3.601717e-07,-0.0035573644
3.602717e-07,-0.0035415671
3.603717e-07,-0.0035386949
3.604717e-07,-0.0035501838
3.605717e-07,-0.0035702895
3.606717e-07,-0.003588241
3.607717e-07,-0.0035961397
3.608717e-07,-0.0035889591
3.609717e-07,-0.0035710076
3.610717e-07,-0.0035516199
3.611717e-07,-0.0035386949
3.612717e-07,-0.0035379768
3.613717e-07,-0.0035473116
3.614717e-07,-0.0035580825
3.615717e-07,-0.0035616728
3.616717e-07,-0.0035537741
3.617717e-07,-0.0035358226
3.618717e-07,-0.003516435
3.619717e-07,-0.0035042279
3.620717e-07,-0.0035056641
3.621717e-07,-0.0035200253
3.622717e-07,-0.0035415671
3.623717e-07,-0.0035616728
3.624717e-07,-0.0035738798
3.625717e-07,-0.0035767521
3.626717e-07,-0.0035745979
3.627717e-07,-0.0035731618
3.628717e-07,-0.003576034
3.629717e-07,-0.0035832146
3.630717e-07,-0.0035918313
3.631717e-07,-0.0035961397
3.632717e-07,-0.0035947036
3.633717e-07,-0.003587523
3.634717e-07,-0.0035789062
3.635717e-07,-0.0035731618
3.636717e-07,-0.0035731618
3.637717e-07,-0.0035767521
3.638717e-07,-0.0035817785
3.639717e-07,-0.0035846507
3.640717e-07,-0.0035860869
3.641717e-07,-0.0035889591
3.642717e-07,-0.0035990119
3.643717e-07,-0.0036191176
3.644717e-07,-0.003646404
3.645717e-07,-0.0036744083
3.646717e-07,-0.003694514
3.647717e-07,-0.0036995404
3.648717e-07,-0.0036880515
3.649717e-07,-0.0036665097
3.650717e-07,-0.0036442498
3.651717e-07,-0.0036306066
3.652717e-07,-0.0036291705
3.653717e-07,-0.0036392233
3.654717e-07,-0.0036535846
3.655717e-07,-0.0036650735
3.656717e-07,-0.0036715361
3.657717e-07,-0.0036736903
3.658717e-07,-0.0036779986
3.659717e-07,-0.0036880515
3.660717e-07,-0.0037045669
3.661717e-07,-0.0037246726
3.662717e-07,-0.0037397518
3.663717e-07,-0.0037454963
3.664717e-07,-0.003741188
3.665717e-07,-0.0037311351
3.666717e-07,-0.0037225184
3.667717e-07,-0.0037225184
3.668717e-07,-0.0037311351
3.669717e-07,-0.0037426241
3.670717e-07,-0.0037498047
3.671717e-07,-0.0037454963
3.672717e-07,-0.0037289809
3.673717e-07,-0.0037074391
3.674717e-07,-0.0036909237
3.675717e-07,-0.0036880515
3.676717e-07,-0.0037024127
3.677717e-07,-0.0037282629
3.678717e-07,-0.0037541131
3.679717e-07,-0.0037684743
3.680717e-07,-0.003765602
3.681717e-07,-0.0037476505
3.682717e-07,-0.0037225184
3.683717e-07,-0.0036995404
3.684717e-07,-0.0036858973
3.685717e-07,-0.003682307
3.686717e-07,-0.0036851792
3.687717e-07,-0.0036880515
3.688717e-07,-0.0036887695
3.689717e-07,-0.0036902057
3.690717e-07,-0.0036959501
3.691717e-07,-0.0037110294
3.692717e-07,-0.0037347254
3.693717e-07,-0.0037598575
3.694717e-07,-0.0037778091
3.695717e-07,-0.0037799632
3.696717e-07,-0.003764884
3.697717e-07,-0.0037404699
3.698717e-07,-0.00371821
3.699717e-07,-0.0037110294
3.700717e-07,-0.0037253906
3.701717e-07,-0.0037569853
3.702717e-07,-0.0037957606
3.703717e-07,-0.0038259191
3.704717e-07,-0.0038381261
3.705717e-07,-0.0038316636
3.706717e-07,-0.003812276
3.707717e-07,-0.0037914522
3.708717e-07,-0.0037806813
3.709717e-07,-0.0037835535
3.710717e-07,-0.0037971967
3.711717e-07,-0.0038144301
3.712717e-07,-0.0038273552
3.713717e-07,-0.0038323817
3.714717e-07,-0.0038302275
3.715717e-07,-0.0038259191
3.716717e-07,-0.0038259191
3.717717e-07,-0.0038323817
3.718717e-07,-0.0038453068
3.719717e-07,-0.003860386
3.720717e-07,-0.0038740292
3.721717e-07,-0.0038848001
3.722717e-07,-0.0038912626
3.723717e-07,-0.0038948529
3.724717e-07,-0.0038970071
3.725717e-07,-0.0038962891
3.726717e-07,-0.0038919807
3.727717e-07,-0.003883364
3.728717e-07,-0.003871875
3.729717e-07,-0.0038611041
3.730717e-07,-0.0038560777
3.731717e-07,-0.003860386
3.732717e-07,-0.0038740292
3.733717e-07,-0.0038919807
3.734717e-07,-0.0039084961
3.735717e-07,-0.0039178309
3.736717e-07,-0.0039178309
3.737717e-07,-0.0039106503
3.738717e-07,-0.0039013155
3.739717e-07,-0.0038948529
3.740717e-07,-0.0038934168
3.741717e-07,-0.0038948529
3.742717e-07,-0.0038970071
3.743717e-07,-0.0038948529
3.744717e-07,-0.0038883904
3.745717e-07,-0.0038804917
3.746717e-07,-0.0038740292
3.747717e-07,-0.003871875
3.748717e-07,-0.0038733111
3.749717e-07,-0.0038733111
3.750717e-07,-0.0038661305
3.751717e-07,-0.0038488971
3.752717e-07,-0.0038237649
3.753717e-07,-0.0037986328
3.754717e-07,-0.0037813994
3.755717e-07,-0.0037799632
3.756717e-07,-0.0037943244
3.757717e-07,-0.0038180205
3.758717e-07,-0.0038395623
3.759717e-07,-0.0038488971
3.760717e-07,-0.0038409984
3.761717e-07,-0.0038180205
3.762717e-07,-0.0037907341
3.763717e-07,-0.0037684743
3.764717e-07,-0.0037591395
3.765717e-07,-0.0037641659
3.766717e-07,-0.0037778091
3.767717e-07,-0.0037914522
3.768717e-07,-0.0037986328
3.769717e-07,-0.0037964786
3.770717e-07,-0.00378858
3.771717e-07,-0.0037799632
3.772717e-07,-0.0037749368
3.773717e-07,-0.0037749368
3.774717e-07,-0.0037778091
3.775717e-07,-0.0037799632
3.776717e-07,-0.0037778091
3.777717e-07,-0.0037713465
3.778717e-07,-0.0037634478
3.779717e-07,-0.0037569853
3.780717e-07,-0.0037555492
3.781717e-07,-0.0037584214
3.782717e-07,-0.0037641659
3.783717e-07,-0.0037684743
3.784717e-07,-0.0037706284
3.785717e-07,-0.0037720646
3.786717e-07,-0.0037742188
3.787717e-07,-0.0037799632
3.788717e-07,-0.0037878619
3.789717e-07,-0.0037957606
3.790717e-07,-0.0037979148
3.791717e-07,-0.0037914522
3.792717e-07,-0.0037756549
3.793717e-07,-0.0037548311
3.794717e-07,-0.0037347254
3.795717e-07,-0.0037225184
3.796717e-07,-0.0037196461
3.797717e-07,-0.0037239545
3.798717e-07,-0.0037311351
3.799717e-07,-0.0037340074
3.800717e-07,-0.003730417
3.801717e-07,-0.0037210823
3.802717e-07,-0.0037088752
3.803717e-07,-0.0036995404
3.804717e-07,-0.003693796
3.805717e-07,-0.0036909237
3.806717e-07,-0.0036866153
3.807717e-07,-0.0036765625
3.808717e-07,-0.0036607652
3.809717e-07,-0.0036420956
3.810717e-07,-0.0036262983
3.811717e-07,-0.0036191176
3.812717e-07,-0.003622708
3.813717e-07,-0.0036341969
3.814717e-07,-0.003646404
3.815717e-07,-0.0036535846
3.816717e-07,-0.0036521484
3.817717e-07,-0.0036435317
3.818717e-07,-0.0036334789
3.819717e-07,-0.0036306066
3.820717e-07,-0.0036385053
3.821717e-07,-0.0036564568
3.822717e-07,-0.0036794347
3.823717e-07,-0.0036995404
3.824717e-07,-0.0037110294
3.825717e-07,-0.0037117475
3.826717e-07,-0.003706003
3.827717e-07,-0.0036995404
3.828717e-07,-0.0036995404
3.829717e-07,-0.0037095933
3.830717e-07,-0.003730417
3.831717e-07,-0.0037569853
3.832717e-07,-0.0037835535
3.833717e-07,-0.0038058134
3.834717e-07,-0.0038194566
3.835717e-07,-0.0038259191
3.836717e-07,-0.0038266372
3.837717e-07,-0.0038259191
3.838717e-07,-0.0038280733
3.839717e-07,-0.0038374081
3.840717e-07,-0.0038567957
3.841717e-07,-0.0038869543
3.842717e-07,-0.0039242934
3.843717e-07,-0.0039637868
3.844717e-07,-0.0039968176
3.845717e-07,-0.0040169233
3.846717e-07,-0.0040205136
3.847717e-07,-0.0040097426
3.848717e-07,-0.0039932273
3.849717e-07,-0.0039810202
3.850717e-07,-0.0039817383
3.851717e-07,-0.0039982537
3.852717e-07,-0.004026258
3.853717e-07,-0.0040571347
3.854717e-07,-0.0040801126
3.855717e-07,-0.0040901654
3.856717e-07,-0.0040880113
3.857717e-07,-0.0040793945
3.858717e-07,-0.0040743681
3.859717e-07,-0.0040786765
3.860717e-07,-0.0040916016
3.861717e-07,-0.0041066808
3.862717e-07,-0.0041160156
3.863717e-07,-0.0041131434
3.864717e-07,-0.0040980641
3.865717e-07,-0.0040772403
3.866717e-07,-0.004060725
3.867717e-07,-0.0040556985
3.868717e-07,-0.0040635972
3.869717e-07,-0.0040786765
3.870717e-07,-0.0040901654
3.871717e-07,-0.0040901654
3.872717e-07,-0.0040750862
3.873717e-07,-0.0040506721
3.874717e-07,-0.00402554
3.875717e-07,-0.0040097426
3.876717e-07,-0.0040083065
3.877717e-07,-0.0040176413
3.878717e-07,-0.0040291303
3.879717e-07,-0.0040327206
3.880717e-07,-0.0040241039
3.881717e-07,-0.0040054343
3.882717e-07,-0.0039853286
3.883717e-07,-0.0039752757
3.884717e-07,-0.0039810202
3.885717e-07,-0.004002562
3.886717e-07,-0.0040305664
3.887717e-07,-0.0040556985
3.888717e-07,-0.0040679056
3.889717e-07,-0.0040643153
3.890717e-07,-0.004049954
3.891717e-07,-0.0040327206
3.892717e-07,-0.0040219497
3.893717e-07,-0.0040219497
3.894717e-07,-0.0040312845
3.895717e-07,-0.0040442096
3.896717e-07,-0.0040542624
3.897717e-07,-0.0040585708
3.898717e-07,-0.0040578527
3.899717e-07,-0.0040556985
3.900717e-07,-0.0040571347
3.901717e-07,-0.0040650333
3.902717e-07,-0.0040772403
3.903717e-07,-0.0040901654
3.904717e-07,-0.0040995002
3.905717e-07,-0.0041023725
3.906717e-07,-0.0040987822
3.907717e-07,-0.0040901654
3.908717e-07,-0.0040801126
3.909717e-07,-0.0040707778
3.910717e-07,-0.0040621611
3.911717e-07,-0.0040556985
3.912717e-07,-0.0040506721
3.913717e-07,-0.0040485179
3.914717e-07,-0.0040506721
3.915717e-07,-0.0040556985
3.916717e-07,-0.0040628791
3.917717e-07,-0.0040700597
3.918717e-07,-0.0040714959
3.919717e-07,-0.0040671875
3.920717e-07,-0.0040564166
3.921717e-07,-0.0040420554
3.922717e-07,-0.0040291303
3.923717e-07,-0.0040212316
3.924717e-07,-0.0040183594
3.925717e-07,-0.0040176413
3.926717e-07,-0.0040162052
3.927717e-07,-0.0040097426
3.928717e-07,-0.0039975356
3.929717e-07,-0.0039817383
3.930717e-07,-0.0039659409
3.931717e-07,-0.0039522978
3.932717e-07,-0.0039422449
3.933717e-07,-0.0039350643
3.934717e-07,-0.0039271657
3.935717e-07,-0.0039178309
3.936717e-07,-0.00390706
3.937717e-07,-0.0038984432
3.938717e-07,-0.0038941349
3.939717e-07,-0.0038948529
3.940717e-07,-0.0038991613
3.941717e-07,-0.0039027516
3.942717e-07,-0.0039020335
3.943717e-07,-0.0038948529
3.944717e-07,-0.003884082
3.945717e-07,-0.0038740292
3.946717e-07,-0.0038697208
3.947717e-07,-0.003871875
3.948717e-07,-0.0038769014
3.949717e-07,-0.0038783375
3.950717e-07,-0.0038690028
3.951717e-07,-0.0038488971
3.952717e-07,-0.0038230469
3.953717e-07,-0.003800787
3.954717e-07,-0.0037928883
3.955717e-07,-0.0038029412
3.956717e-07,-0.0038273552
3.957717e-07,-0.0038553596
3.958717e-07,-0.0038733111
3.959717e-07,-0.003871875
3.960717e-07,-0.0038510512
3.961717e-07,-0.0038201746
3.962717e-07,-0.0037921703
3.963717e-07,-0.0037799632
3.964717e-07,-0.0037864258
3.965717e-07,-0.0038058134
3.966717e-07,-0.0038266372
3.967717e-07,-0.0038374081
3.968717e-07,-0.0038316636
3.969717e-07,-0.0038137121
3.970717e-07,-0.0037928883
3.971717e-07,-0.0037799632
3.972717e-07,-0.0037813994
3.973717e-07,-0.0037957606
3.974717e-07,-0.0038137121
3.975717e-07,-0.0038259191
3.976717e-07,-0.0038266372
3.977717e-07,-0.0038165843
3.978717e-07,-0.0038015051
3.979717e-07,-0.0037914522
3.980717e-07,-0.0037900161
3.981717e-07,-0.0037957606
3.982717e-07,-0.0038029412
3.983717e-07,-0.0038029412
3.984717e-07,-0.0037921703
3.985717e-07,-0.0037735007
3.986717e-07,-0.0037548311
3.987717e-07,-0.0037454963
3.988717e-07,-0.0037519589
3.989717e-07,-0.0037727826
3.990717e-07,-0.003800787
3.991717e-07,-0.0038259191
3.992717e-07,-0.0038402803
3.993717e-07,-0.0038417165
3.994717e-07,-0.0038345358
3.995717e-07,-0.0038259191
3.996717e-07,-0.0038216108
3.997717e-07,-0.0038230469
3.998717e-07,-0.0038259191
3.999717e-07,-0.0038259191
4.000717e-07,-0.0038187385
4.001717e-07,-0.0038050954
4.002717e-07,-0.003789298
4.003717e-07,-0.0037799632
4.004717e-07,-0.0037806813
4.005717e-07,-0.0037921703
4.006717e-07,-0.0038101218
4.007717e-07,-0.0038259191
4.008717e-07,-0.0038345358
4.009717e-07,-0.0038330997
4.010717e-07,-0.003824483
4.011717e-07,-0.0038144301
4.012717e-07,-0.0038079676
4.013717e-07,-0.0038072495
4.014717e-07,-0.0038101218
4.015717e-07,-0.0038144301
4.016717e-07,-0.0038158663
4.017717e-07,-0.0038137121
4.018717e-07,-0.0038079676
4.019717e-07,-0.0038029412
4.020717e-07,-0.0037993509
4.021717e-07,-0.0037971967
4.022717e-07,-0.0037957606
4.023717e-07,-0.0037914522
4.024717e-07,-0.0037849897
4.025717e-07,-0.0037792452
4.026717e-07,-0.0037763729
4.027717e-07,-0.0037799632
4.028717e-07,-0.0037907341
4.029717e-07,-0.0038050954
4.030717e-07,-0.0038187385
4.031717e-07,-0.0038259191
4.032717e-07,-0.003824483
4.033717e-07,-0.0038173024
4.034717e-07,-0.0038079676
4.035717e-07,-0.0038029412
4.036717e-07,-0.0038050954
4.037717e-07,-0.0038144301
4.038717e-07,-0.0038266372
4.039717e-07,-0.0038374081
4.040717e-07,-0.0038438706
4.041717e-07,-0.0038460248
4.042717e-07,-0.0038467429
4.043717e-07,-0.0038488971
4.044717e-07,-0.0038539235
4.045717e-07,-0.0038618222
4.046717e-07,-0.0038682847
4.047717e-07,-0.003871875
4.048717e-07,-0.0038711569
4.049717e-07,-0.0038682847
4.050717e-07,-0.0038675666
4.051717e-07,-0.003871875
4.052717e-07,-0.003884082
4.053717e-07,-0.0039013155
4.054717e-07,-0.0039221392
4.055717e-07,-0.0039408088
4.056717e-07,-0.0039566062
4.057717e-07,-0.0039702493
4.058717e-07,-0.0039831744
4.059717e-07,-0.0039982537
4.060717e-07,-0.0040147691
4.061717e-07,-0.0040312845
4.062717e-07,-0.0040456457
4.063717e-07,-0.0040556985
4.064717e-07,-0.0040621611
4.065717e-07,-0.0040686236
4.066717e-07,-0.0040772403
4.067717e-07,-0.0040901654
4.068717e-07,-0.0041052447
4.069717e-07,-0.0041181698
4.070717e-07,-0.0041253504
4.071717e-07,-0.0041246324
4.072717e-07,-0.0041181698
4.073717e-07,-0.0041109892
4.074717e-07,-0.004108117
4.075717e-07,-0.0041131434
4.076717e-07,-0.0041239143
4.077717e-07,-0.0041361213
4.078717e-07,-0.0041447381
4.079717e-07,-0.0041476103
4.080717e-07,-0.0041476103
4.081717e-07,-0.0041504825
4.082717e-07,-0.0041619715
4.083717e-07,-0.0041820772
4.084717e-07,-0.0042064913
4.085717e-07,-0.0042251608
4.086717e-07,-0.0042294692
4.087717e-07,-0.0042165441
4.088717e-07,-0.0041921301
4.089717e-07,-0.0041669979
4.090717e-07,-0.0041540728
4.091717e-07,-0.0041590993
4.092717e-07,-0.0041784869
4.093717e-07,-0.0042014648
4.094717e-07,-0.0042136719
4.095717e-07,-0.0042050551
4.096717e-07,-0.0041777688
4.097717e-07,-0.0041418658
4.098717e-07,-0.0041124253
4.099717e-07,-0.0041016544
4.100717e-07,-0.0041109892
4.101717e-07,-0.004131813
4.102717e-07,-0.0041483284
4.103717e-07,-0.0041476103
4.104717e-07,-0.0041253504
4.105717e-07,-0.0040887293
4.106717e-07,-0.0040528263
4.107717e-07,-0.0040327206
4.108717e-07,-0.0040348748
4.109717e-07,-0.0040556985
4.110717e-07,-0.0040829848
4.111717e-07,-0.0041016544
4.112717e-07,-0.0041023725
4.113717e-07,-0.0040865751
4.114717e-07,-0.0040635972
4.115717e-07,-0.0040442096
4.116717e-07,-0.0040384651
4.117717e-07,-0.0040463637
4.118717e-07,-0.0040628791
4.119717e-07,-0.0040786765
4.120717e-07,-0.0040887293
4.121717e-07,-0.0040923196
4.122717e-07,-0.0040944738
4.123717e-07,-0.0041016544
4.124717e-07,-0.0041152976
4.125717e-07,-0.0041339671
4.126717e-07,-0.0041504825
4.127717e-07,-0.0041590993
4.128717e-07,-0.0041583812
4.129717e-07,-0.0041533548
4.130717e-07,-0.0041512006
4.131717e-07,-0.0041590993
4.132717e-07,-0.0041770508
4.133717e-07,-0.0041985926
4.134717e-07,-0.0042143899
4.135717e-07,-0.0042165441
4.136717e-07,-0.0042043371
4.137717e-07,-0.0041856675
4.138717e-07,-0.0041705882
4.139717e-07,-0.0041705882
4.140717e-07,-0.0041871036
4.141717e-07,-0.0042136719
4.142717e-07,-0.004238804
4.143717e-07,-0.004251011
4.144717e-07,-0.0042459846
4.145717e-07,-0.0042287511
4.146717e-07,-0.0042115177
4.147717e-07,-0.0042050551
4.148717e-07,-0.0042136719
4.149717e-07,-0.0042337776
4.150717e-07,-0.0042538833
4.151717e-07,-0.0042625
4.152717e-07,-0.0042553194
4.153717e-07,-0.0042366498
4.154717e-07,-0.0042158261
4.155717e-07,-0.0042050551
4.156717e-07,-0.0042086455
4.157717e-07,-0.0042244428
4.158717e-07,-0.0042416762
4.159717e-07,-0.004251011
4.160717e-07,-0.0042459846
4.161717e-07,-0.0042309053
4.162717e-07,-0.0042136719
4.163717e-07,-0.0042050551
4.164717e-07,-0.0042100816
4.165717e-07,-0.0042251608
4.166717e-07,-0.0042416762
4.167717e-07,-0.004251011
4.168717e-07,-0.0042474207
4.169717e-07,-0.0042352137
4.170717e-07,-0.0042215705
4.171717e-07,-0.0042165441
4.172717e-07,-0.0042230067
4.173717e-07,-0.0042373679
4.174717e-07,-0.004250293
4.175717e-07,-0.004251011
4.176717e-07,-0.0042366498
4.177717e-07,-0.0042107996
4.178717e-07,-0.0041849494
4.179717e-07,-0.0041705882
4.180717e-07,-0.0041727424
4.181717e-07,-0.0041892578
4.182717e-07,-0.0042115177
4.183717e-07,-0.0042280331
4.184717e-07,-0.0042330595
4.185717e-07,-0.0042280331
4.186717e-07,-0.0042201344
4.187717e-07,-0.0042165441
4.188717e-07,-0.0042215705
4.189717e-07,-0.0042323415
4.190717e-07,-0.0042409582
4.191717e-07,-0.0042395221
4.192717e-07,-0.004226597
4.193717e-07,-0.0042072093
4.194717e-07,-0.0041928481
4.195717e-07,-0.0041935662
4.196717e-07,-0.0042122358
4.197717e-07,-0.0042445485
4.198717e-07,-0.0042768612
4.199717e-07,-0.0042969669
4.200717e-07,-0.0042969669
4.201717e-07,-0.0042797335
4.202717e-07,-0.0042560375
4.203717e-07,-0.0042395221
4.204717e-07,-0.0042395221
4.205717e-07,-0.0042574736
4.206717e-07,-0.0042840418
4.207717e-07,-0.0043084559
4.208717e-07,-0.0043206629
4.209717e-07,-0.0043192268
4.210717e-07,-0.0043077378
4.211717e-07,-0.0042969669
4.212717e-07,-0.0042940947
4.213717e-07,-0.0043019933
4.214717e-07,-0.0043170726
4.215717e-07,-0.0043314338
4.216717e-07,-0.0043393325
4.217717e-07,-0.0043386144
4.218717e-07,-0.0043343061
4.219717e-07,-0.0043314338
4.220717e-07,-0.0043364602
4.221717e-07,-0.0043508215
4.222717e-07,-0.0043702091
4.223717e-07,-0.0043888787
4.224717e-07,-0.0044018038
4.225717e-07,-0.0044075483
4.226717e-07,-0.0044097024
4.227717e-07,-0.0044118566
4.228717e-07,-0.0044183192
4.229717e-07,-0.004428372
4.230717e-07,-0.0044391429
4.231717e-07,-0.0044463235
4.232717e-07,-0.0044463235
4.233717e-07,-0.004439861
4.234717e-07,-0.0044305262
4.235717e-07,-0.0044233456
4.236717e-07,-0.0044219095
4.237717e-07,-0.0044254998
4.238717e-07,-0.0044312443
4.239717e-07,-0.0044348346
4.240717e-07,-0.0044341165
4.241717e-07,-0.0044298081
4.242717e-07,-0.0044247817
4.243717e-07,-0.0044233456
4.244717e-07,-0.0044269359
4.245717e-07,-0.0044341165
4.246717e-07,-0.0044420152
4.247717e-07,-0.0044463235
4.248717e-07,-0.0044456055
4.249717e-07,-0.0044420152
4.250717e-07,-0.0044369887
4.251717e-07,-0.0044348346
4.252717e-07,-0.0044348346
4.253717e-07,-0.0044348346
4.254717e-07,-0.0044312443
4.255717e-07,-0.0044233456
4.256717e-07,-0.0044125747
4.257717e-07,-0.004403958
4.258717e-07,-0.0044025218
4.259717e-07,-0.0044118566
4.260717e-07,-0.0044298081
4.261717e-07,-0.0044499138
4.262717e-07,-0.0044649931
4.263717e-07,-0.0044693015
4.264717e-07,-0.004464275
4.265717e-07,-0.0044549403
4.266717e-07,-0.00445135
4.267717e-07,-0.0044578125
4.268717e-07,-0.004475764
4.269717e-07,-0.004498742
4.270717e-07,-0.0045181296
4.271717e-07,-0.0045267463
4.272717e-07,-0.004522438
4.273717e-07,-0.0045102309
4.274717e-07,-0.0045016142
4.275717e-07,-0.0045037684
4.276717e-07,-0.0045217199
4.277717e-07,-0.0045511604
4.278717e-07,-0.0045827551
4.279717e-07,-0.0046071691
4.280717e-07,-0.004617222
4.281717e-07,-0.0046129136
4.282717e-07,-0.0045992705
4.283717e-07,-0.0045841912
4.284717e-07,-0.0045727022
4.285717e-07,-0.0045648035
4.286717e-07,-0.004558341
4.287717e-07,-0.0045497243
4.288717e-07,-0.0045367992
4.289717e-07,-0.004522438
4.290717e-07,-0.0045102309
4.291717e-07,-0.0045037684
4.292717e-07,-0.0045037684
4.293717e-07,-0.0045073587
4.294717e-07,-0.0045087948
4.295717e-07,-0.0045037684
4.296717e-07,-0.0044922794
4.297717e-07,-0.0044793543
4.298717e-07,-0.0044700195
4.299717e-07,-0.0044693015
4.300717e-07,-0.0044764821
4.301717e-07,-0.004487253
4.302717e-07,-0.0044944336
4.303717e-07,-0.0044922794
4.304717e-07,-0.0044815085
4.305717e-07,-0.0044678653
4.306717e-07,-0.0044585306
4.307717e-07,-0.0044578125
4.308717e-07,-0.0044657112
4.309717e-07,-0.004475046
4.310717e-07,-0.0044779182
4.311717e-07,-0.0044693015
4.312717e-07,-0.00445135
4.313717e-07,-0.0044319623
4.314717e-07,-0.0044240636
4.315717e-07,-0.0044348346
4.316717e-07,-0.004463557
4.317717e-07,-0.0045016142
4.318717e-07,-0.0045339269
4.319717e-07,-0.0045497243
4.320717e-07,-0.0045439798
4.321717e-07,-0.004522438
4.322717e-07,-0.0044973058
4.323717e-07,-0.0044807904
4.324717e-07,-0.0044793543
4.325717e-07,-0.0044901252
4.326717e-07,-0.0045052045
4.327717e-07,-0.0045152574
4.328717e-07,-0.0045152574
4.329717e-07,-0.0045080767
4.330717e-07,-0.0045016142
4.331717e-07,-0.0045037684
4.332717e-07,-0.0045181296
4.333717e-07,-0.0045396714
4.334717e-07,-0.0045612132
4.335717e-07,-0.0045727022
4.336717e-07,-0.0045719841
4.337717e-07,-0.0045619313
4.338717e-07,-0.0045518784
4.339717e-07,-0.0045497243
4.340717e-07,-0.0045590591
4.341717e-07,-0.0045755744
4.342717e-07,-0.0045899357
4.343717e-07,-0.0045956801
4.344717e-07,-0.0045892176
4.345717e-07,-0.0045755744
4.346717e-07,-0.0045633674
4.347717e-07,-0.0045612132
4.348717e-07,-0.0045712661
4.349717e-07,-0.0045884995
4.350717e-07,-0.0046035788
4.351717e-07,-0.0046071691
4.352717e-07,-0.0045978343
4.353717e-07,-0.0045798828
4.354717e-07,-0.0045648035
4.355717e-07,-0.0045612132
4.356717e-07,-0.0045719841
4.357717e-07,-0.0045920898
4.358717e-07,-0.0046107594
4.359717e-07,-0.0046186581
4.360717e-07,-0.0046121955
4.361717e-07,-0.0045963982
4.362717e-07,-0.0045798828
4.363717e-07,-0.0045727022
4.364717e-07,-0.0045777286
4.365717e-07,-0.0045906537
4.366717e-07,-0.0046035788
4.367717e-07,-0.0046071691
4.368717e-07,-0.0045999885
4.369717e-07,-0.0045884995
4.370717e-07,-0.0045806009
4.371717e-07,-0.0045841912
4.372717e-07,-0.0045992705
4.373717e-07,-0.00461794
4.374717e-07,-0.0046272748
4.375717e-07,-0.0046186581
4.376717e-07,-0.0045928079
4.377717e-07,-0.0045597771
4.378717e-07,-0.0045367992
4.379717e-07,-0.0045382353
4.380717e-07,-0.0045669577
4.381717e-07,-0.0046143497
4.382717e-07,-0.0046610237
4.383717e-07,-0.0046875919
4.384717e-07,-0.0046832835
4.385717e-07,-0.0046524069
4.386717e-07,-0.0046086052
4.387717e-07,-0.0045727022
4.388717e-07,-0.0045590591
4.389717e-07,-0.004570548
4.390717e-07,-0.0045992705
4.391717e-07,-0.0046301471
4.392717e-07,-0.0046495347
4.393717e-07,-0.0046516889
4.394717e-07,-0.0046387638
4.395717e-07,-0.0046186581
4.396717e-07,-0.0046007066
4.397717e-07,-0.0045884995
4.398717e-07,-0.0045806009
4.399717e-07,-0.0045727022
4.400717e-07,-0.0045619313
4.401717e-07,-0.0045497243
4.402717e-07,-0.0045396714
4.403717e-07,-0.0045382353
4.404717e-07,-0.004546134
4.405717e-07,-0.0045597771
4.406717e-07,-0.0045712661
4.407717e-07,-0.0045727022
4.408717e-07,-0.0045590591
4.409717e-07,-0.0045339269
4.410717e-07,-0.0045052045
4.411717e-07,-0.0044807904
4.412717e-07,-0.0044671473
4.413717e-07,-0.004464275
4.414717e-07,-0.0044671473
4.415717e-07,-0.0044693015
4.416717e-07,-0.0044678653
4.417717e-07,-0.004464275
4.418717e-07,-0.004463557
4.419717e-07,-0.0044693015
4.420717e-07,-0.0044829446
4.421717e-07,-0.00449946
4.422717e-07,-0.0045123851
4.423717e-07,-0.0045152574
4.424717e-07,-0.0045073587
4.425717e-07,-0.0044937155
4.426717e-07,-0.0044822266
4.427717e-07,-0.0044807904
4.428717e-07,-0.0044908433
4.429717e-07,-0.0045073587
4.430717e-07,-0.0045217199
4.431717e-07,-0.0045267463
4.432717e-07,-0.0045217199
4.433717e-07,-0.0045102309
4.434717e-07,-0.0045016142
4.435717e-07,-0.0045037684
4.436717e-07,-0.0045174115
4.437717e-07,-0.0045382353
4.438717e-07,-0.0045590591
4.439717e-07,-0.0045727022
4.440717e-07,-0.0045791648
4.441717e-07,-0.0045849092
4.442717e-07,-0.0045963982
4.443717e-07,-0.0046186581
4.444717e-07,-0.0046495347
4.445717e-07,-0.0046789752
4.446717e-07,-0.0046940545
4.447717e-07,-0.0046875919
4.448717e-07,-0.0046603056
4.449717e-07,-0.0046236845
4.450717e-07,-0.004594244
4.451717e-07,-0.0045841912
4.452717e-07,-0.0045978343
4.453717e-07,-0.0046287109
4.454717e-07,-0.0046631778
4.455717e-07,-0.0046875919
4.456717e-07,-0.0046962086
4.457717e-07,-0.0046926183
4.458717e-07,-0.0046868739
4.459717e-07,-0.0046875919
4.460717e-07,-0.0046983628
4.461717e-07,-0.0047141602
4.462717e-07,-0.0047249311
4.463717e-07,-0.0047220588
4.464717e-07,-0.0047041073
4.465717e-07,-0.0046789752
4.466717e-07,-0.0046581514
4.467717e-07,-0.004653125
4.468717e-07,-0.0046660501
4.469717e-07,-0.0046919003
4.470717e-07,-0.0047177505
4.471717e-07,-0.0047335478
4.472717e-07,-0.004735702
4.473717e-07,-0.0047292394
4.474717e-07,-0.0047220588
4.475717e-07,-0.0047220588
4.476717e-07,-0.0047299575
4.477717e-07,-0.0047385742
4.478717e-07,-0.0047378562
4.479717e-07,-0.0047220588
4.480717e-07,-0.0046954906
4.481717e-07,-0.0046696404
4.482717e-07,-0.0046603056
4.483717e-07,-0.0046761029
4.484717e-07,-0.0047148782
4.485717e-07,-0.0047615522
4.486717e-07,-0.0047960191
4.487717e-07,-0.0048024816
4.488717e-07,-0.0047787856
4.489717e-07,-0.0047371381
4.490717e-07,-0.0046969267
4.491717e-07,-0.0046761029
4.492717e-07,-0.0046818474
4.493717e-07,-0.0047062615
4.494717e-07,-0.0047328297
4.495717e-07,-0.0047450368
4.496717e-07,-0.0047371381
4.497717e-07,-0.0047170324
4.498717e-07,-0.0046990809
4.499717e-07,-0.0046990809
4.500717e-07,-0.0047213408
4.501717e-07,-0.0047579619
4.502717e-07,-0.0047902746
4.503717e-07,-0.0048024816
4.504717e-07,-0.0047881204
4.505717e-07,-0.0047558077
4.506717e-07,-0.0047234949
4.507717e-07,-0.0047105699
4.508717e-07,-0.0047263672
4.509717e-07,-0.0047658605
4.510717e-07,-0.0048125345
4.511717e-07,-0.0048484375
4.512717e-07,-0.0048613626
4.513717e-07,-0.0048534639
4.514717e-07,-0.0048362305
4.515717e-07,-0.0048254596
4.516717e-07,-0.0048290499
4.517717e-07,-0.0048455653
4.518717e-07,-0.0048635168
4.519717e-07,-0.0048714154
4.520717e-07,-0.0048627987
4.521717e-07,-0.0048434111
4.522717e-07,-0.0048268957
4.523717e-07,-0.0048254596
4.524717e-07,-0.0048448472
4.525717e-07,-0.004877878
4.526717e-07,-0.0049080365
4.527717e-07,-0.0049173713
4.528717e-07,-0.0048987017
4.529717e-07,-0.0048570542
4.530717e-07,-0.0048110983
4.531717e-07,-0.0047795037
4.532717e-07,-0.0047759134
4.533717e-07,-0.0048003274
4.534717e-07,-0.0048383847
4.535717e-07,-0.0048714154
4.536717e-07,-0.0048857767
4.537717e-07,-0.004878596
4.538717e-07,-0.0048577723
4.539717e-07,-0.0048369485
4.540717e-07,-0.0048283318
4.541717e-07,-0.0048340763
4.542717e-07,-0.0048484375
4.543717e-07,-0.0048599265
4.544717e-07,-0.0048599265
4.545717e-07,-0.0048470014
4.546717e-07,-0.0048283318
4.547717e-07,-0.0048139706
4.548717e-07,-0.0048125345
4.549717e-07,-0.0048261776
4.550717e-07,-0.0048484375
4.551717e-07,-0.0048714154
4.552717e-07,-0.004889367
4.553717e-07,-0.0049001379
4.554717e-07,-0.0049080365
4.555717e-07,-0.0049173713
4.556717e-07,-0.0049295784
4.557717e-07,-0.0049417854
4.558717e-07,-0.0049468118
4.559717e-07,-0.0049403493
4.560717e-07,-0.0049223977
4.561717e-07,-0.0049001379
4.562717e-07,-0.0048843405
4.563717e-07,-0.0048829044
4.564717e-07,-0.0048979837
4.565717e-07,-0.0049216797
4.566717e-07,-0.0049432215
4.567717e-07,-0.0049518382
4.568717e-07,-0.0049446576
4.569717e-07,-0.0049267061
4.570717e-07,-0.0049101907
4.571717e-07,-0.0049058824
4.572717e-07,-0.0049166533
4.573717e-07,-0.004937477
4.574717e-07,-0.0049561466
4.575717e-07,-0.0049633272
4.576717e-07,-0.0049539924
4.577717e-07,-0.0049338867
4.578717e-07,-0.0049144991
4.579717e-07,-0.0049058824
4.580717e-07,-0.004913063
4.581717e-07,-0.0049324506
4.582717e-07,-0.0049525563
4.583717e-07,-0.0049633272
4.584717e-07,-0.004961173
4.585717e-07,-0.0049504021
4.586717e-07,-0.0049403493
4.587717e-07,-0.0049403493
4.588717e-07,-0.0049539924
4.589717e-07,-0.0049748162
4.590717e-07,-0.0049927677
4.591717e-07,-0.0049977941
4.592717e-07,-0.0049870232
4.593717e-07,-0.0049647633
4.594717e-07,-0.0049425034
4.595717e-07,-0.0049288603
4.596717e-07,-0.0049267061
4.597717e-07,-0.0049310145
4.598717e-07,-0.0049302964
4.599717e-07,-0.0049173713
4.600717e-07,-0.0048915211
4.601717e-07,-0.0048613626
4.602717e-07,-0.0048398208
4.603717e-07,-0.0048369485
4.604717e-07,-0.004854182
4.605717e-07,-0.0048807502
4.606717e-07,-0.0049030101
4.607717e-07,-0.0049058824
4.608717e-07,-0.0048857767
4.609717e-07,-0.0048498736
4.610717e-07,-0.0048139706
4.611717e-07,-0.0047909926
4.612717e-07,-0.0047881204
4.613717e-07,-0.0048017636
4.614717e-07,-0.004818279
4.615717e-07,-0.0048254596
4.616717e-07,-0.004818279
4.617717e-07,-0.0048010455
4.618717e-07,-0.0047845301
4.619717e-07,-0.0047795037
4.620717e-07,-0.0047902746
4.621717e-07,-0.0048110983
4.622717e-07,-0.0048297679
4.623717e-07,-0.0048369485
4.624717e-07,-0.0048290499
4.625717e-07,-0.0048125345
4.626717e-07,-0.0047996094
4.627717e-07,-0.0048024816
4.628717e-07,-0.0048225873
4.629717e-07,-0.0048520278
4.630717e-07,-0.0048757238
