LECROYHDO6104B,11090,Waveform
Segments,1,SegmentSize,5002
Segment,TrigTime,TimeSinceSegment1
#1,04-May-2026 18:24:12,0                 
Time,Ampl
-3.703035e-08,-0.0054085248
-3.693035e-08,-0.0054034984
-3.683035e-08,-0.0053884191
-3.673035e-08,-0.0053690315
-3.663035e-08,-0.0053525161
-3.653035e-08,-0.0053467716
-3.643035e-08,-0.0053539522
-3.633035e-08,-0.0053690315
-3.623035e-08,-0.0053833927
-3.613035e-08,-0.0053877011
-3.603035e-08,-0.0053769301
-3.593035e-08,-0.0053532341
-3.583035e-08,-0.0053252298
-3.573035e-08,-0.005303688
-3.563035e-08,-0.0052965074
-3.553035e-08,-0.0053051241
-3.543035e-08,-0.0053245117
-3.533035e-08,-0.0053438994
-3.523035e-08,-0.0053539522
-3.513035e-08,-0.005351798
-3.503035e-08,-0.0053403091
-3.493035e-08,-0.0053266659
-3.483035e-08,-0.0053194853
-3.473035e-08,-0.0053216395
-3.463035e-08,-0.0053324104
-3.453035e-08,-0.0053453355
-3.443035e-08,-0.0053539522
-3.433035e-08,-0.0053561064
-3.423035e-08,-0.005351798
-3.413035e-08,-0.0053460535
-3.403035e-08,-0.0053424632
-3.393035e-08,-0.0053431813
-3.383035e-08,-0.0053460535
-3.373035e-08,-0.0053467716
-3.363035e-08,-0.0053424632
-3.353035e-08,-0.0053345646
-3.343035e-08,-0.0053288201
-3.333035e-08,-0.0053302562
-3.323035e-08,-0.0053424632
-3.313035e-08,-0.0053647231
-3.303035e-08,-0.0053891372
-3.293035e-08,-0.0054063706
-3.283035e-08,-0.0054113971
-3.273035e-08,-0.0054027803
-3.263035e-08,-0.0053855469
-3.253035e-08,-0.0053711857
-3.243035e-08,-0.0053654412
-3.233035e-08,-0.0053711857
-3.223035e-08,-0.0053819566
-3.213035e-08,-0.0053905733
-3.203035e-08,-0.0053884191
-3.193035e-08,-0.0053740579
-3.183035e-08,-0.0053539522
-3.173035e-08,-0.0053360007
-3.163035e-08,-0.0053309743
-3.153035e-08,-0.0053403091
-3.143035e-08,-0.0053596967
-3.133035e-08,-0.0053790843
-3.123035e-08,-0.0053884191
-3.113035e-08,-0.0053833927
-3.103035e-08,-0.0053675954
-3.093035e-08,-0.0053503619
-3.083035e-08,-0.0053424632
-3.073035e-08,-0.0053482077
-3.063035e-08,-0.0053640051
-3.053035e-08,-0.0053812385
-3.043035e-08,-0.0053884191
-3.033035e-08,-0.0053790843
-3.023035e-08,-0.0053539522
-3.013035e-08,-0.0053223575
-3.003035e-08,-0.0052965074
-2.993035e-08,-0.0052850184
-2.983035e-08,-0.0052886087
-2.973035e-08,-0.005303688
-2.963035e-08,-0.0053194853
-2.953035e-08,-0.005327384
-2.943035e-08,-0.0053237937
-2.933035e-08,-0.0053115866
-2.923035e-08,-0.0052965074
-2.913035e-08,-0.0052850184
-2.903035e-08,-0.0052792739
-2.893035e-08,-0.0052771197
-2.883035e-08,-0.0052735294
-2.873035e-08,-0.0052641946
-2.863035e-08,-0.0052476792
-2.853035e-08,-0.0052261374
-2.843035e-08,-0.0052045956
-2.833035e-08,-0.0051880802
-2.823035e-08,-0.0051773093
-2.813035e-08,-0.0051730009
-2.803035e-08,-0.0051701287
-2.793035e-08,-0.0051672564
-2.783035e-08,-0.0051636661
-2.773035e-08,-0.0051600758
-2.763035e-08,-0.0051586397
-2.753035e-08,-0.0051600758
-2.743035e-08,-0.00516223
-2.733035e-08,-0.0051629481
-2.723035e-08,-0.0051586397
-2.713035e-08,-0.005150741
-2.703035e-08,-0.0051414062
-2.693035e-08,-0.0051349437
-2.683035e-08,-0.0051356618
-2.673035e-08,-0.0051421243
-2.663035e-08,-0.005150741
-2.653035e-08,-0.0051543313
-2.643035e-08,-0.0051471507
-2.633035e-08,-0.0051277631
-2.623035e-08,-0.0051004768
-2.613035e-08,-0.0050731905
-2.603035e-08,-0.005055239
-2.593035e-08,-0.0050509306
-2.583035e-08,-0.0050595473
-2.573035e-08,-0.0050746266
-2.563035e-08,-0.0050897059
-2.553035e-08,-0.0050976045
-2.543035e-08,-0.0050983226
-2.533035e-08,-0.0050932962
-2.523035e-08,-0.0050897059
-2.513035e-08,-0.005091142
-2.503035e-08,-0.0050983226
-2.493035e-08,-0.0051069393
-2.483035e-08,-0.0051126838
-2.473035e-08,-0.0051098116
-2.463035e-08,-0.0050983226
-2.453035e-08,-0.0050818072
-2.443035e-08,-0.0050667279
-2.433035e-08,-0.0050588293
-2.423035e-08,-0.0050609835
-2.413035e-08,-0.0050731905
-2.403035e-08,-0.0050897059
-2.393035e-08,-0.0051062213
-2.383035e-08,-0.0051177102
-2.373035e-08,-0.0051234547
-2.363035e-08,-0.0051241728
-2.353035e-08,-0.0051227367
-2.343035e-08,-0.0051220186
-2.333035e-08,-0.0051220186
-2.323035e-08,-0.0051241728
-2.313035e-08,-0.0051277631
-2.303035e-08,-0.0051320715
-2.293035e-08,-0.005138534
-2.283035e-08,-0.0051471507
-2.273035e-08,-0.0051579216
-2.263035e-08,-0.0051686926
-2.253035e-08,-0.0051773093
-2.243035e-08,-0.0051816176
-2.233035e-08,-0.0051794635
-2.223035e-08,-0.0051722829
-2.213035e-08,-0.0051607939
-2.203035e-08,-0.0051471507
-2.193035e-08,-0.0051335076
-2.183035e-08,-0.0051213006
-2.173035e-08,-0.0051105296
-2.163035e-08,-0.0051011949
-2.153035e-08,-0.0050947323
-2.143035e-08,-0.0050918601
-2.133035e-08,-0.0050940142
-2.123035e-08,-0.0051011949
-2.113035e-08,-0.0051105296
-2.103035e-08,-0.0051198644
-2.093035e-08,-0.0051248909
-2.083035e-08,-0.0051241728
-2.073035e-08,-0.0051191464
-2.063035e-08,-0.0051134019
-2.053035e-08,-0.0051098116
-2.043035e-08,-0.0051126838
-2.033035e-08,-0.0051213006
-2.023035e-08,-0.0051342256
-2.013035e-08,-0.0051478688
-2.003035e-08,-0.0051586397
-1.993035e-08,-0.0051658203
-1.983035e-08,-0.0051708467
-1.973035e-08,-0.0051758732
-1.963035e-08,-0.0051816176
-1.953035e-08,-0.0051887983
-1.943035e-08,-0.0051966969
-1.933035e-08,-0.0052024414
-1.923035e-08,-0.0052045956
-1.913035e-08,-0.0052045956
-1.903035e-08,-0.0052053136
-1.893035e-08,-0.005208904
-1.883035e-08,-0.0052160846
-1.873035e-08,-0.0052261374
-1.863035e-08,-0.0052347541
-1.853035e-08,-0.0052397806
-1.843035e-08,-0.0052390625
-1.833035e-08,-0.0052347541
-1.823035e-08,-0.0052311638
-1.813035e-08,-0.0052318819
-1.803035e-08,-0.0052390625
-1.793035e-08,-0.0052505515
-1.783035e-08,-0.0052613224
-1.773035e-08,-0.0052663488
-1.763035e-08,-0.0052620404
-1.753035e-08,-0.0052512695
-1.743035e-08,-0.0052397806
-1.733035e-08,-0.0052340361
-1.723035e-08,-0.0052390625
-1.713035e-08,-0.0052534237
-1.703035e-08,-0.0052713752
-1.693035e-08,-0.0052835823
-1.683035e-08,-0.0052850184
-1.673035e-08,-0.0052735294
-1.663035e-08,-0.0052527057
-1.653035e-08,-0.0052318819
-1.643035e-08,-0.0052160846
-1.633035e-08,-0.005208904
-1.623035e-08,-0.005208904
-1.613035e-08,-0.005208904
-1.603035e-08,-0.0052045956
-1.593035e-08,-0.0051938247
-1.583035e-08,-0.0051787454
-1.573035e-08,-0.0051651023
-1.563035e-08,-0.0051586397
-1.553035e-08,-0.0051607939
-1.543035e-08,-0.0051672564
-1.533035e-08,-0.0051722829
-1.523035e-08,-0.0051701287
-1.513035e-08,-0.0051579216
-1.503035e-08,-0.0051399701
-1.493035e-08,-0.0051220186
-1.483035e-08,-0.0051126838
-1.473035e-08,-0.005114838
-1.463035e-08,-0.0051256089
-1.453035e-08,-0.0051392521
-1.443035e-08,-0.0051471507
-1.433035e-08,-0.0051457146
-1.423035e-08,-0.0051356618
-1.413035e-08,-0.0051220186
-1.403035e-08,-0.0051126838
-1.393035e-08,-0.0051112477
-1.383035e-08,-0.0051184283
-1.373035e-08,-0.0051284812
-1.363035e-08,-0.0051356618
-1.353035e-08,-0.0051342256
-1.343035e-08,-0.0051248909
-1.333035e-08,-0.0051119658
-1.323035e-08,-0.0051011949
-1.313035e-08,-0.0050983226
-1.303035e-08,-0.005103349
-1.293035e-08,-0.0051141199
-1.283035e-08,-0.0051241728
-1.273035e-08,-0.0051291992
-1.263035e-08,-0.0051284812
-1.253035e-08,-0.0051248909
-1.243035e-08,-0.0051241728
-1.233035e-08,-0.0051299173
-1.223035e-08,-0.0051428424
-1.213035e-08,-0.0051586397
-1.203035e-08,-0.0051701287
-1.193035e-08,-0.0051722829
-1.183035e-08,-0.00516223
-1.173035e-08,-0.0051442785
-1.163035e-08,-0.0051241728
-1.153035e-08,-0.0051098116
-1.143035e-08,-0.0051062213
-1.133035e-08,-0.0051126838
-1.123035e-08,-0.0051241728
-1.113035e-08,-0.0051342256
-1.103035e-08,-0.005138534
-1.093035e-08,-0.0051342256
-1.083035e-08,-0.0051241728
-1.073035e-08,-0.0051141199
-1.063035e-08,-0.0051090935
-1.053035e-08,-0.0051126838
-1.043035e-08,-0.0051241728
-1.033035e-08,-0.0051406882
-1.023035e-08,-0.0051557675
-1.013035e-08,-0.0051665384
-1.003035e-08,-0.0051701287
-9.930351e-09,-0.0051665384
-9.830351e-09,-0.0051593578
-9.730351e-09,-0.0051514591
-9.630351e-09,-0.0051471507
-9.530351e-09,-0.0051471507
-9.430351e-09,-0.005150741
-9.330351e-09,-0.0051557675
-9.230351e-09,-0.0051586397
-9.130351e-09,-0.0051557675
-9.030351e-09,-0.0051449966
-8.930351e-09,-0.005126327
-8.830351e-09,-0.0051011949
-8.730351e-09,-0.0050731905
-8.630351e-09,-0.0050459042
-8.530351e-09,-0.0050214901
-8.430351e-09,-0.0049977941
-8.330351e-09,-0.0049719439
-8.230351e-09,-0.0049381951
-8.130351e-09,-0.004890085
-8.030351e-09,-0.0048254596
-7.930351e-09,-0.0047428826
-7.830351e-09,-0.0046466625
-7.730351e-09,-0.0045425437
-7.630351e-09,-0.0044348346
-7.530351e-09,-0.0043278435
-7.430351e-09,-0.0042201344
-7.330351e-09,-0.004108835
-7.230351e-09,-0.0039867647
-7.130351e-09,-0.0038496151
-7.030351e-09,-0.003694514
-6.930351e-09,-0.0035243336
-6.830351e-09,-0.0033433824
-6.730351e-09,-0.0031581227
-6.630351e-09,-0.0029735811
-6.530351e-09,-0.0027904756
-6.430351e-09,-0.0026080882
-6.330351e-09,-0.0024206744
-6.230351e-09,-0.0022217716
-6.130351e-09,-0.0020092256
-6.030351e-09,-0.0017808824
-5.930351e-09,-0.001540332
-5.830351e-09,-0.0012940372
-5.730351e-09,-0.0010470244
-5.630351e-09,-0.00080431985
-5.530351e-09,-0.0005680779
-5.430351e-09,-0.0003361443
-5.330351e-09,-0.00010636489
-5.230351e-09,0.00012628676
-5.130351e-09,0.00036324678
-5.030351e-09,0.00060523323
-4.930351e-09,0.00084865579
-4.830351e-09,0.0010913603
-4.730351e-09,0.0013283203
-4.630351e-09,0.0015573817
-4.530351e-09,0.0017771082
-4.430351e-09,0.0019875
-4.330351e-09,0.0021899931
-4.230351e-09,0.0023860237
-4.130351e-09,0.0025755917
-4.030351e-09,0.002757261
-3.930351e-09,0.0029303136
-3.830351e-09,0.0030940315
-3.730351e-09,0.0032469784
-3.630351e-09,0.0033891544
-3.530351e-09,0.0035219956
-3.430351e-09,0.0036469382
-3.330351e-09,0.003763264
-3.230351e-09,0.0038716912
-3.130351e-09,0.0039715016
-3.030351e-09,0.0040612592
-2.930351e-09,0.0041424
-2.830351e-09,0.0042163603
-2.730351e-09,0.0042845761
-2.630351e-09,0.0043484835
-2.530351e-09,0.0044102367
-2.430351e-09,0.0044691176
-2.330351e-09,0.0045236903
-2.230351e-09,0.0045710823
-2.130351e-09,0.0046105756
-2.030351e-09,0.0046414522
-1.930351e-09,0.0046658663
-1.830351e-09,0.0046874081
-1.730351e-09,0.004709668
-1.630351e-09,0.004733364
-1.530351e-09,0.0047599322
-1.430351e-09,0.0047879366
-1.330351e-09,0.0048145048
-1.230351e-09,0.0048367647
-1.130351e-09,0.0048539982
-1.030351e-09,0.0048669233
-9.303511e-10,0.00487554
-8.303511e-10,0.0048827206
-7.303511e-10,0.0048891831
-6.303511e-10,0.0048956457
-5.303511e-10,0.0049013902
-4.303511e-10,0.0049056985
-3.303511e-10,0.0049085708
-2.303511e-10,0.004911443
-1.303511e-10,0.0049135972
-3.03511e-11,0.0049171875
6.96489e-11,0.0049222139
1.696489e-10,0.0049301126
2.696489e-10,0.0049394474
3.696489e-10,0.0049516544
4.696489e-10,0.0049652976
5.696489e-10,0.0049803768
6.696489e-10,0.0049954561
7.696489e-10,0.0050090993
8.696489e-10,0.0050191521
9.696489e-10,0.0050256147
1.069649e-09,0.0050284869
1.169649e-09,0.0050320772
1.269649e-09,0.0050392578
1.369649e-09,0.005052901
1.469649e-09,0.0050744428
1.569649e-09,0.005101011
1.669649e-09,0.0051275793
1.769649e-09,0.0051491211
1.869649e-09,0.0051627642
1.969649e-09,0.0051699449
2.069649e-09,0.0051742532
2.169649e-09,0.0051814338
2.269649e-09,0.005195077
2.369649e-09,0.0052159007
2.469649e-09,0.0052388787
2.569649e-09,0.0052589844
2.669649e-09,0.0052704733
2.769649e-09,0.0052733456
2.869649e-09,0.0052719095
2.969649e-09,0.0052740636
3.069649e-09,0.0052848346
3.169649e-09,0.0053078125
3.269649e-09,0.005337971
3.369649e-09,0.0053681296
3.469649e-09,0.0053903895
3.569649e-09,0.0053997243
3.669649e-09,0.0053990062
3.769649e-09,0.0053939798
3.869649e-09,0.0053932617
3.969649e-09,0.0053997243
4.069649e-09,0.0054119313
4.169649e-09,0.0054219841
4.269649e-09,0.0054227022
4.369649e-09,0.0054112132
4.469649e-09,0.0053911075
4.569649e-09,0.005373156
4.669649e-09,0.0053695657
4.769649e-09,0.0053882353
4.869649e-09,0.0054277286
4.969649e-09,0.0054772748
5.069649e-09,0.0055225126
5.169649e-09,0.0055490809
5.269649e-09,0.0055526712
5.369649e-09,0.00553831
5.469649e-09,0.0055174862
5.569649e-09,0.005503125
5.669649e-09,0.0055024069
5.769649e-09,0.005514614
5.869649e-09,0.0055296932
5.969649e-09,0.0055375919
6.069649e-09,0.0055311294
6.169649e-09,0.0055110237
6.269649e-09,0.0054858915
6.369649e-09,0.0054686581
6.469649e-09,0.0054665039
6.569649e-09,0.0054808651
6.669649e-09,0.0055045611
6.769649e-09,0.0055261029
6.869649e-09,0.0055361558
6.969649e-09,0.0055304113
7.069649e-09,0.0055131778
7.169649e-09,0.005491636
7.269649e-09,0.0054751206
7.369649e-09,0.005467222
7.469649e-09,0.005467222
7.569649e-09,0.0054686581
7.669649e-09,0.0054650678
7.769649e-09,0.0054521427
7.869649e-09,0.0054327551
7.969649e-09,0.0054112132
8.069649e-09,0.0053946978
8.169649e-09,0.0053860811
8.269649e-09,0.0053860811
8.369649e-09,0.0053882353
8.469649e-09,0.0053867992
8.569649e-09,0.0053774644
8.669649e-09,0.0053580767
8.769649e-09,0.0053307904
8.869649e-09,0.00530135
8.969649e-09,0.0052740636
9.069649e-09,0.0052532399
9.169649e-09,0.0052388787
9.269649e-09,0.0052302619
9.369649e-09,0.0052266716
9.469649e-09,0.0052259536
9.569649e-09,0.0052273897
9.669649e-09,0.00523098
9.769649e-09,0.0052352884
9.869649e-09,0.0052381606
9.969649e-09,0.0052388787
1.006965e-08,0.0052360064
1.016965e-08,0.0052295439
1.026965e-08,0.0052223633
1.036965e-08,0.0052159007
1.046965e-08,0.0052115924
1.056965e-08,0.0052094382
1.066965e-08,0.005207284
1.076965e-08,0.0052044118
1.086965e-08,0.0051993853
1.096965e-08,0.0051943589
1.106965e-08,0.0051907686
1.116965e-08,0.0051929228
1.126965e-08,0.0052015395
1.136965e-08,0.0052159007
1.146965e-08,0.0052338523
1.156965e-08,0.0052503676
1.166965e-08,0.0052618566
1.176965e-08,0.005266883
1.186965e-08,0.0052654469
1.196965e-08,0.0052618566
1.206965e-08,0.0052582663
1.216965e-08,0.0052575483
1.226965e-08,0.0052589844
1.236965e-08,0.0052618566
1.246965e-08,0.0052640108
1.256965e-08,0.0052640108
1.266965e-08,0.0052625747
1.276965e-08,0.0052618566
1.286965e-08,0.0052632927
1.296965e-08,0.0052690372
1.306965e-08,0.0052769359
1.316965e-08,0.0052848346
1.326965e-08,0.005289861
1.336965e-08,0.0052891429
1.346965e-08,0.0052833984
1.356965e-08,0.0052733456
1.366965e-08,0.0052625747
1.376965e-08,0.0052532399
1.386965e-08,0.0052460593
1.396965e-08,0.0052388787
1.406965e-08,0.0052288258
1.416965e-08,0.0052144646
1.426965e-08,0.0051936409
1.436965e-08,0.0051699449
1.446965e-08,0.005148403
1.456965e-08,0.0051340418
1.466965e-08,0.0051297335
1.476965e-08,0.0051354779
1.486965e-08,0.0051469669
1.496965e-08,0.0051563017
1.506965e-08,0.0051577378
1.516965e-08,0.0051469669
1.526965e-08,0.005124707
1.536965e-08,0.0050959846
1.546965e-08,0.0050665441
1.556965e-08,0.0050435662
1.566965e-08,0.005029205
1.576965e-08,0.0050227424
1.586965e-08,0.0050213063
1.596965e-08,0.0050205882
1.606965e-08,0.0050184341
1.616965e-08,0.0050148437
1.626965e-08,0.0050112534
1.636965e-08,0.0050090993
1.646965e-08,0.0050098173
1.656965e-08,0.0050112534
1.666965e-08,0.0050119715
1.676965e-08,0.0050090993
1.686965e-08,0.0050019187
1.696965e-08,0.0049911477
1.706965e-08,0.0049810949
1.716965e-08,0.0049746324
1.726965e-08,0.0049746324
1.736965e-08,0.0049810949
1.746965e-08,0.0049897116
1.756965e-08,0.0049976103
1.766965e-08,0.0049997645
1.776965e-08,0.0049954561
1.786965e-08,0.0049861213
1.796965e-08,0.0049746324
1.806965e-08,0.0049660156
1.816965e-08,0.0049617073
1.826965e-08,0.0049617073
1.836965e-08,0.0049631434
1.846965e-08,0.0049624253
1.856965e-08,0.0049545267
1.866965e-08,0.0049394474
1.876965e-08,0.0049171875
1.886965e-08,0.0048913373
1.896965e-08,0.0048669233
1.906965e-08,0.0048475356
1.916965e-08,0.0048367647
1.926965e-08,0.0048353286
1.936965e-08,0.0048410731
1.946965e-08,0.0048504079
1.956965e-08,0.0048597426
1.966965e-08,0.0048647691
1.976965e-08,0.0048626149
1.986965e-08,0.0048532801
1.996965e-08,0.0048367647
2.006965e-08,0.004816659
2.016965e-08,0.0047972714
2.026965e-08,0.0047800379
2.036965e-08,0.0047678309
2.046965e-08,0.0047599322
2.056965e-08,0.0047549058
2.066965e-08,0.0047505974
2.076965e-08,0.0047448529
2.086965e-08,0.0047369543
2.096965e-08,0.0047283375
2.106965e-08,0.0047190028
2.116965e-08,0.004710386
2.126965e-08,0.0047032054
2.136965e-08,0.0046974609
2.146965e-08,0.0046924345
2.156965e-08,0.0046874081
2.166965e-08,0.0046830997
2.176965e-08,0.0046787914
2.186965e-08,0.0046766372
2.196965e-08,0.0046759191
2.206965e-08,0.004674483
2.216965e-08,0.0046716108
2.226965e-08,0.0046644301
2.236965e-08,0.0046529412
2.246965e-08,0.004639298
2.256965e-08,0.0046249368
2.266965e-08,0.0046134478
2.276965e-08,0.0046069853
2.286965e-08,0.0046041131
2.296965e-08,0.004603395
2.306965e-08,0.0046012408
2.316965e-08,0.0045954963
2.326965e-08,0.0045861615
2.336965e-08,0.0045753906
2.346965e-08,0.0045667739
2.356965e-08,0.0045610294
2.366965e-08,0.0045595933
2.376965e-08,0.0045595933
2.386965e-08,0.0045574391
2.396965e-08,0.0045495404
2.406965e-08,0.0045344612
2.416965e-08,0.0045143555
2.426965e-08,0.0044942498
2.436965e-08,0.0044806066
2.446965e-08,0.0044762983
2.456965e-08,0.0044820427
2.466965e-08,0.0044935317
2.476965e-08,0.0045035846
2.486965e-08,0.0045064568
2.496965e-08,0.0044985581
2.506965e-08,0.0044806066
2.516965e-08,0.0044576287
2.526965e-08,0.0044368049
2.536965e-08,0.0044231618
2.546965e-08,0.0044195715
2.556965e-08,0.0044231618
2.566965e-08,0.0044289062
2.576965e-08,0.0044296243
2.586965e-08,0.0044202895
2.596965e-08,0.0044001838
2.606965e-08,0.0043728975
2.616965e-08,0.0043441751
2.626965e-08,0.0043211972
2.636965e-08,0.0043082721
2.646965e-08,0.0043061179
2.656965e-08,0.0043111443
2.666965e-08,0.0043176068
2.676965e-08,0.004319761
2.686965e-08,0.0043132985
2.696965e-08,0.0042982192
2.706965e-08,0.0042759593
2.716965e-08,0.0042508272
2.726965e-08,0.0042271312
2.736965e-08,0.0042084616
2.746965e-08,0.0041933824
2.756965e-08,0.0041818934
2.766965e-08,0.0041696864
2.776965e-08,0.0041553251
2.786965e-08,0.0041359375
2.796965e-08,0.0041129596
2.806965e-08,0.0040878274
2.816965e-08,0.0040626953
2.826965e-08,0.0040404354
2.836965e-08,0.0040210478
2.846965e-08,0.0040052505
2.856965e-08,0.0039930434
2.866965e-08,0.0039829906
2.876965e-08,0.0039750919
2.886965e-08,0.0039693474
2.896965e-08,0.0039664752
2.906965e-08,0.003964321
2.916965e-08,0.0039636029
2.926965e-08,0.0039614488
2.936965e-08,0.0039557043
2.946965e-08,0.0039449334
2.956965e-08,0.003929136
2.966965e-08,0.0039104665
2.976965e-08,0.0038925149
2.986965e-08,0.0038781537
2.996965e-08,0.0038716912
3.006965e-08,0.0038738454
3.016965e-08,0.0038824621
3.026965e-08,0.0038946691
3.036965e-08,0.0039061581
3.046965e-08,0.0039133387
3.056965e-08,0.0039140568
3.066965e-08,0.0039104665
3.076965e-08,0.0039061581
3.086965e-08,0.003904722
3.096965e-08,0.0039083123
3.106965e-08,0.0039176471
3.116965e-08,0.003929136
3.126965e-08,0.0039391889
3.136965e-08,0.0039449334
3.146965e-08,0.0039442153
3.156965e-08,0.003940625
3.166965e-08,0.0039377528
3.176965e-08,0.0039399069
3.186965e-08,0.0039492417
3.196965e-08,0.0039636029
3.206965e-08,0.0039786822
3.216965e-08,0.0039872989
3.226965e-08,0.0039865809
3.236965e-08,0.0039750919
3.246965e-08,0.0039578585
3.256965e-08,0.0039427792
3.266965e-08,0.0039363166
3.276965e-08,0.003940625
3.286965e-08,0.0039542682
3.296965e-08,0.0039693474
3.306965e-08,0.0039786822
3.316965e-08,0.0039750919
3.326965e-08,0.0039585765
3.336965e-08,0.0039334444
3.346965e-08,0.0039097484
3.356965e-08,0.0038946691
3.366965e-08,0.0038939511
3.376965e-08,0.0039061581
3.386965e-08,0.0039241096
3.396965e-08,0.003940625
3.406965e-08,0.0039470875
3.416965e-08,0.0039420611
3.426965e-08,0.0039262638
3.436965e-08,0.0039061581
3.446965e-08,0.0038874885
3.456965e-08,0.0038745634
3.466965e-08,0.0038666648
3.476965e-08,0.0038602022
3.486965e-08,0.0038508674
3.496965e-08,0.003834352
3.506965e-08,0.003809938
3.516965e-08,0.0037797794
3.526965e-08,0.0037481847
3.536965e-08,0.0037201804
3.546965e-08,0.0036993566
3.556965e-08,0.0036878676
3.566965e-08,0.0036842773
3.576965e-08,0.0036864315
3.586965e-08,0.0036885857
3.596965e-08,0.0036878676
3.606965e-08,0.003679969
3.616965e-08,0.0036634536
3.626965e-08,0.0036383215
3.636965e-08,0.0036074449
3.646965e-08,0.0035744141
3.656965e-08,0.0035449736
3.666965e-08,0.0035205595
3.676965e-08,0.0035040441
3.686965e-08,0.0034939913
3.696965e-08,0.0034868107
3.706965e-08,0.0034796301
3.716965e-08,0.0034695772
3.726965e-08,0.0034559341
3.736965e-08,0.0034401367
3.746965e-08,0.0034243394
3.756965e-08,0.0034121324
3.766965e-08,0.0034027976
3.776965e-08,0.003396335
3.786965e-08,0.0033884364
3.796965e-08,0.0033776654
3.806965e-08,0.0033633042
3.816965e-08,0.0033467888
3.826965e-08,0.0033309915
3.836965e-08,0.0033202206
3.846965e-08,0.0033151942
3.856965e-08,0.0033159122
3.866965e-08,0.0033195025
3.876965e-08,0.0033202206
3.886965e-08,0.0033159122
3.896965e-08,0.0033051413
3.906965e-08,0.003290062
3.916965e-08,0.0032742647
3.926965e-08,0.0032613396
3.936965e-08,0.0032527229
3.946965e-08,0.0032505687
3.956965e-08,0.0032512868
3.966965e-08,0.0032534409
3.976965e-08,0.003254159
3.986965e-08,0.0032534409
3.996965e-08,0.0032512868
4.006965e-08,0.0032491326
4.016965e-08,0.0032484145
4.026965e-08,0.0032491326
4.036965e-08,0.0032512868
4.046965e-08,0.0032527229
4.056965e-08,0.0032534409
4.066965e-08,0.0032527229
4.076965e-08,0.0032512868
4.086965e-08,0.0032498506
4.096965e-08,0.0032484145
4.106965e-08,0.0032455423
4.116965e-08,0.0032397978
4.126965e-08,0.0032290269
4.136965e-08,0.0032132295
4.146965e-08,0.0031931239
4.156965e-08,0.003170864
4.166965e-08,0.0031500402
4.176965e-08,0.0031335248
4.186965e-08,0.0031220358
4.196965e-08,0.0031134191
4.206965e-08,0.0031055205
4.216965e-08,0.0030947495
4.226965e-08,0.0030818244
4.236965e-08,0.0030674632
4.246965e-08,0.0030552562
4.256965e-08,0.0030487937
4.266965e-08,0.0030495117
4.276965e-08,0.0030559743
4.286965e-08,0.0030638729
4.296965e-08,0.0030674632
4.306965e-08,0.0030617188
4.316965e-08,0.0030444853
4.326965e-08,0.0030193532
4.336965e-08,0.0029913488
4.346965e-08,0.0029676528
4.356965e-08,0.0029525735
4.366965e-08,0.0029482652
4.376965e-08,0.0029504193
4.386965e-08,0.0029540097
4.396965e-08,0.0029525735
4.406965e-08,0.0029425207
4.416965e-08,0.0029238511
4.426965e-08,0.002898719
4.436965e-08,0.0028721507
4.446965e-08,0.0028484547
4.456965e-08,0.0028312213
4.466965e-08,0.0028197323
4.476965e-08,0.0028147059
4.486965e-08,0.0028132698
4.496965e-08,0.0028139878
4.506965e-08,0.0028154239
4.516965e-08,0.0028147059
4.526965e-08,0.0028103975
4.536965e-08,0.0028017808
4.546965e-08,0.0027874196
4.556965e-08,0.00276875
4.566965e-08,0.0027479262
4.576965e-08,0.0027292567
4.586965e-08,0.0027163316
4.596965e-08,0.0027113051
4.606965e-08,0.0027134593
4.616965e-08,0.0027199219
4.626965e-08,0.0027278205
4.636965e-08,0.0027342831
4.646965e-08,0.0027378734
4.656965e-08,0.0027400276
4.666965e-08,0.0027421818
4.676965e-08,0.0027457721
4.686965e-08,0.0027493624
4.696965e-08,0.0027507985
4.706965e-08,0.0027464901
4.716965e-08,0.0027342831
4.726965e-08,0.0027148955
4.736965e-08,0.0026933536
4.746965e-08,0.0026746841
4.756965e-08,0.0026653493
4.766965e-08,0.0026675034
4.776965e-08,0.0026797105
4.786965e-08,0.0026962259
4.796965e-08,0.0027113051
4.806965e-08,0.0027184858
4.816965e-08,0.0027163316
4.826965e-08,0.0027048426
4.836965e-08,0.0026883272
4.846965e-08,0.0026703757
4.856965e-08,0.0026524242
4.866965e-08,0.0026359088
4.876965e-08,0.0026193934
4.886965e-08,0.0026021599
4.896965e-08,0.0025834903
4.906965e-08,0.0025662569
4.916965e-08,0.0025504596
4.926965e-08,0.0025382525
4.936965e-08,0.0025296358
4.946965e-08,0.0025231733
4.956965e-08,0.0025159926
4.966965e-08,0.0025066579
4.976965e-08,0.0024944508
4.986965e-08,0.0024815257
4.996965e-08,0.0024700368
5.006965e-08,0.0024621381
5.016965e-08,0.0024578297
5.026965e-08,0.0024571117
5.036965e-08,0.0024585478
5.046965e-08,0.0024592659
5.056965e-08,0.0024578297
5.066965e-08,0.0024535214
5.076965e-08,0.0024470588
5.086965e-08,0.0024391602
5.096965e-08,0.0024298254
5.106965e-08,0.0024212086
5.116965e-08,0.0024125919
5.126965e-08,0.0024054113
5.136965e-08,0.002401821
5.146965e-08,0.0024003849
5.156965e-08,0.0024011029
5.166965e-08,0.0024025391
5.176965e-08,0.0024025391
5.186965e-08,0.0023982307
5.196965e-08,0.002389614
5.206965e-08,0.0023774069
5.216965e-08,0.0023637638
5.226965e-08,0.0023522748
5.236965e-08,0.0023436581
5.246965e-08,0.0023379136
5.256965e-08,0.0023336052
5.266965e-08,0.0023285788
5.276965e-08,0.0023206801
5.286965e-08,0.0023106273
5.296965e-08,0.0023005744
5.306965e-08,0.0022919577
5.316965e-08,0.0022862132
5.326965e-08,0.0022826229
5.336965e-08,0.0022797507
5.346965e-08,0.0022732881
5.356965e-08,0.0022632353
5.366965e-08,0.0022488741
5.376965e-08,0.0022316406
5.386965e-08,0.002212971
5.396965e-08,0.0021943015
5.406965e-08,0.0021749138
5.416965e-08,0.002153372
5.426965e-08,0.002128958
5.436965e-08,0.0021023897
5.446965e-08,0.0020772576
5.456965e-08,0.0020564338
5.466965e-08,0.0020420726
5.476965e-08,0.0020334559
5.486965e-08,0.0020262753
5.496965e-08,0.0020162224
5.506965e-08,0.001998989
5.516965e-08,0.001976011
5.526965e-08,0.001951597
5.536965e-08,0.0019329274
5.546965e-08,0.0019250287
5.556965e-08,0.0019300551
5.566965e-08,0.0019415441
5.576965e-08,0.0019501608
5.586965e-08,0.0019480067
5.596965e-08,0.0019300551
5.606965e-08,0.0018998966
5.616965e-08,0.0018661477
5.626965e-08,0.0018395795
5.636965e-08,0.0018266544
5.646965e-08,0.0018259364
5.656965e-08,0.0018302447
5.666965e-08,0.0018288086
5.676965e-08,0.0018151654
5.686965e-08,0.0017878791
5.696965e-08,0.0017548483
5.706965e-08,0.001726844
5.716965e-08,0.0017117647
5.726965e-08,0.0017132008
5.736965e-08,0.0017261259
5.746965e-08,0.0017397691
5.756965e-08,0.0017462316
5.766965e-08,0.0017412052
5.776965e-08,0.0017282801
5.786965e-08,0.001715355
5.796965e-08,0.0017117647
5.806965e-08,0.0017196634
5.816965e-08,0.0017347426
5.826965e-08,0.0017469497
5.836965e-08,0.0017462316
5.846965e-08,0.001727562
5.856965e-08,0.0016952493
5.866965e-08,0.0016586282
5.876965e-08,0.0016313419
5.886965e-08,0.001620571
5.896965e-08,0.0016263155
5.906965e-08,0.0016421128
5.916965e-08,0.0016543199
5.926965e-08,0.0016550379
5.936965e-08,0.0016413948
5.946965e-08,0.0016191349
5.956965e-08,0.001596875
5.966965e-08,0.0015839499
5.976965e-08,0.0015839499
5.986965e-08,0.0015911305
5.996965e-08,0.001596875
6.006965e-08,0.0015911305
6.016965e-08,0.0015695887
6.026965e-08,0.0015344037
6.036965e-08,0.0014934743
6.046965e-08,0.0014575712
6.056965e-08,0.0014345933
6.066965e-08,0.0014245404
6.076965e-08,0.0014245404
6.086965e-08,0.0014259766
6.096965e-08,0.0014216682
6.106965e-08,0.0014087431
6.116965e-08,0.0013900735
6.126965e-08,0.0013699678
6.136965e-08,0.0013527344
6.146965e-08,0.0013412454
6.156965e-08,0.0013326287
6.166965e-08,0.0013225758
6.176965e-08,0.0013060604
6.186965e-08,0.0012816464
6.196965e-08,0.0012522059
6.206965e-08,0.0012227654
6.216965e-08,0.0011990694
6.226965e-08,0.0011854262
6.236965e-08,0.0011832721
6.246965e-08,0.0011882985
6.256965e-08,0.0011969152
6.266965e-08,0.0012033778
6.276965e-08,0.00120625
6.286965e-08,0.00120625
6.296965e-08,0.0012048139
6.306965e-08,0.0012048139
6.316965e-08,0.00120625
6.326965e-08,0.0012076861
6.336965e-08,0.0012055319
6.346965e-08,0.0011976333
6.356965e-08,0.0011832721
6.366965e-08,0.0011646025
6.376965e-08,0.001146651
6.386965e-08,0.0011322898
6.396965e-08,0.0011258272
6.406965e-08,0.0011265453
6.416965e-08,0.0011330078
6.426965e-08,0.0011416245
6.436965e-08,0.0011488051
6.446965e-08,0.0011531135
6.456965e-08,0.0011559858
6.466965e-08,0.0011574219
6.476965e-08,0.0011602941
6.486965e-08,0.0011638844
6.496965e-08,0.0011667567
6.506965e-08,0.0011660386
6.516965e-08,0.0011602941
6.526965e-08,0.0011495232
6.536965e-08,0.0011365981
6.546965e-08,0.001123673
6.556965e-08,0.0011143382
6.566965e-08,0.0011107479
6.576965e-08,0.0011136202
6.586965e-08,0.0011193647
6.596965e-08,0.0011258272
6.606965e-08,0.0011315717
6.616965e-08,0.001135162
6.626965e-08,0.0011365981
6.636965e-08,0.0011373162
6.646965e-08,0.0011373162
6.656965e-08,0.0011358801
6.666965e-08,0.0011322898
6.676965e-08,0.0011258272
6.686965e-08,0.0011164924
6.696965e-08,0.0011064396
6.706965e-08,0.0010978228
6.716965e-08,0.0010913603
6.726965e-08,0.0010884881
6.736965e-08,0.0010892061
6.746965e-08,0.0010906422
6.756965e-08,0.0010913603
6.766965e-08,0.0010906422
6.776965e-08,0.0010884881
6.786965e-08,0.0010848977
6.796965e-08,0.0010798713
6.806965e-08,0.0010726907
6.816965e-08,0.0010633559
6.826965e-08,0.0010497128
6.836965e-08,0.0010339154
6.846965e-08,0.001016682
6.856965e-08,0.0010023208
6.866965e-08,0.00099226792
6.876965e-08,0.00098795956
6.886965e-08,0.0009872415
6.896965e-08,0.0009872415
6.906965e-08,0.00098436926
6.916965e-08,0.00097647059
6.926965e-08,0.00096569968
6.936965e-08,0.00095564683
6.946965e-08,0.0009506204
6.956965e-08,0.00095349265
6.966965e-08,0.0009635455
6.976965e-08,0.00097647059
6.986965e-08,0.00098652344
6.996965e-08,0.00098795956
7.006965e-08,0.00098006089
7.016965e-08,0.00096785386
7.026965e-08,0.00095636489
7.036965e-08,0.00095349265
7.046965e-08,0.00096282744
7.056965e-08,0.00098149701
7.066965e-08,0.001004475
7.076965e-08,0.0010224265
7.086965e-08,0.001028889
7.096965e-08,0.0010217084
7.106965e-08,0.0010059111
7.116965e-08,0.00098795956
7.126965e-08,0.00097575253
7.136965e-08,0.00097503447
7.146965e-08,0.00098436926
7.156965e-08,0.00099944853
7.166965e-08,0.0010130917
7.176965e-08,0.0010202723
7.186965e-08,0.0010188362
7.196965e-08,0.0010109375
7.206965e-08,0.0010001666
7.216965e-08,0.00099011374
7.226965e-08,0.00098293313
7.236965e-08,0.00097647059
7.246965e-08,0.0009671358
7.256965e-08,0.00095205653
7.266965e-08,0.00093051471
7.276965e-08,0.00090753676
7.286965e-08,0.00088743107
7.296965e-08,0.00087450597
7.306965e-08,0.00087091567
7.316965e-08,0.00087306985
7.326965e-08,0.00087378791
7.336965e-08,0.00086588925
7.346965e-08,0.00084650161
7.356965e-08,0.000815625
7.366965e-08,0.00078044003
7.376965e-08,0.00074956342
7.386965e-08,0.00073017578
7.396965e-08,0.00072371324
7.406965e-08,0.00072658548
7.416965e-08,0.00073089384
7.426965e-08,0.0007280216
7.436965e-08,0.00071222426
7.446965e-08,0.00068493796
7.456965e-08,0.00065334329
7.466965e-08,0.00062533892
7.476965e-08,0.00060882353
7.486965e-08,0.00060523323
7.496965e-08,0.00061025965
7.506965e-08,0.00061815832
7.516965e-08,0.0006203125
7.526965e-08,0.00061313189
7.536965e-08,0.00059805262
7.546965e-08,0.00057938304
7.556965e-08,0.00056286765
7.566965e-08,0.0005528148
7.576965e-08,0.00054922449
7.586965e-08,0.00054994256
7.596965e-08,0.00055137868
7.606965e-08,0.00055066062
7.616965e-08,0.00054778837
7.626965e-08,0.00054348001
7.636965e-08,0.00053988971
7.646965e-08,0.00053845358
7.656965e-08,0.00053773552
7.666965e-08,0.00053486328
7.676965e-08,0.00052840074
7.686965e-08,0.00051834789
7.696965e-08,0.00050614085
7.706965e-08,0.00049752413
7.716965e-08,0.00049393382
7.726965e-08,0.00049752413
7.736965e-08,0.00050542279
7.746965e-08,0.00051332146
7.756965e-08,0.00051691176
7.766965e-08,0.00051403952
7.776965e-08,0.00050542279
7.786965e-08,0.00049393382
7.796965e-08,0.00048244485
7.806965e-08,0.000472392
7.816965e-08,0.00046305722
7.826965e-08,0.00045156824
7.836965e-08,0.00043648897
7.846965e-08,0.00041710133
7.856965e-08,0.00039699563
7.866965e-08,0.00037904412
7.876965e-08,0.00036755515
7.886965e-08,0.00036252872
7.896965e-08,0.00036181066
7.906965e-08,0.0003610926
7.916965e-08,0.00035606618
7.926965e-08,0.00034601333
7.936965e-08,0.00033452436
7.946965e-08,0.00032447151
7.956965e-08,0.00032159926
7.966965e-08,0.00032590763
7.976965e-08,0.00033308824
7.986965e-08,0.00033811466
7.996965e-08,0.00033308824
8.006965e-08,0.00031585478
8.016965e-08,0.00028856847
8.026965e-08,0.00025697381
8.036965e-08,0.0002296875
8.046965e-08,0.00021173598
8.056965e-08,0.00020455538
8.066965e-08,0.00020527344
8.076965e-08,0.00020670956
8.086965e-08,0.00020383732
8.096965e-08,0.00019306641
8.106965e-08,0.00017726907
8.116965e-08,0.00016075368
8.126965e-08,0.00014782858
8.136965e-08,0.0001420841
8.146965e-08,0.00014352022
8.156965e-08,0.00014926471
8.166965e-08,0.00015500919
8.176965e-08,0.00015716337
8.186965e-08,0.00015500919
8.196965e-08,0.00014926471
8.206965e-08,0.00014136604
8.216965e-08,0.00013418543
8.226965e-08,0.00012915901
8.236965e-08,0.00012628676
8.246965e-08,0.00012628676
8.256965e-08,0.00012915901
8.266965e-08,0.00013346737
8.276965e-08,0.00013777574
8.286965e-08,0.00013921186
8.296965e-08,0.00013633961
8.306965e-08,0.00012844095
8.316965e-08,0.00011479779
8.326965e-08,9.971852e-05
8.336965e-08,8.6793428e-05
8.346965e-08,7.9612822e-05
8.356965e-08,8.0330882e-05
8.366965e-08,8.7511489e-05
8.376965e-08,9.6128217e-05
8.386965e-08,0.00010259076
8.396965e-08,0.00010330882
8.406965e-08,9.7564338e-05
8.416965e-08,8.9665671e-05
8.426965e-08,8.2485064e-05
8.436965e-08,8.0330882e-05
8.446965e-08,8.3203125e-05
8.456965e-08,8.7511489e-05
8.466965e-08,8.822955e-05
8.476965e-08,8.0330882e-05
8.486965e-08,6.2379366e-05
8.496965e-08,3.7247243e-05
8.506965e-08,1.0678998e-05
8.516965e-08,-1.1580882e-05
8.526965e-08,-2.4505974e-05
8.536965e-08,-2.8814338e-05
8.546965e-08,-2.6660156e-05
8.556965e-08,-2.3069853e-05
8.566965e-08,-2.3069853e-05
8.576965e-08,-2.7378217e-05
8.586965e-08,-3.5994945e-05
8.596965e-08,-4.6047794e-05
8.606965e-08,-5.4664522e-05
8.616965e-08,-6.1127068e-05
8.626965e-08,-6.5435432e-05
8.636965e-08,-6.9025735e-05
8.646965e-08,-7.2616039e-05
8.656965e-08,-7.6924403e-05
8.666965e-08,-7.9796645e-05
8.676965e-08,-8.0514706e-05
8.686965e-08,-7.9796645e-05
8.696965e-08,-7.9078585e-05
8.706965e-08,-8.2668888e-05
8.716965e-08,-9.2003676e-05
8.726965e-08,-0.00010780101
8.736965e-08,-0.00012790671
8.746965e-08,-0.00014729435
8.756965e-08,-0.0001609375
8.766965e-08,-0.00016524586
8.776965e-08,-0.00016021944
8.786965e-08,-0.00014944853
8.796965e-08,-0.00013795956
8.806965e-08,-0.00013006089
8.816965e-08,-0.00012790671
8.826965e-08,-0.00013221507
8.836965e-08,-0.00013795956
8.846965e-08,-0.00014298598
8.856965e-08,-0.0001444221
8.866965e-08,-0.00014226792
8.876965e-08,-0.00013795956
8.886965e-08,-0.00013436926
8.896965e-08,-0.00013293313
8.906965e-08,-0.00013436926
8.916965e-08,-0.00013795956
8.926965e-08,-0.0001408318
8.936965e-08,-0.00014011374
8.946965e-08,-0.00013580538
8.956965e-08,-0.00012647059
8.966965e-08,-0.00011498162
8.976965e-08,-0.00010349265
8.986965e-08,-9.4875919e-05
8.996965e-08,-9.2003676e-05
9.006965e-08,-9.7030101e-05
9.016965e-08,-0.00010923713
9.026965e-08,-0.00012790671
9.036965e-08,-0.00014944853
9.046965e-08,-0.00016955423
9.056965e-08,-0.00018535156
9.066965e-08,-0.00019396829
9.076965e-08,-0.00019540441
9.086965e-08,-0.00019253217
9.096965e-08,-0.00018894187
9.106965e-08,-0.00018965993
9.116965e-08,-0.00019540441
9.126965e-08,-0.00020689338
9.136965e-08,-0.00022053653
9.146965e-08,-0.00023274357
9.156965e-08,-0.00024136029
9.166965e-08,-0.00024566866
9.176965e-08,-0.00024782284
9.186965e-08,-0.00025284926
9.196965e-08,-0.00026433824
9.206965e-08,-0.00028300781
9.216965e-08,-0.00030598575
9.226965e-08,-0.00032824563
9.236965e-08,-0.00034476103
9.246965e-08,-0.00035194164
9.256965e-08,-0.00035050551
9.266965e-08,-0.00034547909
9.276965e-08,-0.00034476103
9.286965e-08,-0.00035481388
9.296965e-08,-0.000379946
9.306965e-08,-0.0004165671
9.316965e-08,-0.00045965074
9.326965e-08,-0.00049986213
9.336965e-08,-0.00053002068
9.346965e-08,-0.00054653608
9.356965e-08,-0.0005515625
9.366965e-08,-0.00055012638
9.376965e-08,-0.00054940832
9.386965e-08,-0.00055299862
9.396965e-08,-0.00056305147
9.406965e-08,-0.00057669462
9.416965e-08,-0.00058890165
9.426965e-08,-0.00059608226
9.436965e-08,-0.00059751838
9.446965e-08,-0.0005953642
9.456965e-08,-0.00059392808
9.466965e-08,-0.00059751838
9.476965e-08,-0.00060900735
9.486965e-08,-0.00062624081
9.496965e-08,-0.00064634651
9.506965e-08,-0.00066429802
9.516965e-08,-0.00067794118
9.526965e-08,-0.00068583984
9.536965e-08,-0.00069086627
9.546965e-08,-0.00069517463
9.556965e-08,-0.00070091912
9.566965e-08,-0.00070881778
9.576965e-08,-0.00071671645
9.586965e-08,-0.00072246094
9.596965e-08,-0.00072389706
9.606965e-08,-0.00072174288
9.616965e-08,-0.00071958869
9.626965e-08,-0.00071958869
9.636965e-08,-0.00072389706
9.646965e-08,-0.00073323185
9.656965e-08,-0.00074400276
9.666965e-08,-0.00075333755
9.676965e-08,-0.00075836397
9.686965e-08,-0.00075980009
9.696965e-08,-0.00075908203
9.706965e-08,-0.00076195427
9.716965e-08,-0.00076985294
9.726965e-08,-0.00078421415
9.736965e-08,-0.00080144761
9.746965e-08,-0.00081724494
9.756965e-08,-0.00082729779
9.766965e-08,-0.00082945198
9.776965e-08,-0.00082442555
9.786965e-08,-0.00081868107
9.796965e-08,-0.00081580882
9.806965e-08,-0.00081939913
9.816965e-08,-0.00082945198
9.826965e-08,-0.00084094095
9.836965e-08,-0.00085027574
9.846965e-08,-0.00085242992
9.856965e-08,-0.00084740349
9.866965e-08,-0.00083735064
9.876965e-08,-0.00082729779
9.886965e-08,-0.00082298943
9.896965e-08,-0.00082586167
9.906965e-08,-0.00083591452
9.916965e-08,-0.00085027574
9.926965e-08,-0.00086391889
9.936965e-08,-0.0008746898
9.946965e-08,-0.00088115234
9.956965e-08,-0.00088474265
9.966965e-08,-0.00088833295
9.976965e-08,-0.00089407744
9.986965e-08,-0.00090053998
9.996965e-08,-0.00090772059
1.000696e-07,-0.00091274701
1.001696e-07,-0.00091346507
1.002696e-07,-0.00091131089
1.003696e-07,-0.00090772059
1.004696e-07,-0.00090556641
1.005696e-07,-0.00090628447
1.006696e-07,-0.00091131089
1.007696e-07,-0.00091920956
1.008696e-07,-0.00092710823
1.009696e-07,-0.00093428883
1.010696e-07,-0.0009385972
1.011696e-07,-0.0009421875
1.012696e-07,-0.00094721392
1.013696e-07,-0.00095583065
1.014696e-07,-0.00097019187
1.015696e-07,-0.00098814338
1.016696e-07,-0.0010082491
1.017696e-07,-0.0010254825
1.018696e-07,-0.0010391257
1.019696e-07,-0.0010455882
1.020696e-07,-0.0010470244
1.021696e-07,-0.0010448702
1.022696e-07,-0.0010434341
1.023696e-07,-0.0010455882
1.024696e-07,-0.0010513327
1.025696e-07,-0.0010613856
1.026696e-07,-0.0010714384
1.027696e-07,-0.0010800551
1.028696e-07,-0.0010843635
1.029696e-07,-0.0010843635
1.030696e-07,-0.0010814913
1.031696e-07,-0.0010800551
1.032696e-07,-0.0010829274
1.033696e-07,-0.0010936983
1.034696e-07,-0.0011123679
1.035696e-07,-0.0011375
1.036696e-07,-0.0011655044
1.037696e-07,-0.0011927907
1.038696e-07,-0.0012143325
1.039696e-07,-0.0012294118
1.040696e-07,-0.0012373104
1.041696e-07,-0.0012401827
1.042696e-07,-0.0012409007
1.043696e-07,-0.0012409007
1.044696e-07,-0.0012416188
1.045696e-07,-0.001244491
1.046696e-07,-0.0012480813
1.047696e-07,-0.0012523897
1.048696e-07,-0.0012581342
1.049696e-07,-0.0012660329
1.050696e-07,-0.0012753676
1.051696e-07,-0.0012868566
1.052696e-07,-0.0012983456
1.053696e-07,-0.0013069623
1.054696e-07,-0.0013112707
1.055696e-07,-0.0013098346
1.056696e-07,-0.001303372
1.057696e-07,-0.0012933192
1.058696e-07,-0.0012832663
1.059696e-07,-0.0012753676
1.060696e-07,-0.0012717773
1.061696e-07,-0.0012717773
1.062696e-07,-0.0012739315
1.063696e-07,-0.0012753676
1.064696e-07,-0.0012753676
1.065696e-07,-0.0012724954
1.066696e-07,-0.001268187
1.067696e-07,-0.0012638787
1.068696e-07,-0.0012624426
1.069696e-07,-0.0012645967
1.070696e-07,-0.0012689051
1.071696e-07,-0.0012753676
1.072696e-07,-0.0012803941
1.073696e-07,-0.0012825483
1.074696e-07,-0.0012803941
1.075696e-07,-0.0012753676
1.076696e-07,-0.0012689051
1.077696e-07,-0.0012638787
1.078696e-07,-0.0012617245
1.079696e-07,-0.0012638787
1.080696e-07,-0.0012710593
1.081696e-07,-0.0012818302
1.082696e-07,-0.0012954733
1.083696e-07,-0.0013098346
1.084696e-07,-0.0013234777
1.085696e-07,-0.0013349667
1.086696e-07,-0.0013421473
1.087696e-07,-0.0013443015
1.088696e-07,-0.0013421473
1.089696e-07,-0.0013378389
1.090696e-07,-0.0013335306
1.091696e-07,-0.0013328125
1.092696e-07,-0.001338557
1.093696e-07,-0.0013514821
1.094696e-07,-0.0013701517
1.095696e-07,-0.0013902574
1.096696e-07,-0.0014082089
1.097696e-07,-0.0014204159
1.098696e-07,-0.0014247243
1.099696e-07,-0.0014247243
1.100696e-07,-0.0014232881
1.101696e-07,-0.0014254423
1.102696e-07,-0.001433341
1.103696e-07,-0.0014477022
1.104696e-07,-0.0014649357
1.105696e-07,-0.0014800149
1.106696e-07,-0.0014907858
1.107696e-07,-0.0014936581
1.108696e-07,-0.0014915039
1.109696e-07,-0.0014886317
1.110696e-07,-0.0014886317
1.111696e-07,-0.0014936581
1.112696e-07,-0.0015037109
1.113696e-07,-0.0015151999
1.114696e-07,-0.0015238166
1.115696e-07,-0.001528125
1.116696e-07,-0.001528125
1.117696e-07,-0.0015266889
1.118696e-07,-0.0015295611
1.119696e-07,-0.001539614
1.120696e-07,-0.0015582835
1.121696e-07,-0.0015812615
1.122696e-07,-0.0016042394
1.123696e-07,-0.0016200368
1.124696e-07,-0.0016257812
1.125696e-07,-0.0016207548
1.126696e-07,-0.0016092659
1.127696e-07,-0.0015970588
1.128696e-07,-0.0015884421
1.129696e-07,-0.001587006
1.130696e-07,-0.0015905963
1.131696e-07,-0.0015970588
1.132696e-07,-0.0016020852
1.133696e-07,-0.0016035214
1.134696e-07,-0.0016013672
1.135696e-07,-0.0015970588
1.136696e-07,-0.0015934685
1.137696e-07,-0.0015927505
1.138696e-07,-0.0015941866
1.139696e-07,-0.0015970588
1.140696e-07,-0.001599213
1.141696e-07,-0.0015977769
1.142696e-07,-0.0015927505
1.143696e-07,-0.0015855699
1.144696e-07,-0.0015769531
1.145696e-07,-0.0015697725
1.146696e-07,-0.0015647461
1.147696e-07,-0.0015625919
1.148696e-07,-0.00156331
1.149696e-07,-0.0015676183
1.150696e-07,-0.0015747989
1.151696e-07,-0.0015855699
1.152696e-07,-0.001599213
1.153696e-07,-0.0016157284
1.154696e-07,-0.0016308077
1.155696e-07,-0.0016430147
1.156696e-07,-0.0016494773
1.157696e-07,-0.0016509134
1.158696e-07,-0.0016473231
1.159696e-07,-0.0016430147
1.160696e-07,-0.0016415786
1.161696e-07,-0.0016458869
1.162696e-07,-0.0016545037
1.163696e-07,-0.0016659926
1.164696e-07,-0.0016760455
1.165696e-07,-0.0016810719
1.166696e-07,-0.0016810719
1.167696e-07,-0.0016774816
1.168696e-07,-0.0016753274
1.169696e-07,-0.0016796358
1.170696e-07,-0.0016918428
1.171696e-07,-0.0017119485
1.172696e-07,-0.0017342084
1.173696e-07,-0.001752878
1.174696e-07,-0.0017614947
1.175696e-07,-0.0017579044
1.176696e-07,-0.0017442613
1.177696e-07,-0.0017255917
1.178696e-07,-0.0017097943
1.179696e-07,-0.0017004596
1.180696e-07,-0.0017011776
1.181696e-07,-0.0017090763
1.182696e-07,-0.0017220014
1.183696e-07,-0.0017349265
1.184696e-07,-0.0017456974
1.185696e-07,-0.001752878
1.186696e-07,-0.0017571864
1.187696e-07,-0.0017579044
1.188696e-07,-0.0017550322
1.189696e-07,-0.0017478516
1.190696e-07,-0.0017370807
1.191696e-07,-0.0017234375
1.192696e-07,-0.0017112305
1.193696e-07,-0.001706204
1.194696e-07,-0.0017097943
1.195696e-07,-0.0017234375
1.196696e-07,-0.0017435432
1.197696e-07,-0.0017629308
1.198696e-07,-0.001776574
1.199696e-07,-0.0017808824
1.200696e-07,-0.0017780101
1.201696e-07,-0.0017722656
1.202696e-07,-0.0017722656
1.203696e-07,-0.0017808824
1.204696e-07,-0.0017995519
1.205696e-07,-0.001823966
1.206696e-07,-0.0018462259
1.207696e-07,-0.0018613051
1.208696e-07,-0.0018663316
1.209696e-07,-0.0018627413
1.210696e-07,-0.0018555607
1.211696e-07,-0.0018498162
1.212696e-07,-0.0018490981
1.213696e-07,-0.0018526884
1.214696e-07,-0.0018577148
1.215696e-07,-0.0018613051
1.216696e-07,-0.0018627413
1.217696e-07,-0.0018634593
1.218696e-07,-0.0018663316
1.219696e-07,-0.0018727941
1.220696e-07,-0.0018821289
1.221696e-07,-0.0018921818
1.222696e-07,-0.0018972082
1.223696e-07,-0.0018957721
1.224696e-07,-0.0018878734
1.225696e-07,-0.0018778205
1.226696e-07,-0.001871358
1.227696e-07,-0.0018727941
1.228696e-07,-0.0018814108
1.229696e-07,-0.0018943359
1.230696e-07,-0.0019043888
1.231696e-07,-0.001907261
1.232696e-07,-0.0019022346
1.233696e-07,-0.0018936179
1.234696e-07,-0.0018857192
1.235696e-07,-0.0018842831
1.236696e-07,-0.0018907456
1.237696e-07,-0.0019022346
1.238696e-07,-0.0019130055
1.239696e-07,-0.00191875
1.240696e-07,-0.0019194681
1.241696e-07,-0.0019173139
1.242696e-07,-0.0019194681
1.243696e-07,-0.001930239
1.244696e-07,-0.0019496266
1.245696e-07,-0.0019718865
1.246696e-07,-0.0019912741
1.247696e-07,-0.0019991728
1.248696e-07,-0.0019941464
1.249696e-07,-0.0019805032
1.250696e-07,-0.0019639878
1.251696e-07,-0.0019532169
1.252696e-07,-0.0019517808
1.253696e-07,-0.0019589614
1.254696e-07,-0.0019690142
1.255696e-07,-0.0019761949
1.256696e-07,-0.0019769129
1.257696e-07,-0.0019718865
1.258696e-07,-0.001966142
1.259696e-07,-0.0019647059
1.260696e-07,-0.0019711684
1.261696e-07,-0.0019833755
1.262696e-07,-0.0019984547
1.263696e-07,-0.0020106618
1.264696e-07,-0.0020185604
1.265696e-07,-0.0020243049
1.266696e-07,-0.0020322036
1.267696e-07,-0.0020451287
1.268696e-07,-0.0020637983
1.269696e-07,-0.002084622
1.270696e-07,-0.0020989832
1.271696e-07,-0.0021025735
1.272696e-07,-0.0020925207
1.273696e-07,-0.0020738511
1.274696e-07,-0.0020551815
1.275696e-07,-0.0020451287
1.276696e-07,-0.002049437
1.277696e-07,-0.0020688247
1.278696e-07,-0.002096829
1.279696e-07,-0.0021255515
1.280696e-07,-0.0021492475
1.281696e-07,-0.0021650448
1.282696e-07,-0.0021750977
1.283696e-07,-0.0021829963
1.284696e-07,-0.002190895
1.285696e-07,-0.0021987937
1.286696e-07,-0.0022045381
1.287696e-07,-0.0022059743
1.288696e-07,-0.002203102
1.289696e-07,-0.0021987937
1.290696e-07,-0.0021980756
1.291696e-07,-0.0022059743
1.292696e-07,-0.0022232077
1.293696e-07,-0.0022461857
1.294696e-07,-0.0022691636
1.295696e-07,-0.0022863971
1.296696e-07,-0.0022942957
1.297696e-07,-0.0022935777
1.298696e-07,-0.0022892693
1.299696e-07,-0.0022863971
1.300696e-07,-0.0022878332
1.301696e-07,-0.0022935777
1.302696e-07,-0.002297886
1.303696e-07,-0.002297886
1.304696e-07,-0.0022914235
1.305696e-07,-0.0022820887
1.306696e-07,-0.00227419
1.307696e-07,-0.0022749081
1.308696e-07,-0.002285679
1.309696e-07,-0.0023029125
1.310696e-07,-0.002321582
1.311696e-07,-0.0023323529
1.312696e-07,-0.0023316349
1.313696e-07,-0.0023194278
1.314696e-07,-0.0023014763
1.315696e-07,-0.0022863971
1.316696e-07,-0.0022806526
1.317696e-07,-0.0022871151
1.318696e-07,-0.0023029125
1.319696e-07,-0.002320864
1.320696e-07,-0.0023352252
1.321696e-07,-0.0023416877
1.322696e-07,-0.0023395335
1.323696e-07,-0.0023323529
1.324696e-07,-0.0023237362
1.325696e-07,-0.0023179917
1.326696e-07,-0.0023165556
1.327696e-07,-0.002320864
1.328696e-07,-0.0023301988
1.329696e-07,-0.0023431239
1.330696e-07,-0.0023603573
1.331696e-07,-0.0023783088
1.332696e-07,-0.0023948242
1.333696e-07,-0.0024055951
1.334696e-07,-0.0024084674
1.335696e-07,-0.0024012868
1.336696e-07,-0.0023876436
1.337696e-07,-0.0023732824
1.338696e-07,-0.0023646657
1.339696e-07,-0.0023668199
1.340696e-07,-0.0023811811
1.341696e-07,-0.0024034409
1.342696e-07,-0.002427855
1.343696e-07,-0.0024472426
1.344696e-07,-0.0024580136
1.345696e-07,-0.0024608858
1.346696e-07,-0.0024594497
1.347696e-07,-0.0024587316
1.348696e-07,-0.0024623219
1.349696e-07,-0.0024702206
1.350696e-07,-0.0024817096
1.351696e-07,-0.0024931985
1.352696e-07,-0.0025018153
1.353696e-07,-0.0025082778
1.354696e-07,-0.0025118681
1.355696e-07,-0.0025161765
1.356696e-07,-0.0025212029
1.357696e-07,-0.0025269474
1.358696e-07,-0.0025334099
1.359696e-07,-0.0025391544
1.360696e-07,-0.002545617
1.361696e-07,-0.0025535156
1.362696e-07,-0.0025628504
1.363696e-07,-0.0025736213
1.364696e-07,-0.00258152
1.365696e-07,-0.00258152
1.366696e-07,-0.0025714671
1.367696e-07,-0.0025506434
1.368696e-07,-0.0025247932
1.369696e-07,-0.0025025333
1.370696e-07,-0.0024910443
1.371696e-07,-0.0024931985
1.372696e-07,-0.0025068417
1.373696e-07,-0.0025233571
1.374696e-07,-0.0025326919
1.375696e-07,-0.0025276654
1.376696e-07,-0.0025082778
1.377696e-07,-0.0024809915
1.378696e-07,-0.0024572955
1.379696e-07,-0.0024472426
1.380696e-07,-0.0024537052
1.381696e-07,-0.002474529
1.382696e-07,-0.002498943
1.383696e-07,-0.0025161765
1.384696e-07,-0.0025190487
1.385696e-07,-0.0025061236
1.386696e-07,-0.0024831457
1.387696e-07,-0.0024587316
1.388696e-07,-0.0024407801
1.389696e-07,-0.0024335995
1.390696e-07,-0.0024364717
1.391696e-07,-0.0024472426
1.392696e-07,-0.0024623219
1.393696e-07,-0.0024788373
1.394696e-07,-0.0024967888
1.395696e-07,-0.0025161765
1.396696e-07,-0.002534846
1.397696e-07,-0.0025499253
1.398696e-07,-0.0025556698
1.399696e-07,-0.0025506434
1.400696e-07,-0.002534846
1.401696e-07,-0.0025133042
1.402696e-07,-0.0024931985
1.403696e-07,-0.0024817096
1.404696e-07,-0.0024824276
1.405696e-07,-0.0024953527
1.406696e-07,-0.0025161765
1.407696e-07,-0.0025391544
1.408696e-07,-0.0025599782
1.409696e-07,-0.0025757755
1.410696e-07,-0.0025879825
1.411696e-07,-0.0025965993
1.412696e-07,-0.0026016257
1.413696e-07,-0.0026016257
1.414696e-07,-0.0025958812
1.415696e-07,-0.0025851103
1.416696e-07,-0.0025736213
1.417696e-07,-0.0025664407
1.418696e-07,-0.002570031
1.419696e-07,-0.0025851103
1.420696e-07,-0.0026088063
1.421696e-07,-0.0026332204
1.422696e-07,-0.0026497358
1.423696e-07,-0.0026540441
1.424696e-07,-0.0026461455
1.425696e-07,-0.0026325023
1.426696e-07,-0.0026210133
1.427696e-07,-0.0026195772
1.428696e-07,-0.0026281939
1.429696e-07,-0.0026418371
1.430696e-07,-0.002652608
1.431696e-07,-0.0026540441
1.432696e-07,-0.0026447093
1.433696e-07,-0.0026310662
1.434696e-07,-0.0026195772
1.435696e-07,-0.0026195772
1.436696e-07,-0.0026317842
1.437696e-07,-0.0026518899
1.438696e-07,-0.0026698415
1.439696e-07,-0.0026770221
1.440696e-07,-0.0026691234
1.441696e-07,-0.0026497358
1.442696e-07,-0.0026260398
1.443696e-07,-0.0026080882
1.444696e-07,-0.0026009076
1.445696e-07,-0.0026030618
1.446696e-07,-0.0026080882
1.447696e-07,-0.0026080882
1.448696e-07,-0.0025980354
1.449696e-07,-0.0025786477
1.450696e-07,-0.0025563879
1.451696e-07,-0.0025391544
1.452696e-07,-0.0025319738
1.453696e-07,-0.002534846
1.454696e-07,-0.0025434628
1.455696e-07,-0.0025506434
1.456696e-07,-0.0025513614
1.457696e-07,-0.0025434628
1.458696e-07,-0.0025305377
1.459696e-07,-0.0025161765
1.460696e-07,-0.0025032514
1.461696e-07,-0.0024931985
1.462696e-07,-0.0024824276
1.463696e-07,-0.0024702206
1.464696e-07,-0.0024558594
1.465696e-07,-0.0024422162
1.466696e-07,-0.0024343176
1.467696e-07,-0.0024357537
1.468696e-07,-0.0024465246
1.469696e-07,-0.0024608858
1.470696e-07,-0.0024709386
1.471696e-07,-0.0024702206
1.472696e-07,-0.0024558594
1.473696e-07,-0.0024321634
1.474696e-07,-0.0024070313
1.475696e-07,-0.0023897978
1.476696e-07,-0.0023854894
1.477696e-07,-0.00239267
1.478696e-07,-0.0024048771
1.479696e-07,-0.0024127757
1.480696e-07,-0.0024106216
1.481696e-07,-0.0023976965
1.482696e-07,-0.0023797449
1.483696e-07,-0.0023668199
1.484696e-07,-0.0023668199
1.485696e-07,-0.0023826172
1.486696e-07,-0.0024120577
1.487696e-07,-0.0024472426
1.488696e-07,-0.0024802734
1.489696e-07,-0.0025054056
1.490696e-07,-0.0025204848
1.491696e-07,-0.0025276654
1.492696e-07,-0.0025305377
1.493696e-07,-0.0025326919
1.494696e-07,-0.0025355641
1.495696e-07,-0.0025391544
1.496696e-07,-0.0025441808
1.497696e-07,-0.0025506434
1.498696e-07,-0.0025599782
1.499696e-07,-0.0025736213
1.500696e-07,-0.002593009
1.501696e-07,-0.0026159869
1.502696e-07,-0.002641119
1.503696e-07,-0.0026655331
1.504696e-07,-0.002687793
1.505696e-07,-0.0027071806
1.506696e-07,-0.0027265682
1.507696e-07,-0.0027459559
1.508696e-07,-0.0027653435
1.509696e-07,-0.0027840131
1.510696e-07,-0.0027969382
1.511696e-07,-0.0028034007
1.512696e-07,-0.0028026827
1.513696e-07,-0.0027976563
1.514696e-07,-0.0027926298
1.515696e-07,-0.0027919118
1.516696e-07,-0.0027976563
1.517696e-07,-0.0028077091
1.518696e-07,-0.0028191981
1.519696e-07,-0.0028263787
1.520696e-07,-0.0028263787
1.521696e-07,-0.0028191981
1.522696e-07,-0.002806273
1.523696e-07,-0.0027919118
1.524696e-07,-0.0027782686
1.525696e-07,-0.0027674977
1.526696e-07,-0.0027567268
1.527696e-07,-0.0027459559
1.528696e-07,-0.0027337489
1.529696e-07,-0.0027222599
1.530696e-07,-0.0027136432
1.531696e-07,-0.002711489
1.532696e-07,-0.0027165154
1.533696e-07,-0.0027265682
1.534696e-07,-0.0027380572
1.535696e-07,-0.0027459559
1.536696e-07,-0.002747392
1.537696e-07,-0.0027416475
1.538696e-07,-0.0027315947
1.539696e-07,-0.0027229779
1.540696e-07,-0.0027186696
1.541696e-07,-0.0027208238
1.542696e-07,-0.0027272863
1.543696e-07,-0.0027344669
1.544696e-07,-0.0027373392
1.545696e-07,-0.0027337489
1.546696e-07,-0.0027244141
1.547696e-07,-0.002711489
1.548696e-07,-0.0026992819
1.549696e-07,-0.0026928194
1.550696e-07,-0.0026928194
1.551696e-07,-0.0027
1.552696e-07,-0.0027129251
1.553696e-07,-0.0027287224
1.554696e-07,-0.0027445198
1.555696e-07,-0.0027574449
1.556696e-07,-0.0027667796
1.557696e-07,-0.0027718061
1.558696e-07,-0.0027718061
1.559696e-07,-0.0027689338
1.560696e-07,-0.0027646255
1.561696e-07,-0.0027617532
1.562696e-07,-0.0027624713
1.563696e-07,-0.0027689338
1.564696e-07,-0.0027797047
1.565696e-07,-0.0027933479
1.566696e-07,-0.002806273
1.567696e-07,-0.0028148897
1.568696e-07,-0.0028177619
1.569696e-07,-0.0028148897
1.570696e-07,-0.0028091452
1.571696e-07,-0.0028034007
1.572696e-07,-0.0028019646
1.573696e-07,-0.0028055549
1.574696e-07,-0.0028141716
1.575696e-07,-0.0028263787
1.576696e-07,-0.0028393038
1.577696e-07,-0.0028515108
1.578696e-07,-0.0028622817
1.579696e-07,-0.0028723346
1.580696e-07,-0.0028823874
1.581696e-07,-0.0028938764
1.582696e-07,-0.0029060834
1.583696e-07,-0.0029182904
1.584696e-07,-0.0029276252
1.585696e-07,-0.0029333697
1.586696e-07,-0.0029333697
1.587696e-07,-0.0029297794
1.588696e-07,-0.0029240349
1.589696e-07,-0.0029182904
1.590696e-07,-0.0029154182
1.591696e-07,-0.0029182904
1.592696e-07,-0.0029269072
1.593696e-07,-0.0029405503
1.594696e-07,-0.0029577838
1.595696e-07,-0.0029757353
1.596696e-07,-0.0029922507
1.597696e-07,-0.0030058938
1.598696e-07,-0.0030159467
1.599696e-07,-0.0030216912
1.600696e-07,-0.0030245634
1.601696e-07,-0.0030252815
1.602696e-07,-0.0030245634
1.603696e-07,-0.0030216912
1.604696e-07,-0.0030173828
1.605696e-07,-0.0030130744
1.606696e-07,-0.0030094841
1.607696e-07,-0.0030102022
1.608696e-07,-0.0030173828
1.609696e-07,-0.0030324621
1.610696e-07,-0.0030540039
1.611696e-07,-0.003079136
1.612696e-07,-0.003102832
1.613696e-07,-0.0031215016
1.614696e-07,-0.0031322725
1.615696e-07,-0.0031365809
1.616696e-07,-0.003138017
1.617696e-07,-0.0031401712
1.618696e-07,-0.0031473518
1.619696e-07,-0.0031595588
1.620696e-07,-0.003173202
1.621696e-07,-0.0031839729
1.622696e-07,-0.0031875632
1.623696e-07,-0.0031825368
1.624696e-07,-0.0031717659
1.625696e-07,-0.0031602769
1.626696e-07,-0.0031552505
1.627696e-07,-0.0031595588
1.628696e-07,-0.003173202
1.629696e-07,-0.0031911535
1.630696e-07,-0.0032076689
1.631696e-07,-0.0032170037
1.632696e-07,-0.0032170037
1.633696e-07,-0.0032105411
1.634696e-07,-0.0032012063
1.635696e-07,-0.0031940257
1.636696e-07,-0.0031925896
1.637696e-07,-0.0031954619
1.638696e-07,-0.0032012063
1.639696e-07,-0.0032055147
1.640696e-07,-0.0032069508
1.641696e-07,-0.0032047966
1.642696e-07,-0.0032033605
1.643696e-07,-0.0032055147
1.644696e-07,-0.0032126953
1.645696e-07,-0.0032241843
1.646696e-07,-0.0032385455
1.647696e-07,-0.0032514706
1.648696e-07,-0.0032600873
1.649696e-07,-0.0032629596
1.650696e-07,-0.0032593693
1.651696e-07,-0.0032514706
1.652696e-07,-0.0032392636
1.653696e-07,-0.0032227482
1.654696e-07,-0.0032033605
1.655696e-07,-0.0031825368
1.656696e-07,-0.0031645852
1.657696e-07,-0.0031523782
1.658696e-07,-0.0031509421
1.659696e-07,-0.0031595588
1.660696e-07,-0.0031767923
1.661696e-07,-0.0031954619
1.662696e-07,-0.0032105411
1.663696e-07,-0.0032170037
1.664696e-07,-0.0032141314
1.665696e-07,-0.0032055147
1.666696e-07,-0.003196898
1.667696e-07,-0.0031940257
1.668696e-07,-0.0031983341
1.669696e-07,-0.003209105
1.670696e-07,-0.003220594
1.671696e-07,-0.0032284926
1.672696e-07,-0.0032313649
1.673696e-07,-0.0032306468
1.674696e-07,-0.003232083
1.675696e-07,-0.0032399816
1.676696e-07,-0.0032579331
1.677696e-07,-0.0032830653
1.678696e-07,-0.0033103516
1.679696e-07,-0.0033318934
1.680696e-07,-0.0033426643
1.681696e-07,-0.0033412282
1.682696e-07,-0.0033318934
1.683696e-07,-0.0033204044
1.684696e-07,-0.0033146599
1.685696e-07,-0.0033182502
1.686696e-07,-0.0033333295
1.687696e-07,-0.0033548713
1.688696e-07,-0.0033792854
1.689696e-07,-0.0034001091
1.690696e-07,-0.0034159065
1.691696e-07,-0.0034238051
1.692696e-07,-0.0034252413
1.693696e-07,-0.003422369
1.694696e-07,-0.0034173426
1.695696e-07,-0.0034123162
1.696696e-07,-0.0034094439
1.697696e-07,-0.003410162
1.698696e-07,-0.0034151884
1.699696e-07,-0.0034238051
1.700696e-07,-0.003433858
1.701696e-07,-0.0034424747
1.702696e-07,-0.0034475011
1.703696e-07,-0.0034467831
1.704696e-07,-0.0034424747
1.705696e-07,-0.0034367302
1.706696e-07,-0.003433858
1.707696e-07,-0.0034352941
1.708696e-07,-0.0034410386
1.709696e-07,-0.0034496553
1.710696e-07,-0.0034561179
1.711696e-07,-0.0034582721
1.712696e-07,-0.0034561179
1.713696e-07,-0.0034510915
1.714696e-07,-0.0034467831
1.715696e-07,-0.0034467831
1.716696e-07,-0.0034510915
1.717696e-07,-0.0034589901
1.718696e-07,-0.0034661707
1.719696e-07,-0.003469761
1.720696e-07,-0.003469043
1.721696e-07,-0.0034647346
1.722696e-07,-0.0034604262
1.723696e-07,-0.0034582721
1.724696e-07,-0.0034597082
1.725696e-07,-0.0034640165
1.726696e-07,-0.0034683249
1.727696e-07,-0.003469761
1.728696e-07,-0.0034676068
1.729696e-07,-0.0034632985
1.730696e-07,-0.0034589901
1.731696e-07,-0.0034582721
1.732696e-07,-0.0034618624
1.733696e-07,-0.003469043
1.734696e-07,-0.0034762236
1.735696e-07,-0.00348125
1.736696e-07,-0.0034819681
1.737696e-07,-0.0034790958
1.738696e-07,-0.0034740694
1.739696e-07,-0.003469761
1.740696e-07,-0.0034668888
1.741696e-07,-0.0034647346
1.742696e-07,-0.0034625804
1.743696e-07,-0.0034582721
1.744696e-07,-0.0034532456
1.745696e-07,-0.0034475011
1.746696e-07,-0.003445347
1.747696e-07,-0.0034467831
1.748696e-07,-0.0034518095
1.749696e-07,-0.003457554
1.750696e-07,-0.0034604262
1.751696e-07,-0.0034582721
1.752696e-07,-0.0034510915
1.753696e-07,-0.0034424747
1.754696e-07,-0.0034352941
1.755696e-07,-0.0034352941
1.756696e-07,-0.0034417567
1.757696e-07,-0.0034532456
1.758696e-07,-0.0034640165
1.759696e-07,-0.003469761
1.760696e-07,-0.003469043
1.761696e-07,-0.0034640165
1.762696e-07,-0.0034589901
1.763696e-07,-0.0034582721
1.764696e-07,-0.0034654527
1.765696e-07,-0.0034790958
1.766696e-07,-0.003493457
1.767696e-07,-0.0035042279
1.768696e-07,-0.0035063821
1.769696e-07,-0.0034999196
1.770696e-07,-0.0034891487
1.771696e-07,-0.00348125
1.772696e-07,-0.00348125
1.773696e-07,-0.003492739
1.774696e-07,-0.0035135627
1.775696e-07,-0.0035386949
1.776696e-07,-0.0035609547
1.777696e-07,-0.0035767521
1.778696e-07,-0.0035832146
1.779696e-07,-0.0035846507
1.780696e-07,-0.0035846507
1.781696e-07,-0.003587523
1.782696e-07,-0.0035954216
1.783696e-07,-0.0036076287
1.784696e-07,-0.0036205538
1.785696e-07,-0.0036298886
1.786696e-07,-0.0036334789
1.787696e-07,-0.0036306066
1.788696e-07,-0.0036248621
1.789696e-07,-0.0036198357
1.790696e-07,-0.0036212718
1.791696e-07,-0.0036306066
1.792696e-07,-0.0036492762
1.793696e-07,-0.0036736903
1.794696e-07,-0.0037002585
1.795696e-07,-0.0037225184
1.796696e-07,-0.0037368796
1.797696e-07,-0.0037404699
1.798696e-07,-0.0037347254
1.799696e-07,-0.0037225184
1.800696e-07,-0.0037081572
1.801696e-07,-0.0036959501
1.802696e-07,-0.0036894876
1.803696e-07,-0.0036880515
1.804696e-07,-0.0036902057
1.805696e-07,-0.0036930779
1.806696e-07,-0.0036923598
1.807696e-07,-0.0036880515
1.808696e-07,-0.0036794347
1.809696e-07,-0.0036693819
1.810696e-07,-0.0036607652
1.811696e-07,-0.0036535846
1.812696e-07,-0.0036485581
1.813696e-07,-0.0036420956
1.814696e-07,-0.0036334789
1.815696e-07,-0.0036191176
1.816696e-07,-0.0036004481
1.817696e-07,-0.0035803424
1.818696e-07,-0.0035623909
1.819696e-07,-0.0035501838
1.820696e-07,-0.0035451574
1.821696e-07,-0.0035451574
1.822696e-07,-0.0035487477
1.823696e-07,-0.0035501838
1.824696e-07,-0.0035487477
1.825696e-07,-0.0035444393
1.826696e-07,-0.0035394129
1.827696e-07,-0.0035386949
1.828696e-07,-0.0035444393
1.829696e-07,-0.0035559283
1.830696e-07,-0.0035710076
1.831696e-07,-0.0035846507
1.832696e-07,-0.0035918313
1.833696e-07,-0.0035911133
1.834696e-07,-0.0035832146
1.835696e-07,-0.0035731618
1.836696e-07,-0.0035659812
1.837696e-07,-0.0035674173
1.838696e-07,-0.0035781882
1.839696e-07,-0.0035961397
1.840696e-07,-0.0036169635
1.841696e-07,-0.0036334789
1.842696e-07,-0.0036428136
1.843696e-07,-0.0036420956
1.844696e-07,-0.0036341969
1.845696e-07,-0.003622708
1.846696e-07,-0.0036126551
1.847696e-07,-0.0036076287
1.848696e-07,-0.0036090648
1.849696e-07,-0.0036162454
1.850696e-07,-0.0036277344
1.851696e-07,-0.0036420956
1.852696e-07,-0.003658611
1.853696e-07,-0.0036765625
1.854696e-07,-0.003694514
1.855696e-07,-0.0037110294
1.856696e-07,-0.0037239545
1.857696e-07,-0.003730417
1.858696e-07,-0.003729699
1.859696e-07,-0.0037225184
1.860696e-07,-0.0037131836
1.861696e-07,-0.0037052849
1.862696e-07,-0.0037038488
1.863696e-07,-0.0037110294
1.864696e-07,-0.0037246726
1.865696e-07,-0.0037404699
1.866696e-07,-0.0037526769
1.867696e-07,-0.0037569853
1.868696e-07,-0.003753395
1.869696e-07,-0.0037440602
1.870696e-07,-0.0037354435
1.871696e-07,-0.0037340074
1.872696e-07,-0.0037426241
1.873696e-07,-0.0037605756
1.874696e-07,-0.0037835535
1.875696e-07,-0.0038029412
1.876696e-07,-0.003812994
1.877696e-07,-0.0038108398
1.878696e-07,-0.0037979148
1.879696e-07,-0.0037799632
1.880696e-07,-0.003765602
1.881696e-07,-0.0037598575
1.882696e-07,-0.003765602
1.883696e-07,-0.0037799632
1.884696e-07,-0.0037986328
1.885696e-07,-0.0038144301
1.886696e-07,-0.0038237649
1.887696e-07,-0.0038259191
1.888696e-07,-0.0038237649
1.889696e-07,-0.0038216108
1.890696e-07,-0.0038216108
1.891696e-07,-0.0038259191
1.892696e-07,-0.0038323817
1.893696e-07,-0.0038374081
1.894696e-07,-0.0038395623
1.895696e-07,-0.0038374081
1.896696e-07,-0.0038330997
1.897696e-07,-0.0038302275
1.898696e-07,-0.0038316636
1.899696e-07,-0.0038374081
1.900696e-07,-0.0038453068
1.901696e-07,-0.0038524874
1.902696e-07,-0.0038539235
1.903696e-07,-0.0038488971
1.904696e-07,-0.0038395623
1.905696e-07,-0.0038295094
1.906696e-07,-0.003824483
1.907696e-07,-0.0038259191
1.908696e-07,-0.0038338178
1.909696e-07,-0.0038453068
1.910696e-07,-0.0038553596
1.911696e-07,-0.003860386
1.912696e-07,-0.003860386
1.913696e-07,-0.0038575138
1.914696e-07,-0.0038560777
1.915696e-07,-0.003860386
1.916696e-07,-0.0038704389
1.917696e-07,-0.0038848001
1.918696e-07,-0.0038977252
1.919696e-07,-0.0039063419
1.920696e-07,-0.00390706
1.921696e-07,-0.0039013155
1.922696e-07,-0.0038919807
1.923696e-07,-0.003883364
1.924696e-07,-0.0038776195
1.925696e-07,-0.0038747472
1.926696e-07,-0.0038740292
1.927696e-07,-0.003871875
1.928696e-07,-0.0038675666
1.929696e-07,-0.0038611041
1.930696e-07,-0.0038539235
1.931696e-07,-0.0038488971
1.932696e-07,-0.0038474609
1.933696e-07,-0.0038496151
1.934696e-07,-0.0038546415
1.935696e-07,-0.003860386
1.936696e-07,-0.0038654125
1.937696e-07,-0.0038697208
1.938696e-07,-0.003871875
1.939696e-07,-0.003871875
1.940696e-07,-0.0038682847
1.941696e-07,-0.003859668
1.942696e-07,-0.0038453068
1.943696e-07,-0.0038259191
1.944696e-07,-0.0038058134
1.945696e-07,-0.0037907341
1.946696e-07,-0.0037849897
1.947696e-07,-0.0037914522
1.948696e-07,-0.0038079676
1.949696e-07,-0.0038302275
1.950696e-07,-0.0038488971
1.951696e-07,-0.003860386
1.952696e-07,-0.0038611041
1.953696e-07,-0.0038539235
1.954696e-07,-0.0038445887
1.955696e-07,-0.0038374081
1.956696e-07,-0.00383669
1.957696e-07,-0.0038417165
1.958696e-07,-0.0038510512
1.959696e-07,-0.003860386
1.960696e-07,-0.0038690028
1.961696e-07,-0.0038761834
1.962696e-07,-0.003884082
1.963696e-07,-0.0038948529
1.964696e-07,-0.003907778
1.965696e-07,-0.0039199851
1.966696e-07,-0.0039278837
1.967696e-07,-0.0039293199
1.968696e-07,-0.0039242934
1.969696e-07,-0.0039156767
1.970696e-07,-0.0039084961
1.971696e-07,-0.0039063419
1.972696e-07,-0.0039106503
1.973696e-07,-0.003919267
1.974696e-07,-0.0039271657
1.975696e-07,-0.0039293199
1.976696e-07,-0.0039242934
1.977696e-07,-0.0039142406
1.978696e-07,-0.0039027516
1.979696e-07,-0.0038948529
1.980696e-07,-0.0038934168
1.981696e-07,-0.0038977252
1.982696e-07,-0.0039034697
1.983696e-07,-0.0039063419
1.984696e-07,-0.0039034697
1.985696e-07,-0.0038948529
1.986696e-07,-0.003883364
1.987696e-07,-0.003871875
1.988696e-07,-0.0038632583
1.989696e-07,-0.0038575138
1.990696e-07,-0.0038532054
1.991696e-07,-0.0038488971
1.992696e-07,-0.0038431526
1.993696e-07,-0.0038381261
1.994696e-07,-0.003835972
1.995696e-07,-0.0038374081
1.996696e-07,-0.0038431526
1.997696e-07,-0.0038517693
1.998696e-07,-0.0038582318
1.999696e-07,-0.003860386
2.000696e-07,-0.0038582318
2.001696e-07,-0.0038539235
2.002696e-07,-0.0038496151
2.003696e-07,-0.0038488971
2.004696e-07,-0.0038503332
2.005696e-07,-0.0038510512
2.006696e-07,-0.0038474609
2.007696e-07,-0.0038374081
2.008696e-07,-0.0038223288
2.009696e-07,-0.0038079676
2.010696e-07,-0.0037993509
2.011696e-07,-0.0038029412
2.012696e-07,-0.0038187385
2.013696e-07,-0.0038417165
2.014696e-07,-0.0038661305
2.015696e-07,-0.003883364
2.016696e-07,-0.0038905446
2.017696e-07,-0.0038876723
2.018696e-07,-0.0038797737
2.019696e-07,-0.003871875
2.020696e-07,-0.0038675666
2.021696e-07,-0.0038682847
2.022696e-07,-0.0038704389
2.023696e-07,-0.003871875
2.024696e-07,-0.0038711569
2.025696e-07,-0.0038697208
2.026696e-07,-0.0038690028
2.027696e-07,-0.003871875
2.028696e-07,-0.0038776195
2.029696e-07,-0.003884082
2.030696e-07,-0.0038869543
2.031696e-07,-0.003883364
2.032696e-07,-0.0038733111
2.033696e-07,-0.003860386
2.034696e-07,-0.0038510512
2.035696e-07,-0.0038488971
2.036696e-07,-0.0038553596
2.037696e-07,-0.0038668486
2.038696e-07,-0.0038776195
2.039696e-07,-0.003883364
2.040696e-07,-0.0038819278
2.041696e-07,-0.0038754653
2.042696e-07,-0.0038704389
2.043696e-07,-0.003871875
2.044696e-07,-0.0038826459
2.045696e-07,-0.0038991613
2.046696e-07,-0.0039171128
2.047696e-07,-0.0039293199
2.048696e-07,-0.0039329102
2.049696e-07,-0.0039286018
2.050696e-07,-0.0039214212
2.051696e-07,-0.0039178309
2.052696e-07,-0.0039207031
2.053696e-07,-0.0039300379
2.054696e-07,-0.0039422449
2.055696e-07,-0.0039522978
2.056696e-07,-0.0039566062
2.057696e-07,-0.0039558881
2.058696e-07,-0.0039530159
2.059696e-07,-0.0039522978
2.060696e-07,-0.0039558881
2.061696e-07,-0.0039630687
2.062696e-07,-0.0039709674
2.063696e-07,-0.0039752757
2.064696e-07,-0.0039752757
2.065696e-07,-0.0039724035
2.066696e-07,-0.0039709674
2.067696e-07,-0.0039752757
2.068696e-07,-0.0039882008
2.069696e-07,-0.0040075885
2.070696e-07,-0.0040276942
2.071696e-07,-0.0040442096
2.072696e-07,-0.0040521082
2.073696e-07,-0.0040521082
2.074696e-07,-0.0040477999
2.075696e-07,-0.0040442096
2.076696e-07,-0.0040463637
2.077696e-07,-0.0040542624
2.078696e-07,-0.0040664694
2.079696e-07,-0.0040786765
2.080696e-07,-0.0040865751
2.081696e-07,-0.0040887293
2.082696e-07,-0.004085139
2.083696e-07,-0.0040786765
2.084696e-07,-0.0040707778
2.085696e-07,-0.0040643153
2.086696e-07,-0.0040592888
2.087696e-07,-0.0040556985
2.088696e-07,-0.0040542624
2.089696e-07,-0.0040556985
2.090696e-07,-0.0040600069
2.091696e-07,-0.0040671875
2.092696e-07,-0.0040758042
2.093696e-07,-0.0040829848
2.094696e-07,-0.0040872932
2.095696e-07,-0.0040901654
2.096696e-07,-0.0040930377
2.097696e-07,-0.0040987822
2.098696e-07,-0.0041095531
2.099696e-07,-0.0041246324
2.100696e-07,-0.0041389936
2.101696e-07,-0.0041468922
2.102696e-07,-0.0041461742
2.103696e-07,-0.0041361213
2.104696e-07,-0.0041231962
2.105696e-07,-0.0041152976
2.106696e-07,-0.0041196059
2.107696e-07,-0.0041361213
2.108696e-07,-0.0041598173
2.109696e-07,-0.0041806411
2.110696e-07,-0.0041892578
2.111696e-07,-0.0041820772
2.112696e-07,-0.0041634076
2.113696e-07,-0.00414402
2.114696e-07,-0.0041361213
2.115696e-07,-0.0041476103
2.116696e-07,-0.0041770508
2.117696e-07,-0.0042136719
2.118696e-07,-0.0042459846
2.119696e-07,-0.0042625
2.120696e-07,-0.0042610639
2.121696e-07,-0.0042474207
2.122696e-07,-0.0042330595
2.123696e-07,-0.0042280331
2.124696e-07,-0.0042359318
2.125696e-07,-0.0042531652
2.126696e-07,-0.0042725528
2.127696e-07,-0.0042854779
2.128696e-07,-0.0042905044
2.129696e-07,-0.0042919405
2.130696e-07,-0.0042962489
2.131696e-07,-0.0043084559
2.132696e-07,-0.0043285616
2.133696e-07,-0.0043493853
2.134696e-07,-0.0043601563
2.135696e-07,-0.0043544118
2.136696e-07,-0.0043314338
2.137696e-07,-0.0042998392
2.138696e-07,-0.0042732709
2.139696e-07,-0.0042625
2.140696e-07,-0.0042703987
2.141696e-07,-0.0042905044
2.142696e-07,-0.0043113281
2.143696e-07,-0.0043199449
2.144696e-07,-0.0043120462
2.145696e-07,-0.0042919405
2.146696e-07,-0.0042718348
2.147696e-07,-0.0042625
2.148696e-07,-0.0042703987
2.149696e-07,-0.0042926585
2.150696e-07,-0.0043170726
2.151696e-07,-0.0043314338
2.152696e-07,-0.0043278435
2.153696e-07,-0.0043070198
2.154696e-07,-0.0042775793
2.155696e-07,-0.004251011
2.156696e-07,-0.0042359318
2.157696e-07,-0.0042344956
2.158696e-07,-0.0042416762
2.159696e-07,-0.004251011
2.160696e-07,-0.0042567555
2.161696e-07,-0.0042581916
2.162696e-07,-0.0042581916
2.163696e-07,-0.0042625
2.164696e-07,-0.0042718348
2.165696e-07,-0.0042826057
2.166696e-07,-0.0042890682
2.167696e-07,-0.0042854779
2.168696e-07,-0.0042711167
2.169696e-07,-0.0042524472
2.170696e-07,-0.004238804
2.171696e-07,-0.0042395221
2.172696e-07,-0.0042574736
2.173696e-07,-0.0042883502
2.174696e-07,-0.0043206629
2.175696e-07,-0.0043429228
2.176696e-07,-0.0043486673
2.177696e-07,-0.0043393325
2.178696e-07,-0.004322099
2.179696e-07,-0.0043084559
2.180696e-07,-0.0043041475
2.181696e-07,-0.0043106101
2.182696e-07,-0.004322099
2.183696e-07,-0.0043314338
2.184696e-07,-0.0043343061
2.185696e-07,-0.0043314338
2.186696e-07,-0.0043285616
2.187696e-07,-0.0043314338
2.188696e-07,-0.0043436409
2.189696e-07,-0.0043615924
2.190696e-07,-0.0043795439
2.191696e-07,-0.0043888787
2.192696e-07,-0.0043860064
2.193696e-07,-0.0043723633
2.194696e-07,-0.0043558479
2.195696e-07,-0.0043429228
2.196696e-07,-0.0043386144
2.197696e-07,-0.0043407686
2.198696e-07,-0.0043443589
2.199696e-07,-0.0043429228
2.200696e-07,-0.0043321519
2.201696e-07,-0.0043149184
2.202696e-07,-0.0042969669
2.203696e-07,-0.0042854779
2.204696e-07,-0.0042847599
2.205696e-07,-0.0042926585
2.206696e-07,-0.0043027114
2.207696e-07,-0.0043084559
2.208696e-07,-0.0043048656
2.209696e-07,-0.0042926585
2.210696e-07,-0.0042768612
2.211696e-07,-0.0042625
2.212696e-07,-0.0042538833
2.213696e-07,-0.0042495749
2.214696e-07,-0.0042459846
2.215696e-07,-0.0042395221
2.216696e-07,-0.0042294692
2.217696e-07,-0.0042186983
2.218696e-07,-0.0042129538
2.219696e-07,-0.0042165441
2.220696e-07,-0.0042294692
2.221696e-07,-0.0042474207
2.222696e-07,-0.0042603458
2.223696e-07,-0.0042625
2.224696e-07,-0.0042517291
2.225696e-07,-0.0042330595
2.226696e-07,-0.004215108
2.227696e-07,-0.0042050551
2.228696e-07,-0.0042064913
2.229696e-07,-0.0042165441
2.230696e-07,-0.0042258789
2.231696e-07,-0.0042280331
2.232696e-07,-0.0042194164
2.233696e-07,-0.004202901
2.234696e-07,-0.0041878217
2.235696e-07,-0.0041820772
2.236696e-07,-0.0041899759
2.237696e-07,-0.0042079274
2.238696e-07,-0.0042280331
2.239696e-07,-0.0042395221
2.240696e-07,-0.0042373679
2.241696e-07,-0.0042215705
2.242696e-07,-0.0042000287
2.243696e-07,-0.0041820772
2.244696e-07,-0.0041741785
2.245696e-07,-0.0041770508
2.246696e-07,-0.0041863856
2.247696e-07,-0.0041935662
2.248696e-07,-0.0041921301
2.249696e-07,-0.0041813591
2.250696e-07,-0.0041641257
2.251696e-07,-0.0041476103
2.252696e-07,-0.0041382755
2.253696e-07,-0.0041382755
2.254696e-07,-0.0041468922
2.255696e-07,-0.0041590993
2.256696e-07,-0.0041698702
2.257696e-07,-0.0041763327
2.258696e-07,-0.0041763327
2.259696e-07,-0.0041705882
2.260696e-07,-0.0041605354
2.261696e-07,-0.0041483284
2.262696e-07,-0.0041346852
2.263696e-07,-0.0041246324
2.264696e-07,-0.0041217601
2.265696e-07,-0.0041303768
2.266696e-07,-0.0041512006
2.267696e-07,-0.0041820772
2.268696e-07,-0.0042136719
2.269696e-07,-0.0042366498
2.270696e-07,-0.0042416762
2.271696e-07,-0.0042280331
2.272696e-07,-0.0042021829
2.273696e-07,-0.0041763327
2.274696e-07,-0.0041634076
2.275696e-07,-0.0041705882
2.276696e-07,-0.0041950023
2.277696e-07,-0.0042258789
2.278696e-07,-0.0042481388
2.279696e-07,-0.004251011
2.280696e-07,-0.0042323415
2.281696e-07,-0.0042007468
2.282696e-07,-0.0041720244
2.283696e-07,-0.0041590993
2.284696e-07,-0.0041684341
2.285696e-07,-0.0041950023
2.286696e-07,-0.004227315
2.287696e-07,-0.004251011
2.288696e-07,-0.0042574736
2.289696e-07,-0.0042481388
2.290696e-07,-0.0042301873
2.291696e-07,-0.0042165441
2.292696e-07,-0.0042143899
2.293696e-07,-0.0042244428
2.294696e-07,-0.0042395221
2.295696e-07,-0.004251011
2.296696e-07,-0.004251011
2.297696e-07,-0.004238804
2.298696e-07,-0.0042201344
2.299696e-07,-0.0042050551
2.300696e-07,-0.0042000287
2.301696e-07,-0.0042079274
2.302696e-07,-0.0042237247
2.303696e-07,-0.0042395221
2.304696e-07,-0.0042481388
2.305696e-07,-0.0042459846
2.306696e-07,-0.0042337776
2.307696e-07,-0.0042165441
2.308696e-07,-0.0041993107
2.309696e-07,-0.0041856675
2.310696e-07,-0.0041763327
2.311696e-07,-0.0041705882
2.312696e-07,-0.0041684341
2.313696e-07,-0.0041713063
2.314696e-07,-0.004179205
2.315696e-07,-0.0041935662
2.316696e-07,-0.0042115177
2.317696e-07,-0.0042280331
2.318696e-07,-0.0042380859
2.319696e-07,-0.0042395221
2.320696e-07,-0.0042330595
2.321696e-07,-0.0042251608
2.322696e-07,-0.0042215705
2.323696e-07,-0.0042280331
2.324696e-07,-0.0042431124
2.325696e-07,-0.0042625
2.326696e-07,-0.0042782973
2.327696e-07,-0.0042854779
2.328696e-07,-0.0042847599
2.329696e-07,-0.0042818876
2.330696e-07,-0.0042840418
2.331696e-07,-0.0042969669
2.332696e-07,-0.004321381
2.333696e-07,-0.0043501034
2.334696e-07,-0.0043752355
2.335696e-07,-0.0043888787
2.336696e-07,-0.0043895967
2.337696e-07,-0.0043824161
2.338696e-07,-0.0043759536
2.339696e-07,-0.0043773897
2.340696e-07,-0.0043888787
2.341696e-07,-0.0044061121
2.342696e-07,-0.0044197553
2.343696e-07,-0.0044233456
2.344696e-07,-0.004416165
2.345696e-07,-0.0044032399
2.346696e-07,-0.0043953412
2.347696e-07,-0.0044003676
2.348696e-07,-0.0044211914
2.349696e-07,-0.00445135
2.350696e-07,-0.0044786363
2.351696e-07,-0.0044922794
2.352696e-07,-0.0044858169
2.353696e-07,-0.004463557
2.354696e-07,-0.0044348346
2.355696e-07,-0.0044118566
2.356696e-07,-0.0044025218
2.357696e-07,-0.0044068302
2.358696e-07,-0.004416883
2.359696e-07,-0.0044233456
2.360696e-07,-0.0044190372
2.361696e-07,-0.0044032399
2.362696e-07,-0.0043824161
2.363696e-07,-0.0043659007
2.364696e-07,-0.0043601563
2.365696e-07,-0.0043666188
2.366696e-07,-0.0043788258
2.367696e-07,-0.0043888787
2.368696e-07,-0.0043895967
2.369696e-07,-0.0043781078
2.370696e-07,-0.0043601563
2.371696e-07,-0.0043429228
2.372696e-07,-0.004333588
2.373696e-07,-0.0043343061
2.374696e-07,-0.0043429228
2.375696e-07,-0.0043544118
2.376696e-07,-0.0043623104
2.377696e-07,-0.0043630285
2.378696e-07,-0.0043594382
2.379696e-07,-0.0043544118
2.380696e-07,-0.0043529756
2.381696e-07,-0.0043551298
2.382696e-07,-0.0043608743
2.383696e-07,-0.0043659007
2.384696e-07,-0.0043666188
2.385696e-07,-0.0043615924
2.386696e-07,-0.0043522576
2.387696e-07,-0.0043429228
2.388696e-07,-0.0043350241
2.389696e-07,-0.0043299977
2.390696e-07,-0.0043256893
2.391696e-07,-0.0043199449
2.392696e-07,-0.0043127642
2.393696e-07,-0.0043055836
2.394696e-07,-0.0043034295
2.395696e-07,-0.0043084559
2.396696e-07,-0.0043228171
2.397696e-07,-0.0043429228
2.398696e-07,-0.0043637466
2.399696e-07,-0.0043773897
2.400696e-07,-0.0043795439
2.401696e-07,-0.004369491
2.402696e-07,-0.0043515395
2.403696e-07,-0.0043314338
2.404696e-07,-0.0043156365
2.405696e-07,-0.0043063017
2.406696e-07,-0.0043048656
2.407696e-07,-0.0043084559
2.408696e-07,-0.0043142004
2.409696e-07,-0.004321381
2.410696e-07,-0.0043307158
2.411696e-07,-0.0043429228
2.412696e-07,-0.0043594382
2.413696e-07,-0.0043781078
2.414696e-07,-0.0043967773
2.415696e-07,-0.0044118566
2.416696e-07,-0.0044197553
2.417696e-07,-0.0044211914
2.418696e-07,-0.004416883
2.419696e-07,-0.0044118566
2.420696e-07,-0.0044082663
2.421696e-07,-0.0044097024
2.422696e-07,-0.0044147289
2.423696e-07,-0.0044233456
2.424696e-07,-0.0044333984
2.425696e-07,-0.0044434513
2.426696e-07,-0.00445135
2.427696e-07,-0.0044578125
2.428696e-07,-0.0044606847
2.429696e-07,-0.0044599667
2.430696e-07,-0.0044549403
2.431696e-07,-0.0044463235
2.432696e-07,-0.0044377068
2.433696e-07,-0.0044312443
2.434696e-07,-0.0044305262
2.435696e-07,-0.0044348346
2.436696e-07,-0.0044434513
2.437696e-07,-0.00445135
2.438696e-07,-0.0044570944
2.439696e-07,-0.0044578125
2.440696e-07,-0.0044556583
2.441696e-07,-0.0044549403
2.442696e-07,-0.0044585306
2.443696e-07,-0.0044693015
2.444696e-07,-0.0044858169
2.445696e-07,-0.0045037684
2.446696e-07,-0.0045181296
2.447696e-07,-0.0045267463
2.448696e-07,-0.0045296186
2.449696e-07,-0.0045303366
2.450696e-07,-0.0045324908
2.451696e-07,-0.0045382353
2.452696e-07,-0.004546852
2.453696e-07,-0.0045540326
2.454696e-07,-0.0045554687
2.455696e-07,-0.0045497243
2.456696e-07,-0.0045382353
2.457696e-07,-0.0045274644
2.458696e-07,-0.004522438
2.459696e-07,-0.0045267463
2.460696e-07,-0.0045396714
2.461696e-07,-0.0045561868
2.462696e-07,-0.0045683938
2.463696e-07,-0.0045727022
2.464696e-07,-0.0045683938
2.465696e-07,-0.0045590591
2.466696e-07,-0.0045511604
2.467696e-07,-0.0045497243
2.468696e-07,-0.0045540326
2.469696e-07,-0.0045604952
2.470696e-07,-0.0045640855
2.471696e-07,-0.0045612132
2.472696e-07,-0.0045533146
2.473696e-07,-0.004546134
2.474696e-07,-0.0045475701
2.475696e-07,-0.0045612132
2.476696e-07,-0.0045856273
2.477696e-07,-0.0046136317
2.478696e-07,-0.0046344554
2.479696e-07,-0.004641636
2.480696e-07,-0.0046330193
2.481696e-07,-0.0046136317
2.482696e-07,-0.0045949621
2.483696e-07,-0.0045841912
2.484696e-07,-0.0045863454
2.485696e-07,-0.0045992705
2.486696e-07,-0.0046165039
2.487696e-07,-0.0046301471
2.488696e-07,-0.0046380457
2.489696e-07,-0.004640918
2.490696e-07,-0.0046445083
2.491696e-07,-0.004653125
2.492696e-07,-0.0046674862
2.493696e-07,-0.0046832835
2.494696e-07,-0.0046954906
2.495696e-07,-0.0046990809
2.496696e-07,-0.0046940545
2.497696e-07,-0.0046861558
2.498696e-07,-0.0046825655
2.499696e-07,-0.0046875919
2.500696e-07,-0.0047019531
2.501696e-07,-0.0047191866
2.502696e-07,-0.0047313936
2.503696e-07,-0.0047335478
2.504696e-07,-0.0047256491
2.505696e-07,-0.0047155963
2.506696e-07,-0.004712006
2.507696e-07,-0.0047220588
2.508696e-07,-0.0047450368
2.509696e-07,-0.0047737592
2.510696e-07,-0.0047960191
2.511696e-07,-0.0048024816
2.512696e-07,-0.0047917107
2.513696e-07,-0.0047708869
2.514696e-07,-0.0047514993
2.515696e-07,-0.0047450368
2.516696e-07,-0.0047550896
2.517696e-07,-0.0047780676
2.518696e-07,-0.0048010455
2.519696e-07,-0.0048139706
2.520696e-07,-0.0048118164
2.521696e-07,-0.0047974552
2.522696e-07,-0.0047795037
2.523696e-07,-0.0047680147
2.524696e-07,-0.0047672966
2.525696e-07,-0.0047751953
2.526696e-07,-0.0047816579
2.527696e-07,-0.0047795037
2.528696e-07,-0.0047651425
2.529696e-07,-0.0047436006
2.530696e-07,-0.0047263672
2.531696e-07,-0.0047220588
2.532696e-07,-0.004735702
2.533696e-07,-0.0047615522
2.534696e-07,-0.0047881204
2.535696e-07,-0.0048024816
2.536696e-07,-0.0047967371
2.537696e-07,-0.0047744773
2.538696e-07,-0.0047450368
2.539696e-07,-0.0047220588
2.540696e-07,-0.0047148782
2.541696e-07,-0.004724213
2.542696e-07,-0.0047421645
2.543696e-07,-0.0047565257
2.544696e-07,-0.0047586799
2.545696e-07,-0.0047471909
2.546696e-07,-0.0047278033
2.547696e-07,-0.0047105699
2.548696e-07,-0.0047048254
2.549696e-07,-0.0047141602
2.550696e-07,-0.0047342659
2.551696e-07,-0.0047565257
2.552696e-07,-0.0047723231
2.553696e-07,-0.0047780676
2.554696e-07,-0.0047744773
2.555696e-07,-0.0047680147
2.556696e-07,-0.0047637063
2.557696e-07,-0.0047651425
2.558696e-07,-0.004771605
2.559696e-07,-0.0047795037
2.560696e-07,-0.0047845301
2.561696e-07,-0.0047859662
2.562696e-07,-0.004783094
2.563696e-07,-0.0047795037
2.564696e-07,-0.0047759134
2.565696e-07,-0.004771605
2.566696e-07,-0.0047658605
2.567696e-07,-0.0047565257
2.568696e-07,-0.0047457548
2.569696e-07,-0.004735702
2.570696e-07,-0.0047306756
2.571696e-07,-0.0047335478
2.572696e-07,-0.0047428826
2.573696e-07,-0.0047536535
2.574696e-07,-0.004760116
2.575696e-07,-0.0047565257
2.576696e-07,-0.0047436006
2.577696e-07,-0.0047249311
2.578696e-07,-0.0047076976
2.579696e-07,-0.0046990809
2.580696e-07,-0.0046997989
2.581696e-07,-0.0047076976
2.582696e-07,-0.0047170324
2.583696e-07,-0.0047220588
2.584696e-07,-0.0047220588
2.585696e-07,-0.0047191866
2.586696e-07,-0.0047184685
2.587696e-07,-0.0047220588
2.588696e-07,-0.0047306756
2.589696e-07,-0.0047385742
2.590696e-07,-0.0047407284
2.591696e-07,-0.0047335478
2.592696e-07,-0.0047177505
2.593696e-07,-0.0046983628
2.594696e-07,-0.0046832835
2.595696e-07,-0.0046761029
2.596696e-07,-0.004676821
2.597696e-07,-0.0046796932
2.598696e-07,-0.004676821
2.599696e-07,-0.004664614
2.600696e-07,-0.0046437902
2.601696e-07,-0.0046222484
2.602696e-07,-0.0046078872
2.603696e-07,-0.0046071691
2.604696e-07,-0.0046186581
2.605696e-07,-0.0046337374
2.606696e-07,-0.0046437902
2.607696e-07,-0.004641636
2.608696e-07,-0.0046279929
2.609696e-07,-0.0046093233
2.610696e-07,-0.0045963982
2.611696e-07,-0.0045956801
2.612696e-07,-0.004605733
2.613696e-07,-0.00461794
2.614696e-07,-0.0046208123
2.615696e-07,-0.0046071691
2.616696e-07,-0.0045784467
2.617696e-07,-0.0045446978
2.618696e-07,-0.0045202838
2.619696e-07,-0.0045152574
2.620696e-07,-0.0045317727
2.621696e-07,-0.0045597771
2.622696e-07,-0.0045856273
2.623696e-07,-0.0045956801
2.624696e-07,-0.0045856273
2.625696e-07,-0.0045626494
2.626696e-07,-0.0045382353
2.627696e-07,-0.0045267463
2.628696e-07,-0.0045317727
2.629696e-07,-0.0045490062
2.630696e-07,-0.0045662397
2.631696e-07,-0.0045727022
2.632696e-07,-0.0045633674
2.633696e-07,-0.0045439798
2.634696e-07,-0.0045281824
2.635696e-07,-0.0045267463
2.636696e-07,-0.004546134
2.637696e-07,-0.0045806009
2.638696e-07,-0.004617222
2.639696e-07,-0.004641636
2.640696e-07,-0.0046459444
2.641696e-07,-0.0046330193
2.642696e-07,-0.0046121955
2.643696e-07,-0.0045956801
2.644696e-07,-0.0045928079
2.645696e-07,-0.0046021427
2.646696e-07,-0.00461794
2.647696e-07,-0.0046301471
2.648696e-07,-0.0046344554
2.649696e-07,-0.0046323012
2.650696e-07,-0.0046323012
2.651696e-07,-0.004641636
2.652696e-07,-0.0046624598
2.653696e-07,-0.0046904642
2.654696e-07,-0.0047134421
2.655696e-07,-0.0047220588
2.656696e-07,-0.004712006
2.657696e-07,-0.004689028
2.658696e-07,-0.004665332
2.659696e-07,-0.004653125
2.660696e-07,-0.0046588695
2.661696e-07,-0.0046804113
2.662696e-07,-0.0047055434
2.663696e-07,-0.0047220588
2.664696e-07,-0.0047220588
2.665696e-07,-0.0047055434
2.666696e-07,-0.0046825655
2.667696e-07,-0.004664614
2.668696e-07,-0.0046595875
2.669696e-07,-0.0046689223
2.670696e-07,-0.0046847197
2.671696e-07,-0.0046990809
2.672696e-07,-0.0047041073
2.673696e-07,-0.004700517
2.674696e-07,-0.0046919003
2.675696e-07,-0.0046875919
2.676696e-07,-0.0046911822
2.677696e-07,-0.0047026712
2.678696e-07,-0.0047155963
2.679696e-07,-0.0047220588
2.680696e-07,-0.0047177505
2.681696e-07,-0.0047041073
2.682696e-07,-0.00468831
2.683696e-07,-0.0046761029
2.684696e-07,-0.0046732307
2.685696e-07,-0.0046775391
2.686696e-07,-0.0046847197
2.687696e-07,-0.0046875919
2.688696e-07,-0.0046832835
2.689696e-07,-0.0046746668
2.690696e-07,-0.0046667682
2.691696e-07,-0.004664614
2.692696e-07,-0.0046703585
2.693696e-07,-0.0046804113
2.694696e-07,-0.0046875919
2.695696e-07,-0.0046875919
2.696696e-07,-0.0046789752
2.697696e-07,-0.0046674862
2.698696e-07,-0.0046603056
2.699696e-07,-0.004664614
2.700696e-07,-0.0046804113
2.701696e-07,-0.0047019531
2.702696e-07,-0.0047184685
2.703696e-07,-0.0047220588
2.704696e-07,-0.0047105699
2.705696e-07,-0.0046904642
2.706696e-07,-0.0046717946
2.707696e-07,-0.004664614
2.708696e-07,-0.0046717946
2.709696e-07,-0.004689028
2.710696e-07,-0.0047048254
2.711696e-07,-0.0047105699
2.712696e-07,-0.0047019531
2.713696e-07,-0.0046840016
2.714696e-07,-0.0046682043
2.715696e-07,-0.004664614
2.716696e-07,-0.0046789752
2.717696e-07,-0.0047084157
2.718696e-07,-0.0047421645
2.719696e-07,-0.0047680147
2.720696e-07,-0.0047787856
2.721696e-07,-0.0047751953
2.722696e-07,-0.0047644244
2.723696e-07,-0.0047565257
2.724696e-07,-0.0047572438
2.725696e-07,-0.0047658605
2.726696e-07,-0.0047759134
2.727696e-07,-0.0047795037
2.728696e-07,-0.0047723231
2.729696e-07,-0.0047550896
2.730696e-07,-0.0047349839
2.731696e-07,-0.0047220588
2.732696e-07,-0.0047206227
2.733696e-07,-0.0047306756
2.734696e-07,-0.0047450368
2.735696e-07,-0.0047565257
2.736696e-07,-0.004760116
2.737696e-07,-0.0047550896
2.738696e-07,-0.004747909
2.739696e-07,-0.0047450368
2.740696e-07,-0.0047493451
2.741696e-07,-0.0047586799
2.742696e-07,-0.0047680147
2.743696e-07,-0.0047680147
2.744696e-07,-0.0047558077
2.745696e-07,-0.0047335478
2.746696e-07,-0.0047084157
2.747696e-07,-0.0046875919
2.748696e-07,-0.0046775391
2.749696e-07,-0.0046782571
2.750696e-07,-0.0046832835
2.751696e-07,-0.0046875919
2.752696e-07,-0.0046854377
2.753696e-07,-0.0046761029
2.754696e-07,-0.0046631778
2.755696e-07,-0.004653125
2.756696e-07,-0.0046488166
2.757696e-07,-0.0046495347
2.758696e-07,-0.0046516889
2.759696e-07,-0.004653125
2.760696e-07,-0.0046509708
2.761696e-07,-0.0046480986
2.762696e-07,-0.0046473805
2.763696e-07,-0.004653125
2.764696e-07,-0.0046638959
2.765696e-07,-0.0046753849
2.766696e-07,-0.0046811294
2.767696e-07,-0.0046761029
2.768696e-07,-0.0046610237
2.769696e-07,-0.004640918
2.770696e-07,-0.0046244026
2.771696e-07,-0.0046186581
2.772696e-07,-0.0046251206
2.773696e-07,-0.0046401999
2.774696e-07,-0.0046559972
2.775696e-07,-0.004664614
2.776696e-07,-0.0046631778
2.777696e-07,-0.0046545611
2.778696e-07,-0.0046445083
2.779696e-07,-0.004641636
2.780696e-07,-0.0046480986
2.781696e-07,-0.0046610237
2.782696e-07,-0.0046761029
2.783696e-07,-0.0046875919
2.784696e-07,-0.0046933364
2.785696e-07,-0.0046962086
2.786696e-07,-0.004700517
2.787696e-07,-0.0047105699
2.788696e-07,-0.0047256491
2.789696e-07,-0.0047400103
2.790696e-07,-0.004747909
2.791696e-07,-0.0047450368
2.792696e-07,-0.0047335478
2.793696e-07,-0.0047199046
2.794696e-07,-0.0047141602
2.795696e-07,-0.0047220588
2.796696e-07,-0.0047436006
2.797696e-07,-0.004771605
2.798696e-07,-0.0047938649
2.799696e-07,-0.0048024816
2.800696e-07,-0.0047960191
2.801696e-07,-0.0047809398
2.802696e-07,-0.0047687328
2.803696e-07,-0.0047680147
2.804696e-07,-0.0047816579
2.805696e-07,-0.0048024816
2.806696e-07,-0.0048211512
2.807696e-07,-0.0048254596
2.808696e-07,-0.0048125345
2.809696e-07,-0.0047874023
2.810696e-07,-0.0047608341
2.811696e-07,-0.0047450368
2.812696e-07,-0.0047457548
2.813696e-07,-0.004760116
2.814696e-07,-0.0047787856
2.815696e-07,-0.0047909926
2.816696e-07,-0.0047895565
2.817696e-07,-0.0047766314
2.818696e-07,-0.0047579619
2.819696e-07,-0.0047450368
2.820696e-07,-0.0047421645
2.821696e-07,-0.0047500632
2.822696e-07,-0.0047608341
2.823696e-07,-0.0047680147
2.824696e-07,-0.0047658605
2.825696e-07,-0.0047558077
2.826696e-07,-0.0047428826
2.827696e-07,-0.0047335478
2.828696e-07,-0.0047321117
2.829696e-07,-0.0047371381
2.830696e-07,-0.0047428826
2.831696e-07,-0.0047450368
2.832696e-07,-0.0047407284
2.833696e-07,-0.0047335478
2.834696e-07,-0.0047299575
2.835696e-07,-0.0047335478
2.836696e-07,-0.0047457548
2.837696e-07,-0.0047608341
2.838696e-07,-0.0047701689
2.839696e-07,-0.0047680147
2.840696e-07,-0.0047543716
2.841696e-07,-0.0047371381
2.842696e-07,-0.0047270852
2.843696e-07,-0.0047335478
2.844696e-07,-0.0047586799
2.845696e-07,-0.004795301
2.846696e-07,-0.0048297679
2.847696e-07,-0.0048484375
2.848696e-07,-0.0048448472
2.849696e-07,-0.0048218693
2.850696e-07,-0.0047917107
2.851696e-07,-0.0047680147
2.852696e-07,-0.0047608341
2.853696e-07,-0.004771605
2.854696e-07,-0.0047931468
2.855696e-07,-0.0048139706
2.856696e-07,-0.0048254596
2.857696e-07,-0.0048233054
2.858696e-07,-0.0048132525
2.859696e-07,-0.0048024816
2.860696e-07,-0.0047981733
2.861696e-07,-0.0048024816
2.862696e-07,-0.0048132525
2.863696e-07,-0.0048254596
2.864696e-07,-0.0048340763
2.865696e-07,-0.0048383847
2.866696e-07,-0.004841975
2.867696e-07,-0.0048484375
2.868696e-07,-0.0048613626
2.869696e-07,-0.004877878
2.870696e-07,-0.0048951114
2.871696e-07,-0.0049058824
2.872696e-07,-0.0049073185
2.873696e-07,-0.0049008559
2.874696e-07,-0.0048908031
2.875696e-07,-0.0048829044
2.876696e-07,-0.0048821864
2.877696e-07,-0.0048879308
2.878696e-07,-0.0048965476
2.879696e-07,-0.0049058824
2.880696e-07,-0.0049123449
2.881696e-07,-0.0049188074
2.882696e-07,-0.0049267061
2.883696e-07,-0.0049403493
2.884696e-07,-0.0049597369
2.885696e-07,-0.0049805607
2.886696e-07,-0.0049992302
2.887696e-07,-0.0050092831
2.888696e-07,-0.0050114373
2.889696e-07,-0.005008565
2.890696e-07,-0.0050064108
2.891696e-07,-0.0050092831
2.892696e-07,-0.0050178998
2.893696e-07,-0.0050279527
2.894696e-07,-0.0050344152
2.895696e-07,-0.005032261
2.896696e-07,-0.0050229262
2.897696e-07,-0.0050128734
2.898696e-07,-0.0050100011
2.899696e-07,-0.0050207721
2.900696e-07,-0.0050459042
2.901696e-07,-0.0050782169
2.902696e-07,-0.0051076574
2.903696e-07,-0.0051241728
2.904696e-07,-0.0051241728
2.905696e-07,-0.0051105296
2.906696e-07,-0.0050925781
2.907696e-07,-0.0050782169
2.908696e-07,-0.0050746266
2.909696e-07,-0.0050803711
2.910696e-07,-0.005091142
2.911696e-07,-0.0051011949
2.912696e-07,-0.0051062213
2.913696e-07,-0.0051069393
2.914696e-07,-0.0051076574
2.915696e-07,-0.0051126838
2.916696e-07,-0.0051227367
2.917696e-07,-0.0051342256
2.918696e-07,-0.0051399701
2.919696e-07,-0.0051356618
2.920696e-07,-0.0051205825
2.921696e-07,-0.0050997587
2.922696e-07,-0.0050825253
2.923696e-07,-0.0050782169
2.924696e-07,-0.0050882698
2.925696e-07,-0.0051076574
2.926696e-07,-0.005127045
2.927696e-07,-0.0051356618
2.928696e-07,-0.0051277631
2.929696e-07,-0.0051062213
2.930696e-07,-0.0050782169
2.931696e-07,-0.005055239
2.932696e-07,-0.00504375
2.933696e-07,-0.00504375
2.934696e-07,-0.0050509306
2.935696e-07,-0.005055239
2.936696e-07,-0.0050516487
2.937696e-07,-0.0050387236
2.938696e-07,-0.0050222082
2.939696e-07,-0.0050092831
2.940696e-07,-0.0050064108
2.941696e-07,-0.0050150276
2.942696e-07,-0.0050301068
2.943696e-07,-0.00504375
2.944696e-07,-0.0050494945
2.945696e-07,-0.00504375
2.946696e-07,-0.0050286707
2.947696e-07,-0.0050092831
2.948696e-07,-0.0049920496
2.949696e-07,-0.0049805607
2.950696e-07,-0.0049755342
2.951696e-07,-0.0049748162
2.952696e-07,-0.0049755342
2.953696e-07,-0.0049762523
2.954696e-07,-0.0049762523
2.955696e-07,-0.0049748162
2.956696e-07,-0.0049712259
2.957696e-07,-0.0049640453
2.958696e-07,-0.0049504021
2.959696e-07,-0.0049288603
2.960696e-07,-0.004902292
2.961696e-07,-0.0048742877
2.962696e-07,-0.0048513097
2.963696e-07,-0.0048369485
2.964696e-07,-0.0048319221
2.965696e-07,-0.0048333582
2.966696e-07,-0.0048362305
2.967696e-07,-0.0048369485
2.968696e-07,-0.0048340763
2.969696e-07,-0.0048290499
2.970696e-07,-0.0048254596
2.971696e-07,-0.0048254596
2.972696e-07,-0.0048290499
2.973696e-07,-0.0048326402
2.974696e-07,-0.0048319221
2.975696e-07,-0.0048254596
2.976696e-07,-0.0048139706
2.977696e-07,-0.0048031997
2.978696e-07,-0.0047981733
2.979696e-07,-0.0048024816
2.980696e-07,-0.0048139706
2.981696e-07,-0.0048276137
2.982696e-07,-0.0048369485
2.983696e-07,-0.0048369485
2.984696e-07,-0.0048297679
2.985696e-07,-0.0048211512
2.986696e-07,-0.0048175609
2.987696e-07,-0.0048254596
2.988696e-07,-0.004842693
2.989696e-07,-0.0048627987
2.990696e-07,-0.004877878
2.991696e-07,-0.0048829044
2.992696e-07,-0.004878596
2.993696e-07,-0.0048714154
2.994696e-07,-0.0048706974
2.995696e-07,-0.0048829044
2.996696e-07,-0.0049066004
2.997696e-07,-0.0049331687
2.998696e-07,-0.0049511202
2.999696e-07,-0.0049518382
3.000696e-07,-0.0049338867
3.001696e-07,-0.0049051643
3.002696e-07,-0.0048807502
3.003696e-07,-0.0048714154
3.004696e-07,-0.0048836225
3.005696e-07,-0.004913781
3.006696e-07,-0.0049482479
3.007696e-07,-0.0049748162
3.008696e-07,-0.0049834329
3.009696e-07,-0.0049748162
3.010696e-07,-0.0049568647
3.011696e-07,-0.0049403493
3.012696e-07,-0.0049346048
3.013696e-07,-0.0049417854
3.014696e-07,-0.0049575827
3.015696e-07,-0.0049748162
3.016696e-07,-0.0049863051
3.017696e-07,-0.0049898955
3.018696e-07,-0.0049884593
3.019696e-07,-0.0049863051
3.020696e-07,-0.0049877413
3.021696e-07,-0.0049920496
3.022696e-07,-0.0049970761
3.023696e-07,-0.0049977941
3.024696e-07,-0.0049927677
3.025696e-07,-0.004984151
3.026696e-07,-0.0049769704
3.027696e-07,-0.0049748162
3.028696e-07,-0.0049805607
3.029696e-07,-0.0049920496
3.030696e-07,-0.0050035386
3.031696e-07,-0.0050092831
3.032696e-07,-0.0050064108
3.033696e-07,-0.0049970761
3.034696e-07,-0.004984869
3.035696e-07,-0.0049748162
3.036696e-07,-0.0049690717
3.037696e-07,-0.0049661994
3.038696e-07,-0.0049618911
3.039696e-07,-0.0049518382
3.040696e-07,-0.004936759
3.041696e-07,-0.0049209616
3.042696e-07,-0.0049094727
3.043696e-07,-0.0049058824
3.044696e-07,-0.0049109088
3.045696e-07,-0.0049188074
3.046696e-07,-0.0049223977
3.047696e-07,-0.0049173713
3.048696e-07,-0.0049044462
3.049696e-07,-0.0048886489
3.050696e-07,-0.0048793141
3.051696e-07,-0.0048829044
3.052696e-07,-0.0048987017
3.053696e-07,-0.0049202436
3.054696e-07,-0.004937477
3.055696e-07,-0.0049403493
3.056696e-07,-0.0049274242
3.057696e-07,-0.0049044462
3.058696e-07,-0.0048821864
3.059696e-07,-0.0048714154
3.060696e-07,-0.0048764419
3.061696e-07,-0.0048936753
3.062696e-07,-0.0049144991
3.063696e-07,-0.0049288603
3.064696e-07,-0.0049310145
3.065696e-07,-0.0049223977
3.066696e-07,-0.0049109088
3.067696e-07,-0.0049058824
3.068696e-07,-0.0049123449
3.069696e-07,-0.0049288603
3.070696e-07,-0.004948966
3.071696e-07,-0.0049633272
3.072696e-07,-0.0049669175
3.073696e-07,-0.0049597369
3.074696e-07,-0.0049482479
3.075696e-07,-0.0049403493
3.076696e-07,-0.0049417854
3.077696e-07,-0.0049518382
3.078696e-07,-0.0049647633
3.079696e-07,-0.0049748162
3.080696e-07,-0.0049755342
3.081696e-07,-0.0049669175
3.082696e-07,-0.0049532744
3.083696e-07,-0.0049403493
3.084696e-07,-0.0049331687
3.085696e-07,-0.0049331687
3.086696e-07,-0.004936759
3.087696e-07,-0.0049403493
3.088696e-07,-0.0049417854
3.089696e-07,-0.0049403493
3.090696e-07,-0.0049396312
3.091696e-07,-0.0049403493
3.092696e-07,-0.0049432215
3.093696e-07,-0.0049439396
3.094696e-07,-0.0049403493
3.095696e-07,-0.0049288603
3.096696e-07,-0.0049116268
3.097696e-07,-0.0048936753
3.098696e-07,-0.0048821864
3.099696e-07,-0.0048829044
3.100696e-07,-0.0048951114
3.101696e-07,-0.004913063
3.102696e-07,-0.0049302964
3.103696e-07,-0.0049403493
3.104696e-07,-0.0049417854
3.105696e-07,-0.0049381951
3.106696e-07,-0.0049360409
3.107696e-07,-0.0049403493
3.108696e-07,-0.0049504021
3.109696e-07,-0.0049618911
3.110696e-07,-0.0049669175
3.111696e-07,-0.0049633272
3.112696e-07,-0.0049511202
3.113696e-07,-0.0049381951
3.114696e-07,-0.0049324506
3.115696e-07,-0.0049403493
3.116696e-07,-0.0049597369
3.117696e-07,-0.0049827148
3.118696e-07,-0.0049977941
3.119696e-07,-0.0049977941
3.120696e-07,-0.0049812787
3.121696e-07,-0.0049568647
3.122696e-07,-0.0049360409
3.123696e-07,-0.0049288603
3.124696e-07,-0.004937477
3.125696e-07,-0.0049561466
3.126696e-07,-0.0049719439
3.127696e-07,-0.0049748162
3.128696e-07,-0.004961173
3.129696e-07,-0.004936759
3.130696e-07,-0.0049144991
3.131696e-07,-0.0049058824
3.132696e-07,-0.0049159352
3.133696e-07,-0.0049410673
3.134696e-07,-0.0049690717
3.135696e-07,-0.0049863051
3.136696e-07,-0.0049855871
3.137696e-07,-0.0049669175
3.138696e-07,-0.0049403493
3.139696e-07,-0.0049173713
3.140696e-07,-0.0049066004
3.141696e-07,-0.0049094727
3.142696e-07,-0.0049202436
3.143696e-07,-0.0049288603
3.144696e-07,-0.0049295784
3.145696e-07,-0.0049223977
3.146696e-07,-0.0049116268
3.147696e-07,-0.0049058824
3.148696e-07,-0.0049101907
3.149696e-07,-0.0049231158
3.150696e-07,-0.0049396312
3.151696e-07,-0.0049518382
3.152696e-07,-0.0049532744
3.153696e-07,-0.0049446576
3.154696e-07,-0.0049302964
3.155696e-07,-0.0049173713
3.156696e-07,-0.0049109088
3.157696e-07,-0.0049109088
3.158696e-07,-0.0049144991
3.159696e-07,-0.0049173713
3.160696e-07,-0.0049159352
3.161696e-07,-0.0049109088
3.162696e-07,-0.0049058824
3.163696e-07,-0.0049058824
3.164696e-07,-0.0049109088
3.165696e-07,-0.0049188074
3.166696e-07,-0.0049223977
3.167696e-07,-0.0049173713
3.168696e-07,-0.0049037282
3.169696e-07,-0.0048857767
3.170696e-07,-0.0048728516
3.171696e-07,-0.0048714154
3.172696e-07,-0.0048843405
3.173696e-07,-0.0049073185
3.174696e-07,-0.0049288603
3.175696e-07,-0.0049403493
3.176696e-07,-0.0049346048
3.177696e-07,-0.0049144991
3.178696e-07,-0.0048857767
3.179696e-07,-0.0048599265
3.180696e-07,-0.0048434111
3.181696e-07,-0.0048376666
3.182696e-07,-0.0048376666
3.183696e-07,-0.0048369485
3.184696e-07,-0.0048297679
3.185696e-07,-0.0048154067
3.186696e-07,-0.0047960191
3.187696e-07,-0.0047795037
3.188696e-07,-0.0047687328
3.189696e-07,-0.0047658605
3.190696e-07,-0.0047672966
3.191696e-07,-0.0047680147
3.192696e-07,-0.0047651425
3.193696e-07,-0.0047586799
3.194696e-07,-0.0047507813
3.195696e-07,-0.0047450368
3.196696e-07,-0.0047443187
3.197696e-07,-0.004747909
3.198696e-07,-0.0047529354
3.199696e-07,-0.0047565257
3.200696e-07,-0.0047586799
3.201696e-07,-0.0047608341
3.202696e-07,-0.0047672966
3.203696e-07,-0.0047795037
3.204696e-07,-0.0047967371
3.205696e-07,-0.0048139706
3.206696e-07,-0.0048247415
3.207696e-07,-0.0048254596
3.208696e-07,-0.0048154067
3.209696e-07,-0.0048010455
3.210696e-07,-0.0047902746
3.211696e-07,-0.0047909926
3.212696e-07,-0.0048060719
3.213696e-07,-0.004831204
3.214696e-07,-0.0048599265
3.215696e-07,-0.0048829044
3.216696e-07,-0.0048958295
3.217696e-07,-0.0049001379
3.218696e-07,-0.004901574
3.219696e-07,-0.0049058824
3.220696e-07,-0.0049173713
3.221696e-07,-0.0049346048
3.222696e-07,-0.0049518382
3.223696e-07,-0.0049633272
3.224696e-07,-0.0049647633
3.225696e-07,-0.0049583008
3.226696e-07,-0.0049518382
3.227696e-07,-0.0049518382
3.228696e-07,-0.0049647633
3.229696e-07,-0.0049913316
3.230696e-07,-0.0050243624
3.231696e-07,-0.005055239
3.232696e-07,-0.0050767808
3.233696e-07,-0.0050853975
3.234696e-07,-0.0050839614
3.235696e-07,-0.0050782169
3.236696e-07,-0.0050753447
3.237696e-07,-0.005078935
3.238696e-07,-0.0050882698
3.239696e-07,-0.0051011949
3.240696e-07,-0.0051126838
3.241696e-07,-0.0051198644
3.242696e-07,-0.0051234547
3.243696e-07,-0.0051241728
3.244696e-07,-0.0051256089
3.245696e-07,-0.0051284812
3.246696e-07,-0.0051327895
3.247696e-07,-0.0051356618
3.248696e-07,-0.0051363798
3.249696e-07,-0.0051356618
3.250696e-07,-0.0051342256
3.251696e-07,-0.0051356618
3.252696e-07,-0.0051421243
3.253696e-07,-0.0051536133
3.254696e-07,-0.0051679745
3.255696e-07,-0.0051816176
3.256696e-07,-0.0051909524
3.257696e-07,-0.0051952608
3.258696e-07,-0.0051952608
3.259696e-07,-0.0051931066
3.260696e-07,-0.0051916705
3.261696e-07,-0.0051931066
3.262696e-07,-0.005197415
3.263696e-07,-0.0052045956
3.264696e-07,-0.0052124943
3.265696e-07,-0.005221829
3.266696e-07,-0.0052304458
3.267696e-07,-0.0052390625
3.268696e-07,-0.0052462431
3.269696e-07,-0.0052491153
3.270696e-07,-0.0052469612
3.271696e-07,-0.0052390625
3.272696e-07,-0.0052261374
3.273696e-07,-0.0052110581
3.274696e-07,-0.0051988511
3.275696e-07,-0.0051931066
3.276696e-07,-0.0051952608
3.277696e-07,-0.0052045956
3.278696e-07,-0.0052168026
3.279696e-07,-0.0052275735
3.280696e-07,-0.0052340361
3.281696e-07,-0.005233318
3.282696e-07,-0.0052268555
3.283696e-07,-0.0052160846
3.284696e-07,-0.0052038775
3.285696e-07,-0.0051909524
3.286696e-07,-0.0051794635
3.287696e-07,-0.0051701287
3.288696e-07,-0.0051629481
3.289696e-07,-0.0051586397
3.290696e-07,-0.0051572036
3.291696e-07,-0.0051586397
3.292696e-07,-0.0051607939
3.293696e-07,-0.0051607939
3.294696e-07,-0.0051564855
3.295696e-07,-0.0051471507
3.296696e-07,-0.0051335076
3.297696e-07,-0.0051177102
3.298696e-07,-0.005102631
3.299696e-07,-0.0050897059
3.300696e-07,-0.0050782169
3.301696e-07,-0.0050652918
3.302696e-07,-0.0050502125
3.303696e-07,-0.005032261
3.304696e-07,-0.0050121553
3.305696e-07,-0.0049942038
3.306696e-07,-0.0049812787
3.307696e-07,-0.0049748162
3.308696e-07,-0.0049740981
3.309696e-07,-0.0049762523
3.310696e-07,-0.0049769704
3.311696e-07,-0.0049748162
3.312696e-07,-0.0049705078
3.313696e-07,-0.0049669175
3.314696e-07,-0.0049683536
3.315696e-07,-0.0049748162
3.316696e-07,-0.004984869
3.317696e-07,-0.0049934858
3.318696e-07,-0.0049949219
3.319696e-07,-0.0049863051
3.320696e-07,-0.0049690717
3.321696e-07,-0.004948966
3.322696e-07,-0.0049338867
3.323696e-07,-0.0049288603
3.324696e-07,-0.0049353228
3.325696e-07,-0.0049496841
3.326696e-07,-0.0049654814
3.327696e-07,-0.0049748162
3.328696e-07,-0.0049755342
3.329696e-07,-0.0049683536
3.330696e-07,-0.0049583008
3.331696e-07,-0.0049518382
3.332696e-07,-0.0049518382
3.333696e-07,-0.0049575827
3.334696e-07,-0.0049669175
3.335696e-07,-0.0049748162
3.336696e-07,-0.0049784065
3.337696e-07,-0.0049769704
3.338696e-07,-0.0049712259
3.339696e-07,-0.0049633272
3.340696e-07,-0.0049554285
3.341696e-07,-0.0049468118
3.342696e-07,-0.004937477
3.343696e-07,-0.0049288603
3.344696e-07,-0.0049223977
3.345696e-07,-0.0049216797
3.346696e-07,-0.0049281422
3.347696e-07,-0.0049403493
3.348696e-07,-0.0049539924
3.349696e-07,-0.0049618911
3.350696e-07,-0.0049575827
3.351696e-07,-0.0049403493
3.352696e-07,-0.004913781
3.353696e-07,-0.0048879308
3.354696e-07,-0.0048714154
3.355696e-07,-0.0048714154
3.356696e-07,-0.0048864947
3.357696e-07,-0.0049094727
3.358696e-07,-0.0049302964
3.359696e-07,-0.0049403493
3.360696e-07,-0.004936759
3.361696e-07,-0.0049231158
3.362696e-07,-0.0049066004
3.363696e-07,-0.0048943934
3.364696e-07,-0.004890085
3.365696e-07,-0.004890085
3.366696e-07,-0.004889367
3.367696e-07,-0.0048829044
3.368696e-07,-0.0048699793
3.369696e-07,-0.0048556181
3.370696e-07,-0.0048470014
3.371696e-07,-0.0048484375
3.372696e-07,-0.0048606445
3.373696e-07,-0.0048764419
3.374696e-07,-0.0048872128
3.375696e-07,-0.0048829044
3.376696e-07,-0.0048620807
3.377696e-07,-0.004831204
3.378696e-07,-0.0047996094
3.379696e-07,-0.0047795037
3.380696e-07,-0.0047766314
3.381696e-07,-0.0047895565
3.382696e-07,-0.0048089442
3.383696e-07,-0.0048254596
3.384696e-07,-0.004831204
3.385696e-07,-0.0048247415
3.386696e-07,-0.0048125345
3.387696e-07,-0.0048024816
3.388696e-07,-0.0048003274
3.389696e-07,-0.0048060719
3.390696e-07,-0.0048168428
3.391696e-07,-0.0048254596
3.392696e-07,-0.0048268957
3.393696e-07,-0.0048197151
3.394696e-07,-0.0048096622
3.395696e-07,-0.0048024816
3.396696e-07,-0.0048024816
3.397696e-07,-0.0048089442
3.398696e-07,-0.004818997
3.399696e-07,-0.0048254596
3.400696e-07,-0.0048240234
3.401696e-07,-0.0048146886
3.402696e-07,-0.0048017636
3.403696e-07,-0.0047909926
3.404696e-07,-0.0047881204
3.405696e-07,-0.004795301
3.406696e-07,-0.0048089442
3.407696e-07,-0.0048254596
3.408696e-07,-0.0048391027
3.409696e-07,-0.0048462833
3.410696e-07,-0.0048491556
3.411696e-07,-0.0048484375
3.412696e-07,-0.0048470014
3.413696e-07,-0.0048448472
3.414696e-07,-0.0048412569
3.415696e-07,-0.0048369485
3.416696e-07,-0.004831204
3.417696e-07,-0.0048276137
3.418696e-07,-0.0048283318
3.419696e-07,-0.0048369485
3.420696e-07,-0.0048520278
3.421696e-07,-0.0048699793
3.422696e-07,-0.0048857767
3.423696e-07,-0.0048943934
3.424696e-07,-0.0048943934
3.425696e-07,-0.0048879308
3.426696e-07,-0.004878596
3.427696e-07,-0.0048714154
3.428696e-07,-0.0048678251
3.429696e-07,-0.0048678251
3.430696e-07,-0.0048692613
3.431696e-07,-0.0048714154
3.432696e-07,-0.0048742877
3.433696e-07,-0.0048793141
3.434696e-07,-0.004890085
3.435696e-07,-0.0049058824
3.436696e-07,-0.0049238339
3.437696e-07,-0.004936759
3.438696e-07,-0.0049396312
3.439696e-07,-0.0049288603
3.440696e-07,-0.0049066004
3.441696e-07,-0.0048807502
3.442696e-07,-0.0048592084
3.443696e-07,-0.0048484375
3.444696e-07,-0.0048505917
3.445696e-07,-0.0048613626
3.446696e-07,-0.0048735696
3.447696e-07,-0.0048829044
3.448696e-07,-0.0048864947
3.449696e-07,-0.0048872128
3.450696e-07,-0.004889367
3.451696e-07,-0.0048943934
3.452696e-07,-0.004902292
3.453696e-07,-0.0049073185
3.454696e-07,-0.0049058824
3.455696e-07,-0.0048943934
3.456696e-07,-0.0048771599
3.457696e-07,-0.0048627987
3.458696e-07,-0.0048592084
3.459696e-07,-0.0048714154
3.460696e-07,-0.0048965476
3.461696e-07,-0.0049259881
3.462696e-07,-0.0049468118
3.463696e-07,-0.0049518382
3.464696e-07,-0.0049410673
3.465696e-07,-0.0049216797
3.466696e-07,-0.0049066004
3.467696e-07,-0.0049058824
3.468696e-07,-0.0049216797
3.469696e-07,-0.0049475299
3.470696e-07,-0.004972662
3.471696e-07,-0.0049863051
3.472696e-07,-0.004984869
3.473696e-07,-0.0049719439
3.474696e-07,-0.0049575827
3.475696e-07,-0.0049518382
3.476696e-07,-0.0049590188
3.477696e-07,-0.0049755342
3.478696e-07,-0.0049913316
3.479696e-07,-0.0049977941
3.480696e-07,-0.0049898955
3.481696e-07,-0.0049705078
3.482696e-07,-0.0049504021
3.483696e-07,-0.0049403493
3.484696e-07,-0.0049453757
3.485696e-07,-0.0049647633
3.486696e-07,-0.0049891774
3.487696e-07,-0.0050092831
3.488696e-07,-0.0050178998
3.489696e-07,-0.0050164637
3.490696e-07,-0.0050107192
3.491696e-07,-0.0050092831
3.492696e-07,-0.0050171818
3.493696e-07,-0.0050329791
3.494696e-07,-0.0050480584
3.495696e-07,-0.005055239
3.496696e-07,-0.0050494945
3.497696e-07,-0.0050329791
3.498696e-07,-0.0050164637
3.499696e-07,-0.0050092831
3.500696e-07,-0.0050193359
3.501696e-07,-0.0050451861
3.502696e-07,-0.0050767808
3.503696e-07,-0.0051011949
3.504696e-07,-0.0051083755
3.505696e-07,-0.0050954504
3.506696e-07,-0.0050696002
3.507696e-07,-0.00504375
3.508696e-07,-0.0050301068
3.509696e-07,-0.0050351333
3.510696e-07,-0.0050545209
3.511696e-07,-0.0050782169
3.512696e-07,-0.0050940142
3.513696e-07,-0.0050925781
3.514696e-07,-0.0050731905
3.515696e-07,-0.00504375
3.516696e-07,-0.0050143095
3.517696e-07,-0.0049949219
3.518696e-07,-0.0049898955
3.519696e-07,-0.0049977941
3.520696e-07,-0.0050107192
3.521696e-07,-0.0050214901
3.522696e-07,-0.0050250804
3.523696e-07,-0.0050207721
3.524696e-07,-0.0050128734
3.525696e-07,-0.0050064108
3.526696e-07,-0.0050049747
3.527696e-07,-0.0050092831
3.528696e-07,-0.0050164637
3.529696e-07,-0.0050222082
3.530696e-07,-0.0050243624
3.531696e-07,-0.0050207721
3.532696e-07,-0.0050150276
3.533696e-07,-0.0050107192
3.534696e-07,-0.0050121553
3.535696e-07,-0.0050207721
3.536696e-07,-0.0050358513
3.537696e-07,-0.0050530848
3.538696e-07,-0.0050681641
3.539696e-07,-0.0050782169
3.540696e-07,-0.0050810892
3.541696e-07,-0.0050774989
3.542696e-07,-0.0050710363
3.543696e-07,-0.0050667279
3.544696e-07,-0.0050667279
3.545696e-07,-0.0050739085
3.546696e-07,-0.0050861156
3.547696e-07,-0.0051011949
3.548696e-07,-0.0051155561
3.549696e-07,-0.005127045
3.550696e-07,-0.0051335076
3.551696e-07,-0.0051356618
3.552696e-07,-0.0051349437
3.553696e-07,-0.0051320715
3.554696e-07,-0.0051284812
3.555696e-07,-0.0051241728
3.556696e-07,-0.0051177102
3.557696e-07,-0.0051083755
3.558696e-07,-0.0050983226
3.559696e-07,-0.0050897059
3.560696e-07,-0.0050861156
3.561696e-07,-0.0050889878
3.562696e-07,-0.0050990407
3.563696e-07,-0.0051126838
3.564696e-07,-0.0051248909
3.565696e-07,-0.0051299173
3.566696e-07,-0.0051248909
3.567696e-07,-0.0051126838
3.568696e-07,-0.0050976045
3.569696e-07,-0.0050861156
3.570696e-07,-0.0050832433
3.571696e-07,-0.0050897059
3.572696e-07,-0.0051011949
3.573696e-07,-0.0051105296
3.574696e-07,-0.0051112477
3.575696e-07,-0.0051011949
3.576696e-07,-0.0050825253
3.577696e-07,-0.0050624196
3.578696e-07,-0.0050473403
3.579696e-07,-0.00504375
3.580696e-07,-0.0050502125
3.581696e-07,-0.0050631376
3.582696e-07,-0.0050739085
3.583696e-07,-0.0050782169
3.584696e-07,-0.0050731905
3.585696e-07,-0.0050624196
3.586696e-07,-0.0050509306
3.587696e-07,-0.00504375
3.588696e-07,-0.0050444681
3.589696e-07,-0.0050509306
3.590696e-07,-0.0050595473
3.591696e-07,-0.0050667279
3.592696e-07,-0.0050703182
3.593696e-07,-0.0050717544
3.594696e-07,-0.0050739085
3.595696e-07,-0.0050782169
3.596696e-07,-0.0050861156
3.597696e-07,-0.0050940142
3.598696e-07,-0.0051004768
3.599696e-07,-0.0051011949
3.600696e-07,-0.0050983226
3.601696e-07,-0.0050940142
3.602696e-07,-0.0050940142
3.603696e-07,-0.0051011949
3.604696e-07,-0.0051141199
3.605696e-07,-0.0051299173
3.606696e-07,-0.0051421243
3.607696e-07,-0.0051471507
3.608696e-07,-0.0051442785
3.609696e-07,-0.005138534
3.610696e-07,-0.0051335076
3.611696e-07,-0.0051356618
3.612696e-07,-0.0051442785
3.613696e-07,-0.0051543313
3.614696e-07,-0.0051607939
3.615696e-07,-0.0051586397
3.616696e-07,-0.0051471507
3.617696e-07,-0.0051306353
3.618696e-07,-0.0051169922
3.619696e-07,-0.0051126838
3.620696e-07,-0.0051191464
3.621696e-07,-0.0051327895
3.622696e-07,-0.0051449966
3.623696e-07,-0.0051471507
3.624696e-07,-0.0051356618
3.625696e-07,-0.0051126838
3.626696e-07,-0.0050861156
3.627696e-07,-0.0050667279
3.628696e-07,-0.0050617015
3.629696e-07,-0.0050731905
3.630696e-07,-0.0050961684
3.631696e-07,-0.0051241728
3.632696e-07,-0.0051485869
3.633696e-07,-0.0051651023
3.634696e-07,-0.0051715648
3.635696e-07,-0.0051701287
3.636696e-07,-0.0051636661
3.637696e-07,-0.0051528952
3.638696e-07,-0.0051399701
3.639696e-07,-0.0051241728
3.640696e-07,-0.0051083755
3.641696e-07,-0.0050968865
3.642696e-07,-0.0050932962
3.643696e-07,-0.0051011949
3.644696e-07,-0.0051191464
3.645696e-07,-0.0051414062
3.646696e-07,-0.0051607939
3.647696e-07,-0.0051701287
3.648696e-07,-0.0051658203
3.649696e-07,-0.005150023
3.650696e-07,-0.0051291992
3.651696e-07,-0.0051126838
3.652696e-07,-0.0051062213
3.653696e-07,-0.0051105296
3.654696e-07,-0.0051220186
3.655696e-07,-0.0051356618
3.656696e-07,-0.0051442785
3.657696e-07,-0.0051442785
3.658696e-07,-0.0051370979
3.659696e-07,-0.0051241728
3.660696e-07,-0.0051098116
3.661696e-07,-0.0050976045
3.662696e-07,-0.0050868336
3.663696e-07,-0.0050782169
3.664696e-07,-0.0050717544
3.665696e-07,-0.0050667279
3.666696e-07,-0.0050652918
3.667696e-07,-0.0050667279
3.668696e-07,-0.0050703182
3.669696e-07,-0.0050731905
3.670696e-07,-0.0050724724
3.671696e-07,-0.0050667279
3.672696e-07,-0.005055957
3.673696e-07,-0.0050444681
3.674696e-07,-0.0050351333
3.675696e-07,-0.005032261
3.676696e-07,-0.0050358513
3.677696e-07,-0.00504375
3.678696e-07,-0.0050516487
3.679696e-07,-0.005055239
3.680696e-07,-0.0050538028
3.681696e-07,-0.0050494945
3.682696e-07,-0.0050451861
3.683696e-07,-0.00504375
3.684696e-07,-0.0050466222
3.685696e-07,-0.0050509306
3.686696e-07,-0.005055239
3.687696e-07,-0.005055239
3.688696e-07,-0.0050516487
3.689696e-07,-0.0050466222
3.690696e-07,-0.0050430319
3.691696e-07,-0.00504375
3.692696e-07,-0.0050480584
3.693696e-07,-0.0050538028
3.694696e-07,-0.0050566751
3.695696e-07,-0.005055239
3.696696e-07,-0.0050509306
3.697696e-07,-0.0050480584
3.698696e-07,-0.0050523667
3.699696e-07,-0.0050667279
3.700696e-07,-0.0050889878
3.701696e-07,-0.0051134019
3.702696e-07,-0.0051306353
3.703696e-07,-0.0051356618
3.704696e-07,-0.005127045
3.705696e-07,-0.0051105296
3.706696e-07,-0.0050954504
3.707696e-07,-0.0050897059
3.708696e-07,-0.0050976045
3.709696e-07,-0.0051155561
3.710696e-07,-0.0051356618
3.711696e-07,-0.0051471507
3.712696e-07,-0.0051442785
3.713696e-07,-0.005127045
3.714696e-07,-0.0051019129
3.715696e-07,-0.0050782169
3.716696e-07,-0.0050638557
3.717696e-07,-0.0050624196
3.718696e-07,-0.0050731905
3.719696e-07,-0.0050897059
3.720696e-07,-0.0051062213
3.721696e-07,-0.0051177102
3.722696e-07,-0.0051234547
3.723696e-07,-0.0051241728
3.724696e-07,-0.0051213006
3.725696e-07,-0.0051169922
3.726696e-07,-0.0051105296
3.727696e-07,-0.0051011949
3.728696e-07,-0.0050904239
3.729696e-07,-0.005078935
3.730696e-07,-0.0050703182
3.731696e-07,-0.0050667279
3.732696e-07,-0.0050681641
3.733696e-07,-0.0050731905
3.734696e-07,-0.0050774989
3.735696e-07,-0.0050782169
3.736696e-07,-0.0050731905
3.737696e-07,-0.0050638557
3.738696e-07,-0.0050530848
3.739696e-07,-0.00504375
3.740696e-07,-0.0050380055
3.741696e-07,-0.0050351333
3.742696e-07,-0.0050336972
3.743696e-07,-0.005032261
3.744696e-07,-0.005031543
3.745696e-07,-0.005032261
3.746696e-07,-0.0050365694
3.747696e-07,-0.00504375
3.748696e-07,-0.0050523667
3.749696e-07,-0.0050573932
3.750696e-07,-0.005055239
3.751696e-07,-0.00504375
3.752696e-07,-0.0050250804
3.753696e-07,-0.0050049747
3.754696e-07,-0.0049906135
3.755696e-07,-0.0049863051
3.756696e-07,-0.0049927677
3.757696e-07,-0.0050049747
3.758696e-07,-0.0050157456
3.759696e-07,-0.0050207721
3.760696e-07,-0.0050171818
3.761696e-07,-0.005008565
3.762696e-07,-0.0050006664
3.763696e-07,-0.0049977941
3.764696e-07,-0.0050013844
3.765696e-07,-0.005008565
3.766696e-07,-0.0050128734
3.767696e-07,-0.0050092831
3.768696e-07,-0.0049970761
3.769696e-07,-0.0049805607
3.770696e-07,-0.0049669175
3.771696e-07,-0.0049633272
3.772696e-07,-0.0049733801
3.773696e-07,-0.0049942038
3.774696e-07,-0.0050207721
3.775696e-07,-0.00504375
3.776696e-07,-0.0050588293
3.777696e-07,-0.0050652918
3.778696e-07,-0.0050660099
3.779696e-07,-0.0050667279
3.780696e-07,-0.0050710363
3.781696e-07,-0.005079653
3.782696e-07,-0.005091142
3.783696e-07,-0.0051011949
3.784696e-07,-0.0051083755
3.785696e-07,-0.0051112477
3.786696e-07,-0.0051126838
3.787696e-07,-0.0051126838
3.788696e-07,-0.0051119658
3.789696e-07,-0.0051083755
3.790696e-07,-0.0051011949
3.791696e-07,-0.0050897059
3.792696e-07,-0.0050760627
3.793696e-07,-0.0050660099
3.794696e-07,-0.0050624196
3.795696e-07,-0.0050667279
3.796696e-07,-0.0050767808
3.797696e-07,-0.0050853975
3.798696e-07,-0.0050868336
3.799696e-07,-0.0050782169
3.800696e-07,-0.0050609835
3.801696e-07,-0.0050430319
3.802696e-07,-0.005031543
3.803696e-07,-0.005032261
3.804696e-07,-0.0050430319
3.805696e-07,-0.0050566751
3.806696e-07,-0.0050624196
3.807696e-07,-0.005055239
3.808696e-07,-0.0050336972
3.809696e-07,-0.0050042567
3.810696e-07,-0.0049776884
3.811696e-07,-0.0049633272
3.812696e-07,-0.0049647633
3.813696e-07,-0.0049769704
3.814696e-07,-0.0049906135
3.815696e-07,-0.0049977941
3.816696e-07,-0.0049927677
3.817696e-07,-0.0049784065
3.818696e-07,-0.0049626091
3.819696e-07,-0.0049518382
3.820696e-07,-0.0049511202
3.821696e-07,-0.0049590188
3.822696e-07,-0.0049690717
3.823696e-07,-0.0049748162
3.824696e-07,-0.004972662
3.825696e-07,-0.0049661994
3.826696e-07,-0.004961173
3.827696e-07,-0.0049633272
3.828696e-07,-0.0049748162
3.829696e-07,-0.0049920496
3.830696e-07,-0.0050064108
3.831696e-07,-0.0050092831
3.832696e-07,-0.0049977941
3.833696e-07,-0.0049740981
3.834696e-07,-0.0049482479
3.835696e-07,-0.0049288603
3.836696e-07,-0.0049216797
3.837696e-07,-0.0049259881
3.838696e-07,-0.0049353228
3.839696e-07,-0.0049403493
3.840696e-07,-0.004936759
3.841696e-07,-0.00492527
3.842696e-07,-0.0049123449
3.843696e-07,-0.0049058824
3.844696e-07,-0.0049116268
3.845696e-07,-0.0049295784
3.846696e-07,-0.0049532744
3.847696e-07,-0.0049748162
3.848696e-07,-0.0049870232
3.849696e-07,-0.0049884593
3.850696e-07,-0.0049819968
3.851696e-07,-0.0049748162
3.852696e-07,-0.004972662
3.853696e-07,-0.0049776884
3.854696e-07,-0.0049877413
3.855696e-07,-0.0049977941
3.856696e-07,-0.0050035386
3.857696e-07,-0.0050042567
3.858696e-07,-0.0050006664
3.859696e-07,-0.0049977941
3.860696e-07,-0.0049985122
3.861696e-07,-0.0050021025
3.862696e-07,-0.0050071289
3.863696e-07,-0.0050092831
3.864696e-07,-0.0050071289
3.865696e-07,-0.0050013844
3.866696e-07,-0.004996358
3.867696e-07,-0.0049977941
3.868696e-07,-0.005008565
3.869696e-07,-0.0050293888
3.870696e-07,-0.0050545209
3.871696e-07,-0.0050782169
3.872696e-07,-0.0050954504
3.873696e-07,-0.0051040671
3.874696e-07,-0.0051047852
3.875696e-07,-0.0051011949
3.876696e-07,-0.0050976045
3.877696e-07,-0.0050947323
3.878696e-07,-0.0050925781
3.879696e-07,-0.0050897059
3.880696e-07,-0.0050846795
3.881696e-07,-0.0050782169
3.882696e-07,-0.0050710363
3.883696e-07,-0.0050667279
3.884696e-07,-0.0050660099
3.885696e-07,-0.0050688821
3.886696e-07,-0.0050739085
3.887696e-07,-0.0050782169
3.888696e-07,-0.0050803711
3.889696e-07,-0.0050810892
3.890696e-07,-0.005079653
3.891696e-07,-0.0050782169
3.892696e-07,-0.0050760627
3.893696e-07,-0.0050717544
3.894696e-07,-0.0050645738
3.895696e-07,-0.005055239
3.896696e-07,-0.0050451861
3.897696e-07,-0.0050380055
3.898696e-07,-0.0050372875
3.899696e-07,-0.00504375
3.900696e-07,-0.005055239
3.901696e-07,-0.005067446
3.902696e-07,-0.0050760627
3.903696e-07,-0.0050782169
3.904696e-07,-0.0050753447
3.905696e-07,-0.0050717544
3.906696e-07,-0.0050717544
3.907696e-07,-0.0050782169
3.908696e-07,-0.0050897059
3.909696e-07,-0.0051004768
3.910696e-07,-0.0051055032
3.911696e-07,-0.0051011949
3.912696e-07,-0.0050889878
3.913696e-07,-0.0050746266
3.914696e-07,-0.0050660099
3.915696e-07,-0.0050667279
3.916696e-07,-0.0050774989
3.917696e-07,-0.0050918601
3.918696e-07,-0.005102631
3.919696e-07,-0.0051011949
3.920696e-07,-0.0050875517
3.921696e-07,-0.0050652918
3.922696e-07,-0.0050444681
3.923696e-07,-0.005032261
3.924696e-07,-0.0050329791
3.925696e-07,-0.0050423139
3.926696e-07,-0.0050530848
3.927696e-07,-0.005055239
3.928696e-07,-0.0050430319
3.929696e-07,-0.0050164637
3.930696e-07,-0.0049834329
3.931696e-07,-0.0049518382
3.932696e-07,-0.0049281422
3.933696e-07,-0.004913063
3.934696e-07,-0.0049008559
3.935696e-07,-0.0048829044
3.936696e-07,-0.0048505917
3.937696e-07,-0.0048010455
3.938696e-07,-0.00473642
3.939696e-07,-0.004664614
3.940696e-07,-0.004593526
3.941696e-07,-0.0045281824
3.942696e-07,-0.0044693015
3.943696e-07,-0.0044118566
3.944696e-07,-0.0043501034
3.945696e-07,-0.0042790154
3.946696e-07,-0.0041957204
3.947696e-07,-0.0041016544
3.948696e-07,-0.0040011259
3.949696e-07,-0.0038970071
3.950696e-07,-0.0037921703
3.951696e-07,-0.0036880515
3.952696e-07,-0.0035832146
3.953696e-07,-0.0034776597
3.954696e-07,-0.0033706687
3.955696e-07,-0.0032629596
3.956696e-07,-0.0031538143
3.957696e-07,-0.0030417969
3.958696e-07,-0.0029261891
3.959696e-07,-0.0028034007
3.960696e-07,-0.0026734318
3.961696e-07,-0.0025370002
3.962696e-07,-0.0023991326
3.963696e-07,-0.0022634191
3.964696e-07,-0.0021356043
3.965696e-07,-0.0020171243
3.966696e-07,-0.001907261
3.967696e-07,-0.0018038603
3.968696e-07,-0.0017018957
3.969696e-07,-0.0015984949
3.970696e-07,-0.0014943761
3.971696e-07,-0.0013902574
3.972696e-07,-0.0012897289
3.973696e-07,-0.0011949449
3.974696e-07,-0.0011066234
3.975696e-07,-0.0010226103
3.976696e-07,-0.00093931526
3.977696e-07,-0.00085530216
3.978696e-07,-0.00077128906
3.979696e-07,-0.00068943015
3.980696e-07,-0.00061475184
3.981696e-07,-0.0005515625
3.982696e-07,-0.00050058019
3.983696e-07,-0.00045965074
3.984696e-07,-0.00042231158
3.985696e-07,-0.00038138212
3.986696e-07,-0.000332554
3.987696e-07,-0.00027582721
3.988696e-07,-0.00021479205
3.989696e-07,-0.0001573472
3.990696e-07,-0.00011139131
3.991696e-07,-8.0514706e-05
3.992696e-07,-6.5435432e-05
3.993696e-07,-6.1845129e-05
3.994696e-07,-6.1127068e-05
3.995696e-07,-5.7536765e-05
3.996696e-07,-4.6047794e-05
3.997696e-07,-2.6660156e-05
3.998696e-07,-1.5280331e-06
3.999696e-07,2.2886029e-05
4.000696e-07,4.2991728e-05
4.001696e-07,5.591682e-05
4.002696e-07,6.0943244e-05
4.003696e-07,5.7352941e-05
4.004696e-07,4.7300092e-05
4.005696e-07,3.2938879e-05
4.006696e-07,1.6423483e-05
4.007696e-07,-9.1911765e-08
4.008696e-07,-1.3735064e-05
4.009696e-07,-2.1633732e-05
4.010696e-07,-2.4505974e-05
4.011696e-07,-2.3069853e-05
4.012696e-07,-2.0915671e-05
4.013696e-07,-2.2351792e-05
4.014696e-07,-3.096852e-05
4.015696e-07,-4.6047794e-05
4.016696e-07,-6.4717371e-05
4.017696e-07,-8.1232767e-05
4.018696e-07,-9.1285616e-05
4.019696e-07,-9.2003676e-05
4.020696e-07,-8.5541131e-05
4.021696e-07,-7.6206342e-05
4.022696e-07,-6.9743796e-05
4.023696e-07,-6.9025735e-05
4.024696e-07,-7.405216e-05
4.025696e-07,-8.0514706e-05
4.026696e-07,-8.4105009e-05
4.027696e-07,-8.0514706e-05
4.028696e-07,-7.0461857e-05
4.029696e-07,-5.7536765e-05
4.030696e-07,-4.8201976e-05
4.031696e-07,-4.6047794e-05
4.032696e-07,-5.251034e-05
4.033696e-07,-6.3999311e-05
4.034696e-07,-7.4770221e-05
4.035696e-07,-8.0514706e-05
4.036696e-07,-7.9078585e-05
4.037696e-07,-7.1897978e-05
4.038696e-07,-6.328125e-05
4.039696e-07,-5.7536765e-05
4.040696e-07,-5.4664522e-05
4.041696e-07,-5.3228401e-05
4.042696e-07,-4.7483915e-05
4.043696e-07,-3.4558824e-05
4.044696e-07,-1.4453125e-05
4.045696e-07,7.8067555e-06
4.046696e-07,2.5758272e-05
4.047696e-07,3.4375e-05
4.048696e-07,3.1502757e-05
4.049696e-07,2.1449908e-05
4.050696e-07,1.2115119e-05
4.051696e-07,1.1397059e-05
4.052696e-07,2.360409e-05
4.053696e-07,4.8018153e-05
4.054696e-07,7.745864e-05
4.055696e-07,0.00010330882
4.056696e-07,0.00011982422
4.057696e-07,0.00012413258
4.058696e-07,0.00012054228
4.059696e-07,0.00011479779
4.060696e-07,0.00011264361
4.061696e-07,0.00011695198
4.062696e-07,0.00012628676
4.063696e-07,0.00013777574
4.064696e-07,0.00014711052
4.065696e-07,0.00015141889
4.066696e-07,0.00015141889
4.067696e-07,0.00014926471
4.068696e-07,0.00014782858
4.069696e-07,0.00014782858
4.070696e-07,0.00014926471
4.071696e-07,0.00014926471
4.072696e-07,0.00014639246
4.073696e-07,0.00014136604
4.074696e-07,0.00013346737
4.075696e-07,0.00012628676
4.076696e-07,0.00012054228
4.077696e-07,0.00011767004
4.078696e-07,0.00011551585
4.079696e-07,0.00011479779
4.080696e-07,0.00011336167
4.081696e-07,0.00011120749
4.082696e-07,0.00010833525
4.083696e-07,0.00010330882
4.084696e-07,9.5410156e-05
4.085696e-07,8.3921186e-05
4.086696e-07,6.668773e-05
4.087696e-07,4.5863971e-05
4.088696e-07,2.4322151e-05
4.089696e-07,7.8067555e-06
4.090696e-07,-8.0997243e-07
4.091696e-07,-9.1911765e-08
4.092696e-07,7.0886949e-06
4.093696e-07,1.5705423e-05
4.094696e-07,1.7859605e-05
4.095696e-07,1.1397059e-05
4.096696e-07,-4.4002757e-06
4.097696e-07,-2.5224035e-05
4.098696e-07,-4.4611673e-05
4.099696e-07,-5.7536765e-05
4.100696e-07,-6.3999311e-05
4.101696e-07,-6.6153493e-05
4.102696e-07,-7.0461857e-05
4.103696e-07,-8.0514706e-05
4.104696e-07,-9.7748162e-05
4.105696e-07,-0.00011857192
4.106696e-07,-0.0001372415
4.107696e-07,-0.00014944853
4.108696e-07,-0.00015303883
4.109696e-07,-0.00015016659
4.110696e-07,-0.00014729435
4.111696e-07,-0.00014944853
4.112696e-07,-0.00015878332
4.113696e-07,-0.00017458065
4.114696e-07,-0.00019253217
4.115696e-07,-0.00020689338
4.116696e-07,-0.00021694623
4.117696e-07,-0.00022340878
4.118696e-07,-0.00023058938
4.119696e-07,-0.00024136029
4.120696e-07,-0.00025715763
4.121696e-07,-0.00027367302
4.122696e-07,-0.00028516199
4.123696e-07,-0.00028731618
4.124696e-07,-0.00027798139
4.125696e-07,-0.00026218405
4.126696e-07,-0.00024710478
4.127696e-07,-0.00024136029
4.128696e-07,-0.00024997702
4.129696e-07,-0.00027151884
4.130696e-07,-0.00029880515
4.131696e-07,-0.00032178309
4.132696e-07,-0.000332554
4.133696e-07,-0.00032896369
4.134696e-07,-0.00031460248
4.135696e-07,-0.00029880515
4.136696e-07,-0.00029018842
4.137696e-07,-0.00029377872
4.138696e-07,-0.00031029412
4.139696e-07,-0.00033327206
4.140696e-07,-0.00035553194
4.141696e-07,-0.00037061121
4.142696e-07,-0.00037420152
4.143696e-07,-0.00036773897
4.144696e-07,-0.00035553194
4.145696e-07,-0.00034332491
4.146696e-07,-0.00033470818
4.147696e-07,-0.00033327206
4.148696e-07,-0.00033686236
4.149696e-07,-0.00034404297
4.150696e-07,-0.00035122358
4.151696e-07,-0.00035625
4.152696e-07,-0.00035696806
4.153696e-07,-0.00035409582
4.154696e-07,-0.00034906939
4.155696e-07,-0.00034476103
4.156696e-07,-0.00034332491
4.157696e-07,-0.00034763327
4.158696e-07,-0.00035625
4.159696e-07,-0.00036773897
4.160696e-07,-0.00037922794
4.161696e-07,-0.00038712661
4.162696e-07,-0.00039071691
4.163696e-07,-0.00039071691
4.164696e-07,-0.00039071691
4.165696e-07,-0.00039358915
4.166696e-07,-0.00040148782
4.167696e-07,-0.00041369485
4.168696e-07,-0.00042590188
4.169696e-07,-0.00043164637
4.170696e-07,-0.00042733801
4.171696e-07,-0.00041369485
4.172696e-07,-0.00039502528
4.173696e-07,-0.00037850988
4.174696e-07,-0.00037204733
4.175696e-07,-0.00037922794
4.176696e-07,-0.00039717946
4.177696e-07,-0.00041800322
4.178696e-07,-0.00043380055
4.179696e-07,-0.00043667279
4.180696e-07,-0.00042590188
4.181696e-07,-0.00040579619
4.182696e-07,-0.00038353631
4.183696e-07,-0.00036773897
4.184696e-07,-0.00036127642
4.185696e-07,-0.00036271255
4.186696e-07,-0.00036702091
4.187696e-07,-0.00036773897
4.188696e-07,-0.00036271255
4.189696e-07,-0.0003526597
4.190696e-07,-0.00034117073
4.191696e-07,-0.00033327206
4.192696e-07,-0.00033111788
4.193696e-07,-0.00033327206
4.194696e-07,-0.00033542624
4.195696e-07,-0.00033327206
4.196696e-07,-0.00032537339
4.197696e-07,-0.00031173024
4.198696e-07,-0.00029808709
4.199696e-07,-0.00028731618
4.200696e-07,-0.00028228975
4.201696e-07,-0.00028300781
4.202696e-07,-0.00028588006
4.203696e-07,-0.00028731618
4.204696e-07,-0.00028659812
4.205696e-07,-0.00028516199
4.206696e-07,-0.00028444393
4.207696e-07,-0.00028731618
4.208696e-07,-0.00029377872
4.209696e-07,-0.00030024127
4.210696e-07,-0.00030311351
4.211696e-07,-0.00029880515
4.212696e-07,-0.0002887523
4.213696e-07,-0.00027726333
4.214696e-07,-0.00027151884
4.215696e-07,-0.00027582721
4.216696e-07,-0.0002923426
4.217696e-07,-0.00031675666
4.218696e-07,-0.00034045267
4.219696e-07,-0.00035625
4.220696e-07,-0.0003598403
4.221696e-07,-0.00035194164
4.222696e-07,-0.00034045267
4.223696e-07,-0.00033327206
4.224696e-07,-0.00033686236
4.225696e-07,-0.00035337776
4.226696e-07,-0.00037707376
4.227696e-07,-0.00040220588
4.228696e-07,-0.00042159352
4.229696e-07,-0.00043164637
4.230696e-07,-0.00043523667
4.231696e-07,-0.00043667279
4.232696e-07,-0.00044098116
4.233696e-07,-0.00045175207
4.234696e-07,-0.00046683134
4.235696e-07,-0.00048262868
4.236696e-07,-0.00049411765
4.237696e-07,-0.00049986213
4.238696e-07,-0.00049842601
4.239696e-07,-0.00049411765
4.240696e-07,-0.0004912454
4.241696e-07,-0.00049411765
4.242696e-07,-0.00050345244
4.243696e-07,-0.00051709559
4.244696e-07,-0.00053289292
4.245696e-07,-0.00054869026
4.246696e-07,-0.00056233341
4.247696e-07,-0.00057454044
4.248696e-07,-0.00058531135
4.249696e-07,-0.00059464614
4.250696e-07,-0.00060254481
4.251696e-07,-0.00060900735
4.252696e-07,-0.0006118796
4.253696e-07,-0.00061259766
4.254696e-07,-0.00061044347
4.255696e-07,-0.00060900735
4.256696e-07,-0.00060900735
4.257696e-07,-0.00061116153
4.258696e-07,-0.0006154699
4.259696e-07,-0.00062049632
4.260696e-07,-0.00062552275
4.261696e-07,-0.00062911305
4.262696e-07,-0.00063126723
4.263696e-07,-0.00063198529
4.264696e-07,-0.00063198529
4.265696e-07,-0.00063198529
4.266696e-07,-0.00063198529
4.267696e-07,-0.00063198529
4.268696e-07,-0.00063126723
4.269696e-07,-0.00063126723
4.270696e-07,-0.00063126723
4.271696e-07,-0.00063198529
4.272696e-07,-0.00063198529
4.273696e-07,-0.00063054917
4.274696e-07,-0.00062695887
4.275696e-07,-0.00062049632
4.276696e-07,-0.0006118796
4.277696e-07,-0.00060254481
4.278696e-07,-0.00059321002
4.279696e-07,-0.00058602941
4.280696e-07,-0.00058028493
4.281696e-07,-0.0005752585
4.282696e-07,-0.00056951402
4.283696e-07,-0.00056305147
4.284696e-07,-0.00055587086
4.285696e-07,-0.00054940832
4.286696e-07,-0.00054366383
4.287696e-07,-0.00054007353
4.288696e-07,-0.00053720129
4.289696e-07,-0.0005350471
4.290696e-07,-0.0005314568
4.291696e-07,-0.00052858456
4.292696e-07,-0.0005278665
4.293696e-07,-0.00053073874
4.294696e-07,-0.00053935547
4.295696e-07,-0.0005515625
4.296696e-07,-0.00056448759
4.297696e-07,-0.00057310432
4.298696e-07,-0.00057310432
4.299696e-07,-0.00056305147
4.300696e-07,-0.00054725414
4.301696e-07,-0.0005314568
4.302696e-07,-0.00052355813
4.303696e-07,-0.00052858456
4.304696e-07,-0.0005479722
4.305696e-07,-0.00057669462
4.306696e-07,-0.00060757123
4.307696e-07,-0.00063198529
4.308696e-07,-0.00064562845
4.309696e-07,-0.00064850069
4.310696e-07,-0.00064562845
4.311696e-07,-0.00064347426
4.312696e-07,-0.00064778263
4.313696e-07,-0.00066214384
4.314696e-07,-0.00068512178
4.315696e-07,-0.00071240809
4.316696e-07,-0.00073897633
4.317696e-07,-0.00076195427
4.318696e-07,-0.00077990579
4.319696e-07,-0.00079283088
4.320696e-07,-0.00080431985
4.321696e-07,-0.00081509076
4.322696e-07,-0.00082657973
4.323696e-07,-0.00083878676
4.324696e-07,-0.00084955767
4.325696e-07,-0.00085673828
4.326696e-07,-0.00086104665
4.327696e-07,-0.00086176471
4.328696e-07,-0.00085961052
4.329696e-07,-0.00085602022
4.330696e-07,-0.00085242992
4.331696e-07,-0.00085027574
4.332696e-07,-0.00085171186
4.333696e-07,-0.0008581744
4.334696e-07,-0.00086966337
4.335696e-07,-0.00088474265
4.336696e-07,-0.00090053998
4.337696e-07,-0.00091490119
4.338696e-07,-0.00092495404
4.339696e-07,-0.00093069853
4.340696e-07,-0.00093285271
4.341696e-07,-0.00093428883
4.342696e-07,-0.00093716108
4.343696e-07,-0.0009421875
4.344696e-07,-0.00094793199
4.345696e-07,-0.00095080423
4.346696e-07,-0.00094936811
4.347696e-07,-0.0009421875
4.348696e-07,-0.00093213465
4.349696e-07,-0.00092351792
4.350696e-07,-0.0009220818
4.351696e-07,-0.00093069853
4.352696e-07,-0.00094865005
4.353696e-07,-0.00097019187
4.354696e-07,-0.0009895795
4.355696e-07,-0.00099963235
4.356696e-07,-0.00099819623
4.357696e-07,-0.00098814338
4.358696e-07,-0.00097450023
4.359696e-07,-0.00096516544
4.360696e-07,-0.00096372932
4.361696e-07,-0.00097162799
4.362696e-07,-0.0009859892
4.363696e-07,-0.00099963235
4.364696e-07,-0.0010089671
4.365696e-07,-0.0010125574
4.366696e-07,-0.0010118394
4.367696e-07,-0.0010111213
4.368696e-07,-0.0010147116
4.369696e-07,-0.0010247645
4.370696e-07,-0.0010405618
4.371696e-07,-0.0010570772
4.372696e-07,-0.0010707204
4.373696e-07,-0.0010771829
4.374696e-07,-0.0010757468
4.375696e-07,-0.0010685662
4.376696e-07,-0.0010592314
4.377696e-07,-0.0010506147
4.378696e-07,-0.0010463063
4.379696e-07,-0.0010455882
4.380696e-07,-0.0010477424
4.381696e-07,-0.0010506147
4.382696e-07,-0.001054205
4.383696e-07,-0.0010570772
4.384696e-07,-0.0010606675
4.385696e-07,-0.0010649759
4.386696e-07,-0.0010714384
4.387696e-07,-0.0010800551
4.388696e-07,-0.0010886719
4.389696e-07,-0.0010944164
4.390696e-07,-0.0010958525
4.391696e-07,-0.0010915441
4.392696e-07,-0.0010814913
4.393696e-07,-0.0010671301
4.394696e-07,-0.001054205
4.395696e-07,-0.0010455882
4.396696e-07,-0.0010455882
4.397696e-07,-0.0010556411
4.398696e-07,-0.0010728745
4.399696e-07,-0.0010915441
4.400696e-07,-0.0011051873
4.401696e-07,-0.0011080595
4.402696e-07,-0.0010987247
4.403696e-07,-0.0010800551
4.404696e-07,-0.0010592314
4.405696e-07,-0.0010441521
4.406696e-07,-0.0010391257
4.407696e-07,-0.0010455882
4.408696e-07,-0.0010577953
4.409696e-07,-0.0010678481
4.410696e-07,-0.0010685662
4.411696e-07,-0.0010570772
4.412696e-07,-0.0010355354
4.413696e-07,-0.0010118394
4.414696e-07,-0.00099388787
4.415696e-07,-0.00098814338
4.416696e-07,-0.00099532399
4.417696e-07,-0.0010104033
4.418696e-07,-0.0010254825
4.419696e-07,-0.0010340993
4.420696e-07,-0.0010326631
4.421696e-07,-0.0010233284
4.422696e-07,-0.0010104033
4.423696e-07,-0.00099963235
4.424696e-07,-0.00099388787
4.425696e-07,-0.00099316981
4.426696e-07,-0.00099245175
4.427696e-07,-0.00098814338
4.428696e-07,-0.00097809053
4.429696e-07,-0.00096444738
4.430696e-07,-0.00095080423
4.431696e-07,-0.0009421875
4.432696e-07,-0.00094003332
4.433696e-07,-0.00094434168
4.434696e-07,-0.00095008617
4.435696e-07,-0.00095367647
4.436696e-07,-0.00095295841
4.437696e-07,-0.00094865005
4.438696e-07,-0.00094362362
4.439696e-07,-0.0009421875
4.440696e-07,-0.00094649586
4.441696e-07,-0.00095654871
4.442696e-07,-0.00096803768
4.443696e-07,-0.00097665441
4.444696e-07,-0.00098096278
4.445696e-07,-0.00098168084
4.446696e-07,-0.00098311696
4.447696e-07,-0.00098814338
4.448696e-07,-0.00099963235
4.449696e-07,-0.0010168658
4.450696e-07,-0.0010340993
4.451696e-07,-0.0010455882
4.452696e-07,-0.0010470244
4.453696e-07,-0.0010391257
4.454696e-07,-0.0010247645
4.455696e-07,-0.0010111213
4.456696e-07,-0.0010032227
4.457696e-07,-0.0010039407
4.458696e-07,-0.0010125574
4.459696e-07,-0.0010226103
4.460696e-07,-0.001030509
4.461696e-07,-0.0010340993
4.462696e-07,-0.0010333812
4.463696e-07,-0.0010340993
4.464696e-07,-0.0010405618
4.465696e-07,-0.0010556411
4.466696e-07,-0.001078619
4.467696e-07,-0.0011030331
4.468696e-07,-0.0011231388
4.469696e-07,-0.0011317555
4.470696e-07,-0.0011281652
4.471696e-07,-0.0011145221
4.472696e-07,-0.0010972886
4.473696e-07,-0.0010850816
4.474696e-07,-0.0010822093
4.475696e-07,-0.0010915441
4.476696e-07,-0.0011102137
4.477696e-07,-0.0011331916
4.478696e-07,-0.0011547335
4.479696e-07,-0.0011719669
4.480696e-07,-0.0011834559
4.481696e-07,-0.0011913545
4.482696e-07,-0.0011978171
4.483696e-07,-0.0012064338
4.484696e-07,-0.0012172047
4.485696e-07,-0.0012294118
4.486696e-07,-0.0012416188
4.487696e-07,-0.0012523897
4.488696e-07,-0.0012602884
4.489696e-07,-0.0012667509
4.490696e-07,-0.0012717773
4.491696e-07,-0.0012753676
4.492696e-07,-0.001278958
4.493696e-07,-0.0012811121
4.494696e-07,-0.0012839844
4.495696e-07,-0.0012868566
4.496696e-07,-0.0012926011
4.497696e-07,-0.0013019359
4.498696e-07,-0.001315579
4.499696e-07,-0.0013328125
4.500696e-07,-0.001350046
4.501696e-07,-0.001362971
4.502696e-07,-0.0013687155
4.503696e-07,-0.0013672794
4.504696e-07,-0.0013608169
4.505696e-07,-0.0013536363
4.506696e-07,-0.001350764
4.507696e-07,-0.0013557904
4.508696e-07,-0.0013687155
4.509696e-07,-0.001386667
4.510696e-07,-0.0014067727
4.511696e-07,-0.0014247243
4.512696e-07,-0.0014398035
4.513696e-07,-0.0014512925
4.514696e-07,-0.0014613454
4.515696e-07,-0.0014706801
4.516696e-07,-0.0014800149
4.517696e-07,-0.0014879136
4.518696e-07,-0.001492222
4.519696e-07,-0.0014936581
4.520696e-07,-0.0014936581
4.521696e-07,-0.0014950942
4.522696e-07,-0.0015022748
4.523696e-07,-0.001516636
4.524696e-07,-0.0015367417
4.525696e-07,-0.0015575655
4.526696e-07,-0.001575517
4.527696e-07,-0.0015855699
4.528696e-07,-0.001587724
4.529696e-07,-0.0015855699
4.530696e-07,-0.0015834157
4.531696e-07,-0.0015855699
4.532696e-07,-0.0015934685
4.533696e-07,-0.0016049575
4.534696e-07,-0.0016157284
4.535696e-07,-0.0016200368
4.536696e-07,-0.0016164465
4.537696e-07,-0.0016063936
4.538696e-07,-0.0015941866
4.539696e-07,-0.0015855699
4.540696e-07,-0.0015841337
4.541696e-07,-0.0015898782
4.542696e-07,-0.0015999311
4.543696e-07,-0.0016085478
4.544696e-07,-0.00161142
4.545696e-07,-0.0016078297
4.546696e-07,-0.0015977769
4.547696e-07,-0.0015855699
4.548696e-07,-0.0015733628
4.549696e-07,-0.001564028
4.550696e-07,-0.0015568474
4.551696e-07,-0.0015511029
4.552696e-07,-0.0015453585
4.553696e-07,-0.0015388959
4.554696e-07,-0.0015324334
4.555696e-07,-0.001528125
4.556696e-07,-0.0015259708
4.557696e-07,-0.0015252528
4.558696e-07,-0.0015266889
4.559696e-07,-0.001528125
4.560696e-07,-0.0015302792
4.561696e-07,-0.0015345875
4.562696e-07,-0.0015417682
4.563696e-07,-0.0015511029
4.564696e-07,-0.0015618739
4.565696e-07,-0.0015712086
4.566696e-07,-0.001575517
4.567696e-07,-0.0015740809
4.568696e-07,-0.0015669003
4.569696e-07,-0.0015582835
4.570696e-07,-0.001551821
4.571696e-07,-0.0015511029
4.572696e-07,-0.0015575655
4.573696e-07,-0.0015690545
4.574696e-07,-0.0015834157
4.575696e-07,-0.0015970588
4.576696e-07,-0.0016092659
4.577696e-07,-0.0016200368
4.578696e-07,-0.0016308077
4.579696e-07,-0.0016430147
4.580696e-07,-0.0016545037
4.581696e-07,-0.0016638385
4.582696e-07,-0.0016681468
4.583696e-07,-0.0016659926
4.584696e-07,-0.0016602482
4.585696e-07,-0.0016552217
4.586696e-07,-0.0016566579
4.587696e-07,-0.0016659926
4.588696e-07,-0.0016839442
4.589696e-07,-0.001706204
4.590696e-07,-0.0017277459
4.591696e-07,-0.0017464154
4.592696e-07,-0.0017607767
4.593696e-07,-0.0017737017
4.594696e-07,-0.0017873449
4.595696e-07,-0.0018038603
4.596696e-07,-0.0018203757
4.597696e-07,-0.0018325827
4.598696e-07,-0.0018347369
4.599696e-07,-0.0018268382
4.600696e-07,-0.0018110409
4.601696e-07,-0.0017945255
4.602696e-07,-0.0017866268
4.603696e-07,-0.0017923713
4.604696e-07,-0.0018110409
4.605696e-07,-0.0018368911
4.606696e-07,-0.001859869
4.607696e-07,-0.0018727941
4.608696e-07,-0.0018735122
4.609696e-07,-0.0018648955
4.610696e-07,-0.0018541245
4.611696e-07,-0.0018498162
4.612696e-07,-0.0018541245
4.613696e-07,-0.0018648955
4.614696e-07,-0.0018771025
4.615696e-07,-0.0018842831
4.616696e-07,-0.001883565
4.617696e-07,-0.0018778205
4.618696e-07,-0.0018720761
4.619696e-07,-0.0018727941
4.620696e-07,-0.001883565
4.621696e-07,-0.0019015165
4.622696e-07,-0.0019230584
4.623696e-07,-0.0019417279
4.624696e-07,-0.0019553711
4.625696e-07,-0.0019647059
4.626696e-07,-0.0019747587
4.627696e-07,-0.0019876838
4.628696e-07,-0.0020049173
4.629696e-07,-0.0020243049
4.630696e-07,-0.0020386661
