LECROYHDO6104B,11090,Waveform
Segments,1,SegmentSize,5002
Segment,TrigTime,TimeSinceSegment1
#1,04-May-2026 18:24:43,0                 
Time,Ampl
-3.700312e-08,-0.0049554285
-3.690312e-08,-0.0049618911
-3.680312e-08,-0.0049755342
-3.670312e-08,-0.0049863051
-3.660312e-08,-0.0049877413
-3.650312e-08,-0.0049798426
-3.640312e-08,-0.0049690717
-3.630312e-08,-0.0049633272
-3.620312e-08,-0.0049683536
-3.610312e-08,-0.0049827148
-3.600312e-08,-0.0049985122
-3.590312e-08,-0.0050092831
-3.580312e-08,-0.0050092831
-3.570312e-08,-0.0050013844
-3.560312e-08,-0.0049906135
-3.550312e-08,-0.0049863051
-3.540312e-08,-0.0049906135
-3.530312e-08,-0.0050013844
-3.520312e-08,-0.0050100011
-3.510312e-08,-0.0050092831
-3.500312e-08,-0.0049956399
-3.490312e-08,-0.0049733801
-3.480312e-08,-0.0049518382
-3.470312e-08,-0.0049403493
-3.460312e-08,-0.0049425034
-3.450312e-08,-0.0049554285
-3.440312e-08,-0.0049697898
-3.430312e-08,-0.0049748162
-3.420312e-08,-0.0049669175
-3.410312e-08,-0.0049482479
-3.400312e-08,-0.0049281422
-3.390312e-08,-0.0049173713
-3.380312e-08,-0.0049216797
-3.370312e-08,-0.0049396312
-3.360312e-08,-0.004961173
-3.350312e-08,-0.0049748162
-3.340312e-08,-0.0049733801
-3.330312e-08,-0.0049561466
-3.320312e-08,-0.0049302964
-3.310312e-08,-0.0049058824
-3.300312e-08,-0.0048908031
-3.290312e-08,-0.0048886489
-3.280312e-08,-0.0048958295
-3.270312e-08,-0.0049058824
-3.260312e-08,-0.004913063
-3.250312e-08,-0.0049159352
-3.240312e-08,-0.0049159352
-3.230312e-08,-0.0049173713
-3.220312e-08,-0.0049216797
-3.210312e-08,-0.0049274242
-3.200312e-08,-0.0049310145
-3.190312e-08,-0.0049288603
-3.180312e-08,-0.0049202436
-3.170312e-08,-0.0049087546
-3.160312e-08,-0.0048979837
-3.150312e-08,-0.0048943934
-3.140312e-08,-0.0048979837
-3.130312e-08,-0.0049066004
-3.120312e-08,-0.0049144991
-3.110312e-08,-0.0049173713
-3.100312e-08,-0.0049159352
-3.090312e-08,-0.004913781
-3.080312e-08,-0.0049166533
-3.070312e-08,-0.0049288603
-3.060312e-08,-0.0049475299
-3.050312e-08,-0.0049669175
-3.040312e-08,-0.0049776884
-3.030312e-08,-0.0049748162
-3.020312e-08,-0.0049583008
-3.010312e-08,-0.0049346048
-3.000312e-08,-0.0049152171
-2.990312e-08,-0.0049058824
-2.980312e-08,-0.0049094727
-2.970312e-08,-0.0049202436
-2.960312e-08,-0.0049288603
-2.950312e-08,-0.0049288603
-2.940312e-08,-0.0049188074
-2.930312e-08,-0.0049044462
-2.920312e-08,-0.0048943934
-2.910312e-08,-0.0048943934
-2.900312e-08,-0.0049051643
-2.890312e-08,-0.0049209616
-2.880312e-08,-0.0049310145
-2.870312e-08,-0.0049288603
-2.860312e-08,-0.0049144991
-2.850312e-08,-0.0048951114
-2.840312e-08,-0.0048821864
-2.830312e-08,-0.0048829044
-2.820312e-08,-0.0048979837
-2.810312e-08,-0.0049180894
-2.800312e-08,-0.0049317325
-2.790312e-08,-0.0049288603
-2.780312e-08,-0.0049073185
-2.770312e-08,-0.0048757238
-2.760312e-08,-0.0048484375
-2.750312e-08,-0.0048369485
-2.740312e-08,-0.0048462833
-2.730312e-08,-0.0048692613
-2.720312e-08,-0.0048936753
-2.710312e-08,-0.0049058824
-2.700312e-08,-0.0049001379
-2.690312e-08,-0.0048814683
-2.680312e-08,-0.0048599265
-2.670312e-08,-0.0048484375
-2.660312e-08,-0.0048534639
-2.650312e-08,-0.0048721335
-2.640312e-08,-0.0048936753
-2.630312e-08,-0.0049058824
-2.620312e-08,-0.004902292
-2.610312e-08,-0.0048850586
-2.600312e-08,-0.0048635168
-2.590312e-08,-0.0048484375
-2.580312e-08,-0.0048470014
-2.570312e-08,-0.0048592084
-2.560312e-08,-0.004877878
-2.550312e-08,-0.0048943934
-2.540312e-08,-0.004902292
-2.530312e-08,-0.0049030101
-2.520312e-08,-0.004902292
-2.510312e-08,-0.0049058824
-2.500312e-08,-0.0049166533
-2.490312e-08,-0.0049310145
-2.480312e-08,-0.0049410673
-2.470312e-08,-0.0049403493
-2.460312e-08,-0.0049281422
-2.450312e-08,-0.0049094727
-2.440312e-08,-0.0048951114
-2.430312e-08,-0.0048943934
-2.420312e-08,-0.0049094727
-2.410312e-08,-0.0049353228
-2.400312e-08,-0.004960455
-2.390312e-08,-0.0049748162
-2.380312e-08,-0.0049740981
-2.370312e-08,-0.004961173
-2.360312e-08,-0.0049468118
-2.350312e-08,-0.0049403493
-2.340312e-08,-0.0049453757
-2.330312e-08,-0.0049568647
-2.320312e-08,-0.0049661994
-2.310312e-08,-0.0049633272
-2.300312e-08,-0.0049446576
-2.290312e-08,-0.0049144991
-2.280312e-08,-0.0048864947
-2.270312e-08,-0.0048714154
-2.260312e-08,-0.0048757238
-2.250312e-08,-0.0048958295
-2.240312e-08,-0.0049216797
-2.230312e-08,-0.0049403493
-2.220312e-08,-0.0049453757
-2.210312e-08,-0.004936759
-2.200312e-08,-0.0049238339
-2.190312e-08,-0.0049173713
-2.180312e-08,-0.0049231158
-2.170312e-08,-0.0049403493
-2.160312e-08,-0.004961173
-2.150312e-08,-0.0049748162
-2.140312e-08,-0.0049755342
-2.130312e-08,-0.0049647633
-2.120312e-08,-0.0049496841
-2.110312e-08,-0.0049403493
-2.100312e-08,-0.0049432215
-2.090312e-08,-0.0049575827
-2.080312e-08,-0.0049748162
-2.070312e-08,-0.0049863051
-2.060312e-08,-0.004984869
-2.050312e-08,-0.0049719439
-2.040312e-08,-0.0049532744
-2.030312e-08,-0.0049403493
-2.020312e-08,-0.0049396312
-2.010312e-08,-0.0049532744
-2.000312e-08,-0.0049755342
-1.990312e-08,-0.0049977941
-1.980312e-08,-0.0050121553
-1.970312e-08,-0.0050150276
-1.960312e-08,-0.005008565
-1.950312e-08,-0.0049977941
-1.940312e-08,-0.0049870232
-1.930312e-08,-0.0049776884
-1.920312e-08,-0.0049705078
-1.910312e-08,-0.0049633272
-1.900312e-08,-0.0049561466
-1.890312e-08,-0.0049496841
-1.880312e-08,-0.0049482479
-1.870312e-08,-0.0049518382
-1.860312e-08,-0.0049597369
-1.850312e-08,-0.0049669175
-1.840312e-08,-0.0049690717
-1.830312e-08,-0.0049633272
-1.820312e-08,-0.0049525563
-1.810312e-08,-0.0049425034
-1.800312e-08,-0.0049417854
-1.790312e-08,-0.0049518382
-1.780312e-08,-0.0049712259
-1.770312e-08,-0.0049913316
-1.760312e-08,-0.0050021025
-1.750312e-08,-0.0049977941
-1.740312e-08,-0.0049805607
-1.730312e-08,-0.0049575827
-1.720312e-08,-0.0049417854
-1.710312e-08,-0.0049403493
-1.700312e-08,-0.0049532744
-1.690312e-08,-0.0049719439
-1.680312e-08,-0.0049863051
-1.670312e-08,-0.0049863051
-1.660312e-08,-0.0049719439
-1.650312e-08,-0.0049518382
-1.640312e-08,-0.0049381951
-1.630312e-08,-0.0049403493
-1.620312e-08,-0.0049618911
-1.610312e-08,-0.0049942038
-1.600312e-08,-0.0050257985
-1.590312e-08,-0.00504375
-1.580312e-08,-0.0050430319
-1.570312e-08,-0.0050286707
-1.560312e-08,-0.0050100011
-1.550312e-08,-0.0049977941
-1.540312e-08,-0.0049970761
-1.530312e-08,-0.0050064108
-1.520312e-08,-0.0050164637
-1.510312e-08,-0.0050207721
-1.500312e-08,-0.0050164637
-1.490312e-08,-0.005008565
-1.480312e-08,-0.0050035386
-1.470312e-08,-0.0050092831
-1.460312e-08,-0.0050250804
-1.450312e-08,-0.00504375
-1.440312e-08,-0.005055957
-1.430312e-08,-0.005055239
-1.420312e-08,-0.0050408778
-1.410312e-08,-0.0050214901
-1.400312e-08,-0.005008565
-1.390312e-08,-0.0050092831
-1.380312e-08,-0.0050236443
-1.370312e-08,-0.0050423139
-1.360312e-08,-0.0050523667
-1.350312e-08,-0.00504375
-1.340312e-08,-0.0050171818
-1.330312e-08,-0.0049819968
-1.320312e-08,-0.0049525563
-1.310312e-08,-0.0049403493
-1.300312e-08,-0.0049482479
-1.290312e-08,-0.0049669175
-1.280312e-08,-0.0049834329
-1.270312e-08,-0.0049863051
-1.260312e-08,-0.0049719439
-1.250312e-08,-0.0049475299
-1.240312e-08,-0.0049259881
-1.230312e-08,-0.0049173713
-1.220312e-08,-0.0049231158
-1.210312e-08,-0.0049353228
-1.200312e-08,-0.0049403493
-1.190312e-08,-0.0049288603
-1.180312e-08,-0.004901574
-1.170312e-08,-0.0048692613
-1.160312e-08,-0.0048477194
-1.150312e-08,-0.0048484375
-1.140312e-08,-0.0048714154
-1.130312e-08,-0.0049044462
-1.120312e-08,-0.0049281422
-1.110312e-08,-0.0049288603
-1.100312e-08,-0.0049044462
-1.090312e-08,-0.004865671
-1.080312e-08,-0.0048340763
-1.070312e-08,-0.0048254596
-1.060312e-08,-0.0048455653
-1.050312e-08,-0.0048836225
-1.040312e-08,-0.0049216797
-1.030312e-08,-0.0049403493
-1.020312e-08,-0.0049324506
-1.010312e-08,-0.0049044462
-1.000312e-08,-0.0048742877
-9.903125e-09,-0.0048599265
-9.803125e-09,-0.0048692613
-9.703125e-09,-0.0048958295
-9.603125e-09,-0.00492527
-9.503125e-09,-0.0049403493
-9.403125e-09,-0.0049338867
-9.303125e-09,-0.0049116268
-9.203125e-09,-0.004889367
-9.103125e-09,-0.0048829044
-9.003125e-09,-0.0048994198
-8.903125e-09,-0.0049331687
-8.803125e-09,-0.0049676356
-8.703125e-09,-0.0049863051
-8.603125e-09,-0.0049812787
-8.503125e-09,-0.0049583008
-8.403125e-09,-0.0049310145
-8.303125e-09,-0.0049173713
-8.203125e-09,-0.0049245519
-8.103125e-09,-0.0049482479
-8.003125e-09,-0.0049740981
-7.903125e-09,-0.0049863051
-7.803125e-09,-0.0049784065
-7.703125e-09,-0.0049561466
-7.603125e-09,-0.0049338867
-7.503125e-09,-0.0049288603
-7.403125e-09,-0.0049475299
-7.303125e-09,-0.004984869
-7.203125e-09,-0.0050229262
-7.103125e-09,-0.00504375
-7.003125e-09,-0.0050358513
-6.903125e-09,-0.0050035386
-6.803125e-09,-0.004961173
-6.703125e-09,-0.0049288603
-6.603125e-09,-0.0049195255
-6.503125e-09,-0.0049338867
-6.403125e-09,-0.004961173
-6.303125e-09,-0.0049863051
-6.203125e-09,-0.0049956399
-6.103125e-09,-0.0049877413
-6.003125e-09,-0.0049690717
-5.903125e-09,-0.0049518382
-5.803125e-09,-0.0049446576
-5.703125e-09,-0.0049482479
-5.603125e-09,-0.0049575827
-5.503125e-09,-0.0049633272
-5.403125e-09,-0.004960455
-5.303125e-09,-0.0049504021
-5.203125e-09,-0.004937477
-5.103125e-09,-0.0049288603
-5.003125e-09,-0.0049238339
-4.903125e-09,-0.0049152171
-4.803125e-09,-0.0048929573
-4.703125e-09,-0.0048484375
-4.603125e-09,-0.0047809398
-4.503125e-09,-0.0046990809
-4.403125e-09,-0.00461794
-4.303125e-09,-0.0045497243
-4.203125e-09,-0.0044965878
-4.103125e-09,-0.0044499138
-4.003125e-09,-0.004392469
-3.903125e-09,-0.0043084559
-3.803125e-09,-0.0041906939
-3.703125e-09,-0.0040434915
-3.603125e-09,-0.0038826459
-3.503125e-09,-0.0037225184
-3.403125e-09,-0.0035717256
-3.303125e-09,-0.0034266774
-3.203125e-09,-0.0032744485
-3.103125e-09,-0.003102114
-3.003125e-09,-0.002901775
-2.903125e-09,-0.002676304
-2.803125e-09,-0.002439344
-2.703125e-09,-0.0022059743
-2.603125e-09,-0.0019833755
-2.503125e-09,-0.0017701114
-2.403125e-09,-0.0015539752
-2.303125e-09,-0.0013213235
-2.203125e-09,-0.0010642578
-2.103125e-09,-0.00078421415
-2.003125e-09,-0.00049411765
-1.903125e-09,-0.00020689338
-1.803125e-09,6.668773e-05
-1.703125e-09,0.00032806181
-1.603125e-09,0.00058440947
-1.503125e-09,0.00085009191
-1.403125e-09,0.0011322898
-1.303125e-09,0.001431003
-1.203125e-09,0.0017354607
-1.103125e-09,0.0020334559
-1.003125e-09,0.0023127815
-9.031246e-10,0.0025720014
-8.031246e-10,0.002816142
-7.031246e-10,0.0030559743
-6.031246e-10,0.003301551
-5.031246e-10,0.0035557445
-4.031246e-10,0.0038171186
-3.031246e-10,0.0040784926
-2.031246e-10,0.0043326861
-1.031246e-10,0.0045768267
-3.124635e-12,0.0048094784
9.687536e-11,0.0050320772
1.968754e-10,0.005243187
2.968754e-10,0.0054384995
3.968754e-10,0.0056137063
4.968754e-10,0.0057673713
5.968754e-10,0.0059030848
6.968754e-10,0.0060316176
7.968754e-10,0.0061630227
8.968754e-10,0.0063073529
9.968754e-10,0.0064631721
1.096875e-09,0.0066225816
1.196875e-09,0.006769784
1.296875e-09,0.0068932904
1.396875e-09,0.0069873564
1.496875e-09,0.0070570083
1.596875e-09,0.007113017
1.696875e-09,0.0071690257
1.796875e-09,0.007230779
1.896875e-09,0.0072975586
1.996875e-09,0.0073600299
2.096875e-09,0.0074102941
2.196875e-09,0.0074433249
2.296875e-09,0.0074627125
2.396875e-09,0.0074792279
2.496875e-09,0.0075022059
2.596875e-09,0.0075366728
2.696875e-09,0.0075797564
2.796875e-09,0.007621404
2.896875e-09,0.0076515625
2.996875e-09,0.0076637695
3.096875e-09,0.0076608973
3.196875e-09,0.0076537167
3.296875e-09,0.0076515625
3.396875e-09,0.0076623334
3.496875e-09,0.0076831572
3.596875e-09,0.0077068532
3.696875e-09,0.0077204963
3.796875e-09,0.0077176241
3.896875e-09,0.0076989545
3.996875e-09,0.0076731043
4.096875e-09,0.0076515625
4.196875e-09,0.0076451
4.296875e-09,0.0076558709
4.396875e-09,0.0076802849
4.496875e-09,0.0077090074
4.596875e-09,0.0077341395
4.696875e-09,0.0077513729
4.796875e-09,0.0077614258
4.896875e-09,0.0077664522
4.996875e-09,0.0077707606
5.096875e-09,0.0077750689
5.196875e-09,0.0077779412
5.296875e-09,0.0077779412
5.396875e-09,0.0077750689
5.496875e-09,0.0077729148
5.596875e-09,0.0077765051
5.696875e-09,0.0077894301
5.796875e-09,0.0078131261
5.896875e-09,0.0078440028
5.996875e-09,0.0078755974
6.096875e-09,0.0079043199
6.196875e-09,0.0079272978
6.296875e-09,0.0079481216
6.396875e-09,0.0079696634
6.496875e-09,0.0079962316
6.596875e-09,0.0080256721
6.696875e-09,0.0080522403
6.796875e-09,0.0080701919
6.896875e-09,0.0080766544
6.996875e-09,0.0080730641
7.096875e-09,0.0080658835
7.196875e-09,0.0080651654
7.296875e-09,0.0080766544
7.396875e-09,0.0080996324
7.496875e-09,0.0081283548
7.596875e-09,0.0081527688
7.696875e-09,0.0081685662
7.796875e-09,0.0081750287
7.896875e-09,0.008177901
7.996875e-09,0.0081857996
8.096875e-09,0.0082030331
8.196875e-09,0.0082281652
8.296875e-09,0.0082518612
8.396875e-09,0.0082647863
8.496875e-09,0.0082604779
8.596875e-09,0.0082425264
8.696875e-09,0.0082202665
8.796875e-09,0.0082080595
8.896875e-09,0.0082145221
8.996875e-09,0.0082389361
9.096875e-09,0.0082705308
9.196875e-09,0.008297099
9.296875e-09,0.0083064338
9.396875e-09,0.0082985352
9.496875e-09,0.0082813017
9.596875e-09,0.0082683766
9.696875e-09,0.0082719669
9.796875e-09,0.0082920726
9.896875e-09,0.008320077
9.996875e-09,0.0083401827
1.009688e-08,0.0083409007
1.019688e-08,0.0083186409
1.029688e-08,0.0082813017
1.039688e-08,0.0082461167
1.049688e-08,0.008226011
1.059688e-08,0.0082274472
1.069688e-08,0.0082453987
1.079688e-08,0.0082647863
1.089688e-08,0.0082719669
1.099688e-08,0.008261196
1.109688e-08,0.0082375
1.119688e-08,0.008213804
1.129688e-08,0.0082030331
1.139688e-08,0.0082109318
1.149688e-08,0.0082317555
1.159688e-08,0.0082532973
1.169688e-08,0.0082604779
1.179688e-08,0.0082475528
1.189688e-08,0.0082188304
1.199688e-08,0.0081872358
1.209688e-08,0.0081685662
1.219688e-08,0.0081707204
1.229688e-08,0.0081908261
1.239688e-08,0.0082181124
1.249688e-08,0.0082375
1.259688e-08,0.0082403722
1.269688e-08,0.0082267291
1.279688e-08,0.0082059053
1.289688e-08,0.0081915441
1.299688e-08,0.0081908261
1.309688e-08,0.0082044692
1.319688e-08,0.0082238568
1.329688e-08,0.0082375
1.339688e-08,0.0082382181
1.349688e-08,0.0082238568
1.359688e-08,0.008201597
1.369688e-08,0.0081800551
1.379688e-08,0.0081656939
1.389688e-08,0.0081592314
1.399688e-08,0.0081577953
1.409688e-08,0.0081570772
1.419688e-08,0.008154923
1.429688e-08,0.0081527688
1.439688e-08,0.0081570772
1.449688e-08,0.0081685662
1.459688e-08,0.0081850816
1.469688e-08,0.0081965705
1.479688e-08,0.0081929802
1.489688e-08,0.0081685662
1.499688e-08,0.0081247645
1.509688e-08,0.0080737822
1.519688e-08,0.0080299805
1.529688e-08,0.0080077206
1.539688e-08,0.0080091567
1.549688e-08,0.0080263902
1.559688e-08,0.0080450597
1.569688e-08,0.0080536765
1.579688e-08,0.0080457778
1.589688e-08,0.0080271082
1.599688e-08,0.0080070025
1.609688e-08,0.0079962316
1.619688e-08,0.0079969497
1.629688e-08,0.0080034122
1.639688e-08,0.0080026942
1.649688e-08,0.0079847426
1.659688e-08,0.0079488396
1.669688e-08,0.0079043199
1.679688e-08,0.0078655446
1.689688e-08,0.007846875
1.699688e-08,0.0078526195
1.709688e-08,0.0078755974
1.719688e-08,0.0079021657
1.729688e-08,0.0079158088
1.739688e-08,0.0079107824
1.749688e-08,0.0078921128
1.759688e-08,0.0078698529
1.769688e-08,0.007858364
1.779688e-08,0.0078619543
1.789688e-08,0.0078770335
1.799688e-08,0.0078913948
1.809688e-08,0.0078928309
1.819688e-08,0.0078763155
1.829688e-08,0.0078475931
1.839688e-08,0.0078181526
1.849688e-08,0.0078009191
1.859688e-08,0.0078016372
1.869688e-08,0.0078167165
1.879688e-08,0.007835386
1.889688e-08,0.007846875
1.899688e-08,0.0078461569
1.909688e-08,0.0078361041
1.919688e-08,0.0078260512
1.929688e-08,0.0078238971
1.939688e-08,0.0078310777
1.949688e-08,0.0078425666
1.959688e-08,0.0078461569
1.969688e-08,0.007835386
1.979688e-08,0.0078095358
1.989688e-08,0.0077793773
1.999688e-08,0.0077571174
2.009688e-08,0.0077549632
2.019688e-08,0.0077721967
2.029688e-08,0.0078002011
2.039688e-08,0.0078217429
2.049688e-08,0.0078238971
2.059688e-08,0.0078045094
2.069688e-08,0.0077729148
2.079688e-08,0.0077441923
2.089688e-08,0.0077319853
2.099688e-08,0.007740602
2.109688e-08,0.0077614258
2.119688e-08,0.0077786592
2.129688e-08,0.0077779412
2.139688e-08,0.0077556813
2.149688e-08,0.0077204963
2.159688e-08,0.0076881836
2.169688e-08,0.0076745404
2.179688e-08,0.0076845933
2.189688e-08,0.0077118796
2.199688e-08,0.007739884
2.209688e-08,0.0077549632
2.219688e-08,0.0077506549
2.229688e-08,0.0077319853
2.239688e-08,0.0077140338
2.249688e-08,0.0077090074
2.259688e-08,0.0077204963
2.269688e-08,0.0077391659
2.279688e-08,0.0077513729
2.289688e-08,0.0077434743
2.299688e-08,0.0077125977
2.309688e-08,0.007668796
2.319688e-08,0.0076314568
2.329688e-08,0.0076170956
2.339688e-08,0.0076328929
2.349688e-08,0.007669514
2.359688e-08,0.0077090074
2.369688e-08,0.0077319853
2.379688e-08,0.0077298311
2.389688e-08,0.007705417
2.399688e-08,0.0076745404
2.409688e-08,0.0076515625
2.419688e-08,0.0076443819
2.429688e-08,0.0076486903
2.439688e-08,0.0076515625
2.449688e-08,0.0076400735
2.459688e-08,0.0076091969
2.469688e-08,0.0075675494
2.479688e-08,0.0075302102
2.489688e-08,0.0075136949
2.499688e-08,0.0075230296
2.509688e-08,0.007551034
2.519688e-08,0.0075804745
2.529688e-08,0.0075941176
2.539688e-08,0.0075833467
2.549688e-08,0.0075531882
2.559688e-08,0.0075172852
2.569688e-08,0.0074907169
2.579688e-08,0.0074806641
2.589688e-08,0.0074828182
2.599688e-08,0.0074828182
2.609688e-08,0.007467739
2.619688e-08,0.0074318359
2.629688e-08,0.0073844439
2.639688e-08,0.0073406422
2.649688e-08,0.0073183824
2.659688e-08,0.0073248449
2.669688e-08,0.0073542854
2.679688e-08,0.0073887523
2.689688e-08,0.0074102941
2.699688e-08,0.0074067038
2.709688e-08,0.0073801356
2.719688e-08,0.0073420784
2.729688e-08,0.0073068934
2.739688e-08,0.0072846335
2.749688e-08,0.0072738626
2.759688e-08,0.0072652459
2.769688e-08,0.0072494485
2.779688e-08,0.0072221622
2.789688e-08,0.0071898495
2.799688e-08,0.0071647174
2.809688e-08,0.0071575368
2.819688e-08,0.0071711799
2.829688e-08,0.0071977482
2.839688e-08,0.0072207261
2.849688e-08,0.0072264706
2.859688e-08,0.0072092371
2.869688e-08,0.0071762063
2.879688e-08,0.0071424575
2.889688e-08,0.0071230699
2.899688e-08,0.0071237879
2.909688e-08,0.0071395852
2.919688e-08,0.0071553826
2.929688e-08,0.0071575368
2.939688e-08,0.0071410214
2.949688e-08,0.0071122989
2.959688e-08,0.0070864488
2.969688e-08,0.007077114
2.979688e-08,0.0070907571
2.989688e-08,0.0071201976
2.999688e-08,0.0071517923
3.009688e-08,0.0071690257
3.019688e-08,0.0071661535
3.029688e-08,0.0071467659
3.039688e-08,0.007124506
3.049688e-08,0.0071115809
3.059688e-08,0.007113017
3.069688e-08,0.0071230699
3.079688e-08,0.0071295324
3.089688e-08,0.0071230699
3.099688e-08,0.007101528
3.109688e-08,0.0070742417
3.119688e-08,0.0070584444
3.129688e-08,0.007065625
3.139688e-08,0.0070972197
3.149688e-08,0.0071424575
3.159688e-08,0.0071797966
3.169688e-08,0.0071920037
3.179688e-08,0.0071740522
3.189688e-08,0.0071338408
3.199688e-08,0.0070914752
3.209688e-08,0.007065625
3.219688e-08,0.0070641889
3.229688e-08,0.0070807043
3.239688e-08,0.0070986558
3.249688e-08,0.0071000919
3.259688e-08,0.0070763959
3.269688e-08,0.0070325942
3.279688e-08,0.0069844841
3.289688e-08,0.0069507353
3.299688e-08,0.0069399644
3.309688e-08,0.0069500172
3.319688e-08,0.0069658146
3.329688e-08,0.0069737132
3.339688e-08,0.0069643784
3.349688e-08,0.0069406824
3.359688e-08,0.0069133961
3.369688e-08,0.0068932904
3.379688e-08,0.0068853918
3.389688e-08,0.0068825195
3.399688e-08,0.0068739028
3.409688e-08,0.0068473346
3.419688e-08,0.0068020967
3.429688e-08,0.0067496783
3.439688e-08,0.0067058766
3.449688e-08,0.006686489
3.459688e-08,0.0066958238
3.469688e-08,0.0067238281
3.479688e-08,0.0067532686
3.489688e-08,0.0067669118
3.499688e-08,0.0067568589
3.509688e-08,0.0067281365
3.519688e-08,0.0066965418
3.529688e-08,0.006675
3.539688e-08,0.0066685375
3.549688e-08,0.0066706916
3.559688e-08,0.0066649472
3.569688e-08,0.0066405331
3.579688e-08,0.0065945772
3.589688e-08,0.0065378504
3.599688e-08,0.0064904584
3.609688e-08,0.0064681985
3.619688e-08,0.0064768153
3.629688e-08,0.0065055377
3.639688e-08,0.0065364143
3.649688e-08,0.0065486213
3.659688e-08,0.0065356962
3.669688e-08,0.0065048196
3.679688e-08,0.0064725069
3.689688e-08,0.0064567096
3.699688e-08,0.0064631721
3.709688e-08,0.0064847139
3.719688e-08,0.0065033835
3.729688e-08,0.0065026654
3.739688e-08,0.0064760972
3.749688e-08,0.0064330136
3.759688e-08,0.0063928022
3.769688e-08,0.0063762868
3.779688e-08,0.006391366
3.789688e-08,0.0064308594
3.799688e-08,0.0064753791
3.809688e-08,0.0065026654
3.819688e-08,0.0065012293
3.829688e-08,0.006473943
3.839688e-08,0.0064373219
3.849688e-08,0.0064107537
3.859688e-08,0.0064057273
3.869688e-08,0.0064208065
3.879688e-08,0.0064394761
3.889688e-08,0.0064452206
3.899688e-08,0.006426551
3.909688e-08,0.0063870577
3.919688e-08,0.0063411018
3.929688e-08,0.0063073529
3.939688e-08,0.0062987362
3.949688e-08,0.0063145335
3.959688e-08,0.0063418199
3.969688e-08,0.0063647978
3.979688e-08,0.0063698242
3.989688e-08,0.006355463
3.999688e-08,0.0063303309
4.009688e-08,0.0063073529
4.019688e-08,0.0062951459
4.029688e-08,0.0062937098
4.039688e-08,0.0062937098
4.049688e-08,0.006284375
4.059688e-08,0.0062585248
4.069688e-08,0.0062190315
4.079688e-08,0.006177384
4.089688e-08,0.0061465074
4.099688e-08,0.0061335823
4.109688e-08,0.0061357364
4.119688e-08,0.0061443532
4.129688e-08,0.0061465074
4.139688e-08,0.0061357364
4.149688e-08,0.0061141946
4.159688e-08,0.0060912167
4.169688e-08,0.0060775735
4.179688e-08,0.0060768555
4.189688e-08,0.0060847541
4.199688e-08,0.0060890625
4.209688e-08,0.0060775735
4.219688e-08,0.0060459789
4.229688e-08,0.006000023
4.239688e-08,0.0059562213
4.249688e-08,0.0059282169
4.259688e-08,0.0059253447
4.269688e-08,0.0059440142
4.279688e-08,0.0059698644
4.289688e-08,0.0059856618
4.299688e-08,0.0059813534
4.309688e-08,0.0059562213
4.319688e-08,0.0059217544
4.329688e-08,0.00589375
4.339688e-08,0.0058829791
4.349688e-08,0.0058894416
4.359688e-08,0.005905957
4.369688e-08,0.0059167279
4.379688e-08,0.0059109835
4.389688e-08,0.0058858513
4.399688e-08,0.0058492302
4.409688e-08,0.0058133272
4.419688e-08,0.0057903493
4.429688e-08,0.0057853228
4.439688e-08,0.0057925034
4.449688e-08,0.0058018382
4.459688e-08,0.0058032744
4.469688e-08,0.0057917854
4.479688e-08,0.0057702436
4.489688e-08,0.0057443934
4.499688e-08,0.0057235696
4.509688e-08,0.0057106445
4.519688e-08,0.005704182
4.529688e-08,0.0056984375
4.539688e-08,0.0056876666
4.549688e-08,0.0056697151
4.559688e-08,0.005645301
4.569688e-08,0.0056180147
4.579688e-08,0.0055928826
4.589688e-08,0.0055699046
4.599688e-08,0.0055490809
4.609688e-08,0.0055261029
4.619688e-08,0.0054995347
4.629688e-08,0.0054693761
4.639688e-08,0.0054384995
4.649688e-08,0.0054112132
4.659688e-08,0.0053882353
4.669688e-08,0.0053674115
4.679688e-08,0.0053458697
4.689688e-08,0.0053193015
4.699688e-08,0.0052877068
4.709688e-08,0.0052561121
4.719688e-08,0.0052302619
4.729688e-08,0.0052159007
4.739688e-08,0.0052144646
4.749688e-08,0.0052216452
4.759688e-08,0.0052288258
4.769688e-08,0.0052273897
4.779688e-08,0.0052123104
4.789688e-08,0.0051850241
4.799688e-08,0.0051527114
4.809688e-08,0.005123989
4.819688e-08,0.0051046013
4.829688e-08,0.0050959846
4.839688e-08,0.0050931124
4.849688e-08,0.0050895221
4.859688e-08,0.0050787511
4.869688e-08,0.0050586455
4.879688e-08,0.0050335133
4.889688e-08,0.0050090993
4.899688e-08,0.0049904297
4.909688e-08,0.0049796588
4.919688e-08,0.0049760685
4.929688e-08,0.0049746324
4.939688e-08,0.0049724782
4.949688e-08,0.0049667337
4.959688e-08,0.0049595531
4.969688e-08,0.0049516544
4.979688e-08,0.0049451919
4.989688e-08,0.0049394474
4.999688e-08,0.0049308307
5.009688e-08,0.0049171875
5.019688e-08,0.0048977999
5.029688e-08,0.0048741039
5.039688e-08,0.004851844
5.049688e-08,0.0048367647
5.059688e-08,0.0048317383
5.069688e-08,0.0048353286
5.079688e-08,0.0048432273
5.089688e-08,0.0048482537
5.099688e-08,0.0048460995
5.109688e-08,0.0048353286
5.119688e-08,0.0048188132
5.129688e-08,0.0048022978
5.139688e-08,0.0047908088
5.149688e-08,0.0047872185
5.159688e-08,0.0047886546
5.169688e-08,0.0047908088
5.179688e-08,0.0047886546
5.189688e-08,0.0047786018
5.199688e-08,0.0047620864
5.209688e-08,0.0047448529
5.219688e-08,0.0047326459
5.229688e-08,0.0047297737
5.239688e-08,0.0047383904
5.249688e-08,0.0047563419
5.259688e-08,0.0047771657
5.269688e-08,0.004792963
5.279688e-08,0.0047987075
5.289688e-08,0.0047908088
5.299688e-08,0.0047707031
5.309688e-08,0.0047426988
5.319688e-08,0.0047125402
5.329688e-08,0.0046874081
5.339688e-08,0.0046716108
5.349688e-08,0.0046658663
5.359688e-08,0.0046694566
5.369688e-08,0.0046759191
5.379688e-08,0.0046802275
5.389688e-08,0.0046780733
5.399688e-08,0.0046680205
5.409688e-08,0.0046529412
5.419688e-08,0.0046378619
5.429688e-08,0.0046292452
5.439688e-08,0.0046306813
5.449688e-08,0.0046414522
5.459688e-08,0.0046558134
5.469688e-08,0.0046673024
5.479688e-08,0.0046673024
5.489688e-08,0.0046529412
5.499688e-08,0.0046263729
5.509688e-08,0.0045926241
5.519688e-08,0.0045610294
5.529688e-08,0.0045380515
5.539688e-08,0.0045258444
5.549688e-08,0.0045229722
5.559688e-08,0.0045251264
5.569688e-08,0.0045265625
5.579688e-08,0.0045244083
5.589688e-08,0.0045179458
5.599688e-08,0.0045064568
5.609688e-08,0.0044920956
5.619688e-08,0.004473426
5.629688e-08,0.0044504481
5.639688e-08,0.0044217256
5.649688e-08,0.0043886949
5.659688e-08,0.0043563821
5.669688e-08,0.0043305319
5.679688e-08,0.0043176068
5.689688e-08,0.004319761
5.699688e-08,0.0043341222
5.709688e-08,0.0043535099
5.719688e-08,0.0043707433
5.729688e-08,0.0043772059
5.739688e-08,0.0043721795
5.749688e-08,0.0043585363
5.759688e-08,0.004342739
5.769688e-08,0.00433125
5.779688e-08,0.0043269416
5.789688e-08,0.0043290958
5.799688e-08,0.0043319681
5.809688e-08,0.00433125
5.819688e-08,0.0043233513
5.829688e-08,0.0043104262
5.839688e-08,0.004296065
5.849688e-08,0.0042852941
5.859688e-08,0.0042817038
5.869688e-08,0.004283858
5.879688e-08,0.0042903205
5.889688e-08,0.0042967831
5.899688e-08,0.0043010915
5.909688e-08,0.0043025276
5.919688e-08,0.0043046818
5.929688e-08,0.0043082721
5.939688e-08,0.0043132985
5.949688e-08,0.0043176068
5.959688e-08,0.0043168888
5.969688e-08,0.0043082721
5.979688e-08,0.0042924747
5.989688e-08,0.0042738051
5.999688e-08,0.0042580078
6.009688e-08,0.0042508272
6.019688e-08,0.0042544175
6.029688e-08,0.0042651884
6.039688e-08,0.0042773955
6.049688e-08,0.0042852941
6.059688e-08,0.0042845761
6.069688e-08,0.0042752413
6.079688e-08,0.0042623162
6.089688e-08,0.0042508272
6.099688e-08,0.0042436466
6.109688e-08,0.0042400563
6.119688e-08,0.0042357479
6.129688e-08,0.0042278493
6.139688e-08,0.00421277
6.149688e-08,0.0041933824
6.159688e-08,0.0041732767
6.169688e-08,0.0041589154
6.179688e-08,0.0041546071
6.189688e-08,0.0041603516
6.199688e-08,0.0041711225
6.209688e-08,0.0041818934
6.219688e-08,0.0041862017
6.229688e-08,0.0041811753
6.239688e-08,0.0041675322
6.249688e-08,0.0041474265
6.259688e-08,0.0041251666
6.269688e-08,0.0041036248
6.279688e-08,0.0040842371
6.289688e-08,0.0040670037
6.299688e-08,0.0040526425
6.309688e-08,0.0040418716
6.319688e-08,0.0040346909
6.329688e-08,0.0040325368
6.339688e-08,0.0040318187
6.349688e-08,0.0040282284
6.359688e-08,0.0040181756
6.369688e-08,0.0039980699
6.379688e-08,0.0039686294
6.389688e-08,0.0039355986
6.399688e-08,0.003904722
6.409688e-08,0.0038831801
6.419688e-08,0.0038738454
6.429688e-08,0.0038745634
6.439688e-08,0.0038803079
6.449688e-08,0.0038831801
6.459688e-08,0.0038781537
6.469688e-08,0.0038630744
6.479688e-08,0.0038400965
6.489688e-08,0.0038142463
6.499688e-08,0.0037898323
6.509688e-08,0.0037697266
6.519688e-08,0.0037553653
6.529688e-08,0.0037453125
6.539688e-08,0.0037381319
6.549688e-08,0.0037316693
6.559688e-08,0.0037266429
6.569688e-08,0.0037223346
6.579688e-08,0.0037165901
6.589688e-08,0.0037086914
6.599688e-08,0.0036957663
6.609688e-08,0.0036763787
6.619688e-08,0.0036512466
6.629688e-08,0.0036232422
6.639688e-08,0.0035959559
6.649688e-08,0.0035729779
6.659688e-08,0.0035557445
6.669688e-08,0.0035456916
6.679688e-08,0.0035399472
6.689688e-08,0.003538511
6.699688e-08,0.0035399472
6.709688e-08,0.0035428194
6.719688e-08,0.0035471278
6.729688e-08,0.00355
6.739688e-08,0.0035478458
6.749688e-08,0.003537793
6.759688e-08,0.0035191234
6.769688e-08,0.0034925551
6.779688e-08,0.0034645508
6.789688e-08,0.003443009
6.799688e-08,0.0034322381
6.809688e-08,0.0034351103
6.819688e-08,0.0034473173
6.829688e-08,0.0034616785
6.839688e-08,0.0034702953
6.849688e-08,0.0034695772
6.859688e-08,0.0034602424
6.869688e-08,0.0034480354
6.879688e-08,0.0034379825
6.889688e-08,0.0034351103
6.899688e-08,0.0034365464
6.909688e-08,0.0034379825
6.919688e-08,0.0034308019
6.929688e-08,0.0034121324
6.939688e-08,0.003384846
6.949688e-08,0.0033561236
6.959688e-08,0.0033360179
6.969688e-08,0.0033317096
6.979688e-08,0.0033431985
6.989688e-08,0.0033618681
6.999688e-08,0.0033769474
7.009688e-08,0.0033776654
7.019688e-08,0.003360432
7.029688e-08,0.0033281193
7.039688e-08,0.0032922162
7.049688e-08,0.0032627757
7.059688e-08,0.0032455423
7.069688e-08,0.0032390797
7.079688e-08,0.0032362075
7.089688e-08,0.0032283088
7.099688e-08,0.0032089212
7.109688e-08,0.0031801988
7.119688e-08,0.0031486041
7.129688e-08,0.0031249081
7.139688e-08,0.0031155733
7.149688e-08,0.0031205997
7.159688e-08,0.0031349609
7.169688e-08,0.003147886
7.179688e-08,0.0031500402
7.189688e-08,0.0031371151
7.199688e-08,0.0031112649
7.209688e-08,0.0030789522
7.219688e-08,0.0030487937
7.229688e-08,0.0030258157
7.239688e-08,0.0030100184
7.249688e-08,0.0029985294
7.259688e-08,0.0029863224
7.269688e-08,0.002970525
7.279688e-08,0.0029504193
7.289688e-08,0.0029295956
7.299688e-08,0.002910926
7.309688e-08,0.0028972829
7.319688e-08,0.0028886661
7.329688e-08,0.0028836397
7.339688e-08,0.0028793313
7.349688e-08,0.0028735869
7.359688e-08,0.0028671243
7.369688e-08,0.0028606618
7.379688e-08,0.0028549173
7.389688e-08,0.0028506089
7.399688e-08,0.0028455825
7.409688e-08,0.0028376838
7.419688e-08,0.0028261949
7.429688e-08,0.0028111156
7.439688e-08,0.0027946002
7.449688e-08,0.002780239
7.459688e-08,0.0027709042
7.469688e-08,0.00276875
7.479688e-08,0.0027723403
7.489688e-08,0.002780239
7.499688e-08,0.0027895738
7.509688e-08,0.0027974724
7.519688e-08,0.0028024989
7.529688e-08,0.0028032169
7.539688e-08,0.0027996266
7.549688e-08,0.0027917279
7.559688e-08,0.002780239
7.569688e-08,0.00276875
7.579688e-08,0.0027594152
7.589688e-08,0.0027558249
7.599688e-08,0.0027594152
7.609688e-08,0.00276875
7.619688e-08,0.002780239
7.629688e-08,0.0027888557
7.639688e-08,0.0027888557
7.649688e-08,0.002780239
7.659688e-08,0.0027644416
7.669688e-08,0.0027479262
7.679688e-08,0.0027371553
7.689688e-08,0.0027342831
7.699688e-08,0.0027400276
7.709688e-08,0.0027479262
7.719688e-08,0.0027515165
7.729688e-08,0.0027457721
7.739688e-08,0.0027285386
7.749688e-08,0.0027026884
7.759688e-08,0.0026754021
7.769688e-08,0.0026538603
7.779688e-08,0.0026416533
7.789688e-08,0.002638063
7.799688e-08,0.0026402171
7.809688e-08,0.0026423713
7.819688e-08,0.0026409352
7.829688e-08,0.0026351907
7.839688e-08,0.002627292
7.849688e-08,0.0026193934
7.859688e-08,0.0026136489
7.869688e-08,0.0026100586
7.879688e-08,0.0026050322
7.889688e-08,0.0025964154
7.899688e-08,0.0025827723
7.909688e-08,0.0025641027
7.919688e-08,0.0025447151
7.929688e-08,0.0025274816
7.939688e-08,0.0025131204
7.949688e-08,0.0025001953
7.959688e-08,0.0024865522
7.969688e-08,0.0024700368
7.979688e-08,0.0024499311
7.989688e-08,0.0024291073
7.999688e-08,0.0024118739
8.009688e-08,0.0024011029
8.019688e-08,0.0023989488
8.029688e-08,0.0024039752
8.039688e-08,0.0024097197
8.049688e-08,0.0024125919
8.059688e-08,0.0024082835
8.069688e-08,0.0023975126
8.079688e-08,0.0023817153
8.089688e-08,0.002366636
8.099688e-08,0.0023551471
8.109688e-08,0.0023501206
8.119688e-08,0.0023501206
8.129688e-08,0.0023551471
8.139688e-08,0.0023623277
8.149688e-08,0.0023716625
8.159688e-08,0.0023809972
8.169688e-08,0.002389614
8.179688e-08,0.0023960765
8.189688e-08,0.0023989488
8.199688e-08,0.0023967946
8.209688e-08,0.002389614
8.219688e-08,0.0023809972
8.229688e-08,0.0023752528
8.239688e-08,0.0023738166
8.249688e-08,0.002378125
8.259688e-08,0.0023853056
8.269688e-08,0.002389614
8.279688e-08,0.0023874598
8.289688e-08,0.002378125
8.299688e-08,0.0023644818
8.309688e-08,0.0023522748
8.319688e-08,0.0023479665
8.329688e-08,0.0023551471
8.339688e-08,0.0023695083
8.349688e-08,0.0023838695
8.359688e-08,0.0023888959
8.369688e-08,0.002378125
8.379688e-08,0.0023515568
8.389688e-08,0.0023170898
8.399688e-08,0.0022840591
8.409688e-08,0.0022632353
8.419688e-08,0.0022582089
8.429688e-08,0.0022661075
8.439688e-08,0.0022783146
8.449688e-08,0.0022862132
8.459688e-08,0.002283341
8.469688e-08,0.002271134
8.479688e-08,0.0022539005
8.489688e-08,0.0022402574
8.499688e-08,0.0022337948
8.509688e-08,0.0022337948
8.519688e-08,0.0022352309
8.529688e-08,0.0022287684
8.539688e-08,0.0022100988
8.549688e-08,0.0021806583
8.559688e-08,0.0021447553
8.569688e-08,0.0021138787
8.579688e-08,0.0020952091
8.589688e-08,0.0020916188
8.599688e-08,0.0021009536
8.609688e-08,0.0021138787
8.619688e-08,0.0021217773
8.629688e-08,0.0021189051
8.639688e-08,0.0021031078
8.649688e-08,0.0020794118
8.659688e-08,0.0020535616
8.669688e-08,0.0020313017
8.679688e-08,0.0020176585
8.689688e-08,0.0020104779
8.699688e-08,0.0020083238
8.709688e-08,0.0020076057
8.719688e-08,0.0020047335
8.729688e-08,0.001998989
8.739688e-08,0.0019903722
8.749688e-08,0.0019788833
8.759688e-08,0.0019666762
8.769688e-08,0.0019530331
8.779688e-08,0.001940108
8.789688e-08,0.001928619
8.799688e-08,0.0019214384
8.809688e-08,0.0019185662
8.819688e-08,0.0019207204
8.829688e-08,0.0019250287
8.839688e-08,0.0019293371
8.849688e-08,0.0019300551
8.859688e-08,0.0019250287
8.869688e-08,0.0019142578
8.879688e-08,0.0018991785
8.889688e-08,0.0018840993
8.899688e-08,0.0018711742
8.909688e-08,0.0018611213
8.919688e-08,0.0018546588
8.929688e-08,0.0018496324
8.939688e-08,0.0018446059
8.949688e-08,0.0018395795
8.959688e-08,0.001833117
8.969688e-08,0.0018266544
8.979688e-08,0.0018209099
8.989688e-08,0.0018158835
8.999688e-08,0.001810139
9.009688e-08,0.0018036765
9.019688e-08,0.0017943417
9.029688e-08,0.0017835708
9.039688e-08,0.0017706457
9.049688e-08,0.0017577206
9.059688e-08,0.0017462316
9.069688e-08,0.0017361788
9.079688e-08,0.0017289982
9.089688e-08,0.0017232537
9.099688e-08,0.0017182273
9.109688e-08,0.0017139189
9.119688e-08,0.0017081744
9.129688e-08,0.0017002757
9.139688e-08,0.0016895048
9.149688e-08,0.0016758617
9.159688e-08,0.0016593463
9.169688e-08,0.0016428309
9.179688e-08,0.0016291877
9.189688e-08,0.001620571
9.199688e-08,0.0016184168
9.209688e-08,0.0016198529
9.219688e-08,0.0016212891
9.229688e-08,0.0016176988
9.239688e-08,0.0016054917
9.249688e-08,0.001585386
9.259688e-08,0.0015602539
9.269688e-08,0.0015351218
9.279688e-08,0.0015157341
9.289688e-08,0.0015049632
9.299688e-08,0.0015006549
9.309688e-08,0.0014985007
9.319688e-08,0.0014934743
9.329688e-08,0.0014819853
9.339688e-08,0.0014640338
9.349688e-08,0.00144321
9.359688e-08,0.0014252585
9.369688e-08,0.0014130515
9.379688e-08,0.001408025
9.389688e-08,0.001407307
9.399688e-08,0.0014065889
9.409688e-08,0.0014015625
9.419688e-08,0.0013900735
9.429688e-08,0.0013749943
9.439688e-08,0.0013584789
9.449688e-08,0.0013441176
9.459688e-08,0.0013333467
9.469688e-08,0.0013240119
9.479688e-08,0.001313241
9.489688e-08,0.0012981618
9.499688e-08,0.0012787741
9.509688e-08,0.0012579504
9.519688e-08,0.0012399989
9.529688e-08,0.0012292279
9.539688e-08,0.0012263557
9.549688e-08,0.0012292279
9.559688e-08,0.0012313821
9.569688e-08,0.0012292279
9.579688e-08,0.0012191751
9.589688e-08,0.0012019416
9.599688e-08,0.0011811179
9.609688e-08,0.0011602941
9.619688e-08,0.0011423426
9.629688e-08,0.0011279814
9.639688e-08,0.0011157744
9.649688e-08,0.0011028493
9.659688e-08,0.0010892061
9.669688e-08,0.001076281
9.679688e-08,0.001064792
9.689688e-08,0.0010568934
9.699688e-08,0.001052585
9.709688e-08,0.0010489947
9.719688e-08,0.0010432502
9.729688e-08,0.0010339154
9.739688e-08,0.0010209903
9.749688e-08,0.0010073472
9.759688e-08,0.00099585823
9.769688e-08,0.00098795956
9.779688e-08,0.00098149701
9.789688e-08,0.00097216222
9.799688e-08,0.00095636489
9.809688e-08,0.00093051471
9.819688e-08,0.00089748392
9.829688e-08,0.000863017
9.839688e-08,0.00083357652
9.849688e-08,0.000815625
9.859688e-08,0.00080916245
9.869688e-08,0.00080988051
9.879688e-08,0.00080988051
9.889688e-08,0.00080413603
9.899688e-08,0.00078977482
9.909688e-08,0.00076895106
9.919688e-08,0.00074884536
9.929688e-08,0.00073520221
9.939688e-08,0.00073017578
9.949688e-08,0.00073232996
9.959688e-08,0.00073592027
9.969688e-08,0.00073520221
9.979688e-08,0.0007280216
9.989688e-08,0.00071581457
9.999688e-08,0.00070504366
1.000969e-07,0.00070073529
1.001969e-07,0.00070576172
1.002969e-07,0.00071725069
1.003969e-07,0.00072873966
1.004969e-07,0.00073520221
1.005969e-07,0.0007316119
1.006969e-07,0.00072084099
1.007969e-07,0.0007079159
1.008969e-07,0.00070073529
1.009969e-07,0.0007043256
1.010969e-07,0.00071940487
1.011969e-07,0.00074022863
1.012969e-07,0.00075818015
1.013969e-07,0.00076679687
1.014969e-07,0.00076392463
1.015969e-07,0.00075099954
1.016969e-07,0.00073520221
1.017969e-07,0.00072299517
1.018969e-07,0.00071940487
1.019969e-07,0.0007244313
1.020969e-07,0.00073520221
1.021969e-07,0.00074669118
1.022969e-07,0.0007553079
1.023969e-07,0.00075889821
1.024969e-07,0.00075818015
1.025969e-07,0.0007553079
1.026969e-07,0.00075243566
1.027969e-07,0.00074956342
1.028969e-07,0.00074669118
1.029969e-07,0.00074381893
1.030969e-07,0.00074094669
1.031969e-07,0.00073807445
1.032969e-07,0.00073520221
1.033969e-07,0.0007316119
1.034969e-07,0.00072586742
1.035969e-07,0.00071581457
1.036969e-07,0.00070073529
1.037969e-07,0.00068134766
1.038969e-07,0.00066124196
1.039969e-07,0.00064329044
1.040969e-07,0.00063180147
1.041969e-07,0.00062749311
1.042969e-07,0.00062677505
1.043969e-07,0.00062605699
1.044969e-07,0.0006203125
1.045969e-07,0.00060666935
1.046969e-07,0.00058584559
1.047969e-07,0.00056143153
1.048969e-07,0.00053988971
1.049969e-07,0.00052409237
1.050969e-07,0.00051547564
1.051969e-07,0.00051116728
1.052969e-07,0.00050542279
1.053969e-07,0.00049393382
1.054969e-07,0.00047526425
1.055969e-07,0.00045013212
1.056969e-07,0.000425
1.057969e-07,0.0004048943
1.058969e-07,0.00039484145
1.059969e-07,0.00039484145
1.060969e-07,0.00040202206
1.061969e-07,0.00041063879
1.062969e-07,0.00041351103
1.063969e-07,0.00040704848
1.064969e-07,0.00039053309
1.065969e-07,0.00036611903
1.066969e-07,0.0003409869
1.067969e-07,0.00032016314
1.068969e-07,0.00031011029
1.069969e-07,0.00031298254
1.070969e-07,0.00032662569
1.071969e-07,0.00034744945
1.072969e-07,0.00036755515
1.073969e-07,0.00038191636
1.074969e-07,0.00038550666
1.075969e-07,0.00037976218
1.076969e-07,0.00036755515
1.077969e-07,0.00035463006
1.078969e-07,0.00034744945
1.079969e-07,0.00034744945
1.080969e-07,0.00035606618
1.081969e-07,0.00036827321
1.082969e-07,0.00038048024
1.083969e-07,0.00038766085
1.084969e-07,0.00039053309
1.085969e-07,0.00039053309
1.086969e-07,0.00039268727
1.087969e-07,0.00040058594
1.088969e-07,0.00041351103
1.089969e-07,0.00042930836
1.090969e-07,0.00044366958
1.091969e-07,0.00045013212
1.092969e-07,0.00044797794
1.093969e-07,0.00043864315
1.094969e-07,0.0004285903
1.095969e-07,0.00042284582
1.096969e-07,0.000425
1.097969e-07,0.00043505285
1.098969e-07,0.00044797794
1.099969e-07,0.00045803079
1.100969e-07,0.00045946691
1.101969e-07,0.00045228631
1.102969e-07,0.00043936121
1.103969e-07,0.0004285903
1.104969e-07,0.000425
1.105969e-07,0.00043146255
1.106969e-07,0.0004451057
1.107969e-07,0.00046090303
1.108969e-07,0.00047095588
1.109969e-07,0.00047095588
1.110969e-07,0.00046090303
1.111969e-07,0.00044366958
1.112969e-07,0.000425
1.113969e-07,0.00041063879
1.114969e-07,0.00040417624
1.115969e-07,0.00040561236
1.116969e-07,0.00041351103
1.117969e-07,0.00042571806
1.118969e-07,0.00044079733
1.119969e-07,0.00045587661
1.120969e-07,0.00047095588
1.121969e-07,0.00048244485
1.122969e-07,0.00048818934
1.123969e-07,0.00048459903
1.124969e-07,0.00047095588
1.125969e-07,0.00044941406
1.126969e-07,0.00042571806
1.127969e-07,0.00040417624
1.128969e-07,0.00039053309
1.129969e-07,0.00038550666
1.130969e-07,0.00038550666
1.131969e-07,0.0003847886
1.132969e-07,0.00037904412
1.133969e-07,0.0003646829
1.134969e-07,0.00034314108
1.135969e-07,0.00031872702
1.136969e-07,0.00029862132
1.137969e-07,0.00028569623
1.138969e-07,0.00027995175
1.139969e-07,0.00027851562
1.140969e-07,0.00027564338
1.141969e-07,0.00026774472
1.142969e-07,0.0002533835
1.143969e-07,0.00023543199
1.144969e-07,0.00021819853
1.145969e-07,0.0002059915
1.146969e-07,0.00019809283
1.147969e-07,0.00019234835
1.148969e-07,0.00018373162
1.149969e-07,0.00016721622
1.150969e-07,0.00014136604
1.151969e-07,0.00010977137
1.152969e-07,8.0330882e-05
1.153969e-07,5.9507123e-05
1.154969e-07,5.2326517e-05
1.155969e-07,5.7352941e-05
1.156969e-07,6.8841912e-05
1.157969e-07,7.81767e-05
1.158969e-07,7.6740579e-05
1.159969e-07,6.1661305e-05
1.160969e-07,3.4375e-05
1.161969e-07,1.3442096e-06
1.162969e-07,-2.8814338e-05
1.163969e-07,-4.8920037e-05
1.164969e-07,-5.7536765e-05
1.165969e-07,-5.6100643e-05
1.166969e-07,-5.1792279e-05
1.167969e-07,-5.0356158e-05
1.168969e-07,-5.7536765e-05
1.169969e-07,-7.3334099e-05
1.170969e-07,-9.559398e-05
1.171969e-07,-0.00011857192
1.172969e-07,-0.00013795956
1.173969e-07,-0.00015088465
1.174969e-07,-0.00015662914
1.175969e-07,-0.00015950138
1.176969e-07,-0.0001609375
1.177969e-07,-0.0001645278
1.178969e-07,-0.00017027229
1.179969e-07,-0.00017673483
1.180969e-07,-0.00018391544
1.181969e-07,-0.00018894187
1.182969e-07,-0.00019181411
1.183969e-07,-0.00019396829
1.184969e-07,-0.00019540441
1.185969e-07,-0.00019755859
1.186969e-07,-0.0002011489
1.187969e-07,-0.00020402114
1.188969e-07,-0.00020689338
1.189969e-07,-0.00020761144
1.190969e-07,-0.00020761144
1.191969e-07,-0.00020689338
1.192969e-07,-0.00020689338
1.193969e-07,-0.00020904756
1.194969e-07,-0.00021335593
1.195969e-07,-0.00022053653
1.196969e-07,-0.00022987132
1.197969e-07,-0.00024136029
1.198969e-07,-0.00025500345
1.199969e-07,-0.00027080078
1.200969e-07,-0.00028731618
1.201969e-07,-0.00030383157
1.202969e-07,-0.0003160386
1.203969e-07,-0.00032321921
1.204969e-07,-0.00032178309
1.205969e-07,-0.00031316636
1.206969e-07,-0.00029952321
1.207969e-07,-0.00028516199
1.208969e-07,-0.00027582721
1.209969e-07,-0.00027510915
1.210969e-07,-0.00028372587
1.211969e-07,-0.00030095933
1.212969e-07,-0.00032178309
1.213969e-07,-0.00034188879
1.214969e-07,-0.00035553194
1.215969e-07,-0.00036055836
1.216969e-07,-0.00035625
1.217969e-07,-0.00034547909
1.218969e-07,-0.00033327206
1.219969e-07,-0.00032393727
1.220969e-07,-0.00032178309
1.221969e-07,-0.00032896369
1.222969e-07,-0.00034404297
1.223969e-07,-0.00036271255
1.224969e-07,-0.00037922794
1.225969e-07,-0.00038856273
1.226969e-07,-0.00038856273
1.227969e-07,-0.000379946
1.228969e-07,-0.00036773897
1.229969e-07,-0.00035912224
1.230969e-07,-0.0003598403
1.231969e-07,-0.00037132927
1.232969e-07,-0.00039071691
1.233969e-07,-0.00040938649
1.234969e-07,-0.00041872128
1.235969e-07,-0.00041297679
1.236969e-07,-0.00039071691
1.237969e-07,-0.00035912224
1.238969e-07,-0.00032896369
1.239969e-07,-0.00031101218
1.240969e-07,-0.00031029412
1.241969e-07,-0.00032609145
1.242969e-07,-0.00035050551
1.243969e-07,-0.00037132927
1.244969e-07,-0.00037922794
1.245969e-07,-0.00036989315
1.246969e-07,-0.00034763327
1.247969e-07,-0.00032034697
1.248969e-07,-0.00029880515
1.249969e-07,-0.00029018842
1.250969e-07,-0.00029449678
1.251969e-07,-0.00030813994
1.252969e-07,-0.00032178309
1.253969e-07,-0.00032752757
1.254969e-07,-0.00032250115
1.255969e-07,-0.00030742187
1.256969e-07,-0.00028731618
1.257969e-07,-0.00026936466
1.258969e-07,-0.00025859375
1.259969e-07,-0.00025787569
1.260969e-07,-0.00026433824
1.261969e-07,-0.00027582721
1.262969e-07,-0.0002887523
1.263969e-07,-0.00030095933
1.264969e-07,-0.00031029412
1.265969e-07,-0.00031747472
1.266969e-07,-0.00032178309
1.267969e-07,-0.00032321921
1.268969e-07,-0.00032178309
1.269969e-07,-0.00031891085
1.270969e-07,-0.00031819278
1.271969e-07,-0.00032178309
1.272969e-07,-0.00033327206
1.273969e-07,-0.00035409582
1.274969e-07,-0.00038138212
1.275969e-07,-0.00041082261
1.276969e-07,-0.00043667279
1.277969e-07,-0.00045462431
1.278969e-07,-0.00046252298
1.279969e-07,-0.00046324104
1.280969e-07,-0.00045965074
1.281969e-07,-0.00045821461
1.282969e-07,-0.00046108686
1.283969e-07,-0.00047042165
1.284969e-07,-0.00048262868
1.285969e-07,-0.00049555377
1.286969e-07,-0.00050560662
1.287969e-07,-0.00051206916
1.288969e-07,-0.00051709559
1.289969e-07,-0.00052284007
1.290969e-07,-0.00053289292
1.291969e-07,-0.00054653608
1.292969e-07,-0.00056305147
1.293969e-07,-0.00057884881
1.294969e-07,-0.00059033778
1.295969e-07,-0.00059608226
1.296969e-07,-0.00059751838
1.297969e-07,-0.00059680032
1.298969e-07,-0.00059680032
1.299969e-07,-0.00060110869
1.300969e-07,-0.00060900735
1.301969e-07,-0.00061834214
1.302969e-07,-0.00062624081
1.303969e-07,-0.00063126723
1.304969e-07,-0.00063198529
1.305969e-07,-0.00063126723
1.306969e-07,-0.00063126723
1.307969e-07,-0.0006355756
1.308969e-07,-0.00064347426
1.309969e-07,-0.00065424517
1.310969e-07,-0.00066357996
1.311969e-07,-0.00066788833
1.312969e-07,-0.00066645221
1.313969e-07,-0.0006592716
1.314969e-07,-0.00064850069
1.315969e-07,-0.00063844784
1.316969e-07,-0.00063198529
1.317969e-07,-0.00062911305
1.318969e-07,-0.00062839499
1.319969e-07,-0.00062983111
1.320969e-07,-0.00063198529
1.321969e-07,-0.0006355756
1.322969e-07,-0.00064203814
1.323969e-07,-0.00065280905
1.324969e-07,-0.00066645221
1.325969e-07,-0.00068081342
1.326969e-07,-0.00069086627
1.327969e-07,-0.00069445657
1.328969e-07,-0.00068943015
1.329969e-07,-0.0006793773
1.330969e-07,-0.00066932445
1.331969e-07,-0.00066357996
1.332969e-07,-0.00066645221
1.333969e-07,-0.00067650506
1.334969e-07,-0.00069014821
1.335969e-07,-0.0007030733
1.336969e-07,-0.00071240809
1.337969e-07,-0.00071743451
1.338969e-07,-0.00072102482
1.339969e-07,-0.0007267693
1.340969e-07,-0.00073538603
1.341969e-07,-0.00074615694
1.342969e-07,-0.00075549173
1.343969e-07,-0.00076051815
1.344969e-07,-0.00075836397
1.345969e-07,-0.00075261949
1.346969e-07,-0.00074974724
1.347969e-07,-0.00075405561
1.348969e-07,-0.00076985294
1.349969e-07,-0.00079498506
1.350969e-07,-0.00082370749
1.351969e-07,-0.00084740349
1.352969e-07,-0.00086176471
1.353969e-07,-0.00086607307
1.354969e-07,-0.00086535501
1.355969e-07,-0.00086607307
1.356969e-07,-0.00087325368
1.357969e-07,-0.00088689683
1.358969e-07,-0.0009019761
1.359969e-07,-0.00091059283
1.360969e-07,-0.00090772059
1.361969e-07,-0.00089264131
1.362969e-07,-0.00087181756
1.363969e-07,-0.0008545841
1.364969e-07,-0.00085027574
1.365969e-07,-0.00086176471
1.366969e-07,-0.00088546071
1.367969e-07,-0.00091131089
1.368969e-07,-0.00093069853
1.369969e-07,-0.00093644301
1.370969e-07,-0.00092782629
1.371969e-07,-0.00091202895
1.372969e-07,-0.00089623162
1.373969e-07,-0.00088761489
1.374969e-07,-0.00088689683
1.375969e-07,-0.00089192325
1.376969e-07,-0.00089623162
1.377969e-07,-0.00089551356
1.378969e-07,-0.00088905101
1.379969e-07,-0.00088043428
1.380969e-07,-0.00087325368
1.381969e-07,-0.00087253562
1.382969e-07,-0.00087971622
1.383969e-07,-0.00089264131
1.384969e-07,-0.00090772059
1.385969e-07,-0.00092279986
1.386969e-07,-0.00093716108
1.387969e-07,-0.00095080423
1.388969e-07,-0.00096516544
1.389969e-07,-0.00097880859
1.390969e-07,-0.00098886144
1.391969e-07,-0.00099245175
1.392969e-07,-0.00098814338
1.393969e-07,-0.00097737247
1.394969e-07,-0.00096516544
1.395969e-07,-0.00095942096
1.396969e-07,-0.00096516544
1.397969e-07,-0.00098383502
1.398969e-07,-0.0010118394
1.399969e-07,-0.001042716
1.400969e-07,-0.0010685662
1.401969e-07,-0.0010872358
1.402969e-07,-0.0010994428
1.403969e-07,-0.0011102137
1.404969e-07,-0.001126011
1.405969e-07,-0.001148989
1.406969e-07,-0.0011777114
1.407969e-07,-0.0012064338
1.408969e-07,-0.0012294118
1.409969e-07,-0.0012423369
1.410969e-07,-0.0012459272
1.411969e-07,-0.001243773
1.412969e-07,-0.0012409007
1.413969e-07,-0.0012409007
1.414969e-07,-0.001244491
1.415969e-07,-0.0012495175
1.416969e-07,-0.0012523897
1.417969e-07,-0.0012531078
1.418969e-07,-0.0012531078
1.419969e-07,-0.0012552619
1.420969e-07,-0.0012638787
1.421969e-07,-0.0012782399
1.422969e-07,-0.0012940372
1.423969e-07,-0.0013062443
1.424969e-07,-0.0013098346
1.425969e-07,-0.001303372
1.426969e-07,-0.001291165
1.427969e-07,-0.001279676
1.428969e-07,-0.0012753676
1.429969e-07,-0.0012818302
1.430969e-07,-0.0012961914
1.431969e-07,-0.0013119887
1.432969e-07,-0.0013213235
1.433969e-07,-0.0013191693
1.434969e-07,-0.0013062443
1.435969e-07,-0.0012890108
1.436969e-07,-0.0012753676
1.437969e-07,-0.0012724954
1.438969e-07,-0.0012818302
1.439969e-07,-0.0013004998
1.440969e-07,-0.0013213235
1.441969e-07,-0.0013371209
1.442969e-07,-0.0013435834
1.443969e-07,-0.0013414292
1.444969e-07,-0.0013328125
1.445969e-07,-0.0013241958
1.446969e-07,-0.0013198874
1.447969e-07,-0.0013227597
1.448969e-07,-0.0013328125
1.449969e-07,-0.0013478918
1.450969e-07,-0.0013658433
1.451969e-07,-0.0013845129
1.452969e-07,-0.0014017463
1.453969e-07,-0.0014161075
1.454969e-07,-0.0014247243
1.455969e-07,-0.0014275965
1.456969e-07,-0.0014247243
1.457969e-07,-0.0014189798
1.458969e-07,-0.0014146714
1.459969e-07,-0.0014153895
1.460969e-07,-0.0014247243
1.461969e-07,-0.0014426758
1.462969e-07,-0.0014663718
1.463969e-07,-0.00149294
1.464969e-07,-0.001516636
1.465969e-07,-0.0015367417
1.466969e-07,-0.0015525391
1.467969e-07,-0.0015647461
1.468969e-07,-0.0015740809
1.469969e-07,-0.0015798254
1.470969e-07,-0.0015819795
1.471969e-07,-0.0015791073
1.472969e-07,-0.0015740809
1.473969e-07,-0.0015704906
1.474969e-07,-0.0015733628
1.475969e-07,-0.0015862879
1.476969e-07,-0.0016085478
1.477969e-07,-0.001635116
1.478969e-07,-0.001658812
1.479969e-07,-0.0016738913
1.480969e-07,-0.0016774816
1.481969e-07,-0.0016731733
1.482969e-07,-0.001669583
1.483969e-07,-0.0016731733
1.484969e-07,-0.0016889706
1.485969e-07,-0.0017126666
1.486969e-07,-0.0017363626
1.487969e-07,-0.0017500057
1.488969e-07,-0.0017464154
1.489969e-07,-0.0017270278
1.490969e-07,-0.0017011776
1.491969e-07,-0.0016810719
1.492969e-07,-0.0016774816
1.493969e-07,-0.0016954331
1.494969e-07,-0.001729182
1.495969e-07,-0.0017693934
1.496969e-07,-0.0018038603
1.497969e-07,-0.0018246841
1.498969e-07,-0.0018311466
1.499969e-07,-0.0018297105
1.500969e-07,-0.0018268382
1.501969e-07,-0.0018289924
1.502969e-07,-0.001836173
1.503969e-07,-0.0018455078
1.504969e-07,-0.0018498162
1.505969e-07,-0.0018469439
1.506969e-07,-0.0018368911
1.507969e-07,-0.001823966
1.508969e-07,-0.0018153493
1.509969e-07,-0.0018139131
1.510969e-07,-0.0018196576
1.511969e-07,-0.0018297105
1.512969e-07,-0.0018383272
1.513969e-07,-0.0018433536
1.514969e-07,-0.0018447898
1.515969e-07,-0.0018455078
1.516969e-07,-0.0018498162
1.517969e-07,-0.0018584329
1.518969e-07,-0.0018677677
1.519969e-07,-0.0018742302
1.520969e-07,-0.0018727941
1.521969e-07,-0.0018620232
1.522969e-07,-0.0018440717
1.523969e-07,-0.0018268382
1.524969e-07,-0.0018153493
1.525969e-07,-0.001812477
1.526969e-07,-0.0018175034
1.527969e-07,-0.001823966
1.528969e-07,-0.0018268382
1.529969e-07,-0.0018225299
1.530969e-07,-0.001812477
1.531969e-07,-0.00180027
1.532969e-07,-0.0017923713
1.533969e-07,-0.0017902171
1.534969e-07,-0.0017930894
1.535969e-07,-0.0017952436
1.536969e-07,-0.0017923713
1.537969e-07,-0.0017808824
1.538969e-07,-0.001764367
1.539969e-07,-0.0017464154
1.540969e-07,-0.0017349265
1.541969e-07,-0.0017327723
1.542969e-07,-0.0017392348
1.543969e-07,-0.0017492877
1.544969e-07,-0.0017579044
1.545969e-07,-0.0017607767
1.546969e-07,-0.0017586225
1.547969e-07,-0.0017564683
1.548969e-07,-0.0017579044
1.549969e-07,-0.0017665211
1.550969e-07,-0.0017808824
1.551969e-07,-0.0017952436
1.552969e-07,-0.0018038603
1.553969e-07,-0.0018017061
1.554969e-07,-0.0017902171
1.555969e-07,-0.0017729837
1.556969e-07,-0.0017579044
1.557969e-07,-0.0017507238
1.558969e-07,-0.001753596
1.559969e-07,-0.001765085
1.560969e-07,-0.0017808824
1.561969e-07,-0.0017952436
1.562969e-07,-0.0018052964
1.563969e-07,-0.001811759
1.564969e-07,-0.0018153493
1.565969e-07,-0.0018189396
1.566969e-07,-0.0018225299
1.567969e-07,-0.0018261202
1.568969e-07,-0.0018268382
1.569969e-07,-0.0018246841
1.570969e-07,-0.0018203757
1.571969e-07,-0.0018160673
1.572969e-07,-0.0018153493
1.573969e-07,-0.0018196576
1.574969e-07,-0.0018282744
1.575969e-07,-0.0018390453
1.576969e-07,-0.0018498162
1.577969e-07,-0.0018577148
1.578969e-07,-0.0018613051
1.579969e-07,-0.0018627413
1.580969e-07,-0.0018613051
1.581969e-07,-0.001859151
1.582969e-07,-0.0018562787
1.583969e-07,-0.0018526884
1.584969e-07,-0.0018498162
1.585969e-07,-0.0018498162
1.586969e-07,-0.0018541245
1.587969e-07,-0.0018663316
1.588969e-07,-0.0018842831
1.589969e-07,-0.0019058249
1.590969e-07,-0.0019244945
1.591969e-07,-0.0019374196
1.592969e-07,-0.0019417279
1.593969e-07,-0.0019395738
1.594969e-07,-0.0019352654
1.595969e-07,-0.0019352654
1.596969e-07,-0.0019417279
1.597969e-07,-0.0019532169
1.598969e-07,-0.0019647059
1.599969e-07,-0.0019690142
1.600969e-07,-0.0019647059
1.601969e-07,-0.0019524989
1.602969e-07,-0.0019388557
1.603969e-07,-0.0019331112
1.604969e-07,-0.0019417279
1.605969e-07,-0.0019654239
1.606969e-07,-0.0019991728
1.607969e-07,-0.0020329216
1.608969e-07,-0.0020566176
1.609969e-07,-0.0020659524
1.610969e-07,-0.0020616441
1.611969e-07,-0.0020515912
1.612969e-07,-0.0020451287
1.613969e-07,-0.0020480009
1.614969e-07,-0.0020616441
1.615969e-07,-0.0020824678
1.616969e-07,-0.0021025735
1.617969e-07,-0.0021162167
1.618969e-07,-0.0021212431
1.619969e-07,-0.0021190889
1.620969e-07,-0.0021140625
1.621969e-07,-0.0021111903
1.622969e-07,-0.0021126264
1.623969e-07,-0.0021183709
1.624969e-07,-0.0021255515
1.625969e-07,-0.002132014
1.626969e-07,-0.0021356043
1.627969e-07,-0.0021370404
1.628969e-07,-0.0021370404
1.629969e-07,-0.0021363224
1.630969e-07,-0.0021363224
1.631969e-07,-0.0021363224
1.632969e-07,-0.0021370404
1.633969e-07,-0.0021406307
1.634969e-07,-0.0021492475
1.635969e-07,-0.0021643267
1.636969e-07,-0.0021829963
1.637969e-07,-0.002202384
1.638969e-07,-0.0022174632
1.639969e-07,-0.0022224897
1.640969e-07,-0.0022174632
1.641969e-07,-0.0022052562
1.642969e-07,-0.0021937672
1.643969e-07,-0.0021887408
1.644969e-07,-0.0021944853
1.645969e-07,-0.0022095646
1.646969e-07,-0.0022289522
1.647969e-07,-0.0022440315
1.648969e-07,-0.0022519301
1.649969e-07,-0.0022519301
1.650969e-07,-0.002249776
1.651969e-07,-0.0022526482
1.652969e-07,-0.0022634191
1.653969e-07,-0.0022820887
1.654969e-07,-0.0023036305
1.655969e-07,-0.0023179917
1.656969e-07,-0.002320864
1.657969e-07,-0.0023108111
1.658969e-07,-0.0022928596
1.659969e-07,-0.0022749081
1.660969e-07,-0.0022634191
1.661969e-07,-0.0022598288
1.662969e-07,-0.0022605469
1.663969e-07,-0.0022591108
1.664969e-07,-0.0022519301
1.665969e-07,-0.0022397231
1.666969e-07,-0.0022282341
1.667969e-07,-0.00222608
1.668969e-07,-0.0022404412
1.669969e-07,-0.0022698817
1.670969e-07,-0.0023065028
1.671969e-07,-0.0023388155
1.672969e-07,-0.0023553309
1.673969e-07,-0.0023517406
1.674969e-07,-0.0023323529
1.675969e-07,-0.0023065028
1.676969e-07,-0.0022863971
1.677969e-07,-0.0022784984
1.678969e-07,-0.0022835248
1.679969e-07,-0.0022964499
1.680969e-07,-0.002309375
1.681969e-07,-0.0023172737
1.682969e-07,-0.0023201459
1.683969e-07,-0.0023194278
1.684969e-07,-0.002320864
1.685969e-07,-0.0023244543
1.686969e-07,-0.0023287626
1.687969e-07,-0.0023287626
1.688969e-07,-0.002320864
1.689969e-07,-0.0023065028
1.690969e-07,-0.0022907054
1.691969e-07,-0.0022820887
1.692969e-07,-0.0022863971
1.693969e-07,-0.0023050666
1.694969e-07,-0.0023309168
1.695969e-07,-0.0023546128
1.696969e-07,-0.0023668199
1.697969e-07,-0.0023646657
1.698969e-07,-0.0023538948
1.699969e-07,-0.0023431239
1.700969e-07,-0.0023438419
1.701969e-07,-0.0023603573
1.702969e-07,-0.0023897978
1.703969e-07,-0.0024221105
1.704969e-07,-0.0024472426
1.705969e-07,-0.0024572955
1.706969e-07,-0.0024529871
1.707969e-07,-0.0024429343
1.708969e-07,-0.0024357537
1.709969e-07,-0.002440062
1.710969e-07,-0.0024580136
1.711969e-07,-0.0024824276
1.712969e-07,-0.0025046875
1.713969e-07,-0.0025176126
1.714969e-07,-0.0025183307
1.715969e-07,-0.0025118681
1.716969e-07,-0.0025046875
1.717969e-07,-0.0025054056
1.718969e-07,-0.0025168945
1.719969e-07,-0.0025377183
1.720969e-07,-0.0025621324
1.721969e-07,-0.0025843922
1.722969e-07,-0.0025994715
1.723969e-07,-0.0026073702
1.724969e-07,-0.0026080882
1.725969e-07,-0.0026044979
1.726969e-07,-0.0025980354
1.727969e-07,-0.0025872645
1.728969e-07,-0.0025736213
1.729969e-07,-0.002557824
1.730969e-07,-0.0025441808
1.731969e-07,-0.0025362822
1.732969e-07,-0.0025391544
1.733969e-07,-0.0025513614
1.734969e-07,-0.002570031
1.735969e-07,-0.0025872645
1.736969e-07,-0.0025965993
1.737969e-07,-0.0025958812
1.738969e-07,-0.0025858284
1.739969e-07,-0.0025721852
1.740969e-07,-0.0025621324
1.741969e-07,-0.002558542
1.742969e-07,-0.0025621324
1.743969e-07,-0.002569313
1.744969e-07,-0.0025736213
1.745969e-07,-0.0025721852
1.746969e-07,-0.0025635685
1.747969e-07,-0.0025513614
1.748969e-07,-0.0025391544
1.749969e-07,-0.0025312557
1.750969e-07,-0.0025298196
1.751969e-07,-0.0025326919
1.752969e-07,-0.0025391544
1.753969e-07,-0.0025470531
1.754969e-07,-0.0025556698
1.755969e-07,-0.0025650046
1.756969e-07,-0.0025736213
1.757969e-07,-0.0025800839
1.758969e-07,-0.00258152
1.759969e-07,-0.0025750574
1.760969e-07,-0.0025621324
1.761969e-07,-0.002545617
1.762969e-07,-0.0025305377
1.763969e-07,-0.0025240751
1.764969e-07,-0.0025276654
1.765969e-07,-0.0025398725
1.766969e-07,-0.0025556698
1.767969e-07,-0.0025678768
1.768969e-07,-0.0025736213
1.769969e-07,-0.0025743394
1.770969e-07,-0.0025750574
1.771969e-07,-0.00258152
1.772969e-07,-0.0025965993
1.773969e-07,-0.002617423
1.774969e-07,-0.0026353745
1.775969e-07,-0.0026418371
1.776969e-07,-0.0026310662
1.777969e-07,-0.0026044979
1.778969e-07,-0.0025714671
1.779969e-07,-0.0025420267
1.780969e-07,-0.0025276654
1.781969e-07,-0.0025312557
1.782969e-07,-0.0025477711
1.783969e-07,-0.002569313
1.784969e-07,-0.0025851103
1.785969e-07,-0.0025901367
1.786969e-07,-0.0025865464
1.787969e-07,-0.0025786477
1.788969e-07,-0.0025736213
1.789969e-07,-0.0025743394
1.790969e-07,-0.0025779297
1.791969e-07,-0.0025800839
1.792969e-07,-0.0025736213
1.793969e-07,-0.002558542
1.794969e-07,-0.0025391544
1.795969e-07,-0.002522639
1.796969e-07,-0.0025161765
1.797969e-07,-0.002521921
1.798969e-07,-0.0025370002
1.799969e-07,-0.0025527976
1.800969e-07,-0.0025621324
1.801969e-07,-0.0025606962
1.802969e-07,-0.0025499253
1.803969e-07,-0.0025370002
1.804969e-07,-0.0025276654
1.805969e-07,-0.0025255113
1.806969e-07,-0.0025283835
1.807969e-07,-0.0025305377
1.808969e-07,-0.0025276654
1.809969e-07,-0.0025183307
1.810969e-07,-0.0025068417
1.811969e-07,-0.0025003791
1.812969e-07,-0.0025046875
1.813969e-07,-0.0025212029
1.814969e-07,-0.0025441808
1.815969e-07,-0.0025650046
1.816969e-07,-0.0025736213
1.817969e-07,-0.0025671588
1.818969e-07,-0.0025492073
1.819969e-07,-0.0025291016
1.820969e-07,-0.0025161765
1.821969e-07,-0.0025161765
1.822969e-07,-0.0025269474
1.823969e-07,-0.0025413086
1.824969e-07,-0.0025506434
1.825969e-07,-0.0025492073
1.826969e-07,-0.0025384364
1.827969e-07,-0.0025240751
1.828969e-07,-0.0025161765
1.829969e-07,-0.0025212029
1.830969e-07,-0.0025405905
1.831969e-07,-0.0025678768
1.832969e-07,-0.0025965993
1.833969e-07,-0.0026181411
1.834969e-07,-0.0026296301
1.835969e-07,-0.0026325023
1.836969e-07,-0.0026310662
1.837969e-07,-0.0026296301
1.838969e-07,-0.0026303481
1.839969e-07,-0.0026353745
1.840969e-07,-0.0026425551
1.841969e-07,-0.002652608
1.842969e-07,-0.0026669692
1.843969e-07,-0.0026870749
1.844969e-07,-0.002711489
1.845969e-07,-0.0027380572
1.846969e-07,-0.0027617532
1.847969e-07,-0.0027768325
1.848969e-07,-0.0027804228
1.849969e-07,-0.0027753964
1.850969e-07,-0.0027689338
1.851969e-07,-0.0027689338
1.852969e-07,-0.0027804228
1.853969e-07,-0.0028026827
1.854969e-07,-0.0028292509
1.855969e-07,-0.0028515108
1.856969e-07,-0.0028608456
1.857969e-07,-0.0028579733
1.858969e-07,-0.0028486386
1.859969e-07,-0.0028428941
1.860969e-07,-0.0028493566
1.861969e-07,-0.0028708984
1.862969e-07,-0.002901775
1.863969e-07,-0.0029326517
1.864969e-07,-0.0029527574
1.865969e-07,-0.0029577838
1.866969e-07,-0.0029498851
1.867969e-07,-0.00293696
1.868969e-07,-0.0029297794
1.869969e-07,-0.0029333697
1.870969e-07,-0.0029462948
1.871969e-07,-0.0029635283
1.872969e-07,-0.0029757353
1.873969e-07,-0.0029778895
1.874969e-07,-0.0029707089
1.875969e-07,-0.002959938
1.876969e-07,-0.0029527574
1.877969e-07,-0.0029541935
1.878969e-07,-0.0029635283
1.879969e-07,-0.0029764534
1.880969e-07,-0.0029872243
1.881969e-07,-0.0029908146
1.882969e-07,-0.0029872243
1.883969e-07,-0.0029807617
1.884969e-07,-0.0029757353
1.885969e-07,-0.0029757353
1.886969e-07,-0.0029786075
1.887969e-07,-0.0029800437
1.888969e-07,-0.0029757353
1.889969e-07,-0.0029635283
1.890969e-07,-0.0029455767
1.891969e-07,-0.0029283433
1.892969e-07,-0.0029182904
1.893969e-07,-0.0029182904
1.894969e-07,-0.0029276252
1.895969e-07,-0.0029405503
1.896969e-07,-0.0029527574
1.897969e-07,-0.0029592199
1.898969e-07,-0.0029592199
1.899969e-07,-0.0029563477
1.900969e-07,-0.0029527574
1.901969e-07,-0.0029498851
1.902969e-07,-0.0029470129
1.903969e-07,-0.0029412684
1.904969e-07,-0.0029297794
1.905969e-07,-0.0029147001
1.906969e-07,-0.002901057
1.907969e-07,-0.0028931583
1.908969e-07,-0.0028953125
1.909969e-07,-0.0029068015
1.910969e-07,-0.0029218807
1.911969e-07,-0.0029348058
1.912969e-07,-0.0029412684
1.913969e-07,-0.0029412684
1.914969e-07,-0.0029391142
1.915969e-07,-0.0029419864
1.916969e-07,-0.0029527574
1.917969e-07,-0.0029699908
1.918969e-07,-0.0029865062
1.919969e-07,-0.0029944049
1.920969e-07,-0.0029872243
1.921969e-07,-0.0029664005
1.922969e-07,-0.0029405503
1.923969e-07,-0.0029218807
1.924969e-07,-0.0029182904
1.925969e-07,-0.0029333697
1.926969e-07,-0.002960656
1.927969e-07,-0.0029893784
1.928969e-07,-0.0030102022
1.929969e-07,-0.0030173828
1.930969e-07,-0.0030145106
1.931969e-07,-0.0030094841
1.932969e-07,-0.0030102022
1.933969e-07,-0.0030209731
1.934969e-07,-0.0030396427
1.935969e-07,-0.0030575942
1.936969e-07,-0.0030676471
1.937969e-07,-0.003066929
1.938969e-07,-0.0030597484
1.939969e-07,-0.0030532858
1.940969e-07,-0.0030561581
1.941969e-07,-0.0030726735
1.942969e-07,-0.0030985237
1.943969e-07,-0.003126528
1.944969e-07,-0.0031480699
1.945969e-07,-0.0031581227
1.946969e-07,-0.0031574046
1.947969e-07,-0.0031516602
1.948969e-07,-0.0031480699
1.949969e-07,-0.0031487879
1.950969e-07,-0.0031523782
1.951969e-07,-0.0031538143
1.952969e-07,-0.0031480699
1.953969e-07,-0.0031351448
1.954969e-07,-0.0031200655
1.955969e-07,-0.0031107307
1.956969e-07,-0.0031136029
1.957969e-07,-0.0031294003
1.958969e-07,-0.0031516602
1.959969e-07,-0.0031724839
1.960969e-07,-0.0031825368
1.961969e-07,-0.0031796645
1.962969e-07,-0.0031667394
1.963969e-07,-0.0031538143
1.964969e-07,-0.0031480699
1.965969e-07,-0.0031516602
1.966969e-07,-0.003161713
1.967969e-07,-0.0031703297
1.968969e-07,-0.0031710478
1.969969e-07,-0.003161713
1.970969e-07,-0.0031473518
1.971969e-07,-0.0031365809
1.972969e-07,-0.0031365809
1.973969e-07,-0.0031487879
1.974969e-07,-0.0031681756
1.975969e-07,-0.0031861271
1.976969e-07,-0.0031940257
1.977969e-07,-0.0031911535
1.978969e-07,-0.0031818187
1.979969e-07,-0.0031767923
1.980969e-07,-0.0031825368
1.981969e-07,-0.0032012063
1.982969e-07,-0.0032263385
1.983969e-07,-0.0032457261
1.984969e-07,-0.0032514706
1.985969e-07,-0.0032399816
1.986969e-07,-0.0032170037
1.987969e-07,-0.0031947438
1.988969e-07,-0.0031825368
1.989969e-07,-0.0031861271
1.990969e-07,-0.0032012063
1.991969e-07,-0.0032184398
1.992969e-07,-0.0032284926
1.993969e-07,-0.0032277746
1.994969e-07,-0.003220594
1.995969e-07,-0.0032141314
1.996969e-07,-0.0032170037
1.997969e-07,-0.0032306468
1.998969e-07,-0.0032500345
1.999969e-07,-0.0032636776
2.000969e-07,-0.0032629596
2.001969e-07,-0.0032457261
2.002969e-07,-0.0032177217
2.003969e-07,-0.0031925896
2.004969e-07,-0.0031825368
2.005969e-07,-0.0031918716
2.006969e-07,-0.0032162856
2.007969e-07,-0.00324429
2.008969e-07,-0.0032629596
2.009969e-07,-0.0032658318
2.010969e-07,-0.0032550609
2.011969e-07,-0.0032385455
2.012969e-07,-0.0032284926
2.013969e-07,-0.0032292107
2.014969e-07,-0.0032392636
2.015969e-07,-0.0032500345
2.016969e-07,-0.0032514706
2.017969e-07,-0.0032392636
2.018969e-07,-0.0032148495
2.019969e-07,-0.0031889993
2.020969e-07,-0.0031710478
2.021969e-07,-0.0031667394
2.022969e-07,-0.0031746381
2.023969e-07,-0.0031868451
2.024969e-07,-0.0031940257
2.025969e-07,-0.0031911535
2.026969e-07,-0.0031789465
2.027969e-07,-0.0031660214
2.028969e-07,-0.0031595588
2.029969e-07,-0.0031631491
2.030969e-07,-0.00317392
2.031969e-07,-0.0031832548
2.032969e-07,-0.0031825368
2.033969e-07,-0.0031681756
2.034969e-07,-0.0031430434
2.035969e-07,-0.0031179113
2.036969e-07,-0.003102114
2.037969e-07,-0.003102114
2.038969e-07,-0.0031150391
2.039969e-07,-0.0031337086
2.040969e-07,-0.0031480699
2.041969e-07,-0.0031509421
2.042969e-07,-0.0031423254
2.043969e-07,-0.0031272461
2.044969e-07,-0.0031136029
2.045969e-07,-0.0031064223
2.046969e-07,-0.0031042682
2.047969e-07,-0.0031049862
2.048969e-07,-0.003102114
2.049969e-07,-0.0030949334
2.050969e-07,-0.0030870347
2.051969e-07,-0.0030834444
2.052969e-07,-0.003090625
2.053969e-07,-0.0031078585
2.054969e-07,-0.0031286822
2.055969e-07,-0.0031451976
2.056969e-07,-0.0031480699
2.057969e-07,-0.0031372989
2.058969e-07,-0.0031186294
2.059969e-07,-0.0031035501
2.060969e-07,-0.003102114
2.061969e-07,-0.0031179113
2.062969e-07,-0.0031466337
2.063969e-07,-0.0031753562
2.064969e-07,-0.0031940257
2.065969e-07,-0.0031954619
2.066969e-07,-0.0031832548
2.067969e-07,-0.0031674575
2.068969e-07,-0.0031595588
2.069969e-07,-0.0031667394
2.070969e-07,-0.0031889993
2.071969e-07,-0.0032170037
2.072969e-07,-0.0032399816
2.073969e-07,-0.0032493164
2.074969e-07,-0.00324429
2.075969e-07,-0.0032306468
2.076969e-07,-0.0032170037
2.077969e-07,-0.0032112592
2.078969e-07,-0.0032162856
2.079969e-07,-0.0032277746
2.080969e-07,-0.0032399816
2.081969e-07,-0.0032464442
2.082969e-07,-0.00324429
2.083969e-07,-0.0032371094
2.084969e-07,-0.0032284926
2.085969e-07,-0.0032220301
2.086969e-07,-0.0032191579
2.087969e-07,-0.0032184398
2.088969e-07,-0.0032170037
2.089969e-07,-0.0032141314
2.090969e-07,-0.0032119773
2.091969e-07,-0.0032126953
2.092969e-07,-0.0032170037
2.093969e-07,-0.0032241843
2.094969e-07,-0.0032299288
2.095969e-07,-0.0032277746
2.096969e-07,-0.0032170037
2.097969e-07,-0.0031990522
2.098969e-07,-0.0031803826
2.099969e-07,-0.0031696117
2.100969e-07,-0.0031710478
2.101969e-07,-0.0031846909
2.102969e-07,-0.0032047966
2.103969e-07,-0.003221312
2.104969e-07,-0.0032284926
2.105969e-07,-0.0032263385
2.106969e-07,-0.003220594
2.107969e-07,-0.0032191579
2.108969e-07,-0.0032284926
2.109969e-07,-0.0032471622
2.110969e-07,-0.0032694221
2.111969e-07,-0.0032845014
2.112969e-07,-0.0032859375
2.113969e-07,-0.0032744485
2.114969e-07,-0.0032579331
2.115969e-07,-0.0032471622
2.116969e-07,-0.0032514706
2.117969e-07,-0.0032708582
2.118969e-07,-0.0032988626
2.119969e-07,-0.0033225586
2.120969e-07,-0.0033318934
2.121969e-07,-0.0033239947
2.122969e-07,-0.0033060432
2.123969e-07,-0.0032895278
2.124969e-07,-0.0032859375
2.125969e-07,-0.0033002987
2.126969e-07,-0.0033283031
2.127969e-07,-0.0033584616
2.128969e-07,-0.0033778493
2.129969e-07,-0.0033807215
2.130969e-07,-0.0033692325
2.131969e-07,-0.0033534352
2.132969e-07,-0.0033433824
2.133969e-07,-0.0033455365
2.134969e-07,-0.0033591797
2.135969e-07,-0.0033771312
2.136969e-07,-0.0033893382
2.137969e-07,-0.0033914924
2.138969e-07,-0.0033857479
2.139969e-07,-0.0033785673
2.140969e-07,-0.0033778493
2.141969e-07,-0.0033879021
2.142969e-07,-0.0034065717
2.143969e-07,-0.0034245232
2.144969e-07,-0.0034352941
2.145969e-07,-0.003433858
2.146969e-07,-0.0034238051
2.147969e-07,-0.0034137523
2.148969e-07,-0.0034123162
2.149969e-07,-0.0034238051
2.150969e-07,-0.003446065
2.151969e-07,-0.0034719152
2.152969e-07,-0.003492739
2.153969e-07,-0.0035035099
2.154969e-07,-0.0035071002
2.155969e-07,-0.0035085363
2.156969e-07,-0.0035157169
2.157969e-07,-0.0035307962
2.158969e-07,-0.0035501838
2.159969e-07,-0.0035666992
2.160969e-07,-0.0035731618
2.161969e-07,-0.0035666992
2.162969e-07,-0.0035530561
2.163969e-07,-0.003540131
2.164969e-07,-0.0035386949
2.165969e-07,-0.0035516199
2.166969e-07,-0.003576034
2.167969e-07,-0.0036018842
2.168969e-07,-0.0036191176
2.169969e-07,-0.0036219899
2.170969e-07,-0.003611937
2.171969e-07,-0.0035961397
2.172969e-07,-0.0035846507
2.173969e-07,-0.0035817785
2.174969e-07,-0.0035868049
2.175969e-07,-0.0035939855
2.176969e-07,-0.0035961397
2.177969e-07,-0.0035903952
2.178969e-07,-0.0035803424
2.179969e-07,-0.0035717256
2.180969e-07,-0.0035731618
2.181969e-07,-0.0035868049
2.182969e-07,-0.0036090648
2.183969e-07,-0.0036306066
2.184969e-07,-0.0036420956
2.185969e-07,-0.0036377872
2.186969e-07,-0.0036198357
2.187969e-07,-0.0035954216
2.188969e-07,-0.0035731618
2.189969e-07,-0.0035588006
2.190969e-07,-0.003552338
2.191969e-07,-0.0035473116
2.192969e-07,-0.0035386949
2.193969e-07,-0.0035221795
2.194969e-07,-0.0035013557
2.195969e-07,-0.00348125
2.196969e-07,-0.003469761
2.197969e-07,-0.0034704791
2.198969e-07,-0.0034819681
2.199969e-07,-0.0034956112
2.200969e-07,-0.0035042279
2.201969e-07,-0.0035035099
2.202969e-07,-0.0034956112
2.203969e-07,-0.0034855584
2.204969e-07,-0.00348125
2.205969e-07,-0.0034869945
2.206969e-07,-0.0035006376
2.207969e-07,-0.003516435
2.208969e-07,-0.0035272059
2.209969e-07,-0.0035293601
2.210969e-07,-0.0035243336
2.211969e-07,-0.003517153
2.212969e-07,-0.0035157169
2.213969e-07,-0.0035228975
2.214969e-07,-0.0035386949
2.215969e-07,-0.0035573644
2.216969e-07,-0.0035731618
2.217969e-07,-0.0035832146
2.218969e-07,-0.003587523
2.219969e-07,-0.0035903952
2.220969e-07,-0.0035961397
2.221969e-07,-0.0036061926
2.222969e-07,-0.0036191176
2.223969e-07,-0.0036284524
2.224969e-07,-0.0036306066
2.225969e-07,-0.0036255802
2.226969e-07,-0.0036176815
2.227969e-07,-0.0036133732
2.228969e-07,-0.0036191176
2.229969e-07,-0.003635633
2.230969e-07,-0.003659329
2.231969e-07,-0.003683025
2.232969e-07,-0.0036995404
2.233969e-07,-0.0037074391
2.234969e-07,-0.0037081572
2.235969e-07,-0.0037074391
2.236969e-07,-0.0037110294
2.237969e-07,-0.0037189281
2.238969e-07,-0.0037268267
2.239969e-07,-0.003729699
2.240969e-07,-0.0037225184
2.241969e-07,-0.003706721
2.242969e-07,-0.0036880515
2.243969e-07,-0.0036758444
2.244969e-07,-0.0036765625
2.245969e-07,-0.0036902057
2.246969e-07,-0.0037103114
2.247969e-07,-0.0037275448
2.248969e-07,-0.0037340074
2.249969e-07,-0.0037275448
2.250969e-07,-0.0037139017
2.251969e-07,-0.0037016946
2.252969e-07,-0.0036995404
2.253969e-07,-0.0037095933
2.254969e-07,-0.0037268267
2.255969e-07,-0.003741188
2.256969e-07,-0.0037454963
2.257969e-07,-0.0037361615
2.258969e-07,-0.0037196461
2.259969e-07,-0.0037038488
2.260969e-07,-0.0036995404
2.261969e-07,-0.0037095933
2.262969e-07,-0.003729699
2.263969e-07,-0.0037483686
2.264969e-07,-0.0037569853
2.265969e-07,-0.0037490866
2.266969e-07,-0.0037289809
2.267969e-07,-0.0037052849
2.268969e-07,-0.0036880515
2.269969e-07,-0.0036844612
2.270969e-07,-0.0036923598
2.271969e-07,-0.0037038488
2.272969e-07,-0.0037110294
2.273969e-07,-0.003706721
2.274969e-07,-0.0036916418
2.275969e-07,-0.003670818
2.276969e-07,-0.0036535846
2.277969e-07,-0.0036442498
2.278969e-07,-0.0036420956
2.279969e-07,-0.0036435317
2.280969e-07,-0.0036420956
2.281969e-07,-0.003635633
2.282969e-07,-0.0036262983
2.283969e-07,-0.0036191176
2.284969e-07,-0.0036191176
2.285969e-07,-0.0036284524
2.286969e-07,-0.0036420956
2.287969e-07,-0.0036528665
2.288969e-07,-0.0036535846
2.289969e-07,-0.0036420956
2.290969e-07,-0.003623426
2.291969e-07,-0.0036047564
2.292969e-07,-0.0035961397
2.293969e-07,-0.0036004481
2.294969e-07,-0.0036162454
2.295969e-07,-0.0036363511
2.296969e-07,-0.0036535846
2.297969e-07,-0.0036629193
2.298969e-07,-0.0036672277
2.299969e-07,-0.0036693819
2.300969e-07,-0.0036765625
2.301969e-07,-0.0036894876
2.302969e-07,-0.0037045669
2.303969e-07,-0.003717492
2.304969e-07,-0.0037225184
2.305969e-07,-0.0037210823
2.306969e-07,-0.003717492
2.307969e-07,-0.0037196461
2.308969e-07,-0.0037340074
2.309969e-07,-0.0037598575
2.310969e-07,-0.0037914522
2.311969e-07,-0.0038201746
2.312969e-07,-0.0038374081
2.313969e-07,-0.0038424345
2.314969e-07,-0.0038409984
2.315969e-07,-0.0038409984
2.316969e-07,-0.0038488971
2.317969e-07,-0.0038661305
2.318969e-07,-0.0038876723
2.319969e-07,-0.0039034697
2.320969e-07,-0.0039063419
2.321969e-07,-0.0038962891
2.322969e-07,-0.0038790556
2.323969e-07,-0.0038646944
2.324969e-07,-0.003860386
2.325969e-07,-0.0038675666
2.326969e-07,-0.0038797737
2.327969e-07,-0.0038869543
2.328969e-07,-0.003883364
2.329969e-07,-0.0038675666
2.330969e-07,-0.003848179
2.331969e-07,-0.0038352539
2.332969e-07,-0.0038374081
2.333969e-07,-0.0038539235
2.334969e-07,-0.0038761834
2.335969e-07,-0.0038891085
2.336969e-07,-0.003883364
2.337969e-07,-0.0038560777
2.338969e-07,-0.0038180205
2.339969e-07,-0.0037835535
2.340969e-07,-0.0037684743
2.341969e-07,-0.0037792452
2.342969e-07,-0.0038094037
2.343969e-07,-0.0038453068
2.344969e-07,-0.003871875
2.345969e-07,-0.0038797737
2.346969e-07,-0.0038697208
2.347969e-07,-0.0038517693
2.348969e-07,-0.0038374081
2.349969e-07,-0.0038338178
2.350969e-07,-0.0038402803
2.351969e-07,-0.003848179
2.352969e-07,-0.0038488971
2.353969e-07,-0.0038381261
2.354969e-07,-0.0038194566
2.355969e-07,-0.0038043773
2.356969e-07,-0.0038029412
2.357969e-07,-0.0038194566
2.358969e-07,-0.0038496151
2.359969e-07,-0.0038790556
2.360969e-07,-0.0038948529
2.361969e-07,-0.0038876723
2.362969e-07,-0.003859668
2.363969e-07,-0.0038230469
2.364969e-07,-0.0037914522
2.365969e-07,-0.003777091
2.366969e-07,-0.0037821174
2.367969e-07,-0.0037986328
2.368969e-07,-0.0038144301
2.369969e-07,-0.0038187385
2.370969e-07,-0.0038086857
2.371969e-07,-0.00378858
2.372969e-07,-0.0037684743
2.373969e-07,-0.0037569853
2.374969e-07,-0.0037584214
2.375969e-07,-0.0037684743
2.376969e-07,-0.0037799632
2.377969e-07,-0.0037849897
2.378969e-07,-0.0037806813
2.379969e-07,-0.0037699104
2.380969e-07,-0.0037569853
2.381969e-07,-0.0037490866
2.382969e-07,-0.0037483686
2.383969e-07,-0.0037526769
2.384969e-07,-0.0037569853
2.385969e-07,-0.0037584214
2.386969e-07,-0.0037548311
2.387969e-07,-0.0037490866
2.388969e-07,-0.0037454963
2.389969e-07,-0.0037469324
2.390969e-07,-0.003753395
2.391969e-07,-0.0037620117
2.392969e-07,-0.0037684743
2.393969e-07,-0.0037699104
2.394969e-07,-0.0037670381
2.395969e-07,-0.0037612937
2.396969e-07,-0.0037569853
2.397969e-07,-0.0037548311
2.398969e-07,-0.0037541131
2.399969e-07,-0.0037519589
2.400969e-07,-0.0037454963
2.401969e-07,-0.0037354435
2.402969e-07,-0.0037246726
2.403969e-07,-0.0037196461
2.404969e-07,-0.0037225184
2.405969e-07,-0.0037347254
2.406969e-07,-0.0037519589
2.407969e-07,-0.0037691923
2.408969e-07,-0.0037799632
2.409969e-07,-0.0037842716
2.410969e-07,-0.0037842716
2.411969e-07,-0.0037857077
2.412969e-07,-0.0037914522
2.413969e-07,-0.003800787
2.414969e-07,-0.0038101218
2.415969e-07,-0.003812276
2.416969e-07,-0.0038029412
2.417969e-07,-0.0037842716
2.418969e-07,-0.0037620117
2.419969e-07,-0.0037469324
2.420969e-07,-0.0037454963
2.421969e-07,-0.0037591395
2.422969e-07,-0.0037835535
2.423969e-07,-0.0038086857
2.424969e-07,-0.0038259191
2.425969e-07,-0.0038309455
2.426969e-07,-0.0038259191
2.427969e-07,-0.0038180205
2.428969e-07,-0.0038144301
2.429969e-07,-0.0038180205
2.430969e-07,-0.0038273552
2.431969e-07,-0.003835972
2.432969e-07,-0.0038374081
2.433969e-07,-0.0038295094
2.434969e-07,-0.0038144301
2.435969e-07,-0.0038000689
2.436969e-07,-0.0037914522
2.437969e-07,-0.0037928883
2.438969e-07,-0.003800787
2.439969e-07,-0.0038101218
2.440969e-07,-0.0038144301
2.441969e-07,-0.0038108398
2.442969e-07,-0.003800787
2.443969e-07,-0.00378858
2.444969e-07,-0.0037799632
2.445969e-07,-0.0037749368
2.446969e-07,-0.0037706284
2.447969e-07,-0.0037620117
2.448969e-07,-0.0037454963
2.449969e-07,-0.0037210823
2.450969e-07,-0.0036952321
2.451969e-07,-0.0036744083
2.452969e-07,-0.0036650735
2.453969e-07,-0.0036679458
2.454969e-07,-0.0036772806
2.455969e-07,-0.0036858973
2.456969e-07,-0.0036880515
2.457969e-07,-0.003682307
2.458969e-07,-0.0036722541
2.459969e-07,-0.0036650735
2.460969e-07,-0.0036650735
2.461969e-07,-0.0036722541
2.462969e-07,-0.0036794347
2.463969e-07,-0.0036787167
2.464969e-07,-0.0036650735
2.465969e-07,-0.0036406595
2.466969e-07,-0.0036155273
2.467969e-07,-0.0036011661
2.468969e-07,-0.0036076287
2.469969e-07,-0.003635633
2.470969e-07,-0.0036772806
2.471969e-07,-0.00371821
2.472969e-07,-0.0037454963
2.473969e-07,-0.0037541131
2.474969e-07,-0.0037469324
2.475969e-07,-0.0037368796
2.476969e-07,-0.0037340074
2.477969e-07,-0.0037462144
2.478969e-07,-0.0037706284
2.479969e-07,-0.003800787
2.480969e-07,-0.0038259191
2.481969e-07,-0.0038417165
2.482969e-07,-0.0038496151
2.483969e-07,-0.0038567957
2.484969e-07,-0.003871875
2.485969e-07,-0.0038977252
2.486969e-07,-0.003931474
2.487969e-07,-0.0039637868
2.488969e-07,-0.0039867647
2.489969e-07,-0.0039953814
2.490969e-07,-0.0039925092
2.491969e-07,-0.0039867647
2.492969e-07,-0.0039867647
2.493969e-07,-0.0039975356
2.494969e-07,-0.0040169233
2.495969e-07,-0.0040384651
2.496969e-07,-0.0040556985
2.497969e-07,-0.0040643153
2.498969e-07,-0.0040664694
2.499969e-07,-0.0040693417
2.500969e-07,-0.0040786765
2.501969e-07,-0.004096628
2.502969e-07,-0.0041196059
2.503969e-07,-0.0041389936
2.504969e-07,-0.0041476103
2.505969e-07,-0.0041425839
2.506969e-07,-0.0041289407
2.507969e-07,-0.0041124253
2.508969e-07,-0.0041016544
2.509969e-07,-0.0040987822
2.510969e-07,-0.0041002183
2.511969e-07,-0.0040995002
2.512969e-07,-0.0040901654
2.513969e-07,-0.0040722139
2.514969e-07,-0.0040521082
2.515969e-07,-0.0040363109
2.516969e-07,-0.0040327206
2.517969e-07,-0.0040399012
2.518969e-07,-0.0040506721
2.519969e-07,-0.0040549805
2.520969e-07,-0.0040442096
2.521969e-07,-0.0040197955
2.522969e-07,-0.0039896369
2.523969e-07,-0.0039673771
2.524969e-07,-0.0039637868
2.525969e-07,-0.0039810202
2.526969e-07,-0.0040111788
2.527969e-07,-0.0040406193
2.528969e-07,-0.0040556985
2.529969e-07,-0.0040506721
2.530969e-07,-0.0040291303
2.531969e-07,-0.0040039982
2.532969e-07,-0.0039867647
2.533969e-07,-0.0039853286
2.534969e-07,-0.0039989717
2.535969e-07,-0.0040176413
2.536969e-07,-0.0040327206
2.537969e-07,-0.004037747
2.538969e-07,-0.0040327206
2.539969e-07,-0.0040248219
2.540969e-07,-0.0040212316
2.541969e-07,-0.0040248219
2.542969e-07,-0.0040334386
2.543969e-07,-0.0040413373
2.544969e-07,-0.0040442096
2.545969e-07,-0.0040427734
2.546969e-07,-0.0040434915
2.547969e-07,-0.0040542624
2.548969e-07,-0.0040786765
2.549969e-07,-0.0041138614
2.550969e-07,-0.0041490464
2.551969e-07,-0.0041713063
2.552969e-07,-0.0041705882
2.553969e-07,-0.0041490464
2.554969e-07,-0.0041174517
2.555969e-07,-0.0040930377
2.556969e-07,-0.0040901654
2.557969e-07,-0.0041117073
2.558969e-07,-0.0041483284
2.559969e-07,-0.0041849494
2.560969e-07,-0.0042050551
2.561969e-07,-0.004202901
2.562969e-07,-0.0041849494
2.563969e-07,-0.0041648437
2.564969e-07,-0.0041590993
2.565969e-07,-0.0041741785
2.566969e-07,-0.0042057732
2.567969e-07,-0.0042402401
2.568969e-07,-0.0042625
2.569969e-07,-0.0042625
2.570969e-07,-0.0042431124
2.571969e-07,-0.004215108
2.572969e-07,-0.0041935662
2.573969e-07,-0.0041878217
2.574969e-07,-0.0041978745
2.575969e-07,-0.0042158261
2.576969e-07,-0.0042280331
2.577969e-07,-0.004226597
2.578969e-07,-0.0042107996
2.579969e-07,-0.0041892578
2.580969e-07,-0.0041705882
2.581969e-07,-0.0041634076
2.582969e-07,-0.004167716
2.583969e-07,-0.0041770508
2.584969e-07,-0.0041820772
2.585969e-07,-0.0041777688
2.586969e-07,-0.0041634076
2.587969e-07,-0.0041476103
2.588969e-07,-0.0041361213
2.589969e-07,-0.0041346852
2.590969e-07,-0.0041404297
2.591969e-07,-0.0041476103
2.592969e-07,-0.0041476103
2.593969e-07,-0.0041368394
2.594969e-07,-0.0041188879
2.595969e-07,-0.0041009364
2.596969e-07,-0.0040901654
2.597969e-07,-0.0040894474
2.598969e-07,-0.0040951919
2.599969e-07,-0.0040980641
2.600969e-07,-0.0040901654
2.601969e-07,-0.0040693417
2.602969e-07,-0.0040399012
2.603969e-07,-0.0040126149
2.604969e-07,-0.0039982537
2.605969e-07,-0.0040004079
2.606969e-07,-0.0040162052
2.607969e-07,-0.0040341567
2.608969e-07,-0.0040442096
2.609969e-07,-0.0040406193
2.610969e-07,-0.00402554
2.611969e-07,-0.0040083065
2.612969e-07,-0.0039982537
2.613969e-07,-0.0040011259
2.614969e-07,-0.0040154871
2.615969e-07,-0.0040327206
2.616969e-07,-0.0040442096
2.617969e-07,-0.0040442096
2.618969e-07,-0.0040355928
2.619969e-07,-0.0040248219
2.620969e-07,-0.0040212316
2.621969e-07,-0.0040291303
2.622969e-07,-0.0040470818
2.623969e-07,-0.0040664694
2.624969e-07,-0.0040786765
2.625969e-07,-0.0040793945
2.626969e-07,-0.0040707778
2.627969e-07,-0.0040600069
2.628969e-07,-0.0040556985
2.629969e-07,-0.0040635972
2.630969e-07,-0.0040822668
2.631969e-07,-0.0041052447
2.632969e-07,-0.0041246324
2.633969e-07,-0.0041361213
2.634969e-07,-0.0041411477
2.635969e-07,-0.0041425839
2.636969e-07,-0.0041476103
2.637969e-07,-0.0041569451
2.638969e-07,-0.0041691521
2.639969e-07,-0.004179205
2.640969e-07,-0.0041820772
2.641969e-07,-0.0041784869
2.642969e-07,-0.0041748966
2.643969e-07,-0.0041777688
2.644969e-07,-0.0041935662
2.645969e-07,-0.0042208525
2.646969e-07,-0.0042524472
2.647969e-07,-0.0042768612
2.648969e-07,-0.0042854779
2.649969e-07,-0.0042775793
2.650969e-07,-0.0042589097
2.651969e-07,-0.0042431124
2.652969e-07,-0.0042395221
2.653969e-07,-0.0042538833
2.654969e-07,-0.0042804515
2.655969e-07,-0.0043106101
2.656969e-07,-0.0043314338
2.657969e-07,-0.0043386144
2.658969e-07,-0.004333588
2.659969e-07,-0.0043242532
2.660969e-07,-0.0043199449
2.661969e-07,-0.0043242532
2.662969e-07,-0.0043350241
2.663969e-07,-0.0043436409
2.664969e-07,-0.0043429228
2.665969e-07,-0.0043292796
2.666969e-07,-0.0043070198
2.667969e-07,-0.0042854779
2.668969e-07,-0.004273989
2.669969e-07,-0.0042754251
2.670969e-07,-0.004286196
2.671969e-07,-0.0042962489
2.672969e-07,-0.0042969669
2.673969e-07,-0.0042840418
2.674969e-07,-0.0042610639
2.675969e-07,-0.004238804
2.676969e-07,-0.0042280331
2.677969e-07,-0.0042337776
2.678969e-07,-0.0042524472
2.679969e-07,-0.004273989
2.680969e-07,-0.0042854779
2.681969e-07,-0.0042782973
2.682969e-07,-0.0042531652
2.683969e-07,-0.0042172622
2.684969e-07,-0.0041820772
2.685969e-07,-0.0041569451
2.686969e-07,-0.0041454561
2.687969e-07,-0.0041447381
2.688969e-07,-0.0041476103
2.689969e-07,-0.0041490464
2.690969e-07,-0.0041483284
2.691969e-07,-0.0041461742
2.692969e-07,-0.0041476103
2.693969e-07,-0.0041533548
2.694969e-07,-0.0041626896
2.695969e-07,-0.0041691521
2.696969e-07,-0.0041705882
2.697969e-07,-0.0041648437
2.698969e-07,-0.0041569451
2.699969e-07,-0.0041526367
2.700969e-07,-0.0041590993
2.701969e-07,-0.0041770508
2.702969e-07,-0.004203619
2.703969e-07,-0.0042309053
2.704969e-07,-0.004251011
2.705969e-07,-0.0042617819
2.706969e-07,-0.0042668084
2.707969e-07,-0.0042725528
2.708969e-07,-0.0042854779
2.709969e-07,-0.0043084559
2.710969e-07,-0.0043378964
2.711969e-07,-0.0043673369
2.712969e-07,-0.0043888787
2.713969e-07,-0.0043996496
2.714969e-07,-0.0044010857
2.715969e-07,-0.0043996496
2.716969e-07,-0.0044003676
2.717969e-07,-0.0044053941
2.718969e-07,-0.0044118566
2.719969e-07,-0.0044154469
2.720969e-07,-0.0044118566
2.721969e-07,-0.0044032399
2.722969e-07,-0.0043946232
2.723969e-07,-0.0043960593
2.724969e-07,-0.0044118566
2.725969e-07,-0.004440579
2.726969e-07,-0.0044736098
2.727969e-07,-0.0044980239
2.728969e-07,-0.0045037684
2.729969e-07,-0.0044886891
2.730969e-07,-0.0044585306
2.731969e-07,-0.0044247817
2.732969e-07,-0.0044003676
2.733969e-07,-0.0043903148
2.734969e-07,-0.004392469
2.735969e-07,-0.0043989315
2.736969e-07,-0.0044003676
2.737969e-07,-0.004392469
2.738969e-07,-0.0043766716
2.739969e-07,-0.0043615924
2.740969e-07,-0.0043544118
2.741969e-07,-0.0043587201
2.742969e-07,-0.0043709272
2.743969e-07,-0.0043838523
2.744969e-07,-0.0043888787
2.745969e-07,-0.0043816981
2.746969e-07,-0.0043644646
2.747969e-07,-0.004345077
2.748969e-07,-0.0043314338
2.749969e-07,-0.0043264074
2.750969e-07,-0.0043285616
2.751969e-07,-0.0043321519
2.752969e-07,-0.0043314338
2.753969e-07,-0.0043242532
2.754969e-07,-0.0043156365
2.755969e-07,-0.0043120462
2.756969e-07,-0.0043199449
2.757969e-07,-0.0043386144
2.758969e-07,-0.0043608743
2.759969e-07,-0.0043766716
2.760969e-07,-0.0043773897
2.761969e-07,-0.0043608743
2.762969e-07,-0.0043343061
2.763969e-07,-0.0043091739
2.764969e-07,-0.0042969669
2.765969e-07,-0.0043027114
2.766969e-07,-0.0043235352
2.767969e-07,-0.0043479492
2.768969e-07,-0.0043659007
2.769969e-07,-0.0043709272
2.770969e-07,-0.0043644646
2.771969e-07,-0.0043558479
2.772969e-07,-0.0043544118
2.773969e-07,-0.0043651827
2.774969e-07,-0.0043860064
2.775969e-07,-0.0044082663
2.776969e-07,-0.0044233456
2.777969e-07,-0.0044254998
2.778969e-07,-0.0044147289
2.779969e-07,-0.0044003676
2.780969e-07,-0.0043888787
2.781969e-07,-0.0043867245
2.782969e-07,-0.0043917509
2.783969e-07,-0.0043989315
2.784969e-07,-0.0044003676
2.785969e-07,-0.004393187
2.786969e-07,-0.0043802619
2.787969e-07,-0.0043680549
2.788969e-07,-0.0043659007
2.789969e-07,-0.0043766716
2.790969e-07,-0.0043974954
2.791969e-07,-0.0044197553
2.792969e-07,-0.0044348346
2.793969e-07,-0.0044362707
2.794969e-07,-0.0044247817
2.795969e-07,-0.0044068302
2.796969e-07,-0.0043888787
2.797969e-07,-0.0043773897
2.798969e-07,-0.0043737994
2.799969e-07,-0.0043745175
2.800969e-07,-0.0043773897
2.801969e-07,-0.0043795439
2.802969e-07,-0.0043824161
2.803969e-07,-0.0043888787
2.804969e-07,-0.0044003676
2.805969e-07,-0.0044147289
2.806969e-07,-0.0044262178
2.807969e-07,-0.0044305262
2.808969e-07,-0.0044233456
2.809969e-07,-0.0044089844
2.810969e-07,-0.0043960593
2.811969e-07,-0.0043917509
2.812969e-07,-0.0044003676
2.813969e-07,-0.0044190372
2.814969e-07,-0.0044377068
2.815969e-07,-0.0044448874
2.816969e-07,-0.0044348346
2.817969e-07,-0.0044089844
2.818969e-07,-0.0043788258
2.819969e-07,-0.004357284
2.820969e-07,-0.0043544118
2.821969e-07,-0.0043709272
2.822969e-07,-0.0043982135
2.823969e-07,-0.0044226275
2.824969e-07,-0.0044348346
2.825969e-07,-0.0044326804
2.826969e-07,-0.0044226275
2.827969e-07,-0.004416883
2.828969e-07,-0.0044233456
2.829969e-07,-0.0044434513
2.830969e-07,-0.0044693015
2.831969e-07,-0.0044886891
2.832969e-07,-0.0044922794
2.833969e-07,-0.0044800724
2.834969e-07,-0.0044621209
2.835969e-07,-0.00445135
2.836969e-07,-0.0044578125
2.837969e-07,-0.0044815085
2.838969e-07,-0.0045131032
2.839969e-07,-0.0045353631
2.840969e-07,-0.0045382353
2.841969e-07,-0.0045188477
2.842969e-07,-0.0044886891
2.843969e-07,-0.004463557
2.844969e-07,-0.0044578125
2.845969e-07,-0.0044743279
2.846969e-07,-0.0045044864
2.847969e-07,-0.0045310547
2.848969e-07,-0.0045382353
2.849969e-07,-0.0045202838
2.850969e-07,-0.0044858169
2.851969e-07,-0.004452068
2.852969e-07,-0.0044348346
2.853969e-07,-0.0044427332
2.854969e-07,-0.0044693015
2.855969e-07,-0.004498742
2.856969e-07,-0.0045152574
2.857969e-07,-0.0045087948
2.858969e-07,-0.0044815085
2.859969e-07,-0.0044484777
2.860969e-07,-0.0044233456
2.861969e-07,-0.004416165
2.862969e-07,-0.0044254998
2.863969e-07,-0.004439861
2.864969e-07,-0.0044463235
2.865969e-07,-0.0044377068
2.866969e-07,-0.0044176011
2.867969e-07,-0.0043967773
2.868969e-07,-0.0043888787
2.869969e-07,-0.0044003676
2.870969e-07,-0.004428372
2.871969e-07,-0.0044592486
2.872969e-07,-0.0044807904
2.873969e-07,-0.0044829446
2.874969e-07,-0.0044685834
2.875969e-07,-0.0044484777
2.876969e-07,-0.0044348346
2.877969e-07,-0.0044362707
2.878969e-07,-0.00445135
2.879969e-07,-0.0044707376
2.880969e-07,-0.0044807904
2.881969e-07,-0.004475046
2.882969e-07,-0.0044542222
2.883969e-07,-0.0044290901
2.884969e-07,-0.0044118566
2.885969e-07,-0.0044097024
2.886969e-07,-0.0044233456
2.887969e-07,-0.0044427332
2.888969e-07,-0.0044578125
2.889969e-07,-0.0044606847
2.890969e-07,-0.0044527861
2.891969e-07,-0.004440579
2.892969e-07,-0.0044348346
2.893969e-07,-0.0044412971
2.894969e-07,-0.0044592486
2.895969e-07,-0.0044793543
2.896969e-07,-0.0044922794
2.897969e-07,-0.0044908433
2.898969e-07,-0.0044772001
2.899969e-07,-0.0044585306
2.900969e-07,-0.0044463235
2.901969e-07,-0.0044470416
2.902969e-07,-0.0044606847
2.903969e-07,-0.0044822266
2.904969e-07,-0.0045037684
2.905969e-07,-0.0045195657
2.906969e-07,-0.0045303366
2.907969e-07,-0.0045389534
2.908969e-07,-0.0045497243
2.909969e-07,-0.0045633674
2.910969e-07,-0.0045762925
2.911969e-07,-0.0045813189
2.912969e-07,-0.0045727022
2.913969e-07,-0.0045518784
2.914969e-07,-0.0045267463
2.915969e-07,-0.0045080767
2.916969e-07,-0.0045037684
2.917969e-07,-0.0045166935
2.918969e-07,-0.0045396714
2.919969e-07,-0.0045619313
2.920969e-07,-0.0045727022
2.921969e-07,-0.0045676758
2.922969e-07,-0.0045518784
2.923969e-07,-0.0045353631
2.924969e-07,-0.0045267463
2.925969e-07,-0.0045303366
2.926969e-07,-0.0045418256
2.927969e-07,-0.0045511604
2.928969e-07,-0.0045497243
2.929969e-07,-0.004534645
2.930969e-07,-0.004511667
2.931969e-07,-0.0044908433
2.932969e-07,-0.0044807904
2.933969e-07,-0.0044858169
2.934969e-07,-0.0045001781
2.935969e-07,-0.0045131032
2.936969e-07,-0.0045152574
2.937969e-07,-0.0045023323
2.938969e-07,-0.0044793543
2.939969e-07,-0.0044570944
2.940969e-07,-0.0044463235
2.941969e-07,-0.0044527861
2.942969e-07,-0.0044728918
2.943969e-07,-0.0044965878
2.944969e-07,-0.0045152574
2.945969e-07,-0.004522438
2.946969e-07,-0.0045202838
2.947969e-07,-0.0045159754
2.948969e-07,-0.0045152574
2.949969e-07,-0.0045210018
2.950969e-07,-0.0045296186
2.951969e-07,-0.0045332089
2.952969e-07,-0.0045267463
2.953969e-07,-0.004511667
2.954969e-07,-0.0044965878
2.955969e-07,-0.0044915614
2.956969e-07,-0.0045037684
2.957969e-07,-0.0045332089
2.958969e-07,-0.0045683938
2.959969e-07,-0.0045971163
2.960969e-07,-0.0046071691
2.961969e-07,-0.0045978343
2.962969e-07,-0.0045770106
2.963969e-07,-0.0045612132
2.964969e-07,-0.0045612132
2.965969e-07,-0.0045813189
2.966969e-07,-0.0046136317
2.967969e-07,-0.0046423541
2.968969e-07,-0.004653125
2.969969e-07,-0.0046394818
2.970969e-07,-0.004605733
2.971969e-07,-0.0045676758
2.972969e-07,-0.0045382353
2.973969e-07,-0.0045267463
2.974969e-07,-0.0045317727
2.975969e-07,-0.0045432617
2.976969e-07,-0.0045497243
2.977969e-07,-0.0045446978
2.978969e-07,-0.0045317727
2.979969e-07,-0.0045188477
2.980969e-07,-0.0045152574
2.981969e-07,-0.0045253102
2.982969e-07,-0.0045432617
2.983969e-07,-0.0045590591
2.984969e-07,-0.0045612132
2.985969e-07,-0.004546134
2.986969e-07,-0.0045202838
2.987969e-07,-0.0044944336
2.988969e-07,-0.0044807904
2.989969e-07,-0.0044850988
2.990969e-07,-0.0045016142
2.991969e-07,-0.0045195657
2.992969e-07,-0.0045267463
2.993969e-07,-0.0045181296
2.994969e-07,-0.0044980239
2.995969e-07,-0.0044779182
2.996969e-07,-0.0044693015
2.997969e-07,-0.0044779182
2.998969e-07,-0.004498742
2.999969e-07,-0.0045188477
3.000969e-07,-0.0045267463
3.001969e-07,-0.0045159754
3.002969e-07,-0.0044922794
3.003969e-07,-0.0044678653
3.004969e-07,-0.0044578125
3.005969e-07,-0.0044685834
3.006969e-07,-0.0044973058
3.007969e-07,-0.0045296186
3.008969e-07,-0.0045497243
3.009969e-07,-0.004546852
3.010969e-07,-0.004522438
3.011969e-07,-0.004487253
3.012969e-07,-0.0044578125
3.013969e-07,-0.0044470416
3.014969e-07,-0.0044585306
3.015969e-07,-0.0044850988
3.016969e-07,-0.0045152574
3.017969e-07,-0.0045360811
3.018969e-07,-0.0045425437
3.019969e-07,-0.0045367992
3.020969e-07,-0.0045267463
3.021969e-07,-0.0045210018
3.022969e-07,-0.004522438
3.023969e-07,-0.0045303366
3.024969e-07,-0.0045382353
3.025969e-07,-0.0045425437
3.026969e-07,-0.0045411075
3.027969e-07,-0.0045382353
3.028969e-07,-0.0045382353
3.029969e-07,-0.0045446978
3.030969e-07,-0.0045561868
3.031969e-07,-0.0045676758
3.032969e-07,-0.0045727022
3.033969e-07,-0.0045683938
3.034969e-07,-0.0045547507
3.035969e-07,-0.0045389534
3.036969e-07,-0.0045267463
3.037969e-07,-0.004523156
3.038969e-07,-0.0045289005
3.039969e-07,-0.0045396714
3.040969e-07,-0.0045497243
3.041969e-07,-0.0045554687
3.042969e-07,-0.0045561868
3.043969e-07,-0.0045533146
3.044969e-07,-0.0045497243
3.045969e-07,-0.004546134
3.046969e-07,-0.0045425437
3.047969e-07,-0.0045360811
3.048969e-07,-0.0045267463
3.049969e-07,-0.0045166935
3.050969e-07,-0.0045102309
3.051969e-07,-0.0045095129
3.052969e-07,-0.0045152574
3.053969e-07,-0.0045217199
3.054969e-07,-0.0045217199
3.055969e-07,-0.0045080767
3.056969e-07,-0.0044807904
3.057969e-07,-0.0044463235
3.058969e-07,-0.0044183192
3.059969e-07,-0.0044089844
3.060969e-07,-0.0044233456
3.061969e-07,-0.0044570944
3.062969e-07,-0.0044958697
3.063969e-07,-0.004523156
3.064969e-07,-0.0045267463
3.065969e-07,-0.0045059226
3.066969e-07,-0.0044714557
3.067969e-07,-0.0044391429
3.068969e-07,-0.0044233456
3.069969e-07,-0.0044290901
3.070969e-07,-0.0044491958
3.071969e-07,-0.0044707376
3.072969e-07,-0.0044807904
3.073969e-07,-0.0044736098
3.074969e-07,-0.0044535041
3.075969e-07,-0.0044326804
3.076969e-07,-0.0044233456
3.077969e-07,-0.0044312443
3.078969e-07,-0.0044527861
3.079969e-07,-0.0044764821
3.080969e-07,-0.0044922794
3.081969e-07,-0.0044922794
3.082969e-07,-0.0044793543
3.083969e-07,-0.0044606847
3.084969e-07,-0.0044463235
3.085969e-07,-0.004440579
3.086969e-07,-0.0044412971
3.087969e-07,-0.0044420152
3.088969e-07,-0.0044348346
3.089969e-07,-0.0044197553
3.090969e-07,-0.0044032399
3.091969e-07,-0.0043939051
3.092969e-07,-0.0044003676
3.093969e-07,-0.0044226275
3.094969e-07,-0.0044527861
3.095969e-07,-0.004475764
3.096969e-07,-0.0044807904
3.097969e-07,-0.004463557
3.098969e-07,-0.0044305262
3.099969e-07,-0.0043967773
3.100969e-07,-0.0043773897
3.101969e-07,-0.0043788258
3.102969e-07,-0.0043989315
3.103969e-07,-0.0044262178
3.104969e-07,-0.0044463235
3.105969e-07,-0.004452068
3.106969e-07,-0.0044441693
3.107969e-07,-0.0044305262
3.108969e-07,-0.0044233456
3.109969e-07,-0.004427654
3.110969e-07,-0.0044427332
3.111969e-07,-0.0044599667
3.112969e-07,-0.0044693015
3.113969e-07,-0.004464275
3.114969e-07,-0.0044477597
3.115969e-07,-0.0044269359
3.116969e-07,-0.0044118566
3.117969e-07,-0.0044075483
3.118969e-07,-0.0044125747
3.119969e-07,-0.0044204733
3.120969e-07,-0.0044233456
3.121969e-07,-0.0044190372
3.122969e-07,-0.0044118566
3.123969e-07,-0.0044104205
3.124969e-07,-0.0044233456
3.125969e-07,-0.0044535041
3.126969e-07,-0.0044965878
3.127969e-07,-0.0045396714
3.128969e-07,-0.0045727022
3.129969e-07,-0.0045884995
3.130969e-07,-0.0045877815
3.131969e-07,-0.0045791648
3.132969e-07,-0.0045727022
3.133969e-07,-0.0045741383
3.134969e-07,-0.0045834731
3.135969e-07,-0.0045963982
3.136969e-07,-0.0046071691
3.137969e-07,-0.0046129136
3.138969e-07,-0.0046150678
3.139969e-07,-0.0046193761
3.140969e-07,-0.0046301471
3.141969e-07,-0.0046459444
3.142969e-07,-0.0046617417
3.143969e-07,-0.0046689223
3.144969e-07,-0.004664614
3.145969e-07,-0.0046502528
3.146969e-07,-0.0046330193
3.147969e-07,-0.0046244026
3.148969e-07,-0.0046301471
3.149969e-07,-0.0046473805
3.150969e-07,-0.0046667682
3.151969e-07,-0.0046753849
3.152969e-07,-0.004664614
3.153969e-07,-0.0046366096
3.154969e-07,-0.0046021427
3.155969e-07,-0.0045770106
3.156969e-07,-0.0045727022
3.157969e-07,-0.0045906537
3.158969e-07,-0.0046208123
3.159969e-07,-0.0046466625
3.160969e-07,-0.004653125
3.161969e-07,-0.0046366096
3.162969e-07,-0.0046035788
3.163969e-07,-0.00456983
3.164969e-07,-0.0045497243
3.165969e-07,-0.0045490062
3.166969e-07,-0.0045633674
3.167969e-07,-0.0045791648
3.168969e-07,-0.0045841912
3.169969e-07,-0.0045741383
3.170969e-07,-0.0045547507
3.171969e-07,-0.0045389534
3.172969e-07,-0.0045382353
3.173969e-07,-0.0045569049
3.174969e-07,-0.0045884995
3.175969e-07,-0.004617222
3.176969e-07,-0.0046301471
3.177969e-07,-0.0046208123
3.178969e-07,-0.0045963982
3.179969e-07,-0.0045712661
3.180969e-07,-0.0045612132
3.181969e-07,-0.0045748564
3.182969e-07,-0.0046078872
3.183969e-07,-0.0046466625
3.184969e-07,-0.0046761029
3.185969e-07,-0.0046861558
3.186969e-07,-0.0046782571
3.187969e-07,-0.0046624598
3.188969e-07,-0.004653125
3.189969e-07,-0.0046581514
3.190969e-07,-0.004676821
3.191969e-07,-0.0046983628
3.192969e-07,-0.0047105699
3.193969e-07,-0.0047055434
3.194969e-07,-0.0046854377
3.195969e-07,-0.0046595875
3.196969e-07,-0.004641636
3.197969e-07,-0.004640918
3.198969e-07,-0.0046574334
3.199969e-07,-0.0046840016
3.200969e-07,-0.0047105699
3.201969e-07,-0.0047278033
3.202969e-07,-0.0047335478
3.203969e-07,-0.0047335478
3.204969e-07,-0.0047335478
3.205969e-07,-0.0047378562
3.206969e-07,-0.0047450368
3.207969e-07,-0.0047500632
3.208969e-07,-0.0047450368
3.209969e-07,-0.0047292394
3.210969e-07,-0.0047062615
3.211969e-07,-0.0046854377
3.212969e-07,-0.0046761029
3.213969e-07,-0.0046804113
3.214969e-07,-0.0046954906
3.215969e-07,-0.004712006
3.216969e-07,-0.0047220588
3.217969e-07,-0.0047220588
3.218969e-07,-0.0047163143
3.219969e-07,-0.0047141602
3.220969e-07,-0.0047220588
3.221969e-07,-0.0047421645
3.222969e-07,-0.0047680147
3.223969e-07,-0.0047874023
3.224969e-07,-0.0047909926
3.225969e-07,-0.0047766314
3.226969e-07,-0.0047507813
3.227969e-07,-0.0047278033
3.228969e-07,-0.0047220588
3.229969e-07,-0.0047392923
3.230969e-07,-0.0047744773
3.231969e-07,-0.0048161248
3.232969e-07,-0.0048484375
3.233969e-07,-0.0048627987
3.234969e-07,-0.0048584903
3.235969e-07,-0.0048462833
3.236969e-07,-0.0048369485
3.237969e-07,-0.0048405388
3.238969e-07,-0.0048577723
3.239969e-07,-0.0048829044
3.240969e-07,-0.0049058824
3.241969e-07,-0.0049195255
3.242969e-07,-0.0049223977
3.243969e-07,-0.0049188074
3.244969e-07,-0.0049173713
3.245969e-07,-0.0049223977
3.246969e-07,-0.0049346048
3.247969e-07,-0.0049496841
3.248969e-07,-0.0049633272
3.249969e-07,-0.0049719439
3.250969e-07,-0.0049776884
3.251969e-07,-0.004984869
3.252969e-07,-0.0049977941
3.253969e-07,-0.0050157456
3.254969e-07,-0.0050344152
3.255969e-07,-0.0050459042
3.256969e-07,-0.00504375
3.257969e-07,-0.0050279527
3.258969e-07,-0.0050049747
3.259969e-07,-0.004984869
3.260969e-07,-0.0049748162
3.261969e-07,-0.0049776884
3.262969e-07,-0.0049884593
3.263969e-07,-0.0049977941
3.264969e-07,-0.0049977941
3.265969e-07,-0.0049877413
3.266969e-07,-0.0049719439
3.267969e-07,-0.004961173
3.268969e-07,-0.0049633272
3.269969e-07,-0.0049798426
3.270969e-07,-0.0050035386
3.271969e-07,-0.0050250804
3.272969e-07,-0.005032261
3.273969e-07,-0.0050229262
3.274969e-07,-0.0050013844
3.275969e-07,-0.0049784065
3.276969e-07,-0.0049633272
3.277969e-07,-0.0049597369
3.278969e-07,-0.0049647633
3.279969e-07,-0.0049683536
3.280969e-07,-0.0049633272
3.281969e-07,-0.0049468118
3.282969e-07,-0.0049238339
3.283969e-07,-0.0049030101
3.284969e-07,-0.0048943934
3.285969e-07,-0.0048994198
3.286969e-07,-0.004913063
3.287969e-07,-0.0049259881
3.288969e-07,-0.0049288603
3.289969e-07,-0.0049202436
3.290969e-07,-0.0049037282
3.291969e-07,-0.0048886489
3.292969e-07,-0.0048829044
3.293969e-07,-0.0048872128
3.294969e-07,-0.0048965476
3.295969e-07,-0.004901574
3.296969e-07,-0.0048943934
3.297969e-07,-0.0048764419
3.298969e-07,-0.0048556181
3.299969e-07,-0.0048434111
3.300969e-07,-0.0048484375
3.301969e-07,-0.0048692613
3.302969e-07,-0.0048965476
3.303969e-07,-0.0049159352
3.304969e-07,-0.0049173713
3.305969e-07,-0.0048994198
3.306969e-07,-0.0048721335
3.307969e-07,-0.0048513097
3.308969e-07,-0.0048484375
3.309969e-07,-0.0048678251
3.310969e-07,-0.0048994198
3.311969e-07,-0.0049288603
3.312969e-07,-0.0049403493
3.313969e-07,-0.0049288603
3.314969e-07,-0.0048994198
3.315969e-07,-0.0048685432
3.316969e-07,-0.0048484375
3.317969e-07,-0.0048470014
3.318969e-07,-0.0048606445
3.319969e-07,-0.0048771599
3.320969e-07,-0.0048829044
3.321969e-07,-0.0048735696
3.322969e-07,-0.0048527459
3.323969e-07,-0.0048326402
3.324969e-07,-0.0048254596
3.325969e-07,-0.0048355124
3.326969e-07,-0.0048563362
3.327969e-07,-0.0048764419
3.328969e-07,-0.0048829044
3.329969e-07,-0.0048699793
3.330969e-07,-0.0048434111
3.331969e-07,-0.0048168428
3.332969e-07,-0.0048024816
3.333969e-07,-0.004807508
3.334969e-07,-0.0048276137
3.335969e-07,-0.0048491556
3.336969e-07,-0.0048599265
3.337969e-07,-0.0048513097
3.338969e-07,-0.0048276137
3.339969e-07,-0.0047988913
3.340969e-07,-0.0047795037
3.341969e-07,-0.0047751953
3.342969e-07,-0.0047845301
3.343969e-07,-0.0047974552
3.344969e-07,-0.0048024816
3.345969e-07,-0.004794583
3.346969e-07,-0.0047773495
3.347969e-07,-0.0047608341
3.348969e-07,-0.0047565257
3.349969e-07,-0.0047687328
3.350969e-07,-0.0047931468
3.351969e-07,-0.0048161248
3.352969e-07,-0.0048254596
3.353969e-07,-0.0048146886
3.354969e-07,-0.0047874023
3.355969e-07,-0.0047565257
3.356969e-07,-0.0047335478
3.357969e-07,-0.0047278033
3.358969e-07,-0.00473642
3.359969e-07,-0.0047500632
3.360969e-07,-0.0047565257
3.361969e-07,-0.0047493451
3.362969e-07,-0.0047306756
3.363969e-07,-0.0047098518
3.364969e-07,-0.0046990809
3.365969e-07,-0.0047041073
3.366969e-07,-0.0047220588
3.367969e-07,-0.0047436006
3.368969e-07,-0.0047565257
3.369969e-07,-0.0047536535
3.370969e-07,-0.0047371381
3.371969e-07,-0.0047148782
3.372969e-07,-0.0046990809
3.373969e-07,-0.0046976448
3.374969e-07,-0.0047091337
3.375969e-07,-0.0047285214
3.376969e-07,-0.0047450368
3.377969e-07,-0.0047522174
3.378969e-07,-0.0047507813
3.379969e-07,-0.0047464729
3.380969e-07,-0.0047450368
3.381969e-07,-0.0047507813
3.382969e-07,-0.0047615522
3.383969e-07,-0.0047694508
3.384969e-07,-0.0047680147
3.385969e-07,-0.0047550896
3.386969e-07,-0.0047349839
3.387969e-07,-0.0047170324
3.388969e-07,-0.0047105699
3.389969e-07,-0.0047191866
3.390969e-07,-0.0047378562
3.391969e-07,-0.0047572438
3.392969e-07,-0.0047680147
3.393969e-07,-0.0047651425
3.394969e-07,-0.0047522174
3.395969e-07,-0.0047378562
3.396969e-07,-0.0047335478
3.397969e-07,-0.0047428826
3.398969e-07,-0.0047637063
3.399969e-07,-0.0047866843
3.400969e-07,-0.0048024816
3.401969e-07,-0.0048060719
3.402969e-07,-0.0047981733
3.403969e-07,-0.0047866843
3.404969e-07,-0.0047795037
3.405969e-07,-0.0047809398
3.406969e-07,-0.0047902746
3.407969e-07,-0.0047988913
3.408969e-07,-0.0048024816
3.409969e-07,-0.0047974552
3.410969e-07,-0.0047874023
3.411969e-07,-0.0047795037
3.412969e-07,-0.0047795037
3.413969e-07,-0.0047888385
3.414969e-07,-0.0048010455
3.415969e-07,-0.0048082261
3.416969e-07,-0.0048024816
3.417969e-07,-0.004783094
3.418969e-07,-0.0047565257
3.419969e-07,-0.0047328297
3.420969e-07,-0.0047220588
3.421969e-07,-0.0047256491
3.422969e-07,-0.0047392923
3.423969e-07,-0.0047522174
3.424969e-07,-0.0047565257
3.425969e-07,-0.0047493451
3.426969e-07,-0.0047371381
3.427969e-07,-0.0047285214
3.428969e-07,-0.0047335478
3.429969e-07,-0.0047522174
3.430969e-07,-0.0047780676
3.431969e-07,-0.0047988913
3.432969e-07,-0.0048024816
3.433969e-07,-0.0047859662
3.434969e-07,-0.0047550896
3.435969e-07,-0.0047220588
3.436969e-07,-0.0046990809
3.437969e-07,-0.0046919003
3.438969e-07,-0.0046976448
3.439969e-07,-0.0047069795
3.440969e-07,-0.0047105699
3.441969e-07,-0.0047041073
3.442969e-07,-0.0046897461
3.443969e-07,-0.0046782571
3.444969e-07,-0.0046761029
3.445969e-07,-0.0046868739
3.446969e-07,-0.0047048254
3.447969e-07,-0.0047191866
3.448969e-07,-0.0047220588
3.449969e-07,-0.0047098518
3.450969e-07,-0.004689028
3.451969e-07,-0.0046703585
3.452969e-07,-0.004664614
3.453969e-07,-0.0046746668
3.454969e-07,-0.0046954906
3.455969e-07,-0.0047148782
3.456969e-07,-0.0047220588
3.457969e-07,-0.004712724
3.458969e-07,-0.0046926183
3.459969e-07,-0.0046725126
3.460969e-07,-0.004664614
3.461969e-07,-0.0046732307
3.462969e-07,-0.0046954906
3.463969e-07,-0.0047191866
3.464969e-07,-0.0047335478
3.465969e-07,-0.0047328297
3.466969e-07,-0.0047199046
3.467969e-07,-0.0047055434
3.468969e-07,-0.0046990809
3.469969e-07,-0.0047062615
3.470969e-07,-0.0047249311
3.471969e-07,-0.0047443187
3.472969e-07,-0.0047565257
3.473969e-07,-0.0047558077
3.474969e-07,-0.0047457548
3.475969e-07,-0.004735702
3.476969e-07,-0.0047335478
3.477969e-07,-0.0047428826
3.478969e-07,-0.004760116
3.479969e-07,-0.0047751953
3.480969e-07,-0.0047795037
3.481969e-07,-0.0047708869
3.482969e-07,-0.0047550896
3.483969e-07,-0.0047436006
3.484969e-07,-0.0047450368
3.485969e-07,-0.0047644244
3.486969e-07,-0.004795301
3.487969e-07,-0.0048268957
3.488969e-07,-0.0048484375
3.489969e-07,-0.004854182
3.490969e-07,-0.0048484375
3.491969e-07,-0.0048391027
3.492969e-07,-0.0048369485
3.493969e-07,-0.0048441291
3.494969e-07,-0.0048570542
3.495969e-07,-0.0048649529
3.496969e-07,-0.0048599265
3.497969e-07,-0.0048398208
3.498969e-07,-0.0048110983
3.499969e-07,-0.0047874023
3.500969e-07,-0.0047795037
3.501969e-07,-0.0047909926
3.502969e-07,-0.0048168428
3.503969e-07,-0.0048441291
3.504969e-07,-0.0048599265
3.505969e-07,-0.0048599265
3.506969e-07,-0.0048462833
3.507969e-07,-0.0048319221
3.508969e-07,-0.0048254596
3.509969e-07,-0.0048326402
3.510969e-07,-0.0048484375
3.511969e-07,-0.0048606445
3.512969e-07,-0.0048599265
3.513969e-07,-0.0048405388
3.514969e-07,-0.0048082261
3.515969e-07,-0.0047759134
3.516969e-07,-0.0047565257
3.517969e-07,-0.0047565257
3.518969e-07,-0.004771605
3.519969e-07,-0.0047917107
3.520969e-07,-0.0048024816
3.521969e-07,-0.0047960191
3.522969e-07,-0.0047744773
3.523969e-07,-0.0047457548
3.524969e-07,-0.0047220588
3.525969e-07,-0.0047105699
3.526969e-07,-0.004712006
3.527969e-07,-0.0047184685
3.528969e-07,-0.0047220588
3.529969e-07,-0.0047170324
3.530969e-07,-0.0047048254
3.531969e-07,-0.0046926183
3.532969e-07,-0.0046875919
3.533969e-07,-0.0046933364
3.534969e-07,-0.0047069795
3.535969e-07,-0.0047191866
3.536969e-07,-0.0047220588
3.537969e-07,-0.004712724
3.538969e-07,-0.0046962086
3.539969e-07,-0.0046811294
3.540969e-07,-0.0046761029
3.541969e-07,-0.0046847197
3.542969e-07,-0.0047019531
3.543969e-07,-0.0047177505
3.544969e-07,-0.0047220588
3.545969e-07,-0.0047105699
3.546969e-07,-0.004689028
3.547969e-07,-0.0046660501
3.548969e-07,-0.004653125
3.549969e-07,-0.0046538431
3.550969e-07,-0.004664614
3.551969e-07,-0.0046753849
3.552969e-07,-0.0046761029
3.553969e-07,-0.0046617417
3.554969e-07,-0.0046366096
3.555969e-07,-0.0046114775
3.556969e-07,-0.0045956801
3.557969e-07,-0.0045956801
3.558969e-07,-0.0046078872
3.559969e-07,-0.0046229665
3.560969e-07,-0.0046301471
3.561969e-07,-0.0046244026
3.562969e-07,-0.0046071691
3.563969e-07,-0.0045870634
3.564969e-07,-0.0045727022
3.565969e-07,-0.0045691119
3.566969e-07,-0.0045741383
3.567969e-07,-0.0045813189
3.568969e-07,-0.0045841912
3.569969e-07,-0.0045798828
3.570969e-07,-0.0045734203
3.571969e-07,-0.0045727022
3.572969e-07,-0.0045841912
3.573969e-07,-0.0046086052
3.574969e-07,-0.0046401999
3.575969e-07,-0.004665332
3.576969e-07,-0.0046761029
3.577969e-07,-0.0046682043
3.578969e-07,-0.0046480986
3.579969e-07,-0.0046279929
3.580969e-07,-0.0046186581
3.581969e-07,-0.0046265568
3.582969e-07,-0.0046473805
3.583969e-07,-0.0046710765
3.584969e-07,-0.0046875919
3.585969e-07,-0.0046911822
3.586969e-07,-0.0046847197
3.587969e-07,-0.004676821
3.588969e-07,-0.0046761029
3.589969e-07,-0.0046868739
3.590969e-07,-0.0047041073
3.591969e-07,-0.0047191866
3.592969e-07,-0.0047220588
3.593969e-07,-0.0047098518
3.594969e-07,-0.0046868739
3.595969e-07,-0.004664614
3.596969e-07,-0.004653125
3.597969e-07,-0.0046581514
3.598969e-07,-0.0046761029
3.599969e-07,-0.0046976448
3.600969e-07,-0.0047105699
3.601969e-07,-0.0047098518
3.602969e-07,-0.0046983628
3.603969e-07,-0.0046840016
3.604969e-07,-0.0046761029
3.605969e-07,-0.0046796932
3.606969e-07,-0.0046926183
3.607969e-07,-0.0047062615
3.608969e-07,-0.0047105699
3.609969e-07,-0.0047019531
3.610969e-07,-0.0046832835
3.611969e-07,-0.0046638959
3.612969e-07,-0.004653125
3.613969e-07,-0.0046567153
3.614969e-07,-0.0046717946
3.615969e-07,-0.0046926183
3.616969e-07,-0.0047105699
3.617969e-07,-0.0047206227
3.618969e-07,-0.0047234949
3.619969e-07,-0.0047263672
3.620969e-07,-0.0047335478
3.621969e-07,-0.0047471909
3.622969e-07,-0.0047644244
3.623969e-07,-0.0047766314
3.624969e-07,-0.0047795037
3.625969e-07,-0.0047723231
3.626969e-07,-0.0047608341
3.627969e-07,-0.0047536535
3.628969e-07,-0.0047565257
3.629969e-07,-0.0047701689
3.630969e-07,-0.0047866843
3.631969e-07,-0.0047960191
3.632969e-07,-0.0047909926
3.633969e-07,-0.0047730411
3.634969e-07,-0.0047500632
3.635969e-07,-0.0047378562
3.636969e-07,-0.0047450368
3.637969e-07,-0.0047744773
3.638969e-07,-0.0048168428
3.639969e-07,-0.0048577723
3.640969e-07,-0.0048829044
3.641969e-07,-0.0048864947
3.642969e-07,-0.0048728516
3.643969e-07,-0.0048520278
3.644969e-07,-0.0048369485
3.645969e-07,-0.0048326402
3.646969e-07,-0.0048362305
3.647969e-07,-0.0048405388
3.648969e-07,-0.0048369485
3.649969e-07,-0.0048240234
3.650969e-07,-0.004807508
3.651969e-07,-0.0047974552
3.652969e-07,-0.0048024816
3.653969e-07,-0.0048225873
3.654969e-07,-0.0048513097
3.655969e-07,-0.0048750057
3.656969e-07,-0.0048829044
3.657969e-07,-0.0048735696
3.658969e-07,-0.004854182
3.659969e-07,-0.0048376666
3.660969e-07,-0.0048369485
3.661969e-07,-0.004854182
3.662969e-07,-0.0048829044
3.663969e-07,-0.0049080365
3.664969e-07,-0.0049173713
3.665969e-07,-0.0049058824
3.666969e-07,-0.0048793141
3.667969e-07,-0.0048513097
3.668969e-07,-0.0048369485
3.669969e-07,-0.004841975
3.670969e-07,-0.0048613626
3.671969e-07,-0.0048836225
3.672969e-07,-0.0048943934
3.673969e-07,-0.0048879308
3.674969e-07,-0.0048678251
3.675969e-07,-0.0048462833
3.676969e-07,-0.0048369485
3.677969e-07,-0.0048462833
3.678969e-07,-0.0048728516
3.679969e-07,-0.0049044462
3.680969e-07,-0.0049288603
3.681969e-07,-0.004937477
3.682969e-07,-0.0049310145
3.683969e-07,-0.0049166533
3.684969e-07,-0.0049058824
3.685969e-07,-0.0049044462
3.686969e-07,-0.0049123449
3.687969e-07,-0.0049223977
3.688969e-07,-0.0049288603
3.689969e-07,-0.0049274242
3.690969e-07,-0.0049223977
3.691969e-07,-0.0049209616
3.692969e-07,-0.0049288603
3.693969e-07,-0.0049475299
3.694969e-07,-0.0049705078
3.695969e-07,-0.0049863051
3.696969e-07,-0.0049863051
3.697969e-07,-0.0049697898
3.698969e-07,-0.0049446576
3.699969e-07,-0.0049231158
3.700969e-07,-0.0049173713
3.701969e-07,-0.0049295784
3.702969e-07,-0.0049518382
3.703969e-07,-0.0049712259
3.704969e-07,-0.0049748162
3.705969e-07,-0.0049597369
3.706969e-07,-0.0049331687
3.707969e-07,-0.0049101907
3.708969e-07,-0.0049058824
3.709969e-07,-0.0049259881
3.710969e-07,-0.0049640453
3.711969e-07,-0.0050049747
3.712969e-07,-0.005032261
3.713969e-07,-0.0050358513
3.714969e-07,-0.0050186179
3.715969e-07,-0.0049927677
3.716969e-07,-0.0049748162
3.717969e-07,-0.0049748162
3.718969e-07,-0.0049934858
3.719969e-07,-0.0050214901
3.720969e-07,-0.00504375
3.721969e-07,-0.0050509306
3.722969e-07,-0.0050430319
3.723969e-07,-0.0050286707
3.724969e-07,-0.0050207721
3.725969e-07,-0.0050308249
3.726969e-07,-0.0050588293
3.727969e-07,-0.0050983226
3.728969e-07,-0.0051356618
3.729969e-07,-0.0051586397
3.730969e-07,-0.00516223
3.731969e-07,-0.005150741
3.732969e-07,-0.0051356618
3.733969e-07,-0.005126327
3.734969e-07,-0.0051284812
3.735969e-07,-0.0051414062
3.736969e-07,-0.0051586397
3.737969e-07,-0.0051730009
3.738969e-07,-0.0051801815
3.739969e-07,-0.0051816176
3.740969e-07,-0.0051816176
3.741969e-07,-0.0051844899
3.742969e-07,-0.0051916705
3.743969e-07,-0.0052038775
3.744969e-07,-0.0052160846
3.745969e-07,-0.0052268555
3.746969e-07,-0.0052347541
3.747969e-07,-0.0052426528
3.748969e-07,-0.0052505515
3.749969e-07,-0.0052598863
3.750969e-07,-0.005268503
3.751969e-07,-0.0052735294
3.752969e-07,-0.0052735294
3.753969e-07,-0.0052699391
3.754969e-07,-0.0052677849
3.755969e-07,-0.0052713752
3.756969e-07,-0.0052850184
3.757969e-07,-0.0053058421
3.758969e-07,-0.005327384
3.759969e-07,-0.0053417452
3.760969e-07,-0.0053424632
3.761969e-07,-0.0053295381
3.762969e-07,-0.0053094324
3.763969e-07,-0.005292199
3.764969e-07,-0.0052850184
3.765969e-07,-0.0052907629
3.766969e-07,-0.0053058421
3.767969e-07,-0.0053216395
3.768969e-07,-0.0053309743
3.769969e-07,-0.0053295381
3.770969e-07,-0.0053216395
3.771969e-07,-0.0053123047
3.772969e-07,-0.0053079963
3.773969e-07,-0.0053115866
3.774969e-07,-0.0053187672
3.775969e-07,-0.0053230756
3.776969e-07,-0.0053194853
3.777969e-07,-0.0053058421
3.778969e-07,-0.0052871726
3.779969e-07,-0.0052706572
3.780969e-07,-0.0052620404
3.781969e-07,-0.0052627585
3.782969e-07,-0.005268503
3.783969e-07,-0.0052706572
3.784969e-07,-0.0052620404
3.785969e-07,-0.0052419347
3.786969e-07,-0.0052160846
3.787969e-07,-0.0051938247
3.788969e-07,-0.0051816176
3.789969e-07,-0.0051830538
3.790969e-07,-0.0051931066
3.791969e-07,-0.0052031595
3.792969e-07,-0.0052045956
3.793969e-07,-0.0051952608
3.794969e-07,-0.0051794635
3.795969e-07,-0.0051643842
3.796969e-07,-0.0051586397
3.797969e-07,-0.0051636661
3.798969e-07,-0.0051751551
3.799969e-07,-0.0051837718
3.800969e-07,-0.0051816176
3.801969e-07,-0.0051658203
3.802969e-07,-0.0051406882
3.803969e-07,-0.0051162741
3.804969e-07,-0.0051011949
3.805969e-07,-0.0050997587
3.806969e-07,-0.0051090935
3.807969e-07,-0.0051198644
3.808969e-07,-0.0051241728
3.809969e-07,-0.0051177102
3.810969e-07,-0.0051047852
3.811969e-07,-0.0050925781
3.812969e-07,-0.0050897059
3.813969e-07,-0.0050997587
3.814969e-07,-0.0051184283
3.815969e-07,-0.0051378159
3.816969e-07,-0.0051471507
3.817969e-07,-0.0051435604
3.818969e-07,-0.0051284812
3.819969e-07,-0.0051112477
3.820969e-07,-0.0051011949
3.821969e-07,-0.005102631
3.822969e-07,-0.0051134019
3.823969e-07,-0.005127045
3.824969e-07,-0.0051356618
3.825969e-07,-0.0051349437
3.826969e-07,-0.005127045
3.827969e-07,-0.0051177102
3.828969e-07,-0.0051126838
3.829969e-07,-0.0051155561
3.830969e-07,-0.0051227367
3.831969e-07,-0.005127045
3.832969e-07,-0.0051241728
3.833969e-07,-0.0051112477
3.834969e-07,-0.0050940142
3.835969e-07,-0.0050810892
3.836969e-07,-0.0050782169
3.837969e-07,-0.0050882698
3.838969e-07,-0.0051055032
3.839969e-07,-0.0051205825
3.840969e-07,-0.0051241728
3.841969e-07,-0.0051134019
3.842969e-07,-0.0050940142
3.843969e-07,-0.0050746266
3.844969e-07,-0.0050667279
3.845969e-07,-0.0050739085
3.846969e-07,-0.0050925781
3.847969e-07,-0.0051134019
3.848969e-07,-0.0051241728
3.849969e-07,-0.0051191464
3.850969e-07,-0.0051004768
3.851969e-07,-0.0050753447
3.852969e-07,-0.005055239
3.853969e-07,-0.0050459042
3.854969e-07,-0.0050487764
3.855969e-07,-0.0050581112
3.856969e-07,-0.0050667279
3.857969e-07,-0.0050703182
3.858969e-07,-0.0050696002
3.859969e-07,-0.0050703182
3.860969e-07,-0.0050782169
3.861969e-07,-0.0050954504
3.862969e-07,-0.0051198644
3.863969e-07,-0.0051435604
3.864969e-07,-0.0051586397
3.865969e-07,-0.00516223
3.866969e-07,-0.0051557675
3.867969e-07,-0.0051485869
3.868969e-07,-0.0051471507
3.869969e-07,-0.0051564855
3.870969e-07,-0.005173719
3.871969e-07,-0.0051923886
3.872969e-07,-0.0052045956
3.873969e-07,-0.0052053136
3.874969e-07,-0.005197415
3.875969e-07,-0.0051866441
3.876969e-07,-0.0051816176
3.877969e-07,-0.0051866441
3.878969e-07,-0.0052002872
3.879969e-07,-0.0052168026
3.880969e-07,-0.0052275735
3.881969e-07,-0.0052282916
3.882969e-07,-0.0052196749
3.883969e-07,-0.0052053136
3.884969e-07,-0.0051931066
3.885969e-07,-0.0051866441
3.886969e-07,-0.0051873621
3.887969e-07,-0.0051909524
3.888969e-07,-0.0051931066
3.889969e-07,-0.0051923886
3.890969e-07,-0.0051895163
3.891969e-07,-0.0051887983
3.892969e-07,-0.0051931066
3.893969e-07,-0.0052031595
3.894969e-07,-0.0052139304
3.895969e-07,-0.0052196749
3.896969e-07,-0.0052160846
3.897969e-07,-0.0052017233
3.898969e-07,-0.0051801815
3.899969e-07,-0.0051600758
3.900969e-07,-0.0051471507
3.901969e-07,-0.0051428424
3.902969e-07,-0.0051428424
3.903969e-07,-0.0051428424
3.904969e-07,-0.0051356618
3.905969e-07,-0.0051220186
3.906969e-07,-0.0051069393
3.907969e-07,-0.0050983226
3.908969e-07,-0.0051011949
3.909969e-07,-0.0051162741
3.910969e-07,-0.0051378159
3.911969e-07,-0.0051550494
3.912969e-07,-0.0051586397
3.913969e-07,-0.0051471507
3.914969e-07,-0.0051248909
3.915969e-07,-0.0051019129
3.916969e-07,-0.0050897059
3.917969e-07,-0.0050925781
3.918969e-07,-0.0051083755
3.919969e-07,-0.0051299173
3.920969e-07,-0.0051471507
3.921969e-07,-0.0051550494
3.922969e-07,-0.0051536133
3.923969e-07,-0.0051493049
3.924969e-07,-0.0051471507
3.925969e-07,-0.0051514591
3.926969e-07,-0.0051600758
3.927969e-07,-0.0051679745
3.928969e-07,-0.0051701287
3.929969e-07,-0.0051636661
3.930969e-07,-0.0051514591
3.931969e-07,-0.0051406882
3.932969e-07,-0.0051356618
3.933969e-07,-0.0051399701
3.934969e-07,-0.005150023
3.935969e-07,-0.0051615119
3.936969e-07,-0.0051701287
3.937969e-07,-0.005174437
3.938969e-07,-0.0051787454
3.939969e-07,-0.0051880802
3.940969e-07,-0.0052045956
3.941969e-07,-0.0052261374
3.942969e-07,-0.005244807
3.943969e-07,-0.0052512695
3.944969e-07,-0.0052390625
3.945969e-07,-0.0052103401
3.946969e-07,-0.005174437
3.947969e-07,-0.0051457146
3.948969e-07,-0.0051356618
3.949969e-07,-0.0051471507
3.950969e-07,-0.005174437
3.951969e-07,-0.0052053136
3.952969e-07,-0.0052275735
3.953969e-07,-0.005233318
3.954969e-07,-0.0052247013
3.955969e-07,-0.0052081859
3.956969e-07,-0.0051931066
3.957969e-07,-0.0051844899
3.958969e-07,-0.0051808996
3.959969e-07,-0.0051773093
3.960969e-07,-0.0051701287
3.961969e-07,-0.0051579216
3.962969e-07,-0.0051449966
3.963969e-07,-0.0051392521
3.964969e-07,-0.0051471507
3.965969e-07,-0.0051672564
3.966969e-07,-0.0051916705
3.967969e-07,-0.0052110581
3.968969e-07,-0.0052160846
3.969969e-07,-0.0052053136
3.970969e-07,-0.0051844899
3.971969e-07,-0.0051658203
3.972969e-07,-0.0051586397
3.973969e-07,-0.0051658203
3.974969e-07,-0.0051830538
3.975969e-07,-0.0051988511
3.976969e-07,-0.0052045956
3.977969e-07,-0.0051959789
3.978969e-07,-0.0051787454
3.979969e-07,-0.0051629481
3.980969e-07,-0.0051586397
3.981969e-07,-0.0051694106
3.982969e-07,-0.0051909524
3.983969e-07,-0.0052132123
3.984969e-07,-0.0052275735
3.985969e-07,-0.0052297277
3.986969e-07,-0.0052247013
3.987969e-07,-0.005221111
3.988969e-07,-0.0052275735
3.989969e-07,-0.0052469612
3.990969e-07,-0.0052735294
3.991969e-07,-0.0052972254
3.992969e-07,-0.0053079963
3.993969e-07,-0.0053029699
3.994969e-07,-0.0052864545
3.995969e-07,-0.0052699391
3.996969e-07,-0.0052620404
3.997969e-07,-0.0052677849
3.998969e-07,-0.0052814281
3.999969e-07,-0.0052943532
4.000969e-07,-0.0052965074
4.001969e-07,-0.0052857364
4.002969e-07,-0.0052670669
4.003969e-07,-0.0052519876
4.004969e-07,-0.0052505515
4.005969e-07,-0.0052649127
4.006969e-07,-0.0052886087
4.007969e-07,-0.0053072783
4.008969e-07,-0.0053079963
4.009969e-07,-0.0052850184
4.010969e-07,-0.0052440889
4.011969e-07,-0.0052002872
4.012969e-07,-0.0051701287
4.013969e-07,-0.0051629481
4.014969e-07,-0.0051787454
4.015969e-07,-0.0052053136
4.016969e-07,-0.0052275735
4.017969e-07,-0.0052340361
4.018969e-07,-0.005221111
4.019969e-07,-0.0051959789
4.020969e-07,-0.0051701287
4.021969e-07,-0.0051543313
4.022969e-07,-0.0051521772
4.023969e-07,-0.0051600758
4.024969e-07,-0.0051701287
4.025969e-07,-0.0051751551
4.026969e-07,-0.0051722829
4.027969e-07,-0.0051643842
4.028969e-07,-0.0051586397
4.029969e-07,-0.0051579216
4.030969e-07,-0.0051615119
4.031969e-07,-0.0051636661
4.032969e-07,-0.0051586397
4.033969e-07,-0.0051428424
4.034969e-07,-0.0051184283
4.035969e-07,-0.0050932962
4.036969e-07,-0.0050782169
4.037969e-07,-0.0050782169
4.038969e-07,-0.0050940142
4.039969e-07,-0.0051162741
4.040969e-07,-0.0051356618
4.041969e-07,-0.0051428424
4.042969e-07,-0.0051335076
4.043969e-07,-0.0051134019
4.044969e-07,-0.0050897059
4.045969e-07,-0.0050710363
4.046969e-07,-0.0050638557
4.047969e-07,-0.005067446
4.048969e-07,-0.0050782169
4.049969e-07,-0.0050918601
4.050969e-07,-0.0051055032
4.051969e-07,-0.0051162741
4.052969e-07,-0.0051241728
4.053969e-07,-0.0051291992
4.054969e-07,-0.0051299173
4.055969e-07,-0.0051248909
4.056969e-07,-0.0051126838
4.057969e-07,-0.0050954504
4.058969e-07,-0.0050767808
4.059969e-07,-0.0050624196
4.060969e-07,-0.005055239
4.061969e-07,-0.005055239
4.062969e-07,-0.0050588293
4.063969e-07,-0.0050602654
4.064969e-07,-0.005055239
4.065969e-07,-0.0050430319
4.066969e-07,-0.0050272346
4.067969e-07,-0.0050143095
4.068969e-07,-0.0050092831
4.069969e-07,-0.0050128734
4.070969e-07,-0.0050229262
4.071969e-07,-0.0050344152
4.072969e-07,-0.00504375
4.073969e-07,-0.0050494945
4.074969e-07,-0.005055239
4.075969e-07,-0.0050638557
4.076969e-07,-0.0050782169
4.077969e-07,-0.0050968865
4.078969e-07,-0.0051134019
4.079969e-07,-0.0051241728
4.080969e-07,-0.0051241728
4.081969e-07,-0.0051169922
4.082969e-07,-0.0051098116
4.083969e-07,-0.0051105296
4.084969e-07,-0.0051241728
4.085969e-07,-0.0051478688
4.086969e-07,-0.005173719
4.087969e-07,-0.0051909524
4.088969e-07,-0.0051931066
4.089969e-07,-0.0051801815
4.090969e-07,-0.0051607939
4.091969e-07,-0.0051464327
4.092969e-07,-0.0051471507
4.093969e-07,-0.0051651023
4.094969e-07,-0.0051945427
4.095969e-07,-0.0052232652
4.096969e-07,-0.0052390625
4.097969e-07,-0.0052376264
4.098969e-07,-0.0052225471
4.099969e-07,-0.0052038775
4.100969e-07,-0.0051931066
4.101969e-07,-0.0051952608
4.102969e-07,-0.005209622
4.103969e-07,-0.0052275735
4.104969e-07,-0.0052390625
4.105969e-07,-0.0052390625
4.106969e-07,-0.0052282916
4.107969e-07,-0.0052139304
4.108969e-07,-0.0052045956
4.109969e-07,-0.0052060317
4.110969e-07,-0.0052175207
4.111969e-07,-0.0052311638
4.112969e-07,-0.0052390625
4.113969e-07,-0.0052354722
4.114969e-07,-0.005221829
4.115969e-07,-0.0052045956
4.116969e-07,-0.0051931066
4.117969e-07,-0.0051931066
4.118969e-07,-0.0052053136
4.119969e-07,-0.0052232652
4.120969e-07,-0.0052390625
4.121969e-07,-0.005245525
4.122969e-07,-0.0052404986
4.123969e-07,-0.0052290097
4.124969e-07,-0.0052160846
4.125969e-07,-0.0052081859
4.126969e-07,-0.0052053136
4.127969e-07,-0.0052060317
4.128969e-07,-0.0052045956
4.129969e-07,-0.005198133
4.130969e-07,-0.0051873621
4.131969e-07,-0.0051758732
4.132969e-07,-0.0051701287
4.133969e-07,-0.0051730009
4.134969e-07,-0.0051837718
4.135969e-07,-0.0051966969
4.136969e-07,-0.0052045956
4.137969e-07,-0.0052024414
4.138969e-07,-0.0051887983
4.139969e-07,-0.0051686926
4.140969e-07,-0.0051471507
4.141969e-07,-0.0051306353
4.142969e-07,-0.0051227367
4.143969e-07,-0.0051213006
4.144969e-07,-0.0051241728
4.145969e-07,-0.005127045
4.146969e-07,-0.0051277631
4.147969e-07,-0.005127045
4.148969e-07,-0.0051241728
4.149969e-07,-0.0051205825
4.150969e-07,-0.0051141199
4.151969e-07,-0.0051040671
4.152969e-07,-0.0050897059
4.153969e-07,-0.0050717544
4.154969e-07,-0.0050530848
4.155969e-07,-0.0050394416
4.156969e-07,-0.005032261
4.157969e-07,-0.005032261
4.158969e-07,-0.0050351333
4.159969e-07,-0.0050365694
4.160969e-07,-0.005032261
4.161969e-07,-0.0050222082
4.162969e-07,-0.0050092831
4.163969e-07,-0.0049999483
4.164969e-07,-0.0049977941
4.165969e-07,-0.0050035386
4.166969e-07,-0.0050135915
4.167969e-07,-0.0050214901
4.168969e-07,-0.0050207721
4.169969e-07,-0.0050107192
4.170969e-07,-0.0049934858
4.171969e-07,-0.0049755342
4.172969e-07,-0.0049633272
4.173969e-07,-0.0049597369
4.174969e-07,-0.0049640453
4.175969e-07,-0.0049705078
4.176969e-07,-0.0049748162
4.177969e-07,-0.0049740981
4.178969e-07,-0.0049690717
4.179969e-07,-0.0049640453
4.180969e-07,-0.0049633272
4.181969e-07,-0.0049697898
4.182969e-07,-0.0049819968
4.183969e-07,-0.004996358
4.184969e-07,-0.0050092831
4.185969e-07,-0.0050186179
4.186969e-07,-0.0050250804
4.187969e-07,-0.005032261
4.188969e-07,-0.00504375
4.189969e-07,-0.0050588293
4.190969e-07,-0.0050739085
4.191969e-07,-0.0050853975
4.192969e-07,-0.0050897059
4.193969e-07,-0.0050868336
4.194969e-07,-0.0050818072
4.195969e-07,-0.0050810892
4.196969e-07,-0.0050897059
4.197969e-07,-0.0051083755
4.198969e-07,-0.0051335076
4.199969e-07,-0.0051564855
4.200969e-07,-0.0051701287
4.201969e-07,-0.0051708467
4.202969e-07,-0.0051607939
4.203969e-07,-0.0051471507
4.204969e-07,-0.0051356618
4.205969e-07,-0.0051320715
4.206969e-07,-0.0051349437
4.207969e-07,-0.0051421243
4.208969e-07,-0.0051471507
4.209969e-07,-0.0051478688
4.210969e-07,-0.0051457146
4.211969e-07,-0.0051435604
4.212969e-07,-0.0051471507
4.213969e-07,-0.0051579216
4.214969e-07,-0.005174437
4.215969e-07,-0.0051916705
4.216969e-07,-0.0052045956
4.217969e-07,-0.0052103401
4.218969e-07,-0.005209622
4.219969e-07,-0.0052060317
4.220969e-07,-0.0052045956
4.221969e-07,-0.0052067498
4.222969e-07,-0.0052117762
4.223969e-07,-0.0052160846
4.224969e-07,-0.0052160846
4.225969e-07,-0.0052103401
4.226969e-07,-0.0051995692
4.227969e-07,-0.0051887983
4.228969e-07,-0.0051816176
4.229969e-07,-0.0051794635
4.230969e-07,-0.0051808996
4.231969e-07,-0.0051830538
4.232969e-07,-0.0051816176
4.233969e-07,-0.0051765912
4.234969e-07,-0.0051694106
4.235969e-07,-0.0051629481
4.236969e-07,-0.0051586397
4.237969e-07,-0.0051557675
4.238969e-07,-0.0051514591
4.239969e-07,-0.0051414062
4.240969e-07,-0.0051241728
4.241969e-07,-0.0051019129
4.242969e-07,-0.0050803711
4.243969e-07,-0.005067446
4.244969e-07,-0.0050667279
4.245969e-07,-0.0050767808
4.246969e-07,-0.005091142
4.247969e-07,-0.0051011949
4.248969e-07,-0.0051011949
4.249969e-07,-0.0050897059
4.250969e-07,-0.0050731905
4.251969e-07,-0.0050588293
4.252969e-07,-0.005055239
4.253969e-07,-0.0050631376
4.254969e-07,-0.005078935
4.255969e-07,-0.0050940142
4.256969e-07,-0.0051011949
4.257969e-07,-0.0050976045
4.258969e-07,-0.0050875517
4.259969e-07,-0.005078935
4.260969e-07,-0.0050782169
4.261969e-07,-0.0050882698
4.262969e-07,-0.0051055032
4.263969e-07,-0.0051198644
4.264969e-07,-0.0051241728
4.265969e-07,-0.0051141199
4.266969e-07,-0.0050925781
4.267969e-07,-0.0050696002
4.268969e-07,-0.005055239
4.269969e-07,-0.005055957
4.270969e-07,-0.0050724724
4.271969e-07,-0.0050983226
4.272969e-07,-0.0051241728
4.273969e-07,-0.0051435604
4.274969e-07,-0.0051528952
4.275969e-07,-0.0051564855
4.276969e-07,-0.0051586397
4.277969e-07,-0.0051636661
4.278969e-07,-0.0051730009
4.279969e-07,-0.0051837718
4.280969e-07,-0.0051931066
4.281969e-07,-0.005198133
4.282969e-07,-0.0052002872
4.283969e-07,-0.0052017233
4.284969e-07,-0.0052045956
4.285969e-07,-0.0052110581
4.286969e-07,-0.0052189568
4.287969e-07,-0.0052254193
4.288969e-07,-0.0052275735
4.289969e-07,-0.0052261374
4.290969e-07,-0.0052232652
4.291969e-07,-0.0052232652
4.292969e-07,-0.0052275735
4.293969e-07,-0.0052354722
4.294969e-07,-0.0052412167
4.295969e-07,-0.0052390625
4.296969e-07,-0.0052275735
4.297969e-07,-0.0052074678
4.298969e-07,-0.0051866441
4.299969e-07,-0.0051722829
4.300969e-07,-0.0051701287
4.301969e-07,-0.0051794635
4.302969e-07,-0.0051938247
4.303969e-07,-0.0052045956
4.304969e-07,-0.0052045956
4.305969e-07,-0.0051931066
4.306969e-07,-0.0051758732
4.307969e-07,-0.00516223
4.308969e-07,-0.0051586397
4.309969e-07,-0.0051672564
4.310969e-07,-0.0051816176
4.311969e-07,-0.0051931066
4.312969e-07,-0.0051931066
4.313969e-07,-0.0051801815
4.314969e-07,-0.0051600758
4.315969e-07,-0.0051421243
4.316969e-07,-0.0051356618
4.317969e-07,-0.0051442785
4.318969e-07,-0.0051629481
4.319969e-07,-0.0051823357
4.320969e-07,-0.0051931066
4.321969e-07,-0.0051909524
4.322969e-07,-0.0051801815
4.323969e-07,-0.0051694106
4.324969e-07,-0.0051701287
4.325969e-07,-0.005185926
4.326969e-07,-0.0052139304
4.327969e-07,-0.0052426528
4.328969e-07,-0.0052620404
4.329969e-07,-0.0052641946
4.330969e-07,-0.0052505515
4.331969e-07,-0.0052304458
4.332969e-07,-0.0052160846
4.333969e-07,-0.0052175207
4.334969e-07,-0.0052347541
4.335969e-07,-0.0052613224
4.336969e-07,-0.0052850184
4.337969e-07,-0.0052965074
4.338969e-07,-0.0052914809
4.339969e-07,-0.0052764017
4.340969e-07,-0.0052620404
4.341969e-07,-0.0052584501
4.342969e-07,-0.0052720933
4.343969e-07,-0.0052993796
4.344969e-07,-0.0053309743
4.345969e-07,-0.0053546703
4.346969e-07,-0.0053625689
4.347969e-07,-0.0053525161
4.348969e-07,-0.0053309743
4.349969e-07,-0.0053079963
4.350969e-07,-0.005292917
4.351969e-07,-0.005292917
4.352969e-07,-0.0053079963
4.353969e-07,-0.0053316923
4.354969e-07,-0.0053561064
4.355969e-07,-0.0053733398
4.356969e-07,-0.0053769301
4.357969e-07,-0.0053661592
4.358969e-07,-0.0053453355
4.359969e-07,-0.0053194853
4.360969e-07,-0.0052965074
4.361969e-07,-0.0052843003
4.362969e-07,-0.0052864545
4.363969e-07,-0.0053029699
4.364969e-07,-0.0053309743
4.365969e-07,-0.0053618509
4.366969e-07,-0.0053877011
4.367969e-07,-0.0054013442
4.368969e-07,-0.0053999081
4.369969e-07,-0.0053862649
4.370969e-07,-0.0053675954
4.371969e-07,-0.00535108
4.372969e-07,-0.0053424632
4.373969e-07,-0.0053446174
4.374969e-07,-0.0053561064
4.375969e-07,-0.0053719037
4.376969e-07,-0.0053884191
4.377969e-07,-0.0054034984
4.378969e-07,-0.0054157054
4.379969e-07,-0.0054264763
4.380969e-07,-0.005434375
4.381969e-07,-0.0054365292
4.382969e-07,-0.0054307847
4.383969e-07,-0.0054142693
4.384969e-07,-0.0053884191
4.385969e-07,-0.0053589786
4.386969e-07,-0.0053345646
4.387969e-07,-0.0053202034
4.388969e-07,-0.0053194853
4.389969e-07,-0.005328102
4.390969e-07,-0.0053381549
4.391969e-07,-0.0053410271
4.392969e-07,-0.0053309743
4.393969e-07,-0.0053101505
4.394969e-07,-0.0052857364
4.395969e-07,-0.0052677849
4.396969e-07,-0.0052620404
4.397969e-07,-0.0052706572
4.398969e-07,-0.0052886087
4.399969e-07,-0.0053072783
4.400969e-07,-0.0053194853
4.401969e-07,-0.0053237937
4.402969e-07,-0.0053216395
4.403969e-07,-0.0053187672
4.404969e-07,-0.0053194853
4.405969e-07,-0.0053245117
4.406969e-07,-0.0053309743
4.407969e-07,-0.0053338465
4.408969e-07,-0.0053309743
4.409969e-07,-0.0053259478
4.410969e-07,-0.0053237937
4.411969e-07,-0.0053324104
4.412969e-07,-0.0053539522
4.413969e-07,-0.0053848288
4.414969e-07,-0.0054164235
4.415969e-07,-0.0054386834
4.416969e-07,-0.005445864
4.417969e-07,-0.0054386834
4.418969e-07,-0.0054243222
4.419969e-07,-0.0054135512
4.420969e-07,-0.0054113971
4.421969e-07,-0.0054178596
4.422969e-07,-0.0054250402
4.423969e-07,-0.0054243222
4.424969e-07,-0.0054113971
4.425969e-07,-0.0053891372
4.426969e-07,-0.0053675954
4.427969e-07,-0.0053582606
4.428969e-07,-0.0053654412
4.429969e-07,-0.0053862649
4.430969e-07,-0.0054078068
4.431969e-07,-0.0054149874
4.432969e-07,-0.0053999081
4.433969e-07,-0.0053647231
4.434969e-07,-0.0053223575
4.435969e-07,-0.0052914809
4.436969e-07,-0.0052850184
4.437969e-07,-0.005303688
4.438969e-07,-0.0053360007
4.439969e-07,-0.0053618509
4.440969e-07,-0.0053654412
4.441969e-07,-0.0053417452
4.442969e-07,-0.0053000977
4.443969e-07,-0.0052598863
4.444969e-07,-0.0052390625
4.445969e-07,-0.0052476792
4.446969e-07,-0.0052814281
4.447969e-07,-0.0053230756
4.448969e-07,-0.0053539522
4.449969e-07,-0.0053618509
4.450969e-07,-0.0053467716
4.451969e-07,-0.0053194853
4.452969e-07,-0.0052965074
4.453969e-07,-0.0052893267
4.454969e-07,-0.0052993796
4.455969e-07,-0.0053209214
4.456969e-07,-0.0053424632
4.457969e-07,-0.0053539522
4.458969e-07,-0.0053539522
4.459969e-07,-0.0053474897
4.460969e-07,-0.0053424632
4.461969e-07,-0.0053431813
4.462969e-07,-0.0053496438
4.463969e-07,-0.0053553883
4.464969e-07,-0.0053539522
4.465969e-07,-0.0053424632
4.466969e-07,-0.0053259478
4.467969e-07,-0.0053115866
4.468969e-07,-0.0053079963
4.469969e-07,-0.0053173311
4.470969e-07,-0.0053331284
4.471969e-07,-0.0053446174
4.472969e-07,-0.0053424632
4.473969e-07,-0.0053237937
4.474969e-07,-0.0052957893
4.475969e-07,-0.0052706572
4.476969e-07,-0.0052620404
4.477969e-07,-0.0052742475
4.478969e-07,-0.0053029699
4.479969e-07,-0.0053345646
4.480969e-07,-0.0053539522
4.481969e-07,-0.0053532341
4.482969e-07,-0.0053338465
4.483969e-07,-0.0053065602
4.484969e-07,-0.0052850184
4.485969e-07,-0.0052792739
4.486969e-07,-0.0052907629
4.487969e-07,-0.0053115866
4.488969e-07,-0.0053309743
4.489969e-07,-0.0053410271
4.490969e-07,-0.0053403091
4.491969e-07,-0.0053338465
4.492969e-07,-0.0053309743
4.493969e-07,-0.0053374368
4.494969e-07,-0.0053532341
4.495969e-07,-0.0053733398
4.496969e-07,-0.0053884191
4.497969e-07,-0.0053948817
4.498969e-07,-0.0053927275
4.499969e-07,-0.0053884191
4.500969e-07,-0.0053884191
4.501969e-07,-0.0053970358
4.502969e-07,-0.0054128332
4.503969e-07,-0.0054279125
4.504969e-07,-0.005434375
4.505969e-07,-0.0054293486
4.506969e-07,-0.0054142693
4.507969e-07,-0.0053977539
4.508969e-07,-0.0053884191
4.509969e-07,-0.0053905733
4.510969e-07,-0.0054020623
4.511969e-07,-0.0054157054
4.512969e-07,-0.005422886
4.513969e-07,-0.0054192957
4.514969e-07,-0.0054049345
4.515969e-07,-0.0053884191
4.516969e-07,-0.0053769301
4.517969e-07,-0.0053762121
4.518969e-07,-0.0053855469
4.519969e-07,-0.0053999081
4.520969e-07,-0.0054113971
4.521969e-07,-0.0054157054
4.522969e-07,-0.0054121151
4.523969e-07,-0.0054056526
4.524969e-07,-0.0053999081
4.525969e-07,-0.005398472
4.526969e-07,-0.0054013442
4.527969e-07,-0.0054027803
4.528969e-07,-0.0053999081
4.529969e-07,-0.0053920094
4.530969e-07,-0.0053826746
4.531969e-07,-0.0053762121
4.532969e-07,-0.0053769301
4.533969e-07,-0.0053855469
4.534969e-07,-0.0053977539
4.535969e-07,-0.0054070887
4.536969e-07,-0.0054113971
4.537969e-07,-0.0054099609
4.538969e-07,-0.0054085248
4.539969e-07,-0.0054113971
4.540969e-07,-0.005422886
4.541969e-07,-0.0054386834
4.542969e-07,-0.0054516085
4.543969e-07,-0.0054508904
4.544969e-07,-0.005434375
4.545969e-07,-0.0054042165
4.546969e-07,-0.0053711857
4.547969e-07,-0.0053482077
4.548969e-07,-0.0053424632
4.549969e-07,-0.0053539522
4.550969e-07,-0.0053719037
4.551969e-07,-0.0053826746
4.552969e-07,-0.0053769301
4.553969e-07,-0.0053525161
4.554969e-07,-0.0053180492
4.555969e-07,-0.0052878906
4.556969e-07,-0.0052735294
4.557969e-07,-0.0052778378
4.558969e-07,-0.005292917
4.559969e-07,-0.0053072783
4.560969e-07,-0.0053079963
4.561969e-07,-0.0052914809
4.562969e-07,-0.0052649127
4.563969e-07,-0.0052390625
4.564969e-07,-0.0052275735
4.565969e-07,-0.0052340361
4.566969e-07,-0.0052541418
4.567969e-07,-0.0052749655
4.568969e-07,-0.0052850184
4.569969e-07,-0.005279992
4.570969e-07,-0.0052649127
4.571969e-07,-0.0052512695
4.572969e-07,-0.0052505515
4.573969e-07,-0.0052677849
4.574969e-07,-0.0052972254
4.575969e-07,-0.0053266659
4.576969e-07,-0.0053424632
4.577969e-07,-0.0053388729
4.578969e-07,-0.0053194853
4.579969e-07,-0.0052965074
4.580969e-07,-0.0052850184
4.581969e-07,-0.005292199
4.582969e-07,-0.0053151769
4.583969e-07,-0.0053446174
4.584969e-07,-0.0053654412
4.585969e-07,-0.0053690315
4.586969e-07,-0.0053546703
4.587969e-07,-0.0053302562
4.588969e-07,-0.0053079963
4.589969e-07,-0.0052965074
4.590969e-07,-0.0052986615
4.591969e-07,-0.0053087144
4.592969e-07,-0.0053194853
4.593969e-07,-0.0053237937
4.594969e-07,-0.0053209214
4.595969e-07,-0.0053137408
4.596969e-07,-0.0053079963
4.597969e-07,-0.0053051241
4.598969e-07,-0.005304406
4.599969e-07,-0.0052986615
4.600969e-07,-0.0052850184
4.601969e-07,-0.0052627585
4.602969e-07,-0.0052383444
4.603969e-07,-0.0052203929
4.604969e-07,-0.0052160846
4.605969e-07,-0.0052261374
4.606969e-07,-0.0052440889
4.607969e-07,-0.0052591682
4.608969e-07,-0.0052620404
4.609969e-07,-0.0052498334
4.610969e-07,-0.0052275735
4.611969e-07,-0.0052053136
4.612969e-07,-0.0051931066
4.613969e-07,-0.0051952608
4.614969e-07,-0.0052074678
4.615969e-07,-0.005221111
4.616969e-07,-0.0052275735
4.617969e-07,-0.0052225471
4.618969e-07,-0.005209622
4.619969e-07,-0.005197415
4.620969e-07,-0.0051931066
4.621969e-07,-0.0052002872
4.622969e-07,-0.0052132123
4.623969e-07,-0.0052254193
4.624969e-07,-0.0052275735
4.625969e-07,-0.0052182387
4.626969e-07,-0.0052024414
4.627969e-07,-0.0051880802
4.628969e-07,-0.0051816176
4.629969e-07,-0.0051837718
4.630969e-07,-0.0051887983
