LECROYHDO6104B,11090,Waveform
Segments,1,SegmentSize,5002
Segment,TrigTime,TimeSinceSegment1
#1,04-May-2026 18:22:58,0                 
Time,Ampl
-3.703773e-08,-0.0052304458
-3.693773e-08,-0.0052282916
-3.683773e-08,-0.0052326
-3.673773e-08,-0.0052390625
-3.663773e-08,-0.0052433709
-3.653773e-08,-0.0052412167
-3.643773e-08,-0.0052311638
-3.633773e-08,-0.0052160846
-3.623773e-08,-0.0051988511
-3.613773e-08,-0.0051844899
-3.603773e-08,-0.005174437
-3.593773e-08,-0.0051701287
-3.583773e-08,-0.0051708467
-3.573773e-08,-0.005174437
-3.563773e-08,-0.0051787454
-3.553773e-08,-0.0051816176
-3.543773e-08,-0.0051816176
-3.533773e-08,-0.0051780273
-3.523773e-08,-0.0051701287
-3.513773e-08,-0.0051586397
-3.503773e-08,-0.0051442785
-3.493773e-08,-0.0051299173
-3.483773e-08,-0.0051184283
-3.473773e-08,-0.0051126838
-3.463773e-08,-0.0051141199
-3.453773e-08,-0.0051241728
-3.443773e-08,-0.0051392521
-3.433773e-08,-0.0051586397
-3.423773e-08,-0.0051780273
-3.413773e-08,-0.0051931066
-3.403773e-08,-0.0052024414
-3.393773e-08,-0.0052045956
-3.383773e-08,-0.0051995692
-3.373773e-08,-0.0051887983
-3.363773e-08,-0.0051780273
-3.353773e-08,-0.0051701287
-3.343773e-08,-0.0051701287
-3.333773e-08,-0.0051794635
-3.323773e-08,-0.0051959789
-3.313773e-08,-0.0052160846
-3.303773e-08,-0.0052326
-3.293773e-08,-0.0052404986
-3.283773e-08,-0.0052383444
-3.273773e-08,-0.0052275735
-3.263773e-08,-0.0052153665
-3.253773e-08,-0.005209622
-3.243773e-08,-0.0052132123
-3.233773e-08,-0.0052275735
-3.223773e-08,-0.0052462431
-3.213773e-08,-0.0052606043
-3.203773e-08,-0.0052627585
-3.193773e-08,-0.0052505515
-3.183773e-08,-0.0052268555
-3.173773e-08,-0.0052002872
-3.163773e-08,-0.0051787454
-3.153773e-08,-0.0051701287
-3.143773e-08,-0.005173719
-3.133773e-08,-0.005185208
-3.123773e-08,-0.005197415
-3.113773e-08,-0.0052045956
-3.103773e-08,-0.0052045956
-3.093773e-08,-0.0051995692
-3.083773e-08,-0.0051945427
-3.073773e-08,-0.0051931066
-3.063773e-08,-0.0051952608
-3.053773e-08,-0.005197415
-3.043773e-08,-0.0051938247
-3.033773e-08,-0.0051816176
-3.023773e-08,-0.00516223
-3.013773e-08,-0.0051421243
-3.003773e-08,-0.0051277631
-2.993773e-08,-0.0051241728
-2.983773e-08,-0.0051320715
-2.973773e-08,-0.0051449966
-2.963773e-08,-0.0051557675
-2.953773e-08,-0.0051586397
-2.943773e-08,-0.0051514591
-2.933773e-08,-0.0051399701
-2.923773e-08,-0.0051327895
-2.913773e-08,-0.0051356618
-2.903773e-08,-0.0051514591
-2.893773e-08,-0.005174437
-2.883773e-08,-0.0051952608
-2.873773e-08,-0.0052045956
-2.863773e-08,-0.005197415
-2.853773e-08,-0.0051751551
-2.843773e-08,-0.0051478688
-2.833773e-08,-0.0051241728
-2.823773e-08,-0.0051126838
-2.813773e-08,-0.0051162741
-2.803773e-08,-0.0051299173
-2.793773e-08,-0.0051471507
-2.783773e-08,-0.00516223
-2.773773e-08,-0.0051715648
-2.763773e-08,-0.0051773093
-2.753773e-08,-0.0051816176
-2.743773e-08,-0.0051866441
-2.733773e-08,-0.0051923886
-2.723773e-08,-0.0051959789
-2.713773e-08,-0.0051931066
-2.703773e-08,-0.0051837718
-2.693773e-08,-0.0051694106
-2.683773e-08,-0.0051550494
-2.673773e-08,-0.0051471507
-2.663773e-08,-0.0051478688
-2.653773e-08,-0.0051572036
-2.643773e-08,-0.0051701287
-2.633773e-08,-0.0051816176
-2.623773e-08,-0.0051887983
-2.613773e-08,-0.0051909524
-2.603773e-08,-0.0051909524
-2.593773e-08,-0.0051931066
-2.583773e-08,-0.005198133
-2.573773e-08,-0.0052060317
-2.563773e-08,-0.0052132123
-2.553773e-08,-0.0052160846
-2.543773e-08,-0.0052124943
-2.533773e-08,-0.0052053136
-2.523773e-08,-0.005197415
-2.513773e-08,-0.0051931066
-2.503773e-08,-0.0051952608
-2.493773e-08,-0.0052038775
-2.483773e-08,-0.0052153665
-2.473773e-08,-0.0052275735
-2.463773e-08,-0.0052383444
-2.453773e-08,-0.0052483973
-2.443773e-08,-0.0052598863
-2.433773e-08,-0.0052735294
-2.423773e-08,-0.0052878906
-2.413773e-08,-0.0052993796
-2.403773e-08,-0.0053029699
-2.393773e-08,-0.0052965074
-2.383773e-08,-0.00528071
-2.373773e-08,-0.0052627585
-2.363773e-08,-0.0052505515
-2.353773e-08,-0.0052505515
-2.343773e-08,-0.0052641946
-2.333773e-08,-0.0052871726
-2.323773e-08,-0.0053123047
-2.313773e-08,-0.0053309743
-2.303773e-08,-0.0053388729
-2.293773e-08,-0.0053360007
-2.283773e-08,-0.005327384
-2.273773e-08,-0.0053194853
-2.263773e-08,-0.005315895
-2.253773e-08,-0.0053166131
-2.243773e-08,-0.0053194853
-2.233773e-08,-0.0053194853
-2.223773e-08,-0.0053144589
-2.213773e-08,-0.0053051241
-2.203773e-08,-0.0052943532
-2.193773e-08,-0.0052850184
-2.183773e-08,-0.0052792739
-2.173773e-08,-0.0052756836
-2.163773e-08,-0.0052706572
-2.153773e-08,-0.0052620404
-2.143773e-08,-0.0052498334
-2.133773e-08,-0.0052354722
-2.123773e-08,-0.0052232652
-2.113773e-08,-0.0052160846
-2.103773e-08,-0.0052124943
-2.093773e-08,-0.0052081859
-2.083773e-08,-0.0051995692
-2.073773e-08,-0.0051816176
-2.063773e-08,-0.0051564855
-2.053773e-08,-0.0051299173
-2.043773e-08,-0.0051098116
-2.033773e-08,-0.0051011949
-2.023773e-08,-0.0051055032
-2.013773e-08,-0.0051177102
-2.003773e-08,-0.0051306353
-1.993773e-08,-0.0051356618
-1.983773e-08,-0.0051306353
-1.973773e-08,-0.0051191464
-1.963773e-08,-0.0051069393
-1.953773e-08,-0.0051011949
-1.943773e-08,-0.0051047852
-1.933773e-08,-0.0051141199
-1.923773e-08,-0.0051234547
-1.913773e-08,-0.0051241728
-1.903773e-08,-0.0051134019
-1.893773e-08,-0.0050925781
-1.883773e-08,-0.0050703182
-1.873773e-08,-0.005055239
-1.863773e-08,-0.0050530848
-1.853773e-08,-0.0050638557
-1.843773e-08,-0.0050825253
-1.833773e-08,-0.0051011949
-1.823773e-08,-0.0051134019
-1.813773e-08,-0.0051169922
-1.803773e-08,-0.005114838
-1.793773e-08,-0.0051126838
-1.783773e-08,-0.005114838
-1.773773e-08,-0.0051227367
-1.763773e-08,-0.0051356618
-1.753773e-08,-0.0051471507
-1.743773e-08,-0.0051543313
-1.733773e-08,-0.0051550494
-1.723773e-08,-0.0051514591
-1.713773e-08,-0.0051471507
-1.703773e-08,-0.0051449966
-1.693773e-08,-0.0051471507
-1.683773e-08,-0.0051521772
-1.673773e-08,-0.0051586397
-1.663773e-08,-0.0051651023
-1.653773e-08,-0.0051701287
-1.643773e-08,-0.0051758732
-1.633773e-08,-0.0051816176
-1.623773e-08,-0.0051873621
-1.613773e-08,-0.0051909524
-1.603773e-08,-0.0051902344
-1.593773e-08,-0.0051816176
-1.583773e-08,-0.0051672564
-1.573773e-08,-0.0051514591
-1.563773e-08,-0.0051392521
-1.553773e-08,-0.0051356618
-1.543773e-08,-0.0051421243
-1.533773e-08,-0.0051557675
-1.523773e-08,-0.0051708467
-1.513773e-08,-0.0051816176
-1.503773e-08,-0.0051837718
-1.493773e-08,-0.0051787454
-1.483773e-08,-0.0051686926
-1.473773e-08,-0.0051586397
-1.463773e-08,-0.0051521772
-1.453773e-08,-0.005150023
-1.443773e-08,-0.0051493049
-1.433773e-08,-0.0051471507
-1.423773e-08,-0.0051406882
-1.413773e-08,-0.0051313534
-1.403773e-08,-0.0051205825
-1.393773e-08,-0.0051126838
-1.383773e-08,-0.0051098116
-1.373773e-08,-0.0051126838
-1.363773e-08,-0.0051184283
-1.353773e-08,-0.0051241728
-1.343773e-08,-0.0051284812
-1.333773e-08,-0.0051291992
-1.323773e-08,-0.0051277631
-1.313773e-08,-0.0051241728
-1.303773e-08,-0.0051184283
-1.293773e-08,-0.0051112477
-1.283773e-08,-0.0051011949
-1.273773e-08,-0.0050897059
-1.263773e-08,-0.0050803711
-1.253773e-08,-0.0050753447
-1.243773e-08,-0.005078935
-1.233773e-08,-0.0050897059
-1.223773e-08,-0.0051040671
-1.213773e-08,-0.0051162741
-1.203773e-08,-0.0051198644
-1.193773e-08,-0.0051126838
-1.183773e-08,-0.0050976045
-1.173773e-08,-0.0050825253
-1.163773e-08,-0.0050739085
-1.153773e-08,-0.0050782169
-1.143773e-08,-0.0050947323
-1.133773e-08,-0.0051177102
-1.123773e-08,-0.0051378159
-1.113773e-08,-0.0051471507
-1.103773e-08,-0.0051428424
-1.093773e-08,-0.005127045
-1.083773e-08,-0.0051069393
-1.073773e-08,-0.0050897059
-1.063773e-08,-0.0050803711
-1.053773e-08,-0.005079653
-1.043773e-08,-0.0050839614
-1.033773e-08,-0.0050897059
-1.023773e-08,-0.0050932962
-1.013773e-08,-0.0050954504
-1.003773e-08,-0.0050976045
-9.93773e-09,-0.0051011949
-9.83773e-09,-0.0051040671
-9.73773e-09,-0.0051040671
-9.63773e-09,-0.0050954504
-9.53773e-09,-0.0050782169
-9.43773e-09,-0.0050538028
-9.33773e-09,-0.0050293888
-9.23773e-09,-0.0050121553
-9.13773e-09,-0.0050092831
-9.03773e-09,-0.005020054
-8.93773e-09,-0.0050387236
-8.83773e-09,-0.0050573932
-8.73773e-09,-0.0050667279
-8.63773e-09,-0.0050638557
-8.53773e-09,-0.0050516487
-8.43773e-09,-0.0050344152
-8.33773e-09,-0.0050207721
-8.23773e-09,-0.0050128734
-8.13773e-09,-0.0050114373
-8.03773e-09,-0.0050114373
-7.93773e-09,-0.0050092831
-7.83773e-09,-0.0050042567
-7.73773e-09,-0.0049999483
-7.63773e-09,-0.0049999483
-7.53773e-09,-0.0050092831
-7.43773e-09,-0.0050265165
-7.33773e-09,-0.0050473403
-7.23773e-09,-0.0050631376
-7.13773e-09,-0.0050667279
-7.03773e-09,-0.0050573932
-6.93773e-09,-0.0050387236
-6.83773e-09,-0.005020054
-6.73773e-09,-0.0050092831
-6.63773e-09,-0.0050092831
-6.53773e-09,-0.0050186179
-6.43773e-09,-0.0050286707
-6.33773e-09,-0.005032261
-6.23773e-09,-0.0050265165
-6.13773e-09,-0.0050128734
-6.03773e-09,-0.0050006664
-5.93773e-09,-0.0049977941
-5.83773e-09,-0.0050092831
-5.73773e-09,-0.0050336972
-5.63773e-09,-0.0050638557
-5.53773e-09,-0.0050897059
-5.43773e-09,-0.005103349
-5.33773e-09,-0.005103349
-5.23773e-09,-0.0050925781
-5.13773e-09,-0.0050782169
-5.03773e-09,-0.005067446
-4.93773e-09,-0.0050624196
-4.83773e-09,-0.0050638557
-4.73773e-09,-0.0050667279
-4.63773e-09,-0.0050688821
-4.53773e-09,-0.0050681641
-4.43773e-09,-0.0050667279
-4.33773e-09,-0.0050667279
-4.23773e-09,-0.0050688821
-4.13773e-09,-0.0050703182
-4.03773e-09,-0.005067446
-3.93773e-09,-0.005055239
-3.83773e-09,-0.005032261
-3.73773e-09,-0.0049999483
-3.63773e-09,-0.0049640453
-3.53773e-09,-0.0049288603
-3.43773e-09,-0.0048972656
-3.33773e-09,-0.0048685432
-3.23773e-09,-0.0048355124
-3.13773e-09,-0.0047909926
-3.03773e-09,-0.0047299575
-2.93773e-09,-0.0046495347
-2.83773e-09,-0.0045540326
-2.73773e-09,-0.0044463235
-2.63773e-09,-0.0043321519
-2.53773e-09,-0.0042129538
-2.43773e-09,-0.0040880113
-2.33773e-09,-0.0039522978
-2.23773e-09,-0.0038015051
-2.13773e-09,-0.0036320427
-2.03773e-09,-0.0034410386
-1.93773e-09,-0.0032284926
-1.83773e-09,-0.0029936868
-1.73773e-09,-0.002735903
-1.63773e-09,-0.0024580136
-1.53773e-09,-0.0021600184
-1.43773e-09,-0.0018455078
-1.33773e-09,-0.0015180722
-1.23773e-09,-0.0011784295
-1.13773e-09,-0.00082729779
-1.03773e-09,-0.0004603688
-9.377302e-10,-7.4770221e-05
-8.377302e-10,0.00033165211
-7.377302e-10,0.00075818015
-6.377302e-10,0.0011976333
-5.377302e-10,0.0016428309
-4.377302e-10,0.0020865924
-3.377302e-10,0.0025274816
-2.377302e-10,0.0029690889
-1.377302e-10,0.0034207491
-3.773023e-11,0.0038889246
6.226977e-11,0.0043772059
1.622698e-10,0.0048805664
2.622698e-10,0.0053875172
3.622698e-10,0.0058858513
4.622698e-10,0.0063647978
5.622698e-10,0.0068229205
6.622698e-10,0.0072652459
7.622698e-10,0.0076996726
8.622698e-10,0.0081340993
9.622698e-10,0.008569244
1.06227e-09,0.0089993624
1.16227e-09,0.0094158375
1.26227e-09,0.009811489
1.36227e-09,0.010184162
1.46227e-09,0.010538166
1.56227e-09,0.010879245
1.66227e-09,0.011213143
1.76227e-09,0.011539861
1.86227e-09,0.011852935
1.96227e-09,0.01214375
2.06227e-09,0.012407996
2.16227e-09,0.012645674
2.26227e-09,0.012863247
2.36227e-09,0.01307292
2.46227e-09,0.013281158
2.56227e-09,0.013488678
2.66227e-09,0.013689735
2.76227e-09,0.013872122
2.86227e-09,0.014027941
2.96227e-09,0.014155756
3.06227e-09,0.014261311
3.16227e-09,0.014357531
3.26227e-09,0.014453033
3.36227e-09,0.014552125
3.46227e-09,0.014649064
3.56227e-09,0.014733795
3.66227e-09,0.014797702
3.76227e-09,0.014837196
3.86227e-09,0.014857301
3.96227e-09,0.014870944
4.06227e-09,0.014889614
4.16227e-09,0.014918336
4.26227e-09,0.014954957
4.36227e-09,0.014990861
4.46227e-09,0.015015993
4.56227e-09,0.015026045
4.66227e-09,0.015023891
4.76227e-09,0.015017429
4.86227e-09,0.015015993
4.96227e-09,0.015023891
5.06227e-09,0.015038971
5.16227e-09,0.01505405
5.26227e-09,0.015061949
5.36227e-09,0.015059794
5.46227e-09,0.015051178
5.56227e-09,0.015046151
5.66227e-09,0.01505046
5.76227e-09,0.015067693
5.86227e-09,0.015091389
5.96227e-09,0.015111495
6.06227e-09,0.015119393
6.16227e-09,0.015111495
6.26227e-09,0.015093543
6.36227e-09,0.015077028
6.46227e-09,0.015073438
6.56227e-09,0.015087799
6.66227e-09,0.015118675
6.76227e-09,0.015155296
6.86227e-09,0.015188327
6.96227e-09,0.015210587
7.06227e-09,0.015222794
7.16227e-09,0.015231411
7.26227e-09,0.015245772
7.36227e-09,0.015269468
7.46227e-09,0.015300345
7.56227e-09,0.015333375
7.66227e-09,0.015360662
7.76227e-09,0.015380767
7.86227e-09,0.015398001
7.96227e-09,0.015419543
8.06227e-09,0.015452574
8.16227e-09,0.015497811
8.26227e-09,0.015548794
8.36227e-09,0.015594031
8.46227e-09,0.015624908
8.56227e-09,0.015637115
8.66227e-09,0.015637115
8.76227e-09,0.015636397
8.86227e-09,0.015647886
8.96227e-09,0.015678763
9.06227e-09,0.015726155
9.16227e-09,0.015781445
9.26227e-09,0.01583171
9.36227e-09,0.015869049
9.46227e-09,0.015892745
9.56227e-09,0.015908542
9.66227e-09,0.015923621
9.76227e-09,0.015943727
9.86227e-09,0.015968141
9.96227e-09,0.015990401
1.006227e-08,0.016004044
1.016227e-08,0.01600548
1.026227e-08,0.0159983
1.036227e-08,0.015990401
1.046227e-08,0.015992555
1.056227e-08,0.016008352
1.066227e-08,0.016034921
1.076227e-08,0.016063643
1.086227e-08,0.016084467
1.096227e-08,0.016090211
1.106227e-08,0.016081595
1.116227e-08,0.016065079
1.126227e-08,0.01605
1.136227e-08,0.016044256
1.146227e-08,0.016047128
1.156227e-08,0.016055744
1.166227e-08,0.016061489
1.176227e-08,0.016059335
1.186227e-08,0.01605
1.196227e-08,0.016037075
1.206227e-08,0.016027022
1.216227e-08,0.016023432
1.226227e-08,0.016025586
1.236227e-08,0.016024868
1.246227e-08,0.016015533
1.256227e-08,0.015992555
1.266227e-08,0.015958088
1.276227e-08,0.015920749
1.286227e-08,0.015889154
1.296227e-08,0.015871203
1.306227e-08,0.015867613
1.316227e-08,0.015872639
1.326227e-08,0.015877665
1.336227e-08,0.015874075
1.346227e-08,0.015858278
1.356227e-08,0.015834582
1.366227e-08,0.015808732
1.376227e-08,0.015788626
1.386227e-08,0.015777137
1.396227e-08,0.015774265
1.406227e-08,0.015774265
1.416227e-08,0.015772829
1.426227e-08,0.015765648
1.436227e-08,0.015754159
1.446227e-08,0.015739798
1.456227e-08,0.015726873
1.466227e-08,0.01571682
1.476227e-08,0.015710357
1.486227e-08,0.015705331
1.496227e-08,0.015701023
1.506227e-08,0.015696714
1.516227e-08,0.015693842
1.526227e-08,0.015693842
1.536227e-08,0.015696714
1.546227e-08,0.015702459
1.556227e-08,0.015709639
1.566227e-08,0.01571682
1.576227e-08,0.015724719
1.586227e-08,0.015734053
1.596227e-08,0.015746978
1.606227e-08,0.015762776
1.616227e-08,0.015779291
1.626227e-08,0.015792934
1.636227e-08,0.015799397
1.646227e-08,0.015797243
1.656227e-08,0.015787908
1.666227e-08,0.015777855
1.676227e-08,0.015771392
1.686227e-08,0.015774265
1.696227e-08,0.015785754
1.706227e-08,0.015802269
1.716227e-08,0.015818784
1.726227e-08,0.01583171
1.736227e-08,0.015840326
1.746227e-08,0.015846789
1.756227e-08,0.015855406
1.766227e-08,0.015866176
1.776227e-08,0.015877665
1.786227e-08,0.015884846
1.796227e-08,0.015881974
1.806227e-08,0.015866176
1.816227e-08,0.015841044
1.826227e-08,0.015813758
1.836227e-08,0.015793652
1.846227e-08,0.015785754
1.856227e-08,0.015790062
1.866227e-08,0.015800833
1.876227e-08,0.01580945
1.886227e-08,0.015808732
1.896227e-08,0.015796525
1.906227e-08,0.015777137
1.916227e-08,0.015756313
1.926227e-08,0.015739798
1.936227e-08,0.015729027
1.946227e-08,0.01572041
1.956227e-08,0.015709639
1.966227e-08,0.015693842
1.976227e-08,0.015673736
1.986227e-08,0.015655785
1.996227e-08,0.01564645
2.006227e-08,0.015647886
2.016227e-08,0.015657221
2.026227e-08,0.015665838
2.036227e-08,0.015664401
2.046227e-08,0.015647886
2.056227e-08,0.015619164
2.066227e-08,0.015588287
2.076227e-08,0.015568899
2.086227e-08,0.015567463
2.096227e-08,0.015583979
2.106227e-08,0.015606957
2.116227e-08,0.0156206
2.126227e-08,0.015613419
2.136227e-08,0.015581824
2.146227e-08,0.015533714
2.156227e-08,0.015485604
2.166227e-08,0.015452574
2.176227e-08,0.015443239
2.186227e-08,0.015454728
2.196227e-08,0.015474115
2.206227e-08,0.01548704
2.216227e-08,0.01548345
2.226227e-08,0.01546119
2.236227e-08,0.015428159
2.246227e-08,0.015395129
2.256227e-08,0.015371433
2.266227e-08,0.015359226
2.276227e-08,0.015354199
2.286227e-08,0.015349173
2.296227e-08,0.015337684
2.306227e-08,0.015319732
2.316227e-08,0.01529819
2.326227e-08,0.015280239
2.336227e-08,0.01526875
2.346227e-08,0.015263006
2.356227e-08,0.015257261
2.366227e-08,0.015245772
2.376227e-08,0.015225666
2.386227e-08,0.01519838
2.396227e-08,0.015168222
2.406227e-08,0.015142371
2.416227e-08,0.015122984
2.426227e-08,0.015107904
2.436227e-08,0.015092825
2.446227e-08,0.015073438
2.456227e-08,0.015049741
2.466227e-08,0.015024609
2.476227e-08,0.015004504
2.486227e-08,0.014993015
2.496227e-08,0.014990142
2.506227e-08,0.014990142
2.516227e-08,0.014985116
2.526227e-08,0.014970037
2.536227e-08,0.014946341
2.546227e-08,0.014921209
2.556227e-08,0.014903257
2.566227e-08,0.014901103
2.576227e-08,0.01491331
2.586227e-08,0.014932698
2.596227e-08,0.014947059
2.606227e-08,0.014947059
2.616227e-08,0.014931261
2.626227e-08,0.014906847
2.636227e-08,0.014885306
2.646227e-08,0.014878125
2.656227e-08,0.014888896
2.666227e-08,0.014911874
2.676227e-08,0.014934852
2.686227e-08,0.014947059
2.696227e-08,0.014942032
2.706227e-08,0.014921927
2.716227e-08,0.014897513
2.726227e-08,0.014878125
2.736227e-08,0.014870226
2.746227e-08,0.014873099
2.756227e-08,0.014878125
2.766227e-08,0.014878125
2.776227e-08,0.01486879
2.786227e-08,0.014853711
2.796227e-08,0.01483935
2.806227e-08,0.014832169
2.816227e-08,0.014835041
2.826227e-08,0.014842222
2.836227e-08,0.014843658
2.846227e-08,0.014832169
2.856227e-08,0.014803447
2.866227e-08,0.014763953
2.876227e-08,0.014723742
2.886227e-08,0.014694301
2.896227e-08,0.01467994
2.906227e-08,0.014677786
2.916227e-08,0.014678504
2.926227e-08,0.014671324
2.936227e-08,0.014649782
2.946227e-08,0.014616751
2.956227e-08,0.014578694
2.966227e-08,0.014544945
2.976227e-08,0.014520531
2.986227e-08,0.014503297
2.996227e-08,0.014486782
3.006227e-08,0.014464522
3.016227e-08,0.014432209
3.026227e-08,0.014394152
3.036227e-08,0.014356095
3.046227e-08,0.014326654
3.056227e-08,0.014307267
3.066227e-08,0.01429506
3.076227e-08,0.014280699
3.086227e-08,0.014257721
3.096227e-08,0.014223972
3.106227e-08,0.01418376
3.116227e-08,0.014146421
3.126227e-08,0.014119853
3.136227e-08,0.01410621
3.146227e-08,0.014099747
3.156227e-08,0.014091849
3.166227e-08,0.014073897
3.176227e-08,0.01404302
3.186227e-08,0.014003527
3.196227e-08,0.013964752
3.206227e-08,0.013936029
3.216227e-08,0.013918796
3.226227e-08,0.013910179
3.236227e-08,0.013899408
3.246227e-08,0.013878585
3.256227e-08,0.013846272
3.266227e-08,0.013808215
3.276227e-08,0.013773748
3.286227e-08,0.013752206
3.296227e-08,0.013746461
3.306227e-08,0.013751488
3.316227e-08,0.013756514
3.326227e-08,0.013752206
3.336227e-08,0.013734972
3.346227e-08,0.013710558
3.356227e-08,0.013686144
3.366227e-08,0.013671783
3.376227e-08,0.013668911
3.386227e-08,0.013672501
3.396227e-08,0.013672501
3.406227e-08,0.013660294
3.416227e-08,0.013633726
3.426227e-08,0.013598541
3.436227e-08,0.013566228
3.446227e-08,0.013545404
3.456227e-08,0.013538224
3.466227e-08,0.013538942
3.476227e-08,0.013536788
3.486227e-08,0.013522426
3.496227e-08,0.013494422
3.506227e-08,0.013459955
3.516227e-08,0.013431233
3.526227e-08,0.013419026
3.536227e-08,0.01342477
3.546227e-08,0.013442004
3.556227e-08,0.013455647
3.566227e-08,0.013453493
3.576227e-08,0.013431951
3.586227e-08,0.013396766
3.596227e-08,0.013361581
3.606227e-08,0.013338603
3.616227e-08,0.013334295
3.626227e-08,0.013344347
3.636227e-08,0.013357273
3.646227e-08,0.013361581
3.656227e-08,0.01335081
3.666227e-08,0.013327832
3.676227e-08,0.013301982
3.686227e-08,0.013281158
3.696227e-08,0.013269669
3.706227e-08,0.013263925
3.716227e-08,0.01325459
3.726227e-08,0.013235202
3.736227e-08,0.013204326
3.746227e-08,0.013169859
3.756227e-08,0.013142572
3.766227e-08,0.013131801
3.776227e-08,0.013136828
3.786227e-08,0.013149035
3.796227e-08,0.013155497
3.806227e-08,0.01314329
3.816227e-08,0.013111696
3.826227e-08,0.01306933
3.836227e-08,0.013029837
3.846227e-08,0.013005423
3.856227e-08,0.01299896
3.866227e-08,0.013001832
3.876227e-08,0.013000396
3.886227e-08,0.012982445
3.896227e-08,0.01294367
3.906227e-08,0.012892687
3.916227e-08,0.012843859
3.926227e-08,0.01281011
3.936227e-08,0.012795031
3.946227e-08,0.012791441
3.956227e-08,0.012784978
3.966227e-08,0.012764154
3.976227e-08,0.012726097
3.986227e-08,0.012677987
3.996227e-08,0.012637058
4.006227e-08,0.012614798
4.016227e-08,0.012614798
4.026227e-08,0.012628441
4.036227e-08,0.012637058
4.046227e-08,0.012626287
4.056227e-08,0.012590384
4.066227e-08,0.012538683
4.076227e-08,0.012486983
4.086227e-08,0.012453952
4.096227e-08,0.012446054
4.106227e-08,0.012456106
4.116227e-08,0.012468313
4.126227e-08,0.012465441
4.136227e-08,0.012438873
4.146227e-08,0.012393635
4.156227e-08,0.012346961
4.166227e-08,0.012316085
4.176227e-08,0.012311776
4.186227e-08,0.012330446
4.196227e-08,0.012357014
4.206227e-08,0.012373529
4.216227e-08,0.012366349
4.226227e-08,0.012335472
4.236227e-08,0.012290234
4.246227e-08,0.012247151
4.256227e-08,0.012216992
4.266227e-08,0.012201913
4.276227e-08,0.012196168
4.286227e-08,0.012189706
4.296227e-08,0.012176063
4.306227e-08,0.012154521
4.316227e-08,0.012133697
4.326227e-08,0.012120772
4.336227e-08,0.012119336
4.346227e-08,0.012125798
4.356227e-08,0.012129389
4.366227e-08,0.012120772
4.376227e-08,0.012096358
4.386227e-08,0.012059737
4.396227e-08,0.012022398
4.406227e-08,0.011994393
4.416227e-08,0.011979314
4.426227e-08,0.011972852
4.436227e-08,0.011965671
4.446227e-08,0.011948437
4.456227e-08,0.011918279
4.466227e-08,0.011882376
4.476227e-08,0.011850781
4.486227e-08,0.011833548
4.496227e-08,0.01183283
4.506227e-08,0.011841446
4.516227e-08,0.011845037
4.526227e-08,0.011833548
4.536227e-08,0.011802671
4.546227e-08,0.011761024
4.556227e-08,0.011720812
4.566227e-08,0.01169568
4.576227e-08,0.011689218
4.586227e-08,0.011696398
4.596227e-08,0.011702143
4.606227e-08,0.01169568
4.616227e-08,0.011672702
4.626227e-08,0.011638953
4.636227e-08,0.011608077
4.646227e-08,0.011592279
4.656227e-08,0.011594434
4.666227e-08,0.011608077
4.676227e-08,0.011618848
4.686227e-08,0.011615257
4.696227e-08,0.011593716
4.706227e-08,0.011561403
4.716227e-08,0.011533398
4.726227e-08,0.011523346
4.736227e-08,0.011535553
4.746227e-08,0.011563557
4.756227e-08,0.011590843
4.766227e-08,0.011603768
4.776227e-08,0.01159587
4.786227e-08,0.01157361
4.796227e-08,0.011552786
4.806227e-08,0.011546324
4.816227e-08,0.011561403
4.826227e-08,0.011592279
4.836227e-08,0.011623156
4.846227e-08,0.011638235
4.856227e-08,0.011629619
4.866227e-08,0.011602332
4.876227e-08,0.011569301
4.886227e-08,0.011546324
4.896227e-08,0.011541297
4.906227e-08,0.011552068
4.916227e-08,0.011565711
4.926227e-08,0.011569301
4.936227e-08,0.01155494
4.946227e-08,0.011526218
4.956227e-08,0.011496059
4.966227e-08,0.01147739
4.976227e-08,0.01147739
4.986227e-08,0.011492469
4.996227e-08,0.011508984
5.006227e-08,0.011511857
5.016227e-08,0.011491751
5.026227e-08,0.01145154
5.036227e-08,0.011403429
5.046227e-08,0.0113625
5.056227e-08,0.011339522
5.066227e-08,0.011335214
5.076227e-08,0.011339522
5.086227e-08,0.011339522
5.096227e-08,0.011325879
5.106227e-08,0.011297875
5.116227e-08,0.011264844
5.126227e-08,0.011236121
5.136227e-08,0.011220324
5.146227e-08,0.011217452
5.156227e-08,0.01121817
5.166227e-08,0.011213143
5.176227e-08,0.011195192
5.186227e-08,0.011166469
5.196227e-08,0.011134157
5.206227e-08,0.011109743
5.216227e-08,0.01109969
5.226227e-08,0.011102562
5.236227e-08,0.011109025
5.246227e-08,0.011109743
5.256227e-08,0.011096818
5.266227e-08,0.011070967
5.276227e-08,0.011040809
5.286227e-08,0.011017831
5.296227e-08,0.011009932
5.306227e-08,0.011018549
5.316227e-08,0.011035782
5.326227e-08,0.011052298
5.336227e-08,0.01105876
5.346227e-08,0.01105158
5.356227e-08,0.011032192
5.366227e-08,0.011006342
5.376227e-08,0.010978338
5.386227e-08,0.010951051
5.396227e-08,0.010921611
5.406227e-08,0.010891452
5.416227e-08,0.010860576
5.426227e-08,0.010834007
5.436227e-08,0.010816774
5.446227e-08,0.010811029
5.456227e-08,0.010813184
5.466227e-08,0.01081462
5.476227e-08,0.010804567
5.486227e-08,0.010776562
5.496227e-08,0.010731325
5.506227e-08,0.010676752
5.516227e-08,0.010627206
5.526227e-08,0.010592739
5.536227e-08,0.010576942
5.546227e-08,0.010575506
5.556227e-08,0.010576224
5.566227e-08,0.010569761
5.576227e-08,0.010551091
5.586227e-08,0.010522369
5.596227e-08,0.010491492
5.606227e-08,0.01046636
5.616227e-08,0.010449127
5.626227e-08,0.010436202
5.636227e-08,0.010421122
5.646227e-08,0.010397426
5.656227e-08,0.01036655
5.666227e-08,0.010334237
5.676227e-08,0.010311977
5.686227e-08,0.010305515
5.696227e-08,0.010313413
5.706227e-08,0.01032562
5.716227e-08,0.010330647
5.726227e-08,0.010317004
5.736227e-08,0.010285409
5.746227e-08,0.01024448
5.756227e-08,0.010208577
5.766227e-08,0.010190625
5.776227e-08,0.010193497
5.786227e-08,0.010209295
5.796227e-08,0.010224374
5.806227e-08,0.010225092
5.816227e-08,0.010206422
5.826227e-08,0.010174828
5.836227e-08,0.010141797
5.846227e-08,0.010121691
5.856227e-08,0.010118819
5.866227e-08,0.010128154
5.876227e-08,0.01013677
5.886227e-08,0.01013318
5.896227e-08,0.010110202
5.906227e-08,0.010073581
5.916227e-08,0.010034806
5.926227e-08,0.010006801
5.936227e-08,0.0099974667
5.946227e-08,0.010003211
5.956227e-08,0.0100147
5.966227e-08,0.01001829
5.976227e-08,0.01000752
5.986227e-08,0.0099831055
5.996227e-08,0.0099529469
6.006227e-08,0.0099263787
6.016227e-08,0.0099091452
6.026227e-08,0.0098998104
6.036227e-08,0.0098926298
6.046227e-08,0.0098804228
6.056227e-08,0.0098610352
6.066227e-08,0.0098387753
6.076227e-08,0.0098208238
6.086227e-08,0.009811489
6.096227e-08,0.0098107709
6.106227e-08,0.0098107709
6.116227e-08,0.0098021542
6.126227e-08,0.0097770221
6.136227e-08,0.0097375287
6.146227e-08,0.009693009
6.156227e-08,0.0096571059
6.166227e-08,0.0096391544
6.176227e-08,0.0096391544
6.186227e-08,0.0096477711
6.196227e-08,0.0096513614
6.206227e-08,0.0096391544
6.216227e-08,0.0096097139
6.226227e-08,0.0095723748
6.236227e-08,0.009540062
6.246227e-08,0.0095242647
6.256227e-08,0.0095249828
6.266227e-08,0.0095328814
6.276227e-08,0.0095321634
6.286227e-08,0.0095127757
6.296227e-08,0.0094732824
6.306227e-08,0.0094244543
6.316227e-08,0.0093828068
6.326227e-08,0.0093634191
6.336227e-08,0.0093677275
6.346227e-08,0.009385679
6.356227e-08,0.0094007583
6.366227e-08,0.009397886
6.376227e-08,0.009373472
6.386227e-08,0.0093361328
6.396227e-08,0.0093016659
6.406227e-08,0.0092829963
6.416227e-08,0.0092829963
6.426227e-08,0.0092923311
6.436227e-08,0.0092930492
6.446227e-08,0.0092715074
6.456227e-08,0.0092255515
6.466227e-08,0.0091666705
6.476227e-08,0.0091149701
6.486227e-08,0.0090876838
6.496227e-08,0.0090912741
6.506227e-08,0.0091149701
6.516227e-08,0.0091393842
6.526227e-08,0.0091451287
6.536227e-08,0.0091228688
6.546227e-08,0.009078349
6.556227e-08,0.009030239
6.566227e-08,0.0089957721
6.576227e-08,0.0089850011
6.586227e-08,0.0089936179
6.596227e-08,0.009006543
6.606227e-08,0.009007261
6.616227e-08,0.0089885915
6.626227e-08,0.0089534065
6.636227e-08,0.0089167854
6.646227e-08,0.0088923713
6.656227e-08,0.0088873449
6.666227e-08,0.0088966797
6.676227e-08,0.0089067325
6.686227e-08,0.0089038603
6.696227e-08,0.0088830365
6.706227e-08,0.0088514419
6.716227e-08,0.0088234375
6.726227e-08,0.0088119485
6.736227e-08,0.0088212833
6.746227e-08,0.0088428251
6.756227e-08,0.0088600586
6.766227e-08,0.0088579044
6.776227e-08,0.0088306181
6.786227e-08,0.0087868164
6.796227e-08,0.0087444508
6.806227e-08,0.0087200368
6.816227e-08,0.0087200368
6.826227e-08,0.0087365522
6.836227e-08,0.0087537856
6.846227e-08,0.0087545037
6.856227e-08,0.0087322438
6.866227e-08,0.0086941866
6.876227e-08,0.0086575655
6.886227e-08,0.008639614
6.896227e-08,0.0086467946
6.906227e-08,0.0086719267
6.916227e-08,0.0086984949
6.926227e-08,0.0087085478
6.936227e-08,0.0086927505
6.946227e-08,0.0086575655
6.956227e-08,0.0086187902
6.966227e-08,0.0085936581
6.976227e-08,0.0085900678
6.986227e-08,0.0086037109
6.996227e-08,0.0086180722
7.006227e-08,0.008616636
7.016227e-08,0.0085907858
7.026227e-08,0.0085469841
7.036227e-08,0.0084995921
7.046227e-08,0.0084672794
7.056227e-08,0.0084586627
7.066227e-08,0.0084701517
7.076227e-08,0.008486667
7.086227e-08,0.0084902574
7.096227e-08,0.0084715878
7.106227e-08,0.0084328125
7.116227e-08,0.0083875747
7.126227e-08,0.0083523897
7.136227e-08,0.0083358743
7.146227e-08,0.0083373104
7.156227e-08,0.0083430549
7.166227e-08,0.0083409007
7.176227e-08,0.0083215131
7.186227e-08,0.0082884823
7.196227e-08,0.0082525793
7.206227e-08,0.008226011
7.216227e-08,0.0082159582
7.226227e-08,0.0082188304
7.236227e-08,0.0082224207
7.246227e-08,0.0082145221
7.256227e-08,0.0081908261
7.266227e-08,0.008154923
7.276227e-08,0.0081204561
7.286227e-08,0.0080996324
7.296227e-08,0.0080967601
7.306227e-08,0.0081060949
7.316227e-08,0.0081154297
7.326227e-08,0.0081111213
7.336227e-08,0.0080881434
7.346227e-08,0.0080515223
7.356227e-08,0.0080134651
7.366227e-08,0.0079847426
7.376227e-08,0.0079696634
7.386227e-08,0.0079632008
7.396227e-08,0.0079517119
7.406227e-08,0.0079272978
7.416227e-08,0.0078878045
7.426227e-08,0.0078425666
7.436227e-08,0.0078059455
7.446227e-08,0.0077894301
7.456227e-08,0.0077944566
7.466227e-08,0.0078088178
7.476227e-08,0.0078159984
7.486227e-08,0.0078009191
7.496227e-08,0.0077621438
7.506227e-08,0.0077104435
7.516227e-08,0.0076637695
7.526227e-08,0.0076400735
7.536227e-08,0.0076429458
7.546227e-08,0.0076637695
7.556227e-08,0.0076838752
7.566227e-08,0.0076860294
7.576227e-08,0.0076637695
7.586227e-08,0.0076235581
7.596227e-08,0.0075840648
7.606227e-08,0.0075596507
7.616227e-08,0.0075560604
7.626227e-08,0.0075661133
7.636227e-08,0.0075725758
7.646227e-08,0.0075596507
7.656227e-08,0.0075237477
7.666227e-08,0.0074742015
7.676227e-08,0.0074303998
7.686227e-08,0.0074102941
7.696227e-08,0.007421065
7.706227e-08,0.0074526597
7.716227e-08,0.0074864085
7.726227e-08,0.0075022059
7.736227e-08,0.0074899989
7.746227e-08,0.0074555319
7.756227e-08,0.0074153205
7.766227e-08,0.0073873162
7.776227e-08,0.0073815717
7.786227e-08,0.0073944968
7.796227e-08,0.0074095761
7.806227e-08,0.0074102941
7.816227e-08,0.0073887523
7.826227e-08,0.0073485409
7.836227e-08,0.0073040211
7.846227e-08,0.0072724265
7.856227e-08,0.0072616556
7.866227e-08,0.0072688362
7.876227e-08,0.0072803251
7.886227e-08,0.0072839154
7.896227e-08,0.0072717084
7.906227e-08,0.0072487305
7.916227e-08,0.0072264706
7.926227e-08,0.0072149816
7.936227e-08,0.0072185719
7.946227e-08,0.0072286248
7.956227e-08,0.007230779
7.966227e-08,0.0072149816
7.976227e-08,0.0071790786
7.986227e-08,0.0071338408
7.996227e-08,0.0070986558
8.006227e-08,0.0070886029
8.016227e-08,0.0071072725
8.026227e-08,0.0071438936
8.036227e-08,0.0071783605
8.046227e-08,0.0071920037
8.056227e-08,0.0071783605
8.066227e-08,0.0071453297
8.076227e-08,0.0071094267
8.086227e-08,0.0070886029
8.096227e-08,0.0070886029
8.106227e-08,0.00710081
8.116227e-08,0.0071101448
8.126227e-08,0.0071000919
8.136227e-08,0.0070663431
8.146227e-08,0.0070189511
8.156227e-08,0.0069780216
8.166227e-08,0.0069622243
8.176227e-08,0.0069787397
8.186227e-08,0.0070175149
8.196227e-08,0.0070577263
8.206227e-08,0.007077114
8.216227e-08,0.0070641889
8.226227e-08,0.0070232594
8.236227e-08,0.0069715591
8.246227e-08,0.0069277574
8.256227e-08,0.0069033433
8.266227e-08,0.0068968807
8.276227e-08,0.0068940085
8.286227e-08,0.0068818015
8.296227e-08,0.006853079
8.306227e-08,0.0068143038
8.316227e-08,0.0067805549
8.326227e-08,0.0067669118
8.336227e-08,0.0067784007
8.346227e-08,0.0068064051
8.356227e-08,0.0068322553
8.366227e-08,0.0068358456
8.376227e-08,0.0068092773
8.386227e-08,0.0067590131
8.396227e-08,0.0067037224
8.406227e-08,0.006663511
8.416227e-08,0.0066498679
8.426227e-08,0.0066584846
8.436227e-08,0.0066735639
8.446227e-08,0.006675
8.456227e-08,0.0066520221
8.466227e-08,0.0066067842
8.476227e-08,0.0065543658
8.486227e-08,0.0065141544
8.496227e-08,0.0064990751
8.506227e-08,0.0065084099
8.516227e-08,0.0065306698
8.526227e-08,0.0065486213
8.536227e-08,0.0065500574
8.546227e-08,0.006532824
8.556227e-08,0.0065055377
8.566227e-08,0.0064796875
8.576227e-08,0.0064638902
8.586227e-08,0.0064567096
8.596227e-08,0.006450247
8.606227e-08,0.0064337316
8.616227e-08,0.0064035731
8.626227e-08,0.0063640797
8.636227e-08,0.0063274586
8.646227e-08,0.0063073529
8.656227e-08,0.006308071
8.666227e-08,0.0063253045
8.676227e-08,0.0063454102
8.686227e-08,0.0063533088
8.696227e-08,0.0063411018
8.706227e-08,0.0063116613
8.716227e-08,0.0062764763
8.726227e-08,0.0062499081
8.736227e-08,0.0062384191
8.746227e-08,0.0062405733
8.756227e-08,0.0062441636
8.766227e-08,0.0062384191
8.776227e-08,0.0062161592
8.786227e-08,0.0061816923
8.796227e-08,0.0061465074
8.806227e-08,0.0061235294
8.816227e-08,0.0061199391
8.826227e-08,0.0061328642
8.836227e-08,0.0061500977
8.846227e-08,0.0061579963
8.856227e-08,0.0061486615
8.866227e-08,0.0061235294
8.876227e-08,0.0060919347
8.886227e-08,0.0060660846
8.896227e-08,0.0060524414
8.906227e-08,0.006048133
8.916227e-08,0.0060445427
8.926227e-08,0.0060316176
8.936227e-08,0.0060050494
8.946227e-08,0.0059691464
8.956227e-08,0.0059353975
8.966227e-08,0.0059167279
8.976227e-08,0.0059181641
8.986227e-08,0.0059353975
8.996227e-08,0.0059547852
9.006227e-08,0.0059626838
9.016227e-08,0.0059504768
9.026227e-08,0.0059210363
9.036227e-08,0.0058858513
9.046227e-08,0.0058592831
9.056227e-08,0.0058506664
9.066227e-08,0.0058592831
9.076227e-08,0.0058743624
9.086227e-08,0.005882261
9.096227e-08,0.0058722082
9.106227e-08,0.0058434858
9.116227e-08,0.0058039924
9.126227e-08,0.0057673713
9.136227e-08,0.0057443934
9.146227e-08,0.0057386489
9.156227e-08,0.0057465476
9.166227e-08,0.0057558824
9.176227e-08,0.0057587546
9.186227e-08,0.0057494198
9.196227e-08,0.0057314683
9.206227e-08,0.0057099265
9.216227e-08,0.0056912569
9.226227e-08,0.0056776137
9.236227e-08,0.0056661248
9.246227e-08,0.0056524816
9.256227e-08,0.005633094
9.266227e-08,0.005609398
9.276227e-08,0.0055871381
9.286227e-08,0.0055720588
9.296227e-08,0.0055677505
9.306227e-08,0.0055713408
9.316227e-08,0.0055756491
9.326227e-08,0.0055720588
9.336227e-08,0.0055541073
9.346227e-08,0.0055225126
9.356227e-08,0.0054830193
9.366227e-08,0.0054456801
9.376227e-08,0.0054169577
9.386227e-08,0.0053990062
9.396227e-08,0.0053875172
9.406227e-08,0.0053767463
9.416227e-08,0.0053602309
9.426227e-08,0.005337253
9.436227e-08,0.0053099667
9.446227e-08,0.0052848346
9.456227e-08,0.005266165
9.466227e-08,0.005254676
9.476227e-08,0.0052474954
9.486227e-08,0.0052388787
9.496227e-08,0.0052237994
9.506227e-08,0.0052008215
9.516227e-08,0.0051735352
9.526227e-08,0.0051469669
9.536227e-08,0.0051254251
9.546227e-08,0.0051103458
9.556227e-08,0.005100293
9.566227e-08,0.0050895221
9.576227e-08,0.0050758789
9.586227e-08,0.0050572093
9.596227e-08,0.0050378217
9.606227e-08,0.0050205882
9.616227e-08,0.0050090993
9.626227e-08,0.0050040728
9.636227e-08,0.0050019187
9.646227e-08,0.0049976103
9.656227e-08,0.0049875574
9.666227e-08,0.0049688879
9.676227e-08,0.0049437557
9.686227e-08,0.0049171875
9.696227e-08,0.0048927734
9.706227e-08,0.0048726677
9.716227e-08,0.0048583065
9.726227e-08,0.0048482537
9.736227e-08,0.0048396369
9.746227e-08,0.0048310202
9.756227e-08,0.0048224035
9.766227e-08,0.0048137868
9.776227e-08,0.0048058881
9.786227e-08,0.0047987075
9.796227e-08,0.0047900908
9.806227e-08,0.0047793199
9.816227e-08,0.0047663948
9.826227e-08,0.0047534697
9.836227e-08,0.0047412626
9.846227e-08,0.004733364
9.856227e-08,0.0047290556
9.866227e-08,0.0047254653
9.876227e-08,0.0047204389
9.886227e-08,0.004710386
9.896227e-08,0.0046945887
9.906227e-08,0.004674483
9.916227e-08,0.0046550954
9.926227e-08,0.0046414522
9.936227e-08,0.0046364258
9.946227e-08,0.004639298
9.956227e-08,0.0046464786
9.966227e-08,0.0046529412
9.976227e-08,0.0046529412
9.986227e-08,0.0046443244
9.996227e-08,0.0046278091
1.000623e-07,0.0046069853
1.001623e-07,0.0045868796
1.002623e-07,0.0045696461
1.003623e-07,0.0045574391
1.004623e-07,0.0045495404
1.005623e-07,0.0045430779
1.006623e-07,0.0045351792
1.007623e-07,0.0045258444
1.008623e-07,0.0045150735
1.009623e-07,0.0045043026
1.010623e-07,0.0044956859
1.011623e-07,0.0044913775
1.012623e-07,0.0044920956
1.013623e-07,0.0044985581
1.014623e-07,0.004508611
1.015623e-07,0.0045193819
1.016623e-07,0.0045265625
1.017623e-07,0.0045258444
1.018623e-07,0.0045143555
1.019623e-07,0.0044906595
1.020623e-07,0.0044576287
1.021623e-07,0.0044202895
1.022623e-07,0.0043851045
1.023623e-07,0.0043578182
1.024623e-07,0.004342739
1.025623e-07,0.0043391487
1.026623e-07,0.004343457
1.027623e-07,0.0043499196
1.028623e-07,0.0043542279
1.029623e-07,0.0043527918
1.030623e-07,0.0043456112
1.031623e-07,0.0043334042
1.032623e-07,0.004319761
1.033623e-07,0.0043061179
1.034623e-07,0.0042917567
1.035623e-07,0.0042773955
1.036623e-07,0.0042623162
1.037623e-07,0.0042458008
1.038623e-07,0.0042292854
1.039623e-07,0.0042156422
1.040623e-07,0.0042048713
1.041623e-07,0.0041984088
1.042623e-07,0.0041948185
1.043623e-07,0.0041933824
1.044623e-07,0.0041933824
1.045623e-07,0.0041941004
1.046623e-07,0.0041969727
1.047623e-07,0.004201281
1.048623e-07,0.0042048713
1.049623e-07,0.0042048713
1.050623e-07,0.0041969727
1.051623e-07,0.004177585
1.052623e-07,0.0041474265
1.053623e-07,0.0041108054
1.054623e-07,0.0040756204
1.055623e-07,0.0040512063
1.056623e-07,0.0040440257
1.057623e-07,0.0040540786
1.058623e-07,0.0040777746
1.059623e-07,0.0041043428
1.060623e-07,0.0041244485
1.061623e-07,0.0041316291
1.062623e-07,0.0041237305
1.063623e-07,0.0041043428
1.064623e-07,0.0040784926
1.065623e-07,0.0040533605
1.066623e-07,0.0040311006
1.067623e-07,0.0040138672
1.068623e-07,0.0039980699
1.069623e-07,0.0039815545
1.070623e-07,0.003964321
1.071623e-07,0.0039456514
1.072623e-07,0.003929136
1.073623e-07,0.003916929
1.074623e-07,0.0039119026
1.075623e-07,0.0039126206
1.076623e-07,0.0039176471
1.077623e-07,0.0039241096
1.078623e-07,0.003928418
1.079623e-07,0.0039269818
1.080623e-07,0.0039176471
1.081623e-07,0.0038996955
1.082623e-07,0.0038745634
1.083623e-07,0.0038444049
1.084623e-07,0.0038142463
1.085623e-07,0.0037898323
1.086623e-07,0.0037761891
1.087623e-07,0.0037733169
1.088623e-07,0.0037797794
1.089623e-07,0.0037891142
1.090623e-07,0.0037955767
1.091623e-07,0.0037919864
1.092623e-07,0.0037797794
1.093623e-07,0.0037618279
1.094623e-07,0.0037445944
1.095623e-07,0.0037345416
1.096623e-07,0.0037338235
1.097623e-07,0.0037402861
1.098623e-07,0.0037460306
1.099623e-07,0.0037453125
1.100623e-07,0.0037338235
1.101623e-07,0.0037137178
1.102623e-07,0.0036907399
1.103623e-07,0.0036727884
1.104623e-07,0.0036648897
1.105623e-07,0.0036670439
1.106623e-07,0.0036749426
1.107623e-07,0.0036792509
1.108623e-07,0.0036763787
1.109623e-07,0.0036648897
1.110623e-07,0.0036483743
1.111623e-07,0.0036354492
1.112623e-07,0.0036304228
1.113623e-07,0.003633295
1.114623e-07,0.0036390395
1.115623e-07,0.0036404756
1.116623e-07,0.0036304228
1.117623e-07,0.003608881
1.118623e-07,0.0035801585
1.119623e-07,0.0035543084
1.120623e-07,0.003538511
1.121623e-07,0.0035363568
1.122623e-07,0.0035449736
1.123623e-07,0.0035564625
1.124623e-07,0.003561489
1.125623e-07,0.0035564625
1.126623e-07,0.0035413833
1.127623e-07,0.0035219956
1.128623e-07,0.0035040441
1.129623e-07,0.003490401
1.130623e-07,0.0034796301
1.131623e-07,0.003466705
1.132623e-07,0.0034465993
1.133623e-07,0.0034185949
1.134623e-07,0.0033870002
1.135623e-07,0.0033589959
1.136623e-07,0.0033431985
1.137623e-07,0.0033431985
1.138623e-07,0.0033561236
1.139623e-07,0.0033747932
1.140623e-07,0.0033891544
1.141623e-07,0.0033927447
1.142623e-07,0.003384846
1.143623e-07,0.0033697668
1.144623e-07,0.0033546875
1.145623e-07,0.0033439166
1.146623e-07,0.0033388902
1.147623e-07,0.003336736
1.148623e-07,0.0033317096
1.149623e-07,0.0033209386
1.150623e-07,0.0033044233
1.151623e-07,0.0032871898
1.152623e-07,0.0032742647
1.153623e-07,0.0032699563
1.154623e-07,0.0032728286
1.155623e-07,0.0032807273
1.156623e-07,0.0032857537
1.157623e-07,0.0032843176
1.158623e-07,0.0032735466
1.159623e-07,0.0032577493
1.160623e-07,0.0032397978
1.161623e-07,0.0032247185
1.162623e-07,0.0032146657
1.163623e-07,0.0032082031
1.164623e-07,0.0032053309
1.165623e-07,0.0032031767
1.166623e-07,0.0032017406
1.167623e-07,0.0032024586
1.168623e-07,0.0032053309
1.169623e-07,0.0032103573
1.170623e-07,0.0032161018
1.171623e-07,0.003218256
1.172623e-07,0.0032168199
1.173623e-07,0.0032103573
1.174623e-07,0.0032010225
1.175623e-07,0.0031916877
1.176623e-07,0.0031823529
1.177623e-07,0.0031730182
1.178623e-07,0.0031608111
1.179623e-07,0.0031450138
1.180623e-07,0.0031249081
1.181623e-07,0.0031055205
1.182623e-07,0.0030911592
1.183623e-07,0.0030861328
1.184623e-07,0.0030904412
1.185623e-07,0.0030983398
1.186623e-07,0.0031019301
1.187623e-07,0.0030918773
1.188623e-07,0.0030674632
1.189623e-07,0.0030329963
1.190623e-07,0.0029992475
1.191623e-07,0.0029777057
1.192623e-07,0.0029755515
1.193623e-07,0.0029899127
1.194623e-07,0.0030107364
1.195623e-07,0.0030250977
1.196623e-07,0.0030215074
1.197623e-07,0.0029992475
1.198623e-07,0.0029640625
1.199623e-07,0.0029295956
1.200623e-07,0.0029066176
1.201623e-07,0.0029001551
1.202623e-07,0.0029051815
1.203623e-07,0.002910926
1.204623e-07,0.0029066176
1.205623e-07,0.0028857939
1.206623e-07,0.002851327
1.207623e-07,0.0028125517
1.208623e-07,0.002780239
1.209623e-07,0.0027622875
1.210623e-07,0.0027579791
1.211623e-07,0.0027637236
1.212623e-07,0.00276875
1.213623e-07,0.0027680319
1.214623e-07,0.0027594152
1.215623e-07,0.0027457721
1.216623e-07,0.0027342831
1.217623e-07,0.0027271025
1.218623e-07,0.0027256664
1.219623e-07,0.0027256664
1.220623e-07,0.0027227941
1.221623e-07,0.0027156135
1.222623e-07,0.0027055607
1.223623e-07,0.0026955078
1.224623e-07,0.0026883272
1.225623e-07,0.0026833008
1.226623e-07,0.0026768382
1.227623e-07,0.0026639131
1.228623e-07,0.0026423713
1.229623e-07,0.002614367
1.230623e-07,0.0025877987
1.231623e-07,0.0025720014
1.232623e-07,0.0025734375
1.233623e-07,0.002590671
1.234623e-07,0.0026158031
1.235623e-07,0.0026366268
1.236623e-07,0.0026423713
1.237623e-07,0.0026294462
1.238623e-07,0.002602878
1.239623e-07,0.0025727194
1.240623e-07,0.0025504596
1.241623e-07,0.0025411248
1.242623e-07,0.0025425609
1.243623e-07,0.0025454331
1.244623e-07,0.0025389706
1.245623e-07,0.0025181468
1.246623e-07,0.002484398
1.247623e-07,0.0024456227
1.248623e-07,0.0024125919
1.249623e-07,0.0023924862
1.250623e-07,0.0023853056
1.251623e-07,0.0023867417
1.252623e-07,0.002389614
1.253623e-07,0.0023867417
1.254623e-07,0.002378125
1.255623e-07,0.002365918
1.256623e-07,0.0023551471
1.257623e-07,0.0023479665
1.258623e-07,0.00234294
1.259623e-07,0.0023350414
1.260623e-07,0.0023206801
1.261623e-07,0.0022984203
1.262623e-07,0.0022732881
1.263623e-07,0.0022517463
1.264623e-07,0.0022402574
1.265623e-07,0.0022409754
1.266623e-07,0.0022495921
1.267623e-07,0.0022560547
1.268623e-07,0.0022517463
1.269623e-07,0.0022330767
1.270623e-07,0.0022029182
1.271623e-07,0.0021706055
1.272623e-07,0.0021483456
1.273623e-07,0.002141883
1.274623e-07,0.0021519359
1.275623e-07,0.0021691693
1.276623e-07,0.0021828125
1.277623e-07,0.0021842486
1.278623e-07,0.0021691693
1.279623e-07,0.0021433192
1.280623e-07,0.0021138787
1.281623e-07,0.0020909007
1.282623e-07,0.0020786937
1.283623e-07,0.0020765395
1.284623e-07,0.0020794118
1.285623e-07,0.0020815659
1.286623e-07,0.0020801298
1.287623e-07,0.0020743853
1.288623e-07,0.0020679228
1.289623e-07,0.0020643325
1.290623e-07,0.0020643325
1.291623e-07,0.0020664867
1.292623e-07,0.0020679228
1.293623e-07,0.0020643325
1.294623e-07,0.0020542796
1.295623e-07,0.0020392004
1.296623e-07,0.0020219669
1.297623e-07,0.0020061696
1.298623e-07,0.0019939625
1.299623e-07,0.0019846278
1.300623e-07,0.001976011
1.301623e-07,0.0019673943
1.302623e-07,0.0019566234
1.303623e-07,0.0019436983
1.304623e-07,0.0019300551
1.305623e-07,0.0019149759
1.306623e-07,0.0018984605
1.307623e-07,0.001880509
1.308623e-07,0.0018611213
1.309623e-07,0.0018431698
1.310623e-07,0.0018302447
1.311623e-07,0.0018245002
1.312623e-07,0.0018266544
1.313623e-07,0.001833117
1.314623e-07,0.0018381434
1.315623e-07,0.001833835
1.316623e-07,0.0018151654
1.317623e-07,0.0017828527
1.318623e-07,0.0017412052
1.319623e-07,0.0016995577
1.320623e-07,0.0016658088
1.321623e-07,0.0016449851
1.322623e-07,0.0016370864
1.323623e-07,0.0016385225
1.324623e-07,0.0016428309
1.325623e-07,0.001644267
1.326623e-07,0.0016406767
1.327623e-07,0.00163206
1.328623e-07,0.0016198529
1.329623e-07,0.0016069278
1.330623e-07,0.0015961569
1.331623e-07,0.0015882583
1.332623e-07,0.001585386
1.333623e-07,0.0015889763
1.334623e-07,0.0016011834
1.335623e-07,0.0016198529
1.336623e-07,0.0016428309
1.337623e-07,0.0016622185
1.338623e-07,0.0016715533
1.339623e-07,0.0016643727
1.340623e-07,0.0016428309
1.341623e-07,0.0016126723
1.342623e-07,0.0015839499
1.343623e-07,0.0015695887
1.344623e-07,0.0015738971
1.345623e-07,0.0015954389
1.346623e-07,0.0016241613
1.347623e-07,0.0016478573
1.348623e-07,0.0016543199
1.349623e-07,0.0016399586
1.350623e-07,0.001609082
1.351623e-07,0.0015717429
1.352623e-07,0.0015394301
1.353623e-07,0.0015186064
1.354623e-07,0.0015114258
1.355623e-07,0.0015128619
1.356623e-07,0.0015164522
1.357623e-07,0.0015178883
1.358623e-07,0.0015178883
1.359623e-07,0.0015193244
1.360623e-07,0.0015279412
1.361623e-07,0.0015458927
1.362623e-07,0.0015695887
1.363623e-07,0.0015932847
1.364623e-07,0.001608364
1.365623e-07,0.0016098001
1.366623e-07,0.0015975931
1.367623e-07,0.0015753332
1.368623e-07,0.0015509191
1.369623e-07,0.0015300954
1.370623e-07,0.0015157341
1.371623e-07,0.0015085535
1.372623e-07,0.0015049632
1.373623e-07,0.0015035271
1.374623e-07,0.0015042452
1.375623e-07,0.0015085535
1.376623e-07,0.0015164522
1.377623e-07,0.0015286592
1.378623e-07,0.0015430205
1.379623e-07,0.0015559455
1.380623e-07,0.0015624081
1.381623e-07,0.0015624081
1.382623e-07,0.0015566636
1.383623e-07,0.0015480469
1.384623e-07,0.0015394301
1.385623e-07,0.0015315315
1.386623e-07,0.0015221967
1.387623e-07,0.0015099897
1.388623e-07,0.0014934743
1.389623e-07,0.0014748047
1.390623e-07,0.0014597254
1.391623e-07,0.0014532629
1.392623e-07,0.0014590074
1.393623e-07,0.0014748047
1.394623e-07,0.0014949104
1.395623e-07,0.0015107077
1.396623e-07,0.0015164522
1.397623e-07,0.0015099897
1.398623e-07,0.0014963465
1.399623e-07,0.0014812672
1.400623e-07,0.0014704963
1.401623e-07,0.001466188
1.402623e-07,0.0014647518
1.403623e-07,0.0014604435
1.404623e-07,0.0014475184
1.405623e-07,0.0014259766
1.406623e-07,0.0014001264
1.407623e-07,0.0013778665
1.408623e-07,0.0013670956
1.409623e-07,0.0013692498
1.410623e-07,0.0013807387
1.411623e-07,0.0013943819
1.412623e-07,0.0014015625
1.413623e-07,0.0013972541
1.414623e-07,0.0013828929
1.415623e-07,0.0013627872
1.416623e-07,0.0013441176
1.417623e-07,0.0013297564
1.418623e-07,0.0013197036
1.419623e-07,0.0013103688
1.420623e-07,0.0012981618
1.421623e-07,0.0012816464
1.422623e-07,0.0012629768
1.423623e-07,0.0012478975
1.424623e-07,0.0012407169
1.425623e-07,0.001241435
1.426623e-07,0.0012457433
1.427623e-07,0.0012478975
1.428623e-07,0.0012407169
1.429623e-07,0.0012234835
1.430623e-07,0.0011997875
1.431623e-07,0.0011768095
1.432623e-07,0.0011602941
1.433623e-07,0.0011523955
1.434623e-07,0.0011502413
1.435623e-07,0.001147369
1.436623e-07,0.0011373162
1.437623e-07,0.0011179285
1.438623e-07,0.0010935145
1.439623e-07,0.0010705365
1.440623e-07,0.0010568934
1.441623e-07,0.0010554573
1.442623e-07,0.0010633559
1.443623e-07,0.0010748449
1.444623e-07,0.0010798713
1.445623e-07,0.0010741268
1.446623e-07,0.0010561753
1.447623e-07,0.0010296071
1.448623e-07,0.00099944853
1.449623e-07,0.00097000804
1.450623e-07,0.00094272174
1.451623e-07,0.00091830767
1.452623e-07,0.00089604779
1.453623e-07,0.00087881434
1.454623e-07,0.00086947955
1.455623e-07,0.00087091567
1.456623e-07,0.00088455882
1.457623e-07,0.00090394646
1.458623e-07,0.00092117992
1.459623e-07,0.00092764246
1.460623e-07,0.00091902574
1.461623e-07,0.00089748392
1.462623e-07,0.00087235179
1.463623e-07,0.00085440028
1.464623e-07,0.00085009191
1.465623e-07,0.00086014476
1.466623e-07,0.0008759421
1.467623e-07,0.00088743107
1.468623e-07,0.00088455882
1.469623e-07,0.00086588925
1.470623e-07,0.00083788488
1.471623e-07,0.00080988051
1.472623e-07,0.00079264706
1.473623e-07,0.00078977482
1.474623e-07,0.00079623736
1.475623e-07,0.00080413603
1.476623e-07,0.00080413603
1.477623e-07,0.00079336512
1.478623e-07,0.00077469554
1.479623e-07,0.00075674403
1.480623e-07,0.00074669118
1.481623e-07,0.00074740924
1.482623e-07,0.00075315372
1.483623e-07,0.00075602597
1.484623e-07,0.00074669118
1.485623e-07,0.00072299517
1.486623e-07,0.00069140051
1.487623e-07,0.00066124196
1.488623e-07,0.00064329044
1.489623e-07,0.00064185432
1.490623e-07,0.00065190717
1.491623e-07,0.0006641142
1.492623e-07,0.00066626838
1.493623e-07,0.00065334329
1.494623e-07,0.00062892923
1.495623e-07,0.00060236098
1.496623e-07,0.00058584559
1.497623e-07,0.00058512753
1.498623e-07,0.00059733456
1.499623e-07,0.00061313189
1.500623e-07,0.0006203125
1.501623e-07,0.00061025965
1.502623e-07,0.00058297335
1.503623e-07,0.00054707031
1.504623e-07,0.00051691176
1.505623e-07,0.00050183249
1.506623e-07,0.00050542279
1.507623e-07,0.00052193819
1.508623e-07,0.00053988971
1.509623e-07,0.00054922449
1.510623e-07,0.00054419807
1.511623e-07,0.00052768267
1.512623e-07,0.00050542279
1.513623e-07,0.00048747128
1.514623e-07,0.00047885455
1.515623e-07,0.00047885455
1.516623e-07,0.00048244485
1.517623e-07,0.00048388097
1.518623e-07,0.00047813649
1.519623e-07,0.00046449334
1.520623e-07,0.00044797794
1.521623e-07,0.00043218061
1.522623e-07,0.0004214097
1.523623e-07,0.00041566521
1.524623e-07,0.00041351103
1.525623e-07,0.00041207491
1.526623e-07,0.00040920267
1.527623e-07,0.00040561236
1.528623e-07,0.00040202206
1.529623e-07,0.00039914982
1.530623e-07,0.00039627757
1.531623e-07,0.00039053309
1.532623e-07,0.00037904412
1.533623e-07,0.00036037454
1.534623e-07,0.0003338063
1.535623e-07,0.00030436581
1.536623e-07,0.00027564338
1.537623e-07,0.00025194738
1.538623e-07,0.00023543199
1.539623e-07,0.00022537914
1.540623e-07,0.00021819853
1.541623e-07,0.00021173598
1.542623e-07,0.00020311926
1.543623e-07,0.00019378447
1.544623e-07,0.00018373162
1.545623e-07,0.00017367877
1.546623e-07,0.00016362592
1.547623e-07,0.00015213695
1.548623e-07,0.00013777574
1.549623e-07,0.00012054228
1.550623e-07,0.00010115464
1.551623e-07,8.3203125e-05
1.552623e-07,6.8841912e-05
1.553623e-07,6.0225184e-05
1.554623e-07,5.5198759e-05
1.555623e-07,5.1608456e-05
1.556623e-07,4.5863971e-05
1.557623e-07,3.5811121e-05
1.558623e-07,2.2167969e-05
1.559623e-07,8.5248162e-06
1.560623e-07,-9.1911765e-08
1.561623e-07,-8.0997243e-07
1.562623e-07,8.5248162e-06
1.563623e-07,2.5758272e-05
1.564623e-07,4.5863971e-05
1.565623e-07,6.4533548e-05
1.566623e-07,7.745864e-05
1.567623e-07,8.2485064e-05
1.568623e-07,8.0330882e-05
1.569623e-07,7.3868336e-05
1.570623e-07,6.5969669e-05
1.571623e-07,6.0225184e-05
1.572623e-07,5.7352941e-05
1.573623e-07,5.8071002e-05
1.574623e-07,6.1661305e-05
1.575623e-07,6.5969669e-05
1.576623e-07,6.8841912e-05
1.577623e-07,6.8123851e-05
1.578623e-07,6.1661305e-05
1.579623e-07,4.9454274e-05
1.580623e-07,3.4375e-05
1.581623e-07,1.9295726e-05
1.582623e-07,8.5248162e-06
1.583623e-07,5.6525735e-06
1.584623e-07,1.1397059e-05
1.585623e-07,2.360409e-05
1.586623e-07,3.9401425e-05
1.587623e-07,5.1608456e-05
1.588623e-07,5.7352941e-05
1.589623e-07,5.4480699e-05
1.590623e-07,4.3709789e-05
1.591623e-07,2.7912454e-05
1.592623e-07,1.1397059e-05
1.593623e-07,-3.6822151e-06
1.594623e-07,-1.5889246e-05
1.595623e-07,-2.5942096e-05
1.596623e-07,-3.4558824e-05
1.597623e-07,-4.173943e-05
1.598623e-07,-4.6765855e-05
1.599623e-07,-4.8201976e-05
1.600623e-07,-4.6047794e-05
1.601623e-07,-4.0303309e-05
1.602623e-07,-3.2404642e-05
1.603623e-07,-2.5942096e-05
1.604623e-07,-2.3069853e-05
1.605623e-07,-2.5942096e-05
1.606623e-07,-3.3840763e-05
1.607623e-07,-4.4611673e-05
1.608623e-07,-5.7536765e-05
1.609623e-07,-6.9743796e-05
1.610623e-07,-8.1950827e-05
1.611623e-07,-9.2721737e-05
1.612623e-07,-0.00010349265
1.613623e-07,-0.00011282744
1.614623e-07,-0.00011928998
1.615623e-07,-0.0001207261
1.616623e-07,-0.00011498162
1.617623e-07,-0.00010349265
1.618623e-07,-8.9131434e-05
1.619623e-07,-7.6206342e-05
1.620623e-07,-6.9025735e-05
1.621623e-07,-7.1179917e-05
1.622623e-07,-8.1950827e-05
1.623623e-07,-9.8466222e-05
1.624623e-07,-0.00011498162
1.625623e-07,-0.00012790671
1.626623e-07,-0.00013365119
1.627623e-07,-0.00013221507
1.628623e-07,-0.00012647059
1.629623e-07,-0.00012000804
1.630623e-07,-0.00011498162
1.631623e-07,-0.0001135455
1.632623e-07,-0.00011498162
1.633623e-07,-0.00011785386
1.634623e-07,-0.00011928998
1.635623e-07,-0.00011785386
1.636623e-07,-0.00011498162
1.637623e-07,-0.00011067325
1.638623e-07,-0.00010780101
1.639623e-07,-0.00010851907
1.640623e-07,-0.00011498162
1.641623e-07,-0.00012718865
1.642623e-07,-0.0001444221
1.643623e-07,-0.0001645278
1.644623e-07,-0.00018391544
1.645623e-07,-0.00019899472
1.646623e-07,-0.00020689338
1.647623e-07,-0.00020545726
1.648623e-07,-0.00019540441
1.649623e-07,-0.00017888902
1.650623e-07,-0.0001609375
1.651623e-07,-0.00014585823
1.652623e-07,-0.00013795956
1.653623e-07,-0.00014011374
1.654623e-07,-0.00015160271
1.655623e-07,-0.00017170841
1.656623e-07,-0.00019540441
1.657623e-07,-0.00021981847
1.658623e-07,-0.00024064223
1.659623e-07,-0.00025572151
1.660623e-07,-0.00026433824
1.661623e-07,-0.00026577436
1.662623e-07,-0.00026146599
1.663623e-07,-0.00025284926
1.664623e-07,-0.00024136029
1.665623e-07,-0.00023058938
1.666623e-07,-0.00022197266
1.667623e-07,-0.00021766429
1.668623e-07,-0.00021838235
1.669623e-07,-0.00022269072
1.670623e-07,-0.00022987132
1.671623e-07,-0.00023633387
1.672623e-07,-0.00024136029
1.673623e-07,-0.00024423254
1.674623e-07,-0.00024423254
1.675623e-07,-0.00024279642
1.676623e-07,-0.00024136029
1.677623e-07,-0.00023920611
1.678623e-07,-0.00023705193
1.679623e-07,-0.00023346163
1.680623e-07,-0.00022987132
1.681623e-07,-0.00022628102
1.682623e-07,-0.00022412684
1.683623e-07,-0.00022556296
1.684623e-07,-0.00022987132
1.685623e-07,-0.00023776999
1.686623e-07,-0.00024710478
1.687623e-07,-0.00025643957
1.688623e-07,-0.00026433824
1.689623e-07,-0.00027151884
1.690623e-07,-0.00027798139
1.691623e-07,-0.00028659812
1.692623e-07,-0.00029880515
1.693623e-07,-0.00031388442
1.694623e-07,-0.00032968176
1.695623e-07,-0.00034476103
1.696623e-07,-0.00035625
1.697623e-07,-0.00036414867
1.698623e-07,-0.00037061121
1.699623e-07,-0.00037850988
1.700623e-07,-0.00039071691
1.701623e-07,-0.00040866843
1.702623e-07,-0.00043092831
1.703623e-07,-0.00045318819
1.704623e-07,-0.00047113971
1.705623e-07,-0.00048047449
1.706623e-07,-0.00048119256
1.707623e-07,-0.00047616613
1.708623e-07,-0.00047113971
1.709623e-07,-0.00047257583
1.710623e-07,-0.00048478286
1.711623e-07,-0.00050847886
1.712623e-07,-0.00054007353
1.713623e-07,-0.00057238626
1.714623e-07,-0.0005989545
1.715623e-07,-0.0006154699
1.716623e-07,-0.00062049632
1.717623e-07,-0.00061834214
1.718623e-07,-0.00061403378
1.719623e-07,-0.00061403378
1.720623e-07,-0.00062049632
1.721623e-07,-0.00063413948
1.722623e-07,-0.00065280905
1.723623e-07,-0.00067219669
1.724623e-07,-0.00068943015
1.725623e-07,-0.00070235524
1.726623e-07,-0.00071312615
1.727623e-07,-0.000723179
1.728623e-07,-0.00073538603
1.729623e-07,-0.00074974724
1.730623e-07,-0.00076410846
1.731623e-07,-0.00077559743
1.732623e-07,-0.00078134191
1.733623e-07,-0.00077918773
1.734623e-07,-0.00077128906
1.735623e-07,-0.00076267233
1.736623e-07,-0.00075836397
1.737623e-07,-0.0007633904
1.738623e-07,-0.00077918773
1.739623e-07,-0.00080288373
1.740623e-07,-0.00082729779
1.741623e-07,-0.00084524931
1.742623e-07,-0.0008509938
1.743623e-07,-0.00084381319
1.744623e-07,-0.00082729779
1.745623e-07,-0.0008107824
1.746623e-07,-0.00080144761
1.747623e-07,-0.0008071921
1.748623e-07,-0.00082729779
1.749623e-07,-0.00085673828
1.750623e-07,-0.00088761489
1.751623e-07,-0.00091059283
1.752623e-07,-0.00091920956
1.753623e-07,-0.00091346507
1.754623e-07,-0.00089694968
1.755623e-07,-0.00087756204
1.756623e-07,-0.00086176471
1.757623e-07,-0.00085386604
1.758623e-07,-0.00085530216
1.759623e-07,-0.00086248277
1.760623e-07,-0.00087325368
1.761623e-07,-0.00088330653
1.762623e-07,-0.00089048713
1.763623e-07,-0.00089407744
1.764623e-07,-0.00089623162
1.765623e-07,-0.00089694968
1.766623e-07,-0.0008983858
1.767623e-07,-0.00090125804
1.768623e-07,-0.00090772059
1.769623e-07,-0.0009184915
1.770623e-07,-0.00093500689
1.771623e-07,-0.00095511259
1.772623e-07,-0.00097665441
1.773623e-07,-0.00099532399
1.774623e-07,-0.001007531
1.775623e-07,-0.0010118394
1.776623e-07,-0.0010111213
1.777623e-07,-0.0010096852
1.778623e-07,-0.0010139936
1.779623e-07,-0.0010262006
1.780623e-07,-0.0010455882
1.781623e-07,-0.0010678481
1.782623e-07,-0.0010850816
1.783623e-07,-0.0010929802
1.784623e-07,-0.0010915441
1.785623e-07,-0.0010857996
1.786623e-07,-0.0010829274
1.787623e-07,-0.0010922622
1.788623e-07,-0.0011145221
1.789623e-07,-0.0011453987
1.790623e-07,-0.0011748392
1.791623e-07,-0.0011935087
1.792623e-07,-0.0011949449
1.793623e-07,-0.0011813017
1.794623e-07,-0.0011604779
1.795623e-07,-0.0011432445
1.796623e-07,-0.0011375
1.797623e-07,-0.0011446806
1.798623e-07,-0.0011583238
1.799623e-07,-0.0011705308
1.800623e-07,-0.0011719669
1.801623e-07,-0.0011619141
1.802623e-07,-0.0011453987
1.803623e-07,-0.0011303194
1.804623e-07,-0.001126011
1.805623e-07,-0.0011346278
1.806623e-07,-0.0011518612
1.807623e-07,-0.0011705308
1.808623e-07,-0.0011834559
1.809623e-07,-0.0011870462
1.810623e-07,-0.0011841739
1.811623e-07,-0.0011805836
1.812623e-07,-0.0011834559
1.813623e-07,-0.0011942268
1.814623e-07,-0.0012093061
1.815623e-07,-0.0012229492
1.816623e-07,-0.0012294118
1.817623e-07,-0.0012279756
1.818623e-07,-0.0012229492
1.819623e-07,-0.0012215131
1.820623e-07,-0.0012294118
1.821623e-07,-0.0012466452
1.822623e-07,-0.001268187
1.823623e-07,-0.0012839844
1.824623e-07,-0.0012868566
1.825623e-07,-0.0012746496
1.826623e-07,-0.0012531078
1.827623e-07,-0.0012315659
1.828623e-07,-0.0012179228
1.829623e-07,-0.0012172047
1.830623e-07,-0.0012258215
1.831623e-07,-0.0012358743
1.832623e-07,-0.0012409007
1.833623e-07,-0.0012373104
1.834623e-07,-0.0012286937
1.835623e-07,-0.0012236673
1.836623e-07,-0.0012294118
1.837623e-07,-0.0012473633
1.838623e-07,-0.0012732135
1.839623e-07,-0.0012976275
1.840623e-07,-0.0013098346
1.841623e-07,-0.0013062443
1.842623e-07,-0.001291165
1.843623e-07,-0.0012732135
1.844623e-07,-0.0012638787
1.845623e-07,-0.0012689051
1.846623e-07,-0.0012875747
1.847623e-07,-0.0013119887
1.848623e-07,-0.0013328125
1.849623e-07,-0.0013435834
1.850623e-07,-0.0013428653
1.851623e-07,-0.0013371209
1.852623e-07,-0.0013328125
1.853623e-07,-0.0013356847
1.854623e-07,-0.0013457376
1.855623e-07,-0.0013579446
1.856623e-07,-0.0013672794
1.857623e-07,-0.0013687155
1.858623e-07,-0.0013644072
1.859623e-07,-0.0013579446
1.860623e-07,-0.0013557904
1.861623e-07,-0.0013600988
1.862623e-07,-0.0013694336
1.863623e-07,-0.0013773323
1.864623e-07,-0.0013787684
1.865623e-07,-0.0013715878
1.866623e-07,-0.0013593807
1.867623e-07,-0.0013478918
1.868623e-07,-0.0013443015
1.869623e-07,-0.0013514821
1.870623e-07,-0.0013644072
1.871623e-07,-0.0013766142
1.872623e-07,-0.0013787684
1.873623e-07,-0.0013658433
1.874623e-07,-0.0013407112
1.875623e-07,-0.0013112707
1.876623e-07,-0.0012868566
1.877623e-07,-0.0012746496
1.878623e-07,-0.0012760857
1.879623e-07,-0.0012868566
1.880623e-07,-0.0012983456
1.881623e-07,-0.0013048081
1.882623e-07,-0.001302654
1.883623e-07,-0.0012954733
1.884623e-07,-0.0012868566
1.885623e-07,-0.0012811121
1.886623e-07,-0.0012782399
1.887623e-07,-0.0012775218
1.888623e-07,-0.0012753676
1.889623e-07,-0.0012696232
1.890623e-07,-0.0012617245
1.891623e-07,-0.0012552619
1.892623e-07,-0.0012523897
1.893623e-07,-0.0012552619
1.894623e-07,-0.0012610064
1.895623e-07,-0.0012653148
1.896623e-07,-0.0012638787
1.897623e-07,-0.00125598
1.898623e-07,-0.0012452091
1.899623e-07,-0.0012387466
1.900623e-07,-0.0012409007
1.901623e-07,-0.00125598
1.902623e-07,-0.0012803941
1.903623e-07,-0.0013083984
1.904623e-07,-0.0013328125
1.905623e-07,-0.0013486098
1.906623e-07,-0.0013550724
1.907623e-07,-0.0013557904
1.908623e-07,-0.0013557904
1.909623e-07,-0.0013586627
1.910623e-07,-0.0013651252
1.911623e-07,-0.0013730239
1.912623e-07,-0.0013787684
1.913623e-07,-0.0013823587
1.914623e-07,-0.0013852309
1.915623e-07,-0.0013902574
1.916623e-07,-0.0014017463
1.917623e-07,-0.0014189798
1.918623e-07,-0.0014383674
1.919623e-07,-0.0014534467
1.920623e-07,-0.0014591912
1.921623e-07,-0.0014534467
1.922623e-07,-0.0014398035
1.923623e-07,-0.0014240062
1.924623e-07,-0.0014132353
1.925623e-07,-0.0014117992
1.926623e-07,-0.0014182617
1.927623e-07,-0.0014283146
1.928623e-07,-0.0014362132
1.929623e-07,-0.0014383674
1.930623e-07,-0.0014354952
1.931623e-07,-0.001433341
1.932623e-07,-0.0014362132
1.933623e-07,-0.0014484203
1.934623e-07,-0.0014678079
1.935623e-07,-0.0014893497
1.936623e-07,-0.0015051471
1.937623e-07,-0.0015094554
1.938623e-07,-0.0015015568
1.939623e-07,-0.0014857594
1.940623e-07,-0.0014706801
1.941623e-07,-0.0014620634
1.942623e-07,-0.0014627815
1.943623e-07,-0.0014713982
1.944623e-07,-0.0014821691
1.945623e-07,-0.0014879136
1.946623e-07,-0.0014850414
1.947623e-07,-0.0014742705
1.948623e-07,-0.0014591912
1.949623e-07,-0.00144483
1.950623e-07,-0.0014362132
1.951623e-07,-0.0014340591
1.952623e-07,-0.0014362132
1.953623e-07,-0.0014383674
1.954623e-07,-0.0014383674
1.955623e-07,-0.001433341
1.956623e-07,-0.0014247243
1.957623e-07,-0.0014161075
1.958623e-07,-0.001409645
1.959623e-07,-0.0014089269
1.960623e-07,-0.0014132353
1.961623e-07,-0.001421134
1.962623e-07,-0.0014311868
1.963623e-07,-0.0014405216
1.964623e-07,-0.0014477022
1.965623e-07,-0.0014512925
1.966623e-07,-0.0014498564
1.967623e-07,-0.00144483
1.968623e-07,-0.0014362132
1.969623e-07,-0.0014247243
1.970623e-07,-0.0014117992
1.971623e-07,-0.0014003102
1.972623e-07,-0.0013902574
1.973623e-07,-0.0013845129
1.974623e-07,-0.0013837948
1.975623e-07,-0.0013895393
1.976623e-07,-0.0014017463
1.977623e-07,-0.0014196978
1.978623e-07,-0.0014419577
1.979623e-07,-0.0014642176
1.980623e-07,-0.0014821691
1.981623e-07,-0.0014915039
1.982623e-07,-0.0014893497
1.983623e-07,-0.0014764246
1.984623e-07,-0.0014591912
1.985623e-07,-0.0014441119
1.986623e-07,-0.0014383674
1.987623e-07,-0.0014477022
1.988623e-07,-0.0014706801
1.989623e-07,-0.0015015568
1.990623e-07,-0.0015317153
1.991623e-07,-0.0015532571
1.992623e-07,-0.0015625919
1.993623e-07,-0.0015611558
1.994623e-07,-0.0015561294
1.995623e-07,-0.0015546932
1.996623e-07,-0.0015625919
1.997623e-07,-0.0015798254
1.998623e-07,-0.0016028033
1.999623e-07,-0.0016257812
2.000623e-07,-0.0016430147
2.001623e-07,-0.0016537856
2.002623e-07,-0.0016595301
2.003623e-07,-0.0016667107
2.004623e-07,-0.0016774816
2.005623e-07,-0.0016925609
2.006623e-07,-0.0017090763
2.007623e-07,-0.0017205653
2.008623e-07,-0.0017234375
2.009623e-07,-0.001717693
2.010623e-07,-0.0017076402
2.011623e-07,-0.0016997415
2.012623e-07,-0.0017004596
2.013623e-07,-0.0017119485
2.014623e-07,-0.0017313362
2.015623e-07,-0.001752878
2.016623e-07,-0.0017693934
2.017623e-07,-0.001777292
2.018623e-07,-0.0017751379
2.019623e-07,-0.0017672392
2.020623e-07,-0.0017579044
2.021623e-07,-0.0017492877
2.022623e-07,-0.001741389
2.023623e-07,-0.0017334903
2.024623e-07,-0.0017234375
2.025623e-07,-0.0017126666
2.026623e-07,-0.0017026137
2.027623e-07,-0.0016975873
2.028623e-07,-0.0017004596
2.029623e-07,-0.0017097943
2.030623e-07,-0.0017220014
2.031623e-07,-0.0017313362
2.032623e-07,-0.0017349265
2.033623e-07,-0.0017313362
2.034623e-07,-0.0017234375
2.035623e-07,-0.0017162569
2.036623e-07,-0.0017119485
2.037623e-07,-0.0017112305
2.038623e-07,-0.0017097943
2.039623e-07,-0.0017040499
2.040623e-07,-0.0016889706
2.041623e-07,-0.0016667107
2.042623e-07,-0.0016415786
2.043623e-07,-0.0016200368
2.044623e-07,-0.0016085478
2.045623e-07,-0.0016071117
2.046623e-07,-0.0016121381
2.047623e-07,-0.0016186006
2.048623e-07,-0.0016200368
2.049623e-07,-0.0016171645
2.050623e-07,-0.0016121381
2.051623e-07,-0.0016121381
2.052623e-07,-0.0016200368
2.053623e-07,-0.0016358341
2.054623e-07,-0.0016530676
2.055623e-07,-0.0016652746
2.056623e-07,-0.0016659926
2.057623e-07,-0.0016552217
2.058623e-07,-0.0016379883
2.059623e-07,-0.0016236271
2.060623e-07,-0.0016200368
2.061623e-07,-0.0016286535
2.062623e-07,-0.001646605
2.063623e-07,-0.0016652746
2.064623e-07,-0.0016774816
2.065623e-07,-0.0016803539
2.066623e-07,-0.0016760455
2.067623e-07,-0.0016731733
2.068623e-07,-0.0016774816
2.069623e-07,-0.0016925609
2.070623e-07,-0.0017141027
2.071623e-07,-0.0017342084
2.072623e-07,-0.0017464154
2.073623e-07,-0.0017471335
2.074623e-07,-0.0017392348
2.075623e-07,-0.0017320542
2.076623e-07,-0.0017349265
2.077623e-07,-0.0017514419
2.078623e-07,-0.0017801643
2.079623e-07,-0.001812477
2.080623e-07,-0.0018383272
2.081623e-07,-0.0018512523
2.082623e-07,-0.0018512523
2.083623e-07,-0.0018433536
2.084623e-07,-0.0018383272
2.085623e-07,-0.0018426356
2.086623e-07,-0.0018584329
2.087623e-07,-0.0018821289
2.088623e-07,-0.001907261
2.089623e-07,-0.0019273667
2.090623e-07,-0.0019395738
2.091623e-07,-0.0019467544
2.092623e-07,-0.0019532169
2.093623e-07,-0.0019632698
2.094623e-07,-0.001977631
2.095623e-07,-0.0019948644
2.096623e-07,-0.0020106618
2.097623e-07,-0.0020214327
2.098623e-07,-0.0020264591
2.099623e-07,-0.0020286133
2.100623e-07,-0.0020336397
2.101623e-07,-0.0020436926
2.102623e-07,-0.0020587718
2.103623e-07,-0.0020767233
2.104623e-07,-0.0020910846
2.105623e-07,-0.0020989832
2.106623e-07,-0.0020997013
2.107623e-07,-0.002096111
2.108623e-07,-0.0020910846
2.109623e-07,-0.0020896484
2.110623e-07,-0.0020939568
2.111623e-07,-0.0021025735
2.112623e-07,-0.0021140625
2.113623e-07,-0.0021262695
2.114623e-07,-0.0021391946
2.115623e-07,-0.0021542739
2.116623e-07,-0.0021715074
2.117623e-07,-0.0021916131
2.118623e-07,-0.0022117188
2.119623e-07,-0.0022289522
2.120623e-07,-0.0022404412
2.121623e-07,-0.0022447495
2.122623e-07,-0.0022433134
2.123623e-07,-0.0022404412
2.124623e-07,-0.0022404412
2.125623e-07,-0.0022447495
2.126623e-07,-0.0022519301
2.127623e-07,-0.0022591108
2.128623e-07,-0.0022634191
2.129623e-07,-0.0022627011
2.130623e-07,-0.0022576746
2.131623e-07,-0.0022533663
2.132623e-07,-0.0022519301
2.133623e-07,-0.0022555205
2.134623e-07,-0.0022634191
2.135623e-07,-0.0022713178
2.136623e-07,-0.0022749081
2.137623e-07,-0.0022720358
2.138623e-07,-0.0022627011
2.139623e-07,-0.0022512121
2.140623e-07,-0.0022404412
2.141623e-07,-0.0022346967
2.142623e-07,-0.0022339786
2.143623e-07,-0.0022361328
2.144623e-07,-0.0022404412
2.145623e-07,-0.0022440315
2.146623e-07,-0.0022461857
2.147623e-07,-0.0022483398
2.148623e-07,-0.0022519301
2.149623e-07,-0.0022569566
2.150623e-07,-0.002261983
2.151623e-07,-0.0022648552
2.152623e-07,-0.0022634191
2.153623e-07,-0.0022576746
2.154623e-07,-0.002249776
2.155623e-07,-0.0022433134
2.156623e-07,-0.0022404412
2.157623e-07,-0.0022425954
2.158623e-07,-0.0022490579
2.159623e-07,-0.0022562385
2.160623e-07,-0.0022634191
2.161623e-07,-0.0022684455
2.162623e-07,-0.002273472
2.163623e-07,-0.0022792165
2.164623e-07,-0.0022863971
2.165623e-07,-0.0022957318
2.166623e-07,-0.0023050666
2.167623e-07,-0.0023136834
2.168623e-07,-0.002320864
2.169623e-07,-0.0023287626
2.170623e-07,-0.0023402516
2.171623e-07,-0.002356767
2.172623e-07,-0.0023783088
2.173623e-07,-0.0024005687
2.174623e-07,-0.0024178022
2.175623e-07,-0.0024264189
2.176623e-07,-0.0024242647
2.177623e-07,-0.002416366
2.178623e-07,-0.0024091854
2.179623e-07,-0.0024113396
2.180623e-07,-0.0024242647
2.181623e-07,-0.0024458065
2.182623e-07,-0.0024680664
2.183623e-07,-0.0024817096
2.184623e-07,-0.0024817096
2.185623e-07,-0.0024702206
2.186623e-07,-0.0024558594
2.187623e-07,-0.0024493968
2.188623e-07,-0.0024587316
2.189623e-07,-0.0024852999
2.190623e-07,-0.0025212029
2.191623e-07,-0.0025542337
2.192623e-07,-0.0025736213
2.193623e-07,-0.0025729033
2.194623e-07,-0.0025542337
2.195623e-07,-0.0025276654
2.196623e-07,-0.0025046875
2.197623e-07,-0.0024931985
2.198623e-07,-0.0024946347
2.199623e-07,-0.0025046875
2.200623e-07,-0.0025161765
2.201623e-07,-0.002522639
2.202623e-07,-0.002521921
2.203623e-07,-0.0025183307
2.204623e-07,-0.0025161765
2.205623e-07,-0.0025197668
2.206623e-07,-0.0025276654
2.207623e-07,-0.0025362822
2.208623e-07,-0.0025391544
2.209623e-07,-0.0025312557
2.210623e-07,-0.0025118681
2.211623e-07,-0.0024852999
2.212623e-07,-0.0024587316
2.213623e-07,-0.0024386259
2.214623e-07,-0.0024271369
2.215623e-07,-0.0024235466
2.216623e-07,-0.0024242647
2.217623e-07,-0.0024257008
2.218623e-07,-0.0024257008
2.219623e-07,-0.0024242647
2.220623e-07,-0.0024242647
2.221623e-07,-0.0024271369
2.222623e-07,-0.0024328814
2.223623e-07,-0.0024407801
2.224623e-07,-0.0024472426
2.225623e-07,-0.002451551
2.226623e-07,-0.0024544233
2.227623e-07,-0.0024558594
2.228623e-07,-0.0024587316
2.229623e-07,-0.0024623219
2.230623e-07,-0.0024644761
2.231623e-07,-0.002463758
2.232623e-07,-0.0024587316
2.233623e-07,-0.002450833
2.234623e-07,-0.0024436523
2.235623e-07,-0.0024414982
2.236623e-07,-0.0024472426
2.237623e-07,-0.0024608858
2.238623e-07,-0.0024781193
2.239623e-07,-0.0024946347
2.240623e-07,-0.0025046875
2.241623e-07,-0.0025082778
2.242623e-07,-0.0025082778
2.243623e-07,-0.0025097139
2.244623e-07,-0.0025161765
2.245623e-07,-0.0025283835
2.246623e-07,-0.0025434628
2.247623e-07,-0.0025563879
2.248623e-07,-0.0025621324
2.249623e-07,-0.0025599782
2.250623e-07,-0.0025527976
2.251623e-07,-0.0025477711
2.252623e-07,-0.0025506434
2.253623e-07,-0.0025635685
2.254623e-07,-0.0025836742
2.255623e-07,-0.0026044979
2.256623e-07,-0.0026195772
2.257623e-07,-0.0026246036
2.258623e-07,-0.0026202953
2.259623e-07,-0.0026123966
2.260623e-07,-0.0026080882
2.261623e-07,-0.0026131147
2.262623e-07,-0.0026281939
2.263623e-07,-0.0026511719
2.264623e-07,-0.0026770221
2.265623e-07,-0.0027007181
2.266623e-07,-0.0027201057
2.267623e-07,-0.0027344669
2.268623e-07,-0.0027459559
2.269623e-07,-0.0027552907
2.270623e-07,-0.0027631893
2.271623e-07,-0.0027682158
2.272623e-07,-0.0027689338
2.273623e-07,-0.0027667796
2.274623e-07,-0.0027639074
2.275623e-07,-0.0027639074
2.276623e-07,-0.0027689338
2.277623e-07,-0.0027797047
2.278623e-07,-0.0027933479
2.279623e-07,-0.002806273
2.280623e-07,-0.0028148897
2.281623e-07,-0.00281848
2.282623e-07,-0.0028199161
2.283623e-07,-0.0028213523
2.284623e-07,-0.0028263787
2.285623e-07,-0.0028342773
2.286623e-07,-0.002842176
2.287623e-07,-0.0028443302
2.288623e-07,-0.0028378676
2.289623e-07,-0.0028220703
2.290623e-07,-0.0028012466
2.291623e-07,-0.0027818589
2.292623e-07,-0.0027689338
2.293623e-07,-0.0027653435
2.294623e-07,-0.0027696519
2.295623e-07,-0.0027768325
2.296623e-07,-0.0027804228
2.297623e-07,-0.0027775506
2.298623e-07,-0.0027682158
2.299623e-07,-0.0027567268
2.300623e-07,-0.0027459559
2.301623e-07,-0.0027394933
2.302623e-07,-0.0027373392
2.303623e-07,-0.0027366211
2.304623e-07,-0.0027344669
2.305623e-07,-0.0027287224
2.306623e-07,-0.0027193876
2.307623e-07,-0.0027093348
2.308623e-07,-0.0027
2.309623e-07,-0.0026928194
2.310623e-07,-0.0026856388
2.311623e-07,-0.0026770221
2.312623e-07,-0.0026655331
2.313623e-07,-0.002652608
2.314623e-07,-0.0026418371
2.315623e-07,-0.0026382468
2.316623e-07,-0.0026425551
2.317623e-07,-0.0026540441
2.318623e-07,-0.0026662511
2.319623e-07,-0.0026712776
2.320623e-07,-0.0026655331
2.321623e-07,-0.0026475816
2.322623e-07,-0.0026224494
2.323623e-07,-0.0025994715
2.324623e-07,-0.0025851103
2.325623e-07,-0.0025836742
2.326623e-07,-0.0025922909
2.327623e-07,-0.0026030618
2.328623e-07,-0.0026080882
2.329623e-07,-0.0026030618
2.330623e-07,-0.0025894187
2.331623e-07,-0.0025729033
2.332623e-07,-0.0025621324
2.333623e-07,-0.0025628504
2.334623e-07,-0.0025764936
2.335623e-07,-0.0025980354
2.336623e-07,-0.0026195772
2.337623e-07,-0.0026339384
2.338623e-07,-0.0026368107
2.339623e-07,-0.0026303481
2.340623e-07,-0.0026195772
2.341623e-07,-0.0026102424
2.342623e-07,-0.0026073702
2.343623e-07,-0.0026109605
2.344623e-07,-0.0026195772
2.345623e-07,-0.0026296301
2.346623e-07,-0.0026375287
2.347623e-07,-0.0026418371
2.348623e-07,-0.0026425551
2.349623e-07,-0.002641119
2.350623e-07,-0.0026382468
2.351623e-07,-0.0026346565
2.352623e-07,-0.0026310662
2.353623e-07,-0.002628912
2.354623e-07,-0.002628912
2.355623e-07,-0.0026332204
2.356623e-07,-0.0026425551
2.357623e-07,-0.0026554802
2.358623e-07,-0.0026698415
2.359623e-07,-0.0026813304
2.360623e-07,-0.002688511
2.361623e-07,-0.0026913833
2.362623e-07,-0.0026921013
2.363623e-07,-0.0026935375
2.364623e-07,-0.0027
2.365623e-07,-0.0027107709
2.366623e-07,-0.0027244141
2.367623e-07,-0.0027373392
2.368623e-07,-0.0027459559
2.369623e-07,-0.0027481101
2.370623e-07,-0.0027452378
2.371623e-07,-0.0027394933
2.372623e-07,-0.0027344669
2.373623e-07,-0.0027315947
2.374623e-07,-0.0027315947
2.375623e-07,-0.0027330308
2.376623e-07,-0.0027344669
2.377623e-07,-0.0027366211
2.378623e-07,-0.0027409295
2.379623e-07,-0.002747392
2.380623e-07,-0.0027574449
2.381623e-07,-0.0027689338
2.382623e-07,-0.0027804228
2.383623e-07,-0.0027876034
2.384623e-07,-0.0027919118
2.385623e-07,-0.002794784
2.386623e-07,-0.0028019646
2.387623e-07,-0.0028156078
2.388623e-07,-0.0028378676
2.389623e-07,-0.002865872
2.390623e-07,-0.0028924403
2.391623e-07,-0.0029111098
2.392623e-07,-0.0029182904
2.393623e-07,-0.0029154182
2.394623e-07,-0.0029089557
2.395623e-07,-0.0029082376
2.396623e-07,-0.0029182904
2.397623e-07,-0.0029412684
2.398623e-07,-0.002972145
2.399623e-07,-0.0030023035
2.400623e-07,-0.0030216912
2.401623e-07,-0.0030259995
2.402623e-07,-0.0030173828
2.403623e-07,-0.0030015855
2.404623e-07,-0.0029872243
2.405623e-07,-0.0029800437
2.406623e-07,-0.0029821978
2.407623e-07,-0.0029900965
2.408623e-07,-0.0029987132
2.409623e-07,-0.0030030216
2.410623e-07,-0.0030030216
2.411623e-07,-0.0030001494
2.412623e-07,-0.0029987132
2.413623e-07,-0.0030015855
2.414623e-07,-0.003008048
2.415623e-07,-0.0030166648
2.416623e-07,-0.0030216912
2.417623e-07,-0.0030209731
2.418623e-07,-0.0030152286
2.419623e-07,-0.0030058938
2.420623e-07,-0.0029987132
2.421623e-07,-0.0029965591
2.422623e-07,-0.0029994313
2.423623e-07,-0.0030051758
2.424623e-07,-0.0030102022
2.425623e-07,-0.0030116383
2.426623e-07,-0.003008048
2.427623e-07,-0.0030030216
2.428623e-07,-0.0029987132
2.429623e-07,-0.0029987132
2.430623e-07,-0.0030037397
2.431623e-07,-0.0030130744
2.432623e-07,-0.0030216912
2.433623e-07,-0.0030281537
2.434623e-07,-0.0030295898
2.435623e-07,-0.0030274357
2.436623e-07,-0.0030216912
2.437623e-07,-0.0030145106
2.438623e-07,-0.0030058938
2.439623e-07,-0.0029965591
2.440623e-07,-0.0029872243
2.441623e-07,-0.0029786075
2.442623e-07,-0.002972145
2.443623e-07,-0.0029714269
2.444623e-07,-0.0029757353
2.445623e-07,-0.0029850701
2.446623e-07,-0.002995841
2.447623e-07,-0.0030051758
2.448623e-07,-0.0030102022
2.449623e-07,-0.0030109203
2.450623e-07,-0.0030094841
2.451623e-07,-0.003008048
2.452623e-07,-0.0030102022
2.453623e-07,-0.0030152286
2.454623e-07,-0.0030224092
2.455623e-07,-0.0030288718
2.456623e-07,-0.0030331801
2.457623e-07,-0.0030367705
2.458623e-07,-0.0030425149
2.459623e-07,-0.0030518497
2.460623e-07,-0.0030676471
2.461623e-07,-0.0030870347
2.462623e-07,-0.0031057043
2.463623e-07,-0.0031193474
2.464623e-07,-0.0031250919
2.465623e-07,-0.0031236558
2.466623e-07,-0.0031186294
2.467623e-07,-0.003114321
2.468623e-07,-0.0031136029
2.469623e-07,-0.0031150391
2.470623e-07,-0.003114321
2.471623e-07,-0.0031071404
2.472623e-07,-0.003090625
2.473623e-07,-0.0030676471
2.474623e-07,-0.0030453872
2.475623e-07,-0.003031744
2.476623e-07,-0.0030331801
2.477623e-07,-0.0030504136
2.478623e-07,-0.0030769818
2.479623e-07,-0.0031049862
2.480623e-07,-0.0031250919
2.481623e-07,-0.0031322725
2.482623e-07,-0.0031272461
2.483623e-07,-0.0031150391
2.484623e-07,-0.003102114
2.485623e-07,-0.0030927792
2.486623e-07,-0.0030870347
2.487623e-07,-0.0030834444
2.488623e-07,-0.003079136
2.489623e-07,-0.0030733915
2.490623e-07,-0.0030676471
2.491623e-07,-0.0030654929
2.492623e-07,-0.0030676471
2.493623e-07,-0.0030741096
2.494623e-07,-0.0030805722
2.495623e-07,-0.0030827263
2.496623e-07,-0.003079136
2.497623e-07,-0.0030712374
2.498623e-07,-0.0030654929
2.499623e-07,-0.003066929
2.500623e-07,-0.003079136
2.501623e-07,-0.0030999598
2.502623e-07,-0.0031222197
2.503623e-07,-0.0031365809
2.504623e-07,-0.0031365809
2.505623e-07,-0.0031236558
2.506623e-07,-0.0031042682
2.507623e-07,-0.0030899069
2.508623e-07,-0.003090625
2.509623e-07,-0.0031085765
2.510623e-07,-0.0031387351
2.511623e-07,-0.0031710478
2.512623e-07,-0.0031940257
2.513623e-07,-0.0032019244
2.514623e-07,-0.003196898
2.515623e-07,-0.0031868451
2.516623e-07,-0.0031825368
2.517623e-07,-0.0031904354
2.518623e-07,-0.0032112592
2.519623e-07,-0.0032385455
2.520623e-07,-0.0032629596
2.521623e-07,-0.0032773208
2.522623e-07,-0.003279475
2.523623e-07,-0.0032722943
2.524623e-07,-0.0032629596
2.525623e-07,-0.0032579331
2.526623e-07,-0.0032615234
2.527623e-07,-0.0032715763
2.528623e-07,-0.0032859375
2.529623e-07,-0.0033010168
2.530623e-07,-0.0033146599
2.531623e-07,-0.0033290211
2.532623e-07,-0.0033433824
2.533623e-07,-0.0033591797
2.534623e-07,-0.003374259
2.535623e-07,-0.0033850299
2.536623e-07,-0.0033893382
2.537623e-07,-0.003386466
2.538623e-07,-0.0033785673
2.539623e-07,-0.0033706687
2.540623e-07,-0.0033663603
2.541623e-07,-0.0033670784
2.542623e-07,-0.0033699506
2.543623e-07,-0.0033713867
2.544623e-07,-0.0033663603
2.545623e-07,-0.0033548713
2.546623e-07,-0.0033405101
2.547623e-07,-0.003327585
2.548623e-07,-0.0033204044
2.549623e-07,-0.0033196864
2.550623e-07,-0.0033232767
2.551623e-07,-0.0033247128
2.552623e-07,-0.0033204044
2.553623e-07,-0.0033103516
2.554623e-07,-0.0032995807
2.555623e-07,-0.0032931181
2.556623e-07,-0.0032974265
2.557623e-07,-0.0033117877
2.558623e-07,-0.0033318934
2.559623e-07,-0.0033484088
2.560623e-07,-0.0033548713
2.561623e-07,-0.0033476907
2.562623e-07,-0.0033318934
2.563623e-07,-0.003316096
2.564623e-07,-0.0033089154
2.565623e-07,-0.003316096
2.566623e-07,-0.0033354837
2.567623e-07,-0.0033591797
2.568623e-07,-0.0033778493
2.569623e-07,-0.0033835938
2.570623e-07,-0.003374977
2.571623e-07,-0.0033591797
2.572623e-07,-0.0033433824
2.573623e-07,-0.0033369198
2.574623e-07,-0.0033426643
2.575623e-07,-0.0033584616
2.576623e-07,-0.0033778493
2.577623e-07,-0.0033936466
2.578623e-07,-0.0034015453
2.579623e-07,-0.0034022633
2.580623e-07,-0.0034008272
2.581623e-07,-0.0034022633
2.582623e-07,-0.0034108801
2.583623e-07,-0.0034266774
2.584623e-07,-0.0034467831
2.585623e-07,-0.0034668888
2.586623e-07,-0.0034834042
2.587623e-07,-0.0034956112
2.588623e-07,-0.0035042279
2.589623e-07,-0.0035121266
2.590623e-07,-0.0035200253
2.591623e-07,-0.0035293601
2.592623e-07,-0.0035386949
2.593623e-07,-0.0035480296
2.594623e-07,-0.0035580825
2.595623e-07,-0.0035695715
2.596623e-07,-0.0035846507
2.597623e-07,-0.0036026023
2.598623e-07,-0.003622708
2.599623e-07,-0.0036406595
2.600623e-07,-0.0036535846
2.601623e-07,-0.0036578929
2.602623e-07,-0.0036528665
2.603623e-07,-0.0036428136
2.604623e-07,-0.0036306066
2.605623e-07,-0.0036219899
2.606623e-07,-0.0036191176
2.607623e-07,-0.003622708
2.608623e-07,-0.0036306066
2.609623e-07,-0.0036385053
2.610623e-07,-0.0036428136
2.611623e-07,-0.0036406595
2.612623e-07,-0.0036306066
2.613623e-07,-0.0036148093
2.614623e-07,-0.0035954216
2.615623e-07,-0.003576034
2.616623e-07,-0.0035616728
2.617623e-07,-0.0035544922
2.618623e-07,-0.0035552102
2.619623e-07,-0.0035623909
2.620623e-07,-0.0035731618
2.621623e-07,-0.0035817785
2.622623e-07,-0.0035832146
2.623623e-07,-0.003576034
2.624623e-07,-0.0035616728
2.625623e-07,-0.0035437213
2.626623e-07,-0.0035293601
2.627623e-07,-0.0035228975
2.628623e-07,-0.0035272059
2.629623e-07,-0.0035394129
2.630623e-07,-0.0035552102
2.631623e-07,-0.0035674173
2.632623e-07,-0.0035731618
2.633623e-07,-0.0035710076
2.634623e-07,-0.0035631089
2.635623e-07,-0.0035552102
2.636623e-07,-0.0035501838
2.637623e-07,-0.0035494658
2.638623e-07,-0.0035509019
2.639623e-07,-0.0035516199
2.640623e-07,-0.0035501838
2.641623e-07,-0.0035465935
2.642623e-07,-0.0035430032
2.643623e-07,-0.0035437213
2.644623e-07,-0.0035501838
2.645623e-07,-0.0035616728
2.646623e-07,-0.0035745979
2.647623e-07,-0.0035839327
2.648623e-07,-0.0035846507
2.649623e-07,-0.0035774701
2.650623e-07,-0.0035659812
2.651623e-07,-0.0035552102
2.652623e-07,-0.0035501838
2.653623e-07,-0.0035516199
2.654623e-07,-0.0035573644
2.655623e-07,-0.0035623909
2.656623e-07,-0.0035616728
2.657623e-07,-0.0035544922
2.658623e-07,-0.0035422852
2.659623e-07,-0.0035315142
2.660623e-07,-0.0035272059
2.661623e-07,-0.0035315142
2.662623e-07,-0.0035422852
2.663623e-07,-0.0035544922
2.664623e-07,-0.0035616728
2.665623e-07,-0.0035609547
2.666623e-07,-0.0035516199
2.667623e-07,-0.0035386949
2.668623e-07,-0.0035272059
2.669623e-07,-0.0035228975
2.670623e-07,-0.0035264878
2.671623e-07,-0.0035365407
2.672623e-07,-0.0035501838
2.673623e-07,-0.0035631089
2.674623e-07,-0.0035724437
2.675623e-07,-0.0035796243
2.676623e-07,-0.0035846507
2.677623e-07,-0.0035889591
2.678623e-07,-0.0035925494
2.679623e-07,-0.0035954216
2.680623e-07,-0.0035961397
2.681623e-07,-0.0035961397
2.682623e-07,-0.0035968578
2.683623e-07,-0.0036004481
2.684623e-07,-0.0036076287
2.685623e-07,-0.0036183996
2.686623e-07,-0.0036291705
2.687623e-07,-0.0036377872
2.688623e-07,-0.0036420956
2.689623e-07,-0.0036413775
2.690623e-07,-0.0036377872
2.691623e-07,-0.0036334789
2.692623e-07,-0.0036306066
2.693623e-07,-0.0036277344
2.694623e-07,-0.0036241441
2.695623e-07,-0.0036169635
2.696623e-07,-0.0036076287
2.697623e-07,-0.0035982939
2.698623e-07,-0.0035932675
2.699623e-07,-0.0035961397
2.700623e-07,-0.0036076287
2.701623e-07,-0.0036241441
2.702623e-07,-0.0036385053
2.703623e-07,-0.0036449678
2.704623e-07,-0.0036420956
2.705623e-07,-0.0036320427
2.706623e-07,-0.0036205538
2.707623e-07,-0.0036155273
2.708623e-07,-0.0036191176
2.709623e-07,-0.0036291705
2.710623e-07,-0.0036392233
2.711623e-07,-0.0036406595
2.712623e-07,-0.0036306066
2.713623e-07,-0.003611937
2.714623e-07,-0.0035918313
2.715623e-07,-0.0035810604
2.716623e-07,-0.0035846507
2.717623e-07,-0.0036018842
2.718623e-07,-0.003623426
2.719623e-07,-0.0036399414
2.720623e-07,-0.0036420956
2.721623e-07,-0.0036298886
2.722623e-07,-0.0036090648
2.723623e-07,-0.0035911133
2.724623e-07,-0.0035846507
2.725623e-07,-0.0035925494
2.726623e-07,-0.0036090648
2.727623e-07,-0.0036248621
2.728623e-07,-0.0036306066
2.729623e-07,-0.003622708
2.730623e-07,-0.0036061926
2.731623e-07,-0.0035903952
2.732623e-07,-0.0035846507
2.733623e-07,-0.0035932675
2.734623e-07,-0.003611937
2.735623e-07,-0.0036313247
2.736623e-07,-0.0036420956
2.737623e-07,-0.0036392233
2.738623e-07,-0.0036248621
2.739623e-07,-0.0036069106
2.740623e-07,-0.0035961397
2.741623e-07,-0.0035968578
2.742623e-07,-0.0036076287
2.743623e-07,-0.0036219899
2.744623e-07,-0.0036306066
2.745623e-07,-0.0036284524
2.746623e-07,-0.0036176815
2.747623e-07,-0.0036040384
2.748623e-07,-0.0035961397
2.749623e-07,-0.0035990119
2.750623e-07,-0.003611937
2.751623e-07,-0.0036284524
2.752623e-07,-0.0036420956
2.753623e-07,-0.0036478401
2.754623e-07,-0.0036456859
2.755623e-07,-0.0036420956
2.756623e-07,-0.0036420956
2.757623e-07,-0.0036499943
2.758623e-07,-0.0036622013
2.759623e-07,-0.0036736903
2.760623e-07,-0.0036765625
2.761623e-07,-0.0036672277
2.762623e-07,-0.003647122
2.763623e-07,-0.0036248621
2.764623e-07,-0.0036076287
2.765623e-07,-0.0036011661
2.766623e-07,-0.0036054745
2.767623e-07,-0.0036140912
2.768623e-07,-0.0036191176
2.769623e-07,-0.0036155273
2.770623e-07,-0.0036033203
2.771623e-07,-0.0035868049
2.772623e-07,-0.0035731618
2.773623e-07,-0.0035674173
2.774623e-07,-0.0035695715
2.775623e-07,-0.0035774701
2.776623e-07,-0.0035846507
2.777623e-07,-0.003587523
2.778623e-07,-0.0035860869
2.779623e-07,-0.0035832146
2.780623e-07,-0.0035846507
2.781623e-07,-0.0035932675
2.782623e-07,-0.0036076287
2.783623e-07,-0.0036262983
2.784623e-07,-0.0036420956
2.785623e-07,-0.0036528665
2.786623e-07,-0.003658611
2.787623e-07,-0.0036607652
2.788623e-07,-0.0036650735
2.789623e-07,-0.0036722541
2.790623e-07,-0.003682307
2.791623e-07,-0.0036923598
2.792623e-07,-0.0036995404
2.793623e-07,-0.0037016946
2.794623e-07,-0.0037002585
2.795623e-07,-0.0036988224
2.796623e-07,-0.0036995404
2.797623e-07,-0.0037031307
2.798623e-07,-0.0037081572
2.799623e-07,-0.0037117475
2.800623e-07,-0.0037110294
2.801623e-07,-0.0037074391
2.802623e-07,-0.0037045669
2.803623e-07,-0.0037052849
2.804623e-07,-0.0037110294
2.805623e-07,-0.0037196461
2.806623e-07,-0.0037239545
2.807623e-07,-0.00371821
2.808623e-07,-0.0036995404
2.809623e-07,-0.003670818
2.810623e-07,-0.0036413775
2.811623e-07,-0.0036212718
2.812623e-07,-0.0036191176
2.813623e-07,-0.0036341969
2.814623e-07,-0.003658611
2.815623e-07,-0.0036801528
2.816623e-07,-0.0036880515
2.817623e-07,-0.0036765625
2.818623e-07,-0.0036507123
2.819623e-07,-0.0036198357
2.820623e-07,-0.0035961397
2.821623e-07,-0.003587523
2.822623e-07,-0.0035939855
2.823623e-07,-0.0036083467
2.824623e-07,-0.0036191176
2.825623e-07,-0.0036183996
2.826623e-07,-0.0036047564
2.827623e-07,-0.0035832146
2.828623e-07,-0.0035616728
2.829623e-07,-0.0035487477
2.830623e-07,-0.0035487477
2.831623e-07,-0.0035588006
2.832623e-07,-0.0035731618
2.833623e-07,-0.0035860869
2.834623e-07,-0.0035932675
2.835623e-07,-0.0035954216
2.836623e-07,-0.0035961397
2.837623e-07,-0.0035982939
2.838623e-07,-0.0036040384
2.839623e-07,-0.003611219
2.840623e-07,-0.0036191176
2.841623e-07,-0.0036241441
2.842623e-07,-0.0036262983
2.843623e-07,-0.0036277344
2.844623e-07,-0.0036306066
2.845623e-07,-0.0036370692
2.846623e-07,-0.003646404
2.847623e-07,-0.0036564568
2.848623e-07,-0.0036650735
2.849623e-07,-0.0036701
2.850623e-07,-0.0036736903
2.851623e-07,-0.0036787167
2.852623e-07,-0.0036880515
2.853623e-07,-0.0037038488
2.854623e-07,-0.0037253906
2.855623e-07,-0.0037483686
2.856623e-07,-0.0037684743
2.857623e-07,-0.0037821174
2.858623e-07,-0.0037900161
2.859623e-07,-0.0037921703
2.860623e-07,-0.0037914522
2.861623e-07,-0.0037900161
2.862623e-07,-0.0037878619
2.863623e-07,-0.0037849897
2.864623e-07,-0.0037799632
2.865623e-07,-0.0037749368
2.866623e-07,-0.0037727826
2.867623e-07,-0.0037778091
2.868623e-07,-0.0037914522
2.869623e-07,-0.003812994
2.870623e-07,-0.0038374081
2.871623e-07,-0.0038589499
2.872623e-07,-0.003871875
2.873623e-07,-0.0038747472
2.874623e-07,-0.0038690028
2.875623e-07,-0.0038582318
2.876623e-07,-0.0038488971
2.877623e-07,-0.0038431526
2.878623e-07,-0.0038402803
2.879623e-07,-0.0038395623
2.880623e-07,-0.0038374081
2.881623e-07,-0.0038330997
2.882623e-07,-0.0038287914
2.883623e-07,-0.0038252011
2.884623e-07,-0.0038259191
2.885623e-07,-0.0038295094
2.886623e-07,-0.0038345358
2.887623e-07,-0.0038381261
2.888623e-07,-0.0038374081
2.889623e-07,-0.0038330997
2.890623e-07,-0.0038280733
2.891623e-07,-0.0038252011
2.892623e-07,-0.0038259191
2.893623e-07,-0.0038287914
2.894623e-07,-0.0038302275
2.895623e-07,-0.0038259191
2.896623e-07,-0.0038144301
2.897623e-07,-0.0037971967
2.898623e-07,-0.0037806813
2.899623e-07,-0.0037699104
2.900623e-07,-0.0037684743
2.901623e-07,-0.0037756549
2.902623e-07,-0.0037857077
2.903623e-07,-0.0037921703
2.904623e-07,-0.0037914522
2.905623e-07,-0.0037835535
2.906623e-07,-0.0037735007
2.907623e-07,-0.0037670381
2.908623e-07,-0.0037684743
2.909623e-07,-0.0037763729
2.910623e-07,-0.0037842716
2.911623e-07,-0.0037871438
2.912623e-07,-0.0037799632
2.913623e-07,-0.003764884
2.914623e-07,-0.0037505227
2.915623e-07,-0.0037454963
2.916623e-07,-0.0037569853
2.917623e-07,-0.0037835535
2.918623e-07,-0.0038173024
2.919623e-07,-0.0038467429
2.920623e-07,-0.003860386
2.921623e-07,-0.0038553596
2.922623e-07,-0.0038352539
2.923623e-07,-0.0038101218
2.924623e-07,-0.0037914522
2.925623e-07,-0.0037849897
2.926623e-07,-0.003789298
2.927623e-07,-0.0037979148
2.928623e-07,-0.0038029412
2.929623e-07,-0.0038000689
2.930623e-07,-0.0037914522
2.931623e-07,-0.0037821174
2.932623e-07,-0.0037799632
2.933623e-07,-0.0037878619
2.934623e-07,-0.0038036592
2.935623e-07,-0.0038187385
2.936623e-07,-0.0038259191
2.937623e-07,-0.0038201746
2.938623e-07,-0.0038036592
2.939623e-07,-0.0037835535
2.940623e-07,-0.0037684743
2.941623e-07,-0.0037641659
2.942623e-07,-0.0037713465
2.943623e-07,-0.0037828355
2.944623e-07,-0.0037914522
2.945623e-07,-0.0037914522
2.946623e-07,-0.0037842716
2.947623e-07,-0.0037735007
2.948623e-07,-0.0037684743
2.949623e-07,-0.0037742188
2.950623e-07,-0.0037921703
2.951623e-07,-0.0038158663
2.952623e-07,-0.0038374081
2.953623e-07,-0.0038496151
2.954623e-07,-0.0038488971
2.955623e-07,-0.0038395623
2.956623e-07,-0.0038259191
2.957623e-07,-0.0038158663
2.958623e-07,-0.0038137121
2.959623e-07,-0.0038180205
2.960623e-07,-0.0038259191
2.961623e-07,-0.0038330997
2.962623e-07,-0.0038374081
2.963623e-07,-0.0038381261
2.964623e-07,-0.0038374081
2.965623e-07,-0.0038381261
2.966623e-07,-0.0038409984
2.967623e-07,-0.0038453068
2.968623e-07,-0.0038488971
2.969623e-07,-0.0038510512
2.970623e-07,-0.0038532054
2.971623e-07,-0.0038553596
2.972623e-07,-0.003860386
2.973623e-07,-0.0038682847
2.974623e-07,-0.0038769014
2.975623e-07,-0.003883364
2.976623e-07,-0.003883364
2.977623e-07,-0.0038776195
2.978623e-07,-0.0038682847
2.979623e-07,-0.0038611041
2.980623e-07,-0.003860386
2.981623e-07,-0.0038697208
2.982623e-07,-0.0038862362
2.983623e-07,-0.0039041877
2.984623e-07,-0.0039178309
2.985623e-07,-0.0039214212
2.986623e-07,-0.0039135225
2.987623e-07,-0.0038984432
2.988623e-07,-0.003883364
2.989623e-07,-0.0038740292
2.990623e-07,-0.0038733111
2.991623e-07,-0.0038812098
2.992623e-07,-0.0038948529
2.993623e-07,-0.0039084961
2.994623e-07,-0.0039185489
2.995623e-07,-0.0039250115
2.996623e-07,-0.0039293199
2.997623e-07,-0.0039350643
2.998623e-07,-0.0039443991
2.999623e-07,-0.0039580423
3.000623e-07,-0.0039752757
3.001623e-07,-0.0039932273
3.002623e-07,-0.0040097426
3.003623e-07,-0.0040226677
3.004623e-07,-0.0040327206
3.005623e-07,-0.0040399012
3.006623e-07,-0.0040463637
3.007623e-07,-0.0040513902
3.008623e-07,-0.0040556985
3.009623e-07,-0.0040592888
3.010623e-07,-0.0040628791
3.011623e-07,-0.0040650333
3.012623e-07,-0.0040671875
3.013623e-07,-0.0040693417
3.014623e-07,-0.0040714959
3.015623e-07,-0.0040743681
3.016623e-07,-0.0040786765
3.017623e-07,-0.004085139
3.018623e-07,-0.0040951919
3.019623e-07,-0.004108117
3.020623e-07,-0.0041246324
3.021623e-07,-0.0041411477
3.022623e-07,-0.0041547909
3.023623e-07,-0.0041612534
3.024623e-07,-0.0041590993
3.025623e-07,-0.0041490464
3.026623e-07,-0.0041346852
3.027623e-07,-0.004121042
3.028623e-07,-0.0041131434
3.029623e-07,-0.0041145795
3.030623e-07,-0.0041246324
3.031623e-07,-0.0041411477
3.032623e-07,-0.0041590993
3.033623e-07,-0.0041734605
3.034623e-07,-0.0041820772
3.035623e-07,-0.0041849494
3.036623e-07,-0.0041820772
3.037623e-07,-0.0041777688
3.038623e-07,-0.0041734605
3.039623e-07,-0.0041713063
3.040623e-07,-0.0041705882
3.041623e-07,-0.0041713063
3.042623e-07,-0.0041720244
3.043623e-07,-0.0041713063
3.044623e-07,-0.0041705882
3.045623e-07,-0.0041691521
3.046623e-07,-0.0041684341
3.047623e-07,-0.0041691521
3.048623e-07,-0.0041705882
3.049623e-07,-0.0041734605
3.050623e-07,-0.0041777688
3.051623e-07,-0.0041806411
3.052623e-07,-0.0041820772
3.053623e-07,-0.004179923
3.054623e-07,-0.0041727424
3.055623e-07,-0.0041619715
3.056623e-07,-0.0041476103
3.057623e-07,-0.0041332491
3.058623e-07,-0.0041217601
3.059623e-07,-0.0041145795
3.060623e-07,-0.0041131434
3.061623e-07,-0.0041152976
3.062623e-07,-0.0041196059
3.063623e-07,-0.0041231962
3.064623e-07,-0.0041246324
3.065623e-07,-0.0041231962
3.066623e-07,-0.004120324
3.067623e-07,-0.0041167337
3.068623e-07,-0.0041131434
3.069623e-07,-0.0041102711
3.070623e-07,-0.0041066808
3.071623e-07,-0.0041038086
3.072623e-07,-0.0041016544
3.073623e-07,-0.0041030905
3.074623e-07,-0.004108835
3.075623e-07,-0.004120324
3.076623e-07,-0.0041361213
3.077623e-07,-0.0041526367
3.078623e-07,-0.0041662799
3.079623e-07,-0.0041763327
3.080623e-07,-0.0041820772
3.081623e-07,-0.0041878217
3.082623e-07,-0.0041985926
3.083623e-07,-0.0042158261
3.084623e-07,-0.0042395221
3.085623e-07,-0.0042646542
3.086623e-07,-0.0042854779
3.087623e-07,-0.0042969669
3.088623e-07,-0.0042969669
3.089623e-07,-0.0042905044
3.090623e-07,-0.0042840418
3.091623e-07,-0.0042854779
3.092623e-07,-0.0042969669
3.093623e-07,-0.0043170726
3.094623e-07,-0.0043378964
3.095623e-07,-0.0043522576
3.096623e-07,-0.0043544118
3.097623e-07,-0.004345795
3.098623e-07,-0.0043314338
3.099623e-07,-0.0043206629
3.100623e-07,-0.0043199449
3.101623e-07,-0.0043299977
3.102623e-07,-0.004345795
3.103623e-07,-0.0043601563
3.104623e-07,-0.0043659007
3.105623e-07,-0.0043608743
3.106623e-07,-0.0043479492
3.107623e-07,-0.0043357422
3.108623e-07,-0.0043314338
3.109623e-07,-0.0043378964
3.110623e-07,-0.0043544118
3.111623e-07,-0.0043737994
3.112623e-07,-0.0043888787
3.113623e-07,-0.0043960593
3.114623e-07,-0.0043960593
3.115623e-07,-0.0043917509
3.116623e-07,-0.0043888787
3.117623e-07,-0.0043903148
3.118623e-07,-0.0043953412
3.119623e-07,-0.0043996496
3.120623e-07,-0.0044003676
3.121623e-07,-0.0043953412
3.122623e-07,-0.0043867245
3.123623e-07,-0.0043795439
3.124623e-07,-0.0043773897
3.125623e-07,-0.0043824161
3.126623e-07,-0.0043910329
3.127623e-07,-0.0043989315
3.128623e-07,-0.0044003676
3.129623e-07,-0.0043939051
3.130623e-07,-0.0043824161
3.131623e-07,-0.0043709272
3.132623e-07,-0.0043659007
3.133623e-07,-0.004368773
3.134623e-07,-0.0043781078
3.135623e-07,-0.0043867245
3.136623e-07,-0.0043888787
3.137623e-07,-0.0043816981
3.138623e-07,-0.0043659007
3.139623e-07,-0.0043472312
3.140623e-07,-0.0043314338
3.141623e-07,-0.004322099
3.142623e-07,-0.0043199449
3.143623e-07,-0.0043199449
3.144623e-07,-0.0043199449
3.145623e-07,-0.0043170726
3.146623e-07,-0.0043134823
3.147623e-07,-0.0043127642
3.148623e-07,-0.0043199449
3.149623e-07,-0.0043350241
3.150623e-07,-0.0043544118
3.151623e-07,-0.0043709272
3.152623e-07,-0.0043773897
3.153623e-07,-0.0043716452
3.154623e-07,-0.0043551298
3.155623e-07,-0.0043350241
3.156623e-07,-0.0043199449
3.157623e-07,-0.0043156365
3.158623e-07,-0.0043228171
3.159623e-07,-0.0043378964
3.160623e-07,-0.0043544118
3.161623e-07,-0.0043659007
3.162623e-07,-0.0043709272
3.163623e-07,-0.004369491
3.164623e-07,-0.0043659007
3.165623e-07,-0.0043630285
3.166623e-07,-0.0043630285
3.167623e-07,-0.0043644646
3.168623e-07,-0.0043659007
3.169623e-07,-0.0043644646
3.170623e-07,-0.0043594382
3.171623e-07,-0.0043522576
3.172623e-07,-0.0043429228
3.173623e-07,-0.004333588
3.174623e-07,-0.0043242532
3.175623e-07,-0.0043149184
3.176623e-07,-0.0043084559
3.177623e-07,-0.0043063017
3.178623e-07,-0.0043113281
3.179623e-07,-0.0043242532
3.180623e-07,-0.0043429228
3.181623e-07,-0.0043601563
3.182623e-07,-0.004369491
3.183623e-07,-0.0043637466
3.184623e-07,-0.0043429228
3.185623e-07,-0.0043120462
3.186623e-07,-0.0042797335
3.187623e-07,-0.0042581916
3.188623e-07,-0.004251011
3.189623e-07,-0.0042581916
3.190623e-07,-0.0042725528
3.191623e-07,-0.0042833238
3.192623e-07,-0.0042854779
3.193623e-07,-0.0042775793
3.194623e-07,-0.0042653722
3.195623e-07,-0.0042581916
3.196623e-07,-0.0042625
3.197623e-07,-0.0042782973
3.198623e-07,-0.0042991211
3.199623e-07,-0.0043156365
3.200623e-07,-0.0043199449
3.201623e-07,-0.0043091739
3.202623e-07,-0.0042897863
3.203623e-07,-0.0042711167
3.204623e-07,-0.0042625
3.205623e-07,-0.0042675264
3.206623e-07,-0.0042818876
3.207623e-07,-0.004298403
3.208623e-07,-0.0043084559
3.209623e-07,-0.0043077378
3.210623e-07,-0.004298403
3.211623e-07,-0.0042883502
3.212623e-07,-0.0042854779
3.213623e-07,-0.0042926585
3.214623e-07,-0.0043077378
3.215623e-07,-0.0043228171
3.216623e-07,-0.0043314338
3.217623e-07,-0.0043285616
3.218623e-07,-0.0043177907
3.219623e-07,-0.0043048656
3.220623e-07,-0.0042969669
3.221623e-07,-0.004298403
3.222623e-07,-0.0043084559
3.223623e-07,-0.004321381
3.224623e-07,-0.0043314338
3.225623e-07,-0.0043357422
3.226623e-07,-0.0043364602
3.227623e-07,-0.0043371783
3.228623e-07,-0.0043429228
3.229623e-07,-0.0043529756
3.230623e-07,-0.0043623104
3.231623e-07,-0.0043644646
3.232623e-07,-0.0043544118
3.233623e-07,-0.0043328699
3.234623e-07,-0.0043055836
3.235623e-07,-0.0042833238
3.236623e-07,-0.004273989
3.237623e-07,-0.0042804515
3.238623e-07,-0.004297685
3.239623e-07,-0.0043177907
3.240623e-07,-0.0043314338
3.241623e-07,-0.0043343061
3.242623e-07,-0.0043285616
3.243623e-07,-0.004322099
3.244623e-07,-0.0043199449
3.245623e-07,-0.0043249713
3.246623e-07,-0.004333588
3.247623e-07,-0.0043378964
3.248623e-07,-0.0043314338
3.249623e-07,-0.0043134823
3.250623e-07,-0.0042890682
3.251623e-07,-0.0042689625
3.252623e-07,-0.0042625
3.253623e-07,-0.0042725528
3.254623e-07,-0.0042948127
3.255623e-07,-0.0043185087
3.256623e-07,-0.0043314338
3.257623e-07,-0.0043271255
3.258623e-07,-0.0043070198
3.259623e-07,-0.0042782973
3.260623e-07,-0.004251011
3.261623e-07,-0.0042330595
3.262623e-07,-0.0042244428
3.263623e-07,-0.0042215705
3.264623e-07,-0.0042165441
3.265623e-07,-0.0042064913
3.266623e-07,-0.004191412
3.267623e-07,-0.0041777688
3.268623e-07,-0.0041705882
3.269623e-07,-0.0041741785
3.270623e-07,-0.0041856675
3.271623e-07,-0.0041978745
3.272623e-07,-0.0042050551
3.273623e-07,-0.0042021829
3.274623e-07,-0.004191412
3.275623e-07,-0.0041784869
3.276623e-07,-0.0041705882
3.277623e-07,-0.0041713063
3.278623e-07,-0.0041777688
3.279623e-07,-0.0041842314
3.280623e-07,-0.0041820772
3.281623e-07,-0.0041669979
3.282623e-07,-0.0041404297
3.283623e-07,-0.004108117
3.284623e-07,-0.0040786765
3.285623e-07,-0.0040571347
3.286623e-07,-0.0040449276
3.287623e-07,-0.0040384651
3.288623e-07,-0.0040327206
3.289623e-07,-0.004026258
3.290623e-07,-0.0040190774
3.291623e-07,-0.0040162052
3.292623e-07,-0.0040212316
3.293623e-07,-0.0040341567
3.294623e-07,-0.004049236
3.295623e-07,-0.0040592888
3.296623e-07,-0.0040556985
3.297623e-07,-0.004037029
3.298623e-07,-0.0040068704
3.299623e-07,-0.0039745577
3.300623e-07,-0.0039522978
3.301623e-07,-0.0039465533
3.302623e-07,-0.0039587603
3.303623e-07,-0.0039831744
3.304623e-07,-0.0040097426
3.305623e-07,-0.0040305664
3.306623e-07,-0.0040420554
3.307623e-07,-0.0040449276
3.308623e-07,-0.0040442096
3.309623e-07,-0.0040449276
3.310623e-07,-0.004049236
3.311623e-07,-0.0040578527
3.312623e-07,-0.0040671875
3.313623e-07,-0.0040758042
3.314623e-07,-0.0040837029
3.315623e-07,-0.0040916016
3.316623e-07,-0.0041016544
3.317623e-07,-0.0041138614
3.318623e-07,-0.0041267865
3.319623e-07,-0.0041382755
3.320623e-07,-0.0041476103
3.321623e-07,-0.004156227
3.322623e-07,-0.0041662799
3.323623e-07,-0.0041827953
3.324623e-07,-0.0042050551
3.325623e-07,-0.0042309053
3.326623e-07,-0.0042531652
3.327623e-07,-0.0042653722
3.328623e-07,-0.0042625
3.329623e-07,-0.0042459846
3.330623e-07,-0.0042222886
3.331623e-07,-0.0042021829
3.332623e-07,-0.0041935662
3.333623e-07,-0.0042000287
3.334623e-07,-0.0042186983
3.335623e-07,-0.0042423943
3.336623e-07,-0.0042625
3.337623e-07,-0.004273989
3.338623e-07,-0.0042775793
3.339623e-07,-0.0042761432
3.340623e-07,-0.004273989
3.341623e-07,-0.0042725528
3.342623e-07,-0.0042703987
3.343623e-07,-0.0042646542
3.344623e-07,-0.004251011
3.345623e-07,-0.0042316234
3.346623e-07,-0.0042115177
3.347623e-07,-0.0041971565
3.348623e-07,-0.0041935662
3.349623e-07,-0.0042014648
3.350623e-07,-0.004215108
3.351623e-07,-0.0042258789
3.352623e-07,-0.0042280331
3.353623e-07,-0.0042186983
3.354623e-07,-0.0042007468
3.355623e-07,-0.0041827953
3.356623e-07,-0.0041705882
3.357623e-07,-0.0041669979
3.358623e-07,-0.0041691521
3.359623e-07,-0.0041684341
3.360623e-07,-0.0041590993
3.361623e-07,-0.0041382755
3.362623e-07,-0.0041102711
3.363623e-07,-0.0040837029
3.364623e-07,-0.0040671875
3.365623e-07,-0.0040657514
3.366623e-07,-0.0040765223
3.367623e-07,-0.0040916016
3.368623e-07,-0.0041016544
3.369623e-07,-0.0041002183
3.370623e-07,-0.0040858571
3.371623e-07,-0.0040643153
3.372623e-07,-0.0040442096
3.373623e-07,-0.0040312845
3.374623e-07,-0.0040269761
3.375623e-07,-0.0040291303
3.376623e-07,-0.0040327206
3.377623e-07,-0.0040327206
3.378623e-07,-0.0040291303
3.379623e-07,-0.0040241039
3.380623e-07,-0.0040212316
3.381623e-07,-0.0040241039
3.382623e-07,-0.0040327206
3.383623e-07,-0.0040442096
3.384623e-07,-0.0040556985
3.385623e-07,-0.0040650333
3.386623e-07,-0.00407365
3.387623e-07,-0.004085139
3.388623e-07,-0.0041016544
3.389623e-07,-0.0041239143
3.390623e-07,-0.0041468922
3.391623e-07,-0.0041641257
3.392623e-07,-0.0041705882
3.393623e-07,-0.0041641257
3.394623e-07,-0.0041483284
3.395623e-07,-0.004132531
3.396623e-07,-0.0041246324
3.397623e-07,-0.004131813
3.398623e-07,-0.0041533548
3.399623e-07,-0.0041842314
3.400623e-07,-0.0042165441
3.401623e-07,-0.0042423943
3.402623e-07,-0.0042596278
3.403623e-07,-0.0042682445
3.404623e-07,-0.004273989
3.405623e-07,-0.0042797335
3.406623e-07,-0.0042890682
3.407623e-07,-0.0042991211
3.408623e-07,-0.0043084559
3.409623e-07,-0.0043134823
3.410623e-07,-0.0043142004
3.411623e-07,-0.0043120462
3.412623e-07,-0.0043084559
3.413623e-07,-0.0043063017
3.414623e-07,-0.0043063017
3.415623e-07,-0.0043077378
3.416623e-07,-0.0043084559
3.417623e-07,-0.0043084559
3.418623e-07,-0.0043091739
3.419623e-07,-0.0043127642
3.420623e-07,-0.0043199449
3.421623e-07,-0.0043307158
3.422623e-07,-0.0043422047
3.423623e-07,-0.0043508215
3.424623e-07,-0.0043544118
3.425623e-07,-0.0043515395
3.426623e-07,-0.004345077
3.427623e-07,-0.0043371783
3.428623e-07,-0.0043314338
3.429623e-07,-0.0043278435
3.430623e-07,-0.0043264074
3.431623e-07,-0.0043235352
3.432623e-07,-0.0043199449
3.433623e-07,-0.0043177907
3.434623e-07,-0.0043206629
3.435623e-07,-0.0043328699
3.436623e-07,-0.0043544118
3.437623e-07,-0.0043816981
3.438623e-07,-0.0044075483
3.439623e-07,-0.0044226275
3.440623e-07,-0.0044233456
3.441623e-07,-0.0044097024
3.442623e-07,-0.0043895967
3.443623e-07,-0.0043716452
3.444623e-07,-0.0043659007
3.445623e-07,-0.0043752355
3.446623e-07,-0.0043967773
3.447623e-07,-0.0044226275
3.448623e-07,-0.0044463235
3.449623e-07,-0.0044621209
3.450623e-07,-0.0044700195
3.451623e-07,-0.004475046
3.452623e-07,-0.0044807904
3.453623e-07,-0.0044908433
3.454623e-07,-0.0045044864
3.455623e-07,-0.0045174115
3.456623e-07,-0.0045267463
3.457623e-07,-0.0045310547
3.458623e-07,-0.0045317727
3.459623e-07,-0.0045332089
3.460623e-07,-0.0045382353
3.461623e-07,-0.0045475701
3.462623e-07,-0.004558341
3.463623e-07,-0.0045676758
3.464623e-07,-0.0045727022
3.465623e-07,-0.0045741383
3.466623e-07,-0.0045755744
3.467623e-07,-0.004582037
3.468623e-07,-0.0045956801
3.469623e-07,-0.0046136317
3.470623e-07,-0.0046301471
3.471623e-07,-0.0046366096
3.472623e-07,-0.0046301471
3.473623e-07,-0.0046114775
3.474623e-07,-0.0045870634
3.475623e-07,-0.0045683938
3.476623e-07,-0.0045612132
3.477623e-07,-0.0045676758
3.478623e-07,-0.0045827551
3.479623e-07,-0.0045985524
3.480623e-07,-0.0046071691
3.481623e-07,-0.0046064511
3.482623e-07,-0.0045999885
3.483623e-07,-0.004594244
3.484623e-07,-0.0045956801
3.485623e-07,-0.0046042969
3.486623e-07,-0.0046150678
3.487623e-07,-0.0046222484
3.488623e-07,-0.0046186581
3.489623e-07,-0.0046050149
3.490623e-07,-0.0045877815
3.491623e-07,-0.0045741383
3.492623e-07,-0.0045727022
3.493623e-07,-0.004582037
3.494623e-07,-0.0045963982
3.495623e-07,-0.0046035788
3.496623e-07,-0.0045956801
3.497623e-07,-0.0045712661
3.498623e-07,-0.0045360811
3.499623e-07,-0.0045016142
3.500623e-07,-0.0044807904
3.501623e-07,-0.0044772001
3.502623e-07,-0.0044865349
3.503623e-07,-0.00449946
3.504623e-07,-0.0045037684
3.505623e-07,-0.0044929975
3.506623e-07,-0.0044678653
3.507623e-07,-0.0044377068
3.508623e-07,-0.0044118566
3.509623e-07,-0.0043982135
3.510623e-07,-0.0043967773
3.511623e-07,-0.004403958
3.512623e-07,-0.0044118566
3.513623e-07,-0.0044147289
3.514623e-07,-0.0044125747
3.515623e-07,-0.0044061121
3.516623e-07,-0.0044003676
3.517623e-07,-0.0043960593
3.518623e-07,-0.0043910329
3.519623e-07,-0.0043816981
3.520623e-07,-0.0043659007
3.521623e-07,-0.004345795
3.522623e-07,-0.0043264074
3.523623e-07,-0.0043163545
3.524623e-07,-0.0043199449
3.525623e-07,-0.0043357422
3.526623e-07,-0.004357284
3.527623e-07,-0.0043730813
3.528623e-07,-0.0043773897
3.529623e-07,-0.004368773
3.530623e-07,-0.0043536937
3.531623e-07,-0.0043422047
3.532623e-07,-0.0043429228
3.533623e-07,-0.004357284
3.534623e-07,-0.0043802619
3.535623e-07,-0.0044010857
3.536623e-07,-0.0044118566
3.537623e-07,-0.0044111386
3.538623e-07,-0.004403958
3.539623e-07,-0.0044018038
3.540623e-07,-0.0044118566
3.541623e-07,-0.0044369887
3.542623e-07,-0.0044721737
3.543623e-07,-0.0045052045
3.544623e-07,-0.0045267463
3.545623e-07,-0.0045339269
3.546623e-07,-0.0045317727
3.547623e-07,-0.0045296186
3.548623e-07,-0.0045382353
3.549623e-07,-0.0045597771
3.550623e-07,-0.0045892176
3.551623e-07,-0.0046157858
3.552623e-07,-0.0046301471
3.553623e-07,-0.0046272748
3.554623e-07,-0.0046136317
3.555623e-07,-0.0045992705
3.556623e-07,-0.0045956801
3.557623e-07,-0.0046078872
3.558623e-07,-0.0046330193
3.559623e-07,-0.0046588695
3.560623e-07,-0.0046761029
3.561623e-07,-0.0046775391
3.562623e-07,-0.0046660501
3.563623e-07,-0.0046509708
3.564623e-07,-0.004641636
3.565623e-07,-0.0046445083
3.566623e-07,-0.0046567153
3.567623e-07,-0.0046703585
3.568623e-07,-0.0046761029
3.569623e-07,-0.0046689223
3.570623e-07,-0.0046509708
3.571623e-07,-0.0046308651
3.572623e-07,-0.0046186581
3.573623e-07,-0.0046193761
3.574623e-07,-0.0046315832
3.575623e-07,-0.0046459444
3.576623e-07,-0.004653125
3.577623e-07,-0.0046473805
3.578623e-07,-0.0046301471
3.579623e-07,-0.0046100414
3.580623e-07,-0.0045956801
3.581623e-07,-0.004593526
3.582623e-07,-0.0046014246
3.583623e-07,-0.0046129136
3.584623e-07,-0.0046186581
3.585623e-07,-0.0046129136
3.586623e-07,-0.0045963982
3.587623e-07,-0.0045762925
3.588623e-07,-0.0045612132
3.589623e-07,-0.0045561868
3.590623e-07,-0.0045604952
3.591623e-07,-0.0045691119
3.592623e-07,-0.0045727022
3.593623e-07,-0.0045676758
3.594623e-07,-0.0045561868
3.595623e-07,-0.0045439798
3.596623e-07,-0.0045382353
3.597623e-07,-0.0045432617
3.598623e-07,-0.0045569049
3.599623e-07,-0.00456983
3.600623e-07,-0.0045727022
3.601623e-07,-0.004558341
3.602623e-07,-0.0045289005
3.603623e-07,-0.0044908433
3.604623e-07,-0.0044578125
3.605623e-07,-0.0044384249
3.606623e-07,-0.0044369887
3.607623e-07,-0.0044499138
3.608623e-07,-0.0044693015
3.609623e-07,-0.0044865349
3.610623e-07,-0.0044958697
3.611623e-07,-0.0044965878
3.612623e-07,-0.0044922794
3.613623e-07,-0.0044858169
3.614623e-07,-0.0044807904
3.615623e-07,-0.004475046
3.616623e-07,-0.0044693015
3.617623e-07,-0.0044614028
3.618623e-07,-0.0044535041
3.619623e-07,-0.0044477597
3.620623e-07,-0.0044463235
3.621623e-07,-0.0044506319
3.622623e-07,-0.0044585306
3.623623e-07,-0.0044657112
3.624623e-07,-0.0044693015
3.625623e-07,-0.0044685834
3.626623e-07,-0.0044649931
3.627623e-07,-0.004464275
3.628623e-07,-0.0044693015
3.629623e-07,-0.0044807904
3.630623e-07,-0.0044958697
3.631623e-07,-0.0045087948
3.632623e-07,-0.0045152574
3.633623e-07,-0.0045138212
3.634623e-07,-0.0045066406
3.635623e-07,-0.0045016142
3.636623e-07,-0.0045037684
3.637623e-07,-0.0045152574
3.638623e-07,-0.0045339269
3.639623e-07,-0.0045554687
3.640623e-07,-0.0045727022
3.641623e-07,-0.0045834731
3.642623e-07,-0.0045884995
3.643623e-07,-0.0045913718
3.644623e-07,-0.0045956801
3.645623e-07,-0.0046035788
3.646623e-07,-0.0046121955
3.647623e-07,-0.00461794
3.648623e-07,-0.0046186581
3.649623e-07,-0.0046136317
3.650623e-07,-0.004605733
3.651623e-07,-0.0046028608
3.652623e-07,-0.0046071691
3.653623e-07,-0.0046208123
3.654623e-07,-0.0046387638
3.655623e-07,-0.0046552792
3.656623e-07,-0.004664614
3.657623e-07,-0.004664614
3.658623e-07,-0.0046588695
3.659623e-07,-0.004653125
3.660623e-07,-0.004653125
3.661623e-07,-0.0046603056
3.662623e-07,-0.0046703585
3.663623e-07,-0.0046775391
3.664623e-07,-0.0046761029
3.665623e-07,-0.0046638959
3.666623e-07,-0.0046452263
3.667623e-07,-0.0046272748
3.668623e-07,-0.0046186581
3.669623e-07,-0.0046229665
3.670623e-07,-0.0046387638
3.671623e-07,-0.0046588695
3.672623e-07,-0.0046761029
3.673623e-07,-0.0046840016
3.674623e-07,-0.0046825655
3.675623e-07,-0.0046739488
3.676623e-07,-0.004664614
3.677623e-07,-0.0046574334
3.678623e-07,-0.004653125
3.679623e-07,-0.0046488166
3.680623e-07,-0.004641636
3.681623e-07,-0.0046301471
3.682623e-07,-0.0046165039
3.683623e-07,-0.0046035788
3.684623e-07,-0.0045956801
3.685623e-07,-0.0045928079
3.686623e-07,-0.0045928079
3.687623e-07,-0.0045906537
3.688623e-07,-0.0045841912
3.689623e-07,-0.0045719841
3.690623e-07,-0.0045569049
3.691623e-07,-0.0045446978
3.692623e-07,-0.0045382353
3.693623e-07,-0.0045375172
3.694623e-07,-0.0045389534
3.695623e-07,-0.0045360811
3.696623e-07,-0.0045267463
3.697623e-07,-0.0045102309
3.698623e-07,-0.0044908433
3.699623e-07,-0.0044764821
3.700623e-07,-0.0044693015
3.701623e-07,-0.0044700195
3.702623e-07,-0.0044728918
3.703623e-07,-0.0044707376
3.704623e-07,-0.0044578125
3.705623e-07,-0.0044348346
3.706623e-07,-0.0044089844
3.707623e-07,-0.0043874426
3.708623e-07,-0.0043773897
3.709623e-07,-0.0043795439
3.710623e-07,-0.0043888787
3.711623e-07,-0.0043946232
3.712623e-07,-0.0043888787
3.713623e-07,-0.0043702091
3.714623e-07,-0.0043422047
3.715623e-07,-0.0043149184
3.716623e-07,-0.0042969669
3.717623e-07,-0.0042933766
3.718623e-07,-0.0043019933
3.719623e-07,-0.0043170726
3.720623e-07,-0.0043314338
3.721623e-07,-0.0043407686
3.722623e-07,-0.0043465131
3.723623e-07,-0.0043493853
3.724623e-07,-0.0043544118
3.725623e-07,-0.0043601563
3.726623e-07,-0.0043637466
3.727623e-07,-0.0043623104
3.728623e-07,-0.0043544118
3.729623e-07,-0.0043443589
3.730623e-07,-0.0043386144
3.731623e-07,-0.004345795
3.732623e-07,-0.0043659007
3.733623e-07,-0.0043946232
3.734623e-07,-0.0044219095
3.735623e-07,-0.0044362707
3.736623e-07,-0.0044348346
3.737623e-07,-0.0044219095
3.738623e-07,-0.0044089844
3.739623e-07,-0.0044111386
3.740623e-07,-0.0044348346
3.741623e-07,-0.0044772001
3.742623e-07,-0.0045238741
3.743623e-07,-0.0045597771
3.744623e-07,-0.0045727022
3.745623e-07,-0.0045633674
3.746623e-07,-0.0045439798
3.747623e-07,-0.0045303366
3.748623e-07,-0.0045382353
3.749623e-07,-0.00456983
3.750623e-07,-0.0046150678
3.751623e-07,-0.0046595875
3.752623e-07,-0.0046875919
3.753623e-07,-0.0046940545
3.754623e-07,-0.0046854377
3.755623e-07,-0.0046753849
3.756623e-07,-0.0046761029
3.757623e-07,-0.0046933364
3.758623e-07,-0.0047206227
3.759623e-07,-0.0047450368
3.760623e-07,-0.0047565257
3.761623e-07,-0.0047507813
3.762623e-07,-0.00473642
3.763623e-07,-0.0047263672
3.764623e-07,-0.0047335478
3.765623e-07,-0.0047608341
3.766623e-07,-0.0047996094
3.767623e-07,-0.0048333582
3.768623e-07,-0.0048484375
3.769623e-07,-0.0048383847
3.770623e-07,-0.0048110983
3.771623e-07,-0.0047816579
3.772623e-07,-0.0047680147
3.773623e-07,-0.0047780676
3.774623e-07,-0.0048082261
3.775623e-07,-0.0048441291
3.776623e-07,-0.0048714154
3.777623e-07,-0.0048807502
3.778623e-07,-0.0048735696
3.779623e-07,-0.0048620807
3.780623e-07,-0.0048599265
3.781623e-07,-0.0048735696
3.782623e-07,-0.004901574
3.783623e-07,-0.0049317325
3.784623e-07,-0.0049518382
3.785623e-07,-0.0049547105
3.786623e-07,-0.0049425034
3.787623e-07,-0.0049259881
3.788623e-07,-0.0049173713
3.789623e-07,-0.0049238339
3.790623e-07,-0.0049432215
3.791623e-07,-0.0049640453
3.792623e-07,-0.0049748162
3.793623e-07,-0.0049690717
3.794623e-07,-0.0049504021
3.795623e-07,-0.0049288603
3.796623e-07,-0.0049173713
3.797623e-07,-0.0049209616
3.798623e-07,-0.0049360409
3.799623e-07,-0.0049511202
3.800623e-07,-0.0049518382
3.801623e-07,-0.0049317325
3.802623e-07,-0.0048951114
3.803623e-07,-0.0048549
3.804623e-07,-0.0048254596
3.805623e-07,-0.004818279
3.806623e-07,-0.004831204
3.807623e-07,-0.004854182
3.808623e-07,-0.0048714154
3.809623e-07,-0.0048706974
3.810623e-07,-0.0048491556
3.811623e-07,-0.0048146886
3.812623e-07,-0.0047795037
3.813623e-07,-0.0047558077
3.814623e-07,-0.0047471909
3.815623e-07,-0.0047507813
3.816623e-07,-0.0047565257
3.817623e-07,-0.0047558077
3.818623e-07,-0.0047450368
3.819623e-07,-0.0047278033
3.820623e-07,-0.0047105699
3.821623e-07,-0.0046997989
3.822623e-07,-0.0046969267
3.823623e-07,-0.0046990809
3.824623e-07,-0.0046990809
3.825623e-07,-0.0046919003
3.826623e-07,-0.0046775391
3.827623e-07,-0.0046581514
3.828623e-07,-0.004641636
3.829623e-07,-0.0046323012
3.830623e-07,-0.0046308651
3.831623e-07,-0.0046358915
3.832623e-07,-0.004641636
3.833623e-07,-0.0046452263
3.834623e-07,-0.0046466625
3.835623e-07,-0.0046480986
3.836623e-07,-0.004653125
3.837623e-07,-0.0046617417
3.838623e-07,-0.0046717946
3.839623e-07,-0.0046782571
3.840623e-07,-0.0046761029
3.841623e-07,-0.004665332
3.842623e-07,-0.0046502528
3.843623e-07,-0.0046358915
3.844623e-07,-0.0046301471
3.845623e-07,-0.0046337374
3.846623e-07,-0.0046452263
3.847623e-07,-0.0046567153
3.848623e-07,-0.004664614
3.849623e-07,-0.0046667682
3.850623e-07,-0.004665332
3.851623e-07,-0.0046667682
3.852623e-07,-0.0046761029
3.853623e-07,-0.0046933364
3.854623e-07,-0.004712724
3.855623e-07,-0.0047285214
3.856623e-07,-0.0047335478
3.857623e-07,-0.0047270852
3.858623e-07,-0.0047134421
3.859623e-07,-0.0047019531
3.860623e-07,-0.0046990809
3.861623e-07,-0.0047076976
3.862623e-07,-0.0047249311
3.863623e-07,-0.0047436006
3.864623e-07,-0.0047565257
3.865623e-07,-0.0047615522
3.866623e-07,-0.0047615522
3.867623e-07,-0.0047622702
3.868623e-07,-0.0047680147
3.869623e-07,-0.0047795037
3.870623e-07,-0.0047917107
3.871623e-07,-0.0047974552
3.872623e-07,-0.0047909926
3.873623e-07,-0.0047730411
3.874623e-07,-0.0047493451
3.875623e-07,-0.0047299575
3.876623e-07,-0.0047220588
3.877623e-07,-0.0047278033
3.878623e-07,-0.0047414465
3.879623e-07,-0.0047536535
3.880623e-07,-0.0047565257
3.881623e-07,-0.0047464729
3.882623e-07,-0.0047285214
3.883623e-07,-0.0047098518
3.884623e-07,-0.0046990809
3.885623e-07,-0.0046976448
3.886623e-07,-0.004700517
3.887623e-07,-0.0046997989
3.888623e-07,-0.0046875919
3.889623e-07,-0.0046617417
3.890623e-07,-0.0046272748
3.891623e-07,-0.0045949621
3.892623e-07,-0.0045727022
3.893623e-07,-0.0045648035
3.894623e-07,-0.0045676758
3.895623e-07,-0.0045734203
3.896623e-07,-0.0045727022
3.897623e-07,-0.0045626494
3.898623e-07,-0.0045475701
3.899623e-07,-0.0045332089
3.900623e-07,-0.0045267463
3.901623e-07,-0.0045289005
3.902623e-07,-0.0045339269
3.903623e-07,-0.0045317727
3.904623e-07,-0.0045152574
3.905623e-07,-0.0044836627
3.906623e-07,-0.0044434513
3.907623e-07,-0.0044082663
3.908623e-07,-0.0043888787
3.909623e-07,-0.0043903148
3.910623e-07,-0.0044082663
3.911623e-07,-0.0044305262
3.912623e-07,-0.0044463235
3.913623e-07,-0.0044470416
3.914623e-07,-0.0044348346
3.915623e-07,-0.004416165
3.916623e-07,-0.0044003676
3.917623e-07,-0.0043939051
3.918623e-07,-0.0043960593
3.919623e-07,-0.0044003676
3.920623e-07,-0.0044003676
3.921623e-07,-0.004393187
3.922623e-07,-0.0043802619
3.923623e-07,-0.004369491
3.924623e-07,-0.0043659007
3.925623e-07,-0.0043723633
3.926623e-07,-0.0043852884
3.927623e-07,-0.0043960593
3.928623e-07,-0.0044003676
3.929623e-07,-0.0043960593
3.930623e-07,-0.0043888787
3.931623e-07,-0.0043881606
3.932623e-07,-0.0044003676
3.933623e-07,-0.0044262178
3.934623e-07,-0.0044570944
3.935623e-07,-0.0044829446
3.936623e-07,-0.0044922794
3.937623e-07,-0.0044822266
3.938623e-07,-0.0044592486
3.939623e-07,-0.0044355526
3.940623e-07,-0.0044233456
3.941623e-07,-0.0044290901
3.942623e-07,-0.0044491958
3.943623e-07,-0.0044743279
3.944623e-07,-0.0044922794
3.945623e-07,-0.0044973058
3.946623e-07,-0.0044894072
3.947623e-07,-0.0044772001
3.948623e-07,-0.0044693015
3.949623e-07,-0.0044707376
3.950623e-07,-0.0044800724
3.951623e-07,-0.0044901252
3.952623e-07,-0.0044922794
3.953623e-07,-0.0044843807
3.954623e-07,-0.0044693015
3.955623e-07,-0.0044578125
3.956623e-07,-0.0044578125
3.957623e-07,-0.0044743279
3.958623e-07,-0.0045037684
3.959623e-07,-0.0045360811
3.960623e-07,-0.0045612132
3.961623e-07,-0.0045712661
3.962623e-07,-0.0045676758
3.963623e-07,-0.0045576229
3.964623e-07,-0.0045497243
3.965623e-07,-0.0045497243
3.966623e-07,-0.0045569049
3.967623e-07,-0.0045669577
3.968623e-07,-0.0045727022
3.969623e-07,-0.004570548
3.970623e-07,-0.0045640855
3.971623e-07,-0.004558341
3.972623e-07,-0.0045612132
3.973623e-07,-0.0045755744
3.974623e-07,-0.0045971163
3.975623e-07,-0.00461794
3.976623e-07,-0.0046301471
3.977623e-07,-0.0046301471
3.978623e-07,-0.0046208123
3.979623e-07,-0.0046100414
3.980623e-07,-0.0046071691
3.981623e-07,-0.0046165039
3.982623e-07,-0.0046358915
3.983623e-07,-0.0046588695
3.984623e-07,-0.0046761029
3.985623e-07,-0.0046832835
3.986623e-07,-0.0046818474
3.987623e-07,-0.004676821
3.988623e-07,-0.0046761029
3.989623e-07,-0.0046832835
3.990623e-07,-0.0046969267
3.991623e-07,-0.0047112879
3.992623e-07,-0.0047220588
3.993623e-07,-0.0047256491
3.994623e-07,-0.0047256491
3.995623e-07,-0.0047263672
3.996623e-07,-0.0047335478
3.997623e-07,-0.0047464729
3.998623e-07,-0.0047615522
3.999623e-07,-0.0047701689
4.000623e-07,-0.0047680147
4.001623e-07,-0.0047550896
4.002623e-07,-0.0047378562
4.003623e-07,-0.0047285214
4.004623e-07,-0.0047335478
4.005623e-07,-0.0047558077
4.006623e-07,-0.0047888385
4.007623e-07,-0.004818997
4.008623e-07,-0.0048369485
4.009623e-07,-0.0048362305
4.010623e-07,-0.0048211512
4.011623e-07,-0.0048017636
4.012623e-07,-0.0047909926
4.013623e-07,-0.004795301
4.014623e-07,-0.0048125345
4.015623e-07,-0.0048340763
4.016623e-07,-0.0048484375
4.017623e-07,-0.0048477194
4.018623e-07,-0.004830486
4.019623e-07,-0.0048039177
4.020623e-07,-0.0047795037
4.021623e-07,-0.0047651425
4.022623e-07,-0.0047644244
4.023623e-07,-0.0047751953
4.024623e-07,-0.0047909926
4.025623e-07,-0.0048060719
4.026623e-07,-0.0048175609
4.027623e-07,-0.0048268957
4.028623e-07,-0.0048369485
4.029623e-07,-0.0048491556
4.030623e-07,-0.0048620807
4.031623e-07,-0.0048706974
4.032623e-07,-0.0048714154
4.033623e-07,-0.0048620807
4.034623e-07,-0.0048455653
4.035623e-07,-0.0048276137
4.036623e-07,-0.0048139706
4.037623e-07,-0.004807508
4.038623e-07,-0.0048082261
4.039623e-07,-0.0048118164
4.040623e-07,-0.0048139706
4.041623e-07,-0.0048139706
4.042623e-07,-0.0048132525
4.043623e-07,-0.0048161248
4.044623e-07,-0.0048254596
4.045623e-07,-0.0048398208
4.046623e-07,-0.0048563362
4.047623e-07,-0.0048678251
4.048623e-07,-0.0048714154
4.049623e-07,-0.0048671071
4.050623e-07,-0.0048592084
4.051623e-07,-0.0048556181
4.052623e-07,-0.0048599265
4.053623e-07,-0.0048714154
4.054623e-07,-0.0048857767
4.055623e-07,-0.0048951114
4.056623e-07,-0.0048943934
4.057623e-07,-0.0048864947
4.058623e-07,-0.004877878
4.059623e-07,-0.004878596
4.060623e-07,-0.0048943934
4.061623e-07,-0.0049238339
4.062623e-07,-0.0049568647
4.063623e-07,-0.0049812787
4.064623e-07,-0.0049863051
4.065623e-07,-0.0049705078
4.066623e-07,-0.0049425034
4.067623e-07,-0.0049159352
4.068623e-07,-0.0049058824
4.069623e-07,-0.0049180894
4.070623e-07,-0.0049482479
4.071623e-07,-0.004984151
4.072623e-07,-0.0050092831
4.073623e-07,-0.0050143095
4.074623e-07,-0.0049992302
4.075623e-07,-0.0049740981
4.076623e-07,-0.0049518382
4.077623e-07,-0.0049446576
4.078623e-07,-0.0049568647
4.079623e-07,-0.0049819968
4.080623e-07,-0.0050092831
4.081623e-07,-0.0050272346
4.082623e-07,-0.0050293888
4.083623e-07,-0.0050171818
4.084623e-07,-0.0049977941
4.085623e-07,-0.0049791245
4.086623e-07,-0.0049669175
4.087623e-07,-0.0049626091
4.088623e-07,-0.0049633272
4.089623e-07,-0.0049654814
4.090623e-07,-0.0049654814
4.091623e-07,-0.0049640453
4.092623e-07,-0.0049633272
4.093623e-07,-0.0049647633
4.094623e-07,-0.0049683536
4.095623e-07,-0.004972662
4.096623e-07,-0.0049748162
4.097623e-07,-0.0049733801
4.098623e-07,-0.0049690717
4.099623e-07,-0.0049647633
4.100623e-07,-0.0049633272
4.101623e-07,-0.0049669175
4.102623e-07,-0.0049755342
4.103623e-07,-0.0049870232
4.104623e-07,-0.0049977941
4.105623e-07,-0.0050071289
4.106623e-07,-0.0050143095
4.107623e-07,-0.0050222082
4.108623e-07,-0.005032261
4.109623e-07,-0.00504375
4.110623e-07,-0.005055239
4.111623e-07,-0.0050631376
4.112623e-07,-0.0050667279
4.113623e-07,-0.0050660099
4.114623e-07,-0.0050645738
4.115623e-07,-0.0050681641
4.116623e-07,-0.0050782169
4.117623e-07,-0.0050947323
4.118623e-07,-0.0051134019
4.119623e-07,-0.0051284812
4.120623e-07,-0.0051356618
4.121623e-07,-0.0051349437
4.122623e-07,-0.0051299173
4.123623e-07,-0.0051284812
4.124623e-07,-0.0051356618
4.125623e-07,-0.0051521772
4.126623e-07,-0.005173719
4.127623e-07,-0.0051938247
4.128623e-07,-0.0052045956
4.129623e-07,-0.0052045956
4.130623e-07,-0.0051959789
4.131623e-07,-0.005185208
4.132623e-07,-0.0051816176
4.133623e-07,-0.0051880802
4.134623e-07,-0.0052038775
4.135623e-07,-0.0052232652
4.136623e-07,-0.0052390625
4.137623e-07,-0.005245525
4.138623e-07,-0.0052412167
4.139623e-07,-0.0052297277
4.140623e-07,-0.0052160846
4.141623e-07,-0.0052045956
4.142623e-07,-0.0051959789
4.143623e-07,-0.0051895163
4.144623e-07,-0.0051816176
4.145623e-07,-0.0051708467
4.146623e-07,-0.0051572036
4.147623e-07,-0.0051449966
4.148623e-07,-0.0051356618
4.149623e-07,-0.0051313534
4.150623e-07,-0.0051306353
4.151623e-07,-0.0051299173
4.152623e-07,-0.0051241728
4.153623e-07,-0.0051126838
4.154623e-07,-0.0050968865
4.155623e-07,-0.0050803711
4.156623e-07,-0.0050667279
4.157623e-07,-0.0050573932
4.158623e-07,-0.0050494945
4.159623e-07,-0.0050387236
4.160623e-07,-0.0050207721
4.161623e-07,-0.0049942038
4.162623e-07,-0.0049633272
4.163623e-07,-0.0049353228
4.164623e-07,-0.0049173713
4.165623e-07,-0.0049152171
4.166623e-07,-0.0049288603
4.167623e-07,-0.0049511202
4.168623e-07,-0.0049748162
4.169623e-07,-0.0049906135
4.170623e-07,-0.0049956399
4.171623e-07,-0.0049884593
4.172623e-07,-0.0049748162
4.173623e-07,-0.004960455
4.174623e-07,-0.0049504021
4.175623e-07,-0.0049475299
4.176623e-07,-0.0049518382
4.177623e-07,-0.0049618911
4.178623e-07,-0.0049762523
4.179623e-07,-0.0049927677
4.180623e-07,-0.0050092831
4.181623e-07,-0.0050236443
4.182623e-07,-0.0050336972
4.183623e-07,-0.0050365694
4.184623e-07,-0.005032261
4.185623e-07,-0.0050214901
4.186623e-07,-0.005007847
4.187623e-07,-0.0049949219
4.188623e-07,-0.0049863051
4.189623e-07,-0.0049834329
4.190623e-07,-0.004984151
4.191623e-07,-0.0049863051
4.192623e-07,-0.0049863051
4.193623e-07,-0.0049827148
4.194623e-07,-0.0049748162
4.195623e-07,-0.0049640453
4.196623e-07,-0.0049518382
4.197623e-07,-0.0049396312
4.198623e-07,-0.0049267061
4.199623e-07,-0.0049152171
4.200623e-07,-0.0049058824
4.201623e-07,-0.0049008559
4.202623e-07,-0.004901574
4.203623e-07,-0.0049087546
4.204623e-07,-0.0049173713
4.205623e-07,-0.0049223977
4.206623e-07,-0.0049180894
4.207623e-07,-0.0049001379
4.208623e-07,-0.0048714154
4.209623e-07,-0.0048398208
4.210623e-07,-0.0048146886
4.211623e-07,-0.0048053539
4.212623e-07,-0.0048139706
4.213623e-07,-0.0048362305
4.214623e-07,-0.0048613626
4.215623e-07,-0.0048793141
4.216623e-07,-0.0048829044
4.217623e-07,-0.0048742877
4.218623e-07,-0.0048606445
4.219623e-07,-0.0048534639
4.220623e-07,-0.0048599265
4.221623e-07,-0.0048800322
4.222623e-07,-0.0049066004
4.223623e-07,-0.0049295784
4.224623e-07,-0.0049403493
4.225623e-07,-0.004936759
4.226623e-07,-0.0049231158
4.227623e-07,-0.0049101907
4.228623e-07,-0.0049058824
4.229623e-07,-0.004913063
4.230623e-07,-0.0049288603
4.231623e-07,-0.0049439396
4.232623e-07,-0.0049518382
4.233623e-07,-0.004948966
4.234623e-07,-0.0049410673
4.235623e-07,-0.0049353228
4.236623e-07,-0.0049403493
4.237623e-07,-0.0049590188
4.238623e-07,-0.0049877413
4.239623e-07,-0.0050150276
4.240623e-07,-0.005032261
4.241623e-07,-0.0050329791
4.242623e-07,-0.005020054
4.243623e-07,-0.0050013844
4.244623e-07,-0.0049863051
4.245623e-07,-0.0049827148
4.246623e-07,-0.0049906135
4.247623e-07,-0.0050056928
4.248623e-07,-0.0050207721
4.249623e-07,-0.0050293888
4.250623e-07,-0.0050308249
4.251623e-07,-0.0050265165
4.252623e-07,-0.0050207721
4.253623e-07,-0.0050157456
4.254623e-07,-0.0050100011
4.255623e-07,-0.0050006664
4.256623e-07,-0.0049863051
4.257623e-07,-0.0049676356
4.258623e-07,-0.004948966
4.259623e-07,-0.0049389131
4.260623e-07,-0.0049403493
4.261623e-07,-0.0049539924
4.262623e-07,-0.0049748162
4.263623e-07,-0.0049920496
4.264623e-07,-0.0049977941
4.265623e-07,-0.0049898955
4.266623e-07,-0.004972662
4.267623e-07,-0.0049532744
4.268623e-07,-0.0049403493
4.269623e-07,-0.0049381951
4.270623e-07,-0.0049439396
4.271623e-07,-0.0049511202
4.272623e-07,-0.0049518382
4.273623e-07,-0.0049425034
4.274623e-07,-0.00492527
4.275623e-07,-0.0049066004
4.276623e-07,-0.0048943934
4.277623e-07,-0.0048908031
4.278623e-07,-0.0048943934
4.279623e-07,-0.0048979837
4.280623e-07,-0.0048943934
4.281623e-07,-0.0048807502
4.282623e-07,-0.0048599265
4.283623e-07,-0.0048383847
4.284623e-07,-0.0048254596
4.285623e-07,-0.0048240234
4.286623e-07,-0.0048319221
4.287623e-07,-0.004842693
4.288623e-07,-0.0048484375
4.289623e-07,-0.0048434111
4.290623e-07,-0.0048283318
4.291623e-07,-0.0048089442
4.292623e-07,-0.0047909926
4.293623e-07,-0.0047795037
4.294623e-07,-0.0047759134
4.295623e-07,-0.0047773495
4.296623e-07,-0.0047795037
4.297623e-07,-0.0047802217
4.298623e-07,-0.0047809398
4.299623e-07,-0.004783812
4.300623e-07,-0.0047909926
4.301623e-07,-0.0048010455
4.302623e-07,-0.0048096622
4.303623e-07,-0.0048110983
4.304623e-07,-0.0048024816
4.305623e-07,-0.0047852482
4.306623e-07,-0.0047672966
4.307623e-07,-0.0047550896
4.308623e-07,-0.0047565257
4.309623e-07,-0.0047701689
4.310623e-07,-0.0047888385
4.311623e-07,-0.0048024816
4.312623e-07,-0.0048024816
4.313623e-07,-0.0047874023
4.314623e-07,-0.0047644244
4.315623e-07,-0.0047421645
4.316623e-07,-0.0047335478
4.317623e-07,-0.0047421645
4.318623e-07,-0.0047651425
4.319623e-07,-0.0047924288
4.320623e-07,-0.0048139706
4.321623e-07,-0.0048225873
4.322623e-07,-0.004818997
4.323623e-07,-0.0048096622
4.324623e-07,-0.0048024816
4.325623e-07,-0.0048031997
4.326623e-07,-0.0048125345
4.327623e-07,-0.0048261776
4.328623e-07,-0.0048369485
4.329623e-07,-0.004841975
4.330623e-07,-0.004842693
4.331623e-07,-0.004842693
4.332623e-07,-0.0048484375
4.333623e-07,-0.0048613626
4.334623e-07,-0.0048800322
4.335623e-07,-0.0048965476
4.336623e-07,-0.0049058824
4.337623e-07,-0.0049044462
4.338623e-07,-0.0048958295
4.339623e-07,-0.0048857767
4.340623e-07,-0.0048829044
4.341623e-07,-0.004890085
4.342623e-07,-0.0049066004
4.343623e-07,-0.00492527
4.344623e-07,-0.0049403493
4.345623e-07,-0.0049468118
4.346623e-07,-0.0049475299
4.347623e-07,-0.0049468118
4.348623e-07,-0.0049518382
4.349623e-07,-0.0049661994
4.350623e-07,-0.0049870232
4.351623e-07,-0.005007847
4.352623e-07,-0.0050207721
4.353623e-07,-0.0050207721
4.354623e-07,-0.0050092831
4.355623e-07,-0.0049913316
4.356623e-07,-0.0049748162
4.357623e-07,-0.0049654814
4.358623e-07,-0.0049647633
4.359623e-07,-0.0049690717
4.360623e-07,-0.0049748162
4.361623e-07,-0.0049776884
4.362623e-07,-0.0049784065
4.363623e-07,-0.0049798426
4.364623e-07,-0.0049863051
4.365623e-07,-0.0049985122
4.366623e-07,-0.0050143095
4.367623e-07,-0.0050272346
4.368623e-07,-0.005032261
4.369623e-07,-0.0050265165
4.370623e-07,-0.0050121553
4.371623e-07,-0.004996358
4.372623e-07,-0.0049863051
4.373623e-07,-0.0049870232
4.374623e-07,-0.0049992302
4.375623e-07,-0.0050164637
4.376623e-07,-0.005032261
4.377623e-07,-0.0050401597
4.378623e-07,-0.0050380055
4.379623e-07,-0.0050301068
4.380623e-07,-0.0050207721
4.381623e-07,-0.0050157456
4.382623e-07,-0.0050178998
4.383623e-07,-0.0050243624
4.384623e-07,-0.005032261
4.385623e-07,-0.0050365694
4.386623e-07,-0.0050372875
4.387623e-07,-0.0050344152
4.388623e-07,-0.005032261
4.389623e-07,-0.0050336972
4.390623e-07,-0.0050387236
4.391623e-07,-0.0050473403
4.392623e-07,-0.005055239
4.393623e-07,-0.0050602654
4.394623e-07,-0.0050609835
4.395623e-07,-0.0050588293
4.396623e-07,-0.005055239
4.397623e-07,-0.0050523667
4.398623e-07,-0.0050516487
4.399623e-07,-0.0050523667
4.400623e-07,-0.005055239
4.401623e-07,-0.0050602654
4.402623e-07,-0.005067446
4.403623e-07,-0.0050774989
4.404623e-07,-0.0050897059
4.405623e-07,-0.0051019129
4.406623e-07,-0.0051105296
4.407623e-07,-0.0051141199
4.408623e-07,-0.0051126838
4.409623e-07,-0.0051090935
4.410623e-07,-0.0051090935
4.411623e-07,-0.0051177102
4.412623e-07,-0.0051356618
4.413623e-07,-0.0051607939
4.414623e-07,-0.0051873621
4.415623e-07,-0.0052074678
4.416623e-07,-0.0052160846
4.417623e-07,-0.0052146484
4.418623e-07,-0.0052074678
4.419623e-07,-0.0052024414
4.420623e-07,-0.0052045956
4.421623e-07,-0.0052160846
4.422623e-07,-0.005233318
4.423623e-07,-0.0052505515
4.424623e-07,-0.0052620404
4.425623e-07,-0.0052663488
4.426623e-07,-0.0052663488
4.427623e-07,-0.0052677849
4.428623e-07,-0.0052735294
4.429623e-07,-0.0052864545
4.430623e-07,-0.0053029699
4.431623e-07,-0.0053194853
4.432623e-07,-0.0053309743
4.433623e-07,-0.0053374368
4.434623e-07,-0.0053410271
4.435623e-07,-0.0053453355
4.436623e-07,-0.0053539522
4.437623e-07,-0.0053647231
4.438623e-07,-0.0053740579
4.439623e-07,-0.005374776
4.440623e-07,-0.0053654412
4.441623e-07,-0.0053474897
4.442623e-07,-0.0053288201
4.443623e-07,-0.0053173311
4.444623e-07,-0.0053194853
4.445623e-07,-0.0053345646
4.446623e-07,-0.0053553883
4.447623e-07,-0.0053726218
4.448623e-07,-0.0053769301
4.449623e-07,-0.0053661592
4.450623e-07,-0.0053438994
4.451623e-07,-0.0053216395
4.452623e-07,-0.0053079963
4.453623e-07,-0.0053079963
4.454623e-07,-0.0053187672
4.455623e-07,-0.0053331284
4.456623e-07,-0.0053424632
4.457623e-07,-0.0053403091
4.458623e-07,-0.0053259478
4.459623e-07,-0.0053051241
4.460623e-07,-0.0052850184
4.461623e-07,-0.0052699391
4.462623e-07,-0.0052606043
4.463623e-07,-0.0052555779
4.464623e-07,-0.0052505515
4.465623e-07,-0.0052440889
4.466623e-07,-0.0052383444
4.467623e-07,-0.0052354722
4.468623e-07,-0.0052390625
4.469623e-07,-0.0052476792
4.470623e-07,-0.005256296
4.471623e-07,-0.0052591682
4.472623e-07,-0.0052505515
4.473623e-07,-0.0052311638
4.474623e-07,-0.0052053136
4.475623e-07,-0.0051830538
4.476623e-07,-0.0051701287
4.477623e-07,-0.0051694106
4.478623e-07,-0.0051758732
4.479623e-07,-0.0051823357
4.480623e-07,-0.0051816176
4.481623e-07,-0.0051715648
4.482623e-07,-0.0051550494
4.483623e-07,-0.0051406882
4.484623e-07,-0.0051356618
4.485623e-07,-0.0051435604
4.486623e-07,-0.0051607939
4.487623e-07,-0.0051801815
4.488623e-07,-0.0051931066
4.489623e-07,-0.0051959789
4.490623e-07,-0.0051909524
4.491623e-07,-0.0051837718
4.492623e-07,-0.0051816176
4.493623e-07,-0.0051873621
4.494623e-07,-0.0051995692
4.495623e-07,-0.0052110581
4.496623e-07,-0.0052160846
4.497623e-07,-0.0052110581
4.498623e-07,-0.0051988511
4.499623e-07,-0.0051866441
4.500623e-07,-0.0051816176
4.501623e-07,-0.0051873621
4.502623e-07,-0.0052017233
4.503623e-07,-0.0052175207
4.504623e-07,-0.0052275735
4.505623e-07,-0.0052268555
4.506623e-07,-0.0052175207
4.507623e-07,-0.0052038775
4.508623e-07,-0.0051931066
4.509623e-07,-0.0051895163
4.510623e-07,-0.0051923886
4.511623e-07,-0.0051952608
4.512623e-07,-0.0051931066
4.513623e-07,-0.0051823357
4.514623e-07,-0.0051651023
4.515623e-07,-0.0051471507
4.516623e-07,-0.0051356618
4.517623e-07,-0.0051356618
4.518623e-07,-0.0051471507
4.519623e-07,-0.0051651023
4.520623e-07,-0.0051816176
4.521623e-07,-0.0051923886
4.522623e-07,-0.0051959789
4.523623e-07,-0.0051945427
4.524623e-07,-0.0051931066
4.525623e-07,-0.0051938247
4.526623e-07,-0.005198133
4.527623e-07,-0.0052024414
4.528623e-07,-0.0052045956
4.529623e-07,-0.0052038775
4.530623e-07,-0.0052031595
4.531623e-07,-0.0052060317
4.532623e-07,-0.0052160846
4.533623e-07,-0.0052326
4.534623e-07,-0.0052534237
4.535623e-07,-0.0052720933
4.536623e-07,-0.0052850184
4.537623e-07,-0.0052907629
4.538623e-07,-0.005292917
4.539623e-07,-0.0052972254
4.540623e-07,-0.0053079963
4.541623e-07,-0.0053252298
4.542623e-07,-0.0053446174
4.543623e-07,-0.0053596967
4.544623e-07,-0.0053654412
4.545623e-07,-0.0053604148
4.546623e-07,-0.0053489258
4.547623e-07,-0.0053410271
4.548623e-07,-0.0053424632
4.549623e-07,-0.0053575425
4.550623e-07,-0.0053826746
4.551623e-07,-0.0054113971
4.552623e-07,-0.005434375
4.553623e-07,-0.0054473001
4.554623e-07,-0.0054501723
4.555623e-07,-0.0054473001
4.556623e-07,-0.005445864
4.557623e-07,-0.0054480182
4.558623e-07,-0.0054537626
4.559623e-07,-0.0054587891
4.560623e-07,-0.0054573529
4.561623e-07,-0.0054487362
4.562623e-07,-0.005434375
4.563623e-07,-0.0054200138
4.564623e-07,-0.0054113971
4.565623e-07,-0.005410679
4.566623e-07,-0.0054157054
4.567623e-07,-0.005422168
4.568623e-07,-0.005422886
4.569623e-07,-0.0054164235
4.570623e-07,-0.0054056526
4.571623e-07,-0.0053941636
4.572623e-07,-0.0053884191
4.573623e-07,-0.0053891372
4.574623e-07,-0.0053920094
4.575623e-07,-0.0053905733
4.576623e-07,-0.0053769301
4.577623e-07,-0.0053489258
4.578623e-07,-0.0053108686
4.579623e-07,-0.0052706572
4.580623e-07,-0.0052390625
4.581623e-07,-0.0052225471
4.582623e-07,-0.005221111
4.583623e-07,-0.0052297277
4.584623e-07,-0.0052390625
4.585623e-07,-0.0052419347
4.586623e-07,-0.0052347541
4.587623e-07,-0.0052203929
4.588623e-07,-0.0052045956
4.589623e-07,-0.0051931066
4.590623e-07,-0.0051887983
4.591623e-07,-0.0051909524
4.592623e-07,-0.0051931066
4.593623e-07,-0.0051916705
4.594623e-07,-0.0051823357
4.595623e-07,-0.0051665384
4.596623e-07,-0.0051471507
4.597623e-07,-0.005127045
4.598623e-07,-0.0051105296
4.599623e-07,-0.0050976045
4.600623e-07,-0.0050897059
4.601623e-07,-0.0050853975
4.602623e-07,-0.0050861156
4.603623e-07,-0.005091142
4.604623e-07,-0.0051011949
4.605623e-07,-0.0051141199
4.606623e-07,-0.005127045
4.607623e-07,-0.0051349437
4.608623e-07,-0.0051356618
4.609623e-07,-0.0051277631
4.610623e-07,-0.005114838
4.611623e-07,-0.0051004768
4.612623e-07,-0.0050897059
4.613623e-07,-0.0050853975
4.614623e-07,-0.0050861156
4.615623e-07,-0.0050889878
4.616623e-07,-0.0050897059
4.617623e-07,-0.0050861156
4.618623e-07,-0.005078935
4.619623e-07,-0.0050717544
4.620623e-07,-0.0050667279
4.621623e-07,-0.0050667279
4.622623e-07,-0.0050710363
4.623623e-07,-0.0050760627
4.624623e-07,-0.0050782169
4.625623e-07,-0.0050760627
4.626623e-07,-0.0050710363
4.627623e-07,-0.0050667279
4.628623e-07,-0.0050667279
4.629623e-07,-0.0050746266
4.630623e-07,-0.005091142
