LECROYHDO6104B,11090,Waveform
Segments,1,SegmentSize,5002
Segment,TrigTime,TimeSinceSegment1
#1,04-May-2026 18:24:14,0                 
Time,Ampl
-3.708531e-08,-0.005813511
-3.698531e-08,-0.0058314625
-3.688531e-08,-0.0058515682
-3.678531e-08,-0.0058637753
-3.668531e-08,-0.0058594669
-3.658531e-08,-0.0058386432
-3.648531e-08,-0.0058070485
-3.638531e-08,-0.0057761719
-3.628531e-08,-0.0057560662
-3.618531e-08,-0.0057496036
-3.608531e-08,-0.005753912
-3.598531e-08,-0.0057589384
-3.588531e-08,-0.0057560662
-3.578531e-08,-0.005742423
-3.568531e-08,-0.0057230354
-3.558531e-08,-0.0057050839
-3.548531e-08,-0.0056986213
-3.538531e-08,-0.0057058019
-3.528531e-08,-0.0057223173
-3.518531e-08,-0.0057381147
-3.508531e-08,-0.0057445772
-3.498531e-08,-0.0057366785
-3.488531e-08,-0.0057172909
-3.478531e-08,-0.005694313
-3.468531e-08,-0.0056756434
-3.458531e-08,-0.0056655905
-3.448531e-08,-0.0056627183
-3.438531e-08,-0.005659846
-3.428531e-08,-0.0056526654
-3.418531e-08,-0.0056390223
-3.408531e-08,-0.005623943
-3.398531e-08,-0.0056153263
-3.388531e-08,-0.0056181985
-3.378531e-08,-0.0056332778
-3.368531e-08,-0.0056526654
-3.358531e-08,-0.0056655905
-3.348531e-08,-0.0056641544
-3.338531e-08,-0.0056454848
-3.328531e-08,-0.0056167624
-3.318531e-08,-0.005588758
-3.308531e-08,-0.0055722426
-3.298531e-08,-0.0055700885
-3.288531e-08,-0.0055779871
-3.278531e-08,-0.0055851677
-3.268531e-08,-0.0055837316
-3.258531e-08,-0.0055693704
-3.248531e-08,-0.0055485466
-3.238531e-08,-0.0055305951
-3.228531e-08,-0.0055262868
-3.218531e-08,-0.0055377757
-3.208531e-08,-0.0055593176
-3.198531e-08,-0.0055787052
-3.188531e-08,-0.0055837316
-3.178531e-08,-0.0055700885
-3.168531e-08,-0.0055420841
-3.158531e-08,-0.0055119256
-3.148531e-08,-0.0054918199
-3.138531e-08,-0.0054896657
-3.128531e-08,-0.0055040269
-3.118531e-08,-0.0055234145
-3.108531e-08,-0.0055377757
-3.098531e-08,-0.0055377757
-3.088531e-08,-0.0055248506
-3.078531e-08,-0.0055061811
-3.068531e-08,-0.0054918199
-3.058531e-08,-0.0054896657
-3.048531e-08,-0.0054997185
-3.038531e-08,-0.0055147978
-3.028531e-08,-0.0055262868
-3.018531e-08,-0.0055270048
-3.008531e-08,-0.00551767
-2.998531e-08,-0.0055033088
-2.988531e-08,-0.0054918199
-2.978531e-08,-0.0054896657
-2.968531e-08,-0.0054961282
-2.958531e-08,-0.0055068991
-2.948531e-08,-0.0055147978
-2.938531e-08,-0.0055147978
-2.928531e-08,-0.0055083352
-2.918531e-08,-0.0054982824
-2.908531e-08,-0.0054918199
-2.898531e-08,-0.0054911018
-2.888531e-08,-0.005493974
-2.878531e-08,-0.0054961282
-2.868531e-08,-0.0054918199
-2.858531e-08,-0.0054796128
-2.848531e-08,-0.0054638155
-2.838531e-08,-0.0054501723
-2.828531e-08,-0.005445864
-2.818531e-08,-0.0054523265
-2.808531e-08,-0.0054666877
-2.798531e-08,-0.0054824851
-2.788531e-08,-0.0054918199
-2.778531e-08,-0.005493974
-2.768531e-08,-0.0054925379
-2.758531e-08,-0.005493256
-2.748531e-08,-0.0055033088
-2.738531e-08,-0.0055219784
-2.728531e-08,-0.0055435202
-2.718531e-08,-0.0055593176
-2.708531e-08,-0.0055607537
-2.698531e-08,-0.0055471105
-2.688531e-08,-0.0055234145
-2.678531e-08,-0.0055018727
-2.668531e-08,-0.0054918199
-2.658531e-08,-0.0054975643
-2.648531e-08,-0.0055155159
-2.638531e-08,-0.0055363396
-2.628531e-08,-0.0055492647
-2.618531e-08,-0.0055499828
-2.608531e-08,-0.005540648
-2.598531e-08,-0.0055298771
-2.588531e-08,-0.0055262868
-2.578531e-08,-0.0055356216
-2.568531e-08,-0.0055557273
-2.558531e-08,-0.0055787052
-2.548531e-08,-0.0055952206
-2.538531e-08,-0.005600247
-2.528531e-08,-0.0055930664
-2.518531e-08,-0.0055815774
-2.508531e-08,-0.0055722426
-2.498531e-08,-0.0055715246
-2.488531e-08,-0.0055779871
-2.478531e-08,-0.00558804
-2.468531e-08,-0.0055952206
-2.458531e-08,-0.0055966567
-2.448531e-08,-0.0055937845
-2.438531e-08,-0.0055916303
-2.428531e-08,-0.0055952206
-2.418531e-08,-0.0056067096
-2.408531e-08,-0.0056210708
-2.398531e-08,-0.0056318417
-2.388531e-08,-0.0056296875
-2.378531e-08,-0.005612454
-2.368531e-08,-0.0055822955
-2.358531e-08,-0.0055471105
-2.348531e-08,-0.0055147978
-2.338531e-08,-0.0054903837
-2.328531e-08,-0.0054724322
-2.318531e-08,-0.0054559168
-2.308531e-08,-0.005434375
-2.298531e-08,-0.0054056526
-2.288531e-08,-0.0053711857
-2.278531e-08,-0.0053374368
-2.268531e-08,-0.0053079963
-2.258531e-08,-0.0052850184
-2.248531e-08,-0.0052634766
-2.238531e-08,-0.0052354722
-2.228531e-08,-0.0051931066
-2.218531e-08,-0.0051327895
-2.208531e-08,-0.0050588293
-2.198531e-08,-0.0049798426
-2.188531e-08,-0.0049058824
-2.178531e-08,-0.004841975
-2.168531e-08,-0.0047866843
-2.158531e-08,-0.0047342659
-2.148531e-08,-0.0046761029
-2.138531e-08,-0.0046078872
-2.128531e-08,-0.0045303366
-2.118531e-08,-0.0044506319
-2.108531e-08,-0.0043773897
-2.098531e-08,-0.0043149184
-2.088531e-08,-0.0042625
-2.078531e-08,-0.0042136719
-2.068531e-08,-0.0041590993
-2.058531e-08,-0.0040930377
-2.048531e-08,-0.0040154871
-2.038531e-08,-0.003930756
-2.028531e-08,-0.0038488971
-2.018531e-08,-0.0037763729
-2.008531e-08,-0.0037160558
-1.998531e-08,-0.0036657916
-1.988531e-08,-0.0036191176
-1.978531e-08,-0.0035717256
-1.968531e-08,-0.0035214614
-1.958531e-08,-0.0034704791
-1.948531e-08,-0.0034238051
-1.938531e-08,-0.0033850299
-1.928531e-08,-0.0033548713
-1.918531e-08,-0.0033311753
-1.908531e-08,-0.0033089154
-1.898531e-08,-0.0032852194
-1.888531e-08,-0.0032579331
-1.878531e-08,-0.0032306468
-1.868531e-08,-0.0032055147
-1.858531e-08,-0.003185409
-1.848531e-08,-0.0031710478
-1.838531e-08,-0.0031595588
-1.828531e-08,-0.0031480699
-1.818531e-08,-0.0031337086
-1.808531e-08,-0.0031179113
-1.798531e-08,-0.003102114
-1.788531e-08,-0.003090625
-1.778531e-08,-0.0030855986
-1.768531e-08,-0.0030870347
-1.758531e-08,-0.0030934972
-1.748531e-08,-0.003102114
-1.738531e-08,-0.0031107307
-1.728531e-08,-0.0031193474
-1.718531e-08,-0.0031279642
-1.708531e-08,-0.0031365809
-1.698531e-08,-0.0031451976
-1.688531e-08,-0.0031509421
-1.678531e-08,-0.0031523782
-1.668531e-08,-0.0031480699
-1.658531e-08,-0.0031416073
-1.648531e-08,-0.0031365809
-1.638531e-08,-0.003138017
-1.628531e-08,-0.0031480699
-1.618531e-08,-0.0031645852
-1.608531e-08,-0.0031818187
-1.598531e-08,-0.0031933077
-1.588531e-08,-0.0031940257
-1.578531e-08,-0.0031846909
-1.568531e-08,-0.0031688936
-1.558531e-08,-0.0031552505
-1.548531e-08,-0.0031480699
-1.538531e-08,-0.003149506
-1.528531e-08,-0.0031559685
-1.518531e-08,-0.003161713
-1.508531e-08,-0.0031595588
-1.498531e-08,-0.0031487879
-1.488531e-08,-0.0031315545
-1.478531e-08,-0.0031136029
-1.468531e-08,-0.003102114
-1.458531e-08,-0.0030985237
-1.448531e-08,-0.0031013959
-1.438531e-08,-0.0031042682
-1.428531e-08,-0.003102114
-1.418531e-08,-0.0030913431
-1.408531e-08,-0.0030733915
-1.398531e-08,-0.0030525678
-1.388531e-08,-0.0030331801
-1.378531e-08,-0.0030173828
-1.368531e-08,-0.0030044577
-1.358531e-08,-0.0029915326
-1.348531e-08,-0.0029757353
-1.338531e-08,-0.0029563477
-1.328531e-08,-0.002936242
-1.318531e-08,-0.0029182904
-1.308531e-08,-0.0029068015
-1.298531e-08,-0.0029003389
-1.288531e-08,-0.0028953125
-1.278531e-08,-0.0028866958
-1.268531e-08,-0.0028723346
-1.258531e-08,-0.0028529469
-1.248531e-08,-0.0028328412
-1.238531e-08,-0.0028191981
-1.228531e-08,-0.0028148897
-1.218531e-08,-0.0028177619
-1.208531e-08,-0.0028220703
-1.198531e-08,-0.0028191981
-1.188531e-08,-0.0028034007
-1.178531e-08,-0.0027753964
-1.168531e-08,-0.0027416475
-1.158531e-08,-0.0027136432
-1.148531e-08,-0.0027
-1.138531e-08,-0.0027028722
-1.128531e-08,-0.0027179515
-1.118531e-08,-0.002735903
-1.108531e-08,-0.0027459559
-1.098531e-08,-0.0027430836
-1.088531e-08,-0.0027294405
-1.078531e-08,-0.002712207
-1.068531e-08,-0.0027
-1.058531e-08,-0.0026978458
-1.048531e-08,-0.0027043084
-1.038531e-08,-0.0027157973
-1.028531e-08,-0.0027229779
-1.018531e-08,-0.0027222599
-1.008531e-08,-0.0027136432
-9.985313e-09,-0.0027
-9.885313e-09,-0.002688511
-9.785313e-09,-0.0026813304
-9.685313e-09,-0.0026791762
-9.585313e-09,-0.0026791762
-9.485313e-09,-0.0026770221
-9.385313e-09,-0.0026719956
-9.285313e-09,-0.0026662511
-9.185313e-09,-0.0026633789
-9.085313e-09,-0.0026655331
-8.985313e-09,-0.0026727137
-8.885313e-09,-0.0026813304
-8.785313e-09,-0.0026834846
-8.685313e-09,-0.0026770221
-8.585313e-09,-0.0026619428
-8.485313e-09,-0.0026432732
-8.385313e-09,-0.0026310662
-8.285313e-09,-0.0026310662
-8.185313e-09,-0.0026447093
-8.085313e-09,-0.0026662511
-7.985313e-09,-0.002687793
-7.885313e-09,-0.0027
-7.785313e-09,-0.0027
-7.685313e-09,-0.0026899472
-7.585313e-09,-0.002676304
-7.485313e-09,-0.0026655331
-7.385313e-09,-0.0026590705
-7.285313e-09,-0.0026554802
-7.185313e-09,-0.0026475816
-7.085313e-09,-0.0026310662
-6.985313e-09,-0.002605216
-6.885313e-09,-0.0025743394
-6.785313e-09,-0.002546335
-6.685313e-09,-0.0025276654
-6.585313e-09,-0.0025190487
-6.485313e-09,-0.0025154584
-6.385313e-09,-0.0025061236
-6.285313e-09,-0.0024817096
-6.185313e-09,-0.002439344
-6.085313e-09,-0.0023811811
-5.985313e-09,-0.0023158375
-5.885313e-09,-0.0022519301
-5.785313e-09,-0.0021923311
-5.685313e-09,-0.0021341682
-5.585313e-09,-0.0020688247
-5.485313e-09,-0.0019876838
-5.385313e-09,-0.0018864373
-5.285313e-09,-0.0017665211
-5.185313e-09,-0.0016365522
-5.085313e-09,-0.0015051471
-4.985313e-09,-0.0013780503
-4.885313e-09,-0.0012538258
-4.785313e-09,-0.001126011
-4.685313e-09,-0.00098814338
-4.585313e-09,-0.00083376034
-4.485313e-09,-0.00066357996
-4.385313e-09,-0.00048334674
-4.285313e-09,-0.00029880515
-4.185313e-09,-0.00011498162
-4.085313e-09,6.8123851e-05
-3.985313e-09,0.00025410156
-3.885313e-09,0.00044797794
-3.785313e-09,0.00065190717
-3.685313e-09,0.00086229894
-3.585313e-09,0.0010726907
-3.485313e-09,0.0012751838
-3.385313e-09,0.001466906
-3.285313e-09,0.0016485754
-3.185313e-09,0.0018273725
-3.085313e-09,0.0020104779
-2.985313e-09,0.0022014821
-2.885313e-09,0.0024003849
-2.785313e-09,0.0025992877
-2.685313e-09,0.0027917279
-2.585313e-09,0.0029712431
-2.485313e-09,0.003135679
-2.385313e-09,0.0032886259
-2.285313e-09,0.0034351103
-2.185313e-09,0.0035787224
-2.085313e-09,0.0037187443
-1.985313e-09,0.0038523035
-1.885313e-09,0.0039750919
-1.785313e-09,0.0040842371
-1.685313e-09,0.0041804573
-1.585313e-09,0.0042687787
-1.485313e-09,0.0043542279
-1.385313e-09,0.0044396772
-1.285313e-09,0.0045244083
-1.185313e-09,0.0046048311
-1.085313e-09,0.0046759191
-9.853129e-10,0.0047362362
-8.853129e-10,0.0047857824
-7.853129e-10,0.0048295841
-6.853129e-10,0.0048712316
-5.853129e-10,0.0049121611
-4.853129e-10,0.0049502183
-3.853129e-10,0.0049803768
-2.853129e-10,0.0049976103
-1.853129e-10,0.0050012006
-8.531293e-11,0.0049947381
1.468707e-11,0.0049868394
1.146871e-10,0.0049861213
2.146871e-10,0.0049976103
3.146871e-10,0.0050205882
4.146871e-10,0.0050500287
5.146871e-10,0.0050780331
6.146871e-10,0.0050967027
7.146871e-10,0.0051031652
8.146871e-10,0.0050995749
9.146871e-10,0.0050895221
1.014687e-09,0.0050780331
1.114687e-09,0.0050686983
1.214687e-09,0.0050615177
1.314687e-09,0.0050550551
1.414687e-09,0.0050485926
1.514687e-09,0.0050435662
1.614687e-09,0.005041412
1.714687e-09,0.0050435662
1.814687e-09,0.0050507468
1.914687e-09,0.0050615177
2.014687e-09,0.0050715705
2.114687e-09,0.0050780331
2.214687e-09,0.0050794692
2.314687e-09,0.0050780331
2.414687e-09,0.0050758789
2.514687e-09,0.0050780331
2.614687e-09,0.0050844956
2.714687e-09,0.0050931124
2.814687e-09,0.0050995749
2.914687e-09,0.005101011
3.014687e-09,0.0050959846
3.114687e-09,0.0050866498
3.214687e-09,0.0050787511
3.314687e-09,0.0050780331
3.414687e-09,0.0050880859
3.514687e-09,0.0051074736
3.614687e-09,0.0051326057
3.714687e-09,0.0051584559
3.814687e-09,0.0051792796
3.914687e-09,0.0051936409
4.014687e-09,0.0052015395
4.114687e-09,0.0052044118
4.214687e-09,0.0052044118
4.314687e-09,0.0052015395
4.414687e-09,0.0051979492
4.514687e-09,0.0051929228
4.614687e-09,0.0051900506
4.714687e-09,0.0051907686
4.814687e-09,0.0051993853
4.914687e-09,0.0052159007
5.014687e-09,0.0052374426
5.114687e-09,0.0052589844
5.214687e-09,0.0052762178
5.314687e-09,0.0052848346
5.414687e-09,0.0052855526
5.514687e-09,0.0052805262
5.614687e-09,0.0052754998
5.714687e-09,0.0052733456
5.814687e-09,0.0052733456
5.914687e-09,0.0052733456
6.014687e-09,0.0052697553
6.114687e-09,0.0052618566
6.214687e-09,0.0052510857
6.314687e-09,0.005242469
6.414687e-09,0.0052417509
6.514687e-09,0.0052503676
6.614687e-09,0.005266165
6.714687e-09,0.0052812443
6.814687e-09,0.0052891429
6.914687e-09,0.0052848346
7.014687e-09,0.0052697553
7.114687e-09,0.0052496496
7.214687e-09,0.0052338523
7.314687e-09,0.0052273897
7.414687e-09,0.00523098
7.514687e-09,0.0052388787
7.614687e-09,0.0052439051
7.714687e-09,0.0052388787
7.814687e-09,0.0052237994
7.914687e-09,0.0052044118
8.014687e-09,0.0051878964
8.114687e-09,0.0051814338
8.214687e-09,0.0051857422
8.314687e-09,0.005195795
8.414687e-09,0.0052044118
8.514687e-09,0.0052044118
8.614687e-09,0.005195077
8.714687e-09,0.0051807158
8.814687e-09,0.0051699449
8.914687e-09,0.0051699449
9.014687e-09,0.0051821519
9.114687e-09,0.0052015395
9.214687e-09,0.005219491
9.314687e-09,0.0052273897
9.414687e-09,0.0052230813
9.514687e-09,0.0052101562
9.614687e-09,0.0051972312
9.714687e-09,0.0051929228
9.814687e-09,0.0052008215
9.914687e-09,0.0052173369
1.001469e-08,0.0052367245
1.011469e-08,0.0052503676
1.021469e-08,0.0052561121
1.031469e-08,0.0052553941
1.041469e-08,0.0052553941
1.051469e-08,0.0052618566
1.061469e-08,0.0052762178
1.071469e-08,0.0052948874
1.081469e-08,0.0053114028
1.091469e-08,0.0053193015
1.101469e-08,0.0053178653
1.111469e-08,0.0053121209
1.121469e-08,0.0053106847
1.131469e-08,0.0053193015
1.141469e-08,0.0053401252
1.151469e-08,0.0053666935
1.161469e-08,0.0053896714
1.171469e-08,0.0053997243
1.181469e-08,0.0053932617
1.191469e-08,0.0053753102
1.201469e-08,0.0053544864
1.211469e-08,0.0053422794
1.221469e-08,0.0053429975
1.231469e-08,0.0053537684
1.241469e-08,0.0053681296
1.251469e-08,0.0053767463
1.261469e-08,0.0053753102
1.271469e-08,0.0053666935
1.281469e-08,0.0053573587
1.291469e-08,0.0053537684
1.301469e-08,0.0053602309
1.311469e-08,0.005373156
1.321469e-08,0.0053853631
1.331469e-08,0.0053882353
1.341469e-08,0.0053796186
1.351469e-08,0.005361667
1.361469e-08,0.0053429975
1.371469e-08,0.0053307904
1.381469e-08,0.0053293543
1.391469e-08,0.0053358169
1.401469e-08,0.0053422794
1.411469e-08,0.0053422794
1.421469e-08,0.0053315085
1.431469e-08,0.0053128389
1.441469e-08,0.0052948874
1.451469e-08,0.0052848346
1.461469e-08,0.0052869887
1.471469e-08,0.0052984777
1.481469e-08,0.0053121209
1.491469e-08,0.0053193015
1.501469e-08,0.0053164292
1.511469e-08,0.0053035041
1.521469e-08,0.0052869887
1.531469e-08,0.0052733456
1.541469e-08,0.0052647289
1.551469e-08,0.0052597024
1.561469e-08,0.0052525218
1.571469e-08,0.0052388787
1.581469e-08,0.0052173369
1.591469e-08,0.0051929228
1.601469e-08,0.0051706629
1.611469e-08,0.0051584559
1.621469e-08,0.0051563017
1.631469e-08,0.0051606101
1.641469e-08,0.0051634823
1.651469e-08,0.0051584559
1.661469e-08,0.0051440947
1.671469e-08,0.005123989
1.681469e-08,0.0051046013
1.691469e-08,0.0050895221
1.701469e-08,0.0050794692
1.711469e-08,0.0050686983
1.721469e-08,0.0050507468
1.731469e-08,0.0050205882
1.741469e-08,0.004981813
1.751469e-08,0.0049430377
1.761469e-08,0.0049150333
1.771469e-08,0.0049056985
1.781469e-08,0.0049143153
1.791469e-08,0.0049308307
1.801469e-08,0.0049430377
1.811469e-08,0.0049401654
1.821469e-08,0.0049207778
1.831469e-08,0.0048927734
1.841469e-08,0.0048683594
1.851469e-08,0.0048597426
1.861469e-08,0.0048683594
1.871469e-08,0.0048884651
1.881469e-08,0.0049049805
1.891469e-08,0.0049056985
1.901469e-08,0.0048863109
1.911469e-08,0.0048532801
1.921469e-08,0.0048209674
1.931469e-08,0.0048022978
1.941469e-08,0.0048058881
1.951469e-08,0.004828866
1.961469e-08,0.0048597426
1.971469e-08,0.0048827206
1.981469e-08,0.0048891831
1.991469e-08,0.0048798483
2.001469e-08,0.0048618968
2.011469e-08,0.0048482537
2.021469e-08,0.0048453814
2.031469e-08,0.0048547162
2.041469e-08,0.0048662052
2.051469e-08,0.0048712316
2.061469e-08,0.0048618968
2.071469e-08,0.0048389189
2.081469e-08,0.0048116326
2.091469e-08,0.0047908088
2.101469e-08,0.0047850643
2.111469e-08,0.0047943991
2.121469e-08,0.0048116326
2.131469e-08,0.0048252757
2.141469e-08,0.0048259938
2.151469e-08,0.0048123506
2.161469e-08,0.0047893727
2.171469e-08,0.0047678309
2.181469e-08,0.0047556239
2.191469e-08,0.0047556239
2.201469e-08,0.0047628045
2.211469e-08,0.0047678309
2.221469e-08,0.0047613683
2.231469e-08,0.0047405446
2.241469e-08,0.0047089499
2.251469e-08,0.0046759191
2.261469e-08,0.004650787
2.271469e-08,0.00463858
2.281469e-08,0.0046378619
2.291469e-08,0.0046414522
2.301469e-08,0.0046421703
2.311469e-08,0.0046335535
2.321469e-08,0.0046163201
2.331469e-08,0.0045954963
2.341469e-08,0.0045775448
2.351469e-08,0.004567492
2.361469e-08,0.0045667739
2.371469e-08,0.0045725184
2.381469e-08,0.0045775448
2.391469e-08,0.0045775448
2.401469e-08,0.004567492
2.411469e-08,0.0045495404
2.421469e-08,0.0045265625
2.431469e-08,0.0045028665
2.441469e-08,0.0044827608
2.451469e-08,0.0044691176
2.461469e-08,0.004461937
2.471469e-08,0.0044597829
2.481469e-08,0.0044590648
2.491469e-08,0.0044576287
2.501469e-08,0.0044518842
2.511469e-08,0.0044396772
2.521469e-08,0.0044217256
2.531469e-08,0.0044001838
2.541469e-08,0.0043793601
2.551469e-08,0.0043635627
2.561469e-08,0.0043556641
2.571469e-08,0.0043542279
2.581469e-08,0.0043556641
2.591469e-08,0.0043542279
2.601469e-08,0.0043470473
2.611469e-08,0.00433125
2.621469e-08,0.0043118624
2.631469e-08,0.0042939108
2.641469e-08,0.0042845761
2.651469e-08,0.0042852941
2.661469e-08,0.0042939108
2.671469e-08,0.0043032456
2.681469e-08,0.0043061179
2.691469e-08,0.0042967831
2.701469e-08,0.0042759593
2.711469e-08,0.0042493911
2.721469e-08,0.0042235409
2.731469e-08,0.0042048713
2.741469e-08,0.0041955365
2.751469e-08,0.0041919462
2.761469e-08,0.004189074
2.771469e-08,0.0041818934
2.781469e-08,0.0041682502
2.791469e-08,0.0041517348
2.801469e-08,0.0041359375
2.811469e-08,0.0041244485
2.821469e-08,0.0041172679
2.831469e-08,0.0041093693
2.841469e-08,0.0040935719
2.851469e-08,0.0040670037
2.861469e-08,0.0040289465
2.871469e-08,0.0039872989
2.881469e-08,0.0039506778
2.891469e-08,0.003929136
2.901469e-08,0.0039255457
2.911469e-08,0.0039355986
2.921469e-08,0.003952114
2.931469e-08,0.0039636029
2.941469e-08,0.0039636029
2.951469e-08,0.0039499598
2.961469e-08,0.003928418
2.971469e-08,0.0039061581
2.981469e-08,0.0038896427
2.991469e-08,0.003881744
3.001469e-08,0.0038803079
3.011469e-08,0.0038831801
3.021469e-08,0.0038846163
3.031469e-08,0.0038838982
3.041469e-08,0.0038788718
3.051469e-08,0.0038716912
3.061469e-08,0.0038623564
3.071469e-08,0.0038501494
3.081469e-08,0.003834352
3.091469e-08,0.0038142463
3.101469e-08,0.0037927045
3.111469e-08,0.0037733169
3.121469e-08,0.0037603918
3.131469e-08,0.0037568015
3.141469e-08,0.0037603918
3.151469e-08,0.0037668543
3.161469e-08,0.0037704446
3.171469e-08,0.0037682904
3.181469e-08,0.0037596737
3.191469e-08,0.0037481847
3.201469e-08,0.0037381319
3.211469e-08,0.0037338235
3.221469e-08,0.0037331055
3.231469e-08,0.0037323874
3.241469e-08,0.0037259249
3.251469e-08,0.0037108456
3.261469e-08,0.0036893038
3.271469e-08,0.0036677619
3.281469e-08,0.0036548369
3.291469e-08,0.0036534007
3.301469e-08,0.0036627355
3.311469e-08,0.0036742245
3.321469e-08,0.0036778148
3.331469e-08,0.0036648897
3.341469e-08,0.0036361673
3.351469e-08,0.0035988281
3.361469e-08,0.0035657973
3.371469e-08,0.00355
3.381469e-08,0.0035564625
3.391469e-08,0.0035808766
3.401469e-08,0.0036139074
3.411469e-08,0.0036419118
3.421469e-08,0.0036548369
3.431469e-08,0.0036498104
3.441469e-08,0.0036311409
3.451469e-08,0.0036074449
3.461469e-08,0.003585903
3.471469e-08,0.0035701057
3.481469e-08,0.0035593348
3.491469e-08,0.00355
3.501469e-08,0.0035406652
3.511469e-08,0.0035313304
3.521469e-08,0.0035255859
3.531469e-08,0.0035270221
3.541469e-08,0.0035356388
3.551469e-08,0.0035485639
3.561469e-08,0.0035593348
3.571469e-08,0.003561489
3.581469e-08,0.0035514361
3.591469e-08,0.0035306124
3.601469e-08,0.0035054802
3.611469e-08,0.0034810662
3.621469e-08,0.0034623966
3.631469e-08,0.0034487534
3.641469e-08,0.0034372645
3.651469e-08,0.0034236213
3.661469e-08,0.0034063879
3.671469e-08,0.0033877183
3.681469e-08,0.003372639
3.691469e-08,0.0033661765
3.701469e-08,0.0033697668
3.711469e-08,0.0033798196
3.721469e-08,0.0033891544
3.731469e-08,0.0033891544
3.741469e-08,0.0033755113
3.751469e-08,0.003348943
3.761469e-08,0.0033166303
3.771469e-08,0.0032857537
3.781469e-08,0.0032642119
3.791469e-08,0.0032534409
3.801469e-08,0.0032512868
3.811469e-08,0.0032512868
3.821469e-08,0.0032484145
3.831469e-08,0.0032412339
3.841469e-08,0.0032290269
3.851469e-08,0.0032168199
3.861469e-08,0.003206767
3.871469e-08,0.0032010225
3.881469e-08,0.0031974322
3.891469e-08,0.0031938419
3.901469e-08,0.0031880974
3.911469e-08,0.0031816349
3.921469e-08,0.0031751723
3.931469e-08,0.003170864
3.941469e-08,0.0031701459
3.951469e-08,0.0031701459
3.961469e-08,0.0031679917
3.971469e-08,0.003159375
3.981469e-08,0.0031428596
3.991469e-08,0.0031220358
4.001469e-08,0.0031026482
4.011469e-08,0.0030904412
4.021469e-08,0.0030904412
4.031469e-08,0.0031012121
4.041469e-08,0.0031191636
4.051469e-08,0.0031363971
4.061469e-08,0.0031464499
4.071469e-08,0.0031450138
4.081469e-08,0.0031328068
4.091469e-08,0.0031134191
4.101469e-08,0.0030911592
4.111469e-08,0.0030710535
4.121469e-08,0.0030545381
4.131469e-08,0.0030444853
4.141469e-08,0.0030401769
4.151469e-08,0.003040895
4.161469e-08,0.0030466395
4.171469e-08,0.0030559743
4.181469e-08,0.0030674632
4.191469e-08,0.003076798
4.201469e-08,0.0030811064
4.211469e-08,0.0030789522
4.221469e-08,0.0030696174
4.231469e-08,0.0030559743
4.241469e-08,0.0030423311
4.251469e-08,0.0030329963
4.261469e-08,0.003028688
4.271469e-08,0.003029406
4.281469e-08,0.0030322783
4.291469e-08,0.0030329963
4.301469e-08,0.0030301241
4.311469e-08,0.0030236615
4.321469e-08,0.0030164809
4.331469e-08,0.0030100184
4.341469e-08,0.0030071461
4.351469e-08,0.0030071461
4.361469e-08,0.0030093003
4.371469e-08,0.0030100184
4.381469e-08,0.0030093003
4.391469e-08,0.00300571
4.401469e-08,0.0030021197
4.411469e-08,0.0029985294
4.421469e-08,0.0029949391
4.431469e-08,0.0029891946
4.441469e-08,0.0029791418
4.451469e-08,0.0029640625
4.461469e-08,0.0029439568
4.471469e-08,0.002922415
4.481469e-08,0.0029051815
4.491469e-08,0.0028951287
4.501469e-08,0.0028944106
4.511469e-08,0.002899437
4.521469e-08,0.0029058996
4.531469e-08,0.0029066176
4.541469e-08,0.0028972829
4.551469e-08,0.0028786133
4.561469e-08,0.0028527631
4.571469e-08,0.0028261949
4.581469e-08,0.0028053711
4.591469e-08,0.0027931641
4.601469e-08,0.0027895738
4.611469e-08,0.0027917279
4.621469e-08,0.0027946002
4.631469e-08,0.0027938821
4.641469e-08,0.0027888557
4.651469e-08,0.002780239
4.661469e-08,0.0027694681
4.671469e-08,0.0027594152
4.681469e-08,0.0027515165
4.691469e-08,0.0027457721
4.701469e-08,0.0027407456
4.711469e-08,0.0027357192
4.721469e-08,0.0027299747
4.731469e-08,0.0027227941
4.741469e-08,0.0027148955
4.751469e-08,0.0027062787
4.761469e-08,0.002697662
4.771469e-08,0.0026883272
4.781469e-08,0.0026789924
4.791469e-08,0.0026689396
4.801469e-08,0.0026603228
4.811469e-08,0.0026538603
4.821469e-08,0.0026495519
4.831469e-08,0.0026466797
4.841469e-08,0.0026452436
4.851469e-08,0.0026423713
4.861469e-08,0.0026366268
4.871469e-08,0.002626574
4.881469e-08,0.0026129308
4.891469e-08,0.0025964154
4.901469e-08,0.0025799
4.911469e-08,0.0025655388
4.921469e-08,0.002555486
4.931469e-08,0.0025504596
4.941469e-08,0.0025490234
4.951469e-08,0.0025490234
4.961469e-08,0.0025461512
4.971469e-08,0.0025389706
4.981469e-08,0.0025238913
4.991469e-08,0.0025016314
5.001469e-08,0.0024750632
5.011469e-08,0.0024470588
5.021469e-08,0.0024240809
5.031469e-08,0.0024097197
5.041469e-08,0.0024068474
5.051469e-08,0.0024125919
5.061469e-08,0.0024233628
5.071469e-08,0.0024341337
5.081469e-08,0.0024391602
5.091469e-08,0.0024355699
5.101469e-08,0.0024240809
5.111469e-08,0.0024082835
5.121469e-08,0.0023917682
5.131469e-08,0.002378125
5.141469e-08,0.0023695083
5.151469e-08,0.0023637638
5.161469e-08,0.0023601735
5.171469e-08,0.0023551471
5.181469e-08,0.0023479665
5.191469e-08,0.0023386317
5.201469e-08,0.0023285788
5.211469e-08,0.0023206801
5.221469e-08,0.0023149357
5.231469e-08,0.0023099092
5.241469e-08,0.0023048828
5.251469e-08,0.0022977022
5.261469e-08,0.0022869313
5.271469e-08,0.0022740062
5.281469e-08,0.0022617992
5.291469e-08,0.0022517463
5.301469e-08,0.0022467199
5.311469e-08,0.0022460018
5.321469e-08,0.002248156
5.331469e-08,0.0022517463
5.341469e-08,0.0022531824
5.351469e-08,0.0022517463
5.361469e-08,0.002247438
5.371469e-08,0.0022402574
5.381469e-08,0.0022316406
5.391469e-08,0.0022223058
5.401469e-08,0.0022136891
5.411469e-08,0.0022057904
5.421469e-08,0.002200764
5.431469e-08,0.002200764
5.441469e-08,0.0022057904
5.451469e-08,0.0022172794
5.461469e-08,0.0022323587
5.471469e-08,0.0022488741
5.481469e-08,0.0022603631
5.491469e-08,0.0022632353
5.501469e-08,0.0022567727
5.511469e-08,0.0022416935
5.521469e-08,0.0022223058
5.531469e-08,0.0022057904
5.541469e-08,0.0021964557
5.551469e-08,0.0021964557
5.561469e-08,0.0022043543
5.571469e-08,0.0022172794
5.581469e-08,0.0022294864
5.591469e-08,0.0022373851
5.601469e-08,0.0022402574
5.611469e-08,0.0022402574
5.621469e-08,0.0022402574
5.631469e-08,0.0022424115
5.641469e-08,0.0022467199
5.651469e-08,0.0022517463
5.661469e-08,0.0022524644
5.671469e-08,0.0022452838
5.681469e-08,0.0022287684
5.691469e-08,0.0022057904
5.701469e-08,0.0021806583
5.711469e-08,0.0021583984
5.721469e-08,0.0021440372
5.731469e-08,0.0021368566
5.741469e-08,0.0021347024
5.751469e-08,0.0021332663
5.761469e-08,0.0021268038
5.771469e-08,0.0021138787
5.781469e-08,0.0020959272
5.791469e-08,0.0020758215
5.801469e-08,0.0020578699
5.811469e-08,0.0020449449
5.821469e-08,0.0020356101
5.831469e-08,0.0020269933
5.841469e-08,0.0020147863
5.851469e-08,0.001998989
5.861469e-08,0.0019796013
5.871469e-08,0.0019602137
5.881469e-08,0.0019465705
5.891469e-08,0.0019415441
5.901469e-08,0.0019436983
5.911469e-08,0.0019487247
5.921469e-08,0.0019501608
5.931469e-08,0.0019415441
5.941469e-08,0.0019207204
5.951469e-08,0.0018898438
5.961469e-08,0.0018553768
5.971469e-08,0.0018266544
5.981469e-08,0.001809421
5.991469e-08,0.0018065487
6.001469e-08,0.0018144474
6.011469e-08,0.0018266544
6.021469e-08,0.0018367073
6.031469e-08,0.0018381434
6.041469e-08,0.0018309628
6.051469e-08,0.0018151654
6.061469e-08,0.0017957778
6.071469e-08,0.0017763902
6.081469e-08,0.0017598748
6.091469e-08,0.0017462316
6.101469e-08,0.0017340246
6.111469e-08,0.0017225356
6.121469e-08,0.0017110466
6.131469e-08,0.0017002757
6.141469e-08,0.0016909409
6.151469e-08,0.0016844784
6.161469e-08,0.0016808881
6.171469e-08,0.0016772978
6.181469e-08,0.0016722714
6.191469e-08,0.0016629366
6.201469e-08,0.0016492934
6.211469e-08,0.0016313419
6.221469e-08,0.0016119543
6.231469e-08,0.0015947208
6.241469e-08,0.0015817957
6.251469e-08,0.0015738971
6.261469e-08,0.0015703068
6.271469e-08,0.0015688706
6.281469e-08,0.0015667165
6.291469e-08,0.0015624081
6.301469e-08,0.0015545094
6.311469e-08,0.0015437385
6.321469e-08,0.0015300954
6.331469e-08,0.0015164522
6.341469e-08,0.0015035271
6.351469e-08,0.0014927562
6.361469e-08,0.0014855756
6.371469e-08,0.0014819853
6.381469e-08,0.0014827034
6.391469e-08,0.0014877298
6.401469e-08,0.0014956284
6.411469e-08,0.0015049632
6.421469e-08,0.00151358
6.431469e-08,0.0015200425
6.441469e-08,0.0015207606
6.451469e-08,0.0015164522
6.461469e-08,0.0015063994
6.471469e-08,0.0014913201
6.481469e-08,0.0014748047
6.491469e-08,0.0014590074
6.501469e-08,0.0014460823
6.511469e-08,0.0014381836
6.521469e-08,0.0014353114
6.531469e-08,0.0014360294
6.541469e-08,0.0014389017
6.551469e-08,0.0014410558
6.561469e-08,0.0014403378
6.571469e-08,0.0014360294
6.581469e-08,0.0014281307
6.591469e-08,0.001418796
6.601469e-08,0.0014087431
6.611469e-08,0.0014015625
6.621469e-08,0.0013972541
6.631469e-08,0.0013972541
6.641469e-08,0.0013986903
6.651469e-08,0.0014015625
6.661469e-08,0.0014029986
6.671469e-08,0.0014015625
6.681469e-08,0.0013965361
6.691469e-08,0.0013900735
6.701469e-08,0.0013828929
6.711469e-08,0.0013778665
6.721469e-08,0.0013757123
6.731469e-08,0.0013785846
6.741469e-08,0.001384329
6.751469e-08,0.0013922277
6.761469e-08,0.0013986903
6.771469e-08,0.0014015625
6.781469e-08,0.0013994083
6.791469e-08,0.0013915097
6.801469e-08,0.0013807387
6.811469e-08,0.0013670956
6.821469e-08,0.0013541705
6.831469e-08,0.0013419635
6.841469e-08,0.0013319106
6.851469e-08,0.0013211397
6.861469e-08,0.0013089327
6.871469e-08,0.0012952895
6.881469e-08,0.0012794922
6.891469e-08,0.0012636949
6.901469e-08,0.0012500517
6.911469e-08,0.0012407169
6.921469e-08,0.0012342544
6.931469e-08,0.0012292279
6.941469e-08,0.0012213293
6.951469e-08,0.00120625
6.961469e-08,0.0011818359
6.971469e-08,0.0011488051
6.981469e-08,0.0011107479
6.991469e-08,0.0010741268
7.001469e-08,0.0010432502
7.011469e-08,0.0010224265
7.021469e-08,0.0010123736
7.031469e-08,0.0010102194
7.041469e-08,0.0010109375
7.051469e-08,0.0010109375
7.061469e-08,0.0010059111
7.071469e-08,0.00099370404
7.081469e-08,0.00097575253
7.091469e-08,0.00095349265
7.101469e-08,0.00092836052
7.111469e-08,0.00090179228
7.121469e-08,0.00087522403
7.131469e-08,0.00085009191
7.141469e-08,0.00082711397
7.151469e-08,0.00080844439
7.161469e-08,0.00079336512
7.171469e-08,0.00078115809
7.181469e-08,0.00077110524
7.191469e-08,0.00076033433
7.201469e-08,0.0007481273
7.211469e-08,0.00073520221
7.221469e-08,0.00072299517
7.231469e-08,0.00071437845
7.241469e-08,0.00071078814
7.251469e-08,0.00071222426
7.261469e-08,0.00071509651
7.271469e-08,0.00071653263
7.281469e-08,0.0007115062
7.291469e-08,0.00070073529
7.301469e-08,0.00068493796
7.311469e-08,0.00066985869
7.321469e-08,0.00065836972
7.331469e-08,0.00065477941
7.341469e-08,0.00065765165
7.351469e-08,0.00066267808
7.361469e-08,0.00066698644
7.371469e-08,0.00066626838
7.381469e-08,0.00066124196
7.391469e-08,0.00065549747
7.401469e-08,0.00065190717
7.411469e-08,0.00065477941
7.421469e-08,0.00066339614
7.431469e-08,0.00067344899
7.441469e-08,0.00067991153
7.451469e-08,0.00067775735
7.461469e-08,0.00066626838
7.471469e-08,0.00064903493
7.481469e-08,0.00063180147
7.491469e-08,0.0006203125
7.501469e-08,0.00061815832
7.511469e-08,0.00062533892
7.521469e-08,0.00063539177
7.531469e-08,0.00064329044
7.541469e-08,0.0006440085
7.551469e-08,0.0006368279
7.561469e-08,0.00062318474
7.571469e-08,0.00060882353
7.581469e-08,0.00059733456
7.591469e-08,0.00059015395
7.601469e-08,0.00058728171
7.611469e-08,0.00058584559
7.621469e-08,0.00058369141
7.631469e-08,0.00058081916
7.641469e-08,0.00057722886
7.651469e-08,0.00057435662
7.661469e-08,0.00057435662
7.671469e-08,0.00057794692
7.681469e-08,0.00058225528
7.691469e-08,0.00058584559
7.701469e-08,0.00058728171
7.711469e-08,0.00058656365
7.721469e-08,0.00058512753
7.731469e-08,0.00058584559
7.741469e-08,0.00058799977
7.751469e-08,0.00059159007
7.761469e-08,0.00059159007
7.771469e-08,0.00058584559
7.781469e-08,0.00057220244
7.791469e-08,0.00055066062
7.801469e-08,0.00052696461
7.811469e-08,0.00050542279
7.821469e-08,0.00049106158
7.831469e-08,0.00048603516
7.841469e-08,0.00048818934
7.851469e-08,0.00049393382
7.861469e-08,0.00049896025
7.871469e-08,0.00049967831
7.881469e-08,0.00049752413
7.891469e-08,0.00049393382
7.901469e-08,0.00049321576
7.911469e-08,0.00049896025
7.921469e-08,0.00051188534
7.931469e-08,0.00052840074
7.941469e-08,0.00054491613
7.951469e-08,0.0005564051
7.961469e-08,0.00055855928
7.971469e-08,0.00055137868
7.981469e-08,0.0005362994
7.991469e-08,0.00051691176
8.001469e-08,0.00049824219
8.011469e-08,0.00048244485
8.021469e-08,0.000472392
8.031469e-08,0.00046592946
8.041469e-08,0.00046305722
8.051469e-08,0.00045946691
8.061469e-08,0.00045372243
8.071469e-08,0.00044582376
8.081469e-08,0.00043577091
8.091469e-08,0.000425
8.101469e-08,0.00041566521
8.111469e-08,0.00040920267
8.121469e-08,0.00040561236
8.131469e-08,0.00040202206
8.141469e-08,0.00039699563
8.151469e-08,0.00038766085
8.161469e-08,0.00037401769
8.171469e-08,0.00035606618
8.181469e-08,0.0003373966
8.191469e-08,0.00032016314
8.201469e-08,0.00030723805
8.211469e-08,0.00029862132
8.221469e-08,0.00029287684
8.231469e-08,0.00028713235
8.241469e-08,0.00027779756
8.251469e-08,0.00026415441
8.261469e-08,0.0002462029
8.271469e-08,0.00022681526
8.281469e-08,0.00020886374
8.291469e-08,0.00019522059
8.301469e-08,0.00018660386
8.311469e-08,0.00018157744
8.321469e-08,0.00017726907
8.331469e-08,0.00017224265
8.341469e-08,0.00016506204
8.351469e-08,0.00015572725
8.361469e-08,0.00014639246
8.371469e-08,0.00013777574
8.381469e-08,0.00012987707
8.391469e-08,0.00012269646
8.401469e-08,0.00011407973
8.411469e-08,0.00010330882
8.421469e-08,9.0383732e-05
8.431469e-08,7.745864e-05
8.441469e-08,6.5251608e-05
8.451469e-08,5.7352941e-05
8.461469e-08,5.3044577e-05
8.471469e-08,5.1608456e-05
8.481469e-08,4.9454274e-05
8.491469e-08,4.5863971e-05
8.501469e-08,3.8683364e-05
8.511469e-08,2.8630515e-05
8.521469e-08,1.9295726e-05
8.531469e-08,1.1397059e-05
8.541469e-08,7.8067555e-06
8.551469e-08,7.8067555e-06
8.561469e-08,9.9609375e-06
8.571469e-08,1.1397059e-05
8.581469e-08,9.9609375e-06
8.591469e-08,4.9345129e-06
8.601469e-08,-2.9641544e-06
8.611469e-08,-1.1580882e-05
8.621469e-08,-1.8043428e-05
8.631469e-08,-2.019761e-05
8.641469e-08,-1.8043428e-05
8.651469e-08,-1.1580882e-05
8.661469e-08,-2.2460937e-06
8.671469e-08,7.8067555e-06
8.681469e-08,1.6423483e-05
8.691469e-08,2.2886029e-05
8.701469e-08,2.5040211e-05
8.711469e-08,2.1449908e-05
8.721469e-08,1.283318e-05
8.731469e-08,-9.1911765e-08
8.741469e-08,-1.4453125e-05
8.751469e-08,-2.6660156e-05
8.761469e-08,-3.3840763e-05
8.771469e-08,-3.4558824e-05
8.781469e-08,-3.025046e-05
8.791469e-08,-2.2351792e-05
8.801469e-08,-1.5171186e-05
8.811469e-08,-1.1580882e-05
8.821469e-08,-1.2298943e-05
8.831469e-08,-1.5889246e-05
8.841469e-08,-2.019761e-05
8.851469e-08,-2.3069853e-05
8.861469e-08,-2.3069853e-05
8.871469e-08,-2.1633732e-05
8.881469e-08,-2.0915671e-05
8.891469e-08,-2.3069853e-05
8.901469e-08,-2.9532399e-05
8.911469e-08,-3.8867187e-05
8.921469e-08,-4.9638097e-05
8.931469e-08,-5.7536765e-05
8.941469e-08,-6.0409007e-05
8.951469e-08,-5.8254825e-05
8.961469e-08,-5.251034e-05
8.971469e-08,-4.6047794e-05
8.981469e-08,-4.173943e-05
8.991469e-08,-4.2457491e-05
9.001469e-08,-4.8201976e-05
9.011469e-08,-5.7536765e-05
9.021469e-08,-6.8307675e-05
9.031469e-08,-7.8360524e-05
9.041469e-08,-8.6259191e-05
9.051469e-08,-9.2003676e-05
9.061469e-08,-9.631204e-05
9.071469e-08,-9.9184283e-05
9.081469e-08,-0.00010133847
9.091469e-08,-0.00010349265
9.101469e-08,-0.00010564683
9.111469e-08,-0.00010780101
9.121469e-08,-0.00011067325
9.131469e-08,-0.00011498162
9.141469e-08,-0.00012144416
9.151469e-08,-0.00013149701
9.161469e-08,-0.0001444221
9.171469e-08,-0.0001609375
9.181469e-08,-0.00018032514
9.191469e-08,-0.0002011489
9.201469e-08,-0.00022269072
9.211469e-08,-0.00024136029
9.221469e-08,-0.00025643957
9.231469e-08,-0.00026649242
9.241469e-08,-0.0002722369
9.251469e-08,-0.00027582721
9.261469e-08,-0.00028157169
9.271469e-08,-0.00029162454
9.281469e-08,-0.00030957606
9.291469e-08,-0.00033327206
9.301469e-08,-0.00035912224
9.311469e-08,-0.00038210018
9.321469e-08,-0.00039717946
9.331469e-08,-0.00040220588
9.341469e-08,-0.00039861558
9.351469e-08,-0.00039143497
9.361469e-08,-0.00038712661
9.371469e-08,-0.00039071691
9.381469e-08,-0.00040507812
9.391469e-08,-0.00042877413
9.401469e-08,-0.00045677849
9.411469e-08,-0.00048262868
9.421469e-08,-0.00050129825
9.431469e-08,-0.00050991498
9.441469e-08,-0.00051063304
9.451469e-08,-0.00050560662
9.461469e-08,-0.00049914407
9.471469e-08,-0.00049411765
9.481469e-08,-0.00049268153
9.491469e-08,-0.00049411765
9.501469e-08,-0.00049842601
9.511469e-08,-0.00050560662
9.521469e-08,-0.00051494141
9.531469e-08,-0.00052858456
9.541469e-08,-0.00054509995
9.551469e-08,-0.00056376953
9.561469e-08,-0.00058243911
9.571469e-08,-0.00059751838
9.581469e-08,-0.00060685317
9.591469e-08,-0.00060900735
9.601469e-08,-0.00060469899
9.611469e-08,-0.00059751838
9.621469e-08,-0.00058961972
9.631469e-08,-0.00058387523
9.641469e-08,-0.00058315717
9.651469e-08,-0.00058602941
9.661469e-08,-0.00059321002
9.671469e-08,-0.00060182675
9.681469e-08,-0.0006118796
9.691469e-08,-0.00062049632
9.701469e-08,-0.00062767693
9.711469e-08,-0.00063198529
9.721469e-08,-0.00063342142
9.731469e-08,-0.00063198529
9.741469e-08,-0.00062839499
9.751469e-08,-0.00062480469
9.761469e-08,-0.00062121438
9.771469e-08,-0.00062049632
9.781469e-08,-0.00062193244
9.791469e-08,-0.00062552275
9.801469e-08,-0.00062911305
9.811469e-08,-0.00063198529
9.821469e-08,-0.00063198529
9.831469e-08,-0.00062983111
9.841469e-08,-0.00062480469
9.851469e-08,-0.00062049632
9.861469e-08,-0.00061762408
9.871469e-08,-0.00061834214
9.881469e-08,-0.00062336857
9.891469e-08,-0.00063198529
9.901469e-08,-0.0006427562
9.911469e-08,-0.00065352711
9.921469e-08,-0.00066214384
9.931469e-08,-0.00066645221
9.941469e-08,-0.00066501608
9.951469e-08,-0.00065711742
9.961469e-08,-0.00064562845
9.971469e-08,-0.00063198529
9.981469e-08,-0.00062049632
9.991469e-08,-0.00061475184
1.000147e-07,-0.00061834214
1.001147e-07,-0.00063198529
1.002147e-07,-0.00065424517
1.003147e-07,-0.00068009536
1.004147e-07,-0.00070522748
1.005147e-07,-0.00072389706
1.006147e-07,-0.00073251379
1.007147e-07,-0.00073107767
1.008147e-07,-0.000723179
1.009147e-07,-0.00071240809
1.010147e-07,-0.00070522748
1.011147e-07,-0.00070450942
1.012147e-07,-0.00071169003
1.013147e-07,-0.00072389706
1.014147e-07,-0.00073754021
1.015147e-07,-0.000746875
1.016147e-07,-0.0007504653
1.017147e-07,-0.000746875
1.018147e-07,-0.00073897633
1.019147e-07,-0.0007303596
1.020147e-07,-0.00072461512
1.021147e-07,-0.00072389706
1.022147e-07,-0.00072748736
1.023147e-07,-0.00073394991
1.024147e-07,-0.00074113051
1.025147e-07,-0.000746875
1.026147e-07,-0.00075118336
1.027147e-07,-0.00075549173
1.028147e-07,-0.00076195427
1.029147e-07,-0.00076985294
1.030147e-07,-0.00077990579
1.031147e-07,-0.00078995864
1.032147e-07,-0.00079857537
1.033147e-07,-0.00080431985
1.034147e-07,-0.0008071921
1.035147e-07,-0.00080791016
1.036147e-07,-0.0008107824
1.037147e-07,-0.00081580882
1.038147e-07,-0.00082370749
1.039147e-07,-0.00083232422
1.040147e-07,-0.0008380687
1.041147e-07,-0.00083878676
1.042147e-07,-0.00083304228
1.043147e-07,-0.00082298943
1.044147e-07,-0.00081150046
1.045147e-07,-0.00080431985
1.046147e-07,-0.00080503791
1.047147e-07,-0.00081652688
1.048147e-07,-0.00083591452
1.049147e-07,-0.00086176471
1.050147e-07,-0.00088833295
1.051147e-07,-0.00091202895
1.052147e-07,-0.00092998047
1.053147e-07,-0.0009421875
1.054147e-07,-0.00094936811
1.055147e-07,-0.00095439453
1.056147e-07,-0.0009587029
1.057147e-07,-0.00096516544
1.058147e-07,-0.00097378217
1.059147e-07,-0.00098383502
1.060147e-07,-0.00099245175
1.061147e-07,-0.00099963235
1.062147e-07,-0.0010025046
1.063147e-07,-0.0010025046
1.064147e-07,-0.0010003504
1.065147e-07,-0.00099963235
1.066147e-07,-0.0010032227
1.067147e-07,-0.0010132755
1.068147e-07,-0.0010290728
1.069147e-07,-0.0010455882
1.070147e-07,-0.0010592314
1.071147e-07,-0.0010656939
1.072147e-07,-0.0010642578
1.073147e-07,-0.0010570772
1.074147e-07,-0.0010498966
1.075147e-07,-0.0010498966
1.076147e-07,-0.0010599494
1.077147e-07,-0.0010800551
1.078147e-07,-0.0011051873
1.079147e-07,-0.0011288833
1.080147e-07,-0.0011439625
1.081147e-07,-0.001148989
1.082147e-07,-0.0011468348
1.083147e-07,-0.0011446806
1.084147e-07,-0.0011475528
1.085147e-07,-0.0011604779
1.086147e-07,-0.0011813017
1.087147e-07,-0.0012035616
1.088147e-07,-0.001220795
1.089147e-07,-0.0012294118
1.090147e-07,-0.0012286937
1.091147e-07,-0.0012243853
1.092147e-07,-0.0012229492
1.093147e-07,-0.0012294118
1.094147e-07,-0.0012452091
1.095147e-07,-0.0012660329
1.096147e-07,-0.0012854205
1.097147e-07,-0.0012983456
1.098147e-07,-0.0013019359
1.099147e-07,-0.0012997817
1.100147e-07,-0.0012969095
1.101147e-07,-0.0012983456
1.102147e-07,-0.0013076804
1.103147e-07,-0.0013227597
1.104147e-07,-0.0013399931
1.105147e-07,-0.0013557904
1.106147e-07,-0.0013672794
1.107147e-07,-0.00137446
1.108147e-07,-0.0013780503
1.109147e-07,-0.0013787684
1.110147e-07,-0.0013751781
1.111147e-07,-0.0013644072
1.112147e-07,-0.0013457376
1.113147e-07,-0.0013213235
1.114147e-07,-0.0012969095
1.115147e-07,-0.0012818302
1.116147e-07,-0.0012818302
1.117147e-07,-0.0012983456
1.118147e-07,-0.0013241958
1.119147e-07,-0.0013478918
1.120147e-07,-0.0013565085
1.121147e-07,-0.0013443015
1.122147e-07,-0.0013134249
1.123147e-07,-0.0012768038
1.124147e-07,-0.0012487994
1.125147e-07,-0.0012409007
1.126147e-07,-0.00125598
1.127147e-07,-0.0012868566
1.128147e-07,-0.0013170152
1.129147e-07,-0.0013328125
1.130147e-07,-0.001327068
1.131147e-07,-0.001303372
1.132147e-07,-0.0012739315
1.133147e-07,-0.0012523897
1.134147e-07,-0.0012495175
1.135147e-07,-0.0012653148
1.136147e-07,-0.0012933192
1.137147e-07,-0.0013213235
1.138147e-07,-0.001339275
1.139147e-07,-0.0013435834
1.140147e-07,-0.001338557
1.141147e-07,-0.0013328125
1.142147e-07,-0.0013335306
1.143147e-07,-0.0013443015
1.144147e-07,-0.0013615349
1.145147e-07,-0.0013787684
1.146147e-07,-0.0013902574
1.147147e-07,-0.0013945657
1.148147e-07,-0.0013924115
1.149147e-07,-0.0013902574
1.150147e-07,-0.0013931296
1.151147e-07,-0.0014031824
1.152147e-07,-0.0014189798
1.153147e-07,-0.0014362132
1.154147e-07,-0.0014505744
1.155147e-07,-0.0014599092
1.156147e-07,-0.0014656537
1.157147e-07,-0.0014706801
1.158147e-07,-0.0014771427
1.159147e-07,-0.0014843233
1.160147e-07,-0.0014900678
1.161147e-07,-0.0014936581
1.162147e-07,-0.00149294
1.163147e-07,-0.0014907858
1.164147e-07,-0.0014900678
1.165147e-07,-0.0014936581
1.166147e-07,-0.0015029929
1.167147e-07,-0.0015151999
1.168147e-07,-0.0015245347
1.169147e-07,-0.001528125
1.170147e-07,-0.0015238166
1.171147e-07,-0.0015137638
1.172147e-07,-0.0015058651
1.173147e-07,-0.0015051471
1.174147e-07,-0.0015151999
1.175147e-07,-0.0015338695
1.176147e-07,-0.0015554113
1.177147e-07,-0.0015740809
1.178147e-07,-0.0015841337
1.179147e-07,-0.0015848518
1.180147e-07,-0.0015798254
1.181147e-07,-0.0015740809
1.182147e-07,-0.0015740809
1.183147e-07,-0.0015819795
1.184147e-07,-0.0015977769
1.185147e-07,-0.0016200368
1.186147e-07,-0.0016458869
1.187147e-07,-0.0016731733
1.188147e-07,-0.0016997415
1.189147e-07,-0.0017234375
1.190147e-07,-0.001740671
1.191147e-07,-0.0017492877
1.192147e-07,-0.0017471335
1.193147e-07,-0.0017349265
1.194147e-07,-0.0017184111
1.195147e-07,-0.0017033318
1.196147e-07,-0.0016961512
1.197147e-07,-0.0017004596
1.198147e-07,-0.0017141027
1.199147e-07,-0.0017313362
1.200147e-07,-0.0017471335
1.201147e-07,-0.0017579044
1.202147e-07,-0.001764367
1.203147e-07,-0.0017701114
1.204147e-07,-0.0017787282
1.205147e-07,-0.0017923713
1.206147e-07,-0.0018060145
1.207147e-07,-0.001812477
1.208147e-07,-0.0018045784
1.209147e-07,-0.0017808824
1.210147e-07,-0.0017464154
1.211147e-07,-0.0017119485
1.212147e-07,-0.0016904067
1.213147e-07,-0.0016889706
1.214147e-07,-0.0017069221
1.215147e-07,-0.0017342084
1.216147e-07,-0.0017586225
1.217147e-07,-0.0017693934
1.218147e-07,-0.0017622128
1.219147e-07,-0.001741389
1.220147e-07,-0.001717693
1.221147e-07,-0.0017004596
1.222147e-07,-0.001693997
1.223147e-07,-0.0016947151
1.224147e-07,-0.0016954331
1.225147e-07,-0.0016889706
1.226147e-07,-0.0016724552
1.227147e-07,-0.0016494773
1.228147e-07,-0.0016293716
1.229147e-07,-0.0016200368
1.230147e-07,-0.0016243451
1.231147e-07,-0.0016372702
1.232147e-07,-0.0016501953
1.233147e-07,-0.0016545037
1.234147e-07,-0.0016451689
1.235147e-07,-0.0016250632
1.236147e-07,-0.0016020852
1.237147e-07,-0.0015855699
1.238147e-07,-0.0015798254
1.239147e-07,-0.0015826976
1.240147e-07,-0.001587006
1.241147e-07,-0.0015855699
1.242147e-07,-0.0015740809
1.243147e-07,-0.0015561294
1.244147e-07,-0.0015374598
1.245147e-07,-0.001528125
1.246147e-07,-0.0015302792
1.247147e-07,-0.0015417682
1.248147e-07,-0.0015554113
1.249147e-07,-0.0015625919
1.250147e-07,-0.0015597197
1.251147e-07,-0.0015511029
1.252147e-07,-0.0015453585
1.253147e-07,-0.0015511029
1.254147e-07,-0.0015726448
1.255147e-07,-0.0016071117
1.256147e-07,-0.0016422966
1.257147e-07,-0.0016659926
1.258147e-07,-0.001670301
1.259147e-07,-0.0016552217
1.260147e-07,-0.0016300896
1.261147e-07,-0.0016085478
1.262147e-07,-0.0016020852
1.263147e-07,-0.0016171645
1.264147e-07,-0.0016487592
1.265147e-07,-0.0016889706
1.266147e-07,-0.0017255917
1.267147e-07,-0.0017507238
1.268147e-07,-0.001764367
1.269147e-07,-0.0017693934
1.270147e-07,-0.0017729837
1.271147e-07,-0.0017794462
1.272147e-07,-0.0017902171
1.273147e-07,-0.0018038603
1.274147e-07,-0.0018167854
1.275147e-07,-0.0018261202
1.276147e-07,-0.0018325827
1.277147e-07,-0.0018383272
1.278147e-07,-0.0018469439
1.279147e-07,-0.0018605871
1.280147e-07,-0.0018771025
1.281147e-07,-0.0018957721
1.282147e-07,-0.0019122875
1.283147e-07,-0.0019259306
1.284147e-07,-0.0019352654
1.285147e-07,-0.0019417279
1.286147e-07,-0.0019467544
1.287147e-07,-0.0019510627
1.288147e-07,-0.001953935
1.289147e-07,-0.0019532169
1.290147e-07,-0.0019496266
1.291147e-07,-0.0019453182
1.292147e-07,-0.0019417279
1.293147e-07,-0.0019417279
1.294147e-07,-0.0019474724
1.295147e-07,-0.0019582433
1.296147e-07,-0.0019726045
1.297147e-07,-0.0019876838
1.298147e-07,-0.002002045
1.299147e-07,-0.0020156882
1.300147e-07,-0.0020293313
1.301147e-07,-0.0020451287
1.302147e-07,-0.0020623621
1.303147e-07,-0.0020795956
1.304147e-07,-0.0020939568
1.305147e-07,-0.0021025735
1.306147e-07,-0.0021054458
1.307147e-07,-0.0021032916
1.308147e-07,-0.0021011374
1.309147e-07,-0.0021025735
1.310147e-07,-0.0021090361
1.311147e-07,-0.002120525
1.312147e-07,-0.0021341682
1.313147e-07,-0.0021485294
1.314147e-07,-0.0021607364
1.315147e-07,-0.0021715074
1.316147e-07,-0.0021822783
1.317147e-07,-0.0021944853
1.318147e-07,-0.0022081284
1.319147e-07,-0.0022210535
1.320147e-07,-0.0022289522
1.321147e-07,-0.0022289522
1.322147e-07,-0.0022196174
1.323147e-07,-0.002203102
1.324147e-07,-0.0021851505
1.325147e-07,-0.0021715074
1.326147e-07,-0.002167199
1.327147e-07,-0.0021736615
1.328147e-07,-0.0021880227
1.329147e-07,-0.0022059743
1.330147e-07,-0.0022217716
1.331147e-07,-0.0022318244
1.332147e-07,-0.0022339786
1.333147e-07,-0.0022289522
1.334147e-07,-0.0022203355
1.335147e-07,-0.0022102826
1.336147e-07,-0.0022009478
1.337147e-07,-0.0021944853
1.338147e-07,-0.002190895
1.339147e-07,-0.0021901769
1.340147e-07,-0.0021916131
1.341147e-07,-0.0021944853
1.342147e-07,-0.0021980756
1.343147e-07,-0.0022009478
1.344147e-07,-0.0022038201
1.345147e-07,-0.0022059743
1.346147e-07,-0.0022095646
1.347147e-07,-0.0022160271
1.348147e-07,-0.00222608
1.349147e-07,-0.0022404412
1.350147e-07,-0.0022562385
1.351147e-07,-0.0022713178
1.352147e-07,-0.0022813706
1.353147e-07,-0.0022863971
1.354147e-07,-0.0022871151
1.355147e-07,-0.0022863971
1.356147e-07,-0.0022892693
1.357147e-07,-0.002297886
1.358147e-07,-0.0023129653
1.359147e-07,-0.0023323529
1.360147e-07,-0.0023517406
1.361147e-07,-0.0023668199
1.362147e-07,-0.0023761546
1.363147e-07,-0.0023797449
1.364147e-07,-0.0023797449
1.365147e-07,-0.0023783088
1.366147e-07,-0.0023768727
1.367147e-07,-0.0023747185
1.368147e-07,-0.0023718463
1.369147e-07,-0.0023668199
1.370147e-07,-0.0023596392
1.371147e-07,-0.0023517406
1.372147e-07,-0.0023459961
1.373147e-07,-0.0023438419
1.374147e-07,-0.002345278
1.375147e-07,-0.0023488683
1.376147e-07,-0.0023524586
1.377147e-07,-0.0023553309
1.378147e-07,-0.0023560489
1.379147e-07,-0.0023560489
1.380147e-07,-0.0023560489
1.381147e-07,-0.0023553309
1.382147e-07,-0.0023531767
1.383147e-07,-0.002345278
1.384147e-07,-0.0023309168
1.385147e-07,-0.002309375
1.386147e-07,-0.0022835248
1.387147e-07,-0.0022598288
1.388147e-07,-0.0022447495
1.389147e-07,-0.0022404412
1.390147e-07,-0.0022476218
1.391147e-07,-0.002261983
1.392147e-07,-0.0022770623
1.393147e-07,-0.0022863971
1.394147e-07,-0.0022878332
1.395147e-07,-0.0022820887
1.396147e-07,-0.0022727539
1.397147e-07,-0.0022634191
1.398147e-07,-0.0022569566
1.399147e-07,-0.0022533663
1.400147e-07,-0.0022519301
1.401147e-07,-0.0022519301
1.402147e-07,-0.0022540843
1.403147e-07,-0.0022612649
1.404147e-07,-0.0022756261
1.405147e-07,-0.002297886
1.406147e-07,-0.0023244543
1.407147e-07,-0.0023510225
1.408147e-07,-0.0023696921
1.409147e-07,-0.0023783088
1.410147e-07,-0.0023783088
1.411147e-07,-0.0023754366
1.412147e-07,-0.0023775908
1.413147e-07,-0.0023897978
1.414147e-07,-0.0024127757
1.415147e-07,-0.0024414982
1.416147e-07,-0.0024673483
1.417147e-07,-0.0024817096
1.418147e-07,-0.0024817096
1.419147e-07,-0.0024702206
1.420147e-07,-0.0024558594
1.421147e-07,-0.0024472426
1.422147e-07,-0.0024522691
1.423147e-07,-0.0024723748
1.424147e-07,-0.0025032514
1.425147e-07,-0.0025391544
1.426147e-07,-0.0025729033
1.427147e-07,-0.0026016257
1.428147e-07,-0.0026246036
1.429147e-07,-0.0026425551
1.430147e-07,-0.0026583525
1.431147e-07,-0.0026712776
1.432147e-07,-0.0026820485
1.433147e-07,-0.002688511
1.434147e-07,-0.0026913833
1.435147e-07,-0.0026921013
1.436147e-07,-0.0026949736
1.437147e-07,-0.0027
1.438147e-07,-0.0027086167
1.439147e-07,-0.0027172335
1.440147e-07,-0.0027229779
1.441147e-07,-0.0027229779
1.442147e-07,-0.0027186696
1.443147e-07,-0.002712207
1.444147e-07,-0.0027086167
1.445147e-07,-0.002711489
1.446147e-07,-0.0027201057
1.447147e-07,-0.0027323127
1.448147e-07,-0.0027416475
1.449147e-07,-0.0027459559
1.450147e-07,-0.0027445198
1.451147e-07,-0.0027409295
1.452147e-07,-0.0027402114
1.453147e-07,-0.0027459559
1.454147e-07,-0.0027574449
1.455147e-07,-0.002771088
1.456147e-07,-0.0027804228
1.457147e-07,-0.0027804228
1.458147e-07,-0.002771088
1.459147e-07,-0.0027560087
1.460147e-07,-0.0027423656
1.461147e-07,-0.0027344669
1.462147e-07,-0.0027344669
1.463147e-07,-0.0027402114
1.464147e-07,-0.0027452378
1.465147e-07,-0.0027459559
1.466147e-07,-0.0027402114
1.467147e-07,-0.0027308766
1.468147e-07,-0.002723696
1.469147e-07,-0.0027229779
1.470147e-07,-0.0027294405
1.471147e-07,-0.0027387753
1.472147e-07,-0.0027459559
1.473147e-07,-0.0027459559
1.474147e-07,-0.0027373392
1.475147e-07,-0.0027244141
1.476147e-07,-0.0027143612
1.477147e-07,-0.002711489
1.478147e-07,-0.0027179515
1.479147e-07,-0.0027280044
1.480147e-07,-0.002735903
1.481147e-07,-0.0027344669
1.482147e-07,-0.0027222599
1.483147e-07,-0.0027028722
1.484147e-07,-0.0026849207
1.485147e-07,-0.0026770221
1.486147e-07,-0.0026834846
1.487147e-07,-0.0027014361
1.488147e-07,-0.0027251321
1.489147e-07,-0.0027459559
1.490147e-07,-0.002758881
1.491147e-07,-0.0027624713
1.492147e-07,-0.0027603171
1.493147e-07,-0.0027574449
1.494147e-07,-0.0027567268
1.495147e-07,-0.0027581629
1.496147e-07,-0.002758881
1.497147e-07,-0.0027574449
1.498147e-07,-0.0027531365
1.499147e-07,-0.0027502642
1.500147e-07,-0.0027545726
1.501147e-07,-0.0027689338
1.502147e-07,-0.0027926298
1.503147e-07,-0.0028199161
1.504147e-07,-0.0028407399
1.505147e-07,-0.0028493566
1.506147e-07,-0.0028428941
1.507147e-07,-0.0028263787
1.508147e-07,-0.0028098633
1.509147e-07,-0.0028034007
1.510147e-07,-0.0028134536
1.511147e-07,-0.0028371496
1.512147e-07,-0.0028680262
1.513147e-07,-0.0028953125
1.514147e-07,-0.0029111098
1.515147e-07,-0.002913264
1.516147e-07,-0.0029053653
1.517147e-07,-0.0028953125
1.518147e-07,-0.002889568
1.519147e-07,-0.0028902861
1.520147e-07,-0.0028974667
1.521147e-07,-0.0029068015
1.522147e-07,-0.0029139821
1.523147e-07,-0.0029168543
1.524147e-07,-0.0029175724
1.525147e-07,-0.0029182904
1.526147e-07,-0.0029197266
1.527147e-07,-0.0029225988
1.528147e-07,-0.0029225988
1.529147e-07,-0.0029182904
1.530147e-07,-0.0029089557
1.531147e-07,-0.0028974667
1.532147e-07,-0.0028874138
1.533147e-07,-0.0028838235
1.534147e-07,-0.0028866958
1.535147e-07,-0.0028931583
1.536147e-07,-0.0028974667
1.537147e-07,-0.0028953125
1.538147e-07,-0.0028838235
1.539147e-07,-0.002865872
1.540147e-07,-0.0028486386
1.541147e-07,-0.0028378676
1.542147e-07,-0.0028385857
1.543147e-07,-0.0028486386
1.544147e-07,-0.0028622817
1.545147e-07,-0.0028723346
1.546147e-07,-0.0028723346
1.547147e-07,-0.0028594095
1.548147e-07,-0.0028385857
1.549147e-07,-0.0028148897
1.550147e-07,-0.002794784
1.551147e-07,-0.002783295
1.552147e-07,-0.0027789867
1.553147e-07,-0.0027804228
1.554147e-07,-0.0027840131
1.555147e-07,-0.0027876034
1.556147e-07,-0.0027904756
1.557147e-07,-0.0027919118
1.558147e-07,-0.0027926298
1.559147e-07,-0.0027911937
1.560147e-07,-0.0027876034
1.561147e-07,-0.0027804228
1.562147e-07,-0.002771088
1.563147e-07,-0.0027617532
1.564147e-07,-0.0027567268
1.565147e-07,-0.0027574449
1.566147e-07,-0.0027646255
1.567147e-07,-0.0027753964
1.568147e-07,-0.0027861673
1.569147e-07,-0.0027919118
1.570147e-07,-0.0027919118
1.571147e-07,-0.0027890395
1.572147e-07,-0.0027876034
1.573147e-07,-0.0027919118
1.574147e-07,-0.0028048369
1.575147e-07,-0.0028249426
1.576147e-07,-0.0028493566
1.577147e-07,-0.0028723346
1.578147e-07,-0.0028910041
1.579147e-07,-0.0029039292
1.580147e-07,-0.0029118279
1.581147e-07,-0.0029182904
1.582147e-07,-0.002924753
1.583147e-07,-0.0029312155
1.584147e-07,-0.00293696
1.585147e-07,-0.0029412684
1.586147e-07,-0.0029448587
1.587147e-07,-0.002948449
1.588147e-07,-0.0029541935
1.589147e-07,-0.0029642463
1.590147e-07,-0.0029764534
1.591147e-07,-0.0029886604
1.592147e-07,-0.0029965591
1.593147e-07,-0.0029987132
1.594147e-07,-0.002995841
1.595147e-07,-0.0029915326
1.596147e-07,-0.0029908146
1.597147e-07,-0.0029987132
1.598147e-07,-0.0030145106
1.599147e-07,-0.0030360524
1.600147e-07,-0.00305544
1.601147e-07,-0.0030676471
1.602147e-07,-0.0030690832
1.603147e-07,-0.0030611845
1.604147e-07,-0.0030468233
1.605147e-07,-0.0030331801
1.606147e-07,-0.0030238454
1.607147e-07,-0.003019537
1.608147e-07,-0.003019537
1.609147e-07,-0.0030216912
1.610147e-07,-0.0030231273
1.611147e-07,-0.0030231273
1.612147e-07,-0.0030224092
1.613147e-07,-0.0030216912
1.614147e-07,-0.0030216912
1.615147e-07,-0.0030224092
1.616147e-07,-0.0030224092
1.617147e-07,-0.0030216912
1.618147e-07,-0.0030209731
1.619147e-07,-0.0030224092
1.620147e-07,-0.0030267176
1.621147e-07,-0.0030331801
1.622147e-07,-0.0030382066
1.623147e-07,-0.0030367705
1.624147e-07,-0.0030274357
1.625147e-07,-0.0030102022
1.626147e-07,-0.0029900965
1.627147e-07,-0.0029757353
1.628147e-07,-0.0029742992
1.629147e-07,-0.0029872243
1.630147e-07,-0.0030116383
1.631147e-07,-0.0030374885
1.632147e-07,-0.003054722
1.633147e-07,-0.0030561581
1.634147e-07,-0.0030417969
1.635147e-07,-0.0030188189
1.636147e-07,-0.0029972771
1.637147e-07,-0.0029872243
1.638147e-07,-0.0029922507
1.639147e-07,-0.0030094841
1.640147e-07,-0.0030303079
1.641147e-07,-0.0030446691
1.642147e-07,-0.0030468233
1.643147e-07,-0.0030382066
1.644147e-07,-0.0030231273
1.645147e-07,-0.0030102022
1.646147e-07,-0.0030051758
1.647147e-07,-0.0030094841
1.648147e-07,-0.0030202551
1.649147e-07,-0.0030331801
1.650147e-07,-0.0030439511
1.651147e-07,-0.0030525678
1.652147e-07,-0.0030597484
1.653147e-07,-0.0030676471
1.654147e-07,-0.0030769818
1.655147e-07,-0.0030848805
1.656147e-07,-0.003090625
1.657147e-07,-0.003090625
1.658147e-07,-0.0030877528
1.659147e-07,-0.0030848805
1.660147e-07,-0.0030891889
1.661147e-07,-0.003102114
1.662147e-07,-0.0031229377
1.663147e-07,-0.0031466337
1.664147e-07,-0.0031645852
1.665147e-07,-0.0031710478
1.666147e-07,-0.0031653033
1.667147e-07,-0.0031523782
1.668147e-07,-0.0031401712
1.669147e-07,-0.0031365809
1.670147e-07,-0.0031451976
1.671147e-07,-0.0031645852
1.672147e-07,-0.0031868451
1.673147e-07,-0.0032055147
1.674147e-07,-0.0032170037
1.675147e-07,-0.0032220301
1.676147e-07,-0.0032241843
1.677147e-07,-0.0032284926
1.678147e-07,-0.0032371094
1.679147e-07,-0.0032485983
1.680147e-07,-0.0032586512
1.681147e-07,-0.0032629596
1.682147e-07,-0.0032622415
1.683147e-07,-0.0032608054
1.684147e-07,-0.0032629596
1.685147e-07,-0.0032744485
1.686147e-07,-0.0032938362
1.687147e-07,-0.003315378
1.688147e-07,-0.0033304573
1.689147e-07,-0.0033318934
1.690147e-07,-0.0033175322
1.691147e-07,-0.0032931181
1.692147e-07,-0.0032672679
1.693147e-07,-0.0032514706
1.694147e-07,-0.0032500345
1.695147e-07,-0.0032622415
1.696147e-07,-0.0032809111
1.697147e-07,-0.0032974265
1.698147e-07,-0.0033060432
1.699147e-07,-0.0033060432
1.700147e-07,-0.0033010168
1.701147e-07,-0.0032974265
1.702147e-07,-0.0032988626
1.703147e-07,-0.003303889
1.704147e-07,-0.0033089154
1.705147e-07,-0.0033089154
1.706147e-07,-0.0033010168
1.707147e-07,-0.0032866556
1.708147e-07,-0.0032722943
1.709147e-07,-0.0032629596
1.710147e-07,-0.0032629596
1.711147e-07,-0.0032701402
1.712147e-07,-0.003280193
1.713147e-07,-0.0032859375
1.714147e-07,-0.0032852194
1.715147e-07,-0.003279475
1.716147e-07,-0.0032737305
1.717147e-07,-0.0032744485
1.718147e-07,-0.0032852194
1.719147e-07,-0.003303889
1.720147e-07,-0.0033254308
1.721147e-07,-0.0033433824
1.722147e-07,-0.0033527171
1.723147e-07,-0.0033527171
1.724147e-07,-0.0033476907
1.725147e-07,-0.0033433824
1.726147e-07,-0.0033441004
1.727147e-07,-0.0033498449
1.728147e-07,-0.0033584616
1.729147e-07,-0.0033663603
1.730147e-07,-0.0033699506
1.731147e-07,-0.0033692325
1.732147e-07,-0.0033670784
1.733147e-07,-0.0033663603
1.734147e-07,-0.0033685145
1.735147e-07,-0.0033728228
1.736147e-07,-0.0033771312
1.737147e-07,-0.0033778493
1.738147e-07,-0.0033756951
1.739147e-07,-0.0033721048
1.740147e-07,-0.0033721048
1.741147e-07,-0.0033778493
1.742147e-07,-0.0033907744
1.743147e-07,-0.0034072898
1.744147e-07,-0.0034238051
1.745147e-07,-0.0034352941
1.746147e-07,-0.0034417567
1.747147e-07,-0.0034446289
1.748147e-07,-0.0034496553
1.749147e-07,-0.0034582721
1.750147e-07,-0.0034719152
1.751147e-07,-0.0034869945
1.752147e-07,-0.0034992015
1.753147e-07,-0.0035042279
1.754147e-07,-0.0035027918
1.755147e-07,-0.0034992015
1.756147e-07,-0.0034984835
1.757147e-07,-0.0035042279
1.758147e-07,-0.0035178711
1.759147e-07,-0.0035343865
1.760147e-07,-0.0035501838
1.761147e-07,-0.0035616728
1.762147e-07,-0.0035695715
1.763147e-07,-0.0035781882
1.764147e-07,-0.0035932675
1.765147e-07,-0.0036191176
1.766147e-07,-0.0036521484
1.767147e-07,-0.0036866153
1.768147e-07,-0.0037117475
1.769147e-07,-0.0037225184
1.770147e-07,-0.00371821
1.771147e-07,-0.0037052849
1.772147e-07,-0.0036923598
1.773147e-07,-0.0036880515
1.774147e-07,-0.003694514
1.775147e-07,-0.0037088752
1.776147e-07,-0.0037239545
1.777147e-07,-0.0037340074
1.778147e-07,-0.0037368796
1.779147e-07,-0.0037368796
1.780147e-07,-0.0037383157
1.781147e-07,-0.0037454963
1.782147e-07,-0.0037577034
1.783147e-07,-0.0037677562
1.784147e-07,-0.0037691923
1.785147e-07,-0.0037569853
1.786147e-07,-0.0037325712
1.787147e-07,-0.0037045669
1.788147e-07,-0.0036837431
1.789147e-07,-0.0036765625
1.790147e-07,-0.0036837431
1.791147e-07,-0.0036988224
1.792147e-07,-0.0037103114
1.793147e-07,-0.0037110294
1.794147e-07,-0.0036995404
1.795147e-07,-0.0036837431
1.796147e-07,-0.0036729722
1.797147e-07,-0.0036765625
1.798147e-07,-0.0036952321
1.799147e-07,-0.0037203642
1.800147e-07,-0.003741188
1.801147e-07,-0.0037454963
1.802147e-07,-0.0037318532
1.803147e-07,-0.003706721
1.804147e-07,-0.0036844612
1.805147e-07,-0.0036765625
1.806147e-07,-0.0036894876
1.807147e-07,-0.0037189281
1.808147e-07,-0.0037526769
1.809147e-07,-0.0037799632
1.810147e-07,-0.0037928883
1.811147e-07,-0.0037936064
1.812147e-07,-0.0037900161
1.813147e-07,-0.0037914522
1.814147e-07,-0.0038029412
1.815147e-07,-0.0038201746
1.816147e-07,-0.0038352539
1.817147e-07,-0.0038374081
1.818147e-07,-0.0038237649
1.819147e-07,-0.0037979148
1.820147e-07,-0.0037720646
1.821147e-07,-0.0037569853
1.822147e-07,-0.0037605756
1.823147e-07,-0.0037799632
1.824147e-07,-0.0038058134
1.825147e-07,-0.0038259191
1.826147e-07,-0.0038316636
1.827147e-07,-0.0038230469
1.828147e-07,-0.0038065315
1.829147e-07,-0.0037914522
1.830147e-07,-0.0037849897
1.831147e-07,-0.00378858
1.832147e-07,-0.0037971967
1.833147e-07,-0.0038029412
1.834147e-07,-0.0038000689
1.835147e-07,-0.0037878619
1.836147e-07,-0.0037713465
1.837147e-07,-0.0037569853
1.838147e-07,-0.0037490866
1.839147e-07,-0.0037490866
1.840147e-07,-0.003753395
1.841147e-07,-0.0037569853
1.842147e-07,-0.0037584214
1.843147e-07,-0.0037591395
1.844147e-07,-0.0037612937
1.845147e-07,-0.0037684743
1.846147e-07,-0.0037778091
1.847147e-07,-0.0037849897
1.848147e-07,-0.0037835535
1.849147e-07,-0.0037684743
1.850147e-07,-0.0037433421
1.851147e-07,-0.0037167739
1.852147e-07,-0.0036995404
1.853147e-07,-0.0036995404
1.854147e-07,-0.003717492
1.855147e-07,-0.0037447783
1.856147e-07,-0.0037691923
1.857147e-07,-0.0037799632
1.858147e-07,-0.0037727826
1.859147e-07,-0.003753395
1.860147e-07,-0.0037325712
1.861147e-07,-0.0037225184
1.862147e-07,-0.0037282629
1.863147e-07,-0.0037462144
1.864147e-07,-0.0037670381
1.865147e-07,-0.0037799632
1.866147e-07,-0.0037799632
1.867147e-07,-0.0037677562
1.868147e-07,-0.003753395
1.869147e-07,-0.0037454963
1.870147e-07,-0.0037490866
1.871147e-07,-0.0037620117
1.872147e-07,-0.0037756549
1.873147e-07,-0.0037799632
1.874147e-07,-0.0037706284
1.875147e-07,-0.0037498047
1.876147e-07,-0.0037261087
1.877147e-07,-0.0037110294
1.878147e-07,-0.0037103114
1.879147e-07,-0.0037218003
1.880147e-07,-0.0037375977
1.881147e-07,-0.0037454963
1.882147e-07,-0.0037383157
1.883147e-07,-0.0037167739
1.884147e-07,-0.0036887695
1.885147e-07,-0.0036650735
1.886147e-07,-0.0036564568
1.887147e-07,-0.0036650735
1.888147e-07,-0.0036866153
1.889147e-07,-0.0037110294
1.890147e-07,-0.0037289809
1.891147e-07,-0.0037354435
1.892147e-07,-0.0037318532
1.893147e-07,-0.0037225184
1.894147e-07,-0.0037153378
1.895147e-07,-0.0037131836
1.896147e-07,-0.0037167739
1.897147e-07,-0.0037225184
1.898147e-07,-0.0037268267
1.899147e-07,-0.0037268267
1.900147e-07,-0.0037246726
1.901147e-07,-0.0037225184
1.902147e-07,-0.0037239545
1.903147e-07,-0.0037289809
1.904147e-07,-0.0037368796
1.905147e-07,-0.0037454963
1.906147e-07,-0.0037519589
1.907147e-07,-0.0037555492
1.908147e-07,-0.0037569853
1.909147e-07,-0.0037569853
1.910147e-07,-0.0037569853
1.911147e-07,-0.0037548311
1.912147e-07,-0.0037512408
1.913147e-07,-0.0037454963
1.914147e-07,-0.0037397518
1.915147e-07,-0.0037375977
1.916147e-07,-0.0037433421
1.917147e-07,-0.0037569853
1.918147e-07,-0.0037763729
1.919147e-07,-0.0037964786
1.920147e-07,-0.0038101218
1.921147e-07,-0.0038144301
1.922147e-07,-0.0038101218
1.923147e-07,-0.0038022231
1.924147e-07,-0.0037986328
1.925147e-07,-0.0038029412
1.926147e-07,-0.0038151482
1.927147e-07,-0.0038287914
1.928147e-07,-0.0038381261
1.929147e-07,-0.0038374081
1.930147e-07,-0.0038273552
1.931147e-07,-0.0038144301
1.932147e-07,-0.0038072495
1.933147e-07,-0.0038144301
1.934147e-07,-0.003835972
1.935147e-07,-0.0038654125
1.936147e-07,-0.0038926988
1.937147e-07,-0.0039063419
1.938147e-07,-0.0039020335
1.939147e-07,-0.0038826459
1.940147e-07,-0.0038567957
1.941147e-07,-0.0038374081
1.942147e-07,-0.0038316636
1.943147e-07,-0.0038409984
1.944147e-07,-0.0038611041
1.945147e-07,-0.003883364
1.946147e-07,-0.0038998794
1.947147e-07,-0.003907778
1.948147e-07,-0.0039084961
1.949147e-07,-0.0039063419
1.950147e-07,-0.0039056239
1.951147e-07,-0.00390706
1.952147e-07,-0.0039084961
1.953147e-07,-0.0039063419
1.954147e-07,-0.0038977252
1.955147e-07,-0.003884082
1.956147e-07,-0.0038697208
1.957147e-07,-0.003860386
1.958147e-07,-0.003859668
1.959147e-07,-0.0038661305
1.960147e-07,-0.0038761834
1.961147e-07,-0.003883364
1.962147e-07,-0.0038826459
1.963147e-07,-0.003871875
1.964147e-07,-0.0038553596
1.965147e-07,-0.0038374081
1.966147e-07,-0.0038252011
1.967147e-07,-0.0038216108
1.968147e-07,-0.0038266372
1.969147e-07,-0.0038374081
1.970147e-07,-0.0038496151
1.971147e-07,-0.003859668
1.972147e-07,-0.0038632583
1.973147e-07,-0.003860386
1.974147e-07,-0.0038503332
1.975147e-07,-0.0038330997
1.976147e-07,-0.003812276
1.977147e-07,-0.0037914522
1.978147e-07,-0.0037749368
1.979147e-07,-0.0037684743
1.980147e-07,-0.0037742188
1.981147e-07,-0.0037914522
1.982147e-07,-0.0038158663
1.983147e-07,-0.0038395623
1.984147e-07,-0.0038560777
1.985147e-07,-0.003860386
1.986147e-07,-0.0038553596
1.987147e-07,-0.0038467429
1.988147e-07,-0.0038431526
1.989147e-07,-0.0038488971
1.990147e-07,-0.0038646944
1.991147e-07,-0.0038848001
1.992147e-07,-0.0039013155
1.993147e-07,-0.0039063419
1.994147e-07,-0.0038984432
1.995147e-07,-0.0038826459
1.996147e-07,-0.0038668486
1.997147e-07,-0.003860386
1.998147e-07,-0.0038682847
1.999147e-07,-0.0038876723
2.000147e-07,-0.0039113683
2.001147e-07,-0.0039293199
2.002147e-07,-0.0039350643
2.003147e-07,-0.0039278837
2.004147e-07,-0.0039113683
2.005147e-07,-0.0038948529
2.006147e-07,-0.0038848001
2.007147e-07,-0.0038855182
2.008147e-07,-0.0038941349
2.009147e-07,-0.0039063419
2.010147e-07,-0.0039163948
2.011147e-07,-0.0039207031
2.012147e-07,-0.0039199851
2.013147e-07,-0.0039178309
2.014147e-07,-0.0039178309
2.015147e-07,-0.0039228573
2.016147e-07,-0.003931474
2.017147e-07,-0.0039408088
2.018147e-07,-0.0039472714
2.019147e-07,-0.0039487075
2.020147e-07,-0.0039451172
2.021147e-07,-0.0039408088
2.022147e-07,-0.0039379366
2.023147e-07,-0.0039393727
2.024147e-07,-0.0039443991
2.025147e-07,-0.0039522978
2.026147e-07,-0.0039601965
2.027147e-07,-0.003966659
2.028147e-07,-0.0039716854
2.029147e-07,-0.0039752757
2.030147e-07,-0.0039795841
2.031147e-07,-0.0039846105
2.032147e-07,-0.0039910731
2.033147e-07,-0.0039982537
2.034147e-07,-0.0040054343
2.035147e-07,-0.0040111788
2.036147e-07,-0.0040162052
2.037147e-07,-0.0040212316
2.038147e-07,-0.0040269761
2.039147e-07,-0.0040341567
2.040147e-07,-0.0040434915
2.041147e-07,-0.0040556985
2.042147e-07,-0.0040714959
2.043147e-07,-0.0040894474
2.044147e-07,-0.004108117
2.045147e-07,-0.0041246324
2.046147e-07,-0.0041346852
2.047147e-07,-0.0041361213
2.048147e-07,-0.0041275046
2.049147e-07,-0.0041131434
2.050147e-07,-0.004097346
2.051147e-07,-0.0040865751
2.052147e-07,-0.004084421
2.053147e-07,-0.0040901654
2.054147e-07,-0.0041002183
2.055147e-07,-0.004108117
2.056147e-07,-0.0041095531
2.057147e-07,-0.0041016544
2.058147e-07,-0.0040887293
2.059147e-07,-0.0040772403
2.060147e-07,-0.004072932
2.061147e-07,-0.0040786765
2.062147e-07,-0.0040916016
2.063147e-07,-0.0041045267
2.064147e-07,-0.0041095531
2.065147e-07,-0.0041016544
2.066147e-07,-0.0040829848
2.067147e-07,-0.0040592888
2.068147e-07,-0.0040406193
2.069147e-07,-0.0040327206
2.070147e-07,-0.004037747
2.071147e-07,-0.004049954
2.072147e-07,-0.0040628791
2.073147e-07,-0.0040671875
2.074147e-07,-0.004061443
2.075147e-07,-0.0040470818
2.076147e-07,-0.0040312845
2.077147e-07,-0.0040212316
2.078147e-07,-0.0040190774
2.079147e-07,-0.0040219497
2.080147e-07,-0.0040248219
2.081147e-07,-0.0040212316
2.082147e-07,-0.0040075885
2.083147e-07,-0.0039853286
2.084147e-07,-0.0039609145
2.085147e-07,-0.0039408088
2.086147e-07,-0.0039293199
2.087147e-07,-0.0039278837
2.088147e-07,-0.0039329102
2.089147e-07,-0.0039408088
2.090147e-07,-0.0039479894
2.091147e-07,-0.0039537339
2.092147e-07,-0.0039587603
2.093147e-07,-0.0039637868
2.094147e-07,-0.0039688132
2.095147e-07,-0.0039709674
2.096147e-07,-0.0039695312
2.097147e-07,-0.0039637868
2.098147e-07,-0.0039580423
2.099147e-07,-0.0039573242
2.100147e-07,-0.003966659
2.101147e-07,-0.0039867647
2.102147e-07,-0.004014051
2.103147e-07,-0.0040391831
2.104147e-07,-0.0040549805
2.105147e-07,-0.0040556985
2.106147e-07,-0.0040442096
2.107147e-07,-0.0040284122
2.108147e-07,-0.0040183594
2.109147e-07,-0.0040212316
2.110147e-07,-0.004037747
2.111147e-07,-0.004060725
2.112147e-07,-0.0040808307
2.113147e-07,-0.0040901654
2.114147e-07,-0.0040865751
2.115147e-07,-0.0040750862
2.116147e-07,-0.0040664694
2.117147e-07,-0.0040671875
2.118147e-07,-0.0040808307
2.119147e-07,-0.0041016544
2.120147e-07,-0.0041231962
2.121147e-07,-0.0041361213
2.122147e-07,-0.0041397116
2.123147e-07,-0.0041375574
2.124147e-07,-0.0041375574
2.125147e-07,-0.0041476103
2.126147e-07,-0.004167716
2.127147e-07,-0.0041928481
2.128147e-07,-0.0042115177
2.129147e-07,-0.0042165441
2.130147e-07,-0.0042057732
2.131147e-07,-0.0041842314
2.132147e-07,-0.0041655618
2.133147e-07,-0.0041590993
2.134147e-07,-0.0041713063
2.135147e-07,-0.0041993107
2.136147e-07,-0.0042330595
2.137147e-07,-0.0042625
2.138147e-07,-0.0042797335
2.139147e-07,-0.0042833238
2.140147e-07,-0.0042797335
2.141147e-07,-0.004273989
2.142147e-07,-0.0042711167
2.143147e-07,-0.0042703987
2.144147e-07,-0.0042682445
2.145147e-07,-0.0042625
2.146147e-07,-0.0042524472
2.147147e-07,-0.0042431124
2.148147e-07,-0.0042409582
2.149147e-07,-0.004251011
2.150147e-07,-0.0042711167
2.151147e-07,-0.0042933766
2.152147e-07,-0.0043084559
2.153147e-07,-0.0043084559
2.154147e-07,-0.0042933766
2.155147e-07,-0.0042703987
2.156147e-07,-0.0042524472
2.157147e-07,-0.004251011
2.158147e-07,-0.0042682445
2.159147e-07,-0.0042991211
2.160147e-07,-0.0043321519
2.161147e-07,-0.0043544118
2.162147e-07,-0.0043608743
2.163147e-07,-0.0043544118
2.164147e-07,-0.004345077
2.165147e-07,-0.0043429228
2.166147e-07,-0.0043536937
2.167147e-07,-0.0043752355
2.168147e-07,-0.0043982135
2.169147e-07,-0.0044118566
2.170147e-07,-0.0044118566
2.171147e-07,-0.0044018038
2.172147e-07,-0.0043903148
2.173147e-07,-0.0043888787
2.174147e-07,-0.004403958
2.175147e-07,-0.0044333984
2.176147e-07,-0.0044664292
2.177147e-07,-0.0044922794
2.178147e-07,-0.0045023323
2.179147e-07,-0.0044958697
2.180147e-07,-0.0044807904
2.181147e-07,-0.0044693015
2.182147e-07,-0.0044693015
2.183147e-07,-0.0044829446
2.184147e-07,-0.0045059226
2.185147e-07,-0.0045267463
2.186147e-07,-0.0045375172
2.187147e-07,-0.004534645
2.188147e-07,-0.0045210018
2.189147e-07,-0.0045037684
2.190147e-07,-0.0044894072
2.191147e-07,-0.0044815085
2.192147e-07,-0.0044800724
2.193147e-07,-0.0044807904
2.194147e-07,-0.0044800724
2.195147e-07,-0.004475764
2.196147e-07,-0.0044714557
2.197147e-07,-0.0044693015
2.198147e-07,-0.0044721737
2.199147e-07,-0.0044786363
2.200147e-07,-0.0044865349
2.201147e-07,-0.0044922794
2.202147e-07,-0.0044929975
2.203147e-07,-0.0044894072
2.204147e-07,-0.0044843807
2.205147e-07,-0.0044807904
2.206147e-07,-0.0044793543
2.207147e-07,-0.0044779182
2.208147e-07,-0.0044714557
2.209147e-07,-0.0044578125
2.210147e-07,-0.0044362707
2.211147e-07,-0.0044111386
2.212147e-07,-0.0043895967
2.213147e-07,-0.0043773897
2.214147e-07,-0.0043766716
2.215147e-07,-0.0043845703
2.216147e-07,-0.0043946232
2.217147e-07,-0.0044003676
2.218147e-07,-0.0043989315
2.219147e-07,-0.0043910329
2.220147e-07,-0.0043816981
2.221147e-07,-0.0043773897
2.222147e-07,-0.0043802619
2.223147e-07,-0.0043903148
2.224147e-07,-0.0044025218
2.225147e-07,-0.0044118566
2.226147e-07,-0.004416883
2.227147e-07,-0.0044183192
2.228147e-07,-0.0044197553
2.229147e-07,-0.0044233456
2.230147e-07,-0.0044305262
2.231147e-07,-0.0044369887
2.232147e-07,-0.004439861
2.233147e-07,-0.0044348346
2.234147e-07,-0.0044233456
2.235147e-07,-0.0044089844
2.236147e-07,-0.0043996496
2.237147e-07,-0.0044003676
2.238147e-07,-0.0044111386
2.239147e-07,-0.0044290901
2.240147e-07,-0.0044463235
2.241147e-07,-0.0044578125
2.242147e-07,-0.0044614028
2.243147e-07,-0.0044592486
2.244147e-07,-0.0044563764
2.245147e-07,-0.0044578125
2.246147e-07,-0.0044628389
2.247147e-07,-0.0044685834
2.248147e-07,-0.0044678653
2.249147e-07,-0.0044578125
2.250147e-07,-0.004439861
2.251147e-07,-0.0044197553
2.252147e-07,-0.0044082663
2.253147e-07,-0.0044118566
2.254147e-07,-0.0044305262
2.255147e-07,-0.0044578125
2.256147e-07,-0.0044822266
2.257147e-07,-0.0044922794
2.258147e-07,-0.0044843807
2.259147e-07,-0.0044614028
2.260147e-07,-0.0044341165
2.261147e-07,-0.0044118566
2.262147e-07,-0.0044025218
2.263147e-07,-0.0044061121
2.264147e-07,-0.004416165
2.265147e-07,-0.0044233456
2.266147e-07,-0.0044233456
2.267147e-07,-0.0044147289
2.268147e-07,-0.004404676
2.269147e-07,-0.0044003676
2.270147e-07,-0.0044061121
2.271147e-07,-0.0044226275
2.272147e-07,-0.0044420152
2.273147e-07,-0.0044578125
2.274147e-07,-0.0044628389
2.275147e-07,-0.0044549403
2.276147e-07,-0.004439861
2.277147e-07,-0.0044233456
2.278147e-07,-0.0044125747
2.279147e-07,-0.0044104205
2.280147e-07,-0.0044154469
2.281147e-07,-0.0044233456
2.282147e-07,-0.0044305262
2.283147e-07,-0.0044348346
2.284147e-07,-0.0044391429
2.285147e-07,-0.0044463235
2.286147e-07,-0.0044585306
2.287147e-07,-0.004475764
2.288147e-07,-0.0044958697
2.289147e-07,-0.0045152574
2.290147e-07,-0.0045310547
2.291147e-07,-0.0045432617
2.292147e-07,-0.0045525965
2.293147e-07,-0.0045612132
2.294147e-07,-0.00456983
2.295147e-07,-0.0045770106
2.296147e-07,-0.004582037
2.297147e-07,-0.0045841912
2.298147e-07,-0.0045841912
2.299147e-07,-0.0045863454
2.300147e-07,-0.0045928079
2.301147e-07,-0.0046071691
2.302147e-07,-0.0046258387
2.303147e-07,-0.0046437902
2.304147e-07,-0.0046538431
2.305147e-07,-0.004653125
2.306147e-07,-0.004641636
2.307147e-07,-0.0046258387
2.308147e-07,-0.0046121955
2.309147e-07,-0.0046071691
2.310147e-07,-0.0046121955
2.311147e-07,-0.0046236845
2.312147e-07,-0.0046351735
2.313147e-07,-0.004641636
2.314147e-07,-0.004641636
2.315147e-07,-0.0046380457
2.316147e-07,-0.0046366096
2.317147e-07,-0.004641636
2.318147e-07,-0.004653125
2.319147e-07,-0.0046682043
2.320147e-07,-0.0046811294
2.321147e-07,-0.0046875919
2.322147e-07,-0.0046861558
2.323147e-07,-0.0046811294
2.324147e-07,-0.004676821
2.325147e-07,-0.0046761029
2.326147e-07,-0.0046775391
2.327147e-07,-0.0046753849
2.328147e-07,-0.0046638959
2.329147e-07,-0.004641636
2.330147e-07,-0.0046129136
2.331147e-07,-0.0045863454
2.332147e-07,-0.0045748564
2.333147e-07,-0.0045841912
2.334147e-07,-0.0046129136
2.335147e-07,-0.0046524069
2.336147e-07,-0.004689028
2.337147e-07,-0.0047105699
2.338147e-07,-0.0047134421
2.339147e-07,-0.0047026712
2.340147e-07,-0.0046868739
2.341147e-07,-0.0046761029
2.342147e-07,-0.0046753849
2.343147e-07,-0.0046811294
2.344147e-07,-0.0046875919
2.345147e-07,-0.0046875919
2.346147e-07,-0.0046796932
2.347147e-07,-0.0046696404
2.348147e-07,-0.0046660501
2.349147e-07,-0.0046761029
2.350147e-07,-0.004700517
2.351147e-07,-0.0047335478
2.352147e-07,-0.0047629883
2.353147e-07,-0.0047795037
2.354147e-07,-0.0047780676
2.355147e-07,-0.0047615522
2.356147e-07,-0.0047400103
2.357147e-07,-0.0047220588
2.358147e-07,-0.0047134421
2.359147e-07,-0.004712724
2.360147e-07,-0.0047141602
2.361147e-07,-0.0047105699
2.362147e-07,-0.0047012351
2.363147e-07,-0.0046897461
2.364147e-07,-0.0046832835
2.365147e-07,-0.0046875919
2.366147e-07,-0.0047019531
2.367147e-07,-0.0047213408
2.368147e-07,-0.0047342659
2.369147e-07,-0.0047335478
2.370147e-07,-0.0047184685
2.371147e-07,-0.0046947725
2.372147e-07,-0.0046739488
2.373147e-07,-0.004664614
2.374147e-07,-0.0046696404
2.375147e-07,-0.0046840016
2.376147e-07,-0.0046969267
2.377147e-07,-0.0046990809
2.378147e-07,-0.0046875919
2.379147e-07,-0.0046660501
2.380147e-07,-0.0046437902
2.381147e-07,-0.0046301471
2.382147e-07,-0.0046272748
2.383147e-07,-0.0046315832
2.384147e-07,-0.0046344554
2.385147e-07,-0.0046301471
2.386147e-07,-0.004617222
2.387147e-07,-0.0046014246
2.388147e-07,-0.0045920898
2.389147e-07,-0.0045956801
2.390147e-07,-0.0046114775
2.391147e-07,-0.004629429
2.392147e-07,-0.0046387638
2.393147e-07,-0.0046301471
2.394147e-07,-0.0046042969
2.395147e-07,-0.004570548
2.396147e-07,-0.0045446978
2.397147e-07,-0.0045382353
2.398147e-07,-0.0045540326
2.399147e-07,-0.0045841912
2.400147e-07,-0.0046143497
2.401147e-07,-0.0046301471
2.402147e-07,-0.0046279929
2.403147e-07,-0.0046150678
2.404147e-07,-0.0046035788
2.405147e-07,-0.0046071691
2.406147e-07,-0.0046301471
2.407147e-07,-0.0046660501
2.408147e-07,-0.0047012351
2.409147e-07,-0.0047220588
2.410147e-07,-0.0047234949
2.411147e-07,-0.0047105699
2.412147e-07,-0.0046976448
2.413147e-07,-0.0046990809
2.414147e-07,-0.0047213408
2.415147e-07,-0.004759398
2.416147e-07,-0.0047996094
2.417147e-07,-0.0048254596
2.418147e-07,-0.0048290499
2.419147e-07,-0.0048118164
2.420147e-07,-0.0047866843
2.421147e-07,-0.0047680147
2.422147e-07,-0.0047665786
2.423147e-07,-0.0047823759
2.424147e-07,-0.0048060719
2.425147e-07,-0.0048254596
2.426147e-07,-0.0048319221
2.427147e-07,-0.0048240234
2.428147e-07,-0.0048110983
2.429147e-07,-0.0048024816
2.430147e-07,-0.0048053539
2.431147e-07,-0.0048204331
2.432147e-07,-0.0048376666
2.433147e-07,-0.0048484375
2.434147e-07,-0.0048448472
2.435147e-07,-0.0048268957
2.436147e-07,-0.0048017636
2.437147e-07,-0.0047795037
2.438147e-07,-0.0047665786
2.439147e-07,-0.0047644244
2.440147e-07,-0.0047672966
2.441147e-07,-0.0047680147
2.442147e-07,-0.0047629883
2.443147e-07,-0.0047529354
2.444147e-07,-0.0047450368
2.445147e-07,-0.0047450368
2.446147e-07,-0.0047558077
2.447147e-07,-0.0047730411
2.448147e-07,-0.0047881204
2.449147e-07,-0.0047909926
2.450147e-07,-0.0047787856
2.451147e-07,-0.0047543716
2.452147e-07,-0.0047285214
2.453147e-07,-0.0047105699
2.454147e-07,-0.0047069795
2.455147e-07,-0.0047148782
2.456147e-07,-0.0047270852
2.457147e-07,-0.0047335478
2.458147e-07,-0.0047278033
2.459147e-07,-0.0047112879
2.460147e-07,-0.0046911822
2.461147e-07,-0.0046761029
2.462147e-07,-0.0046717946
2.463147e-07,-0.004676821
2.464147e-07,-0.0046854377
2.465147e-07,-0.0046875919
2.466147e-07,-0.0046789752
2.467147e-07,-0.0046603056
2.468147e-07,-0.0046380457
2.469147e-07,-0.0046186581
2.470147e-07,-0.0046078872
2.471147e-07,-0.0046035788
2.472147e-07,-0.0046021427
2.473147e-07,-0.0045956801
2.474147e-07,-0.004582037
2.475147e-07,-0.0045633674
2.476147e-07,-0.004546134
2.477147e-07,-0.0045382353
2.478147e-07,-0.0045425437
2.479147e-07,-0.0045569049
2.480147e-07,-0.0045734203
2.481147e-07,-0.0045841912
2.482147e-07,-0.0045856273
2.483147e-07,-0.0045798828
2.484147e-07,-0.0045734203
2.485147e-07,-0.0045727022
2.486147e-07,-0.0045806009
2.487147e-07,-0.004594244
2.488147e-07,-0.004605733
2.489147e-07,-0.0046071691
2.490147e-07,-0.0045949621
2.491147e-07,-0.0045734203
2.492147e-07,-0.0045511604
2.493147e-07,-0.0045382353
2.494147e-07,-0.0045411075
2.495147e-07,-0.0045597771
2.496147e-07,-0.0045849092
2.497147e-07,-0.0046071691
2.498147e-07,-0.0046186581
2.499147e-07,-0.0046165039
2.500147e-07,-0.0046064511
2.501147e-07,-0.0045956801
2.502147e-07,-0.0045906537
2.503147e-07,-0.004594244
2.504147e-07,-0.0046014246
2.505147e-07,-0.0046071691
2.506147e-07,-0.0046042969
2.507147e-07,-0.0045920898
2.508147e-07,-0.0045712661
2.509147e-07,-0.0045497243
2.510147e-07,-0.0045324908
2.511147e-07,-0.0045245921
2.512147e-07,-0.0045274644
2.513147e-07,-0.0045382353
2.514147e-07,-0.0045547507
2.515147e-07,-0.0045741383
2.516147e-07,-0.0045928079
2.517147e-07,-0.0046071691
2.518147e-07,-0.0046136317
2.519147e-07,-0.0046086052
2.520147e-07,-0.0045899357
2.521147e-07,-0.0045612132
2.522147e-07,-0.0045281824
2.523147e-07,-0.0045016142
2.524147e-07,-0.004487971
2.525147e-07,-0.0044922794
2.526147e-07,-0.004510949
2.527147e-07,-0.004534645
2.528147e-07,-0.0045540326
2.529147e-07,-0.0045612132
2.530147e-07,-0.0045554687
2.531147e-07,-0.0045425437
2.532147e-07,-0.0045303366
2.533147e-07,-0.0045267463
2.534147e-07,-0.0045324908
2.535147e-07,-0.0045432617
2.536147e-07,-0.0045511604
2.537147e-07,-0.0045497243
2.538147e-07,-0.0045375172
2.539147e-07,-0.0045188477
2.540147e-07,-0.0045016142
2.541147e-07,-0.0044922794
2.542147e-07,-0.0044922794
2.543147e-07,-0.0044980239
2.544147e-07,-0.0045037684
2.545147e-07,-0.0045037684
2.546147e-07,-0.0044980239
2.547147e-07,-0.0044908433
2.548147e-07,-0.004487253
2.549147e-07,-0.0044922794
2.550147e-07,-0.0045023323
2.551147e-07,-0.0045087948
2.552147e-07,-0.0045030503
2.553147e-07,-0.0044807904
2.554147e-07,-0.0044448874
2.555147e-07,-0.0044061121
2.556147e-07,-0.0043802619
2.557147e-07,-0.0043773897
2.558147e-07,-0.0043989315
2.559147e-07,-0.0044369887
2.560147e-07,-0.0044764821
2.561147e-07,-0.0045037684
2.562147e-07,-0.004511667
2.563147e-07,-0.0045037684
2.564147e-07,-0.0044894072
2.565147e-07,-0.0044807904
2.566147e-07,-0.0044836627
2.567147e-07,-0.0044958697
2.568147e-07,-0.0045087948
2.569147e-07,-0.0045152574
2.570147e-07,-0.0045102309
2.571147e-07,-0.0044973058
2.572147e-07,-0.0044850988
2.573147e-07,-0.0044807904
2.574147e-07,-0.0044886891
2.575147e-07,-0.0045044864
2.576147e-07,-0.0045202838
2.577147e-07,-0.0045267463
2.578147e-07,-0.0045217199
2.579147e-07,-0.0045102309
2.580147e-07,-0.0045008961
2.581147e-07,-0.0045037684
2.582147e-07,-0.0045217199
2.583147e-07,-0.0045497243
2.584147e-07,-0.0045777286
2.585147e-07,-0.0045956801
2.586147e-07,-0.0045978343
2.587147e-07,-0.0045877815
2.588147e-07,-0.0045719841
2.589147e-07,-0.0045612132
2.590147e-07,-0.0045590591
2.591147e-07,-0.0045626494
2.592147e-07,-0.0045655216
2.593147e-07,-0.0045612132
2.594147e-07,-0.004546852
2.595147e-07,-0.0045267463
2.596147e-07,-0.0045102309
2.597147e-07,-0.0045037684
2.598147e-07,-0.0045102309
2.599147e-07,-0.0045245921
2.600147e-07,-0.0045367992
2.601147e-07,-0.0045382353
2.602147e-07,-0.0045260283
2.603147e-07,-0.0045059226
2.604147e-07,-0.004487971
2.605147e-07,-0.0044807904
2.606147e-07,-0.004487971
2.607147e-07,-0.0045044864
2.608147e-07,-0.0045210018
2.609147e-07,-0.0045267463
2.610147e-07,-0.0045188477
2.611147e-07,-0.0045023323
2.612147e-07,-0.0044865349
2.613147e-07,-0.0044807904
2.614147e-07,-0.0044894072
2.615147e-07,-0.0045080767
2.616147e-07,-0.0045274644
2.617147e-07,-0.0045382353
2.618147e-07,-0.0045360811
2.619147e-07,-0.0045260283
2.620147e-07,-0.0045159754
2.621147e-07,-0.0045152574
2.622147e-07,-0.0045274644
2.623147e-07,-0.004546852
2.624147e-07,-0.0045648035
2.625147e-07,-0.0045727022
2.626147e-07,-0.0045676758
2.627147e-07,-0.0045547507
2.628147e-07,-0.004546134
2.629147e-07,-0.0045497243
2.630147e-07,-0.0045691119
2.631147e-07,-0.0045963982
2.632147e-07,-0.0046208123
2.633147e-07,-0.0046301471
2.634147e-07,-0.0046200942
2.635147e-07,-0.0045963982
2.636147e-07,-0.0045727022
2.637147e-07,-0.0045612132
2.638147e-07,-0.00456983
2.639147e-07,-0.0045956801
2.640147e-07,-0.0046272748
2.641147e-07,-0.004653125
2.642147e-07,-0.004664614
2.643147e-07,-0.0046631778
2.644147e-07,-0.0046559972
2.645147e-07,-0.004653125
2.646147e-07,-0.0046603056
2.647147e-07,-0.0046753849
2.648147e-07,-0.0046911822
2.649147e-07,-0.0046990809
2.650147e-07,-0.0046940545
2.651147e-07,-0.0046789752
2.652147e-07,-0.0046617417
2.653147e-07,-0.004653125
2.654147e-07,-0.0046567153
2.655147e-07,-0.0046717946
2.656147e-07,-0.00468831
2.657147e-07,-0.0046990809
2.658147e-07,-0.0046983628
2.659147e-07,-0.0046868739
2.660147e-07,-0.0046732307
2.661147e-07,-0.004664614
2.662147e-07,-0.0046638959
2.663147e-07,-0.0046682043
2.664147e-07,-0.0046710765
2.665147e-07,-0.004664614
2.666147e-07,-0.0046473805
2.667147e-07,-0.0046236845
2.668147e-07,-0.0046035788
2.669147e-07,-0.0045956801
2.670147e-07,-0.0046028608
2.671147e-07,-0.0046193761
2.672147e-07,-0.0046358915
2.673147e-07,-0.004641636
2.674147e-07,-0.0046315832
2.675147e-07,-0.0046093233
2.676147e-07,-0.004582037
2.677147e-07,-0.0045612132
2.678147e-07,-0.0045511604
2.679147e-07,-0.0045497243
2.680147e-07,-0.0045518784
2.681147e-07,-0.0045497243
2.682147e-07,-0.0045411075
2.683147e-07,-0.0045303366
2.684147e-07,-0.004523156
2.685147e-07,-0.0045267463
2.686147e-07,-0.0045418256
2.687147e-07,-0.0045619313
2.688147e-07,-0.0045791648
2.689147e-07,-0.0045841912
2.690147e-07,-0.0045770106
2.691147e-07,-0.0045640855
2.692147e-07,-0.0045554687
2.693147e-07,-0.0045612132
2.694147e-07,-0.0045827551
2.695147e-07,-0.0046129136
2.696147e-07,-0.0046401999
2.697147e-07,-0.004653125
2.698147e-07,-0.0046480986
2.699147e-07,-0.0046308651
2.700147e-07,-0.0046129136
2.701147e-07,-0.0046071691
2.702147e-07,-0.0046200942
2.703147e-07,-0.0046480986
2.704147e-07,-0.0046818474
2.705147e-07,-0.0047105699
2.706147e-07,-0.0047270852
2.707147e-07,-0.0047321117
2.708147e-07,-0.0047313936
2.709147e-07,-0.0047335478
2.710147e-07,-0.0047414465
2.711147e-07,-0.0047536535
2.712147e-07,-0.0047644244
2.713147e-07,-0.0047680147
2.714147e-07,-0.0047651425
2.715147e-07,-0.0047608341
2.716147e-07,-0.0047637063
2.717147e-07,-0.0047795037
2.718147e-07,-0.00480679
2.719147e-07,-0.0048362305
2.720147e-07,-0.0048563362
2.721147e-07,-0.0048599265
2.722147e-07,-0.0048462833
2.723147e-07,-0.0048254596
2.724147e-07,-0.0048110983
2.725147e-07,-0.0048139706
2.726147e-07,-0.0048362305
2.727147e-07,-0.0048692613
2.728147e-07,-0.0048965476
2.729147e-07,-0.0049058824
2.730147e-07,-0.0048929573
2.731147e-07,-0.0048649529
2.732147e-07,-0.0048369485
2.733147e-07,-0.0048254596
2.734147e-07,-0.0048362305
2.735147e-07,-0.0048649529
2.736147e-07,-0.0048965476
2.737147e-07,-0.0049173713
2.738147e-07,-0.0049173713
2.739147e-07,-0.0048979837
2.740147e-07,-0.0048706974
2.741147e-07,-0.0048484375
2.742147e-07,-0.0048398208
2.743147e-07,-0.0048448472
2.744147e-07,-0.0048549
2.745147e-07,-0.0048599265
2.746147e-07,-0.0048534639
2.747147e-07,-0.0048376666
2.748147e-07,-0.0048211512
2.749147e-07,-0.0048139706
2.750147e-07,-0.0048218693
2.751147e-07,-0.004842693
2.752147e-07,-0.0048671071
2.753147e-07,-0.0048829044
2.754147e-07,-0.0048843405
2.755147e-07,-0.0048721335
2.756147e-07,-0.0048534639
2.757147e-07,-0.0048369485
2.758147e-07,-0.0048268957
2.759147e-07,-0.0048225873
2.760147e-07,-0.0048168428
2.761147e-07,-0.0048024816
2.762147e-07,-0.0047787856
2.763147e-07,-0.0047507813
2.764147e-07,-0.0047285214
2.765147e-07,-0.0047220588
2.766147e-07,-0.0047335478
2.767147e-07,-0.0047586799
2.768147e-07,-0.0047852482
2.769147e-07,-0.0048024816
2.770147e-07,-0.0048031997
2.771147e-07,-0.0047902746
2.772147e-07,-0.004771605
2.773147e-07,-0.0047565257
2.774147e-07,-0.0047500632
2.775147e-07,-0.0047507813
2.776147e-07,-0.0047514993
2.777147e-07,-0.0047450368
2.778147e-07,-0.0047285214
2.779147e-07,-0.0047062615
2.780147e-07,-0.0046861558
2.781147e-07,-0.0046761029
2.782147e-07,-0.0046789752
2.783147e-07,-0.004689028
2.784147e-07,-0.0046983628
2.785147e-07,-0.0046990809
2.786147e-07,-0.0046897461
2.787147e-07,-0.004676821
2.788147e-07,-0.0046696404
2.789147e-07,-0.0046761029
2.790147e-07,-0.0046969267
2.791147e-07,-0.0047249311
2.792147e-07,-0.004747909
2.793147e-07,-0.0047565257
2.794147e-07,-0.0047493451
2.795147e-07,-0.0047328297
2.796147e-07,-0.0047199046
2.797147e-07,-0.0047220588
2.798147e-07,-0.0047414465
2.799147e-07,-0.0047723231
2.800147e-07,-0.0048003274
2.801147e-07,-0.0048139706
2.802147e-07,-0.0048082261
2.803147e-07,-0.0047866843
2.804147e-07,-0.0047622702
2.805147e-07,-0.0047450368
2.806147e-07,-0.0047414465
2.807147e-07,-0.004747909
2.808147e-07,-0.0047558077
2.809147e-07,-0.0047565257
2.810147e-07,-0.0047464729
2.811147e-07,-0.0047306756
2.812147e-07,-0.0047199046
2.813147e-07,-0.0047220588
2.814147e-07,-0.0047385742
2.815147e-07,-0.0047637063
2.816147e-07,-0.0047845301
2.817147e-07,-0.0047909926
2.818147e-07,-0.0047809398
2.819147e-07,-0.004760116
2.820147e-07,-0.0047407284
2.821147e-07,-0.0047335478
2.822147e-07,-0.0047407284
2.823147e-07,-0.0047550896
2.824147e-07,-0.0047637063
2.825147e-07,-0.0047565257
2.826147e-07,-0.0047313936
2.827147e-07,-0.0046962086
2.828147e-07,-0.004665332
2.829147e-07,-0.004653125
2.830147e-07,-0.0046624598
2.831147e-07,-0.0046868739
2.832147e-07,-0.0047112879
2.833147e-07,-0.0047220588
2.834147e-07,-0.004712006
2.835147e-07,-0.0046868739
2.836147e-07,-0.0046588695
2.837147e-07,-0.004641636
2.838147e-07,-0.004641636
2.839147e-07,-0.004653125
2.840147e-07,-0.004665332
2.841147e-07,-0.004664614
2.842147e-07,-0.0046466625
2.843147e-07,-0.0046157858
2.844147e-07,-0.0045870634
2.845147e-07,-0.0045727022
2.846147e-07,-0.0045806009
2.847147e-07,-0.0046050149
2.848147e-07,-0.0046344554
2.849147e-07,-0.004653125
2.850147e-07,-0.0046538431
2.851147e-07,-0.0046387638
2.852147e-07,-0.0046193761
2.853147e-07,-0.0046071691
2.854147e-07,-0.0046100414
2.855147e-07,-0.0046236845
2.856147e-07,-0.0046387638
2.857147e-07,-0.004641636
2.858147e-07,-0.0046265568
2.859147e-07,-0.0045956801
2.860147e-07,-0.0045619313
2.861147e-07,-0.0045382353
2.862147e-07,-0.0045339269
2.863147e-07,-0.0045482881
2.864147e-07,-0.0045727022
2.865147e-07,-0.0045956801
2.866147e-07,-0.0046086052
2.867147e-07,-0.0046107594
2.868147e-07,-0.0046078872
2.869147e-07,-0.0046071691
2.870147e-07,-0.0046121955
2.871147e-07,-0.0046208123
2.872147e-07,-0.0046251206
2.873147e-07,-0.0046186581
2.874147e-07,-0.0045992705
2.875147e-07,-0.0045719841
2.876147e-07,-0.0045482881
2.877147e-07,-0.0045382353
2.878147e-07,-0.0045454159
2.879147e-07,-0.0045655216
2.880147e-07,-0.0045892176
2.881147e-07,-0.0046071691
2.882147e-07,-0.0046143497
2.883147e-07,-0.0046136317
2.884147e-07,-0.0046129136
2.885147e-07,-0.0046186581
2.886147e-07,-0.0046315832
2.887147e-07,-0.0046473805
2.888147e-07,-0.0046559972
2.889147e-07,-0.004653125
2.890147e-07,-0.0046387638
2.891147e-07,-0.0046229665
2.892147e-07,-0.004617222
2.893147e-07,-0.0046301471
2.894147e-07,-0.0046603056
2.895147e-07,-0.0046976448
2.896147e-07,-0.0047256491
2.897147e-07,-0.0047335478
2.898147e-07,-0.0047184685
2.899147e-07,-0.0046897461
2.900147e-07,-0.0046631778
2.901147e-07,-0.004653125
2.902147e-07,-0.0046638959
2.903147e-07,-0.004689028
2.904147e-07,-0.004712724
2.905147e-07,-0.0047220588
2.906147e-07,-0.0047112879
2.907147e-07,-0.0046854377
2.908147e-07,-0.0046574334
2.909147e-07,-0.004641636
2.910147e-07,-0.0046430722
2.911147e-07,-0.0046588695
2.912147e-07,-0.004676821
2.913147e-07,-0.0046875919
2.914147e-07,-0.0046861558
2.915147e-07,-0.0046789752
2.916147e-07,-0.0046761029
2.917147e-07,-0.0046875919
2.918147e-07,-0.0047134421
2.919147e-07,-0.0047443187
2.920147e-07,-0.0047665786
2.921147e-07,-0.0047680147
2.922147e-07,-0.0047464729
2.923147e-07,-0.004712724
2.924147e-07,-0.0046840016
2.925147e-07,-0.0046761029
2.926147e-07,-0.0046940545
2.927147e-07,-0.0047306756
2.928147e-07,-0.0047680147
2.929147e-07,-0.0047909926
2.930147e-07,-0.0047909926
2.931147e-07,-0.0047737592
2.932147e-07,-0.0047529354
2.933147e-07,-0.0047450368
2.934147e-07,-0.0047579619
2.935147e-07,-0.0047866843
2.936147e-07,-0.004818279
2.937147e-07,-0.0048369485
2.938147e-07,-0.0048355124
2.939147e-07,-0.004818279
2.940147e-07,-0.0047981733
2.941147e-07,-0.0047909926
2.942147e-07,-0.0048046358
2.943147e-07,-0.0048362305
2.944147e-07,-0.0048714154
2.945147e-07,-0.0048943934
2.946147e-07,-0.0048965476
2.947147e-07,-0.0048807502
2.948147e-07,-0.0048592084
2.949147e-07,-0.0048484375
2.950147e-07,-0.0048592084
2.951147e-07,-0.0048922392
2.952147e-07,-0.0049360409
2.953147e-07,-0.0049748162
2.954147e-07,-0.0049970761
2.955147e-07,-0.0049999483
2.956147e-07,-0.0049884593
2.957147e-07,-0.0049748162
2.958147e-07,-0.0049676356
2.959147e-07,-0.0049705078
2.960147e-07,-0.0049791245
2.961147e-07,-0.0049863051
2.962147e-07,-0.0049884593
2.963147e-07,-0.0049863051
2.964147e-07,-0.0049870232
2.965147e-07,-0.0049977941
2.966147e-07,-0.0050207721
2.967147e-07,-0.0050523667
2.968147e-07,-0.0050825253
2.969147e-07,-0.0051011949
2.970147e-07,-0.0051047852
2.971147e-07,-0.0050976045
2.972147e-07,-0.0050889878
2.973147e-07,-0.0050897059
2.974147e-07,-0.0051055032
2.975147e-07,-0.0051335076
2.976147e-07,-0.00516223
2.977147e-07,-0.0051816176
2.978147e-07,-0.0051844899
2.979147e-07,-0.0051730009
2.980147e-07,-0.0051564855
2.981147e-07,-0.0051471507
2.982147e-07,-0.0051514591
2.983147e-07,-0.0051686926
2.984147e-07,-0.0051895163
2.985147e-07,-0.0052045956
2.986147e-07,-0.0052067498
2.987147e-07,-0.0051959789
2.988147e-07,-0.0051801815
2.989147e-07,-0.0051701287
2.990147e-07,-0.0051722829
2.991147e-07,-0.005185926
2.992147e-07,-0.0052038775
2.993147e-07,-0.0052160846
2.994147e-07,-0.0052160846
2.995147e-07,-0.0052017233
2.996147e-07,-0.0051801815
2.997147e-07,-0.0051586397
2.998147e-07,-0.0051449966
2.999147e-07,-0.0051414062
3.000147e-07,-0.0051435604
3.001147e-07,-0.0051471507
3.002147e-07,-0.0051471507
3.003147e-07,-0.0051449966
3.004147e-07,-0.0051435604
3.005147e-07,-0.0051471507
3.006147e-07,-0.0051586397
3.007147e-07,-0.005174437
3.008147e-07,-0.0051880802
3.009147e-07,-0.0051931066
3.010147e-07,-0.0051844899
3.011147e-07,-0.0051643842
3.012147e-07,-0.0051378159
3.013147e-07,-0.0051126838
3.014147e-07,-0.0050947323
3.015147e-07,-0.0050861156
3.016147e-07,-0.0050853975
3.017147e-07,-0.0050897059
3.018147e-07,-0.0050983226
3.019147e-07,-0.0051105296
3.020147e-07,-0.0051277631
3.021147e-07,-0.0051471507
3.022147e-07,-0.0051643842
3.023147e-07,-0.0051730009
3.024147e-07,-0.0051672564
3.025147e-07,-0.0051471507
3.026147e-07,-0.0051177102
3.027147e-07,-0.0050904239
3.028147e-07,-0.0050753447
3.029147e-07,-0.0050782169
3.030147e-07,-0.0050954504
3.031147e-07,-0.0051155561
3.032147e-07,-0.0051277631
3.033147e-07,-0.0051241728
3.034147e-07,-0.0051055032
3.035147e-07,-0.0050810892
3.036147e-07,-0.0050652918
3.037147e-07,-0.0050667279
3.038147e-07,-0.0050853975
3.039147e-07,-0.0051126838
3.040147e-07,-0.0051327895
3.041147e-07,-0.0051356618
3.042147e-07,-0.0051177102
3.043147e-07,-0.0050875517
3.044147e-07,-0.0050581112
3.045147e-07,-0.00504375
3.046147e-07,-0.0050480584
3.047147e-07,-0.0050660099
3.048147e-07,-0.0050839614
3.049147e-07,-0.0050897059
3.050147e-07,-0.0050782169
3.051147e-07,-0.0050545209
3.052147e-07,-0.0050308249
3.053147e-07,-0.0050207721
3.054147e-07,-0.0050308249
3.055147e-07,-0.005055957
3.056147e-07,-0.0050846795
3.057147e-07,-0.0051011949
3.058147e-07,-0.0050976045
3.059147e-07,-0.0050753447
3.060147e-07,-0.0050451861
3.061147e-07,-0.0050207721
3.062147e-07,-0.0050128734
3.063147e-07,-0.0050229262
3.064147e-07,-0.0050444681
3.065147e-07,-0.0050667279
3.066147e-07,-0.0050810892
3.067147e-07,-0.0050846795
3.068147e-07,-0.0050810892
3.069147e-07,-0.0050782169
3.070147e-07,-0.0050810892
3.071147e-07,-0.0050889878
3.072147e-07,-0.0050976045
3.073147e-07,-0.0051011949
3.074147e-07,-0.0050954504
3.075147e-07,-0.0050839614
3.076147e-07,-0.0050717544
3.077147e-07,-0.0050667279
3.078147e-07,-0.0050731905
3.079147e-07,-0.0050875517
3.080147e-07,-0.0051040671
3.081147e-07,-0.0051126838
3.082147e-07,-0.0051090935
3.083147e-07,-0.0050961684
3.084147e-07,-0.005078935
3.085147e-07,-0.0050667279
3.086147e-07,-0.0050645738
3.087147e-07,-0.0050717544
3.088147e-07,-0.0050825253
3.089147e-07,-0.0050897059
3.090147e-07,-0.0050897059
3.091147e-07,-0.0050839614
3.092147e-07,-0.0050782169
3.093147e-07,-0.0050782169
3.094147e-07,-0.0050875517
3.095147e-07,-0.005103349
3.096147e-07,-0.0051184283
3.097147e-07,-0.0051241728
3.098147e-07,-0.0051169922
3.099147e-07,-0.0050983226
3.100147e-07,-0.0050746266
3.101147e-07,-0.005055239
3.102147e-07,-0.0050451861
3.103147e-07,-0.0050444681
3.104147e-07,-0.0050494945
3.105147e-07,-0.005055239
3.106147e-07,-0.0050573932
3.107147e-07,-0.005055957
3.108147e-07,-0.0050545209
3.109147e-07,-0.005055239
3.110147e-07,-0.0050595473
3.111147e-07,-0.0050652918
3.112147e-07,-0.0050688821
3.113147e-07,-0.0050667279
3.114147e-07,-0.0050617015
3.115147e-07,-0.0050573932
3.116147e-07,-0.0050624196
3.117147e-07,-0.0050782169
3.118147e-07,-0.005103349
3.119147e-07,-0.0051299173
3.120147e-07,-0.0051464327
3.121147e-07,-0.0051471507
3.122147e-07,-0.0051313534
3.123147e-07,-0.0051069393
3.124147e-07,-0.0050853975
3.125147e-07,-0.0050782169
3.126147e-07,-0.0050875517
3.127147e-07,-0.0051098116
3.128147e-07,-0.0051327895
3.129147e-07,-0.0051471507
3.130147e-07,-0.0051471507
3.131147e-07,-0.0051349437
3.132147e-07,-0.0051205825
3.133147e-07,-0.0051126838
3.134147e-07,-0.0051177102
3.135147e-07,-0.0051320715
3.136147e-07,-0.0051493049
3.137147e-07,-0.0051586397
3.138147e-07,-0.0051550494
3.139147e-07,-0.0051392521
3.140147e-07,-0.0051184283
3.141147e-07,-0.0051011949
3.142147e-07,-0.0050925781
3.143147e-07,-0.0050940142
3.144147e-07,-0.0050983226
3.145147e-07,-0.0051011949
3.146147e-07,-0.0050976045
3.147147e-07,-0.0050882698
3.148147e-07,-0.0050803711
3.149147e-07,-0.0050782169
3.150147e-07,-0.0050861156
3.151147e-07,-0.005102631
3.152147e-07,-0.0051213006
3.153147e-07,-0.0051356618
3.154147e-07,-0.0051414062
3.155147e-07,-0.005138534
3.156147e-07,-0.0051313534
3.157147e-07,-0.0051241728
3.158147e-07,-0.0051184283
3.159147e-07,-0.0051126838
3.160147e-07,-0.0051040671
3.161147e-07,-0.0050897059
3.162147e-07,-0.0050717544
3.163147e-07,-0.0050573932
3.164147e-07,-0.0050538028
3.165147e-07,-0.0050667279
3.166147e-07,-0.0050947323
3.167147e-07,-0.0051291992
3.168147e-07,-0.0051579216
3.169147e-07,-0.0051701287
3.170147e-07,-0.00516223
3.171147e-07,-0.0051392521
3.172147e-07,-0.0051112477
3.173147e-07,-0.0050897059
3.174147e-07,-0.0050825253
3.175147e-07,-0.0050882698
3.176147e-07,-0.0051011949
3.177147e-07,-0.0051126838
3.178147e-07,-0.0051162741
3.179147e-07,-0.0051141199
3.180147e-07,-0.0051105296
3.181147e-07,-0.0051126838
3.182147e-07,-0.0051248909
3.183147e-07,-0.0051449966
3.184147e-07,-0.0051665384
3.185147e-07,-0.0051816176
3.186147e-07,-0.0051844899
3.187147e-07,-0.0051758732
3.188147e-07,-0.0051607939
3.189147e-07,-0.0051471507
3.190147e-07,-0.0051392521
3.191147e-07,-0.0051370979
3.192147e-07,-0.0051370979
3.193147e-07,-0.0051356618
3.194147e-07,-0.0051306353
3.195147e-07,-0.0051234547
3.196147e-07,-0.0051198644
3.197147e-07,-0.0051241728
3.198147e-07,-0.0051378159
3.199147e-07,-0.0051572036
3.200147e-07,-0.005173719
3.201147e-07,-0.0051816176
3.202147e-07,-0.0051765912
3.203147e-07,-0.0051629481
3.204147e-07,-0.0051464327
3.205147e-07,-0.0051356618
3.206147e-07,-0.0051356618
3.207147e-07,-0.0051449966
3.208147e-07,-0.0051586397
3.209147e-07,-0.0051701287
3.210147e-07,-0.0051751551
3.211147e-07,-0.005173719
3.212147e-07,-0.0051708467
3.213147e-07,-0.0051701287
3.214147e-07,-0.0051751551
3.215147e-07,-0.005185926
3.216147e-07,-0.0051966969
3.217147e-07,-0.0052045956
3.218147e-07,-0.0052074678
3.219147e-07,-0.0052060317
3.220147e-07,-0.0052038775
3.221147e-07,-0.0052045956
3.222147e-07,-0.0052081859
3.223147e-07,-0.0052110581
3.224147e-07,-0.0052110581
3.225147e-07,-0.0052045956
3.226147e-07,-0.0051945427
3.227147e-07,-0.005185926
3.228147e-07,-0.0051844899
3.229147e-07,-0.0051931066
3.230147e-07,-0.005208904
3.231147e-07,-0.0052239832
3.232147e-07,-0.0052282916
3.233147e-07,-0.0052160846
3.234147e-07,-0.0051887983
3.235147e-07,-0.0051543313
3.236147e-07,-0.0051256089
3.237147e-07,-0.0051126838
3.238147e-07,-0.0051184283
3.239147e-07,-0.0051370979
3.240147e-07,-0.0051579216
3.241147e-07,-0.0051701287
3.242147e-07,-0.0051694106
3.243147e-07,-0.0051579216
3.244147e-07,-0.0051435604
3.245147e-07,-0.0051356618
3.246147e-07,-0.0051370979
3.247147e-07,-0.0051464327
3.248147e-07,-0.0051564855
3.249147e-07,-0.0051586397
3.250147e-07,-0.005150741
3.251147e-07,-0.0051349437
3.252147e-07,-0.0051198644
3.253147e-07,-0.0051126838
3.254147e-07,-0.0051177102
3.255147e-07,-0.0051313534
3.256147e-07,-0.0051478688
3.257147e-07,-0.0051586397
3.258147e-07,-0.0051615119
3.259147e-07,-0.0051579216
3.260147e-07,-0.0051550494
3.261147e-07,-0.0051586397
3.262147e-07,-0.0051701287
3.263147e-07,-0.0051844899
3.264147e-07,-0.0051945427
3.265147e-07,-0.0051931066
3.266147e-07,-0.0051787454
3.267147e-07,-0.0051579216
3.268147e-07,-0.0051406882
3.269147e-07,-0.0051356618
3.270147e-07,-0.0051478688
3.271147e-07,-0.0051722829
3.272147e-07,-0.0051988511
3.273147e-07,-0.0052160846
3.274147e-07,-0.0052182387
3.275147e-07,-0.0052053136
3.276147e-07,-0.005185926
3.277147e-07,-0.0051701287
3.278147e-07,-0.0051643842
3.279147e-07,-0.0051701287
3.280147e-07,-0.0051816176
3.281147e-07,-0.0051931066
3.282147e-07,-0.0051988511
3.283147e-07,-0.005197415
3.284147e-07,-0.0051945427
3.285147e-07,-0.0051931066
3.286147e-07,-0.005197415
3.287147e-07,-0.0052053136
3.288147e-07,-0.0052124943
3.289147e-07,-0.0052160846
3.290147e-07,-0.0052139304
3.291147e-07,-0.0052103401
3.292147e-07,-0.005209622
3.293147e-07,-0.0052160846
3.294147e-07,-0.0052282916
3.295147e-07,-0.0052404986
3.296147e-07,-0.0052426528
3.297147e-07,-0.0052275735
3.298147e-07,-0.0051945427
3.299147e-07,-0.005150741
3.300147e-07,-0.0051083755
3.301147e-07,-0.0050782169
3.302147e-07,-0.005067446
3.303147e-07,-0.0050731905
3.304147e-07,-0.0050882698
3.305147e-07,-0.0051011949
3.306147e-07,-0.0051062213
3.307147e-07,-0.0051019129
3.308147e-07,-0.0050940142
3.309147e-07,-0.0050897059
3.310147e-07,-0.0050932962
3.311147e-07,-0.0051047852
3.312147e-07,-0.0051169922
3.313147e-07,-0.0051241728
3.314147e-07,-0.0051213006
3.315147e-07,-0.0051083755
3.316147e-07,-0.0050918601
3.317147e-07,-0.0050782169
3.318147e-07,-0.0050717544
3.319147e-07,-0.0050739085
3.320147e-07,-0.0050810892
3.321147e-07,-0.0050897059
3.322147e-07,-0.0050968865
3.323147e-07,-0.0051040671
3.324147e-07,-0.0051119658
3.325147e-07,-0.0051241728
3.326147e-07,-0.005138534
3.327147e-07,-0.005150741
3.328147e-07,-0.0051543313
3.329147e-07,-0.0051471507
3.330147e-07,-0.0051291992
3.331147e-07,-0.0051069393
3.332147e-07,-0.0050875517
3.333147e-07,-0.0050782169
3.334147e-07,-0.005078935
3.335147e-07,-0.0050861156
3.336147e-07,-0.005091142
3.337147e-07,-0.0050897059
3.338147e-07,-0.0050803711
3.339147e-07,-0.0050696002
3.340147e-07,-0.0050631376
3.341147e-07,-0.0050667279
3.342147e-07,-0.0050803711
3.343147e-07,-0.0050968865
3.344147e-07,-0.0051062213
3.345147e-07,-0.0051011949
3.346147e-07,-0.0050818072
3.347147e-07,-0.0050545209
3.348147e-07,-0.005031543
3.349147e-07,-0.0050207721
3.350147e-07,-0.0050257985
3.351147e-07,-0.0050401597
3.352147e-07,-0.0050530848
3.353147e-07,-0.005055239
3.354147e-07,-0.0050423139
3.355147e-07,-0.0050207721
3.356147e-07,-0.0050021025
3.357147e-07,-0.0049977941
3.358147e-07,-0.0050128734
3.359147e-07,-0.00504375
3.360147e-07,-0.0050774989
3.361147e-07,-0.0051011949
3.362147e-07,-0.0051062213
3.363147e-07,-0.0050940142
3.364147e-07,-0.0050724724
3.365147e-07,-0.005055239
3.366147e-07,-0.0050509306
3.367147e-07,-0.0050617015
3.368147e-07,-0.0050818072
3.369147e-07,-0.0051011949
3.370147e-07,-0.0051105296
3.371147e-07,-0.0051062213
3.372147e-07,-0.0050932962
3.373147e-07,-0.0050782169
3.374147e-07,-0.0050696002
3.375147e-07,-0.0050710363
3.376147e-07,-0.005078935
3.377147e-07,-0.0050897059
3.378147e-07,-0.0050961684
3.379147e-07,-0.0050968865
3.380147e-07,-0.0050932962
3.381147e-07,-0.0050897059
3.382147e-07,-0.0050897059
3.383147e-07,-0.0050954504
3.384147e-07,-0.0051040671
3.385147e-07,-0.0051126838
3.386147e-07,-0.0051177102
3.387147e-07,-0.0051177102
3.388147e-07,-0.0051155561
3.389147e-07,-0.0051126838
3.390147e-07,-0.0051119658
3.391147e-07,-0.0051126838
3.392147e-07,-0.0051134019
3.393147e-07,-0.0051126838
3.394147e-07,-0.0051105296
3.395147e-07,-0.0051083755
3.396147e-07,-0.0051083755
3.397147e-07,-0.0051126838
3.398147e-07,-0.0051191464
3.399147e-07,-0.0051248909
3.400147e-07,-0.005127045
3.401147e-07,-0.0051241728
3.402147e-07,-0.0051184283
3.403147e-07,-0.0051162741
3.404147e-07,-0.0051213006
3.405147e-07,-0.0051356618
3.406147e-07,-0.0051557675
3.407147e-07,-0.0051730009
3.408147e-07,-0.0051794635
3.409147e-07,-0.0051701287
3.410147e-07,-0.0051478688
3.411147e-07,-0.0051227367
3.412147e-07,-0.0051040671
3.413147e-07,-0.0051011949
3.414147e-07,-0.0051155561
3.415147e-07,-0.0051399701
3.416147e-07,-0.0051651023
3.417147e-07,-0.0051816176
3.418147e-07,-0.0051866441
3.419147e-07,-0.005185208
3.420147e-07,-0.0051844899
3.421147e-07,-0.0051931066
3.422147e-07,-0.0052139304
3.423147e-07,-0.0052433709
3.424147e-07,-0.0052735294
3.425147e-07,-0.0052965074
3.426147e-07,-0.0053087144
3.427147e-07,-0.0053130227
3.428147e-07,-0.0053144589
3.429147e-07,-0.0053194853
3.430147e-07,-0.0053288201
3.431147e-07,-0.0053374368
3.432147e-07,-0.0053403091
3.433147e-07,-0.0053309743
3.434147e-07,-0.0053123047
3.435147e-07,-0.0052914809
3.436147e-07,-0.0052792739
3.437147e-07,-0.0052850184
3.438147e-07,-0.0053087144
3.439147e-07,-0.0053424632
3.440147e-07,-0.0053733398
3.441147e-07,-0.0053884191
3.442147e-07,-0.0053833927
3.443147e-07,-0.0053618509
3.444147e-07,-0.0053360007
3.445147e-07,-0.0053194853
3.446147e-07,-0.0053194853
3.447147e-07,-0.0053352826
3.448147e-07,-0.0053582606
3.449147e-07,-0.0053769301
3.450147e-07,-0.0053826746
3.451147e-07,-0.0053740579
3.452147e-07,-0.0053575425
3.453147e-07,-0.0053424632
3.454147e-07,-0.0053360007
3.455147e-07,-0.0053388729
3.456147e-07,-0.0053474897
3.457147e-07,-0.0053539522
3.458147e-07,-0.0053539522
3.459147e-07,-0.0053460535
3.460147e-07,-0.0053367188
3.461147e-07,-0.0053309743
3.462147e-07,-0.0053338465
3.463147e-07,-0.0053438994
3.464147e-07,-0.0053568244
3.465147e-07,-0.0053654412
3.466147e-07,-0.0053647231
3.467147e-07,-0.0053553883
3.468147e-07,-0.0053417452
3.469147e-07,-0.0053309743
3.470147e-07,-0.005327384
3.471147e-07,-0.0053309743
3.472147e-07,-0.0053381549
3.473147e-07,-0.0053424632
3.474147e-07,-0.0053403091
3.475147e-07,-0.0053331284
3.476147e-07,-0.0053237937
3.477147e-07,-0.0053194853
3.478147e-07,-0.0053223575
3.479147e-07,-0.0053331284
3.480147e-07,-0.0053453355
3.481147e-07,-0.0053539522
3.482147e-07,-0.0053553883
3.483147e-07,-0.0053489258
3.484147e-07,-0.005339591
3.485147e-07,-0.0053309743
3.486147e-07,-0.005328102
3.487147e-07,-0.0053302562
3.488147e-07,-0.0053360007
3.489147e-07,-0.0053424632
3.490147e-07,-0.0053467716
3.491147e-07,-0.0053489258
3.492147e-07,-0.00535108
3.493147e-07,-0.0053539522
3.494147e-07,-0.0053568244
3.495147e-07,-0.0053575425
3.496147e-07,-0.0053525161
3.497147e-07,-0.0053424632
3.498147e-07,-0.0053302562
3.499147e-07,-0.0053223575
3.500147e-07,-0.0053259478
3.501147e-07,-0.0053424632
3.502147e-07,-0.0053683134
3.503147e-07,-0.0053934455
3.504147e-07,-0.0054070887
3.505147e-07,-0.0053999081
3.506147e-07,-0.0053726218
3.507147e-07,-0.0053316923
3.508147e-07,-0.0052907629
3.509147e-07,-0.0052620404
3.510147e-07,-0.0052519876
3.511147e-07,-0.0052591682
3.512147e-07,-0.0052771197
3.513147e-07,-0.0052965074
3.514147e-07,-0.0053101505
3.515147e-07,-0.0053166131
3.516147e-07,-0.0053180492
3.517147e-07,-0.0053194853
3.518147e-07,-0.0053223575
3.519147e-07,-0.0053252298
3.520147e-07,-0.0053252298
3.521147e-07,-0.0053194853
3.522147e-07,-0.0053079963
3.523147e-07,-0.0052943532
3.524147e-07,-0.0052857364
3.525147e-07,-0.0052850184
3.526147e-07,-0.005292199
3.527147e-07,-0.0053029699
3.528147e-07,-0.0053094324
3.529147e-07,-0.0053079963
3.530147e-07,-0.0052986615
3.531147e-07,-0.0052864545
3.532147e-07,-0.005279992
3.533147e-07,-0.0052850184
3.534147e-07,-0.0053008157
3.535147e-07,-0.0053216395
3.536147e-07,-0.0053381549
3.537147e-07,-0.0053424632
3.538147e-07,-0.0053338465
3.539147e-07,-0.0053194853
3.540147e-07,-0.0053079963
3.541147e-07,-0.0053079963
3.542147e-07,-0.0053223575
3.543147e-07,-0.0053446174
3.544147e-07,-0.0053661592
3.545147e-07,-0.0053769301
3.546147e-07,-0.0053733398
3.547147e-07,-0.0053604148
3.548147e-07,-0.0053474897
3.549147e-07,-0.0053424632
3.550147e-07,-0.0053503619
3.551147e-07,-0.0053668773
3.552147e-07,-0.0053826746
3.553147e-07,-0.0053884191
3.554147e-07,-0.0053805205
3.555147e-07,-0.0053618509
3.556147e-07,-0.0053424632
3.557147e-07,-0.0053309743
3.558147e-07,-0.0053331284
3.559147e-07,-0.0053474897
3.560147e-07,-0.0053647231
3.561147e-07,-0.0053769301
3.562147e-07,-0.0053776482
3.563147e-07,-0.0053675954
3.564147e-07,-0.0053532341
3.565147e-07,-0.0053424632
3.566147e-07,-0.0053410271
3.567147e-07,-0.0053482077
3.568147e-07,-0.0053582606
3.569147e-07,-0.0053654412
3.570147e-07,-0.0053654412
3.571147e-07,-0.0053582606
3.572147e-07,-0.0053489258
3.573147e-07,-0.0053424632
3.574147e-07,-0.005339591
3.575147e-07,-0.0053381549
3.576147e-07,-0.0053331284
3.577147e-07,-0.0053194853
3.578147e-07,-0.0052986615
3.579147e-07,-0.0052756836
3.580147e-07,-0.0052613224
3.581147e-07,-0.0052620404
3.582147e-07,-0.0052792739
3.583147e-07,-0.0053072783
3.584147e-07,-0.0053360007
3.585147e-07,-0.0053539522
3.586147e-07,-0.0053575425
3.587147e-07,-0.0053489258
3.588147e-07,-0.0053374368
3.589147e-07,-0.0053309743
3.590147e-07,-0.0053352826
3.591147e-07,-0.0053474897
3.592147e-07,-0.0053611328
3.593147e-07,-0.0053654412
3.594147e-07,-0.0053568244
3.595147e-07,-0.0053374368
3.596147e-07,-0.0053144589
3.597147e-07,-0.0052965074
3.598147e-07,-0.0052900448
3.599147e-07,-0.0052957893
3.600147e-07,-0.0053079963
3.601147e-07,-0.0053194853
3.602147e-07,-0.0053252298
3.603147e-07,-0.0053252298
3.604147e-07,-0.0053216395
3.605147e-07,-0.0053194853
3.606147e-07,-0.0053194853
3.607147e-07,-0.0053202034
3.608147e-07,-0.0053173311
3.609147e-07,-0.0053079963
3.610147e-07,-0.0052936351
3.611147e-07,-0.00528071
3.612147e-07,-0.0052756836
3.613147e-07,-0.0052850184
3.614147e-07,-0.0053087144
3.615147e-07,-0.0053403091
3.616147e-07,-0.0053697495
3.617147e-07,-0.0053884191
3.618147e-07,-0.0053941636
3.619147e-07,-0.0053920094
3.620147e-07,-0.0053912914
3.621147e-07,-0.0053999081
3.622147e-07,-0.0054214499
3.623147e-07,-0.0054516085
3.624147e-07,-0.005481767
3.625147e-07,-0.0055033088
3.626147e-07,-0.0055119256
3.627147e-07,-0.0055126436
3.628147e-07,-0.0055140797
3.629147e-07,-0.0055262868
3.630147e-07,-0.0055550092
3.631147e-07,-0.0055959386
3.632147e-07,-0.0056397403
3.633147e-07,-0.0056756434
3.634147e-07,-0.0056957491
3.635147e-07,-0.0056993394
3.636147e-07,-0.0056935949
3.637147e-07,-0.0056871324
3.638147e-07,-0.0056878504
3.639147e-07,-0.0056971852
3.640147e-07,-0.0057108284
3.641147e-07,-0.0057215993
3.642147e-07,-0.0057244715
3.643147e-07,-0.005718727
3.644147e-07,-0.0057079561
3.645147e-07,-0.0056986213
3.646147e-07,-0.005694313
3.647147e-07,-0.005695031
3.648147e-07,-0.0056986213
3.649147e-07,-0.0056986213
3.650147e-07,-0.0056921588
3.651147e-07,-0.0056785156
3.652147e-07,-0.0056605641
3.653147e-07,-0.0056411765
3.654147e-07,-0.005623225
3.655147e-07,-0.0056059915
3.656147e-07,-0.0055894761
3.657147e-07,-0.0055722426
3.658147e-07,-0.0055571634
3.659147e-07,-0.0055478286
3.660147e-07,-0.0055485466
3.661147e-07,-0.0055607537
3.662147e-07,-0.0055808594
3.663147e-07,-0.005600247
3.664147e-07,-0.0056110179
3.665147e-07,-0.0056067096
3.666147e-07,-0.00558804
3.667147e-07,-0.0055629079
3.668147e-07,-0.0055392119
3.669147e-07,-0.0055262868
3.670147e-07,-0.0055255687
3.671147e-07,-0.0055327493
3.672147e-07,-0.0055428022
3.673147e-07,-0.0055492647
3.674147e-07,-0.005552855
3.675147e-07,-0.0055578814
3.676147e-07,-0.0055708065
3.677147e-07,-0.0055952206
3.678147e-07,-0.0056268153
3.679147e-07,-0.0056555377
3.680147e-07,-0.005670617
3.681147e-07,-0.0056641544
3.682147e-07,-0.0056390223
3.683147e-07,-0.0056052734
3.684147e-07,-0.0055794233
3.685147e-07,-0.0055722426
3.686147e-07,-0.0055873219
3.687147e-07,-0.0056160443
3.688147e-07,-0.0056426126
3.689147e-07,-0.0056526654
3.690147e-07,-0.0056397403
3.691147e-07,-0.0056095818
3.692147e-07,-0.0055736788
3.693147e-07,-0.0055492647
3.694147e-07,-0.0055442383
3.695147e-07,-0.0055578814
3.696147e-07,-0.0055794233
3.697147e-07,-0.0055952206
3.698147e-07,-0.0055945025
3.699147e-07,-0.0055743968
3.700147e-07,-0.0055442383
3.701147e-07,-0.0055147978
3.702147e-07,-0.0054968463
3.703147e-07,-0.005493974
3.704147e-07,-0.0055025908
3.705147e-07,-0.0055147978
3.706147e-07,-0.0055226965
3.707147e-07,-0.0055234145
3.708147e-07,-0.0055183881
3.709147e-07,-0.0055147978
3.710147e-07,-0.005516952
3.711147e-07,-0.0055255687
3.712147e-07,-0.0055384938
3.713147e-07,-0.0055492647
3.714147e-07,-0.0055542911
3.715147e-07,-0.0055514189
3.716147e-07,-0.0055442383
3.717147e-07,-0.0055377757
3.718147e-07,-0.0055341854
3.719147e-07,-0.0055349035
3.720147e-07,-0.0055370577
3.721147e-07,-0.0055377757
3.722147e-07,-0.0055363396
3.723147e-07,-0.0055334674
3.724147e-07,-0.0055327493
3.725147e-07,-0.0055377757
3.726147e-07,-0.0055471105
3.727147e-07,-0.0055578814
3.728147e-07,-0.0055636259
3.729147e-07,-0.0055607537
3.730147e-07,-0.0055499828
3.731147e-07,-0.0055363396
3.732147e-07,-0.0055262868
3.733147e-07,-0.0055262868
3.734147e-07,-0.0055363396
3.735147e-07,-0.0055521369
3.736147e-07,-0.0055664982
3.737147e-07,-0.0055722426
3.738147e-07,-0.0055686523
3.739147e-07,-0.0055585995
3.740147e-07,-0.0055499828
3.741147e-07,-0.0055492647
3.742147e-07,-0.0055578814
3.743147e-07,-0.0055736788
3.744147e-07,-0.00558804
3.745147e-07,-0.0055952206
3.746147e-07,-0.0055937845
3.747147e-07,-0.0055873219
3.748147e-07,-0.0055815774
3.749147e-07,-0.0055837316
3.750147e-07,-0.0055945025
3.751147e-07,-0.0056102999
3.752147e-07,-0.005623943
3.753147e-07,-0.0056296875
3.754147e-07,-0.0056260972
3.755147e-07,-0.0056174805
3.756147e-07,-0.0056088637
3.757147e-07,-0.0056067096
3.758147e-07,-0.005611736
3.759147e-07,-0.0056189166
3.760147e-07,-0.0056225069
3.761147e-07,-0.0056181985
3.762147e-07,-0.0056067096
3.763147e-07,-0.0055937845
3.764147e-07,-0.005588758
3.765147e-07,-0.0055952206
3.766147e-07,-0.005612454
3.767147e-07,-0.0056325597
3.768147e-07,-0.0056447668
3.769147e-07,-0.0056411765
3.770147e-07,-0.0056225069
3.771147e-07,-0.0055959386
3.772147e-07,-0.0055722426
3.773147e-07,-0.0055607537
3.774147e-07,-0.0055614717
3.775147e-07,-0.0055672162
3.776147e-07,-0.0055657801
3.777147e-07,-0.0055492647
3.778147e-07,-0.0055155159
3.779147e-07,-0.0054724322
3.780147e-07,-0.0054336569
3.781147e-07,-0.0054113971
3.782147e-07,-0.0054092429
3.783147e-07,-0.0054214499
3.784147e-07,-0.005434375
3.785147e-07,-0.005434375
3.786147e-07,-0.0054164235
3.787147e-07,-0.0053848288
3.788147e-07,-0.005351798
3.789147e-07,-0.0053309743
3.790147e-07,-0.0053302562
3.791147e-07,-0.0053474897
3.792147e-07,-0.0053719037
3.793147e-07,-0.0053884191
3.794147e-07,-0.0053884191
3.795147e-07,-0.0053711857
3.796147e-07,-0.0053438994
3.797147e-07,-0.0053194853
3.798147e-07,-0.0053079963
3.799147e-07,-0.0053137408
3.800147e-07,-0.0053316923
3.801147e-07,-0.0053539522
3.802147e-07,-0.0053740579
3.803147e-07,-0.0053884191
3.804147e-07,-0.00539919
3.805147e-07,-0.0054113971
3.806147e-07,-0.0054279125
3.807147e-07,-0.0054473001
3.808147e-07,-0.0054666877
3.809147e-07,-0.0054803309
3.810147e-07,-0.0054860754
3.811147e-07,-0.0054860754
3.812147e-07,-0.0054867934
3.813147e-07,-0.0054918199
3.814147e-07,-0.0055040269
3.815147e-07,-0.0055198242
3.816147e-07,-0.0055334674
3.817147e-07,-0.0055377757
3.818147e-07,-0.0055327493
3.819147e-07,-0.0055234145
3.820147e-07,-0.0055183881
3.821147e-07,-0.0055262868
3.822147e-07,-0.0055492647
3.823147e-07,-0.0055808594
3.824147e-07,-0.005611736
3.825147e-07,-0.0056296875
3.826147e-07,-0.0056282514
3.827147e-07,-0.0056102999
3.828147e-07,-0.0055837316
3.829147e-07,-0.0055607537
3.830147e-07,-0.0055499828
3.831147e-07,-0.0055521369
3.832147e-07,-0.0055621898
3.833147e-07,-0.0055722426
3.834147e-07,-0.0055743968
3.835147e-07,-0.0055679343
3.836147e-07,-0.0055564453
3.837147e-07,-0.0055492647
3.838147e-07,-0.0055514189
3.839147e-07,-0.005565062
3.840147e-07,-0.0055858858
3.841147e-07,-0.0056067096
3.842147e-07,-0.0056203527
3.843147e-07,-0.005623943
3.844147e-07,-0.0056174805
3.845147e-07,-0.0056067096
3.846147e-07,-0.0055952206
3.847147e-07,-0.0055858858
3.848147e-07,-0.0055787052
3.849147e-07,-0.0055722426
3.850147e-07,-0.0055664982
3.851147e-07,-0.0055607537
3.852147e-07,-0.0055585995
3.853147e-07,-0.0055607537
3.854147e-07,-0.0055664982
3.855147e-07,-0.0055729607
3.856147e-07,-0.005575833
3.857147e-07,-0.0055722426
3.858147e-07,-0.0055614717
3.859147e-07,-0.0055463925
3.860147e-07,-0.0055327493
3.861147e-07,-0.0055262868
3.862147e-07,-0.0055277229
3.863147e-07,-0.0055349035
3.864147e-07,-0.0055442383
3.865147e-07,-0.0055492647
3.866147e-07,-0.0055492647
3.867147e-07,-0.0055449563
3.868147e-07,-0.0055399299
3.869147e-07,-0.0055377757
3.870147e-07,-0.0055377757
3.871147e-07,-0.0055384938
3.872147e-07,-0.0055356216
3.873147e-07,-0.0055262868
3.874147e-07,-0.0055119256
3.875147e-07,-0.0054961282
3.876147e-07,-0.0054846392
3.877147e-07,-0.0054803309
3.878147e-07,-0.0054810489
3.879147e-07,-0.005481767
3.880147e-07,-0.0054753045
3.881147e-07,-0.0054573529
3.882147e-07,-0.0054293486
3.883147e-07,-0.00539919
3.884147e-07,-0.005375494
3.885147e-07,-0.0053654412
3.886147e-07,-0.0053704676
3.887147e-07,-0.0053841108
3.888147e-07,-0.0053970358
3.889147e-07,-0.0053999081
3.890147e-07,-0.0053898552
3.891147e-07,-0.0053711857
3.892147e-07,-0.0053525161
3.893147e-07,-0.0053424632
3.894147e-07,-0.0053453355
3.895147e-07,-0.0053582606
3.896147e-07,-0.0053719037
3.897147e-07,-0.0053769301
3.898147e-07,-0.0053690315
3.899147e-07,-0.0053503619
3.900147e-07,-0.0053302562
3.901147e-07,-0.0053194853
3.902147e-07,-0.0053245117
3.903147e-07,-0.0053453355
3.904147e-07,-0.005374776
3.905147e-07,-0.0053999081
3.906147e-07,-0.0054121151
3.907147e-07,-0.0054063706
3.908147e-07,-0.0053884191
3.909147e-07,-0.0053654412
3.910147e-07,-0.0053489258
3.911147e-07,-0.0053438994
3.912147e-07,-0.00535108
3.913147e-07,-0.0053654412
3.914147e-07,-0.0053798024
3.915147e-07,-0.0053891372
3.916147e-07,-0.0053912914
3.917147e-07,-0.0053884191
3.918147e-07,-0.0053848288
3.919147e-07,-0.0053848288
3.920147e-07,-0.0053898552
3.921147e-07,-0.0053999081
3.922147e-07,-0.0054121151
3.923147e-07,-0.0054236041
3.924147e-07,-0.0054315028
3.925147e-07,-0.005434375
3.926147e-07,-0.0054315028
3.927147e-07,-0.0054236041
3.928147e-07,-0.0054121151
3.929147e-07,-0.0053999081
3.930147e-07,-0.0053920094
3.931147e-07,-0.0053920094
3.932147e-07,-0.0054027803
3.933147e-07,-0.005422886
3.934147e-07,-0.0054487362
3.935147e-07,-0.0054724322
3.936147e-07,-0.0054882295
3.937147e-07,-0.0054918199
3.938147e-07,-0.0054846392
3.939147e-07,-0.0054724322
3.940147e-07,-0.0054616613
3.941147e-07,-0.0054573529
3.942147e-07,-0.0054616613
3.943147e-07,-0.005470278
3.944147e-07,-0.0054788948
3.945147e-07,-0.0054803309
3.946147e-07,-0.0054738683
3.947147e-07,-0.0054623794
3.948147e-07,-0.0054508904
3.949147e-07,-0.005445864
3.950147e-07,-0.0054494543
3.951147e-07,-0.0054602252
3.952147e-07,-0.0054724322
3.953147e-07,-0.0054803309
3.954147e-07,-0.0054803309
3.955147e-07,-0.0054724322
3.956147e-07,-0.0054587891
3.957147e-07,-0.005445864
3.958147e-07,-0.0054358111
3.959147e-07,-0.0054300666
3.960147e-07,-0.0054264763
3.961147e-07,-0.005422886
3.962147e-07,-0.0054178596
3.963147e-07,-0.0054113971
3.964147e-07,-0.0054049345
3.965147e-07,-0.0053999081
3.966147e-07,-0.0053963178
3.967147e-07,-0.0053934455
3.968147e-07,-0.0053912914
3.969147e-07,-0.0053884191
3.970147e-07,-0.005386983
3.971147e-07,-0.0053891372
3.972147e-07,-0.0053941636
3.973147e-07,-0.0053999081
3.974147e-07,-0.0054027803
3.975147e-07,-0.0053963178
3.976147e-07,-0.0053790843
3.977147e-07,-0.0053539522
3.978147e-07,-0.0053288201
3.979147e-07,-0.0053137408
3.980147e-07,-0.0053180492
3.981147e-07,-0.0053424632
3.982147e-07,-0.0053790843
3.983147e-07,-0.0054149874
3.984147e-07,-0.0054358111
3.985147e-07,-0.005434375
3.986147e-07,-0.0054121151
3.987147e-07,-0.0053798024
3.988147e-07,-0.0053525161
3.989147e-07,-0.0053424632
3.990147e-07,-0.005351798
3.991147e-07,-0.005374776
3.992147e-07,-0.005398472
3.993147e-07,-0.0054113971
3.994147e-07,-0.0054092429
3.995147e-07,-0.0053963178
3.996147e-07,-0.0053819566
3.997147e-07,-0.0053769301
3.998147e-07,-0.0053848288
3.999147e-07,-0.0054020623
4.000147e-07,-0.0054178596
4.001147e-07,-0.005422886
4.002147e-07,-0.005410679
4.003147e-07,-0.0053848288
4.004147e-07,-0.0053546703
4.005147e-07,-0.0053309743
4.006147e-07,-0.0053216395
4.007147e-07,-0.0053259478
4.008147e-07,-0.0053360007
4.009147e-07,-0.0053424632
4.010147e-07,-0.0053374368
4.011147e-07,-0.0053216395
4.012147e-07,-0.0053015338
4.013147e-07,-0.0052850184
4.014147e-07,-0.005279992
4.015147e-07,-0.0052886087
4.016147e-07,-0.005304406
4.017147e-07,-0.0053194853
4.018147e-07,-0.005327384
4.019147e-07,-0.0053259478
4.020147e-07,-0.0053173311
4.021147e-07,-0.0053079963
4.022147e-07,-0.005303688
4.023147e-07,-0.0053058421
4.024147e-07,-0.0053123047
4.025147e-07,-0.0053194853
4.026147e-07,-0.0053230756
4.027147e-07,-0.0053230756
4.028147e-07,-0.0053202034
4.029147e-07,-0.0053194853
4.030147e-07,-0.0053223575
4.031147e-07,-0.0053288201
4.032147e-07,-0.0053367188
4.033147e-07,-0.0053424632
4.034147e-07,-0.0053453355
4.035147e-07,-0.0053460535
4.036147e-07,-0.0053482077
4.037147e-07,-0.0053539522
4.038147e-07,-0.0053625689
4.039147e-07,-0.0053719037
4.040147e-07,-0.0053776482
4.041147e-07,-0.0053769301
4.042147e-07,-0.0053711857
4.043147e-07,-0.0053654412
4.044147e-07,-0.0053654412
4.045147e-07,-0.0053769301
4.046147e-07,-0.005398472
4.047147e-07,-0.0054250402
4.048147e-07,-0.005446582
4.049147e-07,-0.0054573529
4.050147e-07,-0.0054544807
4.051147e-07,-0.0054422737
4.052147e-07,-0.0054286305
4.053147e-07,-0.005422886
4.054147e-07,-0.0054279125
4.055147e-07,-0.0054422737
4.056147e-07,-0.005458071
4.057147e-07,-0.0054688419
4.058147e-07,-0.005470278
4.059147e-07,-0.0054645335
4.060147e-07,-0.005458071
4.061147e-07,-0.0054573529
4.062147e-07,-0.0054674058
4.063147e-07,-0.0054860754
4.064147e-07,-0.0055083352
4.065147e-07,-0.0055262868
4.066147e-07,-0.0055341854
4.067147e-07,-0.0055320312
4.068147e-07,-0.0055234145
4.069147e-07,-0.0055147978
4.070147e-07,-0.0055104894
4.071147e-07,-0.0055104894
4.072147e-07,-0.0055133617
4.073147e-07,-0.0055147978
4.074147e-07,-0.0055112075
4.075147e-07,-0.0055018727
4.076147e-07,-0.0054911018
4.077147e-07,-0.0054803309
4.078147e-07,-0.0054731503
4.079147e-07,-0.00546956
4.080147e-07,-0.0054688419
4.081147e-07,-0.0054688419
4.082147e-07,-0.005470278
4.083147e-07,-0.0054738683
4.084147e-07,-0.005481767
4.085147e-07,-0.0054918199
4.086147e-07,-0.0055011546
4.087147e-07,-0.0055025908
4.088147e-07,-0.0054925379
4.089147e-07,-0.0054688419
4.090147e-07,-0.0054372472
4.091147e-07,-0.0054063706
4.092147e-07,-0.0053884191
4.093147e-07,-0.0053884191
4.094147e-07,-0.0054063706
4.095147e-07,-0.0054336569
4.096147e-07,-0.0054573529
4.097147e-07,-0.0054688419
4.098147e-07,-0.0054630974
4.099147e-07,-0.005445864
4.100147e-07,-0.0054250402
4.101147e-07,-0.0054113971
4.102147e-07,-0.0054092429
4.103147e-07,-0.0054178596
4.104147e-07,-0.0054286305
4.105147e-07,-0.005434375
4.106147e-07,-0.0054307847
4.107147e-07,-0.0054192957
4.108147e-07,-0.0054070887
4.109147e-07,-0.0053999081
4.110147e-07,-0.0054027803
4.111147e-07,-0.0054128332
4.112147e-07,-0.0054257583
4.113147e-07,-0.005434375
4.114147e-07,-0.0054358111
4.115147e-07,-0.0054322208
4.116147e-07,-0.0054300666
4.117147e-07,-0.005434375
4.118147e-07,-0.0054487362
4.119147e-07,-0.00546956
4.120147e-07,-0.0054903837
4.121147e-07,-0.0055033088
4.122147e-07,-0.005505463
4.123147e-07,-0.0054975643
4.124147e-07,-0.0054867934
4.125147e-07,-0.0054803309
4.126147e-07,-0.0054824851
4.127147e-07,-0.0054925379
4.128147e-07,-0.005505463
4.129147e-07,-0.0055147978
4.130147e-07,-0.005516952
4.131147e-07,-0.0055133617
4.132147e-07,-0.0055068991
4.133147e-07,-0.0055033088
4.134147e-07,-0.0055068991
4.135147e-07,-0.0055162339
4.136147e-07,-0.0055277229
4.137147e-07,-0.0055377757
4.138147e-07,-0.0055435202
4.139147e-07,-0.0055449563
4.140147e-07,-0.0055463925
4.141147e-07,-0.0055492647
4.142147e-07,-0.0055550092
4.143147e-07,-0.0055614717
4.144147e-07,-0.0055636259
4.145147e-07,-0.0055607537
4.146147e-07,-0.005552855
4.147147e-07,-0.0055449563
4.148147e-07,-0.0055428022
4.149147e-07,-0.0055492647
4.150147e-07,-0.0055636259
4.151147e-07,-0.0055787052
4.152147e-07,-0.0055873219
4.153147e-07,-0.0055837316
4.154147e-07,-0.0055686523
4.155147e-07,-0.0055492647
4.156147e-07,-0.0055363396
4.157147e-07,-0.0055377757
4.158147e-07,-0.0055550092
4.159147e-07,-0.0055808594
4.160147e-07,-0.0056059915
4.161147e-07,-0.0056181985
4.162147e-07,-0.0056138902
4.163147e-07,-0.0055959386
4.164147e-07,-0.0055751149
4.165147e-07,-0.0055607537
4.166147e-07,-0.0055607537
4.167147e-07,-0.0055736788
4.168147e-07,-0.0055916303
4.169147e-07,-0.0056067096
4.170147e-07,-0.005611736
4.171147e-07,-0.0056067096
4.172147e-07,-0.0055988109
4.173147e-07,-0.0055952206
4.174147e-07,-0.0056024012
4.175147e-07,-0.0056196347
4.176147e-07,-0.0056390223
4.177147e-07,-0.0056526654
4.178147e-07,-0.0056512293
4.179147e-07,-0.0056339959
4.180147e-07,-0.0056045554
4.181147e-07,-0.0055722426
4.182147e-07,-0.0055463925
4.183147e-07,-0.0055327493
4.184147e-07,-0.0055313132
4.185147e-07,-0.0055377757
4.186147e-07,-0.0055463925
4.187147e-07,-0.0055521369
4.188147e-07,-0.005552855
4.189147e-07,-0.0055492647
4.190147e-07,-0.0055428022
4.191147e-07,-0.0055349035
4.192147e-07,-0.0055255687
4.193147e-07,-0.0055147978
4.194147e-07,-0.0055025908
4.195147e-07,-0.0054903837
4.196147e-07,-0.0054788948
4.197147e-07,-0.0054688419
4.198147e-07,-0.0054595071
4.199147e-07,-0.0054473001
4.200147e-07,-0.0054315028
4.201147e-07,-0.0054113971
4.202147e-07,-0.0053905733
4.203147e-07,-0.005374776
4.204147e-07,-0.0053697495
4.205147e-07,-0.0053769301
4.206147e-07,-0.0053948817
4.207147e-07,-0.0054157054
4.208147e-07,-0.0054307847
4.209147e-07,-0.005434375
4.210147e-07,-0.0054250402
4.211147e-07,-0.0054070887
4.212147e-07,-0.0053884191
4.213147e-07,-0.0053769301
4.214147e-07,-0.005375494
4.215147e-07,-0.0053819566
4.216147e-07,-0.0053920094
4.217147e-07,-0.0053999081
4.218147e-07,-0.0054027803
4.219147e-07,-0.0054027803
4.220147e-07,-0.0054049345
4.221147e-07,-0.0054113971
4.222147e-07,-0.0054243222
4.223147e-07,-0.0054394014
4.224147e-07,-0.0054516085
4.225147e-07,-0.0054573529
4.226147e-07,-0.0054566349
4.227147e-07,-0.0054537626
4.228147e-07,-0.0054559168
4.229147e-07,-0.0054688419
4.230147e-07,-0.0054925379
4.231147e-07,-0.0055219784
4.232147e-07,-0.0055471105
4.233147e-07,-0.0055607537
4.234147e-07,-0.0055593176
4.235147e-07,-0.0055478286
4.236147e-07,-0.0055334674
4.237147e-07,-0.0055262868
4.238147e-07,-0.0055320312
4.239147e-07,-0.0055478286
4.240147e-07,-0.0055686523
4.241147e-07,-0.0055837316
4.242147e-07,-0.0055873219
4.243147e-07,-0.0055787052
4.244147e-07,-0.0055636259
4.245147e-07,-0.0055492647
4.246147e-07,-0.0055428022
4.247147e-07,-0.0055471105
4.248147e-07,-0.0055585995
4.249147e-07,-0.0055722426
4.250147e-07,-0.0055815774
4.251147e-07,-0.0055844497
4.252147e-07,-0.0055801413
4.253147e-07,-0.0055722426
4.254147e-07,-0.0055636259
4.255147e-07,-0.0055571634
4.256147e-07,-0.0055521369
4.257147e-07,-0.0055492647
4.258147e-07,-0.0055478286
4.259147e-07,-0.0055485466
4.260147e-07,-0.005552855
4.261147e-07,-0.0055607537
4.262147e-07,-0.0055708065
4.263147e-07,-0.0055794233
4.264147e-07,-0.0055844497
4.265147e-07,-0.0055837316
4.266147e-07,-0.0055801413
4.267147e-07,-0.0055779871
4.268147e-07,-0.0055822955
4.269147e-07,-0.0055952206
4.270147e-07,-0.0056146082
4.271147e-07,-0.0056347139
4.272147e-07,-0.0056483571
4.273147e-07,-0.0056526654
4.274147e-07,-0.005647639
4.275147e-07,-0.0056390223
4.276147e-07,-0.0056347139
4.277147e-07,-0.0056411765
4.278147e-07,-0.0056584099
4.279147e-07,-0.0056821059
4.280147e-07,-0.0057058019
4.281147e-07,-0.0057215993
4.282147e-07,-0.0057280618
4.283147e-07,-0.0057287799
4.284147e-07,-0.0057287799
4.285147e-07,-0.0057330882
4.286147e-07,-0.0057431411
4.287147e-07,-0.0057553481
4.288147e-07,-0.005765401
4.289147e-07,-0.0057675551
4.290147e-07,-0.0057625287
4.291147e-07,-0.0057553481
4.292147e-07,-0.0057517578
4.293147e-07,-0.0057560662
4.294147e-07,-0.0057675551
4.295147e-07,-0.0057797622
4.296147e-07,-0.0057855067
4.297147e-07,-0.0057790441
4.298147e-07,-0.0057603745
4.299147e-07,-0.0057359605
4.300147e-07,-0.0057165728
4.301147e-07,-0.0057101103
4.302147e-07,-0.005718009
4.303147e-07,-0.0057352424
4.304147e-07,-0.0057503217
4.305147e-07,-0.0057560662
4.306147e-07,-0.0057481675
4.307147e-07,-0.0057309341
4.308147e-07,-0.0057151367
4.309147e-07,-0.0057101103
4.310147e-07,-0.0057201631
4.311147e-07,-0.005741705
4.312147e-07,-0.0057646829
4.313147e-07,-0.0057790441
4.314147e-07,-0.005777608
4.315147e-07,-0.0057610926
4.316147e-07,-0.0057388327
4.317147e-07,-0.0057215993
4.318147e-07,-0.005718009
4.319147e-07,-0.0057287799
4.320147e-07,-0.0057481675
4.321147e-07,-0.0057675551
4.322147e-07,-0.0057783261
4.323147e-07,-0.005777608
4.324147e-07,-0.0057682732
4.325147e-07,-0.0057560662
4.326147e-07,-0.0057481675
4.327147e-07,-0.0057460133
4.328147e-07,-0.0057503217
4.329147e-07,-0.0057560662
4.330147e-07,-0.0057610926
4.331147e-07,-0.0057646829
4.332147e-07,-0.0057697093
4.333147e-07,-0.0057790441
4.334147e-07,-0.0057948415
4.335147e-07,-0.005813511
4.336147e-07,-0.0058300264
4.337147e-07,-0.005836489
4.338147e-07,-0.0058300264
4.339147e-07,-0.0058113568
4.340147e-07,-0.0057876608
4.341147e-07,-0.0057675551
4.342147e-07,-0.0057582204
4.343147e-07,-0.0057610926
4.344147e-07,-0.0057740177
4.345147e-07,-0.0057905331
4.346147e-07,-0.0058027401
4.347147e-07,-0.0058063304
4.348147e-07,-0.0058005859
4.349147e-07,-0.0057905331
4.350147e-07,-0.0057797622
4.351147e-07,-0.0057718635
4.352147e-07,-0.0057682732
4.353147e-07,-0.0057675551
4.354147e-07,-0.0057682732
4.355147e-07,-0.0057682732
4.356147e-07,-0.0057682732
4.357147e-07,-0.0057675551
4.358147e-07,-0.0057668371
4.359147e-07,-0.005765401
4.360147e-07,-0.0057618107
4.361147e-07,-0.0057560662
4.362147e-07,-0.0057481675
4.363147e-07,-0.0057402688
4.364147e-07,-0.0057345244
4.365147e-07,-0.0057330882
4.366147e-07,-0.0057359605
4.367147e-07,-0.0057409869
4.368147e-07,-0.0057445772
4.369147e-07,-0.0057445772
4.370147e-07,-0.0057402688
4.371147e-07,-0.0057345244
4.372147e-07,-0.0057309341
4.373147e-07,-0.0057330882
4.374147e-07,-0.0057409869
4.375147e-07,-0.0057510398
4.376147e-07,-0.0057582204
4.377147e-07,-0.0057560662
4.378147e-07,-0.0057431411
4.379147e-07,-0.0057208812
4.380147e-07,-0.0056957491
4.381147e-07,-0.0056756434
4.382147e-07,-0.0056655905
4.383147e-07,-0.0056670267
4.384147e-07,-0.0056763614
4.385147e-07,-0.0056871324
4.386147e-07,-0.0056935949
4.387147e-07,-0.0056914407
4.388147e-07,-0.0056799517
4.389147e-07,-0.0056641544
4.390147e-07,-0.005647639
4.391147e-07,-0.005635432
4.392147e-07,-0.0056296875
4.393147e-07,-0.0056296875
4.394147e-07,-0.0056332778
4.395147e-07,-0.0056383042
4.396147e-07,-0.0056411765
4.397147e-07,-0.0056411765
4.398147e-07,-0.0056368681
4.399147e-07,-0.0056282514
4.400147e-07,-0.0056181985
4.401147e-07,-0.0056067096
4.402147e-07,-0.0055966567
4.403147e-07,-0.0055894761
4.404147e-07,-0.0055858858
4.405147e-07,-0.0055837316
4.406147e-07,-0.0055808594
4.407147e-07,-0.0055751149
4.408147e-07,-0.005564344
4.409147e-07,-0.0055492647
4.410147e-07,-0.0055327493
4.411147e-07,-0.0055183881
4.412147e-07,-0.0055083352
4.413147e-07,-0.0055033088
4.414147e-07,-0.0055004366
4.415147e-07,-0.0054968463
4.416147e-07,-0.0054896657
4.417147e-07,-0.0054803309
4.418147e-07,-0.0054709961
4.419147e-07,-0.0054666877
4.420147e-07,-0.00546956
4.421147e-07,-0.0054803309
4.422147e-07,-0.005493256
4.423147e-07,-0.0055004366
4.424147e-07,-0.0054968463
4.425147e-07,-0.0054803309
4.426147e-07,-0.0054559168
4.427147e-07,-0.0054329389
4.428147e-07,-0.0054200138
4.429147e-07,-0.005422886
4.430147e-07,-0.0054401195
4.431147e-07,-0.0054638155
4.432147e-07,-0.0054832031
4.433147e-07,-0.0054918199
4.434147e-07,-0.0054867934
4.435147e-07,-0.0054731503
4.436147e-07,-0.0054609432
4.437147e-07,-0.0054573529
4.438147e-07,-0.0054659697
4.439147e-07,-0.0054839212
4.440147e-07,-0.0055033088
4.441147e-07,-0.0055147978
4.442147e-07,-0.0055140797
4.443147e-07,-0.0055025908
4.444147e-07,-0.0054846392
4.445147e-07,-0.0054688419
4.446147e-07,-0.0054595071
4.447147e-07,-0.0054587891
4.448147e-07,-0.0054630974
4.449147e-07,-0.0054688419
4.450147e-07,-0.0054724322
4.451147e-07,-0.0054724322
4.452147e-07,-0.0054709961
4.453147e-07,-0.0054688419
4.454147e-07,-0.0054659697
4.455147e-07,-0.0054602252
4.456147e-07,-0.0054501723
4.457147e-07,-0.005434375
4.458147e-07,-0.0054178596
4.459147e-07,-0.0054063706
4.460147e-07,-0.0054070887
4.461147e-07,-0.005422886
4.462147e-07,-0.0054508904
4.463147e-07,-0.0054824851
4.464147e-07,-0.0055061811
4.465147e-07,-0.0055147978
4.466147e-07,-0.0055061811
4.467147e-07,-0.0054867934
4.468147e-07,-0.0054666877
4.469147e-07,-0.0054573529
4.470147e-07,-0.0054630974
4.471147e-07,-0.005481767
4.472147e-07,-0.0055061811
4.473147e-07,-0.0055262868
4.474147e-07,-0.0055363396
4.475147e-07,-0.0055363396
4.476147e-07,-0.0055313132
4.477147e-07,-0.0055262868
4.478147e-07,-0.0055262868
4.479147e-07,-0.0055313132
4.480147e-07,-0.0055363396
4.481147e-07,-0.0055377757
4.482147e-07,-0.0055327493
4.483147e-07,-0.0055219784
4.484147e-07,-0.0055104894
4.485147e-07,-0.0055033088
4.486147e-07,-0.0055018727
4.487147e-07,-0.0055040269
4.488147e-07,-0.0055061811
4.489147e-07,-0.0055033088
4.490147e-07,-0.0054954102
4.491147e-07,-0.0054853573
4.492147e-07,-0.0054788948
4.493147e-07,-0.0054803309
4.494147e-07,-0.0054896657
4.495147e-07,-0.0055033088
4.496147e-07,-0.0055133617
4.497147e-07,-0.0055147978
4.498147e-07,-0.005505463
4.499147e-07,-0.0054903837
4.500147e-07,-0.0054760225
4.501147e-07,-0.0054688419
4.502147e-07,-0.0054709961
4.503147e-07,-0.0054781767
4.504147e-07,-0.0054839212
4.505147e-07,-0.0054803309
4.506147e-07,-0.0054666877
4.507147e-07,-0.005446582
4.508147e-07,-0.0054293486
4.509147e-07,-0.005422886
4.510147e-07,-0.0054307847
4.511147e-07,-0.0054508904
4.512147e-07,-0.0054738683
4.513147e-07,-0.0054918199
4.514147e-07,-0.0054990005
4.515147e-07,-0.0054954102
4.516147e-07,-0.0054867934
4.517147e-07,-0.0054803309
4.518147e-07,-0.0054803309
4.519147e-07,-0.0054875115
4.520147e-07,-0.0054968463
4.521147e-07,-0.0055033088
4.522147e-07,-0.0055040269
4.523147e-07,-0.0055011546
4.524147e-07,-0.0054990005
4.525147e-07,-0.0055033088
4.526147e-07,-0.0055162339
4.527147e-07,-0.0055356216
4.528147e-07,-0.0055564453
4.529147e-07,-0.0055722426
4.530147e-07,-0.0055794233
4.531147e-07,-0.0055787052
4.532147e-07,-0.0055751149
4.533147e-07,-0.0055722426
4.534147e-07,-0.0055729607
4.535147e-07,-0.005575833
4.536147e-07,-0.005576551
4.537147e-07,-0.0055722426
4.538147e-07,-0.0055621898
4.539147e-07,-0.0055514189
4.540147e-07,-0.0055456744
4.541147e-07,-0.0055492647
4.542147e-07,-0.0055629079
4.543147e-07,-0.0055801413
4.544147e-07,-0.0055937845
4.545147e-07,-0.0055952206
4.546147e-07,-0.0055822955
4.547147e-07,-0.0055585995
4.548147e-07,-0.0055334674
4.549147e-07,-0.0055147978
4.550147e-07,-0.0055083352
4.551147e-07,-0.0055119256
4.552147e-07,-0.0055205423
4.553147e-07,-0.0055262868
4.554147e-07,-0.0055248506
4.555147e-07,-0.00551767
4.556147e-07,-0.0055083352
4.557147e-07,-0.0055033088
4.558147e-07,-0.005505463
4.559147e-07,-0.0055119256
4.560147e-07,-0.00551767
4.561147e-07,-0.0055147978
4.562147e-07,-0.0055004366
4.563147e-07,-0.0054760225
4.564147e-07,-0.0054480182
4.565147e-07,-0.005422886
4.566147e-07,-0.0054063706
4.567147e-07,-0.005398472
4.568147e-07,-0.0053941636
4.569147e-07,-0.0053884191
4.570147e-07,-0.0053769301
4.571147e-07,-0.0053611328
4.572147e-07,-0.0053438994
4.573147e-07,-0.0053309743
4.574147e-07,-0.0053259478
4.575147e-07,-0.0053266659
4.576147e-07,-0.0053302562
4.577147e-07,-0.0053309743
4.578147e-07,-0.0053245117
4.579147e-07,-0.0053101505
4.580147e-07,-0.005292199
4.581147e-07,-0.0052735294
4.582147e-07,-0.0052577321
4.583147e-07,-0.0052462431
4.584147e-07,-0.0052361903
4.585147e-07,-0.0052275735
4.586147e-07,-0.0052189568
4.587147e-07,-0.0052132123
4.588147e-07,-0.0052117762
4.589147e-07,-0.0052160846
4.590147e-07,-0.0052232652
4.591147e-07,-0.0052290097
4.592147e-07,-0.0052275735
4.593147e-07,-0.0052160846
4.594147e-07,-0.005197415
4.595147e-07,-0.0051780273
4.596147e-07,-0.0051672564
4.597147e-07,-0.0051701287
4.598147e-07,-0.0051873621
4.599147e-07,-0.0052146484
4.600147e-07,-0.0052419347
4.601147e-07,-0.0052620404
4.602147e-07,-0.0052728114
4.603147e-07,-0.0052778378
4.604147e-07,-0.0052835823
4.605147e-07,-0.0052965074
4.606147e-07,-0.0053187672
4.607147e-07,-0.0053467716
4.608147e-07,-0.0053719037
4.609147e-07,-0.0053884191
4.610147e-07,-0.0053920094
4.611147e-07,-0.005386983
4.612147e-07,-0.0053790843
4.613147e-07,-0.0053769301
4.614147e-07,-0.0053841108
4.615147e-07,-0.0053999081
4.616147e-07,-0.0054185777
4.617147e-07,-0.005434375
4.618147e-07,-0.0054437098
4.619147e-07,-0.0054473001
4.620147e-07,-0.0054508904
4.621147e-07,-0.0054573529
4.622147e-07,-0.0054688419
4.623147e-07,-0.0054839212
4.624147e-07,-0.0054961282
4.625147e-07,-0.0055033088
4.626147e-07,-0.0055040269
4.627147e-07,-0.0055025908
4.628147e-07,-0.0055047449
4.629147e-07,-0.0055147978
4.630147e-07,-0.0055327493
