LECROYHDO6104B,11090,Waveform
Segments,1,SegmentSize,5002
Segment,TrigTime,TimeSinceSegment1
#1,04-May-2026 18:22:44,0                 
Time,Ampl
-3.706241e-08,-0.0056526654
-3.696241e-08,-0.0056562557
-3.686241e-08,-0.0056526654
-3.676241e-08,-0.0056462029
-3.666241e-08,-0.0056411765
-3.656241e-08,-0.0056404584
-3.646241e-08,-0.0056440487
-3.636241e-08,-0.0056490751
-3.626241e-08,-0.0056526654
-3.616241e-08,-0.0056555377
-3.606241e-08,-0.005659846
-3.596241e-08,-0.005670617
-3.586241e-08,-0.0056871324
-3.576241e-08,-0.0057079561
-3.566241e-08,-0.0057266257
-3.556241e-08,-0.0057366785
-3.546241e-08,-0.0057330882
-3.536241e-08,-0.005718727
-3.526241e-08,-0.0057007755
-3.516241e-08,-0.0056885685
-3.506241e-08,-0.0056871324
-3.496241e-08,-0.0056971852
-3.486241e-08,-0.0057137006
-3.476241e-08,-0.0057273438
-3.466241e-08,-0.0057330882
-3.456241e-08,-0.005730216
-3.446241e-08,-0.0057244715
-3.436241e-08,-0.0057237534
-3.426241e-08,-0.0057330882
-3.416241e-08,-0.0057517578
-3.406241e-08,-0.0057718635
-3.396241e-08,-0.0057833525
-3.386241e-08,-0.0057790441
-3.376241e-08,-0.0057596565
-3.366241e-08,-0.0057323702
-3.356241e-08,-0.0057086742
-3.346241e-08,-0.0056986213
-3.336241e-08,-0.0057022116
-3.326241e-08,-0.0057144187
-3.316241e-08,-0.0057237534
-3.306241e-08,-0.0057215993
-3.296241e-08,-0.0057072381
-3.286241e-08,-0.0056878504
-3.276241e-08,-0.0056742073
-3.266241e-08,-0.0056756434
-3.256241e-08,-0.005694313
-3.246241e-08,-0.0057223173
-3.236241e-08,-0.0057467314
-3.226241e-08,-0.0057560662
-3.216241e-08,-0.0057474494
-3.206241e-08,-0.0057266257
-3.196241e-08,-0.00570652
-3.186241e-08,-0.0056986213
-3.176241e-08,-0.0057086742
-3.166241e-08,-0.0057316521
-3.156241e-08,-0.0057553481
-3.146241e-08,-0.0057675551
-3.136241e-08,-0.0057618107
-3.126241e-08,-0.0057409869
-3.116241e-08,-0.0057158548
-3.106241e-08,-0.0056986213
-3.096241e-08,-0.0056971852
-3.086241e-08,-0.0057108284
-3.076241e-08,-0.005730216
-3.066241e-08,-0.0057445772
-3.056241e-08,-0.0057474494
-3.046241e-08,-0.0057381147
-3.036241e-08,-0.0057230354
-3.026241e-08,-0.0057101103
-3.016241e-08,-0.0057036477
-3.006241e-08,-0.0057036477
-2.996241e-08,-0.0057036477
-2.986241e-08,-0.0056986213
-2.976241e-08,-0.0056864143
-2.966241e-08,-0.005671335
-2.956241e-08,-0.0056620002
-2.946241e-08,-0.0056641544
-2.936241e-08,-0.0056792337
-2.926241e-08,-0.0057007755
-2.916241e-08,-0.005718727
-2.906241e-08,-0.0057215993
-2.896241e-08,-0.0057079561
-2.886241e-08,-0.0056821059
-2.876241e-08,-0.0056562557
-2.866241e-08,-0.0056411765
-2.856241e-08,-0.0056426126
-2.846241e-08,-0.0056555377
-2.836241e-08,-0.005670617
-2.826241e-08,-0.0056756434
-2.816241e-08,-0.0056655905
-2.806241e-08,-0.0056433307
-2.796241e-08,-0.0056196347
-2.786241e-08,-0.0056067096
-2.776241e-08,-0.0056110179
-2.766241e-08,-0.0056304056
-2.756241e-08,-0.0056562557
-2.746241e-08,-0.0056756434
-2.736241e-08,-0.0056806698
-2.726241e-08,-0.005671335
-2.716241e-08,-0.0056548196
-2.706241e-08,-0.0056411765
-2.696241e-08,-0.0056375862
-2.686241e-08,-0.0056454848
-2.676241e-08,-0.0056569738
-2.666241e-08,-0.0056641544
-2.656241e-08,-0.005659846
-2.646241e-08,-0.0056433307
-2.636241e-08,-0.0056225069
-2.626241e-08,-0.0056067096
-2.616241e-08,-0.0056031193
-2.606241e-08,-0.0056138902
-2.596241e-08,-0.0056332778
-2.586241e-08,-0.0056526654
-2.576241e-08,-0.0056627183
-2.566241e-08,-0.0056605641
-2.556241e-08,-0.005647639
-2.546241e-08,-0.0056296875
-2.536241e-08,-0.005612454
-2.526241e-08,-0.005600247
-2.516241e-08,-0.0055909122
-2.506241e-08,-0.0055837316
-2.496241e-08,-0.005576551
-2.486241e-08,-0.0055700885
-2.476241e-08,-0.0055672162
-2.466241e-08,-0.0055722426
-2.456241e-08,-0.0055858858
-2.446241e-08,-0.0056052734
-2.436241e-08,-0.0056253791
-2.426241e-08,-0.0056411765
-2.416241e-08,-0.0056483571
-2.406241e-08,-0.0056483571
-2.396241e-08,-0.0056447668
-2.386241e-08,-0.0056411765
-2.376241e-08,-0.0056404584
-2.366241e-08,-0.0056404584
-2.356241e-08,-0.0056375862
-2.346241e-08,-0.0056296875
-2.336241e-08,-0.0056160443
-2.326241e-08,-0.0056016831
-2.316241e-08,-0.0055930664
-2.306241e-08,-0.0055952206
-2.296241e-08,-0.0056095818
-2.286241e-08,-0.0056311236
-2.276241e-08,-0.0056519474
-2.266241e-08,-0.0056641544
-2.256241e-08,-0.0056627183
-2.246241e-08,-0.0056505113
-2.236241e-08,-0.0056325597
-2.226241e-08,-0.0056181985
-2.216241e-08,-0.005612454
-2.206241e-08,-0.0056174805
-2.196241e-08,-0.0056282514
-2.186241e-08,-0.0056411765
-2.176241e-08,-0.0056505113
-2.166241e-08,-0.0056548196
-2.156241e-08,-0.0056548196
-2.146241e-08,-0.0056526654
-2.136241e-08,-0.0056490751
-2.126241e-08,-0.0056433307
-2.116241e-08,-0.0056332778
-2.106241e-08,-0.0056181985
-2.096241e-08,-0.0055988109
-2.086241e-08,-0.0055801413
-2.076241e-08,-0.0055664982
-2.066241e-08,-0.0055607537
-2.056241e-08,-0.0055629079
-2.046241e-08,-0.0055686523
-2.036241e-08,-0.0055729607
-2.026241e-08,-0.0055722426
-2.016241e-08,-0.0055664982
-2.006241e-08,-0.0055600356
-1.996241e-08,-0.0055571634
-1.986241e-08,-0.0055607537
-1.976241e-08,-0.0055679343
-1.966241e-08,-0.0055722426
-1.956241e-08,-0.0055672162
-1.946241e-08,-0.0055492647
-1.936241e-08,-0.0055205423
-1.926241e-08,-0.0054903837
-1.916241e-08,-0.0054666877
-1.906241e-08,-0.0054573529
-1.896241e-08,-0.0054616613
-1.886241e-08,-0.0054709961
-1.876241e-08,-0.0054767406
-1.866241e-08,-0.0054688419
-1.856241e-08,-0.0054473001
-1.846241e-08,-0.0054171415
-1.836241e-08,-0.0053905733
-1.826241e-08,-0.0053769301
-1.816241e-08,-0.0053798024
-1.806241e-08,-0.0053941636
-1.796241e-08,-0.0054121151
-1.786241e-08,-0.005422886
-1.776241e-08,-0.005422168
-1.766241e-08,-0.0054113971
-1.756241e-08,-0.0053977539
-1.746241e-08,-0.0053884191
-1.736241e-08,-0.0053884191
-1.726241e-08,-0.0053955997
-1.716241e-08,-0.0054049345
-1.706241e-08,-0.0054113971
-1.696241e-08,-0.0054135512
-1.686241e-08,-0.0054128332
-1.676241e-08,-0.0054149874
-1.666241e-08,-0.005422886
-1.656241e-08,-0.0054358111
-1.646241e-08,-0.0054480182
-1.636241e-08,-0.0054530446
-1.626241e-08,-0.005445864
-1.616241e-08,-0.0054293486
-1.606241e-08,-0.005410679
-1.596241e-08,-0.005398472
-1.586241e-08,-0.0053999081
-1.576241e-08,-0.0054128332
-1.566241e-08,-0.0054293486
-1.556241e-08,-0.0054386834
-1.546241e-08,-0.005434375
-1.536241e-08,-0.0054164235
-1.526241e-08,-0.0053941636
-1.516241e-08,-0.0053783663
-1.506241e-08,-0.0053769301
-1.496241e-08,-0.0053898552
-1.486241e-08,-0.0054078068
-1.476241e-08,-0.0054178596
-1.466241e-08,-0.0054113971
-1.456241e-08,-0.0053884191
-1.446241e-08,-0.0053582606
-1.436241e-08,-0.0053352826
-1.426241e-08,-0.0053309743
-1.416241e-08,-0.0053460535
-1.406241e-08,-0.0053711857
-1.396241e-08,-0.0053898552
-1.386241e-08,-0.0053884191
-1.376241e-08,-0.005363287
-1.366241e-08,-0.0053223575
-1.356241e-08,-0.0052828642
-1.346241e-08,-0.0052620404
-1.336241e-08,-0.0052670669
-1.326241e-08,-0.005292917
-1.316241e-08,-0.0053237937
-1.306241e-08,-0.0053424632
-1.296241e-08,-0.0053381549
-1.286241e-08,-0.0053108686
-1.276241e-08,-0.0052728114
-1.266241e-08,-0.0052390625
-1.256241e-08,-0.005221829
-1.246241e-08,-0.0052232652
-1.236241e-08,-0.0052369083
-1.226241e-08,-0.0052505515
-1.216241e-08,-0.0052548598
-1.206241e-08,-0.0052462431
-1.196241e-08,-0.0052311638
-1.186241e-08,-0.0052160846
-1.176241e-08,-0.0052081859
-1.166241e-08,-0.005208904
-1.156241e-08,-0.0052139304
-1.146241e-08,-0.0052160846
-1.136241e-08,-0.0052124943
-1.126241e-08,-0.0052045956
-1.116241e-08,-0.0051995692
-1.106241e-08,-0.0052045956
-1.096241e-08,-0.0052225471
-1.086241e-08,-0.0052512695
-1.076241e-08,-0.0052828642
-1.066241e-08,-0.0053079963
-1.056241e-08,-0.0053230756
-1.046241e-08,-0.005328102
-1.036241e-08,-0.0053288201
-1.026241e-08,-0.0053309743
-1.016241e-08,-0.0053374368
-1.006241e-08,-0.0053446174
-9.962412e-09,-0.0053482077
-9.862412e-09,-0.0053424632
-9.762412e-09,-0.0053288201
-9.662412e-09,-0.0053144589
-9.562412e-09,-0.0053094324
-9.462412e-09,-0.0053194853
-9.362412e-09,-0.0053453355
-9.262412e-09,-0.0053783663
-9.162412e-09,-0.0054042165
-9.062412e-09,-0.0054113971
-8.962412e-09,-0.0053970358
-8.862412e-09,-0.0053668773
-8.762412e-09,-0.0053367188
-8.662412e-09,-0.0053194853
-8.562412e-09,-0.0053230756
-8.462412e-09,-0.0053446174
-8.362412e-09,-0.0053711857
-8.262412e-09,-0.0053884191
-8.162412e-09,-0.005386983
-8.062412e-09,-0.0053661592
-7.962412e-09,-0.0053352826
-7.862412e-09,-0.0053079963
-7.762412e-09,-0.0052950712
-7.662412e-09,-0.0052986615
-7.562412e-09,-0.0053144589
-7.462412e-09,-0.0053309743
-7.362412e-09,-0.0053388729
-7.262412e-09,-0.0053352826
-7.162412e-09,-0.0053223575
-7.062412e-09,-0.0053079963
-6.962412e-09,-0.0053000977
-6.862412e-09,-0.0053008157
-6.762412e-09,-0.0053094324
-6.662412e-09,-0.0053194853
-6.562412e-09,-0.0053266659
-6.462412e-09,-0.0053295381
-6.362412e-09,-0.0053295381
-6.262412e-09,-0.0053309743
-6.162412e-09,-0.0053352826
-6.062412e-09,-0.0053417452
-5.962412e-09,-0.0053453355
-5.862412e-09,-0.0053424632
-5.762412e-09,-0.0053302562
-5.662412e-09,-0.0053115866
-5.562412e-09,-0.0052907629
-5.462412e-09,-0.0052735294
-5.362412e-09,-0.0052627585
-5.262412e-09,-0.0052555779
-5.162412e-09,-0.0052462431
-5.062412e-09,-0.0052275735
-4.962412e-09,-0.0051952608
-4.862412e-09,-0.005150741
-4.762412e-09,-0.0050983226
-4.662412e-09,-0.00504375
-4.562412e-09,-0.0049906135
-4.462412e-09,-0.0049381951
-4.362412e-09,-0.0048814683
-4.262412e-09,-0.0048139706
-4.162412e-09,-0.0047313936
-4.062412e-09,-0.0046344554
-3.962412e-09,-0.0045267463
-3.862412e-09,-0.0044118566
-3.762412e-09,-0.0042926585
-3.662412e-09,-0.004167716
-3.562412e-09,-0.0040327206
-3.462412e-09,-0.003883364
-3.362412e-09,-0.003717492
-3.262412e-09,-0.0035379768
-3.162412e-09,-0.0033498449
-3.062412e-09,-0.0031595588
-2.962412e-09,-0.0029692727
-2.862412e-09,-0.0027775506
-2.762412e-09,-0.0025786477
-2.662412e-09,-0.0023668199
-2.562412e-09,-0.0021370404
-2.462412e-09,-0.0018893095
-2.362412e-09,-0.0016264993
-2.262412e-09,-0.0013557904
-2.162412e-09,-0.0010814913
-2.062412e-09,-0.00080791016
-1.962412e-09,-0.0005350471
-1.862412e-09,-0.00026433824
-1.762412e-09,5.6525735e-06
-1.662412e-09,0.00027420726
-1.562412e-09,0.00054348001
-1.462412e-09,0.000815625
-1.362412e-09,0.0010949506
-1.262412e-09,0.0013850471
-1.162412e-09,0.0016873506
-1.062412e-09,0.001998989
-9.624122e-10,0.0023106273
-8.624122e-10,0.0026107767
-7.624122e-10,0.0028908203
-6.624122e-10,0.003147886
-5.624122e-10,0.0033870002
-4.624122e-10,0.0036189338
-3.624122e-10,0.0038551758
-2.624122e-10,0.0041014706
-1.624122e-10,0.0043556641
-6.241217e-11,0.0046091395
3.758783e-11,0.0048489717
1.375878e-10,0.0050665441
2.375878e-10,0.0052625747
3.375878e-10,0.005443526
4.375878e-10,0.0056208869
5.375878e-10,0.0058018382
6.375878e-10,0.0059863798
7.375878e-10,0.0061666131
8.375878e-10,0.0063303309
9.375878e-10,0.0064681985
1.037588e-09,0.0065780618
1.137588e-09,0.0066678194
1.237588e-09,0.0067503964
1.337588e-09,0.0068358456
1.437588e-09,0.0069291935
1.537588e-09,0.0070261317
1.637588e-09,0.0071173254
1.737588e-09,0.0071920037
1.837588e-09,0.0072480124
1.937588e-09,0.0072889419
2.037588e-09,0.0073248449
2.137588e-09,0.0073643382
2.237588e-09,0.0074095761
2.337588e-09,0.00745625
2.437588e-09,0.0074935892
2.537588e-09,0.0075136949
2.637588e-09,0.0075144129
2.737588e-09,0.0075022059
2.837588e-09,0.0074907169
2.937588e-09,0.0074907169
3.037588e-09,0.0075072323
3.137588e-09,0.0075352367
3.237588e-09,0.0075646772
3.337588e-09,0.0075826287
3.437588e-09,0.0075840648
3.537588e-09,0.0075718578
3.637588e-09,0.0075560604
3.737588e-09,0.0075481618
3.837588e-09,0.0075531882
3.937588e-09,0.0075689855
4.037588e-09,0.007586219
4.137588e-09,0.0075941176
4.237588e-09,0.007586219
4.337588e-09,0.0075661133
4.437588e-09,0.0075416992
4.537588e-09,0.0075251838
4.637588e-09,0.0075237477
4.737588e-09,0.0075373909
4.837588e-09,0.0075603688
4.937588e-09,0.0075826287
5.037588e-09,0.007598426
5.137588e-09,0.0076063247
5.237588e-09,0.0076113511
5.337588e-09,0.0076170956
5.437588e-09,0.0076271484
5.537588e-09,0.0076400735
5.637588e-09,0.0076494083
5.737588e-09,0.0076515625
5.837588e-09,0.007645818
5.937588e-09,0.0076372013
6.037588e-09,0.007633611
6.137588e-09,0.0076400735
6.237588e-09,0.007658025
6.337588e-09,0.007681003
6.437588e-09,0.0077003906
6.537588e-09,0.0077090074
6.637588e-09,0.007704699
6.737588e-09,0.0076939281
6.837588e-09,0.0076853114
6.937588e-09,0.0076860294
7.037588e-09,0.0076968003
7.137588e-09,0.0077104435
7.237588e-09,0.0077176241
7.337588e-09,0.0077090074
7.437588e-09,0.0076853114
7.537588e-09,0.0076537167
7.637588e-09,0.0076271484
7.737588e-09,0.0076170956
7.837588e-09,0.0076264304
7.937588e-09,0.0076486903
8.037588e-09,0.0076723863
8.137588e-09,0.0076860294
8.237588e-09,0.0076838752
8.337588e-09,0.0076709501
8.437588e-09,0.007657307
8.537588e-09,0.0076515625
8.637588e-09,0.0076587431
8.737588e-09,0.0076731043
8.837588e-09,0.0076853114
8.937588e-09,0.0076860294
9.037588e-09,0.0076723863
9.137588e-09,0.0076486903
9.237588e-09,0.0076271484
9.337588e-09,0.0076170956
9.437588e-09,0.007622122
9.537588e-09,0.0076379193
9.637588e-09,0.0076544347
9.737588e-09,0.0076630515
9.837588e-09,0.0076601792
9.937588e-09,0.0076515625
1.003759e-08,0.0076465361
1.013759e-08,0.0076515625
1.023759e-08,0.0076680779
1.033759e-08,0.0076889017
1.043759e-08,0.0077018267
1.053759e-08,0.0076975184
1.063759e-08,0.0076745404
1.073759e-08,0.0076429458
1.083759e-08,0.0076156595
1.093759e-08,0.0076056066
1.103759e-08,0.0076163775
1.113759e-08,0.0076407916
1.123759e-08,0.0076644876
1.133759e-08,0.0076745404
1.143759e-08,0.0076666418
1.153759e-08,0.007645818
1.163759e-08,0.0076257123
1.173759e-08,0.0076170956
1.183759e-08,0.0076257123
1.193759e-08,0.0076443819
1.203759e-08,0.0076616153
1.213759e-08,0.0076630515
1.223759e-08,0.0076443819
1.233759e-08,0.0076120692
1.243759e-08,0.0075790384
1.253759e-08,0.0075596507
1.263759e-08,0.0075610869
1.273759e-08,0.0075797564
1.283759e-08,0.0076027344
1.293759e-08,0.0076170956
1.303759e-08,0.0076149414
1.313759e-08,0.0075991441
1.323759e-08,0.0075811926
1.333759e-08,0.0075711397
1.343759e-08,0.0075761661
1.353759e-08,0.0075933996
1.363759e-08,0.007610633
1.373759e-08,0.0076170956
1.383759e-08,0.0076063247
1.393759e-08,0.0075819106
1.403759e-08,0.0075546243
1.413759e-08,0.0075366728
1.423759e-08,0.0075352367
1.433759e-08,0.0075488798
1.443759e-08,0.0075682675
1.453759e-08,0.0075826287
1.463759e-08,0.007586219
1.473759e-08,0.0075797564
1.483759e-08,0.0075718578
1.493759e-08,0.0075711397
1.503759e-08,0.0075811926
1.513759e-08,0.0075998621
1.523759e-08,0.0076185317
1.533759e-08,0.0076285846
1.543759e-08,0.0076285846
1.553759e-08,0.0076228401
1.563759e-08,0.0076199678
1.573759e-08,0.0076285846
1.583759e-08,0.0076486903
1.593759e-08,0.0076745404
1.603759e-08,0.0076939281
1.613759e-08,0.0076975184
1.623759e-08,0.0076845933
1.633759e-08,0.0076623334
1.643759e-08,0.0076443819
1.653759e-08,0.0076400735
1.663759e-08,0.0076529986
1.673759e-08,0.0076752585
1.683759e-08,0.0076939281
1.693759e-08,0.0076975184
1.703759e-08,0.0076831572
1.713759e-08,0.007658025
1.723759e-08,0.0076357652
1.733759e-08,0.0076285846
1.743759e-08,0.0076400735
1.753759e-08,0.0076637695
1.763759e-08,0.0076831572
1.773759e-08,0.0076860294
1.783759e-08,0.0076666418
1.793759e-08,0.0076314568
1.803759e-08,0.0075948357
1.813759e-08,0.0075711397
1.823759e-08,0.0075675494
1.833759e-08,0.0075790384
1.843759e-08,0.0075926815
1.853759e-08,0.0075941176
1.863759e-08,0.0075761661
1.873759e-08,0.0075431353
1.883759e-08,0.0075057962
1.893759e-08,0.0074792279
1.903759e-08,0.0074713293
1.913759e-08,0.0074792279
1.923759e-08,0.0074935892
1.933759e-08,0.0075022059
1.943759e-08,0.0074978975
1.953759e-08,0.0074813821
1.963759e-08,0.0074605584
1.973759e-08,0.007444761
1.983759e-08,0.0074382985
1.993759e-08,0.0074375804
2.003759e-08,0.0074347082
2.013759e-08,0.0074217831
2.023759e-08,0.007397369
2.033759e-08,0.0073672105
2.043759e-08,0.0073420784
2.053759e-08,0.0073298713
2.063759e-08,0.0073327436
2.073759e-08,0.0073435145
2.083759e-08,0.007349977
2.093759e-08,0.0073413603
2.103759e-08,0.0073169462
2.113759e-08,0.0072853516
2.123759e-08,0.0072587833
2.133759e-08,0.0072494485
2.143759e-08,0.0072580653
2.153759e-08,0.0072767348
2.163759e-08,0.0072896599
2.173759e-08,0.0072839154
2.183759e-08,0.0072566291
2.193759e-08,0.0072156997
2.203759e-08,0.0071776425
2.213759e-08,0.0071575368
2.223759e-08,0.007160409
2.233759e-08,0.0071812328
2.243759e-08,0.0072042107
2.253759e-08,0.0072149816
2.263759e-08,0.0072063649
2.273759e-08,0.0071819508
2.283759e-08,0.0071539465
2.293759e-08,0.0071345588
2.303759e-08,0.0071295324
2.313759e-08,0.0071352769
2.323759e-08,0.0071403033
2.333759e-08,0.0071345588
2.343759e-08,0.0071144531
2.353759e-08,0.0070864488
2.363759e-08,0.0070627528
2.373759e-08,0.007054136
2.383759e-08,0.0070627528
2.393759e-08,0.0070799862
2.403759e-08,0.0070929113
2.413759e-08,0.0070886029
2.423759e-08,0.0070634708
2.433759e-08,0.0070268497
2.443759e-08,0.0069923828
2.453759e-08,0.0069737132
2.463759e-08,0.0069751494
2.473759e-08,0.0069895106
2.483759e-08,0.0070009995
2.493759e-08,0.0069966912
2.503759e-08,0.0069715591
2.513759e-08,0.0069335018
2.523759e-08,0.0068990349
2.533759e-08,0.0068818015
2.543759e-08,0.006887546
2.553759e-08,0.0069090878
2.563759e-08,0.0069313477
2.573759e-08,0.0069392463
2.583759e-08,0.0069270393
2.593759e-08,0.0069019072
2.603759e-08,0.0068782112
2.613759e-08,0.0068703125
2.623759e-08,0.0068839557
2.633759e-08,0.0069105239
2.643759e-08,0.006934938
2.653759e-08,0.0069392463
2.663759e-08,0.0069177045
2.673759e-08,0.006876057
2.683759e-08,0.0068315372
2.693759e-08,0.0068013787
2.703759e-08,0.0067956342
2.713759e-08,0.0068107135
2.723759e-08,0.0068336914
2.733759e-08,0.0068473346
2.743759e-08,0.0068423081
2.753759e-08,0.0068193302
2.763759e-08,0.0067898897
2.773759e-08,0.0067669118
2.783759e-08,0.006757577
2.793759e-08,0.0067590131
2.803759e-08,0.0067618853
2.813759e-08,0.0067554228
2.823759e-08,0.006734599
2.833759e-08,0.0067051585
2.843759e-08,0.0066771542
2.853759e-08,0.006663511
2.863759e-08,0.0066671013
2.873759e-08,0.0066821806
2.883759e-08,0.0066965418
2.893759e-08,0.0066979779
2.903759e-08,0.0066821806
2.913759e-08,0.0066548943
2.923759e-08,0.0066290441
2.933759e-08,0.0066175551
2.943759e-08,0.0066232996
2.953759e-08,0.0066383789
2.963759e-08,0.0066484318
2.973759e-08,0.0066405331
2.983759e-08,0.0066096565
2.993759e-08,0.0065644187
3.003759e-08,0.0065198989
3.013759e-08,0.0064911765
3.023759e-08,0.006485432
3.033759e-08,0.0064962029
3.043759e-08,0.0065105641
3.053759e-08,0.0065141544
3.063759e-08,0.0065005113
3.073759e-08,0.0064746611
3.083759e-08,0.0064516831
3.093759e-08,0.0064452206
3.103759e-08,0.0064602999
3.113759e-08,0.0064890223
3.123759e-08,0.0065163086
3.133759e-08,0.0065256434
3.143759e-08,0.006509128
3.153759e-08,0.0064717888
3.163759e-08,0.0064287052
3.173759e-08,0.0063992647
3.183759e-08,0.0063928022
3.193759e-08,0.0064071634
3.203759e-08,0.0064301413
3.213759e-08,0.0064452206
3.223759e-08,0.0064430664
3.233759e-08,0.0064236788
3.243759e-08,0.0063971105
3.253759e-08,0.0063762868
3.263759e-08,0.0063698242
3.273759e-08,0.0063748506
3.283759e-08,0.0063813132
3.293759e-08,0.0063762868
3.303759e-08,0.0063525908
3.313759e-08,0.0063138155
3.323759e-08,0.0062714499
3.333759e-08,0.0062384191
3.343759e-08,0.006224776
3.353759e-08,0.0062276482
3.363759e-08,0.006236983
3.373759e-08,0.0062384191
3.383759e-08,0.0062240579
3.393759e-08,0.0061946174
3.403759e-08,0.0061601505
3.413759e-08,0.0061350184
3.423759e-08,0.0061278378
3.433759e-08,0.0061386087
3.443759e-08,0.0061572783
3.453759e-08,0.0061694853
3.463759e-08,0.0061644589
3.473759e-08,0.0061414809
3.483759e-08,0.0061077321
3.493759e-08,0.0060775735
3.503759e-08,0.0060617762
3.513759e-08,0.0060653665
3.523759e-08,0.0060818819
3.533759e-08,0.0061005515
3.543759e-08,0.0061113224
3.553759e-08,0.0061091682
3.563759e-08,0.006095525
3.573759e-08,0.0060775735
3.583759e-08,0.0060624943
3.593759e-08,0.0060538775
3.603759e-08,0.0060488511
3.613759e-08,0.0060431066
3.623759e-08,0.0060330538
3.633759e-08,0.0060179745
3.643759e-08,0.0060043313
3.653759e-08,0.0059971507
3.663759e-08,0.0060021772
3.673759e-08,0.0060179745
3.683759e-08,0.0060387983
3.693759e-08,0.0060545956
3.703759e-08,0.0060581859
3.713759e-08,0.006047415
3.723759e-08,0.006024437
3.733759e-08,0.0059971507
3.743759e-08,0.0059727367
3.753759e-08,0.0059547852
3.763759e-08,0.0059454504
3.773759e-08,0.0059397059
3.783759e-08,0.0059353975
3.793759e-08,0.005928935
3.803759e-08,0.0059224724
3.813759e-08,0.0059167279
3.823759e-08,0.0059131376
3.833759e-08,0.0059109835
3.843759e-08,0.0059095473
3.853759e-08,0.005905239
3.863759e-08,0.0058980584
3.873759e-08,0.0058887236
3.883759e-08,0.0058793888
3.893759e-08,0.0058707721
3.903759e-08,0.0058628734
3.913759e-08,0.0058528205
3.923759e-08,0.0058370232
3.933759e-08,0.0058133272
3.943759e-08,0.0057838867
3.953759e-08,0.005752292
3.963759e-08,0.0057264419
3.973759e-08,0.0057099265
3.983759e-08,0.0057027459
3.993759e-08,0.0057005917
4.003759e-08,0.0056970014
4.013759e-08,0.0056869485
4.023759e-08,0.005668997
4.033759e-08,0.0056467371
4.043759e-08,0.0056273495
4.053759e-08,0.0056180147
4.063759e-08,0.0056201689
4.073759e-08,0.0056295037
4.083759e-08,0.0056395565
4.093759e-08,0.0056409926
4.103759e-08,0.0056302217
4.113759e-08,0.005609398
4.123759e-08,0.0055835478
4.133759e-08,0.0055605699
4.143759e-08,0.0055462086
4.153759e-08,0.0055411822
4.163759e-08,0.0055404642
4.173759e-08,0.0055375919
4.183759e-08,0.0055275391
4.193759e-08,0.0055095875
4.203759e-08,0.0054844554
4.213759e-08,0.0054571691
4.223759e-08,0.0054327551
4.233759e-08,0.0054133674
4.243759e-08,0.0053990062
4.253759e-08,0.0053882353
4.263759e-08,0.0053796186
4.273759e-08,0.0053738741
4.283759e-08,0.0053688477
4.293759e-08,0.0053652574
4.303759e-08,0.0053602309
4.313759e-08,0.0053508961
4.323759e-08,0.0053336627
4.333759e-08,0.0053078125
4.343759e-08,0.0052762178
4.353759e-08,0.0052446232
4.363759e-08,0.005218773
4.373759e-08,0.0052044118
4.383759e-08,0.0051993853
4.393759e-08,0.0051986673
4.403759e-08,0.005195077
4.413759e-08,0.0051814338
4.423759e-08,0.0051563017
4.433759e-08,0.005123989
4.443759e-08,0.0050916762
4.453759e-08,0.0050665441
4.463759e-08,0.0050521829
4.473759e-08,0.0050464384
4.483759e-08,0.0050457204
4.493759e-08,0.0050435662
4.503759e-08,0.0050371036
4.513759e-08,0.0050263327
4.523759e-08,0.0050155618
4.533759e-08,0.0050090993
4.543759e-08,0.0050069451
4.553759e-08,0.005006227
4.563759e-08,0.0050004825
4.573759e-08,0.0049861213
4.583759e-08,0.0049609892
4.593759e-08,0.0049301126
4.603759e-08,0.0049013902
4.613759e-08,0.0048827206
4.623759e-08,0.0048791303
4.633759e-08,0.0048884651
4.643759e-08,0.0049042624
4.653759e-08,0.0049171875
4.663759e-08,0.0049207778
4.673759e-08,0.0049135972
4.683759e-08,0.0048985179
4.693759e-08,0.0048827206
4.703759e-08,0.0048726677
4.713759e-08,0.0048712316
4.723759e-08,0.00487554
4.733759e-08,0.0048827206
4.743759e-08,0.0048863109
4.753759e-08,0.0048834386
4.763759e-08,0.0048733858
4.773759e-08,0.0048597426
4.783759e-08,0.0048453814
4.793759e-08,0.0048324563
4.803759e-08,0.0048216854
4.813759e-08,0.0048137868
4.823759e-08,0.0048073242
4.833759e-08,0.0048015797
4.843759e-08,0.0047965533
4.853759e-08,0.0047908088
4.863759e-08,0.0047836282
4.873759e-08,0.0047721392
4.883759e-08,0.0047549058
4.893759e-08,0.004733364
4.903759e-08,0.004709668
4.913759e-08,0.0046874081
4.923759e-08,0.0046716108
4.933759e-08,0.0046644301
4.943759e-08,0.004662994
4.953759e-08,0.004662276
4.963759e-08,0.0046565315
4.973759e-08,0.0046414522
4.983759e-08,0.0046170381
4.993759e-08,0.0045875977
5.003759e-08,0.0045595933
5.013759e-08,0.0045380515
5.023759e-08,0.0045244083
5.033759e-08,0.0045157916
5.043759e-08,0.0045071749
5.053759e-08,0.0044920956
5.063759e-08,0.0044705538
5.073759e-08,0.0044454216
5.083759e-08,0.0044238798
5.093759e-08,0.0044116728
5.103759e-08,0.0044116728
5.113759e-08,0.0044217256
5.123759e-08,0.0044360869
5.133759e-08,0.0044461397
5.143759e-08,0.0044475758
5.153759e-08,0.0044403952
5.163759e-08,0.004426034
5.173759e-08,0.0044116728
5.183759e-08,0.0044001838
5.193759e-08,0.0043937213
5.203759e-08,0.004390849
5.213759e-08,0.0043886949
5.223759e-08,0.0043843865
5.233759e-08,0.004378642
5.243759e-08,0.0043714614
5.253759e-08,0.0043657169
5.263759e-08,0.0043614085
5.273759e-08,0.0043571002
5.283759e-08,0.0043513557
5.293759e-08,0.004342739
5.303759e-08,0.0043326861
5.313759e-08,0.0043233513
5.323759e-08,0.0043183249
5.333759e-08,0.004319761
5.343759e-08,0.0043255055
5.353759e-08,0.0043319681
5.363759e-08,0.00433125
5.373759e-08,0.004319761
5.383759e-08,0.0042975011
5.393759e-08,0.0042694968
5.403759e-08,0.0042443647
5.413759e-08,0.0042278493
5.423759e-08,0.0042256951
5.433759e-08,0.0042357479
5.443759e-08,0.0042544175
5.453759e-08,0.0042738051
5.463759e-08,0.0042896025
5.473759e-08,0.0042982192
5.483759e-08,0.0043003734
5.493759e-08,0.0042967831
5.503759e-08,0.0042874483
5.513759e-08,0.0042709329
5.523759e-08,0.0042472369
5.533759e-08,0.0042163603
5.543759e-08,0.0041818934
5.553759e-08,0.0041510168
5.563759e-08,0.0041309111
5.573759e-08,0.0041244485
5.583759e-08,0.0041323472
5.593759e-08,0.0041481445
5.603759e-08,0.0041632238
5.613759e-08,0.0041704044
5.623759e-08,0.004166096
5.633759e-08,0.0041510168
5.643759e-08,0.0041316291
5.653759e-08,0.0041129596
5.663759e-08,0.0040978803
5.673759e-08,0.0040856733
5.683759e-08,0.0040727482
5.693759e-08,0.0040555147
5.703759e-08,0.0040339729
5.713759e-08,0.004011713
5.723759e-08,0.0039944795
5.733759e-08,0.0039865809
5.743759e-08,0.0039901712
5.753759e-08,0.0040009421
5.763759e-08,0.0040138672
5.773759e-08,0.0040210478
5.783759e-08,0.0040188936
5.793759e-08,0.0040059685
5.803759e-08,0.0039865809
5.813759e-08,0.0039636029
5.823759e-08,0.0039399069
5.833759e-08,0.0039147748
5.843759e-08,0.0038882066
5.853759e-08,0.0038602022
5.863759e-08,0.0038329159
5.873759e-08,0.0038113741
5.883759e-08,0.0038006032
5.893759e-08,0.0038027574
5.903759e-08,0.0038149644
5.913759e-08,0.0038286075
5.923759e-08,0.003834352
5.933759e-08,0.0038257353
5.943759e-08,0.0038020393
5.953759e-08,0.0037704446
5.963759e-08,0.0037410041
5.973759e-08,0.0037223346
5.983759e-08,0.0037187443
5.993759e-08,0.0037266429
6.003759e-08,0.0037352597
6.013759e-08,0.0037338235
6.023759e-08,0.0037165901
6.033759e-08,0.0036842773
6.043759e-08,0.0036440659
6.053759e-08,0.0036074449
6.063759e-08,0.0035830308
6.073759e-08,0.003573696
6.083759e-08,0.0035765682
6.093759e-08,0.0035844669
6.103759e-08,0.0035894933
6.113759e-08,0.0035866211
6.123759e-08,0.0035758502
6.133759e-08,0.003561489
6.143759e-08,0.0035464097
6.153759e-08,0.0035342027
6.163759e-08,0.0035241498
6.173759e-08,0.0035155331
6.183759e-08,0.0035061983
6.193759e-08,0.0034961455
6.203759e-08,0.0034875287
6.213759e-08,0.0034810662
6.223759e-08,0.0034774759
6.233759e-08,0.0034738856
6.243759e-08,0.0034681411
6.253759e-08,0.0034580882
6.263759e-08,0.003443009
6.273759e-08,0.0034250574
6.283759e-08,0.0034099782
6.293759e-08,0.0034006434
6.303759e-08,0.0033984892
6.313759e-08,0.0033992073
6.323759e-08,0.0033984892
6.333759e-08,0.0033891544
6.343759e-08,0.0033690487
6.353759e-08,0.0033410443
6.363759e-08,0.0033108858
6.373759e-08,0.0032857537
6.383759e-08,0.0032713925
6.393759e-08,0.0032678022
6.403759e-08,0.0032706744
6.413759e-08,0.0032742647
6.423759e-08,0.0032721105
6.433759e-08,0.0032627757
6.443759e-08,0.0032462603
6.453759e-08,0.0032283088
6.463759e-08,0.0032132295
6.473759e-08,0.0032031767
6.483759e-08,0.0031974322
6.493759e-08,0.0031938419
6.503759e-08,0.0031880974
6.513759e-08,0.0031780446
6.523759e-08,0.0031636834
6.533759e-08,0.003147886
6.543759e-08,0.0031320887
6.553759e-08,0.0031191636
6.563759e-08,0.0031098288
6.573759e-08,0.0031019301
6.583759e-08,0.0030954676
6.593759e-08,0.0030890051
6.603759e-08,0.0030832606
6.613759e-08,0.0030789522
6.623759e-08,0.00307608
6.633759e-08,0.0030746438
6.643759e-08,0.0030717716
6.653759e-08,0.0030674632
6.663759e-08,0.0030602826
6.673759e-08,0.0030509478
6.683759e-08,0.003040895
6.693759e-08,0.0030329963
6.703759e-08,0.0030272518
6.713759e-08,0.0030229435
6.723759e-08,0.0030186351
6.733759e-08,0.0030100184
6.743759e-08,0.0029963752
6.753759e-08,0.0029791418
6.763759e-08,0.0029590361
6.773759e-08,0.0029410846
6.783759e-08,0.0029281595
6.793759e-08,0.0029209789
6.803759e-08,0.0029181066
6.813759e-08,0.0029181066
6.823759e-08,0.0029166705
6.833759e-08,0.002910926
6.843759e-08,0.0029001551
6.853759e-08,0.0028836397
6.863759e-08,0.0028628159
6.873759e-08,0.002839838
6.883759e-08,0.0028154239
6.893759e-08,0.0027917279
6.903759e-08,0.0027716222
6.913759e-08,0.0027586972
6.923759e-08,0.0027536707
6.933759e-08,0.002757261
6.943759e-08,0.0027680319
6.953759e-08,0.0027816751
6.963759e-08,0.0027910099
6.973759e-08,0.0027917279
6.983759e-08,0.002780239
6.993759e-08,0.002757261
7.003759e-08,0.0027278205
7.013759e-08,0.0026998162
7.023759e-08,0.0026789924
7.033759e-08,0.0026696576
7.043759e-08,0.0026703757
7.053759e-08,0.0026768382
7.063759e-08,0.0026818647
7.073759e-08,0.0026782744
7.083759e-08,0.0026646312
7.093759e-08,0.0026423713
7.103759e-08,0.0026165211
7.113759e-08,0.0025935432
7.123759e-08,0.0025784639
7.133759e-08,0.0025734375
7.143759e-08,0.0025748736
7.153759e-08,0.0025770278
7.163759e-08,0.0025734375
7.173759e-08,0.0025619485
7.183759e-08,0.0025418428
7.193759e-08,0.0025181468
7.203759e-08,0.0024958869
7.213759e-08,0.0024815257
7.223759e-08,0.0024772174
7.233759e-08,0.0024815257
7.243759e-08,0.0024887063
7.253759e-08,0.0024930147
7.263759e-08,0.0024894244
7.273759e-08,0.0024764993
7.283759e-08,0.0024571117
7.293759e-08,0.0024355699
7.303759e-08,0.0024176183
7.313759e-08,0.0024061294
7.323759e-08,0.002401821
7.333759e-08,0.0024011029
7.343759e-08,0.0023989488
7.353759e-08,0.0023924862
7.363759e-08,0.0023809972
7.373759e-08,0.002366636
7.383759e-08,0.002354429
7.393759e-08,0.0023494026
7.403759e-08,0.002354429
7.413759e-08,0.002366636
7.423759e-08,0.0023824334
7.433759e-08,0.0023960765
7.443759e-08,0.0024032571
7.453759e-08,0.0024011029
7.463759e-08,0.0023924862
7.473759e-08,0.0023809972
7.483759e-08,0.0023716625
7.493759e-08,0.002366636
7.503759e-08,0.002365918
7.513759e-08,0.002366636
7.523759e-08,0.0023673541
7.533759e-08,0.002366636
7.543759e-08,0.002365918
7.553759e-08,0.0023680722
7.563759e-08,0.0023759708
7.573759e-08,0.002389614
7.583759e-08,0.0024061294
7.593759e-08,0.0024204906
7.603759e-08,0.0024276712
7.613759e-08,0.0024240809
7.623759e-08,0.0024104377
7.633759e-08,0.0023924862
7.643759e-08,0.0023759708
7.653759e-08,0.002366636
7.663759e-08,0.002366636
7.673759e-08,0.0023738166
7.683759e-08,0.0023838695
7.693759e-08,0.002389614
7.703759e-08,0.0023888959
7.713759e-08,0.0023824334
7.723759e-08,0.0023730986
7.733759e-08,0.002366636
7.743759e-08,0.0023651999
7.753759e-08,0.0023687902
7.763759e-08,0.0023752528
7.773759e-08,0.002378125
7.783759e-08,0.0023745347
7.793759e-08,0.0023637638
7.803759e-08,0.0023479665
7.813759e-08,0.0023321691
7.823759e-08,0.0023213982
7.833759e-08,0.002318526
7.843759e-08,0.0023228343
7.853759e-08,0.0023321691
7.863759e-08,0.0023407858
7.873759e-08,0.0023450942
7.883759e-08,0.002342222
7.893759e-08,0.0023321691
7.903759e-08,0.0023163718
7.913759e-08,0.0022977022
7.923759e-08,0.0022797507
7.933759e-08,0.0022632353
7.943759e-08,0.0022510283
7.953759e-08,0.0022431296
7.963759e-08,0.0022395393
7.973759e-08,0.0022402574
7.983759e-08,0.0022431296
7.993759e-08,0.002247438
8.003759e-08,0.0022503102
8.013759e-08,0.0022517463
8.023759e-08,0.0022510283
8.033759e-08,0.002248156
8.043759e-08,0.0022438477
8.053759e-08,0.0022402574
8.063759e-08,0.002236667
8.073759e-08,0.0022337948
8.083759e-08,0.0022309226
8.093759e-08,0.0022287684
8.103759e-08,0.0022287684
8.113759e-08,0.0022309226
8.123759e-08,0.0022352309
8.133759e-08,0.0022402574
8.143759e-08,0.0022431296
8.153759e-08,0.0022402574
8.163759e-08,0.0022316406
8.173759e-08,0.0022172794
8.183759e-08,0.0022022001
8.193759e-08,0.0021921473
8.203759e-08,0.0021928653
8.213759e-08,0.0022057904
8.223759e-08,0.0022287684
8.233759e-08,0.0022553366
8.243759e-08,0.0022768784
8.253759e-08,0.0022862132
8.263759e-08,0.0022804687
8.273759e-08,0.0022632353
8.283759e-08,0.0022395393
8.293759e-08,0.0022172794
8.303759e-08,0.0022036363
8.313759e-08,0.002200046
8.323759e-08,0.0022065085
8.333759e-08,0.0022172794
8.343759e-08,0.0022280503
8.353759e-08,0.0022345129
8.363759e-08,0.0022345129
8.373759e-08,0.0022287684
8.383759e-08,0.0022172794
8.393759e-08,0.0022029182
8.403759e-08,0.0021871209
8.413759e-08,0.0021713235
8.423759e-08,0.0021583984
8.433759e-08,0.0021504998
8.443759e-08,0.0021476275
8.453759e-08,0.0021483456
8.463759e-08,0.0021497817
8.473759e-08,0.0021483456
8.483759e-08,0.0021404469
8.493759e-08,0.0021253676
8.503759e-08,0.0021052619
8.513759e-08,0.0020858743
8.523759e-08,0.0020715131
8.533759e-08,0.0020679228
8.543759e-08,0.0020736673
8.553759e-08,0.0020851563
8.563759e-08,0.0020966452
8.573759e-08,0.0021023897
8.583759e-08,0.0020987994
8.593759e-08,0.0020880285
8.603759e-08,0.0020722312
8.613759e-08,0.0020564338
8.623759e-08,0.0020427907
8.633759e-08,0.0020298656
8.643759e-08,0.0020169405
8.653759e-08,0.001998989
8.663759e-08,0.001976011
8.673759e-08,0.0019480067
8.683759e-08,0.0019200023
8.693759e-08,0.0018955882
8.703759e-08,0.0018776367
8.713759e-08,0.0018654297
8.723759e-08,0.001857531
8.733759e-08,0.0018496324
8.743759e-08,0.0018395795
8.753759e-08,0.0018259364
8.763759e-08,0.001809421
8.773759e-08,0.0017921875
8.783759e-08,0.001774954
8.793759e-08,0.0017591567
8.803759e-08,0.0017419233
8.813759e-08,0.0017232537
8.823759e-08,0.0017024299
8.833759e-08,0.001679452
8.843759e-08,0.0016550379
8.853759e-08,0.0016313419
8.863759e-08,0.0016069278
8.873759e-08,0.0015817957
8.883759e-08,0.0015552275
8.893759e-08,0.0015279412
8.903759e-08,0.001502091
8.913759e-08,0.0014827034
8.923759e-08,0.0014719324
8.933759e-08,0.0014704963
8.943759e-08,0.0014762408
8.953759e-08,0.0014841395
8.963759e-08,0.0014870117
8.973759e-08,0.0014819853
8.983759e-08,0.0014676241
8.993759e-08,0.0014475184
9.003759e-08,0.0014281307
9.013759e-08,0.0014130515
9.023759e-08,0.0014044347
9.033759e-08,0.0014008444
9.043759e-08,0.0013972541
9.053759e-08,0.0013900735
9.063759e-08,0.0013771484
9.073759e-08,0.001360633
9.083759e-08,0.0013448357
9.093759e-08,0.0013326287
9.103759e-08,0.0013261661
9.113759e-08,0.00132473
9.123759e-08,0.00132473
9.133759e-08,0.0013211397
9.143759e-08,0.001312523
9.153759e-08,0.0012995979
9.163759e-08,0.0012823644
9.173759e-08,0.0012636949
9.183759e-08,0.0012435892
9.193759e-08,0.0012213293
9.203759e-08,0.0011969152
9.213759e-08,0.0011717831
9.223759e-08,0.0011495232
9.233759e-08,0.0011358801
9.243759e-08,0.001135162
9.253759e-08,0.0011488051
9.263759e-08,0.0011717831
9.273759e-08,0.001194761
9.283759e-08,0.0012091222
9.293759e-08,0.00120625
9.303759e-08,0.0011868624
9.313759e-08,0.0011567038
9.323759e-08,0.0011251091
9.333759e-08,0.0011028493
9.343759e-08,0.0010935145
9.353759e-08,0.0010971048
9.363759e-08,0.0011064396
9.373759e-08,0.0011143382
9.383759e-08,0.0011164924
9.393759e-08,0.0011129021
9.403759e-08,0.0011064396
9.413759e-08,0.0011028493
9.423759e-08,0.0011050034
9.433759e-08,0.001111466
9.443759e-08,0.0011200827
9.453759e-08,0.0011258272
9.463759e-08,0.0011265453
9.473759e-08,0.001122955
9.483759e-08,0.0011172105
9.493759e-08,0.0011143382
9.503759e-08,0.0011143382
9.513759e-08,0.0011143382
9.523759e-08,0.0011121841
9.533759e-08,0.0011028493
9.543759e-08,0.0010863339
9.553759e-08,0.0010662282
9.563759e-08,0.0010468405
9.573759e-08,0.0010339154
9.583759e-08,0.001028889
9.593759e-08,0.0010303251
9.603759e-08,0.0010339154
9.613759e-08,0.0010339154
9.623759e-08,0.0010296071
9.633759e-08,0.0010217084
9.643759e-08,0.0010145278
9.653759e-08,0.0010109375
9.663759e-08,0.0010123736
9.673759e-08,0.0010152459
9.683759e-08,0.0010159639
9.693759e-08,0.0010109375
9.703759e-08,0.00099873047
9.713759e-08,0.00098293313
9.723759e-08,0.00096641774
9.733759e-08,0.00095349265
9.743759e-08,0.0009434398
9.753759e-08,0.00093410501
9.763759e-08,0.00091902574
9.773759e-08,0.00089604779
9.783759e-08,0.00086660731
9.793759e-08,0.00083716682
9.803759e-08,0.00081418888
9.813759e-08,0.00080413603
9.823759e-08,0.00080557215
9.833759e-08,0.00081275276
9.843759e-08,0.00081490694
9.853759e-08,0.00080413603
9.863759e-08,0.00077684972
9.873759e-08,0.00073879251
9.883759e-08,0.00069786305
9.893759e-08,0.00066626838
9.903759e-08,0.00064903493
9.913759e-08,0.00064688074
9.923759e-08,0.00065190717
9.933759e-08,0.00065477941
9.943759e-08,0.00064975299
9.953759e-08,0.00063467371
9.963759e-08,0.00061456801
9.973759e-08,0.00059733456
9.983759e-08,0.00058799977
9.993759e-08,0.00058799977
1.000376e-07,0.00059302619
1.001376e-07,0.00059733456
1.002376e-07,0.00059446232
1.003376e-07,0.00058369141
1.004376e-07,0.00056717601
1.005376e-07,0.00055137868
1.006376e-07,0.00054204389
1.007376e-07,0.00054060777
1.008376e-07,0.00054491613
1.009376e-07,0.00055137868
1.010376e-07,0.00055425092
1.011376e-07,0.00055137868
1.012376e-07,0.00054563419
1.013376e-07,0.00053988971
1.014376e-07,0.00053845358
1.015376e-07,0.00054348001
1.016376e-07,0.00055353286
1.017376e-07,0.00056286765
1.018376e-07,0.00056861213
1.019376e-07,0.00056717601
1.020376e-07,0.00056071347
1.021376e-07,0.00055137868
1.022376e-07,0.00054348001
1.023376e-07,0.00053917165
1.024376e-07,0.00053845358
1.025376e-07,0.00053988971
1.026376e-07,0.00054060777
1.027376e-07,0.00053845358
1.028376e-07,0.00053414522
1.029376e-07,0.00052840074
1.030376e-07,0.00052409237
1.031376e-07,0.00052122013
1.032376e-07,0.00051978401
1.033376e-07,0.00051691176
1.034376e-07,0.00051116728
1.035376e-07,0.00050111443
1.036376e-07,0.00048675322
1.037376e-07,0.00047095588
1.038376e-07,0.00045587661
1.039376e-07,0.00044223346
1.040376e-07,0.00043289867
1.041376e-07,0.000425
1.042376e-07,0.00041781939
1.043376e-07,0.0004084846
1.044376e-07,0.00039555951
1.045376e-07,0.00037904412
1.046376e-07,0.00035893842
1.047376e-07,0.00033667854
1.048376e-07,0.00031513672
1.049376e-07,0.00029862132
1.050376e-07,0.00028928653
1.051376e-07,0.00028928653
1.052376e-07,0.0002971852
1.053376e-07,0.00031011029
1.054376e-07,0.00032375345
1.055376e-07,0.00033165211
1.056376e-07,0.00033093405
1.057376e-07,0.00032159926
1.058376e-07,0.00030508387
1.059376e-07,0.00028785041
1.060376e-07,0.00027277114
1.061376e-07,0.00026415441
1.062376e-07,0.00026128217
1.063376e-07,0.00026056411
1.064376e-07,0.00025840993
1.065376e-07,0.00025266544
1.066376e-07,0.00024261259
1.067376e-07,0.00023184168
1.068376e-07,0.00022250689
1.069376e-07,0.00021819853
1.070376e-07,0.00021819853
1.071376e-07,0.00022107077
1.072376e-07,0.00022178883
1.073376e-07,0.00021819853
1.074376e-07,0.0002095818
1.075376e-07,0.00019881089
1.076376e-07,0.0001894761
1.077376e-07,0.00018373162
1.078376e-07,0.00018301356
1.079376e-07,0.00018516774
1.080376e-07,0.0001858858
1.081376e-07,0.00018373162
1.082376e-07,0.00017655101
1.083376e-07,0.00016649816
1.084376e-07,0.00015644531
1.085376e-07,0.00014926471
1.086376e-07,0.0001456744
1.087376e-07,0.00014352022
1.088376e-07,0.0001384938
1.089376e-07,0.00012628676
1.090376e-07,0.00010689913
1.091376e-07,8.1767004e-05
1.092376e-07,5.591682e-05
1.093376e-07,3.4375e-05
1.094376e-07,2.0013787e-05
1.095376e-07,1.2115119e-05
1.096376e-07,7.0886949e-06
1.097376e-07,-9.1911765e-08
1.098376e-07,-1.2298943e-05
1.099376e-07,-3.025046e-05
1.100376e-07,-5.0356158e-05
1.101376e-07,-6.9025735e-05
1.102376e-07,-8.1950827e-05
1.103376e-07,-8.9849494e-05
1.104376e-07,-9.559398e-05
1.105376e-07,-0.00010349265
1.106376e-07,-0.00011785386
1.107376e-07,-0.0001408318
1.108376e-07,-0.00016811811
1.109376e-07,-0.00019540441
1.110376e-07,-0.00021551011
1.111376e-07,-0.00022412684
1.112376e-07,-0.00022053653
1.113376e-07,-0.00020689338
1.114376e-07,-0.00018822381
1.115376e-07,-0.00017027229
1.116376e-07,-0.0001573472
1.117376e-07,-0.00014944853
1.118376e-07,-0.00014729435
1.119376e-07,-0.00014944853
1.120376e-07,-0.00015447495
1.121376e-07,-0.0001609375
1.122376e-07,-0.00016811811
1.123376e-07,-0.00017601677
1.124376e-07,-0.00018176126
1.125376e-07,-0.00018391544
1.126376e-07,-0.00018176126
1.127376e-07,-0.00017386259
1.128376e-07,-0.00016237362
1.129376e-07,-0.00014944853
1.130376e-07,-0.00013867762
1.131376e-07,-0.00013293313
1.132376e-07,-0.00013293313
1.133376e-07,-0.00013795956
1.134376e-07,-0.00014514017
1.135376e-07,-0.00015160271
1.136376e-07,-0.0001573472
1.137376e-07,-0.0001609375
1.138376e-07,-0.00016524586
1.139376e-07,-0.00017170841
1.140376e-07,-0.00018176126
1.141376e-07,-0.00019540441
1.142376e-07,-0.00021120175
1.143376e-07,-0.0002248449
1.144376e-07,-0.00023561581
1.145376e-07,-0.00024136029
1.146376e-07,-0.00024279642
1.147376e-07,-0.00024136029
1.148376e-07,-0.00024064223
1.149376e-07,-0.00024136029
1.150376e-07,-0.0002449506
1.151376e-07,-0.00025069508
1.152376e-07,-0.00025715763
1.153376e-07,-0.00026433824
1.154376e-07,-0.00027151884
1.155376e-07,-0.00027869945
1.156376e-07,-0.00028803424
1.157376e-07,-0.00029880515
1.158376e-07,-0.00031029412
1.159376e-07,-0.00032178309
1.160376e-07,-0.00032968176
1.161376e-07,-0.00033327206
1.162376e-07,-0.00033327206
1.163376e-07,-0.00033111788
1.164376e-07,-0.00033039982
1.165376e-07,-0.00033327206
1.166376e-07,-0.00034188879
1.167376e-07,-0.00035625
1.168376e-07,-0.00037348346
1.169376e-07,-0.00039071691
1.170376e-07,-0.00040507812
1.171376e-07,-0.00041441291
1.172376e-07,-0.00041728516
1.173376e-07,-0.00041369485
1.174376e-07,-0.00040579619
1.175376e-07,-0.00039574334
1.176376e-07,-0.00038569049
1.177376e-07,-0.00037922794
1.178376e-07,-0.00037850988
1.179376e-07,-0.00038425437
1.180376e-07,-0.00039717946
1.181376e-07,-0.00041369485
1.182376e-07,-0.00043164637
1.183376e-07,-0.00044600758
1.184376e-07,-0.00045534237
1.185376e-07,-0.00045965074
1.186376e-07,-0.0004603688
1.187376e-07,-0.00046252298
1.188376e-07,-0.00046970358
1.189376e-07,-0.00048262868
1.190376e-07,-0.00050058019
1.191376e-07,-0.00051924977
1.192376e-07,-0.00053432904
1.193376e-07,-0.00054007353
1.194376e-07,-0.00053720129
1.195376e-07,-0.00052858456
1.196376e-07,-0.00051996783
1.197376e-07,-0.00051709559
1.198376e-07,-0.00052212201
1.199376e-07,-0.0005350471
1.200376e-07,-0.00055084444
1.201376e-07,-0.00056305147
1.202376e-07,-0.00056664177
1.203376e-07,-0.00055946117
1.204376e-07,-0.00054509995
1.205376e-07,-0.00052858456
1.206376e-07,-0.00051637753
1.207376e-07,-0.00051278722
1.208376e-07,-0.00051853171
1.209376e-07,-0.00052858456
1.210376e-07,-0.00053863741
1.211376e-07,-0.00054222771
1.212376e-07,-0.00053863741
1.213376e-07,-0.00052858456
1.214376e-07,-0.00051709559
1.215376e-07,-0.00051063304
1.216376e-07,-0.00051422335
1.217376e-07,-0.00052858456
1.218376e-07,-0.0005515625
1.219376e-07,-0.00057741268
1.220376e-07,-0.00059823644
1.221376e-07,-0.00060900735
1.222376e-07,-0.00060685317
1.223376e-07,-0.00059249196
1.224376e-07,-0.00057238626
1.225376e-07,-0.0005515625
1.226376e-07,-0.00053791935
1.227376e-07,-0.00053432904
1.228376e-07,-0.00054366383
1.229376e-07,-0.00056305147
1.230376e-07,-0.00058746553
1.231376e-07,-0.0006118796
1.232376e-07,-0.00063198529
1.233376e-07,-0.00064347426
1.234376e-07,-0.00064706457
1.235376e-07,-0.00064634651
1.236376e-07,-0.00064347426
1.237376e-07,-0.00064347426
1.238376e-07,-0.00064921875
1.239376e-07,-0.00065998966
1.240376e-07,-0.00067506893
1.241376e-07,-0.00068943015
1.242376e-07,-0.00070020106
1.243376e-07,-0.00070522748
1.244376e-07,-0.00070450942
1.245376e-07,-0.00070091912
1.246376e-07,-0.000699483
1.247376e-07,-0.00070379136
1.248376e-07,-0.00071599839
1.249376e-07,-0.00073538603
1.250376e-07,-0.00075836397
1.251376e-07,-0.00077990579
1.252376e-07,-0.00079642119
1.253376e-07,-0.00080431985
1.254376e-07,-0.00080503791
1.255376e-07,-0.00080144761
1.256376e-07,-0.00079642119
1.257376e-07,-0.00079283088
1.258376e-07,-0.00079139476
1.259376e-07,-0.00079139476
1.260376e-07,-0.00079211282
1.261376e-07,-0.00079283088
1.262376e-07,-0.00079498506
1.263376e-07,-0.00080001149
1.264376e-07,-0.0008107824
1.265376e-07,-0.00082729779
1.266376e-07,-0.00084740349
1.267376e-07,-0.00086750919
1.268376e-07,-0.00088115234
1.269376e-07,-0.00088474265
1.270376e-07,-0.00087612592
1.271376e-07,-0.00085673828
1.272376e-07,-0.0008308881
1.273376e-07,-0.00080431985
1.274376e-07,-0.00078277803
1.275376e-07,-0.00076913488
1.276376e-07,-0.00076482652
1.277376e-07,-0.00076985294
1.278376e-07,-0.00078134191
1.279376e-07,-0.00079713925
1.280376e-07,-0.00081293658
1.281376e-07,-0.00082729779
1.282376e-07,-0.00083591452
1.283376e-07,-0.00083735064
1.284376e-07,-0.00083017004
1.285376e-07,-0.00081580882
1.286376e-07,-0.00079785731
1.287376e-07,-0.00077918773
1.288376e-07,-0.00076554458
1.289376e-07,-0.00075836397
1.290376e-07,-0.00075764591
1.291376e-07,-0.00076051815
1.292376e-07,-0.00076554458
1.293376e-07,-0.00076985294
1.294376e-07,-0.00077344324
1.295376e-07,-0.00077703355
1.296376e-07,-0.00078349609
1.297376e-07,-0.00079283088
1.298376e-07,-0.00080360179
1.299376e-07,-0.00081293658
1.300376e-07,-0.00081796301
1.301376e-07,-0.00081580882
1.302376e-07,-0.00080791016
1.303376e-07,-0.00079857537
1.304376e-07,-0.00079211282
1.305376e-07,-0.00079283088
1.306376e-07,-0.00080072955
1.307376e-07,-0.00081221852
1.308376e-07,-0.00082298943
1.309376e-07,-0.00082729779
1.310376e-07,-0.00082298943
1.311376e-07,-0.00081293658
1.312376e-07,-0.00080072955
1.313376e-07,-0.00079283088
1.314376e-07,-0.000794267
1.315376e-07,-0.00080503791
1.316376e-07,-0.00082155331
1.317376e-07,-0.00083878676
1.318376e-07,-0.0008509938
1.319376e-07,-0.00085602022
1.320376e-07,-0.0008545841
1.321376e-07,-0.00085027574
1.322376e-07,-0.00084668543
1.323376e-07,-0.00084812155
1.324376e-07,-0.00085386604
1.325376e-07,-0.00086176471
1.326376e-07,-0.00086966337
1.327376e-07,-0.0008746898
1.328376e-07,-0.00087540786
1.329376e-07,-0.00087325368
1.330376e-07,-0.00086966337
1.331376e-07,-0.00086607307
1.332376e-07,-0.00086320083
1.333376e-07,-0.00086176471
1.334376e-07,-0.00086104665
1.335376e-07,-0.00086032858
1.336376e-07,-0.00086032858
1.337376e-07,-0.00086176471
1.338376e-07,-0.00086607307
1.339376e-07,-0.00087397174
1.340376e-07,-0.00088474265
1.341376e-07,-0.00089623162
1.342376e-07,-0.00090700253
1.343376e-07,-0.00091418313
1.344376e-07,-0.0009184915
1.345376e-07,-0.00091920956
1.346376e-07,-0.00091777344
1.347376e-07,-0.00091633732
1.348376e-07,-0.00091633732
1.349376e-07,-0.00091920956
1.350376e-07,-0.00092423598
1.351376e-07,-0.00093141659
1.352376e-07,-0.00093787914
1.353376e-07,-0.0009421875
1.354376e-07,-0.0009421875
1.355376e-07,-0.00093716108
1.356376e-07,-0.00092854435
1.357376e-07,-0.00091920956
1.358376e-07,-0.00091274701
1.359376e-07,-0.00091202895
1.360376e-07,-0.0009184915
1.361376e-07,-0.00093069853
1.362376e-07,-0.00094505974
1.363376e-07,-0.00095726677
1.364376e-07,-0.00096444738
1.365376e-07,-0.00096516544
1.366376e-07,-0.00096085708
1.367376e-07,-0.00095583065
1.368376e-07,-0.00095224035
1.369376e-07,-0.00095367647
1.370376e-07,-0.0009587029
1.371376e-07,-0.00096660156
1.372376e-07,-0.00097234605
1.373376e-07,-0.00097665441
1.374376e-07,-0.00097952665
1.375376e-07,-0.00098383502
1.376376e-07,-0.00099388787
1.377376e-07,-0.0010111213
1.378376e-07,-0.0010355354
1.379376e-07,-0.0010642578
1.380376e-07,-0.0010922622
1.381376e-07,-0.0011145221
1.382376e-07,-0.0011296013
1.383376e-07,-0.0011382181
1.384376e-07,-0.0011432445
1.385376e-07,-0.001148989
1.386376e-07,-0.0011576057
1.387376e-07,-0.0011690947
1.388376e-07,-0.0011827378
1.389376e-07,-0.0011949449
1.390376e-07,-0.0012057158
1.391376e-07,-0.0012157686
1.392376e-07,-0.0012265395
1.393376e-07,-0.0012409007
1.394376e-07,-0.0012595703
1.395376e-07,-0.0012803941
1.396376e-07,-0.0013019359
1.397376e-07,-0.0013213235
1.398376e-07,-0.0013364028
1.399376e-07,-0.0013471737
1.400376e-07,-0.0013565085
1.401376e-07,-0.0013672794
1.402376e-07,-0.0013802045
1.403376e-07,-0.0013960018
1.404376e-07,-0.0014117992
1.405376e-07,-0.0014247243
1.406376e-07,-0.001433341
1.407376e-07,-0.0014362132
1.408376e-07,-0.0014369313
1.409376e-07,-0.0014362132
1.410376e-07,-0.0014369313
1.411376e-07,-0.0014398035
1.412376e-07,-0.0014433938
1.413376e-07,-0.0014477022
1.414376e-07,-0.0014505744
1.415376e-07,-0.0014527286
1.416376e-07,-0.0014556009
1.417376e-07,-0.0014591912
1.418376e-07,-0.0014656537
1.419376e-07,-0.0014742705
1.420376e-07,-0.0014843233
1.421376e-07,-0.0014936581
1.422376e-07,-0.0015022748
1.423376e-07,-0.0015108915
1.424376e-07,-0.0015187902
1.425376e-07,-0.001528125
1.426376e-07,-0.0015374598
1.427376e-07,-0.0015453585
1.428376e-07,-0.0015503849
1.429376e-07,-0.0015511029
1.430376e-07,-0.0015475126
1.431376e-07,-0.0015410501
1.432376e-07,-0.0015338695
1.433376e-07,-0.001528125
1.434376e-07,-0.0015259708
1.435376e-07,-0.0015274069
1.436376e-07,-0.0015317153
1.437376e-07,-0.001539614
1.438376e-07,-0.0015503849
1.439376e-07,-0.001564028
1.440376e-07,-0.0015805434
1.441376e-07,-0.0015970588
1.442376e-07,-0.00161142
1.443376e-07,-0.0016207548
1.444376e-07,-0.0016236271
1.445376e-07,-0.0016200368
1.446376e-07,-0.0016142923
1.447376e-07,-0.0016099839
1.448376e-07,-0.00161142
1.449376e-07,-0.0016200368
1.450376e-07,-0.0016329619
1.451376e-07,-0.001646605
1.452376e-07,-0.0016573759
1.453376e-07,-0.0016659926
1.454376e-07,-0.0016746094
1.455376e-07,-0.0016875345
1.456376e-07,-0.0017083582
1.457376e-07,-0.0017349265
1.458376e-07,-0.0017629308
1.459376e-07,-0.0017844727
1.460376e-07,-0.0017945255
1.461376e-07,-0.0017923713
1.462376e-07,-0.0017823185
1.463376e-07,-0.0017744198
1.464376e-07,-0.001776574
1.465376e-07,-0.0017923713
1.466376e-07,-0.0018182215
1.467376e-07,-0.0018462259
1.468376e-07,-0.0018663316
1.469376e-07,-0.0018727941
1.470376e-07,-0.0018677677
1.471376e-07,-0.0018584329
1.472376e-07,-0.0018548426
1.473376e-07,-0.0018613051
1.474376e-07,-0.0018771025
1.475376e-07,-0.0018936179
1.476376e-07,-0.0019015165
1.477376e-07,-0.0018957721
1.478376e-07,-0.0018771025
1.479376e-07,-0.0018534065
1.480376e-07,-0.0018383272
1.481376e-07,-0.0018383272
1.482376e-07,-0.0018555607
1.483376e-07,-0.001882847
1.484376e-07,-0.0019108513
1.485376e-07,-0.001930239
1.486376e-07,-0.0019402918
1.487376e-07,-0.0019453182
1.488376e-07,-0.0019553711
1.489376e-07,-0.0019761949
1.490376e-07,-0.0020063534
1.491376e-07,-0.0020365119
1.492376e-07,-0.0020566176
1.493376e-07,-0.0020566176
1.494376e-07,-0.0020379481
1.495376e-07,-0.0020113798
1.496376e-07,-0.001989838
1.497376e-07,-0.0019876838
1.498376e-07,-0.0020070715
1.499376e-07,-0.0020401023
1.500376e-07,-0.002072415
1.501376e-07,-0.0020910846
1.502376e-07,-0.0020889304
1.503376e-07,-0.0020702608
1.504376e-07,-0.0020472829
1.505376e-07,-0.0020336397
1.506376e-07,-0.0020350758
1.507376e-07,-0.002048719
1.508376e-07,-0.0020637983
1.509376e-07,-0.0020681066
1.510376e-07,-0.0020558996
1.511376e-07,-0.0020307675
1.512376e-07,-0.0020034812
1.513376e-07,-0.0019876838
1.514376e-07,-0.001989838
1.515376e-07,-0.0020077895
1.516376e-07,-0.0020307675
1.517376e-07,-0.0020451287
1.518376e-07,-0.0020415384
1.519376e-07,-0.0020207146
1.520376e-07,-0.0019905561
1.521376e-07,-0.0019647059
1.522376e-07,-0.0019532169
1.523376e-07,-0.0019596795
1.524376e-07,-0.001978349
1.525376e-07,-0.0019991728
1.526376e-07,-0.0020128159
1.527376e-07,-0.0020149701
1.528376e-07,-0.0020085076
1.529376e-07,-0.0019991728
1.530376e-07,-0.0019927102
1.531376e-07,-0.0019919922
1.532376e-07,-0.0019955825
1.533376e-07,-0.0019991728
1.534376e-07,-0.0019998909
1.535376e-07,-0.0019984547
1.536376e-07,-0.0019970186
1.537376e-07,-0.0019991728
1.538376e-07,-0.0020049173
1.539376e-07,-0.0020120979
1.540376e-07,-0.0020156882
1.541376e-07,-0.0020106618
1.542376e-07,-0.0019977367
1.543376e-07,-0.0019805032
1.544376e-07,-0.0019675781
1.545376e-07,-0.0019647059
1.546376e-07,-0.0019733226
1.547376e-07,-0.001989838
1.548376e-07,-0.0020085076
1.549376e-07,-0.0020221507
1.550376e-07,-0.0020300494
1.551376e-07,-0.0020343578
1.552376e-07,-0.0020415384
1.553376e-07,-0.0020566176
1.554376e-07,-0.0020781595
1.555376e-07,-0.0020997013
1.556376e-07,-0.0021140625
1.557376e-07,-0.0021140625
1.558376e-07,-0.0021011374
1.559376e-07,-0.0020824678
1.560376e-07,-0.0020681066
1.561376e-07,-0.0020681066
1.562376e-07,-0.002084622
1.563376e-07,-0.0021119083
1.564376e-07,-0.0021399127
1.565376e-07,-0.0021600184
1.566376e-07,-0.002167199
1.567376e-07,-0.0021650448
1.568376e-07,-0.0021607364
1.569376e-07,-0.0021600184
1.570376e-07,-0.0021650448
1.571376e-07,-0.0021715074
1.572376e-07,-0.0021715074
1.573376e-07,-0.0021600184
1.574376e-07,-0.0021384766
1.575376e-07,-0.0021140625
1.576376e-07,-0.0020997013
1.577376e-07,-0.0021025735
1.578376e-07,-0.0021248334
1.579376e-07,-0.0021571461
1.580376e-07,-0.0021887408
1.581376e-07,-0.0022059743
1.582376e-07,-0.0022059743
1.583376e-07,-0.0021923311
1.584376e-07,-0.0021772518
1.585376e-07,-0.0021715074
1.586376e-07,-0.002179406
1.587376e-07,-0.0021966395
1.588376e-07,-0.0022124368
1.589376e-07,-0.0022174632
1.590376e-07,-0.0022066923
1.591376e-07,-0.0021844324
1.592376e-07,-0.0021607364
1.593376e-07,-0.0021485294
1.594376e-07,-0.0021528378
1.595376e-07,-0.0021722254
1.596376e-07,-0.0021973575
1.597376e-07,-0.0022174632
1.598376e-07,-0.002226798
1.599376e-07,-0.0022246438
1.600376e-07,-0.0022196174
1.601376e-07,-0.0022174632
1.602376e-07,-0.0022232077
1.603376e-07,-0.0022332606
1.604376e-07,-0.0022411592
1.605376e-07,-0.0022404412
1.606376e-07,-0.0022289522
1.607376e-07,-0.0022110007
1.608376e-07,-0.0021966395
1.609376e-07,-0.0021944853
1.610376e-07,-0.0022081284
1.611376e-07,-0.0022325425
1.612376e-07,-0.0022583927
1.613376e-07,-0.0022749081
1.614376e-07,-0.0022777803
1.615376e-07,-0.0022713178
1.616376e-07,-0.0022634191
1.617376e-07,-0.0022634191
1.618376e-07,-0.0022763442
1.619376e-07,-0.0022986041
1.620376e-07,-0.0023201459
1.621376e-07,-0.0023323529
1.622376e-07,-0.0023294807
1.623376e-07,-0.0023144014
1.624376e-07,-0.002297168
1.625376e-07,-0.0022863971
1.626376e-07,-0.0022892693
1.627376e-07,-0.0023043486
1.628376e-07,-0.0023251723
1.629376e-07,-0.0023438419
1.630376e-07,-0.0023553309
1.631376e-07,-0.0023610754
1.632376e-07,-0.0023668199
1.633376e-07,-0.0023783088
1.634376e-07,-0.0023976965
1.635376e-07,-0.0024192383
1.636376e-07,-0.0024350356
1.637376e-07,-0.0024357537
1.638376e-07,-0.0024199563
1.639376e-07,-0.0023933881
1.640376e-07,-0.0023675379
1.641376e-07,-0.0023553309
1.642376e-07,-0.0023625115
1.643376e-07,-0.0023876436
1.644376e-07,-0.0024199563
1.645376e-07,-0.0024472426
1.646376e-07,-0.0024616039
1.647376e-07,-0.0024623219
1.648376e-07,-0.0024544233
1.649376e-07,-0.0024472426
1.650376e-07,-0.0024465246
1.651376e-07,-0.002451551
1.652376e-07,-0.0024587316
1.653376e-07,-0.0024587316
1.654376e-07,-0.0024479607
1.655376e-07,-0.0024285731
1.656376e-07,-0.0024063132
1.657376e-07,-0.0023897978
1.658376e-07,-0.0023854894
1.659376e-07,-0.0023941062
1.660376e-07,-0.0024091854
1.661376e-07,-0.0024242647
1.662376e-07,-0.0024328814
1.663376e-07,-0.0024328814
1.664376e-07,-0.0024285731
1.665376e-07,-0.0024242647
1.666376e-07,-0.0024221105
1.667376e-07,-0.0024221105
1.668376e-07,-0.0024206744
1.669376e-07,-0.0024127757
1.670376e-07,-0.0023976965
1.671376e-07,-0.0023790269
1.672376e-07,-0.0023625115
1.673376e-07,-0.0023553309
1.674376e-07,-0.0023596392
1.675376e-07,-0.0023725643
1.676376e-07,-0.0023883617
1.677376e-07,-0.0024012868
1.678376e-07,-0.0024063132
1.679376e-07,-0.0024055951
1.680376e-07,-0.0024020048
1.681376e-07,-0.0024012868
1.682376e-07,-0.002404159
1.683376e-07,-0.0024077493
1.684376e-07,-0.0024084674
1.685376e-07,-0.0024012868
1.686376e-07,-0.0023862075
1.687376e-07,-0.002368974
1.688376e-07,-0.0023560489
1.689376e-07,-0.0023553309
1.690376e-07,-0.002368256
1.691376e-07,-0.0023912339
1.692376e-07,-0.002415648
1.693376e-07,-0.0024357537
1.694376e-07,-0.0024465246
1.695376e-07,-0.0024501149
1.696376e-07,-0.0024522691
1.697376e-07,-0.0024587316
1.698376e-07,-0.0024702206
1.699376e-07,-0.0024845818
1.700376e-07,-0.0024939166
1.701376e-07,-0.0024931985
1.702376e-07,-0.0024817096
1.703376e-07,-0.002463758
1.704376e-07,-0.0024493968
1.705376e-07,-0.0024472426
1.706376e-07,-0.0024601677
1.707376e-07,-0.0024852999
1.708376e-07,-0.0025147403
1.709376e-07,-0.0025391544
1.710376e-07,-0.0025535156
1.711376e-07,-0.0025592601
1.712376e-07,-0.0025635685
1.713376e-07,-0.0025736213
1.714376e-07,-0.0025944451
1.715376e-07,-0.0026231675
1.716376e-07,-0.0026540441
1.717376e-07,-0.0026770221
1.718376e-07,-0.0026870749
1.719376e-07,-0.0026834846
1.720376e-07,-0.0026734318
1.721376e-07,-0.0026655331
1.722376e-07,-0.0026662511
1.723376e-07,-0.0026770221
1.724376e-07,-0.0026949736
1.725376e-07,-0.002711489
1.726376e-07,-0.0027215418
1.727376e-07,-0.0027229779
1.728376e-07,-0.0027179515
1.729376e-07,-0.002711489
1.730376e-07,-0.0027093348
1.731376e-07,-0.002711489
1.732376e-07,-0.0027179515
1.733376e-07,-0.0027229779
1.734376e-07,-0.002723696
1.735376e-07,-0.0027179515
1.736376e-07,-0.0027093348
1.737376e-07,-0.0027
1.738376e-07,-0.0026942555
1.739376e-07,-0.0026928194
1.740376e-07,-0.0026956916
1.741376e-07,-0.0027
1.742376e-07,-0.0027043084
1.743376e-07,-0.0027071806
1.744376e-07,-0.0027093348
1.745376e-07,-0.002711489
1.746376e-07,-0.002712207
1.747376e-07,-0.002711489
1.748376e-07,-0.0027071806
1.749376e-07,-0.0027
1.750376e-07,-0.0026928194
1.751376e-07,-0.002688511
1.752376e-07,-0.0026913833
1.753376e-07,-0.0027
1.754376e-07,-0.0027107709
1.755376e-07,-0.0027179515
1.756376e-07,-0.0027150793
1.757376e-07,-0.0027
1.758376e-07,-0.0026777401
1.759376e-07,-0.0026569164
1.760376e-07,-0.0026468635
1.761376e-07,-0.0026540441
1.762376e-07,-0.002676304
1.763376e-07,-0.0027064625
1.764376e-07,-0.0027323127
1.765376e-07,-0.0027459559
1.766376e-07,-0.0027438017
1.767376e-07,-0.0027315947
1.768376e-07,-0.0027179515
1.769376e-07,-0.002711489
1.770376e-07,-0.0027172335
1.771376e-07,-0.0027315947
1.772376e-07,-0.0027481101
1.773376e-07,-0.0027574449
1.774376e-07,-0.0027567268
1.775376e-07,-0.0027481101
1.776376e-07,-0.0027380572
1.777376e-07,-0.0027344669
1.778376e-07,-0.0027416475
1.779376e-07,-0.0027581629
1.780376e-07,-0.0027775506
1.781376e-07,-0.0027919118
1.782376e-07,-0.0027976563
1.783376e-07,-0.0027955021
1.784376e-07,-0.0027911937
1.785376e-07,-0.0027919118
1.786376e-07,-0.0028026827
1.787376e-07,-0.0028227884
1.788376e-07,-0.0028486386
1.789376e-07,-0.0028723346
1.790376e-07,-0.0028902861
1.791376e-07,-0.002901775
1.792376e-07,-0.0029096737
1.793376e-07,-0.0029182904
1.794376e-07,-0.0029304975
1.795376e-07,-0.0029470129
1.796376e-07,-0.0029628102
1.797376e-07,-0.0029757353
1.798376e-07,-0.002983634
1.799376e-07,-0.0029872243
1.800376e-07,-0.0029915326
1.801376e-07,-0.0029987132
1.802376e-07,-0.0030109203
1.803376e-07,-0.0030274357
1.804376e-07,-0.003043233
1.805376e-07,-0.0030561581
1.806376e-07,-0.0030662109
1.807376e-07,-0.0030748277
1.808376e-07,-0.0030863166
1.809376e-07,-0.003102114
1.810376e-07,-0.0031215016
1.811376e-07,-0.0031387351
1.812376e-07,-0.0031487879
1.813376e-07,-0.0031480699
1.814376e-07,-0.0031387351
1.815376e-07,-0.003126528
1.816376e-07,-0.0031200655
1.817376e-07,-0.0031250919
1.818376e-07,-0.0031401712
1.819376e-07,-0.0031595588
1.820376e-07,-0.0031724839
1.821376e-07,-0.0031710478
1.822376e-07,-0.0031545324
1.823376e-07,-0.0031286822
1.824376e-07,-0.0031035501
1.825376e-07,-0.003090625
1.826376e-07,-0.0030942153
1.827376e-07,-0.0031107307
1.828376e-07,-0.0031322725
1.829376e-07,-0.0031480699
1.830376e-07,-0.0031523782
1.831376e-07,-0.0031459157
1.832376e-07,-0.0031337086
1.833376e-07,-0.0031250919
1.834376e-07,-0.00312581
1.835376e-07,-0.0031351448
1.836376e-07,-0.0031487879
1.837376e-07,-0.0031595588
1.838376e-07,-0.0031624311
1.839376e-07,-0.0031559685
1.840376e-07,-0.0031459157
1.841376e-07,-0.0031365809
1.842376e-07,-0.0031337086
1.843376e-07,-0.0031372989
1.844376e-07,-0.0031437615
1.845376e-07,-0.0031480699
1.846376e-07,-0.0031473518
1.847376e-07,-0.0031408892
1.848376e-07,-0.0031322725
1.849376e-07,-0.0031250919
1.850376e-07,-0.0031215016
1.851376e-07,-0.0031200655
1.852376e-07,-0.0031186294
1.853376e-07,-0.0031136029
1.854376e-07,-0.0031042682
1.855376e-07,-0.0030942153
1.856376e-07,-0.0030884708
1.857376e-07,-0.003090625
1.858376e-07,-0.0031013959
1.859376e-07,-0.0031157571
1.860376e-07,-0.003126528
1.861376e-07,-0.0031250919
1.862376e-07,-0.0031100126
1.863376e-07,-0.0030834444
1.864376e-07,-0.003054722
1.865376e-07,-0.0030331801
1.866376e-07,-0.0030252815
1.867376e-07,-0.003031026
1.868376e-07,-0.0030439511
1.869376e-07,-0.0030561581
1.870376e-07,-0.0030590303
1.871376e-07,-0.0030504136
1.872376e-07,-0.003031744
1.873376e-07,-0.0030102022
1.874376e-07,-0.0029915326
1.875376e-07,-0.0029800437
1.876376e-07,-0.0029757353
1.877376e-07,-0.0029757353
1.878376e-07,-0.0029764534
1.879376e-07,-0.0029742992
1.880376e-07,-0.0029699908
1.881376e-07,-0.0029642463
1.882376e-07,-0.0029585018
1.883376e-07,-0.0029527574
1.884376e-07,-0.0029470129
1.885376e-07,-0.0029412684
1.886376e-07,-0.0029348058
1.887376e-07,-0.0029297794
1.888376e-07,-0.0029276252
1.889376e-07,-0.0029297794
1.890376e-07,-0.0029355239
1.891376e-07,-0.0029419864
1.892376e-07,-0.0029448587
1.893376e-07,-0.0029412684
1.894376e-07,-0.0029319336
1.895376e-07,-0.0029197266
1.896376e-07,-0.0029103918
1.897376e-07,-0.0029068015
1.898376e-07,-0.0029118279
1.899376e-07,-0.0029218807
1.900376e-07,-0.0029333697
1.901376e-07,-0.0029412684
1.902376e-07,-0.0029434226
1.903376e-07,-0.0029412684
1.904376e-07,-0.0029391142
1.905376e-07,-0.0029412684
1.906376e-07,-0.0029498851
1.907376e-07,-0.0029642463
1.908376e-07,-0.0029778895
1.909376e-07,-0.0029872243
1.910376e-07,-0.0029879423
1.911376e-07,-0.0029793256
1.912376e-07,-0.0029664005
1.913376e-07,-0.0029527574
1.914376e-07,-0.0029441406
1.915376e-07,-0.0029412684
1.916376e-07,-0.0029448587
1.917376e-07,-0.0029527574
1.918376e-07,-0.0029620921
1.919376e-07,-0.0029707089
1.920376e-07,-0.0029793256
1.921376e-07,-0.0029872243
1.922376e-07,-0.0029936868
1.923376e-07,-0.0029987132
1.924376e-07,-0.0030001494
1.925376e-07,-0.0029987132
1.926376e-07,-0.0029965591
1.927376e-07,-0.0029965591
1.928376e-07,-0.0030008674
1.929376e-07,-0.0030102022
1.930376e-07,-0.0030216912
1.931376e-07,-0.003031744
1.932376e-07,-0.0030360524
1.933376e-07,-0.0030331801
1.934376e-07,-0.0030245634
1.935376e-07,-0.0030145106
1.936376e-07,-0.0030087661
1.937376e-07,-0.0030102022
1.938376e-07,-0.0030166648
1.939376e-07,-0.0030238454
1.940376e-07,-0.0030267176
1.941376e-07,-0.0030216912
1.942376e-07,-0.0030116383
1.943376e-07,-0.0030023035
1.944376e-07,-0.0030001494
1.945376e-07,-0.0030102022
1.946376e-07,-0.003031744
1.947376e-07,-0.0030597484
1.948376e-07,-0.0030848805
1.949376e-07,-0.003102114
1.950376e-07,-0.0031100126
1.951376e-07,-0.0031114488
1.952376e-07,-0.0031150391
1.953376e-07,-0.0031250919
1.954376e-07,-0.0031444795
1.955376e-07,-0.0031688936
1.956376e-07,-0.0031911535
1.957376e-07,-0.0032055147
1.958376e-07,-0.003209105
1.959376e-07,-0.0032040786
1.960376e-07,-0.003197616
1.961376e-07,-0.0031940257
1.962376e-07,-0.003197616
1.963376e-07,-0.0032069508
1.964376e-07,-0.0032184398
1.965376e-07,-0.0032284926
1.966376e-07,-0.0032371094
1.967376e-07,-0.0032471622
1.968376e-07,-0.0032629596
1.969376e-07,-0.0032859375
1.970376e-07,-0.0033139419
1.971376e-07,-0.003339792
1.972376e-07,-0.0033548713
1.973376e-07,-0.0033548713
1.974376e-07,-0.003339792
1.975376e-07,-0.0033182502
1.976376e-07,-0.0033010168
1.977376e-07,-0.0032974265
1.978376e-07,-0.0033103516
1.979376e-07,-0.0033333295
1.980376e-07,-0.0033555894
1.981376e-07,-0.0033663603
1.982376e-07,-0.0033591797
1.983376e-07,-0.0033369198
1.984376e-07,-0.0033081974
1.985376e-07,-0.0032859375
1.986376e-07,-0.0032773208
1.987376e-07,-0.0032830653
1.988376e-07,-0.0032974265
1.989376e-07,-0.0033089154
1.990376e-07,-0.0033096335
1.991376e-07,-0.0032974265
1.992376e-07,-0.0032751666
1.993376e-07,-0.0032514706
1.994376e-07,-0.0032349552
1.995376e-07,-0.0032306468
1.996376e-07,-0.0032378274
1.997376e-07,-0.0032514706
1.998376e-07,-0.0032665499
1.999376e-07,-0.003280193
2.000376e-07,-0.0032895278
2.001376e-07,-0.0032974265
2.002376e-07,-0.003303889
2.003376e-07,-0.0033096335
2.004376e-07,-0.0033117877
2.005376e-07,-0.0033089154
2.006376e-07,-0.0033010168
2.007376e-07,-0.0032895278
2.008376e-07,-0.003279475
2.009376e-07,-0.0032744485
2.010376e-07,-0.0032773208
2.011376e-07,-0.0032866556
2.012376e-07,-0.0032981445
2.013376e-07,-0.0033089154
2.014376e-07,-0.003315378
2.015376e-07,-0.0033175322
2.016376e-07,-0.0033182502
2.017376e-07,-0.0033204044
2.018376e-07,-0.003326867
2.019376e-07,-0.0033362017
2.020376e-07,-0.0033462546
2.021376e-07,-0.0033548713
2.022376e-07,-0.0033598977
2.023376e-07,-0.00336277
2.024376e-07,-0.0033642061
2.025376e-07,-0.0033663603
2.026376e-07,-0.0033685145
2.027376e-07,-0.0033699506
2.028376e-07,-0.0033692325
2.029376e-07,-0.0033663603
2.030376e-07,-0.0033642061
2.031376e-07,-0.0033677964
2.032376e-07,-0.0033800034
2.033376e-07,-0.0034008272
2.034376e-07,-0.0034245232
2.035376e-07,-0.0034431928
2.036376e-07,-0.0034482192
2.037376e-07,-0.0034352941
2.038376e-07,-0.0034072898
2.039376e-07,-0.0033728228
2.040376e-07,-0.0033448185
2.041376e-07,-0.0033318934
2.042376e-07,-0.0033362017
2.043376e-07,-0.0033541533
2.044376e-07,-0.003374977
2.045376e-07,-0.0033893382
2.046376e-07,-0.0033922105
2.047376e-07,-0.0033850299
2.048376e-07,-0.003374259
2.049376e-07,-0.0033663603
2.050376e-07,-0.0033663603
2.051376e-07,-0.0033728228
2.052376e-07,-0.0033821576
2.053376e-07,-0.0033893382
2.054376e-07,-0.0033922105
2.055376e-07,-0.0033922105
2.056376e-07,-0.0033936466
2.057376e-07,-0.0034008272
2.058376e-07,-0.0034151884
2.059376e-07,-0.0034324219
2.060376e-07,-0.0034489373
2.061376e-07,-0.0034582721
2.062376e-07,-0.0034604262
2.063376e-07,-0.0034597082
2.064376e-07,-0.0034604262
2.065376e-07,-0.003469761
2.066376e-07,-0.0034869945
2.067376e-07,-0.0035092544
2.068376e-07,-0.0035279239
2.069376e-07,-0.0035386949
2.070376e-07,-0.0035386949
2.071376e-07,-0.0035322323
2.072376e-07,-0.0035264878
2.073376e-07,-0.0035272059
2.074376e-07,-0.0035365407
2.075376e-07,-0.0035494658
2.076376e-07,-0.0035602367
2.077376e-07,-0.0035616728
2.078376e-07,-0.0035516199
2.079376e-07,-0.0035351045
2.080376e-07,-0.0035207433
2.081376e-07,-0.0035157169
2.082376e-07,-0.0035236156
2.083376e-07,-0.0035415671
2.084376e-07,-0.0035609547
2.085376e-07,-0.0035731618
2.086376e-07,-0.0035738798
2.087376e-07,-0.0035652631
2.088376e-07,-0.0035544922
2.089376e-07,-0.0035501838
2.090376e-07,-0.0035573644
2.091376e-07,-0.0035753159
2.092376e-07,-0.0035990119
2.093376e-07,-0.0036191176
2.094376e-07,-0.0036313247
2.095376e-07,-0.0036341969
2.096376e-07,-0.0036327608
2.097376e-07,-0.0036306066
2.098376e-07,-0.0036320427
2.099376e-07,-0.003635633
2.100376e-07,-0.0036370692
2.101376e-07,-0.0036306066
2.102376e-07,-0.0036148093
2.103376e-07,-0.0035932675
2.104376e-07,-0.0035731618
2.105376e-07,-0.0035616728
2.106376e-07,-0.003563827
2.107376e-07,-0.0035796243
2.108376e-07,-0.0036004481
2.109376e-07,-0.0036191176
2.110376e-07,-0.0036277344
2.111376e-07,-0.0036248621
2.112376e-07,-0.003611937
2.113376e-07,-0.0035961397
2.114376e-07,-0.0035817785
2.115376e-07,-0.0035724437
2.116376e-07,-0.0035666992
2.117376e-07,-0.0035616728
2.118376e-07,-0.0035559283
2.119376e-07,-0.0035487477
2.120376e-07,-0.0035422852
2.121376e-07,-0.0035386949
2.122376e-07,-0.0035386949
2.123376e-07,-0.003540131
2.124376e-07,-0.0035415671
2.125376e-07,-0.0035386949
2.126376e-07,-0.0035307962
2.127376e-07,-0.0035207433
2.128376e-07,-0.0035106905
2.129376e-07,-0.0035042279
2.130376e-07,-0.0035027918
2.131376e-07,-0.0035042279
2.132376e-07,-0.0035056641
2.133376e-07,-0.0035042279
2.134376e-07,-0.0034992015
2.135376e-07,-0.0034941751
2.136376e-07,-0.0034905848
2.137376e-07,-0.003492739
2.138376e-07,-0.0034992015
2.139376e-07,-0.0035071002
2.140376e-07,-0.0035135627
2.141376e-07,-0.0035157169
2.142376e-07,-0.003516435
2.143376e-07,-0.0035200253
2.144376e-07,-0.0035307962
2.145376e-07,-0.0035501838
2.146376e-07,-0.0035745979
2.147376e-07,-0.0035954216
2.148376e-07,-0.0036040384
2.149376e-07,-0.0035961397
2.150376e-07,-0.0035731618
2.151376e-07,-0.0035444393
2.152376e-07,-0.0035221795
2.153376e-07,-0.0035157169
2.154376e-07,-0.0035279239
2.155376e-07,-0.0035544922
2.156376e-07,-0.0035846507
2.157376e-07,-0.0036076287
2.158376e-07,-0.0036183996
2.159376e-07,-0.0036176815
2.160376e-07,-0.003611937
2.161376e-07,-0.0036076287
2.162376e-07,-0.0036090648
2.163376e-07,-0.0036140912
2.164376e-07,-0.0036191176
2.165376e-07,-0.0036191176
2.166376e-07,-0.0036126551
2.167376e-07,-0.0036040384
2.168376e-07,-0.00359973
2.169376e-07,-0.0036076287
2.170376e-07,-0.0036277344
2.171376e-07,-0.0036564568
2.172376e-07,-0.003683025
2.173376e-07,-0.0036995404
2.174376e-07,-0.0037009766
2.175376e-07,-0.0036909237
2.176376e-07,-0.0036758444
2.177376e-07,-0.0036650735
2.178376e-07,-0.0036643555
2.179376e-07,-0.0036722541
2.180376e-07,-0.003682307
2.181376e-07,-0.0036880515
2.182376e-07,-0.0036837431
2.183376e-07,-0.0036701
2.184376e-07,-0.0036535846
2.185376e-07,-0.0036420956
2.186376e-07,-0.0036413775
2.187376e-07,-0.0036521484
2.188376e-07,-0.0036701
2.189376e-07,-0.0036880515
2.190376e-07,-0.0037002585
2.191376e-07,-0.0037052849
2.192376e-07,-0.0037038488
2.193376e-07,-0.0036995404
2.194376e-07,-0.0036952321
2.195376e-07,-0.0036916418
2.196376e-07,-0.0036858973
2.197376e-07,-0.0036765625
2.198376e-07,-0.0036622013
2.199376e-07,-0.003647122
2.200376e-07,-0.003634915
2.201376e-07,-0.0036306066
2.202376e-07,-0.003635633
2.203376e-07,-0.003647122
2.204376e-07,-0.003659329
2.205376e-07,-0.0036650735
2.206376e-07,-0.0036622013
2.207376e-07,-0.0036521484
2.208376e-07,-0.0036399414
2.209376e-07,-0.0036306066
2.210376e-07,-0.0036270163
2.211376e-07,-0.0036270163
2.212376e-07,-0.0036262983
2.213376e-07,-0.0036191176
2.214376e-07,-0.0036040384
2.215376e-07,-0.0035832146
2.216376e-07,-0.0035631089
2.217376e-07,-0.0035501838
2.218376e-07,-0.0035480296
2.219376e-07,-0.0035559283
2.220376e-07,-0.0035666992
2.221376e-07,-0.0035731618
2.222376e-07,-0.0035702895
2.223376e-07,-0.0035588006
2.224376e-07,-0.0035415671
2.225376e-07,-0.0035272059
2.226376e-07,-0.0035200253
2.227376e-07,-0.0035221795
2.228376e-07,-0.0035307962
2.229376e-07,-0.0035386949
2.230376e-07,-0.0035415671
2.231376e-07,-0.0035372587
2.232376e-07,-0.0035272059
2.233376e-07,-0.0035157169
2.234376e-07,-0.0035078182
2.235376e-07,-0.0035078182
2.236376e-07,-0.0035142808
2.237376e-07,-0.0035272059
2.238376e-07,-0.0035437213
2.239376e-07,-0.0035631089
2.240376e-07,-0.0035846507
2.241376e-07,-0.0036076287
2.242376e-07,-0.0036320427
2.243376e-07,-0.0036557387
2.244376e-07,-0.0036751264
2.245376e-07,-0.0036880515
2.246376e-07,-0.003694514
2.247376e-07,-0.0036981043
2.248376e-07,-0.0037016946
2.249376e-07,-0.0037110294
2.250376e-07,-0.0037282629
2.251376e-07,-0.0037512408
2.252376e-07,-0.0037778091
2.253376e-07,-0.0038029412
2.254376e-07,-0.0038223288
2.255376e-07,-0.0038352539
2.256376e-07,-0.0038431526
2.257376e-07,-0.0038488971
2.258376e-07,-0.0038560777
2.259376e-07,-0.0038661305
2.260376e-07,-0.0038790556
2.261376e-07,-0.0038948529
2.262376e-07,-0.0039120864
2.263376e-07,-0.0039300379
2.264376e-07,-0.0039479894
2.265376e-07,-0.0039637868
2.266376e-07,-0.0039745577
2.267376e-07,-0.003978866
2.268376e-07,-0.0039745577
2.269376e-07,-0.0039637868
2.270376e-07,-0.0039508617
2.271376e-07,-0.0039422449
2.272376e-07,-0.0039422449
2.273376e-07,-0.0039522978
2.274376e-07,-0.0039695312
2.275376e-07,-0.0039874828
2.276376e-07,-0.0039989717
2.277376e-07,-0.0039982537
2.278376e-07,-0.0039860466
2.279376e-07,-0.0039680951
2.280376e-07,-0.0039508617
2.281376e-07,-0.0039408088
2.282376e-07,-0.0039400908
2.283376e-07,-0.0039458352
2.284376e-07,-0.0039515797
2.285376e-07,-0.0039522978
2.286376e-07,-0.0039458352
2.287376e-07,-0.0039343463
2.288376e-07,-0.0039228573
2.289376e-07,-0.0039178309
2.290376e-07,-0.0039214212
2.291376e-07,-0.003931474
2.292376e-07,-0.0039436811
2.293376e-07,-0.0039522978
2.294376e-07,-0.0039530159
2.295376e-07,-0.0039472714
2.296376e-07,-0.0039379366
2.297376e-07,-0.0039293199
2.298376e-07,-0.0039250115
2.299376e-07,-0.0039257295
2.300376e-07,-0.0039278837
2.301376e-07,-0.0039293199
2.302376e-07,-0.0039278837
2.303376e-07,-0.0039250115
2.304376e-07,-0.0039207031
2.305376e-07,-0.0039178309
2.306376e-07,-0.0039163948
2.307376e-07,-0.0039149586
2.308376e-07,-0.0039120864
2.309376e-07,-0.0039063419
2.310376e-07,-0.0039005974
2.311376e-07,-0.0038984432
2.312376e-07,-0.0039034697
2.313376e-07,-0.0039178309
2.314376e-07,-0.0039379366
2.315376e-07,-0.0039580423
2.316376e-07,-0.0039716854
2.317376e-07,-0.0039752757
2.318376e-07,-0.0039695312
2.319376e-07,-0.0039594784
2.320376e-07,-0.0039522978
2.321376e-07,-0.0039522978
2.322376e-07,-0.0039601965
2.323376e-07,-0.0039702493
2.324376e-07,-0.0039774299
2.325376e-07,-0.0039752757
2.326376e-07,-0.0039659409
2.327376e-07,-0.0039558881
2.328376e-07,-0.0039530159
2.329376e-07,-0.0039637868
2.330376e-07,-0.0039882008
2.331376e-07,-0.0040190774
2.332376e-07,-0.0040449276
2.333376e-07,-0.0040556985
2.334376e-07,-0.0040485179
2.335376e-07,-0.0040269761
2.336376e-07,-0.004002562
2.337376e-07,-0.0039867647
2.338376e-07,-0.0039867647
2.339376e-07,-0.0040011259
2.340376e-07,-0.0040241039
2.341376e-07,-0.0040442096
2.342376e-07,-0.0040542624
2.343376e-07,-0.0040528263
2.344376e-07,-0.0040427734
2.345376e-07,-0.0040327206
2.346376e-07,-0.0040276942
2.347376e-07,-0.0040298483
2.348376e-07,-0.0040334386
2.349376e-07,-0.0040327206
2.350376e-07,-0.0040219497
2.351376e-07,-0.0039989717
2.352376e-07,-0.0039695312
2.353376e-07,-0.0039408088
2.354376e-07,-0.0039199851
2.355376e-07,-0.0039106503
2.356376e-07,-0.0039120864
2.357376e-07,-0.0039178309
2.358376e-07,-0.0039221392
2.359376e-07,-0.003919267
2.360376e-07,-0.0039099322
2.361376e-07,-0.0038948529
2.362376e-07,-0.0038790556
2.363376e-07,-0.0038646944
2.364376e-07,-0.0038546415
2.365376e-07,-0.0038488971
2.366376e-07,-0.0038453068
2.367376e-07,-0.0038431526
2.368376e-07,-0.0038409984
2.369376e-07,-0.0038374081
2.370376e-07,-0.0038323817
2.371376e-07,-0.003824483
2.372376e-07,-0.0038144301
2.373376e-07,-0.0038029412
2.374376e-07,-0.0037936064
2.375376e-07,-0.00378858
2.376376e-07,-0.0037921703
2.377376e-07,-0.0038029412
2.378376e-07,-0.0038187385
2.379376e-07,-0.0038345358
2.380376e-07,-0.0038453068
2.381376e-07,-0.0038488971
2.382376e-07,-0.0038474609
2.383376e-07,-0.0038445887
2.384376e-07,-0.0038445887
2.385376e-07,-0.0038488971
2.386376e-07,-0.0038560777
2.387376e-07,-0.0038611041
2.388376e-07,-0.0038589499
2.389376e-07,-0.0038488971
2.390376e-07,-0.0038330997
2.391376e-07,-0.0038180205
2.392376e-07,-0.0038108398
2.393376e-07,-0.0038144301
2.394376e-07,-0.0038259191
2.395376e-07,-0.0038381261
2.396376e-07,-0.0038431526
2.397376e-07,-0.0038374081
2.398376e-07,-0.0038223288
2.399376e-07,-0.0038058134
2.400376e-07,-0.0037971967
2.401376e-07,-0.0038029412
2.402376e-07,-0.0038208927
2.403376e-07,-0.0038438706
2.404376e-07,-0.003859668
2.405376e-07,-0.003860386
2.406376e-07,-0.0038445887
2.407376e-07,-0.0038180205
2.408376e-07,-0.0037936064
2.409376e-07,-0.0037799632
2.410376e-07,-0.0037828355
2.411376e-07,-0.0037993509
2.412376e-07,-0.0038208927
2.413376e-07,-0.0038374081
2.414376e-07,-0.0038453068
2.415376e-07,-0.0038445887
2.416376e-07,-0.0038438706
2.417376e-07,-0.0038488971
2.418376e-07,-0.0038639763
2.419376e-07,-0.0038862362
2.420376e-07,-0.0039106503
2.421376e-07,-0.0039293199
2.422376e-07,-0.0039393727
2.423376e-07,-0.003942963
2.424376e-07,-0.0039458352
2.425376e-07,-0.0039522978
2.426376e-07,-0.0039652229
2.427376e-07,-0.0039810202
2.428376e-07,-0.0039939453
2.429376e-07,-0.0039982537
2.430376e-07,-0.0039932273
2.431376e-07,-0.0039838925
2.432376e-07,-0.0039752757
2.433376e-07,-0.0039752757
2.434376e-07,-0.0039838925
2.435376e-07,-0.0039968176
2.436376e-07,-0.0040075885
2.437376e-07,-0.0040097426
2.438376e-07,-0.0040032801
2.439376e-07,-0.0039939453
2.440376e-07,-0.003990355
2.441376e-07,-0.0039982537
2.442376e-07,-0.0040197955
2.443376e-07,-0.0040477999
2.444376e-07,-0.0040743681
2.445376e-07,-0.0040901654
2.446376e-07,-0.0040937557
2.447376e-07,-0.0040887293
2.448376e-07,-0.004085139
2.449376e-07,-0.0040901654
2.450376e-07,-0.0041059628
2.451376e-07,-0.0041275046
2.452376e-07,-0.0041476103
2.453376e-07,-0.0041590993
2.454376e-07,-0.0041612534
2.455376e-07,-0.0041598173
2.456376e-07,-0.0041641257
2.457376e-07,-0.0041820772
2.458376e-07,-0.0042129538
2.459376e-07,-0.004250293
2.460376e-07,-0.0042818876
2.461376e-07,-0.0042969669
2.462376e-07,-0.0042933766
2.463376e-07,-0.0042768612
2.464376e-07,-0.0042589097
2.465376e-07,-0.004251011
2.466376e-07,-0.0042589097
2.467376e-07,-0.0042790154
2.468376e-07,-0.0043019933
2.469376e-07,-0.0043199449
2.470376e-07,-0.0043271255
2.471376e-07,-0.0043264074
2.472376e-07,-0.0043256893
2.473376e-07,-0.0043314338
2.474376e-07,-0.004345795
2.475376e-07,-0.0043659007
2.476376e-07,-0.0043824161
2.477376e-07,-0.0043888787
2.478376e-07,-0.0043852884
2.479376e-07,-0.0043766716
2.480376e-07,-0.0043716452
2.481376e-07,-0.0043773897
2.482376e-07,-0.004393187
2.483376e-07,-0.0044104205
2.484376e-07,-0.0044197553
2.485376e-07,-0.0044118566
2.486376e-07,-0.0043881606
2.487376e-07,-0.0043580021
2.488376e-07,-0.0043357422
2.489376e-07,-0.0043314338
2.490376e-07,-0.0043465131
2.491376e-07,-0.0043730813
2.492376e-07,-0.0043953412
2.493376e-07,-0.0044003676
2.494376e-07,-0.0043852884
2.495376e-07,-0.0043565659
2.496376e-07,-0.0043307158
2.497376e-07,-0.0043199449
2.498376e-07,-0.0043307158
2.499376e-07,-0.004357284
2.500376e-07,-0.0043852884
2.501376e-07,-0.0044003676
2.502376e-07,-0.0043946232
2.503376e-07,-0.0043730813
2.504376e-07,-0.0043472312
2.505376e-07,-0.0043314338
2.506376e-07,-0.0043343061
2.507376e-07,-0.0043544118
2.508376e-07,-0.0043802619
2.509376e-07,-0.0044003676
2.510376e-07,-0.0044061121
2.511376e-07,-0.0043996496
2.512376e-07,-0.0043903148
2.513376e-07,-0.0043888787
2.514376e-07,-0.0044018038
2.515376e-07,-0.0044262178
2.516376e-07,-0.004452068
2.517376e-07,-0.0044693015
2.518376e-07,-0.0044707376
2.519376e-07,-0.0044578125
2.520376e-07,-0.0044420152
2.521376e-07,-0.0044348346
2.522376e-07,-0.0044427332
2.523376e-07,-0.0044657112
2.524376e-07,-0.0044937155
2.525376e-07,-0.0045152574
2.526376e-07,-0.0045238741
2.527376e-07,-0.0045188477
2.528376e-07,-0.0045087948
2.529376e-07,-0.0045037684
2.530376e-07,-0.0045095129
2.531376e-07,-0.0045245921
2.532376e-07,-0.0045411075
2.533376e-07,-0.0045497243
2.534376e-07,-0.0045439798
2.535376e-07,-0.0045245921
2.536376e-07,-0.0045001781
2.537376e-07,-0.0044807904
2.538376e-07,-0.004475046
2.539376e-07,-0.0044836627
2.540376e-07,-0.0045001781
2.541376e-07,-0.0045152574
2.542376e-07,-0.0045217199
2.543376e-07,-0.0045181296
2.544376e-07,-0.0045059226
2.545376e-07,-0.0044922794
2.546376e-07,-0.0044815085
2.547376e-07,-0.004475764
2.548376e-07,-0.0044728918
2.549376e-07,-0.0044693015
2.550376e-07,-0.004464275
2.551376e-07,-0.0044585306
2.552376e-07,-0.0044556583
2.553376e-07,-0.0044578125
2.554376e-07,-0.0044621209
2.555376e-07,-0.004463557
2.556376e-07,-0.0044556583
2.557376e-07,-0.0044348346
2.558376e-07,-0.0044032399
2.559376e-07,-0.004369491
2.560376e-07,-0.0043429228
2.561376e-07,-0.0043314338
2.562376e-07,-0.004333588
2.563376e-07,-0.0043429228
2.564376e-07,-0.0043486673
2.565376e-07,-0.0043429228
2.566376e-07,-0.0043249713
2.567376e-07,-0.0043027114
2.568376e-07,-0.004286196
2.569376e-07,-0.0042854779
2.570376e-07,-0.0043005572
2.571376e-07,-0.0043249713
2.572376e-07,-0.0043465131
2.573376e-07,-0.0043544118
2.574376e-07,-0.0043465131
2.575376e-07,-0.0043278435
2.576376e-07,-0.0043120462
2.577376e-07,-0.0043084559
2.578376e-07,-0.0043206629
2.579376e-07,-0.0043443589
2.580376e-07,-0.0043666188
2.581376e-07,-0.0043773897
2.582376e-07,-0.0043737994
2.583376e-07,-0.0043608743
2.584376e-07,-0.0043501034
2.585376e-07,-0.0043544118
2.586376e-07,-0.0043766716
2.587376e-07,-0.0044118566
2.588376e-07,-0.0044477597
2.589376e-07,-0.0044693015
2.590376e-07,-0.0044707376
2.591376e-07,-0.0044556583
2.592376e-07,-0.0044348346
2.593376e-07,-0.0044233456
2.594376e-07,-0.0044290901
2.595376e-07,-0.0044527861
2.596376e-07,-0.0044858169
2.597376e-07,-0.0045152574
2.598376e-07,-0.0045324908
2.599376e-07,-0.0045353631
2.600376e-07,-0.0045267463
2.601376e-07,-0.0045152574
2.602376e-07,-0.0045066406
2.603376e-07,-0.0045037684
2.604376e-07,-0.0045037684
2.605376e-07,-0.0045037684
2.606376e-07,-0.0045023323
2.607376e-07,-0.0045030503
2.608376e-07,-0.0045102309
2.609376e-07,-0.0045267463
2.610376e-07,-0.0045504423
2.611376e-07,-0.0045741383
2.612376e-07,-0.0045877815
2.613376e-07,-0.0045841912
2.614376e-07,-0.0045633674
2.615376e-07,-0.0045317727
2.616376e-07,-0.0045008961
2.617376e-07,-0.0044807904
2.618376e-07,-0.004475046
2.619376e-07,-0.0044807904
2.620376e-07,-0.0044886891
2.621376e-07,-0.0044922794
2.622376e-07,-0.004487971
2.623376e-07,-0.0044807904
2.624376e-07,-0.0044764821
2.625376e-07,-0.0044807904
2.626376e-07,-0.0044922794
2.627376e-07,-0.0045037684
2.628376e-07,-0.0045059226
2.629376e-07,-0.0044922794
2.630376e-07,-0.0044664292
2.631376e-07,-0.0044377068
2.632376e-07,-0.0044204733
2.633376e-07,-0.0044233456
2.634376e-07,-0.0044463235
2.635376e-07,-0.0044779182
2.636376e-07,-0.0045008961
2.637376e-07,-0.0045037684
2.638376e-07,-0.0044829446
2.639376e-07,-0.0044470416
2.640376e-07,-0.0044147289
2.641376e-07,-0.0044003676
2.642376e-07,-0.0044111386
2.643376e-07,-0.004440579
2.644376e-07,-0.0044728918
2.645376e-07,-0.0044922794
2.646376e-07,-0.0044886891
2.647376e-07,-0.0044657112
2.648376e-07,-0.0044348346
2.649376e-07,-0.0044118566
2.650376e-07,-0.0044053941
2.651376e-07,-0.0044147289
2.652376e-07,-0.0044290901
2.653376e-07,-0.0044348346
2.654376e-07,-0.0044233456
2.655376e-07,-0.0043939051
2.656376e-07,-0.0043551298
2.657376e-07,-0.0043199449
2.658376e-07,-0.0042969669
2.659376e-07,-0.0042876321
2.660376e-07,-0.004286196
2.661376e-07,-0.0042854779
2.662376e-07,-0.0042782973
2.663376e-07,-0.0042660903
2.664376e-07,-0.0042546013
2.665376e-07,-0.004251011
2.666376e-07,-0.0042603458
2.667376e-07,-0.0042782973
2.668376e-07,-0.004297685
2.669376e-07,-0.0043084559
2.670376e-07,-0.0043048656
2.671376e-07,-0.0042883502
2.672376e-07,-0.0042668084
2.673376e-07,-0.004251011
2.674376e-07,-0.0042452665
2.675376e-07,-0.004250293
2.676376e-07,-0.0042581916
2.677376e-07,-0.0042625
2.678376e-07,-0.0042596278
2.679376e-07,-0.004251011
2.680376e-07,-0.0042459846
2.681376e-07,-0.004251011
2.682376e-07,-0.0042689625
2.683376e-07,-0.0042948127
2.684376e-07,-0.0043192268
2.685376e-07,-0.0043314338
2.686376e-07,-0.0043264074
2.687376e-07,-0.0043077378
2.688376e-07,-0.004286196
2.689376e-07,-0.004273989
2.690376e-07,-0.0042797335
2.691376e-07,-0.0043034295
2.692376e-07,-0.0043357422
2.693376e-07,-0.0043659007
2.694376e-07,-0.0043838523
2.695376e-07,-0.0043881606
2.696376e-07,-0.0043831342
2.697376e-07,-0.0043773897
2.698376e-07,-0.0043788258
2.699376e-07,-0.0043895967
2.700376e-07,-0.0044068302
2.701376e-07,-0.0044233456
2.702376e-07,-0.0044341165
2.703376e-07,-0.0044377068
2.704376e-07,-0.0044362707
2.705376e-07,-0.0044348346
2.706376e-07,-0.0044384249
2.707376e-07,-0.0044470416
2.708376e-07,-0.0044585306
2.709376e-07,-0.0044693015
2.710376e-07,-0.0044772001
2.711376e-07,-0.0044836627
2.712376e-07,-0.0044915614
2.713376e-07,-0.0045037684
2.714376e-07,-0.0045210018
2.715376e-07,-0.0045396714
2.716376e-07,-0.0045547507
2.717376e-07,-0.0045612132
2.718376e-07,-0.0045576229
2.719376e-07,-0.004546852
2.720376e-07,-0.004534645
2.721376e-07,-0.0045267463
2.722376e-07,-0.0045245921
2.723376e-07,-0.0045267463
2.724376e-07,-0.0045289005
2.725376e-07,-0.0045267463
2.726376e-07,-0.0045202838
2.727376e-07,-0.004511667
2.728376e-07,-0.0045052045
2.729376e-07,-0.0045037684
2.730376e-07,-0.0045066406
2.731376e-07,-0.0045087948
2.732376e-07,-0.0045044864
2.733376e-07,-0.0044922794
2.734376e-07,-0.0044736098
2.735376e-07,-0.0044556583
2.736376e-07,-0.0044456055
2.737376e-07,-0.0044463235
2.738376e-07,-0.0044556583
2.739376e-07,-0.0044657112
2.740376e-07,-0.0044678653
2.741376e-07,-0.0044578125
2.742376e-07,-0.0044377068
2.743376e-07,-0.0044176011
2.744376e-07,-0.0044068302
2.745376e-07,-0.0044118566
2.746376e-07,-0.0044298081
2.747376e-07,-0.00445135
2.748376e-07,-0.0044628389
2.749376e-07,-0.0044578125
2.750376e-07,-0.0044362707
2.751376e-07,-0.0044075483
2.752376e-07,-0.0043845703
2.753376e-07,-0.0043773897
2.754376e-07,-0.0043860064
2.755376e-07,-0.0044032399
2.756376e-07,-0.0044147289
2.757376e-07,-0.0044118566
2.758376e-07,-0.0043946232
2.759376e-07,-0.0043709272
2.760376e-07,-0.0043536937
2.761376e-07,-0.0043544118
2.762376e-07,-0.0043723633
2.763376e-07,-0.0043996496
2.764376e-07,-0.0044197553
2.765376e-07,-0.0044233456
2.766376e-07,-0.0044075483
2.767376e-07,-0.00438098
2.768376e-07,-0.0043587201
2.769376e-07,-0.0043544118
2.770376e-07,-0.0043709272
2.771376e-07,-0.0044018038
2.772376e-07,-0.0044312443
2.773376e-07,-0.0044463235
2.774376e-07,-0.0044427332
2.775376e-07,-0.0044269359
2.776376e-07,-0.0044125747
2.777376e-07,-0.0044118566
2.778376e-07,-0.0044290901
2.779376e-07,-0.0044570944
2.780376e-07,-0.0044822266
2.781376e-07,-0.0044922794
2.782376e-07,-0.0044822266
2.783376e-07,-0.0044599667
2.784376e-07,-0.0044391429
2.785376e-07,-0.0044348346
2.786376e-07,-0.004452068
2.787376e-07,-0.0044850988
2.788376e-07,-0.0045181296
2.789376e-07,-0.0045382353
2.790376e-07,-0.0045375172
2.791376e-07,-0.0045202838
2.792376e-07,-0.0045001781
2.793376e-07,-0.0044922794
2.794376e-07,-0.0045037684
2.795376e-07,-0.0045310547
2.796376e-07,-0.0045626494
2.797376e-07,-0.0045841912
2.798376e-07,-0.0045892176
2.799376e-07,-0.0045813189
2.800376e-07,-0.0045719841
2.801376e-07,-0.0045727022
2.802376e-07,-0.0045906537
2.803376e-07,-0.0046200942
2.804376e-07,-0.0046495347
2.805376e-07,-0.004664614
2.806376e-07,-0.0046588695
2.807376e-07,-0.0046366096
2.808376e-07,-0.0046100414
2.809376e-07,-0.0045956801
2.810376e-07,-0.0046021427
2.811376e-07,-0.0046287109
2.812376e-07,-0.0046660501
2.813376e-07,-0.0046990809
2.814376e-07,-0.0047184685
2.815376e-07,-0.0047227769
2.816376e-07,-0.0047170324
2.817376e-07,-0.0047105699
2.818376e-07,-0.0047084157
2.819376e-07,-0.0047112879
2.820376e-07,-0.0047141602
2.821376e-07,-0.0047105699
2.822376e-07,-0.004700517
2.823376e-07,-0.0046897461
2.824376e-07,-0.0046868739
2.825376e-07,-0.0046990809
2.826376e-07,-0.0047263672
2.827376e-07,-0.0047608341
2.828376e-07,-0.0047895565
2.829376e-07,-0.0048024816
2.830376e-07,-0.0047967371
2.831376e-07,-0.0047787856
2.832376e-07,-0.0047615522
2.833376e-07,-0.0047565257
2.834376e-07,-0.0047672966
2.835376e-07,-0.0047874023
2.836376e-07,-0.00480679
2.837376e-07,-0.0048139706
2.838376e-07,-0.0048060719
2.839376e-07,-0.0047895565
2.840376e-07,-0.0047773495
2.841376e-07,-0.0047795037
2.842376e-07,-0.0047988913
2.843376e-07,-0.0048276137
2.844376e-07,-0.0048527459
2.845376e-07,-0.0048599265
2.846376e-07,-0.0048462833
2.847376e-07,-0.004818997
2.848376e-07,-0.0047917107
2.849376e-07,-0.0047795037
2.850376e-07,-0.0047881204
2.851376e-07,-0.0048110983
2.852376e-07,-0.0048362305
2.853376e-07,-0.0048484375
2.854376e-07,-0.0048412569
2.855376e-07,-0.004818997
2.856376e-07,-0.0047938649
2.857376e-07,-0.0047795037
2.858376e-07,-0.0047823759
2.859376e-07,-0.0047996094
2.860376e-07,-0.004818279
2.861376e-07,-0.0048254596
2.862376e-07,-0.0048139706
2.863376e-07,-0.0047866843
2.864376e-07,-0.0047558077
2.865376e-07,-0.0047335478
2.866376e-07,-0.0047285214
2.867376e-07,-0.0047392923
2.868376e-07,-0.0047565257
2.869376e-07,-0.0047680147
2.870376e-07,-0.0047672966
2.871376e-07,-0.0047550896
2.872376e-07,-0.0047407284
2.873376e-07,-0.0047335478
2.874376e-07,-0.0047385742
2.875376e-07,-0.0047536535
2.876376e-07,-0.0047701689
2.877376e-07,-0.0047795037
2.878376e-07,-0.0047780676
2.879376e-07,-0.0047701689
2.880376e-07,-0.0047644244
2.881376e-07,-0.0047680147
2.882376e-07,-0.004783812
2.883376e-07,-0.0048053539
2.884376e-07,-0.0048225873
2.885376e-07,-0.0048254596
2.886376e-07,-0.0048125345
2.887376e-07,-0.0047917107
2.888376e-07,-0.0047766314
2.889376e-07,-0.0047795037
2.890376e-07,-0.0048039177
2.891376e-07,-0.004842693
2.892376e-07,-0.0048821864
2.893376e-07,-0.0049058824
2.894376e-07,-0.0049073185
2.895376e-07,-0.004889367
2.896376e-07,-0.004865671
2.897376e-07,-0.0048484375
2.898376e-07,-0.0048477194
2.899376e-07,-0.0048613626
2.900376e-07,-0.0048807502
2.901376e-07,-0.0048943934
2.902376e-07,-0.0048951114
2.903376e-07,-0.0048857767
2.904376e-07,-0.0048742877
2.905376e-07,-0.0048714154
2.906376e-07,-0.0048821864
2.907376e-07,-0.0049044462
2.908376e-07,-0.0049274242
2.909376e-07,-0.0049403493
2.910376e-07,-0.004937477
2.911376e-07,-0.0049216797
2.912376e-07,-0.0049037282
2.913376e-07,-0.0048943934
2.914376e-07,-0.004901574
2.915376e-07,-0.0049223977
2.916376e-07,-0.0049468118
2.917376e-07,-0.0049633272
2.918376e-07,-0.0049640453
2.919376e-07,-0.0049482479
2.920376e-07,-0.00492527
2.921376e-07,-0.0049058824
2.922376e-07,-0.0048979837
2.923376e-07,-0.0049030101
2.924376e-07,-0.0049159352
2.925376e-07,-0.0049288603
2.926376e-07,-0.0049346048
2.927376e-07,-0.0049324506
2.928376e-07,-0.00492527
2.929376e-07,-0.0049173713
2.930376e-07,-0.0049116268
2.931376e-07,-0.0049066004
2.932376e-07,-0.0048979837
2.933376e-07,-0.0048829044
2.934376e-07,-0.0048620807
2.935376e-07,-0.0048412569
2.936376e-07,-0.0048276137
2.937376e-07,-0.0048254596
2.938376e-07,-0.0048355124
2.939376e-07,-0.0048498736
2.940376e-07,-0.0048599265
2.941376e-07,-0.0048599265
2.942376e-07,-0.0048491556
2.943376e-07,-0.0048355124
2.944376e-07,-0.0048290499
2.945376e-07,-0.0048369485
2.946376e-07,-0.0048592084
2.947376e-07,-0.0048864947
2.948376e-07,-0.0049051643
2.949376e-07,-0.0049058824
2.950376e-07,-0.0048864947
2.951376e-07,-0.0048556181
2.952376e-07,-0.0048268957
2.953376e-07,-0.0048139706
2.954376e-07,-0.0048211512
2.955376e-07,-0.004841975
2.956376e-07,-0.0048627987
2.957376e-07,-0.0048714154
2.958376e-07,-0.0048613626
2.959376e-07,-0.0048362305
2.960376e-07,-0.0048089442
2.961376e-07,-0.0047909926
2.962376e-07,-0.0047895565
2.963376e-07,-0.0048003274
2.964376e-07,-0.0048125345
2.965376e-07,-0.0048139706
2.966376e-07,-0.0047981733
2.967376e-07,-0.0047680147
2.968376e-07,-0.0047342659
2.969376e-07,-0.0047105699
2.970376e-07,-0.0047041073
2.971376e-07,-0.0047148782
2.972376e-07,-0.0047321117
2.973376e-07,-0.0047450368
2.974376e-07,-0.0047450368
2.975376e-07,-0.0047321117
2.976376e-07,-0.0047134421
2.977376e-07,-0.0046990809
2.978376e-07,-0.0046962086
2.979376e-07,-0.0047055434
2.980376e-07,-0.0047206227
2.981376e-07,-0.0047335478
2.982376e-07,-0.0047378562
2.983376e-07,-0.0047335478
2.984376e-07,-0.0047256491
2.985376e-07,-0.0047220588
2.986376e-07,-0.0047263672
2.987376e-07,-0.0047371381
2.988376e-07,-0.0047500632
2.989376e-07,-0.0047565257
2.990376e-07,-0.0047543716
2.991376e-07,-0.0047457548
2.992376e-07,-0.0047371381
2.993376e-07,-0.0047335478
2.994376e-07,-0.0047385742
2.995376e-07,-0.0047507813
2.996376e-07,-0.0047622702
2.997376e-07,-0.0047680147
2.998376e-07,-0.0047658605
2.999376e-07,-0.004759398
3.000376e-07,-0.0047543716
3.001376e-07,-0.0047565257
3.002376e-07,-0.0047658605
3.003376e-07,-0.0047795037
3.004376e-07,-0.0047888385
3.005376e-07,-0.0047909926
3.006376e-07,-0.0047859662
3.007376e-07,-0.0047795037
3.008376e-07,-0.0047795037
3.009376e-07,-0.0047909926
3.010376e-07,-0.0048118164
3.011376e-07,-0.0048326402
3.012376e-07,-0.0048434111
3.013376e-07,-0.0048369485
3.014376e-07,-0.0048154067
3.015376e-07,-0.0047881204
3.016376e-07,-0.0047694508
3.017376e-07,-0.0047680147
3.018376e-07,-0.0047852482
3.019376e-07,-0.0048132525
3.020376e-07,-0.0048376666
3.021376e-07,-0.0048484375
3.022376e-07,-0.004841975
3.023376e-07,-0.0048268957
3.024376e-07,-0.0048139706
3.025376e-07,-0.0048139706
3.026376e-07,-0.0048297679
3.027376e-07,-0.0048549
3.028376e-07,-0.0048757238
3.029376e-07,-0.0048829044
3.030376e-07,-0.0048735696
3.031376e-07,-0.0048549
3.032376e-07,-0.0048391027
3.033376e-07,-0.0048369485
3.034376e-07,-0.0048505917
3.035376e-07,-0.0048728516
3.036376e-07,-0.0048908031
3.037376e-07,-0.0048943934
3.038376e-07,-0.0048814683
3.039376e-07,-0.0048592084
3.040376e-07,-0.0048412569
3.041376e-07,-0.0048369485
3.042376e-07,-0.0048484375
3.043376e-07,-0.004866389
3.044376e-07,-0.004877878
3.045376e-07,-0.0048714154
3.046376e-07,-0.0048448472
3.047376e-07,-0.0048082261
3.048376e-07,-0.0047780676
3.049376e-07,-0.0047680147
3.050376e-07,-0.0047816579
3.051376e-07,-0.0048096622
3.052376e-07,-0.0048369485
3.053376e-07,-0.0048484375
3.054376e-07,-0.0048383847
3.055376e-07,-0.0048132525
3.056376e-07,-0.0047888385
3.057376e-07,-0.0047795037
3.058376e-07,-0.0047902746
3.059376e-07,-0.0048146886
3.060376e-07,-0.0048391027
3.061376e-07,-0.0048484375
3.062376e-07,-0.0048376666
3.063376e-07,-0.0048125345
3.064376e-07,-0.0047888385
3.065376e-07,-0.0047795037
3.066376e-07,-0.0047909926
3.067376e-07,-0.0048168428
3.068376e-07,-0.0048412569
3.069376e-07,-0.0048484375
3.070376e-07,-0.004831204
3.071376e-07,-0.004795301
3.072376e-07,-0.0047572438
3.073376e-07,-0.0047335478
3.074376e-07,-0.0047342659
3.075376e-07,-0.0047572438
3.076376e-07,-0.0047895565
3.077376e-07,-0.0048139706
3.078376e-07,-0.0048218693
3.079376e-07,-0.0048132525
3.080376e-07,-0.0047988913
3.081376e-07,-0.0047909926
3.082376e-07,-0.0047967371
3.083376e-07,-0.0048139706
3.084376e-07,-0.004831204
3.085376e-07,-0.0048369485
3.086376e-07,-0.0048240234
3.087376e-07,-0.0047967371
3.088376e-07,-0.0047658605
3.089376e-07,-0.0047450368
3.090376e-07,-0.0047421645
3.091376e-07,-0.0047543716
3.092376e-07,-0.0047708869
3.093376e-07,-0.0047795037
3.094376e-07,-0.0047723231
3.095376e-07,-0.0047522174
3.096376e-07,-0.0047278033
3.097376e-07,-0.0047105699
3.098376e-07,-0.0047076976
3.099376e-07,-0.0047163143
3.100376e-07,-0.0047285214
3.101376e-07,-0.0047335478
3.102376e-07,-0.0047263672
3.103376e-07,-0.0047098518
3.104376e-07,-0.0046933364
3.105376e-07,-0.0046875919
3.106376e-07,-0.0046954906
3.107376e-07,-0.0047134421
3.108376e-07,-0.0047299575
3.109376e-07,-0.0047335478
3.110376e-07,-0.0047199046
3.111376e-07,-0.0046926183
3.112376e-07,-0.0046624598
3.113376e-07,-0.004641636
3.114376e-07,-0.0046351735
3.115376e-07,-0.004640918
3.116376e-07,-0.0046502528
3.117376e-07,-0.004653125
3.118376e-07,-0.0046466625
3.119376e-07,-0.0046351735
3.120376e-07,-0.0046265568
3.121376e-07,-0.0046301471
3.122376e-07,-0.0046466625
3.123376e-07,-0.0046674862
3.124376e-07,-0.0046811294
3.125376e-07,-0.0046761029
3.126376e-07,-0.0046495347
3.127376e-07,-0.0046100414
3.128376e-07,-0.0045719841
3.129376e-07,-0.0045497243
3.130376e-07,-0.0045504423
3.131376e-07,-0.0045683938
3.132376e-07,-0.0045920898
3.133376e-07,-0.0046071691
3.134376e-07,-0.004605733
3.135376e-07,-0.0045906537
3.136376e-07,-0.0045719841
3.137376e-07,-0.0045612132
3.138376e-07,-0.0045640855
3.139376e-07,-0.0045791648
3.140376e-07,-0.0045971163
3.141376e-07,-0.0046071691
3.142376e-07,-0.0046050149
3.143376e-07,-0.004594244
3.144376e-07,-0.0045841912
3.145376e-07,-0.0045841912
3.146376e-07,-0.0045978343
3.147376e-07,-0.0046200942
3.148376e-07,-0.0046423541
3.149376e-07,-0.004653125
3.150376e-07,-0.0046502528
3.151376e-07,-0.0046380457
3.152376e-07,-0.0046279929
3.153376e-07,-0.0046301471
3.154376e-07,-0.0046466625
3.155376e-07,-0.0046717946
3.156376e-07,-0.0046926183
3.157376e-07,-0.0046990809
3.158376e-07,-0.0046875919
3.159376e-07,-0.004664614
3.160376e-07,-0.0046452263
3.161376e-07,-0.004641636
3.162376e-07,-0.0046603056
3.163376e-07,-0.0046947725
3.164376e-07,-0.0047321117
3.165376e-07,-0.0047565257
3.166376e-07,-0.004760116
3.167376e-07,-0.0047457548
3.168376e-07,-0.004724213
3.169376e-07,-0.0047105699
3.170376e-07,-0.004712724
3.171376e-07,-0.0047313936
3.172376e-07,-0.0047572438
3.173376e-07,-0.0047795037
3.174376e-07,-0.0047895565
3.175376e-07,-0.0047859662
3.176376e-07,-0.0047766314
3.177376e-07,-0.0047680147
3.178376e-07,-0.0047658605
3.179376e-07,-0.0047694508
3.180376e-07,-0.0047723231
3.181376e-07,-0.0047680147
3.182376e-07,-0.0047558077
3.183376e-07,-0.0047400103
3.184376e-07,-0.0047299575
3.185376e-07,-0.0047335478
3.186376e-07,-0.0047514993
3.187376e-07,-0.0047773495
3.188376e-07,-0.0047981733
3.189376e-07,-0.0048024816
3.190376e-07,-0.0047874023
3.191376e-07,-0.0047586799
3.192376e-07,-0.0047285214
3.193376e-07,-0.0047105699
3.194376e-07,-0.0047098518
3.195376e-07,-0.0047234949
3.196376e-07,-0.0047392923
3.197376e-07,-0.0047450368
3.198376e-07,-0.0047349839
3.199376e-07,-0.0047112879
3.200376e-07,-0.0046840016
3.201376e-07,-0.004664614
3.202376e-07,-0.0046595875
3.203376e-07,-0.0046682043
3.204376e-07,-0.0046804113
3.205376e-07,-0.0046875919
3.206376e-07,-0.0046832835
3.207376e-07,-0.0046703585
3.208376e-07,-0.0046574334
3.209376e-07,-0.004653125
3.210376e-07,-0.0046631778
3.211376e-07,-0.0046832835
3.212376e-07,-0.0047069795
3.213376e-07,-0.0047220588
3.214376e-07,-0.004724213
3.215376e-07,-0.0047163143
3.216376e-07,-0.0047048254
3.217376e-07,-0.0046990809
3.218376e-07,-0.0047048254
3.219376e-07,-0.0047191866
3.220376e-07,-0.0047349839
3.221376e-07,-0.0047450368
3.222376e-07,-0.0047450368
3.223376e-07,-0.0047385742
3.224376e-07,-0.0047321117
3.225376e-07,-0.0047335478
3.226376e-07,-0.0047464729
3.227376e-07,-0.0047672966
3.228376e-07,-0.0047888385
3.229376e-07,-0.0048024816
3.230376e-07,-0.0048060719
3.231376e-07,-0.0048010455
3.232376e-07,-0.004794583
3.233376e-07,-0.0047909926
3.234376e-07,-0.0047924288
3.235376e-07,-0.0047938649
3.236376e-07,-0.0047909926
3.237376e-07,-0.0047795037
3.238376e-07,-0.0047629883
3.239376e-07,-0.0047500632
3.240376e-07,-0.0047500632
3.241376e-07,-0.0047680147
3.242376e-07,-0.0047988913
3.243376e-07,-0.004831204
3.244376e-07,-0.0048505917
3.245376e-07,-0.0048484375
3.246376e-07,-0.0048261776
3.247376e-07,-0.0047967371
3.248376e-07,-0.0047766314
3.249376e-07,-0.0047795037
3.250376e-07,-0.0048060719
3.251376e-07,-0.0048448472
3.252376e-07,-0.0048793141
3.253376e-07,-0.0048943934
3.254376e-07,-0.0048850586
3.255376e-07,-0.0048599265
3.256376e-07,-0.0048347943
3.257376e-07,-0.0048254596
3.258376e-07,-0.0048383847
3.259376e-07,-0.0048671071
3.260376e-07,-0.0048987017
3.261376e-07,-0.0049173713
3.262376e-07,-0.0049180894
3.263376e-07,-0.0049051643
3.264376e-07,-0.0048929573
3.265376e-07,-0.0048943934
3.266376e-07,-0.0049152171
3.267376e-07,-0.0049482479
3.268376e-07,-0.0049812787
3.269376e-07,-0.0049977941
3.270376e-07,-0.0049920496
3.271376e-07,-0.0049683536
3.272376e-07,-0.0049425034
3.273376e-07,-0.0049288603
3.274376e-07,-0.004937477
3.275376e-07,-0.0049647633
3.276376e-07,-0.0049977941
3.277376e-07,-0.0050207721
3.278376e-07,-0.0050236443
3.279376e-07,-0.005007847
3.280376e-07,-0.0049834329
3.281376e-07,-0.0049633272
3.282376e-07,-0.0049575827
3.283376e-07,-0.0049661994
3.284376e-07,-0.0049791245
3.285376e-07,-0.0049863051
3.286376e-07,-0.0049791245
3.287376e-07,-0.0049583008
3.288376e-07,-0.0049338867
3.289376e-07,-0.0049173713
3.290376e-07,-0.0049173713
3.291376e-07,-0.0049331687
3.292376e-07,-0.0049561466
3.293376e-07,-0.0049748162
3.294376e-07,-0.0049805607
3.295376e-07,-0.004972662
3.296376e-07,-0.0049561466
3.297376e-07,-0.0049403493
3.298376e-07,-0.0049331687
3.299376e-07,-0.0049353228
3.300376e-07,-0.0049439396
3.301376e-07,-0.0049518382
3.302376e-07,-0.0049554285
3.303376e-07,-0.0049561466
3.304376e-07,-0.0049575827
3.305376e-07,-0.0049633272
3.306376e-07,-0.0049740981
3.307376e-07,-0.0049863051
3.308376e-07,-0.0049920496
3.309376e-07,-0.0049863051
3.310376e-07,-0.0049705078
3.311376e-07,-0.0049518382
3.312376e-07,-0.0049389131
3.313376e-07,-0.0049403493
3.314376e-07,-0.0049554285
3.315376e-07,-0.0049769704
3.316376e-07,-0.0049934858
3.317376e-07,-0.0049977941
3.318376e-07,-0.0049877413
3.319376e-07,-0.0049712259
3.320376e-07,-0.004960455
3.321376e-07,-0.0049633272
3.322376e-07,-0.0049819968
3.323376e-07,-0.005008565
3.324376e-07,-0.0050286707
3.325376e-07,-0.005032261
3.326376e-07,-0.0050157456
3.327376e-07,-0.0049863051
3.328376e-07,-0.0049568647
3.329376e-07,-0.0049403493
3.330376e-07,-0.0049410673
3.331376e-07,-0.0049547105
3.332376e-07,-0.0049690717
3.333376e-07,-0.0049748162
3.334376e-07,-0.0049669175
3.335376e-07,-0.0049504021
3.336376e-07,-0.0049346048
3.337376e-07,-0.0049288603
3.338376e-07,-0.0049360409
3.339376e-07,-0.004948966
3.340376e-07,-0.0049568647
3.341376e-07,-0.0049518382
3.342376e-07,-0.0049324506
3.343376e-07,-0.0049073185
3.344376e-07,-0.0048908031
3.345376e-07,-0.0048943934
3.346376e-07,-0.0049195255
3.347376e-07,-0.0049575827
3.348376e-07,-0.0049920496
3.349376e-07,-0.0050092831
3.350376e-07,-0.0050035386
3.351376e-07,-0.0049827148
3.352376e-07,-0.004960455
3.353376e-07,-0.0049518382
3.354376e-07,-0.0049633272
3.355376e-07,-0.0049898955
3.356376e-07,-0.0050171818
3.357376e-07,-0.005032261
3.358376e-07,-0.0050272346
3.359376e-07,-0.0050071289
3.360376e-07,-0.004984869
3.361376e-07,-0.0049748162
3.362376e-07,-0.0049855871
3.363376e-07,-0.0050143095
3.364376e-07,-0.0050494945
3.365376e-07,-0.0050782169
3.366376e-07,-0.0050918601
3.367376e-07,-0.0050904239
3.368376e-07,-0.0050825253
3.369376e-07,-0.0050782169
3.370376e-07,-0.0050825253
3.371376e-07,-0.0050925781
3.372376e-07,-0.0051011949
3.373376e-07,-0.0051011949
3.374376e-07,-0.0050897059
3.375376e-07,-0.0050710363
3.376376e-07,-0.0050573932
3.377376e-07,-0.005055239
3.378376e-07,-0.005067446
3.379376e-07,-0.0050868336
3.380376e-07,-0.0051019129
3.381376e-07,-0.0051011949
3.382376e-07,-0.0050832433
3.383376e-07,-0.005055957
3.384376e-07,-0.0050308249
3.385376e-07,-0.0050207721
3.386376e-07,-0.0050286707
3.387376e-07,-0.0050473403
3.388376e-07,-0.0050645738
3.389376e-07,-0.0050667279
3.390376e-07,-0.0050502125
3.391376e-07,-0.0050214901
3.392376e-07,-0.0049920496
3.393376e-07,-0.0049748162
3.394376e-07,-0.0049733801
3.395376e-07,-0.0049819968
3.396376e-07,-0.0049898955
3.397376e-07,-0.0049863051
3.398376e-07,-0.0049690717
3.399376e-07,-0.0049446576
3.400376e-07,-0.0049281422
3.401376e-07,-0.0049288603
3.402376e-07,-0.0049496841
3.403376e-07,-0.0049805607
3.404376e-07,-0.0050049747
3.405376e-07,-0.0050092831
3.406376e-07,-0.0049891774
3.407376e-07,-0.0049539924
3.408376e-07,-0.0049202436
3.409376e-07,-0.0049058824
3.410376e-07,-0.0049173713
3.411376e-07,-0.0049496841
3.412376e-07,-0.0049855871
3.413376e-07,-0.0050092831
3.414376e-07,-0.0050100011
3.415376e-07,-0.0049920496
3.416376e-07,-0.0049669175
3.417376e-07,-0.0049518382
3.418376e-07,-0.0049554285
3.419376e-07,-0.0049762523
3.420376e-07,-0.0050028205
3.421376e-07,-0.0050207721
3.422376e-07,-0.0050214901
3.423376e-07,-0.0050071289
3.424376e-07,-0.0049870232
3.425376e-07,-0.0049748162
3.426376e-07,-0.0049769704
3.427376e-07,-0.0049906135
3.428376e-07,-0.0050056928
3.429376e-07,-0.0050092831
3.430376e-07,-0.0049956399
3.431376e-07,-0.0049669175
3.432376e-07,-0.004936759
3.433376e-07,-0.0049173713
3.434376e-07,-0.0049173713
3.435376e-07,-0.0049353228
3.436376e-07,-0.0049590188
3.437376e-07,-0.0049748162
3.438376e-07,-0.0049740981
3.439376e-07,-0.0049575827
3.440376e-07,-0.0049346048
3.441376e-07,-0.0049173713
3.442376e-07,-0.0049152171
3.443376e-07,-0.0049288603
3.444376e-07,-0.004948966
3.445376e-07,-0.0049633272
3.446376e-07,-0.0049633272
3.447376e-07,-0.004948966
3.448376e-07,-0.0049259881
3.449376e-07,-0.0049058824
3.450376e-07,-0.0048972656
3.451376e-07,-0.004902292
3.452376e-07,-0.0049152171
3.453376e-07,-0.0049288603
3.454376e-07,-0.0049353228
3.455376e-07,-0.0049346048
3.456376e-07,-0.0049302964
3.457376e-07,-0.0049288603
3.458376e-07,-0.0049353228
3.459376e-07,-0.0049482479
3.460376e-07,-0.0049633272
3.461376e-07,-0.0049748162
3.462376e-07,-0.0049798426
3.463376e-07,-0.0049791245
3.464376e-07,-0.0049798426
3.465376e-07,-0.0049863051
3.466376e-07,-0.0050006664
3.467376e-07,-0.0050193359
3.468376e-07,-0.0050358513
3.469376e-07,-0.00504375
3.470376e-07,-0.0050423139
3.471376e-07,-0.0050344152
3.472376e-07,-0.0050293888
3.473376e-07,-0.005032261
3.474376e-07,-0.0050451861
3.475376e-07,-0.0050624196
3.476376e-07,-0.0050753447
3.477376e-07,-0.0050782169
3.478376e-07,-0.0050688821
3.479376e-07,-0.0050538028
3.480376e-07,-0.0050423139
3.481376e-07,-0.00504375
3.482376e-07,-0.0050602654
3.483376e-07,-0.0050861156
3.484376e-07,-0.0051105296
3.485376e-07,-0.0051241728
3.486376e-07,-0.0051220186
3.487376e-07,-0.0051076574
3.488376e-07,-0.0050897059
3.489376e-07,-0.0050782169
3.490376e-07,-0.0050760627
3.491376e-07,-0.005078935
3.492376e-07,-0.005078935
3.493376e-07,-0.0050667279
3.494376e-07,-0.0050401597
3.495376e-07,-0.0050049747
3.496376e-07,-0.0049719439
3.497376e-07,-0.0049518382
3.498376e-07,-0.004948966
3.499376e-07,-0.004961173
3.500376e-07,-0.0049769704
3.501376e-07,-0.0049863051
3.502376e-07,-0.0049834329
3.503376e-07,-0.0049690717
3.504376e-07,-0.0049518382
3.505376e-07,-0.0049403493
3.506376e-07,-0.0049396312
3.507376e-07,-0.0049468118
3.508376e-07,-0.0049539924
3.509376e-07,-0.0049518382
3.510376e-07,-0.004936759
3.511376e-07,-0.0049123449
3.512376e-07,-0.0048872128
3.513376e-07,-0.0048714154
3.514376e-07,-0.0048706974
3.515376e-07,-0.0048821864
3.516376e-07,-0.0048979837
3.517376e-07,-0.0049058824
3.518376e-07,-0.0049001379
3.519376e-07,-0.0048807502
3.520376e-07,-0.0048563362
3.521376e-07,-0.0048369485
3.522376e-07,-0.004830486
3.523376e-07,-0.0048383847
3.524376e-07,-0.0048549
3.525376e-07,-0.0048714154
3.526376e-07,-0.0048807502
3.527376e-07,-0.0048814683
3.528376e-07,-0.0048764419
3.529376e-07,-0.0048714154
3.530376e-07,-0.0048714154
3.531376e-07,-0.004877878
3.532376e-07,-0.0048872128
3.533376e-07,-0.0048943934
3.534376e-07,-0.0048972656
3.535376e-07,-0.0048958295
3.536376e-07,-0.0048936753
3.537376e-07,-0.0048943934
3.538376e-07,-0.0049001379
3.539376e-07,-0.0049094727
3.540376e-07,-0.0049166533
3.541376e-07,-0.0049173713
3.542376e-07,-0.0049109088
3.543376e-07,-0.0049008559
3.544376e-07,-0.0048936753
3.545376e-07,-0.0048943934
3.546376e-07,-0.0049051643
3.547376e-07,-0.0049231158
3.548376e-07,-0.0049410673
3.549376e-07,-0.0049518382
3.550376e-07,-0.0049525563
3.551376e-07,-0.0049453757
3.552376e-07,-0.0049353228
3.553376e-07,-0.0049288603
3.554376e-07,-0.0049281422
3.555376e-07,-0.0049324506
3.556376e-07,-0.0049381951
3.557376e-07,-0.0049403493
3.558376e-07,-0.004937477
3.559376e-07,-0.0049324506
3.560376e-07,-0.0049288603
3.561376e-07,-0.0049288603
3.562376e-07,-0.0049331687
3.563376e-07,-0.0049389131
3.564376e-07,-0.0049417854
3.565376e-07,-0.0049403493
3.566376e-07,-0.004936759
3.567376e-07,-0.0049360409
3.568376e-07,-0.0049446576
3.569376e-07,-0.0049633272
3.570376e-07,-0.0049884593
3.571376e-07,-0.0050092831
3.572376e-07,-0.0050178998
3.573376e-07,-0.0050092831
3.574376e-07,-0.0049884593
3.575376e-07,-0.0049654814
3.576376e-07,-0.0049547105
3.577376e-07,-0.0049633272
3.578376e-07,-0.0049891774
3.579376e-07,-0.0050207721
3.580376e-07,-0.0050423139
3.581376e-07,-0.00504375
3.582376e-07,-0.0050229262
3.583376e-07,-0.0049898955
3.584376e-07,-0.004961173
3.585376e-07,-0.0049518382
3.586376e-07,-0.0049669175
3.587376e-07,-0.0050006664
3.588376e-07,-0.0050387236
3.589376e-07,-0.0050667279
3.590376e-07,-0.0050746266
3.591376e-07,-0.0050645738
3.592376e-07,-0.0050466222
3.593376e-07,-0.005032261
3.594376e-07,-0.0050301068
3.595376e-07,-0.0050394416
3.596376e-07,-0.0050545209
3.597376e-07,-0.0050667279
3.598376e-07,-0.0050710363
3.599376e-07,-0.0050688821
3.600376e-07,-0.0050688821
3.601376e-07,-0.0050782169
3.602376e-07,-0.0050997587
3.603376e-07,-0.0051306353
3.604376e-07,-0.0051607939
3.605376e-07,-0.0051816176
3.606376e-07,-0.0051880802
3.607376e-07,-0.0051823357
3.608376e-07,-0.005173719
3.609376e-07,-0.0051701287
3.610376e-07,-0.0051765912
3.611376e-07,-0.0051895163
3.612376e-07,-0.0052017233
3.613376e-07,-0.0052045956
3.614376e-07,-0.0051959789
3.615376e-07,-0.0051794635
3.616376e-07,-0.0051643842
3.617376e-07,-0.0051586397
3.618376e-07,-0.0051665384
3.619376e-07,-0.0051830538
3.620376e-07,-0.0051988511
3.621376e-07,-0.0052045956
3.622376e-07,-0.0051945427
3.623376e-07,-0.0051722829
3.624376e-07,-0.0051457146
3.625376e-07,-0.0051241728
3.626376e-07,-0.0051119658
3.627376e-07,-0.0051062213
3.628376e-07,-0.0051011949
3.629376e-07,-0.0050897059
3.630376e-07,-0.0050688821
3.631376e-07,-0.0050430319
3.632376e-07,-0.005020054
3.633376e-07,-0.0050092831
3.634376e-07,-0.0050121553
3.635376e-07,-0.0050229262
3.636376e-07,-0.0050329791
3.637376e-07,-0.005032261
3.638376e-07,-0.0050171818
3.639376e-07,-0.0049906135
3.640376e-07,-0.0049626091
3.641376e-07,-0.0049403493
3.642376e-07,-0.0049288603
3.643376e-07,-0.00492527
3.644376e-07,-0.0049238339
3.645376e-07,-0.0049173713
3.646376e-07,-0.0049051643
3.647376e-07,-0.0048929573
3.648376e-07,-0.0048872128
3.649376e-07,-0.0048943934
3.650376e-07,-0.004913781
3.651376e-07,-0.0049389131
3.652376e-07,-0.0049575827
3.653376e-07,-0.0049633272
3.654376e-07,-0.0049547105
3.655376e-07,-0.0049389131
3.656376e-07,-0.0049274242
3.657376e-07,-0.0049288603
3.658376e-07,-0.0049425034
3.659376e-07,-0.004961173
3.660376e-07,-0.0049712259
3.661376e-07,-0.0049633272
3.662376e-07,-0.0049381951
3.663376e-07,-0.0049058824
3.664376e-07,-0.0048829044
3.665376e-07,-0.0048829044
3.666376e-07,-0.0049087546
3.667376e-07,-0.0049525563
3.668376e-07,-0.0049956399
3.669376e-07,-0.0050207721
3.670376e-07,-0.0050193359
3.671376e-07,-0.0049934858
3.672376e-07,-0.0049583008
3.673376e-07,-0.0049288603
3.674376e-07,-0.0049173713
3.675376e-07,-0.0049245519
3.676376e-07,-0.0049432215
3.677376e-07,-0.0049633272
3.678376e-07,-0.0049755342
3.679376e-07,-0.0049798426
3.680376e-07,-0.0049812787
3.681376e-07,-0.0049863051
3.682376e-07,-0.0049985122
3.683376e-07,-0.0050150276
3.684376e-07,-0.0050286707
3.685376e-07,-0.005032261
3.686376e-07,-0.0050236443
3.687376e-07,-0.0050071289
3.688376e-07,-0.0049920496
3.689376e-07,-0.0049863051
3.690376e-07,-0.0049920496
3.691376e-07,-0.0050042567
3.692376e-07,-0.0050128734
3.693376e-07,-0.0050092831
3.694376e-07,-0.0049920496
3.695376e-07,-0.0049676356
3.696376e-07,-0.0049468118
3.697376e-07,-0.0049403493
3.698376e-07,-0.0049496841
3.699376e-07,-0.0049683536
3.700376e-07,-0.004984151
3.701376e-07,-0.0049863051
3.702376e-07,-0.0049719439
3.703376e-07,-0.0049460937
3.704376e-07,-0.0049209616
3.705376e-07,-0.0049058824
3.706376e-07,-0.0049044462
3.707376e-07,-0.0049116268
3.708376e-07,-0.0049152171
3.709376e-07,-0.0049058824
3.710376e-07,-0.0048821864
3.711376e-07,-0.0048505917
3.712376e-07,-0.0048247415
3.713376e-07,-0.0048139706
3.714376e-07,-0.0048211512
3.715376e-07,-0.0048383847
3.716376e-07,-0.0048513097
3.717376e-07,-0.0048484375
3.718376e-07,-0.0048254596
3.719376e-07,-0.0047909926
3.720376e-07,-0.004759398
3.721376e-07,-0.0047450368
3.722376e-07,-0.0047529354
3.723376e-07,-0.0047766314
3.724376e-07,-0.0048017636
3.725376e-07,-0.0048139706
3.726376e-07,-0.0048060719
3.727376e-07,-0.004783812
3.728376e-07,-0.0047586799
3.729376e-07,-0.0047450368
3.730376e-07,-0.0047500632
3.731376e-07,-0.0047694508
3.732376e-07,-0.0047917107
3.733376e-07,-0.0048024816
3.734376e-07,-0.004795301
3.735376e-07,-0.0047737592
3.736376e-07,-0.0047486271
3.737376e-07,-0.0047335478
3.738376e-07,-0.004735702
3.739376e-07,-0.0047536535
3.740376e-07,-0.0047759134
3.741376e-07,-0.0047909926
3.742376e-07,-0.0047909926
3.743376e-07,-0.0047780676
3.744376e-07,-0.004759398
3.745376e-07,-0.0047450368
3.746376e-07,-0.0047407284
3.747376e-07,-0.0047450368
3.748376e-07,-0.0047486271
3.749376e-07,-0.0047450368
3.750376e-07,-0.0047313936
3.751376e-07,-0.004712724
3.752376e-07,-0.0046990809
3.753376e-07,-0.0046990809
3.754376e-07,-0.0047141602
3.755376e-07,-0.0047371381
3.756376e-07,-0.0047550896
3.757376e-07,-0.0047565257
3.758376e-07,-0.0047378562
3.759376e-07,-0.0047055434
3.760376e-07,-0.0046732307
3.761376e-07,-0.004653125
3.762376e-07,-0.0046516889
3.763376e-07,-0.004664614
3.764376e-07,-0.0046804113
3.765376e-07,-0.0046875919
3.766376e-07,-0.0046818474
3.767376e-07,-0.0046682043
3.768376e-07,-0.0046588695
3.769376e-07,-0.004664614
3.770376e-07,-0.004689028
3.771376e-07,-0.004724213
3.772376e-07,-0.0047550896
3.773376e-07,-0.0047680147
3.774376e-07,-0.0047550896
3.775376e-07,-0.0047213408
3.776376e-07,-0.0046818474
3.777376e-07,-0.004653125
3.778376e-07,-0.0046466625
3.779376e-07,-0.0046610237
3.780376e-07,-0.0046875919
3.781376e-07,-0.0047105699
3.782376e-07,-0.0047206227
3.783376e-07,-0.0047148782
3.784376e-07,-0.004700517
3.785376e-07,-0.0046875919
3.786376e-07,-0.0046832835
3.787376e-07,-0.00468831
3.788376e-07,-0.0046962086
3.789376e-07,-0.0046990809
3.790376e-07,-0.0046911822
3.791376e-07,-0.0046761029
3.792376e-07,-0.0046603056
3.793376e-07,-0.004653125
3.794376e-07,-0.0046603056
3.795376e-07,-0.0046782571
3.796376e-07,-0.0046983628
3.797376e-07,-0.0047105699
3.798376e-07,-0.0047098518
3.799376e-07,-0.0046976448
3.800376e-07,-0.0046832835
3.801376e-07,-0.0046761029
3.802376e-07,-0.0046825655
3.803376e-07,-0.0047012351
3.804376e-07,-0.0047249311
3.805376e-07,-0.0047450368
3.806376e-07,-0.0047550896
3.807376e-07,-0.0047565257
3.808376e-07,-0.0047543716
3.809376e-07,-0.0047565257
3.810376e-07,-0.0047658605
3.811376e-07,-0.0047795037
3.812376e-07,-0.0047902746
3.813376e-07,-0.0047909926
3.814376e-07,-0.0047787856
3.815376e-07,-0.004759398
3.816376e-07,-0.0047407284
3.817376e-07,-0.0047335478
3.818376e-07,-0.0047421645
3.819376e-07,-0.0047644244
3.820376e-07,-0.0047917107
3.821376e-07,-0.0048139706
3.822376e-07,-0.0048254596
3.823376e-07,-0.0048268957
3.824376e-07,-0.0048247415
3.825376e-07,-0.0048254596
3.826376e-07,-0.0048333582
3.827376e-07,-0.0048477194
3.828376e-07,-0.0048620807
3.829376e-07,-0.0048714154
3.830376e-07,-0.0048735696
3.831376e-07,-0.0048706974
3.832376e-07,-0.0048685432
3.833376e-07,-0.0048714154
3.834376e-07,-0.0048807502
3.835376e-07,-0.0048936753
3.836376e-07,-0.0049030101
3.837376e-07,-0.0049058824
3.838376e-07,-0.0049030101
3.839376e-07,-0.0048994198
3.840376e-07,-0.0049030101
3.841376e-07,-0.0049173713
3.842376e-07,-0.0049389131
3.843376e-07,-0.0049590188
3.844376e-07,-0.0049690717
3.845376e-07,-0.0049633272
3.846376e-07,-0.0049453757
3.847376e-07,-0.0049259881
3.848376e-07,-0.0049180894
3.849376e-07,-0.0049288603
3.850376e-07,-0.0049554285
3.851376e-07,-0.0049870232
3.852376e-07,-0.005008565
3.853376e-07,-0.0050092831
3.854376e-07,-0.0049913316
3.855376e-07,-0.0049654814
3.856376e-07,-0.0049482479
3.857376e-07,-0.0049518382
3.858376e-07,-0.0049776884
3.859376e-07,-0.0050150276
3.860376e-07,-0.0050451861
3.861376e-07,-0.005055239
3.862376e-07,-0.0050408778
3.863376e-07,-0.0050107192
3.864376e-07,-0.0049834329
3.865376e-07,-0.0049748162
3.866376e-07,-0.0049920496
3.867376e-07,-0.0050272346
3.868376e-07,-0.0050660099
3.869376e-07,-0.0050897059
3.870376e-07,-0.0050904239
3.871376e-07,-0.0050717544
3.872376e-07,-0.0050473403
3.873376e-07,-0.005032261
3.874376e-07,-0.0050351333
3.875376e-07,-0.0050538028
3.876376e-07,-0.0050767808
3.877376e-07,-0.0050897059
3.878376e-07,-0.0050846795
3.879376e-07,-0.0050645738
3.880376e-07,-0.0050387236
3.881376e-07,-0.0050207721
3.882376e-07,-0.0050186179
3.883376e-07,-0.0050293888
3.884376e-07,-0.0050459042
3.885376e-07,-0.005055239
3.886376e-07,-0.0050516487
3.887376e-07,-0.0050372875
3.888376e-07,-0.005020054
3.889376e-07,-0.0050092831
3.890376e-07,-0.0050100011
3.891376e-07,-0.0050186179
3.892376e-07,-0.0050250804
3.893376e-07,-0.0050207721
3.894376e-07,-0.0050013844
3.895376e-07,-0.004972662
3.896376e-07,-0.0049446576
3.897376e-07,-0.0049288603
3.898376e-07,-0.0049295784
3.899376e-07,-0.0049417854
3.900376e-07,-0.0049568647
3.901376e-07,-0.0049633272
3.902376e-07,-0.0049575827
3.903376e-07,-0.0049439396
3.904376e-07,-0.0049310145
3.905376e-07,-0.0049288603
3.906376e-07,-0.0049389131
3.907376e-07,-0.0049554285
3.908376e-07,-0.0049661994
3.909376e-07,-0.0049633272
3.910376e-07,-0.0049439396
3.911376e-07,-0.0049152171
3.912376e-07,-0.0048915211
3.913376e-07,-0.0048829044
3.914376e-07,-0.0048936753
3.915376e-07,-0.0049173713
3.916376e-07,-0.0049403493
3.917376e-07,-0.0049518382
3.918376e-07,-0.0049475299
3.919376e-07,-0.0049346048
3.920376e-07,-0.0049245519
3.921376e-07,-0.0049288603
3.922376e-07,-0.0049496841
3.923376e-07,-0.0049791245
3.924376e-07,-0.0050028205
3.925376e-07,-0.0050092831
3.926376e-07,-0.0049956399
3.927376e-07,-0.0049705078
3.928376e-07,-0.0049504021
3.929376e-07,-0.0049518382
3.930376e-07,-0.0049798426
3.931376e-07,-0.0050279527
3.932376e-07,-0.0050782169
3.933376e-07,-0.0051126838
3.934376e-07,-0.0051213006
3.935376e-07,-0.0051076574
3.936376e-07,-0.0050839614
3.937376e-07,-0.0050667279
3.938376e-07,-0.005067446
3.939376e-07,-0.0050861156
3.940376e-07,-0.0051134019
3.941376e-07,-0.0051356618
3.942376e-07,-0.0051442785
3.943376e-07,-0.0051399701
3.944376e-07,-0.0051291992
3.945376e-07,-0.0051241728
3.946376e-07,-0.0051299173
3.947376e-07,-0.0051457146
3.948376e-07,-0.00516223
3.949376e-07,-0.0051701287
3.950376e-07,-0.0051636661
3.951376e-07,-0.0051464327
3.952376e-07,-0.0051256089
3.953376e-07,-0.0051126838
3.954376e-07,-0.0051105296
3.955376e-07,-0.0051162741
3.956376e-07,-0.0051198644
3.957376e-07,-0.0051126838
3.958376e-07,-0.005091142
3.959376e-07,-0.0050609835
3.960376e-07,-0.0050336972
3.961376e-07,-0.0050207721
3.962376e-07,-0.0050265165
3.963376e-07,-0.0050451861
3.964376e-07,-0.0050631376
3.965376e-07,-0.0050667279
3.966376e-07,-0.0050494945
3.967376e-07,-0.0050157456
3.968376e-07,-0.0049784065
3.969376e-07,-0.0049518382
3.970376e-07,-0.0049460937
3.971376e-07,-0.0049590188
3.972376e-07,-0.0049812787
3.973376e-07,-0.0049977941
3.974376e-07,-0.0049992302
3.975376e-07,-0.0049855871
3.976376e-07,-0.0049661994
3.977376e-07,-0.0049518382
3.978376e-07,-0.0049525563
3.979376e-07,-0.0049683536
3.980376e-07,-0.0049920496
3.981376e-07,-0.0050092831
3.982376e-07,-0.0050114373
3.983376e-07,-0.0049956399
3.984376e-07,-0.0049683536
3.985376e-07,-0.0049403493
3.986376e-07,-0.0049231158
3.987376e-07,-0.0049216797
3.988376e-07,-0.0049331687
3.989376e-07,-0.0049518382
3.990376e-07,-0.0049697898
3.991376e-07,-0.0049819968
3.992376e-07,-0.0049906135
3.993376e-07,-0.0049977941
3.994376e-07,-0.0050064108
3.995376e-07,-0.0050171818
3.996376e-07,-0.0050272346
3.997376e-07,-0.005032261
3.998376e-07,-0.0050301068
3.999376e-07,-0.0050229262
4.000376e-07,-0.0050143095
4.001376e-07,-0.0050092831
4.002376e-07,-0.0050100011
4.003376e-07,-0.0050143095
4.004376e-07,-0.0050193359
4.005376e-07,-0.0050207721
4.006376e-07,-0.0050178998
4.007376e-07,-0.0050143095
4.008376e-07,-0.0050143095
4.009376e-07,-0.0050207721
4.010376e-07,-0.0050336972
4.011376e-07,-0.0050466222
4.012376e-07,-0.0050516487
4.013376e-07,-0.00504375
4.014376e-07,-0.0050229262
4.015376e-07,-0.0049956399
4.016376e-07,-0.004972662
4.017376e-07,-0.0049633272
4.018376e-07,-0.0049697898
4.019376e-07,-0.0049863051
4.020376e-07,-0.0050035386
4.021376e-07,-0.0050092831
4.022376e-07,-0.0049977941
4.023376e-07,-0.0049712259
4.024376e-07,-0.004936759
4.025376e-07,-0.0049058824
4.026376e-07,-0.0048857767
4.027376e-07,-0.004877878
4.028376e-07,-0.004878596
4.029376e-07,-0.0048829044
4.030376e-07,-0.0048843405
4.031376e-07,-0.0048814683
4.032376e-07,-0.0048764419
4.033376e-07,-0.0048714154
4.034376e-07,-0.0048671071
4.035376e-07,-0.0048620807
4.036376e-07,-0.0048527459
4.037376e-07,-0.0048369485
4.038376e-07,-0.0048161248
4.039376e-07,-0.0047960191
4.040376e-07,-0.0047823759
4.041376e-07,-0.0047795037
4.042376e-07,-0.0047866843
4.043376e-07,-0.0047988913
4.044376e-07,-0.0048060719
4.045376e-07,-0.0048024816
4.046376e-07,-0.0047874023
4.047376e-07,-0.0047651425
4.048376e-07,-0.0047450368
4.049376e-07,-0.0047335478
4.050376e-07,-0.0047335478
4.051376e-07,-0.0047400103
4.052376e-07,-0.0047457548
4.053376e-07,-0.0047450368
4.054376e-07,-0.0047349839
4.055376e-07,-0.0047213408
4.056376e-07,-0.0047105699
4.057376e-07,-0.0047105699
4.058376e-07,-0.0047220588
4.059376e-07,-0.0047414465
4.060376e-07,-0.004759398
4.061376e-07,-0.0047680147
4.062376e-07,-0.0047658605
4.063376e-07,-0.0047579619
4.064376e-07,-0.0047522174
4.065376e-07,-0.0047565257
4.066376e-07,-0.0047730411
4.067376e-07,-0.0047974552
4.068376e-07,-0.0048218693
4.069376e-07,-0.0048369485
4.070376e-07,-0.0048405388
4.071376e-07,-0.0048362305
4.072376e-07,-0.0048326402
4.073376e-07,-0.0048369485
4.074376e-07,-0.0048527459
4.075376e-07,-0.0048771599
4.076376e-07,-0.0049008559
4.077376e-07,-0.0049173713
4.078376e-07,-0.0049238339
4.079376e-07,-0.00492527
4.080376e-07,-0.0049281422
4.081376e-07,-0.0049403493
4.082376e-07,-0.0049640453
4.083376e-07,-0.0049949219
4.084376e-07,-0.0050243624
4.085376e-07,-0.00504375
4.086376e-07,-0.0050502125
4.087376e-07,-0.0050487764
4.088376e-07,-0.0050480584
4.089376e-07,-0.005055239
4.090376e-07,-0.0050739085
4.091376e-07,-0.0050990407
4.092376e-07,-0.0051227367
4.093376e-07,-0.0051356618
4.094376e-07,-0.0051349437
4.095376e-07,-0.0051256089
4.096376e-07,-0.005114838
4.097376e-07,-0.0051126838
4.098376e-07,-0.0051213006
4.099376e-07,-0.0051363798
4.100376e-07,-0.0051478688
4.101376e-07,-0.0051471507
4.102376e-07,-0.0051306353
4.103376e-07,-0.005102631
4.104376e-07,-0.0050746266
4.105376e-07,-0.005055239
4.106376e-07,-0.0050509306
4.107376e-07,-0.0050573932
4.108376e-07,-0.0050667279
4.109376e-07,-0.0050667279
4.110376e-07,-0.0050523667
4.111376e-07,-0.0050265165
4.112376e-07,-0.0049970761
4.113376e-07,-0.0049748162
4.114376e-07,-0.0049669175
4.115376e-07,-0.0049712259
4.116376e-07,-0.0049812787
4.117376e-07,-0.0049863051
4.118376e-07,-0.0049798426
4.119376e-07,-0.0049618911
4.120376e-07,-0.0049381951
4.121376e-07,-0.0049173713
4.122376e-07,-0.0049066004
4.123376e-07,-0.0049058824
4.124376e-07,-0.0049116268
4.125376e-07,-0.0049173713
4.126376e-07,-0.0049180894
4.127376e-07,-0.004913063
4.128376e-07,-0.0049080365
4.129376e-07,-0.0049058824
4.130376e-07,-0.0049109088
4.131376e-07,-0.0049195255
4.132376e-07,-0.0049274242
4.133376e-07,-0.0049288603
4.134376e-07,-0.0049202436
4.135376e-07,-0.0049058824
4.136376e-07,-0.0048908031
4.137376e-07,-0.0048829044
4.138376e-07,-0.0048850586
4.139376e-07,-0.0048958295
4.140376e-07,-0.0049087546
4.141376e-07,-0.0049173713
4.142376e-07,-0.0049180894
4.143376e-07,-0.0049144991
4.144376e-07,-0.0049116268
4.145376e-07,-0.0049173713
4.146376e-07,-0.0049338867
4.147376e-07,-0.0049583008
4.148376e-07,-0.0049827148
4.149376e-07,-0.0049977941
4.150376e-07,-0.0049999483
4.151376e-07,-0.0049913316
4.152376e-07,-0.0049798426
4.153376e-07,-0.0049748162
4.154376e-07,-0.0049827148
4.155376e-07,-0.0050028205
4.156376e-07,-0.0050301068
4.157376e-07,-0.005055239
4.158376e-07,-0.0050710363
4.159376e-07,-0.0050753447
4.160376e-07,-0.0050717544
4.161376e-07,-0.0050667279
4.162376e-07,-0.0050660099
4.163376e-07,-0.0050731905
4.164376e-07,-0.0050861156
4.165376e-07,-0.0051011949
4.166376e-07,-0.0051134019
4.167376e-07,-0.0051213006
4.168376e-07,-0.0051241728
4.169376e-07,-0.0051241728
4.170376e-07,-0.0051227367
4.171376e-07,-0.0051198644
4.172376e-07,-0.0051162741
4.173376e-07,-0.0051126838
4.174376e-07,-0.0051105296
4.175376e-07,-0.0051112477
4.176376e-07,-0.0051162741
4.177376e-07,-0.0051241728
4.178376e-07,-0.0051306353
4.179376e-07,-0.0051284812
4.180376e-07,-0.005114838
4.181376e-07,-0.0050897059
4.182376e-07,-0.0050602654
4.183376e-07,-0.0050380055
4.184376e-07,-0.0050351333
4.185376e-07,-0.005055239
4.186376e-07,-0.0050954504
4.187376e-07,-0.0051442785
4.188376e-07,-0.0051844899
4.189376e-07,-0.0052045956
4.190376e-07,-0.0052002872
4.191376e-07,-0.0051773093
4.192376e-07,-0.0051478688
4.193376e-07,-0.0051241728
4.194376e-07,-0.005114838
4.195376e-07,-0.0051184283
4.196376e-07,-0.0051284812
4.197376e-07,-0.0051356618
4.198376e-07,-0.0051349437
4.199376e-07,-0.0051277631
4.200376e-07,-0.0051177102
4.201376e-07,-0.0051126838
4.202376e-07,-0.0051155561
4.203376e-07,-0.0051241728
4.204376e-07,-0.0051335076
4.205376e-07,-0.0051356618
4.206376e-07,-0.0051284812
4.207376e-07,-0.0051141199
4.208376e-07,-0.0050990407
4.209376e-07,-0.0050897059
4.210376e-07,-0.0050889878
4.211376e-07,-0.0050947323
4.212376e-07,-0.0051004768
4.213376e-07,-0.0051011949
4.214376e-07,-0.0050932962
4.215376e-07,-0.005078935
4.216376e-07,-0.0050645738
4.217376e-07,-0.005055239
4.218376e-07,-0.0050538028
4.219376e-07,-0.0050588293
4.220376e-07,-0.0050645738
4.221376e-07,-0.0050667279
4.222376e-07,-0.0050638557
4.223376e-07,-0.0050588293
4.224376e-07,-0.0050545209
4.225376e-07,-0.005055239
4.226376e-07,-0.0050595473
4.227376e-07,-0.0050645738
4.228376e-07,-0.0050631376
4.229376e-07,-0.005055239
4.230376e-07,-0.0050430319
4.231376e-07,-0.0050344152
4.232376e-07,-0.0050372875
4.233376e-07,-0.005055239
4.234376e-07,-0.0050846795
4.235376e-07,-0.0051155561
4.236376e-07,-0.0051349437
4.237376e-07,-0.0051356618
4.238376e-07,-0.0051184283
4.239376e-07,-0.0050932962
4.240376e-07,-0.0050731905
4.241376e-07,-0.0050667279
4.242376e-07,-0.0050767808
4.243376e-07,-0.0050954504
4.244376e-07,-0.0051112477
4.245376e-07,-0.0051126838
4.246376e-07,-0.0050983226
4.247376e-07,-0.0050724724
4.248376e-07,-0.0050480584
4.249376e-07,-0.005032261
4.250376e-07,-0.0050286707
4.251376e-07,-0.0050301068
4.252376e-07,-0.0050265165
4.253376e-07,-0.0050092831
4.254376e-07,-0.0049769704
4.255376e-07,-0.0049360409
4.256376e-07,-0.0048979837
4.257376e-07,-0.0048714154
4.258376e-07,-0.0048577723
4.259376e-07,-0.0048477194
4.260376e-07,-0.0048297679
4.261376e-07,-0.0047909926
4.262376e-07,-0.0047299575
4.263376e-07,-0.0046552792
4.264376e-07,-0.0045791648
4.265376e-07,-0.0045152574
4.266376e-07,-0.0044671473
4.267376e-07,-0.0044290901
4.268376e-07,-0.0043874426
4.269376e-07,-0.0043314338
4.270376e-07,-0.0042560375
4.271376e-07,-0.0041662799
4.272376e-07,-0.0040765223
4.273376e-07,-0.0039982537
4.274376e-07,-0.0039372185
4.275376e-07,-0.0038883904
4.276376e-07,-0.0038402803
4.277376e-07,-0.0037799632
4.278376e-07,-0.0037024127
4.279376e-07,-0.0036126551
4.280376e-07,-0.0035236156
4.281376e-07,-0.0034467831
4.282376e-07,-0.0033893382
4.283376e-07,-0.0033462546
4.284376e-07,-0.0033081974
4.285376e-07,-0.0032629596
4.286376e-07,-0.0032055147
4.287376e-07,-0.0031401712
4.288376e-07,-0.003079136
4.289376e-07,-0.0030331801
4.290376e-07,-0.00300733
4.291376e-07,-0.0029965591
4.292376e-07,-0.0029872243
4.293376e-07,-0.0029642463
4.294376e-07,-0.0029218807
4.295376e-07,-0.0028637178
4.296376e-07,-0.0028034007
4.297376e-07,-0.0027574449
4.298376e-07,-0.002735185
4.299376e-07,-0.0027366211
4.300376e-07,-0.0027488281
4.301376e-07,-0.0027574449
4.302376e-07,-0.0027509823
4.303376e-07,-0.0027294405
4.304376e-07,-0.0027
4.305376e-07,-0.0026770221
4.306376e-07,-0.0026705595
4.307376e-07,-0.0026820485
4.308376e-07,-0.0027043084
4.309376e-07,-0.0027229779
4.310376e-07,-0.0027280044
4.311376e-07,-0.0027172335
4.312376e-07,-0.0026964097
4.313376e-07,-0.0026770221
4.314376e-07,-0.0026712776
4.315376e-07,-0.0026827665
4.316376e-07,-0.0027071806
4.317376e-07,-0.0027344669
4.318376e-07,-0.0027531365
4.319376e-07,-0.0027567268
4.320376e-07,-0.0027481101
4.321376e-07,-0.0027344669
4.322376e-07,-0.0027258502
4.323376e-07,-0.0027280044
4.324376e-07,-0.0027402114
4.325376e-07,-0.0027574449
4.326376e-07,-0.0027718061
4.327376e-07,-0.0027775506
4.328376e-07,-0.0027753964
4.329376e-07,-0.0027689338
4.330376e-07,-0.0027646255
4.331376e-07,-0.0027667796
4.332376e-07,-0.0027768325
4.333376e-07,-0.0027919118
4.334376e-07,-0.002806991
4.335376e-07,-0.0028170439
4.336376e-07,-0.0028191981
4.337376e-07,-0.0028148897
4.338376e-07,-0.0028055549
4.339376e-07,-0.002794784
4.340376e-07,-0.0027861673
4.341376e-07,-0.0027804228
4.342376e-07,-0.0027789867
4.343376e-07,-0.0027818589
4.344376e-07,-0.0027868853
4.345376e-07,-0.0027919118
4.346376e-07,-0.0027933479
4.347376e-07,-0.0027868853
4.348376e-07,-0.002771088
4.349376e-07,-0.0027459559
4.350376e-07,-0.0027157973
4.351376e-07,-0.002688511
4.352376e-07,-0.0026705595
4.353376e-07,-0.0026655331
4.354376e-07,-0.0026734318
4.355376e-07,-0.0026870749
4.356376e-07,-0.0026985639
4.357376e-07,-0.0027
4.358376e-07,-0.002687793
4.359376e-07,-0.002664097
4.360376e-07,-0.0026346565
4.361376e-07,-0.0026080882
4.362376e-07,-0.0025894187
4.363376e-07,-0.00258152
4.364376e-07,-0.00258152
4.365376e-07,-0.0025851103
4.366376e-07,-0.0025894187
4.367376e-07,-0.0025915728
4.368376e-07,-0.002593727
4.369376e-07,-0.0025965993
4.370376e-07,-0.0026009076
4.371376e-07,-0.0026059341
4.372376e-07,-0.0026095244
4.373376e-07,-0.0026080882
4.374376e-07,-0.0026016257
4.375376e-07,-0.0025908548
4.376376e-07,-0.0025800839
4.377376e-07,-0.0025736213
4.378376e-07,-0.0025736213
4.379376e-07,-0.0025808019
4.380376e-07,-0.002593009
4.381376e-07,-0.0026080882
4.382376e-07,-0.0026224494
4.383376e-07,-0.0026353745
4.384376e-07,-0.0026461455
4.385376e-07,-0.0026540441
4.386376e-07,-0.0026597886
4.387376e-07,-0.0026633789
4.388376e-07,-0.002664815
4.389376e-07,-0.0026655331
4.390376e-07,-0.0026684053
4.391376e-07,-0.0026770221
4.392376e-07,-0.0026913833
4.393376e-07,-0.002711489
4.394376e-07,-0.0027315947
4.395376e-07,-0.0027466739
4.396376e-07,-0.0027517004
4.397376e-07,-0.0027459559
4.398376e-07,-0.0027330308
4.399376e-07,-0.0027215418
4.400376e-07,-0.0027165154
4.401376e-07,-0.0027229779
4.402376e-07,-0.0027380572
4.403376e-07,-0.0027560087
4.404376e-07,-0.0027674977
4.405376e-07,-0.0027689338
4.406376e-07,-0.002759599
4.407376e-07,-0.0027466739
4.408376e-07,-0.002735903
4.409376e-07,-0.0027344669
4.410376e-07,-0.0027416475
4.411376e-07,-0.0027509823
4.412376e-07,-0.0027552907
4.413376e-07,-0.0027459559
4.414376e-07,-0.0027229779
4.415376e-07,-0.0026913833
4.416376e-07,-0.0026619428
4.417376e-07,-0.0026425551
4.418376e-07,-0.0026382468
4.419376e-07,-0.0026468635
4.420376e-07,-0.0026590705
4.421376e-07,-0.0026655331
4.422376e-07,-0.0026605067
4.423376e-07,-0.0026425551
4.424376e-07,-0.0026188591
4.425376e-07,-0.0025965993
4.426376e-07,-0.0025822381
4.427376e-07,-0.0025779297
4.428376e-07,-0.0025808019
4.429376e-07,-0.0025851103
4.430376e-07,-0.0025872645
4.431376e-07,-0.0025843922
4.432376e-07,-0.0025786477
4.433376e-07,-0.0025736213
4.434376e-07,-0.0025714671
4.435376e-07,-0.0025714671
4.436376e-07,-0.0025736213
4.437376e-07,-0.0025736213
4.438376e-07,-0.0025714671
4.439376e-07,-0.0025671588
4.440376e-07,-0.0025628504
4.441376e-07,-0.0025621324
4.442376e-07,-0.0025635685
4.443376e-07,-0.0025664407
4.444376e-07,-0.0025664407
4.445376e-07,-0.0025621324
4.446376e-07,-0.0025549517
4.447376e-07,-0.0025477711
4.448376e-07,-0.002545617
4.449376e-07,-0.0025506434
4.450376e-07,-0.0025621324
4.451376e-07,-0.0025736213
4.452376e-07,-0.0025793658
4.453376e-07,-0.0025736213
4.454376e-07,-0.002557824
4.455376e-07,-0.0025370002
4.456376e-07,-0.0025204848
4.457376e-07,-0.0025161765
4.458376e-07,-0.0025255113
4.459376e-07,-0.0025434628
4.460376e-07,-0.0025628504
4.461376e-07,-0.0025736213
4.462376e-07,-0.0025714671
4.463376e-07,-0.002558542
4.464376e-07,-0.0025405905
4.465376e-07,-0.0025276654
4.466376e-07,-0.0025240751
4.467376e-07,-0.0025305377
4.468376e-07,-0.0025413086
4.469376e-07,-0.0025506434
4.470376e-07,-0.0025542337
4.471376e-07,-0.0025513614
4.472376e-07,-0.0025484892
4.473376e-07,-0.0025506434
4.474376e-07,-0.0025628504
4.475376e-07,-0.0025843922
4.476376e-07,-0.0026095244
4.477376e-07,-0.0026310662
4.478376e-07,-0.0026425551
4.479376e-07,-0.0026432732
4.480376e-07,-0.0026368107
4.481376e-07,-0.0026310662
4.482376e-07,-0.0026325023
4.483376e-07,-0.0026447093
4.484376e-07,-0.0026655331
4.485376e-07,-0.002688511
4.486376e-07,-0.0027071806
4.487376e-07,-0.0027165154
4.488376e-07,-0.0027165154
4.489376e-07,-0.002711489
4.490376e-07,-0.0027071806
4.491376e-07,-0.0027078987
4.492376e-07,-0.0027172335
4.493376e-07,-0.0027344669
4.494376e-07,-0.0027560087
4.495376e-07,-0.0027782686
4.496376e-07,-0.0027990924
4.497376e-07,-0.0028148897
4.498376e-07,-0.0028256606
4.499376e-07,-0.002830687
4.500376e-07,-0.002830687
4.501376e-07,-0.0028263787
4.502376e-07,-0.0028199161
4.503376e-07,-0.0028148897
4.504376e-07,-0.0028120175
4.505376e-07,-0.0028148897
4.506376e-07,-0.0028213523
4.507376e-07,-0.002829969
4.508376e-07,-0.0028364315
4.509376e-07,-0.0028378676
4.510376e-07,-0.0028342773
4.511376e-07,-0.0028270967
4.512376e-07,-0.0028199161
4.513376e-07,-0.0028148897
4.514376e-07,-0.0028141716
4.515376e-07,-0.0028163258
4.516376e-07,-0.0028177619
4.517376e-07,-0.0028148897
4.518376e-07,-0.002806273
4.519376e-07,-0.0027933479
4.520376e-07,-0.0027797047
4.521376e-07,-0.0027689338
4.522376e-07,-0.0027653435
4.523376e-07,-0.0027696519
4.524376e-07,-0.0027797047
4.525376e-07,-0.0027919118
4.526376e-07,-0.0028026827
4.527376e-07,-0.0028084272
4.528376e-07,-0.0028084272
4.529376e-07,-0.0028034007
4.530376e-07,-0.002794784
4.531376e-07,-0.0027847312
4.532376e-07,-0.0027753964
4.533376e-07,-0.0027689338
4.534376e-07,-0.0027660616
4.535376e-07,-0.0027660616
4.536376e-07,-0.0027674977
4.537376e-07,-0.0027689338
4.538376e-07,-0.0027660616
4.539376e-07,-0.0027574449
4.540376e-07,-0.0027416475
4.541376e-07,-0.0027229779
4.542376e-07,-0.0027057445
4.543376e-07,-0.0026964097
4.544376e-07,-0.0026985639
4.545376e-07,-0.002711489
4.546376e-07,-0.0027315947
4.547376e-07,-0.0027517004
4.548376e-07,-0.0027646255
4.549376e-07,-0.0027689338
4.550376e-07,-0.0027646255
4.551376e-07,-0.0027560087
4.552376e-07,-0.0027488281
4.553376e-07,-0.0027459559
4.554376e-07,-0.002747392
4.555376e-07,-0.0027502642
4.556376e-07,-0.0027502642
4.557376e-07,-0.0027459559
4.558376e-07,-0.0027387753
4.559376e-07,-0.0027344669
4.560376e-07,-0.002735903
4.561376e-07,-0.0027459559
4.562376e-07,-0.0027610352
4.563376e-07,-0.0027761144
4.564376e-07,-0.002783295
4.565376e-07,-0.0027804228
4.566376e-07,-0.0027689338
4.567376e-07,-0.0027552907
4.568376e-07,-0.0027466739
4.569376e-07,-0.0027459559
4.570376e-07,-0.0027517004
4.571376e-07,-0.0027560087
4.572376e-07,-0.0027517004
4.573376e-07,-0.0027344669
4.574376e-07,-0.0027064625
4.575376e-07,-0.0026770221
4.576376e-07,-0.0026569164
4.577376e-07,-0.0026540441
4.578376e-07,-0.0026691234
4.579376e-07,-0.0026935375
4.580376e-07,-0.0027157973
4.581376e-07,-0.0027229779
4.582376e-07,-0.002711489
4.583376e-07,-0.0026849207
4.584376e-07,-0.0026540441
4.585376e-07,-0.0026310662
4.586376e-07,-0.0026246036
4.587376e-07,-0.0026339384
4.588376e-07,-0.0026547622
4.589376e-07,-0.0026770221
4.590376e-07,-0.0026942555
4.591376e-07,-0.0027035903
4.592376e-07,-0.0027078987
4.593376e-07,-0.002711489
4.594376e-07,-0.0027179515
4.595376e-07,-0.0027280044
4.596376e-07,-0.0027387753
4.597376e-07,-0.0027459559
4.598376e-07,-0.0027495462
4.599376e-07,-0.0027502642
4.600376e-07,-0.0027517004
4.601376e-07,-0.0027574449
4.602376e-07,-0.0027667796
4.603376e-07,-0.0027761144
4.604376e-07,-0.0027818589
4.605376e-07,-0.0027804228
4.606376e-07,-0.0027746783
4.607376e-07,-0.0027696519
4.608376e-07,-0.0027739602
4.609376e-07,-0.0027919118
4.610376e-07,-0.0028213523
4.611376e-07,-0.0028529469
4.612376e-07,-0.002877361
4.613376e-07,-0.0028838235
4.614376e-07,-0.0028716165
4.615376e-07,-0.0028457663
4.616376e-07,-0.0028199161
4.617376e-07,-0.0028034007
4.618376e-07,-0.0028034007
4.619376e-07,-0.0028170439
4.620376e-07,-0.0028357135
4.621376e-07,-0.0028493566
4.622376e-07,-0.0028515108
4.623376e-07,-0.002842176
4.624376e-07,-0.0028278148
4.625376e-07,-0.0028148897
4.626376e-07,-0.0028084272
4.627376e-07,-0.0028084272
4.628376e-07,-0.0028084272
4.629376e-07,-0.0028034007
4.630376e-07,-0.0027897576
