LECROYHDO6104B,11090,Waveform
Segments,1,SegmentSize,5395
Segment,TrigTime,TimeSinceSegment1
#1,04-May-2026 18:21:05,0                 
Time,Ampl
994605,0.021279728
994606,0.012907302
994607,0.010640941
994608,0.025745334
994609,0.013596479
994610,0.014944909
994611,0.010367683
994612,0.022425035
994613,0.011328125
994614,0.013832721
994615,0.013913143
994616,0.015889246
994617,0.016463695
994618,0.011233341
994619,0.010875747
994620,0.0227511
994621,0.012585449
994622,0.01381046
994623,0.016136978
994624,0.017858887
994625,0.025415512
994626,0.010935346
994627,0.016057273
994628,0.011336742
994629,0.011046645
994630,0.010955451
994631,0.010811121
994632,0.022047335
994633,0.011899701
994634,0.01366254
994635,0.013617302
994636,0.020990349
994637,0.016773896
994638,0.020707434
994639,0.01086354
994640,0.013569192
994641,0.011905446
994642,0.012760523
994643,0.012940519
994644,0.013587144
994645,0.011070341
994646,0.012236129
994647,0.010293417
994648,0.011076803
994649,0.010835536
994650,0.011550724
994651,0.012209521
994652,0.012087833
994653,0.011001407
994654,0.016416302
994655,0.012500718
994656,0.012847659
994657,0.011417164
994658,0.011236931
994659,0.019189453
994660,0.012462015
994661,0.024235265
994662,0.010925293
994663,0.018867763
994664,0.020914953
994665,0.02434082
994666,0.015040985
994667,0.01377384
994668,0.015900018
994669,0.011189539
994670,0.017547967
994671,0.0150326
994672,0.011719468
994673,0.013869341
994674,0.012799997
994675,0.01283318
994676,0.013760914
994677,0.012332544
994678,0.016210938
994679,0.011382697
994680,0.01094109
994681,0.011075367
994682,0.011175178
994683,0.013676901
994684,0.015752098
994685,0.016399069
994686,0.010951861
994687,0.01313614
994688,0.01342558
994689,0.013798254
994690,0.0017621694
994691,0.018668141
994692,0.01089298
994693,0.010761575
994694,0.020484835
994695,0.013419836
994696,0.01097843
994697,0.012873115
994698,0.013702752
994699,0.015980439
994700,0.021309169
994701,0.016536219
994702,0.013653924
994703,0.023956658
994704,0.02787655
994705,0.010961196
994706,0.011170152
994707,0.01137049
994708,0.011495433
994709,0.016084559
994710,0.01237088
994711,0.012017463
994712,0.012965517
994713,0.013926068
994714,0.014002901
994715,0.011195283
994716,0.018377326
994717,0.021740723
994718,0.021805348
994719,0.012805894
994720,0.014023007
994721,0.011098346
994722,0.016293515
994723,0.011003561
994724,0.018681066
994725,0.011251292
994726,0.010175359
994727,0.0111522
994728,0.014016544
994729,0.016797593
994730,0.013396139
994731,0.018910846
994732,0.015872013
994733,0.017155187
994734,0.0237635
994735,0.01154229
994736,0.018538171
994737,0.017373478
994738,0.010801787
994739,0.011064596
994740,0.013059369
994741,0.013138982
994742,0.015387322
994743,0.016613051
994744,0.011160099
994745,0.016371783
994746,0.0025222125
994747,0.033570774
994748,0.010961914
994749,0.014594279
994750,0.020936253
994751,0.013924632
994752,0.011280015
994753,0.010994945
994754,0.011290872
994755,0.015405684
994756,0.013320743
994757,0.026580451
994758,0.014597926
994759,0.013812615
994760,0.013629509
994761,0.01697639
994762,0.016647186
994763,0.010983456
994764,0.012556009
994765,0.016532628
994766,0.011388442
994767,0.011560776
994768,0.010955451
994769,0.011371208
994770,0.010440646
994771,0.01639476
994772,0.016567096
994773,0.016001264
994774,0.011616067
994775,0.011527028
994776,0.013720703
994777,0.017394248
994778,0.012818819
994779,0.019030044
994780,0.013913143
994781,0.018996295
994782,0.016203038
994783,0.011869027
994784,0.018755026
994785,0.018915871
994786,0.012438002
994787,0.011420037
994788,0.01662454
994789,0.0083778678
994790,0.011069623
994791,0.021937471
994792,0.015016085
994793,0.010080842
994794,0.012756348
994795,0.015274107
994796,0.015917968
994797,0.011286478
994798,0.019080307
994799,0.013651052
994800,0.026383704
994801,0.011285041
994802,0.014950438
994803,0.012215648
994804,0.012806612
994805,0.011025822
994806,0.015693935
994807,0.016237507
994808,0.016259765
994809,0.016254021
994810,0.018793084
994811,0.013558421
994812,0.014679685
994813,0.012408088
994814,0.02035713
994815,0.010859231
994816,0.011075367
994817,0.039303768
994818,0.018405331
994819,0.011550102
994820,0.019086052
994821,0.015299524
994822,0.013788919
994823,0.026842544
994824,0.013742245
994825,0.015992647
994826,0.020440884
994827,0.018798109
994828,0.0070966994
994829,0.029334214
994830,0.01113712
994831,0.012879136
994832,0.023794375
994833,0.010951143
994834,0.010930319
994835,0.01319987
994836,0.013875804
994837,0.010279885
994838,0.015866268
994839,0.016207347
994840,0.010950425
994841,0.011283605
994842,0.014430147
994843,0.0087455437
994844,0.011934169
994845,0.017268602
994846,0.014763327
994847,0.011510666
994848,0.011090447
994849,0.013854262
994850,0.010899443
994851,0.012050494
994852,0.018807445
994853,0.011130658
994854,0.021794578
994855,0.016307876
994856,0.014797794
994857,0.012550265
994858,0.011040901
994859,0.012746295
994860,0.012580423
994861,0.013936839
994862,0.010908778
994863,0.019132726
994864,0.012398753
994865,0.013725012
994866,0.010354315
994867,0.018922335
994868,0.01377743
994869,0.018823242
994870,0.018002231
994871,0.01087072
994872,0.018802419
994873,0.011259191
994874,0.024908088
994875,0.012725471
994876,0.038102858
994877,0.011070341
994878,0.018716969
994879,0.020151205
994880,0.0028470808
994881,0.013227396
994882,0.014223346
994883,0.0048100767
994884,0.017567741
994885,0.019060202
994886,0.013623765
994887,0.021220129
994888,0.01339623
994889,0.021840533
994890,0.011523438
994891,0.013816923
994892,0.018619314
994893,0.010647229
994894,0.018711224
994895,0.015821749
994896,0.010683306
994897,0.018887868
994898,0.031668629
994899,0.011897547
994900,0.020619124
994901,0.013660386
994902,0.013955509
994903,0.013664695
994904,0.015787901
994905,0.020414013
994906,0.017976731
994907,0.015999828
994908,0.012902114
994909,0.010846307
994910,0.0088846665
994911,0.015919404
994912,0.01628059
994913,0.016587919
994914,0.010907342
994915,0.013818359
994916,0.012408088
994917,0.016373938
994918,0.013570628
994919,0.01780216
994920,0.010791734
994921,0.010927447
994922,0.011615349
994923,0.019093232
994924,0.018789493
994925,0.0086563565
994926,0.013798254
994927,0.017371323
994928,0.010857077
994929,0.016308594
994930,0.010662483
994931,0.011498335
994932,0.01645436
994933,0.013731474
994934,0.0028762054
994935,0.011144302
994936,0.015116613
994937,0.012973202
994938,0.021714155
994939,0.010948989
994940,0.01094468
994941,0.01579877
994942,0.013695571
994943,0.010326007
994944,0.015755687
994945,0.011058134
994946,0.013143382
994947,0.011136402
994948,0.015900735
994949,0.016788732
994950,0.011147174
994951,0.021554746
994952,0.016064454
994953,0.011523438
994954,0.011114143
994955,0.013361673
994956,0.0059407279
994957,0.010086874
994958,0.022789983
994959,0.013235294
994960,0.010021418
994961,0.012327665
994962,0.019554228
994963,0.013292739
994964,0.016182933
994965,0.018405331
994966,0.013800408
994967,0.016638901
994968,0.013481589
994969,0.01926844
994970,0.01113353
994971,0.015940228
994972,0.011074649
994973,0.010975557
994974,0.013285559
994975,0.011639123
994976,0.017675459
994977,0.018206539
994978,0.014168055
994979,0.011091165
994980,0.023713235
994981,0.01642492
994982,0.011351821
994983,0.013545496
994984,0.012675925
994985,0.013727166
994986,0.012353515
994987,0.011139994
994988,0.015406709
994989,0.015901454
994990,0.013248219
994991,0.013323615
994992,0.011057416
994993,0.021594957
994994,0.0024910152
994995,0.021638758
994996,0.0125
994997,0.020727774
994998,0.011285041
994999,0.022506416
995000,0.020453835
995001,0.010997099
995002,0.017248536
995003,0.017698556
995004,0.01345502
995005,0.01107824
995006,0.018915871
995007,0.013388959
995008,0.019048713
995009,0.018772978
995010,0.017525706
995011,0.011201747
995012,0.011313763
995013,0.035030589
995014,0.019358916
995015,0.021779498
995016,0.016119745
995017,0.016004855
995018,0.013931813
995019,0.0091185309
995020,0.035769474
995021,0.014029469
995022,0.014590993
995023,0.015627872
995024,0.010656739
995025,0.011789838
995026,0.017577648
995027,0.014028751
995028,0.012778662
995029,0.013681928
995030,0.011165843
995031,0.011203901
995032,0.011188821
995033,0.010425364
995034,0.016333725
995035,0.011259191
995036,0.01379969
995037,0.010899443
995038,0.018116008
995039,0.011208209
995040,0.011417164
995041,0.010987046
995042,0.010884636
995043,0.013625201
995044,0.011067469
995045,0.016269818
995046,0.011540472
995047,0.01110409
995048,0.011242676
995049,0.021335019
995050,0.011060288
995051,0.013396139
995052,0.012260168
995053,0.014977448
995054,0.011115579
995055,0.012270939
995056,0.01384421
995057,0.015518389
995058,0.013752297
995059,0.0070529273
995060,0.018637264
995061,0.011080394
995062,0.011269962
995063,0.012976793
995064,0.014690085
995065,0.013791073
995066,0.012888066
995067,0.013707778
995068,0.01484375
995069,0.01594382
995070,0.025523577
995071,0.010694795
995072,0.010868566
995073,0.01098202
995074,0.011403522
995075,0.013747271
995076,0.010774501
995077,0.012409524
995078,0.011221852
995079,0.02404426
995080,0.024180694
995081,0.030155055
995082,0.014348288
995083,0.011234777
995084,0.011516257
995085,0.013107297
995086,0.016340906
995087,0.011027976
995088,0.010948989
995089,0.018977625
995090,0.016085276
995091,0.019504664
995092,0.022881212
995093,0.010579187
995094,0.012293198
995095,0.019786162
995096,0.021159811
995097,0.013487333
995098,0.013821231
995099,0.014109174
995100,0.012119577
995101,0.015903607
995102,0.013532571
995103,0.01272619
995104,0.011086857
995105,0.011956881
995106,0.013595043
995107,0.016029986
995108,0.012563189
995109,0.0033137801
995110,0.01129653
995111,0.016796876
995112,0.016183652
995113,0.016602999
995114,0.011063878
995115,0.010949707
995116,0.020942239
995117,0.011781221
995118,0.016000547
995119,0.011045927
995120,0.015677419
995121,0.012125828
995122,0.019636804
995123,0.017892225
995124,0.012332608
995125,0.018469956
995126,0.012489947
995127,0.021732107
995128,0.01481431
995129,0.011429371
995130,0.011309455
995131,0.018991269
995132,0.013488051
995133,0.014751839
995134,0.024719957
995135,0.010741469
995136,0.019825654
995137,0.013508157
995138,0.016023524
995139,0.015678706
995140,0.013560575
995141,0.015889246
995142,0.011156509
995143,0.016074507
995144,0.011359002
995145,0.0020337068
995146,0.013890166
995147,0.012159639
995148,0.01898337
995149,0.013637408
995150,0.014194624
995151,0.022119859
995152,0.010839126
995153,0.011264218
995154,0.039636947
995155,0.025786163
995156,0.011429371
995157,0.012867647
995158,0.01133028
995159,0.011163689
995160,0.03203484
995161,0.011565803
995162,0.011432962
995163,0.010993509
995164,0.01294807
995165,0.021233054
995166,0.023288144
995167,0.020123471
995168,0.013528263
995169,0.012683824
995170,0.020177504
995171,0.016411277
995172,0.011221852
995173,0.011124914
995174,0.01610969
995175,0.014288689
995176,0.013445686
995177,0.011020795
995178,0.013717831
995179,0.013722139
995180,0.0138011
995181,0.011106962
995182,0.021656709
995183,0.010923139
995184,0.010950425
995185,0.013480153
995186,0.0026913038
995187,0.013355928
995188,0.011136402
995189,0.019152114
995190,0.016481647
995191,0.019401999
995192,0.014952177
995193,0.022150734
995194,0.021476476
995195,0.013607968
995196,0.016107537
995197,0.011213236
995198,0.015220731
995199,0.01354406
995200,0.011163689
995201,0.016742302
995202,0.0032599194
995203,0.016248995
995204,0.016497912
995205,0.013811179
995206,0.014013672
995207,0.0028905056
995208,0.011359002
995209,0.01110409
995210,0.019041533
995211,0.010894416
995212,0.017499857
995213,0.016079532
995214,0.013588921
995215,0.019189453
995216,0.012430348
995217,0.013461484
995218,0.011523438
995219,0.015774356
995220,0.022002814
995221,0.011493997
995222,0.014275046
995223,0.034742646
995224,0.023943014
995225,0.014556525
995226,0.018803136
995227,0.013661822
995228,0.012905704
995229,0.011307301
995230,0.011025104
995231,0.010854923
995232,0.013706342
995233,0.011530618
995234,0.013067288
995235,0.011160099
995236,0.013505285
995237,0.015626436
995238,0.013784611
995239,0.013687672
995240,0.011753217
995241,0.016228888
995242,0.014430865
995243,0.016793285
995244,0.016314339
995245,0.027481617
995246,0.011110553
995247,0.011362592
995248,0.011114143
995249,0.030315146
995250,0.013768814
995251,0.013979205
995252,0.014748966
995253,0.016159955
995254,0.021401079
995255,0.01474035
995256,0.017589614
995257,0.011068187
995258,0.025183149
995259,0.013374598
995260,0.011178768
995261,0.011606732
995262,0.010987046
995263,0.011063878
995264,0.018359374
995265,0.010812557
995266,0.013886576
995267,0.01794902
995268,0.013913143
995269,0.011055262
995270,0.017364861
995271,0.01865378
995272,0.017443435
995273,0.014042394
995274,0.01152631
995275,0.012135943
995276,0.013568474
995277,0.012284582
995278,0.020225614
995279,0.031051815
995280,0.020347854
995281,0.021444881
995282,0.012091544
995283,0.011194565
995284,0.016618796
995285,0.013568474
995286,0.010612937
995287,0.013710651
995288,0.015851907
995289,0.027652029
995290,0.011707979
995291,0.012906056
995292,0.02271485
995293,0.011402085
995294,0.011035874
995295,0.013494514
995296,0.018999645
995297,0.011906164
995298,0.013314281
995299,0.011860208
995300,0.016932588
995301,0.016549144
995302,0.013439223
995303,0.02402631
995304,0.014161592
995305,0.018480629
995306,0.011457376
995307,0.010850615
995308,0.011511949
995309,0.015189137
995310,0.01377025
995311,0.013595761
995312,0.0132554
995313,0.013508157
995314,0.011076085
995315,0.023181684
995316,0.014180262
995317,0.02999483
995318,0.01088939
995319,0.013924632
995320,0.011070341
995321,0.016051527
995322,0.013870778
995323,0.011123477
995324,0.024871752
995325,0.011661305
995326,0.013508875
995327,0.0095753809
995328,0.011806011
995329,0.018626494
995330,0.016144158
995331,0.017145135
995332,0.010844152
995333,0.01368839
995334,0.011617503
995335,0.010270602
995336,0.013855699
995337,0.011008588
995338,0.010958324
995339,0.013596479
995340,0.013502412
995341,0.013694853
995342,0.011545697
995343,0.010381678
995344,0.013696289
995345,0.011262064
995346,0.012096808
995347,0.013809024
995348,0.011317354
995349,0.016564224
995350,0.019360352
995351,0.013859289
995352,0.020845402
995353,0.011345359
995354,0.01283318
995355,0.013972024
995356,0.023369284
995357,0.010317186
995358,0.013627355
995359,0.013928941
995360,0.014070399
995361,0.011856617
995362,0.011286979
995363,0.019145651
995364,0.013833439
995365,0.011562212
995366,0.011282887
995367,0.01517693
995368,0.018386662
995369,0.015188419
995370,0.010916676
995371,0.018778723
995372,0.013744399
995373,0.013995002
995374,0.013890166
995375,0.019755285
995376,0.011208927
995377,0.015311508
995378,0.013855699
995379,0.018285755
995380,0.011033002
995381,0.015004596
995382,0.016157083
995383,0.013760196
995384,0.013381778
995385,0.025017234
995386,0.013748707
995387,0.013775276
995388,0.013939711
995389,0.014059627
995390,0.01124483
995391,0.011006434
995392,0.016353114
995393,0.013490206
995394,0.026593689
995395,0.011313045
995396,0.025562979
995397,0.010915958
995398,0.013823385
995399,0.011664177
995400,0.010128964
995401,0.021728231
995402,0.013710651
995403,0.01230397
995404,0.021121755
995405,0.013530417
995406,0.016521139
995407,0.025448069
995408,0.01335521
995409,0.016133387
995410,0.015359721
995411,0.012803886
995412,0.016024241
995413,0.011020077
995414,0.011089011
995415,0.024141917
995416,0.015296995
995417,0.011247702
995418,0.01112635
995419,0.015973259
995420,0.013653206
995421,0.028550619
995422,0.014085398
995423,0.011661305
995424,0.013358083
995425,0.012594784
995426,0.011017923
995427,0.012660845
995428,0.011083985
995429,0.016254021
995430,0.013752297
995431,0.01607307
995432,0.014361213
995433,0.011519847
995434,0.016314339
995435,0.013648897
995436,0.016374655
995437,0.014878217
995438,0.022256291
995439,0.015150362
995440,0.016629567
995441,0.01349954
995442,0.013741527
995443,0.010868566
995444,0.015235781
995445,0.031526454
995446,0.015584788
995447,0.013519647
995448,0.011061724
995449,0.010987046
995450,0.013694853
995451,0.0021932682
995452,0.020463211
995453,0.012885598
995454,0.011348949
995455,0.010935346
995456,0.018788775
995457,0.014254223
995458,0.011666331
995459,0.011860926
995460,0.014746045
995461,0.01221852
995462,0.027038371
995463,0.014763327
995464,0.026552448
995465,0.022011431
995466,0.016062299
995467,0.010888672
995468,0.012977511
995469,0.021521714
995470,0.018623622
995471,0.013779584
995472,0.021897977
995473,0.017365579
995474,0.014028033
995475,0.018068254
995476,0.011259191
995477,0.016050091
995478,0.016317211
995479,0.011465993
995480,0.011155791
995481,0.013905245
995482,0.013354492
995483,0.01361443
995484,0.011091165
995485,0.0084631778
995486,0.021591365
995487,0.013834875
995488,0.011236931
995489,0.017970631
995490,0.012017463
995491,0.015845444
995492,0.010992073
995493,0.014883962
995494,0.016440718
995495,0.010768037
995496,0.013924632
995497,0.011312327
995498,0.014187442
995499,0.010999253
995500,0.01128576
995501,0.020224364
995502,0.011004997
995503,0.015338955
995504,0.017058967
995505,0.024881549
995506,0.0025683593
995507,0.016215246
995508,0.016233915
995509,0.01338106
995510,0.011510064
995511,0.011376953
995512,0.016396916
995513,0.014264275
995514,0.010729214
995515,0.026539521
995516,0.011055262
995517,0.013710651
995518,0.015494313
995519,0.010986328
995520,0.010960478
995521,0.013778866
995522,0.017532863
995523,0.015491304
995524,0.019144934
995525,0.011638328
995526,0.013789637
995527,0.015090669
995528,0.013719985
995529,0.014522059
995530,0.013941147
995531,0.011349667
995532,0.013361673
995533,0.013539752
995534,0.011081831
995535,0.013924632
995536,0.011419319
995537,0.012299662
995538,0.014857393
995539,0.016475184
995540,0.011328125
995541,0.011006434
995542,0.018482164
995543,0.016555607
995544,0.016464412
995545,0.011247702
995546,0.011040183
995547,0.010861386
995548,0.01618796
995549,0.0099779097
995550,0.019007066
995551,0.013712087
995552,0.013510311
995553,0.014490312
995554,0.013697007
995555,0.013534008
995556,0.016326545
995557,0.018828269
995558,0.017813459
995559,0.018588437
995560,0.01391458
995561,0.011218262
995562,0.014636949
995563,0.014197021
995564,0.011087575
995565,0.019152682
995566,0.010973403
995567,0.017985713
995568,0.026769301
995569,0.016468721
995570,0.013696289
995571,0.013430607
995572,0.011152918
995573,0.013541906
995574,0.014142923
995575,0.01113712
995576,0.012798714
995577,0.011073931
995578,0.010906624
995579,0.013893038
995580,0.013745835
995581,0.013903582
995582,0.021507353
995583,0.015716912
995584,0.013408347
995585,0.012637868
995586,0.011150046
995587,0.01226304
995588,0.01630285
995589,0.021498736
995590,0.013490924
995591,0.013733628
995592,0.012195542
995593,0.010998535
995594,0.026746323
995595,0.03567028
995596,0.015616383
995597,0.011030848
995598,0.016605154
995599,0.016182216
995600,0.015958181
995601,0.014326747
995602,0.029872041
995603,0.029288976
995604,0.011232623
995605,0.019385483
995606,0.012459129
995607,0.013390395
995608,0.011275707
995609,0.015306899
995610,0.01349236
995611,0.010887119
995612,0.016040038
995613,0.023331227
995614,0.01356991
995615,0.013788201
995616,0.012556889
995617,0.018615723
995618,0.012564626
995619,0.011084703
995620,0.010943244
995621,0.015167596
995622,0.011008588
995623,0.010617693
995624,0.019067382
995625,0.01453642
995626,0.0094370982
995627,0.017394301
995628,0.026826747
995629,0.012236471
995630,0.013552616
995631,0.0099479835
995632,0.013283405
995633,0.017383531
995634,0.013586426
995635,0.015682444
995636,0.012815855
995637,0.013488051
995638,0.016190113
995639,0.014537138
995640,0.011390597
995641,0.011569394
995642,0.010914522
995643,0.013292739
995644,0.013051471
995645,0.012312586
995646,0.016447898
995647,0.0099796075
995648,0.013903091
995649,0.012876276
995650,0.016119026
995651,0.011479636
995652,0.039434455
995653,0.0188765
995654,0.011329544
995655,0.01105957
995656,0.010327078
995657,0.021622961
995658,0.013918888
995659,0.013878676
995660,0.013076584
995661,0.021551874
995662,0.0092961201
995663,0.010121268
995664,0.013330078
995665,0.019326603
995666,0.013076946
995667,0.010938218
995668,0.011290068
995669,0.01225945
995670,0.011335306
995671,0.01157442
995672,0.013430607
995673,0.020266544
995674,0.01916432
995675,0.024253218
995676,0.014051011
995677,0.011554314
995678,0.020340504
995679,0.011099064
995680,0.013683364
995681,0.013805434
995682,0.012956719
995683,0.011170152
995684,0.0098593077
995685,0.013768096
995686,0.010821892
995687,0.011113425
995688,0.024856942
995689,0.018696863
995690,0.009846325
995691,0.015475644
995692,0.027875114
995693,0.013717113
995694,0.026789406
995695,0.012531594
995696,0.011227597
995697,0.0026107109
995698,0.016233196
995699,0.013639562
995700,0.0241412
995701,0.015716912
995702,0.011161535
995703,0.010702694
995704,0.011690028
995705,0.014434455
995706,0.011152918
995707,0.015223381
995708,0.010772346
995709,0.011081831
995710,0.011298684
995711,0.013865033
995712,0.014476103
995713,0.010385652
995714,0.015856933
995715,0.013522519
995716,0.0032799225
995717,0.011272835
995718,0.01361443
995719,0.014239143
995720,0.0109375
995721,0.013857135
995722,0.015360129
995723,0.011349667
995724,0.019073846
995725,0.015785845
995726,0.01361084
995727,0.01098561
995728,0.01114861
995729,0.031545121
995730,0.018952493
995731,0.013532571
995732,0.013604377
995733,0.024567146
995734,0.013304946
995735,0.016463695
995736,0.010242662
995737,0.011201747
995738,0.013522519
995739,0.020670813
995740,0.013629509
995741,0.022109807
995742,0.01171157
995743,0.016812673
995744,0.011019359
995745,0.011269962
995746,0.010964069
995747,0.013908835
995748,0.010948271
995749,0.017789945
995750,0.010880055
995751,0.014569451
995752,0.013602941
995753,0.011726649
995754,0.011672794
995755,0.013419118
995756,0.01103911
995757,0.011592371
995758,0.013587862
995759,0.015004596
995760,0.013971306
995761,0.015801642
995762,0.018654497
995763,0.012167538
995764,0.013849954
995765,0.015001649
995766,0.012202005
995767,0.018964458
995768,0.013545496
995769,0.013438505
995770,0.010851333
995771,0.011305147
995772,0.018915154
995773,0.013970588
995774,0.010835536
995775,0.020965748
995776,0.016292796
995777,0.020570084
995778,0.014998069
995779,0.011036593
995780,0.014941902
995781,0.016439281
995782,0.014196778
995783,0.031354837
995784,0.016209502
995785,0.011997358
995786,0.027448092
995787,0.014132152
995788,0.017137954
995789,0.017835813
995790,0.017744256
995791,0.01372932
995792,0.013928941
995793,0.013168515
995794,0.010292637
995795,0.014808868
995796,0.010444303
995797,0.012270939
995798,0.015701832
995799,0.010475408
995800,0.011342486
995801,0.0188017
995802,0.026784381
995803,0.011521284
995804,0.012396066
995805,0.022522861
995806,0.011799691
995807,0.016164981
995808,0.010868566
995809,0.01103372
995810,0.013720703
995811,0.016393324
995812,0.017612591
995813,0.010040402
995814,0.016670497
995815,0.011393469
995816,0.0042314786
995817,0.011071777
995818,0.014068244
995819,0.014081888
995820,0.01396987
995821,0.020889314
995822,0.014183852
995823,0.011309455
995824,0.018773695
995825,0.014016544
995826,0.01908318
995827,0.011873852
995828,0.0093243541
995829,0.010983456
995830,0.012786506
995831,0.011362592
995832,0.01338465
995833,0.013890166
995834,0.013722857
995835,0.011324535
995836,0.011582319
995837,0.013296329
995838,0.011170152
995839,0.013763787
995840,0.0099081444
995841,0.010934628
995842,0.010512408
995843,0.011410702
995844,0.015919404
995845,0.019308854
995846,0.014945248
995847,0.013924632
995848,0.010961914
995849,0.013427016
995850,0.032435946
995851,0.010701258
995852,0.013672593
995853,0.013312845
995854,0.013687672
995855,0.023196232
995856,0.013870778
995857,0.012026798
995858,0.010952579
995859,0.016179344
995860,0.020461857
995861,0.015797334
995862,0.012425296
995863,0.018929515
995864,0.013523955
995865,0.016482364
995866,0.010955451
995867,0.011825023
995868,0.011101936
995869,0.021573415
995870,0.013625919
995871,0.026493566
995872,0.013407629
995873,0.011051672
995874,0.014230526
995875,0.019242389
995876,0.037238628
995877,0.017944518
995878,0.010928883
995879,0.0089032501
995880,0.013749425
995881,0.011029412
995882,0.016238943
995883,0.013243911
995884,0.015429728
995885,0.014051011
995886,0.015261285
995887,0.016269818
995888,0.015085018
995889,0.013872214
995890,0.0111005
995891,0.013443531
995892,0.013482307
995893,0.016364602
995894,0.011474609
995895,0.016449334
995896,0.011158663
995897,0.014802103
995898,0.026519416
995899,0.010983456
995900,0.016371783
995901,0.024063649
995902,0.01198874
995903,0.011868824
995904,0.012554121
995905,0.011260627
995906,0.011006434
995907,0.014021571
995908,0.016231043
995909,0.010803223
995910,0.035664223
995911,0.016416302
995912,0.012974028
995913,0.012534467
995914,0.0109892
995915,0.011695054
995916,0.013200827
995917,0.031573128
995918,0.010886517
995919,0.012713264
995920,0.021702666
995921,0.010181247
995922,0.012455745
995923,0.01060791
995924,0.010983456
995925,0.014072089
995926,0.015398811
995927,0.024053596
995928,0.011034438
995929,0.021661736
995930,0.019097541
995931,0.010790298
995932,0.015213472
995933,0.014975155
995934,0.0230377
995935,0.01094109
995936,0.014384191
995937,0.010948989
995938,0.01113712
995939,0.013646025
995940,0.013635972
995941,0.01875359
995942,0.010903751
995943,0.01145953
995944,0.0097118989
995945,0.023936553
995946,0.011237649
995947,0.010999971
995948,0.011081113
995949,0.012704183
995950,0.027804745
995951,0.010796042
995952,0.016315056
995953,0.010983456
995954,0.021528177
995955,0.014833697
995956,0.030058028
995957,0.016096048
995958,0.029610667
995959,0.01915714
995960,0.018667422
995961,0.024301328
995962,0.0188534
995963,0.013376034
995964,0.01024165
995965,0.011293174
995966,0.011348949
995967,0.011854463
995968,0.013235294
995969,0.015235708
995970,0.011259191
995971,0.019148523
995972,0.013527545
995973,0.01138557
995974,0.011322381
995975,0.011230469
995976,0.023768526
995977,0.011925551
995978,0.011239803
995979,0.011046645
995980,0.012247243
995981,0.010838408
995982,0.024219468
995983,0.009773978
995984,0.013746553
995985,0.0035592222
995986,0.013371726
995987,0.011190975
995988,0.010805377
995989,0.011132094
995990,0.011371208
995991,0.018681066
995992,0.015705423
995993,0.010321668
995994,0.012186152
995995,0.010417987
995996,0.014039522
995997,0.013717831
995998,0.018025476
995999,0.021444881
996000,0.011009306
996001,0.013791073
996002,0.013269761
996003,0.010753676
996004,0.013709933
996005,0.010684743
996006,0.013989976
996007,0.013422064
996008,0.018609978
996009,0.011465993
996010,0.01083769
996011,0.012904986
996012,0.018555827
996013,0.029610667
996014,0.014947151
996015,0.018848374
996016,0.015538115
996017,0.014223346
996018,0.013800408
996019,0.013597197
996020,0.015812414
996021,0.03181655
996022,0.011297248
996023,0.011040901
996024,0.01465131
996025,0.01893167
996026,0.017746244
996027,0.018400388
996028,0.013391113
996029,0.013441377
996030,0.011138557
996031,0.010836254
996032,0.015866268
996033,0.01206701
996034,0.0034867311
996035,0.010813993
996036,0.011487534
996037,0.016529039
996038,0.012757784
996039,0.010935346
996040,0.012850096
996041,0.011024386
996042,0.013456456
996043,0.011225442
996044,0.036927707
996045,0.013875086
996046,0.028202893
996047,0.01334444
996048,0.016348805
996049,0.01983642
996050,0.016503906
996051,0.011804199
996052,0.01937543
996053,0.018554688
996054,0.0031839062
996055,0.018818934
996056,0.011094037
996057,0.024009077
996058,0.019197352
996059,0.011045927
996060,0.011213954
996061,0.013702033
996062,0.012626379
996063,0.027084716
996064,0.011066033
996065,0.011135684
996066,0.013715677
996067,0.010845589
996068,0.013811897
996069,0.011149328
996070,0.022473145
996071,0.011170152
996072,0.010961914
996073,0.016222427
996074,0.011066751
996075,0.02330035
996076,0.014081888
996077,0.012557079
996078,0.011679256
996079,0.021814683
996080,0.011639764
996081,0.016164981
996082,0.016130514
996083,0.017211586
996084,0.013669003
996085,0.013350184
996086,0.01679337
996087,0.01676169
996088,0.01630285
996089,0.015363091
996090,0.013582836
996091,0.012281709
996092,0.011030848
996093,0.029078584
996094,0.013315717
996095,0.01349954
996096,0.0027190563
996097,0.01103013
996098,0.018905101
996099,0.013921042
996100,0.01592084
996101,0.016279871
996102,0.02535047
996103,0.021645939
996104,0.011391315
996105,0.011201029
996106,0.011122759
996107,0.012219359
996108,0.015390356
996109,0.010987046
996110,0.013361673
996111,0.0051721716
996112,0.012853286
996113,0.013827695
996114,0.011534208
996115,0.0096793827
996116,0.014993107
996117,0.010776655
996118,0.01908318
996119,0.014156566
996120,0.010962632
996121,0.023629222
996122,0.018926643
996123,0.0087608695
996124,0.013358607
996125,0.021731388
996126,0.014206465
996127,0.013568474
996128,0.01328125
996129,0.018910846
996130,0.019031245
996131,0.014553653
996132,0.018130314
996133,0.017537022
996134,0.02405192
996135,0.013200827
996136,0.016210938
996137,0.01109691
996138,0.016147748
996139,0.02405216
996140,0.011544261
996141,0.011106244
996142,0.019493192
996143,0.030215994
996144,0.019358197
996145,0.019209558
996146,0.01113353
996147,0.018887868
996148,0.013024184
996149,0.012831026
996150,0.01085995
996151,0.013550523
996152,0.013900937
996153,0.011111271
996154,0.026413143
996155,0.010779527
996156,0.010832663
996157,0.014247759
996158,0.021533921
996159,0.011144302
996160,0.016659006
996161,0.011914062
996162,0.011029412
996163,0.0081039621
996164,0.011092601
996165,0.015846163
996166,0.013235294
996167,0.016172161
996168,0.013823385
996169,0.012774719
996170,0.010817584
996171,0.028117906
996172,0.013680492
996173,0.010913804
996174,0.013525391
996175,0.017830882
996176,0.010895853
996177,0.011070341
996178,0.021347225
996179,0.010980584
996180,0.0017430199
996181,0.01338465
996182,0.011420037
996183,0.015433643
996184,0.012141688
996185,0.011448042
996186,0.011066751
996187,0.010214761
996188,0.026400937
996189,0.016345214
996190,0.0075591775
996191,0.017704504
996192,0.011208209
996193,0.012467611
996194,0.011035156
996195,0.0099540278
996196,0.012273811
996197,0.013511029
996198,0.011123477
996199,0.012179745
996200,0.011311609
996201,0.016259048
996202,0.015857652
996203,0.013430607
996204,0.016153492
996205,0.013478717
996206,0.013500976
996207,0.013637408
996208,0.021064309
996209,0.013663258
996210,0.023727596
996211,0.012977511
996212,0.016022805
996213,0.010814711
996214,0.013939711
996215,0.011173024
996216,0.024168137
996217,0.01382554
996218,0.015126767
996219,0.010931755
996220,0.019255515
996221,0.010839844
996222,0.011247702
996223,0.010816148
996224,0.014558637
996225,0.013612994
996226,0.0161578
996227,0.013536162
996228,0.011020795
996229,0.01762408
996230,0.017086552
996231,0.011925551
996232,0.015085232
996233,0.01202608
996234,0.010038944
996235,0.011168716
996236,0.014326747
996237,0.011099782
996238,0.014738184
996239,0.016203757
996240,0.018910846
996241,0.01127068
996242,0.01133028
996243,0.01138557
996244,0.013680492
996245,0.013952531
996246,0.01353688
996247,0.018911563
996248,0.012028952
996249,0.011615349
996250,0.013290239
996251,0.015182722
996252,0.013545496
996253,0.011362592
996254,0.01388873
996255,0.011311609
996256,0.01103372
996257,0.018414086
996258,0.011555032
996259,0.010592831
996260,0.022366792
996261,0.0128777
996262,0.018113798
996263,0.014085478
996264,0.013430607
996265,0.013718549
996266,0.017794857
996267,0.010885081
996268,0.011335306
996269,0.024597887
996270,0.018195657
996271,0.012793363
996272,0.018189913
996273,0.010483108
996274,0.017663537
996275,0.023747703
996276,0.016130514
996277,0.016641056
996278,0.017142816
996279,0.011114143
996280,0.011088293
996281,0.015153912
996282,0.011150046
996283,0.016301414
996284,0.012905149
996285,0.011132812
996286,0.01610969
996287,0.016385427
996288,0.018037293
996289,0.014725988
996290,0.013973461
996291,0.020532945
996292,0.010831945
996293,0.011283605
996294,0.01788439
996295,0.010957606
996296,0.0135814
996297,0.010977712
996298,0.011103372
996299,0.012036674
996300,0.013648897
996301,0.012879854
996302,0.011271399
996303,0.013913861
996304,0.013396139
996305,0.012350643
996306,0.017877102
996307,0.016429229
996308,0.010849897
996309,0.015096972
996310,0.016383272
996311,0.033050198
996312,0.017513964
996313,0.024358772
996314,0.01075583
996315,0.013579963
996316,0.024121812
996317,0.013409783
996318,0.013907399
996319,0.012744859
996320,0.015018378
996321,0.011018641
996322,0.010605756
996323,0.017178165
996324,0.011454504
996325,0.013641717
996326,0.013409783
996327,0.01128576
996328,0.0097822361
996329,0.01257037
996330,0.013622329
996331,0.022709036
996332,0.013801844
996333,0.012235753
996334,0.011532553
996335,0.013420554
996336,0.013545496
996337,0.010999253
996338,0.015998088
996339,0.015981875
996340,0.011730239
996341,0.025208943
996342,0.012838124
996343,0.025436874
996344,0.011682129
996345,0.027090993
996346,0.019876705
996347,0.0031631219
996348,0.018520221
996349,0.0093216877
996350,0.013246783
996351,0.029550351
996352,0.011081113
996353,0.013568474
996354,0.023874082
996355,0.011366182
996356,0.017212119
996357,0.013448558
996358,0.014493781
996359,0.0096399318
996360,0.016432818
996361,0.015133129
996362,0.013595761
996363,0.011542825
996364,0.023862591
996365,0.02083905
996366,0.013890166
996367,0.013437787
996368,0.019251158
996369,0.0027493576
996370,0.01339973
996371,0.011644072
996372,0.01490469
996373,0.0031009368
996374,0.012519388
996375,0.011638328
996376,0.010739315
996377,0.022458643
996378,0.011196001
996379,0.010739315
996380,0.013598633
996381,0.011132094
996382,0.013923196
996383,0.013513183
996384,0.013358083
996385,0.013512465
996386,0.011184513
996387,0.011346795
996388,0.010930319
996389,0.011029412
996390,0.01372573
996391,0.01088939
996392,0.011068187
996393,0.016670497
996394,0.016126206
996395,0.016149903
996396,0.013947229
996397,0.011119887
996398,0.013528263
996399,0.016176471
996400,0.014144359
996401,0.010999971
996402,0.015151798
996403,0.018780876
996404,0.011150764
996405,0.016630284
996406,0.01217824
996407,0.018941723
996408,0.016880888
996409,0.013840619
996410,0.025395652
996411,0.0028239992
996412,0.010991354
996413,0.012971048
996414,0.020481244
996415,0.012201287
996416,0.016063018
996417,0.012299662
996418,0.010979866
996419,0.010872156
996420,0.011468865
996421,0.016215246
996422,0.013361673
996423,0.012658691
996424,0.016022805
996425,0.020137208
996426,0.024126839
996427,0.011251292
996428,0.016396197
996429,0.016432101
996430,0.020898437
996431,0.01105239
996432,0.016774615
996433,0.015340701
996434,0.013660386
996435,0.014535702
996436,0.016955972
996437,0.011020795
996438,0.01590289
996439,0.011170152
996440,0.0039206413
996441,0.01114861
996442,0.024457864
996443,0.011236213
996444,0.013457174
996445,0.011012896
996446,0.014996819
996447,0.011046645
996448,0.010842716
996449,0.016257612
996450,0.016683422
996451,0.013660386
996452,0.011127668
996453,0.025612876
996454,0.011863798
996455,0.010687177
996456,0.015553229
996457,0.016967773
996458,0.010961914
996459,0.018888585
996460,0.012212776
996461,0.0129294
996462,0.020341223
996463,0.011109835
996464,0.025572792
996465,0.011121323
996466,0.011077521
996467,0.011599386
996468,0.018872788
996469,0.01157083
996470,0.015523035
996471,0.016210938
996472,0.01773897
996473,0.011109835
996474,0.010933192
996475,0.011207491
996476,0.0165434
996477,0.016348805
996478,0.017458927
996479,0.015387414
996480,0.011190257
996481,0.013623047
996482,0.019094668
996483,0.013648897
996484,0.015948128
996485,0.011086857
996486,0.025573038
996487,0.01582174
996488,0.021289062
996489,0.016226016
996490,0.015492169
996491,0.016306439
996492,0.0039444966
996493,0.016075943
996494,0.01100787
996495,0.0086613679
996496,0.013852108
996497,0.021360869
996498,0.031246692
996499,0.011899701
996500,0.016401224
996501,0.012187336
996502,0.016051527
996503,0.011012178
996504,0.013878676
996505,0.013038765
996506,0.019073846
996507,0.01876149
996508,0.021703383
996509,0.013872214
996510,0.018637983
996511,0.017190373
996512,0.010989918
996513,0.018691119
996514,0.013479435
996515,0.010932473
996516,0.010811121
996517,0.013430607
996518,0.011155791
996519,0.012159579
996520,0.016505342
996521,0.018861664
996522,0.02226894
996523,0.018922335
996524,0.018986961
996525,0.012907858
996526,0.02157844
996527,0.011264936
996528,0.018818934
996529,0.010732853
996530,0.013078757
996531,0.018382354
996532,0.016715433
996533,0.013849954
996534,0.013342286
996535,0.01117087
996536,0.023589011
996537,0.01078958
996538,0.010871438
996539,0.013984231
996540,0.012442555
996541,0.011021513
996542,0.013780302
996543,0.010976993
996544,0.016597971
996545,0.018910846
996546,0.013464356
996547,0.01216682
996548,0.011127786
996549,0.019748757
996550,0.016060863
996551,0.013531135
996552,0.011601996
996553,0.014506262
996554,0.013698443
996555,0.023690257
996556,0.011273553
996557,0.013540231
996558,0.013284841
996559,0.011245548
996560,0.013276224
996561,0.013556985
996562,0.015681008
996563,0.014154412
996564,0.011496869
996565,0.012645404
996566,0.021510186
996567,0.011240148
996568,0.010451032
996569,0.011239085
996570,0.014358341
996571,0.011653407
996572,0.012876108
996573,0.01191478
996574,0.010689051
996575,0.011105526
996576,0.018798109
996577,0.01630285
996578,0.016124053
996579,0.026691033
996580,0.012003102
996581,0.013248937
996582,0.01187457
996583,0.016490264
996584,0.011435116
996585,0.013844928
996586,0.011089729
996587,0.011926269
996588,0.029171214
996589,0.015895441
996590,0.010650275
996591,0.011238367
996592,0.016818993
996593,0.012752757
996594,0.015691468
996595,0.011394905
996596,0.011408548
996597,0.013384206
996598,0.013964126
996599,0.013796818
996600,0.010824764
996601,0.019313678
996602,0.029022576
996603,0.013400448
996604,0.017627671
996605,0.012585637
996606,0.013541188
996607,0.013947611
996608,0.013637113
996609,0.021336766
996610,0.01618796
996611,0.018009014
996612,0.01094468
996613,0.01642851
996614,0.011352539
996615,0.011186667
996616,0.011274271
996617,0.011030477
996618,0.014825799
996619,0.011014332
996620,0.010951143
996621,0.029733473
996622,0.010054702
996623,0.013649615
996624,0.013945972
996625,0.020046653
996626,0.012191234
996627,0.013266888
996628,0.016176471
996629,0.010737161
996630,0.011553054
996631,0.010775937
996632,0.015288925
996633,0.010458737
996634,0.011317354
996635,0.01370706
996636,0.012561753
996637,0.010885799
996638,0.010010962
996639,0.013407629
996640,0.013498104
996641,0.012960277
996642,0.016555607
996643,0.010963351
996644,0.01586986
996645,0.0097314464
996646,0.020038607
996647,0.013757324
996648,0.010921703
996649,0.01849868
996650,0.011471019
996651,0.010827636
996652,0.016134823
996653,0.016529039
996654,0.011608887
996655,0.011163689
996656,0.011062442
996657,0.011027976
996658,0.011938477
996659,0.010085016
996660,0.0034185008
996661,0.019739488
996662,0.011038029
996663,0.014097685
996664,0.01683565
996665,0.023012409
996666,0.018915154
996667,0.012638086
996668,0.011514821
996669,0.011201747
996670,0.017548684
996671,0.011163689
996672,0.01117087
996673,0.012001666
996674,0.013157052
996675,0.011882468
996676,0.013821949
996677,0.013786765
996678,0.024284093
996679,0.015992647
996680,0.012157485
996681,0.013878676
996682,0.012146714
996683,0.011379107
996684,0.018900793
996685,0.011033002
996686,0.014018699
996687,0.011098346
996688,0.012798714
996689,0.013832721
996690,0.010968377
996691,0.013456456
996692,0.013932531
996693,0.016097484
996694,0.016973546
996695,0.016439281
996696,0.015005314
996697,0.0099383704
996698,0.013525391
996699,0.011578728
996700,0.021855613
996701,0.013845646
996702,0.015601304
996703,0.011027258
996704,0.011369772
996705,0.018709788
996706,0.025980642
996707,0.021830481
996708,0.018004967
996709,0.01088939
996710,0.011294376
996711,0.013292739
996712,0.020428108
996713,0.01306296
996714,0.01107824
996715,0.0097739054
996716,0.011928423
996717,0.022462374
996718,0.015023983
996719,0.012825948
996720,0.011357565
996721,0.012488511
996722,0.011330998
996723,0.013363827
996724,0.015613511
996725,0.011063878
996726,0.011879596
996727,0.013446404
996728,0.018666705
996729,0.013407629
996730,0.02654383
996731,0.013821231
996732,0.0099913673
996733,0.013864315
996734,0.012013155
996735,0.011667049
996736,0.013332232
996737,0.013648179
996738,0.013635254
996739,0.013974897
996740,0.013253246
996741,0.010881491
996742,0.013627355
996743,0.010754394
996744,0.01122257
996745,0.012699027
996746,0.013444968
996747,0.011183795
996748,0.013278038
996749,0.01361443
996750,0.011477482
996751,0.011273553
996752,0.011136402
996753,0.0149292
996754,0.021270461
996755,0.017200425
996756,0.013832721
996757,0.010534932
996758,0.016183652
996759,0.016423484
996760,0.013906681
996761,0.023440942
996762,0.021024816
996763,0.013694853
996764,0.020264735
996765,0.016213091
996766,0.011420037
996767,0.01124483
996768,0.010849897
996769,0.011812098
996770,0.013549805
996771,0.016546991
996772,0.01652473
996773,0.013496668
996774,0.010720646
996775,0.015992647
996776,0.011458094
996777,0.016079532
996778,0.016179344
996779,0.011014332
996780,0.0053209253
996781,0.013683364
996782,0.012856131
996783,0.0033103114
996784,0.013680492
996785,0.016486673
996786,0.013961972
996787,0.01232267
996788,0.011161535
996789,0.013879394
996790,0.01103372
996791,0.016038602
996792,0.011201747
996793,0.013505285
996794,0.029524464
996795,0.015966797
996796,0.011061724
996797,0.016399788
996798,0.015963925
996799,0.021994537
996800,0.010236412
996801,0.011250574
996802,0.003426661
996803,0.013559857
996804,0.022012867
996805,0.012980483
996806,0.017451746
996807,0.01730239
996808,0.020440314
996809,0.015303309
996810,0.013757324
996811,0.011368336
996812,0.02001277
996813,0.015778664
996814,0.013572064
996815,0.015675489
996816,0.013430607
996817,0.010684743
996818,0.014478975
996819,0.013740809
996820,0.01062658
996821,0.013775994
996822,0.010309918
996823,0.02030891
996824,0.016762407
996825,0.020211266
996826,0.016077379
996827,0.013487333
996828,0.012674489
996829,0.013764505
996830,0.01353203
996831,0.016371783
996832,0.012404498
996833,0.011089729
996834,0.011352539
996835,0.016360294
996836,0.01913847
996837,0.011395806
996838,0.010785271
996839,0.016245404
996840,0.013340131
996841,0.012216366
996842,0.018564498
996843,0.013683364
996844,0.01827967
996845,0.032324936
996846,0.013476563
996847,0.0017110673
996848,0.017313879
996849,0.013776712
996850,0.010791016
996851,0.01118164
996852,0.013515337
996853,0.013901655
996854,0.018864891
996855,0.012017463
996856,0.010867286
996857,0.013916734
996858,0.013455738
996859,0.012505027
996860,0.017544815
996861,0.011340332
996862,0.011491843
996863,0.025667079
996864,0.013308536
996865,0.011305147
996866,0.020658605
996867,0.016964182
996868,0.012808052
996869,0.010587804
996870,0.013648897
996871,0.013447122
996872,0.013591453
996873,0.011504049
996874,0.011491125
996875,0.011124196
996876,0.011049517
996877,0.018830422
996878,0.01619155
996879,0.013143826
996880,0.011945657
996881,0.012345253
996882,0.013694135
996883,0.011349667
996884,0.010077903
996885,0.010868367
996886,0.013735782
996887,0.015189638
996888,0.011156509
996889,0.017271513
996890,0.011099782
996891,0.014487592
996892,0.010926011
996893,0.019439338
996894,0.019075999
996895,0.011063878
996896,0.026225012
996897,0.011160099
996898,0.014007209
996899,0.013992848
996900,0.014797794
996901,0.030152086
996902,0.010513613
996903,0.010938936
996904,0.01953125
996905,0.013936121
996906,0.013579963
996907,0.010979148
996908,0.013388959
996909,0.013893038
996910,0.010876465
996911,0.012311868
996912,0.017437601
996913,0.011534926
996914,0.01251597
996915,0.010825482
996916,0.019232538
996917,0.016210219
996918,0.020567959
996919,0.017435949
996920,0.011238367
996921,0.01384421
996922,0.013660386
996923,0.016709272
996924,0.01685432
996925,0.021024816
996926,0.021610754
996927,0.011655766
996928,0.010930319
996929,0.019188736
996930,0.011239085
996931,0.016653262
996932,0.022880973
996933,0.016284179
996934,0.013465074
996935,0.013501694
996936,0.020630602
996937,0.012665154
996938,0.011002125
996939,0.011065315
996940,0.010998535
996941,0.011029412
996942,0.019160731
996943,0.021713436
996944,0.011781939
996945,0.013821231
996946,0.016061582
996947,0.014787741
996948,0.011837948
996949,0.015482106
996950,0.015107862
996951,0.013578527
996952,0.013686236
996953,0.017102147
996954,0.013301356
996955,0.01086354
996956,0.01134105
996957,0.024804687
996958,0.013212316
996959,0.0111522
996960,0.01157083
996961,0.011101936
996962,0.010801787
996963,0.013501694
996964,0.0099653415
996965,0.014029469
996966,0.017118566
996967,0.012615868
996968,0.022886502
996969,0.0109375
996970,0.014960433
996971,0.011717314
996972,0.016268382
996973,0.010476626
996974,0.013501917
996975,0.016396197
996976,0.017199798
996977,0.016642492
996978,0.013824103
996979,0.0022729656
996980,0.0139591
996981,0.019450827
996982,0.011032284
996983,0.01322955
996984,0.011978919
996985,0.011351103
996986,0.011262782
996987,0.01384421
996988,0.027976362
996989,0.010870002
996990,0.011227597
996991,0.010999971
996992,0.011315918
996993,0.022568246
996994,0.013591453
996995,0.016477337
996996,0.010745778
996997,0.013311408
996998,0.010948271
996999,0.026567526
997000,0.011005715
997001,0.010867848
997002,0.024313534
997003,0.020010915
997004,0.011064596
997005,0.010145198
997006,0.011058852
997007,0.011921243
997008,0.013711369
997009,0.0108262
997010,0.01896829
997011,0.011481072
997012,0.013780302
997013,0.011349667
997014,0.015925149
997015,0.017670754
997016,0.013917452
997017,0.011728085
997018,0.011310891
997019,0.011006434
997020,0.016003419
997021,0.013732192
997022,0.010661765
997023,0.032213636
997024,0.01391817
997025,0.016190113
997026,0.012231079
997027,0.020450369
997028,0.01372932
997029,0.010133637
997030,0.011805798
997031,0.015308426
997032,0.013924632
997033,0.013876522
997034,0.013947611
997035,0.011282887
997036,0.011521284
997037,0.027242603
997038,0.017807905
997039,0.011167279
997040,0.010862822
997041,0.024001177
997042,0.013373162
997043,0.011018641
997044,0.011090447
997045,0.01304924
997046,0.021407543
997047,0.01354047
997048,0.011120605
997049,0.013867905
997050,0.014332491
997051,0.011632583
997052,0.01857982
997053,0.011108398
997054,0.012268066
997055,0.017629772
997056,0.011971507
997057,0.029659377
997058,0.018095847
997059,0.016182216
997060,0.011741728
997061,0.027230078
997062,0.016336598
997063,0.011346077
997064,0.016536219
997065,0.010523804
997066,0.011443014
997067,0.022040155
997068,0.016426357
997069,0.039326746
997070,0.010964787
997071,0.021959012
997072,0.012701775
997073,0.013775276
997074,0.010601885
997075,0.01574707
997076,0.024010513
997077,0.013487333
997078,0.010820456
997079,0.012012437
997080,0.021657428
997081,0.010701976
997082,0.013992848
997083,0.013691262
997084,0.016326545
997085,0.010223079
997086,0.013374598
997087,0.012997203
997088,0.01114143
997089,0.012667703
997090,0.014211857
997091,0.015809076
997092,0.016096048
997093,0.013534726
997094,0.021587776
997095,0.016480928
997096,0.011139994
997097,0.013732192
997098,0.014051011
997099,0.010820456
997100,0.013750861
997101,0.01682057
997102,0.018669577
997103,0.015322575
997104,0.021063559
997105,0.011117015
997106,0.025884651
997107,0.015237248
997108,0.013837029
997109,0.017681526
997110,0.010403262
997111,0.011105526
997112,0.014583541
997113,0.020061178
997114,0.015034754
997115,0.011550006
997116,0.027613422
997117,0.011323099
997118,0.010197202
997119,0.011132812
997120,0.015803078
997121,0.010777373
997122,0.013489488
997123,0.010951861
997124,0.012633591
997125,0.021662453
997126,0.024110323
997127,0.016034294
997128,0.013519916
997129,0.013490206
997130,0.010791734
997131,0.016564941
997132,0.015869141
997133,0.013924632
997134,0.013802562
997135,0.013009105
997136,0.013576373
997137,0.013621611
997138,0.015866268
997139,0.011328125
997140,0.014075425
997141,0.01140783
997142,0.016095329
997143,0.021484375
997144,0.010861386
997145,0.022261316
997146,0.014489028
997147,0.014820772
997148,0.010627298
997149,0.017837346
997150,0.011695772
997151,0.016525447
997152,0.011332434
997153,0.016580021
997154,0.011086857
997155,0.010910214
997156,0.011499023
997157,0.013304946
997158,0.018034276
997159,0.014200368
997160,0.013177849
997161,0.018984379
997162,0.013568474
997163,0.013740809
997164,0.018404238
997165,0.021436984
997166,0.015280331
997167,0.011528464
997168,0.018839039
997169,0.023502145
997170,0.016314339
997171,0.012476304
997172,0.021845559
997173,0.013017003
997174,0.01408117
997175,0.011922679
997176,0.010850615
997177,0.013694853
997178,0.016373219
997179,0.013327206
997180,0.019094668
997181,0.013947611
997182,0.013890166
997183,0.01622458
997184,0.021542955
997185,0.01335162
997186,0.013651052
997187,0.019228946
997188,0.012648048
997189,0.011060288
997190,0.021044921
997191,0.013959818
997192,0.013523237
997193,0.012511489
997194,0.015785845
997195,0.011167997
997196,0.01138557
997197,0.018583409
997198,0.027194394
997199,0.021248134
997200,0.01095976
997201,0.011280015
997202,0.011165843
997203,0.011420037
997204,0.012362133
997205,0.019526392
997206,0.013669721
997207,0.012488511
997208,0.012619916
997209,0.011346795
997210,0.013853544
997211,0.013350184
997212,0.0056306957
997213,0.019061638
997214,0.029237276
997215,0.015973259
997216,0.01639476
997217,0.011387724
997218,0.010898007
997219,0.012633465
997220,0.014136461
997221,0.013505285
997222,0.010928883
997223,0.011629711
997224,0.011109835
997225,0.01112635
997226,0.012695313
997227,0.013576373
997228,0.011109835
997229,0.013763787
997230,0.014317412
997231,0.013410501
997232,0.020659113
997233,0.010397979
997234,0.011005715
997235,0.0050593186
997236,0.013423426
997237,0.015145845
997238,0.010670715
997239,0.017474724
997240,0.01623176
997241,0.02696605
997242,0.024032772
997243,0.013656078
997244,0.01245548
997245,0.016342742
997246,0.022847973
997247,0.011355411
997248,0.016090304
997249,0.018607106
997250,0.012583991
997251,0.018799547
997252,0.021472886
997253,0.012339872
997254,0.013763787
997255,0.013867187
997256,0.014867446
997257,0.010735916
997258,0.011063878
997259,0.010656021
997260,0.010744342
997261,0.011239803
997262,0.0109375
997263,0.011088293
997264,0.010824764
997265,0.013610122
997266,0.019806985
997267,0.015969669
997268,0.011022232
997269,0.01976103
997270,0.013606532
997271,0.013893038
997272,0.013535444
997273,0.018213747
997274,0.017634802
997275,0.0031839593
997276,0.016371783
997277,0.01105598
997278,0.011440142
997279,0.021824736
997280,0.01434757
997281,0.01083769
997282,0.010792452
997283,0.011075367
997284,0.010918112
997285,0.01148897
997286,0.012601246
997287,0.012074908
997288,0.010942526
997289,0.011259191
997290,0.016865809
997291,0.013941147
997292,0.010877901
997293,0.010335838
997294,0.014081888
997295,0.016692039
997296,0.011098346
997297,0.01639476
997298,0.020200696
997299,0.014935662
997300,0.011227597
997301,0.010853487
997302,0.011656997
997303,0.013553395
997304,0.016323673
997305,0.013534008
997306,0.011139994
997307,0.011203901
997308,0.011282887
997309,0.01020041
997310,0.011358283
997311,0.015973585
997312,0.013472972
997313,0.013834157
997314,0.013367417
997315,0.011960018
997316,0.015132578
997317,0.011613195
997318,0.011339614
997319,0.014005773
997320,0.014893718
997321,0.0188534
997322,0.011939913
997323,0.014740335
997324,0.011089729
997325,0.011109835
997326,0.010766601
997327,0.020366371
997328,0.015968233
997329,0.016383272
997330,0.013436351
997331,0.012344181
997332,0.02249839
997333,0.001561314
997334,0.016282026
997335,0.013683364
997336,0.0117446
997337,0.037512206
997338,0.013630227
997339,0.015309538
997340,0.011175178
997341,0.011015768
997342,0.011185949
997343,0.014079016
997344,0.01533983
997345,0.019441493
997346,0.011224724
997347,0.013926068
997348,0.011409266
997349,0.01358499
997350,0.010917394
997351,0.016934743
997352,0.020026712
997353,0.01113353
997354,0.016292796
997355,0.01639476
997356,0.011160817
997357,0.016656134
997358,0.016136259
997359,0.013651052
997360,0.011029412
997361,0.015582634
997362,0.02411535
997363,0.011282169
997364,0.0136848
997365,0.013299202
997366,0.010629452
997367,0.013122376
997368,0.016065171
997369,0.010895135
997370,0.014394962
997371,0.013619456
997372,0.015021044
997373,0.015340648
997374,0.013318589
997375,0.013532571
997376,0.011155791
997377,0.017830882
997378,0.013498104
997379,0.020253532
997380,0.013426298
997381,0.016801184
997382,0.011007152
997383,0.01160386
997384,0.015865549
997385,0.014550063
997386,0.013732192
997387,0.011098346
997388,0.01144876
997389,0.010294118
997390,0.013665413
997391,0.02242168
997392,0.013194364
997393,0.010971967
997394,0.013922478
997395,0.016704964
997396,0.012418266
997397,0.013335104
997398,0.011196001
997399,0.026022209
997400,0.010059544
997401,0.011690028
997402,0.011167997
997403,0.011523438
997404,0.023759192
997405,0.016379682
997406,0.010963351
997407,0.011144302
997408,0.016609462
997409,0.0099874781
997410,0.010200811
997411,0.013742963
997412,0.012685204
997413,0.016315775
997414,0.010082384
997415,0.011756808
997416,0.011111989
997417,0.013798254
997418,0.01586196
997419,0.01515054
997420,0.029175524
997421,0.013798254
997422,0.016590074
997423,0.011516257
997424,0.013763787
997425,0.014578068
997426,0.013860007
997427,0.018734202
997428,0.016636029
997429,0.013650334
997430,0.010868566
997431,0.013510311
997432,0.011451632
997433,0.010050759
997434,0.016406249
997435,0.011029412
997436,0.022662897
997437,0.018933823
997438,0.01171157
997439,0.010923857
997440,0.03141531
997441,0.016847139
997442,0.017443897
997443,0.011291504
997444,0.016181497
997445,0.01124842
997446,0.01110409
997447,0.016327264
997448,0.013639562
997449,0.016957721
997450,0.011422909
997451,0.0038304043
997452,0.013421272
997453,0.014487592
997454,0.016233915
997455,0.011203183
997456,0.014935936
997457,0.016204474
997458,0.017165959
997459,0.016236788
997460,0.010983456
997461,0.013407629
997462,0.017181037
997463,0.022970375
997464,0.010722082
997465,0.01114502
997466,0.011321662
997467,0.011288632
997468,0.014155848
997469,0.012495222
997470,0.013490206
997471,0.013644589
997472,0.015545296
997473,0.011193129
997474,0.011045209
997475,0.01380328
997476,0.013630945
997477,0.013331514
997478,0.02024213
997479,0.015008904
997480,0.019338092
997481,0.027235324
997482,0.012676276
997483,0.012649356
997484,0.013153185
997485,0.010638786
997486,0.024317125
997487,0.01301972
997488,0.010387789
997489,0.010763011
997490,0.011480354
997491,0.019175092
997492,0.011339614
997493,0.011200311
997494,0.02007113
997495,0.02625517
997496,0.015358556
997497,0.013628791
997498,0.013411937
997499,0.011206773
997500,0.013658232
997501,0.011029412
997502,0.013465074
997503,0.015349264
997504,0.013881548
997505,0.014310949
997506,0.016501753
997507,0.013376034
997508,0.011387724
997509,0.011006434
997510,0.025534324
997511,0.011184513
997512,0.010994945
997513,0.014402894
997514,0.014148667
997515,0.02556655
997516,0.010560518
997517,0.014372702
997518,0.010977712
997519,0.013094584
997520,0.011209645
997521,0.01117087
997522,0.014449107
997523,0.01171875
997524,0.016407574
997525,0.012879136
997526,0.013327206
997527,0.01127068
997528,0.016118309
997529,0.016269101
997530,0.011283605
997531,0.012775735
997532,0.013694853
997533,0.015912224
997534,0.014005055
997535,0.015092917
997536,0.013629509
997537,0.013349466
997538,0.013261862
997539,0.0032313806
997540,0.01157083
997541,0.013798972
997542,0.013813333
997543,0.010921703
997544,0.015304666
997545,0.010781681
997546,0.0105309
997547,0.015286793
997548,0.0092202621
997549,0.011546415
997550,0.016406249
997551,0.013815487
997552,0.011031566
997553,0.017662851
997554,0.01570848
997555,0.016345214
997556,0.01103013
997557,0.012280048
997558,0.013457174
997559,0.017881745
997560,0.010918831
997561,0.014685059
997562,0.013078039
997563,0.016529756
997564,0.01532126
997565,0.012552022
997566,0.011615349
997567,0.019073846
997568,0.011758244
997569,0.01639476
997570,0.01413287
997571,0.014007209
997572,0.011391315
997573,0.013648897
997574,0.018623622
997575,0.014545036
997576,0.011283605
997577,0.014300178
997578,0.017038144
997579,0.013967716
997580,0.010521024
997581,0.011175178
997582,0.011684283
997583,0.019355325
997584,0.016004136
997585,0.011006434
997586,0.011155791
997587,0.015460161
997588,0.010954733
997589,0.018478027
997590,0.015146703
997591,0.020361328
997592,0.012769273
997593,0.011162971
997594,0.01167423
997595,0.012754912
997596,0.013809742
997597,0.0022060303
997598,0.01082261
997599,0.015287285
997600,0.011170152
997601,0.011400649
997602,0.013211984
997603,0.013373162
997604,0.012281543
997605,0.011103372
997606,0.011455222
997607,0.011066033
997608,0.011561494
997609,0.011308019
997610,0.016596535
997611,0.0096345209
997612,0.0028396167
997613,0.014371285
997614,0.016142003
997615,0.010899443
997616,0.014142923
997617,0.023017064
997618,0.013878676
997619,0.016592946
997620,0.013712805
997621,0.011975477
997622,0.010665355
997623,0.015421841
997624,0.016155647
997625,0.019000603
997626,0.011006434
997627,0.01070054
997628,0.01102295
997629,0.013558421
997630,0.016888786
997631,0.023006566
997632,0.017225558
997633,0.01085995
997634,0.013211349
997635,0.015418818
997636,0.013601505
997637,0.015143501
997638,0.015015366
997639,0.016027113
997640,0.010971967
997641,0.016155647
997642,0.017673057
997643,0.018191349
997644,0.01643569
997645,0.016326545
997646,0.01113712
997647,0.016270537
997648,0.016429229
997649,0.013769532
997650,0.014912375
997651,0.01112635
997652,0.011351103
997653,0.002845441
997654,0.011231905
997655,0.013447122
997656,0.01105239
997657,0.013327206
997658,0.010577751
997659,0.01746851
997660,0.011033002
997661,0.011356129
997662,0.010892262
997663,0.011050235
997664,0.015970387
997665,0.016572122
997666,0.019060202
997667,0.011272835
997668,0.014208267
997669,0.016090304
997670,0.011169434
997671,0.010971967
997672,0.018569048
997673,0.012591911
997674,0.013212316
997675,0.010965505
997676,0.024681894
997677,0.018487908
997678,0.01075224
997679,0.011034438
997680,0.013823385
997681,0.01134105
997682,0.012043313
997683,0.012603461
997684,0.019112621
997685,0.022454416
997686,0.011323099
997687,0.018680349
997688,0.0260814
997689,0.018494371
997690,0.027695768
997691,0.013721421
997692,0.013414091
997693,0.011269244
997694,0.011398495
997695,0.010804659
997696,0.013656078
997697,0.027022058
997698,0.013524673
997699,0.011937759
997700,0.02365938
997701,0.015614229
997702,0.039028034
997703,0.013804716
997704,0.014566761
997705,0.015969669
997706,0.013457892
997707,0.01084487
997708,0.013752297
997709,0.013720703
997710,0.010829072
997711,0.014145795
997712,0.014553857
997713,0.020602807
997714,0.010372778
997715,0.0096065542
997716,0.011240521
997717,0.013903091
997718,0.011937041
997719,0.010164347
997720,0.013640998
997721,0.031471163
997722,0.013671875
997723,0.010827636
997724,0.010707002
997725,0.018043337
997726,0.015184111
997727,0.011382697
997728,0.016038602
997729,0.01361443
997730,0.035213694
997731,0.017380267
997732,0.016545555
997733,0.012069164
997734,0.020317527
997735,0.01618796
997736,0.013530417
997737,0.011064596
997738,0.015044409
997739,0.010757267
997740,0.016279871
997741,0.018945312
997742,0.011213954
997743,0.013781738
997744,0.011179486
997745,0.022394875
997746,0.011288632
997747,0.013579963
997748,0.012187577
997749,0.024379596
997750,0.015970387
997751,0.035241701
997752,0.011868106
997753,0.011402803
997754,0.015508557
997755,0.014829853
997756,0.011518411
997757,0.01637681
997758,0.016107537
997759,0.013148408
997760,0.010948989
997761,0.013158462
997762,0.011542825
997763,0.022702927
997764,0.011710851
997765,0.011293658
997766,0.010708767
997767,0.021886488
997768,0.013864315
997769,0.011697927
997770,0.013830567
997771,0.020082721
997772,0.0026083058
997773,0.010974912
997774,0.011202465
997775,0.015287511
997776,0.0088708038
997777,0.011509795
997778,0.015346923
997779,0.014579504
997780,0.013684082
997781,0.011199592
997782,0.01391458
997783,0.012771145
997784,0.035325963
997785,0.030748785
997786,0.013577091
997787,0.0099299541
997788,0.011314481
997789,0.013776551
997790,0.019441351
997791,0.012927521
997792,0.011387724
997793,0.011113425
997794,0.011293658
997795,0.016103946
997796,0.020327888
997797,0.0047189794
997798,0.011237649
997799,0.010687615
997800,0.01102295
997801,0.014150822
997802,0.010877901
997803,0.010969813
997804,0.012097168
997805,0.024427706
997806,0.011285041
997807,0.011150046
997808,0.011136402
997809,0.013536162
997810,0.011269244
997811,0.013669003
997812,0.010690487
997813,0.014697266
997814,0.023122303
997815,0.011132812
997816,0.010205796
997817,0.013964126
997818,0.011053826
997819,0.018748565
997820,0.026530905
997821,0.013571346
997822,0.011616067
997823,0.012380717
997824,0.010148757
997825,0.015965361
997826,0.024485437
997827,0.013151281
997828,0.033074591
997829,0.011005715
997830,0.011013614
997831,0.011156509
997832,0.026539521
997833,0.024105296
997834,0.010964787
997835,0.01585478
997836,0.011045927
997837,0.014997423
997838,0.013579963
997839,0.013035681
997840,0.013901655
997841,0.012861903
997842,0.013311408
997843,0.013767377
997844,0.02155992
997845,0.0099852579
997846,0.019910386
997847,0.013512465
997848,0.018687529
997849,0.021164611
997850,0.013800408
997851,0.010891544
997852,0.016153492
997853,0.016599407
997854,0.012717572
997855,0.010884363
997856,0.011327407
997857,0.014021571
997858,0.010953297
997859,0.01264433
997860,0.013801126
997861,0.013602941
997862,0.016192269
997863,0.0098825945
997864,0.011252728
997865,0.014266429
997866,0.012141688
997867,0.010981302
997868,0.013700597
997869,0.021446317
997870,0.011503331
997871,0.017631261
997872,0.011012178
997873,0.010830509
997874,0.011747472
997875,0.011529182
997876,0.022513418
997877,0.021665325
997878,0.013608363
997879,0.019203814
997880,0.013189338
997881,0.013546214
997882,0.026711857
997883,0.011098346
997884,0.013650334
997885,0.026108194
997886,0.012181181
997887,0.010870002
997888,0.021857766
997889,0.015925867
997890,0.011017923
997891,0.013788919
997892,0.021474322
997893,0.013631663
997894,0.012502024
997895,0.011590935
997896,0.012980796
997897,0.024987061
997898,0.014519187
997899,0.011025104
997900,0.012465533
997901,0.018718405
997902,0.011106244
997903,0.013212316
997904,0.010994227
997905,0.0098988889
997906,0.01081543
997907,0.018759334
997908,0.010960478
997909,0.013131893
997910,0.015984748
997911,0.012111529
997912,0.011257037
997913,0.015028279
997914,0.016142003
997915,0.010421215
997916,0.013486615
997917,0.018841911
997918,0.016696347
997919,0.011272117
997920,0.016220272
997921,0.011456658
997922,0.012259349
997923,0.011122041
997924,0.013801844
997925,0.010579905
997926,0.012258732
997927,0.016475184
997928,0.010816148
997929,0.013861443
997930,0.011112707
997931,0.011362592
997932,0.01399572
997933,0.010818302
997934,0.012178309
997935,0.013641717
997936,0.010676126
997937,0.013340131
997938,0.016192986
997939,0.021668199
997940,0.022144273
997941,0.019519761
997942,0.010876465
997943,0.025942096
997944,0.037517235
997945,0.013586426
997946,0.011772909
997947,0.013755888
997948,0.0023256561
997949,0.013901655
997950,0.011277861
997951,0.012063419
997952,0.011089011
997953,0.010994227
997954,0.010979866
997955,0.013456456
997956,0.010419395
997957,0.013397576
997958,0.011531336
997959,0.0021955681
997960,0.010926011
997961,0.010976993
997962,0.012050494
997963,0.013546932
997964,0.021222282
997965,0.012658232
997966,0.02320772
997967,0.029380171
997968,0.01639476
997969,0.022322878
997970,0.010915958
997971,0.01970502
997972,0.015021036
997973,0.014422966
997974,0.016050091
997975,0.011826459
997976,0.016350958
997977,0.01113353
997978,0.010987764
997979,0.018540327
997980,0.01377743
997981,0.011397059
997982,0.013411219
997983,0.018831858
997984,0.014090504
997985,0.011277143
997986,0.017973492
997987,0.015994802
997988,0.012013155
997989,0.011064596
997990,0.011404958
997991,0.011169434
997992,0.013788919
997993,0.016022805
997994,0.012591911
997995,0.019945571
997996,0.013789637
997997,0.010702694
997998,0.01372932
997999,0.014051011
998000,0.014020135
998001,0.023925781
998002,0.011118899
998003,0.013380342
998004,0.011380543
998005,0.011286478
998006,0.025257066
998007,0.027010569
998008,0.023828125
998009,0.020883547
998010,0.017415689
998011,0.010865694
998012,0.013388241
998013,0.010587804
998014,0.016256893
998015,0.014935662
998016,0.012120864
998017,0.011045209
998018,0.015891401
998019,0.014368667
998020,0.011256319
998021,0.025896732
998022,0.021202177
998023,0.013560575
998024,0.013521083
998025,0.011057416
998026,0.010788144
998027,0.016661162
998028,0.021255314
998029,0.01609892
998030,0.010740033
998031,0.011496869
998032,0.018979779
998033,0.011048799
998034,0.011321419
998035,0.023955939
998036,0.011527746
998037,0.016376091
998038,0.01370706
998039,0.015693935
998040,0.0035177451
998041,0.01572481
998042,0.011098346
998043,0.014851648
998044,0.016061582
998045,0.029400993
998046,0.02030101
998047,0.01105239
998048,0.0036459209
998049,0.016799029
998050,0.014091941
998051,0.011089729
998052,0.010765165
998053,0.011828613
998054,0.02153033
998055,0.011188449
998056,0.010941808
998057,0.014942124
998058,0.011038747
998059,0.011147892
998060,0.011050235
998061,0.01159668
998062,0.013676901
998063,0.019117648
998064,0.012278837
998065,0.013802562
998066,0.013897346
998067,0.011175896
998068,0.020559454
998069,0.013895192
998070,0.010675408
998071,0.011567958
998072,0.014016544
998073,0.0109892
998074,0.021740723
998075,0.011207491
998076,0.01660659
998077,0.011162971
998078,0.013518928
998079,0.01361802
998080,0.01087072
998081,0.016306439
998082,0.021199305
998083,0.010081622
998084,0.010717056
998085,0.013535444
998086,0.011225442
998087,0.003254011
998088,0.011089011
998089,0.01304788
998090,0.011339614
998091,0.01631362
998092,0.016578585
998093,0.010948989
998094,0.01640266
998095,0.019084616
998096,0.013465074
998097,0.011086857
998098,0.028698731
998099,0.011239085
998100,0.010043414
998101,0.011040901
998102,0.016189396
998103,0.010022955
998104,0.017773438
998105,0.022463497
998106,0.01127068
998107,0.015446265
998108,0.011013614
998109,0.021380974
998110,0.013340131
998111,0.031340506
998112,0.010762293
998113,0.010868566
998114,0.01334444
998115,0.012476028
998116,0.013060087
998117,0.013829849
998118,0.013454302
998119,0.010939654
998120,0.013009162
998121,0.01523653
998122,0.016154211
998123,0.016181497
998124,0.0014733039
998125,0.011122759
998126,0.013593607
998127,0.013335822
998128,0.018612131
998129,0.019569308
998130,0.013936121
998131,0.013602941
998132,0.019180119
998133,0.013715677
998134,0.024095962
998135,0.020235667
998136,0.011068905
998137,0.011031566
998138,0.013401885
998139,0.013833439
998140,0.010914522
998141,0.01451416
998142,0.0024627303
998143,0.011091165
998144,0.016119745
998145,0.01504337
998146,0.013824822
998147,0.012007411
998148,0.018999433
998149,0.010914522
998150,0.026736271
998151,0.021383129
998152,0.01476979
998153,0.010719928
998154,0.011029412
998155,0.01194853
998156,0.016029986
998157,0.024241729
998158,0.016111126
998159,0.01722802
998160,0.024192182
998161,0.013931095
998162,0.016149903
998163,0.0019552805
998164,0.012581141
998165,0.025205046
998166,0.0018260027
998167,0.013530417
998168,0.02234892
998169,0.011066033
998170,0.013809742
998171,0.010936064
998172,0.011027258
998173,0.012528004
998174,0.01361802
998175,0.013897346
998176,0.011206773
998177,0.01540871
998178,0.011443014
998179,0.012477022
998180,0.013087373
998181,0.032411106
998182,0.017696604
998183,0.012375144
998184,0.015330286
998185,0.01075583
998186,0.013712087
998187,0.010923857
998188,0.0099659637
998189,0.011066033
998190,0.013783893
998191,0.010537961
998192,0.013450712
998193,0.01060432
998194,0.010857795
998195,0.011227597
998196,0.010023003
998197,0.013657514
998198,0.010372927
998199,0.013426298
998200,0.01630285
998201,0.010939654
998202,0.010642667
998203,0.0099034524
998204,0.038732193
998205,0.011351103
998206,0.013524673
998207,0.011006434
998208,0.013913143
998209,0.018189196
998210,0.018073114
998211,0.0202571
998212,0.016015625
998213,0.011646226
998214,0.010976275
998215,0.011206773
998216,0.012093578
998217,0.011361874
998218,0.014178107
998219,0.039131433
998220,0.020702763
998221,0.016055118
998222,0.013435633
998223,0.018550379
998224,0.010966941
998225,0.01636963
998226,0.016371783
998227,0.015093194
998228,0.019281365
998229,0.011249138
998230,0.018891457
998231,0.011279297
998232,0.010954733
998233,0.019140625
998234,0.012530671
998235,0.025136432
998236,0.013628791
998237,0.02068462
998238,0.013766659
998239,0.010938936
998240,0.011291504
998241,0.014282945
998242,0.015907198
998243,0.011294376
998244,0.013261862
998245,0.010755112
998246,0.011753217
998247,0.015990492
998248,0.011998794
998249,0.011086857
998250,0.024591424
998251,0.011201747
998252,0.016391171
998253,0.013694063
998254,0.012143842
998255,0.01890151
998256,0.018798383
998257,0.010140754
998258,0.010791016
998259,0.010903751
998260,0.016338753
998261,0.010717774
998262,0.011330998
998263,0.011219698
998264,0.011121323
998265,0.020478372
998266,0.034348909
998267,0.013308536
998268,0.011054544
998269,0.0082055461
998270,0.016949821
998271,0.013747271
998272,0.016475184
998273,0.013361673
998274,0.010457859
998275,0.012491384
998276,0.015248252
998277,0.010196603
998278,0.014079016
998279,0.01349954
998280,0.019603221
998281,0.01137049
998282,0.010772346
998283,0.021495864
998284,0.015562416
998285,0.016084559
998286,0.011239803
998287,0.01398854
998288,0.019024896
998289,0.012400189
998290,0.028517062
998291,0.010945398
998292,0.011216108
998293,0.013516055
998294,0.011155791
998295,0.01391817
998296,0.010070359
998297,0.024532542
998298,0.022157917
998299,0.013177849
998300,0.030200195
998301,0.013620174
998302,0.013363109
998303,0.015577813
998304,0.011295812
998305,0.010278792
998306,0.013446404
998307,0.013401167
998308,0.013153436
998309,0.010825482
998310,0.012497449
998311,0.016636029
998312,0.011186667
998313,0.016452206
998314,0.0099477321
998315,0.01221852
998316,0.015414609
998317,0.012077062
998318,0.010922421
998319,0.01122616
998320,0.013396139
998321,0.012764246
998322,0.012558338
998323,0.018781595
998324,0.011111989
998325,0.011124196
998326,0.010853487
998327,0.021138545
998328,0.013041402
998329,0.011017923
998330,0.011008588
998331,0.018910846
998332,0.016247559
998333,0.012691004
998334,0.017230583
998335,0.013982077
998336,0.012179783
998337,0.0034198842
998338,0.018832577
998339,0.010982738
998340,0.011114143
998341,0.013606532
998342,0.016353114
998343,0.012527286
998344,0.010946834
998345,0.011091165
998346,0.012669977
998347,0.029439051
998348,0.034552362
998349,0.010880055
998350,0.011216108
998351,0.013338695
998352,0.010979866
998353,0.011349667
998354,0.017653521
998355,0.018864891
998356,0.010879337
998357,0.010701976
998358,0.016396197
998359,0.010943244
998360,0.01472527
998361,0.011061724
998362,0.013979205
998363,0.018788056
998364,0.0034833839
998365,0.01602855
998366,0.022605255
998367,0.011286478
998368,0.010882927
998369,0.016153492
998370,0.010746496
998371,0.013763068
998372,0.013306382
998373,0.029000316
998374,0.018791648
998375,0.011819997
998376,0.018709788
998377,0.010350851
998378,0.012512749
998379,0.012258732
998380,0.013568474
998381,0.0090730982
998382,0.013376034
998383,0.011083267
998384,0.01125201
998385,0.010799632
998386,0.011091165
998387,0.0082859332
998388,0.010959042
998389,0.016303567
998390,0.011068187
998391,0.017003676
998392,0.023386158
998393,0.020557359
998394,0.012952256
998395,0.01484375
998396,0.013577809
998397,0.018340705
998398,0.011274271
998399,0.0214973
998400,0.015892118
998401,0.011735265
998402,0.01101146
998403,0.01373291
998404,0.034570314
998405,0.014809966
998406,0.0085795997
998407,0.021617217
998408,0.0113669
998409,0.021564798
998410,0.0022032522
998411,0.013407629
998412,0.01080035
998413,0.010734289
998414,0.013143945
998415,0.011090447
998416,0.013106762
998417,0.021443445
998418,0.011155791
998419,0.016292796
998420,0.011730957
998421,0.013361673
998422,0.011454504
998423,0.016877297
998424,0.018832577
998425,0.010781681
998426,0.011121323
998427,0.010793888
998428,0.017326804
998429,0.022734644
998430,0.01815008
998431,0.010505227
998432,0.010987046
998433,0.016046183
998434,0.014633358
998435,0.015192728
998436,0.018164063
998437,0.013704188
998438,0.011492561
998439,0.01403665
998440,0.021284036
998441,0.010650275
998442,0.014200368
998443,0.011021513
998444,0.018795956
998445,0.012358542
998446,0.016116153
998447,0.012777889
998448,0.010957606
998449,0.011183077
998450,0.016446462
998451,0.011455222
998452,0.022060977
998453,0.011845129
998454,0.02390427
998455,0.010984892
998456,0.011379483
998457,0.014065749
998458,0.01874282
998459,0.01103013
998460,0.011180922
998461,0.0188534
998462,0.021297976
998463,0.013577091
998464,0.016654698
998465,0.020285156
998466,0.014545036
998467,0.013786765
998468,0.018682502
998469,0.022234216
998470,0.018369451
998471,0.013637408
998472,0.013444968
998473,0.018834013
998474,0.011079676
998475,0.011464557
998476,0.017773438
998477,0.018961109
998478,0.011432244
998479,0.012940615
998480,0.019718794
998481,0.012606273
998482,0.012561035
998483,0.011663459
998484,0.01849078
998485,0.010966223
998486,0.016222427
998487,0.013970588
998488,0.016895125
998489,0.0097339097
998490,0.01526597
998491,0.01070772
998492,0.0135814
998493,0.012501716
998494,0.011009306
998495,0.009796543
998496,0.01882037
998497,0.014211857
998498,0.017745035
998499,0.017220531
998500,0.01202249
998501,0.010688333
998502,0.013683364
998503,0.012186859
998504,0.011261212
998505,0.022162225
998506,0.01385139
998507,0.010627298
998508,0.012781479
998509,0.01479671
998510,0.013706342
998511,0.013660386
998512,0.013793945
998513,0.010868566
998514,0.013967716
998515,0.016750919
998516,0.011098346
998517,0.0091231251
998518,0.010980584
998519,0.010786708
998520,0.013409065
998521,0.013079475
998522,0.018795956
998523,0.021991326
998524,0.011074649
998525,0.010847025
998526,0.011066033
998527,0.012876982
998528,0.018144926
998529,0.018500833
998530,0.015814569
998531,0.01372932
998532,0.013775276
998533,0.0142255
998534,0.01133746
998535,0.01377743
998536,0.011284323
998537,0.010773892
998538,0.020214017
998539,0.01243779
998540,0.010615809
998541,0.01377743
998542,0.012776743
998543,0.014772662
998544,0.016684139
998545,0.015936054
998546,0.01079676
998547,0.010443121
998548,0.011244112
998549,0.012826717
998550,0.011182358
998551,0.0096883932
998552,0.013338695
998553,0.018785184
998554,0.01122257
998555,0.017599266
998556,0.022727339
998557,0.010914522
998558,0.010982738
998559,0.011274271
998560,0.027684497
998561,0.015940947
998562,0.013663258
998563,0.012544735
998564,0.018836167
998565,0.021549001
998566,0.018704044
998567,0.013704906
998568,0.013832721
998569,0.015822466
998570,0.017361231
998571,0.012626996
998572,0.012571716
998573,0.010824046
998574,0.0092901615
998575,0.011387006
998576,0.010940934
998577,0.019417079
998578,0.013648897
998579,0.014477539
998580,0.011105526
998581,0.010950425
998582,0.013558421
998583,0.016214527
998584,0.016653262
998585,0.020060126
998586,0.013396857
998587,0.018976189
998588,0.030903177
998589,0.010760139
998590,0.018799547
998591,0.019565716
998592,0.01135972
998593,0.011185949
998594,0.011468865
998595,0.01360725
998596,0.014047421
998597,0.015912943
998598,0.011190257
998599,0.021610754
998600,0.015969669
998601,0.016122617
998602,0.013511029
998603,0.02181612
998604,0.016177189
998605,0.012850414
998606,0.013112188
998607,0.010909496
998608,0.0027467581
998609,0.010964069
998610,0.014545036
998611,0.020269804
998612,0.015152516
998613,0.011960018
998614,0.015843291
998615,0.01325899
998616,0.022647513
998617,0.018742101
998618,0.01372573
998619,0.016237507
998620,0.011022232
998621,0.016532628
998622,0.010997099
998623,0.011095474
998624,0.010905188
998625,0.02195904
998626,0.0087781828
998627,0.013740091
998628,0.018640136
998629,0.011328125
998630,0.015820313
998631,0.038947612
998632,0.019025736
998633,0.015728401
998634,0.01384421
998635,0.011040901
998636,0.018224336
998637,0.011353257
998638,0.014183134
998639,0.01342558
998640,0.018491497
998641,0.013830567
998642,0.014677519
998643,0.033870921
998644,0.011224724
998645,0.011036593
998646,0.012281709
998647,0.014202522
998648,0.01103372
998649,0.013653924
998650,0.013763787
998651,0.012646484
998652,0.016153492
998653,0.013947611
998654,0.010942526
998655,0.026686724
998656,0.013593607
998657,0.019117648
998658,0.013884421
998659,0.012163995
998660,0.016327981
998661,0.01086354
998662,0.02035941
998663,0.011294376
998664,0.030172909
998665,0.011782657
998666,0.013638844
998667,0.010962632
998668,0.020128677
998669,0.027508589
998670,0.013570628
998671,0.010811121
998672,0.013893756
998673,0.012522978
998674,0.016561352
998675,0.0138478
998676,0.013938993
998677,0.01628777
998678,0.013541906
998679,0.016118309
998680,0.013816205
998681,0.013836311
998682,0.013674029
998683,0.013434197
998684,0.020945111
998685,0.015050552
998686,0.018556843
998687,0.016282743
998688,0.016512522
998689,0.011555032
998690,0.01368839
998691,0.01613267
998692,0.013638844
998693,0.022783129
998694,0.011294376
998695,0.013547651
998696,0.013579963
998697,0.011024386
998698,0.017049633
998699,0.010875029
998700,0.010788144
998701,0.022894271
998702,0.011502613
998703,0.016197294
998704,0.013936121
998705,0.013568474
998706,0.016238224
998707,0.013648897
998708,0.013561293
998709,0.010917394
998710,0.018788056
998711,0.014286535
998712,0.016524011
998713,0.014865479
998714,0.010893698
998715,0.010988482
998716,0.0020244634
998717,0.010732853
998718,0.011304429
998719,0.019999083
998720,0.022762522
998721,0.011033002
998722,0.018844783
998723,0.016330853
998724,0.016978545
998725,0.013572782
998726,0.017290901
998727,0.017836457
998728,0.011515609
998729,0.014101993
998730,0.012599186
998731,0.010921703
998732,0.01613267
998733,0.011140712
998734,0.0109375
998735,0.011280733
998736,0.01349954
998737,0.016325828
998738,0.015793025
998739,0.011500459
998740,0.010983456
998741,0.016153492
998742,0.010917394
998743,0.015926585
998744,0.013755888
998745,0.014042394
998746,0.013316435
998747,0.023354204
998748,0.012642176
998749,0.015566612
998750,0.013200827
998751,0.010934628
998752,0.017618336
998753,0.010747932
998754,0.011065315
998755,0.013676901
998756,0.010561954
998757,0.022012867
998758,0.010727827
998759,0.026148897
998760,0.022933422
998761,0.014797794
998762,0.010416188
998763,0.012879854
998764,0.01630285
998765,0.012713264
998766,0.025116326
998767,0.011009306
998768,0.016521139
998769,0.013376034
998770,0.018876379
998771,0.013302792
998772,0.017658548
998773,0.021370921
998774,0.010920985
998775,0.01349954
998776,0.013759478
998777,0.012610301
998778,0.011558228
998779,0.013685518
998780,0.014876721
998781,0.01087072
998782,0.018267464
998783,0.01640984
998784,0.013913143
998785,0.013935403
998786,0.011038029
998787,0.013974897
998788,0.01063017
998789,0.013350902
998790,0.016534783
998791,0.010912368
998792,0.013568474
998793,0.018784467
998794,0.017430922
998795,0.011226879
998796,0.020553051
998797,0.013596479
998798,0.018961109
998799,0.016211655
998800,0.016061582
998801,0.016151339
998802,0.01016637
998803,0.011575856
998804,0.011156509
998805,0.016010599
998806,0.010994945
998807,0.018663833
998808,0.013894474
998809,0.011190257
998810,0.013628073
998811,0.011597398
998812,0.010981302
998813,0.019118365
998814,0.013938993
998815,0.015441176
998816,0.016648954
998817,0.011376953
998818,0.016338034
998819,0.011561168
998820,0.011532772
998821,0.020253727
998822,0.011216108
998823,0.010037498
998824,0.014005773
998825,0.013699879
998826,0.016061582
998827,0.016208066
998828,0.016692756
998829,0.016134823
998830,0.013901655
998831,0.016462259
998832,0.018393843
998833,0.01067828
998834,0.013893756
998835,0.011770451
998836,0.010915958
998837,0.013525391
998838,0.011221134
998839,0.01394402
998840,0.01171875
998841,0.018045582
998842,0.012007411
998843,0.013803998
998844,0.013708496
998845,0.013752297
998846,0.013737218
998847,0.019020708
998848,0.012179436
998849,0.010636632
998850,0.026798742
998851,0.012247961
998852,0.01655848
998853,0.011767578
998854,0.013855699
998855,0.010885799
998856,0.0109375
998857,0.012163229
998858,0.013786765
998859,0.01106316
998860,0.011415728
998861,0.013468664
998862,0.011345359
998863,0.015110808
998864,0.015900735
998865,0.01036254
998866,0.019106159
998867,0.017643342
998868,0.018445542
998869,0.011787684
998870,0.01103013
998871,0.011896829
998872,0.021722771
998873,0.011697209
998874,0.016506061
998875,0.012539493
998876,0.013709933
998877,0.011221134
998878,0.010848461
998879,0.013663258
998880,0.01773897
998881,0.019670842
998882,0.013666131
998883,0.014374139
998884,0.013780302
998885,0.010282151
998886,0.017091287
998887,0.011245548
998888,0.013545496
998889,0.010986328
998890,0.0109375
998891,0.014096967
998892,0.016381836
998893,0.010938936
998894,0.011114143
998895,0.017960332
998896,0.016204474
998897,0.025236242
998898,0.010722082
998899,0.017539086
998900,0.016084559
998901,0.015927531
998902,0.013643871
998903,0.011094037
998904,0.022130629
998905,0.014834415
998906,0.013919606
998907,0.016440718
998908,0.013706342
998909,0.018721277
998910,0.011040901
998911,0.018910846
998912,0.013786765
998913,0.010868566
998914,0.014073989
998915,0.010983456
998916,0.01348877
998917,0.011622529
998918,0.01662454
998919,0.011229751
998920,0.010945398
998921,0.017827338
998922,0.016243251
998923,0.01348877
998924,0.015312644
998925,0.016667625
998926,0.013490206
998927,0.011088293
998928,0.013648897
998929,0.01651755
998930,0.012749885
998931,0.011097628
998932,0.011262782
998933,0.01737313
998934,0.015606331
998935,0.013961254
998936,0.039005056
998937,0.010923857
998938,0.010890826
998939,0.018927362
998940,0.012999669
998941,0.013415528
998942,0.013824822
998943,0.010687543
998944,0.011165843
998945,0.012527476
998946,0.013238166
998947,0.012892779
998948,0.014141909
998949,0.024073701
998950,0.010915958
998951,0.014756338
998952,0.011313045
998953,0.011849861
998954,0.012547392
998955,0.034739058
998956,0.019378779
998957,0.015887093
998958,0.010995663
998959,0.013872214
998960,0.011397059
998961,0.026462769
998962,0.01372932
998963,0.012431066
998964,0.0025870057
998965,0.011586627
998966,0.011216826
998967,0.016796876
998968,0.013711369
998969,0.012472713
998970,0.010976993
998971,0.013039899
998972,0.014085478
998973,0.01101505
998974,0.019039609
998975,0.013373162
998976,0.012677616
998977,0.016352395
998978,0.011135684
998979,0.011201747
998980,0.014009364
998981,0.0293098
998982,0.01484375
998983,0.012526568
998984,0.01103013
998985,0.013839901
998986,0.010350076
998987,0.013663976
998988,0.013595043
998989,0.015891485
998990,0.024449248
998991,0.020283522
998992,0.010946116
998993,0.011227597
998994,0.016130514
998995,0.013686236
998996,0.010686179
998997,0.010653148
998998,0.010038225
998999,0.013488051
999000,0.011064596
999001,0.01786397
999002,0.012373636
999003,0.016398352
999004,0.016966501
999005,0.013006951
999006,0.013350902
999007,0.019320859
999008,0.019960299
999009,0.016355986
999010,0.013685518
999011,0.010681152
999012,0.015376319
999013,0.013735782
999014,0.013138887
999015,0.010829072
999016,0.01267179
999017,0.011060288
999018,0.025308879
999019,0.010991354
999020,0.01631362
999021,0.016101792
999022,0.016264074
999023,0.013554113
999024,0.010262695
999025,0.013264734
999026,0.012862956
999027,0.013867187
999028,0.011058134
999029,0.013327206
999030,0.019149734
999031,0.016348805
999032,0.019004911
999033,0.011209645
999034,0.023782169
999035,0.011527746
999036,0.012228573
999037,0.012955968
999038,0.010045536
999039,0.010913086
999040,0.011463839
999041,0.015788333
999042,0.012373622
999043,0.01361443
999044,0.023839613
999045,0.027881356
999046,0.021891516
999047,0.010771628
999048,0.015827494
999049,0.013652488
999050,0.010838408
999051,0.010876465
999052,0.015844727
999053,0.015157698
999054,0.013625919
999055,0.0025047448
999056,0.016986804
999057,0.013032083
999058,0.011137838
999059,0.011679256
999060,0.013697725
999061,0.01598762
999062,0.012607934
999063,0.026826061
999064,0.011602424
999065,0.014681469
999066,0.013297766
999067,0.015350701
999068,0.019990809
999069,0.014960469
999070,0.0092291208
999071,0.011073931
999072,0.018541763
999073,0.0029801847
999074,0.018405331
999075,0.010954733
999076,0.013763787
999077,0.024376005
999078,0.012400464
999079,0.01844346
999080,0.023089776
999081,0.012447582
999082,0.030257206
999083,0.016202321
999084,0.010931037
999085,0.016234633
999086,0.012442555
999087,0.012580423
999088,0.012343836
999089,0.01812385
999090,0.01372932
999091,0.0111005
999092,0.010903751
999093,0.011430807
999094,0.011010742
999095,0.018319437
999096,0.010276237
999097,0.013496668
999098,0.018658089
999099,0.011653719
999100,0.01608384
999101,0.011254882
999102,0.02060752
999103,0.01330351
999104,0.013138517
999105,0.0149475
999106,0.010808967
999107,0.016485956
999108,0.011014332
999109,0.011040901
999110,0.014886149
999111,0.012232524
999112,0.019206686
999113,0.018764729
999114,0.008679091
999115,0.025167439
999116,0.02403708
999117,0.016452206
999118,0.011125632
999119,0.013880112
999120,0.019915283
999121,0.017196834
999122,0.010634982
999123,0.016468003
999124,0.016521139
999125,0.021897977
999126,0.013560575
999127,0.013494514
999128,0.020106504
999129,0.011323817
999130,0.018995577
999131,0.012819559
999132,0.021659581
999133,0.012316895
999134,0.011101936
999135,0.019036505
999136,0.013686236
999137,0.01284567
999138,0.02120864
999139,0.011231187
999140,0.01353329
999141,0.011906164
999142,0.012362851
999143,0.010984174
999144,0.01141501
999145,0.029504394
999146,0.011109835
999147,0.011668486
999148,0.021832079
999149,0.013995002
999150,0.013544778
999151,0.015882785
999152,0.013535444
999153,0.013786765
999154,0.011086857
999155,0.014009364
999156,0.01138557
999157,0.011537081
999158,0.011063878
999159,0.013396139
999160,0.011198874
999161,0.010852051
999162,0.016406249
999163,0.010422964
999164,0.019623162
999165,0.023079619
999166,0.02437098
999167,0.016251868
999168,0.013707778
999169,0.011799172
999170,0.013131893
999171,0.010769473
999172,0.010732135
999173,0.014501235
999174,0.011155791
999175,0.016455796
999176,0.014190314
999177,0.011029412
999178,0.021872127
999179,0.02388557
999180,0.010945398
999181,0.013602223
999182,0.011305147
999183,0.01074865
999184,0.012729069
999185,0.015332749
999186,0.012757784
999187,0.013488051
999188,0.009904786
999189,0.01127068
999190,0.010928883
999191,0.020946547
999192,0.011224724
999193,0.013554113
999194,0.0149292
999195,0.011135684
999196,0.013656078
999197,0.012659194
999198,0.015659466
999199,0.011009306
999200,0.011010024
999201,0.014312385
999202,0.01368839
999203,0.011188821
999204,0.011040901
999205,0.015418199
999206,0.011145738
999207,0.012660845
999208,0.017985266
999209,0.018788056
999210,0.011056698
999211,0.013378188
999212,0.010809685
999213,0.01513241
999214,0.012339154
999215,0.012611831
999216,0.017044907
999217,0.013674029
999218,0.015970387
999219,0.012253705
999220,0.013350184
999221,0.011695772
999222,0.024682617
999223,0.011561494
999224,0.015159838
999225,0.011144302
999226,0.013795381
999227,0.01070772
999228,0.011184513
999229,0.010740751
999230,0.013857135
999231,0.01113353
999232,0.013859289
999233,0.018972598
999234,0.011077521
999235,0.024235265
999236,0.020001052
999237,0.0092781857
999238,0.016516831
999239,0.013295611
999240,0.011392033
999241,0.013625919
999242,0.011707979
999243,0.015949564
999244,0.013639562
999245,0.024213005
999246,0.010816148
999247,0.01759501
999248,0.013517492
999249,0.013320025
999250,0.016782513
999251,0.016493136
999252,0.012706135
999253,0.012723316
999254,0.019327741
999255,0.013717831
999256,0.012650792
999257,0.016511086
999258,0.01113353
999259,0.013748674
999260,0.0025585124
999261,0.014921549
999262,0.013591453
999263,0.011731675
999264,0.011315918
999265,0.011570112
999266,0.010776655
999267,0.01594869
999268,0.02151238
999269,0.013637408
999270,0.016877297
999271,0.016625976
999272,0.026282456
999273,0.018879969
999274,0.010811121
999275,0.010868566
999276,0.016147748
999277,0.018941723
999278,0.02479922
999279,0.016594382
999280,0.016353114
999281,0.011033002
999282,0.011186667
999283,0.013269761
999284,0.0043669385
999285,0.022261938
999286,0.011615349
999287,0.010980584
999288,0.010845589
999289,0.013809742
999290,0.013465074
999291,0.011539235
999292,0.012152104
999293,0.0126034
999294,0.020281624
999295,0.010884363
999296,0.016709272
999297,0.013375316
999298,0.011560776
999299,0.013779584
999300,0.010868566
999301,0.010900161
999302,0.011420037
999303,0.011640482
999304,0.014084041
999305,0.013832721
999306,0.034359921
999307,0.011515539
999308,0.011063878
999309,0.010684025
999310,0.012091423
999311,0.013809742
999312,0.010980584
999313,0.01609892
999314,0.014179544
999315,0.011984782
999316,0.013180004
999317,0.010681571
999318,0.013786765
999319,0.026871266
999320,0.016238224
999321,0.013556207
999322,0.018011115
999323,0.012705917
999324,0.017046042
999325,0.011154355
999326,0.010903033
999327,0.01661736
999328,0.012212776
999329,0.011157227
999330,0.010836254
999331,0.01237793
999332,0.016177908
999333,0.010765165
999334,0.029307647
999335,0.013628791
999336,0.015005314
999337,0.013776712
999338,0.011471019
999339,0.013903091
999340,0.013786765
999341,0.011669204
999342,0.01112994
999343,0.0097091999
999344,0.024113195
999345,0.014659926
999346,0.013732192
999347,0.015189536
999348,0.013568474
999349,0.012068414
999350,0.021924546
999351,0.014326747
999352,0.019006347
999353,0.019358758
999354,0.020302447
999355,0.010294118
999356,0.010179732
999357,0.011650534
999358,0.010898007
999359,0.011868824
999360,0.013740809
999361,0.014073989
999362,0.013006658
999363,0.010808249
999364,0.011040183
999365,0.010943244
999366,0.013661104
999367,0.011211799
999368,0.01335521
999369,0.010926729
999370,0.013407629
999371,0.010983456
999372,0.011121323
999373,0.011474609
999374,0.021564798
999375,0.01650965
999376,0.011276425
999377,0.012204929
999378,0.012787225
999379,0.015915096
999380,0.010833381
999381,0.0095951948
999382,0.014391372
999383,0.011423627
999384,0.012536667
999385,0.010790298
999386,0.0031940162
999387,0.01361443
999388,0.016340906
999389,0.011127786
999390,0.0127664
999391,0.039119944
999392,0.010960478
999393,0.013193646
999394,0.010373629
999395,0.016674805
999396,0.016262637
999397,0.011315463
999398,0.015999828
999399,0.015981158
999400,0.02849911
999401,0.010886517
999402,0.012056239
999403,0.011041619
999404,0.011240521
999405,0.011173742
999406,0.01625474
999407,0.016897604
999408,0.034733314
999409,0.01649888
999410,0.010765883
999411,0.013592889
999412,0.012594764
999413,0.013364545
999414,0.010882927
999415,0.018345013
999416,0.019577205
999417,0.013821949
999418,0.01335521
999419,0.010858513
999420,0.011139276
999421,0.01517693
999422,0.010982738
999423,0.015498621
999424,0.010999253
999425,0.021245979
999426,0.016349522
999427,0.010915958
999428,0.011328843
999429,0.012811638
999430,0.011402085
999431,0.011194565
999432,0.012350643
999433,0.014338235
999434,0.010926011
999435,0.011054544
999436,0.010868566
999437,0.016289206
999438,0.013195801
999439,0.011470301
999440,0.0093460595
999441,0.016524011
999442,0.011089729
999443,0.0108341
999444,0.012212776
999445,0.013270479
999446,0.017454797
999447,0.010324317
999448,0.017021628
999449,0.020266544
999450,0.016429229
999451,0.013143382
999452,0.010880055
999453,0.013522519
999454,0.013671875
999455,0.010198353
999456,0.010891544
999457,0.010976275
999458,0.013660386
999459,0.015357316
999460,0.012702493
999461,0.016006291
999462,0.013855699
999463,0.019598749
999464,0.02269659
999465,0.011047363
999466,0.015977567
999467,0.013200827
999468,0.016006291
999469,0.010755112
999470,0.013404039
999471,0.012336206
999472,0.011160817
999473,0.019140625
999474,0.01110409
999475,0.021457806
999476,0.010524615
999477,0.02115263
999478,0.010976275
999479,0.013558421
999480,0.011146456
999481,0.013719267
999482,0.010945398
999483,0.016321519
999484,0.020622702
999485,0.018739948
999486,0.017676421
999487,0.013757324
999488,0.012580423
999489,0.013932531
999490,0.011147174
999491,0.010892262
999492,0.010905188
999493,0.010696231
999494,0.013306382
999495,0.011501422
999496,0.025456602
999497,0.011003561
999498,0.013968434
999499,0.019669117
999500,0.011918371
999501,0.020443682
999502,0.013845646
999503,0.011035874
999504,0.019002758
999505,0.013397576
999506,0.015174922
999507,0.012608089
999508,0.0097924899
999509,0.011910598
999510,0.011083267
999511,0.021407543
999512,0.014085478
999513,0.011623966
999514,0.023759192
999515,0.019830385
999516,0.010914522
999517,0.010868566
999518,0.019071691
999519,0.013430607
999520,0.016144875
999521,0.013571346
999522,0.015981158
999523,0.01114143
999524,0.013717831
999525,0.013219497
999526,0.014888847
999527,0.023125423
999528,0.031843118
999529,0.010880055
999530,0.013972742
999531,0.011099064
999532,0.023592601
999533,0.011213236
999534,0.016832059
999535,0.015694652
999536,0.010875747
999537,0.010717056
999538,0.026095042
999539,0.010994945
999540,0.016660443
999541,0.01349236
999542,0.020221183
999543,0.010879337
999544,0.01365536
999545,0.011502613
999546,0.013565602
999547,0.016475184
999548,0.011024386
999549,0.011480354
999550,0.010686179
999551,0.016446462
999552,0.011999512
999553,0.03270461
999554,0.013373162
999555,0.010695513
999556,0.013994284
999557,0.016449334
999558,0.016367475
999559,0.016480928
999560,0.01281092
999561,0.013279384
999562,0.013695571
999563,0.014877075
999564,0.01060432
999565,0.011316636
999566,0.024210133
999567,0.016022805
999568,0.013522519
999569,0.011761116
999570,0.010860668
999571,0.010936782
999572,0.0030705046
999573,0.030063763
999574,0.013577809
999575,0.022809196
999576,0.010898007
999577,0.010995663
999578,0.021768114
999579,0.011336024
999580,0.013570628
999581,0.017349781
999582,0.021348661
999583,0.010765165
999584,0.010964787
999585,0.013832721
999586,0.016199449
999587,0.013913861
999588,0.012768073
999589,0.025784122
999590,0.013766659
999591,0.02304095
999592,0.01428079
999593,0.0109892
999594,0.03559427
999595,0.013269761
999596,0.027944593
999597,0.012281868
999598,0.031752642
999599,0.013456456
999600,0.011003561
999601,0.01410702
999602,0.017244944
999603,0.013235294
999604,0.014418658
999605,0.012191234
999606,0.020370595
999607,0.010880773
999608,0.011317354
999609,0.013694853
999610,0.011415728
999611,0.013528981
999612,0.016332289
999613,0.01384421
999614,0.010994945
999615,0.0108341
999616,0.010974839
999617,0.011295812
999618,0.034283087
999619,0.015218742
999620,0.010776655
999621,0.01870548
999622,0.013904789
999623,0.010850615
999624,0.011581601
999625,0.012954825
999626,0.010803941
999627,0.012023926
999628,0.022857307
999629,0.014089786
999630,0.010961196
999631,0.013375316
999632,0.014888791
999633,0.011278579
999634,0.010881491
999635,0.02232307
999636,0.018689021
999637,0.0125
999638,0.010067236
999639,0.013603659
999640,0.018154791
999641,0.013681928
999642,0.01884263
999643,0.014602481
999644,0.011520565
999645,0.020384992
999646,0.011562212
999647,0.011432244
999648,0.018762207
999649,0.016442154
999650,0.011048799
999651,0.010046805
999652,0.019117648
999653,0.013595761
999654,0.016506061
999655,0.021231618
999656,0.013074448
999657,0.010660351
999658,0.018745692
999659,0.016485237
999660,0.011394187
999661,0.016422048
999662,0.013648897
999663,0.018795956
999664,0.013297047
999665,0.01160745
999666,0.01882037
999667,0.014007209
999668,0.010965505
999669,0.010433431
999670,0.01912052
999671,0.013930377
999672,0.011004279
999673,0.011083267
999674,0.010742188
999675,0.010975557
999676,0.016142003
999677,0.010973403
999678,0.03897059
999679,0.012237119
999680,0.011328125
999681,0.02681095
999682,0.014047421
999683,0.03215763
999684,0.01903866
999685,0.013871496
999686,0.010197892
999687,0.023361953
999688,0.016674086
999689,0.014376293
999690,0.011149328
999691,0.012352898
999692,0.013677619
999693,0.013702752
999694,0.01358499
999695,0.011112707
999696,0.011227597
999697,0.013781738
999698,0.016256893
999699,0.013346594
999700,0.03177993
999701,0.018752873
999702,0.013608686
999703,0.010790298
999704,0.013638126
999705,0.011274271
999706,0.022757478
999707,0.013728602
999708,0.01361443
999709,0.013535444
999710,0.010880055
999711,0.011035874
999712,0.021284036
999713,0.013457892
999714,0.015607767
999715,0.012518669
999716,0.018689683
999717,0.001934147
999718,0.016177908
999719,0.021462834
999720,0.012289373
999721,0.016058709
999722,0.018848374
999723,0.011386288
999724,0.01144086
999725,0.014056037
999726,0.020618558
999727,0.011158663
999728,0.016238943
999729,0.010069109
999730,0.018485753
999731,0.010920267
999732,0.018886432
999733,0.014102711
999734,0.018628648
999735,0.011157945
999736,0.011213236
999737,0.023084067
999738,0.013488051
999739,0.011064596
999740,0.011351103
999741,0.013557703
999742,0.01160386
999743,0.012580924
999744,0.011193129
999745,0.013924632
999746,0.011359002
999747,0.012764246
999748,0.013913143
999749,0.01110409
999750,0.010774501
999751,0.011201747
999752,0.027345905
999753,0.013686954
999754,0.02665513
999755,0.011282169
999756,0.013392549
999757,0.021369485
999758,0.013490206
999759,0.012054084
999760,0.011017923
999761,0.012479218
999762,0.012181181
999763,0.011091883
999764,0.011169434
999765,0.014930434
999766,0.013778866
999767,0.011557907
999768,0.011307301
999769,0.013691262
999770,0.011362592
999771,0.014154412
999772,0.010974839
999773,0.013696289
999774,0.009382844
999775,0.013227396
999776,0.011115579
999777,0.015981158
999778,0.021646656
999779,0.022535617
999780,0.010954015
999781,0.011058134
999782,0.013275506
999783,0.010840562
999784,0.023846822
999785,0.011114861
999786,0.01158073
999787,0.011329561
999788,0.026718318
999789,0.020138919
999790,0.015984748
999791,0.013646743
999792,0.016432818
999793,0.010931037
999794,0.013592889
999795,0.0099115018
999796,0.011883186
999797,0.024218749
999798,0.013632381
999799,0.022605985
999800,0.010948989
999801,0.011229033
999802,0.012898639
999803,0.01382554
999804,0.013830567
999805,0.01105239
999806,0.013353056
999807,0.010224174
999808,0.011037311
999809,0.014397116
999810,0.024050724
999811,0.0057212277
999812,0.013766659
999813,0.010780245
999814,0.011150764
999815,0.030329673
999816,0.016176471
999817,0.013795381
999818,0.011050954
999819,0.014214729
999820,0.013968434
999821,0.01803194
999822,0.018715532
999823,0.013149844
999824,0.0099127702
999825,0.010684025
999826,0.016085995
999827,0.013234576
999828,0.016086712
999829,0.016615923
999830,0.013694853
999831,0.019106159
999832,0.011420037
999833,0.013982077
999834,0.013173541
999835,0.011376235
999836,0.015938792
999837,0.011074649
999838,0.012362133
999839,0.011142148
999840,0.010150013
999841,0.012795841
999842,0.010794606
999843,0.012324793
999844,0.013913143
999845,0.011310173
999846,0.013704188
999847,0.012665743
999848,0.010699104
999849,0.01125201
999850,0.01127068
999851,0.015142636
999852,0.026528032
999853,0.013475845
999854,0.013683364
999855,0.015406709
999856,0.035753366
999857,0.011477393
999858,0.013486615
999859,0.01110409
999860,0.022245519
999861,0.014113482
999862,0.014793485
999863,0.013706342
999864,0.018979779
999865,0.013475845
999866,0.015774356
999867,0.013662174
999868,0.0140625
999869,0.016143439
999870,0.017756784
999871,0.012500618
999872,0.013666131
999873,0.019902539
999874,0.016401941
999875,0.013033321
999876,0.019112621
999877,0.013545496
999878,0.018020451
999879,0.010966223
999880,0.015421071
999881,0.011514821
999882,0.011155791
999883,0.010949707
999884,0.01626192
999885,0.019676045
999886,0.011034438
999887,0.013429889
999888,0.01101146
999889,0.019358916
999890,0.015820313
999891,0.020379974
999892,0.01070772
999893,0.01101505
999894,0.015293256
999895,0.013146769
999896,0.015926288
999897,0.013453584
999898,0.013545496
999899,0.01118164
999900,0.020170912
999901,0.011893239
999902,0.024998564
999903,0.021151194
999904,0.019406307
999905,0.011868106
999906,0.017210478
999907,0.018887868
999908,0.011273553
999909,0.016340906
999910,0.0023441401
999911,0.012534467
999912,0.013370289
999913,0.026640769
999914,0.021439856
999915,0.013070858
999916,0.013430607
999917,0.0021309212
999918,0.024697697
999919,0.013785329
999920,0.013449276
999921,0.013308536
999922,0.013121122
999923,0.010816866
999924,0.01303711
999925,0.013832721
999926,0.014711627
999927,0.010918112
999928,0.01333295
999929,0.022081785
999930,0.016222427
999931,0.012654009
999932,0.021668917
999933,0.02164522
999934,0.0038705429
999935,0.010706284
999936,0.011379107
999937,0.010038874
999938,0.023939425
999939,0.016301414
999940,0.02155331
999941,0.011188103
999942,0.020107852
999943,0.020259496
999944,0.026803769
999945,0.0109375
999946,0.016471008
999947,0.011091165
999948,0.013970588
999949,0.016320083
999950,0.016831107
999951,0.010917394
999952,0.01495864
999953,0.01356991
999954,0.018772978
999955,0.014607515
999956,0.003788739
999957,0.0019390266
999958,0.016233915
999959,0.012419577
999960,0.01330351
999961,0.014127125
999962,0.010864976
999963,0.018729176
999964,0.019032197
999965,0.010952579
999966,0.018608542
999967,0.010753676
999968,0.010936064
999969,0.010976993
999970,0.01175968
999971,0.015831802
999972,0.025482608
999973,0.010265592
999974,0.011575856
999975,0.0098941186
999976,0.028902659
999977,0.010888672
999978,0.013832003
999979,0.011786966
999980,0.016473029
999981,0.011640482
999982,0.015463896
999983,0.013570628
999984,0.015107128
999985,0.011213236
999986,0.015721938
999987,0.013005929
999988,0.016015625
999989,0.024116067
999990,0.011027258
999991,0.022931442
999992,0.011776195
999993,0.013585708
999994,0.023058003
999995,0.011506204
999996,0.010037928
999997,0.011157945
999998,0.013401885
999999,0.013628791
