LECROYHDO6104B,11090,Waveform
Segments,1,SegmentSize,3902
Segment,TrigTime,TimeSinceSegment1
#1,04-May-2026 18:21:05,0                 
Time,Ampl
996098,0.021279728
996099,0.012907302
996100,0.010640941
996101,0.025745334
996102,0.013596479
996103,0.014944909
996104,0.010367683
996105,0.022425035
996106,0.011328125
996107,0.013832721
996108,0.013913143
996109,0.015889246
996110,0.016463695
996111,0.011233341
996112,0.010875747
996113,0.0227511
996114,0.012585449
996115,0.01381046
996116,0.016136978
996117,0.017858887
996118,0.025415512
996119,0.010935346
996120,0.016057273
996121,0.011336742
996122,0.011046645
996123,0.010955451
996124,0.010811121
996125,0.022047335
996126,0.011899701
996127,0.01366254
996128,0.013617302
996129,0.020990349
996130,0.016773896
996131,0.020707434
996132,0.01086354
996133,0.013569192
996134,0.011905446
996135,0.012760523
996136,0.012940519
996137,0.013587144
996138,0.011070341
996139,0.012236129
996140,0.010293417
996141,0.011076803
996142,0.010835536
996143,0.011550724
996144,0.012209521
996145,0.012087833
996146,0.011001407
996147,0.016416302
996148,0.012500718
996149,0.012847659
996150,0.011417164
996151,0.011236931
996152,0.019189453
996153,0.012462015
996154,0.024235265
996155,0.010925293
996156,0.018867763
996157,0.020914953
996158,0.02434082
996159,0.015040985
996160,0.01377384
996161,0.015900018
996162,0.011189539
996163,0.017547967
996164,0.0150326
996165,0.011719468
996166,0.013869341
996167,0.012799997
996168,0.01283318
996169,0.013760914
996170,0.012332544
996171,0.016210938
996172,0.011382697
996173,0.01094109
996174,0.011075367
996175,0.011175178
996176,0.013676901
996177,0.015752098
996178,0.016399069
996179,0.010951861
996180,0.01313614
996181,0.01342558
996182,0.013798254
996183,0.0017621694
996184,0.018668141
996185,0.01089298
996186,0.010761575
996187,0.020484835
996188,0.013419836
996189,0.01097843
996190,0.012873115
996191,0.013702752
996192,0.015980439
996193,0.021309169
996194,0.016536219
996195,0.013653924
996196,0.023956658
996197,0.02787655
996198,0.010961196
996199,0.011170152
996200,0.01137049
996201,0.011495433
996202,0.016084559
996203,0.01237088
996204,0.012017463
996205,0.012965517
996206,0.013926068
996207,0.014002901
996208,0.011195283
996209,0.018377326
996210,0.021740723
996211,0.021805348
996212,0.012805894
996213,0.014023007
996214,0.011098346
996215,0.016293515
996216,0.011003561
996217,0.018681066
996218,0.011251292
996219,0.010175359
996220,0.0111522
996221,0.014016544
996222,0.016797593
996223,0.013396139
996224,0.018910846
996225,0.015872013
996226,0.017155187
996227,0.0237635
996228,0.01154229
996229,0.018538171
996230,0.017373478
996231,0.010801787
996232,0.011064596
996233,0.013059369
996234,0.013138982
996235,0.015387322
996236,0.016613051
996237,0.011160099
996238,0.016371783
996239,0.0025222125
996240,0.033570774
996241,0.010961914
996242,0.014594279
996243,0.020936253
996244,0.013924632
996245,0.011280015
996246,0.010994945
996247,0.011290872
996248,0.015405684
996249,0.013320743
996250,0.026580451
996251,0.014597926
996252,0.013812615
996253,0.013629509
996254,0.01697639
996255,0.016647186
996256,0.010983456
996257,0.012556009
996258,0.016532628
996259,0.011388442
996260,0.011560776
996261,0.010955451
996262,0.011371208
996263,0.010440646
996264,0.01639476
996265,0.016567096
996266,0.016001264
996267,0.011616067
996268,0.011527028
996269,0.013720703
996270,0.017394248
996271,0.012818819
996272,0.019030044
996273,0.013913143
996274,0.018996295
996275,0.016203038
996276,0.011869027
996277,0.018755026
996278,0.018915871
996279,0.012438002
996280,0.011420037
996281,0.01662454
996282,0.0083778678
996283,0.011069623
996284,0.021937471
996285,0.015016085
996286,0.010080842
996287,0.012756348
996288,0.015274107
996289,0.015917968
996290,0.011286478
996291,0.019080307
996292,0.013651052
996293,0.026383704
996294,0.011285041
996295,0.014950438
996296,0.012215648
996297,0.012806612
996298,0.011025822
996299,0.015693935
996300,0.016237507
996301,0.016259765
996302,0.016254021
996303,0.018793084
996304,0.013558421
996305,0.014679685
996306,0.012408088
996307,0.02035713
996308,0.010859231
996309,0.011075367
996310,0.039303768
996311,0.018405331
996312,0.011550102
996313,0.019086052
996314,0.015299524
996315,0.013788919
996316,0.026842544
996317,0.013742245
996318,0.015992647
996319,0.020440884
996320,0.018798109
996321,0.0070966994
996322,0.029334214
996323,0.01113712
996324,0.012879136
996325,0.023794375
996326,0.010951143
996327,0.010930319
996328,0.01319987
996329,0.013875804
996330,0.010279885
996331,0.015866268
996332,0.016207347
996333,0.010950425
996334,0.011283605
996335,0.014430147
996336,0.0087455437
996337,0.011934169
996338,0.017268602
996339,0.014763327
996340,0.011510666
996341,0.011090447
996342,0.013854262
996343,0.010899443
996344,0.012050494
996345,0.018807445
996346,0.011130658
996347,0.021794578
996348,0.016307876
996349,0.014797794
996350,0.012550265
996351,0.011040901
996352,0.012746295
996353,0.012580423
996354,0.013936839
996355,0.010908778
996356,0.019132726
996357,0.012398753
996358,0.013725012
996359,0.010354315
996360,0.018922335
996361,0.01377743
996362,0.018823242
996363,0.018002231
996364,0.01087072
996365,0.018802419
996366,0.011259191
996367,0.024908088
996368,0.012725471
996369,0.038102858
996370,0.011070341
996371,0.018716969
996372,0.020151205
996373,0.0028470808
996374,0.013227396
996375,0.014223346
996376,0.0048100767
996377,0.017567741
996378,0.019060202
996379,0.013623765
996380,0.021220129
996381,0.01339623
996382,0.021840533
996383,0.011523438
996384,0.013816923
996385,0.018619314
996386,0.010647229
996387,0.018711224
996388,0.015821749
996389,0.010683306
996390,0.018887868
996391,0.031668629
996392,0.011897547
996393,0.020619124
996394,0.013660386
996395,0.013955509
996396,0.013664695
996397,0.015787901
996398,0.020414013
996399,0.017976731
996400,0.015999828
996401,0.012902114
996402,0.010846307
996403,0.0088846665
996404,0.015919404
996405,0.01628059
996406,0.016587919
996407,0.010907342
996408,0.013818359
996409,0.012408088
996410,0.016373938
996411,0.013570628
996412,0.01780216
996413,0.010791734
996414,0.010927447
996415,0.011615349
996416,0.019093232
996417,0.018789493
996418,0.0086563565
996419,0.013798254
996420,0.017371323
996421,0.010857077
996422,0.016308594
996423,0.010662483
996424,0.011498335
996425,0.01645436
996426,0.013731474
996427,0.0028762054
996428,0.011144302
996429,0.015116613
996430,0.012973202
996431,0.021714155
996432,0.010948989
996433,0.01094468
996434,0.01579877
996435,0.013695571
996436,0.010326007
996437,0.015755687
996438,0.011058134
996439,0.013143382
996440,0.011136402
996441,0.015900735
996442,0.016788732
996443,0.011147174
996444,0.021554746
996445,0.016064454
996446,0.011523438
996447,0.011114143
996448,0.013361673
996449,0.0059407279
996450,0.010086874
996451,0.022789983
996452,0.013235294
996453,0.010021418
996454,0.012327665
996455,0.019554228
996456,0.013292739
996457,0.016182933
996458,0.018405331
996459,0.013800408
996460,0.016638901
996461,0.013481589
996462,0.01926844
996463,0.01113353
996464,0.015940228
996465,0.011074649
996466,0.010975557
996467,0.013285559
996468,0.011639123
996469,0.017675459
996470,0.018206539
996471,0.014168055
996472,0.011091165
996473,0.023713235
996474,0.01642492
996475,0.011351821
996476,0.013545496
996477,0.012675925
996478,0.013727166
996479,0.012353515
996480,0.011139994
996481,0.015406709
996482,0.015901454
996483,0.013248219
996484,0.013323615
996485,0.011057416
996486,0.021594957
996487,0.0024910152
996488,0.021638758
996489,0.0125
996490,0.020727774
996491,0.011285041
996492,0.022506416
996493,0.020453835
996494,0.010997099
996495,0.017248536
996496,0.017698556
996497,0.01345502
996498,0.01107824
996499,0.018915871
996500,0.013388959
996501,0.019048713
996502,0.018772978
996503,0.017525706
996504,0.011201747
996505,0.011313763
996506,0.035030589
996507,0.019358916
996508,0.021779498
996509,0.016119745
996510,0.016004855
996511,0.013931813
996512,0.0091185309
996513,0.035769474
996514,0.014029469
996515,0.014590993
996516,0.015627872
996517,0.010656739
996518,0.011789838
996519,0.017577648
996520,0.014028751
996521,0.012778662
996522,0.013681928
996523,0.011165843
996524,0.011203901
996525,0.011188821
996526,0.010425364
996527,0.016333725
996528,0.011259191
996529,0.01379969
996530,0.010899443
996531,0.018116008
996532,0.011208209
996533,0.011417164
996534,0.010987046
996535,0.010884636
996536,0.013625201
996537,0.011067469
996538,0.016269818
996539,0.011540472
996540,0.01110409
996541,0.011242676
996542,0.021335019
996543,0.011060288
996544,0.013396139
996545,0.012260168
996546,0.014977448
996547,0.011115579
996548,0.012270939
996549,0.01384421
996550,0.015518389
996551,0.013752297
996552,0.0070529273
996553,0.018637264
996554,0.011080394
996555,0.011269962
996556,0.012976793
996557,0.014690085
996558,0.013791073
996559,0.012888066
996560,0.013707778
996561,0.01484375
996562,0.01594382
996563,0.025523577
996564,0.010694795
996565,0.010868566
996566,0.01098202
996567,0.011403522
996568,0.013747271
996569,0.010774501
996570,0.012409524
996571,0.011221852
996572,0.02404426
996573,0.024180694
996574,0.030155055
996575,0.014348288
996576,0.011234777
996577,0.011516257
996578,0.013107297
996579,0.016340906
996580,0.011027976
996581,0.010948989
996582,0.018977625
996583,0.016085276
996584,0.019504664
996585,0.022881212
996586,0.010579187
996587,0.012293198
996588,0.019786162
996589,0.021159811
996590,0.013487333
996591,0.013821231
996592,0.014109174
996593,0.012119577
996594,0.015903607
996595,0.013532571
996596,0.01272619
996597,0.011086857
996598,0.011956881
996599,0.013595043
996600,0.016029986
996601,0.012563189
996602,0.0033137801
996603,0.01129653
996604,0.016796876
996605,0.016183652
996606,0.016602999
996607,0.011063878
996608,0.010949707
996609,0.020942239
996610,0.011781221
996611,0.016000547
996612,0.011045927
996613,0.015677419
996614,0.012125828
996615,0.019636804
996616,0.017892225
996617,0.012332608
996618,0.018469956
996619,0.012489947
996620,0.021732107
996621,0.01481431
996622,0.011429371
996623,0.011309455
996624,0.018991269
996625,0.013488051
996626,0.014751839
996627,0.024719957
996628,0.010741469
996629,0.019825654
996630,0.013508157
996631,0.016023524
996632,0.015678706
996633,0.013560575
996634,0.015889246
996635,0.011156509
996636,0.016074507
996637,0.011359002
996638,0.0020337068
996639,0.013890166
996640,0.012159639
996641,0.01898337
996642,0.013637408
996643,0.014194624
996644,0.022119859
996645,0.010839126
996646,0.011264218
996647,0.039636947
996648,0.025786163
996649,0.011429371
996650,0.012867647
996651,0.01133028
996652,0.011163689
996653,0.03203484
996654,0.011565803
996655,0.011432962
996656,0.010993509
996657,0.01294807
996658,0.021233054
996659,0.023288144
996660,0.020123471
996661,0.013528263
996662,0.012683824
996663,0.020177504
996664,0.016411277
996665,0.011221852
996666,0.011124914
996667,0.01610969
996668,0.014288689
996669,0.013445686
996670,0.011020795
996671,0.013717831
996672,0.013722139
996673,0.0138011
996674,0.011106962
996675,0.021656709
996676,0.010923139
996677,0.010950425
996678,0.013480153
996679,0.0026913038
996680,0.013355928
996681,0.011136402
996682,0.019152114
996683,0.016481647
996684,0.019401999
996685,0.014952177
996686,0.022150734
996687,0.021476476
996688,0.013607968
996689,0.016107537
996690,0.011213236
996691,0.015220731
996692,0.01354406
996693,0.011163689
996694,0.016742302
996695,0.0032599194
996696,0.016248995
996697,0.016497912
996698,0.013811179
996699,0.014013672
996700,0.0028905056
996701,0.011359002
996702,0.01110409
996703,0.019041533
996704,0.010894416
996705,0.017499857
996706,0.016079532
996707,0.013588921
996708,0.019189453
996709,0.012430348
996710,0.013461484
996711,0.011523438
996712,0.015774356
996713,0.022002814
996714,0.011493997
996715,0.014275046
996716,0.034742646
996717,0.023943014
996718,0.014556525
996719,0.018803136
996720,0.013661822
996721,0.012905704
996722,0.011307301
996723,0.011025104
996724,0.010854923
996725,0.013706342
996726,0.011530618
996727,0.013067288
996728,0.011160099
996729,0.013505285
996730,0.015626436
996731,0.013784611
996732,0.013687672
996733,0.011753217
996734,0.016228888
996735,0.014430865
996736,0.016793285
996737,0.016314339
996738,0.027481617
996739,0.011110553
996740,0.011362592
996741,0.011114143
996742,0.030315146
996743,0.013768814
996744,0.013979205
996745,0.014748966
996746,0.016159955
996747,0.021401079
996748,0.01474035
996749,0.017589614
996750,0.011068187
996751,0.025183149
996752,0.013374598
996753,0.011178768
996754,0.011606732
996755,0.010987046
996756,0.011063878
996757,0.018359374
996758,0.010812557
996759,0.013886576
996760,0.01794902
996761,0.013913143
996762,0.011055262
996763,0.017364861
996764,0.01865378
996765,0.017443435
996766,0.014042394
996767,0.01152631
996768,0.012135943
996769,0.013568474
996770,0.012284582
996771,0.020225614
996772,0.031051815
996773,0.020347854
996774,0.021444881
996775,0.012091544
996776,0.011194565
996777,0.016618796
996778,0.013568474
996779,0.010612937
996780,0.013710651
996781,0.015851907
996782,0.027652029
996783,0.011707979
996784,0.012906056
996785,0.02271485
996786,0.011402085
996787,0.011035874
996788,0.013494514
996789,0.018999645
996790,0.011906164
996791,0.013314281
996792,0.011860208
996793,0.016932588
996794,0.016549144
996795,0.013439223
996796,0.02402631
996797,0.014161592
996798,0.018480629
996799,0.011457376
996800,0.010850615
996801,0.011511949
996802,0.015189137
996803,0.01377025
996804,0.013595761
996805,0.0132554
996806,0.013508157
996807,0.011076085
996808,0.023181684
996809,0.014180262
996810,0.02999483
996811,0.01088939
996812,0.013924632
996813,0.011070341
996814,0.016051527
996815,0.013870778
996816,0.011123477
996817,0.024871752
996818,0.011661305
996819,0.013508875
996820,0.0095753809
996821,0.011806011
996822,0.018626494
996823,0.016144158
996824,0.017145135
996825,0.010844152
996826,0.01368839
996827,0.011617503
996828,0.010270602
996829,0.013855699
996830,0.011008588
996831,0.010958324
996832,0.013596479
996833,0.013502412
996834,0.013694853
996835,0.011545697
996836,0.010381678
996837,0.013696289
996838,0.011262064
996839,0.012096808
996840,0.013809024
996841,0.011317354
996842,0.016564224
996843,0.019360352
996844,0.013859289
996845,0.020845402
996846,0.011345359
996847,0.01283318
996848,0.013972024
996849,0.023369284
996850,0.010317186
996851,0.013627355
996852,0.013928941
996853,0.014070399
996854,0.011856617
996855,0.011286979
996856,0.019145651
996857,0.013833439
996858,0.011562212
996859,0.011282887
996860,0.01517693
996861,0.018386662
996862,0.015188419
996863,0.010916676
996864,0.018778723
996865,0.013744399
996866,0.013995002
996867,0.013890166
996868,0.019755285
996869,0.011208927
996870,0.015311508
996871,0.013855699
996872,0.018285755
996873,0.011033002
996874,0.015004596
996875,0.016157083
996876,0.013760196
996877,0.013381778
996878,0.025017234
996879,0.013748707
996880,0.013775276
996881,0.013939711
996882,0.014059627
996883,0.01124483
996884,0.011006434
996885,0.016353114
996886,0.013490206
996887,0.026593689
996888,0.011313045
996889,0.025562979
996890,0.010915958
996891,0.013823385
996892,0.011664177
996893,0.010128964
996894,0.021728231
996895,0.013710651
996896,0.01230397
996897,0.021121755
996898,0.013530417
996899,0.016521139
996900,0.025448069
996901,0.01335521
996902,0.016133387
996903,0.015359721
996904,0.012803886
996905,0.016024241
996906,0.011020077
996907,0.011089011
996908,0.024141917
996909,0.015296995
996910,0.011247702
996911,0.01112635
996912,0.015973259
996913,0.013653206
996914,0.028550619
996915,0.014085398
996916,0.011661305
996917,0.013358083
996918,0.012594784
996919,0.011017923
996920,0.012660845
996921,0.011083985
996922,0.016254021
996923,0.013752297
996924,0.01607307
996925,0.014361213
996926,0.011519847
996927,0.016314339
996928,0.013648897
996929,0.016374655
996930,0.014878217
996931,0.022256291
996932,0.015150362
996933,0.016629567
996934,0.01349954
996935,0.013741527
996936,0.010868566
996937,0.015235781
996938,0.031526454
996939,0.015584788
996940,0.013519647
996941,0.011061724
996942,0.010987046
996943,0.013694853
996944,0.0021932682
996945,0.020463211
996946,0.012885598
996947,0.011348949
996948,0.010935346
996949,0.018788775
996950,0.014254223
996951,0.011666331
996952,0.011860926
996953,0.014746045
996954,0.01221852
996955,0.027038371
996956,0.014763327
996957,0.026552448
996958,0.022011431
996959,0.016062299
996960,0.010888672
996961,0.012977511
996962,0.021521714
996963,0.018623622
996964,0.013779584
996965,0.021897977
996966,0.017365579
996967,0.014028033
996968,0.018068254
996969,0.011259191
996970,0.016050091
996971,0.016317211
996972,0.011465993
996973,0.011155791
996974,0.013905245
996975,0.013354492
996976,0.01361443
996977,0.011091165
996978,0.0084631778
996979,0.021591365
996980,0.013834875
996981,0.011236931
996982,0.017970631
996983,0.012017463
996984,0.015845444
996985,0.010992073
996986,0.014883962
996987,0.016440718
996988,0.010768037
996989,0.013924632
996990,0.011312327
996991,0.014187442
996992,0.010999253
996993,0.01128576
996994,0.020224364
996995,0.011004997
996996,0.015338955
996997,0.017058967
996998,0.024881549
996999,0.0025683593
997000,0.016215246
997001,0.016233915
997002,0.01338106
997003,0.011510064
997004,0.011376953
997005,0.016396916
997006,0.014264275
997007,0.010729214
997008,0.026539521
997009,0.011055262
997010,0.013710651
997011,0.015494313
997012,0.010986328
997013,0.010960478
997014,0.013778866
997015,0.017532863
997016,0.015491304
997017,0.019144934
997018,0.011638328
997019,0.013789637
997020,0.015090669
997021,0.013719985
997022,0.014522059
997023,0.013941147
997024,0.011349667
997025,0.013361673
997026,0.013539752
997027,0.011081831
997028,0.013924632
997029,0.011419319
997030,0.012299662
997031,0.014857393
997032,0.016475184
997033,0.011328125
997034,0.011006434
997035,0.018482164
997036,0.016555607
997037,0.016464412
997038,0.011247702
997039,0.011040183
997040,0.010861386
997041,0.01618796
997042,0.0099779097
997043,0.019007066
997044,0.013712087
997045,0.013510311
997046,0.014490312
997047,0.013697007
997048,0.013534008
997049,0.016326545
997050,0.018828269
997051,0.017813459
997052,0.018588437
997053,0.01391458
997054,0.011218262
997055,0.014636949
997056,0.014197021
997057,0.011087575
997058,0.019152682
997059,0.010973403
997060,0.017985713
997061,0.026769301
997062,0.016468721
997063,0.013696289
997064,0.013430607
997065,0.011152918
997066,0.013541906
997067,0.014142923
997068,0.01113712
997069,0.012798714
997070,0.011073931
997071,0.010906624
997072,0.013893038
997073,0.013745835
997074,0.013903582
997075,0.021507353
997076,0.015716912
997077,0.013408347
997078,0.012637868
997079,0.011150046
997080,0.01226304
997081,0.01630285
997082,0.021498736
997083,0.013490924
997084,0.013733628
997085,0.012195542
997086,0.010998535
997087,0.026746323
997088,0.03567028
997089,0.015616383
997090,0.011030848
997091,0.016605154
997092,0.016182216
997093,0.015958181
997094,0.014326747
997095,0.029872041
997096,0.029288976
997097,0.011232623
997098,0.019385483
997099,0.012459129
997100,0.013390395
997101,0.011275707
997102,0.015306899
997103,0.01349236
997104,0.010887119
997105,0.016040038
997106,0.023331227
997107,0.01356991
997108,0.013788201
997109,0.012556889
997110,0.018615723
997111,0.012564626
997112,0.011084703
997113,0.010943244
997114,0.015167596
997115,0.011008588
997116,0.010617693
997117,0.019067382
997118,0.01453642
997119,0.0094370982
997120,0.017394301
997121,0.026826747
997122,0.012236471
997123,0.013552616
997124,0.0099479835
997125,0.013283405
997126,0.017383531
997127,0.013586426
997128,0.015682444
997129,0.012815855
997130,0.013488051
997131,0.016190113
997132,0.014537138
997133,0.011390597
997134,0.011569394
997135,0.010914522
997136,0.013292739
997137,0.013051471
997138,0.012312586
997139,0.016447898
997140,0.0099796075
997141,0.013903091
997142,0.012876276
997143,0.016119026
997144,0.011479636
997145,0.039434455
997146,0.0188765
997147,0.011329544
997148,0.01105957
997149,0.010327078
997150,0.021622961
997151,0.013918888
997152,0.013878676
997153,0.013076584
997154,0.021551874
997155,0.0092961201
997156,0.010121268
997157,0.013330078
997158,0.019326603
997159,0.013076946
997160,0.010938218
997161,0.011290068
997162,0.01225945
997163,0.011335306
997164,0.01157442
997165,0.013430607
997166,0.020266544
997167,0.01916432
997168,0.024253218
997169,0.014051011
997170,0.011554314
997171,0.020340504
997172,0.011099064
997173,0.013683364
997174,0.013805434
997175,0.012956719
997176,0.011170152
997177,0.0098593077
997178,0.013768096
997179,0.010821892
997180,0.011113425
997181,0.024856942
997182,0.018696863
997183,0.009846325
997184,0.015475644
997185,0.027875114
997186,0.013717113
997187,0.026789406
997188,0.012531594
997189,0.011227597
997190,0.0026107109
997191,0.016233196
997192,0.013639562
997193,0.0241412
997194,0.015716912
997195,0.011161535
997196,0.010702694
997197,0.011690028
997198,0.014434455
997199,0.011152918
997200,0.015223381
997201,0.010772346
997202,0.011081831
997203,0.011298684
997204,0.013865033
997205,0.014476103
997206,0.010385652
997207,0.015856933
997208,0.013522519
997209,0.0032799225
997210,0.011272835
997211,0.01361443
997212,0.014239143
997213,0.0109375
997214,0.013857135
997215,0.015360129
997216,0.011349667
997217,0.019073846
997218,0.015785845
997219,0.01361084
997220,0.01098561
997221,0.01114861
997222,0.031545121
997223,0.018952493
997224,0.013532571
997225,0.013604377
997226,0.024567146
997227,0.013304946
997228,0.016463695
997229,0.010242662
997230,0.011201747
997231,0.013522519
997232,0.020670813
997233,0.013629509
997234,0.022109807
997235,0.01171157
997236,0.016812673
997237,0.011019359
997238,0.011269962
997239,0.010964069
997240,0.013908835
997241,0.010948271
997242,0.017789945
997243,0.010880055
997244,0.014569451
997245,0.013602941
997246,0.011726649
997247,0.011672794
997248,0.013419118
997249,0.01103911
997250,0.011592371
997251,0.013587862
997252,0.015004596
997253,0.013971306
997254,0.015801642
997255,0.018654497
997256,0.012167538
997257,0.013849954
997258,0.015001649
997259,0.012202005
997260,0.018964458
997261,0.013545496
997262,0.013438505
997263,0.010851333
997264,0.011305147
997265,0.018915154
997266,0.013970588
997267,0.010835536
997268,0.020965748
997269,0.016292796
997270,0.020570084
997271,0.014998069
997272,0.011036593
997273,0.014941902
997274,0.016439281
997275,0.014196778
997276,0.031354837
997277,0.016209502
997278,0.011997358
997279,0.027448092
997280,0.014132152
997281,0.017137954
997282,0.017835813
997283,0.017744256
997284,0.01372932
997285,0.013928941
997286,0.013168515
997287,0.010292637
997288,0.014808868
997289,0.010444303
997290,0.012270939
997291,0.015701832
997292,0.010475408
997293,0.011342486
997294,0.0188017
997295,0.026784381
997296,0.011521284
997297,0.012396066
997298,0.022522861
997299,0.011799691
997300,0.016164981
997301,0.010868566
997302,0.01103372
997303,0.013720703
997304,0.016393324
997305,0.017612591
997306,0.010040402
997307,0.016670497
997308,0.011393469
997309,0.0042314786
997310,0.011071777
997311,0.014068244
997312,0.014081888
997313,0.01396987
997314,0.020889314
997315,0.014183852
997316,0.011309455
997317,0.018773695
997318,0.014016544
997319,0.01908318
997320,0.011873852
997321,0.0093243541
997322,0.010983456
997323,0.012786506
997324,0.011362592
997325,0.01338465
997326,0.013890166
997327,0.013722857
997328,0.011324535
997329,0.011582319
997330,0.013296329
997331,0.011170152
997332,0.013763787
997333,0.0099081444
997334,0.010934628
997335,0.010512408
997336,0.011410702
997337,0.015919404
997338,0.019308854
997339,0.014945248
997340,0.013924632
997341,0.010961914
997342,0.013427016
997343,0.032435946
997344,0.010701258
997345,0.013672593
997346,0.013312845
997347,0.013687672
997348,0.023196232
997349,0.013870778
997350,0.012026798
997351,0.010952579
997352,0.016179344
997353,0.020461857
997354,0.015797334
997355,0.012425296
997356,0.018929515
997357,0.013523955
997358,0.016482364
997359,0.010955451
997360,0.011825023
997361,0.011101936
997362,0.021573415
997363,0.013625919
997364,0.026493566
997365,0.013407629
997366,0.011051672
997367,0.014230526
997368,0.019242389
997369,0.037238628
997370,0.017944518
997371,0.010928883
997372,0.0089032501
997373,0.013749425
997374,0.011029412
997375,0.016238943
997376,0.013243911
997377,0.015429728
997378,0.014051011
997379,0.015261285
997380,0.016269818
997381,0.015085018
997382,0.013872214
997383,0.0111005
997384,0.013443531
997385,0.013482307
997386,0.016364602
997387,0.011474609
997388,0.016449334
997389,0.011158663
997390,0.014802103
997391,0.026519416
997392,0.010983456
997393,0.016371783
997394,0.024063649
997395,0.01198874
997396,0.011868824
997397,0.012554121
997398,0.011260627
997399,0.011006434
997400,0.014021571
997401,0.016231043
997402,0.010803223
997403,0.035664223
997404,0.016416302
997405,0.012974028
997406,0.012534467
997407,0.0109892
997408,0.011695054
997409,0.013200827
997410,0.031573128
997411,0.010886517
997412,0.012713264
997413,0.021702666
997414,0.010181247
997415,0.012455745
997416,0.01060791
997417,0.010983456
997418,0.014072089
997419,0.015398811
997420,0.024053596
997421,0.011034438
997422,0.021661736
997423,0.019097541
997424,0.010790298
997425,0.015213472
997426,0.014975155
997427,0.0230377
997428,0.01094109
997429,0.014384191
997430,0.010948989
997431,0.01113712
997432,0.013646025
997433,0.013635972
997434,0.01875359
997435,0.010903751
997436,0.01145953
997437,0.0097118989
997438,0.023936553
997439,0.011237649
997440,0.010999971
997441,0.011081113
997442,0.012704183
997443,0.027804745
997444,0.010796042
997445,0.016315056
997446,0.010983456
997447,0.021528177
997448,0.014833697
997449,0.030058028
997450,0.016096048
997451,0.029610667
997452,0.01915714
997453,0.018667422
997454,0.024301328
997455,0.0188534
997456,0.013376034
997457,0.01024165
997458,0.011293174
997459,0.011348949
997460,0.011854463
997461,0.013235294
997462,0.015235708
997463,0.011259191
997464,0.019148523
997465,0.013527545
997466,0.01138557
997467,0.011322381
997468,0.011230469
997469,0.023768526
997470,0.011925551
997471,0.011239803
997472,0.011046645
997473,0.012247243
997474,0.010838408
997475,0.024219468
997476,0.009773978
997477,0.013746553
997478,0.0035592222
997479,0.013371726
997480,0.011190975
997481,0.010805377
997482,0.011132094
997483,0.011371208
997484,0.018681066
997485,0.015705423
997486,0.010321668
997487,0.012186152
997488,0.010417987
997489,0.014039522
997490,0.013717831
997491,0.018025476
997492,0.021444881
997493,0.011009306
997494,0.013791073
997495,0.013269761
997496,0.010753676
997497,0.013709933
997498,0.010684743
997499,0.013989976
997500,0.013422064
997501,0.018609978
997502,0.011465993
997503,0.01083769
997504,0.012904986
997505,0.018555827
997506,0.029610667
997507,0.014947151
997508,0.018848374
997509,0.015538115
997510,0.014223346
997511,0.013800408
997512,0.013597197
997513,0.015812414
997514,0.03181655
997515,0.011297248
997516,0.011040901
997517,0.01465131
997518,0.01893167
997519,0.017746244
997520,0.018400388
997521,0.013391113
997522,0.013441377
997523,0.011138557
997524,0.010836254
997525,0.015866268
997526,0.01206701
997527,0.0034867311
997528,0.010813993
997529,0.011487534
997530,0.016529039
997531,0.012757784
997532,0.010935346
997533,0.012850096
997534,0.011024386
997535,0.013456456
997536,0.011225442
997537,0.036927707
997538,0.013875086
997539,0.028202893
997540,0.01334444
997541,0.016348805
997542,0.01983642
997543,0.016503906
997544,0.011804199
997545,0.01937543
997546,0.018554688
997547,0.0031839062
997548,0.018818934
997549,0.011094037
997550,0.024009077
997551,0.019197352
997552,0.011045927
997553,0.011213954
997554,0.013702033
997555,0.012626379
997556,0.027084716
997557,0.011066033
997558,0.011135684
997559,0.013715677
997560,0.010845589
997561,0.013811897
997562,0.011149328
997563,0.022473145
997564,0.011170152
997565,0.010961914
997566,0.016222427
997567,0.011066751
997568,0.02330035
997569,0.014081888
997570,0.012557079
997571,0.011679256
997572,0.021814683
997573,0.011639764
997574,0.016164981
997575,0.016130514
997576,0.017211586
997577,0.013669003
997578,0.013350184
997579,0.01679337
997580,0.01676169
997581,0.01630285
997582,0.015363091
997583,0.013582836
997584,0.012281709
997585,0.011030848
997586,0.029078584
997587,0.013315717
997588,0.01349954
997589,0.0027190563
997590,0.01103013
997591,0.018905101
997592,0.013921042
997593,0.01592084
997594,0.016279871
997595,0.02535047
997596,0.021645939
997597,0.011391315
997598,0.011201029
997599,0.011122759
997600,0.012219359
997601,0.015390356
997602,0.010987046
997603,0.013361673
997604,0.0051721716
997605,0.012853286
997606,0.013827695
997607,0.011534208
997608,0.0096793827
997609,0.014993107
997610,0.010776655
997611,0.01908318
997612,0.014156566
997613,0.010962632
997614,0.023629222
997615,0.018926643
997616,0.0087608695
997617,0.013358607
997618,0.021731388
997619,0.014206465
997620,0.013568474
997621,0.01328125
997622,0.018910846
997623,0.019031245
997624,0.014553653
997625,0.018130314
997626,0.017537022
997627,0.02405192
997628,0.013200827
997629,0.016210938
997630,0.01109691
997631,0.016147748
997632,0.02405216
997633,0.011544261
997634,0.011106244
997635,0.019493192
997636,0.030215994
997637,0.019358197
997638,0.019209558
997639,0.01113353
997640,0.018887868
997641,0.013024184
997642,0.012831026
997643,0.01085995
997644,0.013550523
997645,0.013900937
997646,0.011111271
997647,0.026413143
997648,0.010779527
997649,0.010832663
997650,0.014247759
997651,0.021533921
997652,0.011144302
997653,0.016659006
997654,0.011914062
997655,0.011029412
997656,0.0081039621
997657,0.011092601
997658,0.015846163
997659,0.013235294
997660,0.016172161
997661,0.013823385
997662,0.012774719
997663,0.010817584
997664,0.028117906
997665,0.013680492
997666,0.010913804
997667,0.013525391
997668,0.017830882
997669,0.010895853
997670,0.011070341
997671,0.021347225
997672,0.010980584
997673,0.0017430199
997674,0.01338465
997675,0.011420037
997676,0.015433643
997677,0.012141688
997678,0.011448042
997679,0.011066751
997680,0.010214761
997681,0.026400937
997682,0.016345214
997683,0.0075591775
997684,0.017704504
997685,0.011208209
997686,0.012467611
997687,0.011035156
997688,0.0099540278
997689,0.012273811
997690,0.013511029
997691,0.011123477
997692,0.012179745
997693,0.011311609
997694,0.016259048
997695,0.015857652
997696,0.013430607
997697,0.016153492
997698,0.013478717
997699,0.013500976
997700,0.013637408
997701,0.021064309
997702,0.013663258
997703,0.023727596
997704,0.012977511
997705,0.016022805
997706,0.010814711
997707,0.013939711
997708,0.011173024
997709,0.024168137
997710,0.01382554
997711,0.015126767
997712,0.010931755
997713,0.019255515
997714,0.010839844
997715,0.011247702
997716,0.010816148
997717,0.014558637
997718,0.013612994
997719,0.0161578
997720,0.013536162
997721,0.011020795
997722,0.01762408
997723,0.017086552
997724,0.011925551
997725,0.015085232
997726,0.01202608
997727,0.010038944
997728,0.011168716
997729,0.014326747
997730,0.011099782
997731,0.014738184
997732,0.016203757
997733,0.018910846
997734,0.01127068
997735,0.01133028
997736,0.01138557
997737,0.013680492
997738,0.013952531
997739,0.01353688
997740,0.018911563
997741,0.012028952
997742,0.011615349
997743,0.013290239
997744,0.015182722
997745,0.013545496
997746,0.011362592
997747,0.01388873
997748,0.011311609
997749,0.01103372
997750,0.018414086
997751,0.011555032
997752,0.010592831
997753,0.022366792
997754,0.0128777
997755,0.018113798
997756,0.014085478
997757,0.013430607
997758,0.013718549
997759,0.017794857
997760,0.010885081
997761,0.011335306
997762,0.024597887
997763,0.018195657
997764,0.012793363
997765,0.018189913
997766,0.010483108
997767,0.017663537
997768,0.023747703
997769,0.016130514
997770,0.016641056
997771,0.017142816
997772,0.011114143
997773,0.011088293
997774,0.015153912
997775,0.011150046
997776,0.016301414
997777,0.012905149
997778,0.011132812
997779,0.01610969
997780,0.016385427
997781,0.018037293
997782,0.014725988
997783,0.013973461
997784,0.020532945
997785,0.010831945
997786,0.011283605
997787,0.01788439
997788,0.010957606
997789,0.0135814
997790,0.010977712
997791,0.011103372
997792,0.012036674
997793,0.013648897
997794,0.012879854
997795,0.011271399
997796,0.013913861
997797,0.013396139
997798,0.012350643
997799,0.017877102
997800,0.016429229
997801,0.010849897
997802,0.015096972
997803,0.016383272
997804,0.033050198
997805,0.017513964
997806,0.024358772
997807,0.01075583
997808,0.013579963
997809,0.024121812
997810,0.013409783
997811,0.013907399
997812,0.012744859
997813,0.015018378
997814,0.011018641
997815,0.010605756
997816,0.017178165
997817,0.011454504
997818,0.013641717
997819,0.013409783
997820,0.01128576
997821,0.0097822361
997822,0.01257037
997823,0.013622329
997824,0.022709036
997825,0.013801844
997826,0.012235753
997827,0.011532553
997828,0.013420554
997829,0.013545496
997830,0.010999253
997831,0.015998088
997832,0.015981875
997833,0.011730239
997834,0.025208943
997835,0.012838124
997836,0.025436874
997837,0.011682129
997838,0.027090993
997839,0.019876705
997840,0.0031631219
997841,0.018520221
997842,0.0093216877
997843,0.013246783
997844,0.029550351
997845,0.011081113
997846,0.013568474
997847,0.023874082
997848,0.011366182
997849,0.017212119
997850,0.013448558
997851,0.014493781
997852,0.0096399318
997853,0.016432818
997854,0.015133129
997855,0.013595761
997856,0.011542825
997857,0.023862591
997858,0.02083905
997859,0.013890166
997860,0.013437787
997861,0.019251158
997862,0.0027493576
997863,0.01339973
997864,0.011644072
997865,0.01490469
997866,0.0031009368
997867,0.012519388
997868,0.011638328
997869,0.010739315
997870,0.022458643
997871,0.011196001
997872,0.010739315
997873,0.013598633
997874,0.011132094
997875,0.013923196
997876,0.013513183
997877,0.013358083
997878,0.013512465
997879,0.011184513
997880,0.011346795
997881,0.010930319
997882,0.011029412
997883,0.01372573
997884,0.01088939
997885,0.011068187
997886,0.016670497
997887,0.016126206
997888,0.016149903
997889,0.013947229
997890,0.011119887
997891,0.013528263
997892,0.016176471
997893,0.014144359
997894,0.010999971
997895,0.015151798
997896,0.018780876
997897,0.011150764
997898,0.016630284
997899,0.01217824
997900,0.018941723
997901,0.016880888
997902,0.013840619
997903,0.025395652
997904,0.0028239992
997905,0.010991354
997906,0.012971048
997907,0.020481244
997908,0.012201287
997909,0.016063018
997910,0.012299662
997911,0.010979866
997912,0.010872156
997913,0.011468865
997914,0.016215246
997915,0.013361673
997916,0.012658691
997917,0.016022805
997918,0.020137208
997919,0.024126839
997920,0.011251292
997921,0.016396197
997922,0.016432101
997923,0.020898437
997924,0.01105239
997925,0.016774615
997926,0.015340701
997927,0.013660386
997928,0.014535702
997929,0.016955972
997930,0.011020795
997931,0.01590289
997932,0.011170152
997933,0.0039206413
997934,0.01114861
997935,0.024457864
997936,0.011236213
997937,0.013457174
997938,0.011012896
997939,0.014996819
997940,0.011046645
997941,0.010842716
997942,0.016257612
997943,0.016683422
997944,0.013660386
997945,0.011127668
997946,0.025612876
997947,0.011863798
997948,0.010687177
997949,0.015553229
997950,0.016967773
997951,0.010961914
997952,0.018888585
997953,0.012212776
997954,0.0129294
997955,0.020341223
997956,0.011109835
997957,0.025572792
997958,0.011121323
997959,0.011077521
997960,0.011599386
997961,0.018872788
997962,0.01157083
997963,0.015523035
997964,0.016210938
997965,0.01773897
997966,0.011109835
997967,0.010933192
997968,0.011207491
997969,0.0165434
997970,0.016348805
997971,0.017458927
997972,0.015387414
997973,0.011190257
997974,0.013623047
997975,0.019094668
997976,0.013648897
997977,0.015948128
997978,0.011086857
997979,0.025573038
997980,0.01582174
997981,0.021289062
997982,0.016226016
997983,0.015492169
997984,0.016306439
997985,0.0039444966
997986,0.016075943
997987,0.01100787
997988,0.0086613679
997989,0.013852108
997990,0.021360869
997991,0.031246692
997992,0.011899701
997993,0.016401224
997994,0.012187336
997995,0.016051527
997996,0.011012178
997997,0.013878676
997998,0.013038765
997999,0.019073846
998000,0.01876149
998001,0.021703383
998002,0.013872214
998003,0.018637983
998004,0.017190373
998005,0.010989918
998006,0.018691119
998007,0.013479435
998008,0.010932473
998009,0.010811121
998010,0.013430607
998011,0.011155791
998012,0.012159579
998013,0.016505342
998014,0.018861664
998015,0.02226894
998016,0.018922335
998017,0.018986961
998018,0.012907858
998019,0.02157844
998020,0.011264936
998021,0.018818934
998022,0.010732853
998023,0.013078757
998024,0.018382354
998025,0.016715433
998026,0.013849954
998027,0.013342286
998028,0.01117087
998029,0.023589011
998030,0.01078958
998031,0.010871438
998032,0.013984231
998033,0.012442555
998034,0.011021513
998035,0.013780302
998036,0.010976993
998037,0.016597971
998038,0.018910846
998039,0.013464356
998040,0.01216682
998041,0.011127786
998042,0.019748757
998043,0.016060863
998044,0.013531135
998045,0.011601996
998046,0.014506262
998047,0.013698443
998048,0.023690257
998049,0.011273553
998050,0.013540231
998051,0.013284841
998052,0.011245548
998053,0.013276224
998054,0.013556985
998055,0.015681008
998056,0.014154412
998057,0.011496869
998058,0.012645404
998059,0.021510186
998060,0.011240148
998061,0.010451032
998062,0.011239085
998063,0.014358341
998064,0.011653407
998065,0.012876108
998066,0.01191478
998067,0.010689051
998068,0.011105526
998069,0.018798109
998070,0.01630285
998071,0.016124053
998072,0.026691033
998073,0.012003102
998074,0.013248937
998075,0.01187457
998076,0.016490264
998077,0.011435116
998078,0.013844928
998079,0.011089729
998080,0.011926269
998081,0.029171214
998082,0.015895441
998083,0.010650275
998084,0.011238367
998085,0.016818993
998086,0.012752757
998087,0.015691468
998088,0.011394905
998089,0.011408548
998090,0.013384206
998091,0.013964126
998092,0.013796818
998093,0.010824764
998094,0.019313678
998095,0.029022576
998096,0.013400448
998097,0.017627671
998098,0.012585637
998099,0.013541188
998100,0.013947611
998101,0.013637113
998102,0.021336766
998103,0.01618796
998104,0.018009014
998105,0.01094468
998106,0.01642851
998107,0.011352539
998108,0.011186667
998109,0.011274271
998110,0.011030477
998111,0.014825799
998112,0.011014332
998113,0.010951143
998114,0.029733473
998115,0.010054702
998116,0.013649615
998117,0.013945972
998118,0.020046653
998119,0.012191234
998120,0.013266888
998121,0.016176471
998122,0.010737161
998123,0.011553054
998124,0.010775937
998125,0.015288925
998126,0.010458737
998127,0.011317354
998128,0.01370706
998129,0.012561753
998130,0.010885799
998131,0.010010962
998132,0.013407629
998133,0.013498104
998134,0.012960277
998135,0.016555607
998136,0.010963351
998137,0.01586986
998138,0.0097314464
998139,0.020038607
998140,0.013757324
998141,0.010921703
998142,0.01849868
998143,0.011471019
998144,0.010827636
998145,0.016134823
998146,0.016529039
998147,0.011608887
998148,0.011163689
998149,0.011062442
998150,0.011027976
998151,0.011938477
998152,0.010085016
998153,0.0034185008
998154,0.019739488
998155,0.011038029
998156,0.014097685
998157,0.01683565
998158,0.023012409
998159,0.018915154
998160,0.012638086
998161,0.011514821
998162,0.011201747
998163,0.017548684
998164,0.011163689
998165,0.01117087
998166,0.012001666
998167,0.013157052
998168,0.011882468
998169,0.013821949
998170,0.013786765
998171,0.024284093
998172,0.015992647
998173,0.012157485
998174,0.013878676
998175,0.012146714
998176,0.011379107
998177,0.018900793
998178,0.011033002
998179,0.014018699
998180,0.011098346
998181,0.012798714
998182,0.013832721
998183,0.010968377
998184,0.013456456
998185,0.013932531
998186,0.016097484
998187,0.016973546
998188,0.016439281
998189,0.015005314
998190,0.0099383704
998191,0.013525391
998192,0.011578728
998193,0.021855613
998194,0.013845646
998195,0.015601304
998196,0.011027258
998197,0.011369772
998198,0.018709788
998199,0.025980642
998200,0.021830481
998201,0.018004967
998202,0.01088939
998203,0.011294376
998204,0.013292739
998205,0.020428108
998206,0.01306296
998207,0.01107824
998208,0.0097739054
998209,0.011928423
998210,0.022462374
998211,0.015023983
998212,0.012825948
998213,0.011357565
998214,0.012488511
998215,0.011330998
998216,0.013363827
998217,0.015613511
998218,0.011063878
998219,0.011879596
998220,0.013446404
998221,0.018666705
998222,0.013407629
998223,0.02654383
998224,0.013821231
998225,0.0099913673
998226,0.013864315
998227,0.012013155
998228,0.011667049
998229,0.013332232
998230,0.013648179
998231,0.013635254
998232,0.013974897
998233,0.013253246
998234,0.010881491
998235,0.013627355
998236,0.010754394
998237,0.01122257
998238,0.012699027
998239,0.013444968
998240,0.011183795
998241,0.013278038
998242,0.01361443
998243,0.011477482
998244,0.011273553
998245,0.011136402
998246,0.0149292
998247,0.021270461
998248,0.017200425
998249,0.013832721
998250,0.010534932
998251,0.016183652
998252,0.016423484
998253,0.013906681
998254,0.023440942
998255,0.021024816
998256,0.013694853
998257,0.020264735
998258,0.016213091
998259,0.011420037
998260,0.01124483
998261,0.010849897
998262,0.011812098
998263,0.013549805
998264,0.016546991
998265,0.01652473
998266,0.013496668
998267,0.010720646
998268,0.015992647
998269,0.011458094
998270,0.016079532
998271,0.016179344
998272,0.011014332
998273,0.0053209253
998274,0.013683364
998275,0.012856131
998276,0.0033103114
998277,0.013680492
998278,0.016486673
998279,0.013961972
998280,0.01232267
998281,0.011161535
998282,0.013879394
998283,0.01103372
998284,0.016038602
998285,0.011201747
998286,0.013505285
998287,0.029524464
998288,0.015966797
998289,0.011061724
998290,0.016399788
998291,0.015963925
998292,0.021994537
998293,0.010236412
998294,0.011250574
998295,0.003426661
998296,0.013559857
998297,0.022012867
998298,0.012980483
998299,0.017451746
998300,0.01730239
998301,0.020440314
998302,0.015303309
998303,0.013757324
998304,0.011368336
998305,0.02001277
998306,0.015778664
998307,0.013572064
998308,0.015675489
998309,0.013430607
998310,0.010684743
998311,0.014478975
998312,0.013740809
998313,0.01062658
998314,0.013775994
998315,0.010309918
998316,0.02030891
998317,0.016762407
998318,0.020211266
998319,0.016077379
998320,0.013487333
998321,0.012674489
998322,0.013764505
998323,0.01353203
998324,0.016371783
998325,0.012404498
998326,0.011089729
998327,0.011352539
998328,0.016360294
998329,0.01913847
998330,0.011395806
998331,0.010785271
998332,0.016245404
998333,0.013340131
998334,0.012216366
998335,0.018564498
998336,0.013683364
998337,0.01827967
998338,0.032324936
998339,0.013476563
998340,0.0017110673
998341,0.017313879
998342,0.013776712
998343,0.010791016
998344,0.01118164
998345,0.013515337
998346,0.013901655
998347,0.018864891
998348,0.012017463
998349,0.010867286
998350,0.013916734
998351,0.013455738
998352,0.012505027
998353,0.017544815
998354,0.011340332
998355,0.011491843
998356,0.025667079
998357,0.013308536
998358,0.011305147
998359,0.020658605
998360,0.016964182
998361,0.012808052
998362,0.010587804
998363,0.013648897
998364,0.013447122
998365,0.013591453
998366,0.011504049
998367,0.011491125
998368,0.011124196
998369,0.011049517
998370,0.018830422
998371,0.01619155
998372,0.013143826
998373,0.011945657
998374,0.012345253
998375,0.013694135
998376,0.011349667
998377,0.010077903
998378,0.010868367
998379,0.013735782
998380,0.015189638
998381,0.011156509
998382,0.017271513
998383,0.011099782
998384,0.014487592
998385,0.010926011
998386,0.019439338
998387,0.019075999
998388,0.011063878
998389,0.026225012
998390,0.011160099
998391,0.014007209
998392,0.013992848
998393,0.014797794
998394,0.030152086
998395,0.010513613
998396,0.010938936
998397,0.01953125
998398,0.013936121
998399,0.013579963
998400,0.010979148
998401,0.013388959
998402,0.013893038
998403,0.010876465
998404,0.012311868
998405,0.017437601
998406,0.011534926
998407,0.01251597
998408,0.010825482
998409,0.019232538
998410,0.016210219
998411,0.020567959
998412,0.017435949
998413,0.011238367
998414,0.01384421
998415,0.013660386
998416,0.016709272
998417,0.01685432
998418,0.021024816
998419,0.021610754
998420,0.011655766
998421,0.010930319
998422,0.019188736
998423,0.011239085
998424,0.016653262
998425,0.022880973
998426,0.016284179
998427,0.013465074
998428,0.013501694
998429,0.020630602
998430,0.012665154
998431,0.011002125
998432,0.011065315
998433,0.010998535
998434,0.011029412
998435,0.019160731
998436,0.021713436
998437,0.011781939
998438,0.013821231
998439,0.016061582
998440,0.014787741
998441,0.011837948
998442,0.015482106
998443,0.015107862
998444,0.013578527
998445,0.013686236
998446,0.017102147
998447,0.013301356
998448,0.01086354
998449,0.01134105
998450,0.024804687
998451,0.013212316
998452,0.0111522
998453,0.01157083
998454,0.011101936
998455,0.010801787
998456,0.013501694
998457,0.0099653415
998458,0.014029469
998459,0.017118566
998460,0.012615868
998461,0.022886502
998462,0.0109375
998463,0.014960433
998464,0.011717314
998465,0.016268382
998466,0.010476626
998467,0.013501917
998468,0.016396197
998469,0.017199798
998470,0.016642492
998471,0.013824103
998472,0.0022729656
998473,0.0139591
998474,0.019450827
998475,0.011032284
998476,0.01322955
998477,0.011978919
998478,0.011351103
998479,0.011262782
998480,0.01384421
998481,0.027976362
998482,0.010870002
998483,0.011227597
998484,0.010999971
998485,0.011315918
998486,0.022568246
998487,0.013591453
998488,0.016477337
998489,0.010745778
998490,0.013311408
998491,0.010948271
998492,0.026567526
998493,0.011005715
998494,0.010867848
998495,0.024313534
998496,0.020010915
998497,0.011064596
998498,0.010145198
998499,0.011058852
998500,0.011921243
998501,0.013711369
998502,0.0108262
998503,0.01896829
998504,0.011481072
998505,0.013780302
998506,0.011349667
998507,0.015925149
998508,0.017670754
998509,0.013917452
998510,0.011728085
998511,0.011310891
998512,0.011006434
998513,0.016003419
998514,0.013732192
998515,0.010661765
998516,0.032213636
998517,0.01391817
998518,0.016190113
998519,0.012231079
998520,0.020450369
998521,0.01372932
998522,0.010133637
998523,0.011805798
998524,0.015308426
998525,0.013924632
998526,0.013876522
998527,0.013947611
998528,0.011282887
998529,0.011521284
998530,0.027242603
998531,0.017807905
998532,0.011167279
998533,0.010862822
998534,0.024001177
998535,0.013373162
998536,0.011018641
998537,0.011090447
998538,0.01304924
998539,0.021407543
998540,0.01354047
998541,0.011120605
998542,0.013867905
998543,0.014332491
998544,0.011632583
998545,0.01857982
998546,0.011108398
998547,0.012268066
998548,0.017629772
998549,0.011971507
998550,0.029659377
998551,0.018095847
998552,0.016182216
998553,0.011741728
998554,0.027230078
998555,0.016336598
998556,0.011346077
998557,0.016536219
998558,0.010523804
998559,0.011443014
998560,0.022040155
998561,0.016426357
998562,0.039326746
998563,0.010964787
998564,0.021959012
998565,0.012701775
998566,0.013775276
998567,0.010601885
998568,0.01574707
998569,0.024010513
998570,0.013487333
998571,0.010820456
998572,0.012012437
998573,0.021657428
998574,0.010701976
998575,0.013992848
998576,0.013691262
998577,0.016326545
998578,0.010223079
998579,0.013374598
998580,0.012997203
998581,0.01114143
998582,0.012667703
998583,0.014211857
998584,0.015809076
998585,0.016096048
998586,0.013534726
998587,0.021587776
998588,0.016480928
998589,0.011139994
998590,0.013732192
998591,0.014051011
998592,0.010820456
998593,0.013750861
998594,0.01682057
998595,0.018669577
998596,0.015322575
998597,0.021063559
998598,0.011117015
998599,0.025884651
998600,0.015237248
998601,0.013837029
998602,0.017681526
998603,0.010403262
998604,0.011105526
998605,0.014583541
998606,0.020061178
998607,0.015034754
998608,0.011550006
998609,0.027613422
998610,0.011323099
998611,0.010197202
998612,0.011132812
998613,0.015803078
998614,0.010777373
998615,0.013489488
998616,0.010951861
998617,0.012633591
998618,0.021662453
998619,0.024110323
998620,0.016034294
998621,0.013519916
998622,0.013490206
998623,0.010791734
998624,0.016564941
998625,0.015869141
998626,0.013924632
998627,0.013802562
998628,0.013009105
998629,0.013576373
998630,0.013621611
998631,0.015866268
998632,0.011328125
998633,0.014075425
998634,0.01140783
998635,0.016095329
998636,0.021484375
998637,0.010861386
998638,0.022261316
998639,0.014489028
998640,0.014820772
998641,0.010627298
998642,0.017837346
998643,0.011695772
998644,0.016525447
998645,0.011332434
998646,0.016580021
998647,0.011086857
998648,0.010910214
998649,0.011499023
998650,0.013304946
998651,0.018034276
998652,0.014200368
998653,0.013177849
998654,0.018984379
998655,0.013568474
998656,0.013740809
998657,0.018404238
998658,0.021436984
998659,0.015280331
998660,0.011528464
998661,0.018839039
998662,0.023502145
998663,0.016314339
998664,0.012476304
998665,0.021845559
998666,0.013017003
998667,0.01408117
998668,0.011922679
998669,0.010850615
998670,0.013694853
998671,0.016373219
998672,0.013327206
998673,0.019094668
998674,0.013947611
998675,0.013890166
998676,0.01622458
998677,0.021542955
998678,0.01335162
998679,0.013651052
998680,0.019228946
998681,0.012648048
998682,0.011060288
998683,0.021044921
998684,0.013959818
998685,0.013523237
998686,0.012511489
998687,0.015785845
998688,0.011167997
998689,0.01138557
998690,0.018583409
998691,0.027194394
998692,0.021248134
998693,0.01095976
998694,0.011280015
998695,0.011165843
998696,0.011420037
998697,0.012362133
998698,0.019526392
998699,0.013669721
998700,0.012488511
998701,0.012619916
998702,0.011346795
998703,0.013853544
998704,0.013350184
998705,0.0056306957
998706,0.019061638
998707,0.029237276
998708,0.015973259
998709,0.01639476
998710,0.011387724
998711,0.010898007
998712,0.012633465
998713,0.014136461
998714,0.013505285
998715,0.010928883
998716,0.011629711
998717,0.011109835
998718,0.01112635
998719,0.012695313
998720,0.013576373
998721,0.011109835
998722,0.013763787
998723,0.014317412
998724,0.013410501
998725,0.020659113
998726,0.010397979
998727,0.011005715
998728,0.0050593186
998729,0.013423426
998730,0.015145845
998731,0.010670715
998732,0.017474724
998733,0.01623176
998734,0.02696605
998735,0.024032772
998736,0.013656078
998737,0.01245548
998738,0.016342742
998739,0.022847973
998740,0.011355411
998741,0.016090304
998742,0.018607106
998743,0.012583991
998744,0.018799547
998745,0.021472886
998746,0.012339872
998747,0.013763787
998748,0.013867187
998749,0.014867446
998750,0.010735916
998751,0.011063878
998752,0.010656021
998753,0.010744342
998754,0.011239803
998755,0.0109375
998756,0.011088293
998757,0.010824764
998758,0.013610122
998759,0.019806985
998760,0.015969669
998761,0.011022232
998762,0.01976103
998763,0.013606532
998764,0.013893038
998765,0.013535444
998766,0.018213747
998767,0.017634802
998768,0.0031839593
998769,0.016371783
998770,0.01105598
998771,0.011440142
998772,0.021824736
998773,0.01434757
998774,0.01083769
998775,0.010792452
998776,0.011075367
998777,0.010918112
998778,0.01148897
998779,0.012601246
998780,0.012074908
998781,0.010942526
998782,0.011259191
998783,0.016865809
998784,0.013941147
998785,0.010877901
998786,0.010335838
998787,0.014081888
998788,0.016692039
998789,0.011098346
998790,0.01639476
998791,0.020200696
998792,0.014935662
998793,0.011227597
998794,0.010853487
998795,0.011656997
998796,0.013553395
998797,0.016323673
998798,0.013534008
998799,0.011139994
998800,0.011203901
998801,0.011282887
998802,0.01020041
998803,0.011358283
998804,0.015973585
998805,0.013472972
998806,0.013834157
998807,0.013367417
998808,0.011960018
998809,0.015132578
998810,0.011613195
998811,0.011339614
998812,0.014005773
998813,0.014893718
998814,0.0188534
998815,0.011939913
998816,0.014740335
998817,0.011089729
998818,0.011109835
998819,0.010766601
998820,0.020366371
998821,0.015968233
998822,0.016383272
998823,0.013436351
998824,0.012344181
998825,0.02249839
998826,0.001561314
998827,0.016282026
998828,0.013683364
998829,0.0117446
998830,0.037512206
998831,0.013630227
998832,0.015309538
998833,0.011175178
998834,0.011015768
998835,0.011185949
998836,0.014079016
998837,0.01533983
998838,0.019441493
998839,0.011224724
998840,0.013926068
998841,0.011409266
998842,0.01358499
998843,0.010917394
998844,0.016934743
998845,0.020026712
998846,0.01113353
998847,0.016292796
998848,0.01639476
998849,0.011160817
998850,0.016656134
998851,0.016136259
998852,0.013651052
998853,0.011029412
998854,0.015582634
998855,0.02411535
998856,0.011282169
998857,0.0136848
998858,0.013299202
998859,0.010629452
998860,0.013122376
998861,0.016065171
998862,0.010895135
998863,0.014394962
998864,0.013619456
998865,0.015021044
998866,0.015340648
998867,0.013318589
998868,0.013532571
998869,0.011155791
998870,0.017830882
998871,0.013498104
998872,0.020253532
998873,0.013426298
998874,0.016801184
998875,0.011007152
998876,0.01160386
998877,0.015865549
998878,0.014550063
998879,0.013732192
998880,0.011098346
998881,0.01144876
998882,0.010294118
998883,0.013665413
998884,0.02242168
998885,0.013194364
998886,0.010971967
998887,0.013922478
998888,0.016704964
998889,0.012418266
998890,0.013335104
998891,0.011196001
998892,0.026022209
998893,0.010059544
998894,0.011690028
998895,0.011167997
998896,0.011523438
998897,0.023759192
998898,0.016379682
998899,0.010963351
998900,0.011144302
998901,0.016609462
998902,0.0099874781
998903,0.010200811
998904,0.013742963
998905,0.012685204
998906,0.016315775
998907,0.010082384
998908,0.011756808
998909,0.011111989
998910,0.013798254
998911,0.01586196
998912,0.01515054
998913,0.029175524
998914,0.013798254
998915,0.016590074
998916,0.011516257
998917,0.013763787
998918,0.014578068
998919,0.013860007
998920,0.018734202
998921,0.016636029
998922,0.013650334
998923,0.010868566
998924,0.013510311
998925,0.011451632
998926,0.010050759
998927,0.016406249
998928,0.011029412
998929,0.022662897
998930,0.018933823
998931,0.01171157
998932,0.010923857
998933,0.03141531
998934,0.016847139
998935,0.017443897
998936,0.011291504
998937,0.016181497
998938,0.01124842
998939,0.01110409
998940,0.016327264
998941,0.013639562
998942,0.016957721
998943,0.011422909
998944,0.0038304043
998945,0.013421272
998946,0.014487592
998947,0.016233915
998948,0.011203183
998949,0.014935936
998950,0.016204474
998951,0.017165959
998952,0.016236788
998953,0.010983456
998954,0.013407629
998955,0.017181037
998956,0.022970375
998957,0.010722082
998958,0.01114502
998959,0.011321662
998960,0.011288632
998961,0.014155848
998962,0.012495222
998963,0.013490206
998964,0.013644589
998965,0.015545296
998966,0.011193129
998967,0.011045209
998968,0.01380328
998969,0.013630945
998970,0.013331514
998971,0.02024213
998972,0.015008904
998973,0.019338092
998974,0.027235324
998975,0.012676276
998976,0.012649356
998977,0.013153185
998978,0.010638786
998979,0.024317125
998980,0.01301972
998981,0.010387789
998982,0.010763011
998983,0.011480354
998984,0.019175092
998985,0.011339614
998986,0.011200311
998987,0.02007113
998988,0.02625517
998989,0.015358556
998990,0.013628791
998991,0.013411937
998992,0.011206773
998993,0.013658232
998994,0.011029412
998995,0.013465074
998996,0.015349264
998997,0.013881548
998998,0.014310949
998999,0.016501753
999000,0.013376034
999001,0.011387724
999002,0.011006434
999003,0.025534324
999004,0.011184513
999005,0.010994945
999006,0.014402894
999007,0.014148667
999008,0.02556655
999009,0.010560518
999010,0.014372702
999011,0.010977712
999012,0.013094584
999013,0.011209645
999014,0.01117087
999015,0.014449107
999016,0.01171875
999017,0.016407574
999018,0.012879136
999019,0.013327206
999020,0.01127068
999021,0.016118309
999022,0.016269101
999023,0.011283605
999024,0.012775735
999025,0.013694853
999026,0.015912224
999027,0.014005055
999028,0.015092917
999029,0.013629509
999030,0.013349466
999031,0.013261862
999032,0.0032313806
999033,0.01157083
999034,0.013798972
999035,0.013813333
999036,0.010921703
999037,0.015304666
999038,0.010781681
999039,0.0105309
999040,0.015286793
999041,0.0092202621
999042,0.011546415
999043,0.016406249
999044,0.013815487
999045,0.011031566
999046,0.017662851
999047,0.01570848
999048,0.016345214
999049,0.01103013
999050,0.012280048
999051,0.013457174
999052,0.017881745
999053,0.010918831
999054,0.014685059
999055,0.013078039
999056,0.016529756
999057,0.01532126
999058,0.012552022
999059,0.011615349
999060,0.019073846
999061,0.011758244
999062,0.01639476
999063,0.01413287
999064,0.014007209
999065,0.011391315
999066,0.013648897
999067,0.018623622
999068,0.014545036
999069,0.011283605
999070,0.014300178
999071,0.017038144
999072,0.013967716
999073,0.010521024
999074,0.011175178
999075,0.011684283
999076,0.019355325
999077,0.016004136
999078,0.011006434
999079,0.011155791
999080,0.015460161
999081,0.010954733
999082,0.018478027
999083,0.015146703
999084,0.020361328
999085,0.012769273
999086,0.011162971
999087,0.01167423
999088,0.012754912
999089,0.013809742
999090,0.0022060303
999091,0.01082261
999092,0.015287285
999093,0.011170152
999094,0.011400649
999095,0.013211984
999096,0.013373162
999097,0.012281543
999098,0.011103372
999099,0.011455222
999100,0.011066033
999101,0.011561494
999102,0.011308019
999103,0.016596535
999104,0.0096345209
999105,0.0028396167
999106,0.014371285
999107,0.016142003
999108,0.010899443
999109,0.014142923
999110,0.023017064
999111,0.013878676
999112,0.016592946
999113,0.013712805
999114,0.011975477
999115,0.010665355
999116,0.015421841
999117,0.016155647
999118,0.019000603
999119,0.011006434
999120,0.01070054
999121,0.01102295
999122,0.013558421
999123,0.016888786
999124,0.023006566
999125,0.017225558
999126,0.01085995
999127,0.013211349
999128,0.015418818
999129,0.013601505
999130,0.015143501
999131,0.015015366
999132,0.016027113
999133,0.010971967
999134,0.016155647
999135,0.017673057
999136,0.018191349
999137,0.01643569
999138,0.016326545
999139,0.01113712
999140,0.016270537
999141,0.016429229
999142,0.013769532
999143,0.014912375
999144,0.01112635
999145,0.011351103
999146,0.002845441
999147,0.011231905
999148,0.013447122
999149,0.01105239
999150,0.013327206
999151,0.010577751
999152,0.01746851
999153,0.011033002
999154,0.011356129
999155,0.010892262
999156,0.011050235
999157,0.015970387
999158,0.016572122
999159,0.019060202
999160,0.011272835
999161,0.014208267
999162,0.016090304
999163,0.011169434
999164,0.010971967
999165,0.018569048
999166,0.012591911
999167,0.013212316
999168,0.010965505
999169,0.024681894
999170,0.018487908
999171,0.01075224
999172,0.011034438
999173,0.013823385
999174,0.01134105
999175,0.012043313
999176,0.012603461
999177,0.019112621
999178,0.022454416
999179,0.011323099
999180,0.018680349
999181,0.0260814
999182,0.018494371
999183,0.027695768
999184,0.013721421
999185,0.013414091
999186,0.011269244
999187,0.011398495
999188,0.010804659
999189,0.013656078
999190,0.027022058
999191,0.013524673
999192,0.011937759
999193,0.02365938
999194,0.015614229
999195,0.039028034
999196,0.013804716
999197,0.014566761
999198,0.015969669
999199,0.013457892
999200,0.01084487
999201,0.013752297
999202,0.013720703
999203,0.010829072
999204,0.014145795
999205,0.014553857
999206,0.020602807
999207,0.010372778
999208,0.0096065542
999209,0.011240521
999210,0.013903091
999211,0.011937041
999212,0.010164347
999213,0.013640998
999214,0.031471163
999215,0.013671875
999216,0.010827636
999217,0.010707002
999218,0.018043337
999219,0.015184111
999220,0.011382697
999221,0.016038602
999222,0.01361443
999223,0.035213694
999224,0.017380267
999225,0.016545555
999226,0.012069164
999227,0.020317527
999228,0.01618796
999229,0.013530417
999230,0.011064596
999231,0.015044409
999232,0.010757267
999233,0.016279871
999234,0.018945312
999235,0.011213954
999236,0.013781738
999237,0.011179486
999238,0.022394875
999239,0.011288632
999240,0.013579963
999241,0.012187577
999242,0.024379596
999243,0.015970387
999244,0.035241701
999245,0.011868106
999246,0.011402803
999247,0.015508557
999248,0.014829853
999249,0.011518411
999250,0.01637681
999251,0.016107537
999252,0.013148408
999253,0.010948989
999254,0.013158462
999255,0.011542825
999256,0.022702927
999257,0.011710851
999258,0.011293658
999259,0.010708767
999260,0.021886488
999261,0.013864315
999262,0.011697927
999263,0.013830567
999264,0.020082721
999265,0.0026083058
999266,0.010974912
999267,0.011202465
999268,0.015287511
999269,0.0088708038
999270,0.011509795
999271,0.015346923
999272,0.014579504
999273,0.013684082
999274,0.011199592
999275,0.01391458
999276,0.012771145
999277,0.035325963
999278,0.030748785
999279,0.013577091
999280,0.0099299541
999281,0.011314481
999282,0.013776551
999283,0.019441351
999284,0.012927521
999285,0.011387724
999286,0.011113425
999287,0.011293658
999288,0.016103946
999289,0.020327888
999290,0.0047189794
999291,0.011237649
999292,0.010687615
999293,0.01102295
999294,0.014150822
999295,0.010877901
999296,0.010969813
999297,0.012097168
999298,0.024427706
999299,0.011285041
999300,0.011150046
999301,0.011136402
999302,0.013536162
999303,0.011269244
999304,0.013669003
999305,0.010690487
999306,0.014697266
999307,0.023122303
999308,0.011132812
999309,0.010205796
999310,0.013964126
999311,0.011053826
999312,0.018748565
999313,0.026530905
999314,0.013571346
999315,0.011616067
999316,0.012380717
999317,0.010148757
999318,0.015965361
999319,0.024485437
999320,0.013151281
999321,0.033074591
999322,0.011005715
999323,0.011013614
999324,0.011156509
999325,0.026539521
999326,0.024105296
999327,0.010964787
999328,0.01585478
999329,0.011045927
999330,0.014997423
999331,0.013579963
999332,0.013035681
999333,0.013901655
999334,0.012861903
999335,0.013311408
999336,0.013767377
999337,0.02155992
999338,0.0099852579
999339,0.019910386
999340,0.013512465
999341,0.018687529
999342,0.021164611
999343,0.013800408
999344,0.010891544
999345,0.016153492
999346,0.016599407
999347,0.012717572
999348,0.010884363
999349,0.011327407
999350,0.014021571
999351,0.010953297
999352,0.01264433
999353,0.013801126
999354,0.013602941
999355,0.016192269
999356,0.0098825945
999357,0.011252728
999358,0.014266429
999359,0.012141688
999360,0.010981302
999361,0.013700597
999362,0.021446317
999363,0.011503331
999364,0.017631261
999365,0.011012178
999366,0.010830509
999367,0.011747472
999368,0.011529182
999369,0.022513418
999370,0.021665325
999371,0.013608363
999372,0.019203814
999373,0.013189338
999374,0.013546214
999375,0.026711857
999376,0.011098346
999377,0.013650334
999378,0.026108194
999379,0.012181181
999380,0.010870002
999381,0.021857766
999382,0.015925867
999383,0.011017923
999384,0.013788919
999385,0.021474322
999386,0.013631663
999387,0.012502024
999388,0.011590935
999389,0.012980796
999390,0.024987061
999391,0.014519187
999392,0.011025104
999393,0.012465533
999394,0.018718405
999395,0.011106244
999396,0.013212316
999397,0.010994227
999398,0.0098988889
999399,0.01081543
999400,0.018759334
999401,0.010960478
999402,0.013131893
999403,0.015984748
999404,0.012111529
999405,0.011257037
999406,0.015028279
999407,0.016142003
999408,0.010421215
999409,0.013486615
999410,0.018841911
999411,0.016696347
999412,0.011272117
999413,0.016220272
999414,0.011456658
999415,0.012259349
999416,0.011122041
999417,0.013801844
999418,0.010579905
999419,0.012258732
999420,0.016475184
999421,0.010816148
999422,0.013861443
999423,0.011112707
999424,0.011362592
999425,0.01399572
999426,0.010818302
999427,0.012178309
999428,0.013641717
999429,0.010676126
999430,0.013340131
999431,0.016192986
999432,0.021668199
999433,0.022144273
999434,0.019519761
999435,0.010876465
999436,0.025942096
999437,0.037517235
999438,0.013586426
999439,0.011772909
999440,0.013755888
999441,0.0023256561
999442,0.013901655
999443,0.011277861
999444,0.012063419
999445,0.011089011
999446,0.010994227
999447,0.010979866
999448,0.013456456
999449,0.010419395
999450,0.013397576
999451,0.011531336
999452,0.0021955681
999453,0.010926011
999454,0.010976993
999455,0.012050494
999456,0.013546932
999457,0.021222282
999458,0.012658232
999459,0.02320772
999460,0.029380171
999461,0.01639476
999462,0.022322878
999463,0.010915958
999464,0.01970502
999465,0.015021036
999466,0.014422966
999467,0.016050091
999468,0.011826459
999469,0.016350958
999470,0.01113353
999471,0.010987764
999472,0.018540327
999473,0.01377743
999474,0.011397059
999475,0.013411219
999476,0.018831858
999477,0.014090504
999478,0.011277143
999479,0.017973492
999480,0.015994802
999481,0.012013155
999482,0.011064596
999483,0.011404958
999484,0.011169434
999485,0.013788919
999486,0.016022805
999487,0.012591911
999488,0.019945571
999489,0.013789637
999490,0.010702694
999491,0.01372932
999492,0.014051011
999493,0.014020135
999494,0.023925781
999495,0.011118899
999496,0.013380342
999497,0.011380543
999498,0.011286478
999499,0.025257066
999500,0.027010569
999501,0.023828125
999502,0.020883547
999503,0.017415689
999504,0.010865694
999505,0.013388241
999506,0.010587804
999507,0.016256893
999508,0.014935662
999509,0.012120864
999510,0.011045209
999511,0.015891401
999512,0.014368667
999513,0.011256319
999514,0.025896732
999515,0.021202177
999516,0.013560575
999517,0.013521083
999518,0.011057416
999519,0.010788144
999520,0.016661162
999521,0.021255314
999522,0.01609892
999523,0.010740033
999524,0.011496869
999525,0.018979779
999526,0.011048799
999527,0.011321419
999528,0.023955939
999529,0.011527746
999530,0.016376091
999531,0.01370706
999532,0.015693935
999533,0.0035177451
999534,0.01572481
999535,0.011098346
999536,0.014851648
999537,0.016061582
999538,0.029400993
999539,0.02030101
999540,0.01105239
999541,0.0036459209
999542,0.016799029
999543,0.014091941
999544,0.011089729
999545,0.010765165
999546,0.011828613
999547,0.02153033
999548,0.011188449
999549,0.010941808
999550,0.014942124
999551,0.011038747
999552,0.011147892
999553,0.011050235
999554,0.01159668
999555,0.013676901
999556,0.019117648
999557,0.012278837
999558,0.013802562
999559,0.013897346
999560,0.011175896
999561,0.020559454
999562,0.013895192
999563,0.010675408
999564,0.011567958
999565,0.014016544
999566,0.0109892
999567,0.021740723
999568,0.011207491
999569,0.01660659
999570,0.011162971
999571,0.013518928
999572,0.01361802
999573,0.01087072
999574,0.016306439
999575,0.021199305
999576,0.010081622
999577,0.010717056
999578,0.013535444
999579,0.011225442
999580,0.003254011
999581,0.011089011
999582,0.01304788
999583,0.011339614
999584,0.01631362
999585,0.016578585
999586,0.010948989
999587,0.01640266
999588,0.019084616
999589,0.013465074
999590,0.011086857
999591,0.028698731
999592,0.011239085
999593,0.010043414
999594,0.011040901
999595,0.016189396
999596,0.010022955
999597,0.017773438
999598,0.022463497
999599,0.01127068
999600,0.015446265
999601,0.011013614
999602,0.021380974
999603,0.013340131
999604,0.031340506
999605,0.010762293
999606,0.010868566
999607,0.01334444
999608,0.012476028
999609,0.013060087
999610,0.013829849
999611,0.013454302
999612,0.010939654
999613,0.013009162
999614,0.01523653
999615,0.016154211
999616,0.016181497
999617,0.0014733039
999618,0.011122759
999619,0.013593607
999620,0.013335822
999621,0.018612131
999622,0.019569308
999623,0.013936121
999624,0.013602941
999625,0.019180119
999626,0.013715677
999627,0.024095962
999628,0.020235667
999629,0.011068905
999630,0.011031566
999631,0.013401885
999632,0.013833439
999633,0.010914522
999634,0.01451416
999635,0.0024627303
999636,0.011091165
999637,0.016119745
999638,0.01504337
999639,0.013824822
999640,0.012007411
999641,0.018999433
999642,0.010914522
999643,0.026736271
999644,0.021383129
999645,0.01476979
999646,0.010719928
999647,0.011029412
999648,0.01194853
999649,0.016029986
999650,0.024241729
999651,0.016111126
999652,0.01722802
999653,0.024192182
999654,0.013931095
999655,0.016149903
999656,0.0019552805
999657,0.012581141
999658,0.025205046
999659,0.0018260027
999660,0.013530417
999661,0.02234892
999662,0.011066033
999663,0.013809742
999664,0.010936064
999665,0.011027258
999666,0.012528004
999667,0.01361802
999668,0.013897346
999669,0.011206773
999670,0.01540871
999671,0.011443014
999672,0.012477022
999673,0.013087373
999674,0.032411106
999675,0.017696604
999676,0.012375144
999677,0.015330286
999678,0.01075583
999679,0.013712087
999680,0.010923857
999681,0.0099659637
999682,0.011066033
999683,0.013783893
999684,0.010537961
999685,0.013450712
999686,0.01060432
999687,0.010857795
999688,0.011227597
999689,0.010023003
999690,0.013657514
999691,0.010372927
999692,0.013426298
999693,0.01630285
999694,0.010939654
999695,0.010642667
999696,0.0099034524
999697,0.038732193
999698,0.011351103
999699,0.013524673
999700,0.011006434
999701,0.013913143
999702,0.018189196
999703,0.018073114
999704,0.0202571
999705,0.016015625
999706,0.011646226
999707,0.010976275
999708,0.011206773
999709,0.012093578
999710,0.011361874
999711,0.014178107
999712,0.039131433
999713,0.020702763
999714,0.016055118
999715,0.013435633
999716,0.018550379
999717,0.010966941
999718,0.01636963
999719,0.016371783
999720,0.015093194
999721,0.019281365
999722,0.011249138
999723,0.018891457
999724,0.011279297
999725,0.010954733
999726,0.019140625
999727,0.012530671
999728,0.025136432
999729,0.013628791
999730,0.02068462
999731,0.013766659
999732,0.010938936
999733,0.011291504
999734,0.014282945
999735,0.015907198
999736,0.011294376
999737,0.013261862
999738,0.010755112
999739,0.011753217
999740,0.015990492
999741,0.011998794
999742,0.011086857
999743,0.024591424
999744,0.011201747
999745,0.016391171
999746,0.013694063
999747,0.012143842
999748,0.01890151
999749,0.018798383
999750,0.010140754
999751,0.010791016
999752,0.010903751
999753,0.016338753
999754,0.010717774
999755,0.011330998
999756,0.011219698
999757,0.011121323
999758,0.020478372
999759,0.034348909
999760,0.013308536
999761,0.011054544
999762,0.0082055461
999763,0.016949821
999764,0.013747271
999765,0.016475184
999766,0.013361673
999767,0.010457859
999768,0.012491384
999769,0.015248252
999770,0.010196603
999771,0.014079016
999772,0.01349954
999773,0.019603221
999774,0.01137049
999775,0.010772346
999776,0.021495864
999777,0.015562416
999778,0.016084559
999779,0.011239803
999780,0.01398854
999781,0.019024896
999782,0.012400189
999783,0.028517062
999784,0.010945398
999785,0.011216108
999786,0.013516055
999787,0.011155791
999788,0.01391817
999789,0.010070359
999790,0.024532542
999791,0.022157917
999792,0.013177849
999793,0.030200195
999794,0.013620174
999795,0.013363109
999796,0.015577813
999797,0.011295812
999798,0.010278792
999799,0.013446404
999800,0.013401167
999801,0.013153436
999802,0.010825482
999803,0.012497449
999804,0.016636029
999805,0.011186667
999806,0.016452206
999807,0.0099477321
999808,0.01221852
999809,0.015414609
999810,0.012077062
999811,0.010922421
999812,0.01122616
999813,0.013396139
999814,0.012764246
999815,0.012558338
999816,0.018781595
999817,0.011111989
999818,0.011124196
999819,0.010853487
999820,0.021138545
999821,0.013041402
999822,0.011017923
999823,0.011008588
999824,0.018910846
999825,0.016247559
999826,0.012691004
999827,0.017230583
999828,0.013982077
999829,0.012179783
999830,0.0034198842
999831,0.018832577
999832,0.010982738
999833,0.011114143
999834,0.013606532
999835,0.016353114
999836,0.012527286
999837,0.010946834
999838,0.011091165
999839,0.012669977
999840,0.029439051
999841,0.034552362
999842,0.010880055
999843,0.011216108
999844,0.013338695
999845,0.010979866
999846,0.011349667
999847,0.017653521
999848,0.018864891
999849,0.010879337
999850,0.010701976
999851,0.016396197
999852,0.010943244
999853,0.01472527
999854,0.011061724
999855,0.013979205
999856,0.018788056
999857,0.0034833839
999858,0.01602855
999859,0.022605255
999860,0.011286478
999861,0.010882927
999862,0.016153492
999863,0.010746496
999864,0.013763068
999865,0.013306382
999866,0.029000316
999867,0.018791648
999868,0.011819997
999869,0.018709788
999870,0.010350851
999871,0.012512749
999872,0.012258732
999873,0.013568474
999874,0.0090730982
999875,0.013376034
999876,0.011083267
999877,0.01125201
999878,0.010799632
999879,0.011091165
999880,0.0082859332
999881,0.010959042
999882,0.016303567
999883,0.011068187
999884,0.017003676
999885,0.023386158
999886,0.020557359
999887,0.012952256
999888,0.01484375
999889,0.013577809
999890,0.018340705
999891,0.011274271
999892,0.0214973
999893,0.015892118
999894,0.011735265
999895,0.01101146
999896,0.01373291
999897,0.034570314
999898,0.014809966
999899,0.0085795997
999900,0.021617217
999901,0.0113669
999902,0.021564798
999903,0.0022032522
999904,0.013407629
999905,0.01080035
999906,0.010734289
999907,0.013143945
999908,0.011090447
999909,0.013106762
999910,0.021443445
999911,0.011155791
999912,0.016292796
999913,0.011730957
999914,0.013361673
999915,0.011454504
999916,0.016877297
999917,0.018832577
999918,0.010781681
999919,0.011121323
999920,0.010793888
999921,0.017326804
999922,0.022734644
999923,0.01815008
999924,0.010505227
999925,0.010987046
999926,0.016046183
999927,0.014633358
999928,0.015192728
999929,0.018164063
999930,0.013704188
999931,0.011492561
999932,0.01403665
999933,0.021284036
999934,0.010650275
999935,0.014200368
999936,0.011021513
999937,0.018795956
999938,0.012358542
999939,0.016116153
999940,0.012777889
999941,0.010957606
999942,0.011183077
999943,0.016446462
999944,0.011455222
999945,0.022060977
999946,0.011845129
999947,0.02390427
999948,0.010984892
999949,0.011379483
999950,0.014065749
999951,0.01874282
999952,0.01103013
999953,0.011180922
999954,0.0188534
999955,0.021297976
999956,0.013577091
999957,0.016654698
999958,0.020285156
999959,0.014545036
999960,0.013786765
999961,0.018682502
999962,0.022234216
999963,0.018369451
999964,0.013637408
999965,0.013444968
999966,0.018834013
999967,0.011079676
999968,0.011464557
999969,0.017773438
999970,0.018961109
999971,0.011432244
999972,0.012940615
999973,0.019718794
999974,0.012606273
999975,0.012561035
999976,0.011663459
999977,0.01849078
999978,0.010966223
999979,0.016222427
999980,0.013970588
999981,0.016895125
999982,0.0097339097
999983,0.01526597
999984,0.01070772
999985,0.0135814
999986,0.012501716
999987,0.011009306
999988,0.009796543
999989,0.01882037
999990,0.014211857
999991,0.017745035
999992,0.017220531
999993,0.01202249
999994,0.010688333
999995,0.013683364
999996,0.012186859
999997,0.011261212
999998,0.022162225
999999,0.01385139
