LECROYHDO6104B,11090,Waveform
Segments,1,SegmentSize,4645
Segment,TrigTime,TimeSinceSegment1
#1,04-May-2026 18:21:05,0                 
Time,Ampl
995355,0.021279728
995356,0.012907302
995357,0.010640941
995358,0.025745334
995359,0.013596479
995360,0.014944909
995361,0.010367683
995362,0.022425035
995363,0.011328125
995364,0.013832721
995365,0.013913143
995366,0.015889246
995367,0.016463695
995368,0.011233341
995369,0.010875747
995370,0.0227511
995371,0.012585449
995372,0.01381046
995373,0.016136978
995374,0.017858887
995375,0.025415512
995376,0.010935346
995377,0.016057273
995378,0.011336742
995379,0.011046645
995380,0.010955451
995381,0.010811121
995382,0.022047335
995383,0.011899701
995384,0.01366254
995385,0.013617302
995386,0.020990349
995387,0.016773896
995388,0.020707434
995389,0.01086354
995390,0.013569192
995391,0.011905446
995392,0.012760523
995393,0.012940519
995394,0.013587144
995395,0.011070341
995396,0.012236129
995397,0.010293417
995398,0.011076803
995399,0.010835536
995400,0.011550724
995401,0.012209521
995402,0.012087833
995403,0.011001407
995404,0.016416302
995405,0.012500718
995406,0.012847659
995407,0.011417164
995408,0.011236931
995409,0.019189453
995410,0.012462015
995411,0.024235265
995412,0.010925293
995413,0.018867763
995414,0.020914953
995415,0.02434082
995416,0.015040985
995417,0.01377384
995418,0.015900018
995419,0.011189539
995420,0.017547967
995421,0.0150326
995422,0.011719468
995423,0.013869341
995424,0.012799997
995425,0.01283318
995426,0.013760914
995427,0.012332544
995428,0.016210938
995429,0.011382697
995430,0.01094109
995431,0.011075367
995432,0.011175178
995433,0.013676901
995434,0.015752098
995435,0.016399069
995436,0.010951861
995437,0.01313614
995438,0.01342558
995439,0.013798254
995440,0.0017621694
995441,0.018668141
995442,0.01089298
995443,0.010761575
995444,0.020484835
995445,0.013419836
995446,0.01097843
995447,0.012873115
995448,0.013702752
995449,0.015980439
995450,0.021309169
995451,0.016536219
995452,0.013653924
995453,0.023956658
995454,0.02787655
995455,0.010961196
995456,0.011170152
995457,0.01137049
995458,0.011495433
995459,0.016084559
995460,0.01237088
995461,0.012017463
995462,0.012965517
995463,0.013926068
995464,0.014002901
995465,0.011195283
995466,0.018377326
995467,0.021740723
995468,0.021805348
995469,0.012805894
995470,0.014023007
995471,0.011098346
995472,0.016293515
995473,0.011003561
995474,0.018681066
995475,0.011251292
995476,0.010175359
995477,0.0111522
995478,0.014016544
995479,0.016797593
995480,0.013396139
995481,0.018910846
995482,0.015872013
995483,0.017155187
995484,0.0237635
995485,0.01154229
995486,0.018538171
995487,0.017373478
995488,0.010801787
995489,0.011064596
995490,0.013059369
995491,0.013138982
995492,0.015387322
995493,0.016613051
995494,0.011160099
995495,0.016371783
995496,0.0025222125
995497,0.033570774
995498,0.010961914
995499,0.014594279
995500,0.020936253
995501,0.013924632
995502,0.011280015
995503,0.010994945
995504,0.011290872
995505,0.015405684
995506,0.013320743
995507,0.026580451
995508,0.014597926
995509,0.013812615
995510,0.013629509
995511,0.01697639
995512,0.016647186
995513,0.010983456
995514,0.012556009
995515,0.016532628
995516,0.011388442
995517,0.011560776
995518,0.010955451
995519,0.011371208
995520,0.010440646
995521,0.01639476
995522,0.016567096
995523,0.016001264
995524,0.011616067
995525,0.011527028
995526,0.013720703
995527,0.017394248
995528,0.012818819
995529,0.019030044
995530,0.013913143
995531,0.018996295
995532,0.016203038
995533,0.011869027
995534,0.018755026
995535,0.018915871
995536,0.012438002
995537,0.011420037
995538,0.01662454
995539,0.0083778678
995540,0.011069623
995541,0.021937471
995542,0.015016085
995543,0.010080842
995544,0.012756348
995545,0.015274107
995546,0.015917968
995547,0.011286478
995548,0.019080307
995549,0.013651052
995550,0.026383704
995551,0.011285041
995552,0.014950438
995553,0.012215648
995554,0.012806612
995555,0.011025822
995556,0.015693935
995557,0.016237507
995558,0.016259765
995559,0.016254021
995560,0.018793084
995561,0.013558421
995562,0.014679685
995563,0.012408088
995564,0.02035713
995565,0.010859231
995566,0.011075367
995567,0.039303768
995568,0.018405331
995569,0.011550102
995570,0.019086052
995571,0.015299524
995572,0.013788919
995573,0.026842544
995574,0.013742245
995575,0.015992647
995576,0.020440884
995577,0.018798109
995578,0.0070966994
995579,0.029334214
995580,0.01113712
995581,0.012879136
995582,0.023794375
995583,0.010951143
995584,0.010930319
995585,0.01319987
995586,0.013875804
995587,0.010279885
995588,0.015866268
995589,0.016207347
995590,0.010950425
995591,0.011283605
995592,0.014430147
995593,0.0087455437
995594,0.011934169
995595,0.017268602
995596,0.014763327
995597,0.011510666
995598,0.011090447
995599,0.013854262
995600,0.010899443
995601,0.012050494
995602,0.018807445
995603,0.011130658
995604,0.021794578
995605,0.016307876
995606,0.014797794
995607,0.012550265
995608,0.011040901
995609,0.012746295
995610,0.012580423
995611,0.013936839
995612,0.010908778
995613,0.019132726
995614,0.012398753
995615,0.013725012
995616,0.010354315
995617,0.018922335
995618,0.01377743
995619,0.018823242
995620,0.018002231
995621,0.01087072
995622,0.018802419
995623,0.011259191
995624,0.024908088
995625,0.012725471
995626,0.038102858
995627,0.011070341
995628,0.018716969
995629,0.020151205
995630,0.0028470808
995631,0.013227396
995632,0.014223346
995633,0.0048100767
995634,0.017567741
995635,0.019060202
995636,0.013623765
995637,0.021220129
995638,0.01339623
995639,0.021840533
995640,0.011523438
995641,0.013816923
995642,0.018619314
995643,0.010647229
995644,0.018711224
995645,0.015821749
995646,0.010683306
995647,0.018887868
995648,0.031668629
995649,0.011897547
995650,0.020619124
995651,0.013660386
995652,0.013955509
995653,0.013664695
995654,0.015787901
995655,0.020414013
995656,0.017976731
995657,0.015999828
995658,0.012902114
995659,0.010846307
995660,0.0088846665
995661,0.015919404
995662,0.01628059
995663,0.016587919
995664,0.010907342
995665,0.013818359
995666,0.012408088
995667,0.016373938
995668,0.013570628
995669,0.01780216
995670,0.010791734
995671,0.010927447
995672,0.011615349
995673,0.019093232
995674,0.018789493
995675,0.0086563565
995676,0.013798254
995677,0.017371323
995678,0.010857077
995679,0.016308594
995680,0.010662483
995681,0.011498335
995682,0.01645436
995683,0.013731474
995684,0.0028762054
995685,0.011144302
995686,0.015116613
995687,0.012973202
995688,0.021714155
995689,0.010948989
995690,0.01094468
995691,0.01579877
995692,0.013695571
995693,0.010326007
995694,0.015755687
995695,0.011058134
995696,0.013143382
995697,0.011136402
995698,0.015900735
995699,0.016788732
995700,0.011147174
995701,0.021554746
995702,0.016064454
995703,0.011523438
995704,0.011114143
995705,0.013361673
995706,0.0059407279
995707,0.010086874
995708,0.022789983
995709,0.013235294
995710,0.010021418
995711,0.012327665
995712,0.019554228
995713,0.013292739
995714,0.016182933
995715,0.018405331
995716,0.013800408
995717,0.016638901
995718,0.013481589
995719,0.01926844
995720,0.01113353
995721,0.015940228
995722,0.011074649
995723,0.010975557
995724,0.013285559
995725,0.011639123
995726,0.017675459
995727,0.018206539
995728,0.014168055
995729,0.011091165
995730,0.023713235
995731,0.01642492
995732,0.011351821
995733,0.013545496
995734,0.012675925
995735,0.013727166
995736,0.012353515
995737,0.011139994
995738,0.015406709
995739,0.015901454
995740,0.013248219
995741,0.013323615
995742,0.011057416
995743,0.021594957
995744,0.0024910152
995745,0.021638758
995746,0.0125
995747,0.020727774
995748,0.011285041
995749,0.022506416
995750,0.020453835
995751,0.010997099
995752,0.017248536
995753,0.017698556
995754,0.01345502
995755,0.01107824
995756,0.018915871
995757,0.013388959
995758,0.019048713
995759,0.018772978
995760,0.017525706
995761,0.011201747
995762,0.011313763
995763,0.035030589
995764,0.019358916
995765,0.021779498
995766,0.016119745
995767,0.016004855
995768,0.013931813
995769,0.0091185309
995770,0.035769474
995771,0.014029469
995772,0.014590993
995773,0.015627872
995774,0.010656739
995775,0.011789838
995776,0.017577648
995777,0.014028751
995778,0.012778662
995779,0.013681928
995780,0.011165843
995781,0.011203901
995782,0.011188821
995783,0.010425364
995784,0.016333725
995785,0.011259191
995786,0.01379969
995787,0.010899443
995788,0.018116008
995789,0.011208209
995790,0.011417164
995791,0.010987046
995792,0.010884636
995793,0.013625201
995794,0.011067469
995795,0.016269818
995796,0.011540472
995797,0.01110409
995798,0.011242676
995799,0.021335019
995800,0.011060288
995801,0.013396139
995802,0.012260168
995803,0.014977448
995804,0.011115579
995805,0.012270939
995806,0.01384421
995807,0.015518389
995808,0.013752297
995809,0.0070529273
995810,0.018637264
995811,0.011080394
995812,0.011269962
995813,0.012976793
995814,0.014690085
995815,0.013791073
995816,0.012888066
995817,0.013707778
995818,0.01484375
995819,0.01594382
995820,0.025523577
995821,0.010694795
995822,0.010868566
995823,0.01098202
995824,0.011403522
995825,0.013747271
995826,0.010774501
995827,0.012409524
995828,0.011221852
995829,0.02404426
995830,0.024180694
995831,0.030155055
995832,0.014348288
995833,0.011234777
995834,0.011516257
995835,0.013107297
995836,0.016340906
995837,0.011027976
995838,0.010948989
995839,0.018977625
995840,0.016085276
995841,0.019504664
995842,0.022881212
995843,0.010579187
995844,0.012293198
995845,0.019786162
995846,0.021159811
995847,0.013487333
995848,0.013821231
995849,0.014109174
995850,0.012119577
995851,0.015903607
995852,0.013532571
995853,0.01272619
995854,0.011086857
995855,0.011956881
995856,0.013595043
995857,0.016029986
995858,0.012563189
995859,0.0033137801
995860,0.01129653
995861,0.016796876
995862,0.016183652
995863,0.016602999
995864,0.011063878
995865,0.010949707
995866,0.020942239
995867,0.011781221
995868,0.016000547
995869,0.011045927
995870,0.015677419
995871,0.012125828
995872,0.019636804
995873,0.017892225
995874,0.012332608
995875,0.018469956
995876,0.012489947
995877,0.021732107
995878,0.01481431
995879,0.011429371
995880,0.011309455
995881,0.018991269
995882,0.013488051
995883,0.014751839
995884,0.024719957
995885,0.010741469
995886,0.019825654
995887,0.013508157
995888,0.016023524
995889,0.015678706
995890,0.013560575
995891,0.015889246
995892,0.011156509
995893,0.016074507
995894,0.011359002
995895,0.0020337068
995896,0.013890166
995897,0.012159639
995898,0.01898337
995899,0.013637408
995900,0.014194624
995901,0.022119859
995902,0.010839126
995903,0.011264218
995904,0.039636947
995905,0.025786163
995906,0.011429371
995907,0.012867647
995908,0.01133028
995909,0.011163689
995910,0.03203484
995911,0.011565803
995912,0.011432962
995913,0.010993509
995914,0.01294807
995915,0.021233054
995916,0.023288144
995917,0.020123471
995918,0.013528263
995919,0.012683824
995920,0.020177504
995921,0.016411277
995922,0.011221852
995923,0.011124914
995924,0.01610969
995925,0.014288689
995926,0.013445686
995927,0.011020795
995928,0.013717831
995929,0.013722139
995930,0.0138011
995931,0.011106962
995932,0.021656709
995933,0.010923139
995934,0.010950425
995935,0.013480153
995936,0.0026913038
995937,0.013355928
995938,0.011136402
995939,0.019152114
995940,0.016481647
995941,0.019401999
995942,0.014952177
995943,0.022150734
995944,0.021476476
995945,0.013607968
995946,0.016107537
995947,0.011213236
995948,0.015220731
995949,0.01354406
995950,0.011163689
995951,0.016742302
995952,0.0032599194
995953,0.016248995
995954,0.016497912
995955,0.013811179
995956,0.014013672
995957,0.0028905056
995958,0.011359002
995959,0.01110409
995960,0.019041533
995961,0.010894416
995962,0.017499857
995963,0.016079532
995964,0.013588921
995965,0.019189453
995966,0.012430348
995967,0.013461484
995968,0.011523438
995969,0.015774356
995970,0.022002814
995971,0.011493997
995972,0.014275046
995973,0.034742646
995974,0.023943014
995975,0.014556525
995976,0.018803136
995977,0.013661822
995978,0.012905704
995979,0.011307301
995980,0.011025104
995981,0.010854923
995982,0.013706342
995983,0.011530618
995984,0.013067288
995985,0.011160099
995986,0.013505285
995987,0.015626436
995988,0.013784611
995989,0.013687672
995990,0.011753217
995991,0.016228888
995992,0.014430865
995993,0.016793285
995994,0.016314339
995995,0.027481617
995996,0.011110553
995997,0.011362592
995998,0.011114143
995999,0.030315146
996000,0.013768814
996001,0.013979205
996002,0.014748966
996003,0.016159955
996004,0.021401079
996005,0.01474035
996006,0.017589614
996007,0.011068187
996008,0.025183149
996009,0.013374598
996010,0.011178768
996011,0.011606732
996012,0.010987046
996013,0.011063878
996014,0.018359374
996015,0.010812557
996016,0.013886576
996017,0.01794902
996018,0.013913143
996019,0.011055262
996020,0.017364861
996021,0.01865378
996022,0.017443435
996023,0.014042394
996024,0.01152631
996025,0.012135943
996026,0.013568474
996027,0.012284582
996028,0.020225614
996029,0.031051815
996030,0.020347854
996031,0.021444881
996032,0.012091544
996033,0.011194565
996034,0.016618796
996035,0.013568474
996036,0.010612937
996037,0.013710651
996038,0.015851907
996039,0.027652029
996040,0.011707979
996041,0.012906056
996042,0.02271485
996043,0.011402085
996044,0.011035874
996045,0.013494514
996046,0.018999645
996047,0.011906164
996048,0.013314281
996049,0.011860208
996050,0.016932588
996051,0.016549144
996052,0.013439223
996053,0.02402631
996054,0.014161592
996055,0.018480629
996056,0.011457376
996057,0.010850615
996058,0.011511949
996059,0.015189137
996060,0.01377025
996061,0.013595761
996062,0.0132554
996063,0.013508157
996064,0.011076085
996065,0.023181684
996066,0.014180262
996067,0.02999483
996068,0.01088939
996069,0.013924632
996070,0.011070341
996071,0.016051527
996072,0.013870778
996073,0.011123477
996074,0.024871752
996075,0.011661305
996076,0.013508875
996077,0.0095753809
996078,0.011806011
996079,0.018626494
996080,0.016144158
996081,0.017145135
996082,0.010844152
996083,0.01368839
996084,0.011617503
996085,0.010270602
996086,0.013855699
996087,0.011008588
996088,0.010958324
996089,0.013596479
996090,0.013502412
996091,0.013694853
996092,0.011545697
996093,0.010381678
996094,0.013696289
996095,0.011262064
996096,0.012096808
996097,0.013809024
996098,0.011317354
996099,0.016564224
996100,0.019360352
996101,0.013859289
996102,0.020845402
996103,0.011345359
996104,0.01283318
996105,0.013972024
996106,0.023369284
996107,0.010317186
996108,0.013627355
996109,0.013928941
996110,0.014070399
996111,0.011856617
996112,0.011286979
996113,0.019145651
996114,0.013833439
996115,0.011562212
996116,0.011282887
996117,0.01517693
996118,0.018386662
996119,0.015188419
996120,0.010916676
996121,0.018778723
996122,0.013744399
996123,0.013995002
996124,0.013890166
996125,0.019755285
996126,0.011208927
996127,0.015311508
996128,0.013855699
996129,0.018285755
996130,0.011033002
996131,0.015004596
996132,0.016157083
996133,0.013760196
996134,0.013381778
996135,0.025017234
996136,0.013748707
996137,0.013775276
996138,0.013939711
996139,0.014059627
996140,0.01124483
996141,0.011006434
996142,0.016353114
996143,0.013490206
996144,0.026593689
996145,0.011313045
996146,0.025562979
996147,0.010915958
996148,0.013823385
996149,0.011664177
996150,0.010128964
996151,0.021728231
996152,0.013710651
996153,0.01230397
996154,0.021121755
996155,0.013530417
996156,0.016521139
996157,0.025448069
996158,0.01335521
996159,0.016133387
996160,0.015359721
996161,0.012803886
996162,0.016024241
996163,0.011020077
996164,0.011089011
996165,0.024141917
996166,0.015296995
996167,0.011247702
996168,0.01112635
996169,0.015973259
996170,0.013653206
996171,0.028550619
996172,0.014085398
996173,0.011661305
996174,0.013358083
996175,0.012594784
996176,0.011017923
996177,0.012660845
996178,0.011083985
996179,0.016254021
996180,0.013752297
996181,0.01607307
996182,0.014361213
996183,0.011519847
996184,0.016314339
996185,0.013648897
996186,0.016374655
996187,0.014878217
996188,0.022256291
996189,0.015150362
996190,0.016629567
996191,0.01349954
996192,0.013741527
996193,0.010868566
996194,0.015235781
996195,0.031526454
996196,0.015584788
996197,0.013519647
996198,0.011061724
996199,0.010987046
996200,0.013694853
996201,0.0021932682
996202,0.020463211
996203,0.012885598
996204,0.011348949
996205,0.010935346
996206,0.018788775
996207,0.014254223
996208,0.011666331
996209,0.011860926
996210,0.014746045
996211,0.01221852
996212,0.027038371
996213,0.014763327
996214,0.026552448
996215,0.022011431
996216,0.016062299
996217,0.010888672
996218,0.012977511
996219,0.021521714
996220,0.018623622
996221,0.013779584
996222,0.021897977
996223,0.017365579
996224,0.014028033
996225,0.018068254
996226,0.011259191
996227,0.016050091
996228,0.016317211
996229,0.011465993
996230,0.011155791
996231,0.013905245
996232,0.013354492
996233,0.01361443
996234,0.011091165
996235,0.0084631778
996236,0.021591365
996237,0.013834875
996238,0.011236931
996239,0.017970631
996240,0.012017463
996241,0.015845444
996242,0.010992073
996243,0.014883962
996244,0.016440718
996245,0.010768037
996246,0.013924632
996247,0.011312327
996248,0.014187442
996249,0.010999253
996250,0.01128576
996251,0.020224364
996252,0.011004997
996253,0.015338955
996254,0.017058967
996255,0.024881549
996256,0.0025683593
996257,0.016215246
996258,0.016233915
996259,0.01338106
996260,0.011510064
996261,0.011376953
996262,0.016396916
996263,0.014264275
996264,0.010729214
996265,0.026539521
996266,0.011055262
996267,0.013710651
996268,0.015494313
996269,0.010986328
996270,0.010960478
996271,0.013778866
996272,0.017532863
996273,0.015491304
996274,0.019144934
996275,0.011638328
996276,0.013789637
996277,0.015090669
996278,0.013719985
996279,0.014522059
996280,0.013941147
996281,0.011349667
996282,0.013361673
996283,0.013539752
996284,0.011081831
996285,0.013924632
996286,0.011419319
996287,0.012299662
996288,0.014857393
996289,0.016475184
996290,0.011328125
996291,0.011006434
996292,0.018482164
996293,0.016555607
996294,0.016464412
996295,0.011247702
996296,0.011040183
996297,0.010861386
996298,0.01618796
996299,0.0099779097
996300,0.019007066
996301,0.013712087
996302,0.013510311
996303,0.014490312
996304,0.013697007
996305,0.013534008
996306,0.016326545
996307,0.018828269
996308,0.017813459
996309,0.018588437
996310,0.01391458
996311,0.011218262
996312,0.014636949
996313,0.014197021
996314,0.011087575
996315,0.019152682
996316,0.010973403
996317,0.017985713
996318,0.026769301
996319,0.016468721
996320,0.013696289
996321,0.013430607
996322,0.011152918
996323,0.013541906
996324,0.014142923
996325,0.01113712
996326,0.012798714
996327,0.011073931
996328,0.010906624
996329,0.013893038
996330,0.013745835
996331,0.013903582
996332,0.021507353
996333,0.015716912
996334,0.013408347
996335,0.012637868
996336,0.011150046
996337,0.01226304
996338,0.01630285
996339,0.021498736
996340,0.013490924
996341,0.013733628
996342,0.012195542
996343,0.010998535
996344,0.026746323
996345,0.03567028
996346,0.015616383
996347,0.011030848
996348,0.016605154
996349,0.016182216
996350,0.015958181
996351,0.014326747
996352,0.029872041
996353,0.029288976
996354,0.011232623
996355,0.019385483
996356,0.012459129
996357,0.013390395
996358,0.011275707
996359,0.015306899
996360,0.01349236
996361,0.010887119
996362,0.016040038
996363,0.023331227
996364,0.01356991
996365,0.013788201
996366,0.012556889
996367,0.018615723
996368,0.012564626
996369,0.011084703
996370,0.010943244
996371,0.015167596
996372,0.011008588
996373,0.010617693
996374,0.019067382
996375,0.01453642
996376,0.0094370982
996377,0.017394301
996378,0.026826747
996379,0.012236471
996380,0.013552616
996381,0.0099479835
996382,0.013283405
996383,0.017383531
996384,0.013586426
996385,0.015682444
996386,0.012815855
996387,0.013488051
996388,0.016190113
996389,0.014537138
996390,0.011390597
996391,0.011569394
996392,0.010914522
996393,0.013292739
996394,0.013051471
996395,0.012312586
996396,0.016447898
996397,0.0099796075
996398,0.013903091
996399,0.012876276
996400,0.016119026
996401,0.011479636
996402,0.039434455
996403,0.0188765
996404,0.011329544
996405,0.01105957
996406,0.010327078
996407,0.021622961
996408,0.013918888
996409,0.013878676
996410,0.013076584
996411,0.021551874
996412,0.0092961201
996413,0.010121268
996414,0.013330078
996415,0.019326603
996416,0.013076946
996417,0.010938218
996418,0.011290068
996419,0.01225945
996420,0.011335306
996421,0.01157442
996422,0.013430607
996423,0.020266544
996424,0.01916432
996425,0.024253218
996426,0.014051011
996427,0.011554314
996428,0.020340504
996429,0.011099064
996430,0.013683364
996431,0.013805434
996432,0.012956719
996433,0.011170152
996434,0.0098593077
996435,0.013768096
996436,0.010821892
996437,0.011113425
996438,0.024856942
996439,0.018696863
996440,0.009846325
996441,0.015475644
996442,0.027875114
996443,0.013717113
996444,0.026789406
996445,0.012531594
996446,0.011227597
996447,0.0026107109
996448,0.016233196
996449,0.013639562
996450,0.0241412
996451,0.015716912
996452,0.011161535
996453,0.010702694
996454,0.011690028
996455,0.014434455
996456,0.011152918
996457,0.015223381
996458,0.010772346
996459,0.011081831
996460,0.011298684
996461,0.013865033
996462,0.014476103
996463,0.010385652
996464,0.015856933
996465,0.013522519
996466,0.0032799225
996467,0.011272835
996468,0.01361443
996469,0.014239143
996470,0.0109375
996471,0.013857135
996472,0.015360129
996473,0.011349667
996474,0.019073846
996475,0.015785845
996476,0.01361084
996477,0.01098561
996478,0.01114861
996479,0.031545121
996480,0.018952493
996481,0.013532571
996482,0.013604377
996483,0.024567146
996484,0.013304946
996485,0.016463695
996486,0.010242662
996487,0.011201747
996488,0.013522519
996489,0.020670813
996490,0.013629509
996491,0.022109807
996492,0.01171157
996493,0.016812673
996494,0.011019359
996495,0.011269962
996496,0.010964069
996497,0.013908835
996498,0.010948271
996499,0.017789945
996500,0.010880055
996501,0.014569451
996502,0.013602941
996503,0.011726649
996504,0.011672794
996505,0.013419118
996506,0.01103911
996507,0.011592371
996508,0.013587862
996509,0.015004596
996510,0.013971306
996511,0.015801642
996512,0.018654497
996513,0.012167538
996514,0.013849954
996515,0.015001649
996516,0.012202005
996517,0.018964458
996518,0.013545496
996519,0.013438505
996520,0.010851333
996521,0.011305147
996522,0.018915154
996523,0.013970588
996524,0.010835536
996525,0.020965748
996526,0.016292796
996527,0.020570084
996528,0.014998069
996529,0.011036593
996530,0.014941902
996531,0.016439281
996532,0.014196778
996533,0.031354837
996534,0.016209502
996535,0.011997358
996536,0.027448092
996537,0.014132152
996538,0.017137954
996539,0.017835813
996540,0.017744256
996541,0.01372932
996542,0.013928941
996543,0.013168515
996544,0.010292637
996545,0.014808868
996546,0.010444303
996547,0.012270939
996548,0.015701832
996549,0.010475408
996550,0.011342486
996551,0.0188017
996552,0.026784381
996553,0.011521284
996554,0.012396066
996555,0.022522861
996556,0.011799691
996557,0.016164981
996558,0.010868566
996559,0.01103372
996560,0.013720703
996561,0.016393324
996562,0.017612591
996563,0.010040402
996564,0.016670497
996565,0.011393469
996566,0.0042314786
996567,0.011071777
996568,0.014068244
996569,0.014081888
996570,0.01396987
996571,0.020889314
996572,0.014183852
996573,0.011309455
996574,0.018773695
996575,0.014016544
996576,0.01908318
996577,0.011873852
996578,0.0093243541
996579,0.010983456
996580,0.012786506
996581,0.011362592
996582,0.01338465
996583,0.013890166
996584,0.013722857
996585,0.011324535
996586,0.011582319
996587,0.013296329
996588,0.011170152
996589,0.013763787
996590,0.0099081444
996591,0.010934628
996592,0.010512408
996593,0.011410702
996594,0.015919404
996595,0.019308854
996596,0.014945248
996597,0.013924632
996598,0.010961914
996599,0.013427016
996600,0.032435946
996601,0.010701258
996602,0.013672593
996603,0.013312845
996604,0.013687672
996605,0.023196232
996606,0.013870778
996607,0.012026798
996608,0.010952579
996609,0.016179344
996610,0.020461857
996611,0.015797334
996612,0.012425296
996613,0.018929515
996614,0.013523955
996615,0.016482364
996616,0.010955451
996617,0.011825023
996618,0.011101936
996619,0.021573415
996620,0.013625919
996621,0.026493566
996622,0.013407629
996623,0.011051672
996624,0.014230526
996625,0.019242389
996626,0.037238628
996627,0.017944518
996628,0.010928883
996629,0.0089032501
996630,0.013749425
996631,0.011029412
996632,0.016238943
996633,0.013243911
996634,0.015429728
996635,0.014051011
996636,0.015261285
996637,0.016269818
996638,0.015085018
996639,0.013872214
996640,0.0111005
996641,0.013443531
996642,0.013482307
996643,0.016364602
996644,0.011474609
996645,0.016449334
996646,0.011158663
996647,0.014802103
996648,0.026519416
996649,0.010983456
996650,0.016371783
996651,0.024063649
996652,0.01198874
996653,0.011868824
996654,0.012554121
996655,0.011260627
996656,0.011006434
996657,0.014021571
996658,0.016231043
996659,0.010803223
996660,0.035664223
996661,0.016416302
996662,0.012974028
996663,0.012534467
996664,0.0109892
996665,0.011695054
996666,0.013200827
996667,0.031573128
996668,0.010886517
996669,0.012713264
996670,0.021702666
996671,0.010181247
996672,0.012455745
996673,0.01060791
996674,0.010983456
996675,0.014072089
996676,0.015398811
996677,0.024053596
996678,0.011034438
996679,0.021661736
996680,0.019097541
996681,0.010790298
996682,0.015213472
996683,0.014975155
996684,0.0230377
996685,0.01094109
996686,0.014384191
996687,0.010948989
996688,0.01113712
996689,0.013646025
996690,0.013635972
996691,0.01875359
996692,0.010903751
996693,0.01145953
996694,0.0097118989
996695,0.023936553
996696,0.011237649
996697,0.010999971
996698,0.011081113
996699,0.012704183
996700,0.027804745
996701,0.010796042
996702,0.016315056
996703,0.010983456
996704,0.021528177
996705,0.014833697
996706,0.030058028
996707,0.016096048
996708,0.029610667
996709,0.01915714
996710,0.018667422
996711,0.024301328
996712,0.0188534
996713,0.013376034
996714,0.01024165
996715,0.011293174
996716,0.011348949
996717,0.011854463
996718,0.013235294
996719,0.015235708
996720,0.011259191
996721,0.019148523
996722,0.013527545
996723,0.01138557
996724,0.011322381
996725,0.011230469
996726,0.023768526
996727,0.011925551
996728,0.011239803
996729,0.011046645
996730,0.012247243
996731,0.010838408
996732,0.024219468
996733,0.009773978
996734,0.013746553
996735,0.0035592222
996736,0.013371726
996737,0.011190975
996738,0.010805377
996739,0.011132094
996740,0.011371208
996741,0.018681066
996742,0.015705423
996743,0.010321668
996744,0.012186152
996745,0.010417987
996746,0.014039522
996747,0.013717831
996748,0.018025476
996749,0.021444881
996750,0.011009306
996751,0.013791073
996752,0.013269761
996753,0.010753676
996754,0.013709933
996755,0.010684743
996756,0.013989976
996757,0.013422064
996758,0.018609978
996759,0.011465993
996760,0.01083769
996761,0.012904986
996762,0.018555827
996763,0.029610667
996764,0.014947151
996765,0.018848374
996766,0.015538115
996767,0.014223346
996768,0.013800408
996769,0.013597197
996770,0.015812414
996771,0.03181655
996772,0.011297248
996773,0.011040901
996774,0.01465131
996775,0.01893167
996776,0.017746244
996777,0.018400388
996778,0.013391113
996779,0.013441377
996780,0.011138557
996781,0.010836254
996782,0.015866268
996783,0.01206701
996784,0.0034867311
996785,0.010813993
996786,0.011487534
996787,0.016529039
996788,0.012757784
996789,0.010935346
996790,0.012850096
996791,0.011024386
996792,0.013456456
996793,0.011225442
996794,0.036927707
996795,0.013875086
996796,0.028202893
996797,0.01334444
996798,0.016348805
996799,0.01983642
996800,0.016503906
996801,0.011804199
996802,0.01937543
996803,0.018554688
996804,0.0031839062
996805,0.018818934
996806,0.011094037
996807,0.024009077
996808,0.019197352
996809,0.011045927
996810,0.011213954
996811,0.013702033
996812,0.012626379
996813,0.027084716
996814,0.011066033
996815,0.011135684
996816,0.013715677
996817,0.010845589
996818,0.013811897
996819,0.011149328
996820,0.022473145
996821,0.011170152
996822,0.010961914
996823,0.016222427
996824,0.011066751
996825,0.02330035
996826,0.014081888
996827,0.012557079
996828,0.011679256
996829,0.021814683
996830,0.011639764
996831,0.016164981
996832,0.016130514
996833,0.017211586
996834,0.013669003
996835,0.013350184
996836,0.01679337
996837,0.01676169
996838,0.01630285
996839,0.015363091
996840,0.013582836
996841,0.012281709
996842,0.011030848
996843,0.029078584
996844,0.013315717
996845,0.01349954
996846,0.0027190563
996847,0.01103013
996848,0.018905101
996849,0.013921042
996850,0.01592084
996851,0.016279871
996852,0.02535047
996853,0.021645939
996854,0.011391315
996855,0.011201029
996856,0.011122759
996857,0.012219359
996858,0.015390356
996859,0.010987046
996860,0.013361673
996861,0.0051721716
996862,0.012853286
996863,0.013827695
996864,0.011534208
996865,0.0096793827
996866,0.014993107
996867,0.010776655
996868,0.01908318
996869,0.014156566
996870,0.010962632
996871,0.023629222
996872,0.018926643
996873,0.0087608695
996874,0.013358607
996875,0.021731388
996876,0.014206465
996877,0.013568474
996878,0.01328125
996879,0.018910846
996880,0.019031245
996881,0.014553653
996882,0.018130314
996883,0.017537022
996884,0.02405192
996885,0.013200827
996886,0.016210938
996887,0.01109691
996888,0.016147748
996889,0.02405216
996890,0.011544261
996891,0.011106244
996892,0.019493192
996893,0.030215994
996894,0.019358197
996895,0.019209558
996896,0.01113353
996897,0.018887868
996898,0.013024184
996899,0.012831026
996900,0.01085995
996901,0.013550523
996902,0.013900937
996903,0.011111271
996904,0.026413143
996905,0.010779527
996906,0.010832663
996907,0.014247759
996908,0.021533921
996909,0.011144302
996910,0.016659006
996911,0.011914062
996912,0.011029412
996913,0.0081039621
996914,0.011092601
996915,0.015846163
996916,0.013235294
996917,0.016172161
996918,0.013823385
996919,0.012774719
996920,0.010817584
996921,0.028117906
996922,0.013680492
996923,0.010913804
996924,0.013525391
996925,0.017830882
996926,0.010895853
996927,0.011070341
996928,0.021347225
996929,0.010980584
996930,0.0017430199
996931,0.01338465
996932,0.011420037
996933,0.015433643
996934,0.012141688
996935,0.011448042
996936,0.011066751
996937,0.010214761
996938,0.026400937
996939,0.016345214
996940,0.0075591775
996941,0.017704504
996942,0.011208209
996943,0.012467611
996944,0.011035156
996945,0.0099540278
996946,0.012273811
996947,0.013511029
996948,0.011123477
996949,0.012179745
996950,0.011311609
996951,0.016259048
996952,0.015857652
996953,0.013430607
996954,0.016153492
996955,0.013478717
996956,0.013500976
996957,0.013637408
996958,0.021064309
996959,0.013663258
996960,0.023727596
996961,0.012977511
996962,0.016022805
996963,0.010814711
996964,0.013939711
996965,0.011173024
996966,0.024168137
996967,0.01382554
996968,0.015126767
996969,0.010931755
996970,0.019255515
996971,0.010839844
996972,0.011247702
996973,0.010816148
996974,0.014558637
996975,0.013612994
996976,0.0161578
996977,0.013536162
996978,0.011020795
996979,0.01762408
996980,0.017086552
996981,0.011925551
996982,0.015085232
996983,0.01202608
996984,0.010038944
996985,0.011168716
996986,0.014326747
996987,0.011099782
996988,0.014738184
996989,0.016203757
996990,0.018910846
996991,0.01127068
996992,0.01133028
996993,0.01138557
996994,0.013680492
996995,0.013952531
996996,0.01353688
996997,0.018911563
996998,0.012028952
996999,0.011615349
997000,0.013290239
997001,0.015182722
997002,0.013545496
997003,0.011362592
997004,0.01388873
997005,0.011311609
997006,0.01103372
997007,0.018414086
997008,0.011555032
997009,0.010592831
997010,0.022366792
997011,0.0128777
997012,0.018113798
997013,0.014085478
997014,0.013430607
997015,0.013718549
997016,0.017794857
997017,0.010885081
997018,0.011335306
997019,0.024597887
997020,0.018195657
997021,0.012793363
997022,0.018189913
997023,0.010483108
997024,0.017663537
997025,0.023747703
997026,0.016130514
997027,0.016641056
997028,0.017142816
997029,0.011114143
997030,0.011088293
997031,0.015153912
997032,0.011150046
997033,0.016301414
997034,0.012905149
997035,0.011132812
997036,0.01610969
997037,0.016385427
997038,0.018037293
997039,0.014725988
997040,0.013973461
997041,0.020532945
997042,0.010831945
997043,0.011283605
997044,0.01788439
997045,0.010957606
997046,0.0135814
997047,0.010977712
997048,0.011103372
997049,0.012036674
997050,0.013648897
997051,0.012879854
997052,0.011271399
997053,0.013913861
997054,0.013396139
997055,0.012350643
997056,0.017877102
997057,0.016429229
997058,0.010849897
997059,0.015096972
997060,0.016383272
997061,0.033050198
997062,0.017513964
997063,0.024358772
997064,0.01075583
997065,0.013579963
997066,0.024121812
997067,0.013409783
997068,0.013907399
997069,0.012744859
997070,0.015018378
997071,0.011018641
997072,0.010605756
997073,0.017178165
997074,0.011454504
997075,0.013641717
997076,0.013409783
997077,0.01128576
997078,0.0097822361
997079,0.01257037
997080,0.013622329
997081,0.022709036
997082,0.013801844
997083,0.012235753
997084,0.011532553
997085,0.013420554
997086,0.013545496
997087,0.010999253
997088,0.015998088
997089,0.015981875
997090,0.011730239
997091,0.025208943
997092,0.012838124
997093,0.025436874
997094,0.011682129
997095,0.027090993
997096,0.019876705
997097,0.0031631219
997098,0.018520221
997099,0.0093216877
997100,0.013246783
997101,0.029550351
997102,0.011081113
997103,0.013568474
997104,0.023874082
997105,0.011366182
997106,0.017212119
997107,0.013448558
997108,0.014493781
997109,0.0096399318
997110,0.016432818
997111,0.015133129
997112,0.013595761
997113,0.011542825
997114,0.023862591
997115,0.02083905
997116,0.013890166
997117,0.013437787
997118,0.019251158
997119,0.0027493576
997120,0.01339973
997121,0.011644072
997122,0.01490469
997123,0.0031009368
997124,0.012519388
997125,0.011638328
997126,0.010739315
997127,0.022458643
997128,0.011196001
997129,0.010739315
997130,0.013598633
997131,0.011132094
997132,0.013923196
997133,0.013513183
997134,0.013358083
997135,0.013512465
997136,0.011184513
997137,0.011346795
997138,0.010930319
997139,0.011029412
997140,0.01372573
997141,0.01088939
997142,0.011068187
997143,0.016670497
997144,0.016126206
997145,0.016149903
997146,0.013947229
997147,0.011119887
997148,0.013528263
997149,0.016176471
997150,0.014144359
997151,0.010999971
997152,0.015151798
997153,0.018780876
997154,0.011150764
997155,0.016630284
997156,0.01217824
997157,0.018941723
997158,0.016880888
997159,0.013840619
997160,0.025395652
997161,0.0028239992
997162,0.010991354
997163,0.012971048
997164,0.020481244
997165,0.012201287
997166,0.016063018
997167,0.012299662
997168,0.010979866
997169,0.010872156
997170,0.011468865
997171,0.016215246
997172,0.013361673
997173,0.012658691
997174,0.016022805
997175,0.020137208
997176,0.024126839
997177,0.011251292
997178,0.016396197
997179,0.016432101
997180,0.020898437
997181,0.01105239
997182,0.016774615
997183,0.015340701
997184,0.013660386
997185,0.014535702
997186,0.016955972
997187,0.011020795
997188,0.01590289
997189,0.011170152
997190,0.0039206413
997191,0.01114861
997192,0.024457864
997193,0.011236213
997194,0.013457174
997195,0.011012896
997196,0.014996819
997197,0.011046645
997198,0.010842716
997199,0.016257612
997200,0.016683422
997201,0.013660386
997202,0.011127668
997203,0.025612876
997204,0.011863798
997205,0.010687177
997206,0.015553229
997207,0.016967773
997208,0.010961914
997209,0.018888585
997210,0.012212776
997211,0.0129294
997212,0.020341223
997213,0.011109835
997214,0.025572792
997215,0.011121323
997216,0.011077521
997217,0.011599386
997218,0.018872788
997219,0.01157083
997220,0.015523035
997221,0.016210938
997222,0.01773897
997223,0.011109835
997224,0.010933192
997225,0.011207491
997226,0.0165434
997227,0.016348805
997228,0.017458927
997229,0.015387414
997230,0.011190257
997231,0.013623047
997232,0.019094668
997233,0.013648897
997234,0.015948128
997235,0.011086857
997236,0.025573038
997237,0.01582174
997238,0.021289062
997239,0.016226016
997240,0.015492169
997241,0.016306439
997242,0.0039444966
997243,0.016075943
997244,0.01100787
997245,0.0086613679
997246,0.013852108
997247,0.021360869
997248,0.031246692
997249,0.011899701
997250,0.016401224
997251,0.012187336
997252,0.016051527
997253,0.011012178
997254,0.013878676
997255,0.013038765
997256,0.019073846
997257,0.01876149
997258,0.021703383
997259,0.013872214
997260,0.018637983
997261,0.017190373
997262,0.010989918
997263,0.018691119
997264,0.013479435
997265,0.010932473
997266,0.010811121
997267,0.013430607
997268,0.011155791
997269,0.012159579
997270,0.016505342
997271,0.018861664
997272,0.02226894
997273,0.018922335
997274,0.018986961
997275,0.012907858
997276,0.02157844
997277,0.011264936
997278,0.018818934
997279,0.010732853
997280,0.013078757
997281,0.018382354
997282,0.016715433
997283,0.013849954
997284,0.013342286
997285,0.01117087
997286,0.023589011
997287,0.01078958
997288,0.010871438
997289,0.013984231
997290,0.012442555
997291,0.011021513
997292,0.013780302
997293,0.010976993
997294,0.016597971
997295,0.018910846
997296,0.013464356
997297,0.01216682
997298,0.011127786
997299,0.019748757
997300,0.016060863
997301,0.013531135
997302,0.011601996
997303,0.014506262
997304,0.013698443
997305,0.023690257
997306,0.011273553
997307,0.013540231
997308,0.013284841
997309,0.011245548
997310,0.013276224
997311,0.013556985
997312,0.015681008
997313,0.014154412
997314,0.011496869
997315,0.012645404
997316,0.021510186
997317,0.011240148
997318,0.010451032
997319,0.011239085
997320,0.014358341
997321,0.011653407
997322,0.012876108
997323,0.01191478
997324,0.010689051
997325,0.011105526
997326,0.018798109
997327,0.01630285
997328,0.016124053
997329,0.026691033
997330,0.012003102
997331,0.013248937
997332,0.01187457
997333,0.016490264
997334,0.011435116
997335,0.013844928
997336,0.011089729
997337,0.011926269
997338,0.029171214
997339,0.015895441
997340,0.010650275
997341,0.011238367
997342,0.016818993
997343,0.012752757
997344,0.015691468
997345,0.011394905
997346,0.011408548
997347,0.013384206
997348,0.013964126
997349,0.013796818
997350,0.010824764
997351,0.019313678
997352,0.029022576
997353,0.013400448
997354,0.017627671
997355,0.012585637
997356,0.013541188
997357,0.013947611
997358,0.013637113
997359,0.021336766
997360,0.01618796
997361,0.018009014
997362,0.01094468
997363,0.01642851
997364,0.011352539
997365,0.011186667
997366,0.011274271
997367,0.011030477
997368,0.014825799
997369,0.011014332
997370,0.010951143
997371,0.029733473
997372,0.010054702
997373,0.013649615
997374,0.013945972
997375,0.020046653
997376,0.012191234
997377,0.013266888
997378,0.016176471
997379,0.010737161
997380,0.011553054
997381,0.010775937
997382,0.015288925
997383,0.010458737
997384,0.011317354
997385,0.01370706
997386,0.012561753
997387,0.010885799
997388,0.010010962
997389,0.013407629
997390,0.013498104
997391,0.012960277
997392,0.016555607
997393,0.010963351
997394,0.01586986
997395,0.0097314464
997396,0.020038607
997397,0.013757324
997398,0.010921703
997399,0.01849868
997400,0.011471019
997401,0.010827636
997402,0.016134823
997403,0.016529039
997404,0.011608887
997405,0.011163689
997406,0.011062442
997407,0.011027976
997408,0.011938477
997409,0.010085016
997410,0.0034185008
997411,0.019739488
997412,0.011038029
997413,0.014097685
997414,0.01683565
997415,0.023012409
997416,0.018915154
997417,0.012638086
997418,0.011514821
997419,0.011201747
997420,0.017548684
997421,0.011163689
997422,0.01117087
997423,0.012001666
997424,0.013157052
997425,0.011882468
997426,0.013821949
997427,0.013786765
997428,0.024284093
997429,0.015992647
997430,0.012157485
997431,0.013878676
997432,0.012146714
997433,0.011379107
997434,0.018900793
997435,0.011033002
997436,0.014018699
997437,0.011098346
997438,0.012798714
997439,0.013832721
997440,0.010968377
997441,0.013456456
997442,0.013932531
997443,0.016097484
997444,0.016973546
997445,0.016439281
997446,0.015005314
997447,0.0099383704
997448,0.013525391
997449,0.011578728
997450,0.021855613
997451,0.013845646
997452,0.015601304
997453,0.011027258
997454,0.011369772
997455,0.018709788
997456,0.025980642
997457,0.021830481
997458,0.018004967
997459,0.01088939
997460,0.011294376
997461,0.013292739
997462,0.020428108
997463,0.01306296
997464,0.01107824
997465,0.0097739054
997466,0.011928423
997467,0.022462374
997468,0.015023983
997469,0.012825948
997470,0.011357565
997471,0.012488511
997472,0.011330998
997473,0.013363827
997474,0.015613511
997475,0.011063878
997476,0.011879596
997477,0.013446404
997478,0.018666705
997479,0.013407629
997480,0.02654383
997481,0.013821231
997482,0.0099913673
997483,0.013864315
997484,0.012013155
997485,0.011667049
997486,0.013332232
997487,0.013648179
997488,0.013635254
997489,0.013974897
997490,0.013253246
997491,0.010881491
997492,0.013627355
997493,0.010754394
997494,0.01122257
997495,0.012699027
997496,0.013444968
997497,0.011183795
997498,0.013278038
997499,0.01361443
997500,0.011477482
997501,0.011273553
997502,0.011136402
997503,0.0149292
997504,0.021270461
997505,0.017200425
997506,0.013832721
997507,0.010534932
997508,0.016183652
997509,0.016423484
997510,0.013906681
997511,0.023440942
997512,0.021024816
997513,0.013694853
997514,0.020264735
997515,0.016213091
997516,0.011420037
997517,0.01124483
997518,0.010849897
997519,0.011812098
997520,0.013549805
997521,0.016546991
997522,0.01652473
997523,0.013496668
997524,0.010720646
997525,0.015992647
997526,0.011458094
997527,0.016079532
997528,0.016179344
997529,0.011014332
997530,0.0053209253
997531,0.013683364
997532,0.012856131
997533,0.0033103114
997534,0.013680492
997535,0.016486673
997536,0.013961972
997537,0.01232267
997538,0.011161535
997539,0.013879394
997540,0.01103372
997541,0.016038602
997542,0.011201747
997543,0.013505285
997544,0.029524464
997545,0.015966797
997546,0.011061724
997547,0.016399788
997548,0.015963925
997549,0.021994537
997550,0.010236412
997551,0.011250574
997552,0.003426661
997553,0.013559857
997554,0.022012867
997555,0.012980483
997556,0.017451746
997557,0.01730239
997558,0.020440314
997559,0.015303309
997560,0.013757324
997561,0.011368336
997562,0.02001277
997563,0.015778664
997564,0.013572064
997565,0.015675489
997566,0.013430607
997567,0.010684743
997568,0.014478975
997569,0.013740809
997570,0.01062658
997571,0.013775994
997572,0.010309918
997573,0.02030891
997574,0.016762407
997575,0.020211266
997576,0.016077379
997577,0.013487333
997578,0.012674489
997579,0.013764505
997580,0.01353203
997581,0.016371783
997582,0.012404498
997583,0.011089729
997584,0.011352539
997585,0.016360294
997586,0.01913847
997587,0.011395806
997588,0.010785271
997589,0.016245404
997590,0.013340131
997591,0.012216366
997592,0.018564498
997593,0.013683364
997594,0.01827967
997595,0.032324936
997596,0.013476563
997597,0.0017110673
997598,0.017313879
997599,0.013776712
997600,0.010791016
997601,0.01118164
997602,0.013515337
997603,0.013901655
997604,0.018864891
997605,0.012017463
997606,0.010867286
997607,0.013916734
997608,0.013455738
997609,0.012505027
997610,0.017544815
997611,0.011340332
997612,0.011491843
997613,0.025667079
997614,0.013308536
997615,0.011305147
997616,0.020658605
997617,0.016964182
997618,0.012808052
997619,0.010587804
997620,0.013648897
997621,0.013447122
997622,0.013591453
997623,0.011504049
997624,0.011491125
997625,0.011124196
997626,0.011049517
997627,0.018830422
997628,0.01619155
997629,0.013143826
997630,0.011945657
997631,0.012345253
997632,0.013694135
997633,0.011349667
997634,0.010077903
997635,0.010868367
997636,0.013735782
997637,0.015189638
997638,0.011156509
997639,0.017271513
997640,0.011099782
997641,0.014487592
997642,0.010926011
997643,0.019439338
997644,0.019075999
997645,0.011063878
997646,0.026225012
997647,0.011160099
997648,0.014007209
997649,0.013992848
997650,0.014797794
997651,0.030152086
997652,0.010513613
997653,0.010938936
997654,0.01953125
997655,0.013936121
997656,0.013579963
997657,0.010979148
997658,0.013388959
997659,0.013893038
997660,0.010876465
997661,0.012311868
997662,0.017437601
997663,0.011534926
997664,0.01251597
997665,0.010825482
997666,0.019232538
997667,0.016210219
997668,0.020567959
997669,0.017435949
997670,0.011238367
997671,0.01384421
997672,0.013660386
997673,0.016709272
997674,0.01685432
997675,0.021024816
997676,0.021610754
997677,0.011655766
997678,0.010930319
997679,0.019188736
997680,0.011239085
997681,0.016653262
997682,0.022880973
997683,0.016284179
997684,0.013465074
997685,0.013501694
997686,0.020630602
997687,0.012665154
997688,0.011002125
997689,0.011065315
997690,0.010998535
997691,0.011029412
997692,0.019160731
997693,0.021713436
997694,0.011781939
997695,0.013821231
997696,0.016061582
997697,0.014787741
997698,0.011837948
997699,0.015482106
997700,0.015107862
997701,0.013578527
997702,0.013686236
997703,0.017102147
997704,0.013301356
997705,0.01086354
997706,0.01134105
997707,0.024804687
997708,0.013212316
997709,0.0111522
997710,0.01157083
997711,0.011101936
997712,0.010801787
997713,0.013501694
997714,0.0099653415
997715,0.014029469
997716,0.017118566
997717,0.012615868
997718,0.022886502
997719,0.0109375
997720,0.014960433
997721,0.011717314
997722,0.016268382
997723,0.010476626
997724,0.013501917
997725,0.016396197
997726,0.017199798
997727,0.016642492
997728,0.013824103
997729,0.0022729656
997730,0.0139591
997731,0.019450827
997732,0.011032284
997733,0.01322955
997734,0.011978919
997735,0.011351103
997736,0.011262782
997737,0.01384421
997738,0.027976362
997739,0.010870002
997740,0.011227597
997741,0.010999971
997742,0.011315918
997743,0.022568246
997744,0.013591453
997745,0.016477337
997746,0.010745778
997747,0.013311408
997748,0.010948271
997749,0.026567526
997750,0.011005715
997751,0.010867848
997752,0.024313534
997753,0.020010915
997754,0.011064596
997755,0.010145198
997756,0.011058852
997757,0.011921243
997758,0.013711369
997759,0.0108262
997760,0.01896829
997761,0.011481072
997762,0.013780302
997763,0.011349667
997764,0.015925149
997765,0.017670754
997766,0.013917452
997767,0.011728085
997768,0.011310891
997769,0.011006434
997770,0.016003419
997771,0.013732192
997772,0.010661765
997773,0.032213636
997774,0.01391817
997775,0.016190113
997776,0.012231079
997777,0.020450369
997778,0.01372932
997779,0.010133637
997780,0.011805798
997781,0.015308426
997782,0.013924632
997783,0.013876522
997784,0.013947611
997785,0.011282887
997786,0.011521284
997787,0.027242603
997788,0.017807905
997789,0.011167279
997790,0.010862822
997791,0.024001177
997792,0.013373162
997793,0.011018641
997794,0.011090447
997795,0.01304924
997796,0.021407543
997797,0.01354047
997798,0.011120605
997799,0.013867905
997800,0.014332491
997801,0.011632583
997802,0.01857982
997803,0.011108398
997804,0.012268066
997805,0.017629772
997806,0.011971507
997807,0.029659377
997808,0.018095847
997809,0.016182216
997810,0.011741728
997811,0.027230078
997812,0.016336598
997813,0.011346077
997814,0.016536219
997815,0.010523804
997816,0.011443014
997817,0.022040155
997818,0.016426357
997819,0.039326746
997820,0.010964787
997821,0.021959012
997822,0.012701775
997823,0.013775276
997824,0.010601885
997825,0.01574707
997826,0.024010513
997827,0.013487333
997828,0.010820456
997829,0.012012437
997830,0.021657428
997831,0.010701976
997832,0.013992848
997833,0.013691262
997834,0.016326545
997835,0.010223079
997836,0.013374598
997837,0.012997203
997838,0.01114143
997839,0.012667703
997840,0.014211857
997841,0.015809076
997842,0.016096048
997843,0.013534726
997844,0.021587776
997845,0.016480928
997846,0.011139994
997847,0.013732192
997848,0.014051011
997849,0.010820456
997850,0.013750861
997851,0.01682057
997852,0.018669577
997853,0.015322575
997854,0.021063559
997855,0.011117015
997856,0.025884651
997857,0.015237248
997858,0.013837029
997859,0.017681526
997860,0.010403262
997861,0.011105526
997862,0.014583541
997863,0.020061178
997864,0.015034754
997865,0.011550006
997866,0.027613422
997867,0.011323099
997868,0.010197202
997869,0.011132812
997870,0.015803078
997871,0.010777373
997872,0.013489488
997873,0.010951861
997874,0.012633591
997875,0.021662453
997876,0.024110323
997877,0.016034294
997878,0.013519916
997879,0.013490206
997880,0.010791734
997881,0.016564941
997882,0.015869141
997883,0.013924632
997884,0.013802562
997885,0.013009105
997886,0.013576373
997887,0.013621611
997888,0.015866268
997889,0.011328125
997890,0.014075425
997891,0.01140783
997892,0.016095329
997893,0.021484375
997894,0.010861386
997895,0.022261316
997896,0.014489028
997897,0.014820772
997898,0.010627298
997899,0.017837346
997900,0.011695772
997901,0.016525447
997902,0.011332434
997903,0.016580021
997904,0.011086857
997905,0.010910214
997906,0.011499023
997907,0.013304946
997908,0.018034276
997909,0.014200368
997910,0.013177849
997911,0.018984379
997912,0.013568474
997913,0.013740809
997914,0.018404238
997915,0.021436984
997916,0.015280331
997917,0.011528464
997918,0.018839039
997919,0.023502145
997920,0.016314339
997921,0.012476304
997922,0.021845559
997923,0.013017003
997924,0.01408117
997925,0.011922679
997926,0.010850615
997927,0.013694853
997928,0.016373219
997929,0.013327206
997930,0.019094668
997931,0.013947611
997932,0.013890166
997933,0.01622458
997934,0.021542955
997935,0.01335162
997936,0.013651052
997937,0.019228946
997938,0.012648048
997939,0.011060288
997940,0.021044921
997941,0.013959818
997942,0.013523237
997943,0.012511489
997944,0.015785845
997945,0.011167997
997946,0.01138557
997947,0.018583409
997948,0.027194394
997949,0.021248134
997950,0.01095976
997951,0.011280015
997952,0.011165843
997953,0.011420037
997954,0.012362133
997955,0.019526392
997956,0.013669721
997957,0.012488511
997958,0.012619916
997959,0.011346795
997960,0.013853544
997961,0.013350184
997962,0.0056306957
997963,0.019061638
997964,0.029237276
997965,0.015973259
997966,0.01639476
997967,0.011387724
997968,0.010898007
997969,0.012633465
997970,0.014136461
997971,0.013505285
997972,0.010928883
997973,0.011629711
997974,0.011109835
997975,0.01112635
997976,0.012695313
997977,0.013576373
997978,0.011109835
997979,0.013763787
997980,0.014317412
997981,0.013410501
997982,0.020659113
997983,0.010397979
997984,0.011005715
997985,0.0050593186
997986,0.013423426
997987,0.015145845
997988,0.010670715
997989,0.017474724
997990,0.01623176
997991,0.02696605
997992,0.024032772
997993,0.013656078
997994,0.01245548
997995,0.016342742
997996,0.022847973
997997,0.011355411
997998,0.016090304
997999,0.018607106
998000,0.012583991
998001,0.018799547
998002,0.021472886
998003,0.012339872
998004,0.013763787
998005,0.013867187
998006,0.014867446
998007,0.010735916
998008,0.011063878
998009,0.010656021
998010,0.010744342
998011,0.011239803
998012,0.0109375
998013,0.011088293
998014,0.010824764
998015,0.013610122
998016,0.019806985
998017,0.015969669
998018,0.011022232
998019,0.01976103
998020,0.013606532
998021,0.013893038
998022,0.013535444
998023,0.018213747
998024,0.017634802
998025,0.0031839593
998026,0.016371783
998027,0.01105598
998028,0.011440142
998029,0.021824736
998030,0.01434757
998031,0.01083769
998032,0.010792452
998033,0.011075367
998034,0.010918112
998035,0.01148897
998036,0.012601246
998037,0.012074908
998038,0.010942526
998039,0.011259191
998040,0.016865809
998041,0.013941147
998042,0.010877901
998043,0.010335838
998044,0.014081888
998045,0.016692039
998046,0.011098346
998047,0.01639476
998048,0.020200696
998049,0.014935662
998050,0.011227597
998051,0.010853487
998052,0.011656997
998053,0.013553395
998054,0.016323673
998055,0.013534008
998056,0.011139994
998057,0.011203901
998058,0.011282887
998059,0.01020041
998060,0.011358283
998061,0.015973585
998062,0.013472972
998063,0.013834157
998064,0.013367417
998065,0.011960018
998066,0.015132578
998067,0.011613195
998068,0.011339614
998069,0.014005773
998070,0.014893718
998071,0.0188534
998072,0.011939913
998073,0.014740335
998074,0.011089729
998075,0.011109835
998076,0.010766601
998077,0.020366371
998078,0.015968233
998079,0.016383272
998080,0.013436351
998081,0.012344181
998082,0.02249839
998083,0.001561314
998084,0.016282026
998085,0.013683364
998086,0.0117446
998087,0.037512206
998088,0.013630227
998089,0.015309538
998090,0.011175178
998091,0.011015768
998092,0.011185949
998093,0.014079016
998094,0.01533983
998095,0.019441493
998096,0.011224724
998097,0.013926068
998098,0.011409266
998099,0.01358499
998100,0.010917394
998101,0.016934743
998102,0.020026712
998103,0.01113353
998104,0.016292796
998105,0.01639476
998106,0.011160817
998107,0.016656134
998108,0.016136259
998109,0.013651052
998110,0.011029412
998111,0.015582634
998112,0.02411535
998113,0.011282169
998114,0.0136848
998115,0.013299202
998116,0.010629452
998117,0.013122376
998118,0.016065171
998119,0.010895135
998120,0.014394962
998121,0.013619456
998122,0.015021044
998123,0.015340648
998124,0.013318589
998125,0.013532571
998126,0.011155791
998127,0.017830882
998128,0.013498104
998129,0.020253532
998130,0.013426298
998131,0.016801184
998132,0.011007152
998133,0.01160386
998134,0.015865549
998135,0.014550063
998136,0.013732192
998137,0.011098346
998138,0.01144876
998139,0.010294118
998140,0.013665413
998141,0.02242168
998142,0.013194364
998143,0.010971967
998144,0.013922478
998145,0.016704964
998146,0.012418266
998147,0.013335104
998148,0.011196001
998149,0.026022209
998150,0.010059544
998151,0.011690028
998152,0.011167997
998153,0.011523438
998154,0.023759192
998155,0.016379682
998156,0.010963351
998157,0.011144302
998158,0.016609462
998159,0.0099874781
998160,0.010200811
998161,0.013742963
998162,0.012685204
998163,0.016315775
998164,0.010082384
998165,0.011756808
998166,0.011111989
998167,0.013798254
998168,0.01586196
998169,0.01515054
998170,0.029175524
998171,0.013798254
998172,0.016590074
998173,0.011516257
998174,0.013763787
998175,0.014578068
998176,0.013860007
998177,0.018734202
998178,0.016636029
998179,0.013650334
998180,0.010868566
998181,0.013510311
998182,0.011451632
998183,0.010050759
998184,0.016406249
998185,0.011029412
998186,0.022662897
998187,0.018933823
998188,0.01171157
998189,0.010923857
998190,0.03141531
998191,0.016847139
998192,0.017443897
998193,0.011291504
998194,0.016181497
998195,0.01124842
998196,0.01110409
998197,0.016327264
998198,0.013639562
998199,0.016957721
998200,0.011422909
998201,0.0038304043
998202,0.013421272
998203,0.014487592
998204,0.016233915
998205,0.011203183
998206,0.014935936
998207,0.016204474
998208,0.017165959
998209,0.016236788
998210,0.010983456
998211,0.013407629
998212,0.017181037
998213,0.022970375
998214,0.010722082
998215,0.01114502
998216,0.011321662
998217,0.011288632
998218,0.014155848
998219,0.012495222
998220,0.013490206
998221,0.013644589
998222,0.015545296
998223,0.011193129
998224,0.011045209
998225,0.01380328
998226,0.013630945
998227,0.013331514
998228,0.02024213
998229,0.015008904
998230,0.019338092
998231,0.027235324
998232,0.012676276
998233,0.012649356
998234,0.013153185
998235,0.010638786
998236,0.024317125
998237,0.01301972
998238,0.010387789
998239,0.010763011
998240,0.011480354
998241,0.019175092
998242,0.011339614
998243,0.011200311
998244,0.02007113
998245,0.02625517
998246,0.015358556
998247,0.013628791
998248,0.013411937
998249,0.011206773
998250,0.013658232
998251,0.011029412
998252,0.013465074
998253,0.015349264
998254,0.013881548
998255,0.014310949
998256,0.016501753
998257,0.013376034
998258,0.011387724
998259,0.011006434
998260,0.025534324
998261,0.011184513
998262,0.010994945
998263,0.014402894
998264,0.014148667
998265,0.02556655
998266,0.010560518
998267,0.014372702
998268,0.010977712
998269,0.013094584
998270,0.011209645
998271,0.01117087
998272,0.014449107
998273,0.01171875
998274,0.016407574
998275,0.012879136
998276,0.013327206
998277,0.01127068
998278,0.016118309
998279,0.016269101
998280,0.011283605
998281,0.012775735
998282,0.013694853
998283,0.015912224
998284,0.014005055
998285,0.015092917
998286,0.013629509
998287,0.013349466
998288,0.013261862
998289,0.0032313806
998290,0.01157083
998291,0.013798972
998292,0.013813333
998293,0.010921703
998294,0.015304666
998295,0.010781681
998296,0.0105309
998297,0.015286793
998298,0.0092202621
998299,0.011546415
998300,0.016406249
998301,0.013815487
998302,0.011031566
998303,0.017662851
998304,0.01570848
998305,0.016345214
998306,0.01103013
998307,0.012280048
998308,0.013457174
998309,0.017881745
998310,0.010918831
998311,0.014685059
998312,0.013078039
998313,0.016529756
998314,0.01532126
998315,0.012552022
998316,0.011615349
998317,0.019073846
998318,0.011758244
998319,0.01639476
998320,0.01413287
998321,0.014007209
998322,0.011391315
998323,0.013648897
998324,0.018623622
998325,0.014545036
998326,0.011283605
998327,0.014300178
998328,0.017038144
998329,0.013967716
998330,0.010521024
998331,0.011175178
998332,0.011684283
998333,0.019355325
998334,0.016004136
998335,0.011006434
998336,0.011155791
998337,0.015460161
998338,0.010954733
998339,0.018478027
998340,0.015146703
998341,0.020361328
998342,0.012769273
998343,0.011162971
998344,0.01167423
998345,0.012754912
998346,0.013809742
998347,0.0022060303
998348,0.01082261
998349,0.015287285
998350,0.011170152
998351,0.011400649
998352,0.013211984
998353,0.013373162
998354,0.012281543
998355,0.011103372
998356,0.011455222
998357,0.011066033
998358,0.011561494
998359,0.011308019
998360,0.016596535
998361,0.0096345209
998362,0.0028396167
998363,0.014371285
998364,0.016142003
998365,0.010899443
998366,0.014142923
998367,0.023017064
998368,0.013878676
998369,0.016592946
998370,0.013712805
998371,0.011975477
998372,0.010665355
998373,0.015421841
998374,0.016155647
998375,0.019000603
998376,0.011006434
998377,0.01070054
998378,0.01102295
998379,0.013558421
998380,0.016888786
998381,0.023006566
998382,0.017225558
998383,0.01085995
998384,0.013211349
998385,0.015418818
998386,0.013601505
998387,0.015143501
998388,0.015015366
998389,0.016027113
998390,0.010971967
998391,0.016155647
998392,0.017673057
998393,0.018191349
998394,0.01643569
998395,0.016326545
998396,0.01113712
998397,0.016270537
998398,0.016429229
998399,0.013769532
998400,0.014912375
998401,0.01112635
998402,0.011351103
998403,0.002845441
998404,0.011231905
998405,0.013447122
998406,0.01105239
998407,0.013327206
998408,0.010577751
998409,0.01746851
998410,0.011033002
998411,0.011356129
998412,0.010892262
998413,0.011050235
998414,0.015970387
998415,0.016572122
998416,0.019060202
998417,0.011272835
998418,0.014208267
998419,0.016090304
998420,0.011169434
998421,0.010971967
998422,0.018569048
998423,0.012591911
998424,0.013212316
998425,0.010965505
998426,0.024681894
998427,0.018487908
998428,0.01075224
998429,0.011034438
998430,0.013823385
998431,0.01134105
998432,0.012043313
998433,0.012603461
998434,0.019112621
998435,0.022454416
998436,0.011323099
998437,0.018680349
998438,0.0260814
998439,0.018494371
998440,0.027695768
998441,0.013721421
998442,0.013414091
998443,0.011269244
998444,0.011398495
998445,0.010804659
998446,0.013656078
998447,0.027022058
998448,0.013524673
998449,0.011937759
998450,0.02365938
998451,0.015614229
998452,0.039028034
998453,0.013804716
998454,0.014566761
998455,0.015969669
998456,0.013457892
998457,0.01084487
998458,0.013752297
998459,0.013720703
998460,0.010829072
998461,0.014145795
998462,0.014553857
998463,0.020602807
998464,0.010372778
998465,0.0096065542
998466,0.011240521
998467,0.013903091
998468,0.011937041
998469,0.010164347
998470,0.013640998
998471,0.031471163
998472,0.013671875
998473,0.010827636
998474,0.010707002
998475,0.018043337
998476,0.015184111
998477,0.011382697
998478,0.016038602
998479,0.01361443
998480,0.035213694
998481,0.017380267
998482,0.016545555
998483,0.012069164
998484,0.020317527
998485,0.01618796
998486,0.013530417
998487,0.011064596
998488,0.015044409
998489,0.010757267
998490,0.016279871
998491,0.018945312
998492,0.011213954
998493,0.013781738
998494,0.011179486
998495,0.022394875
998496,0.011288632
998497,0.013579963
998498,0.012187577
998499,0.024379596
998500,0.015970387
998501,0.035241701
998502,0.011868106
998503,0.011402803
998504,0.015508557
998505,0.014829853
998506,0.011518411
998507,0.01637681
998508,0.016107537
998509,0.013148408
998510,0.010948989
998511,0.013158462
998512,0.011542825
998513,0.022702927
998514,0.011710851
998515,0.011293658
998516,0.010708767
998517,0.021886488
998518,0.013864315
998519,0.011697927
998520,0.013830567
998521,0.020082721
998522,0.0026083058
998523,0.010974912
998524,0.011202465
998525,0.015287511
998526,0.0088708038
998527,0.011509795
998528,0.015346923
998529,0.014579504
998530,0.013684082
998531,0.011199592
998532,0.01391458
998533,0.012771145
998534,0.035325963
998535,0.030748785
998536,0.013577091
998537,0.0099299541
998538,0.011314481
998539,0.013776551
998540,0.019441351
998541,0.012927521
998542,0.011387724
998543,0.011113425
998544,0.011293658
998545,0.016103946
998546,0.020327888
998547,0.0047189794
998548,0.011237649
998549,0.010687615
998550,0.01102295
998551,0.014150822
998552,0.010877901
998553,0.010969813
998554,0.012097168
998555,0.024427706
998556,0.011285041
998557,0.011150046
998558,0.011136402
998559,0.013536162
998560,0.011269244
998561,0.013669003
998562,0.010690487
998563,0.014697266
998564,0.023122303
998565,0.011132812
998566,0.010205796
998567,0.013964126
998568,0.011053826
998569,0.018748565
998570,0.026530905
998571,0.013571346
998572,0.011616067
998573,0.012380717
998574,0.010148757
998575,0.015965361
998576,0.024485437
998577,0.013151281
998578,0.033074591
998579,0.011005715
998580,0.011013614
998581,0.011156509
998582,0.026539521
998583,0.024105296
998584,0.010964787
998585,0.01585478
998586,0.011045927
998587,0.014997423
998588,0.013579963
998589,0.013035681
998590,0.013901655
998591,0.012861903
998592,0.013311408
998593,0.013767377
998594,0.02155992
998595,0.0099852579
998596,0.019910386
998597,0.013512465
998598,0.018687529
998599,0.021164611
998600,0.013800408
998601,0.010891544
998602,0.016153492
998603,0.016599407
998604,0.012717572
998605,0.010884363
998606,0.011327407
998607,0.014021571
998608,0.010953297
998609,0.01264433
998610,0.013801126
998611,0.013602941
998612,0.016192269
998613,0.0098825945
998614,0.011252728
998615,0.014266429
998616,0.012141688
998617,0.010981302
998618,0.013700597
998619,0.021446317
998620,0.011503331
998621,0.017631261
998622,0.011012178
998623,0.010830509
998624,0.011747472
998625,0.011529182
998626,0.022513418
998627,0.021665325
998628,0.013608363
998629,0.019203814
998630,0.013189338
998631,0.013546214
998632,0.026711857
998633,0.011098346
998634,0.013650334
998635,0.026108194
998636,0.012181181
998637,0.010870002
998638,0.021857766
998639,0.015925867
998640,0.011017923
998641,0.013788919
998642,0.021474322
998643,0.013631663
998644,0.012502024
998645,0.011590935
998646,0.012980796
998647,0.024987061
998648,0.014519187
998649,0.011025104
998650,0.012465533
998651,0.018718405
998652,0.011106244
998653,0.013212316
998654,0.010994227
998655,0.0098988889
998656,0.01081543
998657,0.018759334
998658,0.010960478
998659,0.013131893
998660,0.015984748
998661,0.012111529
998662,0.011257037
998663,0.015028279
998664,0.016142003
998665,0.010421215
998666,0.013486615
998667,0.018841911
998668,0.016696347
998669,0.011272117
998670,0.016220272
998671,0.011456658
998672,0.012259349
998673,0.011122041
998674,0.013801844
998675,0.010579905
998676,0.012258732
998677,0.016475184
998678,0.010816148
998679,0.013861443
998680,0.011112707
998681,0.011362592
998682,0.01399572
998683,0.010818302
998684,0.012178309
998685,0.013641717
998686,0.010676126
998687,0.013340131
998688,0.016192986
998689,0.021668199
998690,0.022144273
998691,0.019519761
998692,0.010876465
998693,0.025942096
998694,0.037517235
998695,0.013586426
998696,0.011772909
998697,0.013755888
998698,0.0023256561
998699,0.013901655
998700,0.011277861
998701,0.012063419
998702,0.011089011
998703,0.010994227
998704,0.010979866
998705,0.013456456
998706,0.010419395
998707,0.013397576
998708,0.011531336
998709,0.0021955681
998710,0.010926011
998711,0.010976993
998712,0.012050494
998713,0.013546932
998714,0.021222282
998715,0.012658232
998716,0.02320772
998717,0.029380171
998718,0.01639476
998719,0.022322878
998720,0.010915958
998721,0.01970502
998722,0.015021036
998723,0.014422966
998724,0.016050091
998725,0.011826459
998726,0.016350958
998727,0.01113353
998728,0.010987764
998729,0.018540327
998730,0.01377743
998731,0.011397059
998732,0.013411219
998733,0.018831858
998734,0.014090504
998735,0.011277143
998736,0.017973492
998737,0.015994802
998738,0.012013155
998739,0.011064596
998740,0.011404958
998741,0.011169434
998742,0.013788919
998743,0.016022805
998744,0.012591911
998745,0.019945571
998746,0.013789637
998747,0.010702694
998748,0.01372932
998749,0.014051011
998750,0.014020135
998751,0.023925781
998752,0.011118899
998753,0.013380342
998754,0.011380543
998755,0.011286478
998756,0.025257066
998757,0.027010569
998758,0.023828125
998759,0.020883547
998760,0.017415689
998761,0.010865694
998762,0.013388241
998763,0.010587804
998764,0.016256893
998765,0.014935662
998766,0.012120864
998767,0.011045209
998768,0.015891401
998769,0.014368667
998770,0.011256319
998771,0.025896732
998772,0.021202177
998773,0.013560575
998774,0.013521083
998775,0.011057416
998776,0.010788144
998777,0.016661162
998778,0.021255314
998779,0.01609892
998780,0.010740033
998781,0.011496869
998782,0.018979779
998783,0.011048799
998784,0.011321419
998785,0.023955939
998786,0.011527746
998787,0.016376091
998788,0.01370706
998789,0.015693935
998790,0.0035177451
998791,0.01572481
998792,0.011098346
998793,0.014851648
998794,0.016061582
998795,0.029400993
998796,0.02030101
998797,0.01105239
998798,0.0036459209
998799,0.016799029
998800,0.014091941
998801,0.011089729
998802,0.010765165
998803,0.011828613
998804,0.02153033
998805,0.011188449
998806,0.010941808
998807,0.014942124
998808,0.011038747
998809,0.011147892
998810,0.011050235
998811,0.01159668
998812,0.013676901
998813,0.019117648
998814,0.012278837
998815,0.013802562
998816,0.013897346
998817,0.011175896
998818,0.020559454
998819,0.013895192
998820,0.010675408
998821,0.011567958
998822,0.014016544
998823,0.0109892
998824,0.021740723
998825,0.011207491
998826,0.01660659
998827,0.011162971
998828,0.013518928
998829,0.01361802
998830,0.01087072
998831,0.016306439
998832,0.021199305
998833,0.010081622
998834,0.010717056
998835,0.013535444
998836,0.011225442
998837,0.003254011
998838,0.011089011
998839,0.01304788
998840,0.011339614
998841,0.01631362
998842,0.016578585
998843,0.010948989
998844,0.01640266
998845,0.019084616
998846,0.013465074
998847,0.011086857
998848,0.028698731
998849,0.011239085
998850,0.010043414
998851,0.011040901
998852,0.016189396
998853,0.010022955
998854,0.017773438
998855,0.022463497
998856,0.01127068
998857,0.015446265
998858,0.011013614
998859,0.021380974
998860,0.013340131
998861,0.031340506
998862,0.010762293
998863,0.010868566
998864,0.01334444
998865,0.012476028
998866,0.013060087
998867,0.013829849
998868,0.013454302
998869,0.010939654
998870,0.013009162
998871,0.01523653
998872,0.016154211
998873,0.016181497
998874,0.0014733039
998875,0.011122759
998876,0.013593607
998877,0.013335822
998878,0.018612131
998879,0.019569308
998880,0.013936121
998881,0.013602941
998882,0.019180119
998883,0.013715677
998884,0.024095962
998885,0.020235667
998886,0.011068905
998887,0.011031566
998888,0.013401885
998889,0.013833439
998890,0.010914522
998891,0.01451416
998892,0.0024627303
998893,0.011091165
998894,0.016119745
998895,0.01504337
998896,0.013824822
998897,0.012007411
998898,0.018999433
998899,0.010914522
998900,0.026736271
998901,0.021383129
998902,0.01476979
998903,0.010719928
998904,0.011029412
998905,0.01194853
998906,0.016029986
998907,0.024241729
998908,0.016111126
998909,0.01722802
998910,0.024192182
998911,0.013931095
998912,0.016149903
998913,0.0019552805
998914,0.012581141
998915,0.025205046
998916,0.0018260027
998917,0.013530417
998918,0.02234892
998919,0.011066033
998920,0.013809742
998921,0.010936064
998922,0.011027258
998923,0.012528004
998924,0.01361802
998925,0.013897346
998926,0.011206773
998927,0.01540871
998928,0.011443014
998929,0.012477022
998930,0.013087373
998931,0.032411106
998932,0.017696604
998933,0.012375144
998934,0.015330286
998935,0.01075583
998936,0.013712087
998937,0.010923857
998938,0.0099659637
998939,0.011066033
998940,0.013783893
998941,0.010537961
998942,0.013450712
998943,0.01060432
998944,0.010857795
998945,0.011227597
998946,0.010023003
998947,0.013657514
998948,0.010372927
998949,0.013426298
998950,0.01630285
998951,0.010939654
998952,0.010642667
998953,0.0099034524
998954,0.038732193
998955,0.011351103
998956,0.013524673
998957,0.011006434
998958,0.013913143
998959,0.018189196
998960,0.018073114
998961,0.0202571
998962,0.016015625
998963,0.011646226
998964,0.010976275
998965,0.011206773
998966,0.012093578
998967,0.011361874
998968,0.014178107
998969,0.039131433
998970,0.020702763
998971,0.016055118
998972,0.013435633
998973,0.018550379
998974,0.010966941
998975,0.01636963
998976,0.016371783
998977,0.015093194
998978,0.019281365
998979,0.011249138
998980,0.018891457
998981,0.011279297
998982,0.010954733
998983,0.019140625
998984,0.012530671
998985,0.025136432
998986,0.013628791
998987,0.02068462
998988,0.013766659
998989,0.010938936
998990,0.011291504
998991,0.014282945
998992,0.015907198
998993,0.011294376
998994,0.013261862
998995,0.010755112
998996,0.011753217
998997,0.015990492
998998,0.011998794
998999,0.011086857
999000,0.024591424
999001,0.011201747
999002,0.016391171
999003,0.013694063
999004,0.012143842
999005,0.01890151
999006,0.018798383
999007,0.010140754
999008,0.010791016
999009,0.010903751
999010,0.016338753
999011,0.010717774
999012,0.011330998
999013,0.011219698
999014,0.011121323
999015,0.020478372
999016,0.034348909
999017,0.013308536
999018,0.011054544
999019,0.0082055461
999020,0.016949821
999021,0.013747271
999022,0.016475184
999023,0.013361673
999024,0.010457859
999025,0.012491384
999026,0.015248252
999027,0.010196603
999028,0.014079016
999029,0.01349954
999030,0.019603221
999031,0.01137049
999032,0.010772346
999033,0.021495864
999034,0.015562416
999035,0.016084559
999036,0.011239803
999037,0.01398854
999038,0.019024896
999039,0.012400189
999040,0.028517062
999041,0.010945398
999042,0.011216108
999043,0.013516055
999044,0.011155791
999045,0.01391817
999046,0.010070359
999047,0.024532542
999048,0.022157917
999049,0.013177849
999050,0.030200195
999051,0.013620174
999052,0.013363109
999053,0.015577813
999054,0.011295812
999055,0.010278792
999056,0.013446404
999057,0.013401167
999058,0.013153436
999059,0.010825482
999060,0.012497449
999061,0.016636029
999062,0.011186667
999063,0.016452206
999064,0.0099477321
999065,0.01221852
999066,0.015414609
999067,0.012077062
999068,0.010922421
999069,0.01122616
999070,0.013396139
999071,0.012764246
999072,0.012558338
999073,0.018781595
999074,0.011111989
999075,0.011124196
999076,0.010853487
999077,0.021138545
999078,0.013041402
999079,0.011017923
999080,0.011008588
999081,0.018910846
999082,0.016247559
999083,0.012691004
999084,0.017230583
999085,0.013982077
999086,0.012179783
999087,0.0034198842
999088,0.018832577
999089,0.010982738
999090,0.011114143
999091,0.013606532
999092,0.016353114
999093,0.012527286
999094,0.010946834
999095,0.011091165
999096,0.012669977
999097,0.029439051
999098,0.034552362
999099,0.010880055
999100,0.011216108
999101,0.013338695
999102,0.010979866
999103,0.011349667
999104,0.017653521
999105,0.018864891
999106,0.010879337
999107,0.010701976
999108,0.016396197
999109,0.010943244
999110,0.01472527
999111,0.011061724
999112,0.013979205
999113,0.018788056
999114,0.0034833839
999115,0.01602855
999116,0.022605255
999117,0.011286478
999118,0.010882927
999119,0.016153492
999120,0.010746496
999121,0.013763068
999122,0.013306382
999123,0.029000316
999124,0.018791648
999125,0.011819997
999126,0.018709788
999127,0.010350851
999128,0.012512749
999129,0.012258732
999130,0.013568474
999131,0.0090730982
999132,0.013376034
999133,0.011083267
999134,0.01125201
999135,0.010799632
999136,0.011091165
999137,0.0082859332
999138,0.010959042
999139,0.016303567
999140,0.011068187
999141,0.017003676
999142,0.023386158
999143,0.020557359
999144,0.012952256
999145,0.01484375
999146,0.013577809
999147,0.018340705
999148,0.011274271
999149,0.0214973
999150,0.015892118
999151,0.011735265
999152,0.01101146
999153,0.01373291
999154,0.034570314
999155,0.014809966
999156,0.0085795997
999157,0.021617217
999158,0.0113669
999159,0.021564798
999160,0.0022032522
999161,0.013407629
999162,0.01080035
999163,0.010734289
999164,0.013143945
999165,0.011090447
999166,0.013106762
999167,0.021443445
999168,0.011155791
999169,0.016292796
999170,0.011730957
999171,0.013361673
999172,0.011454504
999173,0.016877297
999174,0.018832577
999175,0.010781681
999176,0.011121323
999177,0.010793888
999178,0.017326804
999179,0.022734644
999180,0.01815008
999181,0.010505227
999182,0.010987046
999183,0.016046183
999184,0.014633358
999185,0.015192728
999186,0.018164063
999187,0.013704188
999188,0.011492561
999189,0.01403665
999190,0.021284036
999191,0.010650275
999192,0.014200368
999193,0.011021513
999194,0.018795956
999195,0.012358542
999196,0.016116153
999197,0.012777889
999198,0.010957606
999199,0.011183077
999200,0.016446462
999201,0.011455222
999202,0.022060977
999203,0.011845129
999204,0.02390427
999205,0.010984892
999206,0.011379483
999207,0.014065749
999208,0.01874282
999209,0.01103013
999210,0.011180922
999211,0.0188534
999212,0.021297976
999213,0.013577091
999214,0.016654698
999215,0.020285156
999216,0.014545036
999217,0.013786765
999218,0.018682502
999219,0.022234216
999220,0.018369451
999221,0.013637408
999222,0.013444968
999223,0.018834013
999224,0.011079676
999225,0.011464557
999226,0.017773438
999227,0.018961109
999228,0.011432244
999229,0.012940615
999230,0.019718794
999231,0.012606273
999232,0.012561035
999233,0.011663459
999234,0.01849078
999235,0.010966223
999236,0.016222427
999237,0.013970588
999238,0.016895125
999239,0.0097339097
999240,0.01526597
999241,0.01070772
999242,0.0135814
999243,0.012501716
999244,0.011009306
999245,0.009796543
999246,0.01882037
999247,0.014211857
999248,0.017745035
999249,0.017220531
999250,0.01202249
999251,0.010688333
999252,0.013683364
999253,0.012186859
999254,0.011261212
999255,0.022162225
999256,0.01385139
999257,0.010627298
999258,0.012781479
999259,0.01479671
999260,0.013706342
999261,0.013660386
999262,0.013793945
999263,0.010868566
999264,0.013967716
999265,0.016750919
999266,0.011098346
999267,0.0091231251
999268,0.010980584
999269,0.010786708
999270,0.013409065
999271,0.013079475
999272,0.018795956
999273,0.021991326
999274,0.011074649
999275,0.010847025
999276,0.011066033
999277,0.012876982
999278,0.018144926
999279,0.018500833
999280,0.015814569
999281,0.01372932
999282,0.013775276
999283,0.0142255
999284,0.01133746
999285,0.01377743
999286,0.011284323
999287,0.010773892
999288,0.020214017
999289,0.01243779
999290,0.010615809
999291,0.01377743
999292,0.012776743
999293,0.014772662
999294,0.016684139
999295,0.015936054
999296,0.01079676
999297,0.010443121
999298,0.011244112
999299,0.012826717
999300,0.011182358
999301,0.0096883932
999302,0.013338695
999303,0.018785184
999304,0.01122257
999305,0.017599266
999306,0.022727339
999307,0.010914522
999308,0.010982738
999309,0.011274271
999310,0.027684497
999311,0.015940947
999312,0.013663258
999313,0.012544735
999314,0.018836167
999315,0.021549001
999316,0.018704044
999317,0.013704906
999318,0.013832721
999319,0.015822466
999320,0.017361231
999321,0.012626996
999322,0.012571716
999323,0.010824046
999324,0.0092901615
999325,0.011387006
999326,0.010940934
999327,0.019417079
999328,0.013648897
999329,0.014477539
999330,0.011105526
999331,0.010950425
999332,0.013558421
999333,0.016214527
999334,0.016653262
999335,0.020060126
999336,0.013396857
999337,0.018976189
999338,0.030903177
999339,0.010760139
999340,0.018799547
999341,0.019565716
999342,0.01135972
999343,0.011185949
999344,0.011468865
999345,0.01360725
999346,0.014047421
999347,0.015912943
999348,0.011190257
999349,0.021610754
999350,0.015969669
999351,0.016122617
999352,0.013511029
999353,0.02181612
999354,0.016177189
999355,0.012850414
999356,0.013112188
999357,0.010909496
999358,0.0027467581
999359,0.010964069
999360,0.014545036
999361,0.020269804
999362,0.015152516
999363,0.011960018
999364,0.015843291
999365,0.01325899
999366,0.022647513
999367,0.018742101
999368,0.01372573
999369,0.016237507
999370,0.011022232
999371,0.016532628
999372,0.010997099
999373,0.011095474
999374,0.010905188
999375,0.02195904
999376,0.0087781828
999377,0.013740091
999378,0.018640136
999379,0.011328125
999380,0.015820313
999381,0.038947612
999382,0.019025736
999383,0.015728401
999384,0.01384421
999385,0.011040901
999386,0.018224336
999387,0.011353257
999388,0.014183134
999389,0.01342558
999390,0.018491497
999391,0.013830567
999392,0.014677519
999393,0.033870921
999394,0.011224724
999395,0.011036593
999396,0.012281709
999397,0.014202522
999398,0.01103372
999399,0.013653924
999400,0.013763787
999401,0.012646484
999402,0.016153492
999403,0.013947611
999404,0.010942526
999405,0.026686724
999406,0.013593607
999407,0.019117648
999408,0.013884421
999409,0.012163995
999410,0.016327981
999411,0.01086354
999412,0.02035941
999413,0.011294376
999414,0.030172909
999415,0.011782657
999416,0.013638844
999417,0.010962632
999418,0.020128677
999419,0.027508589
999420,0.013570628
999421,0.010811121
999422,0.013893756
999423,0.012522978
999424,0.016561352
999425,0.0138478
999426,0.013938993
999427,0.01628777
999428,0.013541906
999429,0.016118309
999430,0.013816205
999431,0.013836311
999432,0.013674029
999433,0.013434197
999434,0.020945111
999435,0.015050552
999436,0.018556843
999437,0.016282743
999438,0.016512522
999439,0.011555032
999440,0.01368839
999441,0.01613267
999442,0.013638844
999443,0.022783129
999444,0.011294376
999445,0.013547651
999446,0.013579963
999447,0.011024386
999448,0.017049633
999449,0.010875029
999450,0.010788144
999451,0.022894271
999452,0.011502613
999453,0.016197294
999454,0.013936121
999455,0.013568474
999456,0.016238224
999457,0.013648897
999458,0.013561293
999459,0.010917394
999460,0.018788056
999461,0.014286535
999462,0.016524011
999463,0.014865479
999464,0.010893698
999465,0.010988482
999466,0.0020244634
999467,0.010732853
999468,0.011304429
999469,0.019999083
999470,0.022762522
999471,0.011033002
999472,0.018844783
999473,0.016330853
999474,0.016978545
999475,0.013572782
999476,0.017290901
999477,0.017836457
999478,0.011515609
999479,0.014101993
999480,0.012599186
999481,0.010921703
999482,0.01613267
999483,0.011140712
999484,0.0109375
999485,0.011280733
999486,0.01349954
999487,0.016325828
999488,0.015793025
999489,0.011500459
999490,0.010983456
999491,0.016153492
999492,0.010917394
999493,0.015926585
999494,0.013755888
999495,0.014042394
999496,0.013316435
999497,0.023354204
999498,0.012642176
999499,0.015566612
999500,0.013200827
999501,0.010934628
999502,0.017618336
999503,0.010747932
999504,0.011065315
999505,0.013676901
999506,0.010561954
999507,0.022012867
999508,0.010727827
999509,0.026148897
999510,0.022933422
999511,0.014797794
999512,0.010416188
999513,0.012879854
999514,0.01630285
999515,0.012713264
999516,0.025116326
999517,0.011009306
999518,0.016521139
999519,0.013376034
999520,0.018876379
999521,0.013302792
999522,0.017658548
999523,0.021370921
999524,0.010920985
999525,0.01349954
999526,0.013759478
999527,0.012610301
999528,0.011558228
999529,0.013685518
999530,0.014876721
999531,0.01087072
999532,0.018267464
999533,0.01640984
999534,0.013913143
999535,0.013935403
999536,0.011038029
999537,0.013974897
999538,0.01063017
999539,0.013350902
999540,0.016534783
999541,0.010912368
999542,0.013568474
999543,0.018784467
999544,0.017430922
999545,0.011226879
999546,0.020553051
999547,0.013596479
999548,0.018961109
999549,0.016211655
999550,0.016061582
999551,0.016151339
999552,0.01016637
999553,0.011575856
999554,0.011156509
999555,0.016010599
999556,0.010994945
999557,0.018663833
999558,0.013894474
999559,0.011190257
999560,0.013628073
999561,0.011597398
999562,0.010981302
999563,0.019118365
999564,0.013938993
999565,0.015441176
999566,0.016648954
999567,0.011376953
999568,0.016338034
999569,0.011561168
999570,0.011532772
999571,0.020253727
999572,0.011216108
999573,0.010037498
999574,0.014005773
999575,0.013699879
999576,0.016061582
999577,0.016208066
999578,0.016692756
999579,0.016134823
999580,0.013901655
999581,0.016462259
999582,0.018393843
999583,0.01067828
999584,0.013893756
999585,0.011770451
999586,0.010915958
999587,0.013525391
999588,0.011221134
999589,0.01394402
999590,0.01171875
999591,0.018045582
999592,0.012007411
999593,0.013803998
999594,0.013708496
999595,0.013752297
999596,0.013737218
999597,0.019020708
999598,0.012179436
999599,0.010636632
999600,0.026798742
999601,0.012247961
999602,0.01655848
999603,0.011767578
999604,0.013855699
999605,0.010885799
999606,0.0109375
999607,0.012163229
999608,0.013786765
999609,0.01106316
999610,0.011415728
999611,0.013468664
999612,0.011345359
999613,0.015110808
999614,0.015900735
999615,0.01036254
999616,0.019106159
999617,0.017643342
999618,0.018445542
999619,0.011787684
999620,0.01103013
999621,0.011896829
999622,0.021722771
999623,0.011697209
999624,0.016506061
999625,0.012539493
999626,0.013709933
999627,0.011221134
999628,0.010848461
999629,0.013663258
999630,0.01773897
999631,0.019670842
999632,0.013666131
999633,0.014374139
999634,0.013780302
999635,0.010282151
999636,0.017091287
999637,0.011245548
999638,0.013545496
999639,0.010986328
999640,0.0109375
999641,0.014096967
999642,0.016381836
999643,0.010938936
999644,0.011114143
999645,0.017960332
999646,0.016204474
999647,0.025236242
999648,0.010722082
999649,0.017539086
999650,0.016084559
999651,0.015927531
999652,0.013643871
999653,0.011094037
999654,0.022130629
999655,0.014834415
999656,0.013919606
999657,0.016440718
999658,0.013706342
999659,0.018721277
999660,0.011040901
999661,0.018910846
999662,0.013786765
999663,0.010868566
999664,0.014073989
999665,0.010983456
999666,0.01348877
999667,0.011622529
999668,0.01662454
999669,0.011229751
999670,0.010945398
999671,0.017827338
999672,0.016243251
999673,0.01348877
999674,0.015312644
999675,0.016667625
999676,0.013490206
999677,0.011088293
999678,0.013648897
999679,0.01651755
999680,0.012749885
999681,0.011097628
999682,0.011262782
999683,0.01737313
999684,0.015606331
999685,0.013961254
999686,0.039005056
999687,0.010923857
999688,0.010890826
999689,0.018927362
999690,0.012999669
999691,0.013415528
999692,0.013824822
999693,0.010687543
999694,0.011165843
999695,0.012527476
999696,0.013238166
999697,0.012892779
999698,0.014141909
999699,0.024073701
999700,0.010915958
999701,0.014756338
999702,0.011313045
999703,0.011849861
999704,0.012547392
999705,0.034739058
999706,0.019378779
999707,0.015887093
999708,0.010995663
999709,0.013872214
999710,0.011397059
999711,0.026462769
999712,0.01372932
999713,0.012431066
999714,0.0025870057
999715,0.011586627
999716,0.011216826
999717,0.016796876
999718,0.013711369
999719,0.012472713
999720,0.010976993
999721,0.013039899
999722,0.014085478
999723,0.01101505
999724,0.019039609
999725,0.013373162
999726,0.012677616
999727,0.016352395
999728,0.011135684
999729,0.011201747
999730,0.014009364
999731,0.0293098
999732,0.01484375
999733,0.012526568
999734,0.01103013
999735,0.013839901
999736,0.010350076
999737,0.013663976
999738,0.013595043
999739,0.015891485
999740,0.024449248
999741,0.020283522
999742,0.010946116
999743,0.011227597
999744,0.016130514
999745,0.013686236
999746,0.010686179
999747,0.010653148
999748,0.010038225
999749,0.013488051
999750,0.011064596
999751,0.01786397
999752,0.012373636
999753,0.016398352
999754,0.016966501
999755,0.013006951
999756,0.013350902
999757,0.019320859
999758,0.019960299
999759,0.016355986
999760,0.013685518
999761,0.010681152
999762,0.015376319
999763,0.013735782
999764,0.013138887
999765,0.010829072
999766,0.01267179
999767,0.011060288
999768,0.025308879
999769,0.010991354
999770,0.01631362
999771,0.016101792
999772,0.016264074
999773,0.013554113
999774,0.010262695
999775,0.013264734
999776,0.012862956
999777,0.013867187
999778,0.011058134
999779,0.013327206
999780,0.019149734
999781,0.016348805
999782,0.019004911
999783,0.011209645
999784,0.023782169
999785,0.011527746
999786,0.012228573
999787,0.012955968
999788,0.010045536
999789,0.010913086
999790,0.011463839
999791,0.015788333
999792,0.012373622
999793,0.01361443
999794,0.023839613
999795,0.027881356
999796,0.021891516
999797,0.010771628
999798,0.015827494
999799,0.013652488
999800,0.010838408
999801,0.010876465
999802,0.015844727
999803,0.015157698
999804,0.013625919
999805,0.0025047448
999806,0.016986804
999807,0.013032083
999808,0.011137838
999809,0.011679256
999810,0.013697725
999811,0.01598762
999812,0.012607934
999813,0.026826061
999814,0.011602424
999815,0.014681469
999816,0.013297766
999817,0.015350701
999818,0.019990809
999819,0.014960469
999820,0.0092291208
999821,0.011073931
999822,0.018541763
999823,0.0029801847
999824,0.018405331
999825,0.010954733
999826,0.013763787
999827,0.024376005
999828,0.012400464
999829,0.01844346
999830,0.023089776
999831,0.012447582
999832,0.030257206
999833,0.016202321
999834,0.010931037
999835,0.016234633
999836,0.012442555
999837,0.012580423
999838,0.012343836
999839,0.01812385
999840,0.01372932
999841,0.0111005
999842,0.010903751
999843,0.011430807
999844,0.011010742
999845,0.018319437
999846,0.010276237
999847,0.013496668
999848,0.018658089
999849,0.011653719
999850,0.01608384
999851,0.011254882
999852,0.02060752
999853,0.01330351
999854,0.013138517
999855,0.0149475
999856,0.010808967
999857,0.016485956
999858,0.011014332
999859,0.011040901
999860,0.014886149
999861,0.012232524
999862,0.019206686
999863,0.018764729
999864,0.008679091
999865,0.025167439
999866,0.02403708
999867,0.016452206
999868,0.011125632
999869,0.013880112
999870,0.019915283
999871,0.017196834
999872,0.010634982
999873,0.016468003
999874,0.016521139
999875,0.021897977
999876,0.013560575
999877,0.013494514
999878,0.020106504
999879,0.011323817
999880,0.018995577
999881,0.012819559
999882,0.021659581
999883,0.012316895
999884,0.011101936
999885,0.019036505
999886,0.013686236
999887,0.01284567
999888,0.02120864
999889,0.011231187
999890,0.01353329
999891,0.011906164
999892,0.012362851
999893,0.010984174
999894,0.01141501
999895,0.029504394
999896,0.011109835
999897,0.011668486
999898,0.021832079
999899,0.013995002
999900,0.013544778
999901,0.015882785
999902,0.013535444
999903,0.013786765
999904,0.011086857
999905,0.014009364
999906,0.01138557
999907,0.011537081
999908,0.011063878
999909,0.013396139
999910,0.011198874
999911,0.010852051
999912,0.016406249
999913,0.010422964
999914,0.019623162
999915,0.023079619
999916,0.02437098
999917,0.016251868
999918,0.013707778
999919,0.011799172
999920,0.013131893
999921,0.010769473
999922,0.010732135
999923,0.014501235
999924,0.011155791
999925,0.016455796
999926,0.014190314
999927,0.011029412
999928,0.021872127
999929,0.02388557
999930,0.010945398
999931,0.013602223
999932,0.011305147
999933,0.01074865
999934,0.012729069
999935,0.015332749
999936,0.012757784
999937,0.013488051
999938,0.009904786
999939,0.01127068
999940,0.010928883
999941,0.020946547
999942,0.011224724
999943,0.013554113
999944,0.0149292
999945,0.011135684
999946,0.013656078
999947,0.012659194
999948,0.015659466
999949,0.011009306
999950,0.011010024
999951,0.014312385
999952,0.01368839
999953,0.011188821
999954,0.011040901
999955,0.015418199
999956,0.011145738
999957,0.012660845
999958,0.017985266
999959,0.018788056
999960,0.011056698
999961,0.013378188
999962,0.010809685
999963,0.01513241
999964,0.012339154
999965,0.012611831
999966,0.017044907
999967,0.013674029
999968,0.015970387
999969,0.012253705
999970,0.013350184
999971,0.011695772
999972,0.024682617
999973,0.011561494
999974,0.015159838
999975,0.011144302
999976,0.013795381
999977,0.01070772
999978,0.011184513
999979,0.010740751
999980,0.013857135
999981,0.01113353
999982,0.013859289
999983,0.018972598
999984,0.011077521
999985,0.024235265
999986,0.020001052
999987,0.0092781857
999988,0.016516831
999989,0.013295611
999990,0.011392033
999991,0.013625919
999992,0.011707979
999993,0.015949564
999994,0.013639562
999995,0.024213005
999996,0.010816148
999997,0.01759501
999998,0.013517492
999999,0.013320025
