LECROYHDO6104B,11090,Waveform
Segments,1,SegmentSize,5002
Segment,TrigTime,TimeSinceSegment1
#1,04-May-2026 18:49:22,0                 
Time,Ampl
-3.701101e-08,-0.0056335765
-3.691101e-08,-0.0056608628
-3.681101e-08,-0.0056730699
-3.671101e-08,-0.0056644531
-3.661101e-08,-0.0056414752
-3.651101e-08,-0.0056163431
-3.641101e-08,-0.005604136
-3.631101e-08,-0.0056127528
-3.621101e-08,-0.0056407571
-3.611101e-08,-0.0056766602
-3.601101e-08,-0.0057075368
-3.591101e-08,-0.0057240522
-3.581101e-08,-0.0057247702
-3.571101e-08,-0.0057161535
-3.561101e-08,-0.0057075368
-3.551101e-08,-0.0057046645
-3.541101e-08,-0.0057068187
-3.531101e-08,-0.0057096909
-3.521101e-08,-0.0057075368
-3.511101e-08,-0.00569892
-3.501101e-08,-0.005686713
-3.491101e-08,-0.0056802505
-3.481101e-08,-0.0056845588
-3.471101e-08,-0.0057017923
-3.461101e-08,-0.0057254883
-3.451101e-08,-0.005745594
-3.441101e-08,-0.0057534926
-3.431101e-08,-0.0057470301
-3.421101e-08,-0.0057305147
-3.411101e-08,-0.0057147174
-3.401101e-08,-0.0057075368
-3.391101e-08,-0.0057111271
-3.381101e-08,-0.0057204619
-3.371101e-08,-0.0057254883
-3.361101e-08,-0.0057190257
-3.351101e-08,-0.0057003562
-3.341101e-08,-0.005675224
-3.331101e-08,-0.0056558364
-3.321101e-08,-0.0056500919
-3.311101e-08,-0.0056587086
-3.301101e-08,-0.005675224
-3.291101e-08,-0.005686713
-3.281101e-08,-0.0056845588
-3.271101e-08,-0.0056673254
-3.261101e-08,-0.0056443474
-3.251101e-08,-0.005627114
-3.241101e-08,-0.005627114
-3.231101e-08,-0.0056443474
-3.221101e-08,-0.0056694795
-3.211101e-08,-0.005686713
-3.201101e-08,-0.0056845588
-3.191101e-08,-0.0056594267
-3.181101e-08,-0.0056206514
-3.171101e-08,-0.0055861845
-3.161101e-08,-0.0055696691
-3.151101e-08,-0.0055775678
-3.141101e-08,-0.0056026999
-3.131101e-08,-0.0056285501
-3.121101e-08,-0.0056386029
-3.111101e-08,-0.0056242417
-3.101101e-08,-0.0055904929
-3.091101e-08,-0.0055509995
-3.081101e-08,-0.0055237132
-3.071101e-08,-0.0055179687
-3.061101e-08,-0.0055316119
-3.051101e-08,-0.0055538718
-3.041101e-08,-0.0055696691
-3.031101e-08,-0.0055689511
-3.021101e-08,-0.0055517176
-3.011101e-08,-0.0055287397
-3.001101e-08,-0.0055122243
-2.991101e-08,-0.0055107881
-2.981101e-08,-0.0055251494
-2.971101e-08,-0.005544537
-2.961101e-08,-0.0055581801
-2.951101e-08,-0.0055574621
-2.941101e-08,-0.0055438189
-2.931101e-08,-0.0055251494
-2.921101e-08,-0.0055122243
-2.911101e-08,-0.0055143784
-2.901101e-08,-0.0055316119
-2.891101e-08,-0.0055574621
-2.881101e-08,-0.0055811581
-2.871101e-08,-0.0055948012
-2.861101e-08,-0.0055955193
-2.851101e-08,-0.0055890568
-2.841101e-08,-0.0055811581
-2.831101e-08,-0.0055768497
-2.821101e-08,-0.0055775678
-2.811101e-08,-0.00558044
-2.801101e-08,-0.0055811581
-2.791101e-08,-0.00558044
-2.781101e-08,-0.0055811581
-2.771101e-08,-0.0055876206
-2.761101e-08,-0.005604136
-2.751101e-08,-0.0056263959
-2.741101e-08,-0.0056479377
-2.731101e-08,-0.0056572725
-2.721101e-08,-0.0056500919
-2.711101e-08,-0.0056285501
-2.701101e-08,-0.005603418
-2.691101e-08,-0.0055883387
-2.681101e-08,-0.0055926471
-2.671101e-08,-0.0056163431
-2.661101e-08,-0.0056493739
-2.651101e-08,-0.0056759421
-2.641101e-08,-0.0056845588
-2.631101e-08,-0.0056709157
-2.621101e-08,-0.0056436294
-2.611101e-08,-0.0056163431
-2.601101e-08,-0.005604136
-2.591101e-08,-0.0056127528
-2.581101e-08,-0.0056378849
-2.571101e-08,-0.0056658892
-2.561101e-08,-0.0056845588
-2.551101e-08,-0.0056859949
-2.541101e-08,-0.0056737879
-2.531101e-08,-0.0056579906
-2.521101e-08,-0.0056500919
-2.511101e-08,-0.0056558364
-2.501101e-08,-0.0056716337
-2.491101e-08,-0.0056881491
-2.481101e-08,-0.0056960478
-2.471101e-08,-0.0056895852
-2.461101e-08,-0.0056737879
-2.451101e-08,-0.0056572725
-2.441101e-08,-0.0056500919
-2.431101e-08,-0.0056565545
-2.421101e-08,-0.0056709157
-2.411101e-08,-0.0056831227
-2.401101e-08,-0.0056845588
-2.391101e-08,-0.0056709157
-2.381101e-08,-0.0056493739
-2.371101e-08,-0.0056307043
-2.361101e-08,-0.005627114
-2.351101e-08,-0.0056421932
-2.341101e-08,-0.0056687615
-2.331101e-08,-0.0056953297
-2.321101e-08,-0.0057075368
-2.311101e-08,-0.0056996381
-2.301101e-08,-0.005675224
-2.291101e-08,-0.0056465016
-2.281101e-08,-0.005627114
-2.271101e-08,-0.0056242417
-2.261101e-08,-0.0056364488
-2.251101e-08,-0.0056529642
-2.241101e-08,-0.0056615809
-2.231101e-08,-0.0056558364
-2.221101e-08,-0.0056371668
-2.211101e-08,-0.0056163431
-2.201101e-08,-0.005604136
-2.191101e-08,-0.0056070083
-2.181101e-08,-0.0056228056
-2.171101e-08,-0.0056407571
-2.161101e-08,-0.0056500919
-2.151101e-08,-0.0056429113
-2.141101e-08,-0.0056206514
-2.131101e-08,-0.005591929
-2.121101e-08,-0.0055696691
-2.111101e-08,-0.0055610524
-2.101101e-08,-0.0055653608
-2.091101e-08,-0.0055761317
-2.081101e-08,-0.0055811581
-2.071101e-08,-0.0055739775
-2.061101e-08,-0.0055545898
-2.051101e-08,-0.0055308938
-2.041101e-08,-0.0055122243
-2.031101e-08,-0.0055057617
-2.021101e-08,-0.0055107881
-2.011101e-08,-0.0055201229
-2.001101e-08,-0.0055237132
-1.991101e-08,-0.0055136604
-1.981101e-08,-0.0054892463
-1.971101e-08,-0.0054583697
-1.961101e-08,-0.0054318015
-1.951101e-08,-0.0054181583
-1.941101e-08,-0.0054210306
-1.931101e-08,-0.0054353918
-1.921101e-08,-0.0054547794
-1.911101e-08,-0.0054698587
-1.901101e-08,-0.0054777574
-1.891101e-08,-0.0054784754
-1.881101e-08,-0.0054777574
-1.871101e-08,-0.0054791935
-1.861101e-08,-0.005484938
-1.851101e-08,-0.0054935547
-1.841101e-08,-0.0055007353
-1.831101e-08,-0.0055050437
-1.821101e-08,-0.005508634
-1.811101e-08,-0.0055129423
-1.801101e-08,-0.0055237132
-1.791101e-08,-0.0055409467
-1.781101e-08,-0.0055624885
-1.771101e-08,-0.0055818761
-1.761101e-08,-0.0055926471
-1.751101e-08,-0.0055933651
-1.741101e-08,-0.0055869026
-1.731101e-08,-0.005579722
-1.721101e-08,-0.0055811581
-1.711101e-08,-0.0055948012
-1.701101e-08,-0.0056192153
-1.691101e-08,-0.0056486558
-1.681101e-08,-0.0056730699
-1.671101e-08,-0.005686713
-1.661101e-08,-0.0056859949
-1.651101e-08,-0.0056759421
-1.641101e-08,-0.0056615809
-1.631101e-08,-0.0056500919
-1.621101e-08,-0.0056443474
-1.611101e-08,-0.0056450655
-1.601101e-08,-0.0056500919
-1.591101e-08,-0.0056565545
-1.581101e-08,-0.0056644531
-1.571101e-08,-0.0056730699
-1.561101e-08,-0.0056845588
-1.551101e-08,-0.0056974839
-1.541101e-08,-0.0057082548
-1.531101e-08,-0.0057125632
-1.521101e-08,-0.0057075368
-1.511101e-08,-0.0056931756
-1.501101e-08,-0.0056737879
-1.491101e-08,-0.0056572725
-1.481101e-08,-0.0056500919
-1.471101e-08,-0.0056558364
-1.461101e-08,-0.0056723518
-1.451101e-08,-0.0056924575
-1.441101e-08,-0.0057075368
-1.431101e-08,-0.0057111271
-1.421101e-08,-0.0057017923
-1.411101e-08,-0.0056831227
-1.401101e-08,-0.0056615809
-1.391101e-08,-0.0056450655
-1.381101e-08,-0.0056378849
-1.371101e-08,-0.0056400391
-1.361101e-08,-0.0056500919
-1.351101e-08,-0.005663017
-1.341101e-08,-0.005674506
-1.331101e-08,-0.0056824046
-1.321101e-08,-0.0056845588
-1.311101e-08,-0.0056809685
-1.301101e-08,-0.0056709157
-1.291101e-08,-0.0056565545
-1.281101e-08,-0.0056386029
-1.271101e-08,-0.0056220875
-1.261101e-08,-0.0056105986
-1.251101e-08,-0.0056084444
-1.241101e-08,-0.005615625
-1.231101e-08,-0.0056292682
-1.221101e-08,-0.0056436294
-1.211101e-08,-0.0056522461
-1.201101e-08,-0.0056500919
-1.191101e-08,-0.0056378849
-1.181101e-08,-0.0056199334
-1.171101e-08,-0.0056026999
-1.161101e-08,-0.0055926471
-1.151101e-08,-0.005591929
-1.141101e-08,-0.0055983915
-1.131101e-08,-0.0056084444
-1.121101e-08,-0.005615625
-1.111101e-08,-0.0056177792
-1.101101e-08,-0.0056141889
-1.091101e-08,-0.0056084444
-1.081101e-08,-0.005604136
-1.071101e-08,-0.0056026999
-1.061101e-08,-0.005603418
-1.051101e-08,-0.005604136
-1.041101e-08,-0.005604136
-1.031101e-08,-0.0056019818
-1.021101e-08,-0.0055998277
-1.011101e-08,-0.0056005457
-1.001101e-08,-0.005604136
-9.911013e-09,-0.0056098805
-9.811013e-09,-0.005615625
-9.711013e-09,-0.0056177792
-9.611013e-09,-0.005615625
-9.511013e-09,-0.0056120347
-9.411013e-09,-0.0056120347
-9.311013e-09,-0.0056206514
-9.211013e-09,-0.0056386029
-9.111013e-09,-0.005663017
-9.011013e-09,-0.0056874311
-8.911013e-09,-0.0057032284
-8.811013e-09,-0.0057075368
-8.711013e-09,-0.0057017923
-8.611013e-09,-0.0056924575
-8.511013e-09,-0.0056881491
-8.411013e-09,-0.0056960478
-8.311013e-09,-0.0057147174
-8.211013e-09,-0.0057384134
-8.111013e-09,-0.005757083
-8.011013e-09,-0.0057649816
-7.911013e-09,-0.0057592371
-7.811013e-09,-0.005746312
-7.711013e-09,-0.005734105
-7.611013e-09,-0.0057305147
-7.511013e-09,-0.0057384134
-7.411013e-09,-0.0057549288
-7.311013e-09,-0.005770008
-7.211013e-09,-0.0057764706
-7.111013e-09,-0.005770008
-7.011013e-09,-0.0057542107
-6.911013e-09,-0.005734105
-6.811013e-09,-0.0057190257
-6.711013e-09,-0.0057132812
-6.611013e-09,-0.0057161535
-6.511013e-09,-0.0057233341
-6.411013e-09,-0.0057305147
-6.311013e-09,-0.005734105
-6.211013e-09,-0.0057355411
-6.111013e-09,-0.0057369773
-6.011013e-09,-0.0057420037
-5.911013e-09,-0.0057484662
-5.811013e-09,-0.0057527746
-5.711013e-09,-0.0057477482
-5.611013e-09,-0.0057305147
-5.511013e-09,-0.0057025103
-5.411013e-09,-0.0056716337
-5.311013e-09,-0.0056479377
-5.211013e-09,-0.0056386029
-5.111013e-09,-0.0056436294
-5.011013e-09,-0.0056551183
-4.911013e-09,-0.0056608628
-4.811013e-09,-0.0056500919
-4.711013e-09,-0.0056177792
-4.611013e-09,-0.0055675149
-4.511013e-09,-0.005509352
-4.411013e-09,-0.0054547794
-4.311013e-09,-0.0054102597
-4.211013e-09,-0.0053750747
-4.111013e-09,-0.0053398897
-4.011013e-09,-0.0052939338
-3.911013e-09,-0.0052293084
-3.811013e-09,-0.0051460133
-3.711013e-09,-0.0050497932
-3.611013e-09,-0.0049492647
-3.511013e-09,-0.0048530446
-3.411013e-09,-0.004763287
-3.311013e-09,-0.0046749655
-3.211013e-09,-0.0045816176
-3.111013e-09,-0.0044753447
-3.011013e-09,-0.0043532744
-2.911013e-09,-0.004218279
-2.811013e-09,-0.0040761029
-2.711013e-09,-0.0039317727
-2.611013e-09,-0.0037881606
-2.511013e-09,-0.0036423943
-2.411013e-09,-0.0034901654
-2.311013e-09,-0.0033286018
-2.211013e-09,-0.0031569853
-2.111013e-09,-0.0029789062
-2.011013e-09,-0.0028008272
-1.911013e-09,-0.0026277746
-1.811013e-09,-0.0024619026
-1.711013e-09,-0.0023024931
-1.611013e-09,-0.0021459559
-1.511013e-09,-0.0019894187
-1.411013e-09,-0.0018321634
-1.311013e-09,-0.0016763442
-1.211013e-09,-0.0015255515
-1.111013e-09,-0.0013812213
-1.011013e-09,-0.0012433536
-9.110127e-10,-0.0011090763
-8.110127e-10,-0.00097408088
-7.110127e-10,-0.0008369313
-6.110127e-10,-0.00069978171
-5.110127e-10,-0.00056694049
-4.110127e-10,-0.00044558824
-3.110127e-10,-0.00033931526
-2.110127e-10,-0.00024740349
-1.110127e-10,-0.0001669807
-1.101268e-11,-8.9430147e-05
8.898732e-11,-9.0073529e-06
1.889873e-10,7.7159926e-05
2.889873e-10,0.00016691751
3.889873e-10,0.00025523897
4.889873e-10,0.00033566176
5.889873e-10,0.00040244141
6.889873e-10,0.00045485983
7.889873e-10,0.00049650735
8.889873e-10,0.00053097426
9.889873e-10,0.00056400506
1.088987e-09,0.00059847197
1.188987e-09,0.000634375
1.288987e-09,0.00067027803
1.388987e-09,0.00070474494
1.488987e-09,0.00073490349
1.588987e-09,0.00076075368
1.688987e-09,0.00078157744
1.788987e-09,0.00079809283
1.888987e-09,0.0008095818
1.988987e-09,0.00081819853
2.088987e-09,0.00082394301
2.188987e-09,0.0008296875
2.288987e-09,0.00083830423
2.388987e-09,0.00085266544
2.488987e-09,0.00087492532
2.588987e-09,0.00090364775
2.688987e-09,0.00093596048
2.788987e-09,0.00096755515
2.888987e-09,0.00099268727
2.988987e-09,0.0010070485
3.088987e-09,0.0010092027
3.188987e-09,0.0010020221
3.288987e-09,0.00098837891
3.388987e-09,0.00097545381
3.488987e-09,0.00096683709
3.588987e-09,0.00096755515
3.688987e-09,0.000977608
3.788987e-09,0.00099555951
3.888987e-09,0.0010163833
3.988987e-09,0.001036489
4.088987e-09,0.0010515682
4.188987e-09,0.0010594669
4.288987e-09,0.001060903
4.388987e-09,0.0010594669
4.488987e-09,0.0010594669
4.588987e-09,0.0010644933
4.688987e-09,0.0010759823
4.788987e-09,0.0010939338
4.888987e-09,0.0011140395
4.988987e-09,0.001131991
5.088987e-09,0.0011449161
5.188987e-09,0.0011513787
5.288987e-09,0.0011535329
5.388987e-09,0.0011535329
5.488987e-09,0.0011564051
5.588987e-09,0.0011628676
5.688987e-09,0.0011722024
5.788987e-09,0.0011829733
5.888987e-09,0.0011915901
5.988987e-09,0.0011973346
6.088987e-09,0.0011994887
6.188987e-09,0.0012009249
6.288987e-09,0.0012037971
6.388987e-09,0.0012088235
6.488987e-09,0.001214568
6.588987e-09,0.0012188764
6.688987e-09,0.0012174403
6.788987e-09,0.0012088235
6.888987e-09,0.0011951804
6.988987e-09,0.0011815372
7.088987e-09,0.0011729205
7.188987e-09,0.0011743566
7.288987e-09,0.0011872817
7.388987e-09,0.0012095416
7.488987e-09,0.0012339557
7.588987e-09,0.0012547794
7.688987e-09,0.0012662684
7.788987e-09,0.0012677045
7.888987e-09,0.0012626781
7.988987e-09,0.0012547794
8.088987e-09,0.001249753
8.188987e-09,0.001250471
8.288987e-09,0.0012569336
8.388987e-09,0.0012662684
8.488987e-09,0.0012756032
8.588987e-09,0.0012820657
8.688987e-09,0.0012863741
8.788987e-09,0.0012892463
8.888987e-09,0.0012921186
8.988987e-09,0.0012957089
9.088987e-09,0.0012992992
9.188987e-09,0.0013007353
9.288987e-09,0.0012985811
9.388987e-09,0.0012928366
9.488987e-09,0.0012842199
9.588987e-09,0.0012777574
9.688987e-09,0.0012756032
9.788987e-09,0.0012799115
9.888987e-09,0.0012892463
9.988987e-09,0.0013007353
1.008899e-08,0.0013100701
1.018899e-08,0.0013136604
1.028899e-08,0.0013100701
1.038899e-08,0.0013007353
1.048899e-08,0.0012892463
1.058899e-08,0.0012806296
1.068899e-08,0.0012763212
1.078899e-08,0.0012777574
1.088899e-08,0.0012827838
1.098899e-08,0.0012878102
1.108899e-08,0.0012906824
1.118899e-08,0.0012892463
1.128899e-08,0.0012842199
1.138899e-08,0.0012770393
1.148899e-08,0.0012705767
1.158899e-08,0.0012662684
1.168899e-08,0.0012633961
1.178899e-08,0.00126196
1.188899e-08,0.0012590878
1.198899e-08,0.0012547794
1.208899e-08,0.0012490349
1.218899e-08,0.0012440085
1.228899e-08,0.0012418543
1.238899e-08,0.0012432904
1.248899e-08,0.0012490349
1.258899e-08,0.0012569336
1.268899e-08,0.0012633961
1.278899e-08,0.0012662684
1.288899e-08,0.0012633961
1.298899e-08,0.0012562155
1.308899e-08,0.0012483169
1.318899e-08,0.0012432904
1.328899e-08,0.0012454446
1.338899e-08,0.0012554975
1.348899e-08,0.0012720129
1.358899e-08,0.0012892463
1.368899e-08,0.0013028895
1.378899e-08,0.0013071978
1.388899e-08,0.0013021714
1.398899e-08,0.0012892463
1.408899e-08,0.0012727309
1.418899e-08,0.0012569336
1.428899e-08,0.0012468807
1.438899e-08,0.0012432904
1.448899e-08,0.0012454446
1.458899e-08,0.001249753
1.468899e-08,0.0012533433
1.478899e-08,0.0012547794
1.488899e-08,0.0012526252
1.498899e-08,0.0012475988
1.508899e-08,0.0012404182
1.518899e-08,0.0012318015
1.528899e-08,0.0012210306
1.538899e-08,0.0012088235
1.548899e-08,0.0011966165
1.558899e-08,0.0011858456
1.568899e-08,0.0011801011
1.578899e-08,0.0011808192
1.588899e-08,0.0011879998
1.598899e-08,0.0011973346
1.608899e-08,0.0012037971
1.618899e-08,0.0012016429
1.628899e-08,0.0011872817
1.638899e-08,0.0011628676
1.648899e-08,0.0011355813
1.658899e-08,0.0011140395
1.668899e-08,0.0011061409
1.678899e-08,0.0011169118
1.688899e-08,0.00114348
1.698899e-08,0.0011772289
1.708899e-08,0.0012102597
1.718899e-08,0.0012318015
1.728899e-08,0.0012389821
1.738899e-08,0.0012318015
1.748899e-08,0.0012160041
1.758899e-08,0.0011973346
1.768899e-08,0.0011801011
1.778899e-08,0.001167176
1.788899e-08,0.0011578412
1.798899e-08,0.0011513787
1.808899e-08,0.0011485064
1.818899e-08,0.0011492245
1.828899e-08,0.0011542509
1.838899e-08,0.0011628676
1.848899e-08,0.0011722024
1.858899e-08,0.0011772289
1.868899e-08,0.0011750747
1.878899e-08,0.0011628676
1.888899e-08,0.0011441981
1.898899e-08,0.0011262466
1.908899e-08,0.0011154756
1.918899e-08,0.0011169118
1.928899e-08,0.001131273
1.938899e-08,0.0011528148
1.948899e-08,0.0011736386
1.958899e-08,0.0011858456
1.968899e-08,0.0011858456
1.978899e-08,0.0011743566
1.988899e-08,0.0011571232
1.998899e-08,0.0011398897
2.008899e-08,0.0011269646
2.018899e-08,0.0011190659
2.028899e-08,0.0011126034
2.038899e-08,0.0011054228
2.048899e-08,0.0010946519
2.058899e-08,0.0010824449
2.068899e-08,0.0010731101
2.078899e-08,0.0010709559
2.088899e-08,0.0010774184
2.098899e-08,0.0010896255
2.108899e-08,0.0011011144
2.118899e-08,0.0011054228
2.128899e-08,0.0010975241
2.138899e-08,0.0010774184
2.148899e-08,0.0010508502
2.158899e-08,0.001025
2.168899e-08,0.0010077665
2.178899e-08,0.0010020221
2.188899e-08,0.0010056124
2.198899e-08,0.001013511
2.208899e-08,0.0010185375
2.218899e-08,0.0010163833
2.228899e-08,0.0010063304
2.238899e-08,0.00099053309
2.248899e-08,0.00097401769
2.258899e-08,0.00096037454
2.268899e-08,0.00095103975
2.278899e-08,0.00094457721
2.288899e-08,0.00093883272
2.298899e-08,0.00093237017
2.308899e-08,0.00092231733
2.318899e-08,0.00091011029
2.328899e-08,0.00089790326
2.338899e-08,0.00088713235
2.348899e-08,0.00087995175
2.358899e-08,0.00087564338
2.368899e-08,0.00087420726
2.378899e-08,0.00087636144
2.388899e-08,0.00088066981
2.398899e-08,0.00088713235
2.408899e-08,0.00089574908
2.418899e-08,0.00090364775
2.428899e-08,0.00090939223
2.438899e-08,0.00091011029
2.448899e-08,0.00090436581
2.458899e-08,0.00089287684
2.468899e-08,0.00087779756
2.478899e-08,0.00086415441
2.488899e-08,0.00085481962
2.498899e-08,0.00085266544
2.508899e-08,0.00085625574
2.518899e-08,0.00086415441
2.528899e-08,0.00087205308
2.538899e-08,0.0008770795
2.548899e-08,0.00087779756
2.558899e-08,0.00087564338
2.568899e-08,0.00087133502
2.578899e-08,0.00086774472
2.588899e-08,0.00086559053
2.598899e-08,0.00086415441
2.608899e-08,0.00086271829
2.618899e-08,0.00085984605
2.628899e-08,0.00085625574
2.638899e-08,0.00085266544
2.648899e-08,0.00085122932
2.658899e-08,0.00085410156
2.668899e-08,0.00085912799
2.678899e-08,0.00086415441
2.688899e-08,0.00086559053
2.698899e-08,0.00086056411
2.708899e-08,0.00084763902
2.718899e-08,0.0008296875
2.728899e-08,0.00081173598
2.738899e-08,0.00080024701
2.748899e-08,0.00079881089
2.758899e-08,0.00080670956
2.768899e-08,0.00082035271
2.778899e-08,0.00083255974
2.788899e-08,0.00083686811
2.798899e-08,0.0008296875
2.808899e-08,0.0008131721
2.818899e-08,0.00079306641
2.828899e-08,0.00077726907
2.838899e-08,0.00077224265
2.848899e-08,0.00077942325
2.858899e-08,0.00079665671
2.868899e-08,0.00081532629
2.878899e-08,0.0008296875
2.888899e-08,0.00083255974
2.898899e-08,0.00082322495
2.908899e-08,0.00080527344
2.918899e-08,0.00078373162
2.928899e-08,0.00076506204
2.938899e-08,0.00075357307
2.948899e-08,0.00074926471
2.958899e-08,0.00074926471
2.968899e-08,0.00074998277
2.978899e-08,0.00074926471
2.988899e-08,0.00074495634
2.998899e-08,0.00073777574
3.008899e-08,0.00072915901
3.018899e-08,0.00072126034
3.028899e-08,0.00071264361
3.038899e-08,0.00070330882
3.048899e-08,0.00069181985
3.058899e-08,0.00067674058
3.068899e-08,0.00066094324
3.078899e-08,0.00064586397
3.088899e-08,0.00063365694
3.098899e-08,0.00062647633
3.108899e-08,0.00062360409
3.118899e-08,0.00062288603
3.128899e-08,0.00062073185
3.138899e-08,0.0006142693
3.148899e-08,0.00060349839
3.158899e-08,0.00058841912
3.168899e-08,0.00057190372
3.178899e-08,0.00055754251
3.188899e-08,0.00054748966
3.198899e-08,0.00054246324
3.208899e-08,0.00054174517
3.218899e-08,0.00054461742
3.228899e-08,0.00054892578
3.238899e-08,0.00055395221
3.248899e-08,0.00055969669
3.258899e-08,0.00056615924
3.268899e-08,0.00057190372
3.278899e-08,0.00057693015
3.288899e-08,0.00057908433
3.298899e-08,0.00057693015
3.308899e-08,0.00057190372
3.318899e-08,0.00056544118
3.328899e-08,0.00056113281
3.338899e-08,0.00056185087
3.348899e-08,0.00056759536
3.358899e-08,0.00057693015
3.368899e-08,0.00058554688
3.378899e-08,0.00058913718
3.388899e-08,0.00058267463
3.398899e-08,0.00056544118
3.408899e-08,0.00054030905
3.418899e-08,0.00051302275
3.428899e-08,0.00048860869
3.438899e-08,0.00047352941
3.448899e-08,0.00046778493
3.458899e-08,0.00046922105
3.468899e-08,0.00047352941
3.478899e-08,0.00047352941
3.488899e-08,0.00046634881
3.498899e-08,0.00045126953
3.508899e-08,0.00042972771
3.518899e-08,0.00040459559
3.528899e-08,0.00037946347
3.538899e-08,0.00035648552
3.548899e-08,0.0003349437
3.558899e-08,0.00031268382
3.568899e-08,0.00028898782
3.578899e-08,0.00026241958
3.588899e-08,0.00023513327
3.598899e-08,0.00020928309
3.608899e-08,0.00018702321
3.618899e-08,0.00017050781
3.628899e-08,0.00015901884
3.638899e-08,0.00015183824
3.648899e-08,0.00014609375
3.658899e-08,0.0001396312
3.668899e-08,0.00013029642
3.678899e-08,0.00011737132
3.688899e-08,0.00010157399
3.698899e-08,8.4340533e-05
3.708899e-08,6.6389017e-05
3.718899e-08,4.84375e-05
3.728899e-08,3.1922105e-05
3.738899e-08,1.6842831e-05
3.748899e-08,3.1996783e-06
3.758899e-08,-9.0073529e-06
3.768899e-08,-2.1214384e-05
3.778899e-08,-3.3421415e-05
3.788899e-08,-4.4910386e-05
3.798899e-08,-5.4963235e-05
3.808899e-08,-6.1425781e-05
3.818899e-08,-6.1425781e-05
3.828899e-08,-5.4963235e-05
3.838899e-08,-4.3474265e-05
3.848899e-08,-2.9831112e-05
3.858899e-08,-1.8342142e-05
3.868899e-08,-1.4751838e-05
3.878899e-08,-2.0496324e-05
3.888899e-08,-3.5575597e-05
3.898899e-08,-5.5681296e-05
3.908899e-08,-7.5786994e-05
3.918899e-08,-8.9430147e-05
3.928899e-08,-9.302045e-05
3.938899e-08,-8.6557904e-05
3.948899e-08,-7.2196691e-05
3.958899e-08,-5.4963235e-05
3.968899e-08,-4.0602022e-05
3.978899e-08,-3.4139476e-05
3.988899e-08,-3.4857537e-05
3.998899e-08,-4.3474265e-05
4.008899e-08,-5.6399357e-05
4.018899e-08,-7.0042509e-05
4.028899e-08,-8.224954e-05
4.038899e-08,-8.9430147e-05
4.048899e-08,-9.1584329e-05
4.058899e-08,-9.0148208e-05
4.068899e-08,-8.4403722e-05
4.078899e-08,-7.7941176e-05
4.088899e-08,-7.2196691e-05
4.098899e-08,-6.7888327e-05
4.108899e-08,-6.6452206e-05
4.118899e-08,-6.6452206e-05
4.128899e-08,-6.7170267e-05
4.138899e-08,-6.5734145e-05
4.148899e-08,-6.2143842e-05
4.158899e-08,-5.4963235e-05
4.168899e-08,-4.6346507e-05
4.178899e-08,-3.844784e-05
4.188899e-08,-3.2703355e-05
4.198899e-08,-3.1985294e-05
4.208899e-08,-3.4857537e-05
4.218899e-08,-3.9165901e-05
4.228899e-08,-4.2756204e-05
4.238899e-08,-4.3474265e-05
4.248899e-08,-4.1320083e-05
4.258899e-08,-3.7011719e-05
4.268899e-08,-3.3421415e-05
4.278899e-08,-3.1985294e-05
4.288899e-08,-3.2703355e-05
4.298899e-08,-3.4857537e-05
4.308899e-08,-3.5575597e-05
4.318899e-08,-3.1985294e-05
4.328899e-08,-2.4086627e-05
4.338899e-08,-1.4033778e-05
4.348899e-08,-3.2628676e-06
4.358899e-08,2.4816176e-06
4.368899e-08,1.763557e-06
4.378899e-08,-6.1351103e-06
4.388899e-08,-1.9060202e-05
4.398899e-08,-3.1985294e-05
4.408899e-08,-4.1320083e-05
4.418899e-08,-4.4192325e-05
4.428899e-08,-4.0602022e-05
4.438899e-08,-3.1985294e-05
4.448899e-08,-2.2650506e-05
4.458899e-08,-1.8342142e-05
4.468899e-08,-2.0496324e-05
4.478899e-08,-3.1985294e-05
4.488899e-08,-5.1372932e-05
4.498899e-08,-7.4350873e-05
4.508899e-08,-9.6610754e-05
4.518899e-08,-0.00011240809
4.528899e-08,-0.00011815257
4.538899e-08,-0.00011240809
4.548899e-08,-9.7328814e-05
4.558899e-08,-7.7941176e-05
4.568899e-08,-5.998966e-05
4.578899e-08,-5.0654871e-05
4.588899e-08,-5.2090993e-05
4.598899e-08,-6.6452206e-05
4.608899e-08,-8.8712086e-05
4.618899e-08,-0.00011384421
4.628899e-08,-0.00013466797
4.638899e-08,-0.000146875
4.648899e-08,-0.0001504653
4.658899e-08,-0.000146875
4.668899e-08,-0.00014041245
4.678899e-08,-0.00013538603
4.688899e-08,-0.00013394991
4.698899e-08,-0.00013682215
4.708899e-08,-0.00014113051
4.718899e-08,-0.000146875
4.728899e-08,-0.00015261949
4.738899e-08,-0.00015908203
4.748899e-08,-0.00016769876
4.758899e-08,-0.00018134191
4.768899e-08,-0.00019785731
4.778899e-08,-0.00021580882
4.788899e-08,-0.0002308881
4.798899e-08,-0.00023878676
4.808899e-08,-0.00023950483
4.818899e-08,-0.0002344784
4.828899e-08,-0.00022873392
4.838899e-08,-0.00022729779
4.848899e-08,-0.00023376034
4.858899e-08,-0.00024955767
4.868899e-08,-0.00027181756
4.878899e-08,-0.00029623162
4.888899e-08,-0.00031705538
4.898899e-08,-0.00033213465
4.908899e-08,-0.00033931526
4.918899e-08,-0.0003421875
4.928899e-08,-0.00034362362
4.938899e-08,-0.00034721392
4.948899e-08,-0.00035439453
4.958899e-08,-0.00036516544
4.968899e-08,-0.00037737247
4.978899e-08,-0.00038886144
4.988899e-08,-0.00039676011
4.998899e-08,-0.00039963235
5.008899e-08,-0.00039891429
5.018899e-08,-0.00039604205
5.028899e-08,-0.00039532399
5.038899e-08,-0.00039963235
5.048899e-08,-0.00041112132
5.058899e-08,-0.0004297909
5.068899e-08,-0.00045420496
5.078899e-08,-0.00048005515
5.088899e-08,-0.00050231503
5.098899e-08,-0.00051667624
5.108899e-08,-0.00052026654
5.118899e-08,-0.00051452206
5.128899e-08,-0.00050231503
5.138899e-08,-0.00048795381
5.148899e-08,-0.00047574678
5.158899e-08,-0.00046856618
5.168899e-08,-0.00046713006
5.178899e-08,-0.00047072036
5.188899e-08,-0.00047933709
5.198899e-08,-0.00049154412
5.208899e-08,-0.00050877757
5.218899e-08,-0.00053103745
5.228899e-08,-0.00055688764
5.238899e-08,-0.00058345588
5.248899e-08,-0.0006049977
5.258899e-08,-0.00061720473
5.268899e-08,-0.00061720473
5.278899e-08,-0.00060643382
5.288899e-08,-0.00059135455
5.298899e-08,-0.00058058364
5.308899e-08,-0.00058058364
5.318899e-08,-0.00059494485
5.328899e-08,-0.00061935892
5.338899e-08,-0.00064449104
5.348899e-08,-0.00066172449
5.358899e-08,-0.00066387868
5.368899e-08,-0.00064951746
5.378899e-08,-0.0006251034
5.388899e-08,-0.00059997128
5.398899e-08,-0.00058345588
5.408899e-08,-0.00058058364
5.418899e-08,-0.00059135455
5.428899e-08,-0.00061002413
5.438899e-08,-0.00062941176
5.448899e-08,-0.00064305492
5.458899e-08,-0.00064951746
5.468899e-08,-0.00065167165
5.478899e-08,-0.00065238971
5.488899e-08,-0.00065526195
5.498899e-08,-0.00066028837
5.508899e-08,-0.00066387868
5.518899e-08,-0.00066387868
5.528899e-08,-0.00065741613
5.538899e-08,-0.00064592716
5.548899e-08,-0.00063443819
5.558899e-08,-0.00062941176
5.568899e-08,-0.00063515625
5.578899e-08,-0.00065167165
5.588899e-08,-0.00067536765
5.598899e-08,-0.00069834559
5.608899e-08,-0.00071414292
5.618899e-08,-0.00071988741
5.628899e-08,-0.00071701517
5.638899e-08,-0.00070983456
5.648899e-08,-0.00070552619
5.658899e-08,-0.00070768038
5.668899e-08,-0.00071773323
5.678899e-08,-0.0007328125
5.688899e-08,-0.00074717371
5.698899e-08,-0.0007565085
5.708899e-08,-0.00075866268
5.718899e-08,-0.00075579044
5.728899e-08,-0.00075220014
5.738899e-08,-0.00075148208
5.748899e-08,-0.0007565085
5.758899e-08,-0.00076727941
5.768899e-08,-0.00078092256
5.778899e-08,-0.00079384766
5.788899e-08,-0.00080461857
5.798899e-08,-0.00081323529
5.808899e-08,-0.0008204159
5.818899e-08,-0.00082831457
5.828899e-08,-0.00083764936
5.838899e-08,-0.00084770221
5.848899e-08,-0.00085488281
5.858899e-08,-0.00085775506
5.868899e-08,-0.00085488281
5.878899e-08,-0.00084770221
5.888899e-08,-0.0008405216
5.898899e-08,-0.00083621324
5.908899e-08,-0.00083908548
5.918899e-08,-0.00084770221
5.928899e-08,-0.00085919118
5.938899e-08,-0.00086852597
5.948899e-08,-0.00087283433
5.958899e-08,-0.00087068015
5.968899e-08,-0.00086493566
5.978899e-08,-0.00086134536
5.988899e-08,-0.00086206342
5.998899e-08,-0.00087068015
6.008899e-08,-0.00088360524
6.018899e-08,-0.00089509421
6.028899e-08,-0.00089940257
6.038899e-08,-0.00089365809
6.048899e-08,-0.00087786075
6.058899e-08,-0.00085847312
6.068899e-08,-0.00084195772
6.078899e-08,-0.00083621324
6.088899e-08,-0.00084339384
6.098899e-08,-0.00086134536
6.108899e-08,-0.0008843233
6.118899e-08,-0.00090514706
6.128899e-08,-0.00091879021
6.138899e-08,-0.00092525276
6.148899e-08,-0.00092597082
6.158899e-08,-0.000928125
6.168899e-08,-0.00093458755
6.178899e-08,-0.00094679458
6.188899e-08,-0.00096187385
6.198899e-08,-0.00097408088
6.208899e-08,-0.00097910731
6.218899e-08,-0.000975517
6.228899e-08,-0.00096402803
6.238899e-08,-0.00095110294
6.248899e-08,-0.00094320427
6.258899e-08,-0.00094392233
6.268899e-08,-0.00095541131
6.278899e-08,-0.00097408088
6.288899e-08,-0.00099275046
6.298899e-08,-0.0010056756
6.308899e-08,-0.0010071117
6.318899e-08,-0.00099705882
6.328899e-08,-0.00097838925
6.338899e-08,-0.00095612937
6.348899e-08,-0.00093817785
6.358899e-08,-0.000928125
6.368899e-08,-0.00092884306
6.378899e-08,-0.00093817785
6.388899e-08,-0.00095110294
6.398899e-08,-0.00096259191
6.408899e-08,-0.00096474609
6.418899e-08,-0.00095325712
6.428899e-08,-0.00092525276
6.438899e-08,-0.00088216912
6.448899e-08,-0.00082903263
6.458899e-08,-0.00077086972
6.468899e-08,-0.00071414292
6.478899e-08,-0.00066387868
6.488899e-08,-0.00062079504
6.498899e-08,-0.00058201976
6.508899e-08,-0.00054468061
6.518899e-08,-0.00050303309
6.528899e-08,-0.0004534869
6.538899e-08,-0.00039388787
6.548899e-08,-0.00032495404
6.558899e-08,-0.00025027574
6.568899e-08,-0.00017128906
6.578899e-08,-9.0148208e-05
6.588899e-08,-5.4170496e-06
6.598899e-08,8.2904412e-05
6.608899e-08,0.0001762523
6.618899e-08,0.00027462661
6.628899e-08,0.0003751551
6.638899e-08,0.00047352941
6.648899e-08,0.00056615924
6.658899e-08,0.00065160846
6.668899e-08,0.00073059513
6.678899e-08,0.00080670956
6.688899e-08,0.00088497817
6.698899e-08,0.00096970933
6.708899e-08,0.0010594669
6.718899e-08,0.0011513787
6.728899e-08,0.001238264
6.738899e-08,0.0013136604
6.748899e-08,0.0013725414
6.758899e-08,0.001415625
6.768899e-08,0.0014493739
6.778899e-08,0.0014824046
6.788899e-08,0.0015233341
6.798899e-08,0.0015764706
6.808899e-08,0.0016418141
6.818899e-08,0.0017129021
6.828899e-08,0.0017818359
6.838899e-08,0.0018407169
6.848899e-08,0.0018845186
6.858899e-08,0.0019153952
6.868899e-08,0.001936937
6.878899e-08,0.0019556066
6.888899e-08,0.0019764304
6.898899e-08,0.0020001264
6.908899e-08,0.0020252585
6.918899e-08,0.0020475184
6.928899e-08,0.0020633157
6.938899e-08,0.0020704963
6.948899e-08,0.0020719324
6.958899e-08,0.0020704963
6.968899e-08,0.0020697783
6.978899e-08,0.0020726505
6.988899e-08,0.0020776769
6.998899e-08,0.0020819853
7.008899e-08,0.0020819853
7.018899e-08,0.0020762408
7.028899e-08,0.0020633157
7.038899e-08,0.0020475184
7.048899e-08,0.002031721
7.058899e-08,0.0020202321
7.068899e-08,0.0020144876
7.078899e-08,0.0020130515
7.088899e-08,0.0020130515
7.098899e-08,0.0020108973
7.108899e-08,0.0020029986
7.118899e-08,0.0019900735
7.128899e-08,0.0019735581
7.138899e-08,0.0019577608
7.148899e-08,0.0019469899
7.158899e-08,0.0019441176
7.168899e-08,0.0019498621
7.178899e-08,0.001960633
7.188899e-08,0.001972122
7.198899e-08,0.0019785846
7.208899e-08,0.0019764304
7.218899e-08,0.0019635053
7.228899e-08,0.0019433996
7.238899e-08,0.0019211397
7.248899e-08,0.0019039063
7.258899e-08,0.0018967256
7.268899e-08,0.0019031882
7.278899e-08,0.0019211397
7.288899e-08,0.0019462718
7.298899e-08,0.001972122
7.308899e-08,0.0019915097
7.318899e-08,0.0020015625
7.328899e-08,0.0020015625
7.338899e-08,0.0019943819
7.348899e-08,0.0019850471
7.358899e-08,0.0019785846
7.368899e-08,0.0019778665
7.378899e-08,0.0019828929
7.388899e-08,0.0019922277
7.398899e-08,0.0020015625
7.408899e-08,0.0020094612
7.418899e-08,0.0020137695
7.428899e-08,0.0020144876
7.438899e-08,0.0020130515
7.448899e-08,0.0020094612
7.458899e-08,0.0020044347
7.468899e-08,0.0019979722
7.478899e-08,0.0019900735
7.488899e-08,0.0019814568
7.498899e-08,0.001972122
7.508899e-08,0.0019635053
7.518899e-08,0.0019556066
7.528899e-08,0.0019491441
7.538899e-08,0.0019433996
7.548899e-08,0.0019376551
7.558899e-08,0.0019326287
7.568899e-08,0.0019276023
7.578899e-08,0.00192473
7.588899e-08,0.0019225758
7.598899e-08,0.0019211397
7.608899e-08,0.0019182675
7.618899e-08,0.0019110869
7.628899e-08,0.0018967256
7.638899e-08,0.0018751838
7.648899e-08,0.0018478975
7.658899e-08,0.0018191751
7.668899e-08,0.0017926068
7.678899e-08,0.0017717831
7.688899e-08,0.0017574219
7.698899e-08,0.001746651
7.708899e-08,0.0017373162
7.718899e-08,0.0017258272
7.728899e-08,0.0017100299
7.738899e-08,0.0016913603
7.748899e-08,0.0016726907
7.758899e-08,0.0016568934
7.768899e-08,0.0016461225
7.778899e-08,0.001640378
7.788899e-08,0.0016375057
7.798899e-08,0.0016339154
7.808899e-08,0.0016274529
7.818899e-08,0.001616682
7.828899e-08,0.0016030388
7.838899e-08,0.0015879596
7.848899e-08,0.0015743164
7.858899e-08,0.0015642636
7.868899e-08,0.001557083
7.878899e-08,0.0015534926
7.888899e-08,0.0015520565
7.898899e-08,0.0015520565
7.908899e-08,0.0015527746
7.918899e-08,0.0015534926
7.928899e-08,0.0015520565
7.938899e-08,0.0015484662
7.948899e-08,0.0015412856
7.958899e-08,0.0015305147
7.968899e-08,0.0015183077
7.978899e-08,0.0015068187
7.988899e-08,0.00149892
7.998899e-08,0.0014960478
8.008899e-08,0.0014967659
8.018899e-08,0.0014996381
8.028899e-08,0.0015003562
8.038899e-08,0.0014960478
8.048899e-08,0.0014859949
8.058899e-08,0.0014716337
8.068899e-08,0.0014551183
8.078899e-08,0.0014386029
8.088899e-08,0.0014242417
8.098899e-08,0.0014127528
8.108899e-08,0.0014026999
8.118899e-08,0.0013926471
8.128899e-08,0.0013825942
8.138899e-08,0.0013725414
8.148899e-08,0.0013639246
8.158899e-08,0.0013581801
8.168899e-08,0.0013553079
8.178899e-08,0.0013531537
8.188899e-08,0.0013509995
8.198899e-08,0.0013466912
8.208899e-08,0.0013402286
8.218899e-08,0.00133233
8.228899e-08,0.0013265855
8.238899e-08,0.0013237132
8.248899e-08,0.0013244313
8.258899e-08,0.0013265855
8.268899e-08,0.0013273035
8.278899e-08,0.0013237132
8.288899e-08,0.0013150965
8.298899e-08,0.0013021714
8.308899e-08,0.0012885283
8.318899e-08,0.0012777574
8.328899e-08,0.0012727309
8.338899e-08,0.0012748851
8.348899e-08,0.0012806296
8.358899e-08,0.0012892463
8.368899e-08,0.0012964269
8.378899e-08,0.0013014534
8.388899e-08,0.0013021714
8.398899e-08,0.0013007353
8.408899e-08,0.001297145
8.418899e-08,0.0012914005
8.428899e-08,0.001284938
8.438899e-08,0.0012777574
8.448899e-08,0.0012720129
8.458899e-08,0.0012691406
8.468899e-08,0.0012712948
8.478899e-08,0.0012777574
8.488899e-08,0.0012885283
8.498899e-08,0.0013000172
8.508899e-08,0.001308634
8.518899e-08,0.0013122243
8.528899e-08,0.0013100701
8.538899e-08,0.0013028895
8.548899e-08,0.0012949908
8.558899e-08,0.0012892463
8.568899e-08,0.0012878102
8.578899e-08,0.0012921186
8.588899e-08,0.0013007353
8.598899e-08,0.0013122243
8.608899e-08,0.0013251494
8.618899e-08,0.0013380744
8.628899e-08,0.0013495634
8.638899e-08,0.0013581801
8.648899e-08,0.0013624885
8.658899e-08,0.0013603343
8.668899e-08,0.0013509995
8.678899e-08,0.0013352022
8.688899e-08,0.0013172507
8.698899e-08,0.0013007353
8.708899e-08,0.0012906824
8.718899e-08,0.0012892463
8.728899e-08,0.0012957089
8.738899e-08,0.0013050437
8.748899e-08,0.0013122243
8.758899e-08,0.0013122243
8.768899e-08,0.0013036075
8.778899e-08,0.0012878102
8.788899e-08,0.0012698587
8.798899e-08,0.0012547794
8.808899e-08,0.0012461627
8.818899e-08,0.0012432904
8.828899e-08,0.0012440085
8.838899e-08,0.0012432904
8.848899e-08,0.001238264
8.858899e-08,0.001226057
8.868899e-08,0.0012081055
8.878899e-08,0.0011858456
8.888899e-08,0.0011621496
8.898899e-08,0.0011391716
8.908899e-08,0.0011161937
8.918899e-08,0.0010939338
8.928899e-08,0.0010738281
8.938899e-08,0.0010573127
8.948899e-08,0.001048696
8.958899e-08,0.0010479779
8.968899e-08,0.0010558766
8.978899e-08,0.0010688017
8.988899e-08,0.0010802907
8.998899e-08,0.0010824449
9.008899e-08,0.0010716739
9.018899e-08,0.0010472599
9.028899e-08,0.001013511
9.038899e-08,0.00097904412
9.048899e-08,0.00095103975
9.058899e-08,0.00093452436
9.068899e-08,0.00093021599
9.078899e-08,0.00093308824
9.088899e-08,0.00093596048
9.098899e-08,0.00093237017
9.108899e-08,0.00091944508
9.118899e-08,0.00089862132
9.128899e-08,0.00087492532
9.138899e-08,0.00085410156
9.148899e-08,0.00083902229
9.158899e-08,0.0008296875
9.168899e-08,0.00082394301
9.178899e-08,0.00081748047
9.188899e-08,0.00080742762
9.198899e-08,0.00079522059
9.208899e-08,0.00078301356
9.218899e-08,0.00077511489
9.228899e-08,0.00077152459
9.238899e-08,0.00077224265
9.248899e-08,0.00077080653
9.258899e-08,0.0007621898
9.268899e-08,0.00074280216
9.278899e-08,0.00071479779
9.288899e-08,0.00068392119
9.298899e-08,0.00066022518
9.308899e-08,0.00065017233
9.318899e-08,0.00065735294
9.328899e-08,0.00067674058
9.338899e-08,0.00069971852
9.348899e-08,0.00071407973
9.358899e-08,0.00071479779
9.368899e-08,0.00069971852
9.378899e-08,0.00067530446
9.388899e-08,0.00065017233
9.398899e-08,0.000634375
9.408899e-08,0.00063150276
9.418899e-08,0.00064011949
9.428899e-08,0.00065519876
9.438899e-08,0.00066884191
9.448899e-08,0.00067745864
9.458899e-08,0.00068033088
9.468899e-08,0.00068033088
9.478899e-08,0.00068033088
9.488899e-08,0.00068320313
9.498899e-08,0.00068822955
9.508899e-08,0.00069181985
9.518899e-08,0.00069181985
9.528899e-08,0.00068607537
9.538899e-08,0.0006781767
9.548899e-08,0.00067099609
9.558899e-08,0.00066884191
9.568899e-08,0.00067315028
9.578899e-08,0.00068248506
9.588899e-08,0.00068966567
9.598899e-08,0.00069181985
9.608899e-08,0.00068607537
9.618899e-08,0.0006745864
9.628899e-08,0.00066237937
9.638899e-08,0.00065735294
9.648899e-08,0.00066094324
9.658899e-08,0.00067243222
9.668899e-08,0.00068535731
9.678899e-08,0.00069181985
9.688899e-08,0.00068607537
9.698899e-08,0.00066740579
9.708899e-08,0.00063940142
9.718899e-08,0.00061139706
9.728899e-08,0.00058985524
9.738899e-08,0.00057764821
9.748899e-08,0.00057549403
9.758899e-08,0.00057693015
9.768899e-08,0.00057693015
9.778899e-08,0.00057190372
9.788899e-08,0.00056328699
9.798899e-08,0.00055395221
9.808899e-08,0.00054820772
9.818899e-08,0.00054892578
9.828899e-08,0.00055251608
9.838899e-08,0.00055395221
9.848899e-08,0.0005467716
9.858899e-08,0.00052738396
9.868899e-08,0.00049722541
9.878899e-08,0.00046204044
9.888899e-08,0.00043188189
9.898899e-08,0.0004153665
9.908899e-08,0.0004153665
9.918899e-08,0.00042757353
9.928899e-08,0.00044408892
9.938899e-08,0.00045342371
9.948899e-08,0.00044911535
9.958899e-08,0.00042757353
9.968899e-08,0.00039382468
9.978899e-08,0.00035792165
9.988899e-08,0.00032848116
9.998899e-08,0.00031268382
1.00089e-07,0.0003112477
1.00189e-07,0.00031986443
1.00289e-07,0.00033063534
1.00389e-07,0.00033566176
1.00489e-07,0.00033063534
1.00589e-07,0.00031483801
1.00689e-07,0.00029186006
1.00789e-07,0.00026672794
1.00889e-07,0.00024375
1.00989e-07,0.00022508042
1.01089e-07,0.00021000115
1.01189e-07,0.00019779412
1.01289e-07,0.00018630515
1.01389e-07,0.0001762523
1.01489e-07,0.00016763557
1.01589e-07,0.00016332721
1.01689e-07,0.00016260915
1.01789e-07,0.00016476333
1.01889e-07,0.00016619945
1.01989e-07,0.00016332721
1.02089e-07,0.00015327436
1.02189e-07,0.00013532284
1.02289e-07,0.00011090878
1.02389e-07,8.2904412e-05
1.02489e-07,5.5618107e-05
1.02589e-07,3.2640165e-05
1.02689e-07,1.4688649e-05
1.02789e-07,2.4816176e-06
1.02889e-07,-5.4170496e-06
1.02989e-07,-1.1161535e-05
1.03089e-07,-1.5469899e-05
1.03189e-07,-2.0496324e-05
1.03289e-07,-2.6240809e-05
1.03389e-07,-3.4139476e-05
1.03489e-07,-4.4192325e-05
1.03589e-07,-5.4963235e-05
1.03689e-07,-6.5734145e-05
1.03789e-07,-7.3632812e-05
1.03889e-07,-7.7941176e-05
1.03989e-07,-7.7941176e-05
1.04089e-07,-7.5068934e-05
1.04189e-07,-7.2196691e-05
1.04289e-07,-7.2196691e-05
1.04389e-07,-7.7941176e-05
1.04489e-07,-8.8712086e-05
1.04589e-07,-0.0001030733
1.04689e-07,-0.00011599839
1.04789e-07,-0.00012389706
1.04889e-07,-0.00012389706
1.04989e-07,-0.00011599839
1.05089e-07,-0.0001030733
1.05189e-07,-8.9430147e-05
1.05289e-07,-7.9377298e-05
1.05389e-07,-7.6505055e-05
1.05489e-07,-8.0095358e-05
1.05589e-07,-8.9430147e-05
1.05689e-07,-0.00010091912
1.05789e-07,-0.00011169003
1.05889e-07,-0.00011958869
1.05989e-07,-0.00012389706
1.06089e-07,-0.00012461512
1.06189e-07,-0.00012246094
1.06289e-07,-0.00011743451
1.06389e-07,-0.00011240809
1.06489e-07,-0.00010809972
1.06589e-07,-0.00010522748
1.06689e-07,-0.0001066636
1.06789e-07,-0.00011240809
1.06889e-07,-0.00012174288
1.06989e-07,-0.00013251379
1.07089e-07,-0.00014184858
1.07189e-07,-0.000146875
1.07289e-07,-0.000146875
1.07389e-07,-0.00014113051
1.07489e-07,-0.00013251379
1.07589e-07,-0.00012389706
1.07689e-07,-0.00011815257
1.07789e-07,-0.00011671645
1.07889e-07,-0.00011887063
1.07989e-07,-0.00012389706
1.08089e-07,-0.00012892348
1.08189e-07,-0.00013323185
1.08289e-07,-0.00013538603
1.08389e-07,-0.00013538603
1.08489e-07,-0.00013538603
1.08589e-07,-0.00013682215
1.08689e-07,-0.00014113051
1.08789e-07,-0.000146875
1.08889e-07,-0.00015405561
1.08989e-07,-0.00016123621
1.09089e-07,-0.0001669807
1.09189e-07,-0.00016985294
1.09289e-07,-0.00016985294
1.09389e-07,-0.0001669807
1.09489e-07,-0.00016267233
1.09589e-07,-0.00015836397
1.09689e-07,-0.00015549173
1.09789e-07,-0.00015477367
1.09889e-07,-0.00015549173
1.09989e-07,-0.00015836397
1.10089e-07,-0.00016123621
1.10189e-07,-0.00016410846
1.10289e-07,-0.0001669807
1.10389e-07,-0.00016985294
1.10489e-07,-0.00017416131
1.10589e-07,-0.00018062385
1.10689e-07,-0.0001870864
1.10789e-07,-0.00019283088
1.10889e-07,-0.00019570312
1.10989e-07,-0.00019570312
1.11089e-07,-0.00019354894
1.11189e-07,-0.00019283088
1.11289e-07,-0.00019785731
1.11389e-07,-0.00021221852
1.11489e-07,-0.00023519646
1.11589e-07,-0.00026176471
1.11689e-07,-0.00028546071
1.11789e-07,-0.00029982192
1.11889e-07,-0.00029910386
1.11989e-07,-0.00028474265
1.12089e-07,-0.00026248277
1.12189e-07,-0.00024094095
1.12289e-07,-0.00022801585
1.12389e-07,-0.00022729779
1.12489e-07,-0.00023735064
1.12589e-07,-0.00025242992
1.12689e-07,-0.00026607307
1.12789e-07,-0.00027325368
1.12889e-07,-0.00027397174
1.12989e-07,-0.00027181756
1.13089e-07,-0.00027038143
1.13189e-07,-0.00027325368
1.13289e-07,-0.0002782801
1.13389e-07,-0.00028043428
1.13489e-07,-0.00027612592
1.13589e-07,-0.00026176471
1.13689e-07,-0.00024094095
1.13789e-07,-0.00022155331
1.13889e-07,-0.0002107824
1.13989e-07,-0.00021580882
1.14089e-07,-0.00023591452
1.14189e-07,-0.00026391889
1.14289e-07,-0.00029120519
1.14389e-07,-0.00030772059
1.14489e-07,-0.00030987477
1.14589e-07,-0.00029982192
1.14689e-07,-0.00028474265
1.14789e-07,-0.00027325368
1.14889e-07,-0.00027181756
1.14989e-07,-0.0002818704
1.15089e-07,-0.00029910386
1.15189e-07,-0.00031920956
1.15289e-07,-0.00033716108
1.15389e-07,-0.00035152229
1.15489e-07,-0.00036372932
1.15589e-07,-0.00037665441
1.15689e-07,-0.00039173369
1.15789e-07,-0.00040824908
1.15889e-07,-0.00042261029
1.15989e-07,-0.00043409926
1.16089e-07,-0.00044271599
1.16189e-07,-0.00045205078
1.16289e-07,-0.00046713006
1.16389e-07,-0.00049154412
1.16489e-07,-0.00052529297
1.16589e-07,-0.00056335018
1.16689e-07,-0.00059709903
1.16789e-07,-0.00061792279
1.16889e-07,-0.00062294922
1.16989e-07,-0.00061361443
1.17089e-07,-0.00059709903
1.17189e-07,-0.00058345588
1.17289e-07,-0.00057986558
1.17389e-07,-0.00058848231
1.17489e-07,-0.00060715188
1.17589e-07,-0.00062941176
1.17689e-07,-0.00065023552
1.17789e-07,-0.00066603286
1.17889e-07,-0.00067680377
1.17989e-07,-0.00068685662
1.18089e-07,-0.00069762753
1.18189e-07,-0.00071055262
1.18289e-07,-0.00072275965
1.18389e-07,-0.0007328125
1.18489e-07,-0.00073712086
1.18589e-07,-0.00073712086
1.18689e-07,-0.00073424862
1.18789e-07,-0.0007328125
1.18889e-07,-0.00073496668
1.18989e-07,-0.00074142923
1.19089e-07,-0.0007493279
1.19189e-07,-0.00075579044
1.19289e-07,-0.00075722656
1.19389e-07,-0.00075435432
1.19489e-07,-0.00074860983
1.19589e-07,-0.00074430147
1.19689e-07,-0.00074430147
1.19789e-07,-0.0007493279
1.19889e-07,-0.00075794462
1.19989e-07,-0.00076727941
1.20089e-07,-0.0007730239
1.20189e-07,-0.00077446002
1.20289e-07,-0.00077230584
1.20389e-07,-0.00076727941
1.20489e-07,-0.00076297105
1.20589e-07,-0.00076153493
1.20689e-07,-0.00076297105
1.20789e-07,-0.00076727941
1.20889e-07,-0.00077446002
1.20989e-07,-0.00078307675
1.21089e-07,-0.00079241153
1.21189e-07,-0.00080174632
1.21289e-07,-0.00080964499
1.21389e-07,-0.00081395335
1.21489e-07,-0.00081538948
1.21589e-07,-0.00081323529
1.21689e-07,-0.00081036305
1.21789e-07,-0.00081036305
1.21889e-07,-0.00081538948
1.21989e-07,-0.00082472426
1.22089e-07,-0.0008369313
1.22189e-07,-0.00084698415
1.22289e-07,-0.00085129251
1.22389e-07,-0.00084770221
1.22489e-07,-0.00083764936
1.22589e-07,-0.00082544233
1.22689e-07,-0.00081610754
1.22789e-07,-0.00081323529
1.22889e-07,-0.00081610754
1.22989e-07,-0.00082113396
1.23089e-07,-0.00082544233
1.23189e-07,-0.00082472426
1.23289e-07,-0.0008204159
1.23389e-07,-0.00081610754
1.23489e-07,-0.0008168256
1.23589e-07,-0.00082472426
1.23689e-07,-0.00083908548
1.23789e-07,-0.00085416475
1.23889e-07,-0.00086278148
1.23989e-07,-0.00085919118
1.24089e-07,-0.00084123966
1.24189e-07,-0.00081467142
1.24289e-07,-0.00078666705
1.24389e-07,-0.00076727941
1.24489e-07,-0.00076225299
1.24589e-07,-0.00077158778
1.24689e-07,-0.00079097541
1.24789e-07,-0.00081323529
1.24889e-07,-0.00083190487
1.24989e-07,-0.00084267578
1.25089e-07,-0.00084698415
1.25189e-07,-0.00084770221
1.25289e-07,-0.00084770221
1.25389e-07,-0.00084985639
1.25489e-07,-0.00085416475
1.25589e-07,-0.00085919118
1.25689e-07,-0.0008642176
1.25789e-07,-0.00086924403
1.25889e-07,-0.00087498851
1.25989e-07,-0.00088216912
1.26089e-07,-0.00089006778
1.26189e-07,-0.00089796645
1.26289e-07,-0.00090299288
1.26389e-07,-0.00090514706
1.26489e-07,-0.000904429
1.26589e-07,-0.000904429
1.26689e-07,-0.0009080193
1.26789e-07,-0.00091663603
1.26889e-07,-0.00092956112
1.26989e-07,-0.00094392233
1.27089e-07,-0.00095612937
1.27189e-07,-0.00096259191
1.27289e-07,-0.00096546415
1.27389e-07,-0.00096690028
1.27489e-07,-0.00097336282
1.27589e-07,-0.00098556985
1.27689e-07,-0.0010028033
1.27789e-07,-0.0010207548
1.27889e-07,-0.0010315257
1.27989e-07,-0.0010315257
1.28089e-07,-0.0010207548
1.28189e-07,-0.0010035214
1.28289e-07,-0.00098987822
1.28389e-07,-0.00098556985
1.28489e-07,-0.0009956227
1.28589e-07,-0.0010186006
1.28689e-07,-0.0010480411
1.28789e-07,-0.0010774816
1.28889e-07,-0.0011011776
1.28989e-07,-0.001116975
1.29089e-07,-0.0011270278
1.29189e-07,-0.0011349265
1.29289e-07,-0.0011421071
1.29389e-07,-0.0011478516
1.29489e-07,-0.0011500057
1.29589e-07,-0.0011464154
1.29689e-07,-0.0011370807
1.29789e-07,-0.0011234375
1.29889e-07,-0.0011097943
1.29989e-07,-0.0011004596
1.30089e-07,-0.0010968693
1.30189e-07,-0.0010990234
1.30289e-07,-0.0011047679
1.30389e-07,-0.0011119485
1.30489e-07,-0.0011212833
1.30589e-07,-0.0011334903
1.30689e-07,-0.0011500057
1.30789e-07,-0.0011693934
1.30889e-07,-0.001188063
1.30989e-07,-0.0012009881
1.31089e-07,-0.0012024242
1.31189e-07,-0.0011923713
1.31289e-07,-0.0011751379
1.31389e-07,-0.0011586225
1.31489e-07,-0.0011514419
1.31589e-07,-0.0011579044
1.31689e-07,-0.0011780101
1.31789e-07,-0.0012045784
1.31889e-07,-0.0012304285
1.31989e-07,-0.0012498162
1.32089e-07,-0.0012613051
1.32189e-07,-0.0012699219
1.32289e-07,-0.0012799747
1.32389e-07,-0.0012957721
1.32489e-07,-0.0013144416
1.32589e-07,-0.001330239
1.32689e-07,-0.0013359835
1.32789e-07,-0.001330239
1.32889e-07,-0.0013158778
1.32989e-07,-0.0013036707
1.33089e-07,-0.0013029527
1.33189e-07,-0.00131875
1.33289e-07,-0.0013489085
1.33389e-07,-0.0013819393
1.33489e-07,-0.0014056353
1.33589e-07,-0.0014106618
1.33689e-07,-0.0013970186
1.33789e-07,-0.0013747587
1.33889e-07,-0.0013560892
1.33989e-07,-0.0013532169
1.34089e-07,-0.0013675781
1.34189e-07,-0.0013919922
1.34289e-07,-0.0014142521
1.34389e-07,-0.0014221507
1.34489e-07,-0.0014120979
1.34589e-07,-0.001389838
1.34689e-07,-0.001366142
1.34789e-07,-0.0013532169
1.34889e-07,-0.0013553711
1.34989e-07,-0.0013697323
1.35089e-07,-0.0013876838
1.35189e-07,-0.0013991728
1.35289e-07,-0.001402045
1.35389e-07,-0.0013991728
1.35489e-07,-0.0013991728
1.35589e-07,-0.0014106618
1.35689e-07,-0.0014336397
1.35789e-07,-0.0014623621
1.35889e-07,-0.001484622
1.35989e-07,-0.0014910846
1.36089e-07,-0.0014788775
1.36189e-07,-0.0014544635
1.36289e-07,-0.0014314855
1.36389e-07,-0.0014221507
1.36489e-07,-0.0014322036
1.36589e-07,-0.0014580538
1.36689e-07,-0.0014889304
1.36789e-07,-0.0015140625
1.36889e-07,-0.0015262695
1.36989e-07,-0.0015262695
1.37089e-07,-0.0015233973
1.37189e-07,-0.0015255515
1.37289e-07,-0.0015363224
1.37389e-07,-0.0015535558
1.37489e-07,-0.001567917
1.37589e-07,-0.0015715074
1.37689e-07,-0.0015628906
1.37789e-07,-0.0015470933
1.37889e-07,-0.0015356043
1.37989e-07,-0.0015370404
1.38089e-07,-0.00155571
1.38189e-07,-0.0015851505
1.38289e-07,-0.0016131549
1.38389e-07,-0.0016289522
1.38489e-07,-0.00162608
1.38589e-07,-0.0016074104
1.38689e-07,-0.0015851505
1.38789e-07,-0.0015715074
1.38889e-07,-0.0015722254
1.38989e-07,-0.0015865866
1.39089e-07,-0.0016052562
1.39189e-07,-0.0016174632
1.39289e-07,-0.0016167452
1.39389e-07,-0.0016059743
1.39489e-07,-0.001590895
1.39589e-07,-0.0015829963
1.39689e-07,-0.0015858686
1.39789e-07,-0.0015980756
1.39889e-07,-0.0016117187
1.39989e-07,-0.0016174632
1.40089e-07,-0.0016124368
1.40189e-07,-0.0015995117
1.40289e-07,-0.0015901769
1.40389e-07,-0.0015944853
1.40489e-07,-0.0016160271
1.40589e-07,-0.001650494
1.40689e-07,-0.0016863971
1.40789e-07,-0.001709375
1.40889e-07,-0.0017115292
1.40989e-07,-0.0016950138
1.41089e-07,-0.0016698817
1.41189e-07,-0.0016519301
1.41289e-07,-0.0016519301
1.41389e-07,-0.0016727539
1.41489e-07,-0.0017079389
1.41589e-07,-0.0017438419
1.41689e-07,-0.0017696921
1.41789e-07,-0.0017797449
1.41889e-07,-0.0017761546
1.41989e-07,-0.0017668199
1.42089e-07,-0.0017610754
1.42189e-07,-0.0017646657
1.42289e-07,-0.0017754366
1.42389e-07,-0.0017897978
1.42489e-07,-0.0018012868
1.42589e-07,-0.0018077493
1.42689e-07,-0.0018106216
1.42789e-07,-0.0018127757
1.42889e-07,-0.0018192383
1.42989e-07,-0.0018307273
1.43089e-07,-0.0018458065
1.43189e-07,-0.0018587316
1.43289e-07,-0.0018659122
1.43389e-07,-0.0018666303
1.43489e-07,-0.00186304
1.43589e-07,-0.0018587316
1.43689e-07,-0.0018587316
1.43789e-07,-0.001863758
1.43889e-07,-0.0018723748
1.43989e-07,-0.0018817096
1.44089e-07,-0.0018881721
1.44189e-07,-0.0018917624
1.44289e-07,-0.0018924805
1.44389e-07,-0.0018931985
1.44489e-07,-0.0018953527
1.44589e-07,-0.001898225
1.44689e-07,-0.0019018153
1.44789e-07,-0.0019046875
1.44889e-07,-0.0019075597
1.44989e-07,-0.0019125862
1.45089e-07,-0.001922639
1.45189e-07,-0.0019391544
1.45289e-07,-0.0019606962
1.45389e-07,-0.0019808019
1.45489e-07,-0.0019944451
1.45589e-07,-0.0019965993
1.45689e-07,-0.0019865464
1.45789e-07,-0.0019707491
1.45889e-07,-0.0019556698
1.45989e-07,-0.0019506434
1.46089e-07,-0.0019592601
1.46189e-07,-0.0019808019
1.46289e-07,-0.0020073702
1.46389e-07,-0.0020310662
1.46489e-07,-0.0020447093
1.46589e-07,-0.0020461455
1.46689e-07,-0.0020360926
1.46789e-07,-0.0020195772
1.46889e-07,-0.0020023437
1.46989e-07,-0.0019879825
1.47089e-07,-0.0019779297
1.47189e-07,-0.0019736213
1.47289e-07,-0.0019743394
1.47389e-07,-0.0019808019
1.47489e-07,-0.0019922909
1.47589e-07,-0.0020080882
1.47689e-07,-0.0020253217
1.47789e-07,-0.0020389648
1.47889e-07,-0.0020454274
1.47989e-07,-0.0020425551
1.48089e-07,-0.0020325023
1.48189e-07,-0.0020195772
1.48289e-07,-0.0020102424
1.48389e-07,-0.0020080882
1.48489e-07,-0.0020138327
1.48589e-07,-0.0020231675
1.48689e-07,-0.0020303481
1.48789e-07,-0.0020310662
1.48889e-07,-0.0020238856
1.48989e-07,-0.0020116785
1.49089e-07,-0.0020009076
1.49189e-07,-0.0019965993
1.49289e-07,-0.0020001896
1.49389e-07,-0.0020080882
1.49489e-07,-0.002016705
1.49589e-07,-0.0020195772
1.49689e-07,-0.0020159869
1.49789e-07,-0.0020073702
1.49889e-07,-0.0019994715
1.49989e-07,-0.0019965993
1.50089e-07,-0.0019994715
1.50189e-07,-0.0020044979
1.50289e-07,-0.002005216
1.50389e-07,-0.0019965993
1.50489e-07,-0.0019764936
1.50589e-07,-0.0019484892
1.50689e-07,-0.001921921
1.50789e-07,-0.0019046875
1.50889e-07,-0.0019025333
1.50989e-07,-0.0019140223
1.51089e-07,-0.0019334099
1.51189e-07,-0.0019506434
1.51289e-07,-0.001958542
1.51389e-07,-0.0019527976
1.51489e-07,-0.0019370002
1.51589e-07,-0.0019161765
1.51689e-07,-0.0018975069
1.51789e-07,-0.0018852999
1.51889e-07,-0.0018809915
1.51989e-07,-0.0018817096
1.52089e-07,-0.0018845818
1.52189e-07,-0.001887454
1.52289e-07,-0.0018896082
1.52389e-07,-0.0018931985
1.52489e-07,-0.001898943
1.52589e-07,-0.0019075597
1.52689e-07,-0.0019183307
1.52789e-07,-0.0019276654
1.52889e-07,-0.001934846
1.52989e-07,-0.0019384364
1.53089e-07,-0.0019398725
1.53189e-07,-0.0019391544
1.53289e-07,-0.0019377183
1.53389e-07,-0.0019362822
1.53489e-07,-0.0019326919
1.53589e-07,-0.0019276654
1.53689e-07,-0.0019212029
1.53789e-07,-0.0019161765
1.53889e-07,-0.0019133042
1.53989e-07,-0.0019161765
1.54089e-07,-0.0019240751
1.54189e-07,-0.0019355641
1.54289e-07,-0.0019492073
1.54389e-07,-0.0019621324
1.54489e-07,-0.0019743394
1.54589e-07,-0.0019858284
1.54689e-07,-0.0019973173
1.54789e-07,-0.0020080882
1.54889e-07,-0.002016705
1.54989e-07,-0.0020202953
1.55089e-07,-0.002017423
1.55189e-07,-0.0020080882
1.55289e-07,-0.0019973173
1.55389e-07,-0.0019908548
1.55489e-07,-0.001993727
1.55589e-07,-0.0020080882
1.55689e-07,-0.0020310662
1.55789e-07,-0.0020569164
1.55889e-07,-0.0020777401
1.55989e-07,-0.002088511
1.56089e-07,-0.0020906652
1.56189e-07,-0.002088511
1.56289e-07,-0.0020899472
1.56389e-07,-0.0021
1.56489e-07,-0.0021201057
1.56589e-07,-0.0021459559
1.56689e-07,-0.0021718061
1.56789e-07,-0.0021919118
1.56889e-07,-0.0022048369
1.56989e-07,-0.0022134536
1.57089e-07,-0.0022227884
1.57189e-07,-0.0022378676
1.57289e-07,-0.0022586914
1.57389e-07,-0.0022831055
1.57489e-07,-0.0023046473
1.57589e-07,-0.0023182904
1.57689e-07,-0.0023240349
1.57789e-07,-0.0023261891
1.57889e-07,-0.0023304975
1.57989e-07,-0.0023412684
1.58089e-07,-0.002359938
1.58189e-07,-0.0023821978
1.58289e-07,-0.0024015855
1.58389e-07,-0.0024102022
1.58489e-07,-0.002408048
1.58589e-07,-0.0023979952
1.58689e-07,-0.0023886604
1.58789e-07,-0.0023872243
1.58889e-07,-0.0023979952
1.58989e-07,-0.0024173828
1.59089e-07,-0.0024396427
1.59189e-07,-0.0024561581
1.59289e-07,-0.0024619026
1.59389e-07,-0.0024561581
1.59489e-07,-0.0024446691
1.59589e-07,-0.0024331801
1.59689e-07,-0.0024259995
1.59789e-07,-0.0024238454
1.59889e-07,-0.0024238454
1.59989e-07,-0.0024216912
1.60089e-07,-0.0024152286
1.60189e-07,-0.0024044577
1.60289e-07,-0.0023936868
1.60389e-07,-0.0023872243
1.60489e-07,-0.0023872243
1.60589e-07,-0.0023915326
1.60689e-07,-0.0023965591
1.60789e-07,-0.0023987132
1.60889e-07,-0.0023951229
1.60989e-07,-0.0023879423
1.61089e-07,-0.0023800437
1.61189e-07,-0.0023757353
1.61289e-07,-0.0023757353
1.61389e-07,-0.0023786075
1.61489e-07,-0.0023793256
1.61589e-07,-0.0023757353
1.61689e-07,-0.0023664005
1.61789e-07,-0.0023563477
1.61889e-07,-0.0023498851
1.61989e-07,-0.0023527574
1.62089e-07,-0.0023642463
1.62189e-07,-0.0023786075
1.62289e-07,-0.0023886604
1.62389e-07,-0.0023872243
1.62489e-07,-0.0023714269
1.62589e-07,-0.0023462948
1.62689e-07,-0.0023211627
1.62789e-07,-0.0023068015
1.62889e-07,-0.0023096737
1.62989e-07,-0.0023297794
1.63089e-07,-0.0023592199
1.63189e-07,-0.0023872243
1.63289e-07,-0.0024044577
1.63389e-07,-0.0024058938
1.63489e-07,-0.0023944049
1.63589e-07,-0.0023757353
1.63689e-07,-0.0023585018
1.63789e-07,-0.0023477309
1.63889e-07,-0.0023470129
1.63989e-07,-0.0023527574
1.64089e-07,-0.0023628102
1.64189e-07,-0.0023742992
1.64289e-07,-0.0023865062
1.64389e-07,-0.0023987132
1.64489e-07,-0.0024123564
1.64589e-07,-0.0024274357
1.64689e-07,-0.0024425149
1.64789e-07,-0.0024561581
1.64889e-07,-0.0024676471
1.64989e-07,-0.0024776999
1.65089e-07,-0.0024884708
1.65189e-07,-0.002502114
1.65289e-07,-0.0025179113
1.65389e-07,-0.0025351448
1.65489e-07,-0.002549506
1.65589e-07,-0.0025595588
1.65689e-07,-0.0025638672
1.65789e-07,-0.0025645852
1.65889e-07,-0.0025653033
1.65989e-07,-0.0025710478
1.66089e-07,-0.0025832548
1.66189e-07,-0.0026033605
1.66289e-07,-0.0026270565
1.66389e-07,-0.0026514706
1.66489e-07,-0.0026737305
1.66589e-07,-0.0026931181
1.66689e-07,-0.0027081974
1.66789e-07,-0.0027204044
1.66889e-07,-0.0027304573
1.66989e-07,-0.002739074
1.67089e-07,-0.0027462546
1.67189e-07,-0.0027548713
1.67289e-07,-0.0027663603
1.67389e-07,-0.0027843118
1.67489e-07,-0.0028080078
1.67589e-07,-0.0028352941
1.67689e-07,-0.0028611443
1.67789e-07,-0.0028798139
1.67889e-07,-0.0028862764
1.67989e-07,-0.00288125
1.68089e-07,-0.0028683249
1.68189e-07,-0.0028561179
1.68289e-07,-0.0028518095
1.68389e-07,-0.0028582721
1.68489e-07,-0.0028740694
1.68589e-07,-0.002892739
1.68689e-07,-0.0029078182
1.68789e-07,-0.0029157169
1.68889e-07,-0.002917153
1.68989e-07,-0.002916435
1.69089e-07,-0.0029193072
1.69189e-07,-0.0029272059
1.69289e-07,-0.0029365407
1.69389e-07,-0.0029394129
1.69489e-07,-0.0029293601
1.69589e-07,-0.0029042279
1.69689e-07,-0.002869043
1.69789e-07,-0.0028360122
1.69889e-07,-0.0028187787
1.69989e-07,-0.0028238051
1.70089e-07,-0.0028496553
1.70189e-07,-0.0028862764
1.70289e-07,-0.002916435
1.70389e-07,-0.0029272059
1.70489e-07,-0.0029142808
1.70589e-07,-0.0028826861
1.70689e-07,-0.0028439108
1.70789e-07,-0.0028123162
1.70889e-07,-0.0027950827
1.70989e-07,-0.0027922105
1.71089e-07,-0.0027972369
1.71189e-07,-0.0028008272
1.71289e-07,-0.0027972369
1.71389e-07,-0.002786466
1.71489e-07,-0.002774259
1.71589e-07,-0.0027663603
1.71689e-07,-0.0027649242
1.71789e-07,-0.0027692325
1.71889e-07,-0.0027713867
1.71989e-07,-0.0027663603
1.72089e-07,-0.0027527171
1.72189e-07,-0.0027333295
1.72289e-07,-0.0027168141
1.72389e-07,-0.0027089154
1.72489e-07,-0.0027132238
1.72589e-07,-0.0027254308
1.72689e-07,-0.0027376379
1.72789e-07,-0.0027433824
1.72889e-07,-0.002739792
1.72989e-07,-0.0027290211
1.73089e-07,-0.0027204044
1.73189e-07,-0.0027204044
1.73289e-07,-0.0027318934
1.73389e-07,-0.002750563
1.73489e-07,-0.0027685145
1.73589e-07,-0.0027778493
1.73689e-07,-0.0027756951
1.73789e-07,-0.0027656422
1.73889e-07,-0.0027555894
1.73989e-07,-0.0027548713
1.74089e-07,-0.0027663603
1.74189e-07,-0.0027871841
1.74289e-07,-0.0028087259
1.74389e-07,-0.0028238051
1.74489e-07,-0.0028273955
1.74589e-07,-0.0028230871
1.74689e-07,-0.0028187787
1.74789e-07,-0.0028238051
1.74889e-07,-0.0028424747
1.74989e-07,-0.0028719152
1.75089e-07,-0.0029035099
1.75189e-07,-0.0029272059
1.75289e-07,-0.0029372587
1.75389e-07,-0.0029336684
1.75489e-07,-0.0029228975
1.75589e-07,-0.0029157169
1.75689e-07,-0.0029185892
1.75789e-07,-0.0029322323
1.75889e-07,-0.0029530561
1.75989e-07,-0.0029731618
1.76089e-07,-0.0029860869
1.76189e-07,-0.0029911133
1.76289e-07,-0.0029889591
1.76389e-07,-0.0029846507
1.76489e-07,-0.0029817785
1.76589e-07,-0.0029810604
1.76689e-07,-0.0029789062
1.76789e-07,-0.0029731618
1.76889e-07,-0.0029631089
1.76989e-07,-0.002952338
1.77089e-07,-0.0029465935
1.77189e-07,-0.0029501838
1.77289e-07,-0.002964545
1.77389e-07,-0.0029846507
1.77489e-07,-0.0030018842
1.77589e-07,-0.0030076287
1.77689e-07,-0.0029982939
1.77789e-07,-0.0029767521
1.77889e-07,-0.0029494658
1.77989e-07,-0.0029272059
1.78089e-07,-0.002916435
1.78189e-07,-0.0029200253
1.78289e-07,-0.0029329504
1.78389e-07,-0.0029501838
1.78489e-07,-0.0029659812
1.78589e-07,-0.0029781882
1.78689e-07,-0.002987523
1.78789e-07,-0.0029961397
1.78889e-07,-0.0030040384
1.78989e-07,-0.0030083467
1.79089e-07,-0.0030069106
1.79189e-07,-0.0029961397
1.79289e-07,-0.0029774701
1.79389e-07,-0.0029559283
1.79489e-07,-0.002940849
1.79589e-07,-0.0029386949
1.79689e-07,-0.002952338
1.79789e-07,-0.0029781882
1.79889e-07,-0.0030076287
1.79989e-07,-0.0030306066
1.80089e-07,-0.0030406595
1.80189e-07,-0.0030370692
1.80289e-07,-0.003023426
1.80389e-07,-0.0030076287
1.80489e-07,-0.0029968578
1.80589e-07,-0.0029939855
1.80689e-07,-0.0029982939
1.80789e-07,-0.0030076287
1.80889e-07,-0.0030169635
1.80989e-07,-0.0030241441
1.81089e-07,-0.0030291705
1.81189e-07,-0.0030306066
1.81289e-07,-0.0030291705
1.81389e-07,-0.0030248621
1.81489e-07,-0.0030169635
1.81589e-07,-0.0030076287
1.81689e-07,-0.0030004481
1.81789e-07,-0.00299973
1.81889e-07,-0.0030097829
1.81989e-07,-0.0030306066
1.82089e-07,-0.0030578929
1.82189e-07,-0.003083025
1.82289e-07,-0.0030988224
1.82389e-07,-0.0030995404
1.82489e-07,-0.0030873334
1.82589e-07,-0.0030701
1.82689e-07,-0.0030564568
1.82789e-07,-0.0030535846
1.82889e-07,-0.0030629193
1.82989e-07,-0.0030787167
1.83089e-07,-0.0030930779
1.83189e-07,-0.0030995404
1.83289e-07,-0.0030959501
1.83389e-07,-0.0030858973
1.83489e-07,-0.0030772806
1.83589e-07,-0.0030765625
1.83689e-07,-0.0030844612
1.83789e-07,-0.0030973863
1.83889e-07,-0.0031081572
1.83989e-07,-0.0031110294
1.84089e-07,-0.0031045669
1.84189e-07,-0.0030930779
1.84289e-07,-0.0030851792
1.84389e-07,-0.0030880515
1.84489e-07,-0.0031031307
1.84589e-07,-0.0031253906
1.84689e-07,-0.0031462144
1.84789e-07,-0.0031569853
1.84889e-07,-0.003153395
1.84989e-07,-0.0031383157
1.85089e-07,-0.00311821
1.85189e-07,-0.0030995404
1.85289e-07,-0.0030866153
1.85389e-07,-0.0030779986
1.85489e-07,-0.0030686638
1.85589e-07,-0.0030535846
1.85689e-07,-0.0030320427
1.85789e-07,-0.0030090648
1.85889e-07,-0.0029911133
1.85989e-07,-0.0029846507
1.86089e-07,-0.0029896772
1.86189e-07,-0.0030026023
1.86289e-07,-0.0030148093
1.86389e-07,-0.0030191176
1.86489e-07,-0.0030148093
1.86589e-07,-0.0030054745
1.86689e-07,-0.0030011661
1.86789e-07,-0.0030076287
1.86889e-07,-0.0030270163
1.86989e-07,-0.0030535846
1.87089e-07,-0.0030772806
1.87189e-07,-0.0030880515
1.87289e-07,-0.003083025
1.87389e-07,-0.0030665097
1.87489e-07,-0.0030492762
1.87589e-07,-0.0030420956
1.87689e-07,-0.0030521484
1.87789e-07,-0.0030787167
1.87889e-07,-0.0031131836
1.87989e-07,-0.0031454963
1.88089e-07,-0.0031670381
1.88189e-07,-0.0031749368
1.88289e-07,-0.0031735007
1.88389e-07,-0.0031684743
1.88489e-07,-0.003164884
1.88589e-07,-0.003164884
1.88689e-07,-0.0031670381
1.88789e-07,-0.0031684743
1.88889e-07,-0.0031699104
1.88989e-07,-0.0031735007
1.89089e-07,-0.0031842716
1.89189e-07,-0.0032029412
1.89289e-07,-0.0032287914
1.89389e-07,-0.0032553596
1.89489e-07,-0.0032754653
1.89589e-07,-0.003283364
1.89689e-07,-0.0032804917
1.89789e-07,-0.0032733111
1.89889e-07,-0.003271875
1.89989e-07,-0.003283364
1.90089e-07,-0.0033099322
1.90189e-07,-0.0033465533
1.90289e-07,-0.0033824563
1.90389e-07,-0.0034097426
1.90489e-07,-0.0034241039
1.90589e-07,-0.0034298483
1.90689e-07,-0.0034341567
1.90789e-07,-0.0034442096
1.90889e-07,-0.0034628791
1.90989e-07,-0.003485139
1.91089e-07,-0.0035045267
1.91189e-07,-0.0035131434
1.91289e-07,-0.0035102711
1.91389e-07,-0.0035009364
1.91489e-07,-0.0034951919
1.91589e-07,-0.0035016544
1.91689e-07,-0.0035231962
1.91789e-07,-0.0035540728
1.91889e-07,-0.0035849494
1.91989e-07,-0.0036050551
1.92089e-07,-0.0036100816
1.92189e-07,-0.0036021829
1.92289e-07,-0.0035899759
1.92389e-07,-0.0035820772
1.92489e-07,-0.0035835133
1.92589e-07,-0.003591412
1.92689e-07,-0.0036007468
1.92789e-07,-0.0036050551
1.92889e-07,-0.0036014648
1.92989e-07,-0.0035935662
1.93089e-07,-0.0035892578
1.93189e-07,-0.0035935662
1.93289e-07,-0.0036079274
1.93389e-07,-0.003626597
1.93489e-07,-0.0036395221
1.93589e-07,-0.0036395221
1.93689e-07,-0.0036244428
1.93789e-07,-0.0036014648
1.93889e-07,-0.003579923
1.93989e-07,-0.0035705882
1.94089e-07,-0.0035770508
1.94189e-07,-0.0035935662
1.94289e-07,-0.0036107996
1.94389e-07,-0.0036165441
1.94489e-07,-0.0036064913
1.94589e-07,-0.0035827953
1.94689e-07,-0.003556227
1.94789e-07,-0.0035361213
1.94889e-07,-0.0035296588
1.94989e-07,-0.0035361213
1.95089e-07,-0.0035483284
1.95189e-07,-0.0035590993
1.95289e-07,-0.0035626896
1.95389e-07,-0.0035590993
1.95489e-07,-0.0035526367
1.95589e-07,-0.0035476103
1.95689e-07,-0.0035461742
1.95789e-07,-0.0035461742
1.95889e-07,-0.0035433019
1.95989e-07,-0.0035361213
1.96089e-07,-0.0035260685
1.96189e-07,-0.003520324
1.96289e-07,-0.0035260685
1.96389e-07,-0.0035476103
1.96489e-07,-0.0035806411
1.96589e-07,-0.003615108
1.96689e-07,-0.0036373679
1.96789e-07,-0.0036395221
1.96889e-07,-0.0036222886
1.96989e-07,-0.0035950023
1.97089e-07,-0.0035741785
1.97189e-07,-0.0035705882
1.97289e-07,-0.0035885398
1.97389e-07,-0.0036208525
1.97489e-07,-0.0036531652
1.97589e-07,-0.003673989
1.97689e-07,-0.0036768612
1.97789e-07,-0.0036646542
1.97889e-07,-0.0036488568
1.97989e-07,-0.0036395221
1.98089e-07,-0.0036402401
1.98189e-07,-0.0036481388
1.98289e-07,-0.0036538833
1.98389e-07,-0.003651011
1.98489e-07,-0.0036380859
1.98589e-07,-0.0036230067
1.98689e-07,-0.0036172622
1.98789e-07,-0.0036280331
1.98889e-07,-0.0036560375
1.98989e-07,-0.0036890682
1.99089e-07,-0.0037113281
1.99189e-07,-0.0037084559
1.99289e-07,-0.0036768612
1.99389e-07,-0.0036251608
1.99489e-07,-0.0035720244
1.99589e-07,-0.0035361213
1.99689e-07,-0.0035282227
1.99789e-07,-0.0035447381
1.99889e-07,-0.0035727424
1.99989e-07,-0.0035935662
2.00089e-07,-0.0035950023
2.00189e-07,-0.0035748966
2.00289e-07,-0.0035433019
2.00389e-07,-0.0035131434
2.00489e-07,-0.0034959099
2.00589e-07,-0.0034951919
2.00689e-07,-0.0035045267
2.00789e-07,-0.0035131434
2.00889e-07,-0.0035138614
2.00989e-07,-0.0035038086
2.01089e-07,-0.0034894474
2.01189e-07,-0.0034786765
2.01289e-07,-0.0034786765
2.01389e-07,-0.0034887293
2.01489e-07,-0.0035038086
2.01589e-07,-0.0035131434
2.01689e-07,-0.0035109892
2.01789e-07,-0.0034980641
2.01889e-07,-0.0034801126
2.01989e-07,-0.0034671875
2.02089e-07,-0.0034664694
2.02189e-07,-0.0034793945
2.02289e-07,-0.0035016544
2.02389e-07,-0.0035246324
2.02489e-07,-0.0035411477
2.02589e-07,-0.0035490464
2.02689e-07,-0.0035497645
2.02789e-07,-0.0035476103
2.02889e-07,-0.0035468922
2.02989e-07,-0.0035476103
2.03089e-07,-0.0035490464
2.03189e-07,-0.0035476103
2.03289e-07,-0.0035447381
2.03389e-07,-0.00354402
2.03489e-07,-0.0035519187
2.03589e-07,-0.0035705882
2.03689e-07,-0.0035993107
2.03789e-07,-0.0036316234
2.03889e-07,-0.0036553194
2.03989e-07,-0.0036625
2.04089e-07,-0.003651011
2.04189e-07,-0.0036280331
2.04289e-07,-0.0036043371
2.04389e-07,-0.0035935662
2.04489e-07,-0.003603619
2.04589e-07,-0.0036323415
2.04689e-07,-0.0036711167
2.04789e-07,-0.0037084559
2.04889e-07,-0.003733588
2.04989e-07,-0.0037443589
2.05089e-07,-0.0037443589
2.05189e-07,-0.0037429228
2.05289e-07,-0.0037472312
2.05389e-07,-0.0037608743
2.05489e-07,-0.0037802619
2.05589e-07,-0.0038003676
2.05689e-07,-0.0038147289
2.05789e-07,-0.0038204733
2.05889e-07,-0.0038183192
2.05989e-07,-0.0038118566
2.06089e-07,-0.0038053941
2.06189e-07,-0.0037996496
2.06289e-07,-0.0037946232
2.06389e-07,-0.0037888787
2.06489e-07,-0.0037831342
2.06589e-07,-0.00378098
2.06689e-07,-0.0037852884
2.06789e-07,-0.0038003676
2.06889e-07,-0.0038254998
2.06989e-07,-0.0038556583
2.07089e-07,-0.0038843807
2.07189e-07,-0.0039037684
2.07289e-07,-0.0039102309
2.07389e-07,-0.0039052045
2.07489e-07,-0.0038929975
2.07589e-07,-0.0038807904
2.07689e-07,-0.0038728918
2.07789e-07,-0.0038700195
2.07889e-07,-0.0038700195
2.07989e-07,-0.0038693015
2.08089e-07,-0.0038671473
2.08189e-07,-0.003864275
2.08289e-07,-0.003864275
2.08389e-07,-0.0038693015
2.08489e-07,-0.0038786363
2.08589e-07,-0.0038894072
2.08689e-07,-0.0038951517
2.08789e-07,-0.0038922794
2.08889e-07,-0.0038800724
2.08989e-07,-0.0038614028
2.09089e-07,-0.0038448874
2.09189e-07,-0.0038348346
2.09289e-07,-0.0038355526
2.09389e-07,-0.0038448874
2.09489e-07,-0.0038578125
2.09589e-07,-0.0038693015
2.09689e-07,-0.003875046
2.09789e-07,-0.003875046
2.09889e-07,-0.0038721737
2.09989e-07,-0.0038693015
2.10089e-07,-0.0038685834
2.10189e-07,-0.0038707376
2.10289e-07,-0.003875046
2.10389e-07,-0.0038807904
2.10489e-07,-0.0038908433
2.10589e-07,-0.0039073587
2.10689e-07,-0.0039317727
2.10789e-07,-0.0039612132
2.10889e-07,-0.0039892176
2.10989e-07,-0.0040078872
2.11089e-07,-0.0040100414
2.11189e-07,-0.0039956801
2.11289e-07,-0.0039727022
2.11389e-07,-0.0039547507
2.11489e-07,-0.0039525965
2.11589e-07,-0.0039727022
2.11689e-07,-0.0040121955
2.11789e-07,-0.0040595875
2.11889e-07,-0.0040997989
2.11989e-07,-0.0041220588
2.12089e-07,-0.004124213
2.12189e-07,-0.0041134421
2.12289e-07,-0.0041012351
2.12389e-07,-0.0040990809
2.12489e-07,-0.0041098518
2.12589e-07,-0.0041292394
2.12689e-07,-0.0041471909
2.12789e-07,-0.0041565257
2.12889e-07,-0.0041543716
2.12989e-07,-0.0041457548
2.13089e-07,-0.0041407284
2.13189e-07,-0.0041450368
2.13289e-07,-0.0041608341
2.13389e-07,-0.0041802217
2.13489e-07,-0.0041931468
2.13589e-07,-0.0041909926
2.13689e-07,-0.0041723231
2.13789e-07,-0.0041443187
2.13889e-07,-0.0041199046
2.13989e-07,-0.0041105699
2.14089e-07,-0.0041199046
2.14189e-07,-0.0041421645
2.14289e-07,-0.0041658605
2.14389e-07,-0.0041795037
2.14489e-07,-0.0041780676
2.14589e-07,-0.0041658605
2.14689e-07,-0.0041514993
2.14789e-07,-0.0041450368
2.14889e-07,-0.0041507812
2.14989e-07,-0.0041644244
2.15089e-07,-0.0041773495
2.15189e-07,-0.0041795037
2.15289e-07,-0.0041687328
2.15389e-07,-0.0041507812
2.15489e-07,-0.004135702
2.15589e-07,-0.0041335478
2.15689e-07,-0.004147909
2.15789e-07,-0.0041723231
2.15889e-07,-0.004194583
2.15989e-07,-0.0042024816
2.16089e-07,-0.0041902746
2.16189e-07,-0.0041622702
2.16289e-07,-0.0041306756
2.16389e-07,-0.0041105699
2.16489e-07,-0.0041098518
2.16589e-07,-0.0041278033
2.16689e-07,-0.0041550896
2.16789e-07,-0.0041795037
2.16889e-07,-0.0041924288
2.16989e-07,-0.0041931468
2.17089e-07,-0.0041859662
2.17189e-07,-0.0041795037
2.17289e-07,-0.0041809398
2.17389e-07,-0.0041902746
2.17489e-07,-0.0042031997
2.17589e-07,-0.0042139706
2.17689e-07,-0.0042197151
2.17789e-07,-0.0042218693
2.17889e-07,-0.0042254596
2.17989e-07,-0.0042369485
2.18089e-07,-0.0042563362
2.18189e-07,-0.0042793141
2.18289e-07,-0.0042979837
2.18389e-07,-0.0043058824
2.18489e-07,-0.004302292
2.18589e-07,-0.0042922392
2.18689e-07,-0.0042872128
2.18789e-07,-0.0042943934
2.18889e-07,-0.0043166533
2.18989e-07,-0.004348966
2.19089e-07,-0.0043791245
2.19189e-07,-0.0043977941
2.19289e-07,-0.0043992302
2.19389e-07,-0.0043877413
2.19489e-07,-0.004372662
2.19589e-07,-0.0043633272
2.19689e-07,-0.0043654814
2.19789e-07,-0.0043769704
2.19889e-07,-0.0043898955
2.19989e-07,-0.0043977941
2.20089e-07,-0.004396358
2.20189e-07,-0.0043898955
2.20289e-07,-0.004384151
2.20389e-07,-0.0043863051
2.20489e-07,-0.0043977941
2.20589e-07,-0.0044128734
2.20689e-07,-0.0044229262
2.20789e-07,-0.0044207721
2.20889e-07,-0.0044056928
2.20989e-07,-0.0043855871
2.21089e-07,-0.0043712259
2.21189e-07,-0.0043748162
2.21289e-07,-0.0043977941
2.21389e-07,-0.0044336972
2.21489e-07,-0.0044688821
2.21589e-07,-0.0044897059
2.21689e-07,-0.0044904239
2.21789e-07,-0.0044731905
2.21889e-07,-0.0044494945
2.21989e-07,-0.004432261
2.22089e-07,-0.0044286707
2.22189e-07,-0.0044380055
2.22289e-07,-0.0044538028
2.22389e-07,-0.0044667279
2.22489e-07,-0.0044703182
2.22589e-07,-0.0044652918
2.22689e-07,-0.0044581112
2.22789e-07,-0.004455239
2.22889e-07,-0.0044602654
2.22989e-07,-0.0044710363
2.23089e-07,-0.004478935
2.23189e-07,-0.0044782169
2.23289e-07,-0.0044660099
2.23389e-07,-0.0044480584
2.23489e-07,-0.0044336972
2.23589e-07,-0.004432261
2.23689e-07,-0.0044466222
2.23789e-07,-0.0044724724
2.23889e-07,-0.0044976045
2.23989e-07,-0.0045126838
2.24089e-07,-0.0045112477
2.24189e-07,-0.0044968865
2.24289e-07,-0.0044782169
2.24389e-07,-0.0044667279
2.24489e-07,-0.0044681641
2.24589e-07,-0.004479653
2.24689e-07,-0.0044940142
2.24789e-07,-0.0045011949
2.24889e-07,-0.0044940142
2.24989e-07,-0.0044739085
2.25089e-07,-0.0044466222
2.25189e-07,-0.0044207721
2.25289e-07,-0.0044021025
2.25389e-07,-0.0043913316
2.25489e-07,-0.004384151
2.25589e-07,-0.0043748162
2.25689e-07,-0.0043626091
2.25789e-07,-0.004348966
2.25889e-07,-0.0043403493
2.25989e-07,-0.0043403493
2.26089e-07,-0.0043496841
2.26189e-07,-0.0043618911
2.26289e-07,-0.0043690717
2.26389e-07,-0.0043633272
2.26489e-07,-0.0043446576
2.26589e-07,-0.0043188074
2.26689e-07,-0.0042951114
2.26789e-07,-0.0042829044
2.26889e-07,-0.0042843405
2.26989e-07,-0.0042943934
2.27089e-07,-0.0043044462
2.27189e-07,-0.0043058824
2.27289e-07,-0.0042972656
2.27389e-07,-0.0042821864
2.27489e-07,-0.0042706974
2.27589e-07,-0.0042714154
2.27689e-07,-0.0042857767
2.27789e-07,-0.0043080365
2.27889e-07,-0.0043295784
2.27989e-07,-0.0043403493
2.28089e-07,-0.0043381951
2.28189e-07,-0.0043281422
2.28289e-07,-0.0043180894
2.28389e-07,-0.0043173713
2.28489e-07,-0.0043274242
2.28589e-07,-0.0043432215
2.28689e-07,-0.0043539924
2.28789e-07,-0.0043518382
2.28889e-07,-0.0043353228
2.28989e-07,-0.0043101907
2.29089e-07,-0.004289367
2.29189e-07,-0.0042829044
2.29289e-07,-0.0042943934
2.29389e-07,-0.0043173713
2.29489e-07,-0.0043403493
2.29589e-07,-0.0043518382
2.29689e-07,-0.0043453757
2.29789e-07,-0.00432527
2.29889e-07,-0.0043008559
2.29989e-07,-0.0042829044
2.30089e-07,-0.0042771599
2.30189e-07,-0.0042800322
2.30289e-07,-0.0042850586
2.30389e-07,-0.0042829044
2.30489e-07,-0.0042706974
2.30589e-07,-0.0042534639
2.30689e-07,-0.0042391027
2.30789e-07,-0.0042369485
2.30889e-07,-0.0042484375
2.30989e-07,-0.0042671071
2.31089e-07,-0.0042821864
2.31189e-07,-0.0042829044
2.31289e-07,-0.004265671
2.31389e-07,-0.0042369485
2.31489e-07,-0.004207508
2.31589e-07,-0.0041909926
2.31689e-07,-0.0041924288
2.31789e-07,-0.004207508
2.31889e-07,-0.0042261776
2.31989e-07,-0.0042369485
2.32089e-07,-0.0042333582
2.32189e-07,-0.004218279
2.32289e-07,-0.0042003274
2.32389e-07,-0.0041909926
2.32489e-07,-0.004195301
2.32589e-07,-0.0042103803
2.32689e-07,-0.0042283318
2.32789e-07,-0.0042369485
2.32889e-07,-0.0042326402
2.32989e-07,-0.0042168428
2.33089e-07,-0.0041996094
2.33189e-07,-0.0041909926
2.33289e-07,-0.0041960191
2.33389e-07,-0.0042118164
2.33489e-07,-0.0042290499
2.33589e-07,-0.0042369485
2.33689e-07,-0.0042297679
2.33789e-07,-0.0042089442
2.33889e-07,-0.0041845301
2.33989e-07,-0.0041680147
2.34089e-07,-0.0041665786
2.34189e-07,-0.0041809398
2.34289e-07,-0.0042039177
2.34389e-07,-0.0042254596
2.34489e-07,-0.0042376666
2.34589e-07,-0.0042391027
2.34689e-07,-0.0042326402
2.34789e-07,-0.0042254596
2.34889e-07,-0.0042211512
2.34989e-07,-0.0042197151
2.35089e-07,-0.004218279
2.35189e-07,-0.0042139706
2.35289e-07,-0.00420679
2.35389e-07,-0.0042024816
2.35489e-07,-0.00420679
2.35589e-07,-0.0042254596
2.35689e-07,-0.0042577723
2.35789e-07,-0.0042965476
2.35889e-07,-0.0043310145
2.35989e-07,-0.0043518382
2.36089e-07,-0.0043554285
2.36189e-07,-0.0043460937
2.36289e-07,-0.0043338867
2.36389e-07,-0.0043288603
2.36489e-07,-0.0043360409
2.36589e-07,-0.0043525563
2.36689e-07,-0.0043719439
2.36789e-07,-0.0043863051
2.36889e-07,-0.0043927677
2.36989e-07,-0.0043942038
2.37089e-07,-0.0043970761
2.37189e-07,-0.0044092831
2.37289e-07,-0.0044301068
2.37389e-07,-0.004455239
2.37489e-07,-0.0044731905
2.37589e-07,-0.0044782169
2.37689e-07,-0.004467446
2.37789e-07,-0.0044487764
2.37889e-07,-0.0044336972
2.37989e-07,-0.004432261
2.38089e-07,-0.0044487764
2.38189e-07,-0.0044774989
2.38289e-07,-0.0045069393
2.38389e-07,-0.0045241728
2.38489e-07,-0.0045227367
2.38589e-07,-0.0045062213
2.38689e-07,-0.0044832433
2.38789e-07,-0.0044667279
2.38889e-07,-0.0044645738
2.38989e-07,-0.0044767808
2.39089e-07,-0.0044961684
2.39189e-07,-0.0045126838
2.39289e-07,-0.0045184283
2.39389e-07,-0.0045112477
2.39489e-07,-0.0044961684
2.39589e-07,-0.0044782169
2.39689e-07,-0.0044631376
2.39789e-07,-0.0044516487
2.39889e-07,-0.0044423139
2.39989e-07,-0.004432261
2.40089e-07,-0.0044222082
2.40189e-07,-0.0044150276
2.40289e-07,-0.0044178998
2.40389e-07,-0.004432261
2.40489e-07,-0.0044566751
2.40589e-07,-0.0044832433
2.40689e-07,-0.0045004768
2.40789e-07,-0.0045011949
2.40889e-07,-0.0044846795
2.40989e-07,-0.0044588293
2.41089e-07,-0.0044336972
2.41189e-07,-0.0044207721
2.41289e-07,-0.0044229262
2.41389e-07,-0.0044358513
2.41489e-07,-0.0044494945
2.41589e-07,-0.004455239
2.41689e-07,-0.0044480584
2.41789e-07,-0.004432261
2.41889e-07,-0.0044164637
2.41989e-07,-0.0044092831
2.42089e-07,-0.0044135915
2.42189e-07,-0.0044265165
2.42289e-07,-0.0044394416
2.42389e-07,-0.00444375
2.42489e-07,-0.0044380055
2.42589e-07,-0.0044257985
2.42689e-07,-0.0044178998
2.42789e-07,-0.0044207721
2.42889e-07,-0.0044372875
2.42989e-07,-0.0044595473
2.43089e-07,-0.0044767808
2.43189e-07,-0.0044782169
2.43289e-07,-0.0044595473
2.43389e-07,-0.0044272346
2.43489e-07,-0.0043942038
2.43589e-07,-0.0043748162
2.43689e-07,-0.0043776884
2.43789e-07,-0.0044006664
2.43889e-07,-0.0044351333
2.43989e-07,-0.0044667279
2.44089e-07,-0.0044861156
2.44189e-07,-0.004491142
2.44289e-07,-0.0044853975
2.44389e-07,-0.0044782169
2.44489e-07,-0.0044753447
2.44589e-07,-0.004478935
2.44689e-07,-0.0044853975
2.44789e-07,-0.0044897059
2.44889e-07,-0.0044897059
2.44989e-07,-0.0044875517
2.45089e-07,-0.0044897059
2.45189e-07,-0.0045011949
2.45289e-07,-0.0045234547
2.45389e-07,-0.0045528952
2.45489e-07,-0.0045787454
2.45589e-07,-0.0045931066
2.45689e-07,-0.0045916705
2.45789e-07,-0.0045780273
2.45889e-07,-0.0045600758
2.45989e-07,-0.0045471507
2.46089e-07,-0.0045457146
2.46189e-07,-0.0045557675
2.46289e-07,-0.0045701287
2.46389e-07,-0.0045816176
2.46489e-07,-0.004585926
2.46589e-07,-0.0045837718
2.46689e-07,-0.0045801815
2.46789e-07,-0.0045816176
2.46889e-07,-0.0045902344
2.46989e-07,-0.0046024414
2.47089e-07,-0.0046139304
2.47189e-07,-0.0046160846
2.47289e-07,-0.0046067498
2.47389e-07,-0.0045895163
2.47489e-07,-0.0045708467
2.47589e-07,-0.0045586397
2.47689e-07,-0.0045564855
2.47789e-07,-0.0045615119
2.47889e-07,-0.0045686926
2.47989e-07,-0.0045701287
2.48089e-07,-0.0045643842
2.48189e-07,-0.0045536133
2.48289e-07,-0.0045457146
2.48389e-07,-0.0045471507
2.48489e-07,-0.0045600758
2.48589e-07,-0.0045801815
2.48689e-07,-0.004598133
2.48789e-07,-0.0046045956
2.48889e-07,-0.0045938247
2.48989e-07,-0.0045694106
2.49089e-07,-0.004538534
2.49189e-07,-0.0045126838
2.49289e-07,-0.0044983226
2.49389e-07,-0.0044954504
2.49489e-07,-0.0044990407
2.49589e-07,-0.0045011949
2.49689e-07,-0.0044968865
2.49789e-07,-0.0044853975
2.49889e-07,-0.0044731905
2.49989e-07,-0.0044667279
2.50089e-07,-0.0044703182
2.50189e-07,-0.0044832433
2.50289e-07,-0.0045004768
2.50389e-07,-0.0045126838
2.50489e-07,-0.004514838
2.50589e-07,-0.0045062213
2.50689e-07,-0.0044918601
2.50789e-07,-0.0044782169
2.50889e-07,-0.0044724724
2.50989e-07,-0.0044760627
2.51089e-07,-0.0044875517
2.51189e-07,-0.0045011949
2.51289e-07,-0.0045126838
2.51389e-07,-0.0045205825
2.51489e-07,-0.0045234547
2.51589e-07,-0.0045241728
2.51689e-07,-0.0045248909
2.51789e-07,-0.0045256089
2.51889e-07,-0.0045256089
2.51989e-07,-0.0045241728
2.52089e-07,-0.0045227367
2.52189e-07,-0.0045227367
2.52289e-07,-0.004527045
2.52389e-07,-0.0045356618
2.52489e-07,-0.0045457146
2.52589e-07,-0.0045528952
2.52689e-07,-0.0045536133
2.52789e-07,-0.0045471507
2.52889e-07,-0.0045363798
2.52989e-07,-0.0045291992
2.53089e-07,-0.0045313534
2.53189e-07,-0.0045471507
2.53289e-07,-0.004573719
2.53389e-07,-0.0046031595
2.53489e-07,-0.0046268555
2.53589e-07,-0.0046390625
2.53689e-07,-0.0046390625
2.53789e-07,-0.004633318
2.53889e-07,-0.0046275735
2.53989e-07,-0.0046275735
2.54089e-07,-0.0046326
2.54189e-07,-0.0046376264
2.54289e-07,-0.0046361903
2.54389e-07,-0.0046275735
2.54489e-07,-0.0046153665
2.54589e-07,-0.0046074678
2.54689e-07,-0.0046146484
2.54789e-07,-0.0046390625
2.54889e-07,-0.0046756836
2.54989e-07,-0.0047123047
2.55089e-07,-0.0047331284
2.55189e-07,-0.0047309743
2.55289e-07,-0.0047065602
2.55389e-07,-0.0046713752
2.55489e-07,-0.0046404986
2.55589e-07,-0.0046275735
2.55689e-07,-0.0046347541
2.55789e-07,-0.0046555779
2.55889e-07,-0.0046756836
2.55989e-07,-0.0046850184
2.56089e-07,-0.0046792739
2.56189e-07,-0.0046634766
2.56289e-07,-0.0046505515
2.56389e-07,-0.0046505515
2.56489e-07,-0.0046656307
2.56589e-07,-0.0046900448
2.56689e-07,-0.0047115866
2.56789e-07,-0.0047194853
2.56889e-07,-0.0047115866
2.56989e-07,-0.0046936351
2.57089e-07,-0.0046778378
2.57189e-07,-0.0046735294
2.57289e-07,-0.0046835823
2.57389e-07,-0.0047000977
2.57489e-07,-0.0047123047
2.57589e-07,-0.0047079963
2.57689e-07,-0.0046864545
2.57789e-07,-0.0046555779
2.57889e-07,-0.0046318819
2.57989e-07,-0.0046275735
2.58089e-07,-0.0046476792
2.58189e-07,-0.0046843003
2.58289e-07,-0.0047209214
2.58389e-07,-0.0047424632
2.58489e-07,-0.0047403091
2.58589e-07,-0.0047187672
2.58689e-07,-0.0046907629
2.58789e-07,-0.0046735294
2.58889e-07,-0.0046749655
2.58989e-07,-0.0046936351
2.59089e-07,-0.0047173311
2.59189e-07,-0.0047309743
2.59289e-07,-0.0047259478
2.59389e-07,-0.0047022518
2.59489e-07,-0.0046728114
2.59589e-07,-0.0046505515
2.59689e-07,-0.0046469612
2.59789e-07,-0.0046620404
2.59889e-07,-0.0046871726
2.59989e-07,-0.0047079963
2.60089e-07,-0.0047115866
2.60189e-07,-0.0046950712
2.60289e-07,-0.0046634766
2.60389e-07,-0.0046275735
2.60489e-07,-0.0045988511
2.60589e-07,-0.0045823357
2.60689e-07,-0.0045787454
2.60789e-07,-0.0045816176
2.60889e-07,-0.0045866441
2.60989e-07,-0.0045909524
2.61089e-07,-0.0045966969
2.61189e-07,-0.0046045956
2.61289e-07,-0.0046160846
2.61389e-07,-0.0046268555
2.61489e-07,-0.0046318819
2.61589e-07,-0.0046275735
2.61689e-07,-0.0046124943
2.61789e-07,-0.0045931066
2.61889e-07,-0.0045758732
2.61989e-07,-0.0045701287
2.62089e-07,-0.0045773093
2.62189e-07,-0.0045923886
2.62289e-07,-0.0046081859
2.62389e-07,-0.0046160846
2.62489e-07,-0.0046117762
2.62589e-07,-0.004598133
2.62689e-07,-0.0045816176
2.62789e-07,-0.0045701287
2.62889e-07,-0.0045665384
2.62989e-07,-0.0045686926
2.63089e-07,-0.0045715648
2.63189e-07,-0.0045701287
2.63289e-07,-0.0045643842
2.63389e-07,-0.0045579216
2.63489e-07,-0.0045586397
2.63589e-07,-0.0045701287
2.63689e-07,-0.0045916705
2.63789e-07,-0.0046153665
2.63889e-07,-0.004633318
2.63989e-07,-0.0046390625
2.64089e-07,-0.004633318
2.64189e-07,-0.0046254193
2.64289e-07,-0.0046247013
2.64389e-07,-0.0046390625
2.64489e-07,-0.0046677849
2.64589e-07,-0.0047015338
2.64689e-07,-0.0047259478
2.64789e-07,-0.0047309743
2.64889e-07,-0.0047151769
2.64989e-07,-0.0046886087
2.65089e-07,-0.0046663488
2.65189e-07,-0.0046620404
2.65289e-07,-0.0046814281
2.65389e-07,-0.0047194853
2.65489e-07,-0.0047596967
2.65589e-07,-0.0047884191
2.65689e-07,-0.0047955997
2.65789e-07,-0.0047833927
2.65889e-07,-0.0047611328
2.65989e-07,-0.0047424632
2.66089e-07,-0.0047352826
2.66189e-07,-0.0047417452
2.66289e-07,-0.0047539522
2.66389e-07,-0.0047654412
2.66489e-07,-0.0047697495
2.66589e-07,-0.0047697495
2.66689e-07,-0.0047697495
2.66789e-07,-0.0047769301
2.66889e-07,-0.0047927275
2.66989e-07,-0.0048128332
2.67089e-07,-0.0048257583
2.67189e-07,-0.004822886
2.67289e-07,-0.0048020623
2.67389e-07,-0.0047690315
2.67489e-07,-0.0047374368
2.67589e-07,-0.0047194853
2.67689e-07,-0.0047230756
2.67789e-07,-0.0047438994
2.67889e-07,-0.0047704676
2.67989e-07,-0.0047884191
2.68089e-07,-0.0047877011
2.68189e-07,-0.0047683134
2.68289e-07,-0.0047374368
2.68389e-07,-0.0047079963
2.68489e-07,-0.0046893267
2.68589e-07,-0.0046857364
2.68689e-07,-0.0046907629
2.68789e-07,-0.0046965074
2.68889e-07,-0.0046957893
2.68989e-07,-0.0046864545
2.69089e-07,-0.0046728114
2.69189e-07,-0.0046620404
2.69289e-07,-0.0046591682
2.69389e-07,-0.0046641946
2.69489e-07,-0.0046713752
2.69589e-07,-0.0046735294
2.69689e-07,-0.0046649127
2.69789e-07,-0.0046462431
2.69889e-07,-0.0046232652
2.69989e-07,-0.0046045956
2.70089e-07,-0.004598133
2.70189e-07,-0.0046045956
2.70289e-07,-0.004621111
2.70389e-07,-0.0046390625
2.70489e-07,-0.0046512695
2.70589e-07,-0.0046534237
2.70689e-07,-0.0046476792
2.70789e-07,-0.0046390625
2.70889e-07,-0.0046318819
2.70989e-07,-0.0046282916
2.71089e-07,-0.0046275735
2.71189e-07,-0.0046275735
2.71289e-07,-0.0046261374
2.71389e-07,-0.004621829
2.71489e-07,-0.0046175207
2.71589e-07,-0.0046160846
2.71689e-07,-0.0046182387
2.71789e-07,-0.0046225471
2.71889e-07,-0.0046261374
2.71989e-07,-0.0046275735
2.72089e-07,-0.0046254193
2.72189e-07,-0.004621829
2.72289e-07,-0.004621111
2.72389e-07,-0.0046275735
2.72489e-07,-0.0046404986
2.72589e-07,-0.0046584501
2.72689e-07,-0.0046749655
2.72789e-07,-0.0046850184
2.72889e-07,-0.0046871726
2.72989e-07,-0.0046835823
2.73089e-07,-0.0046771197
2.73189e-07,-0.0046735294
2.73289e-07,-0.0046742475
2.73389e-07,-0.0046778378
2.73489e-07,-0.0046821461
2.73589e-07,-0.0046850184
2.73689e-07,-0.0046864545
2.73789e-07,-0.0046886087
2.73889e-07,-0.0046957893
2.73989e-07,-0.0047079963
2.74089e-07,-0.0047230756
2.74189e-07,-0.0047338465
2.74289e-07,-0.0047345646
2.74389e-07,-0.0047194853
2.74489e-07,-0.0046914809
2.74589e-07,-0.0046584501
2.74689e-07,-0.0046304458
2.74789e-07,-0.0046160846
2.74889e-07,-0.0046189568
2.74989e-07,-0.0046354722
2.75089e-07,-0.004657014
2.75189e-07,-0.0046735294
2.75289e-07,-0.004679992
2.75389e-07,-0.0046771197
2.75489e-07,-0.004669221
2.75589e-07,-0.0046620404
2.75689e-07,-0.0046591682
2.75789e-07,-0.0046606043
2.75889e-07,-0.0046627585
2.75989e-07,-0.0046620404
2.76089e-07,-0.0046577321
2.76189e-07,-0.0046519876
2.76289e-07,-0.0046483973
2.76389e-07,-0.0046505515
2.76489e-07,-0.0046577321
2.76589e-07,-0.0046656307
2.76689e-07,-0.004668503
2.76789e-07,-0.0046620404
2.76889e-07,-0.0046491153
2.76989e-07,-0.0046369083
2.77089e-07,-0.0046347541
2.77189e-07,-0.0046505515
2.77289e-07,-0.0046857364
2.77389e-07,-0.0047338465
2.77489e-07,-0.0047833927
2.77589e-07,-0.004822886
2.77689e-07,-0.0048444278
2.77789e-07,-0.0048494543
2.77889e-07,-0.0048429917
2.77989e-07,-0.004834375
2.78089e-07,-0.0048293486
2.78189e-07,-0.0048300666
2.78289e-07,-0.0048329389
2.78389e-07,-0.004834375
2.78489e-07,-0.0048329389
2.78589e-07,-0.0048307847
2.78689e-07,-0.0048329389
2.78789e-07,-0.004845864
2.78889e-07,-0.0048688419
2.78989e-07,-0.0048982824
2.79089e-07,-0.0049241326
2.79189e-07,-0.0049377757
2.79289e-07,-0.0049341854
2.79389e-07,-0.0049162339
2.79489e-07,-0.0048903837
2.79589e-07,-0.0048688419
2.79689e-07,-0.0048587891
2.79789e-07,-0.0048638155
2.79889e-07,-0.0048810489
2.79989e-07,-0.0049033088
2.80089e-07,-0.0049248506
2.80189e-07,-0.0049399299
2.80289e-07,-0.0049478286
2.80389e-07,-0.0049492647
2.80489e-07,-0.0049463925
2.80589e-07,-0.004941366
2.80689e-07,-0.0049341854
2.80789e-07,-0.0049262868
2.80889e-07,-0.0049205423
2.80989e-07,-0.0049205423
2.81089e-07,-0.0049262868
2.81189e-07,-0.0049377757
2.81289e-07,-0.0049492647
2.81389e-07,-0.0049542911
2.81489e-07,-0.0049471105
2.81589e-07,-0.0049262868
2.81689e-07,-0.0048975643
2.81789e-07,-0.0048724322
2.81889e-07,-0.0048609432
2.81989e-07,-0.0048688419
2.82089e-07,-0.0048946921
2.82189e-07,-0.0049277229
2.82289e-07,-0.0049535731
2.82389e-07,-0.0049607537
2.82489e-07,-0.0049449563
2.82589e-07,-0.0049126436
2.82689e-07,-0.0048753045
2.82789e-07,-0.004845864
2.82889e-07,-0.0048329389
2.82989e-07,-0.0048358111
2.83089e-07,-0.0048473001
2.83189e-07,-0.0048573529
2.83289e-07,-0.0048595071
2.83389e-07,-0.0048523265
2.83489e-07,-0.0048415556
2.83589e-07,-0.004834375
2.83689e-07,-0.004834375
2.83789e-07,-0.0048422737
2.83889e-07,-0.0048523265
2.83989e-07,-0.0048573529
2.84089e-07,-0.0048544807
2.84189e-07,-0.004845864
2.84289e-07,-0.0048365292
2.84389e-07,-0.004834375
2.84489e-07,-0.0048429917
2.84589e-07,-0.0048609432
2.84689e-07,-0.0048803309
2.84789e-07,-0.0048918199
2.84889e-07,-0.0048903837
2.84989e-07,-0.0048767406
2.85089e-07,-0.0048587891
2.85189e-07,-0.004845864
2.85289e-07,-0.0048473001
2.85389e-07,-0.0048659697
2.85489e-07,-0.0048954102
2.85589e-07,-0.0049262868
2.85689e-07,-0.0049478286
2.85789e-07,-0.0049521369
2.85889e-07,-0.0049392119
2.85989e-07,-0.0049147978
2.86089e-07,-0.0048867934
2.86189e-07,-0.0048638155
2.86289e-07,-0.0048494543
2.86389e-07,-0.004845864
2.86489e-07,-0.0048501723
2.86589e-07,-0.0048587891
2.86689e-07,-0.00486956
2.86789e-07,-0.0048803309
2.86889e-07,-0.0048896657
2.86989e-07,-0.0048968463
2.87089e-07,-0.0049018727
2.87189e-07,-0.0049033088
2.87289e-07,-0.0049011546
2.87389e-07,-0.0048961282
2.87489e-07,-0.0048889476
2.87589e-07,-0.0048803309
2.87689e-07,-0.0048709961
2.87789e-07,-0.0048609432
2.87889e-07,-0.0048516085
2.87989e-07,-0.004845864
2.88089e-07,-0.004846582
2.88189e-07,-0.0048559168
2.88289e-07,-0.0048760225
2.88389e-07,-0.0049033088
2.88489e-07,-0.0049327493
2.88589e-07,-0.0049571634
2.88689e-07,-0.0049708065
2.88789e-07,-0.0049722426
2.88889e-07,-0.004965062
2.88989e-07,-0.0049564453
2.89089e-07,-0.0049535731
2.89189e-07,-0.0049607537
2.89289e-07,-0.004975833
2.89389e-07,-0.0049930664
2.89489e-07,-0.0050052734
2.89589e-07,-0.0050067096
2.89689e-07,-0.004999529
2.89789e-07,-0.0049894761
2.89889e-07,-0.0049858858
2.89989e-07,-0.0049952206
2.90089e-07,-0.0050196347
2.90189e-07,-0.0050548196
2.90289e-07,-0.0050914407
2.90389e-07,-0.0051215993
2.90489e-07,-0.0051395508
2.90589e-07,-0.0051467314
2.90689e-07,-0.0051460133
2.90789e-07,-0.0051445772
2.90889e-07,-0.0051438591
2.90989e-07,-0.0051438591
2.91089e-07,-0.0051409869
2.91189e-07,-0.0051330882
2.91289e-07,-0.0051215993
2.91389e-07,-0.0051108284
2.91489e-07,-0.0051093922
2.91589e-07,-0.0051215993
2.91689e-07,-0.0051481675
2.91789e-07,-0.0051826344
2.91889e-07,-0.0052149472
2.91989e-07,-0.005236489
2.92089e-07,-0.0052415154
2.92189e-07,-0.0052314625
2.92289e-07,-0.0052156652
2.92389e-07,-0.0052020221
2.92489e-07,-0.0051991498
2.92589e-07,-0.0052084846
2.92689e-07,-0.0052264361
2.92789e-07,-0.0052479779
2.92889e-07,-0.0052659295
2.92989e-07,-0.0052788545
2.93089e-07,-0.0052874713
2.93189e-07,-0.0052939338
2.93289e-07,-0.0053018325
2.93389e-07,-0.0053111673
2.93489e-07,-0.0053205021
2.93589e-07,-0.0053284007
2.93689e-07,-0.0053327091
2.93789e-07,-0.0053348633
2.93889e-07,-0.0053362994
2.93989e-07,-0.0053398897
2.94089e-07,-0.0053449161
2.94189e-07,-0.0053499426
2.94289e-07,-0.0053528148
2.94389e-07,-0.0053513787
2.94489e-07,-0.0053470703
2.94589e-07,-0.00534348
2.94689e-07,-0.0053441981
2.94789e-07,-0.0053513787
2.94889e-07,-0.0053621496
2.94989e-07,-0.0053714844
2.95089e-07,-0.0053729205
2.95189e-07,-0.0053628676
2.95289e-07,-0.0053427619
2.95389e-07,-0.0053183479
2.95489e-07,-0.0052968061
2.95589e-07,-0.0052824449
2.95689e-07,-0.0052745462
2.95789e-07,-0.0052688017
2.95889e-07,-0.0052573127
2.95989e-07,-0.005236489
2.96089e-07,-0.0052070485
2.96189e-07,-0.0051761719
2.96289e-07,-0.0051531939
2.96389e-07,-0.0051445772
2.96489e-07,-0.0051503217
2.96589e-07,-0.0051632468
2.96689e-07,-0.0051718635
2.96789e-07,-0.0051675551
2.96889e-07,-0.0051467314
2.96989e-07,-0.0051137006
2.97089e-07,-0.0050792337
2.97189e-07,-0.0050526654
2.97289e-07,-0.0050397403
2.97389e-07,-0.0050390223
2.97489e-07,-0.0050418945
2.97589e-07,-0.0050411765
2.97689e-07,-0.0050311236
2.97789e-07,-0.0050138902
2.97889e-07,-0.0049952206
2.97989e-07,-0.0049837316
2.98089e-07,-0.0049837316
2.98189e-07,-0.0049937845
2.98289e-07,-0.0050081457
2.98389e-07,-0.0050181985
2.98489e-07,-0.0050196347
2.98589e-07,-0.005012454
2.98689e-07,-0.0050024012
2.98789e-07,-0.0049952206
2.98889e-07,-0.0049952206
2.98989e-07,-0.0050024012
2.99089e-07,-0.005011736
2.99189e-07,-0.0050181985
2.99289e-07,-0.0050174805
2.99389e-07,-0.0050102999
2.99489e-07,-0.0050009651
2.99589e-07,-0.0049952206
2.99689e-07,-0.0049959386
2.99789e-07,-0.0050038373
2.99889e-07,-0.0050167624
2.99989e-07,-0.0050296875
3.00089e-07,-0.0050404584
3.00189e-07,-0.0050483571
3.00289e-07,-0.0050526654
3.00389e-07,-0.0050526654
3.00489e-07,-0.005046921
3.00589e-07,-0.0050332778
3.00689e-07,-0.0050110179
3.00789e-07,-0.0049837316
3.00889e-07,-0.0049593176
3.00989e-07,-0.0049478286
3.01089e-07,-0.0049557273
3.01189e-07,-0.0049837316
3.01289e-07,-0.0050225069
3.01389e-07,-0.0050576919
3.01489e-07,-0.0050734892
3.01589e-07,-0.0050641544
3.01689e-07,-0.0050318417
3.01789e-07,-0.0049894761
3.01889e-07,-0.0049542911
3.01989e-07,-0.0049377757
3.02089e-07,-0.0049428022
3.02189e-07,-0.0049614717
3.02289e-07,-0.0049787052
3.02389e-07,-0.0049837316
3.02489e-07,-0.0049715246
3.02589e-07,-0.0049485466
3.02689e-07,-0.0049262868
3.02789e-07,-0.0049147978
3.02889e-07,-0.0049183881
3.02989e-07,-0.0049327493
3.03089e-07,-0.0049456744
3.03189e-07,-0.0049492647
3.03289e-07,-0.0049392119
3.03389e-07,-0.0049212603
3.03489e-07,-0.0049061811
3.03589e-07,-0.0049033088
3.03689e-07,-0.0049147978
3.03789e-07,-0.0049341854
3.03889e-07,-0.0049492647
3.03989e-07,-0.0049492647
3.04089e-07,-0.0049313132
3.04189e-07,-0.0049025908
3.04289e-07,-0.0048774586
3.04389e-07,-0.0048688419
3.04489e-07,-0.0048824851
3.04589e-07,-0.0049140797
3.04689e-07,-0.0049485466
3.04789e-07,-0.0049722426
3.04889e-07,-0.004975833
3.04989e-07,-0.0049614717
3.05089e-07,-0.004940648
3.05189e-07,-0.0049262868
3.05289e-07,-0.0049277229
3.05389e-07,-0.0049463925
3.05489e-07,-0.0049722426
3.05589e-07,-0.0049952206
3.05689e-07,-0.0050059915
3.05789e-07,-0.0050045554
3.05889e-07,-0.0049980928
3.05989e-07,-0.0049952206
3.06089e-07,-0.0050038373
3.06189e-07,-0.0050225069
3.06289e-07,-0.0050462029
3.06389e-07,-0.0050641544
3.06489e-07,-0.0050698989
3.06589e-07,-0.0050634364
3.06689e-07,-0.0050505113
3.06789e-07,-0.0050411765
3.06889e-07,-0.0050411765
3.06989e-07,-0.0050505113
3.07089e-07,-0.0050648725
3.07189e-07,-0.0050756434
3.07289e-07,-0.0050785156
3.07389e-07,-0.0050720531
3.07489e-07,-0.0050612822
3.07589e-07,-0.0050526654
3.07689e-07,-0.0050490751
3.07789e-07,-0.0050505113
3.07889e-07,-0.0050497932
3.07989e-07,-0.0050411765
3.08089e-07,-0.0050217888
3.08189e-07,-0.0049930664
3.08289e-07,-0.0049621898
3.08389e-07,-0.0049377757
3.08489e-07,-0.0049234145
3.08589e-07,-0.0049191062
3.08689e-07,-0.0049183881
3.08789e-07,-0.0049147978
3.08889e-07,-0.004905463
3.08989e-07,-0.0048925379
3.09089e-07,-0.004881767
3.09189e-07,-0.0048803309
3.09289e-07,-0.0048911018
3.09389e-07,-0.0049112075
3.09489e-07,-0.0049334674
3.09589e-07,-0.0049492647
3.09689e-07,-0.0049521369
3.09789e-07,-0.004941366
3.09889e-07,-0.0049226965
3.09989e-07,-0.0049033088
3.10089e-07,-0.0048889476
3.10189e-07,-0.004881767
3.10289e-07,-0.0048796128
3.10389e-07,-0.0048803309
3.10489e-07,-0.0048824851
3.10589e-07,-0.0048867934
3.10689e-07,-0.0048968463
3.10789e-07,-0.0049147978
3.10889e-07,-0.0049399299
3.10989e-07,-0.0049679343
3.11089e-07,-0.0049923483
3.11189e-07,-0.0050067096
3.11289e-07,-0.0050110179
3.11389e-07,-0.0050081457
3.11489e-07,-0.0050045554
3.11589e-07,-0.0050067096
3.11689e-07,-0.0050153263
3.11789e-07,-0.0050275333
3.11889e-07,-0.0050375862
3.11989e-07,-0.0050411765
3.12089e-07,-0.0050390223
3.12189e-07,-0.005035432
3.12289e-07,-0.0050383042
3.12389e-07,-0.0050526654
3.12489e-07,-0.0050770795
3.12589e-07,-0.0051058019
3.12689e-07,-0.0051273437
3.12789e-07,-0.0051330882
3.12889e-07,-0.0051215993
3.12989e-07,-0.0050971852
3.13089e-07,-0.005071335
3.13189e-07,-0.0050526654
3.13289e-07,-0.005046921
3.13389e-07,-0.0050505113
3.13489e-07,-0.0050555377
3.13589e-07,-0.0050526654
3.13689e-07,-0.0050368681
3.13789e-07,-0.0050110179
3.13889e-07,-0.0049822955
3.13989e-07,-0.0049607537
3.14089e-07,-0.0049514189
3.14189e-07,-0.0049550092
3.14289e-07,-0.004964344
3.14389e-07,-0.0049722426
3.14489e-07,-0.0049715246
3.14589e-07,-0.0049614717
3.14689e-07,-0.0049442383
3.14789e-07,-0.0049262868
3.14889e-07,-0.0049104894
3.14989e-07,-0.0048975643
3.15089e-07,-0.0048846392
3.15189e-07,-0.0048688419
3.15289e-07,-0.0048494543
3.15389e-07,-0.0048300666
3.15489e-07,-0.0048164235
3.15589e-07,-0.0048113971
3.15689e-07,-0.0048164235
3.15789e-07,-0.0048271944
3.15889e-07,-0.0048350931
3.15989e-07,-0.004834375
3.16089e-07,-0.004822168
3.16189e-07,-0.0048020623
3.16289e-07,-0.0047805205
3.16389e-07,-0.0047654412
3.16489e-07,-0.0047604148
3.16589e-07,-0.0047640051
3.16689e-07,-0.0047711857
3.16789e-07,-0.0047769301
3.16889e-07,-0.0047776482
3.16989e-07,-0.004775494
3.17089e-07,-0.0047740579
3.17189e-07,-0.0047769301
3.17289e-07,-0.0047841108
3.17389e-07,-0.0047934455
3.17489e-07,-0.0047999081
3.17589e-07,-0.0047999081
3.17689e-07,-0.0047948817
3.17789e-07,-0.0047891372
3.17889e-07,-0.0047891372
3.17989e-07,-0.0047999081
3.18089e-07,-0.0048185777
3.18189e-07,-0.0048379653
3.18289e-07,-0.0048487362
3.18389e-07,-0.004845864
3.18489e-07,-0.0048307847
3.18589e-07,-0.0048121151
3.18689e-07,-0.0048020623
3.18789e-07,-0.0048113971
3.18889e-07,-0.0048408375
3.18989e-07,-0.0048824851
3.19089e-07,-0.0049234145
3.19189e-07,-0.0049492647
3.19289e-07,-0.004952855
3.19389e-07,-0.0049377757
3.19489e-07,-0.0049126436
3.19589e-07,-0.0048918199
3.19689e-07,-0.0048839212
3.19789e-07,-0.0048911018
3.19889e-07,-0.0049083352
3.19989e-07,-0.0049262868
3.20089e-07,-0.0049384938
3.20189e-07,-0.0049435202
3.20289e-07,-0.0049456744
3.20389e-07,-0.0049492647
3.20489e-07,-0.0049585995
3.20589e-07,-0.0049736788
3.20689e-07,-0.00498804
3.20789e-07,-0.0049952206
3.20889e-07,-0.0049923483
3.20989e-07,-0.0049794233
3.21089e-07,-0.0049629079
3.21189e-07,-0.0049492647
3.21289e-07,-0.0049435202
3.21389e-07,-0.0049456744
3.21489e-07,-0.004952855
3.21589e-07,-0.0049607537
3.21689e-07,-0.0049672162
3.21789e-07,-0.0049736788
3.21889e-07,-0.0049822955
3.21989e-07,-0.0049952206
3.22089e-07,-0.005012454
3.22189e-07,-0.0050296875
3.22289e-07,-0.0050404584
3.22389e-07,-0.0050411765
3.22489e-07,-0.0050318417
3.22589e-07,-0.0050196347
3.22689e-07,-0.005012454
3.22789e-07,-0.0050181985
3.22889e-07,-0.0050383042
3.22989e-07,-0.0050663086
3.23089e-07,-0.0050935949
3.23189e-07,-0.0051101103
3.23289e-07,-0.0051122645
3.23389e-07,-0.0051043658
3.23489e-07,-0.0050964671
3.23589e-07,-0.0050986213
3.23689e-07,-0.0051172909
3.23789e-07,-0.0051496036
3.23889e-07,-0.0051855067
3.23989e-07,-0.005213511
3.24089e-07,-0.0052235639
3.24189e-07,-0.0052149472
3.24289e-07,-0.0051926873
3.24389e-07,-0.0051675551
3.24489e-07,-0.0051503217
3.24589e-07,-0.0051452953
3.24689e-07,-0.0051531939
3.24789e-07,-0.0051675551
3.24889e-07,-0.0051826344
3.24989e-07,-0.0051934053
3.25089e-07,-0.0051991498
3.25189e-07,-0.0052020221
3.25289e-07,-0.0052034582
3.25389e-07,-0.0052034582
3.25489e-07,-0.0051998679
3.25589e-07,-0.0051905331
3.25689e-07,-0.0051740177
3.25789e-07,-0.0051531939
3.25889e-07,-0.0051338063
3.25989e-07,-0.0051215993
3.26089e-07,-0.0051208812
3.26189e-07,-0.0051316521
3.26289e-07,-0.0051496036
3.26389e-07,-0.0051675551
3.26489e-07,-0.0051797622
3.26589e-07,-0.0051826344
3.26689e-07,-0.005177608
3.26789e-07,-0.0051675551
3.26889e-07,-0.0051567842
3.26989e-07,-0.0051488856
3.27089e-07,-0.0051452953
3.27189e-07,-0.0051445772
3.27289e-07,-0.0051460133
3.27389e-07,-0.0051488856
3.27489e-07,-0.0051524759
3.27589e-07,-0.0051560662
3.27689e-07,-0.0051575023
3.27789e-07,-0.0051546301
3.27889e-07,-0.0051460133
3.27989e-07,-0.0051330882
3.28089e-07,-0.005118727
3.28189e-07,-0.0051072381
3.28289e-07,-0.0051036477
3.28389e-07,-0.0051101103
3.28489e-07,-0.0051251896
3.28589e-07,-0.0051431411
3.28689e-07,-0.0051589384
3.28789e-07,-0.0051675551
3.28889e-07,-0.0051689913
3.28989e-07,-0.0051646829
3.29089e-07,-0.0051596565
3.29189e-07,-0.0051560662
3.29289e-07,-0.005153912
3.29389e-07,-0.0051510398
3.29489e-07,-0.0051438591
3.29589e-07,-0.0051330882
3.29689e-07,-0.0051208812
3.29789e-07,-0.0051122645
3.29889e-07,-0.0051122645
3.29989e-07,-0.0051215993
3.30089e-07,-0.0051366785
3.30189e-07,-0.0051503217
3.30289e-07,-0.005153912
3.30389e-07,-0.0051445772
3.30489e-07,-0.0051244715
3.30589e-07,-0.0051022116
3.30689e-07,-0.0050871324
3.30789e-07,-0.0050871324
3.30889e-07,-0.0051014936
3.30989e-07,-0.0051244715
3.31089e-07,-0.0051452953
3.31189e-07,-0.0051560662
3.31289e-07,-0.0051553481
3.31389e-07,-0.0051460133
3.31489e-07,-0.0051366785
3.31589e-07,-0.0051330882
3.31689e-07,-0.0051366785
3.31789e-07,-0.0051438591
3.31889e-07,-0.0051481675
3.31989e-07,-0.0051445772
3.32089e-07,-0.0051345244
3.32189e-07,-0.0051244715
3.32289e-07,-0.0051223173
3.32389e-07,-0.0051330882
3.32489e-07,-0.0051553481
3.32589e-07,-0.0051819164
3.32689e-07,-0.0051998679
3.32789e-07,-0.0052020221
3.32889e-07,-0.0051876608
3.32989e-07,-0.005165401
3.33089e-07,-0.0051474494
3.33189e-07,-0.0051445772
3.33289e-07,-0.0051610926
3.33389e-07,-0.0051905331
3.33489e-07,-0.0052199736
3.33589e-07,-0.005236489
3.33689e-07,-0.0052328987
3.33789e-07,-0.0052120749
3.33889e-07,-0.0051826344
3.33989e-07,-0.0051560662
3.34089e-07,-0.0051409869
3.34189e-07,-0.0051381147
3.34289e-07,-0.005141705
3.34389e-07,-0.0051445772
3.34489e-07,-0.0051409869
3.34589e-07,-0.0051323702
3.34689e-07,-0.0051237534
3.34789e-07,-0.0051215993
3.34889e-07,-0.0051294979
3.34989e-07,-0.0051431411
3.35089e-07,-0.0051546301
3.35189e-07,-0.0051560662
3.35289e-07,-0.0051431411
3.35389e-07,-0.0051194451
3.35489e-07,-0.0050928768
3.35589e-07,-0.0050756434
3.35689e-07,-0.0050727711
3.35789e-07,-0.0050849782
3.35889e-07,-0.0051043658
3.35989e-07,-0.0051215993
3.36089e-07,-0.0051309341
3.36189e-07,-0.005130216
3.36289e-07,-0.0051251896
3.36389e-07,-0.0051215993
3.36489e-07,-0.0051237534
3.36589e-07,-0.0051323702
3.36689e-07,-0.0051409869
3.36789e-07,-0.0051445772
3.36889e-07,-0.0051395508
3.36989e-07,-0.0051273437
3.37089e-07,-0.0051151367
3.37189e-07,-0.0051101103
3.37289e-07,-0.0051158548
3.37389e-07,-0.0051323702
3.37489e-07,-0.0051517578
3.37589e-07,-0.0051675551
3.37689e-07,-0.0051732996
3.37789e-07,-0.0051697093
3.37889e-07,-0.0051618107
3.37989e-07,-0.0051560662
3.38089e-07,-0.0051582204
3.38189e-07,-0.0051675551
3.38289e-07,-0.0051811983
3.38389e-07,-0.0051905331
3.38489e-07,-0.0051905331
3.38589e-07,-0.0051790441
3.38689e-07,-0.0051582204
3.38789e-07,-0.0051330882
3.38889e-07,-0.0051086742
3.38989e-07,-0.0050878504
3.39089e-07,-0.0050727711
3.39189e-07,-0.0050641544
3.39289e-07,-0.0050612822
3.39389e-07,-0.0050648725
3.39489e-07,-0.0050742073
3.39589e-07,-0.0050871324
3.39689e-07,-0.0050986213
3.39789e-07,-0.0051022116
3.39889e-07,-0.005094313
3.39989e-07,-0.0050756434
3.40089e-07,-0.0050505113
3.40189e-07,-0.0050282514
3.40289e-07,-0.0050160443
3.40389e-07,-0.0050181985
3.40489e-07,-0.0050318417
3.40589e-07,-0.005047639
3.40689e-07,-0.0050562557
3.40789e-07,-0.0050526654
3.40889e-07,-0.0050375862
3.40989e-07,-0.0050196347
3.41089e-07,-0.0050067096
3.41189e-07,-0.0050067096
3.41289e-07,-0.0050181985
3.41389e-07,-0.005035432
3.41489e-07,-0.0050490751
3.41589e-07,-0.0050526654
3.41689e-07,-0.005046921
3.41789e-07,-0.0050383042
3.41889e-07,-0.0050347139
3.41989e-07,-0.0050411765
3.42089e-07,-0.0050541016
3.42189e-07,-0.0050648725
3.42289e-07,-0.0050620002
3.42389e-07,-0.0050411765
3.42489e-07,-0.0050059915
3.42589e-07,-0.0049686523
3.42689e-07,-0.0049463925
3.42789e-07,-0.0049492647
3.42889e-07,-0.004976551
3.42989e-07,-0.0050167624
3.43089e-07,-0.0050512293
3.43189e-07,-0.0050641544
3.43289e-07,-0.0050512293
3.43389e-07,-0.0050189166
3.43489e-07,-0.0049837316
3.43589e-07,-0.0049607537
3.43689e-07,-0.0049585995
3.43789e-07,-0.0049736788
3.43889e-07,-0.0049945025
3.43989e-07,-0.0050067096
3.44089e-07,-0.0050038373
3.44189e-07,-0.00498804
3.44289e-07,-0.0049693704
3.44389e-07,-0.0049607537
3.44489e-07,-0.0049672162
3.44589e-07,-0.0049866039
3.44689e-07,-0.0050074276
3.44789e-07,-0.0050181985
3.44889e-07,-0.005011736
3.44989e-07,-0.0049923483
3.45089e-07,-0.0049708065
3.45189e-07,-0.0049607537
3.45289e-07,-0.0049693704
3.45389e-07,-0.0049952206
3.45489e-07,-0.0050275333
3.45589e-07,-0.0050526654
3.45689e-07,-0.0050620002
3.45789e-07,-0.0050548196
3.45889e-07,-0.0050397403
3.45989e-07,-0.0050296875
3.46089e-07,-0.0050339959
3.46189e-07,-0.0050562557
3.46289e-07,-0.0050885685
3.46389e-07,-0.0051215993
3.46489e-07,-0.0051445772
3.46589e-07,-0.005153912
3.46689e-07,-0.0051517578
3.46789e-07,-0.0051445772
3.46889e-07,-0.0051388327
3.46989e-07,-0.0051381147
3.47089e-07,-0.0051409869
3.47189e-07,-0.0051445772
3.47289e-07,-0.0051474494
3.47389e-07,-0.0051517578
3.47489e-07,-0.0051610926
3.47589e-07,-0.0051790441
3.47689e-07,-0.0052063304
3.47789e-07,-0.0052386432
3.47889e-07,-0.0052666475
3.47989e-07,-0.0052824449
3.48089e-07,-0.0052824449
3.48189e-07,-0.0052702378
3.48289e-07,-0.0052515682
3.48389e-07,-0.005236489
3.48489e-07,-0.0052314625
3.48589e-07,-0.0052379251
3.48689e-07,-0.0052522863
3.48789e-07,-0.0052709559
3.48889e-07,-0.0052896255
3.48989e-07,-0.005307577
3.49089e-07,-0.0053248104
3.49189e-07,-0.0053398897
3.49289e-07,-0.0053492245
3.49389e-07,-0.0053477884
3.49489e-07,-0.0053291188
3.49589e-07,-0.0052939338
3.49689e-07,-0.0052479779
3.49789e-07,-0.0052041762
3.49889e-07,-0.0051747358
3.49989e-07,-0.0051675551
3.50089e-07,-0.0051804802
3.50189e-07,-0.0052027401
3.50289e-07,-0.0052178194
3.50389e-07,-0.005213511
3.50489e-07,-0.0051869428
3.50589e-07,-0.0051452953
3.50689e-07,-0.0051029297
3.50789e-07,-0.0050756434
3.50889e-07,-0.005070617
3.50989e-07,-0.0050849782
3.51089e-07,-0.00510652
3.51189e-07,-0.0051215993
3.51289e-07,-0.0051208812
3.51389e-07,-0.0051029297
3.51489e-07,-0.0050763614
3.51589e-07,-0.0050526654
3.51689e-07,-0.0050404584
3.51789e-07,-0.0050411765
3.51889e-07,-0.0050519474
3.51989e-07,-0.0050641544
3.52089e-07,-0.005071335
3.52189e-07,-0.0050727711
3.52289e-07,-0.0050727711
3.52389e-07,-0.0050756434
3.52489e-07,-0.0050856962
3.52589e-07,-0.0051007755
3.52689e-07,-0.0051151367
3.52789e-07,-0.0051215993
3.52889e-07,-0.0051151367
3.52989e-07,-0.0050971852
3.53089e-07,-0.0050734892
3.53189e-07,-0.0050526654
3.53289e-07,-0.0050397403
3.53389e-07,-0.005035432
3.53489e-07,-0.0050375862
3.53589e-07,-0.0050411765
3.53689e-07,-0.0050433307
3.53789e-07,-0.0050440487
3.53889e-07,-0.0050462029
3.53989e-07,-0.0050526654
3.54089e-07,-0.0050634364
3.54189e-07,-0.0050749253
3.54289e-07,-0.0050799517
3.54389e-07,-0.0050756434
3.54489e-07,-0.0050605641
3.54589e-07,-0.0050411765
3.54689e-07,-0.0050246611
3.54789e-07,-0.0050181985
3.54889e-07,-0.0050246611
3.54989e-07,-0.0050397403
3.55089e-07,-0.0050548196
3.55189e-07,-0.0050641544
3.55289e-07,-0.0050634364
3.55389e-07,-0.0050562557
3.55489e-07,-0.0050505113
3.55589e-07,-0.0050526654
3.55689e-07,-0.0050663086
3.55789e-07,-0.0050892865
3.55889e-07,-0.0051144187
3.55989e-07,-0.0051330882
3.56089e-07,-0.005141705
3.56189e-07,-0.0051409869
3.56289e-07,-0.0051359605
3.56389e-07,-0.0051330882
3.56489e-07,-0.0051345244
3.56589e-07,-0.0051395508
3.56689e-07,-0.0051438591
3.56789e-07,-0.0051445772
3.56889e-07,-0.0051402688
3.56989e-07,-0.0051359605
3.57089e-07,-0.0051359605
3.57189e-07,-0.0051445772
3.57289e-07,-0.0051610926
3.57389e-07,-0.0051797622
3.57489e-07,-0.0051912511
3.57589e-07,-0.0051905331
3.57689e-07,-0.0051768899
3.57789e-07,-0.0051567842
3.57889e-07,-0.0051395508
3.57989e-07,-0.0051330882
3.58089e-07,-0.0051395508
3.58189e-07,-0.0051546301
3.58289e-07,-0.0051704274
3.58389e-07,-0.0051790441
3.58489e-07,-0.0051790441
3.58589e-07,-0.0051754538
3.58689e-07,-0.0051768899
3.58789e-07,-0.0051905331
3.58889e-07,-0.0052163833
3.58989e-07,-0.0052479779
3.59089e-07,-0.0052731101
3.59189e-07,-0.0052824449
3.59289e-07,-0.005272392
3.59389e-07,-0.0052494141
3.59489e-07,-0.0052257181
3.59589e-07,-0.005213511
3.59689e-07,-0.0052199736
3.59789e-07,-0.0052429515
3.59889e-07,-0.005272392
3.59989e-07,-0.0052939338
3.60089e-07,-0.0052989602
3.60189e-07,-0.005284599
3.60289e-07,-0.0052573127
3.60389e-07,-0.005225
3.60489e-07,-0.0051977137
3.60589e-07,-0.0051797622
3.60689e-07,-0.0051711455
3.60789e-07,-0.0051675551
3.60889e-07,-0.005166119
3.60989e-07,-0.005166119
3.61089e-07,-0.005166119
3.61189e-07,-0.0051675551
3.61289e-07,-0.0051675551
3.61389e-07,-0.0051625287
3.61489e-07,-0.0051474494
3.61589e-07,-0.0051215993
3.61689e-07,-0.0050885685
3.61789e-07,-0.0050562557
3.61889e-07,-0.0050339959
3.61989e-07,-0.0050296875
3.62089e-07,-0.0050411765
3.62189e-07,-0.0050620002
3.62289e-07,-0.0050799517
3.62389e-07,-0.0050871324
3.62489e-07,-0.0050806698
3.62589e-07,-0.0050648725
3.62689e-07,-0.0050490751
3.62789e-07,-0.0050411765
3.62889e-07,-0.0050440487
3.62989e-07,-0.0050533835
3.63089e-07,-0.0050627183
3.63189e-07,-0.0050641544
3.63289e-07,-0.0050569738
3.63389e-07,-0.0050462029
3.63489e-07,-0.0050390223
3.63589e-07,-0.0050411765
3.63689e-07,-0.0050526654
3.63789e-07,-0.0050655905
3.63889e-07,-0.0050720531
3.63989e-07,-0.0050641544
3.64089e-07,-0.0050433307
3.64189e-07,-0.0050189166
3.64289e-07,-0.0050031193
3.64389e-07,-0.0050067096
3.64489e-07,-0.0050304056
3.64589e-07,-0.0050655905
3.64689e-07,-0.0050971852
3.64789e-07,-0.0051101103
3.64889e-07,-0.0050993394
3.64989e-07,-0.0050698989
3.65089e-07,-0.0050339959
3.65189e-07,-0.0050067096
3.65289e-07,-0.0049973748
3.65389e-07,-0.0050059915
3.65489e-07,-0.0050246611
3.65589e-07,-0.0050411765
3.65689e-07,-0.0050490751
3.65789e-07,-0.005047639
3.65889e-07,-0.0050426126
3.65989e-07,-0.0050411765
3.66089e-07,-0.005046921
3.66189e-07,-0.0050576919
3.66289e-07,-0.0050663086
3.66389e-07,-0.0050641544
3.66489e-07,-0.0050497932
3.66589e-07,-0.0050289694
3.66689e-07,-0.0050110179
3.66789e-07,-0.0050067096
3.66889e-07,-0.0050203527
3.66989e-07,-0.0050483571
3.67089e-07,-0.0050785156
3.67189e-07,-0.0050986213
3.67289e-07,-0.0051007755
3.67389e-07,-0.0050864143
3.67489e-07,-0.0050627183
3.67589e-07,-0.0050411765
3.67689e-07,-0.0050311236
3.67789e-07,-0.0050332778
3.67889e-07,-0.0050433307
3.67989e-07,-0.0050526654
3.68089e-07,-0.0050555377
3.68189e-07,-0.0050519474
3.68289e-07,-0.0050447668
3.68389e-07,-0.0050411765
3.68489e-07,-0.0050447668
3.68589e-07,-0.0050555377
3.68689e-07,-0.0050677447
3.68789e-07,-0.0050756434
3.68889e-07,-0.0050756434
3.68989e-07,-0.0050684628
3.69089e-07,-0.005059128
3.69189e-07,-0.0050526654
3.69289e-07,-0.0050519474
3.69389e-07,-0.0050541016
3.69489e-07,-0.0050562557
3.69589e-07,-0.0050526654
3.69689e-07,-0.0050440487
3.69789e-07,-0.0050347139
3.69889e-07,-0.0050318417
3.69989e-07,-0.0050411765
3.70089e-07,-0.0050627183
3.70189e-07,-0.0050907227
3.70289e-07,-0.0051172909
3.70389e-07,-0.0051330882
3.70489e-07,-0.0051359605
3.70589e-07,-0.0051280618
3.70689e-07,-0.0051172909
3.70789e-07,-0.0051101103
3.70889e-07,-0.0051086742
3.70989e-07,-0.0051093922
3.71089e-07,-0.0051079561
3.71189e-07,-0.0050986213
3.71289e-07,-0.005082824
3.71389e-07,-0.0050655905
3.71489e-07,-0.0050576919
3.71589e-07,-0.0050641544
3.71689e-07,-0.0050856962
3.71789e-07,-0.0051151367
3.71889e-07,-0.005141705
3.71989e-07,-0.0051560662
3.72089e-07,-0.0051553481
3.72189e-07,-0.0051452953
3.72289e-07,-0.0051345244
3.72389e-07,-0.0051330882
3.72489e-07,-0.0051431411
3.72589e-07,-0.0051596565
3.72689e-07,-0.0051747358
3.72789e-07,-0.0051790441
3.72889e-07,-0.0051711455
3.72989e-07,-0.0051560662
3.73089e-07,-0.0051438591
3.73189e-07,-0.0051445772
3.73289e-07,-0.0051610926
3.73389e-07,-0.005189097
3.73489e-07,-0.0052171013
3.73589e-07,-0.005236489
3.73689e-07,-0.0052415154
3.73789e-07,-0.0052357709
3.73889e-07,-0.0052278722
3.73989e-07,-0.005225
3.74089e-07,-0.0052321806
3.74189e-07,-0.0052451057
3.74289e-07,-0.0052565947
3.74389e-07,-0.0052594669
3.74489e-07,-0.0052515682
3.74589e-07,-0.0052393612
3.74689e-07,-0.0052307445
3.74789e-07,-0.005236489
3.74889e-07,-0.0052580308
3.74989e-07,-0.0052896255
3.75089e-07,-0.0053205021
3.75189e-07,-0.0053398897
3.75289e-07,-0.0053420439
3.75389e-07,-0.0053291188
3.75489e-07,-0.0053104492
3.75589e-07,-0.0052939338
3.75689e-07,-0.005283881
3.75789e-07,-0.0052774184
3.75889e-07,-0.0052673656
3.75989e-07,-0.0052479779
3.76089e-07,-0.0052192555
3.76189e-07,-0.005189097
3.76289e-07,-0.0051682732
3.76389e-07,-0.0051675551
3.76489e-07,-0.0051883789
3.76589e-07,-0.0052221278
3.76689e-07,-0.0052551585
3.76789e-07,-0.0052709559
3.76889e-07,-0.0052630572
3.76989e-07,-0.0052343348
3.77089e-07,-0.0051969956
3.77189e-07,-0.0051675551
3.77289e-07,-0.0051567842
3.77389e-07,-0.005166119
3.77489e-07,-0.0051883789
3.77589e-07,-0.005213511
3.77689e-07,-0.0052307445
3.77789e-07,-0.0052379251
3.77889e-07,-0.005237207
3.77989e-07,-0.005236489
3.78089e-07,-0.0052400793
3.78189e-07,-0.0052479779
3.78289e-07,-0.0052565947
3.78389e-07,-0.0052594669
3.78489e-07,-0.0052537224
3.78589e-07,-0.0052407973
3.78689e-07,-0.0052293084
3.78789e-07,-0.005225
3.78889e-07,-0.0052321806
3.78989e-07,-0.0052479779
3.79089e-07,-0.0052637753
3.79189e-07,-0.0052709559
3.79289e-07,-0.0052644933
3.79389e-07,-0.0052465418
3.79489e-07,-0.0052264361
3.79589e-07,-0.005213511
3.79689e-07,-0.0052156652
3.79789e-07,-0.0052314625
3.79889e-07,-0.0052537224
3.79989e-07,-0.0052709559
3.80089e-07,-0.0052752642
3.80189e-07,-0.0052630572
3.80289e-07,-0.0052393612
3.80389e-07,-0.005213511
3.80489e-07,-0.0051934053
3.80589e-07,-0.0051840705
3.80689e-07,-0.0051847886
3.80789e-07,-0.0051905331
3.80889e-07,-0.0051977137
3.80989e-07,-0.0052048943
3.81089e-07,-0.005212793
3.81189e-07,-0.005225
3.81289e-07,-0.0052429515
3.81389e-07,-0.0052637753
3.81489e-07,-0.0052831629
3.81589e-07,-0.0052939338
3.81689e-07,-0.0052917796
3.81789e-07,-0.0052767004
3.81889e-07,-0.0052558766
3.81989e-07,-0.005236489
3.82089e-07,-0.0052271542
3.82189e-07,-0.0052314625
3.82289e-07,-0.0052479779
3.82389e-07,-0.0052709559
3.82489e-07,-0.0052932158
3.82589e-07,-0.0053097312
3.82689e-07,-0.0053176298
3.82789e-07,-0.0053169118
3.82889e-07,-0.0053097312
3.82989e-07,-0.0052989602
3.83089e-07,-0.0052853171
3.83189e-07,-0.0052709559
3.83289e-07,-0.0052580308
3.83389e-07,-0.0052479779
3.83489e-07,-0.0052443876
3.83589e-07,-0.0052479779
3.83689e-07,-0.0052573127
3.83789e-07,-0.0052680836
3.83889e-07,-0.0052781365
3.83989e-07,-0.0052824449
3.84089e-07,-0.0052817268
3.84189e-07,-0.0052767004
3.84289e-07,-0.005272392
3.84389e-07,-0.0052709559
3.84489e-07,-0.0052731101
3.84589e-07,-0.0052774184
3.84689e-07,-0.0052810087
3.84789e-07,-0.0052824449
3.84889e-07,-0.0052810087
3.84989e-07,-0.0052795726
3.85089e-07,-0.0052795726
3.85189e-07,-0.0052824449
3.85289e-07,-0.0052867532
3.85389e-07,-0.0052881893
3.85489e-07,-0.0052831629
3.85589e-07,-0.0052709559
3.85689e-07,-0.0052544405
3.85789e-07,-0.0052386432
3.85889e-07,-0.0052321806
3.85989e-07,-0.005236489
3.86089e-07,-0.0052501321
3.86189e-07,-0.0052659295
3.86289e-07,-0.0052752642
3.86389e-07,-0.0052709559
3.86489e-07,-0.0052522863
3.86589e-07,-0.005225
3.86689e-07,-0.0051977137
3.86789e-07,-0.0051790441
3.86889e-07,-0.0051740177
3.86989e-07,-0.0051804802
3.87089e-07,-0.0051919692
3.87189e-07,-0.0052020221
3.87289e-07,-0.0052056124
3.87389e-07,-0.0052027401
3.87489e-07,-0.0051962776
3.87589e-07,-0.0051905331
3.87689e-07,-0.0051869428
3.87789e-07,-0.0051855067
3.87889e-07,-0.0051833525
3.87989e-07,-0.0051790441
3.88089e-07,-0.0051732996
3.88189e-07,-0.0051711455
3.88289e-07,-0.0051754538
3.88389e-07,-0.0051905331
3.88489e-07,-0.005212793
3.88589e-07,-0.0052350528
3.88689e-07,-0.005248696
3.88789e-07,-0.0052479779
3.88889e-07,-0.0052328987
3.88989e-07,-0.0052099207
3.89089e-07,-0.0051926873
3.89189e-07,-0.0051905331
3.89289e-07,-0.0052084846
3.89389e-07,-0.0052429515
3.89489e-07,-0.0052831629
3.89589e-07,-0.0053169118
3.89689e-07,-0.0053341452
3.89789e-07,-0.0053334272
3.89889e-07,-0.0053205021
3.89989e-07,-0.0053054228
3.90089e-07,-0.0052968061
3.90189e-07,-0.0052996783
3.90289e-07,-0.0053118853
3.90389e-07,-0.0053284007
3.90489e-07,-0.0053427619
3.90589e-07,-0.0053506606
3.90689e-07,-0.0053520967
3.90789e-07,-0.0053513787
3.90889e-07,-0.0053499426
3.90989e-07,-0.0053492245
3.91089e-07,-0.0053470703
3.91189e-07,-0.0053398897
3.91289e-07,-0.0053262466
3.91389e-07,-0.0053061409
3.91489e-07,-0.0052860352
3.91589e-07,-0.0052709559
3.91689e-07,-0.0052673656
3.91789e-07,-0.0052759823
3.91889e-07,-0.0052946519
3.91989e-07,-0.0053169118
3.92089e-07,-0.0053348633
3.92189e-07,-0.0053441981
3.92289e-07,-0.0053413258
3.92389e-07,-0.0053284007
3.92489e-07,-0.0053097312
3.92589e-07,-0.0052896255
3.92689e-07,-0.005272392
3.92789e-07,-0.0052594669
3.92889e-07,-0.0052522863
3.92989e-07,-0.0052494141
3.93089e-07,-0.005248696
3.93189e-07,-0.0052479779
3.93289e-07,-0.0052436696
3.93389e-07,-0.0052336167
3.93489e-07,-0.0052192555
3.93589e-07,-0.0052020221
3.93689e-07,-0.0051869428
3.93789e-07,-0.0051790441
3.93889e-07,-0.0051804802
3.93989e-07,-0.0051905331
3.94089e-07,-0.0052034582
3.94189e-07,-0.005213511
3.94289e-07,-0.005213511
3.94389e-07,-0.0052020221
3.94489e-07,-0.0051826344
3.94589e-07,-0.0051618107
3.94689e-07,-0.0051474494
3.94789e-07,-0.0051445772
3.94889e-07,-0.0051524759
3.94989e-07,-0.0051668371
3.95089e-07,-0.0051811983
3.95189e-07,-0.0051905331
3.95289e-07,-0.0051948415
3.95389e-07,-0.0051977137
3.95489e-07,-0.0052034582
3.95589e-07,-0.005213511
3.95689e-07,-0.0052257181
3.95789e-07,-0.0052328987
3.95889e-07,-0.0052300264
3.95989e-07,-0.005213511
3.96089e-07,-0.0051869428
3.96189e-07,-0.0051589384
3.96289e-07,-0.005142423
3.96389e-07,-0.0051445772
3.96489e-07,-0.005166119
3.96589e-07,-0.0052005859
3.96689e-07,-0.0052357709
3.96789e-07,-0.0052594669
3.96889e-07,-0.0052659295
3.96989e-07,-0.0052565947
3.97089e-07,-0.0052400793
3.97189e-07,-0.005225
3.97289e-07,-0.0052192555
3.97389e-07,-0.0052235639
3.97489e-07,-0.0052350528
3.97589e-07,-0.0052479779
3.97689e-07,-0.0052594669
3.97789e-07,-0.0052688017
3.97889e-07,-0.0052795726
3.97989e-07,-0.0052939338
3.98089e-07,-0.0053126034
3.98189e-07,-0.005331991
3.98289e-07,-0.0053463523
3.98389e-07,-0.0053513787
3.98489e-07,-0.0053463523
3.98589e-07,-0.0053355813
3.98689e-07,-0.0053276827
3.98789e-07,-0.0053284007
3.98889e-07,-0.0053413258
3.98989e-07,-0.0053621496
3.99089e-07,-0.0053836914
3.99189e-07,-0.0053973346
3.99289e-07,-0.0053980526
3.99389e-07,-0.0053865636
3.99489e-07,-0.0053678941
3.99589e-07,-0.0053513787
3.99689e-07,-0.0053420439
3.99789e-07,-0.0053427619
3.99889e-07,-0.0053506606
3.99989e-07,-0.0053628676
4.00089e-07,-0.0053765108
4.00189e-07,-0.0053915901
4.00289e-07,-0.0054102597
4.00389e-07,-0.0054318015
4.00489e-07,-0.0054554975
4.00589e-07,-0.0054748851
4.00689e-07,-0.0054842199
4.00789e-07,-0.0054777574
4.00889e-07,-0.0054562155
4.00989e-07,-0.0054253389
4.01089e-07,-0.0053944623
4.01189e-07,-0.0053743566
4.01289e-07,-0.0053693302
4.01389e-07,-0.005378665
4.01489e-07,-0.0053944623
4.01589e-07,-0.0054088235
4.01689e-07,-0.00541385
4.01789e-07,-0.0054073874
4.01889e-07,-0.0053923081
4.01989e-07,-0.0053743566
4.02089e-07,-0.0053571232
4.02189e-07,-0.0053427619
4.02289e-07,-0.0053298369
4.02389e-07,-0.0053169118
4.02489e-07,-0.0053032686
4.02589e-07,-0.0052903435
4.02689e-07,-0.0052824449
4.02789e-07,-0.0052824449
4.02889e-07,-0.0052903435
4.02989e-07,-0.0053025506
4.03089e-07,-0.0053133215
4.03189e-07,-0.0053169118
4.03289e-07,-0.0053118853
4.03389e-07,-0.0053018325
4.03489e-07,-0.0052932158
4.03589e-07,-0.0052939338
4.03689e-07,-0.0053061409
4.03789e-07,-0.0053262466
4.03889e-07,-0.0053485064
4.03989e-07,-0.0053628676
4.04089e-07,-0.0053643038
4.04189e-07,-0.0053528148
4.04289e-07,-0.0053341452
4.04389e-07,-0.0053169118
4.04489e-07,-0.0053097312
4.04589e-07,-0.0053161937
4.04689e-07,-0.0053355813
4.04789e-07,-0.0053628676
4.04889e-07,-0.005390872
4.04989e-07,-0.0054152861
4.05089e-07,-0.0054325195
4.05189e-07,-0.0054432904
4.05289e-07,-0.0054475988
4.05389e-07,-0.0054461627
4.05489e-07,-0.0054404182
4.05589e-07,-0.0054318015
4.05689e-07,-0.0054224667
4.05789e-07,-0.0054174403
4.05889e-07,-0.0054203125
4.05989e-07,-0.0054318015
4.06089e-07,-0.0054511891
4.06189e-07,-0.0054720129
4.06289e-07,-0.0054863741
4.06389e-07,-0.0054892463
4.06489e-07,-0.0054784754
4.06589e-07,-0.0054576517
4.06689e-07,-0.0054353918
4.06789e-07,-0.0054203125
4.06889e-07,-0.0054181583
4.06989e-07,-0.0054289292
4.07089e-07,-0.0054475988
4.07189e-07,-0.0054662684
4.07289e-07,-0.0054770393
4.07389e-07,-0.0054756032
4.07489e-07,-0.0054626781
4.07589e-07,-0.0054432904
4.07689e-07,-0.0054231847
4.07789e-07,-0.0054073874
4.07889e-07,-0.0053987707
4.07989e-07,-0.0053973346
4.08089e-07,-0.0054002068
4.08189e-07,-0.0054066693
4.08289e-07,-0.00541385
4.08389e-07,-0.0054203125
4.08489e-07,-0.005426057
4.08589e-07,-0.0054282112
4.08689e-07,-0.005426775
4.08789e-07,-0.0054203125
4.08889e-07,-0.0054088235
4.08989e-07,-0.0053937443
4.09089e-07,-0.0053779469
4.09189e-07,-0.0053628676
4.09289e-07,-0.0053506606
4.09389e-07,-0.0053413258
4.09489e-07,-0.0053341452
4.09589e-07,-0.0053284007
4.09689e-07,-0.0053255285
4.09789e-07,-0.0053262466
4.09889e-07,-0.005331273
4.09989e-07,-0.0053398897
4.10089e-07,-0.0053499426
4.10189e-07,-0.0053571232
4.10289e-07,-0.0053585593
4.10389e-07,-0.0053513787
4.10489e-07,-0.0053384536
4.10589e-07,-0.0053226563
4.10689e-07,-0.0053104492
4.10789e-07,-0.0053054228
4.10889e-07,-0.005307577
4.10989e-07,-0.0053147576
4.11089e-07,-0.0053226563
4.11189e-07,-0.0053284007
4.11289e-07,-0.005331273
4.11389e-07,-0.005331991
4.11489e-07,-0.0053341452
4.11589e-07,-0.0053398897
4.11689e-07,-0.0053492245
4.11789e-07,-0.0053599954
4.11889e-07,-0.0053693302
4.11989e-07,-0.0053743566
4.12089e-07,-0.0053765108
4.12189e-07,-0.0053772289
4.12289e-07,-0.0053801011
4.12389e-07,-0.0053858456
4.12489e-07,-0.0053937443
4.12589e-07,-0.0053994887
4.12689e-07,-0.0054009249
4.12789e-07,-0.0053973346
4.12889e-07,-0.0053923081
4.12989e-07,-0.0053930262
4.13089e-07,-0.0054052332
4.13189e-07,-0.0054318015
4.13289e-07,-0.0054684226
4.13389e-07,-0.0055050437
4.13489e-07,-0.0055301758
4.13589e-07,-0.0055352022
4.13689e-07,-0.0055172507
4.13789e-07,-0.0054827838
4.13889e-07,-0.0054425724
4.13989e-07,-0.0054088235
4.14089e-07,-0.005390154
4.14189e-07,-0.0053894359
4.14289e-07,-0.0054016429
4.14389e-07,-0.0054203125
4.14489e-07,-0.0054397001
4.14589e-07,-0.0054562155
4.14689e-07,-0.0054691406
4.14789e-07,-0.0054777574
4.14889e-07,-0.0054820657
4.14989e-07,-0.0054799115
4.15089e-07,-0.0054705767
4.15189e-07,-0.0054547794
4.15289e-07,-0.0054361098
4.15389e-07,-0.0054203125
4.15489e-07,-0.005414568
4.15589e-07,-0.0054203125
4.15689e-07,-0.0054346737
4.15789e-07,-0.005450471
4.15889e-07,-0.0054590878
4.15989e-07,-0.0054547794
4.16089e-07,-0.005438264
4.16189e-07,-0.0054167222
4.16289e-07,-0.0054009249
4.16389e-07,-0.0053973346
4.16489e-07,-0.0054088235
4.16589e-07,-0.0054303653
4.16689e-07,-0.0054526252
4.16789e-07,-0.0054662684
4.16889e-07,-0.0054684226
4.16989e-07,-0.0054605239
4.17089e-07,-0.005449753
4.17189e-07,-0.0054432904
4.17289e-07,-0.0054447266
4.17389e-07,-0.0054519072
4.17489e-07,-0.0054605239
4.17589e-07,-0.0054662684
4.17689e-07,-0.0054677045
4.17789e-07,-0.0054691406
4.17889e-07,-0.0054748851
4.17989e-07,-0.0054892463
4.18089e-07,-0.0055107881
4.18189e-07,-0.00553233
4.18289e-07,-0.0055466912
4.18389e-07,-0.0055466912
4.18489e-07,-0.005533048
4.18589e-07,-0.0055107881
4.18689e-07,-0.0054899644
4.18789e-07,-0.0054777574
4.18889e-07,-0.0054770393
4.18989e-07,-0.005484938
4.19089e-07,-0.0054942727
4.19189e-07,-0.0055007353
4.19289e-07,-0.0055036075
4.19389e-07,-0.0055071978
4.19489e-07,-0.0055165326
4.19589e-07,-0.0055352022
4.19689e-07,-0.0055581801
4.19789e-07,-0.0055754136
4.19889e-07,-0.0055775678
4.19989e-07,-0.0055581801
4.20089e-07,-0.0055222771
4.20189e-07,-0.0054835018
4.20289e-07,-0.0054569336
4.20389e-07,-0.0054547794
4.20489e-07,-0.0054777574
4.20589e-07,-0.0055165326
4.20689e-07,-0.005556026
4.20789e-07,-0.0055811581
4.20889e-07,-0.0055876206
4.20989e-07,-0.005579722
4.21089e-07,-0.0055696691
4.21189e-07,-0.0055696691
4.21289e-07,-0.0055833123
4.21389e-07,-0.0056062902
4.21489e-07,-0.005627832
4.21589e-07,-0.0056386029
4.21689e-07,-0.0056335765
4.21789e-07,-0.0056184972
4.21889e-07,-0.0056019818
4.21989e-07,-0.0055926471
4.22089e-07,-0.0055933651
4.22189e-07,-0.0055998277
4.22289e-07,-0.0056019818
4.22389e-07,-0.0055926471
4.22489e-07,-0.0055725414
4.22589e-07,-0.0055509995
4.22689e-07,-0.0055395106
4.22789e-07,-0.0055466912
4.22889e-07,-0.0055725414
4.22989e-07,-0.0056062902
4.23089e-07,-0.0056321404
4.23189e-07,-0.0056386029
4.23289e-07,-0.0056228056
4.23389e-07,-0.0055948012
4.23489e-07,-0.005568233
4.23589e-07,-0.0055581801
4.23689e-07,-0.005568233
4.23789e-07,-0.0055904929
4.23889e-07,-0.0056105986
4.23989e-07,-0.005615625
4.24089e-07,-0.0056019818
4.24189e-07,-0.0055782858
4.24289e-07,-0.0055588982
4.24389e-07,-0.0055581801
4.24489e-07,-0.005579722
4.24589e-07,-0.0056134708
4.24689e-07,-0.0056429113
4.24789e-07,-0.0056500919
4.24889e-07,-0.005627832
4.24989e-07,-0.0055833123
4.25089e-07,-0.0055344841
4.25189e-07,-0.0055007353
4.25289e-07,-0.0054949908
4.25389e-07,-0.0055165326
4.25489e-07,-0.0055509995
4.25589e-07,-0.0055811581
4.25689e-07,-0.0055940832
4.25789e-07,-0.0055861845
4.25889e-07,-0.0055667969
4.25989e-07,-0.0055466912
4.26089e-07,-0.0055366383
4.26189e-07,-0.0055373564
4.26289e-07,-0.0055438189
4.26389e-07,-0.0055466912
4.26489e-07,-0.0055402286
4.26589e-07,-0.0055273035
4.26689e-07,-0.0055143784
4.26789e-07,-0.0055122243
4.26889e-07,-0.0055237132
4.26989e-07,-0.005544537
4.27089e-07,-0.0055639246
4.27189e-07,-0.0055696691
4.27289e-07,-0.0055574621
4.27389e-07,-0.0055316119
4.27489e-07,-0.0055043256
4.27589e-07,-0.0054892463
4.27689e-07,-0.0054942727
4.27789e-07,-0.0055158146
4.27889e-07,-0.0055423828
4.27989e-07,-0.0055581801
4.28089e-07,-0.0055538718
4.28189e-07,-0.0055280216
4.28289e-07,-0.0054906824
4.28389e-07,-0.0054547794
4.28489e-07,-0.0054332376
4.28589e-07,-0.0054289292
4.28689e-07,-0.0054389821
4.28789e-07,-0.0054547794
4.28889e-07,-0.0054677045
4.28989e-07,-0.005473449
4.29089e-07,-0.0054756032
4.29189e-07,-0.0054777574
4.29289e-07,-0.0054827838
4.29389e-07,-0.0054899644
4.29489e-07,-0.0054935547
4.29589e-07,-0.0054892463
4.29689e-07,-0.005474167
4.29789e-07,-0.0054526252
4.29889e-07,-0.0054325195
4.29989e-07,-0.0054203125
4.30089e-07,-0.0054203125
4.30189e-07,-0.0054296473
4.30289e-07,-0.0054397001
4.30389e-07,-0.0054432904
4.30489e-07,-0.0054361098
4.30589e-07,-0.0054210306
4.30689e-07,-0.0054052332
4.30789e-07,-0.0053973346
4.30889e-07,-0.0054002068
4.30989e-07,-0.0054124138
4.31089e-07,-0.0054253389
4.31189e-07,-0.0054318015
4.31289e-07,-0.005426775
4.31389e-07,-0.0054109777
4.31489e-07,-0.0053915901
4.31589e-07,-0.0053743566
4.31689e-07,-0.0053628676
4.31789e-07,-0.0053564051
4.31889e-07,-0.0053499426
4.31989e-07,-0.0053398897
4.32089e-07,-0.0053269646
4.32189e-07,-0.0053161937
4.32289e-07,-0.0053147576
4.32389e-07,-0.0053284007
4.32489e-07,-0.005354969
4.32589e-07,-0.0053851275
4.32689e-07,-0.0054066693
4.32789e-07,-0.0054088235
4.32889e-07,-0.0053879998
4.32989e-07,-0.0053506606
4.33089e-07,-0.0053111673
4.33189e-07,-0.0052824449
4.33289e-07,-0.0052731101
4.33389e-07,-0.0052824449
4.33489e-07,-0.0053011144
4.33589e-07,-0.0053169118
4.33689e-07,-0.0053226563
4.33789e-07,-0.0053161937
4.33889e-07,-0.0053039867
4.33989e-07,-0.0052939338
4.34089e-07,-0.0052932158
4.34189e-07,-0.0053018325
4.34289e-07,-0.0053161937
4.34389e-07,-0.0053284007
4.34489e-07,-0.0053334272
4.34589e-07,-0.0053305549
4.34689e-07,-0.0053240924
4.34789e-07,-0.0053169118
4.34889e-07,-0.0053133215
4.34989e-07,-0.0053104492
4.35089e-07,-0.0053054228
4.35189e-07,-0.0052939338
4.35289e-07,-0.0052745462
4.35389e-07,-0.0052522863
4.35489e-07,-0.0052328987
4.35589e-07,-0.005225
4.35689e-07,-0.0052300264
4.35789e-07,-0.0052465418
4.35889e-07,-0.0052659295
4.35989e-07,-0.0052824449
4.36089e-07,-0.0052903435
4.36189e-07,-0.0052910616
4.36289e-07,-0.0052867532
4.36389e-07,-0.0052824449
4.36489e-07,-0.0052781365
4.36589e-07,-0.0052731101
4.36689e-07,-0.0052630572
4.36789e-07,-0.0052479779
4.36889e-07,-0.0052314625
4.36989e-07,-0.0052214097
4.37089e-07,-0.0052257181
4.37189e-07,-0.0052479779
4.37289e-07,-0.005284599
4.37389e-07,-0.0053226563
4.37489e-07,-0.0053485064
4.37589e-07,-0.0053513787
4.37689e-07,-0.0053284007
4.37789e-07,-0.0052896255
4.37889e-07,-0.0052494141
4.37989e-07,-0.005225
4.38089e-07,-0.0052235639
4.38189e-07,-0.0052443876
4.38289e-07,-0.0052759823
4.38389e-07,-0.0053054228
4.38489e-07,-0.0053219382
4.38589e-07,-0.0053226563
4.38689e-07,-0.0053147576
4.38789e-07,-0.0053054228
4.38889e-07,-0.0053032686
4.38989e-07,-0.0053111673
4.39089e-07,-0.0053255285
4.39189e-07,-0.0053398897
4.39289e-07,-0.0053499426
4.39389e-07,-0.005354969
4.39489e-07,-0.0053578412
4.39589e-07,-0.0053628676
4.39689e-07,-0.0053729205
4.39789e-07,-0.0053851275
4.39889e-07,-0.0053951804
4.39989e-07,-0.0053973346
4.40089e-07,-0.005390872
4.40189e-07,-0.0053779469
4.40289e-07,-0.005366458
4.40389e-07,-0.0053628676
4.40489e-07,-0.0053693302
4.40589e-07,-0.0053844095
4.40689e-07,-0.0053994887
4.40789e-07,-0.0054088235
4.40889e-07,-0.0054073874
4.40989e-07,-0.0053973346
4.41089e-07,-0.0053844095
4.41189e-07,-0.0053743566
4.41289e-07,-0.0053714844
4.41389e-07,-0.0053757927
4.41489e-07,-0.0053815372
4.41589e-07,-0.0053858456
4.41689e-07,-0.0053858456
4.41789e-07,-0.0053844095
4.41889e-07,-0.0053872817
4.41989e-07,-0.0053973346
4.42089e-07,-0.0054152861
4.42189e-07,-0.0054361098
4.42289e-07,-0.0054511891
4.42389e-07,-0.0054547794
4.42489e-07,-0.0054454446
4.42589e-07,-0.0054282112
4.42689e-07,-0.0054131319
4.42789e-07,-0.0054088235
4.42889e-07,-0.0054195944
4.42989e-07,-0.0054425724
4.43089e-07,-0.0054691406
4.43189e-07,-0.0054892463
4.43289e-07,-0.0054957089
4.43389e-07,-0.0054885283
4.43489e-07,-0.0054727309
4.43589e-07,-0.0054547794
4.43689e-07,-0.0054404182
4.43789e-07,-0.0054318015
4.43889e-07,-0.005426057
4.43989e-07,-0.0054203125
4.44089e-07,-0.0054124138
4.44189e-07,-0.0054052332
4.44289e-07,-0.005402361
4.44389e-07,-0.0054088235
4.44489e-07,-0.0054239028
4.44589e-07,-0.0054432904
4.44689e-07,-0.0054598058
4.44789e-07,-0.0054662684
4.44889e-07,-0.0054598058
4.44989e-07,-0.0054454446
4.45089e-07,-0.0054289292
4.45189e-07,-0.0054203125
4.45289e-07,-0.0054231847
4.45389e-07,-0.0054368279
4.45489e-07,-0.0054540614
4.45589e-07,-0.0054662684
4.45689e-07,-0.0054684226
4.45789e-07,-0.0054605239
4.45889e-07,-0.0054461627
4.45989e-07,-0.0054318015
4.46089e-07,-0.0054231847
4.46189e-07,-0.0054210306
4.46289e-07,-0.0054253389
4.46389e-07,-0.0054318015
4.46489e-07,-0.0054389821
4.46589e-07,-0.0054483169
4.46689e-07,-0.0054605239
4.46789e-07,-0.0054777574
4.46889e-07,-0.0054978631
4.46989e-07,-0.0055158146
4.47089e-07,-0.0055258674
4.47189e-07,-0.0055237132
4.47289e-07,-0.005509352
4.47389e-07,-0.0054892463
4.47489e-07,-0.0054720129
4.47589e-07,-0.0054662684
4.47689e-07,-0.0054748851
4.47789e-07,-0.0054949908
4.47889e-07,-0.0055179687
4.47989e-07,-0.0055352022
4.48089e-07,-0.0055416648
4.48189e-07,-0.0055380744
4.48289e-07,-0.0055301758
4.48389e-07,-0.0055237132
4.48489e-07,-0.0055244313
4.48589e-07,-0.0055316119
4.48689e-07,-0.0055409467
4.48789e-07,-0.0055466912
4.48889e-07,-0.0055452551
4.48989e-07,-0.0055380744
4.49089e-07,-0.0055287397
4.49189e-07,-0.0055237132
4.49289e-07,-0.0055258674
4.49389e-07,-0.0055344841
4.49489e-07,-0.0055431009
4.49589e-07,-0.0055466912
4.49689e-07,-0.0055402286
4.49789e-07,-0.0055244313
4.49889e-07,-0.0055050437
4.49989e-07,-0.0054892463
4.50089e-07,-0.0054827838
4.50189e-07,-0.0054878102
4.50289e-07,-0.0054992992
4.50389e-07,-0.0055122243
4.50489e-07,-0.0055194049
4.50589e-07,-0.0055165326
4.50689e-07,-0.0055057617
4.50789e-07,-0.0054892463
4.50889e-07,-0.0054727309
4.50989e-07,-0.005461242
4.51089e-07,-0.0054547794
4.51189e-07,-0.0054547794
4.51289e-07,-0.0054598058
4.51389e-07,-0.0054698587
4.51489e-07,-0.0054842199
4.51589e-07,-0.0055007353
4.51689e-07,-0.0055172507
4.51789e-07,-0.0055287397
4.51889e-07,-0.00553233
4.51989e-07,-0.0055237132
4.52089e-07,-0.0055050437
4.52189e-07,-0.0054806296
4.52289e-07,-0.0054576517
4.52389e-07,-0.0054432904
4.52489e-07,-0.0054404182
4.52589e-07,-0.0054490349
4.52689e-07,-0.0054633961
4.52789e-07,-0.0054777574
4.52889e-07,-0.0054863741
4.52989e-07,-0.0054863741
4.53089e-07,-0.0054784754
4.53189e-07,-0.0054662684
4.53289e-07,-0.0054533433
4.53389e-07,-0.0054425724
4.53489e-07,-0.0054346737
4.53589e-07,-0.0054318015
4.53689e-07,-0.0054325195
4.53789e-07,-0.005437546
4.53889e-07,-0.0054454446
4.53989e-07,-0.0054547794
4.54089e-07,-0.00546196
4.54189e-07,-0.0054633961
4.54289e-07,-0.0054576517
4.54389e-07,-0.0054432904
4.54489e-07,-0.0054253389
4.54589e-07,-0.0054102597
4.54689e-07,-0.0054037971
4.54789e-07,-0.0054088235
4.54889e-07,-0.0054246209
4.54989e-07,-0.0054440085
4.55089e-07,-0.0054605239
4.55189e-07,-0.0054662684
4.55289e-07,-0.0054605239
4.55389e-07,-0.0054461627
4.55489e-07,-0.0054303653
4.55589e-07,-0.0054203125
4.55689e-07,-0.0054188764
4.55789e-07,-0.0054253389
4.55889e-07,-0.0054353918
4.55989e-07,-0.0054432904
4.56089e-07,-0.0054461627
4.56189e-07,-0.0054440085
4.56289e-07,-0.0054418543
4.56389e-07,-0.0054432904
4.56489e-07,-0.0054519072
4.56589e-07,-0.0054677045
4.56689e-07,-0.005485656
4.56789e-07,-0.0055007353
4.56889e-07,-0.005509352
4.56989e-07,-0.0055107881
4.57089e-07,-0.0055064798
4.57189e-07,-0.0055007353
4.57289e-07,-0.0054964269
4.57389e-07,-0.0054949908
4.57489e-07,-0.0054964269
4.57589e-07,-0.0055007353
4.57689e-07,-0.0055057617
4.57789e-07,-0.0055122243
4.57889e-07,-0.0055186868
4.57989e-07,-0.0055237132
4.58089e-07,-0.0055258674
4.58189e-07,-0.0055237132
4.58289e-07,-0.0055143784
4.58389e-07,-0.0055007353
4.58489e-07,-0.0054863741
4.58589e-07,-0.0054777574
4.58689e-07,-0.0054784754
4.58789e-07,-0.0054892463
4.58889e-07,-0.0055057617
4.58989e-07,-0.005520841
4.59089e-07,-0.0055280216
4.59189e-07,-0.0055237132
4.59289e-07,-0.0055115062
4.59389e-07,-0.0054985811
4.59489e-07,-0.0054935547
4.59589e-07,-0.0055007353
4.59689e-07,-0.0055194049
4.59789e-07,-0.0055409467
4.59889e-07,-0.005556744
4.59989e-07,-0.0055581801
4.60089e-07,-0.0055438189
4.60189e-07,-0.0055201229
4.60289e-07,-0.0054949908
4.60389e-07,-0.0054777574
4.60489e-07,-0.005473449
4.60589e-07,-0.0054791935
4.60689e-07,-0.0054906824
4.60789e-07,-0.0055007353
4.60889e-07,-0.0055079159
4.60989e-07,-0.0055129423
4.61089e-07,-0.005520841
4.61189e-07,-0.0055352022
4.61289e-07,-0.0055553079
4.61389e-07,-0.0055754136
4.61489e-07,-0.0055897748
4.61589e-07,-0.0055926471
4.61689e-07,-0.0055847484
4.61789e-07,-0.0055725414
4.61889e-07,-0.0055653608
4.61989e-07,-0.0055696691
4.62089e-07,-0.0055883387
4.62189e-07,-0.005615625
4.62289e-07,-0.0056429113
4.62389e-07,-0.0056615809
4.62489e-07,-0.0056687615
4.62589e-07,-0.0056680434
4.62689e-07,-0.0056666073
4.62789e-07,-0.0056730699
4.62889e-07,-0.0056903033
4.62989e-07,-0.0057147174
4.63089e-07,-0.0057384134
