LECROYHDO6104B,11090,Waveform
Segments,1,SegmentSize,5002
Segment,TrigTime,TimeSinceSegment1
#1,04-May-2026 18:49:15,0                 
Time,Ampl
-3.704536e-08,-0.0052652114
-3.694536e-08,-0.0052666475
-3.684536e-08,-0.0052731101
-3.674536e-08,-0.0052824449
-3.664536e-08,-0.0052924977
-3.654536e-08,-0.0053025506
-3.644536e-08,-0.0053147576
-3.634536e-08,-0.0053284007
-3.624536e-08,-0.0053427619
-3.614536e-08,-0.005354969
-3.604536e-08,-0.0053621496
-3.594536e-08,-0.0053628676
-3.584536e-08,-0.0053585593
-3.574536e-08,-0.005354969
-3.564536e-08,-0.005354969
-3.554536e-08,-0.0053628676
-3.544536e-08,-0.0053765108
-3.534536e-08,-0.0053915901
-3.524536e-08,-0.005403079
-3.514536e-08,-0.0054088235
-3.504536e-08,-0.0054116958
-3.494536e-08,-0.0054174403
-3.484536e-08,-0.0054310834
-3.474536e-08,-0.0054547794
-3.464536e-08,-0.0054835018
-3.454536e-08,-0.005508634
-3.444536e-08,-0.0055201229
-3.434536e-08,-0.0055122243
-3.424536e-08,-0.0054885283
-3.414536e-08,-0.0054598058
-3.404536e-08,-0.005437546
-3.394536e-08,-0.0054318015
-3.384536e-08,-0.0054440085
-3.374536e-08,-0.0054669864
-3.364536e-08,-0.0054892463
-3.354536e-08,-0.0055007353
-3.344536e-08,-0.0054978631
-3.334536e-08,-0.005485656
-3.324536e-08,-0.0054756032
-3.314536e-08,-0.0054777574
-3.304536e-08,-0.0054964269
-3.294536e-08,-0.0055273035
-3.284536e-08,-0.0055588982
-3.274536e-08,-0.0055811581
-3.264536e-08,-0.0055861845
-3.254536e-08,-0.0055746955
-3.244536e-08,-0.0055545898
-3.234536e-08,-0.0055352022
-3.224536e-08,-0.0055244313
-3.214536e-08,-0.0055237132
-3.204536e-08,-0.0055294577
-3.194536e-08,-0.0055352022
-3.184536e-08,-0.0055373564
-3.174536e-08,-0.0055359203
-3.164536e-08,-0.0055337661
-3.154536e-08,-0.0055352022
-3.144536e-08,-0.0055409467
-3.134536e-08,-0.0055481273
-3.124536e-08,-0.0055517176
-3.114536e-08,-0.0055466912
-3.104536e-08,-0.005533048
-3.094536e-08,-0.0055158146
-3.084536e-08,-0.0054992992
-3.074536e-08,-0.0054892463
-3.064536e-08,-0.005485656
-3.054536e-08,-0.0054842199
-3.044536e-08,-0.0054791935
-3.034536e-08,-0.0054662684
-3.024536e-08,-0.0054475988
-3.014536e-08,-0.0054303653
-3.004536e-08,-0.0054231847
-2.994536e-08,-0.0054318015
-2.984536e-08,-0.0054533433
-2.974536e-08,-0.0054777574
-2.964536e-08,-0.0054928366
-2.954536e-08,-0.0054892463
-2.944536e-08,-0.0054662684
-2.934536e-08,-0.0054303653
-2.924536e-08,-0.0053966165
-2.914536e-08,-0.0053743566
-2.904536e-08,-0.0053693302
-2.894536e-08,-0.0053757927
-2.884536e-08,-0.0053844095
-2.874536e-08,-0.0053858456
-2.864536e-08,-0.0053765108
-2.854536e-08,-0.0053614315
-2.844536e-08,-0.0053499426
-2.834536e-08,-0.0053513787
-2.824536e-08,-0.0053678941
-2.814536e-08,-0.0053923081
-2.804536e-08,-0.00541385
-2.794536e-08,-0.0054203125
-2.784536e-08,-0.0054088235
-2.774536e-08,-0.0053851275
-2.764536e-08,-0.0053614315
-2.754536e-08,-0.0053513787
-2.744536e-08,-0.0053614315
-2.734536e-08,-0.0053879998
-2.724536e-08,-0.0054195944
-2.714536e-08,-0.0054432904
-2.704536e-08,-0.0054511891
-2.694536e-08,-0.0054440085
-2.684536e-08,-0.0054303653
-2.674536e-08,-0.0054203125
-2.664536e-08,-0.0054210306
-2.654536e-08,-0.0054325195
-2.644536e-08,-0.0054468807
-2.634536e-08,-0.0054547794
-2.624536e-08,-0.005449753
-2.614536e-08,-0.0054332376
-2.604536e-08,-0.0054124138
-2.594536e-08,-0.0053973346
-2.584536e-08,-0.0053937443
-2.574536e-08,-0.0054009249
-2.564536e-08,-0.0054124138
-2.554536e-08,-0.0054203125
-2.544536e-08,-0.0054195944
-2.534536e-08,-0.0054102597
-2.524536e-08,-0.0054002068
-2.514536e-08,-0.0053973346
-2.504536e-08,-0.0054052332
-2.494536e-08,-0.0054231847
-2.484536e-08,-0.0054425724
-2.474536e-08,-0.0054547794
-2.464536e-08,-0.0054533433
-2.454536e-08,-0.0054389821
-2.444536e-08,-0.0054174403
-2.434536e-08,-0.0053973346
-2.424536e-08,-0.0053858456
-2.414536e-08,-0.0053844095
-2.404536e-08,-0.005390154
-2.394536e-08,-0.0053973346
-2.384536e-08,-0.005403079
-2.374536e-08,-0.0054059513
-2.364536e-08,-0.0054109777
-2.354536e-08,-0.0054203125
-2.344536e-08,-0.0054353918
-2.334536e-08,-0.0054540614
-2.324536e-08,-0.0054698587
-2.314536e-08,-0.0054777574
-2.304536e-08,-0.0054763212
-2.294536e-08,-0.0054677045
-2.284536e-08,-0.0054583697
-2.274536e-08,-0.0054547794
-2.264536e-08,-0.0054583697
-2.254536e-08,-0.0054662684
-2.244536e-08,-0.005474167
-2.234536e-08,-0.0054777574
-2.224536e-08,-0.0054777574
-2.214536e-08,-0.0054777574
-2.204536e-08,-0.0054842199
-2.194536e-08,-0.0055007353
-2.184536e-08,-0.0055251494
-2.174536e-08,-0.0055495634
-2.164536e-08,-0.0055632066
-2.154536e-08,-0.0055581801
-2.144536e-08,-0.0055337661
-2.134536e-08,-0.0054985811
-2.124536e-08,-0.0054641142
-2.114536e-08,-0.0054432904
-2.104536e-08,-0.0054411363
-2.094536e-08,-0.0054526252
-2.084536e-08,-0.0054691406
-2.074536e-08,-0.0054777574
-2.064536e-08,-0.0054720129
-2.054536e-08,-0.0054533433
-2.044536e-08,-0.0054289292
-2.034536e-08,-0.0054088235
-2.024536e-08,-0.0053987707
-2.014536e-08,-0.0053980526
-2.004536e-08,-0.0054002068
-1.994536e-08,-0.0053973346
-1.984536e-08,-0.0053836914
-1.974536e-08,-0.0053592773
-1.964536e-08,-0.0053305549
-1.954536e-08,-0.0053054228
-1.944536e-08,-0.0052889074
-1.934536e-08,-0.0052831629
-1.924536e-08,-0.0052824449
-1.914536e-08,-0.0052824449
-1.904536e-08,-0.0052788545
-1.894536e-08,-0.0052731101
-1.884536e-08,-0.0052688017
-1.874536e-08,-0.0052709559
-1.864536e-08,-0.0052810087
-1.854536e-08,-0.005296088
-1.844536e-08,-0.0053104492
-1.834536e-08,-0.0053169118
-1.824536e-08,-0.0053126034
-1.814536e-08,-0.0052989602
-1.804536e-08,-0.0052831629
-1.794536e-08,-0.0052709559
-1.784536e-08,-0.0052666475
-1.774536e-08,-0.0052680836
-1.764536e-08,-0.0052716739
-1.754536e-08,-0.0052709559
-1.744536e-08,-0.0052637753
-1.734536e-08,-0.0052537224
-1.724536e-08,-0.0052458238
-1.714536e-08,-0.0052479779
-1.704536e-08,-0.0052623392
-1.694536e-08,-0.0052853171
-1.684536e-08,-0.0053097312
-1.674536e-08,-0.0053284007
-1.664536e-08,-0.0053355813
-1.654536e-08,-0.005331991
-1.644536e-08,-0.0053233743
-1.634536e-08,-0.0053169118
-1.624536e-08,-0.0053183479
-1.614536e-08,-0.0053269646
-1.604536e-08,-0.0053398897
-1.594536e-08,-0.0053513787
-1.584536e-08,-0.0053571232
-1.574536e-08,-0.0053585593
-1.564536e-08,-0.0053585593
-1.554536e-08,-0.0053628676
-1.544536e-08,-0.0053743566
-1.534536e-08,-0.0053915901
-1.524536e-08,-0.0054088235
-1.514536e-08,-0.0054203125
-1.504536e-08,-0.0054224667
-1.494536e-08,-0.0054160041
-1.484536e-08,-0.0054059513
-1.474536e-08,-0.0053973346
-1.464536e-08,-0.0053944623
-1.454536e-08,-0.0053980526
-1.444536e-08,-0.0054045152
-1.434536e-08,-0.0054088235
-1.424536e-08,-0.0054088235
-1.414536e-08,-0.0054045152
-1.404536e-08,-0.0053994887
-1.394536e-08,-0.0053973346
-1.384536e-08,-0.0054002068
-1.374536e-08,-0.0054066693
-1.364536e-08,-0.0054109777
-1.354536e-08,-0.0054088235
-1.344536e-08,-0.0053966165
-1.334536e-08,-0.0053772289
-1.324536e-08,-0.0053564051
-1.314536e-08,-0.0053398897
-1.304536e-08,-0.0053334272
-1.294536e-08,-0.0053384536
-1.284536e-08,-0.0053499426
-1.274536e-08,-0.0053628676
-1.264536e-08,-0.0053729205
-1.254536e-08,-0.0053779469
-1.244536e-08,-0.0053808192
-1.234536e-08,-0.0053858456
-1.224536e-08,-0.0053958984
-1.214536e-08,-0.0054116958
-1.204536e-08,-0.0054296473
-1.194536e-08,-0.0054432904
-1.184536e-08,-0.0054483169
-1.174536e-08,-0.0054411363
-1.164536e-08,-0.0054224667
-1.154536e-08,-0.0053973346
-1.144536e-08,-0.0053707663
-1.134536e-08,-0.0053477884
-1.124536e-08,-0.0053334272
-1.114536e-08,-0.0053284007
-1.104536e-08,-0.0053334272
-1.094536e-08,-0.0053477884
-1.084536e-08,-0.005366458
-1.074536e-08,-0.0053858456
-1.064536e-08,-0.0054002068
-1.054536e-08,-0.0054037971
-1.044536e-08,-0.0053944623
-1.034536e-08,-0.0053743566
-1.024536e-08,-0.0053477884
-1.014536e-08,-0.0053233743
-1.004536e-08,-0.005307577
-9.945364e-09,-0.0053054228
-9.845364e-09,-0.0053147576
-9.745364e-09,-0.0053305549
-9.645364e-09,-0.0053449161
-9.545364e-09,-0.0053513787
-9.445364e-09,-0.0053477884
-9.345364e-09,-0.0053370175
-9.245364e-09,-0.0053255285
-9.145364e-09,-0.0053169118
-9.045364e-09,-0.0053147576
-8.945364e-09,-0.0053161937
-8.845364e-09,-0.0053183479
-8.745364e-09,-0.0053169118
-8.645364e-09,-0.0053097312
-8.545364e-09,-0.0052989602
-8.445364e-09,-0.0052889074
-8.345364e-09,-0.0052824449
-8.245364e-09,-0.0052810087
-8.145364e-09,-0.0052817268
-8.045364e-09,-0.0052795726
-7.945364e-09,-0.0052709559
-7.845364e-09,-0.0052558766
-7.745364e-09,-0.0052393612
-7.645364e-09,-0.0052264361
-7.545364e-09,-0.005225
-7.445364e-09,-0.0052357709
-7.345364e-09,-0.0052544405
-7.245364e-09,-0.0052731101
-7.145364e-09,-0.0052824449
-7.045364e-09,-0.0052767004
-6.945364e-09,-0.0052558766
-6.845364e-09,-0.0052278722
-6.745364e-09,-0.0052020221
-6.645364e-09,-0.0051876608
-6.545364e-09,-0.005189097
-6.445364e-09,-0.0052041762
-6.345364e-09,-0.005225
-6.245364e-09,-0.0052436696
-6.145364e-09,-0.0052544405
-6.045364e-09,-0.0052544405
-5.945364e-09,-0.0052479779
-5.845364e-09,-0.0052386432
-5.745364e-09,-0.0052314625
-5.645364e-09,-0.0052271542
-5.545364e-09,-0.005225
-5.445364e-09,-0.0052214097
-5.345364e-09,-0.0052142291
-5.245364e-09,-0.0052034582
-5.145364e-09,-0.0051905331
-5.045364e-09,-0.0051790441
-4.945364e-09,-0.0051718635
-4.845364e-09,-0.0051689913
-4.745364e-09,-0.0051675551
-4.645364e-09,-0.0051639648
-4.545364e-09,-0.0051560662
-4.445364e-09,-0.0051409869
-4.345364e-09,-0.0051215993
-4.245364e-09,-0.0050993394
-4.145364e-09,-0.0050770795
-4.045364e-09,-0.0050541016
-3.945364e-09,-0.0050296875
-3.845364e-09,-0.0049988109
-3.745364e-09,-0.0049564453
-3.645364e-09,-0.0049018727
-3.545364e-09,-0.004834375
-3.445364e-09,-0.0047568244
-3.345364e-09,-0.0046742475
-3.245364e-09,-0.0045880802
-3.145364e-09,-0.0045011949
-3.045364e-09,-0.0044114373
-2.945364e-09,-0.0043173713
-2.845364e-09,-0.0042175609
-2.745364e-09,-0.0041105699
-2.645364e-09,-0.0039985524
-2.545364e-09,-0.0038829446
-2.445364e-09,-0.0037637466
-2.345364e-09,-0.0036395221
-2.245364e-09,-0.0035066808
-2.145364e-09,-0.0033630687
-2.045364e-09,-0.0032072495
-1.945364e-09,-0.0030420956
-1.845364e-09,-0.0028733513
-1.745364e-09,-0.0027067613
-1.645364e-09,-0.0025487879
-1.545364e-09,-0.0023987132
-1.445364e-09,-0.0022529469
-1.345364e-09,-0.0021043084
-1.245364e-09,-0.0019470531
-1.145364e-09,-0.0017783088
-1.045364e-09,-0.0016016659
-9.453638e-10,-0.0014243049
-8.453638e-10,-0.0012548426
-7.453638e-10,-0.0011004596
-6.453638e-10,-0.00096115579
-5.453638e-10,-0.00083334099
-4.453638e-10,-0.0007091165
-3.453638e-10,-0.00058345588
-2.453638e-10,-0.0004534869
-1.453638e-10,-0.0003220818
-4.536382e-11,-0.00019498506
5.463618e-11,-7.7941176e-05
1.546362e-10,2.6177619e-05
2.546362e-10,0.00011737132
3.546362e-10,0.0001999483
4.546362e-10,0.00027821691
5.546362e-10,0.00035289522
6.546362e-10,0.00042398323
7.546362e-10,0.00048789063
8.546362e-10,0.00054246324
9.546362e-10,0.00058770106
1.054636e-09,0.00062863051
1.154636e-09,0.00066884191
1.254636e-09,0.00071479779
1.354636e-09,0.00076649816
1.454636e-09,0.00082035271
1.554636e-09,0.00087061696
1.654636e-09,0.00091011029
1.754636e-09,0.00093667854
1.854636e-09,0.00095319393
1.954636e-09,0.0009646829
2.054636e-09,0.00097904412
2.154636e-09,0.00099986788
2.254636e-09,0.0010271542
2.354636e-09,0.0010565947
2.454636e-09,0.0010824449
2.554636e-09,0.0010996783
2.654636e-09,0.001108295
2.754636e-09,0.0011118853
2.854636e-09,0.0011169118
2.954636e-09,0.0011269646
3.054636e-09,0.0011441981
3.154636e-09,0.0011657399
3.254636e-09,0.0011858456
3.354636e-09,0.0012002068
3.454636e-09,0.0012081055
3.554636e-09,0.0012095416
3.654636e-09,0.0012088235
3.754636e-09,0.0012109777
3.854636e-09,0.0012174403
3.954636e-09,0.0012296473
4.054636e-09,0.0012432904
4.154636e-09,0.0012569336
4.254636e-09,0.0012691406
4.354636e-09,0.0012791935
4.454636e-09,0.0012892463
4.554636e-09,0.0013000172
4.654636e-09,0.0013122243
4.754636e-09,0.0013251494
4.854636e-09,0.0013352022
4.954636e-09,0.0013423828
5.054636e-09,0.0013474092
5.154636e-09,0.0013517176
5.254636e-09,0.0013581801
5.354636e-09,0.0013696691
5.454636e-09,0.0013876206
5.554636e-09,0.0014113166
5.654636e-09,0.0014386029
5.754636e-09,0.0014680434
5.854636e-09,0.001498202
5.954636e-09,0.0015269244
6.054636e-09,0.0015534926
6.154636e-09,0.0015764706
6.254636e-09,0.001593704
6.354636e-09,0.001605193
6.454636e-09,0.0016109375
6.554636e-09,0.0016130917
6.654636e-09,0.0016138097
6.754636e-09,0.001616682
6.854636e-09,0.0016224265
6.954636e-09,0.0016303251
7.054636e-09,0.0016382238
7.154636e-09,0.0016439683
7.254636e-09,0.0016454044
7.354636e-09,0.0016454044
7.454636e-09,0.0016468405
7.554636e-09,0.0016540211
7.654636e-09,0.0016683824
7.754636e-09,0.0016884881
7.854636e-09,0.0017085938
7.954636e-09,0.001722955
8.054636e-09,0.0017258272
8.154636e-09,0.0017157744
8.254636e-09,0.0016971048
8.354636e-09,0.0016748449
8.454636e-09,0.0016568934
8.554636e-09,0.0016468405
8.654636e-09,0.0016446864
8.754636e-09,0.0016489947
8.854636e-09,0.0016568934
8.954636e-09,0.0016655101
9.054636e-09,0.0016741268
9.154636e-09,0.0016863339
9.254636e-09,0.0017028493
9.354636e-09,0.0017251091
9.454636e-09,0.0017502413
9.554636e-09,0.0017746553
9.654636e-09,0.001794761
9.754636e-09,0.0018076861
9.854636e-09,0.0018119945
9.954636e-09,0.0018112764
1.005464e-08,0.00180625
1.015464e-08,0.0017997875
1.025464e-08,0.0017911707
1.035464e-08,0.0017818359
1.045464e-08,0.0017717831
1.055464e-08,0.0017617302
1.065464e-08,0.0017552677
1.075464e-08,0.0017545496
1.085464e-08,0.0017602941
1.095464e-08,0.0017696289
1.105464e-08,0.0017775276
1.115464e-08,0.0017796818
1.125464e-08,0.0017717831
1.135464e-08,0.0017538316
1.145464e-08,0.0017286994
1.155464e-08,0.0017028493
1.165464e-08,0.0016798713
1.175464e-08,0.0016619198
1.185464e-08,0.0016482767
1.195464e-08,0.0016353516
1.205464e-08,0.0016224265
1.215464e-08,0.0016080653
1.225464e-08,0.0015944221
1.235464e-08,0.0015836512
1.245464e-08,0.0015764706
1.255464e-08,0.0015721622
1.265464e-08,0.0015664177
1.275464e-08,0.0015563649
1.285464e-08,0.0015420037
1.295464e-08,0.0015247702
1.305464e-08,0.0015111271
1.315464e-08,0.0015046645
1.325464e-08,0.0015075368
1.335464e-08,0.0015161535
1.345464e-08,0.0015233341
1.355464e-08,0.001521898
1.365464e-08,0.0015075368
1.375464e-08,0.0014831227
1.385464e-08,0.0014572725
1.395464e-08,0.0014400391
1.405464e-08,0.0014386029
1.415464e-08,0.0014529642
1.425464e-08,0.0014759421
1.435464e-08,0.0014967659
1.445464e-08,0.0015075368
1.455464e-08,0.0015039465
1.465464e-08,0.0014895852
1.475464e-08,0.0014723518
1.485464e-08,0.0014615809
1.495464e-08,0.0014608628
1.505464e-08,0.0014694795
1.515464e-08,0.0014795324
1.525464e-08,0.0014845588
1.535464e-08,0.0014816866
1.545464e-08,0.0014730699
1.555464e-08,0.0014637351
1.565464e-08,0.0014615809
1.575464e-08,0.0014687615
1.585464e-08,0.0014824046
1.595464e-08,0.0014974839
1.605464e-08,0.0015075368
1.615464e-08,0.0015089729
1.625464e-08,0.0015032284
1.635464e-08,0.0014974839
1.645464e-08,0.0014960478
1.655464e-08,0.0015025103
1.665464e-08,0.0015139993
1.675464e-08,0.0015254883
1.685464e-08,0.0015305147
1.695464e-08,0.0015262063
1.705464e-08,0.0015147174
1.715464e-08,0.0015032284
1.725464e-08,0.0014960478
1.735464e-08,0.0014974839
1.745464e-08,0.0015053826
1.755464e-08,0.0015147174
1.765464e-08,0.0015190257
1.775464e-08,0.0015168716
1.785464e-08,0.0015089729
1.795464e-08,0.0015010742
1.805464e-08,0.0014960478
1.815464e-08,0.0014953297
1.825464e-08,0.0014960478
1.835464e-08,0.0014903033
1.845464e-08,0.0014730699
1.855464e-08,0.0014443474
1.865464e-08,0.0014098805
1.875464e-08,0.0013782858
1.885464e-08,0.0013581801
1.895464e-08,0.0013538718
1.905464e-08,0.0013624885
1.915464e-08,0.0013746955
1.925464e-08,0.0013811581
1.935464e-08,0.0013761317
1.945464e-08,0.0013588982
1.955464e-08,0.0013352022
1.965464e-08,0.0013122243
1.975464e-08,0.0012942727
1.985464e-08,0.0012820657
1.995464e-08,0.0012705767
2.005464e-08,0.0012547794
2.015464e-08,0.0012318015
2.025464e-08,0.0012037971
2.035464e-08,0.001178665
2.045464e-08,0.0011628676
2.055464e-08,0.0011614315
2.065464e-08,0.0011722024
2.075464e-08,0.0011872817
2.085464e-08,0.0011973346
2.095464e-08,0.0011937443
2.105464e-08,0.0011750747
2.115464e-08,0.0011463523
2.125464e-08,0.0011169118
2.135464e-08,0.0010953699
2.145464e-08,0.0010874713
2.155464e-08,0.0010924977
2.165464e-08,0.0011054228
2.175464e-08,0.0011212201
2.185464e-08,0.0011341452
2.195464e-08,0.00114348
2.205464e-08,0.0011513787
2.215464e-08,0.0011599954
2.225464e-08,0.0011714844
2.235464e-08,0.0011851275
2.245464e-08,0.0011973346
2.255464e-08,0.0012059513
2.265464e-08,0.0012081055
2.275464e-08,0.0012052332
2.285464e-08,0.0011973346
2.295464e-08,0.0011879998
2.305464e-08,0.001178665
2.315464e-08,0.0011700483
2.325464e-08,0.0011628676
2.335464e-08,0.0011571232
2.345464e-08,0.0011528148
2.355464e-08,0.0011513787
2.365464e-08,0.0011513787
2.375464e-08,0.0011520967
2.385464e-08,0.0011520967
2.395464e-08,0.0011477884
2.405464e-08,0.0011398897
2.415464e-08,0.0011284007
2.425464e-08,0.0011154756
2.435464e-08,0.0011039867
2.445464e-08,0.0010939338
2.455464e-08,0.001084599
2.465464e-08,0.0010731101
2.475464e-08,0.0010573127
2.485464e-08,0.001036489
2.495464e-08,0.001013511
2.505464e-08,0.00099340533
2.515464e-08,0.0009811983
2.525464e-08,0.00097904412
2.535464e-08,0.0009847886
2.545464e-08,0.00099196921
2.555464e-08,0.00099555951
2.565464e-08,0.00099053309
2.575464e-08,0.00097688994
2.585464e-08,0.00095893842
2.595464e-08,0.00094314108
2.605464e-08,0.00093308824
2.615464e-08,0.00093021599
2.625464e-08,0.00093165211
2.635464e-08,0.00093021599
2.645464e-08,0.00092159926
2.655464e-08,0.00090508387
2.665464e-08,0.00088426011
2.675464e-08,0.00086487247
2.685464e-08,0.00085266544
2.695464e-08,0.00084907514
2.705464e-08,0.00085122932
2.715464e-08,0.00085410156
2.725464e-08,0.00085266544
2.735464e-08,0.00084548483
2.745464e-08,0.00083399586
2.755464e-08,0.00082394301
2.765464e-08,0.00081819853
2.775464e-08,0.00081748047
2.785464e-08,0.00081676241
2.795464e-08,0.00081101792
2.805464e-08,0.00079522059
2.815464e-08,0.00076865234
2.825464e-08,0.00073633961
2.835464e-08,0.00070833525
2.845464e-08,0.00069181985
2.855464e-08,0.00069253791
2.865464e-08,0.00070689913
2.875464e-08,0.00072915901
2.885464e-08,0.00074926471
2.895464e-08,0.00076003562
2.905464e-08,0.00075859949
2.915464e-08,0.00074926471
2.925464e-08,0.00073777574
2.935464e-08,0.00072915901
2.945464e-08,0.0007255687
2.955464e-08,0.00072628676
2.965464e-08,0.00072628676
2.975464e-08,0.00072341452
2.985464e-08,0.00071767004
2.995464e-08,0.00070977137
3.005464e-08,0.00070330882
3.015464e-08,0.00070115464
3.025464e-08,0.0007018727
3.035464e-08,0.00070402688
3.045464e-08,0.00070330882
3.055464e-08,0.0006982824
3.065464e-08,0.00068894761
3.075464e-08,0.0006781767
3.085464e-08,0.00066884191
3.095464e-08,0.00066381549
3.105464e-08,0.00066166131
3.115464e-08,0.00066022518
3.125464e-08,0.00065735294
3.135464e-08,0.0006508904
3.145464e-08,0.00064155561
3.155464e-08,0.00063150276
3.165464e-08,0.00062288603
3.175464e-08,0.00061642348
3.185464e-08,0.000610679
3.195464e-08,0.00060206227
3.205464e-08,0.00058841912
3.215464e-08,0.00056974954
3.225464e-08,0.00054748966
3.235464e-08,0.00052594784
3.245464e-08,0.00050799632
3.255464e-08,0.00049507123
3.265464e-08,0.00048501838
3.275464e-08,0.00047496553
3.285464e-08,0.00046204044
3.295464e-08,0.00044696117
3.305464e-08,0.00043188189
3.315464e-08,0.00042111098
3.325464e-08,0.00041608456
3.335464e-08,0.00041680262
3.345464e-08,0.00041823874
3.355464e-08,0.0004153665
3.365464e-08,0.00040459559
3.375464e-08,0.00038520795
3.385464e-08,0.00036079389
3.395464e-08,0.00033853401
3.405464e-08,0.00032417279
3.415464e-08,0.00032058249
3.425464e-08,0.00032560892
3.435464e-08,0.00033637983
3.445464e-08,0.00034715074
3.455464e-08,0.00035648552
3.465464e-08,0.00036366613
3.475464e-08,0.0003715648
3.485464e-08,0.00038161765
3.495464e-08,0.00039238856
3.505464e-08,0.00040172335
3.515464e-08,0.00040603171
3.525464e-08,0.00040459559
3.535464e-08,0.0003988511
3.545464e-08,0.00039382468
3.555464e-08,0.0003952608
3.565464e-08,0.00040459559
3.575464e-08,0.00042039292
3.585464e-08,0.0004354722
3.595464e-08,0.00044337086
3.605464e-08,0.0004390625
3.615464e-08,0.00042470129
3.625464e-08,0.00040603171
3.635464e-08,0.00039382468
3.645464e-08,0.00039310662
3.655464e-08,0.00040531365
3.665464e-08,0.00042541935
3.675464e-08,0.0004426528
3.685464e-08,0.00045055147
3.695464e-08,0.00044552505
3.705464e-08,0.00043116383
3.715464e-08,0.00041464844
3.725464e-08,0.00040459559
3.735464e-08,0.00040315947
3.745464e-08,0.00040890395
3.755464e-08,0.00041464844
3.765464e-08,0.00041608456
3.775464e-08,0.00041034007
3.785464e-08,0.00040100528
3.795464e-08,0.00039310662
3.805464e-08,0.00039310662
3.815464e-08,0.00040100528
3.825464e-08,0.00041249426
3.835464e-08,0.0004189568
3.845464e-08,0.00041608456
3.855464e-08,0.00040172335
3.865464e-08,0.00038161765
3.875464e-08,0.00036510225
3.885464e-08,0.00035863971
3.895464e-08,0.00036510225
3.905464e-08,0.00037946347
3.915464e-08,0.0003916705
3.925464e-08,0.00039310662
3.935464e-08,0.00037946347
3.945464e-08,0.00035361328
3.955464e-08,0.00032417279
3.965464e-08,0.00030119485
3.975464e-08,0.00028970588
3.985464e-08,0.00028826976
3.995464e-08,0.000291142
4.005464e-08,0.00028970588
4.015464e-08,0.00027965303
4.025464e-08,0.00026313764
4.035464e-08,0.00024446806
4.045464e-08,0.00023226103
4.055464e-08,0.00023010685
4.065464e-08,0.00023513327
4.075464e-08,0.00024231388
4.085464e-08,0.00024375
4.095464e-08,0.00023513327
4.105464e-08,0.00021789982
4.115464e-08,0.00019851218
4.125464e-08,0.00018630515
4.135464e-08,0.00018558709
4.145464e-08,0.00019563994
4.155464e-08,0.00021000115
4.165464e-08,0.00022077206
4.175464e-08,0.00022149012
4.185464e-08,0.00021071921
4.195464e-08,0.00019276769
4.205464e-08,0.00017481618
4.215464e-08,0.00016260915
4.225464e-08,0.00015830078
4.235464e-08,0.0001597369
4.245464e-08,0.00016332721
4.255464e-08,0.00016476333
4.265464e-08,0.00016404527
4.275464e-08,0.00016260915
4.285464e-08,0.00016332721
4.295464e-08,0.00016763557
4.305464e-08,0.00017553424
4.315464e-08,0.00018271484
4.325464e-08,0.00018630515
4.335464e-08,0.00018415097
4.345464e-08,0.00017768842
4.355464e-08,0.00016978975
4.365464e-08,0.00016332721
4.375464e-08,0.00015901884
4.385464e-08,0.00015327436
4.395464e-08,0.00014465763
4.405464e-08,0.00012886029
4.415464e-08,0.00010803653
4.425464e-08,8.7212776e-05
4.435464e-08,7.3569623e-05
4.445464e-08,7.1415441e-05
4.455464e-08,8.2186351e-05
4.465464e-08,0.00010085593
4.475464e-08,0.00011952551
4.485464e-08,0.00012886029
4.495464e-08,0.00012526999
4.505464e-08,0.00011090878
4.515464e-08,9.0803079e-05
4.525464e-08,7.1415441e-05
4.535464e-08,5.7772289e-05
4.545464e-08,4.9873621e-05
4.555464e-08,4.4847197e-05
4.565464e-08,3.6948529e-05
4.575464e-08,2.5459559e-05
4.585464e-08,1.1098346e-05
4.595464e-08,-1.8267463e-06
4.605464e-08,-9.0073529e-06
4.615464e-08,-9.0073529e-06
4.625464e-08,-5.4170496e-06
4.635464e-08,-3.9809283e-06
4.645464e-08,-9.0073529e-06
4.655464e-08,-2.3368566e-05
4.665464e-08,-4.3474265e-05
4.675464e-08,-6.4298024e-05
4.685464e-08,-7.7941176e-05
4.695464e-08,-8.224954e-05
4.705464e-08,-7.7223116e-05
4.715464e-08,-7.0042509e-05
4.725464e-08,-6.6452206e-05
4.735464e-08,-7.076057e-05
4.745464e-08,-8.224954e-05
4.755464e-08,-9.8046875e-05
4.765464e-08,-0.00011240809
4.775464e-08,-0.00012174288
4.785464e-08,-0.00012461512
4.795464e-08,-0.00012461512
4.805464e-08,-0.00012389706
4.815464e-08,-0.00012533318
4.825464e-08,-0.00012748736
4.835464e-08,-0.00012820542
4.845464e-08,-0.00012389706
4.855464e-08,-0.00011528033
4.865464e-08,-0.00010450942
4.875464e-08,-9.8764936e-05
4.885464e-08,-0.00010091912
4.895464e-08,-0.00011456227
4.905464e-08,-0.00013610409
4.915464e-08,-0.00016051815
4.925464e-08,-0.00018134191
4.935464e-08,-0.000194267
4.945464e-08,-0.00019857537
4.955464e-08,-0.00019713925
4.965464e-08,-0.00019283088
4.975464e-08,-0.00018924058
4.985464e-08,-0.0001870864
4.995464e-08,-0.00018493222
5.005464e-08,-0.00018134191
5.015464e-08,-0.00017775161
5.025464e-08,-0.00017631549
5.035464e-08,-0.00018134191
5.045464e-08,-0.00019283088
5.055464e-08,-0.00021006434
5.065464e-08,-0.00022801585
5.075464e-08,-0.00023878676
5.085464e-08,-0.00023878676
5.095464e-08,-0.00022729779
5.105464e-08,-0.00020862822
5.115464e-08,-0.00019139476
5.125464e-08,-0.00018134191
5.135464e-08,-0.00018205997
5.145464e-08,-0.0001906767
5.155464e-08,-0.00020072955
5.165464e-08,-0.00020431985
5.175464e-08,-0.00019857537
5.185464e-08,-0.00018636834
5.195464e-08,-0.00017416131
5.205464e-08,-0.00016985294
5.215464e-08,-0.00017846967
5.225464e-08,-0.00020001149
5.235464e-08,-0.00022657973
5.245464e-08,-0.00025027574
5.255464e-08,-0.00026391889
5.265464e-08,-0.00026463695
5.275464e-08,-0.0002581744
5.285464e-08,-0.00025027574
5.295464e-08,-0.00024955767
5.305464e-08,-0.00026032858
5.315464e-08,-0.0002818704
5.325464e-08,-0.00030772059
5.335464e-08,-0.00033213465
5.345464e-08,-0.00035008617
5.355464e-08,-0.00036013902
5.365464e-08,-0.00036516544
5.375464e-08,-0.00036875574
5.385464e-08,-0.00037593635
5.395464e-08,-0.0003859892
5.405464e-08,-0.00039963235
5.415464e-08,-0.00041399357
5.425464e-08,-0.0004262006
5.435464e-08,-0.00043625345
5.445464e-08,-0.00044558824
5.455464e-08,-0.00045492302
5.465464e-08,-0.00046641199
5.475464e-08,-0.00047861903
5.485464e-08,-0.00049154412
5.495464e-08,-0.00050303309
5.505464e-08,-0.00051164982
5.515464e-08,-0.00051883042
5.525464e-08,-0.00052601103
5.535464e-08,-0.00053462776
5.545464e-08,-0.00054755285
5.555464e-08,-0.00056406824
5.565464e-08,-0.00058345588
5.575464e-08,-0.00060427964
5.585464e-08,-0.00062366728
5.595464e-08,-0.00064018267
5.605464e-08,-0.00065238971
5.615464e-08,-0.00065957031
5.625464e-08,-0.00066316062
5.635464e-08,-0.00066387868
5.645464e-08,-0.00066387868
5.655464e-08,-0.0006653148
5.665464e-08,-0.00066962316
5.675464e-08,-0.00067752183
5.685464e-08,-0.00068685662
5.695464e-08,-0.00069619141
5.705464e-08,-0.00070193589
5.715464e-08,-0.00070265395
5.725464e-08,-0.00069834559
5.735464e-08,-0.00069044692
5.745464e-08,-0.00068183019
5.755464e-08,-0.00067680377
5.765464e-08,-0.00067536765
5.775464e-08,-0.00067823989
5.785464e-08,-0.00068254825
5.795464e-08,-0.00068613856
5.805464e-08,-0.00068685662
5.815464e-08,-0.00068398437
5.825464e-08,-0.00067967601
5.835464e-08,-0.00067608571
5.845464e-08,-0.00067536765
5.855464e-08,-0.00067752183
5.865464e-08,-0.00068183019
5.875464e-08,-0.0006854205
5.885464e-08,-0.00068685662
5.895464e-08,-0.00068613856
5.905464e-08,-0.00068470244
5.915464e-08,-0.00068470244
5.925464e-08,-0.00068685662
5.935464e-08,-0.00069188304
5.945464e-08,-0.00069690947
5.955464e-08,-0.00069978171
5.965464e-08,-0.00069834559
5.975464e-08,-0.00069403722
5.985464e-08,-0.00068829274
5.995464e-08,-0.00068470244
6.005464e-08,-0.00068685662
6.015464e-08,-0.00069547335
6.025464e-08,-0.00070839844
6.035464e-08,-0.00072204159
6.045464e-08,-0.0007328125
6.055464e-08,-0.00073783892
6.065464e-08,-0.00073712086
6.075464e-08,-0.00073065832
6.085464e-08,-0.00072132353
6.095464e-08,-0.00071127068
6.105464e-08,-0.00070121783
6.115464e-08,-0.0006926011
6.125464e-08,-0.00068685662
6.135464e-08,-0.0006854205
6.145464e-08,-0.00069044692
6.155464e-08,-0.00070265395
6.165464e-08,-0.00072132353
6.175464e-08,-0.00074214729
6.185464e-08,-0.00076009881
6.195464e-08,-0.00076943359
6.205464e-08,-0.00076727941
6.215464e-08,-0.00075579044
6.225464e-08,-0.00073927505
6.235464e-08,-0.00072634995
6.245464e-08,-0.00072132353
6.255464e-08,-0.00072706801
6.265464e-08,-0.00074142923
6.275464e-08,-0.00075722656
6.285464e-08,-0.00076727941
6.295464e-08,-0.00076871553
6.305464e-08,-0.00076081687
6.315464e-08,-0.00075076402
6.325464e-08,-0.00074430147
6.335464e-08,-0.00074860983
6.345464e-08,-0.00076440717
6.355464e-08,-0.00078810317
6.365464e-08,-0.00081323529
6.375464e-08,-0.00083046875
6.385464e-08,-0.00083621324
6.395464e-08,-0.00082903263
6.405464e-08,-0.00081323529
6.415464e-08,-0.00079600184
6.425464e-08,-0.00078379481
6.435464e-08,-0.00077805032
6.445464e-08,-0.00077876838
6.455464e-08,-0.00078092256
6.465464e-08,-0.00078092256
6.475464e-08,-0.00077589614
6.485464e-08,-0.00076727941
6.495464e-08,-0.00075866268
6.505464e-08,-0.00075507238
6.515464e-08,-0.00075794462
6.525464e-08,-0.00076727941
6.535464e-08,-0.00077876838
6.545464e-08,-0.00078882123
6.555464e-08,-0.00079241153
6.565464e-08,-0.00079025735
6.575464e-08,-0.00078379481
6.585464e-08,-0.00077733226
6.595464e-08,-0.00077517808
6.605464e-08,-0.00077876838
6.615464e-08,-0.00078738511
6.625464e-08,-0.00079743796
6.635464e-08,-0.00080677275
6.645464e-08,-0.00081323529
6.655464e-08,-0.00081826172
6.665464e-08,-0.00082472426
6.675464e-08,-0.00083405905
6.685464e-08,-0.00084770221
6.695464e-08,-0.00086349954
6.705464e-08,-0.00087786075
6.715464e-08,-0.00088863166
6.725464e-08,-0.00089365809
6.735464e-08,-0.00089509421
6.745464e-08,-0.00089724839
6.755464e-08,-0.00090371094
6.765464e-08,-0.00091663603
6.775464e-08,-0.00093386949
6.785464e-08,-0.00095253906
6.795464e-08,-0.00096690028
6.805464e-08,-0.00097408088
6.815464e-08,-0.00097479894
6.825464e-08,-0.0009719267
6.835464e-08,-0.00097049058
6.845464e-08,-0.00097408088
6.855464e-08,-0.00098269761
6.865464e-08,-0.00099418658
6.875464e-08,-0.0010035214
6.885464e-08,-0.0010085478
6.895464e-08,-0.0010085478
6.905464e-08,-0.0010049575
6.915464e-08,-0.0010042394
6.925464e-08,-0.0010085478
6.935464e-08,-0.0010193187
6.945464e-08,-0.001035116
6.955464e-08,-0.0010516314
6.965464e-08,-0.0010659926
6.975464e-08,-0.0010767636
6.985464e-08,-0.0010860983
6.995464e-08,-0.0010975873
7.005464e-08,-0.0011119485
7.015464e-08,-0.0011299
7.025464e-08,-0.0011485696
7.035464e-08,-0.0011622128
7.045464e-08,-0.0011693934
7.055464e-08,-0.0011693934
7.065464e-08,-0.0011658031
7.075464e-08,-0.001164367
7.085464e-08,-0.0011693934
7.095464e-08,-0.0011830365
7.105464e-08,-0.0012024242
7.115464e-08,-0.0012225299
7.125464e-08,-0.0012383272
7.135464e-08,-0.0012483801
7.145464e-08,-0.0012548426
7.155464e-08,-0.0012620232
7.165464e-08,-0.0012727941
7.175464e-08,-0.0012885915
7.185464e-08,-0.001306543
7.195464e-08,-0.0013223403
7.205464e-08,-0.001330239
7.215464e-08,-0.001330239
7.225464e-08,-0.0013266487
7.235464e-08,-0.0013244945
7.245464e-08,-0.001330239
7.255464e-08,-0.0013474724
7.265464e-08,-0.0013726045
7.275464e-08,-0.0013998909
7.285464e-08,-0.0014221507
7.295464e-08,-0.0014343578
7.305464e-08,-0.0014365119
7.315464e-08,-0.0014343578
7.325464e-08,-0.0014336397
7.335464e-08,-0.0014393842
7.345464e-08,-0.0014523093
7.355464e-08,-0.0014673886
7.365464e-08,-0.0014795956
7.375464e-08,-0.0014824678
7.385464e-08,-0.0014745692
7.395464e-08,-0.001460208
7.405464e-08,-0.0014451287
7.415464e-08,-0.00143723
7.425464e-08,-0.0014415384
7.435464e-08,-0.0014566176
7.445464e-08,-0.0014795956
7.455464e-08,-0.0015032916
7.465464e-08,-0.0015226792
7.475464e-08,-0.0015341682
7.485464e-08,-0.0015370404
7.495464e-08,-0.0015341682
7.505464e-08,-0.0015277057
7.515464e-08,-0.001519807
7.525464e-08,-0.0015140625
7.535464e-08,-0.0015104722
7.545464e-08,-0.0015104722
7.555464e-08,-0.0015154986
7.565464e-08,-0.0015255515
7.575464e-08,-0.0015399127
7.585464e-08,-0.00155571
7.595464e-08,-0.0015707893
7.605464e-08,-0.0015829963
7.615464e-08,-0.0015901769
7.625464e-08,-0.0015930492
7.635464e-08,-0.0015937672
7.645464e-08,-0.0015944853
7.655464e-08,-0.0015980756
7.665464e-08,-0.0016038201
7.675464e-08,-0.0016110007
7.685464e-08,-0.0016174632
7.695464e-08,-0.0016210535
7.705464e-08,-0.0016217716
7.715464e-08,-0.0016203355
7.725464e-08,-0.0016174632
7.735464e-08,-0.0016153091
7.745464e-08,-0.0016153091
7.755464e-08,-0.0016160271
7.765464e-08,-0.0016174632
7.775464e-08,-0.0016188994
7.785464e-08,-0.0016210535
7.795464e-08,-0.0016239258
7.805464e-08,-0.0016289522
7.815464e-08,-0.0016361328
7.825464e-08,-0.0016433134
7.835464e-08,-0.0016490579
7.845464e-08,-0.0016519301
7.855464e-08,-0.001650494
7.865464e-08,-0.0016469037
7.875464e-08,-0.0016425954
7.885464e-08,-0.0016404412
7.895464e-08,-0.0016425954
7.905464e-08,-0.0016483398
7.915464e-08,-0.0016562385
7.925464e-08,-0.0016634191
7.935464e-08,-0.0016670094
7.945464e-08,-0.0016670094
7.955464e-08,-0.0016648552
7.965464e-08,-0.0016634191
7.975464e-08,-0.0016655733
7.985464e-08,-0.0016720358
7.995464e-08,-0.0016842429
8.005464e-08,-0.001697886
8.015464e-08,-0.0017108111
8.025464e-08,-0.001720864
8.035464e-08,-0.0017273265
8.045464e-08,-0.0017323529
8.055464e-08,-0.0017388155
8.065464e-08,-0.0017488683
8.075464e-08,-0.0017661018
8.085464e-08,-0.0017897978
8.095464e-08,-0.0018170841
8.105464e-08,-0.0018436523
8.115464e-08,-0.0018666303
8.125464e-08,-0.0018817096
8.135464e-08,-0.0018888902
8.145464e-08,-0.0018896082
8.155464e-08,-0.0018860179
8.165464e-08,-0.0018817096
8.175464e-08,-0.0018809915
8.185464e-08,-0.0018860179
8.195464e-08,-0.001898225
8.205464e-08,-0.0019161765
8.215464e-08,-0.0019391544
8.225464e-08,-0.0019635685
8.235464e-08,-0.0019872645
8.245464e-08,-0.0020080882
8.255464e-08,-0.0020238856
8.265464e-08,-0.0020360926
8.275464e-08,-0.0020454274
8.285464e-08,-0.0020540441
8.295464e-08,-0.002064815
8.305464e-08,-0.0020784582
8.315464e-08,-0.0020949736
8.325464e-08,-0.002111489
8.335464e-08,-0.0021258502
8.345464e-08,-0.002135185
8.355464e-08,-0.0021373392
8.365464e-08,-0.0021344669
8.375464e-08,-0.0021280044
8.385464e-08,-0.0021222599
8.395464e-08,-0.0021201057
8.405464e-08,-0.0021229779
8.415464e-08,-0.0021315947
8.425464e-08,-0.0021423656
8.435464e-08,-0.0021517004
8.445464e-08,-0.0021574449
8.455464e-08,-0.0021574449
8.465464e-08,-0.0021517004
8.475464e-08,-0.0021430836
8.485464e-08,-0.0021344669
8.495464e-08,-0.0021294405
8.505464e-08,-0.0021280044
8.515464e-08,-0.0021308766
8.525464e-08,-0.0021344669
8.535464e-08,-0.0021373392
8.545464e-08,-0.0021366211
8.555464e-08,-0.0021315947
8.565464e-08,-0.0021229779
8.575464e-08,-0.0021129251
8.585464e-08,-0.0021028722
8.595464e-08,-0.0020942555
8.605464e-08,-0.002088511
8.615464e-08,-0.0020849207
8.625464e-08,-0.0020820485
8.635464e-08,-0.0020798943
8.645464e-08,-0.0020770221
8.655464e-08,-0.0020734318
8.665464e-08,-0.0020698415
8.675464e-08,-0.0020669692
8.685464e-08,-0.0020655331
8.695464e-08,-0.0020669692
8.705464e-08,-0.0020719956
8.715464e-08,-0.0020791762
8.725464e-08,-0.002088511
8.735464e-08,-0.0020978458
8.745464e-08,-0.0021064625
8.755464e-08,-0.0021107709
8.765464e-08,-0.002111489
8.775464e-08,-0.0021078987
8.785464e-08,-0.0021007181
8.795464e-08,-0.0020935375
8.805464e-08,-0.002088511
8.815464e-08,-0.002087793
8.825464e-08,-0.0020913833
8.835464e-08,-0.0021
8.845464e-08,-0.002111489
8.855464e-08,-0.0021229779
8.865464e-08,-0.0021330308
8.875464e-08,-0.0021402114
8.885464e-08,-0.0021459559
8.895464e-08,-0.0021517004
8.905464e-08,-0.0021581629
8.915464e-08,-0.0021682158
8.925464e-08,-0.0021804228
8.935464e-08,-0.0021940659
8.945464e-08,-0.002206991
8.955464e-08,-0.0022177619
8.965464e-08,-0.0022263787
8.975464e-08,-0.0022328412
8.985464e-08,-0.0022378676
8.995464e-08,-0.0022428941
9.005464e-08,-0.0022493566
9.015464e-08,-0.0022572553
9.025464e-08,-0.002265872
9.035464e-08,-0.0022744887
9.045464e-08,-0.0022838235
9.055464e-08,-0.0022931583
9.065464e-08,-0.0023024931
9.075464e-08,-0.0023118279
9.085464e-08,-0.0023182904
9.095464e-08,-0.0023211627
9.105464e-08,-0.0023175724
9.115464e-08,-0.0023089557
9.125464e-08,-0.0022953125
9.135464e-08,-0.0022809513
9.145464e-08,-0.0022708984
9.155464e-08,-0.0022673081
9.165464e-08,-0.0022723346
9.175464e-08,-0.0022831055
9.185464e-08,-0.0022960306
9.195464e-08,-0.0023046473
9.205464e-08,-0.0023068015
9.215464e-08,-0.002301775
9.225464e-08,-0.0022931583
9.235464e-08,-0.0022852597
9.245464e-08,-0.0022838235
9.255464e-08,-0.0022910041
9.265464e-08,-0.0023046473
9.275464e-08,-0.0023197266
9.285464e-08,-0.0023297794
9.295464e-08,-0.0023304975
9.305464e-08,-0.0023197266
9.315464e-08,-0.0023024931
9.325464e-08,-0.0022838235
9.335464e-08,-0.0022716165
9.345464e-08,-0.0022694623
9.355464e-08,-0.0022787971
9.365464e-08,-0.0022953125
9.375464e-08,-0.002312546
9.385464e-08,-0.0023240349
9.395464e-08,-0.002325471
9.405464e-08,-0.0023182904
9.415464e-08,-0.0023046473
9.425464e-08,-0.0022902861
9.435464e-08,-0.0022787971
9.445464e-08,-0.0022723346
9.455464e-08,-0.0022694623
9.465464e-08,-0.0022673081
9.475464e-08,-0.002265154
9.485464e-08,-0.0022608456
9.495464e-08,-0.0022572553
9.505464e-08,-0.0022565372
9.515464e-08,-0.0022615636
9.525464e-08,-0.0022723346
9.535464e-08,-0.0022866958
9.545464e-08,-0.0023003389
9.555464e-08,-0.0023082376
9.565464e-08,-0.0023068015
9.575464e-08,-0.0022960306
9.585464e-08,-0.0022787971
9.595464e-08,-0.0022615636
9.605464e-08,-0.0022493566
9.615464e-08,-0.0022457663
9.625464e-08,-0.0022507927
9.635464e-08,-0.0022615636
9.645464e-08,-0.0022723346
9.655464e-08,-0.0022802332
9.665464e-08,-0.0022831055
9.675464e-08,-0.0022831055
9.685464e-08,-0.0022838235
9.695464e-08,-0.002289568
9.705464e-08,-0.0023024931
9.715464e-08,-0.0023204446
9.725464e-08,-0.0023412684
9.735464e-08,-0.0023585018
9.745464e-08,-0.0023685547
9.755464e-08,-0.0023692727
9.765464e-08,-0.0023642463
9.775464e-08,-0.0023577838
9.785464e-08,-0.0023541935
9.795464e-08,-0.0023563477
9.805464e-08,-0.0023642463
9.815464e-08,-0.0023742992
9.825464e-08,-0.0023807617
9.835464e-08,-0.0023814798
9.845464e-08,-0.0023757353
9.855464e-08,-0.0023664005
9.865464e-08,-0.0023592199
9.875464e-08,-0.0023577838
9.885464e-08,-0.0023642463
9.895464e-08,-0.0023771714
9.905464e-08,-0.0023922507
9.915464e-08,-0.0024044577
9.925464e-08,-0.0024102022
9.935464e-08,-0.0024094841
9.945464e-08,-0.0024044577
9.955464e-08,-0.0023994313
9.965464e-08,-0.0023987132
9.975464e-08,-0.0024023035
9.985464e-08,-0.0024094841
9.995464e-08,-0.0024166648
1.000546e-07,-0.0024216912
1.001546e-07,-0.0024231273
1.002546e-07,-0.0024224092
1.003546e-07,-0.0024216912
1.004546e-07,-0.0024216912
1.005546e-07,-0.0024231273
1.006546e-07,-0.0024252815
1.007546e-07,-0.0024252815
1.008546e-07,-0.0024216912
1.009546e-07,-0.0024159467
1.010546e-07,-0.0024102022
1.011546e-07,-0.002408048
1.012546e-07,-0.0024102022
1.013546e-07,-0.0024173828
1.014546e-07,-0.0024274357
1.015546e-07,-0.0024374885
1.016546e-07,-0.0024446691
1.017546e-07,-0.0024489775
1.018546e-07,-0.0024511317
1.019546e-07,-0.0024532858
1.020546e-07,-0.0024561581
1.021546e-07,-0.0024583123
1.022546e-07,-0.0024583123
1.023546e-07,-0.0024532858
1.024546e-07,-0.0024446691
1.025546e-07,-0.0024346163
1.026546e-07,-0.0024295898
1.027546e-07,-0.0024324621
1.028546e-07,-0.0024446691
1.029546e-07,-0.0024633387
1.030546e-07,-0.0024812902
1.031546e-07,-0.0024920611
1.032546e-07,-0.002490625
1.033546e-07,-0.0024776999
1.034546e-07,-0.0024590303
1.035546e-07,-0.0024417969
1.036546e-07,-0.0024331801
1.037546e-07,-0.0024346163
1.038546e-07,-0.0024439511
1.039546e-07,-0.0024561581
1.040546e-07,-0.0024676471
1.041546e-07,-0.0024769818
1.042546e-07,-0.0024855986
1.043546e-07,-0.0024970875
1.044546e-07,-0.0025136029
1.045546e-07,-0.0025329906
1.046546e-07,-0.002550224
1.047546e-07,-0.0025602769
1.048546e-07,-0.0025595588
1.049546e-07,-0.002550224
1.050546e-07,-0.0025401712
1.051546e-07,-0.002538017
1.052546e-07,-0.0025480699
1.053546e-07,-0.0025710478
1.054546e-07,-0.0025983341
1.055546e-07,-0.002620594
1.056546e-07,-0.0026284926
1.057546e-07,-0.0026198759
1.058546e-07,-0.0026004883
1.059546e-07,-0.0025803826
1.060546e-07,-0.0025710478
1.061546e-07,-0.0025775103
1.062546e-07,-0.002597616
1.063546e-07,-0.0026220301
1.064546e-07,-0.0026399816
1.065546e-07,-0.0026435719
1.066546e-07,-0.002632801
1.067546e-07,-0.0026126953
1.068546e-07,-0.0025940257
1.069546e-07,-0.0025839729
1.070546e-07,-0.002585409
1.071546e-07,-0.0025947438
1.072546e-07,-0.0026055147
1.073546e-07,-0.0026105411
1.074546e-07,-0.0026062328
1.075546e-07,-0.0025947438
1.076546e-07,-0.0025825368
1.077546e-07,-0.0025746381
1.078546e-07,-0.0025746381
1.079546e-07,-0.0025818187
1.080546e-07,-0.0025940257
1.081546e-07,-0.0026069508
1.082546e-07,-0.0026177217
1.083546e-07,-0.0026249023
1.084546e-07,-0.0026284926
1.085546e-07,-0.0026299288
1.086546e-07,-0.0026277746
1.087546e-07,-0.0026234662
1.088546e-07,-0.0026170037
1.089546e-07,-0.0026098231
1.090546e-07,-0.0026055147
1.091546e-07,-0.0026076689
1.092546e-07,-0.0026170037
1.093546e-07,-0.0026335191
1.094546e-07,-0.0026536248
1.095546e-07,-0.0026715763
1.096546e-07,-0.0026859375
1.097546e-07,-0.0026952723
1.098546e-07,-0.0027024529
1.099546e-07,-0.0027096335
1.100546e-07,-0.0027204044
1.101546e-07,-0.0027326114
1.102546e-07,-0.0027426643
1.103546e-07,-0.0027469727
1.104546e-07,-0.0027433824
1.105546e-07,-0.0027354837
1.106546e-07,-0.0027290211
1.107546e-07,-0.0027304573
1.108546e-07,-0.0027433824
1.109546e-07,-0.0027656422
1.110546e-07,-0.0027900563
1.111546e-07,-0.0028072898
1.112546e-07,-0.0028123162
1.113546e-07,-0.0028044175
1.114546e-07,-0.0027900563
1.115546e-07,-0.0027785673
1.116546e-07,-0.0027778493
1.117546e-07,-0.0027914924
1.118546e-07,-0.0028144704
1.119546e-07,-0.0028396025
1.120546e-07,-0.0028582721
1.121546e-07,-0.0028668888
1.122546e-07,-0.0028676068
1.123546e-07,-0.0028661707
1.124546e-07,-0.002869761
1.125546e-07,-0.0028805319
1.126546e-07,-0.0028956112
1.127546e-07,-0.0029092544
1.128546e-07,-0.0029157169
1.129546e-07,-0.0029128447
1.130546e-07,-0.0029035099
1.131546e-07,-0.0028948932
1.132546e-07,-0.002892739
1.133546e-07,-0.0029006376
1.134546e-07,-0.0029149989
1.135546e-07,-0.0029293601
1.136546e-07,-0.0029386949
1.137546e-07,-0.0029394129
1.138546e-07,-0.0029351045
1.139546e-07,-0.0029322323
1.140546e-07,-0.0029386949
1.141546e-07,-0.0029566464
1.142546e-07,-0.0029832146
1.143546e-07,-0.003011219
1.144546e-07,-0.0030306066
1.145546e-07,-0.0030370692
1.146546e-07,-0.0030313247
1.147546e-07,-0.0030183996
1.148546e-07,-0.0030076287
1.149546e-07,-0.0030040384
1.150546e-07,-0.0030090648
1.151546e-07,-0.0030198357
1.152546e-07,-0.0030306066
1.153546e-07,-0.0030385053
1.154546e-07,-0.0030428136
1.155546e-07,-0.003046404
1.156546e-07,-0.0030535846
1.157546e-07,-0.0030650735
1.158546e-07,-0.0030779986
1.159546e-07,-0.0030873334
1.160546e-07,-0.0030880515
1.161546e-07,-0.0030779986
1.162546e-07,-0.0030600471
1.163546e-07,-0.0030420956
1.164546e-07,-0.0030306066
1.165546e-07,-0.0030306066
1.166546e-07,-0.0030406595
1.167546e-07,-0.0030550207
1.168546e-07,-0.0030650735
1.169546e-07,-0.0030650735
1.170546e-07,-0.0030535846
1.171546e-07,-0.0030363511
1.172546e-07,-0.0030191176
1.173546e-07,-0.0030097829
1.174546e-07,-0.0030105009
1.175546e-07,-0.0030191176
1.176546e-07,-0.0030306066
1.177546e-07,-0.0030392233
1.178546e-07,-0.0030413775
1.179546e-07,-0.0030377872
1.180546e-07,-0.0030306066
1.181546e-07,-0.003023426
1.182546e-07,-0.0030183996
1.183546e-07,-0.0030140912
1.184546e-07,-0.0030076287
1.185546e-07,-0.0029982939
1.186546e-07,-0.0029853688
1.187546e-07,-0.0029717256
1.188546e-07,-0.0029616728
1.189546e-07,-0.0029580825
1.190546e-07,-0.0029623909
1.191546e-07,-0.0029724437
1.192546e-07,-0.0029846507
1.193546e-07,-0.0029954216
1.194546e-07,-0.0030018842
1.195546e-07,-0.0030054745
1.196546e-07,-0.0030076287
1.197546e-07,-0.0030105009
1.198546e-07,-0.0030155273
1.199546e-07,-0.003022708
1.200546e-07,-0.0030306066
1.201546e-07,-0.0030385053
1.202546e-07,-0.003047122
1.203546e-07,-0.0030550207
1.204546e-07,-0.0030650735
1.205546e-07,-0.0030765625
1.206546e-07,-0.0030887695
1.207546e-07,-0.0031009766
1.208546e-07,-0.0031110294
1.209546e-07,-0.00311821
1.210546e-07,-0.0031239545
1.211546e-07,-0.0031282629
1.212546e-07,-0.0031340074
1.213546e-07,-0.003141188
1.214546e-07,-0.0031498047
1.215546e-07,-0.0031591395
1.216546e-07,-0.0031684743
1.217546e-07,-0.003177091
1.218546e-07,-0.0031849897
1.219546e-07,-0.0031943244
1.220546e-07,-0.0032029412
1.221546e-07,-0.0032108398
1.222546e-07,-0.0032158663
1.223546e-07,-0.0032173024
1.224546e-07,-0.0032144301
1.225546e-07,-0.0032094037
1.226546e-07,-0.0032065315
1.227546e-07,-0.0032079676
1.228546e-07,-0.0032144301
1.229546e-07,-0.003224483
1.230546e-07,-0.0032323817
1.231546e-07,-0.0032338178
1.232546e-07,-0.0032259191
1.233546e-07,-0.0032101218
1.234546e-07,-0.0031907341
1.235546e-07,-0.0031749368
1.236546e-07,-0.0031684743
1.237546e-07,-0.0031735007
1.238546e-07,-0.0031864258
1.239546e-07,-0.0032022231
1.240546e-07,-0.0032144301
1.241546e-07,-0.0032180205
1.242546e-07,-0.003212994
1.243546e-07,-0.0032022231
1.244546e-07,-0.0031914522
1.245546e-07,-0.0031849897
1.246546e-07,-0.0031835535
1.247546e-07,-0.0031864258
1.248546e-07,-0.0031914522
1.249546e-07,-0.0031943244
1.250546e-07,-0.0031950425
1.251546e-07,-0.0031928883
1.252546e-07,-0.0031914522
1.253546e-07,-0.0031914522
1.254546e-07,-0.0031943244
1.255546e-07,-0.0031986328
1.256546e-07,-0.0032029412
1.257546e-07,-0.0032065315
1.258546e-07,-0.0032094037
1.259546e-07,-0.0032115579
1.260546e-07,-0.0032144301
1.261546e-07,-0.0032180205
1.262546e-07,-0.0032216108
1.263546e-07,-0.003224483
1.264546e-07,-0.0032259191
1.265546e-07,-0.0032266372
1.266546e-07,-0.0032280733
1.267546e-07,-0.0032352539
1.268546e-07,-0.0032488971
1.269546e-07,-0.0032690028
1.270546e-07,-0.0032926988
1.271546e-07,-0.0033142406
1.272546e-07,-0.0033293199
1.273546e-07,-0.0033350643
1.274546e-07,-0.0033321921
1.275546e-07,-0.0033242934
1.276546e-07,-0.0033178309
1.277546e-07,-0.0033163948
1.278546e-07,-0.0033214212
1.279546e-07,-0.003330756
1.280546e-07,-0.0033408088
1.281546e-07,-0.0033472714
1.282546e-07,-0.0033479894
1.283546e-07,-0.0033451172
1.284546e-07,-0.0033408088
1.285546e-07,-0.0033393727
1.286546e-07,-0.0033436811
1.287546e-07,-0.0033522978
1.288546e-07,-0.0033637868
1.289546e-07,-0.0033738396
1.290546e-07,-0.0033795841
1.291546e-07,-0.0033795841
1.292546e-07,-0.0033752757
1.293546e-07,-0.0033695312
1.294546e-07,-0.0033645048
1.295546e-07,-0.0033630687
1.296546e-07,-0.0033637868
1.297546e-07,-0.0033659409
1.298546e-07,-0.0033673771
1.299546e-07,-0.003366659
1.300546e-07,-0.0033637868
1.301546e-07,-0.0033609145
1.302546e-07,-0.0033587603
1.303546e-07,-0.0033594784
1.304546e-07,-0.0033637868
1.305546e-07,-0.0033695312
1.306546e-07,-0.0033745577
1.307546e-07,-0.0033774299
1.308546e-07,-0.0033752757
1.309546e-07,-0.0033688132
1.310546e-07,-0.0033609145
1.311546e-07,-0.003354452
1.312546e-07,-0.0033522978
1.313546e-07,-0.0033573242
1.314546e-07,-0.0033688132
1.315546e-07,-0.0033838925
1.316546e-07,-0.0033982537
1.317546e-07,-0.0034068704
1.318546e-07,-0.0034068704
1.319546e-07,-0.0033989717
1.320546e-07,-0.0033867647
1.321546e-07,-0.0033767119
1.322546e-07,-0.0033745577
1.323546e-07,-0.0033817383
1.324546e-07,-0.0033982537
1.325546e-07,-0.0034183594
1.326546e-07,-0.0034348748
1.327546e-07,-0.0034442096
1.328546e-07,-0.0034442096
1.329546e-07,-0.0034391831
1.330546e-07,-0.0034355928
1.331546e-07,-0.0034391831
1.332546e-07,-0.0034556985
1.333546e-07,-0.0034829848
1.334546e-07,-0.0035160156
1.335546e-07,-0.0035476103
1.336546e-07,-0.0035705882
1.337546e-07,-0.0035820772
1.338546e-07,-0.0035820772
1.339546e-07,-0.0035763327
1.340546e-07,-0.0035705882
1.341546e-07,-0.0035698702
1.342546e-07,-0.0035770508
1.343546e-07,-0.0035935662
1.344546e-07,-0.0036165441
1.345546e-07,-0.0036445485
1.346546e-07,-0.0036754251
1.347546e-07,-0.0037055836
1.348546e-07,-0.0037314338
1.349546e-07,-0.0037501034
1.350546e-07,-0.0037601562
1.351546e-07,-0.0037601562
1.352546e-07,-0.0037544118
1.353546e-07,-0.0037486673
1.354546e-07,-0.0037479492
1.355546e-07,-0.0037580021
1.356546e-07,-0.0037773897
1.357546e-07,-0.0038018038
1.358546e-07,-0.0038233456
1.359546e-07,-0.0038348346
1.360546e-07,-0.0038348346
1.361546e-07,-0.0038254998
1.362546e-07,-0.0038132927
1.363546e-07,-0.0038075483
1.364546e-07,-0.0038118566
1.365546e-07,-0.0038254998
1.366546e-07,-0.0038427332
1.367546e-07,-0.0038556583
1.368546e-07,-0.0038578125
1.369546e-07,-0.0038499138
1.370546e-07,-0.0038362707
1.371546e-07,-0.0038247817
1.372546e-07,-0.0038233456
1.373546e-07,-0.0038326804
1.374546e-07,-0.0038477597
1.375546e-07,-0.0038628389
1.376546e-07,-0.0038693015
1.377546e-07,-0.003864275
1.378546e-07,-0.0038506319
1.379546e-07,-0.0038348346
1.380546e-07,-0.0038233456
1.381546e-07,-0.0038204733
1.382546e-07,-0.0038262178
1.383546e-07,-0.0038362707
1.384546e-07,-0.0038463235
1.385546e-07,-0.0038542222
1.386546e-07,-0.0038606847
1.387546e-07,-0.0038685834
1.388546e-07,-0.0038807904
1.389546e-07,-0.0038958697
1.390546e-07,-0.0039102309
1.391546e-07,-0.0039181296
1.392546e-07,-0.0039152574
1.393546e-07,-0.0039016142
1.394546e-07,-0.0038829446
1.395546e-07,-0.0038664292
1.396546e-07,-0.0038578125
1.397546e-07,-0.0038585306
1.398546e-07,-0.003863557
1.399546e-07,-0.0038649931
1.400546e-07,-0.0038578125
1.401546e-07,-0.0038391429
1.402546e-07,-0.0038140108
1.403546e-07,-0.0037903148
1.404546e-07,-0.0037773897
1.405546e-07,-0.0037788258
1.406546e-07,-0.003792469
1.407546e-07,-0.0038104205
1.408546e-07,-0.0038233456
1.409546e-07,-0.0038254998
1.410546e-07,-0.0038176011
1.411546e-07,-0.0038025218
1.412546e-07,-0.0037888787
1.413546e-07,-0.0037802619
1.414546e-07,-0.0037759536
1.415546e-07,-0.0037730813
1.416546e-07,-0.0037659007
1.417546e-07,-0.0037515395
1.418546e-07,-0.0037314338
1.419546e-07,-0.0037113281
1.420546e-07,-0.0036969669
1.421546e-07,-0.0036919405
1.422546e-07,-0.0036955308
1.423546e-07,-0.0037034295
1.424546e-07,-0.0037084559
1.425546e-07,-0.0037070198
1.426546e-07,-0.003697685
1.427546e-07,-0.0036854779
1.428546e-07,-0.003673989
1.429546e-07,-0.0036668084
1.430546e-07,-0.0036625
1.431546e-07,-0.0036589097
1.432546e-07,-0.003651011
1.433546e-07,-0.0036366498
1.434546e-07,-0.0036179802
1.435546e-07,-0.0035978745
1.436546e-07,-0.0035820772
1.437546e-07,-0.0035734605
1.438546e-07,-0.0035713063
1.439546e-07,-0.0035720244
1.440546e-07,-0.0035705882
1.441546e-07,-0.0035648437
1.442546e-07,-0.003555509
1.443546e-07,-0.0035447381
1.444546e-07,-0.0035361213
1.445546e-07,-0.0035296588
1.446546e-07,-0.0035246324
1.447546e-07,-0.0035160156
1.448546e-07,-0.0035016544
1.449546e-07,-0.0034808307
1.450546e-07,-0.0034578527
1.451546e-07,-0.0034399012
1.452546e-07,-0.0034327206
1.453546e-07,-0.0034391831
1.454546e-07,-0.0034571347
1.455546e-07,-0.0034808307
1.456546e-07,-0.0035016544
1.457546e-07,-0.0035152976
1.458546e-07,-0.0035196059
1.459546e-07,-0.0035174517
1.460546e-07,-0.0035131434
1.461546e-07,-0.0035102711
1.462546e-07,-0.0035109892
1.463546e-07,-0.0035124253
1.464546e-07,-0.0035131434
1.465546e-07,-0.0035124253
1.466546e-07,-0.0035102711
1.467546e-07,-0.0035102711
1.468546e-07,-0.0035131434
1.469546e-07,-0.0035196059
1.470546e-07,-0.0035275046
1.471546e-07,-0.0035339671
1.472546e-07,-0.0035361213
1.473546e-07,-0.0035346852
1.474546e-07,-0.0035332491
1.475546e-07,-0.0035368394
1.476546e-07,-0.0035476103
1.477546e-07,-0.0035655618
1.478546e-07,-0.0035871036
1.479546e-07,-0.0036057732
1.480546e-07,-0.0036165441
1.481546e-07,-0.0036194164
1.482546e-07,-0.0036165441
1.483546e-07,-0.0036136719
1.484546e-07,-0.0036165441
1.485546e-07,-0.0036258789
1.486546e-07,-0.0036395221
1.487546e-07,-0.0036531652
1.488546e-07,-0.0036625
1.489546e-07,-0.0036660903
1.490546e-07,-0.0036668084
1.491546e-07,-0.0036689625
1.492546e-07,-0.003673989
1.493546e-07,-0.0036826057
1.494546e-07,-0.0036905044
1.495546e-07,-0.0036926585
1.496546e-07,-0.0036854779
1.497546e-07,-0.0036696806
1.498546e-07,-0.0036517291
1.499546e-07,-0.0036395221
1.500546e-07,-0.0036395221
1.501546e-07,-0.0036531652
1.502546e-07,-0.0036782973
1.503546e-07,-0.0037063017
1.504546e-07,-0.0037314338
1.505546e-07,-0.0037508215
1.506546e-07,-0.0037659007
1.507546e-07,-0.00378098
1.508546e-07,-0.0038003676
1.509546e-07,-0.0038247817
1.510546e-07,-0.0038499138
1.511546e-07,-0.0038700195
1.512546e-07,-0.0038807904
1.513546e-07,-0.0038815085
1.514546e-07,-0.0038764821
1.515546e-07,-0.0038743279
1.516546e-07,-0.0038807904
1.517546e-07,-0.00389946
1.518546e-07,-0.0039267463
1.519546e-07,-0.0039569049
1.520546e-07,-0.0039841912
1.521546e-07,-0.0040050149
1.522546e-07,-0.0040208123
1.523546e-07,-0.0040358915
1.524546e-07,-0.004053125
1.525546e-07,-0.0040732307
1.526546e-07,-0.0040926183
1.527546e-07,-0.0041062615
1.528546e-07,-0.0041105699
1.529546e-07,-0.0041069795
1.530546e-07,-0.0041012351
1.531546e-07,-0.0041012351
1.532546e-07,-0.0041105699
1.533546e-07,-0.0041278033
1.534546e-07,-0.0041450368
1.535546e-07,-0.0041529354
1.536546e-07,-0.0041450368
1.537546e-07,-0.0041220588
1.538546e-07,-0.0040926183
1.539546e-07,-0.0040696404
1.540546e-07,-0.004064614
1.541546e-07,-0.0040804113
1.542546e-07,-0.0041105699
1.543546e-07,-0.0041443187
1.544546e-07,-0.0041680147
1.545546e-07,-0.0041744773
1.546546e-07,-0.0041651425
1.547546e-07,-0.004147909
1.548546e-07,-0.0041335478
1.549546e-07,-0.0041278033
1.550546e-07,-0.0041313936
1.551546e-07,-0.004135702
1.552546e-07,-0.0041335478
1.553546e-07,-0.0041191866
1.554546e-07,-0.0040940545
1.555546e-07,-0.004065332
1.556546e-07,-0.004041636
1.557546e-07,-0.004029429
1.558546e-07,-0.0040287109
1.559546e-07,-0.0040315832
1.560546e-07,-0.0040301471
1.561546e-07,-0.004017222
1.562546e-07,-0.0039928079
1.563546e-07,-0.0039633674
1.564546e-07,-0.0039382353
1.565546e-07,-0.0039253102
1.566546e-07,-0.0039267463
1.567546e-07,-0.0039382353
1.568546e-07,-0.0039497243
1.569546e-07,-0.0039540326
1.570546e-07,-0.0039475701
1.571546e-07,-0.0039324908
1.572546e-07,-0.0039152574
1.573546e-07,-0.0039030503
1.574546e-07,-0.0039001781
1.575546e-07,-0.0039052045
1.576546e-07,-0.0039152574
1.577546e-07,-0.0039238741
1.578546e-07,-0.0039267463
1.579546e-07,-0.003923156
1.580546e-07,-0.0039152574
1.581546e-07,-0.0039066406
1.582546e-07,-0.00389946
1.583546e-07,-0.0038951517
1.584546e-07,-0.0038922794
1.585546e-07,-0.0038901252
1.586546e-07,-0.003887971
1.587546e-07,-0.0038850988
1.588546e-07,-0.0038807904
1.589546e-07,-0.0038743279
1.590546e-07,-0.0038649931
1.591546e-07,-0.00385135
1.592546e-07,-0.0038348346
1.593546e-07,-0.003816883
1.594546e-07,-0.0038018038
1.595546e-07,-0.003792469
1.596546e-07,-0.0037888787
1.597546e-07,-0.0037895967
1.598546e-07,-0.0037888787
1.599546e-07,-0.0037816981
1.600546e-07,-0.0037659007
1.601546e-07,-0.0037436409
1.602546e-07,-0.0037206629
1.603546e-07,-0.0037034295
1.604546e-07,-0.0036969669
1.605546e-07,-0.0036998392
1.606546e-07,-0.0037063017
1.607546e-07,-0.0037077378
1.608546e-07,-0.0036969669
1.609546e-07,-0.0036718348
1.610546e-07,-0.0036366498
1.611546e-07,-0.0036000287
1.612546e-07,-0.0035705882
1.613546e-07,-0.0035547909
1.614546e-07,-0.0035526367
1.615546e-07,-0.0035598173
1.616546e-07,-0.0035705882
1.617546e-07,-0.0035806411
1.618546e-07,-0.0035878217
1.619546e-07,-0.0035950023
1.620546e-07,-0.0036050551
1.621546e-07,-0.0036186983
1.622546e-07,-0.0036352137
1.623546e-07,-0.003651011
1.624546e-07,-0.0036625
1.625546e-07,-0.0036689625
1.626546e-07,-0.0036718348
1.627546e-07,-0.0036761432
1.628546e-07,-0.0036854779
1.629546e-07,-0.0037012753
1.630546e-07,-0.003721381
1.631546e-07,-0.0037407686
1.632546e-07,-0.0037544118
1.633546e-07,-0.0037608743
1.634546e-07,-0.0037615924
1.635546e-07,-0.0037615924
1.636546e-07,-0.0037659007
1.637546e-07,-0.0037781078
1.638546e-07,-0.0037967773
1.639546e-07,-0.0038176011
1.640546e-07,-0.0038348346
1.641546e-07,-0.0038448874
1.642546e-07,-0.0038470416
1.643546e-07,-0.0038427332
1.644546e-07,-0.0038348346
1.645546e-07,-0.0038262178
1.646546e-07,-0.0038176011
1.647546e-07,-0.0038089844
1.648546e-07,-0.0038003676
1.649546e-07,-0.003793187
1.650546e-07,-0.0037917509
1.651546e-07,-0.0037974954
1.652546e-07,-0.0038118566
1.653546e-07,-0.0038319623
1.654546e-07,-0.003852068
1.655546e-07,-0.0038657112
1.656546e-07,-0.0038693015
1.657546e-07,-0.0038628389
1.658546e-07,-0.0038527861
1.659546e-07,-0.0038448874
1.660546e-07,-0.0038463235
1.661546e-07,-0.0038585306
1.662546e-07,-0.0038793543
1.663546e-07,-0.0039037684
1.664546e-07,-0.0039267463
1.665546e-07,-0.0039475701
1.666546e-07,-0.0039676758
1.667546e-07,-0.0039906537
1.668546e-07,-0.0040186581
1.669546e-07,-0.0040502528
1.670546e-07,-0.0040811294
1.671546e-07,-0.0041062615
1.672546e-07,-0.0041220588
1.673546e-07,-0.0041306756
1.674546e-07,-0.0041371381
1.675546e-07,-0.004147909
1.676546e-07,-0.0041680147
1.677546e-07,-0.004194583
1.678546e-07,-0.0042218693
1.679546e-07,-0.0042412569
1.680546e-07,-0.0042484375
1.681546e-07,-0.0042448472
1.682546e-07,-0.0042383847
1.683546e-07,-0.0042376666
1.684546e-07,-0.0042484375
1.685546e-07,-0.0042699793
1.686546e-07,-0.0042958295
1.687546e-07,-0.004313781
1.688546e-07,-0.0043173713
1.689546e-07,-0.0043051643
1.690546e-07,-0.0042843405
1.691546e-07,-0.004266389
1.692546e-07,-0.0042599265
1.693546e-07,-0.0042678251
1.694546e-07,-0.0042843405
1.695546e-07,-0.0043001379
1.696546e-07,-0.0043058824
1.697546e-07,-0.0042979837
1.698546e-07,-0.0042807502
1.699546e-07,-0.0042649529
1.700546e-07,-0.0042599265
1.701546e-07,-0.0042692613
1.702546e-07,-0.004290085
1.703546e-07,-0.004313063
1.704546e-07,-0.0043288603
1.705546e-07,-0.0043331687
1.706546e-07,-0.0043281422
1.707546e-07,-0.0043202436
1.708546e-07,-0.0043173713
1.709546e-07,-0.0043223977
1.710546e-07,-0.0043338867
1.711546e-07,-0.0043453757
1.712546e-07,-0.0043518382
1.713546e-07,-0.0043518382
1.714546e-07,-0.0043482479
1.715546e-07,-0.0043475299
1.716546e-07,-0.0043518382
1.717546e-07,-0.004361173
1.718546e-07,-0.0043683536
1.719546e-07,-0.0043669175
1.720546e-07,-0.0043518382
1.721546e-07,-0.0043267061
1.722546e-07,-0.0043008559
1.723546e-07,-0.0042836225
1.724546e-07,-0.0042829044
1.725546e-07,-0.0042958295
1.726546e-07,-0.0043116268
1.727546e-07,-0.0043173713
1.728546e-07,-0.0043058824
1.729546e-07,-0.0042771599
1.730546e-07,-0.0042412569
1.731546e-07,-0.0042125345
1.732546e-07,-0.0042024816
1.733546e-07,-0.0042110983
1.734546e-07,-0.0042290499
1.735546e-07,-0.0042412569
1.736546e-07,-0.0042369485
1.737546e-07,-0.0042139706
1.738546e-07,-0.0041816579
1.739546e-07,-0.0041543716
1.740546e-07,-0.0041450368
1.741546e-07,-0.0041565257
1.742546e-07,-0.0041795037
1.743546e-07,-0.0041996094
1.744546e-07,-0.0042024816
1.745546e-07,-0.004183812
1.746546e-07,-0.0041522174
1.747546e-07,-0.0041227769
1.748546e-07,-0.0041105699
1.749546e-07,-0.0041206227
1.750546e-07,-0.0041457548
1.751546e-07,-0.0041701689
1.752546e-07,-0.0041795037
1.753546e-07,-0.0041651425
1.754546e-07,-0.0041313936
1.755546e-07,-0.0040926183
1.756546e-07,-0.004064614
1.757546e-07,-0.0040559972
1.758546e-07,-0.0040638959
1.759546e-07,-0.0040789752
1.760546e-07,-0.0040875919
1.761546e-07,-0.0040825655
1.762546e-07,-0.0040667682
1.763546e-07,-0.0040495347
1.764546e-07,-0.004041636
1.765546e-07,-0.0040488166
1.766546e-07,-0.0040660501
1.767546e-07,-0.0040832835
1.768546e-07,-0.0040875919
1.769546e-07,-0.0040746668
1.770546e-07,-0.0040495347
1.771546e-07,-0.0040229665
1.772546e-07,-0.0040071691
1.773546e-07,-0.0040071691
1.774546e-07,-0.0040193761
1.775546e-07,-0.0040308651
1.776546e-07,-0.0040301471
1.777546e-07,-0.0040121955
1.778546e-07,-0.0039834731
1.779546e-07,-0.003958341
1.780546e-07,-0.0039497243
1.781546e-07,-0.0039662397
1.782546e-07,-0.0040028608
1.783546e-07,-0.0040445083
1.784546e-07,-0.0040761029
1.785546e-07,-0.0040847197
1.786546e-07,-0.0040710765
1.787546e-07,-0.0040437902
1.788546e-07,-0.0040186581
1.789546e-07,-0.0040064511
1.790546e-07,-0.0040100414
1.791546e-07,-0.0040244026
1.792546e-07,-0.004041636
1.793546e-07,-0.004053125
1.794546e-07,-0.0040581514
1.795546e-07,-0.0040595875
1.796546e-07,-0.004064614
1.797546e-07,-0.0040753849
1.798546e-07,-0.0040897461
1.799546e-07,-0.0040997989
1.800546e-07,-0.0040990809
1.801546e-07,-0.0040847197
1.802546e-07,-0.0040603056
1.803546e-07,-0.0040351735
1.804546e-07,-0.0040186581
1.805546e-07,-0.0040129136
1.806546e-07,-0.0040150678
1.807546e-07,-0.0040157858
1.808546e-07,-0.0040071691
1.809546e-07,-0.0039870634
1.810546e-07,-0.0039612132
1.811546e-07,-0.0039418256
1.812546e-07,-0.0039382353
1.813546e-07,-0.0039547507
1.814546e-07,-0.0039856273
1.815546e-07,-0.0040193761
1.816546e-07,-0.004041636
1.817546e-07,-0.0040466625
1.818546e-07,-0.0040351735
1.819546e-07,-0.0040186581
1.820546e-07,-0.0040071691
1.821546e-07,-0.0040093233
1.822546e-07,-0.0040236845
1.823546e-07,-0.0040452263
1.824546e-07,-0.004064614
1.825546e-07,-0.0040761029
1.826546e-07,-0.0040796932
1.827546e-07,-0.0040811294
1.828546e-07,-0.0040875919
1.829546e-07,-0.004100517
1.830546e-07,-0.0041177505
1.831546e-07,-0.0041306756
1.832546e-07,-0.0041335478
1.833546e-07,-0.004124213
1.834546e-07,-0.0041076976
1.835546e-07,-0.0040926183
1.836546e-07,-0.0040875919
1.837546e-07,-0.0040947725
1.838546e-07,-0.0041105699
1.839546e-07,-0.0041263672
1.840546e-07,-0.0041335478
1.841546e-07,-0.0041299575
1.842546e-07,-0.0041191866
1.843546e-07,-0.0041105699
1.844546e-07,-0.0041105699
1.845546e-07,-0.0041213408
1.846546e-07,-0.0041371381
1.847546e-07,-0.004147909
1.848546e-07,-0.0041450368
1.849546e-07,-0.0041270852
1.850546e-07,-0.004100517
1.851546e-07,-0.0040761029
1.852546e-07,-0.004064614
1.853546e-07,-0.0040682043
1.854546e-07,-0.0040804113
1.855546e-07,-0.0040904642
1.856546e-07,-0.0040875919
1.857546e-07,-0.0040689223
1.858546e-07,-0.0040401999
1.859546e-07,-0.0040157858
1.860546e-07,-0.0040071691
1.861546e-07,-0.0040208123
1.862546e-07,-0.0040509708
1.863546e-07,-0.0040854377
1.864546e-07,-0.0041105699
1.865546e-07,-0.0041170324
1.866546e-07,-0.0041062615
1.867546e-07,-0.00408831
1.868546e-07,-0.0040761029
1.869546e-07,-0.0040775391
1.870546e-07,-0.0040933364
1.871546e-07,-0.0041155963
1.872546e-07,-0.0041335478
1.873546e-07,-0.0041400103
1.874546e-07,-0.0041335478
1.875546e-07,-0.0041213408
1.876546e-07,-0.0041105699
1.877546e-07,-0.0041091337
1.878546e-07,-0.0041177505
1.879546e-07,-0.0041321117
1.880546e-07,-0.0041450368
1.881546e-07,-0.0041522174
1.882546e-07,-0.0041536535
1.883546e-07,-0.0041536535
1.884546e-07,-0.0041565257
1.885546e-07,-0.0041644244
1.886546e-07,-0.0041737592
1.887546e-07,-0.0041809398
1.888546e-07,-0.0041795037
1.889546e-07,-0.0041701689
1.890546e-07,-0.0041579619
1.891546e-07,-0.0041514993
1.892546e-07,-0.0041565257
1.893546e-07,-0.0041744773
1.894546e-07,-0.0041981733
1.895546e-07,-0.004218279
1.896546e-07,-0.0042254596
1.897546e-07,-0.0042168428
1.898546e-07,-0.0041967371
1.899546e-07,-0.0041773495
1.900546e-07,-0.0041680147
1.901546e-07,-0.0041744773
1.902546e-07,-0.004194583
1.903546e-07,-0.004218279
1.904546e-07,-0.0042369485
1.905546e-07,-0.0042441291
1.906546e-07,-0.0042398208
1.907546e-07,-0.004231204
1.908546e-07,-0.0042254596
1.909546e-07,-0.0042268957
1.910546e-07,-0.0042326402
1.911546e-07,-0.0042383847
1.912546e-07,-0.0042369485
1.913546e-07,-0.0042268957
1.914546e-07,-0.0042110983
1.915546e-07,-0.0041967371
1.916546e-07,-0.0041909926
1.917546e-07,-0.004194583
1.918546e-07,-0.0042031997
1.919546e-07,-0.0042082261
1.920546e-07,-0.0042024816
1.921546e-07,-0.004183812
1.922546e-07,-0.0041572438
1.923546e-07,-0.0041335478
1.924546e-07,-0.0041220588
1.925546e-07,-0.0041263672
1.926546e-07,-0.0041414465
1.927546e-07,-0.004159398
1.928546e-07,-0.0041680147
1.929546e-07,-0.0041637063
1.930546e-07,-0.0041493451
1.931546e-07,-0.0041321117
1.932546e-07,-0.0041220588
1.933546e-07,-0.0041227769
1.934546e-07,-0.0041321117
1.935546e-07,-0.0041428826
1.936546e-07,-0.0041450368
1.937546e-07,-0.004135702
1.938546e-07,-0.0041177505
1.939546e-07,-0.0040990809
1.940546e-07,-0.0040875919
1.941546e-07,-0.004089028
1.942546e-07,-0.0040997989
1.943546e-07,-0.0041134421
1.944546e-07,-0.0041220588
1.945546e-07,-0.0041199046
1.946546e-07,-0.0041098518
1.947546e-07,-0.0040962086
1.948546e-07,-0.0040875919
1.949546e-07,-0.0040868739
1.950546e-07,-0.0040919003
1.951546e-07,-0.0040976448
1.952546e-07,-0.0040990809
1.953546e-07,-0.0040940545
1.954546e-07,-0.0040861558
1.955546e-07,-0.0040825655
1.956546e-07,-0.0040875919
1.957546e-07,-0.0041012351
1.958546e-07,-0.0041170324
1.959546e-07,-0.0041263672
1.960546e-07,-0.0041220588
1.961546e-07,-0.0041026712
1.962546e-07,-0.0040761029
1.963546e-07,-0.0040524069
1.964546e-07,-0.004041636
1.965546e-07,-0.0040488166
1.966546e-07,-0.0040689223
1.967546e-07,-0.0040926183
1.968546e-07,-0.0041105699
1.969546e-07,-0.0041170324
1.970546e-07,-0.004112724
1.971546e-07,-0.0041041073
1.972546e-07,-0.0040990809
1.973546e-07,-0.0040990809
1.974546e-07,-0.0041033892
1.975546e-07,-0.0041041073
1.976546e-07,-0.0040990809
1.977546e-07,-0.0040875919
1.978546e-07,-0.0040746668
1.979546e-07,-0.0040696404
1.980546e-07,-0.0040761029
1.981546e-07,-0.0040933364
1.982546e-07,-0.0041141602
1.983546e-07,-0.0041256491
1.984546e-07,-0.0041220588
1.985546e-07,-0.0041026712
1.986546e-07,-0.004076821
1.987546e-07,-0.0040567153
1.988546e-07,-0.004053125
1.989546e-07,-0.0040674862
1.990546e-07,-0.0040919003
1.991546e-07,-0.0041141602
1.992546e-07,-0.0041220588
1.993546e-07,-0.004112724
1.994546e-07,-0.0040919003
1.995546e-07,-0.0040717946
1.996546e-07,-0.004064614
1.997546e-07,-0.0040732307
1.998546e-07,-0.0040919003
1.999546e-07,-0.0041084157
2.000546e-07,-0.0041105699
2.001546e-07,-0.0040940545
2.002546e-07,-0.0040638959
2.003546e-07,-0.0040344554
2.004546e-07,-0.0040186581
2.005546e-07,-0.0040222484
2.006546e-07,-0.004041636
2.007546e-07,-0.004064614
2.008546e-07,-0.0040761029
2.009546e-07,-0.0040689223
2.010546e-07,-0.0040459444
2.011546e-07,-0.0040165039
2.012546e-07,-0.0039956801
2.013546e-07,-0.0039913718
2.014546e-07,-0.0040042969
2.015546e-07,-0.0040251206
2.016546e-07,-0.004041636
2.017546e-07,-0.0040452263
2.018546e-07,-0.0040358915
2.019546e-07,-0.0040193761
2.020546e-07,-0.0040071691
2.021546e-07,-0.0040071691
2.022546e-07,-0.0040215303
2.023546e-07,-0.0040437902
2.024546e-07,-0.004064614
2.025546e-07,-0.0040775391
2.026546e-07,-0.0040811294
2.027546e-07,-0.0040782571
2.028546e-07,-0.0040761029
2.029546e-07,-0.0040789752
2.030546e-07,-0.0040868739
2.031546e-07,-0.0040954906
2.032546e-07,-0.0040990809
2.033546e-07,-0.0040962086
2.034546e-07,-0.004089028
2.035546e-07,-0.0040840016
2.036546e-07,-0.0040875919
2.037546e-07,-0.0041026712
2.038546e-07,-0.0041263672
2.039546e-07,-0.0041507812
2.040546e-07,-0.0041680147
2.041546e-07,-0.0041730411
2.042546e-07,-0.0041687328
2.043546e-07,-0.0041608341
2.044546e-07,-0.0041565257
2.045546e-07,-0.0041608341
2.046546e-07,-0.004171605
2.047546e-07,-0.004183812
2.048546e-07,-0.0041909926
2.049546e-07,-0.0041909926
2.050546e-07,-0.0041845301
2.051546e-07,-0.0041795037
2.052546e-07,-0.0041795037
2.053546e-07,-0.0041881204
2.054546e-07,-0.0042010455
2.055546e-07,-0.0042118164
2.056546e-07,-0.0042139706
2.057546e-07,-0.0042060719
2.058546e-07,-0.0041909926
2.059546e-07,-0.0041759134
2.060546e-07,-0.0041680147
2.061546e-07,-0.0041687328
2.062546e-07,-0.0041751953
2.063546e-07,-0.0041809398
2.064546e-07,-0.0041795037
2.065546e-07,-0.0041708869
2.066546e-07,-0.0041586799
2.067546e-07,-0.0041522174
2.068546e-07,-0.0041565257
2.069546e-07,-0.0041737592
2.070546e-07,-0.0041967371
2.071546e-07,-0.0042168428
2.072546e-07,-0.0042254596
2.073546e-07,-0.0042197151
2.074546e-07,-0.0042053539
2.075546e-07,-0.0041924288
2.076546e-07,-0.0041909926
2.077546e-07,-0.0042046358
2.078546e-07,-0.0042290499
2.079546e-07,-0.0042549
2.080546e-07,-0.0042714154
2.081546e-07,-0.0042735696
2.082546e-07,-0.0042635168
2.083546e-07,-0.0042520278
2.084546e-07,-0.0042484375
2.085546e-07,-0.0042599265
2.086546e-07,-0.0042850586
2.087546e-07,-0.0043159352
2.088546e-07,-0.0043403493
2.089546e-07,-0.0043518382
2.090546e-07,-0.004348966
2.091546e-07,-0.0043381951
2.092546e-07,-0.0043288603
2.093546e-07,-0.0043295784
2.094546e-07,-0.0043425034
2.095546e-07,-0.0043633272
2.096546e-07,-0.0043863051
2.097546e-07,-0.0044049747
2.098546e-07,-0.0044164637
2.099546e-07,-0.0044243624
2.100546e-07,-0.004432261
2.101546e-07,-0.00444375
2.102546e-07,-0.0044573932
2.103546e-07,-0.0044710363
2.104546e-07,-0.0044782169
2.105546e-07,-0.0044760627
2.106546e-07,-0.0044645738
2.107546e-07,-0.0044480584
2.108546e-07,-0.004432261
2.109546e-07,-0.0044222082
2.110546e-07,-0.0044193359
2.111546e-07,-0.0044229262
2.112546e-07,-0.004432261
2.113546e-07,-0.0044451861
2.114546e-07,-0.0044631376
2.115546e-07,-0.0044853975
2.116546e-07,-0.0045126838
2.117546e-07,-0.0045399701
2.118546e-07,-0.0045600758
2.119546e-07,-0.0045679745
2.120546e-07,-0.0045586397
2.121546e-07,-0.0045363798
2.122546e-07,-0.0045083755
2.123546e-07,-0.0044868336
2.124546e-07,-0.0044782169
2.125546e-07,-0.0044853975
2.126546e-07,-0.0045040671
2.127546e-07,-0.0045234547
2.128546e-07,-0.0045356618
2.129546e-07,-0.0045363798
2.130546e-07,-0.0045277631
2.131546e-07,-0.0045169922
2.132546e-07,-0.0045126838
2.133546e-07,-0.0045177102
2.134546e-07,-0.0045291992
2.135546e-07,-0.0045421243
2.136546e-07,-0.0045471507
2.137546e-07,-0.0045421243
2.138546e-07,-0.0045277631
2.139546e-07,-0.0045119658
2.140546e-07,-0.0045011949
2.141546e-07,-0.0045004768
2.142546e-07,-0.0045076574
2.143546e-07,-0.0045177102
2.144546e-07,-0.0045241728
2.145546e-07,-0.0045227367
2.146546e-07,-0.004514838
2.147546e-07,-0.0045055032
2.148546e-07,-0.0045011949
2.149546e-07,-0.0045047852
2.150546e-07,-0.0045155561
2.151546e-07,-0.0045277631
2.152546e-07,-0.0045356618
2.153546e-07,-0.0045363798
2.154546e-07,-0.0045291992
2.155546e-07,-0.0045198644
2.156546e-07,-0.0045126838
2.157546e-07,-0.0045105296
2.158546e-07,-0.0045119658
2.159546e-07,-0.0045141199
2.160546e-07,-0.0045126838
2.161546e-07,-0.0045069393
2.162546e-07,-0.0045004768
2.163546e-07,-0.0044968865
2.164546e-07,-0.0045011949
2.165546e-07,-0.0045141199
2.166546e-07,-0.0045327895
2.167546e-07,-0.0045493049
2.168546e-07,-0.0045586397
2.169546e-07,-0.0045586397
2.170546e-07,-0.0045528952
2.171546e-07,-0.0045471507
2.172546e-07,-0.0045471507
2.173546e-07,-0.0045557675
2.174546e-07,-0.0045701287
2.175546e-07,-0.0045844899
2.176546e-07,-0.0045931066
2.177546e-07,-0.0045945427
2.178546e-07,-0.0045909524
2.179546e-07,-0.0045880802
2.180546e-07,-0.0045931066
2.181546e-07,-0.0046067498
2.182546e-07,-0.0046254193
2.183546e-07,-0.0046426528
2.184546e-07,-0.0046505515
2.185546e-07,-0.0046462431
2.186546e-07,-0.0046326
2.187546e-07,-0.0046160846
2.188546e-07,-0.0046045956
2.189546e-07,-0.0046031595
2.190546e-07,-0.0046124943
2.191546e-07,-0.0046261374
2.192546e-07,-0.0046390625
2.193546e-07,-0.0046469612
2.194546e-07,-0.0046483973
2.195546e-07,-0.0046483973
2.196546e-07,-0.0046505515
2.197546e-07,-0.0046577321
2.198546e-07,-0.0046677849
2.199546e-07,-0.0046785558
2.200546e-07,-0.0046850184
2.201546e-07,-0.0046850184
2.202546e-07,-0.00468071
2.203546e-07,-0.0046756836
2.204546e-07,-0.0046735294
2.205546e-07,-0.0046764017
2.206546e-07,-0.0046821461
2.207546e-07,-0.0046857364
2.208546e-07,-0.0046850184
2.209546e-07,-0.0046785558
2.210546e-07,-0.004669221
2.211546e-07,-0.0046627585
2.212546e-07,-0.0046620404
2.213546e-07,-0.0046677849
2.214546e-07,-0.0046756836
2.215546e-07,-0.0046792739
2.216546e-07,-0.0046735294
2.217546e-07,-0.0046584501
2.218546e-07,-0.0046383444
2.219546e-07,-0.004621829
2.220546e-07,-0.0046160846
2.221546e-07,-0.0046225471
2.222546e-07,-0.0046383444
2.223546e-07,-0.0046541418
2.224546e-07,-0.0046620404
2.225546e-07,-0.0046584501
2.226546e-07,-0.0046440889
2.227546e-07,-0.0046275735
2.228546e-07,-0.0046160846
2.229546e-07,-0.0046153665
2.230546e-07,-0.0046239832
2.231546e-07,-0.0046383444
2.232546e-07,-0.0046505515
2.233546e-07,-0.0046555779
2.234546e-07,-0.0046527057
2.235546e-07,-0.004645525
2.236546e-07,-0.0046390625
2.237546e-07,-0.0046369083
2.238546e-07,-0.0046404986
2.239546e-07,-0.0046462431
2.240546e-07,-0.0046505515
2.241546e-07,-0.0046512695
2.242546e-07,-0.0046498334
2.243546e-07,-0.0046483973
2.244546e-07,-0.0046505515
2.245546e-07,-0.004656296
2.246546e-07,-0.0046627585
2.247546e-07,-0.0046663488
2.248546e-07,-0.0046620404
2.249546e-07,-0.0046505515
2.250546e-07,-0.0046369083
2.251546e-07,-0.0046268555
2.252546e-07,-0.0046275735
2.253546e-07,-0.0046404986
2.254546e-07,-0.0046613224
2.255546e-07,-0.0046828642
2.256546e-07,-0.0046965074
2.257546e-07,-0.0046979435
2.258546e-07,-0.0046878906
2.259546e-07,-0.0046735294
2.260546e-07,-0.0046620404
2.261546e-07,-0.0046598863
2.262546e-07,-0.004668503
2.263546e-07,-0.0046828642
2.264546e-07,-0.0046965074
2.265546e-07,-0.004703688
2.266546e-07,-0.0047022518
2.267546e-07,-0.0046943532
2.268546e-07,-0.0046850184
2.269546e-07,-0.0046785558
2.270546e-07,-0.0046764017
2.271546e-07,-0.0046756836
2.272546e-07,-0.0046735294
2.273546e-07,-0.0046663488
2.274546e-07,-0.0046541418
2.275546e-07,-0.0046397806
2.276546e-07,-0.0046275735
2.277546e-07,-0.004621829
2.278546e-07,-0.0046239832
2.279546e-07,-0.0046311638
2.280546e-07,-0.0046390625
2.281546e-07,-0.0046433709
2.282546e-07,-0.0046404986
2.283546e-07,-0.0046304458
2.284546e-07,-0.0046160846
2.285546e-07,-0.0045995692
2.286546e-07,-0.0045830538
2.287546e-07,-0.0045694106
2.288546e-07,-0.0045586397
2.289546e-07,-0.004550741
2.290546e-07,-0.0045449966
2.291546e-07,-0.0045406882
2.292546e-07,-0.0045356618
2.293546e-07,-0.0045284812
2.294546e-07,-0.0045184283
2.295546e-07,-0.0045040671
2.296546e-07,-0.0044897059
2.297546e-07,-0.004478935
2.298546e-07,-0.0044760627
2.299546e-07,-0.0044839614
2.300546e-07,-0.0045011949
2.301546e-07,-0.0045205825
2.302546e-07,-0.0045349437
2.303546e-07,-0.0045363798
2.304546e-07,-0.0045241728
2.305546e-07,-0.0045019129
2.306546e-07,-0.004478935
2.307546e-07,-0.0044645738
2.308546e-07,-0.0044667279
2.309546e-07,-0.0044846795
2.310546e-07,-0.0045112477
2.311546e-07,-0.004538534
2.312546e-07,-0.0045586397
2.313546e-07,-0.0045686926
2.314546e-07,-0.0045715648
2.315546e-07,-0.004574437
2.316546e-07,-0.0045816176
2.317546e-07,-0.0045952608
2.318546e-07,-0.0046110581
2.319546e-07,-0.0046239832
2.320546e-07,-0.0046275735
2.321546e-07,-0.004621829
2.322546e-07,-0.0046117762
2.323546e-07,-0.0046038775
2.324546e-07,-0.0046045956
2.325546e-07,-0.0046153665
2.326546e-07,-0.004633318
2.327546e-07,-0.0046505515
2.328546e-07,-0.0046620404
2.329546e-07,-0.0046649127
2.330546e-07,-0.0046613224
2.331546e-07,-0.0046591682
2.332546e-07,-0.0046620404
2.333546e-07,-0.0046720933
2.334546e-07,-0.0046857364
2.335546e-07,-0.0046957893
2.336546e-07,-0.0046965074
2.337546e-07,-0.0046864545
2.338546e-07,-0.0046699391
2.339546e-07,-0.0046548598
2.340546e-07,-0.0046505515
2.341546e-07,-0.0046584501
2.342546e-07,-0.0046764017
2.343546e-07,-0.0046957893
2.344546e-07,-0.0047079963
2.345546e-07,-0.0047087144
2.346546e-07,-0.0046993796
2.347546e-07,-0.0046850184
2.348546e-07,-0.0046735294
2.349546e-07,-0.004669221
2.350546e-07,-0.0046706572
2.351546e-07,-0.0046735294
2.352546e-07,-0.0046735294
2.353546e-07,-0.0046670669
2.354546e-07,-0.0046577321
2.355546e-07,-0.0046498334
2.356546e-07,-0.0046505515
2.357546e-07,-0.0046613224
2.358546e-07,-0.0046785558
2.359546e-07,-0.0046965074
2.360546e-07,-0.0047079963
2.361546e-07,-0.0047094324
2.362546e-07,-0.0047015338
2.363546e-07,-0.0046914809
2.364546e-07,-0.0046850184
2.365546e-07,-0.0046857364
2.366546e-07,-0.0046936351
2.367546e-07,-0.0047022518
2.368546e-07,-0.0047079963
2.369546e-07,-0.0047072783
2.370546e-07,-0.0047015338
2.371546e-07,-0.0046957893
2.372546e-07,-0.0046965074
2.373546e-07,-0.0047058421
2.374546e-07,-0.0047216395
2.375546e-07,-0.004739591
2.376546e-07,-0.0047539522
2.377546e-07,-0.0047604148
2.378546e-07,-0.0047604148
2.379546e-07,-0.0047568244
2.380546e-07,-0.0047539522
2.381546e-07,-0.0047553883
2.382546e-07,-0.0047604148
2.383546e-07,-0.0047675954
2.384546e-07,-0.0047769301
2.385546e-07,-0.0047884191
2.386546e-07,-0.0048049345
2.387546e-07,-0.0048286305
2.388546e-07,-0.0048573529
2.389546e-07,-0.0048867934
2.390546e-07,-0.0049076172
2.391546e-07,-0.0049140797
2.392546e-07,-0.0049033088
2.393546e-07,-0.0048810489
2.394546e-07,-0.0048587891
2.395546e-07,-0.0048480182
2.396546e-07,-0.0048573529
2.397546e-07,-0.0048846392
2.398546e-07,-0.0049212603
2.399546e-07,-0.0049535731
2.400546e-07,-0.0049722426
2.401546e-07,-0.0049751149
2.402546e-07,-0.0049686523
2.403546e-07,-0.004964344
2.404546e-07,-0.0049722426
2.405546e-07,-0.0049952206
2.406546e-07,-0.0050282514
2.407546e-07,-0.0050584099
2.408546e-07,-0.0050756434
2.409546e-07,-0.0050749253
2.410546e-07,-0.0050605641
2.411546e-07,-0.0050426126
2.412546e-07,-0.0050296875
2.413546e-07,-0.0050275333
2.414546e-07,-0.0050339959
2.415546e-07,-0.0050411765
2.416546e-07,-0.0050411765
2.417546e-07,-0.0050318417
2.418546e-07,-0.0050167624
2.419546e-07,-0.0050052734
2.420546e-07,-0.0050067096
2.421546e-07,-0.0050225069
2.422546e-07,-0.0050483571
2.423546e-07,-0.0050734892
2.424546e-07,-0.0050871324
2.425546e-07,-0.0050856962
2.426546e-07,-0.0050727711
2.427546e-07,-0.0050584099
2.428546e-07,-0.0050526654
2.429546e-07,-0.0050620002
2.430546e-07,-0.0050821059
2.431546e-07,-0.0051058019
2.432546e-07,-0.0051215993
2.433546e-07,-0.0051237534
2.434546e-07,-0.0051129825
2.435546e-07,-0.0050979033
2.436546e-07,-0.0050871324
2.437546e-07,-0.0050864143
2.438546e-07,-0.005094313
2.439546e-07,-0.0051050839
2.440546e-07,-0.0051101103
2.441546e-07,-0.0051043658
2.442546e-07,-0.0050892865
2.443546e-07,-0.0050698989
2.444546e-07,-0.0050526654
2.445546e-07,-0.0050418945
2.446546e-07,-0.00503615
2.447546e-07,-0.0050304056
2.448546e-07,-0.0050181985
2.449546e-07,-0.0049988109
2.450546e-07,-0.0049751149
2.451546e-07,-0.004952855
2.452546e-07,-0.0049377757
2.453546e-07,-0.0049305951
2.454546e-07,-0.0049262868
2.455546e-07,-0.0049191062
2.456546e-07,-0.0049033088
2.457546e-07,-0.0048796128
2.458546e-07,-0.0048544807
2.459546e-07,-0.0048372472
2.460546e-07,-0.004834375
2.461546e-07,-0.0048451459
2.462546e-07,-0.0048616613
2.463546e-07,-0.0048731503
2.464546e-07,-0.0048688419
2.465546e-07,-0.0048473001
2.466546e-07,-0.0048149874
2.467546e-07,-0.0047841108
2.468546e-07,-0.0047654412
2.469546e-07,-0.0047640051
2.470546e-07,-0.004774776
2.471546e-07,-0.0047905733
2.472546e-07,-0.0047999081
2.473546e-07,-0.0047999081
2.474546e-07,-0.0047920094
2.475546e-07,-0.0047862649
2.476546e-07,-0.0047884191
2.477546e-07,-0.0048013442
2.478546e-07,-0.0048207318
2.479546e-07,-0.0048379653
2.480546e-07,-0.004845864
2.481546e-07,-0.0048437098
2.482546e-07,-0.0048372472
2.483546e-07,-0.0048350931
2.484546e-07,-0.004845864
2.485546e-07,-0.0048688419
2.486546e-07,-0.0048968463
2.487546e-07,-0.0049191062
2.488546e-07,-0.0049262868
2.489546e-07,-0.004916952
2.490546e-07,-0.0048990005
2.491546e-07,-0.0048832031
2.492546e-07,-0.0048803309
2.493546e-07,-0.0048918199
2.494546e-07,-0.0049112075
2.495546e-07,-0.0049255687
2.496546e-07,-0.0049262868
2.497546e-07,-0.0049119256
2.498546e-07,-0.0048911018
2.499546e-07,-0.0048767406
2.500546e-07,-0.0048803309
2.501546e-07,-0.0049033088
2.502546e-07,-0.0049349035
2.503546e-07,-0.0049593176
2.504546e-07,-0.0049607537
2.505546e-07,-0.0049327493
2.506546e-07,-0.004881767
2.507546e-07,-0.0048236041
2.508546e-07,-0.0047769301
2.509546e-07,-0.00475108
2.510546e-07,-0.0047460535
2.511546e-07,-0.00475108
2.512546e-07,-0.0047539522
2.513546e-07,-0.0047453355
2.514546e-07,-0.0047252298
2.515546e-07,-0.0047022518
2.516546e-07,-0.0046850184
2.517546e-07,-0.004679992
2.518546e-07,-0.0046835823
2.519546e-07,-0.0046886087
2.520546e-07,-0.0046850184
2.521546e-07,-0.004669221
2.522546e-07,-0.004644807
2.523546e-07,-0.0046239832
2.524546e-07,-0.0046160846
2.525546e-07,-0.0046275735
2.526546e-07,-0.0046534237
2.527546e-07,-0.0046843003
2.528546e-07,-0.0047079963
2.529546e-07,-0.0047180492
2.530546e-07,-0.0047173311
2.531546e-07,-0.0047144589
2.532546e-07,-0.0047194853
2.533546e-07,-0.0047367187
2.534546e-07,-0.0047640051
2.535546e-07,-0.0047920094
2.536546e-07,-0.0048113971
2.537546e-07,-0.0048171415
2.538546e-07,-0.0048128332
2.539546e-07,-0.0048078068
2.540546e-07,-0.0048113971
2.541546e-07,-0.0048271944
2.542546e-07,-0.0048523265
2.543546e-07,-0.0048767406
2.544546e-07,-0.0048918199
2.545546e-07,-0.0048946921
2.546546e-07,-0.0048889476
2.547546e-07,-0.0048846392
2.548546e-07,-0.0048918199
2.549546e-07,-0.0049126436
2.550546e-07,-0.0049420841
2.551546e-07,-0.0049686523
2.552546e-07,-0.0049837316
2.553546e-07,-0.0049822955
2.554546e-07,-0.0049686523
2.555546e-07,-0.0049542911
2.556546e-07,-0.0049492647
2.557546e-07,-0.0049571634
2.558546e-07,-0.0049743968
2.559546e-07,-0.0049901942
2.560546e-07,-0.0049952206
2.561546e-07,-0.0049858858
2.562546e-07,-0.0049672162
2.563546e-07,-0.0049514189
2.564546e-07,-0.0049492647
2.565546e-07,-0.004965062
2.566546e-07,-0.0049945025
2.567546e-07,-0.005023943
2.568546e-07,-0.0050411765
2.569546e-07,-0.0050390223
2.570546e-07,-0.0050203527
2.571546e-07,-0.0049945025
2.572546e-07,-0.0049722426
2.573546e-07,-0.0049614717
2.574546e-07,-0.0049607537
2.575546e-07,-0.0049629079
2.576546e-07,-0.0049607537
2.577546e-07,-0.0049499828
2.578546e-07,-0.0049334674
2.579546e-07,-0.0049198242
2.580546e-07,-0.0049147978
2.581546e-07,-0.0049212603
2.582546e-07,-0.0049327493
2.583546e-07,-0.004941366
2.584546e-07,-0.0049377757
2.585546e-07,-0.0049205423
2.586546e-07,-0.0048961282
2.587546e-07,-0.0048760225
2.588546e-07,-0.0048688419
2.589546e-07,-0.0048781767
2.590546e-07,-0.0048982824
2.591546e-07,-0.00491767
2.592546e-07,-0.0049262868
2.593546e-07,-0.0049212603
2.594546e-07,-0.0049090533
2.595546e-07,-0.0048997185
2.596546e-07,-0.0049033088
2.597546e-07,-0.0049234145
2.598546e-07,-0.0049535731
2.599546e-07,-0.0049808594
2.600546e-07,-0.0049952206
2.601546e-07,-0.0049923483
2.602546e-07,-0.0049772691
2.603546e-07,-0.0049629079
2.604546e-07,-0.0049607537
2.605546e-07,-0.0049743968
2.606546e-07,-0.0049980928
2.607546e-07,-0.0050210708
2.608546e-07,-0.0050296875
2.609546e-07,-0.0050203527
2.610546e-07,-0.0049973748
2.611546e-07,-0.0049736788
2.612546e-07,-0.0049607537
2.613546e-07,-0.004964344
2.614546e-07,-0.0049787052
2.615546e-07,-0.0049937845
2.616546e-07,-0.0049952206
2.617546e-07,-0.0049779871
2.618546e-07,-0.0049471105
2.619546e-07,-0.0049140797
2.620546e-07,-0.0048918199
2.621546e-07,-0.0048882295
2.622546e-07,-0.0049011546
2.623546e-07,-0.00491767
2.624546e-07,-0.0049262868
2.625546e-07,-0.0049183881
2.626546e-07,-0.0048946921
2.627546e-07,-0.0048666877
2.628546e-07,-0.004845864
2.629546e-07,-0.0048408375
2.630546e-07,-0.0048516085
2.631546e-07,-0.0048688419
2.632546e-07,-0.0048803309
2.633546e-07,-0.0048781767
2.634546e-07,-0.0048609432
2.635546e-07,-0.0048350931
2.636546e-07,-0.0048113971
2.637546e-07,-0.0047970358
2.638546e-07,-0.0047941636
2.639546e-07,-0.0047977539
2.640546e-07,-0.0047999081
2.641546e-07,-0.0047948817
2.642546e-07,-0.0047841108
2.643546e-07,-0.0047719037
2.644546e-07,-0.0047654412
2.645546e-07,-0.0047690315
2.646546e-07,-0.0047805205
2.647546e-07,-0.0047934455
2.648546e-07,-0.0047999081
2.649546e-07,-0.0047941636
2.650546e-07,-0.0047783663
2.651546e-07,-0.0047582606
2.652546e-07,-0.0047424632
2.653546e-07,-0.0047352826
2.654546e-07,-0.0047367187
2.655546e-07,-0.0047410271
2.656546e-07,-0.0047424632
2.657546e-07,-0.0047381549
2.658546e-07,-0.0047288201
2.659546e-07,-0.0047209214
2.660546e-07,-0.0047194853
2.661546e-07,-0.0047266659
2.662546e-07,-0.0047388729
2.663546e-07,-0.0047503619
2.664546e-07,-0.0047539522
2.665546e-07,-0.0047482077
2.666546e-07,-0.0047374368
2.667546e-07,-0.0047295381
2.668546e-07,-0.0047309743
2.669546e-07,-0.0047431813
2.670546e-07,-0.0047618509
2.671546e-07,-0.0047762121
2.672546e-07,-0.0047769301
2.673546e-07,-0.0047625689
2.674546e-07,-0.0047374368
2.675546e-07,-0.0047151769
2.676546e-07,-0.0047079963
2.677546e-07,-0.0047223575
2.678546e-07,-0.0047568244
2.679546e-07,-0.00479919
2.680546e-07,-0.004834375
2.681546e-07,-0.0048516085
2.682546e-07,-0.0048473001
2.683546e-07,-0.0048264763
2.684546e-07,-0.0047999081
2.685546e-07,-0.0047798024
2.686546e-07,-0.0047719037
2.687546e-07,-0.0047762121
2.688546e-07,-0.0047884191
2.689546e-07,-0.0048013442
2.690546e-07,-0.004810679
2.691546e-07,-0.0048171415
2.692546e-07,-0.004822886
2.693546e-07,-0.0048315028
2.694546e-07,-0.0048437098
2.695546e-07,-0.0048573529
2.696546e-07,-0.0048688419
2.697546e-07,-0.0048738683
2.698546e-07,-0.0048717142
2.699546e-07,-0.0048652516
2.700546e-07,-0.0048573529
2.701546e-07,-0.0048523265
2.702546e-07,-0.0048530446
2.703546e-07,-0.0048587891
2.704546e-07,-0.0048688419
2.705546e-07,-0.004881767
2.706546e-07,-0.0048961282
2.707546e-07,-0.0049112075
2.708546e-07,-0.0049262868
2.709546e-07,-0.0049384938
2.710546e-07,-0.0049449563
2.711546e-07,-0.0049449563
2.712546e-07,-0.0049377757
2.713546e-07,-0.004929159
2.714546e-07,-0.0049248506
2.715546e-07,-0.0049313132
2.716546e-07,-0.0049492647
2.717546e-07,-0.004975833
2.718546e-07,-0.0050045554
2.719546e-07,-0.0050275333
2.720546e-07,-0.0050411765
2.721546e-07,-0.0050462029
2.722546e-07,-0.0050497932
2.723546e-07,-0.0050576919
2.724546e-07,-0.0050756434
2.725546e-07,-0.0051007755
2.726546e-07,-0.0051273437
2.727546e-07,-0.0051474494
2.728546e-07,-0.0051560662
2.729546e-07,-0.0051553481
2.730546e-07,-0.0051510398
2.731546e-07,-0.005153912
2.732546e-07,-0.0051675551
2.733546e-07,-0.0051912511
2.734546e-07,-0.0052171013
2.735546e-07,-0.0052343348
2.736546e-07,-0.005236489
2.737546e-07,-0.0052235639
2.738546e-07,-0.0052020221
2.739546e-07,-0.0051847886
2.740546e-07,-0.0051790441
2.741546e-07,-0.0051876608
2.742546e-07,-0.0052041762
2.743546e-07,-0.0052199736
2.744546e-07,-0.005225
2.745546e-07,-0.0052185375
2.746546e-07,-0.0052041762
2.747546e-07,-0.0051926873
2.748546e-07,-0.0051905331
2.749546e-07,-0.0051998679
2.750546e-07,-0.0052142291
2.751546e-07,-0.005225
2.752546e-07,-0.005225
2.753546e-07,-0.0052120749
2.754546e-07,-0.0051941234
2.755546e-07,-0.0051797622
2.756546e-07,-0.0051790441
2.757546e-07,-0.0051926873
2.758546e-07,-0.0052142291
2.759546e-07,-0.0052321806
2.760546e-07,-0.005236489
2.761546e-07,-0.005225
2.762546e-07,-0.0052034582
2.763546e-07,-0.0051840705
2.764546e-07,-0.0051790441
2.765546e-07,-0.0051912511
2.766546e-07,-0.0052149472
2.767546e-07,-0.0052379251
2.768546e-07,-0.0052479779
2.769546e-07,-0.0052400793
2.770546e-07,-0.0052178194
2.771546e-07,-0.0051934053
2.772546e-07,-0.0051790441
2.773546e-07,-0.0051819164
2.774546e-07,-0.0051998679
2.775546e-07,-0.0052221278
2.776546e-07,-0.005236489
2.777546e-07,-0.0052350528
2.778546e-07,-0.0052185375
2.779546e-07,-0.0051962776
2.780546e-07,-0.0051790441
2.781546e-07,-0.0051754538
2.782546e-07,-0.0051847886
2.783546e-07,-0.005201304
2.784546e-07,-0.005213511
2.785546e-07,-0.0052142291
2.786546e-07,-0.0052020221
2.787546e-07,-0.0051840705
2.788546e-07,-0.0051675551
2.789546e-07,-0.0051603745
2.790546e-07,-0.0051639648
2.791546e-07,-0.0051725816
2.792546e-07,-0.0051790441
2.793546e-07,-0.0051768899
2.794546e-07,-0.005166119
2.795546e-07,-0.0051488856
2.796546e-07,-0.0051330882
2.797546e-07,-0.0051215993
2.798546e-07,-0.0051151367
2.799546e-07,-0.0051093922
2.800546e-07,-0.0050986213
2.801546e-07,-0.0050806698
2.802546e-07,-0.0050584099
2.803546e-07,-0.0050390223
2.804546e-07,-0.0050296875
2.805546e-07,-0.0050339959
2.806546e-07,-0.0050505113
2.807546e-07,-0.005071335
2.808546e-07,-0.0050871324
2.809546e-07,-0.0050921588
2.810546e-07,-0.0050856962
2.811546e-07,-0.0050742073
2.812546e-07,-0.0050641544
2.813546e-07,-0.0050620002
2.814546e-07,-0.0050684628
2.815546e-07,-0.0050792337
2.816546e-07,-0.0050871324
2.817546e-07,-0.0050864143
2.818546e-07,-0.0050777976
2.819546e-07,-0.0050641544
2.820546e-07,-0.0050526654
2.821546e-07,-0.0050490751
2.822546e-07,-0.0050548196
2.823546e-07,-0.0050655905
2.824546e-07,-0.0050756434
2.825546e-07,-0.0050799517
2.826546e-07,-0.0050777976
2.827546e-07,-0.005070617
2.828546e-07,-0.0050641544
2.829546e-07,-0.0050627183
2.830546e-07,-0.0050684628
2.831546e-07,-0.0050777976
2.832546e-07,-0.0050871324
2.833546e-07,-0.0050914407
2.834546e-07,-0.0050892865
2.835546e-07,-0.005082824
2.836546e-07,-0.0050756434
2.837546e-07,-0.005070617
2.838546e-07,-0.005070617
2.839546e-07,-0.0050727711
2.840546e-07,-0.0050756434
2.841546e-07,-0.0050756434
2.842546e-07,-0.0050727711
2.843546e-07,-0.0050684628
2.844546e-07,-0.0050641544
2.845546e-07,-0.0050634364
2.846546e-07,-0.0050655905
2.847546e-07,-0.005070617
2.848546e-07,-0.0050756434
2.849546e-07,-0.0050799517
2.850546e-07,-0.0050821059
2.851546e-07,-0.0050842601
2.852546e-07,-0.0050871324
2.853546e-07,-0.0050900046
2.854546e-07,-0.0050928768
2.855546e-07,-0.0050921588
2.856546e-07,-0.0050871324
2.857546e-07,-0.0050777976
2.858546e-07,-0.0050648725
2.859546e-07,-0.0050519474
2.860546e-07,-0.0050411765
2.861546e-07,-0.0050332778
2.862546e-07,-0.0050275333
2.863546e-07,-0.005023225
2.864546e-07,-0.0050181985
2.865546e-07,-0.0050138902
2.866546e-07,-0.005011736
2.867546e-07,-0.0050131721
2.868546e-07,-0.0050181985
2.869546e-07,-0.005023943
2.870546e-07,-0.0050275333
2.871546e-07,-0.0050253791
2.872546e-07,-0.0050181985
2.873546e-07,-0.0050088637
2.874546e-07,-0.0050016831
2.875546e-07,-0.0050009651
2.876546e-07,-0.0050067096
2.877546e-07,-0.0050153263
2.878546e-07,-0.0050196347
2.879546e-07,-0.0050131721
2.880546e-07,-0.0049952206
2.881546e-07,-0.0049693704
2.882546e-07,-0.0049456744
2.883546e-07,-0.0049334674
2.884546e-07,-0.0049377757
2.885546e-07,-0.0049571634
2.886546e-07,-0.0049822955
2.887546e-07,-0.0050024012
2.888546e-07,-0.0050067096
2.889546e-07,-0.0049937845
2.890546e-07,-0.0049693704
2.891546e-07,-0.0049435202
2.892546e-07,-0.0049262868
2.893546e-07,-0.0049241326
2.894546e-07,-0.0049341854
2.895546e-07,-0.0049492647
2.896546e-07,-0.0049607537
2.897546e-07,-0.0049636259
2.898546e-07,-0.0049585995
2.899546e-07,-0.0049514189
2.900546e-07,-0.0049492647
2.901546e-07,-0.0049564453
2.902546e-07,-0.0049729607
2.903546e-07,-0.0049916303
2.904546e-07,-0.0050067096
2.905546e-07,-0.005011736
2.906546e-07,-0.0050067096
2.907546e-07,-0.0049952206
2.908546e-07,-0.0049837316
2.909546e-07,-0.0049779871
2.910546e-07,-0.0049801413
2.911546e-07,-0.0049909122
2.912546e-07,-0.0050067096
2.913546e-07,-0.0050260972
2.914546e-07,-0.0050490751
2.915546e-07,-0.0050734892
2.916546e-07,-0.0050986213
2.917546e-07,-0.0051215993
2.918546e-07,-0.0051373966
2.919546e-07,-0.0051409869
2.920546e-07,-0.0051330882
2.921546e-07,-0.0051165728
2.922546e-07,-0.0050993394
2.923546e-07,-0.0050914407
2.924546e-07,-0.0050986213
2.925546e-07,-0.0051201631
2.926546e-07,-0.0051510398
2.927546e-07,-0.0051811983
2.928546e-07,-0.0052020221
2.929546e-07,-0.0052113568
2.930546e-07,-0.0052120749
2.931546e-07,-0.0052106388
2.932546e-07,-0.005213511
2.933546e-07,-0.0052235639
2.934546e-07,-0.005236489
2.935546e-07,-0.0052465418
2.936546e-07,-0.0052479779
2.937546e-07,-0.0052386432
2.938546e-07,-0.0052228458
2.939546e-07,-0.0052084846
2.940546e-07,-0.0052020221
2.941546e-07,-0.0052070485
2.942546e-07,-0.0052206916
2.943546e-07,-0.005236489
2.944546e-07,-0.0052479779
2.945546e-07,-0.0052515682
2.946546e-07,-0.0052494141
2.947546e-07,-0.0052465418
2.948546e-07,-0.0052479779
2.949546e-07,-0.0052544405
2.950546e-07,-0.005260903
2.951546e-07,-0.005260903
2.952546e-07,-0.0052479779
2.953546e-07,-0.0052221278
2.954546e-07,-0.005189097
2.955546e-07,-0.0051603745
2.956546e-07,-0.0051445772
2.957546e-07,-0.0051467314
2.958546e-07,-0.0051639648
2.959546e-07,-0.0051855067
2.960546e-07,-0.0052020221
2.961546e-07,-0.0052056124
2.962546e-07,-0.0051969956
2.963546e-07,-0.0051811983
2.964546e-07,-0.0051675551
2.965546e-07,-0.0051625287
2.966546e-07,-0.0051675551
2.967546e-07,-0.0051790441
2.968546e-07,-0.0051905331
2.969546e-07,-0.0051969956
2.970546e-07,-0.0051969956
2.971546e-07,-0.0051934053
2.972546e-07,-0.0051905331
2.973546e-07,-0.0051905331
2.974546e-07,-0.0051919692
2.975546e-07,-0.0051934053
2.976546e-07,-0.0051905331
2.977546e-07,-0.0051826344
2.978546e-07,-0.0051732996
2.979546e-07,-0.005166119
2.980546e-07,-0.0051675551
2.981546e-07,-0.005177608
2.982546e-07,-0.0051926873
2.983546e-07,-0.0052063304
2.984546e-07,-0.005213511
2.985546e-07,-0.0052106388
2.986546e-07,-0.0052020221
2.987546e-07,-0.0051926873
2.988546e-07,-0.0051905331
2.989546e-07,-0.0051984318
2.990546e-07,-0.0052142291
2.991546e-07,-0.0052328987
2.992546e-07,-0.0052479779
2.993546e-07,-0.0052558766
2.994546e-07,-0.0052565947
2.995546e-07,-0.0052565947
2.996546e-07,-0.0052594669
2.997546e-07,-0.0052673656
2.998546e-07,-0.0052781365
2.999546e-07,-0.0052853171
3.000546e-07,-0.0052824449
3.001546e-07,-0.0052688017
3.002546e-07,-0.0052465418
3.003546e-07,-0.0052257181
3.004546e-07,-0.005213511
3.005546e-07,-0.0052156652
3.006546e-07,-0.0052307445
3.007546e-07,-0.0052522863
3.008546e-07,-0.0052709559
3.009546e-07,-0.0052795726
3.010546e-07,-0.0052774184
3.011546e-07,-0.0052680836
3.012546e-07,-0.0052594669
3.013546e-07,-0.0052573127
3.014546e-07,-0.0052652114
3.015546e-07,-0.0052788545
3.016546e-07,-0.0052939338
3.017546e-07,-0.0053032686
3.018546e-07,-0.0053054228
3.019546e-07,-0.0053003964
3.020546e-07,-0.0052939338
3.021546e-07,-0.0052903435
3.022546e-07,-0.0052924977
3.023546e-07,-0.0052982422
3.024546e-07,-0.0053054228
3.025546e-07,-0.0053090131
3.026546e-07,-0.0053068589
3.027546e-07,-0.0053011144
3.028546e-07,-0.0052939338
3.029546e-07,-0.0052903435
3.030546e-07,-0.0052917796
3.031546e-07,-0.0052982422
3.032546e-07,-0.0053054228
3.033546e-07,-0.0053104492
3.034546e-07,-0.0053097312
3.035546e-07,-0.0053039867
3.036546e-07,-0.0052939338
3.037546e-07,-0.0052831629
3.038546e-07,-0.0052752642
3.039546e-07,-0.0052709559
3.040546e-07,-0.0052709559
3.041546e-07,-0.0052752642
3.042546e-07,-0.0052824449
3.043546e-07,-0.0052932158
3.044546e-07,-0.0053054228
3.045546e-07,-0.0053190659
3.046546e-07,-0.0053305549
3.047546e-07,-0.0053384536
3.048546e-07,-0.0053398897
3.049546e-07,-0.0053341452
3.050546e-07,-0.0053219382
3.051546e-07,-0.0053068589
3.052546e-07,-0.0052939338
3.053546e-07,-0.0052860352
3.054546e-07,-0.0052860352
3.055546e-07,-0.0052932158
3.056546e-07,-0.0053054228
3.057546e-07,-0.005319784
3.058546e-07,-0.0053327091
3.059546e-07,-0.00534348
3.060546e-07,-0.0053513787
3.061546e-07,-0.005355687
3.062546e-07,-0.0053571232
3.063546e-07,-0.005355687
3.064546e-07,-0.0053513787
3.065546e-07,-0.0053441981
3.066546e-07,-0.0053348633
3.067546e-07,-0.0053248104
3.068546e-07,-0.0053169118
3.069546e-07,-0.0053126034
3.070546e-07,-0.0053126034
3.071546e-07,-0.0053183479
3.072546e-07,-0.0053284007
3.073546e-07,-0.0053406078
3.074546e-07,-0.0053528148
3.075546e-07,-0.0053614315
3.076546e-07,-0.0053628676
3.077546e-07,-0.0053564051
3.078546e-07,-0.0053427619
3.079546e-07,-0.0053240924
3.080546e-07,-0.0053054228
3.081546e-07,-0.0052917796
3.082546e-07,-0.0052860352
3.083546e-07,-0.0052881893
3.084546e-07,-0.0052939338
3.085546e-07,-0.0052975241
3.086546e-07,-0.0052924977
3.087546e-07,-0.0052752642
3.088546e-07,-0.0052479779
3.089546e-07,-0.0052163833
3.090546e-07,-0.0051905331
3.091546e-07,-0.0051768899
3.092546e-07,-0.0051790441
3.093546e-07,-0.0051941234
3.094546e-07,-0.0052149472
3.095546e-07,-0.0052307445
3.096546e-07,-0.005236489
3.097546e-07,-0.0052293084
3.098546e-07,-0.0052120749
3.099546e-07,-0.0051934053
3.100546e-07,-0.0051790441
3.101546e-07,-0.0051732996
3.102546e-07,-0.0051761719
3.103546e-07,-0.0051833525
3.104546e-07,-0.0051905331
3.105546e-07,-0.0051948415
3.106546e-07,-0.0051948415
3.107546e-07,-0.0051926873
3.108546e-07,-0.0051905331
3.109546e-07,-0.0051883789
3.110546e-07,-0.0051855067
3.111546e-07,-0.0051790441
3.112546e-07,-0.0051675551
3.113546e-07,-0.0051524759
3.114546e-07,-0.0051366785
3.115546e-07,-0.0051251896
3.116546e-07,-0.0051215993
3.117546e-07,-0.0051266257
3.118546e-07,-0.0051366785
3.119546e-07,-0.0051481675
3.120546e-07,-0.0051560662
3.121546e-07,-0.0051596565
3.122546e-07,-0.0051603745
3.123546e-07,-0.0051618107
3.124546e-07,-0.0051675551
3.125546e-07,-0.0051790441
3.126546e-07,-0.0051948415
3.127546e-07,-0.0052113568
3.128546e-07,-0.005225
3.129546e-07,-0.0052350528
3.130546e-07,-0.0052422335
3.131546e-07,-0.0052494141
3.132546e-07,-0.0052594669
3.133546e-07,-0.005272392
3.134546e-07,-0.0052853171
3.135546e-07,-0.0052968061
3.136546e-07,-0.0053054228
3.137546e-07,-0.0053118853
3.138546e-07,-0.005319784
3.139546e-07,-0.005331991
3.140546e-07,-0.0053513787
3.141546e-07,-0.0053736386
3.142546e-07,-0.0053930262
3.143546e-07,-0.005402361
3.144546e-07,-0.0053973346
3.145546e-07,-0.005379383
3.146546e-07,-0.0053542509
3.147546e-07,-0.005331273
3.148546e-07,-0.0053169118
3.149546e-07,-0.0053133215
3.150546e-07,-0.0053183479
3.151546e-07,-0.0053248104
3.152546e-07,-0.0053284007
3.153546e-07,-0.0053262466
3.154546e-07,-0.0053212201
3.155546e-07,-0.0053169118
3.156546e-07,-0.0053169118
3.157546e-07,-0.0053212201
3.158546e-07,-0.0053262466
3.159546e-07,-0.0053262466
3.160546e-07,-0.0053169118
3.161546e-07,-0.0052989602
3.162546e-07,-0.0052781365
3.163546e-07,-0.0052594669
3.164546e-07,-0.0052479779
3.165546e-07,-0.0052443876
3.166546e-07,-0.0052429515
3.167546e-07,-0.0052379251
3.168546e-07,-0.005225
3.169546e-07,-0.0052056124
3.170546e-07,-0.0051862247
3.171546e-07,-0.0051754538
3.172546e-07,-0.0051790441
3.173546e-07,-0.0051955595
3.174546e-07,-0.0052163833
3.175546e-07,-0.0052293084
3.176546e-07,-0.005225
3.177546e-07,-0.0052005859
3.178546e-07,-0.0051610926
3.179546e-07,-0.0051194451
3.180546e-07,-0.0050871324
3.181546e-07,-0.005070617
3.182546e-07,-0.0050684628
3.183546e-07,-0.0050734892
3.184546e-07,-0.0050756434
3.185546e-07,-0.0050691808
3.186546e-07,-0.0050548196
3.187546e-07,-0.0050397403
3.188546e-07,-0.0050296875
3.189546e-07,-0.0050304056
3.190546e-07,-0.0050404584
3.191546e-07,-0.0050541016
3.192546e-07,-0.0050641544
3.193546e-07,-0.0050655905
3.194546e-07,-0.0050584099
3.195546e-07,-0.0050483571
3.196546e-07,-0.0050411765
3.197546e-07,-0.0050397403
3.198546e-07,-0.0050418945
3.199546e-07,-0.0050440487
3.200546e-07,-0.0050411765
3.201546e-07,-0.0050311236
3.202546e-07,-0.0050181985
3.203546e-07,-0.0050081457
3.204546e-07,-0.0050067096
3.205546e-07,-0.0050167624
3.206546e-07,-0.0050339959
3.207546e-07,-0.0050526654
3.208546e-07,-0.0050641544
3.209546e-07,-0.0050670267
3.210546e-07,-0.0050634364
3.211546e-07,-0.005059846
3.212546e-07,-0.0050641544
3.213546e-07,-0.0050785156
3.214546e-07,-0.0050993394
3.215546e-07,-0.0051201631
3.216546e-07,-0.0051330882
3.217546e-07,-0.0051352424
3.218546e-07,-0.0051287799
3.219546e-07,-0.0051215993
3.220546e-07,-0.0051215993
3.221546e-07,-0.0051330882
3.222546e-07,-0.0051553481
3.223546e-07,-0.0051804802
3.224546e-07,-0.0052020221
3.225546e-07,-0.0052142291
3.226546e-07,-0.0052171013
3.227546e-07,-0.0052149472
3.228546e-07,-0.005213511
3.229546e-07,-0.0052156652
3.230546e-07,-0.0052206916
3.231546e-07,-0.005225
3.232546e-07,-0.005225
3.233546e-07,-0.0052199736
3.234546e-07,-0.005212793
3.235546e-07,-0.0052092027
3.236546e-07,-0.005213511
3.237546e-07,-0.0052257181
3.238546e-07,-0.0052422335
3.239546e-07,-0.0052551585
3.240546e-07,-0.0052594669
3.241546e-07,-0.0052544405
3.242546e-07,-0.0052436696
3.243546e-07,-0.0052357709
3.244546e-07,-0.005236489
3.245546e-07,-0.0052479779
3.246546e-07,-0.0052652114
3.247546e-07,-0.0052795726
3.248546e-07,-0.0052824449
3.249546e-07,-0.0052716739
3.250546e-07,-0.0052522863
3.251546e-07,-0.0052336167
3.252546e-07,-0.005225
3.253546e-07,-0.0052321806
3.254546e-07,-0.0052515682
3.255546e-07,-0.0052759823
3.256546e-07,-0.0052939338
3.257546e-07,-0.0052982422
3.258546e-07,-0.0052874713
3.259546e-07,-0.0052680836
3.260546e-07,-0.0052479779
3.261546e-07,-0.0052350528
3.262546e-07,-0.0052314625
3.263546e-07,-0.005237207
3.264546e-07,-0.0052479779
3.265546e-07,-0.005260185
3.266546e-07,-0.005272392
3.267546e-07,-0.0052867532
3.268546e-07,-0.0053054228
3.269546e-07,-0.0053276827
3.270546e-07,-0.0053499426
3.271546e-07,-0.005367176
3.272546e-07,-0.0053743566
3.273546e-07,-0.0053700483
3.274546e-07,-0.0053585593
3.275546e-07,-0.0053463523
3.276546e-07,-0.0053398897
3.277546e-07,-0.0053427619
3.278546e-07,-0.005354969
3.279546e-07,-0.0053707663
3.280546e-07,-0.0053858456
3.281546e-07,-0.0053980526
3.282546e-07,-0.0054073874
3.283546e-07,-0.0054174403
3.284546e-07,-0.0054318015
3.285546e-07,-0.005449753
3.286546e-07,-0.0054691406
3.287546e-07,-0.0054835018
3.288546e-07,-0.0054892463
3.289546e-07,-0.0054863741
3.290546e-07,-0.0054777574
3.291546e-07,-0.0054698587
3.292546e-07,-0.0054662684
3.293546e-07,-0.0054684226
3.294546e-07,-0.0054720129
3.295546e-07,-0.0054720129
3.296546e-07,-0.0054662684
3.297546e-07,-0.0054547794
3.298546e-07,-0.0054432904
3.299546e-07,-0.005438264
3.300546e-07,-0.0054432904
3.301546e-07,-0.0054562155
3.302546e-07,-0.0054684226
3.303546e-07,-0.0054698587
3.304546e-07,-0.0054547794
3.305546e-07,-0.0054224667
3.306546e-07,-0.0053815372
3.307546e-07,-0.0053427619
3.308546e-07,-0.0053169118
3.309546e-07,-0.0053068589
3.310546e-07,-0.005307577
3.311546e-07,-0.0053104492
3.312546e-07,-0.0053054228
3.313546e-07,-0.0052896255
3.314546e-07,-0.0052673656
3.315546e-07,-0.0052465418
3.316546e-07,-0.005236489
3.317546e-07,-0.0052393612
3.318546e-07,-0.0052501321
3.319546e-07,-0.005260185
3.320546e-07,-0.0052594669
3.321546e-07,-0.0052429515
3.322546e-07,-0.0052156652
3.323546e-07,-0.0051869428
3.324546e-07,-0.0051675551
3.325546e-07,-0.0051646829
3.326546e-07,-0.0051768899
3.327546e-07,-0.0051969956
3.328546e-07,-0.005213511
3.329546e-07,-0.0052199736
3.330546e-07,-0.0052142291
3.331546e-07,-0.0052020221
3.332546e-07,-0.0051905331
3.333546e-07,-0.0051847886
3.334546e-07,-0.0051855067
3.335546e-07,-0.005189815
3.336546e-07,-0.0051905331
3.337546e-07,-0.0051847886
3.338546e-07,-0.0051718635
3.339546e-07,-0.0051567842
3.340546e-07,-0.0051445772
3.341546e-07,-0.0051388327
3.342546e-07,-0.0051388327
3.343546e-07,-0.005142423
3.344546e-07,-0.0051445772
3.345546e-07,-0.0051445772
3.346546e-07,-0.0051445772
3.347546e-07,-0.0051474494
3.348546e-07,-0.0051560662
3.349546e-07,-0.0051682732
3.350546e-07,-0.0051783261
3.351546e-07,-0.0051797622
3.352546e-07,-0.0051675551
3.353546e-07,-0.005142423
3.354546e-07,-0.0051108284
3.355546e-07,-0.0050821059
3.356546e-07,-0.0050641544
3.357546e-07,-0.0050605641
3.358546e-07,-0.0050663086
3.359546e-07,-0.0050734892
3.360546e-07,-0.0050756434
3.361546e-07,-0.0050698989
3.362546e-07,-0.005059128
3.363546e-07,-0.0050512293
3.364546e-07,-0.0050526654
3.365546e-07,-0.0050648725
3.366546e-07,-0.0050821059
3.367546e-07,-0.0050964671
3.368546e-07,-0.0050986213
3.369546e-07,-0.0050864143
3.370546e-07,-0.0050648725
3.371546e-07,-0.0050426126
3.372546e-07,-0.0050296875
3.373546e-07,-0.0050296875
3.374546e-07,-0.0050390223
3.375546e-07,-0.0050505113
3.376546e-07,-0.0050526654
3.377546e-07,-0.0050418945
3.378546e-07,-0.0050189166
3.379546e-07,-0.0049930664
3.380546e-07,-0.0049722426
3.381546e-07,-0.0049636259
3.382546e-07,-0.0049664982
3.383546e-07,-0.004975833
3.384546e-07,-0.0049837316
3.385546e-07,-0.0049851677
3.386546e-07,-0.0049794233
3.387546e-07,-0.0049736788
3.388546e-07,-0.0049722426
3.389546e-07,-0.0049801413
3.390546e-07,-0.0049959386
3.391546e-07,-0.0050146082
3.392546e-07,-0.0050296875
3.393546e-07,-0.0050375862
3.394546e-07,-0.0050404584
3.395546e-07,-0.0050433307
3.396546e-07,-0.0050526654
3.397546e-07,-0.005071335
3.398546e-07,-0.0050979033
3.399546e-07,-0.0051244715
3.400546e-07,-0.0051445772
3.401546e-07,-0.005153912
3.402546e-07,-0.0051524759
3.403546e-07,-0.0051474494
3.404546e-07,-0.0051445772
3.405546e-07,-0.0051488856
3.406546e-07,-0.0051610926
3.407546e-07,-0.0051761719
3.408546e-07,-0.0051905331
3.409546e-07,-0.0051998679
3.410546e-07,-0.0052063304
3.411546e-07,-0.005212793
3.412546e-07,-0.005225
3.413546e-07,-0.0052443876
3.414546e-07,-0.0052680836
3.415546e-07,-0.0052903435
3.416546e-07,-0.0053054228
3.417546e-07,-0.0053104492
3.418546e-07,-0.0053061409
3.419546e-07,-0.0052989602
3.420546e-07,-0.0052939338
3.421546e-07,-0.0052953699
3.422546e-07,-0.0053025506
3.423546e-07,-0.0053111673
3.424546e-07,-0.0053169118
3.425546e-07,-0.0053176298
3.426546e-07,-0.0053147576
3.427546e-07,-0.0053126034
3.428546e-07,-0.0053169118
3.429546e-07,-0.0053284007
3.430546e-07,-0.00534348
3.431546e-07,-0.0053571232
3.432546e-07,-0.0053628676
3.433546e-07,-0.0053571232
3.434546e-07,-0.0053420439
3.435546e-07,-0.0053226563
3.436546e-07,-0.0053054228
3.437546e-07,-0.0052939338
3.438546e-07,-0.0052903435
3.439546e-07,-0.0052910616
3.440546e-07,-0.0052939338
3.441546e-07,-0.0052968061
3.442546e-07,-0.0053003964
3.443546e-07,-0.0053068589
3.444546e-07,-0.0053169118
3.445546e-07,-0.0053284007
3.446546e-07,-0.0053370175
3.447546e-07,-0.0053377355
3.448546e-07,-0.0053284007
3.449546e-07,-0.0053104492
3.450546e-07,-0.0052896255
3.451546e-07,-0.0052752642
3.452546e-07,-0.0052709559
3.453546e-07,-0.0052788545
3.454546e-07,-0.0052932158
3.455546e-07,-0.005308295
3.456546e-07,-0.0053169118
3.457546e-07,-0.0053183479
3.458546e-07,-0.0053147576
3.459546e-07,-0.0053133215
3.460546e-07,-0.0053169118
3.461546e-07,-0.0053262466
3.462546e-07,-0.0053370175
3.463546e-07,-0.0053427619
3.464546e-07,-0.0053398897
3.465546e-07,-0.0053298369
3.466546e-07,-0.0053190659
3.467546e-07,-0.0053169118
3.468546e-07,-0.0053284007
3.469546e-07,-0.0053535329
3.470546e-07,-0.0053858456
3.471546e-07,-0.005414568
3.472546e-07,-0.0054318015
3.473546e-07,-0.0054353918
3.474546e-07,-0.0054296473
3.475546e-07,-0.005426057
3.476546e-07,-0.0054318015
3.477546e-07,-0.005449753
3.478546e-07,-0.0054756032
3.479546e-07,-0.0054992992
3.480546e-07,-0.0055122243
3.481546e-07,-0.0055107881
3.482546e-07,-0.0054985811
3.483546e-07,-0.005484938
3.484546e-07,-0.0054777574
3.485546e-07,-0.0054813477
3.486546e-07,-0.0054942727
3.487546e-07,-0.0055071978
3.488546e-07,-0.0055122243
3.489546e-07,-0.0055057617
3.490546e-07,-0.0054899644
3.491546e-07,-0.0054705767
3.492546e-07,-0.0054547794
3.493546e-07,-0.0054454446
3.494546e-07,-0.005438264
3.495546e-07,-0.0054246209
3.496546e-07,-0.0053973346
3.497546e-07,-0.0053520967
3.498546e-07,-0.0052917796
3.499546e-07,-0.0052235639
3.500546e-07,-0.0051560662
3.501546e-07,-0.0050921588
3.502546e-07,-0.0050289694
3.503546e-07,-0.0049571634
3.504546e-07,-0.0048688419
3.505546e-07,-0.0047589786
3.506546e-07,-0.0046318819
3.507546e-07,-0.0044961684
3.508546e-07,-0.0043633272
3.509546e-07,-0.0042391027
3.510546e-07,-0.0041234949
3.511546e-07,-0.0040071691
3.512546e-07,-0.0038807904
3.513546e-07,-0.0037357422
3.514546e-07,-0.0035705882
3.515546e-07,-0.0033896369
3.516546e-07,-0.0032029412
3.517546e-07,-0.0030176815
3.518546e-07,-0.0028367302
3.519546e-07,-0.0026586512
3.520546e-07,-0.002479136
3.521546e-07,-0.0022953125
3.522546e-07,-0.0021078987
3.523546e-07,-0.001921921
3.524546e-07,-0.0017438419
3.525546e-07,-0.0015779699
3.526546e-07,-0.0014235869
3.527546e-07,-0.0012749483
3.528546e-07,-0.0011234375
3.529546e-07,-0.00096330997
3.530546e-07,-0.00079456572
3.531546e-07,-0.00062223116
3.532546e-07,-0.00045707721
3.533546e-07,-0.00030700253
3.534546e-07,-0.00017703355
3.535546e-07,-6.5016085e-05
3.536546e-07,3.6948529e-05
3.537546e-07,0.0001360409
3.538546e-07,0.00023872358
3.539546e-07,0.00034427849
3.540546e-07,0.00045055147
3.541546e-07,0.00055107996
3.542546e-07,0.00064011949
3.543546e-07,0.00071767004
3.544546e-07,0.00078373162
3.545546e-07,0.00084333065
3.546546e-07,0.00089862132
3.547546e-07,0.00095175781
3.548546e-07,0.0010020221
3.549546e-07,0.0010472599
3.550546e-07,0.0010853171
3.551546e-07,0.0011154756
3.552546e-07,0.0011398897
3.553546e-07,0.0011592773
3.554546e-07,0.0011750747
3.555546e-07,0.0011879998
3.556546e-07,0.0011973346
3.557546e-07,0.001202361
3.558546e-07,0.0012045152
3.559546e-07,0.0012059513
3.560546e-07,0.0012088235
3.561546e-07,0.0012167222
3.562546e-07,0.0012303653
3.563546e-07,0.0012483169
3.564546e-07,0.0012662684
3.565546e-07,0.0012799115
3.566546e-07,0.0012870921
3.567546e-07,0.001285656
3.568546e-07,0.0012777574
3.569546e-07,0.0012669864
3.570546e-07,0.0012562155
3.571546e-07,0.0012483169
3.572546e-07,0.0012432904
3.573546e-07,0.0012397001
3.574546e-07,0.0012368279
3.575546e-07,0.0012339557
3.576546e-07,0.0012318015
3.577546e-07,0.0012318015
3.578546e-07,0.0012361098
3.579546e-07,0.0012440085
3.580546e-07,0.0012547794
3.581546e-07,0.0012655503
3.582546e-07,0.0012720129
3.583546e-07,0.0012727309
3.584546e-07,0.0012662684
3.585546e-07,0.0012540614
3.586546e-07,0.0012389821
3.587546e-07,0.0012231847
3.588546e-07,0.0012088235
3.589546e-07,0.0011973346
3.590546e-07,0.0011894359
3.591546e-07,0.0011851275
3.592546e-07,0.0011858456
3.593546e-07,0.0011930262
3.594546e-07,0.0012073874
3.595546e-07,0.0012289292
3.596546e-07,0.0012547794
3.597546e-07,0.0012799115
3.598546e-07,0.0012985811
3.599546e-07,0.0013057617
3.600546e-07,0.0013007353
3.601546e-07,0.001284938
3.602546e-07,0.0012648323
3.603546e-07,0.0012454446
3.604546e-07,0.0012318015
3.605546e-07,0.001226775
3.606546e-07,0.0012289292
3.607546e-07,0.0012353918
3.608546e-07,0.0012432904
3.609546e-07,0.0012511891
3.610546e-07,0.0012605239
3.611546e-07,0.0012727309
3.612546e-07,0.0012892463
3.613546e-07,0.0013100701
3.614546e-07,0.0013316119
3.615546e-07,0.0013495634
3.616546e-07,0.0013581801
3.617546e-07,0.001356744
3.618546e-07,0.0013459731
3.619546e-07,0.001333048
3.620546e-07,0.0013237132
3.621546e-07,0.0013229952
3.622546e-07,0.001333048
3.623546e-07,0.0013502815
3.624546e-07,0.0013696691
3.625546e-07,0.0013840303
3.626546e-07,0.0013904929
3.627546e-07,0.0013883387
3.628546e-07,0.0013811581
3.629546e-07,0.0013746955
3.630546e-07,0.0013718233
3.631546e-07,0.0013754136
3.632546e-07,0.0013811581
3.633546e-07,0.0013847484
3.634546e-07,0.0013818761
3.635546e-07,0.0013689511
3.636546e-07,0.0013466912
3.637546e-07,0.0013194049
3.638546e-07,0.0012935547
3.639546e-07,0.0012748851
3.640546e-07,0.0012662684
3.641546e-07,0.0012684226
3.642546e-07,0.0012777574
3.643546e-07,0.0012899644
3.644546e-07,0.0013007353
3.645546e-07,0.0013057617
3.646546e-07,0.0013036075
3.647546e-07,0.0012935547
3.648546e-07,0.0012777574
3.649546e-07,0.0012576517
3.650546e-07,0.0012361098
3.651546e-07,0.0012152861
3.652546e-07,0.0011973346
3.653546e-07,0.0011836914
3.654546e-07,0.0011750747
3.655546e-07,0.0011722024
3.656546e-07,0.0011743566
3.657546e-07,0.001179383
3.658546e-07,0.0011851275
3.659546e-07,0.0011915901
3.660546e-07,0.0011973346
3.661546e-07,0.001203079
3.662546e-07,0.0012088235
3.663546e-07,0.0012152861
3.664546e-07,0.0012203125
3.665546e-07,0.0012224667
3.666546e-07,0.0012195944
3.667546e-07,0.0012109777
3.668546e-07,0.0011973346
3.669546e-07,0.0011829733
3.670546e-07,0.0011714844
3.671546e-07,0.0011678941
3.672546e-07,0.0011743566
3.673546e-07,0.001190154
3.674546e-07,0.0012124138
3.675546e-07,0.0012353918
3.676546e-07,0.0012547794
3.677546e-07,0.0012669864
3.678546e-07,0.0012720129
3.679546e-07,0.0012705767
3.680546e-07,0.0012662684
3.681546e-07,0.0012605239
3.682546e-07,0.0012547794
3.683546e-07,0.001249753
3.684546e-07,0.0012432904
3.685546e-07,0.0012368279
3.686546e-07,0.0012310834
3.687546e-07,0.0012289292
3.688546e-07,0.0012318015
3.689546e-07,0.0012411363
3.690546e-07,0.0012547794
3.691546e-07,0.0012684226
3.692546e-07,0.0012777574
3.693546e-07,0.0012784754
3.694546e-07,0.0012691406
3.695546e-07,0.0012519072
3.696546e-07,0.0012318015
3.697546e-07,0.00121385
3.698546e-07,0.0012016429
3.699546e-07,0.0011973346
3.700546e-07,0.0011973346
3.701546e-07,0.0011973346
3.702546e-07,0.0011923081
3.703546e-07,0.0011808192
3.704546e-07,0.0011628676
3.705546e-07,0.0011427619
3.706546e-07,0.0011255285
3.707546e-07,0.0011169118
3.708546e-07,0.0011169118
3.709546e-07,0.0011248104
3.710546e-07,0.0011341452
3.711546e-07,0.0011413258
3.712546e-07,0.0011398897
3.713546e-07,0.0011291188
3.714546e-07,0.0011111673
3.715546e-07,0.0010896255
3.716546e-07,0.0010709559
3.717546e-07,0.0010587489
3.718546e-07,0.0010551585
3.719546e-07,0.001060185
3.720546e-07,0.0010709559
3.721546e-07,0.001083881
3.722546e-07,0.0010953699
3.723546e-07,0.0011025506
3.724546e-07,0.0011054228
3.725546e-07,0.0011039867
3.726546e-07,0.0010996783
3.727546e-07,0.001096088
3.728546e-07,0.0010939338
3.729546e-07,0.001096088
3.730546e-07,0.0011011144
3.731546e-07,0.0011097312
3.732546e-07,0.0011169118
3.733546e-07,0.0011205021
3.734546e-07,0.0011176298
3.735546e-07,0.001107577
3.736546e-07,0.0010939338
3.737546e-07,0.0010802907
3.738546e-07,0.0010716739
3.739546e-07,0.001072392
3.740546e-07,0.0010824449
3.741546e-07,0.0010982422
3.742546e-07,0.0011154756
3.743546e-07,0.0011262466
3.744546e-07,0.0011284007
3.745546e-07,0.0011205021
3.746546e-07,0.0011054228
3.747546e-07,0.0010874713
3.748546e-07,0.0010709559
3.749546e-07,0.0010587489
3.750546e-07,0.0010501321
3.751546e-07,0.0010436696
3.752546e-07,0.001036489
3.753546e-07,0.0010271542
3.754546e-07,0.0010171013
3.755546e-07,0.0010077665
3.756546e-07,0.0010020221
3.757546e-07,0.00099986788
3.758546e-07,0.001001304
3.759546e-07,0.0010027401
3.760546e-07,0.0010020221
3.761546e-07,0.00099771369
3.762546e-07,0.00098981503
3.763546e-07,0.00097904412
3.764546e-07,0.00096755515
3.765546e-07,0.00095678424
3.766546e-07,0.00094744945
3.767546e-07,0.00093955078
3.768546e-07,0.00093308824
3.769546e-07,0.00092877987
3.770546e-07,0.00092662569
3.771546e-07,0.00092877987
3.772546e-07,0.00093308824
3.773546e-07,0.00093883272
3.774546e-07,0.00094170496
3.775546e-07,0.00094026884
3.776546e-07,0.00093308824
3.777546e-07,0.00092303539
3.778546e-07,0.00091298254
3.779546e-07,0.00090795611
3.780546e-07,0.00091011029
3.781546e-07,0.00091800896
3.782546e-07,0.00092734375
3.783546e-07,0.0009338063
3.784546e-07,0.00093308824
3.785546e-07,0.00092518957
3.786546e-07,0.0009137006
3.787546e-07,0.00090292969
3.788546e-07,0.00089862132
3.789546e-07,0.00090149357
3.790546e-07,0.00091011029
3.791546e-07,0.00091800896
3.792546e-07,0.00092159926
3.793546e-07,0.00091800896
3.794546e-07,0.00090795611
3.795546e-07,0.00089574908
3.796546e-07,0.00088713235
3.797546e-07,0.00088569623
3.798546e-07,0.00089144072
3.799546e-07,0.00090077551
3.800546e-07,0.00091011029
3.801546e-07,0.00091513672
3.802546e-07,0.0009137006
3.803546e-07,0.00090723805
3.804546e-07,0.00089862132
3.805546e-07,0.00089072266
3.806546e-07,0.00088426011
3.807546e-07,0.00087995175
3.808546e-07,0.00087564338
3.809546e-07,0.00087061696
3.810546e-07,0.00086415441
3.811546e-07,0.00085769187
3.812546e-07,0.00085266544
3.813546e-07,0.00084835708
3.814546e-07,0.00084476677
3.815546e-07,0.00083902229
3.816546e-07,0.0008296875
3.817546e-07,0.00081748047
3.818546e-07,0.00080311926
3.819546e-07,0.00079091222
3.820546e-07,0.00078373162
3.821546e-07,0.0007822955
3.822546e-07,0.00078516774
3.823546e-07,0.00079091222
3.824546e-07,0.00079522059
3.825546e-07,0.00079665671
3.826546e-07,0.00079450253
3.827546e-07,0.0007894761
3.828546e-07,0.00078373162
3.829546e-07,0.00077726907
3.830546e-07,0.00077080653
3.831546e-07,0.00076147174
3.832546e-07,0.00074926471
3.833546e-07,0.00073490349
3.834546e-07,0.00072054228
3.835546e-07,0.00070905331
3.836546e-07,0.00070330882
3.837546e-07,0.00070330882
3.838546e-07,0.00070689913
3.839546e-07,0.00071192555
3.840546e-07,0.00071479779
3.841546e-07,0.00071336167
3.842546e-07,0.00070833525
3.843546e-07,0.00070043658
3.844546e-07,0.00069181985
3.845546e-07,0.00068320313
3.846546e-07,0.00067386834
3.847546e-07,0.00066525161
3.848546e-07,0.00065735294
3.849546e-07,0.00065160846
3.850546e-07,0.00064945427
3.851546e-07,0.00065160846
3.852546e-07,0.00065735294
3.853546e-07,0.00066237937
3.854546e-07,0.00066166131
3.855546e-07,0.00065232652
3.856546e-07,0.000634375
3.857546e-07,0.00061211512
3.858546e-07,0.00059200942
3.859546e-07,0.00058339269
3.860546e-07,0.00058841912
3.861546e-07,0.00060565257
3.862546e-07,0.00062863051
3.863546e-07,0.00064801815
3.864546e-07,0.00065735294
3.865546e-07,0.00065376264
3.866546e-07,0.00064227367
3.867546e-07,0.00063006664
3.868546e-07,0.00062288603
3.869546e-07,0.00062504021
3.870546e-07,0.00063365694
3.871546e-07,0.00064299173
3.872546e-07,0.00064586397
3.873546e-07,0.00064011949
3.874546e-07,0.00062647633
3.875546e-07,0.000610679
3.876546e-07,0.00059990809
3.877546e-07,0.00059703585
3.878546e-07,0.00060206227
3.879546e-07,0.00060852482
3.880546e-07,0.00061139706
3.881546e-07,0.00060565257
3.882546e-07,0.0005905733
3.883546e-07,0.00057190372
3.884546e-07,0.00055395221
3.885546e-07,0.0005431813
3.886546e-07,0.00053959099
3.887546e-07,0.00054174517
3.888546e-07,0.00054246324
3.889546e-07,0.00053743681
3.890546e-07,0.00052522978
3.891546e-07,0.00050584214
3.892546e-07,0.00048501838
3.893546e-07,0.00046634881
3.894546e-07,0.00045270565
3.895546e-07,0.00044480699
3.896546e-07,0.0004390625
3.897546e-07,0.00043403608
3.898546e-07,0.00042757353
3.899546e-07,0.00042111098
3.900546e-07,0.00041608456
3.901546e-07,0.00041393038
3.902546e-07,0.0004153665
3.903546e-07,0.00041752068
3.904546e-07,0.00041608456
3.905546e-07,0.00040890395
3.906546e-07,0.0003952608
3.907546e-07,0.00037659122
3.908546e-07,0.00035863971
3.909546e-07,0.00034571461
3.910546e-07,0.00034140625
3.911546e-07,0.00034643267
3.912546e-07,0.00035863971
3.913546e-07,0.00037228286
3.914546e-07,0.00038305377
3.915546e-07,0.00038664407
3.916546e-07,0.00038161765
3.917546e-07,0.00036797449
3.918546e-07,0.0003478688
3.919546e-07,0.00032489085
3.920546e-07,0.00030119485
3.921546e-07,0.00028037109
3.922546e-07,0.00026313764
3.923546e-07,0.00025164867
3.924546e-07,0.00024375
3.925546e-07,0.00023800551
3.926546e-07,0.00023226103
3.927546e-07,0.0002236443
3.928546e-07,0.00020928309
3.929546e-07,0.00019061351
3.930546e-07,0.00016835363
3.931546e-07,0.00014681181
3.932546e-07,0.00012886029
3.933546e-07,0.0001159352
3.934546e-07,0.00010947266
3.935546e-07,0.00010660041
3.936546e-07,0.00010588235
3.937546e-07,0.00010372817
3.938546e-07,9.9419807e-05
3.939546e-07,9.22392e-05
3.940546e-07,8.2904412e-05
3.941546e-07,7.2133502e-05
3.942546e-07,6.0644531e-05
3.943546e-07,4.9155561e-05
3.944546e-07,3.6948529e-05
3.945546e-07,2.4741498e-05
3.946546e-07,1.3970588e-05
3.947546e-07,6.071921e-06
3.948546e-07,2.4816176e-06
3.949546e-07,3.917739e-06
3.950546e-07,9.6622243e-06
3.951546e-07,1.7560892e-05
3.952546e-07,2.5459559e-05
3.953546e-07,2.9767923e-05
3.954546e-07,2.9049862e-05
3.955546e-07,2.3305377e-05
3.956546e-07,1.3970588e-05
3.957546e-07,3.917739e-06
3.958546e-07,-3.9809283e-06
3.959546e-07,-8.2892923e-06
3.960546e-07,-9.0073529e-06
3.961546e-07,-6.853171e-06
3.962546e-07,-3.2628676e-06
3.963546e-07,3.2743566e-07
3.964546e-07,2.4816176e-06
3.965546e-07,2.4816176e-06
3.966546e-07,1.0454963e-06
3.967546e-07,-2.544807e-06
3.968546e-07,-9.0073529e-06
3.969546e-07,-1.7624081e-05
3.970546e-07,-2.8394991e-05
3.971546e-07,-4.1320083e-05
3.972546e-07,-5.4963235e-05
3.973546e-07,-6.8606388e-05
3.974546e-07,-8.0813419e-05
3.975546e-07,-9.1584329e-05
3.976546e-07,-0.00010091912
3.977546e-07,-0.00011025391
3.978546e-07,-0.00012030676
3.979546e-07,-0.00013251379
3.980546e-07,-0.000146875
3.981546e-07,-0.00016267233
3.982546e-07,-0.00017775161
3.983546e-07,-0.00019211282
3.984546e-07,-0.00020431985
3.985546e-07,-0.00021365464
3.986546e-07,-0.00022011719
3.987546e-07,-0.00022442555
3.988546e-07,-0.00022729779
3.989546e-07,-0.00022945198
3.990546e-07,-0.00023232422
3.991546e-07,-0.00023519646
3.992546e-07,-0.00023878676
3.993546e-07,-0.00024381319
3.994546e-07,-0.00024955767
3.995546e-07,-0.00025602022
3.996546e-07,-0.00026176471
3.997546e-07,-0.00026535501
3.998546e-07,-0.00026535501
3.999546e-07,-0.00025961052
4.000546e-07,-0.00025027574
4.001546e-07,-0.0002380687
4.002546e-07,-0.00022586167
4.003546e-07,-0.00021796301
4.004546e-07,-0.00021580882
4.005546e-07,-0.00022083525
4.006546e-07,-0.0002308881
4.007546e-07,-0.00024237707
4.008546e-07,-0.00025027574
4.009546e-07,-0.0002509938
4.010546e-07,-0.00024453125
4.011546e-07,-0.0002308881
4.012546e-07,-0.00021580882
4.013546e-07,-0.00020288373
4.014546e-07,-0.00019498506
4.015546e-07,-0.00019283088
4.016546e-07,-0.00019283088
4.017546e-07,-0.00019139476
4.018546e-07,-0.00018493222
4.019546e-07,-0.00017344324
4.020546e-07,-0.00015836397
4.021546e-07,-0.00014543888
4.022546e-07,-0.00013825827
4.023546e-07,-0.00013897633
4.024546e-07,-0.000146875
4.025546e-07,-0.00015620979
4.026546e-07,-0.00016051815
4.027546e-07,-0.00015764591
4.028546e-07,-0.000146875
4.029546e-07,-0.00013251379
4.030546e-07,-0.00012102482
4.031546e-07,-0.00011815257
4.032546e-07,-0.00012389706
4.033546e-07,-0.00013538603
4.034546e-07,-0.000146875
4.035546e-07,-0.00015190142
4.036546e-07,-0.000146875
4.037546e-07,-0.00013538603
4.038546e-07,-0.000123179
4.039546e-07,-0.00011743451
4.040546e-07,-0.00012389706
4.041546e-07,-0.00014113051
4.042546e-07,-0.0001633904
4.043546e-07,-0.00018277803
4.044546e-07,-0.00019283088
4.045546e-07,-0.00019211282
4.046546e-07,-0.00018277803
4.047546e-07,-0.00017344324
4.048546e-07,-0.00016985294
4.049546e-07,-0.00017631549
4.050546e-07,-0.0001906767
4.051546e-07,-0.00021006434
4.052546e-07,-0.00022729779
4.053546e-07,-0.00024022289
4.054546e-07,-0.00024740349
4.055546e-07,-0.00025386604
4.056546e-07,-0.00026176471
4.057546e-07,-0.00027397174
4.058546e-07,-0.00028976907
4.059546e-07,-0.00030628447
4.060546e-07,-0.00031920956
4.061546e-07,-0.00032639017
4.062546e-07,-0.00032854435
4.063546e-07,-0.00032926241
4.064546e-07,-0.00033069853
4.065546e-07,-0.00033572495
4.066546e-07,-0.00034434168
4.067546e-07,-0.00035439453
4.068546e-07,-0.00036516544
4.069546e-07,-0.00037593635
4.070546e-07,-0.0003895795
4.071546e-07,-0.00040896714
4.072546e-07,-0.00043409926
4.073546e-07,-0.00046425781
4.074546e-07,-0.0004936983
4.075546e-07,-0.00051595818
4.076546e-07,-0.00052601103
4.077546e-07,-0.00052242073
4.078546e-07,-0.00050877757
4.079546e-07,-0.00049226218
4.080546e-07,-0.00048005515
4.081546e-07,-0.00047646484
4.082546e-07,-0.00048220933
4.083546e-07,-0.00049298024
4.084546e-07,-0.00050303309
4.085546e-07,-0.00050949563
4.086546e-07,-0.00051093176
4.087546e-07,-0.00051164982
4.088546e-07,-0.00051452206
4.089546e-07,-0.00052242073
4.090546e-07,-0.00053534582
4.091546e-07,-0.00054898897
4.092546e-07,-0.00056047794
4.093546e-07,-0.00056765855
4.094546e-07,-0.00057053079
4.095546e-07,-0.00057483915
4.096546e-07,-0.00058345588
4.097546e-07,-0.00059997128
4.098546e-07,-0.00062223116
4.099546e-07,-0.0006452091
4.100546e-07,-0.00066387868
4.101546e-07,-0.00067321347
4.102546e-07,-0.00067321347
4.103546e-07,-0.00066818704
4.104546e-07,-0.00066387868
4.105546e-07,-0.00066675092
4.106546e-07,-0.00067967601
4.107546e-07,-0.00069978171
4.108546e-07,-0.00072132353
4.109546e-07,-0.00073855699
4.110546e-07,-0.00074717371
4.111546e-07,-0.00074789177
4.112546e-07,-0.00074430147
4.113546e-07,-0.00074214729
4.114546e-07,-0.00074645565
4.115546e-07,-0.00075938074
4.116546e-07,-0.00077876838
4.117546e-07,-0.00080102826
4.118546e-07,-0.00082185202
4.119546e-07,-0.00083764936
4.120546e-07,-0.00084770221
4.121546e-07,-0.00085344669
4.122546e-07,-0.00085775506
4.123546e-07,-0.00086349954
4.124546e-07,-0.00087068015
4.125546e-07,-0.00088001494
4.126546e-07,-0.00089006778
4.127546e-07,-0.00089940257
4.128546e-07,-0.00090514706
4.129546e-07,-0.0009080193
4.130546e-07,-0.00090730124
4.131546e-07,-0.00090586512
4.132546e-07,-0.00090514706
4.133546e-07,-0.00090658318
4.134546e-07,-0.0009116096
4.135546e-07,-0.00091879021
4.136546e-07,-0.000928125
4.137546e-07,-0.00093602367
4.138546e-07,-0.00094105009
4.139546e-07,-0.00094248621
4.140546e-07,-0.00093961397
4.141546e-07,-0.00093458755
4.142546e-07,-0.00092884306
4.143546e-07,-0.00092309858
4.144546e-07,-0.00091663603
4.145546e-07,-0.0009080193
4.146546e-07,-0.00089581227
4.147546e-07,-0.00087857881
4.148546e-07,-0.00085919118
4.149546e-07,-0.00084123966
4.150546e-07,-0.00082975069
4.151546e-07,-0.00082831457
4.152546e-07,-0.00083621324
4.153546e-07,-0.00085057445
4.154546e-07,-0.00086565372
4.155546e-07,-0.00087355239
4.156546e-07,-0.00087068015
4.157546e-07,-0.00085703699
4.158546e-07,-0.00083621324
4.159546e-07,-0.00081610754
4.160546e-07,-0.00080174632
4.161546e-07,-0.00079743796
4.162546e-07,-0.00080246438
4.163546e-07,-0.00081323529
4.164546e-07,-0.00082472426
4.165546e-07,-0.00083334099
4.166546e-07,-0.00083764936
4.167546e-07,-0.00083764936
4.168546e-07,-0.00083621324
4.169546e-07,-0.00083405905
4.170546e-07,-0.00083190487
4.171546e-07,-0.00082903263
4.172546e-07,-0.00082472426
4.173546e-07,-0.00081826172
4.174546e-07,-0.00081108111
4.175546e-07,-0.00080461857
4.176546e-07,-0.00080174632
4.177546e-07,-0.00080318244
4.178546e-07,-0.00080820887
4.179546e-07,-0.00081610754
4.180546e-07,-0.00082472426
4.181546e-07,-0.00083334099
4.182546e-07,-0.00084339384
4.183546e-07,-0.00085560087
4.184546e-07,-0.00087068015
4.185546e-07,-0.00088863166
4.186546e-07,-0.00090586512
4.187546e-07,-0.00092022633
4.188546e-07,-0.000928125
4.189546e-07,-0.00092884306
4.190546e-07,-0.00092309858
4.191546e-07,-0.00091376379
4.192546e-07,-0.00090514706
4.193546e-07,-0.00089940257
4.194546e-07,-0.00089724839
4.195546e-07,-0.00089940257
4.196546e-07,-0.00090514706
4.197546e-07,-0.00091448185
4.198546e-07,-0.00092740694
4.199546e-07,-0.00094392233
4.200546e-07,-0.00096259191
4.201546e-07,-0.00098126149
4.202546e-07,-0.00099705882
4.203546e-07,-0.0010063936
4.204546e-07,-0.0010085478
4.205546e-07,-0.0010042394
4.206546e-07,-0.00099634076
4.207546e-07,-0.00098916016
4.208546e-07,-0.00098556985
4.209546e-07,-0.00098628791
4.210546e-07,-0.00098987822
4.211546e-07,-0.00099418658
4.212546e-07,-0.00099705882
4.213546e-07,-0.00099993107
4.214546e-07,-0.0010049575
4.215546e-07,-0.0010150103
4.216546e-07,-0.0010315257
4.217546e-07,-0.0010516314
4.218546e-07,-0.0010717371
4.219546e-07,-0.0010853803
4.220546e-07,-0.0010889706
4.221546e-07,-0.0010832261
4.222546e-07,-0.0010710191
4.223546e-07,-0.0010602482
4.224546e-07,-0.0010545037
4.225546e-07,-0.0010573759
4.226546e-07,-0.0010674288
4.227546e-07,-0.0010796358
4.228546e-07,-0.0010889706
4.229546e-07,-0.001093279
4.230546e-07,-0.001093997
4.231546e-07,-0.0010947151
4.232546e-07,-0.0011004596
4.233546e-07,-0.0011133847
4.234546e-07,-0.0011320542
4.235546e-07,-0.001152878
4.236546e-07,-0.0011693934
4.237546e-07,-0.0011787282
4.238546e-07,-0.0011801643
4.239546e-07,-0.0011794462
4.240546e-07,-0.0011808824
4.241546e-07,-0.0011894991
4.242546e-07,-0.0012067325
4.243546e-07,-0.0012289924
4.244546e-07,-0.0012498162
4.245546e-07,-0.0012634593
4.246546e-07,-0.0012684858
4.247546e-07,-0.0012656135
4.248546e-07,-0.0012613051
4.249546e-07,-0.0012613051
4.250546e-07,-0.0012692038
4.251546e-07,-0.0012864373
4.252546e-07,-0.001307261
4.253546e-07,-0.0013266487
4.254546e-07,-0.0013395738
4.255546e-07,-0.0013438821
4.256546e-07,-0.0013417279
4.257546e-07,-0.0013374196
4.258546e-07,-0.0013352654
4.259546e-07,-0.0013374196
4.260546e-07,-0.0013417279
4.261546e-07,-0.0013453182
4.262546e-07,-0.0013446002
4.263546e-07,-0.0013388557
4.264546e-07,-0.001330239
4.265546e-07,-0.0013230584
4.266546e-07,-0.0013223403
4.267546e-07,-0.0013295209
4.268546e-07,-0.0013417279
4.269546e-07,-0.001353935
4.270546e-07,-0.0013603975
4.271546e-07,-0.0013560892
4.272546e-07,-0.0013417279
4.273546e-07,-0.0013230584
4.274546e-07,-0.0013079791
4.275546e-07,-0.0013015165
4.276546e-07,-0.001307261
4.277546e-07,-0.0013216222
4.278546e-07,-0.0013381376
4.279546e-07,-0.0013496266
4.280546e-07,-0.0013532169
4.281546e-07,-0.0013496266
4.282546e-07,-0.0013431641
4.283546e-07,-0.0013395738
4.284546e-07,-0.0013417279
4.285546e-07,-0.0013481905
4.286546e-07,-0.0013532169
4.287546e-07,-0.0013524989
4.288546e-07,-0.0013417279
4.289546e-07,-0.0013230584
4.290546e-07,-0.0013029527
4.291546e-07,-0.0012885915
4.292546e-07,-0.0012842831
4.293546e-07,-0.0012907456
4.294546e-07,-0.0013036707
4.295546e-07,-0.0013151597
4.296546e-07,-0.00131875
4.297546e-07,-0.0013137236
4.298546e-07,-0.0013036707
4.299546e-07,-0.0012957721
4.300546e-07,-0.0012957721
4.301546e-07,-0.0013043888
4.302546e-07,-0.0013165958
4.303546e-07,-0.0013237764
4.304546e-07,-0.00131875
4.305546e-07,-0.0012979262
4.306546e-07,-0.0012648955
4.307546e-07,-0.0012297105
4.308546e-07,-0.0012038603
4.309546e-07,-0.0011959616
4.310546e-07,-0.0012067325
4.311546e-07,-0.0012318647
4.312546e-07,-0.0012613051
4.313546e-07,-0.0012850011
4.314546e-07,-0.0012972082
4.315546e-07,-0.0012957721
4.316546e-07,-0.0012842831
4.317546e-07,-0.0012670496
4.318546e-07,-0.0012469439
4.319546e-07,-0.0012261202
4.320546e-07,-0.0012038603
4.321546e-07,-0.0011801643
4.322546e-07,-0.0011564683
4.323546e-07,-0.0011356445
4.324546e-07,-0.0011234375
4.325546e-07,-0.0011212833
4.326546e-07,-0.001129182
4.327546e-07,-0.0011435432
4.328546e-07,-0.0011579044
4.329546e-07,-0.0011665211
4.330546e-07,-0.0011672392
4.331546e-07,-0.0011593405
4.332546e-07,-0.0011464154
4.333546e-07,-0.0011313362
4.334546e-07,-0.0011162569
4.335546e-07,-0.0011026137
4.336546e-07,-0.0010889706
4.337546e-07,-0.0010753274
4.338546e-07,-0.0010609662
4.339546e-07,-0.0010494773
4.340546e-07,-0.0010430147
4.341546e-07,-0.0010437328
4.342546e-07,-0.0010509134
4.343546e-07,-0.0010638385
4.344546e-07,-0.0010774816
4.345546e-07,-0.0010889706
4.346546e-07,-0.0010961512
4.347546e-07,-0.0010990234
4.348546e-07,-0.0011004596
4.349546e-07,-0.0011026137
4.350546e-07,-0.0011076402
4.351546e-07,-0.0011155388
4.352546e-07,-0.0011234375
4.353546e-07,-0.001129182
4.354546e-07,-0.0011313362
4.355546e-07,-0.001129182
4.356546e-07,-0.0011234375
4.357546e-07,-0.001116975
4.358546e-07,-0.0011133847
4.359546e-07,-0.0011155388
4.360546e-07,-0.0011234375
4.361546e-07,-0.0011385168
4.362546e-07,-0.0011586225
4.363546e-07,-0.0011816004
4.364546e-07,-0.0012038603
4.365546e-07,-0.0012210937
4.366546e-07,-0.0012304285
4.367546e-07,-0.0012318647
4.368546e-07,-0.0012268382
4.369546e-07,-0.0012189396
4.370546e-07,-0.0012131951
4.371546e-07,-0.0012153493
4.372546e-07,-0.0012268382
4.373546e-07,-0.001247662
4.374546e-07,-0.0012749483
4.375546e-07,-0.0013043888
4.376546e-07,-0.001330239
4.377546e-07,-0.0013503447
4.378546e-07,-0.0013639878
4.379546e-07,-0.0013718865
4.380546e-07,-0.0013761949
4.381546e-07,-0.001377631
4.382546e-07,-0.001377631
4.383546e-07,-0.0013769129
4.384546e-07,-0.0013761949
4.385546e-07,-0.0013769129
4.386546e-07,-0.0013805032
4.387546e-07,-0.0013884019
4.388546e-07,-0.0013991728
4.389546e-07,-0.0014113798
4.390546e-07,-0.0014221507
4.391546e-07,-0.0014293313
4.392546e-07,-0.0014336397
4.393546e-07,-0.00143723
4.394546e-07,-0.0014436926
4.395546e-07,-0.0014580538
4.396546e-07,-0.0014795956
4.397546e-07,-0.0015061638
4.398546e-07,-0.001531296
4.399546e-07,-0.0015470933
4.400546e-07,-0.0015485294
4.401546e-07,-0.0015356043
4.402546e-07,-0.0015133444
4.403546e-07,-0.0014918026
4.404546e-07,-0.0014795956
4.405546e-07,-0.0014831859
4.406546e-07,-0.0015040097
4.407546e-07,-0.0015363224
4.408546e-07,-0.0015715074
4.409546e-07,-0.0016009478
4.410546e-07,-0.0016188994
4.411546e-07,-0.0016232077
4.412546e-07,-0.0016174632
4.413546e-07,-0.0016066923
4.414546e-07,-0.0015973575
4.415546e-07,-0.0015930492
4.416546e-07,-0.0015944853
4.417546e-07,-0.0016016659
4.418546e-07,-0.0016110007
4.419546e-07,-0.0016210535
4.420546e-07,-0.0016289522
4.421546e-07,-0.0016339786
4.422546e-07,-0.0016368509
4.423546e-07,-0.001638287
4.424546e-07,-0.0016404412
4.425546e-07,-0.0016447495
4.426546e-07,-0.0016519301
4.427546e-07,-0.0016627011
4.428546e-07,-0.0016749081
4.429546e-07,-0.001685679
4.430546e-07,-0.0016928596
4.431546e-07,-0.0016928596
4.432546e-07,-0.0016863971
4.433546e-07,-0.0016763442
4.434546e-07,-0.0016670094
4.435546e-07,-0.001661983
4.436546e-07,-0.0016634191
4.437546e-07,-0.0016713178
4.438546e-07,-0.0016828068
4.439546e-07,-0.0016928596
4.440546e-07,-0.001697886
4.441546e-07,-0.001697168
4.442546e-07,-0.0016928596
4.443546e-07,-0.0016885512
4.444546e-07,-0.0016863971
4.445546e-07,-0.0016892693
4.446546e-07,-0.0016957318
4.447546e-07,-0.0017029125
4.448546e-07,-0.001709375
4.449546e-07,-0.0017136834
4.450546e-07,-0.0017165556
4.451546e-07,-0.001721582
4.452546e-07,-0.0017323529
4.453546e-07,-0.0017495864
4.454546e-07,-0.0017732824
4.455546e-07,-0.0017998506
4.456546e-07,-0.0018242647
4.457546e-07,-0.0018443704
4.458546e-07,-0.0018594497
4.459546e-07,-0.0018716567
4.460546e-07,-0.0018817096
4.461546e-07,-0.0018931985
4.462546e-07,-0.0019054056
4.463546e-07,-0.0019176126
4.464546e-07,-0.0019276654
4.465546e-07,-0.001934128
4.466546e-07,-0.0019377183
4.467546e-07,-0.0019420267
4.468546e-07,-0.0019506434
4.469546e-07,-0.0019664407
4.470546e-07,-0.0019908548
4.471546e-07,-0.0020210133
4.472546e-07,-0.0020540441
4.473546e-07,-0.0020842027
4.474546e-07,-0.0021078987
4.475546e-07,-0.0021244141
4.476546e-07,-0.0021344669
4.477546e-07,-0.0021416475
4.478546e-07,-0.0021481101
4.479546e-07,-0.0021574449
4.480546e-07,-0.0021689338
4.481546e-07,-0.002182577
4.482546e-07,-0.0021955021
4.483546e-07,-0.002206991
4.484546e-07,-0.0022148897
4.485546e-07,-0.0022191981
4.486546e-07,-0.0022213523
4.487546e-07,-0.0022235064
4.488546e-07,-0.0022263787
4.489546e-07,-0.0022328412
4.490546e-07,-0.0022428941
4.491546e-07,-0.0022572553
4.492546e-07,-0.0022723346
4.493546e-07,-0.0022859777
4.494546e-07,-0.0022960306
4.495546e-07,-0.0022989028
4.496546e-07,-0.0022953125
4.497546e-07,-0.0022874138
4.498546e-07,-0.0022787971
4.499546e-07,-0.0022723346
4.500546e-07,-0.0022723346
4.501546e-07,-0.002278079
4.502546e-07,-0.0022881319
4.503546e-07,-0.0022989028
4.504546e-07,-0.0023068015
4.505546e-07,-0.0023089557
4.506546e-07,-0.0023039292
4.507546e-07,-0.0022945944
4.508546e-07,-0.0022838235
4.509546e-07,-0.0022744887
4.510546e-07,-0.0022687443
4.511546e-07,-0.0022687443
4.512546e-07,-0.0022723346
4.513546e-07,-0.002278079
4.514546e-07,-0.0022838235
4.515546e-07,-0.0022859777
4.516546e-07,-0.0022838235
4.517546e-07,-0.0022766429
4.518546e-07,-0.002265872
4.519546e-07,-0.0022558192
4.520546e-07,-0.0022493566
4.521546e-07,-0.0022507927
4.522546e-07,-0.0022622817
4.523546e-07,-0.0022823874
4.524546e-07,-0.0023068015
4.525546e-07,-0.0023297794
4.526546e-07,-0.0023470129
4.527546e-07,-0.0023541935
4.528546e-07,-0.0023527574
4.529546e-07,-0.0023477309
4.530546e-07,-0.0023455767
4.531546e-07,-0.0023506032
4.532546e-07,-0.0023642463
4.533546e-07,-0.002384352
4.534546e-07,-0.0024044577
4.535546e-07,-0.0024181009
4.536546e-07,-0.0024216912
4.537546e-07,-0.0024166648
4.538546e-07,-0.0024087661
4.539546e-07,-0.0024044577
4.540546e-07,-0.0024102022
4.541546e-07,-0.0024267176
4.542546e-07,-0.0024518497
4.543546e-07,-0.002479136
4.544546e-07,-0.002502114
4.545546e-07,-0.0025171932
4.546546e-07,-0.00252581
4.547546e-07,-0.0025301183
4.548546e-07,-0.0025365809
4.549546e-07,-0.0025480699
4.550546e-07,-0.0025638672
4.551546e-07,-0.0025803826
4.552546e-07,-0.0025940257
4.553546e-07,-0.0025997702
4.554546e-07,-0.0025954619
4.555546e-07,-0.0025846909
4.556546e-07,-0.0025710478
4.557546e-07,-0.0025588408
4.558546e-07,-0.0025523782
4.559546e-07,-0.0025530963
4.560546e-07,-0.0025595588
4.561546e-07,-0.0025710478
4.562546e-07,-0.002585409
4.563546e-07,-0.0026012063
4.564546e-07,-0.0026170037
4.565546e-07,-0.0026313649
4.566546e-07,-0.0026428539
4.567546e-07,-0.0026500345
4.568546e-07,-0.0026514706
4.569546e-07,-0.0026493164
4.570546e-07,-0.0026464442
4.571546e-07,-0.0026464442
4.572546e-07,-0.0026514706
4.573546e-07,-0.0026615234
4.574546e-07,-0.0026737305
4.575546e-07,-0.0026830653
4.576546e-07,-0.0026859375
4.577546e-07,-0.0026809111
4.578546e-07,-0.0026694221
4.579546e-07,-0.0026572151
4.580546e-07,-0.0026514706
4.581546e-07,-0.002655779
4.582546e-07,-0.0026715763
4.583546e-07,-0.0026952723
4.584546e-07,-0.0027204044
4.585546e-07,-0.002739792
4.586546e-07,-0.0027476907
4.587546e-07,-0.0027441004
4.588546e-07,-0.0027318934
4.589546e-07,-0.002716096
4.590546e-07,-0.0027024529
4.591546e-07,-0.0026959903
4.592546e-07,-0.0026974265
4.593546e-07,-0.0027060432
4.594546e-07,-0.0027189683
4.595546e-07,-0.0027326114
4.596546e-07,-0.0027433824
4.597546e-07,-0.0027498449
4.598546e-07,-0.002750563
4.599546e-07,-0.0027484088
4.600546e-07,-0.0027433824
4.601546e-07,-0.002739074
4.602546e-07,-0.0027362017
4.603546e-07,-0.0027376379
4.604546e-07,-0.0027433824
4.605546e-07,-0.002751281
4.606546e-07,-0.0027598977
4.607546e-07,-0.0027656422
4.608546e-07,-0.0027663603
4.609546e-07,-0.0027613339
4.610546e-07,-0.0027519991
4.611546e-07,-0.0027412282
4.612546e-07,-0.0027318934
4.613546e-07,-0.002727585
4.614546e-07,-0.0027290211
4.615546e-07,-0.0027354837
4.616546e-07,-0.0027433824
4.617546e-07,-0.0027498449
4.618546e-07,-0.0027519991
4.619546e-07,-0.0027498449
4.620546e-07,-0.0027433824
4.621546e-07,-0.0027347656
4.622546e-07,-0.0027254308
4.623546e-07,-0.0027175322
4.624546e-07,-0.0027089154
4.625546e-07,-0.0026995807
4.626546e-07,-0.0026888097
4.627546e-07,-0.0026758847
4.628546e-07,-0.0026629596
4.629546e-07,-0.0026514706
4.630546e-07,-0.0026428539
