LECROYHDO6104B,11090,Waveform
Segments,1,SegmentSize,5002
Segment,TrigTime,TimeSinceSegment1
#1,04-May-2026 18:45:42,0                 
Time,Ampl
-3.704689e-08,-0.0055624885
-3.694689e-08,-0.0055624885
-3.684689e-08,-0.0055696691
-3.674689e-08,-0.0055811581
-3.664689e-08,-0.0055940832
-3.654689e-08,-0.0056048541
-3.644689e-08,-0.0056127528
-3.634689e-08,-0.005615625
-3.624689e-08,-0.0056141889
-3.614689e-08,-0.0056070083
-3.604689e-08,-0.0055962374
-3.594689e-08,-0.0055811581
-3.584689e-08,-0.0055646427
-3.574689e-08,-0.0055488454
-3.564689e-08,-0.0055344841
-3.554689e-08,-0.0055237132
-3.544689e-08,-0.0055150965
-3.534689e-08,-0.0055071978
-3.524689e-08,-0.0054985811
-3.514689e-08,-0.0054892463
-3.504689e-08,-0.0054799115
-3.494689e-08,-0.0054727309
-3.484689e-08,-0.0054684226
-3.474689e-08,-0.0054662684
-3.464689e-08,-0.0054648323
-3.454689e-08,-0.005461242
-3.444689e-08,-0.0054540614
-3.434689e-08,-0.0054432904
-3.424689e-08,-0.0054325195
-3.414689e-08,-0.005426057
-3.404689e-08,-0.005426057
-3.394689e-08,-0.0054318015
-3.384689e-08,-0.0054404182
-3.374689e-08,-0.0054454446
-3.364689e-08,-0.0054425724
-3.354689e-08,-0.0054318015
-3.344689e-08,-0.0054174403
-3.334689e-08,-0.0054066693
-3.324689e-08,-0.0054066693
-3.314689e-08,-0.0054203125
-3.304689e-08,-0.0054447266
-3.294689e-08,-0.0054712948
-3.284689e-08,-0.0054921186
-3.274689e-08,-0.0055007353
-3.264689e-08,-0.0054978631
-3.254689e-08,-0.0054878102
-3.244689e-08,-0.0054791935
-3.234689e-08,-0.0054777574
-3.224689e-08,-0.0054842199
-3.214689e-08,-0.0054935547
-3.204689e-08,-0.0055007353
-3.194689e-08,-0.0055007353
-3.184689e-08,-0.0054928366
-3.174689e-08,-0.0054820657
-3.164689e-08,-0.0054756032
-3.154689e-08,-0.0054777574
-3.144689e-08,-0.0054892463
-3.134689e-08,-0.0055043256
-3.124689e-08,-0.0055179687
-3.114689e-08,-0.0055237132
-3.104689e-08,-0.0055222771
-3.094689e-08,-0.0055172507
-3.084689e-08,-0.0055165326
-3.074689e-08,-0.0055237132
-3.064689e-08,-0.0055387925
-3.054689e-08,-0.0055553079
-3.044689e-08,-0.0055675149
-3.034689e-08,-0.0055696691
-3.024689e-08,-0.0055632066
-3.014689e-08,-0.0055538718
-3.004689e-08,-0.0055502815
-2.994689e-08,-0.0055581801
-2.984689e-08,-0.0055761317
-2.974689e-08,-0.0055976735
-2.964689e-08,-0.0056127528
-2.954689e-08,-0.005615625
-2.944689e-08,-0.0056062902
-2.934689e-08,-0.0055933651
-2.924689e-08,-0.0055861845
-2.914689e-08,-0.0055926471
-2.904689e-08,-0.0056134708
-2.894689e-08,-0.0056414752
-2.884689e-08,-0.0056637351
-2.874689e-08,-0.0056730699
-2.864689e-08,-0.0056666073
-2.854689e-08,-0.005651528
-2.844689e-08,-0.005639321
-2.834689e-08,-0.0056386029
-2.824689e-08,-0.005651528
-2.814689e-08,-0.0056694795
-2.804689e-08,-0.0056802505
-2.794689e-08,-0.0056730699
-2.784689e-08,-0.0056450655
-2.774689e-08,-0.005604136
-2.764689e-08,-0.0055660788
-2.754689e-08,-0.0055466912
-2.744689e-08,-0.0055531537
-2.734689e-08,-0.0055825942
-2.724689e-08,-0.0056199334
-2.714689e-08,-0.0056500919
-2.704689e-08,-0.0056601448
-2.694689e-08,-0.0056472197
-2.684689e-08,-0.0056206514
-2.674689e-08,-0.0055926471
-2.664689e-08,-0.0055746955
-2.654689e-08,-0.0055711052
-2.644689e-08,-0.005579722
-2.634689e-08,-0.0055926471
-2.624689e-08,-0.0056026999
-2.614689e-08,-0.0056077263
-2.604689e-08,-0.0056105986
-2.594689e-08,-0.005615625
-2.584689e-08,-0.005627114
-2.574689e-08,-0.0056450655
-2.564689e-08,-0.0056622989
-2.554689e-08,-0.0056730699
-2.544689e-08,-0.0056723518
-2.534689e-08,-0.0056601448
-2.524689e-08,-0.0056429113
-2.514689e-08,-0.005627114
-2.504689e-08,-0.0056184972
-2.494689e-08,-0.0056184972
-2.484689e-08,-0.0056228056
-2.474689e-08,-0.005627114
-2.464689e-08,-0.005627114
-2.454689e-08,-0.0056228056
-2.444689e-08,-0.0056177792
-2.434689e-08,-0.005615625
-2.424689e-08,-0.0056170611
-2.414689e-08,-0.0056206514
-2.404689e-08,-0.0056213695
-2.394689e-08,-0.005615625
-2.384689e-08,-0.005603418
-2.374689e-08,-0.0055904929
-2.364689e-08,-0.0055847484
-2.354689e-08,-0.0055926471
-2.344689e-08,-0.0056149069
-2.334689e-08,-0.0056450655
-2.324689e-08,-0.0056716337
-2.314689e-08,-0.0056845588
-2.304689e-08,-0.0056780963
-2.294689e-08,-0.0056551183
-2.284689e-08,-0.0056263959
-2.274689e-08,-0.005604136
-2.264689e-08,-0.0055976735
-2.254689e-08,-0.0056077263
-2.244689e-08,-0.0056285501
-2.234689e-08,-0.0056500919
-2.224689e-08,-0.0056622989
-2.214689e-08,-0.0056615809
-2.204689e-08,-0.00565081
-2.194689e-08,-0.0056386029
-2.184689e-08,-0.0056328585
-2.174689e-08,-0.0056386029
-2.164689e-08,-0.0056544003
-2.154689e-08,-0.0056730699
-2.144689e-08,-0.0056881491
-2.134689e-08,-0.0056931756
-2.124689e-08,-0.0056874311
-2.114689e-08,-0.0056730699
-2.104689e-08,-0.0056558364
-2.094689e-08,-0.0056400391
-2.084689e-08,-0.0056307043
-2.074689e-08,-0.005627114
-2.064689e-08,-0.0056299862
-2.054689e-08,-0.0056378849
-2.044689e-08,-0.0056493739
-2.034689e-08,-0.0056615809
-2.024689e-08,-0.0056723518
-2.014689e-08,-0.0056788143
-2.004689e-08,-0.0056795324
-1.994689e-08,-0.0056730699
-1.984689e-08,-0.0056622989
-1.974689e-08,-0.0056493739
-1.964689e-08,-0.0056371668
-1.954689e-08,-0.005627114
-1.944689e-08,-0.0056184972
-1.934689e-08,-0.0056084444
-1.924689e-08,-0.0055955193
-1.914689e-08,-0.0055811581
-1.904689e-08,-0.0055689511
-1.894689e-08,-0.0055646427
-1.884689e-08,-0.0055725414
-1.874689e-08,-0.0055926471
-1.864689e-08,-0.0056199334
-1.854689e-08,-0.0056457835
-1.844689e-08,-0.0056608628
-1.834689e-08,-0.0056615809
-1.824689e-08,-0.0056493739
-1.814689e-08,-0.0056314223
-1.804689e-08,-0.0056177792
-1.794689e-08,-0.005615625
-1.784689e-08,-0.0056249598
-1.774689e-08,-0.0056414752
-1.764689e-08,-0.0056558364
-1.754689e-08,-0.0056615809
-1.744689e-08,-0.0056579906
-1.734689e-08,-0.0056500919
-1.724689e-08,-0.0056450655
-1.714689e-08,-0.0056500919
-1.704689e-08,-0.0056658892
-1.694689e-08,-0.0056881491
-1.684689e-08,-0.0057082548
-1.674689e-08,-0.0057190257
-1.664689e-08,-0.0057175896
-1.654689e-08,-0.0057075368
-1.644689e-08,-0.0056946117
-1.634689e-08,-0.0056845588
-1.624689e-08,-0.0056795324
-1.614689e-08,-0.0056773782
-1.604689e-08,-0.0056730699
-1.594689e-08,-0.0056615809
-1.584689e-08,-0.0056443474
-1.574689e-08,-0.0056256778
-1.564689e-08,-0.0056141889
-1.554689e-08,-0.005615625
-1.544689e-08,-0.0056292682
-1.534689e-08,-0.0056493739
-1.524689e-08,-0.0056666073
-1.514689e-08,-0.0056730699
-1.504689e-08,-0.0056666073
-1.494689e-08,-0.0056522461
-1.484689e-08,-0.0056364488
-1.474689e-08,-0.005627114
-1.464689e-08,-0.0056263959
-1.454689e-08,-0.0056299862
-1.444689e-08,-0.0056321404
-1.434689e-08,-0.005627114
-1.424689e-08,-0.0056149069
-1.414689e-08,-0.005603418
-1.404689e-08,-0.0056012638
-1.394689e-08,-0.005615625
-1.384689e-08,-0.0056472197
-1.374689e-08,-0.0056874311
-1.364689e-08,-0.0057233341
-1.354689e-08,-0.0057420037
-1.344689e-08,-0.0057398495
-1.334689e-08,-0.0057211799
-1.324689e-08,-0.005698202
-1.314689e-08,-0.0056845588
-1.304689e-08,-0.0056881491
-1.294689e-08,-0.0057075368
-1.284689e-08,-0.0057333869
-1.274689e-08,-0.0057534926
-1.264689e-08,-0.0057592371
-1.254689e-08,-0.0057506204
-1.244689e-08,-0.005734105
-1.234689e-08,-0.0057190257
-1.224689e-08,-0.0057147174
-1.214689e-08,-0.005722616
-1.204689e-08,-0.0057384134
-1.194689e-08,-0.0057534926
-1.184689e-08,-0.0057613913
-1.174689e-08,-0.0057592371
-1.164689e-08,-0.0057506204
-1.154689e-08,-0.0057420037
-1.144689e-08,-0.0057391314
-1.134689e-08,-0.0057420037
-1.124689e-08,-0.0057484662
-1.114689e-08,-0.0057534926
-1.104689e-08,-0.0057527746
-1.094689e-08,-0.0057477482
-1.084689e-08,-0.0057420037
-1.074689e-08,-0.0057420037
-1.064689e-08,-0.0057513385
-1.054689e-08,-0.0057685719
-1.044689e-08,-0.0057872415
-1.034689e-08,-0.0057994485
-1.024689e-08,-0.0057994485
-1.014689e-08,-0.0057858054
-1.004689e-08,-0.0057642636
-9.946891e-09,-0.0057420037
-9.846891e-09,-0.0057276425
-9.746891e-09,-0.0057240522
-9.646891e-09,-0.0057305147
-9.546891e-09,-0.0057420037
-9.446891e-09,-0.0057520565
-9.346891e-09,-0.0057563649
-9.246891e-09,-0.0057527746
-9.146891e-09,-0.0057420037
-9.046891e-09,-0.0057276425
-8.946891e-09,-0.0057111271
-8.846891e-09,-0.0056967659
-8.746891e-09,-0.0056845588
-8.646891e-09,-0.0056773782
-8.546891e-09,-0.0056773782
-8.446891e-09,-0.0056838408
-8.346891e-09,-0.0056960478
-8.246891e-09,-0.0057089729
-8.146891e-09,-0.0057154354
-8.046891e-09,-0.0057118451
-7.946891e-09,-0.0056960478
-7.846891e-09,-0.0056709157
-7.746891e-09,-0.0056457835
-7.646891e-09,-0.0056285501
-7.546891e-09,-0.005627114
-7.446891e-09,-0.0056407571
-7.346891e-09,-0.0056637351
-7.246891e-09,-0.0056852769
-7.146891e-09,-0.0056960478
-7.046891e-09,-0.0056903033
-6.946891e-09,-0.0056716337
-6.846891e-09,-0.0056465016
-6.746891e-09,-0.005627114
-6.646891e-09,-0.0056206514
-6.546891e-09,-0.0056292682
-6.446891e-09,-0.0056493739
-6.346891e-09,-0.0056730699
-6.246891e-09,-0.0056938936
-6.146891e-09,-0.0057075368
-6.046891e-09,-0.0057147174
-5.946891e-09,-0.0057190257
-5.846891e-09,-0.0057247702
-5.746891e-09,-0.0057333869
-5.646891e-09,-0.0057434398
-5.546891e-09,-0.0057534926
-5.446891e-09,-0.0057599552
-5.346891e-09,-0.0057621094
-5.246891e-09,-0.0057628274
-5.146891e-09,-0.0057649816
-5.046891e-09,-0.0057714442
-4.946891e-09,-0.0057829331
-4.846891e-09,-0.0057972943
-4.746891e-09,-0.0058109375
-4.646891e-09,-0.0058209903
-4.546891e-09,-0.0058252987
-4.446891e-09,-0.0058245807
-4.346891e-09,-0.0058224265
-4.246891e-09,-0.0058195542
-4.146891e-09,-0.0058181181
-4.046891e-09,-0.0058152459
-3.946891e-09,-0.0058109375
-3.846891e-09,-0.0058023208
-3.746891e-09,-0.0057893957
-3.646891e-09,-0.0057721622
-3.546891e-09,-0.0057534926
-3.446891e-09,-0.0057326689
-3.346891e-09,-0.0057089729
-3.246891e-09,-0.0056788143
-3.146891e-09,-0.0056386029
-3.046891e-09,-0.0055861845
-2.946891e-09,-0.0055215591
-2.846891e-09,-0.0054461627
-2.746891e-09,-0.0053628676
-2.646891e-09,-0.0052752642
-2.546891e-09,-0.0051855067
-2.446891e-09,-0.0050928768
-2.346891e-09,-0.0049952206
-2.246891e-09,-0.0048903837
-2.146891e-09,-0.0047762121
-2.046891e-09,-0.0046512695
-1.946891e-09,-0.0045126838
-1.846891e-09,-0.004361173
-1.746891e-09,-0.004195301
-1.646891e-09,-0.0040150678
-1.546891e-09,-0.0038233456
-1.446891e-09,-0.0036215705
-1.346891e-09,-0.0034126149
-1.246891e-09,-0.0031993509
-1.146891e-09,-0.0029846507
-1.046891e-09,-0.0027677964
-9.468905e-10,-0.0025487879
-8.468905e-10,-0.0023261891
-7.468905e-10,-0.0021
-6.468905e-10,-0.0018709386
-5.468905e-10,-0.0016411592
-4.468905e-10,-0.0014113798
-3.468905e-10,-0.0011808824
-2.468905e-10,-0.00094894876
-1.468905e-10,-0.0007127068
-4.689054e-11,-0.00047215648
5.310946e-11,-0.00022729779
1.531095e-10,1.6842831e-05
2.531095e-10,0.00025595703
3.531095e-10,0.00048501838
4.531095e-10,0.00070330882
5.531095e-10,0.00091298254
6.531095e-10,0.0011183479
7.531095e-10,0.0013237132
8.531095e-10,0.0015305147
9.531095e-10,0.0017358801
1.053109e-09,0.0019333467
1.153109e-09,0.0021186064
1.253109e-09,0.0022887868
1.353109e-09,0.0024446059
1.453109e-09,0.0025918084
1.553109e-09,0.0027347024
1.653109e-09,0.0028747243
1.753109e-09,0.0030097197
1.853109e-09,0.0031332261
1.953109e-09,0.003238063
2.053109e-09,0.0033227941
2.153109e-09,0.0033917279
2.253109e-09,0.0034549173
2.353109e-09,0.0035245692
2.453109e-09,0.0036100184
2.553109e-09,0.0037112649
2.653109e-09,0.0038211282
2.753109e-09,0.003925247
2.853109e-09,0.0040121324
2.953109e-09,0.0040731675
3.053109e-09,0.0041105067
3.153109e-09,0.0041320485
3.253109e-09,0.00415
3.353109e-09,0.0041729779
3.453109e-09,0.0042038545
3.553109e-09,0.0042404756
3.653109e-09,0.0042763787
3.753109e-09,0.0043051011
3.853109e-09,0.0043244887
3.953109e-09,0.0043366958
4.053109e-09,0.0043453125
4.153109e-09,0.0043546473
4.253109e-09,0.0043654182
4.353109e-09,0.004374753
4.453109e-09,0.0043797794
4.553109e-09,0.0043776252
4.653109e-09,0.0043697266
4.753109e-09,0.0043611098
4.853109e-09,0.0043568015
4.953109e-09,0.0043611098
5.053109e-09,0.0043733169
5.153109e-09,0.0043891142
5.253109e-09,0.0044027574
5.353109e-09,0.0044085018
5.453109e-09,0.0044063477
5.553109e-09,0.004398449
5.653109e-09,0.0043912684
5.753109e-09,0.0043898323
5.853109e-09,0.0043962948
5.953109e-09,0.004409938
6.053109e-09,0.0044257353
6.153109e-09,0.0044408146
6.253109e-09,0.0044523035
6.353109e-09,0.0044616383
6.453109e-09,0.0044716912
6.553109e-09,0.0044860524
6.653109e-09,0.0045061581
6.753109e-09,0.0045298541
6.853109e-09,0.004552114
6.953109e-09,0.0045693474
7.053109e-09,0.0045779642
7.153109e-09,0.0045794003
7.253109e-09,0.0045750919
7.353109e-09,0.0045700655
7.453109e-09,0.0045679113
7.553109e-09,0.0045693474
7.653109e-09,0.0045750919
7.753109e-09,0.0045822725
7.853109e-09,0.0045901712
7.953109e-09,0.0045951976
8.053109e-09,0.0045980699
8.153109e-09,0.0045987879
8.253109e-09,0.0045987879
8.353109e-09,0.0045980699
8.453109e-09,0.0045980699
8.553109e-09,0.0045980699
8.653109e-09,0.0045987879
8.753109e-09,0.0045987879
8.853109e-09,0.0045980699
8.953109e-09,0.0045959157
9.053109e-09,0.0045923254
9.153109e-09,0.004588017
9.253109e-09,0.0045865809
9.353109e-09,0.0045894531
9.453109e-09,0.0045973518
9.553109e-09,0.0046088408
9.653109e-09,0.0046210478
9.753109e-09,0.0046275103
9.853109e-09,0.0046246381
9.953109e-09,0.0046095588
1.005311e-08,0.0045865809
1.015311e-08,0.0045614488
1.025311e-08,0.0045427792
1.035311e-08,0.0045355986
1.045311e-08,0.004540625
1.055311e-08,0.0045535501
1.065311e-08,0.0045650391
1.075311e-08,0.0045700655
1.085311e-08,0.0045636029
1.095311e-08,0.0045492417
1.105311e-08,0.0045320083
1.115311e-08,0.0045205193
1.125311e-08,0.0045176471
1.135311e-08,0.0045219554
1.145311e-08,0.0045269818
1.155311e-08,0.0045269818
1.165311e-08,0.0045176471
1.175311e-08,0.0045011317
1.185311e-08,0.0044838982
1.195311e-08,0.0044724092
1.205311e-08,0.0044716912
1.215311e-08,0.0044788718
1.225311e-08,0.0044882066
1.235311e-08,0.0044910788
1.245311e-08,0.0044831801
1.255311e-08,0.0044659467
1.265311e-08,0.0044472771
1.275311e-08,0.0044357881
1.285311e-08,0.0044372243
1.295311e-08,0.0044508674
1.305311e-08,0.0044688189
1.315311e-08,0.0044788718
1.325311e-08,0.0044716912
1.335311e-08,0.0044465591
1.345311e-08,0.004410656
1.355311e-08,0.0043761891
1.365311e-08,0.0043568015
1.375311e-08,0.0043575195
1.385311e-08,0.0043761891
1.395311e-08,0.0044027574
1.405311e-08,0.0044257353
1.415311e-08,0.0044365062
1.425311e-08,0.004434352
1.435311e-08,0.0044235811
1.445311e-08,0.0044142463
1.455311e-08,0.004410656
1.465311e-08,0.0044149644
1.475311e-08,0.0044214269
1.485311e-08,0.0044257353
1.495311e-08,0.0044228631
1.505311e-08,0.0044142463
1.515311e-08,0.0044056296
1.525311e-08,0.0044027574
1.535311e-08,0.0044092199
1.545311e-08,0.0044235811
1.555311e-08,0.0044386604
1.565311e-08,0.0044487132
1.575311e-08,0.0044479952
1.585311e-08,0.0044379423
1.595311e-08,0.0044242992
1.605311e-08,0.0044142463
1.615311e-08,0.0044120921
1.625311e-08,0.0044171186
1.635311e-08,0.0044242992
1.645311e-08,0.0044257353
1.655311e-08,0.0044156824
1.665311e-08,0.0043948587
1.675311e-08,0.0043682904
1.685311e-08,0.0043453125
1.695311e-08,0.0043331055
1.705311e-08,0.0043338235
1.715311e-08,0.0043445944
1.725311e-08,0.0043568015
1.735311e-08,0.004363264
1.745311e-08,0.0043603918
1.755311e-08,0.0043481847
1.765311e-08,0.0043338235
1.775311e-08,0.0043230526
1.785311e-08,0.0043194623
1.795311e-08,0.0043244887
1.805311e-08,0.0043338235
1.815311e-08,0.0043424403
1.825311e-08,0.0043453125
1.835311e-08,0.0043424403
1.845311e-08,0.0043338235
1.855311e-08,0.0043237707
1.865311e-08,0.004315872
1.875311e-08,0.0043115636
1.885311e-08,0.0043108456
1.895311e-08,0.0043137178
1.905311e-08,0.0043187443
1.915311e-08,0.0043259249
1.925311e-08,0.0043338235
1.935311e-08,0.0043417222
1.945311e-08,0.0043474667
1.955311e-08,0.0043496209
1.965311e-08,0.0043453125
1.975311e-08,0.0043352597
1.985311e-08,0.0043208984
1.995311e-08,0.0043079733
2.005311e-08,0.0042993566
2.015311e-08,0.0042993566
2.025311e-08,0.0043072553
2.035311e-08,0.0043201804
2.045311e-08,0.0043338235
2.055311e-08,0.0043431583
2.065311e-08,0.0043453125
2.075311e-08,0.0043417222
2.085311e-08,0.0043338235
2.095311e-08,0.0043259249
2.105311e-08,0.0043216165
2.115311e-08,0.0043201804
2.125311e-08,0.0043223346
2.135311e-08,0.0043244887
2.145311e-08,0.0043237707
2.155311e-08,0.0043194623
2.165311e-08,0.0043108456
2.175311e-08,0.0043000747
2.185311e-08,0.0042885857
2.195311e-08,0.004280687
2.205311e-08,0.0042763787
2.215311e-08,0.0042770967
2.225311e-08,0.004280687
2.235311e-08,0.0042857135
2.245311e-08,0.0042878676
2.255311e-08,0.0042842773
2.265311e-08,0.0042727884
2.275311e-08,0.0042541188
2.285311e-08,0.0042304228
2.295311e-08,0.0042052907
2.305311e-08,0.0041837489
2.315311e-08,0.0041686696
2.325311e-08,0.004161489
2.335311e-08,0.0041600528
2.345311e-08,0.004161489
2.355311e-08,0.004162207
2.365311e-08,0.004161489
2.375311e-08,0.0041586167
2.385311e-08,0.0041564625
2.395311e-08,0.0041571806
2.405311e-08,0.004161489
2.415311e-08,0.0041672335
2.425311e-08,0.0041701057
2.435311e-08,0.0041657973
2.445311e-08,0.00415
2.455311e-08,0.0041241498
2.465311e-08,0.004091119
2.475311e-08,0.0040595244
2.485311e-08,0.0040351103
2.495311e-08,0.0040243394
2.505311e-08,0.0040272116
2.515311e-08,0.0040408548
2.525311e-08,0.0040580882
2.535311e-08,0.0040724494
2.545311e-08,0.0040781939
2.555311e-08,0.0040731675
2.565311e-08,0.0040580882
2.575311e-08,0.0040365464
2.585311e-08,0.0040114143
2.595311e-08,0.0039877183
2.605311e-08,0.0039661765
2.615311e-08,0.003948225
2.625311e-08,0.0039331457
2.635311e-08,0.0039202206
2.645311e-08,0.0039087316
2.655311e-08,0.0038986788
2.665311e-08,0.003889344
2.675311e-08,0.0038814453
2.685311e-08,0.0038742647
2.695311e-08,0.0038678022
2.705311e-08,0.0038627757
2.715311e-08,0.0038577493
2.725311e-08,0.0038512868
2.735311e-08,0.003841952
2.745311e-08,0.0038275908
2.755311e-08,0.0038074851
2.765311e-08,0.0037823529
2.775311e-08,0.0037536305
2.785311e-08,0.0037249081
2.795311e-08,0.0036990579
2.805311e-08,0.0036789522
2.815311e-08,0.003664591
2.825311e-08,0.0036552562
2.835311e-08,0.0036495117
2.845311e-08,0.0036444853
2.855311e-08,0.0036387408
2.865311e-08,0.0036315602
2.875311e-08,0.0036222254
2.885311e-08,0.0036100184
2.895311e-08,0.0035949391
2.905311e-08,0.0035762695
2.915311e-08,0.0035540097
2.925311e-08,0.0035295956
2.935311e-08,0.0035066176
2.945311e-08,0.0034879481
2.955311e-08,0.0034764591
2.965311e-08,0.0034721507
2.975311e-08,0.0034735869
2.985311e-08,0.0034771772
2.995311e-08,0.0034778952
3.005311e-08,0.0034721507
3.015311e-08,0.0034606618
3.025311e-08,0.0034441464
3.035311e-08,0.003428349
3.045311e-08,0.0034147059
3.055311e-08,0.0034053711
3.065311e-08,0.0033981905
3.075311e-08,0.0033910099
3.085311e-08,0.003380239
3.095311e-08,0.0033637236
3.105311e-08,0.0033428998
3.115311e-08,0.0033206399
3.125311e-08,0.0032998162
3.135311e-08,0.0032833008
3.145311e-08,0.0032732479
3.155311e-08,0.0032675034
3.165311e-08,0.0032653493
3.175311e-08,0.0032653493
3.185311e-08,0.0032660673
3.195311e-08,0.0032660673
3.205311e-08,0.0032653493
3.215311e-08,0.003261759
3.225311e-08,0.0032538603
3.235311e-08,0.0032394991
3.245311e-08,0.0032193934
3.255311e-08,0.0031956974
3.265311e-08,0.0031734375
3.275311e-08,0.0031576402
3.285311e-08,0.0031504596
3.295311e-08,0.0031533318
3.305311e-08,0.0031612305
3.315311e-08,0.0031705653
3.325311e-08,0.0031734375
3.335311e-08,0.003167693
3.345311e-08,0.0031533318
3.355311e-08,0.0031346622
3.365311e-08,0.0031159926
3.375311e-08,0.0031023495
3.385311e-08,0.0030951689
3.395311e-08,0.0030937328
3.405311e-08,0.0030930147
3.415311e-08,0.0030901425
3.425311e-08,0.0030829619
3.435311e-08,0.0030714729
3.445311e-08,0.0030585478
3.455311e-08,0.0030470588
3.465311e-08,0.0030384421
3.475311e-08,0.0030355699
3.485311e-08,0.0030355699
3.495311e-08,0.003037724
3.505311e-08,0.0030384421
3.515311e-08,0.0030384421
3.525311e-08,0.0030355699
3.535311e-08,0.0030312615
3.545311e-08,0.003025517
3.555311e-08,0.0030197725
3.565311e-08,0.0030125919
3.575311e-08,0.0030046932
3.585311e-08,0.0029967946
3.595311e-08,0.0029874598
3.605311e-08,0.002978125
3.615311e-08,0.0029695083
3.625311e-08,0.0029623277
3.635311e-08,0.0029573012
3.645311e-08,0.0029551471
3.655311e-08,0.0029565832
3.665311e-08,0.0029601735
3.675311e-08,0.0029644818
3.685311e-08,0.002966636
3.695311e-08,0.0029630457
3.705311e-08,0.0029522748
3.715311e-08,0.0029336052
3.725311e-08,0.0029091912
3.735311e-08,0.002883341
3.745311e-08,0.0028610811
3.755311e-08,0.0028467199
3.765311e-08,0.0028402574
3.775311e-08,0.0028402574
3.785311e-08,0.0028431296
3.795311e-08,0.0028438477
3.805311e-08,0.0028402574
3.815311e-08,0.0028316406
3.825311e-08,0.0028187155
3.835311e-08,0.0028057904
3.845311e-08,0.0027943015
3.855311e-08,0.0027842486
3.865311e-08,0.0027741958
3.875311e-08,0.0027619887
3.885311e-08,0.0027483456
3.895311e-08,0.0027332663
3.905311e-08,0.0027210593
3.915311e-08,0.0027138787
3.925311e-08,0.0027138787
3.935311e-08,0.0027189051
3.945311e-08,0.0027260857
3.955311e-08,0.002728958
3.965311e-08,0.0027253676
3.975311e-08,0.0027153148
3.985311e-08,0.0027023897
3.995311e-08,0.0026930549
4.005311e-08,0.0026909007
4.015311e-08,0.0026973633
4.025311e-08,0.0027088523
4.035311e-08,0.0027167509
4.045311e-08,0.0027138787
4.055311e-08,0.0026959272
4.065311e-08,0.0026657686
4.075311e-08,0.0026298656
4.085311e-08,0.002598989
4.095311e-08,0.0025817555
4.105311e-08,0.0025817555
4.115311e-08,0.0025939625
4.125311e-08,0.0026104779
4.135311e-08,0.0026205308
4.145311e-08,0.0026169405
4.155311e-08,0.002599707
4.165311e-08,0.002576011
4.175311e-08,0.0025537511
4.185311e-08,0.0025422622
4.195311e-08,0.0025429802
4.205311e-08,0.0025530331
4.215311e-08,0.002563804
4.225311e-08,0.0025681124
4.235311e-08,0.0025594956
4.245311e-08,0.0025415441
4.255311e-08,0.0025200023
4.265311e-08,0.002504205
4.275311e-08,0.0024998966
4.285311e-08,0.0025070772
4.295311e-08,0.0025192842
4.305311e-08,0.002527901
4.315311e-08,0.0025243107
4.325311e-08,0.0025070772
4.335311e-08,0.0024797909
4.345311e-08,0.0024525046
4.355311e-08,0.002433117
4.365311e-08,0.0024266544
4.375311e-08,0.0024316808
4.385311e-08,0.0024410156
4.395311e-08,0.0024446059
4.405311e-08,0.0024381434
4.415311e-08,0.0024209099
4.425311e-08,0.0024000862
4.435311e-08,0.0023842888
4.445311e-08,0.0023806985
4.455311e-08,0.0023907514
4.465311e-08,0.0024087029
4.475311e-08,0.0024237822
4.485311e-08,0.0024266544
4.495311e-08,0.0024137293
4.505311e-08,0.0023871611
4.515311e-08,0.0023577206
4.525311e-08,0.0023347426
4.535311e-08,0.0023261259
4.545311e-08,0.0023318704
4.555311e-08,0.0023455136
4.565311e-08,0.0023577206
4.575311e-08,0.0023591567
4.585311e-08,0.0023476677
4.595311e-08,0.0023254079
4.605311e-08,0.0023002757
4.615311e-08,0.002279452
4.625311e-08,0.0022672449
4.635311e-08,0.0022607824
4.645311e-08,0.0022543199
4.655311e-08,0.0022413948
4.665311e-08,0.0022198529
4.675311e-08,0.0021911305
4.685311e-08,0.0021624081
4.695311e-08,0.0021430205
4.705311e-08,0.002137276
4.715311e-08,0.0021458927
4.725311e-08,0.0021624081
4.735311e-08,0.0021767693
4.745311e-08,0.0021810777
4.755311e-08,0.0021710248
4.765311e-08,0.0021509191
4.775311e-08,0.0021272231
4.785311e-08,0.0021092716
4.795311e-08,0.0021013729
4.805311e-08,0.0021049632
4.815311e-08,0.002114298
4.825311e-08,0.0021221967
4.835311e-08,0.0021229148
4.845311e-08,0.0021164522
4.855311e-08,0.0021049632
4.865311e-08,0.0020956284
4.875311e-08,0.0020913201
4.885311e-08,0.0020934743
4.895311e-08,0.0020992188
4.905311e-08,0.0021035271
4.915311e-08,0.002102091
4.925311e-08,0.0020934743
4.935311e-08,0.0020819853
4.945311e-08,0.0020726505
4.955311e-08,0.0020683421
4.965311e-08,0.0020704963
4.975311e-08,0.0020726505
4.985311e-08,0.0020690602
4.995311e-08,0.0020525448
5.005311e-08,0.0020245404
5.015311e-08,0.0019900735
5.025311e-08,0.0019584789
5.035311e-08,0.0019383732
5.045311e-08,0.0019326287
5.055311e-08,0.001936937
5.065311e-08,0.0019412454
5.075311e-08,0.0019340648
5.085311e-08,0.0019096507
5.095311e-08,0.0018708755
5.105311e-08,0.0018263557
5.115311e-08,0.0017904527
5.125311e-08,0.0017717831
5.135311e-08,0.0017717831
5.145311e-08,0.0017839901
5.155311e-08,0.0017954791
5.165311e-08,0.001794761
5.175311e-08,0.0017768095
5.185311e-08,0.0017459329
5.195311e-08,0.0017100299
5.205311e-08,0.0016798713
5.215311e-08,0.0016619198
5.225311e-08,0.0016568934
5.235311e-08,0.0016576114
5.245311e-08,0.0016568934
5.255311e-08,0.0016504308
5.265311e-08,0.0016375057
5.275311e-08,0.0016231445
5.285311e-08,0.0016109375
5.295311e-08,0.001604475
5.305311e-08,0.0016008847
5.315311e-08,0.0015972943
5.325311e-08,0.0015879596
5.335311e-08,0.0015728803
5.345311e-08,0.0015563649
5.355311e-08,0.0015448759
5.365311e-08,0.0015420037
5.375311e-08,0.0015491843
5.385311e-08,0.0015606733
5.395311e-08,0.0015685719
5.405311e-08,0.0015649816
5.415311e-08,0.0015491843
5.425311e-08,0.0015262063
5.435311e-08,0.0015061006
5.445311e-08,0.0014960478
5.455311e-08,0.0015003562
5.465311e-08,0.0015139993
5.475311e-08,0.0015276425
5.485311e-08,0.0015305147
5.495311e-08,0.0015168716
5.505311e-08,0.0014903033
5.515311e-08,0.0014601448
5.525311e-08,0.0014386029
5.535311e-08,0.0014342946
5.545311e-08,0.0014500919
5.555311e-08,0.0014773782
5.565311e-08,0.0015075368
5.575311e-08,0.0015290786
5.585311e-08,0.0015369773
5.595311e-08,0.0015319508
5.605311e-08,0.0015190257
5.615311e-08,0.0015053826
5.625311e-08,0.0014946117
5.635311e-08,0.0014881491
5.645311e-08,0.0014845588
5.655311e-08,0.0014824046
5.665311e-08,0.0014824046
5.675311e-08,0.001486713
5.685311e-08,0.0014960478
5.695311e-08,0.0015111271
5.705311e-08,0.0015276425
5.715311e-08,0.0015398495
5.725311e-08,0.0015420037
5.735311e-08,0.0015326689
5.745311e-08,0.0015154354
5.755311e-08,0.0014960478
5.765311e-08,0.0014845588
5.775311e-08,0.0014845588
5.785311e-08,0.0014946117
5.795311e-08,0.0015096909
5.805311e-08,0.0015190257
5.815311e-08,0.0015168716
5.825311e-08,0.0015025103
5.835311e-08,0.0014809685
5.845311e-08,0.0014615809
5.855311e-08,0.0014522461
5.865311e-08,0.0014558364
5.875311e-08,0.0014694795
5.885311e-08,0.0014845588
5.895311e-08,0.0014924575
5.905311e-08,0.0014881491
5.915311e-08,0.0014716337
5.925311e-08,0.0014500919
5.935311e-08,0.0014321404
5.945311e-08,0.0014235237
5.955311e-08,0.001427832
5.965311e-08,0.0014386029
5.975311e-08,0.0014486558
5.985311e-08,0.0014493739
5.995311e-08,0.0014378849
6.005311e-08,0.001415625
6.015311e-08,0.0013904929
6.025311e-08,0.0013718233
6.035311e-08,0.0013646427
6.045311e-08,0.0013696691
6.055311e-08,0.0013818761
6.065311e-08,0.0013926471
6.075311e-08,0.0013940832
6.085311e-08,0.0013811581
6.095311e-08,0.0013553079
6.105311e-08,0.0013229952
6.115311e-08,0.0012906824
6.125311e-08,0.0012662684
6.135311e-08,0.0012519072
6.145311e-08,0.0012468807
6.155311e-08,0.0012454446
6.165311e-08,0.0012432904
6.175311e-08,0.0012361098
6.185311e-08,0.0012231847
6.195311e-08,0.0012052332
6.205311e-08,0.0011858456
6.215311e-08,0.001167176
6.225311e-08,0.0011492245
6.235311e-08,0.0011334272
6.245311e-08,0.0011169118
6.255311e-08,0.0011003964
6.265311e-08,0.001084599
6.275311e-08,0.0010702378
6.285311e-08,0.0010594669
6.295311e-08,0.0010515682
6.305311e-08,0.0010451057
6.315311e-08,0.001037207
6.325311e-08,0.001025
6.335311e-08,0.0010084846
6.345311e-08,0.00098837891
6.355311e-08,0.00096970933
6.365311e-08,0.00095606618
6.375311e-08,0.00095032169
6.385311e-08,0.00095247587
6.395311e-08,0.00096037454
6.405311e-08,0.00096755515
6.415311e-08,0.00097042739
6.425311e-08,0.00096611903
6.435311e-08,0.00095606618
6.445311e-08,0.00094457721
6.455311e-08,0.00093596048
6.465311e-08,0.00093524242
6.475311e-08,0.00094242302
6.485311e-08,0.00095606618
6.495311e-08,0.00097114545
6.505311e-08,0.00098335248
6.515311e-08,0.00098981503
6.525311e-08,0.00099053309
6.535311e-08,0.00098766085
6.545311e-08,0.0009847886
6.555311e-08,0.00098550666
6.565311e-08,0.00099053309
6.575311e-08,0.00099914982
6.585311e-08,0.0010077665
6.595311e-08,0.001013511
6.605311e-08,0.001013511
6.615311e-08,0.0010070485
6.625311e-08,0.00099555951
6.635311e-08,0.00098191636
6.645311e-08,0.00096755515
6.655311e-08,0.00095534812
6.665311e-08,0.00094744945
6.675311e-08,0.00094385915
6.685311e-08,0.00094457721
6.695311e-08,0.00094816751
6.705311e-08,0.00095391199
6.715311e-08,0.0009575023
6.725311e-08,0.00095606618
6.735311e-08,0.00094744945
6.745311e-08,0.00093165211
6.755311e-08,0.00091011029
6.765311e-08,0.00088713235
6.775311e-08,0.00086918084
6.785311e-08,0.00086128217
6.795311e-08,0.00086415441
6.805311e-08,0.00087564338
6.815311e-08,0.0008900046
6.825311e-08,0.00089933938
6.835311e-08,0.00089862132
6.845311e-08,0.00088713235
6.855311e-08,0.00086846278
6.865311e-08,0.00085051126
6.875311e-08,0.00083974035
6.885311e-08,0.00084117647
6.895311e-08,0.0008533835
6.905311e-08,0.00087061696
6.915311e-08,0.00088426011
6.925311e-08,0.00088713235
6.935311e-08,0.0008770795
6.945311e-08,0.00085769187
6.955311e-08,0.00083543199
6.965311e-08,0.00081819853
6.975311e-08,0.00081245404
6.985311e-08,0.00081748047
6.995311e-08,0.0008296875
7.005311e-08,0.00084117647
7.015311e-08,0.00084548483
7.025311e-08,0.00083974035
7.035311e-08,0.00082537914
7.045311e-08,0.00080670956
7.055311e-08,0.0007894761
7.065311e-08,0.00077798713
7.075311e-08,0.00077296071
7.085311e-08,0.00077224265
7.095311e-08,0.00077152459
7.105311e-08,0.00076721622
7.115311e-08,0.00075931756
7.125311e-08,0.00074926471
7.135311e-08,0.00073921186
7.145311e-08,0.00073274931
7.155311e-08,0.00072844095
7.165311e-08,0.00072628676
7.175311e-08,0.00072269646
7.185311e-08,0.00071551585
7.195311e-08,0.00070402688
7.205311e-08,0.00069181985
7.215311e-08,0.000681767
7.225311e-08,0.00067602252
7.235311e-08,0.00067674058
7.245311e-08,0.00068033088
7.255311e-08,0.00068392119
7.265311e-08,0.000681767
7.275311e-08,0.00067315028
7.285311e-08,0.00065735294
7.295311e-08,0.00063940142
7.305311e-08,0.00062288603
7.315311e-08,0.00061355124
7.325311e-08,0.00061139706
7.335311e-08,0.0006142693
7.345311e-08,0.00061857767
7.355311e-08,0.0006178596
7.365311e-08,0.00061139706
7.375311e-08,0.00059847197
7.385311e-08,0.00058195657
7.395311e-08,0.00056615924
7.405311e-08,0.00055395221
7.415311e-08,0.00054605354
7.425311e-08,0.00054102711
7.435311e-08,0.00053671875
7.445311e-08,0.00053097426
7.455311e-08,0.00052235754
7.465311e-08,0.00051302275
7.475311e-08,0.00050368796
7.485311e-08,0.00049650735
7.495311e-08,0.00049148093
7.505311e-08,0.0004864545
7.515311e-08,0.00048142808
7.525311e-08,0.00047352941
7.535311e-08,0.00046419462
7.545311e-08,0.00045414177
7.555311e-08,0.00044552505
7.565311e-08,0.0004390625
7.575311e-08,0.00043475414
7.585311e-08,0.00042972771
7.595311e-08,0.00042398323
7.605311e-08,0.00041608456
7.615311e-08,0.00040890395
7.625311e-08,0.00040459559
7.635311e-08,0.00040746783
7.645311e-08,0.00041608456
7.655311e-08,0.00042829159
7.665311e-08,0.00043762638
7.675311e-08,0.0004390625
7.685311e-08,0.00042757353
7.695311e-08,0.00040531365
7.705311e-08,0.00037802734
7.715311e-08,0.00035217716
7.725311e-08,0.00033566176
7.735311e-08,0.00032919922
7.745311e-08,0.00033063534
7.755311e-08,0.0003313534
7.765311e-08,0.00032417279
7.775311e-08,0.00030550322
7.785311e-08,0.00027534467
7.795311e-08,0.0002401597
7.805311e-08,0.00020928309
7.815311e-08,0.00018845933
7.825311e-08,0.00018056066
7.835311e-08,0.00018199678
7.845311e-08,0.00018630515
7.855311e-08,0.00018558709
7.865311e-08,0.00017553424
7.875311e-08,0.00015542854
7.885311e-08,0.00012886029
7.895311e-08,0.00010229205
7.905311e-08,8.075023e-05
7.915311e-08,6.7107077e-05
7.925311e-08,5.9926471e-05
7.935311e-08,5.7054228e-05
7.945311e-08,5.3463925e-05
7.955311e-08,4.7001379e-05
7.965311e-08,3.6948529e-05
7.975311e-08,2.3305377e-05
7.985311e-08,8.9441636e-06
7.995311e-08,-6.1351103e-06
8.005311e-08,-2.0496324e-05
8.015311e-08,-3.4139476e-05
8.025311e-08,-4.7782629e-05
8.035311e-08,-6.2143842e-05
8.045311e-08,-7.7941176e-05
8.055311e-08,-9.5174632e-05
8.065311e-08,-0.00011240809
8.075311e-08,-0.0001303596
8.085311e-08,-0.000146875
8.095311e-08,-0.00016123621
8.105311e-08,-0.00017200712
8.115311e-08,-0.00017846967
8.125311e-08,-0.00018134191
8.135311e-08,-0.00018134191
8.145311e-08,-0.00017990579
8.155311e-08,-0.00017918773
8.165311e-08,-0.00018134191
8.175311e-08,-0.00018493222
8.185311e-08,-0.00018995864
8.195311e-08,-0.00019283088
8.205311e-08,-0.00019283088
8.215311e-08,-0.00018924058
8.225311e-08,-0.00018277803
8.235311e-08,-0.00017559743
8.245311e-08,-0.00016985294
8.255311e-08,-0.0001669807
8.265311e-08,-0.00016769876
8.275311e-08,-0.00016913488
8.285311e-08,-0.00016985294
8.295311e-08,-0.00016841682
8.305311e-08,-0.00016267233
8.315311e-08,-0.00015549173
8.325311e-08,-0.000146875
8.335311e-08,-0.00013969439
8.345311e-08,-0.00013466797
8.355311e-08,-0.00013394991
8.365311e-08,-0.00013538603
8.375311e-08,-0.00013897633
8.385311e-08,-0.00014256664
8.395311e-08,-0.00014543888
8.405311e-08,-0.000146875
8.415311e-08,-0.00014615694
8.425311e-08,-0.0001432847
8.435311e-08,-0.00013897633
8.445311e-08,-0.00013538603
8.455311e-08,-0.00013394991
8.465311e-08,-0.00013466797
8.475311e-08,-0.00013969439
8.485311e-08,-0.000146875
8.495311e-08,-0.00015405561
8.505311e-08,-0.00015980009
8.515311e-08,-0.00016123621
8.525311e-08,-0.00015836397
8.535311e-08,-0.00015405561
8.545311e-08,-0.00015190142
8.555311e-08,-0.00015620979
8.565311e-08,-0.00016985294
8.575311e-08,-0.00019139476
8.585311e-08,-0.00021796301
8.595311e-08,-0.00024309513
8.605311e-08,-0.00026176471
8.615311e-08,-0.00027038143
8.625311e-08,-0.00026966337
8.635311e-08,-0.00026463695
8.645311e-08,-0.00026176471
8.655311e-08,-0.00026750919
8.665311e-08,-0.00028474265
8.675311e-08,-0.00031131089
8.685311e-08,-0.0003421875
8.695311e-08,-0.00036947381
8.705311e-08,-0.00038670726
8.715311e-08,-0.00039173369
8.725311e-08,-0.00038814338
8.735311e-08,-0.00038168084
8.745311e-08,-0.00037880859
8.755311e-08,-0.00038455308
8.765311e-08,-0.00039963235
8.775311e-08,-0.00041901999
8.785311e-08,-0.00043697151
8.795311e-08,-0.00044702436
8.805311e-08,-0.00044558824
8.815311e-08,-0.00043481733
8.825311e-08,-0.00042117417
8.835311e-08,-0.00041112132
8.845311e-08,-0.00041112132
8.855311e-08,-0.00042189223
8.865311e-08,-0.00044199793
8.875311e-08,-0.00046353975
8.885311e-08,-0.00048005515
8.895311e-08,-0.00048723575
8.905311e-08,-0.00048292739
8.915311e-08,-0.00047143842
8.925311e-08,-0.00045707721
8.935311e-08,-0.0004463063
8.945311e-08,-0.00044271599
8.955311e-08,-0.00044702436
8.965311e-08,-0.00045707721
8.975311e-08,-0.00046928424
8.985311e-08,-0.00048005515
8.995311e-08,-0.00048723575
9.005311e-08,-0.00049154412
9.015311e-08,-0.0004936983
9.025311e-08,-0.00049585248
9.035311e-08,-0.00049872472
9.045311e-08,-0.00050303309
9.055311e-08,-0.00050805951
9.065311e-08,-0.000513804
9.075311e-08,-0.00051954848
9.085311e-08,-0.00052601103
9.095311e-08,-0.00053319164
9.105311e-08,-0.0005410903
9.115311e-08,-0.00055042509
9.125311e-08,-0.00056047794
9.135311e-08,-0.00057124885
9.145311e-08,-0.00058273782
9.155311e-08,-0.00059494485
9.165311e-08,-0.00060643382
9.175311e-08,-0.00061792279
9.185311e-08,-0.00062797564
9.195311e-08,-0.00063587431
9.205311e-08,-0.00064090074
9.215311e-08,-0.00064377298
9.225311e-08,-0.00064449104
9.235311e-08,-0.00064736328
9.245311e-08,-0.00065238971
9.255311e-08,-0.00066244256
9.265311e-08,-0.00067680377
9.275311e-08,-0.00069403722
9.285311e-08,-0.00070983456
9.295311e-08,-0.00072132353
9.305311e-08,-0.00072491383
9.315311e-08,-0.00072060547
9.325311e-08,-0.00070983456
9.335311e-08,-0.00069547335
9.345311e-08,-0.00068039407
9.355311e-08,-0.00066962316
9.365311e-08,-0.00066387868
9.375311e-08,-0.00066244256
9.385311e-08,-0.00066387868
9.395311e-08,-0.0006653148
9.405311e-08,-0.00066387868
9.415311e-08,-0.00065957031
9.425311e-08,-0.00065238971
9.435311e-08,-0.00064592716
9.445311e-08,-0.00064090074
9.455311e-08,-0.00063946461
9.465311e-08,-0.00064018267
9.475311e-08,-0.0006416188
9.485311e-08,-0.00064090074
9.495311e-08,-0.00063515625
9.505311e-08,-0.00062582146
9.515311e-08,-0.00061433249
9.525311e-08,-0.00060643382
9.535311e-08,-0.00060571576
9.545311e-08,-0.00061289637
9.555311e-08,-0.00062653952
9.565311e-08,-0.00064090074
9.575311e-08,-0.00064808134
9.585311e-08,-0.00064305492
9.595311e-08,-0.00062366728
9.605311e-08,-0.00059494485
9.615311e-08,-0.00056478631
9.625311e-08,-0.00054180836
9.635311e-08,-0.00053247358
9.645311e-08,-0.0005375
9.655311e-08,-0.00055114315
9.665311e-08,-0.00056550437
9.675311e-08,-0.00057340303
9.685311e-08,-0.00057196691
9.695311e-08,-0.00056335018
9.705311e-08,-0.0005540154
9.715311e-08,-0.00055186121
9.725311e-08,-0.00056047794
9.735311e-08,-0.00057842946
9.745311e-08,-0.00059925322
9.755311e-08,-0.00061505055
9.765311e-08,-0.00061792279
9.775311e-08,-0.00060858801
9.785311e-08,-0.00059207261
9.795311e-08,-0.00057699334
9.805311e-08,-0.00057196691
9.815311e-08,-0.00058058364
9.825311e-08,-0.00059997128
9.835311e-08,-0.00062294922
9.845311e-08,-0.00064090074
9.855311e-08,-0.00064736328
9.865311e-08,-0.00064233686
9.875311e-08,-0.00063012983
9.885311e-08,-0.00061792279
9.895311e-08,-0.00061217831
9.905311e-08,-0.00061576861
9.915311e-08,-0.00062725758
9.925311e-08,-0.00064090074
9.935311e-08,-0.00065238971
9.945311e-08,-0.00065957031
9.955311e-08,-0.00066244256
9.965311e-08,-0.00066387868
9.975311e-08,-0.00066818704
9.985311e-08,-0.00067608571
9.995311e-08,-0.00068685662
1.000531e-07,-0.00069834559
1.001531e-07,-0.00070696232
1.002531e-07,-0.00071055262
1.003531e-07,-0.00071055262
1.004531e-07,-0.00070983456
1.005531e-07,-0.00071055262
1.006531e-07,-0.00071557904
1.007531e-07,-0.00072347771
1.008531e-07,-0.0007328125
1.009531e-07,-0.00074214729
1.010531e-07,-0.00075004596
1.011531e-07,-0.00075794462
1.012531e-07,-0.00076727941
1.013531e-07,-0.00077948644
1.014531e-07,-0.00079456572
1.015531e-07,-0.00081108111
1.016531e-07,-0.00082472426
1.017531e-07,-0.00083262293
1.018531e-07,-0.00083405905
1.019531e-07,-0.00082975069
1.020531e-07,-0.00082472426
1.021531e-07,-0.00082257008
1.022531e-07,-0.00082831457
1.023531e-07,-0.0008405216
1.024531e-07,-0.00085919118
1.025531e-07,-0.00087929687
1.026531e-07,-0.00089653033
1.027531e-07,-0.00090873736
1.028531e-07,-0.00091663603
1.029531e-07,-0.00092238051
1.030531e-07,-0.00092884306
1.031531e-07,-0.00093817785
1.032531e-07,-0.00095110294
1.033531e-07,-0.00096474609
1.034531e-07,-0.00097695312
1.035531e-07,-0.00098413373
1.036531e-07,-0.00098556985
1.037531e-07,-0.00098341567
1.038531e-07,-0.00098197955
1.039531e-07,-0.00098485179
1.040531e-07,-0.00099705882
1.041531e-07,-0.0010186006
1.042531e-07,-0.0010458869
1.043531e-07,-0.0010753274
1.044531e-07,-0.0011004596
1.045531e-07,-0.001116975
1.046531e-07,-0.0011241556
1.047531e-07,-0.0011248736
1.048531e-07,-0.0011234375
1.049531e-07,-0.0011263097
1.050531e-07,-0.0011377987
1.051531e-07,-0.0011571864
1.052531e-07,-0.0011808824
1.053531e-07,-0.0012031422
1.054531e-07,-0.0012175034
1.055531e-07,-0.0012210937
1.056531e-07,-0.0012153493
1.057531e-07,-0.0012060145
1.058531e-07,-0.0011988339
1.059531e-07,-0.0012017061
1.060531e-07,-0.0012153493
1.061531e-07,-0.0012390453
1.062531e-07,-0.0012663316
1.063531e-07,-0.0012907456
1.064531e-07,-0.001307261
1.065531e-07,-0.0013137236
1.066531e-07,-0.0013122875
1.067531e-07,-0.0013086972
1.068531e-07,-0.001307261
1.069531e-07,-0.0013122875
1.070531e-07,-0.0013237764
1.071531e-07,-0.0013381376
1.072531e-07,-0.0013532169
1.073531e-07,-0.0013647059
1.074531e-07,-0.0013711684
1.075531e-07,-0.0013740407
1.076531e-07,-0.0013761949
1.077531e-07,-0.0013790671
1.078531e-07,-0.0013848116
1.079531e-07,-0.0013919922
1.080531e-07,-0.0013991728
1.081531e-07,-0.0014034812
1.082531e-07,-0.0014034812
1.083531e-07,-0.0013984547
1.084531e-07,-0.0013876838
1.085531e-07,-0.0013740407
1.086531e-07,-0.0013596795
1.087531e-07,-0.0013474724
1.088531e-07,-0.0013417279
1.089531e-07,-0.0013431641
1.090531e-07,-0.0013524989
1.091531e-07,-0.0013690142
1.092531e-07,-0.0013876838
1.093531e-07,-0.0014049173
1.094531e-07,-0.0014171243
1.095531e-07,-0.0014228688
1.096531e-07,-0.0014221507
1.097531e-07,-0.0014199966
1.098531e-07,-0.0014192785
1.099531e-07,-0.0014243049
1.100531e-07,-0.0014336397
1.101531e-07,-0.0014451287
1.102531e-07,-0.0014530273
1.103531e-07,-0.0014530273
1.104531e-07,-0.0014451287
1.105531e-07,-0.0014322036
1.106531e-07,-0.0014192785
1.107531e-07,-0.0014149701
1.108531e-07,-0.0014221507
1.109531e-07,-0.0014408203
1.110531e-07,-0.0014666705
1.111531e-07,-0.0014932387
1.112531e-07,-0.0015140625
1.113531e-07,-0.0015269876
1.114531e-07,-0.001532014
1.115531e-07,-0.0015341682
1.116531e-07,-0.0015370404
1.117531e-07,-0.0015420669
1.118531e-07,-0.0015485294
1.119531e-07,-0.00155571
1.120531e-07,-0.0015600184
1.121531e-07,-0.0015628906
1.122531e-07,-0.001567199
1.123531e-07,-0.0015772518
1.124531e-07,-0.0015944853
1.125531e-07,-0.0016196174
1.126531e-07,-0.0016469037
1.127531e-07,-0.0016713178
1.128531e-07,-0.0016863971
1.129531e-07,-0.0016899874
1.130531e-07,-0.0016849609
1.131531e-07,-0.0016777803
1.132531e-07,-0.0016749081
1.133531e-07,-0.0016813706
1.134531e-07,-0.0016964499
1.135531e-07,-0.0017158375
1.136531e-07,-0.0017323529
1.137531e-07,-0.0017402516
1.138531e-07,-0.0017366613
1.139531e-07,-0.0017244543
1.140531e-07,-0.001709375
1.141531e-07,-0.001697168
1.142531e-07,-0.0016914235
1.143531e-07,-0.0016921415
1.144531e-07,-0.001697886
1.145531e-07,-0.0017043486
1.146531e-07,-0.0017086569
1.147531e-07,-0.0017100931
1.148531e-07,-0.001709375
1.149531e-07,-0.0017086569
1.150531e-07,-0.001709375
1.151531e-07,-0.0017100931
1.152531e-07,-0.001709375
1.153531e-07,-0.0017057847
1.154531e-07,-0.0016986041
1.155531e-07,-0.0016914235
1.156531e-07,-0.0016863971
1.157531e-07,-0.0016871151
1.158531e-07,-0.0016950138
1.159531e-07,-0.0017079389
1.160531e-07,-0.001720864
1.161531e-07,-0.0017294807
1.162531e-07,-0.0017294807
1.163531e-07,-0.001721582
1.164531e-07,-0.001709375
1.165531e-07,-0.001697886
1.166531e-07,-0.0016907054
1.167531e-07,-0.0016914235
1.168531e-07,-0.001697886
1.169531e-07,-0.0017057847
1.170531e-07,-0.0017115292
1.171531e-07,-0.0017122472
1.172531e-07,-0.001709375
1.173531e-07,-0.0017050666
1.174531e-07,-0.0017036305
1.175531e-07,-0.0017050666
1.176531e-07,-0.001709375
1.177531e-07,-0.0017122472
1.178531e-07,-0.001709375
1.179531e-07,-0.0017000402
1.180531e-07,-0.0016863971
1.181531e-07,-0.0016749081
1.182531e-07,-0.0016713178
1.183531e-07,-0.0016792165
1.184531e-07,-0.001697886
1.185531e-07,-0.0017201459
1.186531e-07,-0.0017373794
1.187531e-07,-0.0017416877
1.188531e-07,-0.0017323529
1.189531e-07,-0.0017144014
1.190531e-07,-0.0016964499
1.191531e-07,-0.0016892693
1.192531e-07,-0.001697886
1.193531e-07,-0.0017201459
1.194531e-07,-0.0017474322
1.195531e-07,-0.0017696921
1.196531e-07,-0.0017783088
1.197531e-07,-0.0017711282
1.198531e-07,-0.0017538948
1.199531e-07,-0.0017337891
1.200531e-07,-0.001720864
1.201531e-07,-0.0017187098
1.202531e-07,-0.0017251723
1.203531e-07,-0.0017359432
1.204531e-07,-0.0017438419
1.205531e-07,-0.0017467142
1.206531e-07,-0.001745278
1.207531e-07,-0.0017467142
1.208531e-07,-0.0017553309
1.209531e-07,-0.0017740005
1.210531e-07,-0.0017991326
1.211531e-07,-0.0018264189
1.212531e-07,-0.0018472426
1.213531e-07,-0.0018580136
1.214531e-07,-0.0018594497
1.215531e-07,-0.0018537052
1.216531e-07,-0.0018472426
1.217531e-07,-0.0018422162
1.218531e-07,-0.001840062
1.219531e-07,-0.0018386259
1.220531e-07,-0.0018357537
1.221531e-07,-0.0018314453
1.222531e-07,-0.0018292911
1.223531e-07,-0.0018335995
1.224531e-07,-0.0018472426
1.225531e-07,-0.0018695025
1.226531e-07,-0.0018946347
1.227531e-07,-0.0019161765
1.228531e-07,-0.0019276654
1.229531e-07,-0.0019262293
1.230531e-07,-0.0019147403
1.231531e-07,-0.0019010972
1.232531e-07,-0.0018931985
1.233531e-07,-0.0018953527
1.234531e-07,-0.0019068417
1.235531e-07,-0.0019233571
1.236531e-07,-0.0019391544
1.237531e-07,-0.0019506434
1.238531e-07,-0.001957824
1.239531e-07,-0.0019635685
1.240531e-07,-0.0019736213
1.241531e-07,-0.0019894187
1.242531e-07,-0.0020095244
1.243531e-07,-0.002028912
1.244531e-07,-0.0020425551
1.245531e-07,-0.0020475816
1.246531e-07,-0.0020461455
1.247531e-07,-0.0020418371
1.248531e-07,-0.0020425551
1.249531e-07,-0.0020511719
1.250531e-07,-0.0020691234
1.251531e-07,-0.0020906652
1.252531e-07,-0.002111489
1.253531e-07,-0.0021265682
1.254531e-07,-0.002135903
1.255531e-07,-0.0021409295
1.256531e-07,-0.0021459559
1.257531e-07,-0.0021545726
1.258531e-07,-0.0021667796
1.259531e-07,-0.0021804228
1.260531e-07,-0.0021919118
1.261531e-07,-0.0021983743
1.262531e-07,-0.0021998104
1.263531e-07,-0.0021969382
1.264531e-07,-0.0021919118
1.265531e-07,-0.0021868853
1.266531e-07,-0.0021818589
1.267531e-07,-0.0021761144
1.268531e-07,-0.0021689338
1.269531e-07,-0.0021617532
1.270531e-07,-0.002158881
1.271531e-07,-0.0021646255
1.272531e-07,-0.0021804228
1.273531e-07,-0.002206273
1.274531e-07,-0.0022349954
1.275531e-07,-0.0022601275
1.276531e-07,-0.0022723346
1.277531e-07,-0.0022687443
1.278531e-07,-0.0022507927
1.279531e-07,-0.0022256606
1.280531e-07,-0.0022034007
1.281531e-07,-0.0021904756
1.282531e-07,-0.0021897576
1.283531e-07,-0.0021998104
1.284531e-07,-0.0022148897
1.285531e-07,-0.0022292509
1.286531e-07,-0.0022393038
1.287531e-07,-0.0022450483
1.288531e-07,-0.0022493566
1.289531e-07,-0.002254383
1.290531e-07,-0.0022608456
1.291531e-07,-0.0022673081
1.292531e-07,-0.0022723346
1.293531e-07,-0.0022730526
1.294531e-07,-0.0022687443
1.295531e-07,-0.0022637178
1.296531e-07,-0.0022608456
1.297531e-07,-0.0022644359
1.298531e-07,-0.0022752068
1.299531e-07,-0.0022910041
1.300531e-07,-0.0023068015
1.301531e-07,-0.0023175724
1.302531e-07,-0.0023197266
1.303531e-07,-0.0023147001
1.304531e-07,-0.0023068015
1.305531e-07,-0.0023024931
1.306531e-07,-0.0023060834
1.307531e-07,-0.0023197266
1.308531e-07,-0.0023412684
1.309531e-07,-0.0023656824
1.310531e-07,-0.0023865062
1.311531e-07,-0.0023979952
1.312531e-07,-0.0023987132
1.313531e-07,-0.0023900965
1.314531e-07,-0.0023757353
1.315531e-07,-0.0023620921
1.316531e-07,-0.0023527574
1.317531e-07,-0.0023506032
1.318531e-07,-0.0023556296
1.319531e-07,-0.0023649644
1.320531e-07,-0.0023757353
1.321531e-07,-0.002384352
1.322531e-07,-0.0023886604
1.323531e-07,-0.0023886604
1.324531e-07,-0.0023872243
1.325531e-07,-0.0023865062
1.326531e-07,-0.0023893784
1.327531e-07,-0.0023972771
1.328531e-07,-0.0024102022
1.329531e-07,-0.0024259995
1.330531e-07,-0.0024403608
1.331531e-07,-0.0024511317
1.332531e-07,-0.0024561581
1.333531e-07,-0.002454722
1.334531e-07,-0.0024496955
1.335531e-07,-0.0024453872
1.336531e-07,-0.0024446691
1.337531e-07,-0.0024496955
1.338531e-07,-0.0024597484
1.339531e-07,-0.0024712374
1.340531e-07,-0.002479136
1.341531e-07,-0.0024798541
1.342531e-07,-0.0024726735
1.343531e-07,-0.0024590303
1.344531e-07,-0.0024446691
1.345531e-07,-0.0024353343
1.346531e-07,-0.0024360524
1.347531e-07,-0.0024475414
1.348531e-07,-0.0024676471
1.349531e-07,-0.0024891889
1.350531e-07,-0.0025064223
1.351531e-07,-0.0025150391
1.352531e-07,-0.0025136029
1.353531e-07,-0.0025064223
1.354531e-07,-0.0024992417
1.355531e-07,-0.0024970875
1.356531e-07,-0.002502114
1.357531e-07,-0.0025128849
1.358531e-07,-0.00252581
1.359531e-07,-0.0025344267
1.360531e-07,-0.0025365809
1.361531e-07,-0.0025329906
1.362531e-07,-0.002526528
1.363531e-07,-0.0025229377
1.364531e-07,-0.0025250919
1.365531e-07,-0.0025351448
1.366531e-07,-0.002550224
1.367531e-07,-0.0025674575
1.368531e-07,-0.0025825368
1.369531e-07,-0.0025947438
1.370531e-07,-0.0026055147
1.371531e-07,-0.0026162856
1.372531e-07,-0.0026284926
1.373531e-07,-0.0026414177
1.374531e-07,-0.0026521886
1.375531e-07,-0.002655779
1.376531e-07,-0.0026514706
1.377531e-07,-0.0026385455
1.378531e-07,-0.002620594
1.379531e-07,-0.0026040786
1.380531e-07,-0.0025940257
1.381531e-07,-0.0025925896
1.382531e-07,-0.0025983341
1.383531e-07,-0.0026083869
1.384531e-07,-0.0026170037
1.385531e-07,-0.002621312
1.386531e-07,-0.0026220301
1.387531e-07,-0.0026191579
1.388531e-07,-0.0026170037
1.389531e-07,-0.0026170037
1.390531e-07,-0.002620594
1.391531e-07,-0.0026249023
1.392531e-07,-0.0026284926
1.393531e-07,-0.0026306468
1.394531e-07,-0.002632083
1.395531e-07,-0.0026349552
1.396531e-07,-0.0026399816
1.397531e-07,-0.0026493164
1.398531e-07,-0.0026629596
1.399531e-07,-0.002679475
1.400531e-07,-0.0026974265
1.401531e-07,-0.0027168141
1.402531e-07,-0.0027369198
1.403531e-07,-0.0027577436
1.404531e-07,-0.0027778493
1.405531e-07,-0.0027936466
1.406531e-07,-0.0028015453
1.407531e-07,-0.0027993911
1.408531e-07,-0.0027893382
1.409531e-07,-0.0027756951
1.410531e-07,-0.0027649242
1.411531e-07,-0.0027649242
1.412531e-07,-0.0027778493
1.413531e-07,-0.0028022633
1.414531e-07,-0.0028309858
1.415531e-07,-0.0028553998
1.416531e-07,-0.002869761
1.417531e-07,-0.0028719152
1.418531e-07,-0.0028661707
1.419531e-07,-0.0028589901
1.420531e-07,-0.0028582721
1.421531e-07,-0.0028661707
1.422531e-07,-0.0028798139
1.423531e-07,-0.0028948932
1.424531e-07,-0.0029042279
1.425531e-07,-0.0029056641
1.426531e-07,-0.0028999196
1.427531e-07,-0.002893457
1.428531e-07,-0.002892739
1.429531e-07,-0.0029006376
1.430531e-07,-0.002916435
1.431531e-07,-0.0029351045
1.432531e-07,-0.0029501838
1.433531e-07,-0.0029566464
1.434531e-07,-0.0029537741
1.435531e-07,-0.0029458755
1.436531e-07,-0.0029386949
1.437531e-07,-0.0029379768
1.438531e-07,-0.0029458755
1.439531e-07,-0.0029588006
1.440531e-07,-0.0029731618
1.441531e-07,-0.0029839327
1.442531e-07,-0.002988241
1.443531e-07,-0.002987523
1.444531e-07,-0.0029846507
1.445531e-07,-0.0029832146
1.446531e-07,-0.0029853688
1.447531e-07,-0.0029903952
1.448531e-07,-0.0029961397
1.449531e-07,-0.0030004481
1.450531e-07,-0.0030026023
1.451531e-07,-0.0030047564
1.452531e-07,-0.0030076287
1.453531e-07,-0.0030133732
1.454531e-07,-0.0030212718
1.455531e-07,-0.0030284524
1.456531e-07,-0.0030306066
1.457531e-07,-0.0030255802
1.458531e-07,-0.003011937
1.459531e-07,-0.0029932675
1.460531e-07,-0.0029731618
1.461531e-07,-0.0029566464
1.462531e-07,-0.0029473116
1.463531e-07,-0.0029458755
1.464531e-07,-0.0029501838
1.465531e-07,-0.0029588006
1.466531e-07,-0.0029695715
1.467531e-07,-0.0029817785
1.468531e-07,-0.0029961397
1.469531e-07,-0.0030133732
1.470531e-07,-0.0030320427
1.471531e-07,-0.0030507123
1.472531e-07,-0.0030650735
1.473531e-07,-0.0030722541
1.474531e-07,-0.003070818
1.475531e-07,-0.0030629193
1.476531e-07,-0.0030535846
1.477531e-07,-0.0030478401
1.478531e-07,-0.0030507123
1.479531e-07,-0.0030643555
1.480531e-07,-0.0030880515
1.481531e-07,-0.003117492
1.482531e-07,-0.0031454963
1.483531e-07,-0.0031677562
1.484531e-07,-0.0031799632
1.485531e-07,-0.0031806813
1.486531e-07,-0.0031720646
1.487531e-07,-0.0031584214
1.488531e-07,-0.0031454963
1.489531e-07,-0.0031383157
1.490531e-07,-0.0031390338
1.491531e-07,-0.0031498047
1.492531e-07,-0.0031684743
1.493531e-07,-0.0031907341
1.494531e-07,-0.003212276
1.495531e-07,-0.0032287914
1.496531e-07,-0.0032374081
1.497531e-07,-0.0032381261
1.498531e-07,-0.0032345358
1.499531e-07,-0.0032287914
1.500531e-07,-0.0032259191
1.501531e-07,-0.0032287914
1.502531e-07,-0.0032388442
1.503531e-07,-0.0032539235
1.504531e-07,-0.003271875
1.505531e-07,-0.0032883904
1.506531e-07,-0.0032998794
1.507531e-07,-0.0033056239
1.508531e-07,-0.0033063419
1.509531e-07,-0.0033041877
1.510531e-07,-0.0033013155
1.511531e-07,-0.0033020335
1.512531e-07,-0.0033063419
1.513531e-07,-0.0033149586
1.514531e-07,-0.0033257295
1.515531e-07,-0.0033350643
1.516531e-07,-0.0033408088
1.517531e-07,-0.0033415269
1.518531e-07,-0.0033372185
1.519531e-07,-0.0033321921
1.520531e-07,-0.0033293199
1.521531e-07,-0.0033329102
1.522531e-07,-0.003342963
1.523531e-07,-0.0033587603
1.524531e-07,-0.0033752757
1.525531e-07,-0.0033867647
1.526531e-07,-0.003390355
1.527531e-07,-0.0033853286
1.528531e-07,-0.0033752757
1.529531e-07,-0.0033659409
1.530531e-07,-0.0033623506
1.531531e-07,-0.0033659409
1.532531e-07,-0.0033752757
1.533531e-07,-0.0033824563
1.534531e-07,-0.0033810202
1.535531e-07,-0.003366659
1.536531e-07,-0.0033408088
1.537531e-07,-0.0033106503
1.538531e-07,-0.0032855182
1.539531e-07,-0.0032754653
1.540531e-07,-0.003283364
1.541531e-07,-0.0033056239
1.542531e-07,-0.003331474
1.543531e-07,-0.0033501436
1.544531e-07,-0.0033522978
1.545531e-07,-0.0033365005
1.546531e-07,-0.00330706
1.547531e-07,-0.0032740292
1.548531e-07,-0.0032488971
1.549531e-07,-0.0032374081
1.550531e-07,-0.0032402803
1.551531e-07,-0.0032539235
1.552531e-07,-0.003271875
1.553531e-07,-0.0032891085
1.554531e-07,-0.0033020335
1.555531e-07,-0.0033113683
1.556531e-07,-0.0033178309
1.557531e-07,-0.0033228573
1.558531e-07,-0.0033250115
1.559531e-07,-0.0033235754
1.560531e-07,-0.0033178309
1.561531e-07,-0.0033084961
1.562531e-07,-0.0032991613
1.563531e-07,-0.0032941349
1.564531e-07,-0.0032948529
1.565531e-07,-0.0033013155
1.566531e-07,-0.0033106503
1.567531e-07,-0.0033171128
1.568531e-07,-0.0033178309
1.569531e-07,-0.0033135225
1.570531e-07,-0.0033092142
1.571531e-07,-0.0033092142
1.572531e-07,-0.0033178309
1.573531e-07,-0.0033357824
1.574531e-07,-0.0033573242
1.575531e-07,-0.0033767119
1.576531e-07,-0.0033867647
1.577531e-07,-0.0033853286
1.578531e-07,-0.0033745577
1.579531e-07,-0.0033616326
1.580531e-07,-0.0033522978
1.581531e-07,-0.0033501436
1.582531e-07,-0.003354452
1.583531e-07,-0.0033609145
1.584531e-07,-0.0033637868
1.585531e-07,-0.0033601965
1.586531e-07,-0.0033501436
1.587531e-07,-0.0033379366
1.588531e-07,-0.0033293199
1.589531e-07,-0.0033264476
1.590531e-07,-0.0033293199
1.591531e-07,-0.0033350643
1.592531e-07,-0.0033408088
1.593531e-07,-0.0033436811
1.594531e-07,-0.0033451172
1.595531e-07,-0.0033472714
1.596531e-07,-0.0033522978
1.597531e-07,-0.0033623506
1.598531e-07,-0.0033745577
1.599531e-07,-0.0033874828
1.600531e-07,-0.0033982537
1.601531e-07,-0.0034061523
1.602531e-07,-0.0034147691
1.603531e-07,-0.0034269761
1.604531e-07,-0.0034442096
1.605531e-07,-0.0034664694
1.606531e-07,-0.0034880113
1.607531e-07,-0.0035052447
1.608531e-07,-0.0035131434
1.609531e-07,-0.0035131434
1.610531e-07,-0.003508835
1.611531e-07,-0.0035073989
1.612531e-07,-0.0035131434
1.613531e-07,-0.0035282227
1.614531e-07,-0.0035476103
1.615531e-07,-0.003567716
1.616531e-07,-0.0035820772
1.617531e-07,-0.0035906939
1.618531e-07,-0.0035978745
1.619531e-07,-0.0036086455
1.620531e-07,-0.0036280331
1.621531e-07,-0.0036553194
1.622531e-07,-0.0036847599
1.623531e-07,-0.0037084559
1.624531e-07,-0.0037199449
1.625531e-07,-0.0037170726
1.626531e-07,-0.0037048656
1.627531e-07,-0.0036912224
1.628531e-07,-0.0036854779
1.629531e-07,-0.0036919405
1.630531e-07,-0.0037084559
1.631531e-07,-0.0037285616
1.632531e-07,-0.0037429228
1.633531e-07,-0.0037465131
1.634531e-07,-0.0037386144
1.635531e-07,-0.0037235352
1.636531e-07,-0.0037084559
1.637531e-07,-0.003698403
1.638531e-07,-0.0036940947
1.639531e-07,-0.0036948127
1.640531e-07,-0.0036969669
1.641531e-07,-0.003697685
1.642531e-07,-0.0036969669
1.643531e-07,-0.0036962489
1.644531e-07,-0.0036969669
1.645531e-07,-0.003697685
1.646531e-07,-0.0036962489
1.647531e-07,-0.0036890682
1.648531e-07,-0.003673989
1.649531e-07,-0.0036546013
1.650531e-07,-0.0036359318
1.651531e-07,-0.0036251608
1.652531e-07,-0.0036280331
1.653531e-07,-0.0036423943
1.654531e-07,-0.0036632181
1.655531e-07,-0.0036797335
1.656531e-07,-0.0036854779
1.657531e-07,-0.0036775793
1.658531e-07,-0.0036603458
1.659531e-07,-0.0036416762
1.660531e-07,-0.0036280331
1.661531e-07,-0.0036237247
1.662531e-07,-0.0036258789
1.663531e-07,-0.0036287511
1.664531e-07,-0.0036280331
1.665531e-07,-0.0036208525
1.666531e-07,-0.0036122358
1.667531e-07,-0.0036086455
1.668531e-07,-0.0036165441
1.669531e-07,-0.0036380859
1.670531e-07,-0.0036689625
1.671531e-07,-0.0036991211
1.672531e-07,-0.0037199449
1.673531e-07,-0.0037256893
1.674531e-07,-0.0037185087
1.675531e-07,-0.0037055836
1.676531e-07,-0.0036969669
1.677531e-07,-0.0036991211
1.678531e-07,-0.0037127642
1.679531e-07,-0.003733588
1.680531e-07,-0.0037544118
1.681531e-07,-0.003769491
1.682531e-07,-0.0037781078
1.683531e-07,-0.0037824161
1.684531e-07,-0.0037888787
1.685531e-07,-0.0038003676
1.686531e-07,-0.003816165
1.687531e-07,-0.0038333984
1.688531e-07,-0.0038463235
1.689531e-07,-0.003852068
1.690531e-07,-0.0038506319
1.691531e-07,-0.0038470416
1.692531e-07,-0.0038463235
1.693531e-07,-0.003852068
1.694531e-07,-0.003864275
1.695531e-07,-0.0038793543
1.696531e-07,-0.0038922794
1.697531e-07,-0.00389946
1.698531e-07,-0.0039016142
1.699531e-07,-0.0039016142
1.700531e-07,-0.0039037684
1.701531e-07,-0.003910949
1.702531e-07,-0.003922438
1.703531e-07,-0.0039367992
1.704531e-07,-0.0039497243
1.705531e-07,-0.0039590591
1.706531e-07,-0.0039648035
1.707531e-07,-0.0039683938
1.708531e-07,-0.0039727022
1.709531e-07,-0.0039784467
1.710531e-07,-0.0039834731
1.711531e-07,-0.0039863454
1.712531e-07,-0.0039841912
1.713531e-07,-0.0039784467
1.714531e-07,-0.0039727022
1.715531e-07,-0.00396983
1.716531e-07,-0.0039727022
1.717531e-07,-0.0039813189
1.718531e-07,-0.0039928079
1.719531e-07,-0.0040021427
1.720531e-07,-0.0040071691
1.721531e-07,-0.0040093233
1.722531e-07,-0.0040114775
1.723531e-07,-0.00401794
1.724531e-07,-0.0040301471
1.725531e-07,-0.0040459444
1.726531e-07,-0.0040581514
1.727531e-07,-0.0040617417
1.728531e-07,-0.004053125
1.729531e-07,-0.0040344554
1.730531e-07,-0.0040136317
1.731531e-07,-0.0039985524
1.732531e-07,-0.0039956801
1.733531e-07,-0.0040028608
1.734531e-07,-0.0040150678
1.735531e-07,-0.0040222484
1.736531e-07,-0.0040186581
1.737531e-07,-0.004005733
1.738531e-07,-0.0039892176
1.739531e-07,-0.0039798828
1.740531e-07,-0.0039841912
1.741531e-07,-0.0040014246
1.742531e-07,-0.0040244026
1.743531e-07,-0.004040918
1.744531e-07,-0.004041636
1.745531e-07,-0.0040244026
1.746531e-07,-0.0039956801
1.747531e-07,-0.0039669577
1.748531e-07,-0.0039497243
1.749531e-07,-0.0039504423
1.750531e-07,-0.0039669577
1.751531e-07,-0.0039892176
1.752531e-07,-0.0040071691
1.753531e-07,-0.0040143497
1.754531e-07,-0.0040107594
1.755531e-07,-0.0040021427
1.756531e-07,-0.0039956801
1.757531e-07,-0.0039956801
1.758531e-07,-0.0040014246
1.759531e-07,-0.0040071691
1.760531e-07,-0.0040071691
1.761531e-07,-0.0039992705
1.762531e-07,-0.0039877815
1.763531e-07,-0.0039806009
1.764531e-07,-0.0039841912
1.765531e-07,-0.0040021427
1.766531e-07,-0.004029429
1.767531e-07,-0.0040574334
1.768531e-07,-0.0040761029
1.769531e-07,-0.0040789752
1.770531e-07,-0.0040674862
1.771531e-07,-0.0040480986
1.772531e-07,-0.0040301471
1.773531e-07,-0.0040208123
1.774531e-07,-0.0040222484
1.775531e-07,-0.0040308651
1.776531e-07,-0.004041636
1.777531e-07,-0.0040502528
1.778531e-07,-0.0040559972
1.779531e-07,-0.0040595875
1.780531e-07,-0.004064614
1.781531e-07,-0.0040696404
1.782531e-07,-0.0040732307
1.783531e-07,-0.0040717946
1.784531e-07,-0.004064614
1.785531e-07,-0.004053125
1.786531e-07,-0.0040445083
1.787531e-07,-0.0040437902
1.788531e-07,-0.004053125
1.789531e-07,-0.0040696404
1.790531e-07,-0.0040840016
1.791531e-07,-0.00408831
1.792531e-07,-0.0040761029
1.793531e-07,-0.0040509708
1.794531e-07,-0.0040236845
1.795531e-07,-0.0040064511
1.796531e-07,-0.0040071691
1.797531e-07,-0.0040272748
1.798531e-07,-0.0040574334
1.799531e-07,-0.0040847197
1.800531e-07,-0.0040990809
1.801531e-07,-0.0040969267
1.802531e-07,-0.0040847197
1.803531e-07,-0.0040746668
1.804531e-07,-0.0040761029
1.805531e-07,-0.0040926183
1.806531e-07,-0.0041184685
1.807531e-07,-0.0041436006
1.808531e-07,-0.0041565257
1.809531e-07,-0.0041543716
1.810531e-07,-0.0041428826
1.811531e-07,-0.0041328297
1.812531e-07,-0.0041335478
1.813531e-07,-0.0041493451
1.814531e-07,-0.0041751953
1.815531e-07,-0.0042003274
1.816531e-07,-0.0042139706
1.817531e-07,-0.0042118164
1.818531e-07,-0.0041988913
1.819531e-07,-0.0041845301
1.820531e-07,-0.0041795037
1.821531e-07,-0.0041881204
1.822531e-07,-0.00420679
1.823531e-07,-0.0042261776
1.824531e-07,-0.0042369485
1.825531e-07,-0.0042355124
1.826531e-07,-0.0042268957
1.827531e-07,-0.0042204331
1.828531e-07,-0.0042254596
1.829531e-07,-0.0042462833
1.830531e-07,-0.0042793141
1.831531e-07,-0.004313781
1.832531e-07,-0.0043403493
1.833531e-07,-0.0043539924
1.834531e-07,-0.0043575827
1.835531e-07,-0.0043583008
1.836531e-07,-0.0043633272
1.837531e-07,-0.0043748162
1.838531e-07,-0.0043877413
1.839531e-07,-0.0043942038
1.840531e-07,-0.0043863051
1.841531e-07,-0.0043647633
1.842531e-07,-0.0043360409
1.843531e-07,-0.004313781
1.844531e-07,-0.0043058824
1.845531e-07,-0.0043159352
1.846531e-07,-0.0043360409
1.847531e-07,-0.0043554285
1.848531e-07,-0.0043633272
1.849531e-07,-0.0043554285
1.850531e-07,-0.004337477
1.851531e-07,-0.0043180894
1.852531e-07,-0.0043058824
1.853531e-07,-0.0043037282
1.854531e-07,-0.0043051643
1.855531e-07,-0.0043001379
1.856531e-07,-0.0042829044
1.857531e-07,-0.0042534639
1.858531e-07,-0.0042204331
1.859531e-07,-0.0041967371
1.860531e-07,-0.0041909926
1.861531e-07,-0.0042031997
1.862531e-07,-0.0042225873
1.863531e-07,-0.0042340763
1.864531e-07,-0.0042254596
1.865531e-07,-0.0041960191
1.866531e-07,-0.0041558077
1.867531e-07,-0.0041227769
1.868531e-07,-0.0041105699
1.869531e-07,-0.0041234949
1.870531e-07,-0.0041529354
1.871531e-07,-0.0041809398
1.872531e-07,-0.0041909926
1.873531e-07,-0.0041766314
1.874531e-07,-0.0041443187
1.875531e-07,-0.0041091337
1.876531e-07,-0.0040875919
1.877531e-07,-0.0040875919
1.878531e-07,-0.0041048254
1.879531e-07,-0.0041249311
1.880531e-07,-0.0041335478
1.881531e-07,-0.0041220588
1.882531e-07,-0.0040940545
1.883531e-07,-0.0040624598
1.884531e-07,-0.004041636
1.885531e-07,-0.0040401999
1.886531e-07,-0.0040545611
1.887531e-07,-0.0040753849
1.888531e-07,-0.0040875919
1.889531e-07,-0.0040854377
1.890531e-07,-0.0040717946
1.891531e-07,-0.0040567153
1.892531e-07,-0.004053125
1.893531e-07,-0.0040660501
1.894531e-07,-0.0040926183
1.895531e-07,-0.0041191866
1.896531e-07,-0.0041335478
1.897531e-07,-0.0041299575
1.898531e-07,-0.004112006
1.899531e-07,-0.0040933364
1.900531e-07,-0.0040875919
1.901531e-07,-0.0041026712
1.902531e-07,-0.0041349839
1.903531e-07,-0.0041737592
1.904531e-07,-0.0042024816
1.905531e-07,-0.0042132525
1.906531e-07,-0.0042053539
1.907531e-07,-0.0041902746
1.908531e-07,-0.0041795037
1.909531e-07,-0.004183094
1.910531e-07,-0.0042017636
1.911531e-07,-0.0042268957
1.912531e-07,-0.0042484375
1.913531e-07,-0.0042584903
1.914531e-07,-0.0042577723
1.915531e-07,-0.0042513097
1.916531e-07,-0.0042484375
1.917531e-07,-0.004254182
1.918531e-07,-0.004266389
1.919531e-07,-0.004278596
1.920531e-07,-0.0042829044
1.921531e-07,-0.0042750057
1.922531e-07,-0.0042592084
1.923531e-07,-0.0042434111
1.924531e-07,-0.0042369485
1.925531e-07,-0.0042434111
1.926531e-07,-0.0042599265
1.927531e-07,-0.0042764419
1.928531e-07,-0.0042829044
1.929531e-07,-0.0042742877
1.930531e-07,-0.004254182
1.931531e-07,-0.004231204
1.932531e-07,-0.0042139706
1.933531e-07,-0.0042082261
1.934531e-07,-0.0042110983
1.935531e-07,-0.0042154067
1.936531e-07,-0.0042139706
1.937531e-07,-0.0042031997
1.938531e-07,-0.0041859662
1.939531e-07,-0.0041723231
1.940531e-07,-0.0041680147
1.941531e-07,-0.0041759134
1.942531e-07,-0.0041909926
1.943531e-07,-0.0042024816
1.944531e-07,-0.0042024816
1.945531e-07,-0.0041881204
1.946531e-07,-0.0041651425
1.947531e-07,-0.0041436006
1.948531e-07,-0.0041335478
1.949531e-07,-0.0041385742
1.950531e-07,-0.0041522174
1.951531e-07,-0.0041651425
1.952531e-07,-0.0041680147
1.953531e-07,-0.0041572438
1.954531e-07,-0.0041400103
1.955531e-07,-0.0041285214
1.956531e-07,-0.0041335478
1.957531e-07,-0.0041586799
1.958531e-07,-0.0041981733
1.959531e-07,-0.0042369485
1.960531e-07,-0.0042599265
1.961531e-07,-0.0042599265
1.962531e-07,-0.0042405388
1.963531e-07,-0.0042125345
1.964531e-07,-0.0041909926
1.965531e-07,-0.0041859662
1.966531e-07,-0.0041981733
1.967531e-07,-0.004218997
1.968531e-07,-0.0042369485
1.969531e-07,-0.0042434111
1.970531e-07,-0.0042376666
1.971531e-07,-0.0042247415
1.972531e-07,-0.0042139706
1.973531e-07,-0.0042132525
1.974531e-07,-0.0042247415
1.975531e-07,-0.004242693
1.976531e-07,-0.0042599265
1.977531e-07,-0.0042706974
1.978531e-07,-0.0042742877
1.979531e-07,-0.0042728516
1.980531e-07,-0.0042714154
1.981531e-07,-0.0042728516
1.982531e-07,-0.0042757238
1.983531e-07,-0.0042757238
1.984531e-07,-0.0042714154
1.985531e-07,-0.0042613626
1.986531e-07,-0.0042505917
1.987531e-07,-0.0042448472
1.988531e-07,-0.0042484375
1.989531e-07,-0.0042606445
1.990531e-07,-0.0042750057
1.991531e-07,-0.0042843405
1.992531e-07,-0.0042829044
1.993531e-07,-0.0042721335
1.994531e-07,-0.0042606445
1.995531e-07,-0.0042577723
1.996531e-07,-0.0042714154
1.997531e-07,-0.0043001379
1.998531e-07,-0.0043353228
1.999531e-07,-0.0043633272
2.000531e-07,-0.0043748162
2.001531e-07,-0.0043661994
2.002531e-07,-0.0043453757
2.003531e-07,-0.00432527
2.004531e-07,-0.0043173713
2.005531e-07,-0.0043274242
2.006531e-07,-0.0043511202
2.007531e-07,-0.0043776884
2.008531e-07,-0.0043977941
2.009531e-07,-0.0044056928
2.010531e-07,-0.0044042567
2.011531e-07,-0.0044028205
2.012531e-07,-0.0044092831
2.013531e-07,-0.0044272346
2.014531e-07,-0.0044509306
2.015531e-07,-0.0044710363
2.016531e-07,-0.0044782169
2.017531e-07,-0.0044696002
2.018531e-07,-0.0044509306
2.019531e-07,-0.0044344152
2.020531e-07,-0.004432261
2.021531e-07,-0.0044480584
2.022531e-07,-0.0044767808
2.023531e-07,-0.0045062213
2.024531e-07,-0.0045241728
2.025531e-07,-0.0045227367
2.026531e-07,-0.0045040671
2.027531e-07,-0.0044774989
2.028531e-07,-0.004455239
2.029531e-07,-0.00444375
2.030531e-07,-0.00444375
2.031531e-07,-0.0044466222
2.032531e-07,-0.00444375
2.033531e-07,-0.0044308249
2.034531e-07,-0.0044100011
2.035531e-07,-0.0043884593
2.036531e-07,-0.0043748162
2.037531e-07,-0.0043733801
2.038531e-07,-0.0043812787
2.039531e-07,-0.0043891774
2.040531e-07,-0.0043863051
2.041531e-07,-0.0043690717
2.042531e-07,-0.0043396312
2.043531e-07,-0.0043073185
2.044531e-07,-0.0042829044
2.045531e-07,-0.0042728516
2.046531e-07,-0.0042742877
2.047531e-07,-0.0042814683
2.048531e-07,-0.0042829044
2.049531e-07,-0.0042735696
2.050531e-07,-0.0042556181
2.051531e-07,-0.0042362305
2.052531e-07,-0.0042254596
2.053531e-07,-0.004230486
2.054531e-07,-0.0042505917
2.055531e-07,-0.0042793141
2.056531e-07,-0.0043058824
2.057531e-07,-0.0043231158
2.058531e-07,-0.0043295784
2.059531e-07,-0.0043295784
2.060531e-07,-0.0043288603
2.061531e-07,-0.0043324506
2.062531e-07,-0.0043410673
2.063531e-07,-0.004348966
2.064531e-07,-0.0043518382
2.065531e-07,-0.0043460937
2.066531e-07,-0.0043338867
2.067531e-07,-0.0043223977
2.068531e-07,-0.0043173713
2.069531e-07,-0.0043231158
2.070531e-07,-0.004337477
2.071531e-07,-0.0043532744
2.072531e-07,-0.0043633272
2.073531e-07,-0.0043626091
2.074531e-07,-0.0043525563
2.075531e-07,-0.0043389131
2.076531e-07,-0.0043288603
2.077531e-07,-0.0043267061
2.078531e-07,-0.0043324506
2.079531e-07,-0.0043389131
2.080531e-07,-0.0043403493
2.081531e-07,-0.0043317325
2.082531e-07,-0.0043152171
2.083531e-07,-0.0042958295
2.084531e-07,-0.0042829044
2.085531e-07,-0.0042814683
2.086531e-07,-0.0042929573
2.087531e-07,-0.0043109088
2.088531e-07,-0.0043288603
2.089531e-07,-0.0043403493
2.090531e-07,-0.0043446576
2.091531e-07,-0.0043425034
2.092531e-07,-0.0043403493
2.093531e-07,-0.0043417854
2.094531e-07,-0.0043482479
2.095531e-07,-0.0043561466
2.096531e-07,-0.0043633272
2.097531e-07,-0.0043661994
2.098531e-07,-0.0043640453
2.099531e-07,-0.0043618911
2.100531e-07,-0.0043633272
2.101531e-07,-0.0043705078
2.102531e-07,-0.0043834329
2.103531e-07,-0.0043977941
2.104531e-07,-0.0044092831
2.105531e-07,-0.0044150276
2.106531e-07,-0.0044157456
2.107531e-07,-0.0044121553
2.108531e-07,-0.0044092831
2.109531e-07,-0.004408565
2.110531e-07,-0.0044092831
2.111531e-07,-0.0044107192
2.112531e-07,-0.0044092831
2.113531e-07,-0.0044064108
2.114531e-07,-0.0044049747
2.115531e-07,-0.004408565
2.116531e-07,-0.0044207721
2.117531e-07,-0.0044415958
2.118531e-07,-0.0044660099
2.119531e-07,-0.0044875517
2.120531e-07,-0.0045011949
2.121531e-07,-0.0045040671
2.122531e-07,-0.0044990407
2.123531e-07,-0.0044918601
2.124531e-07,-0.0044897059
2.125531e-07,-0.0044961684
2.126531e-07,-0.0045112477
2.127531e-07,-0.0045299173
2.128531e-07,-0.0045471507
2.129531e-07,-0.0045586397
2.130531e-07,-0.0045658203
2.131531e-07,-0.0045715648
2.132531e-07,-0.0045816176
2.133531e-07,-0.0045988511
2.134531e-07,-0.004621111
2.135531e-07,-0.004644807
2.136531e-07,-0.0046620404
2.137531e-07,-0.004668503
2.138531e-07,-0.0046620404
2.139531e-07,-0.0046469612
2.140531e-07,-0.0046275735
2.141531e-07,-0.0046103401
2.142531e-07,-0.0045988511
2.143531e-07,-0.0045931066
2.144531e-07,-0.0045931066
2.145531e-07,-0.0045959789
2.146531e-07,-0.0046010053
2.147531e-07,-0.0046081859
2.148531e-07,-0.0046160846
2.149531e-07,-0.0046247013
2.150531e-07,-0.0046311638
2.151531e-07,-0.0046326
2.152531e-07,-0.0046275735
2.153531e-07,-0.0046160846
2.154531e-07,-0.0046002872
2.155531e-07,-0.0045837718
2.156531e-07,-0.0045701287
2.157531e-07,-0.0045615119
2.158531e-07,-0.0045586397
2.159531e-07,-0.0045579216
2.160531e-07,-0.0045586397
2.161531e-07,-0.0045600758
2.162531e-07,-0.0045643842
2.163531e-07,-0.0045708467
2.164531e-07,-0.0045816176
2.165531e-07,-0.0045938247
2.166531e-07,-0.0046038775
2.167531e-07,-0.0046081859
2.168531e-07,-0.0046045956
2.169531e-07,-0.0045945427
2.170531e-07,-0.0045830538
2.171531e-07,-0.004573719
2.172531e-07,-0.0045701287
2.173531e-07,-0.0045722829
2.174531e-07,-0.0045758732
2.175531e-07,-0.0045758732
2.176531e-07,-0.0045701287
2.177531e-07,-0.0045586397
2.178531e-07,-0.0045471507
2.179531e-07,-0.0045421243
2.180531e-07,-0.0045471507
2.181531e-07,-0.0045629481
2.182531e-07,-0.004585208
2.183531e-07,-0.0046053136
2.184531e-07,-0.0046160846
2.185531e-07,-0.0046146484
2.186531e-07,-0.0046031595
2.187531e-07,-0.0045866441
2.188531e-07,-0.0045701287
2.189531e-07,-0.0045586397
2.190531e-07,-0.0045521772
2.191531e-07,-0.0045493049
2.192531e-07,-0.0045471507
2.193531e-07,-0.0045449966
2.194531e-07,-0.0045449966
2.195531e-07,-0.0045493049
2.196531e-07,-0.0045586397
2.197531e-07,-0.0045722829
2.198531e-07,-0.004585208
2.199531e-07,-0.0045931066
2.200531e-07,-0.0045931066
2.201531e-07,-0.0045866441
2.202531e-07,-0.0045794635
2.203531e-07,-0.0045758732
2.204531e-07,-0.0045816176
2.205531e-07,-0.0045945427
2.206531e-07,-0.004608904
2.207531e-07,-0.0046175207
2.208531e-07,-0.0046160846
2.209531e-07,-0.0046045956
2.210531e-07,-0.0045880802
2.211531e-07,-0.004574437
2.212531e-07,-0.0045701287
2.213531e-07,-0.004574437
2.214531e-07,-0.0045816176
2.215531e-07,-0.0045830538
2.216531e-07,-0.0045701287
2.217531e-07,-0.0045428424
2.218531e-07,-0.0045069393
2.219531e-07,-0.0044746266
2.220531e-07,-0.004455239
2.221531e-07,-0.0044545209
2.222531e-07,-0.0044681641
2.223531e-07,-0.0044875517
2.224531e-07,-0.0045011949
2.225531e-07,-0.0045019129
2.226531e-07,-0.0044897059
2.227531e-07,-0.0044710363
2.228531e-07,-0.004455239
2.229531e-07,-0.0044494945
2.230531e-07,-0.004455239
2.231531e-07,-0.004467446
2.232531e-07,-0.0044782169
2.233531e-07,-0.0044810892
2.234531e-07,-0.0044739085
2.235531e-07,-0.0044588293
2.236531e-07,-0.00444375
2.237531e-07,-0.0044336972
2.238531e-07,-0.004431543
2.239531e-07,-0.0044365694
2.240531e-07,-0.00444375
2.241531e-07,-0.0044502125
2.242531e-07,-0.0044545209
2.243531e-07,-0.0044588293
2.244531e-07,-0.0044667279
2.245531e-07,-0.004479653
2.246531e-07,-0.0044983226
2.247531e-07,-0.0045184283
2.248531e-07,-0.0045356618
2.249531e-07,-0.0045457146
2.250531e-07,-0.0045478688
2.251531e-07,-0.0045428424
2.252531e-07,-0.0045356618
2.253531e-07,-0.0045284812
2.254531e-07,-0.0045241728
2.255531e-07,-0.0045227367
2.256531e-07,-0.0045241728
2.257531e-07,-0.0045291992
2.258531e-07,-0.0045378159
2.259531e-07,-0.0045521772
2.260531e-07,-0.0045701287
2.261531e-07,-0.0045887983
2.262531e-07,-0.0046038775
2.263531e-07,-0.004609622
2.264531e-07,-0.0046045956
2.265531e-07,-0.0045902344
2.266531e-07,-0.0045730009
2.267531e-07,-0.0045607939
2.268531e-07,-0.0045586397
2.269531e-07,-0.0045679745
2.270531e-07,-0.004585208
2.271531e-07,-0.0046031595
2.272531e-07,-0.0046160846
2.273531e-07,-0.004621829
2.274531e-07,-0.004621829
2.275531e-07,-0.004621829
2.276531e-07,-0.0046275735
2.277531e-07,-0.0046404986
2.278531e-07,-0.0046577321
2.279531e-07,-0.0046749655
2.280531e-07,-0.0046850184
2.281531e-07,-0.0046857364
2.282531e-07,-0.0046792739
2.283531e-07,-0.004669221
2.284531e-07,-0.0046620404
2.285531e-07,-0.0046606043
2.286531e-07,-0.0046641946
2.287531e-07,-0.0046699391
2.288531e-07,-0.0046735294
2.289531e-07,-0.0046728114
2.290531e-07,-0.004668503
2.291531e-07,-0.0046641946
2.292531e-07,-0.0046620404
2.293531e-07,-0.0046634766
2.294531e-07,-0.0046670669
2.295531e-07,-0.0046677849
2.296531e-07,-0.0046620404
2.297531e-07,-0.0046498334
2.298531e-07,-0.004633318
2.299531e-07,-0.0046168026
2.300531e-07,-0.0046045956
2.301531e-07,-0.004598133
2.302531e-07,-0.0045945427
2.303531e-07,-0.0045902344
2.304531e-07,-0.0045816176
2.305531e-07,-0.0045694106
2.306531e-07,-0.0045557675
2.307531e-07,-0.0045478688
2.308531e-07,-0.0045471507
2.309531e-07,-0.0045543313
2.310531e-07,-0.0045651023
2.311531e-07,-0.0045722829
2.312531e-07,-0.0045701287
2.313531e-07,-0.0045579216
2.314531e-07,-0.0045392521
2.315531e-07,-0.0045220186
2.316531e-07,-0.0045126838
2.317531e-07,-0.0045134019
2.318531e-07,-0.0045220186
2.319531e-07,-0.0045320715
2.320531e-07,-0.0045356618
2.321531e-07,-0.0045299173
2.322531e-07,-0.0045169922
2.323531e-07,-0.0045011949
2.324531e-07,-0.0044897059
2.325531e-07,-0.0044861156
2.326531e-07,-0.0044904239
2.327531e-07,-0.0044968865
2.328531e-07,-0.0045011949
2.329531e-07,-0.0044997587
2.330531e-07,-0.0044925781
2.331531e-07,-0.0044839614
2.332531e-07,-0.0044782169
2.333531e-07,-0.0044774989
2.334531e-07,-0.0044810892
2.335531e-07,-0.0044861156
2.336531e-07,-0.0044897059
2.337531e-07,-0.0044904239
2.338531e-07,-0.0044918601
2.339531e-07,-0.0044983226
2.340531e-07,-0.0045126838
2.341531e-07,-0.0045349437
2.342531e-07,-0.0045607939
2.343531e-07,-0.0045823357
2.344531e-07,-0.0045931066
2.345531e-07,-0.0045909524
2.346531e-07,-0.0045808996
2.347531e-07,-0.0045708467
2.348531e-07,-0.0045701287
2.349531e-07,-0.0045830538
2.350531e-07,-0.0046074678
2.351531e-07,-0.0046369083
2.352531e-07,-0.0046620404
2.353531e-07,-0.0046764017
2.354531e-07,-0.0046785558
2.355531e-07,-0.0046749655
2.356531e-07,-0.0046735294
2.357531e-07,-0.0046814281
2.358531e-07,-0.0047008157
2.359531e-07,-0.004727384
2.360531e-07,-0.0047539522
2.361531e-07,-0.0047719037
2.362531e-07,-0.0047783663
2.363531e-07,-0.0047740579
2.364531e-07,-0.0047654412
2.365531e-07,-0.0047596967
2.366531e-07,-0.0047625689
2.367531e-07,-0.0047733398
2.368531e-07,-0.0047884191
2.369531e-07,-0.0048013442
2.370531e-07,-0.0048063706
2.371531e-07,-0.0048013442
2.372531e-07,-0.0047884191
2.373531e-07,-0.0047726218
2.374531e-07,-0.0047596967
2.375531e-07,-0.0047532341
2.376531e-07,-0.0047539522
2.377531e-07,-0.0047596967
2.378531e-07,-0.0047668773
2.379531e-07,-0.0047697495
2.380531e-07,-0.0047654412
2.381531e-07,-0.0047525161
2.382531e-07,-0.0047324104
2.383531e-07,-0.0047079963
2.384531e-07,-0.0046850184
2.385531e-07,-0.0046670669
2.386531e-07,-0.004657014
2.387531e-07,-0.0046555779
2.388531e-07,-0.0046620404
2.389531e-07,-0.0046713752
2.390531e-07,-0.00468071
2.391531e-07,-0.0046850184
2.392531e-07,-0.0046850184
2.393531e-07,-0.0046814281
2.394531e-07,-0.0046771197
2.395531e-07,-0.0046742475
2.396531e-07,-0.0046735294
2.397531e-07,-0.0046728114
2.398531e-07,-0.0046699391
2.399531e-07,-0.0046627585
2.400531e-07,-0.0046505515
2.401531e-07,-0.0046369083
2.402531e-07,-0.0046261374
2.403531e-07,-0.0046232652
2.404531e-07,-0.0046275735
2.405531e-07,-0.0046376264
2.406531e-07,-0.0046483973
2.407531e-07,-0.0046534237
2.408531e-07,-0.0046505515
2.409531e-07,-0.0046404986
2.410531e-07,-0.0046282916
2.411531e-07,-0.0046189568
2.412531e-07,-0.0046160846
2.413531e-07,-0.0046189568
2.414531e-07,-0.0046247013
2.415531e-07,-0.0046282916
2.416531e-07,-0.0046275735
2.417531e-07,-0.0046232652
2.418531e-07,-0.004621111
2.419531e-07,-0.0046254193
2.420531e-07,-0.0046390625
2.421531e-07,-0.0046613224
2.422531e-07,-0.0046850184
2.423531e-07,-0.0047022518
2.424531e-07,-0.0047079963
2.425531e-07,-0.0047008157
2.426531e-07,-0.0046857364
2.427531e-07,-0.0046699391
2.428531e-07,-0.0046620404
2.429531e-07,-0.0046641946
2.430531e-07,-0.0046749655
2.431531e-07,-0.0046878906
2.432531e-07,-0.0046965074
2.433531e-07,-0.0046979435
2.434531e-07,-0.0046936351
2.435531e-07,-0.0046878906
2.436531e-07,-0.0046850184
2.437531e-07,-0.0046886087
2.438531e-07,-0.0046957893
2.439531e-07,-0.004704406
2.440531e-07,-0.0047079963
2.441531e-07,-0.0047051241
2.442531e-07,-0.0046957893
2.443531e-07,-0.0046843003
2.444531e-07,-0.0046735294
2.445531e-07,-0.0046656307
2.446531e-07,-0.0046606043
2.447531e-07,-0.004656296
2.448531e-07,-0.0046505515
2.449531e-07,-0.004644807
2.450531e-07,-0.0046412167
2.451531e-07,-0.0046433709
2.452531e-07,-0.0046505515
2.453531e-07,-0.0046606043
2.454531e-07,-0.0046663488
2.455531e-07,-0.0046641946
2.456531e-07,-0.0046505515
2.457531e-07,-0.0046297277
2.458531e-07,-0.004609622
2.459531e-07,-0.0045995692
2.460531e-07,-0.0046045956
2.461531e-07,-0.0046232652
2.462531e-07,-0.0046469612
2.463531e-07,-0.0046663488
2.464531e-07,-0.0046735294
2.465531e-07,-0.0046663488
2.466531e-07,-0.0046519876
2.467531e-07,-0.0046397806
2.468531e-07,-0.0046390625
2.469531e-07,-0.0046527057
2.470531e-07,-0.0046771197
2.471531e-07,-0.0047022518
2.472531e-07,-0.0047194853
2.473531e-07,-0.0047237937
2.474531e-07,-0.0047173311
2.475531e-07,-0.0047058421
2.476531e-07,-0.0046965074
2.477531e-07,-0.004692917
2.478531e-07,-0.0046943532
2.479531e-07,-0.0046972254
2.480531e-07,-0.0046965074
2.481531e-07,-0.004692917
2.482531e-07,-0.0046900448
2.483531e-07,-0.0046936351
2.484531e-07,-0.0047079963
2.485531e-07,-0.0047309743
2.486531e-07,-0.0047561064
2.487531e-07,-0.0047733398
2.488531e-07,-0.0047769301
2.489531e-07,-0.0047668773
2.490531e-07,-0.00475108
2.491531e-07,-0.004739591
2.492531e-07,-0.0047424632
2.493531e-07,-0.0047611328
2.494531e-07,-0.0047884191
2.495531e-07,-0.0048128332
2.496531e-07,-0.004822886
2.497531e-07,-0.0048149874
2.498531e-07,-0.0047948817
2.499531e-07,-0.0047740579
2.500531e-07,-0.0047654412
2.501531e-07,-0.004775494
2.502531e-07,-0.0048013442
2.503531e-07,-0.0048329389
2.504531e-07,-0.0048573529
2.505531e-07,-0.0048652516
2.506531e-07,-0.0048544807
2.507531e-07,-0.0048336569
2.508531e-07,-0.0048113971
2.509531e-07,-0.0047970358
2.510531e-07,-0.0047934455
2.511531e-07,-0.0047970358
2.512531e-07,-0.0047999081
2.513531e-07,-0.0047977539
2.514531e-07,-0.0047891372
2.515531e-07,-0.0047798024
2.516531e-07,-0.0047769301
2.517531e-07,-0.0047841108
2.518531e-07,-0.0048006261
2.519531e-07,-0.0048207318
2.520531e-07,-0.004834375
2.521531e-07,-0.0048350931
2.522531e-07,-0.0048200138
2.523531e-07,-0.0047941636
2.524531e-07,-0.0047654412
2.525531e-07,-0.0047417452
2.526531e-07,-0.0047266659
2.527531e-07,-0.0047202034
2.528531e-07,-0.0047194853
2.529531e-07,-0.0047194853
2.530531e-07,-0.0047173311
2.531531e-07,-0.0047130227
2.532531e-07,-0.0047079963
2.533531e-07,-0.004703688
2.534531e-07,-0.0046993796
2.535531e-07,-0.0046936351
2.536531e-07,-0.0046850184
2.537531e-07,-0.0046735294
2.538531e-07,-0.0046613224
2.539531e-07,-0.0046527057
2.540531e-07,-0.0046505515
2.541531e-07,-0.0046555779
2.542531e-07,-0.0046634766
2.543531e-07,-0.0046706572
2.544531e-07,-0.0046735294
2.545531e-07,-0.0046706572
2.546531e-07,-0.0046663488
2.547531e-07,-0.0046656307
2.548531e-07,-0.0046735294
2.549531e-07,-0.0046900448
2.550531e-07,-0.0047115866
2.551531e-07,-0.0047309743
2.552531e-07,-0.0047424632
2.553531e-07,-0.0047431813
2.554531e-07,-0.0047367187
2.555531e-07,-0.0047302562
2.556531e-07,-0.0047309743
2.557531e-07,-0.0047417452
2.558531e-07,-0.0047604148
2.559531e-07,-0.0047783663
2.560531e-07,-0.0047884191
2.561531e-07,-0.0047848288
2.562531e-07,-0.0047690315
2.563531e-07,-0.0047474897
2.564531e-07,-0.0047309743
2.565531e-07,-0.0047266659
2.566531e-07,-0.0047381549
2.567531e-07,-0.0047611328
2.568531e-07,-0.0047884191
2.569531e-07,-0.004810679
2.570531e-07,-0.004822168
2.571531e-07,-0.0048214499
2.572531e-07,-0.0048113971
2.573531e-07,-0.0047977539
2.574531e-07,-0.0047862649
2.575531e-07,-0.0047790843
2.576531e-07,-0.0047769301
2.577531e-07,-0.0047790843
2.578531e-07,-0.0047826746
2.579531e-07,-0.0047862649
2.580531e-07,-0.0047884191
2.581531e-07,-0.0047877011
2.582531e-07,-0.0047826746
2.583531e-07,-0.004774776
2.584531e-07,-0.0047654412
2.585531e-07,-0.0047582606
2.586531e-07,-0.0047561064
2.587531e-07,-0.0047625689
2.588531e-07,-0.0047769301
2.589531e-07,-0.0047941636
2.590531e-07,-0.0048085248
2.591531e-07,-0.0048113971
2.592531e-07,-0.0047999081
2.593531e-07,-0.004774776
2.594531e-07,-0.0047431813
2.595531e-07,-0.0047144589
2.596531e-07,-0.0046965074
2.597531e-07,-0.0046943532
2.598531e-07,-0.0047065602
2.599531e-07,-0.0047252298
2.600531e-07,-0.0047424632
2.601531e-07,-0.00475108
2.602531e-07,-0.0047482077
2.603531e-07,-0.0047360007
2.604531e-07,-0.0047194853
2.605531e-07,-0.004704406
2.606531e-07,-0.0046936351
2.607531e-07,-0.0046878906
2.608531e-07,-0.0046850184
2.609531e-07,-0.0046828642
2.610531e-07,-0.004679992
2.611531e-07,-0.0046764017
2.612531e-07,-0.0046735294
2.613531e-07,-0.0046735294
2.614531e-07,-0.0046771197
2.615531e-07,-0.0046850184
2.616531e-07,-0.0046965074
2.617531e-07,-0.0047101505
2.618531e-07,-0.0047237937
2.619531e-07,-0.0047360007
2.620531e-07,-0.0047424632
2.621531e-07,-0.0047417452
2.622531e-07,-0.0047324104
2.623531e-07,-0.004715895
2.624531e-07,-0.0046965074
2.625531e-07,-0.00468071
2.626531e-07,-0.0046756836
2.627531e-07,-0.0046850184
2.628531e-07,-0.0047079963
2.629531e-07,-0.0047381549
2.630531e-07,-0.0047661592
2.631531e-07,-0.0047841108
2.632531e-07,-0.0047884191
2.633531e-07,-0.0047812385
2.634531e-07,-0.0047704676
2.635531e-07,-0.004763287
2.636531e-07,-0.0047654412
2.637531e-07,-0.0047762121
2.638531e-07,-0.0047884191
2.639531e-07,-0.0047948817
2.640531e-07,-0.0047884191
2.641531e-07,-0.0047704676
2.642531e-07,-0.0047474897
2.643531e-07,-0.0047316923
2.644531e-07,-0.0047309743
2.645531e-07,-0.0047482077
2.646531e-07,-0.0047776482
2.647531e-07,-0.0048063706
2.648531e-07,-0.004822886
2.649531e-07,-0.0048185777
2.650531e-07,-0.0047948817
2.651531e-07,-0.0047611328
2.652531e-07,-0.0047309743
2.653531e-07,-0.004715895
2.654531e-07,-0.0047209214
2.655531e-07,-0.0047410271
2.656531e-07,-0.0047654412
2.657531e-07,-0.0047826746
2.658531e-07,-0.0047855469
2.659531e-07,-0.0047740579
2.660531e-07,-0.0047539522
2.661531e-07,-0.0047360007
2.662531e-07,-0.0047288201
2.663531e-07,-0.0047352826
2.664531e-07,-0.0047539522
2.665531e-07,-0.0047769301
2.666531e-07,-0.0047955997
2.667531e-07,-0.0048034984
2.668531e-07,-0.0047999081
2.669531e-07,-0.004786983
2.670531e-07,-0.0047690315
2.671531e-07,-0.0047532341
2.672531e-07,-0.0047424632
2.673531e-07,-0.0047388729
2.674531e-07,-0.0047410271
2.675531e-07,-0.0047474897
2.676531e-07,-0.0047539522
2.677531e-07,-0.0047589786
2.678531e-07,-0.0047625689
2.679531e-07,-0.0047640051
2.680531e-07,-0.0047654412
2.681531e-07,-0.0047683134
2.682531e-07,-0.0047740579
2.683531e-07,-0.0047812385
2.684531e-07,-0.0047884191
2.685531e-07,-0.0047941636
2.686531e-07,-0.0047955997
2.687531e-07,-0.0047927275
2.688531e-07,-0.0047884191
2.689531e-07,-0.0047848288
2.690531e-07,-0.004786983
2.691531e-07,-0.0047955997
2.692531e-07,-0.0048113971
2.693531e-07,-0.0048300666
2.694531e-07,-0.004846582
2.695531e-07,-0.0048559168
2.696531e-07,-0.0048573529
2.697531e-07,-0.0048516085
2.698531e-07,-0.0048429917
2.699531e-07,-0.0048365292
2.700531e-07,-0.004834375
2.701531e-07,-0.0048372472
2.702531e-07,-0.0048422737
2.703531e-07,-0.004845864
2.704531e-07,-0.004845864
2.705531e-07,-0.0048429917
2.706531e-07,-0.0048415556
2.707531e-07,-0.0048451459
2.708531e-07,-0.0048573529
2.709531e-07,-0.0048760225
2.710531e-07,-0.0048982824
2.711531e-07,-0.0049162339
2.712531e-07,-0.0049262868
2.713531e-07,-0.0049262868
2.714531e-07,-0.0049191062
2.715531e-07,-0.0049097714
2.716531e-07,-0.0049033088
2.717531e-07,-0.0049040269
2.718531e-07,-0.0049112075
2.719531e-07,-0.0049234145
2.720531e-07,-0.0049377757
2.721531e-07,-0.0049514189
2.722531e-07,-0.0049636259
2.723531e-07,-0.0049743968
2.724531e-07,-0.0049837316
2.725531e-07,-0.0049909122
2.726531e-07,-0.0049937845
2.727531e-07,-0.0049909122
2.728531e-07,-0.0049837316
2.729531e-07,-0.004975833
2.730531e-07,-0.0049722426
2.731531e-07,-0.0049787052
2.732531e-07,-0.0049952206
2.733531e-07,-0.0050196347
2.734531e-07,-0.0050454848
2.735531e-07,-0.0050655905
2.736531e-07,-0.0050756434
2.737531e-07,-0.0050756434
2.738531e-07,-0.0050691808
2.739531e-07,-0.0050641544
2.740531e-07,-0.0050641544
2.741531e-07,-0.005071335
2.742531e-07,-0.0050821059
2.743531e-07,-0.0050921588
2.744531e-07,-0.0050986213
2.745531e-07,-0.0051022116
2.746531e-07,-0.0051058019
2.747531e-07,-0.0051158548
2.748531e-07,-0.0051330882
2.749531e-07,-0.0051553481
2.750531e-07,-0.0051754538
2.751531e-07,-0.0051855067
2.752531e-07,-0.0051790441
2.753531e-07,-0.0051582204
2.754531e-07,-0.0051309341
2.755531e-07,-0.0051079561
2.756531e-07,-0.0050986213
2.757531e-07,-0.0051050839
2.758531e-07,-0.0051215993
2.759531e-07,-0.0051381147
2.760531e-07,-0.0051445772
2.761531e-07,-0.0051352424
2.762531e-07,-0.0051122645
2.763531e-07,-0.0050849782
2.764531e-07,-0.0050641544
2.765531e-07,-0.0050569738
2.766531e-07,-0.0050648725
2.767531e-07,-0.0050821059
2.768531e-07,-0.0050986213
2.769531e-07,-0.0051086742
2.770531e-07,-0.0051093922
2.771531e-07,-0.0051036477
2.772531e-07,-0.0050986213
2.773531e-07,-0.0050986213
2.774531e-07,-0.0051050839
2.775531e-07,-0.0051144187
2.776531e-07,-0.0051215993
2.777531e-07,-0.0051215993
2.778531e-07,-0.0051137006
2.779531e-07,-0.0051000574
2.780531e-07,-0.0050871324
2.781531e-07,-0.0050792337
2.782531e-07,-0.0050785156
2.783531e-07,-0.0050821059
2.784531e-07,-0.0050871324
2.785531e-07,-0.0050892865
2.786531e-07,-0.0050885685
2.787531e-07,-0.0050864143
2.788531e-07,-0.0050871324
2.789531e-07,-0.0050935949
2.790531e-07,-0.0051058019
2.791531e-07,-0.0051201631
2.792531e-07,-0.0051330882
2.793531e-07,-0.0051395508
2.794531e-07,-0.0051388327
2.795531e-07,-0.0051316521
2.796531e-07,-0.0051215993
2.797531e-07,-0.0051122645
2.798531e-07,-0.00510652
2.799531e-07,-0.0051022116
2.800531e-07,-0.0050986213
2.801531e-07,-0.0050935949
2.802531e-07,-0.0050878504
2.803531e-07,-0.0050806698
2.804531e-07,-0.0050756434
2.805531e-07,-0.0050727711
2.806531e-07,-0.005070617
2.807531e-07,-0.0050691808
2.808531e-07,-0.0050641544
2.809531e-07,-0.0050562557
2.810531e-07,-0.0050454848
2.811531e-07,-0.005035432
2.812531e-07,-0.0050296875
2.813531e-07,-0.0050289694
2.814531e-07,-0.0050332778
2.815531e-07,-0.0050383042
2.816531e-07,-0.0050411765
2.817531e-07,-0.0050397403
2.818531e-07,-0.0050332778
2.819531e-07,-0.0050253791
2.820531e-07,-0.0050181985
2.821531e-07,-0.0050146082
2.822531e-07,-0.0050153263
2.823531e-07,-0.0050174805
2.824531e-07,-0.0050181985
2.825531e-07,-0.0050160443
2.826531e-07,-0.0050095818
2.827531e-07,-0.0050016831
2.828531e-07,-0.0049952206
2.829531e-07,-0.0049923483
2.830531e-07,-0.0049945025
2.831531e-07,-0.005000247
2.832531e-07,-0.0050067096
2.833531e-07,-0.005011736
2.834531e-07,-0.0050146082
2.835531e-07,-0.0050153263
2.836531e-07,-0.0050181985
2.837531e-07,-0.0050246611
2.838531e-07,-0.0050368681
2.839531e-07,-0.0050548196
2.840531e-07,-0.0050756434
2.841531e-07,-0.0050964671
2.842531e-07,-0.0051122645
2.843531e-07,-0.0051215993
2.844531e-07,-0.0051215993
2.845531e-07,-0.0051137006
2.846531e-07,-0.0051000574
2.847531e-07,-0.0050849782
2.848531e-07,-0.0050756434
2.849531e-07,-0.0050763614
2.850531e-07,-0.0050900046
2.851531e-07,-0.005118009
2.852531e-07,-0.0051560662
2.853531e-07,-0.0051969956
2.854531e-07,-0.0052314625
2.855531e-07,-0.0052537224
2.856531e-07,-0.0052594669
2.857531e-07,-0.0052508502
2.858531e-07,-0.0052336167
2.859531e-07,-0.0052149472
2.860531e-07,-0.0052020221
2.861531e-07,-0.0051962776
2.862531e-07,-0.0051962776
2.863531e-07,-0.0051962776
2.864531e-07,-0.0051905331
2.865531e-07,-0.0051754538
2.866531e-07,-0.0051510398
2.867531e-07,-0.0051201631
2.868531e-07,-0.0050871324
2.869531e-07,-0.0050562557
2.870531e-07,-0.0050268153
2.871531e-07,-0.0049966567
2.872531e-07,-0.0049607537
2.873531e-07,-0.0049147978
2.874531e-07,-0.0048573529
2.875531e-07,-0.0047912914
2.876531e-07,-0.0047194853
2.877531e-07,-0.0046476792
2.878531e-07,-0.0045787454
2.879531e-07,-0.0045119658
2.880531e-07,-0.00444375
2.881531e-07,-0.0043697898
2.882531e-07,-0.0042864947
2.883531e-07,-0.004195301
2.884531e-07,-0.0040990809
2.885531e-07,-0.0040028608
2.886531e-07,-0.003910949
2.887531e-07,-0.0038247817
2.888531e-07,-0.0037429228
2.889531e-07,-0.0036603458
2.890531e-07,-0.0035727424
2.891531e-07,-0.0034772403
2.892531e-07,-0.0033752757
2.893531e-07,-0.0032711569
2.894531e-07,-0.0031713465
2.895531e-07,-0.0030794347
2.896531e-07,-0.0029961397
2.897531e-07,-0.0029193072
2.898531e-07,-0.0028439108
2.899531e-07,-0.0027663603
2.900531e-07,-0.0026859375
2.901531e-07,-0.0026055147
2.902531e-07,-0.0025315545
2.903531e-07,-0.0024690832
2.904531e-07,-0.0024216912
2.905531e-07,-0.0023872243
2.906531e-07,-0.002359938
2.907531e-07,-0.0023312155
2.908531e-07,-0.0022953125
2.909531e-07,-0.0022486386
2.910531e-07,-0.0021933479
2.911531e-07,-0.0021337489
2.912531e-07,-0.0020770221
2.913531e-07,-0.0020274759
2.914531e-07,-0.0019872645
2.915531e-07,-0.0019549517
2.916531e-07,-0.0019276654
2.917531e-07,-0.0019032514
2.918531e-07,-0.0018802734
2.919531e-07,-0.0018616039
2.920531e-07,-0.0018472426
2.921531e-07,-0.001839344
2.922531e-07,-0.0018364717
2.923531e-07,-0.0018364717
2.924531e-07,-0.0018357537
2.925531e-07,-0.0018314453
2.926531e-07,-0.0018228286
2.927531e-07,-0.0018120577
2.928531e-07,-0.0018012868
2.929531e-07,-0.0017941062
2.930531e-07,-0.0017905159
2.931531e-07,-0.0017897978
2.932531e-07,-0.0017897978
2.933531e-07,-0.0017876436
2.934531e-07,-0.0017826172
2.935531e-07,-0.0017754366
2.936531e-07,-0.0017668199
2.937531e-07,-0.0017603573
2.938531e-07,-0.0017582031
2.939531e-07,-0.0017603573
2.940531e-07,-0.0017668199
2.941531e-07,-0.0017761546
2.942531e-07,-0.0017854894
2.943531e-07,-0.0017948242
2.944531e-07,-0.0018012868
2.945531e-07,-0.0018055951
2.946531e-07,-0.0018063132
2.947531e-07,-0.001804159
2.948531e-07,-0.0018012868
2.949531e-07,-0.0017984145
2.950531e-07,-0.0017984145
2.951531e-07,-0.0018034409
2.952531e-07,-0.0018127757
2.953531e-07,-0.0018264189
2.954531e-07,-0.001840062
2.955531e-07,-0.0018522691
2.956531e-07,-0.0018587316
2.957531e-07,-0.0018594497
2.958531e-07,-0.0018558594
2.959531e-07,-0.001850833
2.960531e-07,-0.0018472426
2.961531e-07,-0.0018479607
2.962531e-07,-0.0018529871
2.963531e-07,-0.0018616039
2.964531e-07,-0.0018702206
2.965531e-07,-0.0018774012
2.966531e-07,-0.0018831457
2.967531e-07,-0.0018881721
2.968531e-07,-0.0018931985
2.969531e-07,-0.0019003791
2.970531e-07,-0.0019097139
2.971531e-07,-0.0019190487
2.972531e-07,-0.0019276654
2.973531e-07,-0.0019326919
2.974531e-07,-0.0019334099
2.975531e-07,-0.0019312557
2.976531e-07,-0.0019276654
2.977531e-07,-0.0019255113
2.978531e-07,-0.0019262293
2.979531e-07,-0.0019312557
2.980531e-07,-0.0019391544
2.981531e-07,-0.0019492073
2.982531e-07,-0.0019606962
2.983531e-07,-0.0019729033
2.984531e-07,-0.0019851103
2.985531e-07,-0.0019980354
2.986531e-07,-0.0020109605
2.987531e-07,-0.0020231675
2.988531e-07,-0.0020310662
2.989531e-07,-0.0020339384
2.990531e-07,-0.0020303481
2.991531e-07,-0.0020210133
2.992531e-07,-0.0020080882
2.993531e-07,-0.0019944451
2.994531e-07,-0.0019829561
2.995531e-07,-0.0019757755
2.996531e-07,-0.0019736213
2.997531e-07,-0.0019764936
2.998531e-07,-0.00198152
2.999531e-07,-0.0019887006
3.000531e-07,-0.0019965993
3.001531e-07,-0.0020037799
3.002531e-07,-0.0020109605
3.003531e-07,-0.002016705
3.004531e-07,-0.0020195772
3.005531e-07,-0.0020188591
3.006531e-07,-0.0020123966
3.007531e-07,-0.0020009076
3.008531e-07,-0.0019851103
3.009531e-07,-0.0019678768
3.010531e-07,-0.0019527976
3.011531e-07,-0.0019427447
3.012531e-07,-0.0019391544
3.013531e-07,-0.0019427447
3.014531e-07,-0.0019527976
3.015531e-07,-0.0019671588
3.016531e-07,-0.0019851103
3.017531e-07,-0.0020044979
3.018531e-07,-0.0020246036
3.019531e-07,-0.0020418371
3.020531e-07,-0.0020540441
3.021531e-07,-0.0020583525
3.022531e-07,-0.0020540441
3.023531e-07,-0.0020396829
3.024531e-07,-0.0020195772
3.025531e-07,-0.0019987534
3.026531e-07,-0.0019829561
3.027531e-07,-0.0019779297
3.028531e-07,-0.0019851103
3.029531e-07,-0.0020016257
3.030531e-07,-0.0020224494
3.031531e-07,-0.0020418371
3.032531e-07,-0.0020540441
3.033531e-07,-0.0020576344
3.034531e-07,-0.0020540441
3.035531e-07,-0.0020475816
3.036531e-07,-0.0020425551
3.037531e-07,-0.002040401
3.038531e-07,-0.002041119
3.039531e-07,-0.0020425551
3.040531e-07,-0.0020425551
3.041531e-07,-0.0020396829
3.042531e-07,-0.0020346565
3.043531e-07,-0.0020303481
3.044531e-07,-0.0020310662
3.045531e-07,-0.0020382468
3.046531e-07,-0.0020518899
3.047531e-07,-0.0020698415
3.048531e-07,-0.002088511
3.049531e-07,-0.0021057445
3.050531e-07,-0.0021186696
3.051531e-07,-0.0021280044
3.052531e-07,-0.0021344669
3.053531e-07,-0.0021387753
3.054531e-07,-0.0021423656
3.055531e-07,-0.0021445198
3.056531e-07,-0.0021459559
3.057531e-07,-0.002147392
3.058531e-07,-0.0021488281
3.059531e-07,-0.0021524184
3.060531e-07,-0.0021574449
3.061531e-07,-0.0021639074
3.062531e-07,-0.0021703699
3.063531e-07,-0.0021761144
3.064531e-07,-0.0021804228
3.065531e-07,-0.0021847312
3.066531e-07,-0.0021919118
3.067531e-07,-0.0022019646
3.068531e-07,-0.0022148897
3.069531e-07,-0.0022292509
3.070531e-07,-0.0022400218
3.071531e-07,-0.0022436121
3.072531e-07,-0.0022378676
3.073531e-07,-0.0022235064
3.074531e-07,-0.0022048369
3.075531e-07,-0.0021854492
3.076531e-07,-0.0021689338
3.077531e-07,-0.0021574449
3.078531e-07,-0.0021509823
3.079531e-07,-0.002147392
3.080531e-07,-0.0021459559
3.081531e-07,-0.0021459559
3.082531e-07,-0.0021481101
3.083531e-07,-0.0021524184
3.084531e-07,-0.0021574449
3.085531e-07,-0.002159599
3.086531e-07,-0.0021538545
3.087531e-07,-0.0021373392
3.088531e-07,-0.002111489
3.089531e-07,-0.0020806124
3.090531e-07,-0.0020518899
3.091531e-07,-0.0020346565
3.092531e-07,-0.0020310662
3.093531e-07,-0.0020396829
3.094531e-07,-0.0020540441
3.095531e-07,-0.002064815
3.096531e-07,-0.0020655331
3.097531e-07,-0.0020547622
3.098531e-07,-0.0020368107
3.099531e-07,-0.0020188591
3.100531e-07,-0.0020080882
3.101531e-07,-0.0020073702
3.102531e-07,-0.0020131147
3.103531e-07,-0.0020195772
3.104531e-07,-0.0020195772
3.105531e-07,-0.0020102424
3.106531e-07,-0.001993727
3.107531e-07,-0.0019750574
3.108531e-07,-0.0019621324
3.109531e-07,-0.001958542
3.110531e-07,-0.0019635685
3.111531e-07,-0.0019743394
3.112531e-07,-0.0019851103
3.113531e-07,-0.0019922909
3.114531e-07,-0.0019944451
3.115531e-07,-0.0019951631
3.116531e-07,-0.0019965993
3.117531e-07,-0.0020001896
3.118531e-07,-0.0020030618
3.119531e-07,-0.0020030618
3.120531e-07,-0.0019965993
3.121531e-07,-0.0019829561
3.122531e-07,-0.0019664407
3.123531e-07,-0.0019535156
3.124531e-07,-0.0019506434
3.125531e-07,-0.0019599782
3.126531e-07,-0.0019793658
3.127531e-07,-0.0020023437
3.128531e-07,-0.0020195772
3.129531e-07,-0.0020260398
3.130531e-07,-0.0020195772
3.131531e-07,-0.0020037799
3.132531e-07,-0.0019851103
3.133531e-07,-0.001970031
3.134531e-07,-0.0019614143
3.135531e-07,-0.0019599782
3.136531e-07,-0.0019621324
3.137531e-07,-0.0019657227
3.138531e-07,-0.0019685949
3.139531e-07,-0.0019707491
3.140531e-07,-0.0019736213
3.141531e-07,-0.0019779297
3.142531e-07,-0.0019822381
3.143531e-07,-0.0019851103
3.144531e-07,-0.0019851103
3.145531e-07,-0.00198152
3.146531e-07,-0.0019757755
3.147531e-07,-0.0019721852
3.148531e-07,-0.0019736213
3.149531e-07,-0.0019808019
3.150531e-07,-0.0019922909
3.151531e-07,-0.0020030618
3.152531e-07,-0.0020080882
3.153531e-07,-0.0020044979
3.154531e-07,-0.001993009
3.155531e-07,-0.0019764936
3.156531e-07,-0.0019621324
3.157531e-07,-0.0019535156
3.158531e-07,-0.0019535156
3.159531e-07,-0.0019614143
3.160531e-07,-0.0019736213
3.161531e-07,-0.0019865464
3.162531e-07,-0.0019987534
3.163531e-07,-0.0020095244
3.164531e-07,-0.0020195772
3.165531e-07,-0.0020303481
3.166531e-07,-0.002040401
3.167531e-07,-0.0020490177
3.168531e-07,-0.0020540441
3.169531e-07,-0.0020540441
3.170531e-07,-0.0020497358
3.171531e-07,-0.0020447093
3.172531e-07,-0.0020425551
3.173531e-07,-0.0020475816
3.174531e-07,-0.0020597886
3.175531e-07,-0.0020791762
3.176531e-07,-0.0021
3.177531e-07,-0.0021193876
3.178531e-07,-0.0021337489
3.179531e-07,-0.0021423656
3.180531e-07,-0.0021459559
3.181531e-07,-0.002147392
3.182531e-07,-0.0021481101
3.183531e-07,-0.002147392
3.184531e-07,-0.0021459559
3.185531e-07,-0.0021423656
3.186531e-07,-0.0021373392
3.187531e-07,-0.0021337489
3.188531e-07,-0.0021344669
3.189531e-07,-0.0021423656
3.190531e-07,-0.0021581629
3.191531e-07,-0.0021804228
3.192531e-07,-0.0022034007
3.193531e-07,-0.0022227884
3.194531e-07,-0.0022349954
3.195531e-07,-0.0022385857
3.196531e-07,-0.0022378676
3.197531e-07,-0.0022364315
3.198531e-07,-0.0022378676
3.199531e-07,-0.0022428941
3.200531e-07,-0.0022493566
3.201531e-07,-0.0022522289
3.202531e-07,-0.0022472024
3.203531e-07,-0.0022335593
3.204531e-07,-0.0022148897
3.205531e-07,-0.0021983743
3.206531e-07,-0.0021919118
3.207531e-07,-0.0021976562
3.208531e-07,-0.0022148897
3.209531e-07,-0.0022357135
3.210531e-07,-0.0022507927
3.211531e-07,-0.0022522289
3.212531e-07,-0.0022378676
3.213531e-07,-0.0022134536
3.214531e-07,-0.0021883215
3.215531e-07,-0.0021718061
3.216531e-07,-0.0021689338
3.217531e-07,-0.0021789867
3.218531e-07,-0.0021940659
3.219531e-07,-0.0022041188
3.220531e-07,-0.0022034007
3.221531e-07,-0.0021911937
3.222531e-07,-0.0021732422
3.223531e-07,-0.002158881
3.224531e-07,-0.0021574449
3.225531e-07,-0.002171088
3.226531e-07,-0.002194784
3.227531e-07,-0.0022206342
3.228531e-07,-0.0022378676
3.229531e-07,-0.0022407399
3.230531e-07,-0.002229969
3.231531e-07,-0.0022105813
3.232531e-07,-0.0021919118
3.233531e-07,-0.0021804228
3.234531e-07,-0.0021782686
3.235531e-07,-0.002183295
3.236531e-07,-0.0021919118
3.237531e-07,-0.0021990924
3.238531e-07,-0.0022034007
3.239531e-07,-0.0022077091
3.240531e-07,-0.0022148897
3.241531e-07,-0.0022263787
3.242531e-07,-0.0022407399
3.243531e-07,-0.002254383
3.244531e-07,-0.0022608456
3.245531e-07,-0.0022572553
3.246531e-07,-0.0022450483
3.247531e-07,-0.0022285329
3.248531e-07,-0.0022148897
3.249531e-07,-0.0022098633
3.250531e-07,-0.0022141716
3.251531e-07,-0.0022256606
3.252531e-07,-0.0022378676
3.253531e-07,-0.0022450483
3.254531e-07,-0.0022436121
3.255531e-07,-0.0022357135
3.256531e-07,-0.0022263787
3.257531e-07,-0.0022220703
3.258531e-07,-0.0022270967
3.259531e-07,-0.002241458
3.260531e-07,-0.0022608456
3.261531e-07,-0.0022802332
3.262531e-07,-0.0022931583
3.263531e-07,-0.0022981847
3.264531e-07,-0.0022953125
3.265531e-07,-0.0022881319
3.266531e-07,-0.0022802332
3.267531e-07,-0.0022744887
3.268531e-07,-0.0022723346
3.269531e-07,-0.0022723346
3.270531e-07,-0.0022723346
3.271531e-07,-0.0022723346
3.272531e-07,-0.0022723346
3.273531e-07,-0.0022737707
3.274531e-07,-0.002277361
3.275531e-07,-0.0022852597
3.276531e-07,-0.0022953125
3.277531e-07,-0.0023060834
3.278531e-07,-0.0023147001
3.279531e-07,-0.0023182904
3.280531e-07,-0.0023182904
3.281531e-07,-0.0023154182
3.282531e-07,-0.0023118279
3.283531e-07,-0.002312546
3.284531e-07,-0.0023182904
3.285531e-07,-0.0023297794
3.286531e-07,-0.0023455767
3.287531e-07,-0.0023620921
3.288531e-07,-0.0023757353
3.289531e-07,-0.002384352
3.290531e-07,-0.0023879423
3.291531e-07,-0.0023879423
3.292531e-07,-0.0023872243
3.293531e-07,-0.0023893784
3.294531e-07,-0.002395841
3.295531e-07,-0.002408048
3.296531e-07,-0.0024216912
3.297531e-07,-0.0024331801
3.298531e-07,-0.0024382066
3.299531e-07,-0.0024346163
3.300531e-07,-0.0024216912
3.301531e-07,-0.0024044577
3.302531e-07,-0.0023886604
3.303531e-07,-0.0023814798
3.304531e-07,-0.0023872243
3.305531e-07,-0.0024066119
3.306531e-07,-0.0024367705
3.307531e-07,-0.0024712374
3.308531e-07,-0.002502114
3.309531e-07,-0.0025229377
3.310531e-07,-0.0025308364
3.311531e-07,-0.002526528
3.312531e-07,-0.0025136029
3.313531e-07,-0.0024978056
3.314531e-07,-0.0024848805
3.315531e-07,-0.002478418
3.316531e-07,-0.002479136
3.317531e-07,-0.0024863166
3.318531e-07,-0.0024985237
3.319531e-07,-0.0025114488
3.320531e-07,-0.0025250919
3.321531e-07,-0.0025372989
3.322531e-07,-0.0025473518
3.323531e-07,-0.0025552505
3.324531e-07,-0.0025595588
3.325531e-07,-0.0025602769
3.326531e-07,-0.0025581227
3.327531e-07,-0.0025530963
3.328531e-07,-0.0025480699
3.329531e-07,-0.0025459157
3.330531e-07,-0.0025487879
3.331531e-07,-0.0025574046
3.332531e-07,-0.0025710478
3.333531e-07,-0.0025875632
3.334531e-07,-0.0026033605
3.335531e-07,-0.0026170037
3.336531e-07,-0.0026284926
3.337531e-07,-0.0026378274
3.338531e-07,-0.0026464442
3.339531e-07,-0.0026550609
3.340531e-07,-0.0026629596
3.341531e-07,-0.0026672679
3.342531e-07,-0.0026658318
3.343531e-07,-0.002656497
3.344531e-07,-0.0026399816
3.345531e-07,-0.0026198759
3.346531e-07,-0.0026004883
3.347531e-07,-0.0025875632
3.348531e-07,-0.0025825368
3.349531e-07,-0.0025846909
3.350531e-07,-0.0025897174
3.351531e-07,-0.0025940257
3.352531e-07,-0.0025940257
3.353531e-07,-0.0025889993
3.354531e-07,-0.0025811006
3.355531e-07,-0.0025746381
3.356531e-07,-0.0025710478
3.357531e-07,-0.0025717659
3.358531e-07,-0.00257392
3.359531e-07,-0.0025753562
3.360531e-07,-0.0025710478
3.361531e-07,-0.002561713
3.362531e-07,-0.0025480699
3.363531e-07,-0.0025344267
3.364531e-07,-0.0025250919
3.365531e-07,-0.0025222197
3.366531e-07,-0.0025243739
3.367531e-07,-0.0025308364
3.368531e-07,-0.0025365809
3.369531e-07,-0.0025394531
3.370531e-07,-0.002538017
3.371531e-07,-0.0025329906
3.372531e-07,-0.0025250919
3.373531e-07,-0.0025164752
3.374531e-07,-0.0025071404
3.375531e-07,-0.0024985237
3.376531e-07,-0.002490625
3.377531e-07,-0.0024855986
3.378531e-07,-0.0024841625
3.379531e-07,-0.0024899069
3.380531e-07,-0.002502114
3.381531e-07,-0.0025186294
3.382531e-07,-0.0025358628
3.383531e-07,-0.002550224
3.384531e-07,-0.0025595588
3.385531e-07,-0.0025631491
3.386531e-07,-0.0025645852
3.387531e-07,-0.0025660214
3.388531e-07,-0.0025710478
3.389531e-07,-0.0025789465
3.390531e-07,-0.0025882812
3.391531e-07,-0.0025940257
3.392531e-07,-0.0025940257
3.393531e-07,-0.0025882812
3.394531e-07,-0.0025796645
3.395531e-07,-0.0025724839
3.396531e-07,-0.0025710478
3.397531e-07,-0.0025760742
3.398531e-07,-0.002585409
3.399531e-07,-0.002596898
3.400531e-07,-0.0026055147
3.401531e-07,-0.0026105411
3.402531e-07,-0.0026119773
3.403531e-07,-0.0026134134
3.404531e-07,-0.0026170037
3.405531e-07,-0.0026227482
3.406531e-07,-0.0026284926
3.407531e-07,-0.0026313649
3.408531e-07,-0.0026284926
3.409531e-07,-0.0026198759
3.410531e-07,-0.0026076689
3.411531e-07,-0.002597616
3.412531e-07,-0.0025940257
3.413531e-07,-0.0025983341
3.414531e-07,-0.002609105
3.415531e-07,-0.002620594
3.416531e-07,-0.0026284926
3.417531e-07,-0.0026292107
3.418531e-07,-0.0026234662
3.419531e-07,-0.0026141314
3.420531e-07,-0.0026055147
3.421531e-07,-0.0026012063
3.422531e-07,-0.0026033605
3.423531e-07,-0.002609105
3.424531e-07,-0.0026170037
3.425531e-07,-0.0026256204
3.426531e-07,-0.0026349552
3.427531e-07,-0.0026471622
3.428531e-07,-0.0026629596
3.429531e-07,-0.0026816291
3.430531e-07,-0.0027010168
3.431531e-07,-0.002715378
3.432531e-07,-0.0027204044
3.433531e-07,-0.0027139419
3.434531e-07,-0.0026988626
3.435531e-07,-0.002679475
3.436531e-07,-0.0026629596
3.437531e-07,-0.0026550609
3.438531e-07,-0.002656497
3.439531e-07,-0.0026651137
3.440531e-07,-0.0026744485
3.441531e-07,-0.002680193
3.442531e-07,-0.0026787569
3.443531e-07,-0.0026715763
3.444531e-07,-0.0026629596
3.445531e-07,-0.0026579331
3.446531e-07,-0.0026600873
3.447531e-07,-0.0026701402
3.448531e-07,-0.0026859375
3.449531e-07,-0.002703171
3.450531e-07,-0.0027182502
3.451531e-07,-0.002727585
3.452531e-07,-0.0027318934
3.453531e-07,-0.0027333295
3.454531e-07,-0.0027340476
3.455531e-07,-0.0027369198
3.456531e-07,-0.0027433824
3.457531e-07,-0.0027534352
3.458531e-07,-0.0027649242
3.459531e-07,-0.0027778493
3.460531e-07,-0.0027893382
3.461531e-07,-0.0027993911
3.462531e-07,-0.0028065717
3.463531e-07,-0.0028108801
3.464531e-07,-0.0028123162
3.465531e-07,-0.0028130342
3.466531e-07,-0.0028137523
3.467531e-07,-0.0028166245
3.468531e-07,-0.0028238051
3.469531e-07,-0.002833858
3.470531e-07,-0.002845347
3.471531e-07,-0.0028546818
3.472531e-07,-0.0028582721
3.473531e-07,-0.0028553998
3.474531e-07,-0.002846065
3.475531e-07,-0.002833858
3.476531e-07,-0.0028238051
3.477531e-07,-0.002821651
3.478531e-07,-0.0028295496
3.479531e-07,-0.0028467831
3.480531e-07,-0.002869761
3.481531e-07,-0.0028920209
3.482531e-07,-0.0029071002
3.483531e-07,-0.0029106905
3.484531e-07,-0.0029042279
3.485531e-07,-0.0028905848
3.486531e-07,-0.0028762236
3.487531e-07,-0.0028683249
3.488531e-07,-0.002869761
3.489531e-07,-0.0028819681
3.490531e-07,-0.0029013557
3.491531e-07,-0.0029221795
3.492531e-07,-0.0029386949
3.493531e-07,-0.0029465935
3.494531e-07,-0.0029451574
3.495531e-07,-0.0029372587
3.496531e-07,-0.0029272059
3.497531e-07,-0.0029193072
3.498531e-07,-0.0029149989
3.499531e-07,-0.0029149989
3.500531e-07,-0.0029157169
3.501531e-07,-0.0029135627
3.502531e-07,-0.0029071002
3.503531e-07,-0.0028948932
3.504531e-07,-0.00288125
3.505531e-07,-0.002869761
3.506531e-07,-0.0028632985
3.507531e-07,-0.0028640165
3.508531e-07,-0.002869761
3.509531e-07,-0.0028755055
3.510531e-07,-0.0028769416
3.511531e-07,-0.0028711972
3.512531e-07,-0.0028582721
3.513531e-07,-0.0028424747
3.514531e-07,-0.0028288316
3.515531e-07,-0.002821651
3.516531e-07,-0.0028238051
3.517531e-07,-0.0028331399
3.518531e-07,-0.0028446289
3.519531e-07,-0.0028539637
3.520531e-07,-0.0028582721
3.521531e-07,-0.002857554
3.522531e-07,-0.0028539637
3.523531e-07,-0.0028532456
3.524531e-07,-0.0028582721
3.525531e-07,-0.002869761
3.526531e-07,-0.0028855584
3.527531e-07,-0.0029020738
3.528531e-07,-0.0029157169
3.529531e-07,-0.0029250517
3.530531e-07,-0.0029307962
3.531531e-07,-0.0029343865
3.532531e-07,-0.0029386949
3.533531e-07,-0.0029444393
3.534531e-07,-0.0029516199
3.535531e-07,-0.0029580825
3.536531e-07,-0.0029616728
3.537531e-07,-0.002963827
3.538531e-07,-0.0029659812
3.539531e-07,-0.0029717256
3.540531e-07,-0.0029846507
3.541531e-07,-0.0030047564
3.542531e-07,-0.0030291705
3.543531e-07,-0.0030550207
3.544531e-07,-0.0030765625
3.545531e-07,-0.0030909237
3.546531e-07,-0.0030981043
3.547531e-07,-0.0030995404
3.548531e-07,-0.0030995404
3.549531e-07,-0.0031002585
3.550531e-07,-0.0031024127
3.551531e-07,-0.003106721
3.552531e-07,-0.0031110294
3.553531e-07,-0.0031139017
3.554531e-07,-0.0031160558
3.555531e-07,-0.00311821
3.556531e-07,-0.0031225184
3.557531e-07,-0.0031289809
3.558531e-07,-0.0031383157
3.559531e-07,-0.0031483686
3.560531e-07,-0.0031569853
3.561531e-07,-0.0031620117
3.562531e-07,-0.0031634478
3.563531e-07,-0.0031612937
3.564531e-07,-0.0031569853
3.565531e-07,-0.0031526769
3.566531e-07,-0.0031483686
3.567531e-07,-0.0031462144
3.568531e-07,-0.0031454963
3.569531e-07,-0.0031469324
3.570531e-07,-0.0031512408
3.571531e-07,-0.0031591395
3.572531e-07,-0.0031684743
3.573531e-07,-0.0031778091
3.574531e-07,-0.0031842716
3.575531e-07,-0.0031849897
3.576531e-07,-0.0031799632
3.577531e-07,-0.0031706284
3.578531e-07,-0.0031605756
3.579531e-07,-0.0031555492
3.580531e-07,-0.0031569853
3.581531e-07,-0.003165602
3.582531e-07,-0.0031778091
3.583531e-07,-0.0031878619
3.584531e-07,-0.0031914522
3.585531e-07,-0.0031857077
3.586531e-07,-0.0031727826
3.587531e-07,-0.0031577034
3.588531e-07,-0.0031454963
3.589531e-07,-0.003141188
3.590531e-07,-0.0031454963
3.591531e-07,-0.0031562672
3.592531e-07,-0.0031684743
3.593531e-07,-0.0031778091
3.594531e-07,-0.0031828355
3.595531e-07,-0.0031821174
3.596531e-07,-0.0031799632
3.597531e-07,-0.0031792452
3.598531e-07,-0.0031835535
3.599531e-07,-0.0031914522
3.600531e-07,-0.0032029412
3.601531e-07,-0.0032137121
3.602531e-07,-0.0032216108
3.603531e-07,-0.0032259191
3.604531e-07,-0.0032259191
3.605531e-07,-0.0032252011
3.606531e-07,-0.0032252011
3.607531e-07,-0.0032287914
3.608531e-07,-0.0032374081
3.609531e-07,-0.0032503332
3.610531e-07,-0.0032654125
3.611531e-07,-0.0032812098
3.612531e-07,-0.0032948529
3.613531e-07,-0.0033056239
3.614531e-07,-0.0033120864
3.615531e-07,-0.0033156767
3.616531e-07,-0.0033178309
3.617531e-07,-0.0033221392
3.618531e-07,-0.003330756
3.619531e-07,-0.0033443991
3.620531e-07,-0.0033637868
3.621531e-07,-0.0033853286
3.622531e-07,-0.0034039982
3.623531e-07,-0.0034169233
3.624531e-07,-0.0034212316
3.625531e-07,-0.0034176413
3.626531e-07,-0.0034097426
3.627531e-07,-0.003401844
3.628531e-07,-0.0033982537
3.629531e-07,-0.003401844
3.630531e-07,-0.003413333
3.631531e-07,-0.0034284122
3.632531e-07,-0.0034442096
3.633531e-07,-0.0034564166
3.634531e-07,-0.0034628791
3.635531e-07,-0.0034621611
3.636531e-07,-0.0034556985
3.637531e-07,-0.0034456457
3.638531e-07,-0.0034341567
3.639531e-07,-0.0034248219
3.640531e-07,-0.0034212316
3.641531e-07,-0.0034241039
3.642531e-07,-0.0034341567
3.643531e-07,-0.003449954
3.644531e-07,-0.0034671875
3.645531e-07,-0.0034822668
3.646531e-07,-0.0034916016
3.647531e-07,-0.0034930377
3.648531e-07,-0.0034901654
3.649531e-07,-0.0034865751
3.650531e-07,-0.0034872932
3.651531e-07,-0.0034959099
3.652531e-07,-0.0035131434
3.653531e-07,-0.0035354033
3.654531e-07,-0.0035569451
3.655531e-07,-0.0035734605
3.656531e-07,-0.0035820772
3.657531e-07,-0.0035856675
3.658531e-07,-0.0035878217
3.659531e-07,-0.0035935662
3.660531e-07,-0.0036050551
3.661531e-07,-0.0036208525
3.662531e-07,-0.0036359318
3.663531e-07,-0.0036467027
3.664531e-07,-0.003651011
3.665531e-07,-0.003650293
3.666531e-07,-0.003651011
3.667531e-07,-0.0036581916
3.668531e-07,-0.003673989
3.669531e-07,-0.0036969669
3.670531e-07,-0.0037206629
3.671531e-07,-0.0037371783
3.672531e-07,-0.0037429228
3.673531e-07,-0.0037378964
3.674531e-07,-0.0037271255
3.675531e-07,-0.0037192268
3.676531e-07,-0.0037199449
3.677531e-07,-0.0037314338
3.678531e-07,-0.0037493853
3.679531e-07,-0.0037666188
3.680531e-07,-0.0037773897
3.681531e-07,-0.0037795439
3.682531e-07,-0.0037745175
3.683531e-07,-0.003768773
3.684531e-07,-0.0037659007
3.685531e-07,-0.003768773
3.686531e-07,-0.0037745175
3.687531e-07,-0.0037788258
3.688531e-07,-0.0037773897
3.689531e-07,-0.0037702091
3.690531e-07,-0.0037608743
3.691531e-07,-0.0037544118
3.692531e-07,-0.0037544118
3.693531e-07,-0.0037615924
3.694531e-07,-0.0037716452
3.695531e-07,-0.0037781078
3.696531e-07,-0.0037773897
3.697531e-07,-0.0037680549
3.698531e-07,-0.0037536937
3.699531e-07,-0.0037400506
3.700531e-07,-0.0037314338
3.701531e-07,-0.0037278435
3.702531e-07,-0.0037242532
3.703531e-07,-0.0037149184
3.704531e-07,-0.0036969669
3.705531e-07,-0.0036718348
3.706531e-07,-0.0036474207
3.707531e-07,-0.0036309053
3.708531e-07,-0.0036280331
3.709531e-07,-0.0036380859
3.710531e-07,-0.0036546013
3.711531e-07,-0.0036653722
3.712531e-07,-0.0036625
3.713531e-07,-0.0036445485
3.714531e-07,-0.0036172622
3.715531e-07,-0.0035892578
3.716531e-07,-0.0035705882
3.717531e-07,-0.0035641257
3.718531e-07,-0.0035669979
3.719531e-07,-0.0035713063
3.720531e-07,-0.0035705882
3.721531e-07,-0.0035626896
3.722531e-07,-0.0035512006
3.723531e-07,-0.00354402
3.724531e-07,-0.0035476103
3.725531e-07,-0.0035626896
3.726531e-07,-0.0035835133
3.727531e-07,-0.0036000287
3.728531e-07,-0.0036050551
3.729531e-07,-0.0035957204
3.730531e-07,-0.0035777688
3.731531e-07,-0.0035626896
3.732531e-07,-0.0035590993
3.733531e-07,-0.0035713063
3.734531e-07,-0.0035957204
3.735531e-07,-0.0036215705
3.736531e-07,-0.0036395221
3.737531e-07,-0.0036438304
3.738531e-07,-0.0036380859
3.739531e-07,-0.0036294692
3.740531e-07,-0.0036280331
3.741531e-07,-0.0036373679
3.742531e-07,-0.0036560375
3.743531e-07,-0.003674707
3.744531e-07,-0.0036854779
3.745531e-07,-0.0036833238
3.746531e-07,-0.0036711167
3.747531e-07,-0.0036574736
3.748531e-07,-0.003651011
3.749531e-07,-0.0036574736
3.750531e-07,-0.003673989
3.751531e-07,-0.0036940947
3.752531e-07,-0.0037084559
3.753531e-07,-0.0037113281
3.754531e-07,-0.0037034295
3.755531e-07,-0.0036919405
3.756531e-07,-0.0036854779
3.757531e-07,-0.0036890682
3.758531e-07,-0.0037027114
3.759531e-07,-0.0037192268
3.760531e-07,-0.0037314338
3.761531e-07,-0.0037343061
3.762531e-07,-0.0037278435
3.763531e-07,-0.0037170726
3.764531e-07,-0.0037084559
3.765531e-07,-0.0037063017
3.766531e-07,-0.0037091739
3.767531e-07,-0.0037120462
3.768531e-07,-0.0037084559
3.769531e-07,-0.0036948127
3.770531e-07,-0.003674707
3.771531e-07,-0.0036538833
3.772531e-07,-0.0036395221
3.773531e-07,-0.0036359318
3.774531e-07,-0.0036416762
3.775531e-07,-0.0036495749
3.776531e-07,-0.003651011
3.777531e-07,-0.0036423943
3.778531e-07,-0.0036251608
3.779531e-07,-0.0036064913
3.780531e-07,-0.0035935662
3.781531e-07,-0.003591412
3.782531e-07,-0.0036000287
3.783531e-07,-0.0036107996
3.784531e-07,-0.0036165441
3.785531e-07,-0.0036107996
3.786531e-07,-0.0035950023
3.787531e-07,-0.0035748966
3.788531e-07,-0.0035590993
3.789531e-07,-0.003555509
3.790531e-07,-0.0035641257
3.791531e-07,-0.003579923
3.792531e-07,-0.0035935662
3.793531e-07,-0.0035957204
3.794531e-07,-0.0035835133
3.795531e-07,-0.0035605354
3.796531e-07,-0.0035361213
3.797531e-07,-0.0035196059
3.798531e-07,-0.0035188879
3.799531e-07,-0.0035339671
3.800531e-07,-0.0035590993
3.801531e-07,-0.0035863856
3.802531e-07,-0.0036057732
3.803531e-07,-0.0036122358
3.804531e-07,-0.0036050551
3.805531e-07,-0.0035871036
3.806531e-07,-0.0035648437
3.807531e-07,-0.0035461742
3.808531e-07,-0.0035361213
3.809531e-07,-0.0035389936
3.810531e-07,-0.0035540728
3.811531e-07,-0.0035777688
3.812531e-07,-0.0036050551
3.813531e-07,-0.0036280331
3.814531e-07,-0.0036423943
3.815531e-07,-0.0036445485
3.816531e-07,-0.0036395221
3.817531e-07,-0.0036330595
3.818531e-07,-0.0036316234
3.819531e-07,-0.0036423943
3.820531e-07,-0.0036625
3.821531e-07,-0.0036876321
3.822531e-07,-0.0037077378
3.823531e-07,-0.0037149184
3.824531e-07,-0.0037084559
3.825531e-07,-0.0036912224
3.826531e-07,-0.003673989
3.827531e-07,-0.0036660903
3.828531e-07,-0.003673989
3.829531e-07,-0.0036955308
3.830531e-07,-0.0037228171
3.831531e-07,-0.003745077
3.832531e-07,-0.0037544118
3.833531e-07,-0.0037493853
3.834531e-07,-0.0037364602
3.835531e-07,-0.0037242532
3.836531e-07,-0.0037199449
3.837531e-07,-0.0037264074
3.838531e-07,-0.0037400506
3.839531e-07,-0.0037515395
3.840531e-07,-0.0037544118
3.841531e-07,-0.003745795
3.842531e-07,-0.0037299977
3.843531e-07,-0.0037149184
3.844531e-07,-0.0037084559
3.845531e-07,-0.0037142004
3.846531e-07,-0.0037285616
3.847531e-07,-0.0037443589
3.848531e-07,-0.0037544118
3.849531e-07,-0.0037536937
3.850531e-07,-0.0037422047
3.851531e-07,-0.0037256893
3.852531e-07,-0.0037084559
3.853531e-07,-0.0036940947
3.854531e-07,-0.0036811696
3.855531e-07,-0.0036675264
3.856531e-07,-0.003651011
3.857531e-07,-0.0036337776
3.858531e-07,-0.0036215705
3.859531e-07,-0.0036186983
3.860531e-07,-0.0036280331
3.861531e-07,-0.0036467027
3.862531e-07,-0.0036668084
3.863531e-07,-0.0036782973
3.864531e-07,-0.003673989
3.865531e-07,-0.0036553194
3.866531e-07,-0.0036301873
3.867531e-07,-0.0036107996
3.868531e-07,-0.0036050551
3.869531e-07,-0.0036158261
3.870531e-07,-0.0036359318
3.871531e-07,-0.0036546013
3.872531e-07,-0.0036625
3.873531e-07,-0.0036560375
3.874531e-07,-0.0036409582
3.875531e-07,-0.0036280331
3.876531e-07,-0.0036280331
3.877531e-07,-0.0036452665
3.878531e-07,-0.0036754251
3.879531e-07,-0.0037084559
3.880531e-07,-0.0037314338
3.881531e-07,-0.0037378964
3.882531e-07,-0.0037285616
3.883531e-07,-0.0037113281
3.884531e-07,-0.0036969669
3.885531e-07,-0.0036933766
3.886531e-07,-0.0037012753
3.887531e-07,-0.0037163545
3.888531e-07,-0.0037314338
3.889531e-07,-0.0037414867
3.890531e-07,-0.003745795
3.891531e-07,-0.0037479492
3.892531e-07,-0.0037544118
3.893531e-07,-0.0037666188
3.894531e-07,-0.0037838523
3.895531e-07,-0.0038003676
3.896531e-07,-0.0038118566
3.897531e-07,-0.003816165
3.898531e-07,-0.0038154469
3.899531e-07,-0.003816165
3.900531e-07,-0.0038233456
3.901531e-07,-0.0038384249
3.902531e-07,-0.0038570944
3.903531e-07,-0.0038728918
3.904531e-07,-0.0038807904
3.905531e-07,-0.0038786363
3.906531e-07,-0.0038714557
3.907531e-07,-0.0038657112
3.908531e-07,-0.0038693015
3.909531e-07,-0.0038829446
3.910531e-07,-0.0039037684
3.911531e-07,-0.0039238741
3.912531e-07,-0.0039382353
3.913531e-07,-0.0039454159
3.914531e-07,-0.0039490062
3.915531e-07,-0.0039569049
3.916531e-07,-0.0039727022
3.917531e-07,-0.0039949621
3.918531e-07,-0.0040157858
3.919531e-07,-0.0040258387
3.920531e-07,-0.0040186581
3.921531e-07,-0.0039949621
3.922531e-07,-0.0039648035
3.923531e-07,-0.0039418256
3.924531e-07,-0.0039382353
3.925531e-07,-0.0039576229
3.926531e-07,-0.003994244
3.927531e-07,-0.0040344554
3.928531e-07,-0.004064614
3.929531e-07,-0.0040775391
3.930531e-07,-0.0040761029
3.931531e-07,-0.0040682043
3.932531e-07,-0.004064614
3.933531e-07,-0.0040717946
3.934531e-07,-0.0040875919
3.935531e-07,-0.0041033892
3.936531e-07,-0.0041105699
3.937531e-07,-0.0041033892
3.938531e-07,-0.0040854377
3.939531e-07,-0.004064614
3.940531e-07,-0.004053125
3.941531e-07,-0.0040559972
3.942531e-07,-0.0040703585
3.943531e-07,-0.00408831
3.944531e-07,-0.0040990809
3.945531e-07,-0.0040954906
3.946531e-07,-0.0040796932
3.947531e-07,-0.0040581514
3.948531e-07,-0.004041636
3.949531e-07,-0.0040380457
3.950531e-07,-0.0040473805
3.951531e-07,-0.0040638959
3.952531e-07,-0.0040761029
3.953531e-07,-0.0040775391
3.954531e-07,-0.0040667682
3.955531e-07,-0.0040480986
3.956531e-07,-0.0040301471
3.957531e-07,-0.0040193761
3.958531e-07,-0.0040186581
3.959531e-07,-0.0040244026
3.960531e-07,-0.0040301471
3.961531e-07,-0.0040308651
3.962531e-07,-0.0040258387
3.963531e-07,-0.0040165039
3.964531e-07,-0.0040071691
3.965531e-07,-0.0040021427
3.966531e-07,-0.0040028608
3.967531e-07,-0.0040050149
3.968531e-07,-0.0040071691
3.969531e-07,-0.004005733
3.970531e-07,-0.0040014246
3.971531e-07,-0.0039971163
3.972531e-07,-0.0039956801
3.973531e-07,-0.0039978343
3.974531e-07,-0.0040021427
3.975531e-07,-0.004005733
3.976531e-07,-0.0040071691
3.977531e-07,-0.0040071691
3.978531e-07,-0.0040093233
3.979531e-07,-0.0040165039
3.980531e-07,-0.0040301471
3.981531e-07,-0.0040466625
3.982531e-07,-0.0040603056
3.983531e-07,-0.0040631778
3.984531e-07,-0.004053125
3.985531e-07,-0.0040330193
3.986531e-07,-0.0040107594
3.987531e-07,-0.0039963982
3.988531e-07,-0.0039956801
3.989531e-07,-0.0040078872
3.990531e-07,-0.0040258387
3.991531e-07,-0.0040394818
3.992531e-07,-0.004041636
3.993531e-07,-0.0040337374
3.994531e-07,-0.0040229665
3.995531e-07,-0.0040193761
3.996531e-07,-0.0040301471
3.997531e-07,-0.0040552792
3.998531e-07,-0.0040847197
3.999531e-07,-0.0041069795
4.000531e-07,-0.0041105699
4.001531e-07,-0.0040940545
4.002531e-07,-0.0040638959
4.003531e-07,-0.0040344554
4.004531e-07,-0.0040186581
4.005531e-07,-0.0040229665
4.006531e-07,-0.0040445083
4.007531e-07,-0.0040732307
4.008531e-07,-0.0040990809
4.009531e-07,-0.0041134421
4.010531e-07,-0.0041170324
4.011531e-07,-0.0041141602
4.012531e-07,-0.0041105699
4.013531e-07,-0.0041098518
4.014531e-07,-0.0041105699
4.015531e-07,-0.0041076976
4.016531e-07,-0.0040990809
4.017531e-07,-0.0040854377
4.018531e-07,-0.0040725126
4.019531e-07,-0.0040682043
4.020531e-07,-0.0040761029
4.021531e-07,-0.0040947725
4.022531e-07,-0.0041148782
4.023531e-07,-0.0041263672
4.024531e-07,-0.0041220588
4.025531e-07,-0.0041033892
4.026531e-07,-0.0040796932
4.027531e-07,-0.0040638959
4.028531e-07,-0.004064614
4.029531e-07,-0.0040825655
4.030531e-07,-0.0041084157
4.031531e-07,-0.0041285214
4.032531e-07,-0.0041335478
4.033531e-07,-0.0041213408
4.034531e-07,-0.0041012351
4.035531e-07,-0.0040861558
4.036531e-07,-0.0040875919
4.037531e-07,-0.0041084157
4.038531e-07,-0.0041400103
4.039531e-07,-0.0041680147
4.040531e-07,-0.0041795037
4.041531e-07,-0.0041701689
4.042531e-07,-0.0041471909
4.043531e-07,-0.0041227769
4.044531e-07,-0.0041105699
4.045531e-07,-0.0041148782
4.046531e-07,-0.0041306756
4.047531e-07,-0.0041443187
4.048531e-07,-0.0041450368
4.049531e-07,-0.0041285214
4.050531e-07,-0.0041019531
4.051531e-07,-0.0040804113
4.052531e-07,-0.0040761029
4.053531e-07,-0.0040947725
4.054531e-07,-0.0041292394
4.055531e-07,-0.0041629883
4.056531e-07,-0.0041795037
4.057531e-07,-0.0041708869
4.058531e-07,-0.0041407284
4.059531e-07,-0.0041033892
4.060531e-07,-0.0040761029
4.061531e-07,-0.0040696404
4.062531e-07,-0.0040832835
4.063531e-07,-0.0041062615
4.064531e-07,-0.0041220588
4.065531e-07,-0.0041206227
4.066531e-07,-0.0040997989
4.067531e-07,-0.0040689223
4.068531e-07,-0.004041636
4.069531e-07,-0.004029429
4.070531e-07,-0.0040337374
4.071531e-07,-0.0040495347
4.072531e-07,-0.004064614
4.073531e-07,-0.0040703585
4.074531e-07,-0.0040638959
4.075531e-07,-0.0040509708
4.076531e-07,-0.004041636
4.077531e-07,-0.0040437902
4.078531e-07,-0.0040581514
4.079531e-07,-0.0040804113
4.080531e-07,-0.0040990809
4.081531e-07,-0.0041076976
4.082531e-07,-0.0041048254
4.083531e-07,-0.0040947725
4.084531e-07,-0.0040875919
4.085531e-07,-0.0040897461
4.086531e-07,-0.0041041073
4.087531e-07,-0.0041249311
4.088531e-07,-0.0041450368
4.089531e-07,-0.0041565257
4.090531e-07,-0.0041579619
4.091531e-07,-0.0041514993
4.092531e-07,-0.0041450368
4.093531e-07,-0.0041443187
4.094531e-07,-0.0041514993
4.095531e-07,-0.0041651425
4.096531e-07,-0.0041795037
4.097531e-07,-0.0041909926
4.098531e-07,-0.0041988913
4.099531e-07,-0.0042053539
4.100531e-07,-0.0042139706
4.101531e-07,-0.0042276137
4.102531e-07,-0.0042441291
4.103531e-07,-0.0042606445
4.104531e-07,-0.0042714154
4.105531e-07,-0.0042742877
4.106531e-07,-0.0042706974
4.107531e-07,-0.0042678251
4.108531e-07,-0.0042714154
4.109531e-07,-0.0042857767
4.110531e-07,-0.0043109088
4.111531e-07,-0.0043389131
4.112531e-07,-0.0043633272
4.113531e-07,-0.0043769704
4.114531e-07,-0.0043791245
4.115531e-07,-0.0043719439
4.116531e-07,-0.0043633272
4.117531e-07,-0.0043590188
4.118531e-07,-0.0043626091
4.119531e-07,-0.004372662
4.120531e-07,-0.0043863051
4.121531e-07,-0.0043992302
4.122531e-07,-0.0044100011
4.123531e-07,-0.004420054
4.124531e-07,-0.004432261
4.125531e-07,-0.0044487764
4.126531e-07,-0.0044696002
4.127531e-07,-0.0044925781
4.128531e-07,-0.0045126838
4.129531e-07,-0.004527045
4.130531e-07,-0.0045342256
4.131531e-07,-0.0045363798
4.132531e-07,-0.0045356618
4.133531e-07,-0.0045363798
4.134531e-07,-0.0045406882
4.135531e-07,-0.0045485869
4.136531e-07,-0.0045586397
4.137531e-07,-0.0045686926
4.138531e-07,-0.0045765912
4.139531e-07,-0.0045816176
4.140531e-07,-0.0045816176
4.141531e-07,-0.0045773093
4.142531e-07,-0.0045679745
4.143531e-07,-0.0045572036
4.144531e-07,-0.0045471507
4.145531e-07,-0.0045428424
4.146531e-07,-0.0045471507
4.147531e-07,-0.0045615119
4.148531e-07,-0.0045816176
4.149531e-07,-0.0046010053
4.150531e-07,-0.0046117762
4.151531e-07,-0.004609622
4.152531e-07,-0.0045931066
4.153531e-07,-0.0045694106
4.154531e-07,-0.0045493049
4.155531e-07,-0.0045399701
4.156531e-07,-0.0045471507
4.157531e-07,-0.0045658203
4.158531e-07,-0.0045873621
4.159531e-07,-0.0045988511
4.160531e-07,-0.0045931066
4.161531e-07,-0.0045708467
4.162531e-07,-0.0045399701
4.163531e-07,-0.0045134019
4.164531e-07,-0.0045011949
4.165531e-07,-0.0045090935
4.166531e-07,-0.0045335076
4.167531e-07,-0.0045651023
4.168531e-07,-0.0045931066
4.169531e-07,-0.004609622
4.170531e-07,-0.0046139304
4.171531e-07,-0.0046103401
4.172531e-07,-0.0046045956
4.173531e-07,-0.0046017233
4.174531e-07,-0.0046024414
4.175531e-07,-0.0046045956
4.176531e-07,-0.0046045956
4.177531e-07,-0.0046010053
4.178531e-07,-0.0045952608
4.179531e-07,-0.0045916705
4.180531e-07,-0.0045931066
4.181531e-07,-0.0046010053
4.182531e-07,-0.0046124943
4.183531e-07,-0.0046225471
4.184531e-07,-0.0046275735
4.185531e-07,-0.0046268555
4.186531e-07,-0.0046225471
4.187531e-07,-0.004621829
4.188531e-07,-0.0046275735
4.189531e-07,-0.0046404986
4.190531e-07,-0.004657014
4.191531e-07,-0.0046699391
4.192531e-07,-0.0046735294
4.193531e-07,-0.0046670669
4.194531e-07,-0.0046548598
4.195531e-07,-0.0046433709
4.196531e-07,-0.0046390625
4.197531e-07,-0.0046440889
4.198531e-07,-0.0046555779
4.199531e-07,-0.0046670669
4.200531e-07,-0.0046735294
4.201531e-07,-0.0046720933
4.202531e-07,-0.0046663488
4.203531e-07,-0.0046613224
4.204531e-07,-0.0046620404
4.205531e-07,-0.0046706572
4.206531e-07,-0.0046828642
4.207531e-07,-0.0046936351
4.208531e-07,-0.0046965074
4.209531e-07,-0.0046907629
4.210531e-07,-0.004679992
4.211531e-07,-0.0046720933
4.212531e-07,-0.0046735294
4.213531e-07,-0.0046857364
4.214531e-07,-0.0047058421
4.215531e-07,-0.004727384
4.216531e-07,-0.0047424632
4.217531e-07,-0.0047489258
4.218531e-07,-0.0047496438
4.219531e-07,-0.0047489258
4.220531e-07,-0.0047539522
4.221531e-07,-0.0047647231
4.222531e-07,-0.0047783663
4.223531e-07,-0.0047884191
4.224531e-07,-0.0047884191
4.225531e-07,-0.0047783663
4.226531e-07,-0.0047618509
4.227531e-07,-0.0047474897
4.228531e-07,-0.0047424632
4.229531e-07,-0.0047489258
4.230531e-07,-0.0047618509
4.231531e-07,-0.0047740579
4.232531e-07,-0.0047769301
4.233531e-07,-0.0047683134
4.234531e-07,-0.004751798
4.235531e-07,-0.0047367187
4.236531e-07,-0.0047309743
4.237531e-07,-0.0047381549
4.238531e-07,-0.0047546703
4.239531e-07,-0.0047711857
4.240531e-07,-0.0047769301
4.241531e-07,-0.0047661592
4.242531e-07,-0.0047417452
4.243531e-07,-0.0047108686
4.244531e-07,-0.0046850184
4.245531e-07,-0.0046735294
4.246531e-07,-0.0046771197
4.247531e-07,-0.0046914809
4.248531e-07,-0.0047079963
4.249531e-07,-0.0047180492
4.250531e-07,-0.0047194853
4.251531e-07,-0.0047137408
4.252531e-07,-0.0047079963
4.253531e-07,-0.0047065602
4.254531e-07,-0.0047123047
4.255531e-07,-0.0047223575
4.256531e-07,-0.0047309743
4.257531e-07,-0.0047352826
4.258531e-07,-0.0047338465
4.259531e-07,-0.0047302562
4.260531e-07,-0.0047309743
4.261531e-07,-0.0047403091
4.262531e-07,-0.0047596967
4.263531e-07,-0.0047855469
4.264531e-07,-0.0048113971
4.265531e-07,-0.0048322208
4.266531e-07,-0.0048437098
4.267531e-07,-0.0048473001
4.268531e-07,-0.004845864
4.269531e-07,-0.0048437098
4.270531e-07,-0.0048429917
4.271531e-07,-0.0048444278
4.272531e-07,-0.004845864
4.273531e-07,-0.004846582
4.274531e-07,-0.0048473001
4.275531e-07,-0.0048494543
4.276531e-07,-0.0048573529
4.277531e-07,-0.0048717142
4.278531e-07,-0.0048911018
4.279531e-07,-0.0049112075
4.280531e-07,-0.0049262868
4.281531e-07,-0.0049320312
4.282531e-07,-0.0049262868
4.283531e-07,-0.0049112075
4.284531e-07,-0.0048918199
4.285531e-07,-0.0048738683
4.286531e-07,-0.0048616613
4.287531e-07,-0.0048566349
4.288531e-07,-0.0048573529
4.289531e-07,-0.0048623794
4.290531e-07,-0.0048681239
4.291531e-07,-0.0048745864
4.292531e-07,-0.0048803309
4.293531e-07,-0.0048853573
4.294531e-07,-0.0048896657
4.295531e-07,-0.0048925379
4.296531e-07,-0.0048918199
4.297531e-07,-0.0048875115
4.298531e-07,-0.0048803309
4.299531e-07,-0.00486956
4.300531e-07,-0.0048573529
4.301531e-07,-0.0048437098
4.302531e-07,-0.0048293486
4.303531e-07,-0.0048142693
4.304531e-07,-0.0047999081
4.305531e-07,-0.004786983
4.306531e-07,-0.0047783663
4.307531e-07,-0.004774776
4.308531e-07,-0.0047769301
4.309531e-07,-0.0047826746
4.310531e-07,-0.0047884191
4.311531e-07,-0.0047912914
4.312531e-07,-0.0047884191
4.313531e-07,-0.0047798024
4.314531e-07,-0.0047690315
4.315531e-07,-0.0047596967
4.316531e-07,-0.0047539522
4.317531e-07,-0.0047532341
4.318531e-07,-0.0047561064
4.319531e-07,-0.0047568244
4.320531e-07,-0.0047539522
4.321531e-07,-0.0047453355
4.322531e-07,-0.0047331284
4.323531e-07,-0.0047223575
4.324531e-07,-0.0047194853
4.325531e-07,-0.004728102
4.326531e-07,-0.0047482077
4.327531e-07,-0.0047783663
4.328531e-07,-0.0048113971
4.329531e-07,-0.0048422737
4.330531e-07,-0.0048645335
4.331531e-07,-0.0048774586
4.332531e-07,-0.0048803309
4.333531e-07,-0.0048753045
4.334531e-07,-0.0048659697
4.335531e-07,-0.0048544807
4.336531e-07,-0.004845864
4.337531e-07,-0.0048415556
4.338531e-07,-0.0048437098
4.339531e-07,-0.0048530446
4.340531e-07,-0.0048688419
4.341531e-07,-0.0048882295
4.342531e-07,-0.0049083352
4.343531e-07,-0.0049255687
4.344531e-07,-0.0049377757
4.345531e-07,-0.0049449563
4.346531e-07,-0.0049492647
4.347531e-07,-0.0049542911
4.348531e-07,-0.0049607537
4.349531e-07,-0.0049700885
4.350531e-07,-0.0049808594
4.351531e-07,-0.0049901942
4.352531e-07,-0.0049952206
4.353531e-07,-0.0049959386
4.354531e-07,-0.0049923483
4.355531e-07,-0.0049873219
4.356531e-07,-0.0049837316
4.357531e-07,-0.0049822955
4.358531e-07,-0.0049822955
4.359531e-07,-0.0049837316
4.360531e-07,-0.0049837316
4.361531e-07,-0.0049822955
4.362531e-07,-0.0049787052
4.363531e-07,-0.0049751149
4.364531e-07,-0.0049722426
4.365531e-07,-0.0049700885
4.366531e-07,-0.0049679343
4.367531e-07,-0.004965062
4.368531e-07,-0.0049607537
4.369531e-07,-0.0049550092
4.370531e-07,-0.0049485466
4.371531e-07,-0.0049428022
4.372531e-07,-0.0049377757
4.373531e-07,-0.0049334674
4.374531e-07,-0.0049284409
4.375531e-07,-0.0049219784
4.376531e-07,-0.0049147978
4.377531e-07,-0.0049090533
4.378531e-07,-0.0049068991
4.379531e-07,-0.0049090533
4.380531e-07,-0.0049147978
4.381531e-07,-0.0049198242
4.382531e-07,-0.0049183881
4.383531e-07,-0.0049090533
4.384531e-07,-0.0048918199
4.385531e-07,-0.0048717142
4.386531e-07,-0.0048573529
4.387531e-07,-0.0048551988
4.388531e-07,-0.0048688419
4.389531e-07,-0.0048946921
4.390531e-07,-0.0049248506
4.391531e-07,-0.0049492647
4.392531e-07,-0.0049607537
4.393531e-07,-0.0049578814
4.394531e-07,-0.0049435202
4.395531e-07,-0.0049270048
4.396531e-07,-0.0049147978
4.397531e-07,-0.0049104894
4.398531e-07,-0.0049119256
4.399531e-07,-0.0049155159
4.400531e-07,-0.0049147978
4.401531e-07,-0.0049083352
4.402531e-07,-0.0048990005
4.403531e-07,-0.0048918199
4.404531e-07,-0.0048918199
4.405531e-07,-0.0049018727
4.406531e-07,-0.0049183881
4.407531e-07,-0.0049363396
4.408531e-07,-0.0049492647
4.409531e-07,-0.004952855
4.410531e-07,-0.0049492647
4.411531e-07,-0.0049420841
4.412531e-07,-0.0049377757
4.413531e-07,-0.0049399299
4.414531e-07,-0.0049478286
4.415531e-07,-0.0049564453
4.416531e-07,-0.0049607537
4.417531e-07,-0.0049571634
4.418531e-07,-0.0049471105
4.419531e-07,-0.0049349035
4.420531e-07,-0.0049262868
4.421531e-07,-0.0049270048
4.422531e-07,-0.0049377757
4.423531e-07,-0.0049550092
4.424531e-07,-0.0049722426
4.425531e-07,-0.0049844497
4.426531e-07,-0.0049894761
4.427531e-07,-0.00498804
4.428531e-07,-0.0049837316
4.429531e-07,-0.0049815774
4.430531e-07,-0.0049844497
4.431531e-07,-0.0049937845
4.432531e-07,-0.0050067096
4.433531e-07,-0.0050210708
4.434531e-07,-0.0050325597
4.435531e-07,-0.0050397403
4.436531e-07,-0.0050411765
4.437531e-07,-0.00503615
4.438531e-07,-0.0050246611
4.439531e-07,-0.0050102999
4.440531e-07,-0.0049952206
4.441531e-07,-0.0049851677
4.442531e-07,-0.0049830136
4.443531e-07,-0.0049909122
4.444531e-07,-0.0050067096
4.445531e-07,-0.0050246611
4.446531e-07,-0.0050375862
4.447531e-07,-0.0050390223
4.448531e-07,-0.0050296875
4.449531e-07,-0.0050131721
4.450531e-07,-0.0049988109
4.451531e-07,-0.0049945025
4.452531e-07,-0.0050067096
4.453531e-07,-0.0050332778
4.454531e-07,-0.0050677447
4.455531e-07,-0.0050993394
4.456531e-07,-0.0051215993
4.457531e-07,-0.0051309341
4.458531e-07,-0.0051316521
4.459531e-07,-0.005130216
4.460531e-07,-0.0051330882
4.461531e-07,-0.0051431411
4.462531e-07,-0.0051582204
4.463531e-07,-0.0051718635
4.464531e-07,-0.0051790441
4.465531e-07,-0.0051790441
4.466531e-07,-0.0051740177
4.467531e-07,-0.0051725816
4.468531e-07,-0.0051790441
4.469531e-07,-0.0051969956
4.470531e-07,-0.0052228458
4.471531e-07,-0.0052494141
4.472531e-07,-0.0052709559
4.473531e-07,-0.0052824449
4.474531e-07,-0.005284599
4.475531e-07,-0.0052824449
4.476531e-07,-0.0052824449
4.477531e-07,-0.0052867532
4.478531e-07,-0.0052946519
4.479531e-07,-0.0053025506
4.480531e-07,-0.0053054228
4.481531e-07,-0.0053003964
4.482531e-07,-0.0052903435
4.483531e-07,-0.0052788545
4.484531e-07,-0.0052709559
4.485531e-07,-0.0052702378
4.486531e-07,-0.0052745462
4.487531e-07,-0.0052802907
4.488531e-07,-0.0052824449
4.489531e-07,-0.0052795726
4.490531e-07,-0.0052716739
4.491531e-07,-0.0052637753
4.492531e-07,-0.0052594669
4.493531e-07,-0.0052587489
4.494531e-07,-0.005260185
4.495531e-07,-0.0052573127
4.496531e-07,-0.0052479779
4.497531e-07,-0.0052314625
4.498531e-07,-0.0052113568
4.499531e-07,-0.0051962776
4.500531e-07,-0.0051905331
4.501531e-07,-0.0051962776
4.502531e-07,-0.0052099207
4.503531e-07,-0.0052221278
4.504531e-07,-0.005225
4.505531e-07,-0.005213511
4.506531e-07,-0.005189097
4.507531e-07,-0.0051589384
4.508531e-07,-0.0051330882
4.509531e-07,-0.005118009
4.510531e-07,-0.0051158548
4.511531e-07,-0.0051230354
4.512531e-07,-0.0051330882
4.513531e-07,-0.0051388327
4.514531e-07,-0.0051381147
4.515531e-07,-0.0051309341
4.516531e-07,-0.0051215993
4.517531e-07,-0.0051137006
4.518531e-07,-0.0051079561
4.519531e-07,-0.0051036477
4.520531e-07,-0.0050986213
4.521531e-07,-0.0050900046
4.522531e-07,-0.0050777976
4.523531e-07,-0.0050648725
4.524531e-07,-0.0050526654
4.525531e-07,-0.0050440487
4.526531e-07,-0.0050390223
4.527531e-07,-0.0050347139
4.528531e-07,-0.0050296875
4.529531e-07,-0.0050217888
4.530531e-07,-0.005012454
4.531531e-07,-0.0050024012
4.532531e-07,-0.0049952206
4.533531e-07,-0.0049909122
4.534531e-07,-0.0049894761
4.535531e-07,-0.0049873219
4.536531e-07,-0.0049837316
4.537531e-07,-0.0049772691
4.538531e-07,-0.0049700885
4.539531e-07,-0.0049636259
4.540531e-07,-0.0049607537
4.541531e-07,-0.0049600356
4.542531e-07,-0.0049600356
4.543531e-07,-0.0049571634
4.544531e-07,-0.0049492647
4.545531e-07,-0.0049377757
4.546531e-07,-0.0049277229
4.547531e-07,-0.0049226965
4.548531e-07,-0.0049262868
4.549531e-07,-0.0049392119
4.550531e-07,-0.0049564453
4.551531e-07,-0.0049729607
4.552531e-07,-0.0049837316
4.553531e-07,-0.0049866039
4.554531e-07,-0.0049830136
4.555531e-07,-0.0049772691
4.556531e-07,-0.0049722426
4.557531e-07,-0.0049686523
4.558531e-07,-0.004965062
4.559531e-07,-0.0049585995
4.560531e-07,-0.0049492647
4.561531e-07,-0.0049384938
4.562531e-07,-0.0049320312
4.563531e-07,-0.0049341854
4.564531e-07,-0.0049492647
4.565531e-07,-0.0049736788
4.566531e-07,-0.0050009651
4.567531e-07,-0.0050217888
4.568531e-07,-0.0050296875
4.569531e-07,-0.005023943
4.570531e-07,-0.0050088637
4.571531e-07,-0.0049930664
4.572531e-07,-0.0049837316
4.573531e-07,-0.0049844497
4.574531e-07,-0.0049909122
4.575531e-07,-0.0049973748
4.576531e-07,-0.0049952206
4.577531e-07,-0.0049830136
4.578531e-07,-0.0049636259
4.579531e-07,-0.0049456744
4.580531e-07,-0.0049377757
4.581531e-07,-0.0049442383
4.582531e-07,-0.0049629079
4.583531e-07,-0.0049873219
4.584531e-07,-0.0050067096
4.585531e-07,-0.0050146082
4.586531e-07,-0.0050095818
4.587531e-07,-0.0049966567
4.588531e-07,-0.0049837316
4.589531e-07,-0.0049779871
4.590531e-07,-0.0049815774
4.591531e-07,-0.0049930664
4.592531e-07,-0.0050067096
4.593531e-07,-0.0050167624
4.594531e-07,-0.0050203527
4.595531e-07,-0.0050196347
4.596531e-07,-0.0050181985
4.597531e-07,-0.0050217888
4.598531e-07,-0.0050332778
4.599531e-07,-0.0050519474
4.600531e-07,-0.0050756434
4.601531e-07,-0.0051000574
4.602531e-07,-0.0051223173
4.603531e-07,-0.0051409869
4.604531e-07,-0.0051560662
4.605531e-07,-0.0051675551
4.606531e-07,-0.0051761719
4.607531e-07,-0.0051797622
4.608531e-07,-0.0051790441
4.609531e-07,-0.0051761719
4.610531e-07,-0.0051740177
4.611531e-07,-0.0051783261
4.612531e-07,-0.0051905331
4.613531e-07,-0.0052120749
4.614531e-07,-0.0052386432
4.615531e-07,-0.0052644933
4.616531e-07,-0.0052824449
4.617531e-07,-0.0052889074
4.618531e-07,-0.0052824449
4.619531e-07,-0.0052666475
4.620531e-07,-0.0052479779
4.621531e-07,-0.0052307445
4.622531e-07,-0.0052192555
4.623531e-07,-0.005213511
4.624531e-07,-0.005213511
4.625531e-07,-0.0052171013
4.626531e-07,-0.0052235639
4.627531e-07,-0.0052300264
4.628531e-07,-0.005236489
4.629531e-07,-0.0052400793
4.630531e-07,-0.0052379251
