LECROYHDO6104B,11090,Waveform
Segments,1,SegmentSize,5002
Segment,TrigTime,TimeSinceSegment1
#1,04-May-2026 18:48:06,0                 
Time,Ampl
-3.701025e-08,-0.0046649127
-3.691025e-08,-0.0046850184
-3.681025e-08,-0.0047209214
-3.671025e-08,-0.0047625689
-3.661025e-08,-0.0047963178
-3.651025e-08,-0.0048113971
-3.641025e-08,-0.0048070887
-3.631025e-08,-0.0047912914
-3.621025e-08,-0.0047776482
-3.611025e-08,-0.0047769301
-3.601025e-08,-0.0047934455
-3.591025e-08,-0.0048200138
-3.581025e-08,-0.0048451459
-3.571025e-08,-0.0048573529
-3.561025e-08,-0.0048523265
-3.551025e-08,-0.0048372472
-3.541025e-08,-0.0048236041
-3.531025e-08,-0.004822886
-3.521025e-08,-0.0048408375
-3.511025e-08,-0.0048724322
-3.501025e-08,-0.0049047449
-3.491025e-08,-0.0049262868
-3.481025e-08,-0.0049298771
-3.471025e-08,-0.004916952
-3.461025e-08,-0.0048968463
-3.451025e-08,-0.0048803309
-3.441025e-08,-0.0048731503
-3.431025e-08,-0.0048738683
-3.421025e-08,-0.0048781767
-3.411025e-08,-0.0048803309
-3.401025e-08,-0.0048788948
-3.391025e-08,-0.0048781767
-3.381025e-08,-0.0048853573
-3.371025e-08,-0.0049033088
-3.361025e-08,-0.004929159
-3.351025e-08,-0.004952855
-3.341025e-08,-0.0049621898
-3.331025e-08,-0.0049492647
-3.321025e-08,-0.004916952
-3.311025e-08,-0.0048774586
-3.301025e-08,-0.0048494543
-3.291025e-08,-0.004845864
-3.281025e-08,-0.0048688419
-3.271025e-08,-0.0049076172
-3.261025e-08,-0.0049442383
-3.251025e-08,-0.0049607537
-3.241025e-08,-0.0049499828
-3.231025e-08,-0.0049183881
-3.221025e-08,-0.004881767
-3.211025e-08,-0.0048573529
-3.201025e-08,-0.0048551988
-3.191025e-08,-0.0048724322
-3.181025e-08,-0.0048975643
-3.171025e-08,-0.0049147978
-3.161025e-08,-0.0049140797
-3.151025e-08,-0.0048961282
-3.141025e-08,-0.0048688419
-3.131025e-08,-0.004845864
-3.121025e-08,-0.0048350931
-3.111025e-08,-0.0048365292
-3.101025e-08,-0.0048437098
-3.091025e-08,-0.004845864
-3.081025e-08,-0.0048372472
-3.071025e-08,-0.0048200138
-3.061025e-08,-0.0048006261
-3.051025e-08,-0.0047884191
-3.041025e-08,-0.0047877011
-3.031025e-08,-0.0047963178
-3.021025e-08,-0.0048070887
-3.011025e-08,-0.0048113971
-3.001025e-08,-0.0048063706
-2.991025e-08,-0.0047955997
-2.981025e-08,-0.004786983
-2.971025e-08,-0.0047884191
-2.961025e-08,-0.0048013442
-2.951025e-08,-0.0048192957
-2.941025e-08,-0.0048329389
-2.931025e-08,-0.004834375
-2.921025e-08,-0.004822168
-2.911025e-08,-0.0048027803
-2.901025e-08,-0.0047884191
-2.891025e-08,-0.0047884191
-2.881025e-08,-0.0048049345
-2.871025e-08,-0.0048307847
-2.861025e-08,-0.0048516085
-2.851025e-08,-0.0048573529
-2.841025e-08,-0.0048437098
-2.831025e-08,-0.0048192957
-2.821025e-08,-0.0047963178
-2.811025e-08,-0.0047884191
-2.801025e-08,-0.0048006261
-2.791025e-08,-0.0048271944
-2.781025e-08,-0.0048544807
-2.771025e-08,-0.0048688419
-2.761025e-08,-0.0048652516
-2.751025e-08,-0.0048473001
-2.741025e-08,-0.0048293486
-2.731025e-08,-0.004822886
-2.721025e-08,-0.004834375
-2.711025e-08,-0.0048587891
-2.701025e-08,-0.0048824851
-2.691025e-08,-0.0048918199
-2.681025e-08,-0.0048788948
-2.671025e-08,-0.0048480182
-2.661025e-08,-0.0048121151
-2.651025e-08,-0.0047884191
-2.641025e-08,-0.0047862649
-2.631025e-08,-0.0048049345
-2.621025e-08,-0.0048336569
-2.611025e-08,-0.0048573529
-2.601025e-08,-0.0048645335
-2.591025e-08,-0.0048530446
-2.581025e-08,-0.0048315028
-2.571025e-08,-0.0048113971
-2.561025e-08,-0.0048042165
-2.551025e-08,-0.0048135512
-2.541025e-08,-0.004834375
-2.531025e-08,-0.0048573529
-2.521025e-08,-0.0048738683
-2.511025e-08,-0.0048810489
-2.501025e-08,-0.0048810489
-2.491025e-08,-0.0048803309
-2.481025e-08,-0.0048832031
-2.471025e-08,-0.0048903837
-2.461025e-08,-0.0048982824
-2.451025e-08,-0.0049033088
-2.441025e-08,-0.0049018727
-2.431025e-08,-0.0048961282
-2.421025e-08,-0.0048911018
-2.411025e-08,-0.0048918199
-2.401025e-08,-0.0048997185
-2.391025e-08,-0.0049104894
-2.381025e-08,-0.00491767
-2.371025e-08,-0.0049147978
-2.361025e-08,-0.0049004366
-2.351025e-08,-0.0048803309
-2.341025e-08,-0.0048630974
-2.331025e-08,-0.0048573529
-2.321025e-08,-0.0048666877
-2.311025e-08,-0.0048875115
-2.301025e-08,-0.0049104894
-2.291025e-08,-0.0049262868
-2.281025e-08,-0.0049305951
-2.271025e-08,-0.0049255687
-2.261025e-08,-0.00491767
-2.251025e-08,-0.0049147978
-2.241025e-08,-0.0049212603
-2.231025e-08,-0.0049341854
-2.221025e-08,-0.0049456744
-2.211025e-08,-0.0049492647
-2.201025e-08,-0.004940648
-2.191025e-08,-0.0049226965
-2.181025e-08,-0.0049033088
-2.171025e-08,-0.0048918199
-2.161025e-08,-0.0048918199
-2.151025e-08,-0.0049025908
-2.141025e-08,-0.0049162339
-2.131025e-08,-0.0049262868
-2.121025e-08,-0.0049277229
-2.111025e-08,-0.0049226965
-2.101025e-08,-0.0049162339
-2.091025e-08,-0.0049147978
-2.081025e-08,-0.0049205423
-2.071025e-08,-0.0049313132
-2.061025e-08,-0.0049392119
-2.051025e-08,-0.0049377757
-2.041025e-08,-0.0049248506
-2.031025e-08,-0.0049033088
-2.021025e-08,-0.004881767
-2.011025e-08,-0.0048688419
-2.001025e-08,-0.0048666877
-1.991025e-08,-0.0048738683
-1.981025e-08,-0.0048803309
-1.971025e-08,-0.0048803309
-1.961025e-08,-0.0048688419
-1.951025e-08,-0.0048501723
-1.941025e-08,-0.0048315028
-1.931025e-08,-0.004822886
-1.921025e-08,-0.0048279125
-1.911025e-08,-0.0048429917
-1.901025e-08,-0.0048602252
-1.891025e-08,-0.0048688419
-1.881025e-08,-0.0048623794
-1.871025e-08,-0.0048408375
-1.861025e-08,-0.0048128332
-1.851025e-08,-0.0047884191
-1.841025e-08,-0.0047762121
-1.831025e-08,-0.0047790843
-1.821025e-08,-0.0047927275
-1.811025e-08,-0.0048113971
-1.801025e-08,-0.0048279125
-1.791025e-08,-0.0048394014
-1.781025e-08,-0.0048480182
-1.771025e-08,-0.0048573529
-1.761025e-08,-0.0048709961
-1.751025e-08,-0.0048882295
-1.741025e-08,-0.0049047449
-1.731025e-08,-0.0049147978
-1.721025e-08,-0.0049140797
-1.711025e-08,-0.0049033088
-1.701025e-08,-0.0048860754
-1.691025e-08,-0.0048688419
-1.681025e-08,-0.0048566349
-1.671025e-08,-0.0048516085
-1.661025e-08,-0.0048530446
-1.651025e-08,-0.0048573529
-1.641025e-08,-0.0048623794
-1.631025e-08,-0.0048666877
-1.621025e-08,-0.0048724322
-1.611025e-08,-0.0048803309
-1.601025e-08,-0.0048903837
-1.591025e-08,-0.0048997185
-1.581025e-08,-0.0049047449
-1.571025e-08,-0.0049033088
-1.561025e-08,-0.0048946921
-1.551025e-08,-0.0048824851
-1.541025e-08,-0.0048724322
-1.531025e-08,-0.0048688419
-1.521025e-08,-0.0048731503
-1.511025e-08,-0.004881767
-1.501025e-08,-0.0048896657
-1.491025e-08,-0.0048918199
-1.481025e-08,-0.0048867934
-1.471025e-08,-0.0048767406
-1.461025e-08,-0.0048688419
-1.451025e-08,-0.0048688419
-1.441025e-08,-0.0048788948
-1.431025e-08,-0.0048968463
-1.421025e-08,-0.0049147978
-1.411025e-08,-0.0049262868
-1.401025e-08,-0.0049262868
-1.391025e-08,-0.0049147978
-1.381025e-08,-0.0048975643
-1.371025e-08,-0.0048803309
-1.361025e-08,-0.004870278
-1.351025e-08,-0.0048681239
-1.341025e-08,-0.0048731503
-1.331025e-08,-0.0048803309
-1.321025e-08,-0.0048860754
-1.311025e-08,-0.0048875115
-1.301025e-08,-0.0048846392
-1.291025e-08,-0.0048803309
-1.281025e-08,-0.0048753045
-1.271025e-08,-0.00486956
-1.261025e-08,-0.0048638155
-1.251025e-08,-0.0048573529
-1.241025e-08,-0.0048508904
-1.231025e-08,-0.004845864
-1.221025e-08,-0.0048444278
-1.211025e-08,-0.004845864
-1.201025e-08,-0.0048473001
-1.191025e-08,-0.0048437098
-1.181025e-08,-0.0048322208
-1.171025e-08,-0.0048113971
-1.161025e-08,-0.0047848288
-1.151025e-08,-0.0047596967
-1.141025e-08,-0.0047438994
-1.131025e-08,-0.0047424632
-1.121025e-08,-0.0047546703
-1.111025e-08,-0.0047740579
-1.101025e-08,-0.0047920094
-1.091025e-08,-0.0047999081
-1.081025e-08,-0.0047948817
-1.071025e-08,-0.0047798024
-1.061025e-08,-0.0047604148
-1.051025e-08,-0.0047424632
-1.041025e-08,-0.0047295381
-1.031025e-08,-0.0047209214
-1.021025e-08,-0.0047108686
-1.011025e-08,-0.0046965074
-1.001025e-08,-0.0046764017
-9.910249e-09,-0.0046541418
-9.810249e-09,-0.0046361903
-9.710249e-09,-0.0046275735
-9.610249e-09,-0.0046297277
-9.510249e-09,-0.0046404986
-9.410249e-09,-0.0046534237
-9.310249e-09,-0.0046620404
-9.210249e-09,-0.0046634766
-9.110249e-09,-0.0046598863
-9.010249e-09,-0.0046541418
-8.910249e-09,-0.0046505515
-8.810249e-09,-0.0046505515
-8.710249e-09,-0.0046527057
-8.610249e-09,-0.0046534237
-8.510249e-09,-0.0046505515
-8.410249e-09,-0.004644807
-8.310249e-09,-0.0046412167
-8.210249e-09,-0.0046462431
-8.110249e-09,-0.0046620404
-8.010249e-09,-0.0046871726
-7.910249e-09,-0.0047151769
-7.810249e-09,-0.0047360007
-7.710249e-09,-0.0047424632
-7.610249e-09,-0.0047338465
-7.510249e-09,-0.0047173311
-7.410249e-09,-0.0047015338
-7.310249e-09,-0.0046965074
-7.210249e-09,-0.0047065602
-7.110249e-09,-0.0047288201
-7.010249e-09,-0.0047553883
-6.910249e-09,-0.0047769301
-6.810249e-09,-0.0047898552
-6.710249e-09,-0.0047955997
-6.610249e-09,-0.0048006261
-6.510249e-09,-0.0048113971
-6.410249e-09,-0.0048315028
-6.310249e-09,-0.0048587891
-6.210249e-09,-0.0048853573
-6.110249e-09,-0.0049033088
-6.010249e-09,-0.0049090533
-5.910249e-09,-0.0049040269
-5.810249e-09,-0.0048954102
-5.710249e-09,-0.0048918199
-5.610249e-09,-0.0048990005
-5.510249e-09,-0.0049162339
-5.410249e-09,-0.0049399299
-5.310249e-09,-0.0049607537
-5.210249e-09,-0.0049736788
-5.110249e-09,-0.0049779871
-5.010249e-09,-0.0049751149
-4.910249e-09,-0.0049722426
-4.810249e-09,-0.0049722426
-4.710249e-09,-0.0049779871
-4.610249e-09,-0.0049866039
-4.510249e-09,-0.0049952206
-4.410249e-09,-0.0050024012
-4.310249e-09,-0.0050074276
-4.210249e-09,-0.005012454
-4.110249e-09,-0.0050181985
-4.010249e-09,-0.0050246611
-3.910249e-09,-0.0050282514
-3.810249e-09,-0.0050268153
-3.710249e-09,-0.0050181985
-3.610249e-09,-0.0050052734
-3.510249e-09,-0.0049930664
-3.410249e-09,-0.004988758
-3.310249e-09,-0.0049952206
-3.210249e-09,-0.0050110179
-3.110249e-09,-0.0050289694
-3.010249e-09,-0.0050418945
-2.910249e-09,-0.0050411765
-2.810249e-09,-0.0050268153
-2.710249e-09,-0.0050031193
-2.610249e-09,-0.0049787052
-2.510249e-09,-0.0049607537
-2.410249e-09,-0.0049521369
-2.310249e-09,-0.0049492647
-2.210249e-09,-0.0049471105
-2.110249e-09,-0.0049377757
-2.010249e-09,-0.0049191062
-1.910249e-09,-0.004893256
-1.810249e-09,-0.0048638155
-1.710249e-09,-0.004834375
-1.610249e-09,-0.0048034984
-1.510249e-09,-0.0047640051
-1.410249e-09,-0.0047079963
-1.310249e-09,-0.0046275735
-1.210249e-09,-0.0045198644
-1.110249e-09,-0.0043863051
-1.010249e-09,-0.0042333582
-9.102493e-10,-0.004064614
-8.102493e-10,-0.0038779182
-7.102493e-10,-0.0036675264
-6.102493e-10,-0.0034219497
-5.102493e-10,-0.0031340074
-4.102493e-10,-0.0028001091
-3.102493e-10,-0.0024224092
-2.102493e-10,-0.0020073702
-1.102493e-10,-0.0015600184
-1.024932e-11,-0.0010789177
8.975068e-11,-0.0005576057
1.897507e-10,1.4688649e-05
2.897507e-10,0.00064586397
3.897507e-10,0.0013359203
4.897507e-10,0.0020776769
5.897507e-10,0.0028560547
6.897507e-10,0.0036559743
7.897507e-10,0.0044673828
8.897507e-10,0.0052874081
9.897507e-10,0.0061189223
1.089751e-09,0.0069647978
1.189751e-09,0.0078243164
1.289751e-09,0.0086881434
1.389751e-09,0.0095433536
1.489751e-09,0.010377022
1.589751e-09,0.011182686
1.689751e-09,0.011963218
1.789751e-09,0.012731543
1.889751e-09,0.013502022
1.989751e-09,0.01428399
2.089751e-09,0.015078883
2.189751e-09,0.015875931
2.289751e-09,0.016661489
2.389751e-09,0.017424069
2.489751e-09,0.0181608
2.589751e-09,0.01887886
2.689751e-09,0.019591176
2.789751e-09,0.020309955
2.889751e-09,0.021039505
2.989751e-09,0.021773363
3.089751e-09,0.022497886
3.189751e-09,0.023197995
3.289751e-09,0.023867228
3.389751e-09,0.024509892
3.489751e-09,0.025140349
3.589751e-09,0.025777269
3.689751e-09,0.026430704
3.789751e-09,0.027100655
3.889751e-09,0.027771324
3.989751e-09,0.028421168
4.089751e-09,0.02903152
4.189751e-09,0.029595916
4.289751e-09,0.030126563
4.389751e-09,0.030644284
4.489751e-09,0.031173495
4.589751e-09,0.031724247
4.689751e-09,0.032286489
4.789751e-09,0.032829343
4.889751e-09,0.033306853
4.989751e-09,0.033678091
5.089751e-09,0.033745588
5.189751e-09,0.033745588
5.289751e-09,0.033745588
5.389751e-09,0.033745588
5.489751e-09,0.033745588
5.589751e-09,0.033745588
5.689751e-09,0.033745588
5.789751e-09,0.033745588
5.889751e-09,0.033745588
5.989751e-09,0.033745588
6.089751e-09,0.033745588
6.189751e-09,0.033745588
6.289751e-09,0.033745588
6.389751e-09,0.033745588
6.489751e-09,0.033745588
6.589751e-09,0.033745588
6.689751e-09,0.033745588
6.789751e-09,0.033745588
6.889751e-09,0.033745588
6.989751e-09,0.033745588
7.089751e-09,0.033745588
7.189751e-09,0.033745588
7.289751e-09,0.033745588
7.389751e-09,0.033745588
7.489751e-09,0.033745588
7.589751e-09,0.033745588
7.689751e-09,0.033745588
7.789751e-09,0.033745588
7.889751e-09,0.033745588
7.989751e-09,0.033745588
8.089751e-09,0.033745588
8.189751e-09,0.033745588
8.289751e-09,0.033745588
8.389751e-09,0.033745588
8.489751e-09,0.033745588
8.589751e-09,0.033745588
8.689751e-09,0.033745588
8.789751e-09,0.033745588
8.889751e-09,0.033745588
8.989751e-09,0.033745588
9.089751e-09,0.033745588
9.189751e-09,0.033745588
9.289751e-09,0.033745588
9.389751e-09,0.033745588
9.489751e-09,0.033745588
9.589751e-09,0.033745588
9.689751e-09,0.033745588
9.789751e-09,0.033745588
9.889751e-09,0.033745588
9.989751e-09,0.033745588
1.008975e-08,0.033745588
1.018975e-08,0.033745588
1.028975e-08,0.033745588
1.038975e-08,0.033745588
1.048975e-08,0.033745588
1.058975e-08,0.033745588
1.068975e-08,0.033745588
1.078975e-08,0.033745588
1.088975e-08,0.033745588
1.098975e-08,0.033745588
1.108975e-08,0.033745588
1.118975e-08,0.033745588
1.128975e-08,0.033745588
1.138975e-08,0.033745588
1.148975e-08,0.033745588
1.158975e-08,0.033745588
1.168975e-08,0.033745588
1.178975e-08,0.033745588
1.188975e-08,0.033745588
1.198975e-08,0.033745588
1.208975e-08,0.033745588
1.218975e-08,0.033745588
1.228975e-08,0.033745588
1.238975e-08,0.033745588
1.248975e-08,0.033745588
1.258975e-08,0.033745588
1.268975e-08,0.033745588
1.278975e-08,0.033745588
1.288975e-08,0.033745588
1.298975e-08,0.033745588
1.308975e-08,0.033745588
1.318975e-08,0.033745588
1.328975e-08,0.033745588
1.338975e-08,0.033745588
1.348975e-08,0.033745588
1.358975e-08,0.033745588
1.368975e-08,0.033745588
1.378975e-08,0.033745588
1.388975e-08,0.033745588
1.398975e-08,0.033745588
1.408975e-08,0.033745588
1.418975e-08,0.033745588
1.428975e-08,0.033745588
1.438975e-08,0.033745588
1.448975e-08,0.033745588
1.458975e-08,0.033745588
1.468975e-08,0.033745588
1.478975e-08,0.033745588
1.488975e-08,0.033745588
1.498975e-08,0.033745588
1.508975e-08,0.033745588
1.518975e-08,0.033745588
1.528975e-08,0.033745588
1.538975e-08,0.033745588
1.548975e-08,0.033745588
1.558975e-08,0.033745588
1.568975e-08,0.033745588
1.578975e-08,0.033745588
1.588975e-08,0.033745588
1.598975e-08,0.033745588
1.608975e-08,0.033745588
1.618975e-08,0.033745588
1.628975e-08,0.033745588
1.638975e-08,0.033745588
1.648975e-08,0.033745588
1.658975e-08,0.033745588
1.668975e-08,0.033745588
1.678975e-08,0.033745588
1.688975e-08,0.033745588
1.698975e-08,0.033745588
1.708975e-08,0.033745588
1.718975e-08,0.033745588
1.728975e-08,0.033745588
1.738975e-08,0.033745588
1.748975e-08,0.033745588
1.758975e-08,0.033745588
1.768975e-08,0.033745588
1.778975e-08,0.033745588
1.788975e-08,0.033745588
1.798975e-08,0.033745588
1.808975e-08,0.033745588
1.818975e-08,0.033745588
1.828975e-08,0.033745588
1.838975e-08,0.033745588
1.848975e-08,0.033745588
1.858975e-08,0.033745588
1.868975e-08,0.033745588
1.878975e-08,0.033745588
1.888975e-08,0.033745588
1.898975e-08,0.033745588
1.908975e-08,0.033745588
1.918975e-08,0.033745588
1.928975e-08,0.033745588
1.938975e-08,0.033745588
1.948975e-08,0.033745588
1.958975e-08,0.033745588
1.968975e-08,0.033745588
1.978975e-08,0.033745588
1.988975e-08,0.033745588
1.998975e-08,0.033745588
2.008975e-08,0.033745588
2.018975e-08,0.033745588
2.028975e-08,0.033745588
2.038975e-08,0.033745588
2.048975e-08,0.033745588
2.058975e-08,0.033745588
2.068975e-08,0.033745588
2.078975e-08,0.033745588
2.088975e-08,0.033745588
2.098975e-08,0.033745588
2.108975e-08,0.033745588
2.118975e-08,0.033745588
2.128975e-08,0.033745588
2.138975e-08,0.033745588
2.148975e-08,0.033745588
2.158975e-08,0.033745588
2.168975e-08,0.033745588
2.178975e-08,0.033745588
2.188975e-08,0.033745588
2.198975e-08,0.033745588
2.208975e-08,0.033745588
2.218975e-08,0.033745588
2.228975e-08,0.033745588
2.238975e-08,0.033745588
2.248975e-08,0.033745588
2.258975e-08,0.033745588
2.268975e-08,0.033745588
2.278975e-08,0.033745588
2.288975e-08,0.033745588
2.298975e-08,0.033745588
2.308975e-08,0.033745588
2.318975e-08,0.033745588
2.328975e-08,0.033745588
2.338975e-08,0.033745588
2.348975e-08,0.033745588
2.358975e-08,0.033745588
2.368975e-08,0.033745588
2.378975e-08,0.033745588
2.388975e-08,0.033745588
2.398975e-08,0.033745588
2.408975e-08,0.033745588
2.418975e-08,0.033745588
2.428975e-08,0.033745588
2.438975e-08,0.033745588
2.448975e-08,0.033745588
2.458975e-08,0.033745588
2.468975e-08,0.033745588
2.478975e-08,0.033745588
2.488975e-08,0.033745588
2.498975e-08,0.033745588
2.508975e-08,0.033745588
2.518975e-08,0.033745588
2.528975e-08,0.033745588
2.538975e-08,0.033745588
2.548975e-08,0.033745588
2.558975e-08,0.033745588
2.568975e-08,0.033745588
2.578975e-08,0.033745588
2.588975e-08,0.033745588
2.598975e-08,0.033745588
2.608975e-08,0.033745588
2.618975e-08,0.033745588
2.628975e-08,0.033745588
2.638975e-08,0.033745588
2.648975e-08,0.033745588
2.658975e-08,0.033745588
2.668975e-08,0.033745588
2.678975e-08,0.033745588
2.688975e-08,0.033745588
2.698975e-08,0.033745588
2.708975e-08,0.033745588
2.718975e-08,0.033745588
2.728975e-08,0.033745588
2.738975e-08,0.033745588
2.748975e-08,0.033745588
2.758975e-08,0.033745588
2.768975e-08,0.033745588
2.778975e-08,0.033745588
2.788975e-08,0.033745588
2.798975e-08,0.033745588
2.808975e-08,0.033745588
2.818975e-08,0.033745588
2.828975e-08,0.033745588
2.838975e-08,0.033745588
2.848975e-08,0.033745588
2.858975e-08,0.033745588
2.868975e-08,0.033745588
2.878975e-08,0.033745588
2.888975e-08,0.033745588
2.898975e-08,0.033745588
2.908975e-08,0.033745588
2.918975e-08,0.033745588
2.928975e-08,0.033745588
2.938975e-08,0.033745588
2.948975e-08,0.033745588
2.958975e-08,0.033745588
2.968975e-08,0.033745588
2.978975e-08,0.033745588
2.988975e-08,0.033745588
2.998975e-08,0.033745588
3.008975e-08,0.033745588
3.018975e-08,0.033745588
3.028975e-08,0.033745588
3.038975e-08,0.033745588
3.048975e-08,0.033745588
3.058975e-08,0.033745588
3.068975e-08,0.033745588
3.078975e-08,0.033745588
3.088975e-08,0.033745588
3.098975e-08,0.033745588
3.108975e-08,0.033745588
3.118975e-08,0.033745588
3.128975e-08,0.033745588
3.138975e-08,0.033745588
3.148975e-08,0.033745588
3.158975e-08,0.033745588
3.168975e-08,0.033745588
3.178975e-08,0.033745588
3.188975e-08,0.033745588
3.198975e-08,0.033745588
3.208975e-08,0.033745588
3.218975e-08,0.033745588
3.228975e-08,0.033745588
3.238975e-08,0.033745588
3.248975e-08,0.033745588
3.258975e-08,0.033745588
3.268975e-08,0.033745588
3.278975e-08,0.033745588
3.288975e-08,0.033745588
3.298975e-08,0.033745588
3.308975e-08,0.033745588
3.318975e-08,0.033745588
3.328975e-08,0.033745588
3.338975e-08,0.033745588
3.348975e-08,0.033745588
3.358975e-08,0.033745588
3.368975e-08,0.033745588
3.378975e-08,0.033745588
3.388975e-08,0.033745588
3.398975e-08,0.033745588
3.408975e-08,0.033745588
3.418975e-08,0.033745588
3.428975e-08,0.033745588
3.438975e-08,0.033745588
3.448975e-08,0.033745588
3.458975e-08,0.033745588
3.468975e-08,0.033745588
3.478975e-08,0.033745588
3.488975e-08,0.033745588
3.498975e-08,0.033745588
3.508975e-08,0.033745588
3.518975e-08,0.033745588
3.528975e-08,0.033745588
3.538975e-08,0.033745588
3.548975e-08,0.033745588
3.558975e-08,0.033745588
3.568975e-08,0.033745588
3.578975e-08,0.033745588
3.588975e-08,0.033745588
3.598975e-08,0.033745588
3.608975e-08,0.033745588
3.618975e-08,0.033745588
3.628975e-08,0.033745588
3.638975e-08,0.033745588
3.648975e-08,0.033745588
3.658975e-08,0.033745588
3.668975e-08,0.033745588
3.678975e-08,0.033745588
3.688975e-08,0.033745588
3.698975e-08,0.033745588
3.708975e-08,0.033745588
3.718975e-08,0.033745588
3.728975e-08,0.033745588
3.738975e-08,0.033745588
3.748975e-08,0.033745588
3.758975e-08,0.033745588
3.768975e-08,0.033745588
3.778975e-08,0.033745588
3.788975e-08,0.033745588
3.798975e-08,0.033745588
3.808975e-08,0.033745588
3.818975e-08,0.033745588
3.828975e-08,0.033745588
3.838975e-08,0.033745588
3.848975e-08,0.033745588
3.858975e-08,0.033745588
3.868975e-08,0.033745588
3.878975e-08,0.033745588
3.888975e-08,0.033745588
3.898975e-08,0.033745588
3.908975e-08,0.033745588
3.918975e-08,0.033745588
3.928975e-08,0.033745588
3.938975e-08,0.033745588
3.948975e-08,0.033745588
3.958975e-08,0.033745588
3.968975e-08,0.033745588
3.978975e-08,0.033745588
3.988975e-08,0.033745588
3.998975e-08,0.033745588
4.008975e-08,0.033745588
4.018975e-08,0.033745588
4.028975e-08,0.033745588
4.038975e-08,0.033745588
4.048975e-08,0.033745588
4.058975e-08,0.033745588
4.068975e-08,0.033745588
4.078975e-08,0.033745588
4.088975e-08,0.033745588
4.098975e-08,0.033745588
4.108975e-08,0.033745588
4.118975e-08,0.033745588
4.128975e-08,0.033745588
4.138975e-08,0.033745588
4.148975e-08,0.033745588
4.158975e-08,0.033745588
4.168975e-08,0.033745588
4.178975e-08,0.033745588
4.188975e-08,0.033745588
4.198975e-08,0.033745588
4.208975e-08,0.033745588
4.218975e-08,0.033745588
4.228975e-08,0.033745588
4.238975e-08,0.033745588
4.248975e-08,0.033745588
4.258975e-08,0.033745588
4.268975e-08,0.033745588
4.278975e-08,0.033745588
4.288975e-08,0.033745588
4.298975e-08,0.033745588
4.308975e-08,0.033745588
4.318975e-08,0.033745588
4.328975e-08,0.033745588
4.338975e-08,0.033745588
4.348975e-08,0.033745588
4.358975e-08,0.033745588
4.368975e-08,0.033745588
4.378975e-08,0.033745588
4.388975e-08,0.033745588
4.398975e-08,0.033745588
4.408975e-08,0.033745588
4.418975e-08,0.033745588
4.428975e-08,0.033745588
4.438975e-08,0.033745588
4.448975e-08,0.033745588
4.458975e-08,0.033745588
4.468975e-08,0.033745588
4.478975e-08,0.033745588
4.488975e-08,0.033745588
4.498975e-08,0.033745588
4.508975e-08,0.033745588
4.518975e-08,0.033745588
4.528975e-08,0.033745588
4.538975e-08,0.033745588
4.548975e-08,0.033745588
4.558975e-08,0.033745588
4.568975e-08,0.033745588
4.578975e-08,0.033745588
4.588975e-08,0.033745588
4.598975e-08,0.033745588
4.608975e-08,0.033745588
4.618975e-08,0.033745588
4.628975e-08,0.033745588
4.638975e-08,0.033745588
4.648975e-08,0.033745588
4.658975e-08,0.033745588
4.668975e-08,0.033745588
4.678975e-08,0.033745588
4.688975e-08,0.033745588
4.698975e-08,0.033745588
4.708975e-08,0.033745588
4.718975e-08,0.033745588
4.728975e-08,0.033745588
4.738975e-08,0.033745588
4.748975e-08,0.033745588
4.758975e-08,0.033745588
4.768975e-08,0.033745588
4.778975e-08,0.033745588
4.788975e-08,0.033745588
4.798975e-08,0.033745588
4.808975e-08,0.033745588
4.818975e-08,0.033745588
4.828975e-08,0.033745588
4.838975e-08,0.033745588
4.848975e-08,0.033745588
4.858975e-08,0.033745588
4.868975e-08,0.033745588
4.878975e-08,0.033745588
4.888975e-08,0.033745588
4.898975e-08,0.033745588
4.908975e-08,0.033745588
4.918975e-08,0.033745588
4.928975e-08,0.033745588
4.938975e-08,0.033745588
4.948975e-08,0.033745588
4.958975e-08,0.033745588
4.968975e-08,0.033745588
4.978975e-08,0.033745588
4.988975e-08,0.033745588
4.998975e-08,0.033745588
5.008975e-08,0.033745588
5.018975e-08,0.033745588
5.028975e-08,0.033745588
5.038975e-08,0.033745588
5.048975e-08,0.033745588
5.058975e-08,0.033745588
5.068975e-08,0.033745588
5.078975e-08,0.033745588
5.088975e-08,0.033745588
5.098975e-08,0.033745588
5.108975e-08,0.033745588
5.118975e-08,0.033745588
5.128975e-08,0.033745588
5.138975e-08,0.033745588
5.148975e-08,0.033745588
5.158975e-08,0.033745588
5.168975e-08,0.033745588
5.178975e-08,0.033745588
5.188975e-08,0.033745588
5.198975e-08,0.033745588
5.208975e-08,0.033745588
5.218975e-08,0.033745588
5.228975e-08,0.033745588
5.238975e-08,0.033745588
5.248975e-08,0.033745588
5.258975e-08,0.033745588
5.268975e-08,0.033745588
5.278975e-08,0.033745588
5.288975e-08,0.033745588
5.298975e-08,0.033745588
5.308975e-08,0.033745588
5.318975e-08,0.033745588
5.328975e-08,0.033745588
5.338975e-08,0.033745588
5.348975e-08,0.033745588
5.358975e-08,0.033745588
5.368975e-08,0.033745588
5.378975e-08,0.033745588
5.388975e-08,0.033745588
5.398975e-08,0.033745588
5.408975e-08,0.033745588
5.418975e-08,0.033745588
5.428975e-08,0.033745588
5.438975e-08,0.033745588
5.448975e-08,0.033745588
5.458975e-08,0.033745588
5.468975e-08,0.033745588
5.478975e-08,0.033745588
5.488975e-08,0.033745588
5.498975e-08,0.033745588
5.508975e-08,0.033745588
5.518975e-08,0.033745588
5.528975e-08,0.033745588
5.538975e-08,0.033745588
5.548975e-08,0.033745588
5.558975e-08,0.033745588
5.568975e-08,0.033745588
5.578975e-08,0.033745588
5.588975e-08,0.033745588
5.598975e-08,0.033745588
5.608975e-08,0.033745588
5.618975e-08,0.033745588
5.628975e-08,0.033745588
5.638975e-08,0.033745588
5.648975e-08,0.033745588
5.658975e-08,0.033745588
5.668975e-08,0.033745588
5.678975e-08,0.033745588
5.688975e-08,0.033745588
5.698975e-08,0.033745588
5.708975e-08,0.033745588
5.718975e-08,0.033745588
5.728975e-08,0.033745588
5.738975e-08,0.033745588
5.748975e-08,0.033745588
5.758975e-08,0.033745588
5.768975e-08,0.033745588
5.778975e-08,0.033745588
5.788975e-08,0.033745588
5.798975e-08,0.033745588
5.808975e-08,0.033745588
5.818975e-08,0.033745588
5.828975e-08,0.033745588
5.838975e-08,0.033745588
5.848975e-08,0.033745588
5.858975e-08,0.033723328
5.868975e-08,0.033676654
5.878975e-08,0.033638597
5.888975e-08,0.03360413
5.898975e-08,0.033568227
5.908975e-08,0.033527298
5.918975e-08,0.03348206
5.928975e-08,0.033438258
5.938975e-08,0.033402355
5.948975e-08,0.033377941
5.958975e-08,0.033364298
5.968975e-08,0.033352809
5.978975e-08,0.033336294
5.988975e-08,0.033309007
5.998975e-08,0.03327095
6.008975e-08,0.033229303
6.018975e-08,0.033194118
6.028975e-08,0.03317114
6.038975e-08,0.033161087
6.048975e-08,0.033157497
6.058975e-08,0.03314888
6.068975e-08,0.033125184
6.078975e-08,0.033084972
6.088975e-08,0.033033272
6.098975e-08,0.032981572
6.108975e-08,0.03294136
6.118975e-08,0.032919818
6.128975e-08,0.032914074
6.138975e-08,0.032916946
6.148975e-08,0.032918382
6.158975e-08,0.032909766
6.168975e-08,0.032888942
6.178975e-08,0.032859501
6.188975e-08,0.032826471
6.198975e-08,0.032792722
6.208975e-08,0.032756819
6.218975e-08,0.032715889
6.228975e-08,0.032665625
6.238975e-08,0.032606026
6.248975e-08,0.032541401
6.258975e-08,0.032478211
6.268975e-08,0.032424357
6.278975e-08,0.032381273
6.288975e-08,0.03234537
6.298975e-08,0.032308749
6.308975e-08,0.032263511
6.318975e-08,0.032206066
6.328975e-08,0.03213785
6.338975e-08,0.032066044
6.348975e-08,0.031999265
6.358975e-08,0.03194182
6.368975e-08,0.03189371
6.378975e-08,0.031849908
6.388975e-08,0.031803952
6.398975e-08,0.031751534
6.408975e-08,0.031693371
6.418975e-08,0.031633054
6.428975e-08,0.031574173
6.438975e-08,0.031518882
6.448975e-08,0.03146431
6.458975e-08,0.031407583
6.468975e-08,0.031344393
6.478975e-08,0.031276178
6.488975e-08,0.03120868
6.498975e-08,0.031149081
6.508975e-08,0.031103125
6.518975e-08,0.031072248
6.528975e-08,0.031051425
6.538975e-08,0.031029883
6.548975e-08,0.030999724
6.558975e-08,0.030955923
6.568975e-08,0.03090135
6.578975e-08,0.030843905
6.588975e-08,0.030792923
6.598975e-08,0.030754866
6.608975e-08,0.030729733
6.618975e-08,0.030713936
6.628975e-08,0.030701011
6.638975e-08,0.030685932
6.648975e-08,0.03066798
6.658975e-08,0.030649311
6.668975e-08,0.030632077
6.678975e-08,0.03061628
6.688975e-08,0.030598328
6.698975e-08,0.030573914
6.708975e-08,0.030540165
6.718975e-08,0.030499236
6.728975e-08,0.03045687
6.738975e-08,0.030422403
6.748975e-08,0.030402298
6.758975e-08,0.030396553
6.768975e-08,0.030399426
6.778975e-08,0.030400862
6.788975e-08,0.030390809
6.798975e-08,0.030364959
6.808975e-08,0.030326901
6.818975e-08,0.030282382
6.828975e-08,0.030241452
6.838975e-08,0.030207703
6.848975e-08,0.030181135
6.858975e-08,0.030156003
6.868975e-08,0.030126563
6.878975e-08,0.030090659
6.888975e-08,0.030050448
6.898975e-08,0.030010955
6.908975e-08,0.029977206
6.918975e-08,0.029949202
6.928975e-08,0.029923351
6.938975e-08,0.029892475
6.948975e-08,0.029850827
6.958975e-08,0.029797691
6.968975e-08,0.029740246
6.978975e-08,0.029685673
6.988975e-08,0.029644026
6.998975e-08,0.029616021
7.008975e-08,0.029596634
7.018975e-08,0.029575092
7.028975e-08,0.029540625
7.038975e-08,0.029487489
7.048975e-08,0.029418555
7.058975e-08,0.029344594
7.068975e-08,0.029276379
7.078975e-08,0.02922396
7.088975e-08,0.029188775
7.098975e-08,0.029167233
7.108975e-08,0.02915
7.118975e-08,0.029129894
7.128975e-08,0.029103326
7.138975e-08,0.029071013
7.148975e-08,0.02903511
7.158975e-08,0.028998489
7.168975e-08,0.028962586
7.178975e-08,0.028925247
7.188975e-08,0.028885754
7.198975e-08,0.02884626
7.208975e-08,0.028811075
7.218975e-08,0.028784507
7.228975e-08,0.028770864
7.238975e-08,0.028766556
7.248975e-08,0.028765119
7.258975e-08,0.028757939
7.268975e-08,0.028736397
7.278975e-08,0.028700494
7.288975e-08,0.028655974
7.298975e-08,0.028611455
7.308975e-08,0.028575551
7.318975e-08,0.028552574
7.328975e-08,0.028538212
7.338975e-08,0.028526005
7.348975e-08,0.028506618
7.358975e-08,0.028477177
7.368975e-08,0.02843912
7.378975e-08,0.028401063
7.388975e-08,0.02836875
7.398975e-08,0.02834649
7.408975e-08,0.028332129
7.418975e-08,0.028319204
7.428975e-08,0.028299816
7.438975e-08,0.028271094
7.448975e-08,0.028233037
7.458975e-08,0.028191389
7.468975e-08,0.02815046
7.478975e-08,0.02811312
7.488975e-08,0.028076499
7.498975e-08,0.028036288
7.508975e-08,0.027989614
7.518975e-08,0.027935759
7.528975e-08,0.027879033
7.538975e-08,0.027826614
7.548975e-08,0.027782813
7.558975e-08,0.027748346
7.568975e-08,0.027716751
7.578975e-08,0.027680848
7.588975e-08,0.027633456
7.598975e-08,0.027573857
7.608975e-08,0.027507077
7.618975e-08,0.027440298
7.628975e-08,0.027380699
7.638975e-08,0.027329716
7.648975e-08,0.027282324
7.658975e-08,0.02723206
7.668975e-08,0.027173897
7.678975e-08,0.027107117
7.688975e-08,0.027037466
7.698975e-08,0.026973558
7.708975e-08,0.02692114
7.718975e-08,0.02688021
7.728975e-08,0.026845743
7.738975e-08,0.026807686
7.748975e-08,0.026760294
7.758975e-08,0.026705003
7.768975e-08,0.026647559
7.778975e-08,0.026599449
7.788975e-08,0.026564982
7.798975e-08,0.026544158
7.808975e-08,0.026526924
7.818975e-08,0.02650251
7.828975e-08,0.026461581
7.838975e-08,0.026405572
7.848975e-08,0.026344537
7.858975e-08,0.026293555
7.868975e-08,0.026266268
7.878975e-08,0.026264832
7.888975e-08,0.026282066
7.898975e-08,0.026302889
7.908975e-08,0.026312224
7.918975e-08,0.026303608
7.928975e-08,0.02628063
7.938975e-08,0.026252625
7.948975e-08,0.026231801
7.958975e-08,0.026223185
7.968975e-08,0.026223185
7.978975e-08,0.026221749
7.988975e-08,0.026208824
7.998975e-08,0.026180101
8.008975e-08,0.02613989
8.018975e-08,0.026099678
8.028975e-08,0.026070956
8.038975e-08,0.026059467
8.048975e-08,0.026061621
8.058975e-08,0.026065929
8.068975e-08,0.026059467
8.078975e-08,0.026035771
8.088975e-08,0.02599556
8.098975e-08,0.025946013
8.108975e-08,0.025898621
8.118975e-08,0.02585841
8.128975e-08,0.025823943
8.138975e-08,0.025790194
8.148975e-08,0.025749265
8.158975e-08,0.025698282
8.168975e-08,0.025641556
8.178975e-08,0.025587701
8.188975e-08,0.025542463
8.198975e-08,0.025508714
8.208975e-08,0.025479274
8.218975e-08,0.025444089
8.228975e-08,0.025393107
8.238975e-08,0.025323455
8.248975e-08,0.025241596
8.258975e-08,0.025161173
8.268975e-08,0.025094393
8.278975e-08,0.025048437
8.288975e-08,0.025019715
8.298975e-08,0.024997455
8.308975e-08,0.024968015
8.318975e-08,0.024922777
8.328975e-08,0.02486246
8.338975e-08,0.024793526
8.348975e-08,0.024726746
8.358975e-08,0.024669301
8.368975e-08,0.024621191
8.378975e-08,0.024578108
8.388975e-08,0.024531434
8.398975e-08,0.024479015
8.408975e-08,0.024422289
8.418975e-08,0.024368434
8.428975e-08,0.024324632
8.438975e-08,0.024293038
8.448975e-08,0.024268624
8.458975e-08,0.024243491
8.468975e-08,0.024209743
8.478975e-08,0.024165223
8.488975e-08,0.024114241
8.498975e-08,0.024069003
8.508975e-08,0.024037408
8.518975e-08,0.024023765
8.528975e-08,0.024021611
8.538975e-08,0.024019457
8.548975e-08,0.024002941
8.558975e-08,0.02396632
8.568975e-08,0.023911029
8.578975e-08,0.023849994
8.588975e-08,0.02379614
8.598975e-08,0.023759519
8.608975e-08,0.023740849
8.618975e-08,0.023733668
8.628975e-08,0.023727206
8.638975e-08,0.023711409
8.648975e-08,0.02368484
8.658975e-08,0.023648937
8.668975e-08,0.023612316
8.678975e-08,0.023580003
8.688975e-08,0.023552717
8.698975e-08,0.023526867
8.708975e-08,0.023497426
8.718975e-08,0.023460087
8.728975e-08,0.023417004
8.738975e-08,0.02337392
8.748975e-08,0.023336581
8.758975e-08,0.023310013
8.768975e-08,0.023291343
8.778975e-08,0.023276264
8.788975e-08,0.023256158
8.798975e-08,0.023226718
8.808975e-08,0.023189378
8.818975e-08,0.023147013
8.828975e-08,0.023106801
8.838975e-08,0.023070898
8.848975e-08,0.023039304
8.858975e-08,0.023006991
8.868975e-08,0.022968934
8.878975e-08,0.022923696
8.888975e-08,0.022874868
8.898975e-08,0.022826758
8.908975e-08,0.02278511
8.918975e-08,0.022752798
8.928975e-08,0.022726229
8.938975e-08,0.022700379
8.948975e-08,0.022670221
8.958975e-08,0.022633599
8.968975e-08,0.02259267
8.978975e-08,0.022553895
8.988975e-08,0.022520864
8.998975e-08,0.022495732
9.008975e-08,0.022473472
9.018975e-08,0.022449058
9.028975e-08,0.022417463
9.038975e-08,0.022376534
9.048975e-08,0.022331296
9.058975e-08,0.022286058
9.068975e-08,0.022245129
9.078975e-08,0.022209226
9.088975e-08,0.022175477
9.098975e-08,0.022138138
9.108975e-08,0.022095772
9.118975e-08,0.02205197
9.128975e-08,0.022014631
9.138975e-08,0.021990217
9.148975e-08,0.021980882
9.158975e-08,0.021980882
9.168975e-08,0.021976574
9.178975e-08,0.021956468
9.188975e-08,0.021911949
9.198975e-08,0.021847323
9.208975e-08,0.021776953
9.218975e-08,0.021717354
9.228975e-08,0.021682169
9.238975e-08,0.02167427
9.248975e-08,0.021684323
9.258975e-08,0.021695812
9.268975e-08,0.021693658
9.278975e-08,0.021671398
9.288975e-08,0.021632623
9.298975e-08,0.021590257
9.308975e-08,0.02155579
9.318975e-08,0.021537121
9.328975e-08,0.021531376
9.338975e-08,0.02152994
9.348975e-08,0.021521324
9.358975e-08,0.021501218
9.368975e-08,0.021471777
9.378975e-08,0.021441619
9.388975e-08,0.021417923
9.398975e-08,0.021404998
9.408975e-08,0.021399971
9.418975e-08,0.021394945
9.428975e-08,0.021383456
9.438975e-08,0.021364786
9.448975e-08,0.021344681
9.458975e-08,0.021330319
9.468975e-08,0.021326011
9.478975e-08,0.021329601
9.488975e-08,0.021331756
9.498975e-08,0.021318112
9.508975e-08,0.021280055
9.518975e-08,0.021218302
9.528975e-08,0.021143624
9.538975e-08,0.021071818
9.548975e-08,0.021015809
9.558975e-08,0.020979188
9.568975e-08,0.020954056
9.578975e-08,0.020928205
9.588975e-08,0.02088943
9.598975e-08,0.020834139
9.608975e-08,0.020769514
9.618975e-08,0.020707761
9.628975e-08,0.020659651
9.638975e-08,0.020628056
9.648975e-08,0.02060436
9.658975e-08,0.020576356
9.668975e-08,0.020533272
9.678975e-08,0.020472955
9.688975e-08,0.020404739
9.698975e-08,0.020343704
9.708975e-08,0.020303493
9.718975e-08,0.020286259
9.728975e-08,0.020283387
9.738975e-08,0.020279079
9.748975e-08,0.020257537
9.758975e-08,0.020215889
9.768975e-08,0.020162035
9.778975e-08,0.020113207
9.788975e-08,0.020085202
9.798975e-08,0.020083766
9.808975e-08,0.020100281
9.818975e-08,0.020118233
9.828975e-08,0.020119669
9.838975e-08,0.020095255
9.848975e-08,0.020050017
9.858975e-08,0.019999035
9.868975e-08,0.019958824
9.878975e-08,0.019939436
9.888975e-08,0.019938
9.898975e-08,0.01994159
9.908975e-08,0.019935846
9.918975e-08,0.019911432
9.928975e-08,0.019869784
9.938975e-08,0.01982311
9.948975e-08,0.019786489
9.958975e-08,0.019767819
9.968975e-08,0.019764947
9.978975e-08,0.019768537
9.988975e-08,0.019763511
9.998975e-08,0.019741969
1.000898e-07,0.019705348
1.001898e-07,0.019662983
1.002898e-07,0.019625643
1.003898e-07,0.019601229
1.004898e-07,0.019587586
1.005898e-07,0.019576097
1.006898e-07,0.01955671
1.007898e-07,0.019524397
1.008898e-07,0.019482749
1.009898e-07,0.019440384
1.010898e-07,0.019407353
1.011898e-07,0.019387247
1.012898e-07,0.019374322
1.013898e-07,0.019358525
1.014898e-07,0.01932693
1.015898e-07,0.019275948
1.016898e-07,0.019210604
1.017898e-07,0.019142389
1.018898e-07,0.019085662
1.019898e-07,0.019046886
1.020898e-07,0.01902319
1.021898e-07,0.019005239
1.022898e-07,0.018982261
1.023898e-07,0.018947794
1.024898e-07,0.018903992
1.025898e-07,0.018858755
1.026898e-07,0.018821415
1.027898e-07,0.018794129
1.028898e-07,0.018774023
1.029898e-07,0.018751045
1.030898e-07,0.018718015
1.031898e-07,0.018672777
1.032898e-07,0.018622513
1.033898e-07,0.018577275
1.034898e-07,0.01854568
1.035898e-07,0.018528447
1.036898e-07,0.018516958
1.037898e-07,0.018499006
1.038898e-07,0.018465257
1.039898e-07,0.018414275
1.040898e-07,0.018355394
1.041898e-07,0.018302976
1.042898e-07,0.018269945
1.043898e-07,0.018258456
1.044898e-07,0.01826061
1.045898e-07,0.01826061
1.046898e-07,0.018246967
1.047898e-07,0.018214654
1.048898e-07,0.018171571
1.049898e-07,0.018132077
1.050898e-07,0.018109099
1.051898e-07,0.018106227
1.052898e-07,0.018114844
1.053898e-07,0.018120588
1.054898e-07,0.018109099
1.055898e-07,0.01807535
1.056898e-07,0.01802724
1.057898e-07,0.017979848
1.058898e-07,0.017948254
1.059898e-07,0.017939637
1.060898e-07,0.017948254
1.061898e-07,0.017960461
1.062898e-07,0.017959743
1.063898e-07,0.017939637
1.064898e-07,0.017903734
1.065898e-07,0.017864241
1.066898e-07,0.017833364
1.067898e-07,0.017818285
1.068898e-07,0.017815412
1.069898e-07,0.017813258
1.070898e-07,0.017798897
1.071898e-07,0.017767302
1.072898e-07,0.017721347
1.073898e-07,0.017671082
1.074898e-07,0.017626563
1.075898e-07,0.017592096
1.076898e-07,0.017562655
1.077898e-07,0.01753106
1.078898e-07,0.017488695
1.079898e-07,0.017437713
1.080898e-07,0.017386012
1.081898e-07,0.017347237
1.082898e-07,0.017327849
1.083898e-07,0.017326413
1.084898e-07,0.017329285
1.085898e-07,0.017318514
1.086898e-07,0.017281893
1.087898e-07,0.017218704
1.088898e-07,0.01714259
1.089898e-07,0.017073656
1.090898e-07,0.017029136
1.091898e-07,0.017012621
1.092898e-07,0.017014775
1.093898e-07,0.017014057
1.094898e-07,0.016994669
1.095898e-07,0.016949431
1.096898e-07,0.016887678
1.097898e-07,0.016827361
1.098898e-07,0.016787868
1.099898e-07,0.016775661
1.100898e-07,0.016784277
1.101898e-07,0.01679433
1.102898e-07,0.016787868
1.103898e-07,0.016755555
1.104898e-07,0.016703136
1.105898e-07,0.016647128
1.106898e-07,0.016604044
1.107898e-07,0.016583938
1.108898e-07,0.016581784
1.109898e-07,0.016582502
1.110898e-07,0.016569577
1.111898e-07,0.016534392
1.112898e-07,0.016481256
1.113898e-07,0.016426683
1.114898e-07,0.016385754
1.115898e-07,0.01636852
1.116898e-07,0.016369238
1.117898e-07,0.016372829
1.118898e-07,0.016362776
1.119898e-07,0.016328309
1.120898e-07,0.016274454
1.121898e-07,0.016214855
1.122898e-07,0.016167463
1.123898e-07,0.016143767
1.124898e-07,0.016140895
1.125898e-07,0.016147358
1.126898e-07,0.016144485
1.127898e-07,0.016122225
1.128898e-07,0.01607986
1.129898e-07,0.016028878
1.130898e-07,0.01598364
1.131898e-07,0.015954199
1.132898e-07,0.015940556
1.133898e-07,0.015931939
1.134898e-07,0.015914706
1.135898e-07,0.015880957
1.136898e-07,0.015831411
1.137898e-07,0.015776838
1.138898e-07,0.015730882
1.139898e-07,0.015702878
1.140898e-07,0.015691389
1.141898e-07,0.015686363
1.142898e-07,0.015673438
1.143898e-07,0.015643279
1.144898e-07,0.015595169
1.145898e-07,0.015539878
1.146898e-07,0.015489614
1.147898e-07,0.015455865
1.148898e-07,0.015440068
1.149898e-07,0.015435759
1.150898e-07,0.015432169
1.151898e-07,0.015419962
1.152898e-07,0.015396984
1.153898e-07,0.015368262
1.154898e-07,0.015340257
1.155898e-07,0.015319434
1.156898e-07,0.015305072
1.157898e-07,0.015291429
1.158898e-07,0.015271324
1.159898e-07,0.015241883
1.160898e-07,0.015205262
1.161898e-07,0.015170077
1.162898e-07,0.015144945
1.163898e-07,0.015133456
1.164898e-07,0.015134174
1.165898e-07,0.015137046
1.166898e-07,0.015133456
1.167898e-07,0.015119095
1.168898e-07,0.015095399
1.169898e-07,0.015070267
1.170898e-07,0.015053033
1.171898e-07,0.015047289
1.172898e-07,0.015051597
1.173898e-07,0.015055905
1.174898e-07,0.015053033
1.175898e-07,0.015036518
1.176898e-07,0.015009231
1.177898e-07,0.014977637
1.178898e-07,0.014949632
1.179898e-07,0.014930963
1.180898e-07,0.01492091
1.181898e-07,0.014913729
1.182898e-07,0.014903676
1.183898e-07,0.014887161
1.184898e-07,0.014864901
1.185898e-07,0.014842641
1.186898e-07,0.014823254
1.187898e-07,0.014808174
1.188898e-07,0.014794531
1.189898e-07,0.014777298
1.190898e-07,0.01475432
1.191898e-07,0.01472847
1.192898e-07,0.014706928
1.193898e-07,0.014695439
1.194898e-07,0.014696875
1.195898e-07,0.01470621
1.196898e-07,0.014711236
1.197898e-07,0.014702619
1.198898e-07,0.014673897
1.199898e-07,0.014630095
1.200898e-07,0.014583421
1.201898e-07,0.014549673
1.202898e-07,0.014536029
1.203898e-07,0.014540338
1.204898e-07,0.014550391
1.205898e-07,0.014548955
1.206898e-07,0.01452454
1.207898e-07,0.014477866
1.208898e-07,0.014420422
1.209898e-07,0.014370157
1.210898e-07,0.014340717
1.211898e-07,0.014334254
1.212898e-07,0.014341435
1.213898e-07,0.014344307
1.214898e-07,0.014329228
1.215898e-07,0.014292607
1.216898e-07,0.014243061
1.217898e-07,0.014196387
1.218898e-07,0.014168382
1.219898e-07,0.01416192
1.220898e-07,0.014168382
1.221898e-07,0.014171973
1.222898e-07,0.014156893
1.223898e-07,0.014118118
1.224898e-07,0.014063545
1.225898e-07,0.014009691
1.226898e-07,0.01397307
1.227898e-07,0.013959427
1.228898e-07,0.013963735
1.229898e-07,0.01396948
1.230898e-07,0.013961581
1.231898e-07,0.013932858
1.232898e-07,0.013888339
1.233898e-07,0.013843101
1.234898e-07,0.013812224
1.235898e-07,0.013802889
1.236898e-07,0.013810788
1.237898e-07,0.013822995
1.238898e-07,0.013823713
1.239898e-07,0.01380648
1.240898e-07,0.013774885
1.241898e-07,0.013741854
1.242898e-07,0.013720313
1.243898e-07,0.01371744
1.244898e-07,0.013729647
1.245898e-07,0.013742572
1.246898e-07,0.01374329
1.247898e-07,0.013725339
1.248898e-07,0.013693744
1.249898e-07,0.013659995
1.250898e-07,0.01363989
1.251898e-07,0.01363989
1.252898e-07,0.013655687
1.253898e-07,0.013675793
1.254898e-07,0.013685846
1.255898e-07,0.013677229
1.256898e-07,0.013652097
1.257898e-07,0.013620502
1.258898e-07,0.013593934
1.259898e-07,0.013578855
1.260898e-07,0.013572392
1.261898e-07,0.013565211
1.262898e-07,0.013547978
1.263898e-07,0.013517819
1.264898e-07,0.01348048
1.265898e-07,0.013448886
1.266898e-07,0.013433088
1.267898e-07,0.013435242
1.268898e-07,0.013448168
1.269898e-07,0.013455348
1.270898e-07,0.013444577
1.271898e-07,0.01341011
1.272898e-07,0.013359128
1.273898e-07,0.013308146
1.274898e-07,0.013272243
1.275898e-07,0.013258599
1.276898e-07,0.013262908
1.277898e-07,0.013268652
1.278898e-07,0.013260754
1.279898e-07,0.013229877
1.280898e-07,0.013178895
1.281898e-07,0.013122886
1.282898e-07,0.01307693
1.283898e-07,0.013052516
1.284898e-07,0.013048926
1.285898e-07,0.013053952
1.286898e-07,0.013053952
1.287898e-07,0.013037437
1.288898e-07,0.013002252
1.289898e-07,0.012957732
1.290898e-07,0.012916085
1.291898e-07,0.012886644
1.292898e-07,0.012871565
1.293898e-07,0.012865102
1.294898e-07,0.01285864
1.295898e-07,0.012846433
1.296898e-07,0.012827763
1.297898e-07,0.012806939
1.298898e-07,0.012789706
1.299898e-07,0.012776781
1.300898e-07,0.012764574
1.301898e-07,0.012744468
1.302898e-07,0.012709283
1.303898e-07,0.012659737
1.304898e-07,0.012604446
1.305898e-07,0.012556336
1.306898e-07,0.01252546
1.307898e-07,0.012516125
1.308898e-07,0.012519715
1.309898e-07,0.012524023
1.310898e-07,0.012513971
1.311898e-07,0.012483812
1.312898e-07,0.012438574
1.313898e-07,0.012389746
1.314898e-07,0.012353125
1.315898e-07,0.012335892
1.316898e-07,0.012335892
1.317898e-07,0.012342354
1.318898e-07,0.012341636
1.319898e-07,0.012325839
1.320898e-07,0.012294962
1.321898e-07,0.012258341
1.322898e-07,0.012226746
1.323898e-07,0.012208077
1.324898e-07,0.012202332
1.325898e-07,0.012200178
1.326898e-07,0.012192279
1.327898e-07,0.012171456
1.328898e-07,0.012137707
1.329898e-07,0.012098932
1.330898e-07,0.012065901
1.331898e-07,0.012045077
1.332898e-07,0.012037178
1.333898e-07,0.012035742
1.334898e-07,0.012031434
1.335898e-07,0.012018509
1.336898e-07,0.011996967
1.337898e-07,0.011972553
1.338898e-07,0.011951011
1.339898e-07,0.011937368
1.340898e-07,0.011928751
1.341898e-07,0.011920852
1.342898e-07,0.011905055
1.343898e-07,0.011878487
1.344898e-07,0.01184402
1.345898e-07,0.011808117
1.346898e-07,0.011778676
1.347898e-07,0.011758571
1.348898e-07,0.011747082
1.349898e-07,0.011736311
1.350898e-07,0.011721232
1.351898e-07,0.011698254
1.352898e-07,0.011671685
1.353898e-07,0.011646553
1.354898e-07,0.01162932
1.355898e-07,0.011622139
1.356898e-07,0.011619267
1.357898e-07,0.011612804
1.358898e-07,0.011594853
1.359898e-07,0.011563258
1.360898e-07,0.011523765
1.361898e-07,0.01148499
1.362898e-07,0.011456985
1.363898e-07,0.011443342
1.364898e-07,0.01144047
1.365898e-07,0.01144047
1.366898e-07,0.011434007
1.367898e-07,0.011415338
1.368898e-07,0.011385897
1.369898e-07,0.01135143
1.370898e-07,0.011319118
1.371898e-07,0.011291113
1.372898e-07,0.011265981
1.373898e-07,0.011238695
1.374898e-07,0.011204228
1.375898e-07,0.011164017
1.376898e-07,0.011122369
1.377898e-07,0.011087902
1.378898e-07,0.01106636
1.379898e-07,0.011057026
1.380898e-07,0.011052717
1.381898e-07,0.011043382
1.382898e-07,0.011020404
1.383898e-07,0.010982347
1.384898e-07,0.010935673
1.385898e-07,0.010891153
1.386898e-07,0.010859559
1.387898e-07,0.010843043
1.388898e-07,0.010835863
1.389898e-07,0.0108294
1.390898e-07,0.010813603
1.391898e-07,0.010785599
1.392898e-07,0.010751132
1.393898e-07,0.010718819
1.394898e-07,0.010698713
1.395898e-07,0.010692969
1.396898e-07,0.010696559
1.397898e-07,0.010697995
1.398898e-07,0.010687224
1.399898e-07,0.010661374
1.400898e-07,0.010624753
1.401898e-07,0.010587414
1.402898e-07,0.010560846
1.403898e-07,0.010548639
1.404898e-07,0.010547202
1.405898e-07,0.010547202
1.406898e-07,0.010537868
1.407898e-07,0.010515608
1.408898e-07,0.010482577
1.409898e-07,0.010448828
1.410898e-07,0.010422978
1.411898e-07,0.010409335
1.412898e-07,0.010404308
1.413898e-07,0.0104
1.414898e-07,0.010388511
1.415898e-07,0.010366969
1.416898e-07,0.010338965
1.417898e-07,0.010313115
1.418898e-07,0.010296599
1.419898e-07,0.010290855
1.420898e-07,0.010289419
1.421898e-07,0.010282238
1.422898e-07,0.010262132
1.423898e-07,0.010226947
1.424898e-07,0.010184582
1.425898e-07,0.010147243
1.426898e-07,0.010124265
1.427898e-07,0.010119238
1.428898e-07,0.010126419
1.429898e-07,0.010132163
1.430898e-07,0.010124265
1.431898e-07,0.010097696
1.432898e-07,0.010056767
1.433898e-07,0.010012247
1.434898e-07,0.0099749081
1.435898e-07,0.009950494
1.436898e-07,0.0099361328
1.437898e-07,0.0099246438
1.438898e-07,0.0099059743
1.439898e-07,0.0098779699
1.440898e-07,0.009843503
1.441898e-07,0.0098119083
1.442898e-07,0.0097910846
1.443898e-07,0.0097817498
1.444898e-07,0.0097774414
1.445898e-07,0.0097681066
1.446898e-07,0.0097451287
1.447898e-07,0.0097070715
1.448898e-07,0.0096611156
1.449898e-07,0.0096201861
1.450898e-07,0.0095957721
1.451898e-07,0.0095893095
1.452898e-07,0.0095943359
1.453898e-07,0.0095964901
1.454898e-07,0.0095842831
1.455898e-07,0.0095541245
1.456898e-07,0.009512477
1.457898e-07,0.0094722656
1.458898e-07,0.0094464154
1.459898e-07,0.0094392348
1.460898e-07,0.0094456974
1.461898e-07,0.0094521599
1.462898e-07,0.0094464154
1.463898e-07,0.0094234375
1.464898e-07,0.0093875345
1.465898e-07,0.0093530676
1.466898e-07,0.0093315257
1.467898e-07,0.0093293716
1.468898e-07,0.0093408605
1.469898e-07,0.0093545037
1.470898e-07,0.0093545037
1.471898e-07,0.009334398
1.472898e-07,0.0092963408
1.473898e-07,0.0092525391
1.474898e-07,0.009216636
1.475898e-07,0.0091965303
1.476898e-07,0.009192222
1.477898e-07,0.0091943761
1.478898e-07,0.0091936581
1.479898e-07,0.0091828872
1.480898e-07,0.0091627815
1.481898e-07,0.0091405216
1.482898e-07,0.0091247243
1.483898e-07,0.0091196978
1.484898e-07,0.009121134
1.485898e-07,0.0091225701
1.486898e-07,0.0091132353
1.487898e-07,0.0090909754
1.488898e-07,0.0090579446
1.489898e-07,0.0090249138
1.490898e-07,0.0089983456
1.491898e-07,0.0089825483
1.492898e-07,0.0089746496
1.493898e-07,0.0089667509
1.494898e-07,0.0089523897
1.495898e-07,0.0089315659
1.496898e-07,0.0089100241
1.497898e-07,0.0088956629
1.498898e-07,0.0088949449
1.499898e-07,0.0089049977
1.500898e-07,0.0089164867
1.501898e-07,0.0089157686
1.502898e-07,0.0088949449
1.503898e-07,0.0088547335
1.504898e-07,0.0088066234
1.505898e-07,0.0087656939
1.506898e-07,0.0087455882
1.507898e-07,0.0087477424
1.508898e-07,0.0087642578
1.509898e-07,0.008778619
1.510898e-07,0.0087800551
1.511898e-07,0.0087649759
1.512898e-07,0.0087412799
1.513898e-07,0.0087233284
1.514898e-07,0.0087226103
1.515898e-07,0.0087412799
1.516898e-07,0.0087678481
1.517898e-07,0.0087857996
1.518898e-07,0.0087800551
1.519898e-07,0.0087463063
1.520898e-07,0.0086946059
1.521898e-07,0.0086429056
1.522898e-07,0.0086077206
1.523898e-07,0.0085976677
1.524898e-07,0.0086062845
1.525898e-07,0.0086192096
1.526898e-07,0.0086192096
1.527898e-07,0.0085983858
1.528898e-07,0.0085596105
1.529898e-07,0.0085158088
1.530898e-07,0.0084813419
1.531898e-07,0.0084619543
1.532898e-07,0.0084526195
1.533898e-07,0.0084404125
1.534898e-07,0.0084124081
1.535898e-07,0.0083621438
1.536898e-07,0.0082968003
1.537898e-07,0.0082314568
1.538898e-07,0.0081826287
1.539898e-07,0.0081582146
1.540898e-07,0.0081539063
1.541898e-07,0.0081560604
1.542898e-07,0.0081481618
1.543898e-07,0.0081194393
1.544898e-07,0.0080713293
1.545898e-07,0.0080146025
1.546898e-07,0.0079643382
1.547898e-07,0.0079284352
1.548898e-07,0.0079076114
1.549898e-07,0.0078925322
1.550898e-07,0.0078724265
1.551898e-07,0.0078401137
1.552898e-07,0.0077977482
1.553898e-07,0.0077553826
1.554898e-07,0.0077230699
1.555898e-07,0.0077065545
1.556898e-07,0.0077022461
1.557898e-07,0.0077000919
1.558898e-07,0.0076886029
1.559898e-07,0.0076620347
1.560898e-07,0.0076232594
1.561898e-07,0.00758233
1.562898e-07,0.0075507353
1.563898e-07,0.0075327838
1.564898e-07,0.0075256032
1.565898e-07,0.0075191406
1.566898e-07,0.0075047794
1.567898e-07,0.0074774931
1.568898e-07,0.0074423081
1.569898e-07,0.0074099954
1.570898e-07,0.0073898897
1.571898e-07,0.0073862994
1.572898e-07,0.0073927619
1.573898e-07,0.0073977884
1.574898e-07,0.0073898897
1.575898e-07,0.0073647576
1.576898e-07,0.0073274184
1.577898e-07,0.0072893612
1.578898e-07,0.007263511
1.579898e-07,0.0072527401
1.580898e-07,0.0072520221
1.581898e-07,0.0072484318
1.582898e-07,0.0072290441
1.583898e-07,0.0071895508
1.584898e-07,0.0071356962
1.585898e-07,0.0070825597
1.586898e-07,0.0070452206
1.587898e-07,0.0070308594
1.588898e-07,0.0070358858
1.589898e-07,0.0070459386
1.590898e-07,0.0070452206
1.591898e-07,0.0070229607
1.592898e-07,0.0069805951
1.593898e-07,0.0069296128
1.594898e-07,0.006884375
1.595898e-07,0.0068570887
1.596898e-07,0.0068499081
1.597898e-07,0.0068556526
1.598898e-07,0.0068613971
1.599898e-07,0.0068578068
1.600898e-07,0.0068412914
1.601898e-07,0.0068168773
1.602898e-07,0.0067924632
1.603898e-07,0.0067759478
1.604898e-07,0.0067680492
1.605898e-07,0.0067644589
1.606898e-07,0.0067579963
1.607898e-07,0.0067450712
1.608898e-07,0.0067264017
1.609898e-07,0.0067091682
1.610898e-07,0.0067005515
1.611898e-07,0.0067034237
1.612898e-07,0.0067149127
1.613898e-07,0.0067249655
1.614898e-07,0.0067235294
1.615898e-07,0.0067048598
1.616898e-07,0.0066703929
1.617898e-07,0.0066308996
1.618898e-07,0.0065971507
1.619898e-07,0.0065791992
1.620898e-07,0.0065777631
1.621898e-07,0.0065870979
1.622898e-07,0.0065971507
1.623898e-07,0.0065985869
1.624898e-07,0.006588534
1.625898e-07,0.0065705825
1.626898e-07,0.0065511949
1.627898e-07,0.0065375517
1.628898e-07,0.0065318072
1.629898e-07,0.0065310892
1.630898e-07,0.0065282169
1.631898e-07,0.0065181641
1.632898e-07,0.0064987764
1.633898e-07,0.0064729262
1.634898e-07,0.0064477941
1.635898e-07,0.0064284065
1.636898e-07,0.0064183536
1.637898e-07,0.0064140453
1.638898e-07,0.0064133272
1.639898e-07,0.006410455
1.640898e-07,0.0064025563
1.641898e-07,0.0063917854
1.642898e-07,0.0063788603
1.643898e-07,0.0063659352
1.644898e-07,0.0063537282
1.645898e-07,0.006339367
1.646898e-07,0.0063214154
1.647898e-07,0.0062984375
1.648898e-07,0.0062733054
1.649898e-07,0.0062488913
1.650898e-07,0.0062295037
1.651898e-07,0.0062172966
1.652898e-07,0.0062122702
1.653898e-07,0.006209398
1.654898e-07,0.0062065257
1.655898e-07,0.0062007813
1.656898e-07,0.0061936006
1.657898e-07,0.0061871381
1.658898e-07,0.0061835478
1.659898e-07,0.0061821117
1.660898e-07,0.0061806756
1.661898e-07,0.006174213
1.662898e-07,0.0061605699
1.663898e-07,0.0061411822
1.664898e-07,0.0061203585
1.665898e-07,0.0061059972
1.666898e-07,0.006103125
1.667898e-07,0.0061131778
1.668898e-07,0.0061304113
1.669898e-07,0.0061454906
1.670898e-07,0.0061490809
1.671898e-07,0.0061361558
1.672898e-07,0.0061074334
1.673898e-07,0.0060700942
1.674898e-07,0.0060341912
1.675898e-07,0.006008341
1.676898e-07,0.0059939798
1.677898e-07,0.0059896714
1.678898e-07,0.0059882353
1.679898e-07,0.0059824908
1.680898e-07,0.0059688477
1.681898e-07,0.00594946
1.682898e-07,0.0059307904
1.683898e-07,0.0059178653
1.684898e-07,0.0059149931
1.685898e-07,0.0059207376
1.686898e-07,0.0059307904
1.687898e-07,0.005937971
1.688898e-07,0.0059365349
1.689898e-07,0.005925764
1.690898e-07,0.0059078125
1.691898e-07,0.0058862707
1.692898e-07,0.005866883
1.693898e-07,0.0058503676
1.694898e-07,0.0058388787
1.695898e-07,0.0058302619
1.696898e-07,0.0058230813
1.697898e-07,0.0058180549
1.698898e-07,0.0058159007
1.699898e-07,0.005818773
1.700898e-07,0.0058273897
1.701898e-07,0.0058395967
1.702898e-07,0.0058503676
1.703898e-07,0.005854676
1.704898e-07,0.0058467773
1.705898e-07,0.0058252355
1.706898e-07,0.0057929228
1.707898e-07,0.0057548656
1.708898e-07,0.0057189625
1.709898e-07,0.0056923943
1.710898e-07,0.0056780331
1.711898e-07,0.0056758789
1.712898e-07,0.0056809053
1.713898e-07,0.0056873679
1.714898e-07,0.0056895221
1.715898e-07,0.0056844956
1.716898e-07,0.0056730067
1.717898e-07,0.0056579274
1.718898e-07,0.0056435662
1.719898e-07,0.0056342314
1.720898e-07,0.005629923
1.721898e-07,0.0056306411
1.722898e-07,0.0056320772
1.723898e-07,0.005629923
1.724898e-07,0.0056213063
1.725898e-07,0.005605509
1.726898e-07,0.0055861213
1.727898e-07,0.0055660156
1.728898e-07,0.0055487822
1.729898e-07,0.0055365751
1.730898e-07,0.0055286765
1.731898e-07,0.005522932
1.732898e-07,0.0055164694
1.733898e-07,0.0055064166
1.734898e-07,0.0054942096
1.735898e-07,0.0054812845
1.736898e-07,0.0054697955
1.737898e-07,0.0054626149
1.738898e-07,0.0054597426
1.739898e-07,0.0054575885
1.740898e-07,0.0054532801
1.741898e-07,0.0054432273
1.742898e-07,0.0054252757
1.743898e-07,0.0054015797
1.744898e-07,0.0053757295
1.745898e-07,0.0053513155
1.746898e-07,0.005333364
1.747898e-07,0.0053211569
1.748898e-07,0.0053139763
1.749898e-07,0.0053075138
1.750898e-07,0.0052988971
1.751898e-07,0.0052874081
1.752898e-07,0.005274483
1.753898e-07,0.005262276
1.754898e-07,0.0052529412
1.755898e-07,0.0052471967
1.756898e-07,0.0052443244
1.757898e-07,0.005239298
1.758898e-07,0.0052299632
1.759898e-07,0.0052134478
1.760898e-07,0.0051904699
1.761898e-07,0.0051639017
1.762898e-07,0.0051380515
1.763898e-07,0.0051165097
1.764898e-07,0.0051007123
1.765898e-07,0.0050892233
1.766898e-07,0.0050806066
1.767898e-07,0.0050705538
1.768898e-07,0.0050576287
1.769898e-07,0.0050418313
1.770898e-07,0.0050231618
1.771898e-07,0.0050044922
1.772898e-07,0.0049872587
1.773898e-07,0.0049707433
1.774898e-07,0.0049542279
1.775898e-07,0.0049362764
1.776898e-07,0.0049161707
1.777898e-07,0.0048946289
1.778898e-07,0.0048738051
1.779898e-07,0.0048572898
1.780898e-07,0.0048458008
1.781898e-07,0.0048407744
1.782898e-07,0.0048393382
1.783898e-07,0.0048379021
1.784898e-07,0.0048328757
1.785898e-07,0.0048221048
1.786898e-07,0.0048048713
1.787898e-07,0.0047826114
1.788898e-07,0.0047581974
1.789898e-07,0.0047345014
1.790898e-07,0.0047129596
1.791898e-07,0.0046935719
1.792898e-07,0.0046756204
1.793898e-07,0.004659105
1.794898e-07,0.0046440257
1.795898e-07,0.0046318187
1.796898e-07,0.004623202
1.797898e-07,0.0046203297
1.798898e-07,0.0046210478
1.799898e-07,0.00462392
1.800898e-07,0.0046246381
1.801898e-07,0.0046203297
1.802898e-07,0.0046095588
1.803898e-07,0.0045923254
1.804898e-07,0.0045722197
1.805898e-07,0.0045535501
1.806898e-07,0.004540625
1.807898e-07,0.0045363166
1.808898e-07,0.004540625
1.809898e-07,0.0045513959
1.810898e-07,0.0045636029
1.811898e-07,0.0045729377
1.812898e-07,0.0045772461
1.813898e-07,0.0045736558
1.814898e-07,0.0045636029
1.815898e-07,0.0045492417
1.816898e-07,0.0045334444
1.817898e-07,0.0045183651
1.818898e-07,0.0045061581
1.819898e-07,0.0044975414
1.820898e-07,0.0044917969
1.821898e-07,0.0044874885
1.822898e-07,0.0044831801
1.823898e-07,0.0044767176
1.824898e-07,0.0044666648
1.825898e-07,0.0044530216
1.826898e-07,0.0044372243
1.827898e-07,0.0044214269
1.828898e-07,0.0044092199
1.829898e-07,0.0044027574
1.830898e-07,0.0044027574
1.831898e-07,0.0044077838
1.832898e-07,0.0044142463
1.833898e-07,0.0044178366
1.834898e-07,0.0044142463
1.835898e-07,0.0044020393
1.836898e-07,0.0043812155
1.837898e-07,0.0043575195
1.838898e-07,0.0043338235
1.839898e-07,0.0043144359
1.840898e-07,0.0043000747
1.841898e-07,0.0042885857
1.842898e-07,0.0042763787
1.843898e-07,0.0042591452
1.844898e-07,0.0042361673
1.845898e-07,0.004209599
1.846898e-07,0.0041844669
1.847898e-07,0.0041665154
1.848898e-07,0.0041593348
1.849898e-07,0.0041593348
1.850898e-07,0.004161489
1.851898e-07,0.0041571806
1.852898e-07,0.0041399472
1.853898e-07,0.0041090705
1.854898e-07,0.0040695772
1.855898e-07,0.0040322381
1.856898e-07,0.004007824
1.857898e-07,0.0040013614
1.858898e-07,0.0040121324
1.859898e-07,0.0040308019
1.860898e-07,0.0040444451
1.861898e-07,0.004043009
1.862898e-07,0.0040236213
1.863898e-07,0.0039905905
1.864898e-07,0.0039539694
1.865898e-07,0.003924529
1.866898e-07,0.0039087316
1.867898e-07,0.0039051413
1.868898e-07,0.0039065774
1.869898e-07,0.0039022691
1.870898e-07,0.0038857537
1.871898e-07,0.0038584674
1.872898e-07,0.0038268727
1.873898e-07,0.0038024586
1.874898e-07,0.0037938419
1.875898e-07,0.0038017406
1.876898e-07,0.0038211282
1.877898e-07,0.0038412339
1.878898e-07,0.0038512868
1.879898e-07,0.0038469784
1.880898e-07,0.003830463
1.881898e-07,0.0038096392
1.882898e-07,0.0037938419
1.883898e-07,0.0037873794
1.884898e-07,0.0037895335
1.885898e-07,0.0037938419
1.886898e-07,0.0037938419
1.887898e-07,0.0037845071
1.888898e-07,0.0037679917
1.889898e-07,0.0037493222
1.890898e-07,0.0037363971
1.891898e-07,0.0037349609
1.892898e-07,0.0037457318
1.893898e-07,0.0037636834
1.894898e-07,0.0037823529
1.895898e-07,0.003795278
1.896898e-07,0.0038003045
1.897898e-07,0.0037988683
1.898898e-07,0.0037938419
1.899898e-07,0.0037880974
1.900898e-07,0.0037823529
1.901898e-07,0.0037730182
1.902898e-07,0.003759375
1.903898e-07,0.0037399874
1.904898e-07,0.0037162914
1.905898e-07,0.0036947495
1.906898e-07,0.0036789522
1.907898e-07,0.0036710535
1.908898e-07,0.0036696174
1.909898e-07,0.0036696174
1.910898e-07,0.0036674632
1.911898e-07,0.0036595646
1.912898e-07,0.0036473575
1.913898e-07,0.0036329963
1.914898e-07,0.0036215074
1.915898e-07,0.0036136087
1.916898e-07,0.0036078642
1.917898e-07,0.0035999655
1.918898e-07,0.0035870404
1.919898e-07,0.0035683709
1.920898e-07,0.003546829
1.921898e-07,0.0035281595
1.922898e-07,0.0035181066
1.923898e-07,0.0035181066
1.924898e-07,0.0035260053
1.925898e-07,0.0035353401
1.926898e-07,0.0035410846
1.927898e-07,0.0035389304
1.928898e-07,0.0035295956
1.929898e-07,0.0035173886
1.930898e-07,0.0035066176
1.931898e-07,0.0035008732
1.932898e-07,0.0034980009
1.933898e-07,0.0034936926
1.934898e-07,0.0034836397
1.935898e-07,0.0034649701
1.936898e-07,0.003439838
1.937898e-07,0.0034132698
1.938898e-07,0.0033917279
1.939898e-07,0.0033795209
1.940898e-07,0.0033766487
1.941898e-07,0.0033788028
1.942898e-07,0.003380239
1.943898e-07,0.0033759306
1.944898e-07,0.0033651597
1.945898e-07,0.0033493624
1.946898e-07,0.0033342831
1.947898e-07,0.0033227941
1.948898e-07,0.0033148955
1.949898e-07,0.0033084329
1.950898e-07,0.0032998162
1.951898e-07,0.0032868911
1.952898e-07,0.0032703757
1.953898e-07,0.0032538603
1.954898e-07,0.0032423713
1.955898e-07,0.0032402171
1.956898e-07,0.0032466797
1.957898e-07,0.0032574506
1.958898e-07,0.0032653493
1.959898e-07,0.0032646312
1.960898e-07,0.0032531422
1.961898e-07,0.0032323185
1.962898e-07,0.0032079044
1.963898e-07,0.0031863626
1.964898e-07,0.0031720014
1.965898e-07,0.0031648208
1.966898e-07,0.0031619485
1.967898e-07,0.0031576402
1.968898e-07,0.0031468693
1.969898e-07,0.0031281997
1.970898e-07,0.0031045037
1.971898e-07,0.0030800896
1.972898e-07,0.0030599839
1.973898e-07,0.0030484949
1.974898e-07,0.0030470588
1.975898e-07,0.0030528033
1.976898e-07,0.0030621381
1.977898e-07,0.0030693187
1.978898e-07,0.0030700368
1.979898e-07,0.0030621381
1.980898e-07,0.0030449046
1.981898e-07,0.0030197725
1.982898e-07,0.002989614
1.983898e-07,0.0029580193
1.984898e-07,0.0029278608
1.985898e-07,0.0029034467
1.986898e-07,0.0028862132
1.987898e-07,0.0028754423
1.988898e-07,0.0028696978
1.989898e-07,0.0028668256
1.990898e-07,0.0028632353
1.991898e-07,0.0028560547
1.992898e-07,0.0028445657
1.993898e-07,0.0028273323
1.994898e-07,0.0028057904
1.995898e-07,0.0027813764
1.996898e-07,0.0027548081
1.997898e-07,0.0027282399
1.998898e-07,0.0027023897
1.999898e-07,0.0026772576
2.000898e-07,0.0026542796
2.001898e-07,0.0026320198
2.002898e-07,0.0026104779
2.003898e-07,0.0025903722
2.004898e-07,0.0025709846
2.005898e-07,0.0025544692
2.006898e-07,0.0025415441
2.007898e-07,0.0025329274
2.008898e-07,0.002527901
2.009898e-07,0.0025243107
2.010898e-07,0.0025185662
2.011898e-07,0.0025063591
2.012898e-07,0.0024840993
2.013898e-07,0.0024532227
2.014898e-07,0.0024151654
2.015898e-07,0.0023771082
2.016898e-07,0.0023447955
2.017898e-07,0.0023232537
2.018898e-07,0.0023117647
2.019898e-07,0.0023074563
2.020898e-07,0.002303866
2.021898e-07,0.0022952493
2.022898e-07,0.0022772978
2.023898e-07,0.0022521657
2.024898e-07,0.0022248794
2.025898e-07,0.0022011834
2.026898e-07,0.002185386
2.027898e-07,0.0021789235
2.028898e-07,0.0021782054
2.029898e-07,0.0021782054
2.030898e-07,0.0021738971
2.031898e-07,0.0021624081
2.032898e-07,0.0021444566
2.033898e-07,0.0021236328
2.034898e-07,0.0021049632
2.035898e-07,0.002090602
2.036898e-07,0.0020812672
2.037898e-07,0.0020755227
2.038898e-07,0.0020704963
2.039898e-07,0.0020654699
2.040898e-07,0.0020597254
2.041898e-07,0.0020532629
2.042898e-07,0.0020475184
2.043898e-07,0.0020410558
2.044898e-07,0.0020324391
2.045898e-07,0.002019514
2.046898e-07,0.0020015625
2.047898e-07,0.0019793026
2.048898e-07,0.0019570427
2.049898e-07,0.001936937
2.050898e-07,0.0019211397
2.051898e-07,0.0019096507
2.052898e-07,0.0019003159
2.053898e-07,0.001889545
2.054898e-07,0.0018751838
2.055898e-07,0.0018586684
2.056898e-07,0.0018428711
2.057898e-07,0.0018328182
2.058898e-07,0.0018292279
2.059898e-07,0.0018313821
2.060898e-07,0.0018328182
2.061898e-07,0.0018256376
2.062898e-07,0.00180625
2.063898e-07,0.0017725011
2.064898e-07,0.0017301356
2.065898e-07,0.0016884881
2.066898e-07,0.0016568934
2.067898e-07,0.001640378
2.068898e-07,0.0016396599
2.069898e-07,0.0016482767
2.070898e-07,0.0016568934
2.071898e-07,0.0016583295
2.072898e-07,0.0016497128
2.073898e-07,0.0016324793
2.074898e-07,0.0016109375
2.075898e-07,0.0015922679
2.076898e-07,0.0015786248
2.077898e-07,0.0015707261
2.078898e-07,0.0015649816
2.079898e-07,0.001557083
2.080898e-07,0.0015441579
2.081898e-07,0.0015262063
2.082898e-07,0.0015075368
2.083898e-07,0.0014910214
2.084898e-07,0.0014802505
2.085898e-07,0.001475224
2.086898e-07,0.0014730699
2.087898e-07,0.0014701976
2.088898e-07,0.0014644531
2.089898e-07,0.0014529642
2.090898e-07,0.0014386029
2.091898e-07,0.0014242417
2.092898e-07,0.0014127528
2.093898e-07,0.0014062902
2.094898e-07,0.001404136
2.095898e-07,0.001403418
2.096898e-07,0.0014012638
2.097898e-07,0.0013940832
2.098898e-07,0.0013811581
2.099898e-07,0.0013632066
2.100898e-07,0.0013438189
2.101898e-07,0.0013258674
2.102898e-07,0.0013122243
2.103898e-07,0.0013050437
2.104898e-07,0.0013043256
2.105898e-07,0.0013079159
2.106898e-07,0.0013122243
2.107898e-07,0.0013143784
2.108898e-07,0.0013115062
2.109898e-07,0.0013028895
2.110898e-07,0.0012892463
2.111898e-07,0.001274167
2.112898e-07,0.0012605239
2.113898e-07,0.0012540614
2.114898e-07,0.0012547794
2.115898e-07,0.0012633961
2.116898e-07,0.0012770393
2.117898e-07,0.0012906824
2.118898e-07,0.0013007353
2.119898e-07,0.0013036075
2.120898e-07,0.0012992992
2.121898e-07,0.0012892463
2.122898e-07,0.0012777574
2.123898e-07,0.0012677045
2.124898e-07,0.0012605239
2.125898e-07,0.0012569336
2.126898e-07,0.0012547794
2.127898e-07,0.0012519072
2.128898e-07,0.0012468807
2.129898e-07,0.0012397001
2.130898e-07,0.0012318015
2.131898e-07,0.0012246209
2.132898e-07,0.0012203125
2.133898e-07,0.0012195944
2.134898e-07,0.0012203125
2.135898e-07,0.0012210306
2.136898e-07,0.0012188764
2.137898e-07,0.001214568
2.138898e-07,0.0012088235
2.139898e-07,0.0012037971
2.140898e-07,0.001202361
2.141898e-07,0.0012045152
2.142898e-07,0.0012088235
2.143898e-07,0.0012116958
2.144898e-07,0.0012102597
2.145898e-07,0.0012009249
2.146898e-07,0.0011858456
2.147898e-07,0.0011678941
2.148898e-07,0.0011513787
2.149898e-07,0.0011413258
2.150898e-07,0.0011398897
2.151898e-07,0.0011449161
2.152898e-07,0.0011513787
2.153898e-07,0.001154969
2.154898e-07,0.0011513787
2.155898e-07,0.0011406078
2.156898e-07,0.0011240924
2.157898e-07,0.001107577
2.158898e-07,0.0010939338
2.159898e-07,0.0010860352
2.160898e-07,0.0010824449
2.161898e-07,0.0010824449
2.162898e-07,0.0010824449
2.163898e-07,0.0010802907
2.164898e-07,0.0010752642
2.165898e-07,0.0010680836
2.166898e-07,0.0010594669
2.167898e-07,0.0010494141
2.168898e-07,0.0010379251
2.169898e-07,0.0010257181
2.170898e-07,0.001013511
2.171898e-07,0.0010034582
2.172898e-07,0.00099843176
2.173898e-07,0.00099843176
2.174898e-07,0.0010020221
2.175898e-07,0.0010063304
2.176898e-07,0.0010056124
2.177898e-07,0.00099699563
2.178898e-07,0.00097904412
2.179898e-07,0.00095534812
2.180898e-07,0.0009338063
2.181898e-07,0.0009208812
2.182898e-07,0.00092159926
2.183898e-07,0.00093596048
2.184898e-07,0.00095965648
2.185898e-07,0.00098407054
2.186898e-07,0.0010020221
2.187898e-07,0.0010092027
2.188898e-07,0.0010070485
2.189898e-07,0.00099914982
2.190898e-07,0.00099053309
2.191898e-07,0.00098550666
2.192898e-07,0.00098407054
2.193898e-07,0.00098263442
2.194898e-07,0.00097904412
2.195898e-07,0.00097042739
2.196898e-07,0.00095893842
2.197898e-07,0.00094888557
2.198898e-07,0.00094457721
2.199898e-07,0.00094888557
2.200898e-07,0.00095965648
2.201898e-07,0.00097258157
2.202898e-07,0.00097904412
2.203898e-07,0.00097401769
2.204898e-07,0.00095606618
2.205898e-07,0.00092877987
2.206898e-07,0.00089862132
2.207898e-07,0.00087277114
2.208898e-07,0.00085697381
2.209898e-07,0.00085122932
2.210898e-07,0.00085266544
2.211898e-07,0.00085625574
2.212898e-07,0.00085840993
2.213898e-07,0.00085697381
2.214898e-07,0.00085266544
2.215898e-07,0.00084763902
2.216898e-07,0.00084476677
2.217898e-07,0.00084333065
2.218898e-07,0.00084117647
2.219898e-07,0.00083615005
2.220898e-07,0.0008260972
2.221898e-07,0.00081173598
2.222898e-07,0.00079522059
2.223898e-07,0.00078157744
2.224898e-07,0.00077439683
2.225898e-07,0.00077583295
2.226898e-07,0.00078373162
2.227898e-07,0.00079450253
2.228898e-07,0.00080311926
2.229898e-07,0.00080383732
2.230898e-07,0.00079522059
2.231898e-07,0.00077870519
2.232898e-07,0.00075859949
2.233898e-07,0.00073992992
2.234898e-07,0.00072628676
2.235898e-07,0.00072054228
2.236898e-07,0.00072269646
2.237898e-07,0.00072987707
2.238898e-07,0.00073777574
2.239898e-07,0.00074423828
2.240898e-07,0.0007456744
2.241898e-07,0.00074352022
2.242898e-07,0.00073777574
2.243898e-07,0.00073059513
2.244898e-07,0.00072341452
2.245898e-07,0.0007183881
2.246898e-07,0.00071479779
2.247898e-07,0.00071336167
2.248898e-07,0.00071264361
2.249898e-07,0.00071336167
2.250898e-07,0.00071479779
2.251898e-07,0.00071623392
2.252898e-07,0.00071695198
2.253898e-07,0.00071695198
2.254898e-07,0.00071479779
2.255898e-07,0.00070977137
2.256898e-07,0.00070115464
2.257898e-07,0.00069110179
2.258898e-07,0.00068033088
2.259898e-07,0.00067099609
2.260898e-07,0.00066453355
2.261898e-07,0.00066022518
2.262898e-07,0.00065735294
2.263898e-07,0.00065304458
2.264898e-07,0.00064658203
2.265898e-07,0.00063581112
2.266898e-07,0.00062288603
2.267898e-07,0.00060996094
2.268898e-07,0.00059919003
2.269898e-07,0.00059200942
2.270898e-07,0.00058841912
2.271898e-07,0.00058554688
2.272898e-07,0.00058052045
2.273898e-07,0.00056974954
2.274898e-07,0.00055395221
2.275898e-07,0.00053384651
2.276898e-07,0.00051158663
2.277898e-07,0.00049148093
2.278898e-07,0.00047352941
2.279898e-07,0.00045845014
2.280898e-07,0.00044552505
2.281898e-07,0.00043116383
2.282898e-07,0.00041608456
2.283898e-07,0.00040028722
2.284898e-07,0.00038448989
2.285898e-07,0.00037084674
2.286898e-07,0.00035863971
2.287898e-07,0.00034643267
2.288898e-07,0.0003313534
2.289898e-07,0.00031268382
2.290898e-07,0.00028970588
2.291898e-07,0.00026529182
2.292898e-07,0.00024375
2.293898e-07,0.00022867073
2.294898e-07,0.00022077206
2.295898e-07,0.00021861788
2.296898e-07,0.00021861788
2.297898e-07,0.00021646369
2.298898e-07,0.00020928309
2.299898e-07,0.00019851218
2.300898e-07,0.00018702321
2.301898e-07,0.00017840648
2.302898e-07,0.00017481618
2.303898e-07,0.00017553424
2.304898e-07,0.0001762523
2.305898e-07,0.00017266199
2.306898e-07,0.00016332721
2.307898e-07,0.00014896599
2.308898e-07,0.00013460478
2.309898e-07,0.00012670611
2.310898e-07,0.00012886029
2.311898e-07,0.00014178539
2.312898e-07,0.0001597369
2.313898e-07,0.00017697036
2.314898e-07,0.00018630515
2.315898e-07,0.00018558709
2.316898e-07,0.00017768842
2.317898e-07,0.00016763557
2.318898e-07,0.00016332721
2.319898e-07,0.00016763557
2.320898e-07,0.00017840648
2.321898e-07,0.00019133157
2.322898e-07,0.00019779412
2.323898e-07,0.00019420381
2.324898e-07,0.00017912454
2.325898e-07,0.00015901884
2.326898e-07,0.00014034926
2.327898e-07,0.00013029642
2.328898e-07,0.00013101448
2.329898e-07,0.00014034926
2.330898e-07,0.00015183824
2.331898e-07,0.00015830078
2.332898e-07,0.00015542854
2.333898e-07,0.00014034926
2.334898e-07,0.00011737132
2.335898e-07,9.152114e-05
2.336898e-07,6.7825138e-05
2.337898e-07,4.9155561e-05
2.338898e-07,3.6948529e-05
2.339898e-07,2.9049862e-05
2.340898e-07,2.2587316e-05
2.341898e-07,1.7560892e-05
2.342898e-07,1.3970588e-05
2.343898e-07,1.1816406e-05
2.344898e-07,1.1816406e-05
2.345898e-07,1.3252528e-05
2.346898e-07,1.3970588e-05
2.347898e-07,1.1098346e-05
2.348898e-07,3.1996783e-06
2.349898e-07,-1.1879596e-05
2.350898e-07,-3.1985294e-05
2.351898e-07,-5.5681296e-05
2.352898e-07,-7.8659237e-05
2.353898e-07,-9.8046875e-05
2.354898e-07,-0.00011240809
2.355898e-07,-0.00012030676
2.356898e-07,-0.00012174288
2.357898e-07,-0.00011815257
2.358898e-07,-0.00011240809
2.359898e-07,-0.0001066636
2.360898e-07,-0.00010379136
2.361898e-07,-0.00010522748
2.362898e-07,-0.00011240809
2.363898e-07,-0.00012461512
2.364898e-07,-0.00014041245
2.365898e-07,-0.00015620979
2.366898e-07,-0.00016985294
2.367898e-07,-0.00017918773
2.368898e-07,-0.00018493222
2.369898e-07,-0.00018780446
2.370898e-07,-0.00019283088
2.371898e-07,-0.00020144761
2.372898e-07,-0.00021509076
2.373898e-07,-0.00023232422
2.374898e-07,-0.00025027574
2.375898e-07,-0.00026535501
2.376898e-07,-0.00027540786
2.377898e-07,-0.00028115234
2.378898e-07,-0.00028474265
2.379898e-07,-0.00029048713
2.380898e-07,-0.00030269416
2.381898e-07,-0.00032064568
2.382898e-07,-0.0003421875
2.383898e-07,-0.00036372932
2.384898e-07,-0.00037952665
2.385898e-07,-0.00038742532
2.386898e-07,-0.00038814338
2.387898e-07,-0.00038670726
2.388898e-07,-0.00038742532
2.389898e-07,-0.00039532399
2.390898e-07,-0.00041112132
2.391898e-07,-0.00043122702
2.392898e-07,-0.00045061466
2.393898e-07,-0.00046353975
2.394898e-07,-0.00046856618
2.395898e-07,-0.00046641199
2.396898e-07,-0.00046282169
2.397898e-07,-0.00046282169
2.398898e-07,-0.00046856618
2.399898e-07,-0.00048005515
2.400898e-07,-0.00049298024
2.401898e-07,-0.00050159697
2.402898e-07,-0.00050303309
2.403898e-07,-0.00049657054
2.404898e-07,-0.00048508157
2.405898e-07,-0.00047431066
2.406898e-07,-0.00046856618
2.407898e-07,-0.00046784812
2.408898e-07,-0.00047072036
2.409898e-07,-0.00047215648
2.410898e-07,-0.00046856618
2.411898e-07,-0.00045994945
2.412898e-07,-0.00044774242
2.413898e-07,-0.00043840763
2.414898e-07,-0.00043409926
2.415898e-07,-0.00043697151
2.416898e-07,-0.00044487017
2.417898e-07,-0.00045276884
2.418898e-07,-0.00045707721
2.419898e-07,-0.00045564108
2.420898e-07,-0.00044846048
2.421898e-07,-0.00044056181
2.422898e-07,-0.00043409926
2.423898e-07,-0.0004297909
2.424898e-07,-0.0004262006
2.425898e-07,-0.00042045611
2.426898e-07,-0.00041112132
2.427898e-07,-0.00039819623
2.428898e-07,-0.00038455308
2.429898e-07,-0.00037665441
2.430898e-07,-0.00037665441
2.431898e-07,-0.00038527114
2.432898e-07,-0.00039963235
2.433898e-07,-0.00041399357
2.434898e-07,-0.00042261029
2.435898e-07,-0.00042476448
2.436898e-07,-0.00042261029
2.437898e-07,-0.00042045611
2.438898e-07,-0.00042261029
2.439898e-07,-0.00043122702
2.440898e-07,-0.00044415211
2.441898e-07,-0.00045779527
2.442898e-07,-0.00046856618
2.443898e-07,-0.00047574678
2.444898e-07,-0.00048149127
2.445898e-07,-0.00048938994
2.446898e-07,-0.00050303309
2.447898e-07,-0.00052170267
2.448898e-07,-0.00054252642
2.449898e-07,-0.00056047794
2.450898e-07,-0.00057196691
2.451898e-07,-0.00057627528
2.452898e-07,-0.0005777114
2.453898e-07,-0.00058201976
2.454898e-07,-0.00059494485
2.455898e-07,-0.00061648667
2.456898e-07,-0.00064377298
2.457898e-07,-0.00066962316
2.458898e-07,-0.00068685662
2.459898e-07,-0.00069403722
2.460898e-07,-0.00069403722
2.461898e-07,-0.00069331916
2.462898e-07,-0.00069834559
2.463898e-07,-0.00071198874
2.464898e-07,-0.0007328125
2.465898e-07,-0.0007529182
2.466898e-07,-0.00076727941
2.467898e-07,-0.00077015165
2.468898e-07,-0.00076368911
2.469898e-07,-0.0007529182
2.470898e-07,-0.00074430147
2.471898e-07,-0.00074430147
2.472898e-07,-0.00075220014
2.473898e-07,-0.00076584329
2.474898e-07,-0.00077876838
2.475898e-07,-0.00078594899
2.476898e-07,-0.00078594899
2.477898e-07,-0.00078235869
2.478898e-07,-0.00077876838
2.479898e-07,-0.0007802045
2.480898e-07,-0.00078810317
2.481898e-07,-0.0008003102
2.482898e-07,-0.00081323529
2.483898e-07,-0.00082328814
2.484898e-07,-0.00082759651
2.485898e-07,-0.00082759651
2.486898e-07,-0.00082472426
2.487898e-07,-0.0008204159
2.488898e-07,-0.00081467142
2.489898e-07,-0.00080892693
2.490898e-07,-0.00080174632
2.491898e-07,-0.00079600184
2.492898e-07,-0.00079384766
2.493898e-07,-0.00079887408
2.494898e-07,-0.00081323529
2.495898e-07,-0.00083477711
2.496898e-07,-0.00085990924
2.497898e-07,-0.00088145106
2.498898e-07,-0.00089365809
2.499898e-07,-0.00089581227
2.500898e-07,-0.00089006778
2.501898e-07,-0.00088360524
2.502898e-07,-0.00088216912
2.503898e-07,-0.00089006778
2.504898e-07,-0.00090730124
2.505898e-07,-0.00092956112
2.506898e-07,-0.00095110294
2.507898e-07,-0.00096618222
2.508898e-07,-0.00097408088
2.509898e-07,-0.00097479894
2.510898e-07,-0.00097408088
2.511898e-07,-0.00097479894
2.512898e-07,-0.00098054343
2.513898e-07,-0.0009920324
2.514898e-07,-0.0010085478
2.515898e-07,-0.0010286535
2.516898e-07,-0.0010516314
2.517898e-07,-0.0010760455
2.518898e-07,-0.0011004596
2.519898e-07,-0.0011212833
2.520898e-07,-0.0011349265
2.521898e-07,-0.0011392348
2.522898e-07,-0.0011349265
2.523898e-07,-0.0011248736
2.524898e-07,-0.0011155388
2.525898e-07,-0.0011141027
2.526898e-07,-0.0011234375
2.527898e-07,-0.0011435432
2.528898e-07,-0.0011686753
2.529898e-07,-0.0011909352
2.530898e-07,-0.0012038603
2.531898e-07,-0.0012052964
2.532898e-07,-0.0011973977
2.533898e-07,-0.0011873449
2.534898e-07,-0.0011808824
2.535898e-07,-0.0011816004
2.536898e-07,-0.0011894991
2.537898e-07,-0.0011988339
2.538898e-07,-0.0012038603
2.539898e-07,-0.0012009881
2.540898e-07,-0.0011909352
2.541898e-07,-0.0011787282
2.542898e-07,-0.0011693934
2.543898e-07,-0.0011693934
2.544898e-07,-0.0011787282
2.545898e-07,-0.0011959616
2.546898e-07,-0.0012153493
2.547898e-07,-0.0012304285
2.548898e-07,-0.0012376091
2.549898e-07,-0.001235455
2.550898e-07,-0.0012268382
2.551898e-07,-0.0012139131
2.552898e-07,-0.0011988339
2.553898e-07,-0.0011837546
2.554898e-07,-0.0011693934
2.555898e-07,-0.0011571864
2.556898e-07,-0.0011478516
2.557898e-07,-0.0011435432
2.558898e-07,-0.0011464154
2.559898e-07,-0.0011550322
2.560898e-07,-0.0011679573
2.561898e-07,-0.0011816004
2.562898e-07,-0.0011923713
2.563898e-07,-0.0011995519
2.564898e-07,-0.0012024242
2.565898e-07,-0.0012038603
2.566898e-07,-0.0012038603
2.567898e-07,-0.0012038603
2.568898e-07,-0.0012024242
2.569898e-07,-0.0011988339
2.570898e-07,-0.0011923713
2.571898e-07,-0.0011851907
2.572898e-07,-0.0011801643
2.573898e-07,-0.0011816004
2.574898e-07,-0.0011923713
2.575898e-07,-0.0012110409
2.576898e-07,-0.0012347369
2.577898e-07,-0.0012569968
2.578898e-07,-0.0012727941
2.579898e-07,-0.0012799747
2.580898e-07,-0.0012778205
2.581898e-07,-0.0012706399
2.582898e-07,-0.0012613051
2.583898e-07,-0.0012526884
2.584898e-07,-0.0012462259
2.585898e-07,-0.0012411994
2.586898e-07,-0.0012383272
2.587898e-07,-0.0012390453
2.588898e-07,-0.0012455078
2.589898e-07,-0.001259869
2.590898e-07,-0.0012842831
2.591898e-07,-0.0013151597
2.592898e-07,-0.0013467544
2.593898e-07,-0.0013726045
2.594898e-07,-0.0013876838
2.595898e-07,-0.0013912741
2.596898e-07,-0.0013855296
2.597898e-07,-0.001378349
2.598898e-07,-0.0013761949
2.599898e-07,-0.0013819393
2.600898e-07,-0.0013948644
2.601898e-07,-0.0014099437
2.602898e-07,-0.0014221507
2.603898e-07,-0.001425741
2.604898e-07,-0.0014214327
2.605898e-07,-0.0014106618
2.606898e-07,-0.0013991728
2.607898e-07,-0.0013919922
2.608898e-07,-0.0013919922
2.609898e-07,-0.0013991728
2.610898e-07,-0.0014106618
2.611898e-07,-0.0014243049
2.612898e-07,-0.00143723
2.613898e-07,-0.001448719
2.614898e-07,-0.0014566176
2.615898e-07,-0.001460208
2.616898e-07,-0.0014580538
2.617898e-07,-0.001449437
2.618898e-07,-0.0014336397
2.619898e-07,-0.0014142521
2.620898e-07,-0.0013948644
2.621898e-07,-0.0013812213
2.622898e-07,-0.0013761949
2.623898e-07,-0.0013797852
2.624898e-07,-0.001389838
2.625898e-07,-0.001401327
2.626898e-07,-0.0014106618
2.627898e-07,-0.0014156882
2.628898e-07,-0.0014178424
2.629898e-07,-0.0014192785
2.630898e-07,-0.0014221507
2.631898e-07,-0.0014271772
2.632898e-07,-0.0014322036
2.633898e-07,-0.0014350758
2.634898e-07,-0.0014336397
2.635898e-07,-0.0014286133
2.636898e-07,-0.0014228688
2.637898e-07,-0.0014192785
2.638898e-07,-0.0014221507
2.639898e-07,-0.0014307675
2.640898e-07,-0.0014436926
2.641898e-07,-0.0014573357
2.642898e-07,-0.0014681066
2.643898e-07,-0.0014752872
2.644898e-07,-0.0014810317
2.645898e-07,-0.0014853401
2.646898e-07,-0.0014910846
2.647898e-07,-0.0014953929
2.648898e-07,-0.001496829
2.649898e-07,-0.0014910846
2.650898e-07,-0.0014795956
2.651898e-07,-0.0014652344
2.652898e-07,-0.0014530273
2.653898e-07,-0.001449437
2.654898e-07,-0.0014566176
2.655898e-07,-0.0014716969
2.656898e-07,-0.0014882123
2.657898e-07,-0.0014997013
2.658898e-07,-0.0015025735
2.659898e-07,-0.0014989832
2.660898e-07,-0.001496111
2.661898e-07,-0.0014997013
2.662898e-07,-0.0015140625
2.663898e-07,-0.0015370404
2.664898e-07,-0.0015607364
2.665898e-07,-0.0015743796
2.666898e-07,-0.0015715074
2.667898e-07,-0.0015514017
2.668898e-07,-0.0015226792
2.669898e-07,-0.0014946749
2.670898e-07,-0.0014795956
2.671898e-07,-0.0014810317
2.672898e-07,-0.001496829
2.673898e-07,-0.0015183709
2.674898e-07,-0.0015370404
2.675898e-07,-0.0015478114
2.676898e-07,-0.0015499655
2.677898e-07,-0.0015485294
2.678898e-07,-0.0015485294
2.679898e-07,-0.0015521197
2.680898e-07,-0.0015578642
2.681898e-07,-0.0015621726
2.682898e-07,-0.0015600184
2.683898e-07,-0.0015521197
2.684898e-07,-0.0015420669
2.685898e-07,-0.0015356043
2.686898e-07,-0.0015370404
2.687898e-07,-0.0015463752
2.688898e-07,-0.0015600184
2.689898e-07,-0.0015693532
2.690898e-07,-0.0015715074
2.691898e-07,-0.0015657629
2.692898e-07,-0.0015571461
2.693898e-07,-0.0015535558
2.694898e-07,-0.0015600184
2.695898e-07,-0.0015758157
2.696898e-07,-0.0015944853
2.697898e-07,-0.0016066923
2.698898e-07,-0.0016059743
2.699898e-07,-0.0015930492
2.700898e-07,-0.0015758157
2.701898e-07,-0.0015657629
2.702898e-07,-0.0015715074
2.703898e-07,-0.0015944853
2.704898e-07,-0.0016275161
2.705898e-07,-0.0016583927
2.706898e-07,-0.0016749081
2.707898e-07,-0.0016727539
2.708898e-07,-0.0016562385
2.709898e-07,-0.0016375689
2.710898e-07,-0.0016289522
2.711898e-07,-0.0016375689
2.712898e-07,-0.0016605469
2.713898e-07,-0.0016885512
2.714898e-07,-0.001709375
2.715898e-07,-0.0017158375
2.716898e-07,-0.0017079389
2.717898e-07,-0.0016942957
2.718898e-07,-0.0016863971
2.719898e-07,-0.0016935777
2.720898e-07,-0.0017158375
2.721898e-07,-0.0017481503
2.722898e-07,-0.0017783088
2.723898e-07,-0.0017976965
2.724898e-07,-0.0018034409
2.725898e-07,-0.0017976965
2.726898e-07,-0.0017897978
2.727898e-07,-0.0017862075
2.728898e-07,-0.0017912339
2.729898e-07,-0.0018020048
2.730898e-07,-0.0018127757
2.731898e-07,-0.0018192383
2.732898e-07,-0.0018185202
2.733898e-07,-0.0018149299
2.734898e-07,-0.0018127757
2.735898e-07,-0.0018170841
2.736898e-07,-0.0018292911
2.737898e-07,-0.0018450885
2.738898e-07,-0.0018587316
2.739898e-07,-0.0018644761
2.740898e-07,-0.0018601677
2.741898e-07,-0.0018486788
2.742898e-07,-0.0018357537
2.743898e-07,-0.0018257008
2.744898e-07,-0.0018221105
2.745898e-07,-0.0018221105
2.746898e-07,-0.0018242647
2.747898e-07,-0.0018242647
2.748898e-07,-0.0018206744
2.749898e-07,-0.001815648
2.750898e-07,-0.0018127757
2.751898e-07,-0.001816366
2.752898e-07,-0.0018264189
2.753898e-07,-0.0018414982
2.754898e-07,-0.0018587316
2.755898e-07,-0.0018730928
2.756898e-07,-0.0018831457
2.757898e-07,-0.0018896082
2.758898e-07,-0.0018931985
2.759898e-07,-0.0018967888
2.760898e-07,-0.0019003791
2.761898e-07,-0.0019039694
2.762898e-07,-0.0019046875
2.763898e-07,-0.0019025333
2.764898e-07,-0.001898225
2.765898e-07,-0.0018939166
2.766898e-07,-0.0018931985
2.767898e-07,-0.001898225
2.768898e-07,-0.0019082778
2.769898e-07,-0.0019233571
2.770898e-07,-0.0019391544
2.771898e-07,-0.0019535156
2.772898e-07,-0.0019642865
2.773898e-07,-0.0019714671
2.774898e-07,-0.0019736213
2.775898e-07,-0.0019721852
2.776898e-07,-0.0019671588
2.777898e-07,-0.0019592601
2.778898e-07,-0.0019506434
2.779898e-07,-0.0019427447
2.780898e-07,-0.0019398725
2.781898e-07,-0.0019420267
2.782898e-07,-0.0019506434
2.783898e-07,-0.0019621324
2.784898e-07,-0.0019714671
2.785898e-07,-0.0019757755
2.786898e-07,-0.0019736213
2.787898e-07,-0.0019664407
2.788898e-07,-0.0019592601
2.789898e-07,-0.0019571059
2.790898e-07,-0.0019621324
2.791898e-07,-0.0019736213
2.792898e-07,-0.0019851103
2.793898e-07,-0.0019908548
2.794898e-07,-0.0019851103
2.795898e-07,-0.0019678768
2.796898e-07,-0.0019434628
2.797898e-07,-0.0019197668
2.798898e-07,-0.0019046875
2.799898e-07,-0.0019025333
2.800898e-07,-0.0019133042
2.801898e-07,-0.0019312557
2.802898e-07,-0.0019506434
2.803898e-07,-0.0019671588
2.804898e-07,-0.0019793658
2.805898e-07,-0.0019879825
2.806898e-07,-0.0019965993
2.807898e-07,-0.0020059341
2.808898e-07,-0.002016705
2.809898e-07,-0.0020253217
2.810898e-07,-0.0020310662
2.811898e-07,-0.0020332204
2.812898e-07,-0.0020332204
2.813898e-07,-0.0020353745
2.814898e-07,-0.0020425551
2.815898e-07,-0.0020547622
2.816898e-07,-0.0020705595
2.817898e-07,-0.0020827665
2.818898e-07,-0.002088511
2.819898e-07,-0.0020842027
2.820898e-07,-0.0020719956
2.821898e-07,-0.0020561983
2.822898e-07,-0.0020425551
2.823898e-07,-0.0020360926
2.824898e-07,-0.0020368107
2.825898e-07,-0.0020439913
2.826898e-07,-0.0020540441
2.827898e-07,-0.0020633789
2.828898e-07,-0.0020698415
2.829898e-07,-0.0020741498
2.830898e-07,-0.0020770221
2.831898e-07,-0.0020791762
2.832898e-07,-0.0020798943
2.833898e-07,-0.0020791762
2.834898e-07,-0.0020770221
2.835898e-07,-0.0020748679
2.836898e-07,-0.0020748679
2.837898e-07,-0.0020791762
2.838898e-07,-0.002088511
2.839898e-07,-0.0021007181
2.840898e-07,-0.0021107709
2.841898e-07,-0.0021150793
2.842898e-07,-0.002111489
2.843898e-07,-0.0021014361
2.844898e-07,-0.0020906652
2.845898e-07,-0.0020842027
2.846898e-07,-0.002088511
2.847898e-07,-0.0021035903
2.848898e-07,-0.0021280044
2.849898e-07,-0.0021552907
2.850898e-07,-0.0021804228
2.851898e-07,-0.0022012466
2.852898e-07,-0.00221848
2.853898e-07,-0.0022342773
2.854898e-07,-0.0022493566
2.855898e-07,-0.0022644359
2.856898e-07,-0.0022766429
2.857898e-07,-0.0022831055
2.858898e-07,-0.0022838235
2.859898e-07,-0.0022809513
2.860898e-07,-0.0022809513
2.861898e-07,-0.0022881319
2.862898e-07,-0.0023068015
2.863898e-07,-0.0023348058
2.864898e-07,-0.0023664005
2.865898e-07,-0.0023929687
2.866898e-07,-0.0024102022
2.867898e-07,-0.0024159467
2.868898e-07,-0.0024145106
2.869898e-07,-0.0024109203
2.870898e-07,-0.0024102022
2.871898e-07,-0.0024145106
2.872898e-07,-0.0024224092
2.873898e-07,-0.0024288718
2.874898e-07,-0.0024331801
2.875898e-07,-0.0024360524
2.876898e-07,-0.0024425149
2.877898e-07,-0.0024561581
2.878898e-07,-0.002479136
2.879898e-07,-0.0025064223
2.880898e-07,-0.0025294003
2.881898e-07,-0.0025408892
2.882898e-07,-0.0025365809
2.883898e-07,-0.0025200655
2.884898e-07,-0.0025013959
2.885898e-07,-0.0024927792
2.886898e-07,-0.002502114
2.887898e-07,-0.0025279642
2.888898e-07,-0.0025602769
2.889898e-07,-0.0025861271
2.890898e-07,-0.0025940257
2.891898e-07,-0.0025818187
2.892898e-07,-0.0025566866
2.893898e-07,-0.0025337086
2.894898e-07,-0.0025250919
2.895898e-07,-0.0025387351
2.896898e-07,-0.0025703297
2.897898e-07,-0.002609105
2.898898e-07,-0.0026399816
2.899898e-07,-0.0026536248
2.900898e-07,-0.0026485983
2.901898e-07,-0.002632801
2.902898e-07,-0.0026170037
2.903898e-07,-0.0026098231
2.904898e-07,-0.0026148495
2.905898e-07,-0.0026277746
2.906898e-07,-0.0026399816
2.907898e-07,-0.0026457261
2.908898e-07,-0.0026428539
2.909898e-07,-0.0026349552
2.910898e-07,-0.0026284926
2.911898e-07,-0.0026284926
2.912898e-07,-0.0026363913
2.913898e-07,-0.0026500345
2.914898e-07,-0.0026629596
2.915898e-07,-0.0026708582
2.916898e-07,-0.0026722943
2.917898e-07,-0.002668704
2.918898e-07,-0.0026629596
2.919898e-07,-0.0026579331
2.920898e-07,-0.0026536248
2.921898e-07,-0.0026478803
2.922898e-07,-0.0026399816
2.923898e-07,-0.0026313649
2.924898e-07,-0.0026249023
2.925898e-07,-0.0026270565
2.926898e-07,-0.0026399816
2.927898e-07,-0.0026629596
2.928898e-07,-0.0026895278
2.929898e-07,-0.0027110696
2.930898e-07,-0.0027204044
2.931898e-07,-0.002715378
2.932898e-07,-0.0027002987
2.933898e-07,-0.0026837833
2.934898e-07,-0.0026744485
2.935898e-07,-0.0026773208
2.936898e-07,-0.0026909639
2.937898e-07,-0.0027081974
2.938898e-07,-0.0027204044
2.939898e-07,-0.0027225586
2.940898e-07,-0.0027139419
2.941898e-07,-0.0026995807
2.942898e-07,-0.0026859375
2.943898e-07,-0.0026773208
2.944898e-07,-0.0026744485
2.945898e-07,-0.0026744485
2.946898e-07,-0.0026744485
2.947898e-07,-0.0026715763
2.948898e-07,-0.0026665499
2.949898e-07,-0.0026629596
2.950898e-07,-0.0026629596
2.951898e-07,-0.0026665499
2.952898e-07,-0.0026715763
2.953898e-07,-0.0026715763
2.954898e-07,-0.0026629596
2.955898e-07,-0.0026457261
2.956898e-07,-0.0026241843
2.957898e-07,-0.0026047966
2.958898e-07,-0.0025940257
2.959898e-07,-0.0025933077
2.960898e-07,-0.0026004883
2.961898e-07,-0.0026105411
2.962898e-07,-0.0026170037
2.963898e-07,-0.0026177217
2.964898e-07,-0.0026134134
2.965898e-07,-0.0026083869
2.966898e-07,-0.0026055147
2.967898e-07,-0.0026055147
2.968898e-07,-0.0026062328
2.969898e-07,-0.0026033605
2.970898e-07,-0.0025940257
2.971898e-07,-0.0025803826
2.972898e-07,-0.0025681756
2.973898e-07,-0.0025638672
2.974898e-07,-0.0025710478
2.975898e-07,-0.0025889993
2.976898e-07,-0.0026098231
2.977898e-07,-0.0026256204
2.978898e-07,-0.0026284926
2.979898e-07,-0.0026191579
2.980898e-07,-0.0026040786
2.981898e-07,-0.0025933077
2.982898e-07,-0.0025940257
2.983898e-07,-0.0026076689
2.984898e-07,-0.0026270565
2.985898e-07,-0.0026414177
2.986898e-07,-0.0026399816
2.987898e-07,-0.0026198759
2.988898e-07,-0.0025875632
2.989898e-07,-0.0025552505
2.990898e-07,-0.0025365809
2.991898e-07,-0.0025394531
2.992898e-07,-0.0025631491
2.993898e-07,-0.002596898
2.994898e-07,-0.0026284926
2.995898e-07,-0.0026464442
2.996898e-07,-0.0026471622
2.997898e-07,-0.0026342371
2.998898e-07,-0.0026170037
2.999898e-07,-0.0026033605
3.000898e-07,-0.0025961799
3.001898e-07,-0.0025954619
3.002898e-07,-0.0025940257
3.003898e-07,-0.0025882812
3.004898e-07,-0.0025775103
3.005898e-07,-0.0025660214
3.006898e-07,-0.0025595588
3.007898e-07,-0.0025645852
3.008898e-07,-0.0025811006
3.009898e-07,-0.0026055147
3.010898e-07,-0.0026284926
3.011898e-07,-0.0026428539
3.012898e-07,-0.0026435719
3.013898e-07,-0.002632801
3.014898e-07,-0.0026170037
3.015898e-07,-0.0026026425
3.016898e-07,-0.0025954619
3.017898e-07,-0.002596898
3.018898e-07,-0.0026055147
3.019898e-07,-0.0026162856
3.020898e-07,-0.0026263385
3.021898e-07,-0.0026342371
3.022898e-07,-0.0026399816
3.023898e-07,-0.0026464442
3.024898e-07,-0.0026543428
3.025898e-07,-0.0026636776
3.026898e-07,-0.0026744485
3.027898e-07,-0.0026845014
3.028898e-07,-0.0026938362
3.029898e-07,-0.0027017348
3.030898e-07,-0.0027089154
3.031898e-07,-0.002715378
3.032898e-07,-0.0027196864
3.033898e-07,-0.0027218405
3.034898e-07,-0.0027204044
3.035898e-07,-0.002716096
3.036898e-07,-0.0027103516
3.037898e-07,-0.0027074793
3.038898e-07,-0.0027089154
3.039898e-07,-0.0027168141
3.040898e-07,-0.0027311753
3.041898e-07,-0.0027484088
3.042898e-07,-0.0027663603
3.043898e-07,-0.0027835937
3.044898e-07,-0.002797955
3.045898e-07,-0.0028115981
3.046898e-07,-0.0028238051
3.047898e-07,-0.002833858
3.048898e-07,-0.0028396025
3.049898e-07,-0.0028403205
3.050898e-07,-0.0028352941
3.051898e-07,-0.0028259593
3.052898e-07,-0.0028166245
3.053898e-07,-0.0028108801
3.054898e-07,-0.0028123162
3.055898e-07,-0.0028202148
3.056898e-07,-0.0028309858
3.057898e-07,-0.0028417567
3.058898e-07,-0.0028467831
3.059898e-07,-0.002846065
3.060898e-07,-0.0028410386
3.061898e-07,-0.0028360122
3.062898e-07,-0.0028352941
3.063898e-07,-0.0028403205
3.064898e-07,-0.0028496553
3.065898e-07,-0.0028611443
3.066898e-07,-0.002869761
3.067898e-07,-0.0028740694
3.068898e-07,-0.0028740694
3.069898e-07,-0.0028719152
3.070898e-07,-0.002869761
3.071898e-07,-0.0028704791
3.072898e-07,-0.0028733513
3.073898e-07,-0.0028776597
3.074898e-07,-0.00288125
3.075898e-07,-0.0028841222
3.076898e-07,-0.0028862764
3.077898e-07,-0.0028884306
3.078898e-07,-0.002892739
3.079898e-07,-0.0028970473
3.080898e-07,-0.0028999196
3.081898e-07,-0.0028992015
3.082898e-07,-0.002892739
3.083898e-07,-0.0028826861
3.084898e-07,-0.0028733513
3.085898e-07,-0.0028676068
3.086898e-07,-0.002869761
3.087898e-07,-0.0028790958
3.088898e-07,-0.002892739
3.089898e-07,-0.0029056641
3.090898e-07,-0.0029157169
3.091898e-07,-0.0029207433
3.092898e-07,-0.0029221795
3.093898e-07,-0.0029236156
3.094898e-07,-0.0029272059
3.095898e-07,-0.0029329504
3.096898e-07,-0.0029394129
3.097898e-07,-0.0029415671
3.098898e-07,-0.0029386949
3.099898e-07,-0.0029307962
3.100898e-07,-0.0029214614
3.101898e-07,-0.0029149989
3.102898e-07,-0.0029157169
3.103898e-07,-0.0029236156
3.104898e-07,-0.0029351045
3.105898e-07,-0.0029451574
3.106898e-07,-0.0029501838
3.107898e-07,-0.0029494658
3.108898e-07,-0.0029465935
3.109898e-07,-0.0029451574
3.110898e-07,-0.0029501838
3.111898e-07,-0.0029609547
3.112898e-07,-0.0029738798
3.113898e-07,-0.0029839327
3.114898e-07,-0.0029846507
3.115898e-07,-0.0029753159
3.116898e-07,-0.0029588006
3.117898e-07,-0.002940849
3.118898e-07,-0.0029272059
3.119898e-07,-0.0029221795
3.120898e-07,-0.0029250517
3.121898e-07,-0.0029315142
3.122898e-07,-0.0029386949
3.123898e-07,-0.0029430032
3.124898e-07,-0.0029430032
3.125898e-07,-0.0029415671
3.126898e-07,-0.0029386949
3.127898e-07,-0.0029343865
3.128898e-07,-0.0029264878
3.129898e-07,-0.0029128447
3.130898e-07,-0.002892739
3.131898e-07,-0.002869761
3.132898e-07,-0.0028489373
3.133898e-07,-0.0028360122
3.134898e-07,-0.0028352941
3.135898e-07,-0.0028446289
3.136898e-07,-0.002857554
3.137898e-07,-0.0028683249
3.138898e-07,-0.002869761
3.139898e-07,-0.0028625804
3.140898e-07,-0.0028503734
3.141898e-07,-0.0028396025
3.142898e-07,-0.0028352941
3.143898e-07,-0.0028374483
3.144898e-07,-0.0028403205
3.145898e-07,-0.0028374483
3.146898e-07,-0.0028238051
3.147898e-07,-0.0028001091
3.148898e-07,-0.0027735409
3.149898e-07,-0.0027555894
3.150898e-07,-0.0027548713
3.151898e-07,-0.002774259
3.152898e-07,-0.0028094439
3.153898e-07,-0.0028489373
3.154898e-07,-0.00288125
3.155898e-07,-0.0028977654
3.156898e-07,-0.0028970473
3.157898e-07,-0.0028848403
3.158898e-07,-0.002869761
3.159898e-07,-0.0028589901
3.160898e-07,-0.0028546818
3.161898e-07,-0.0028553998
3.162898e-07,-0.0028582721
3.163898e-07,-0.0028597082
3.164898e-07,-0.0028597082
3.165898e-07,-0.0028618624
3.166898e-07,-0.002869761
3.167898e-07,-0.0028848403
3.168898e-07,-0.0029042279
3.169898e-07,-0.0029243336
3.170898e-07,-0.0029386949
3.171898e-07,-0.0029444393
3.172898e-07,-0.0029415671
3.173898e-07,-0.0029343865
3.174898e-07,-0.0029272059
3.175898e-07,-0.0029221795
3.176898e-07,-0.0029200253
3.177898e-07,-0.0029185892
3.178898e-07,-0.0029157169
3.179898e-07,-0.0029121266
3.180898e-07,-0.0029106905
3.181898e-07,-0.0029149989
3.182898e-07,-0.0029272059
3.183898e-07,-0.0029458755
3.184898e-07,-0.0029659812
3.185898e-07,-0.0029803424
3.186898e-07,-0.0029846507
3.187898e-07,-0.0029796243
3.188898e-07,-0.0029710076
3.189898e-07,-0.0029666992
3.190898e-07,-0.0029731618
3.191898e-07,-0.0029896772
3.192898e-07,-0.003011219
3.193898e-07,-0.0030277344
3.194898e-07,-0.0030306066
3.195898e-07,-0.0030169635
3.196898e-07,-0.0029918313
3.197898e-07,-0.0029652631
3.198898e-07,-0.0029501838
3.199898e-07,-0.0029544922
3.200898e-07,-0.0029774701
3.201898e-07,-0.0030148093
3.202898e-07,-0.0030535846
3.203898e-07,-0.0030851792
3.204898e-07,-0.0031031307
3.205898e-07,-0.003106721
3.206898e-07,-0.0030995404
3.207898e-07,-0.0030858973
3.208898e-07,-0.003070818
3.209898e-07,-0.0030557387
3.210898e-07,-0.0030420956
3.211898e-07,-0.0030327608
3.212898e-07,-0.0030306066
3.213898e-07,-0.0030370692
3.214898e-07,-0.0030535846
3.215898e-07,-0.0030758444
3.216898e-07,-0.0030988224
3.217898e-07,-0.0031153378
3.218898e-07,-0.0031225184
3.219898e-07,-0.0031210823
3.220898e-07,-0.0031160558
3.221898e-07,-0.0031146197
3.222898e-07,-0.0031225184
3.223898e-07,-0.0031397518
3.224898e-07,-0.0031598575
3.225898e-07,-0.0031756549
3.226898e-07,-0.0031799632
3.227898e-07,-0.0031706284
3.228898e-07,-0.0031519589
3.229898e-07,-0.0031332893
3.230898e-07,-0.0031225184
3.231898e-07,-0.0031239545
3.232898e-07,-0.0031361615
3.233898e-07,-0.003153395
3.234898e-07,-0.0031684743
3.235898e-07,-0.0031763729
3.236898e-07,-0.0031785271
3.237898e-07,-0.0031778091
3.238898e-07,-0.0031799632
3.239898e-07,-0.0031871438
3.240898e-07,-0.0031964786
3.241898e-07,-0.0032036592
3.242898e-07,-0.0032029412
3.243898e-07,-0.0031936064
3.244898e-07,-0.0031785271
3.245898e-07,-0.0031641659
3.246898e-07,-0.0031569853
3.247898e-07,-0.0031605756
3.248898e-07,-0.0031713465
3.249898e-07,-0.0031842716
3.250898e-07,-0.0031914522
3.251898e-07,-0.0031900161
3.252898e-07,-0.0031813994
3.253898e-07,-0.0031720646
3.254898e-07,-0.0031684743
3.255898e-07,-0.0031749368
3.256898e-07,-0.00318858
3.257898e-07,-0.0032043773
3.258898e-07,-0.0032144301
3.259898e-07,-0.0032137121
3.260898e-07,-0.0032029412
3.261898e-07,-0.00318858
3.262898e-07,-0.0031799632
3.263898e-07,-0.0031821174
3.264898e-07,-0.0031964786
3.265898e-07,-0.0032180205
3.266898e-07,-0.0032374081
3.267898e-07,-0.0032474609
3.268898e-07,-0.0032460248
3.269898e-07,-0.003235972
3.270898e-07,-0.0032259191
3.271898e-07,-0.0032237649
3.272898e-07,-0.0032345358
3.273898e-07,-0.0032567957
3.274898e-07,-0.003283364
3.275898e-07,-0.0033063419
3.276898e-07,-0.0033199851
3.277898e-07,-0.0033221392
3.278898e-07,-0.0033178309
3.279898e-07,-0.0033135225
3.280898e-07,-0.0033149586
3.281898e-07,-0.0033242934
3.282898e-07,-0.0033408088
3.283898e-07,-0.0033580423
3.284898e-07,-0.0033688132
3.285898e-07,-0.0033709674
3.286898e-07,-0.0033637868
3.287898e-07,-0.0033508617
3.288898e-07,-0.0033372185
3.289898e-07,-0.0033293199
3.290898e-07,-0.0033293199
3.291898e-07,-0.0033372185
3.292898e-07,-0.0033494256
3.293898e-07,-0.0033637868
3.294898e-07,-0.0033752757
3.295898e-07,-0.0033824563
3.296898e-07,-0.0033838925
3.297898e-07,-0.0033817383
3.298898e-07,-0.0033752757
3.299898e-07,-0.003366659
3.300898e-07,-0.0033580423
3.301898e-07,-0.0033487075
3.302898e-07,-0.0033408088
3.303898e-07,-0.0033350643
3.304898e-07,-0.003331474
3.305898e-07,-0.0033300379
3.306898e-07,-0.0033293199
3.307898e-07,-0.0033278837
3.308898e-07,-0.0033235754
3.309898e-07,-0.0033163948
3.310898e-07,-0.0033063419
3.311898e-07,-0.0032948529
3.312898e-07,-0.0032848001
3.313898e-07,-0.0032769014
3.314898e-07,-0.003271875
3.315898e-07,-0.0032690028
3.316898e-07,-0.0032654125
3.317898e-07,-0.003259668
3.318898e-07,-0.0032488971
3.319898e-07,-0.0032330997
3.320898e-07,-0.0032144301
3.321898e-07,-0.0031957606
3.322898e-07,-0.0031799632
3.323898e-07,-0.0031691923
3.324898e-07,-0.0031627298
3.325898e-07,-0.0031598575
3.326898e-07,-0.0031569853
3.327898e-07,-0.0031519589
3.328898e-07,-0.0031433421
3.329898e-07,-0.0031325712
3.330898e-07,-0.0031225184
3.331898e-07,-0.0031160558
3.332898e-07,-0.0031139017
3.333898e-07,-0.003117492
3.334898e-07,-0.0031225184
3.335898e-07,-0.0031261087
3.336898e-07,-0.0031253906
3.337898e-07,-0.0031196461
3.338898e-07,-0.0031110294
3.339898e-07,-0.0031024127
3.340898e-07,-0.0030988224
3.341898e-07,-0.0031016946
3.342898e-07,-0.0031110294
3.343898e-07,-0.0031225184
3.344898e-07,-0.0031318532
3.345898e-07,-0.0031361615
3.346898e-07,-0.0031340074
3.347898e-07,-0.0031282629
3.348898e-07,-0.0031232364
3.349898e-07,-0.0031246726
3.350898e-07,-0.0031340074
3.351898e-07,-0.0031505227
3.352898e-07,-0.0031691923
3.353898e-07,-0.0031842716
3.354898e-07,-0.0031914522
3.355898e-07,-0.003189298
3.356898e-07,-0.0031806813
3.357898e-07,-0.0031713465
3.358898e-07,-0.0031684743
3.359898e-07,-0.0031756549
3.360898e-07,-0.0031921703
3.361898e-07,-0.0032151482
3.362898e-07,-0.0032374081
3.363898e-07,-0.0032539235
3.364898e-07,-0.0032625402
3.365898e-07,-0.0032632583
3.366898e-07,-0.003260386
3.367898e-07,-0.003259668
3.368898e-07,-0.0032654125
3.369898e-07,-0.0032776195
3.370898e-07,-0.0032948529
3.371898e-07,-0.0033120864
3.372898e-07,-0.0033250115
3.373898e-07,-0.003330756
3.374898e-07,-0.0033293199
3.375898e-07,-0.0033235754
3.376898e-07,-0.0033178309
3.377898e-07,-0.0033149586
3.378898e-07,-0.0033178309
3.379898e-07,-0.0033257295
3.380898e-07,-0.0033379366
3.381898e-07,-0.0033508617
3.382898e-07,-0.0033637868
3.383898e-07,-0.0033752757
3.384898e-07,-0.0033867647
3.385898e-07,-0.0033975356
3.386898e-07,-0.0034097426
3.387898e-07,-0.0034219497
3.388898e-07,-0.0034327206
3.389898e-07,-0.0034413373
3.390898e-07,-0.0034442096
3.391898e-07,-0.0034420554
3.392898e-07,-0.0034355928
3.393898e-07,-0.0034276942
3.394898e-07,-0.0034212316
3.395898e-07,-0.0034183594
3.396898e-07,-0.0034197955
3.397898e-07,-0.00342554
3.398898e-07,-0.0034327206
3.399898e-07,-0.0034384651
3.400898e-07,-0.0034420554
3.401898e-07,-0.0034434915
3.402898e-07,-0.0034442096
3.403898e-07,-0.0034463637
3.404898e-07,-0.0034521082
3.405898e-07,-0.0034600069
3.406898e-07,-0.0034671875
3.407898e-07,-0.0034686236
3.408898e-07,-0.003461443
3.409898e-07,-0.0034442096
3.410898e-07,-0.0034212316
3.411898e-07,-0.0033982537
3.412898e-07,-0.0033831744
3.413898e-07,-0.003378866
3.414898e-07,-0.0033867647
3.415898e-07,-0.0034011259
3.416898e-07,-0.003414051
3.417898e-07,-0.0034183594
3.418898e-07,-0.0034097426
3.419898e-07,-0.003390355
3.420898e-07,-0.0033673771
3.421898e-07,-0.0033479894
3.422898e-07,-0.0033408088
3.423898e-07,-0.0033472714
3.424898e-07,-0.0033659409
3.425898e-07,-0.0033889189
3.426898e-07,-0.0034097426
3.427898e-07,-0.0034233858
3.428898e-07,-0.0034284122
3.429898e-07,-0.0034269761
3.430898e-07,-0.0034212316
3.431898e-07,-0.0034154871
3.432898e-07,-0.0034111788
3.433898e-07,-0.0034097426
3.434898e-07,-0.0034097426
3.435898e-07,-0.0034126149
3.436898e-07,-0.0034190774
3.437898e-07,-0.0034298483
3.438898e-07,-0.0034442096
3.439898e-07,-0.0034592888
3.440898e-07,-0.0034714959
3.441898e-07,-0.0034786765
3.442898e-07,-0.0034786765
3.443898e-07,-0.0034743681
3.444898e-07,-0.0034707778
3.445898e-07,-0.0034714959
3.446898e-07,-0.0034786765
3.447898e-07,-0.0034916016
3.448898e-07,-0.0035066808
3.449898e-07,-0.0035188879
3.450898e-07,-0.0035246324
3.451898e-07,-0.0035246324
3.452898e-07,-0.0035217601
3.453898e-07,-0.003520324
3.454898e-07,-0.0035246324
3.455898e-07,-0.0035332491
3.456898e-07,-0.00354402
3.457898e-07,-0.0035533548
3.458898e-07,-0.0035590993
3.459898e-07,-0.0035619715
3.460898e-07,-0.0035648437
3.461898e-07,-0.0035713063
3.462898e-07,-0.0035820772
3.463898e-07,-0.0035935662
3.464898e-07,-0.0036000287
3.465898e-07,-0.0035964384
3.466898e-07,-0.0035820772
3.467898e-07,-0.0035626896
3.468898e-07,-0.0035483284
3.469898e-07,-0.0035490464
3.470898e-07,-0.0035705882
3.471898e-07,-0.0036093635
3.472898e-07,-0.0036538833
3.473898e-07,-0.0036905044
3.474898e-07,-0.0037084559
3.475898e-07,-0.0037034295
3.476898e-07,-0.0036826057
3.477898e-07,-0.0036567555
3.478898e-07,-0.0036395221
3.479898e-07,-0.0036366498
3.480898e-07,-0.0036474207
3.481898e-07,-0.0036632181
3.482898e-07,-0.003673989
3.483898e-07,-0.003673989
3.484898e-07,-0.0036639361
3.485898e-07,-0.0036495749
3.486898e-07,-0.0036395221
3.487898e-07,-0.0036395221
3.488898e-07,-0.0036488568
3.489898e-07,-0.0036632181
3.490898e-07,-0.003673989
3.491898e-07,-0.0036768612
3.492898e-07,-0.0036725528
3.493898e-07,-0.0036653722
3.494898e-07,-0.0036625
3.495898e-07,-0.0036689625
3.496898e-07,-0.0036840418
3.497898e-07,-0.0037034295
3.498898e-07,-0.0037199449
3.499898e-07,-0.0037285616
3.500898e-07,-0.0037285616
3.501898e-07,-0.0037242532
3.502898e-07,-0.0037199449
3.503898e-07,-0.0037206629
3.504898e-07,-0.0037271255
3.505898e-07,-0.0037357422
3.506898e-07,-0.0037429228
3.507898e-07,-0.003745077
3.508898e-07,-0.0037422047
3.509898e-07,-0.0037364602
3.510898e-07,-0.0037314338
3.511898e-07,-0.0037299977
3.512898e-07,-0.0037328699
3.513898e-07,-0.0037378964
3.514898e-07,-0.0037429228
3.515898e-07,-0.0037479492
3.516898e-07,-0.0037544118
3.517898e-07,-0.0037637466
3.518898e-07,-0.0037773897
3.519898e-07,-0.003792469
3.520898e-07,-0.0038061121
3.521898e-07,-0.0038125747
3.522898e-07,-0.0038118566
3.523898e-07,-0.0038053941
3.524898e-07,-0.0037974954
3.525898e-07,-0.0037953412
3.526898e-07,-0.0038003676
3.527898e-07,-0.0038111386
3.528898e-07,-0.0038211914
3.529898e-07,-0.0038262178
3.530898e-07,-0.0038233456
3.531898e-07,-0.0038154469
3.532898e-07,-0.0038111386
3.533898e-07,-0.003816165
3.534898e-07,-0.0038348346
3.535898e-07,-0.0038621209
3.536898e-07,-0.003887253
3.537898e-07,-0.003898742
3.538898e-07,-0.0038922794
3.539898e-07,-0.0038693015
3.540898e-07,-0.0038420152
3.541898e-07,-0.0038233456
3.542898e-07,-0.0038233456
3.543898e-07,-0.0038434513
3.544898e-07,-0.0038743279
3.545898e-07,-0.0039023323
3.546898e-07,-0.0039152574
3.547898e-07,-0.0039087948
3.548898e-07,-0.0038894072
3.549898e-07,-0.0038678653
3.550898e-07,-0.0038578125
3.551898e-07,-0.003863557
3.552898e-07,-0.0038815085
3.553898e-07,-0.0039023323
3.554898e-07,-0.0039152574
3.555898e-07,-0.0039159754
3.556898e-07,-0.0039066406
3.557898e-07,-0.0038958697
3.558898e-07,-0.0038922794
3.559898e-07,-0.003898742
3.560898e-07,-0.0039123851
3.561898e-07,-0.0039245921
3.562898e-07,-0.0039267463
3.563898e-07,-0.0039181296
3.564898e-07,-0.0039023323
3.565898e-07,-0.0038908433
3.566898e-07,-0.0038922794
3.567898e-07,-0.0039087948
3.568898e-07,-0.003934645
3.569898e-07,-0.0039597771
3.570898e-07,-0.0039727022
3.571898e-07,-0.00396983
3.572898e-07,-0.0039547507
3.573898e-07,-0.0039367992
3.574898e-07,-0.0039267463
3.575898e-07,-0.0039281824
3.576898e-07,-0.0039389534
3.577898e-07,-0.0039490062
3.578898e-07,-0.0039497243
3.579898e-07,-0.0039382353
3.580898e-07,-0.0039181296
3.581898e-07,-0.0039001781
3.582898e-07,-0.0038922794
3.583898e-07,-0.0038980239
3.584898e-07,-0.0039131032
3.585898e-07,-0.0039260283
3.586898e-07,-0.0039267463
3.587898e-07,-0.003911667
3.588898e-07,-0.0038850988
3.589898e-07,-0.0038599667
3.590898e-07,-0.0038463235
3.591898e-07,-0.0038506319
3.592898e-07,-0.0038693015
3.593898e-07,-0.0038915614
3.594898e-07,-0.0039037684
3.595898e-07,-0.003898742
3.596898e-07,-0.0038772001
3.597898e-07,-0.0038477597
3.598898e-07,-0.0038233456
3.599898e-07,-0.0038111386
3.600898e-07,-0.0038132927
3.601898e-07,-0.0038240636
3.602898e-07,-0.0038348346
3.603898e-07,-0.0038391429
3.604898e-07,-0.0038355526
3.605898e-07,-0.003828372
3.606898e-07,-0.0038233456
3.607898e-07,-0.0038233456
3.608898e-07,-0.003828372
3.609898e-07,-0.0038333984
3.610898e-07,-0.0038348346
3.611898e-07,-0.0038319623
3.612898e-07,-0.0038298081
3.613898e-07,-0.0038326804
3.614898e-07,-0.0038463235
3.615898e-07,-0.0038685834
3.616898e-07,-0.0038915614
3.617898e-07,-0.0039059226
3.618898e-07,-0.0039037684
3.619898e-07,-0.0038865349
3.620898e-07,-0.0038621209
3.621898e-07,-0.0038456055
3.622898e-07,-0.0038463235
3.623898e-07,-0.0038685834
3.624898e-07,-0.0039044864
3.625898e-07,-0.0039403895
3.626898e-07,-0.0039612132
3.627898e-07,-0.0039597771
3.628898e-07,-0.0039382353
3.629898e-07,-0.0039073587
3.630898e-07,-0.0038807904
3.631898e-07,-0.0038678653
3.632898e-07,-0.0038685834
3.633898e-07,-0.0038764821
3.634898e-07,-0.0038807904
3.635898e-07,-0.003875046
3.636898e-07,-0.0038570944
3.637898e-07,-0.0038333984
3.638898e-07,-0.0038118566
3.639898e-07,-0.0037989315
3.640898e-07,-0.0037946232
3.641898e-07,-0.0037974954
3.642898e-07,-0.0038003676
3.643898e-07,-0.0038003676
3.644898e-07,-0.0037982135
3.645898e-07,-0.0037974954
3.646898e-07,-0.0038003676
3.647898e-07,-0.0038075483
3.648898e-07,-0.0038154469
3.649898e-07,-0.0038183192
3.650898e-07,-0.0038118566
3.651898e-07,-0.0037967773
3.652898e-07,-0.0037795439
3.653898e-07,-0.0037673369
3.654898e-07,-0.0037659007
3.655898e-07,-0.0037745175
3.656898e-07,-0.0037867245
3.657898e-07,-0.0037939051
3.658898e-07,-0.0037888787
3.659898e-07,-0.0037723633
3.660898e-07,-0.0037522576
3.661898e-07,-0.0037393325
3.662898e-07,-0.0037429228
3.663898e-07,-0.0037630285
3.664898e-07,-0.003793187
3.665898e-07,-0.0038204733
3.666898e-07,-0.0038348346
3.667898e-07,-0.0038333984
3.668898e-07,-0.0038197553
3.669898e-07,-0.0038061121
3.670898e-07,-0.0038003676
3.671898e-07,-0.0038061121
3.672898e-07,-0.0038176011
3.673898e-07,-0.0038262178
3.674898e-07,-0.0038233456
3.675898e-07,-0.0038089844
3.676898e-07,-0.0037903148
3.677898e-07,-0.0037802619
3.678898e-07,-0.0037888787
3.679898e-07,-0.0038190372
3.680898e-07,-0.0038614028
3.681898e-07,-0.0039023323
3.682898e-07,-0.0039267463
3.683898e-07,-0.0039281824
3.684898e-07,-0.003911667
3.685898e-07,-0.0038908433
3.686898e-07,-0.0038807904
3.687898e-07,-0.0038908433
3.688898e-07,-0.0039188477
3.689898e-07,-0.0039547507
3.690898e-07,-0.0039841912
3.691898e-07,-0.0039971163
3.692898e-07,-0.0039920898
3.693898e-07,-0.0039762925
3.694898e-07,-0.0039612132
3.695898e-07,-0.0039561868
3.696898e-07,-0.0039640855
3.697898e-07,-0.0039798828
3.698898e-07,-0.0039956801
3.699898e-07,-0.0040050149
3.700898e-07,-0.0040064511
3.701898e-07,-0.0040050149
3.702898e-07,-0.0040071691
3.703898e-07,-0.0040165039
3.704898e-07,-0.0040323012
3.705898e-07,-0.0040466625
3.706898e-07,-0.004053125
3.707898e-07,-0.0040473805
3.708898e-07,-0.0040323012
3.709898e-07,-0.0040157858
3.710898e-07,-0.0040071691
3.711898e-07,-0.0040121955
3.712898e-07,-0.0040301471
3.713898e-07,-0.0040545611
3.714898e-07,-0.0040761029
3.715898e-07,-0.00408831
3.716898e-07,-0.0040911822
3.717898e-07,-0.00408831
3.718898e-07,-0.0040875919
3.719898e-07,-0.0040940545
3.720898e-07,-0.0041069795
3.721898e-07,-0.0041220588
3.722898e-07,-0.0041335478
3.723898e-07,-0.00413642
3.724898e-07,-0.0041321117
3.725898e-07,-0.0041249311
3.726898e-07,-0.0041220588
3.727898e-07,-0.0041278033
3.728898e-07,-0.0041407284
3.729898e-07,-0.0041565257
3.730898e-07,-0.0041680147
3.731898e-07,-0.0041708869
3.732898e-07,-0.0041658605
3.733898e-07,-0.0041550896
3.734898e-07,-0.0041450368
3.735898e-07,-0.0041385742
3.736898e-07,-0.0041371381
3.737898e-07,-0.00413642
3.738898e-07,-0.0041335478
3.739898e-07,-0.0041278033
3.740898e-07,-0.0041213408
3.741898e-07,-0.0041184685
3.742898e-07,-0.0041220588
3.743898e-07,-0.0041328297
3.744898e-07,-0.004147909
3.745898e-07,-0.0041615522
3.746898e-07,-0.0041680147
3.747898e-07,-0.0041665786
3.748898e-07,-0.004159398
3.749898e-07,-0.0041507812
3.750898e-07,-0.0041450368
3.751898e-07,-0.0041421645
3.752898e-07,-0.0041385742
3.753898e-07,-0.0041285214
3.754898e-07,-0.0041105699
3.755898e-07,-0.0040861558
3.756898e-07,-0.0040610237
3.757898e-07,-0.0040445083
3.758898e-07,-0.004041636
3.759898e-07,-0.0040516889
3.760898e-07,-0.0040674862
3.761898e-07,-0.0040782571
3.762898e-07,-0.0040761029
3.763898e-07,-0.0040588695
3.764898e-07,-0.0040315832
3.765898e-07,-0.0040035788
3.766898e-07,-0.0039841912
3.767898e-07,-0.0039770106
3.768898e-07,-0.0039791648
3.769898e-07,-0.0039834731
3.770898e-07,-0.0039841912
3.771898e-07,-0.0039784467
3.772898e-07,-0.0039691119
3.773898e-07,-0.0039655216
3.774898e-07,-0.0039727022
3.775898e-07,-0.0039920898
3.776898e-07,-0.0040186581
3.777898e-07,-0.004041636
3.778898e-07,-0.004053125
3.779898e-07,-0.0040495347
3.780898e-07,-0.0040358915
3.781898e-07,-0.0040222484
3.782898e-07,-0.0040186581
3.783898e-07,-0.0040308651
3.784898e-07,-0.0040567153
3.785898e-07,-0.0040868739
3.786898e-07,-0.0041105699
3.787898e-07,-0.0041213408
3.788898e-07,-0.0041191866
3.789898e-07,-0.0041091337
3.790898e-07,-0.0040990809
3.791898e-07,-0.0040954906
3.792898e-07,-0.0040983628
3.793898e-07,-0.0041055434
3.794898e-07,-0.0041105699
3.795898e-07,-0.0041112879
3.796898e-07,-0.0041091337
3.797898e-07,-0.0041076976
3.798898e-07,-0.0041105699
3.799898e-07,-0.0041199046
3.800898e-07,-0.0041321117
3.801898e-07,-0.0041421645
3.802898e-07,-0.0041450368
3.803898e-07,-0.0041400103
3.804898e-07,-0.0041299575
3.805898e-07,-0.0041220588
3.806898e-07,-0.0041220588
3.807898e-07,-0.0041306756
3.808898e-07,-0.0041428826
3.809898e-07,-0.0041536535
3.810898e-07,-0.0041565257
3.811898e-07,-0.0041507812
3.812898e-07,-0.0041407284
3.813898e-07,-0.0041335478
3.814898e-07,-0.0041335478
3.815898e-07,-0.0041421645
3.816898e-07,-0.0041529354
3.817898e-07,-0.004159398
3.818898e-07,-0.0041565257
3.819898e-07,-0.0041450368
3.820898e-07,-0.0041313936
3.821898e-07,-0.0041249311
3.822898e-07,-0.0041335478
3.823898e-07,-0.0041558077
3.824898e-07,-0.004183812
3.825898e-07,-0.0042060719
3.826898e-07,-0.0042139706
3.827898e-07,-0.0042060719
3.828898e-07,-0.0041881204
3.829898e-07,-0.0041723231
3.830898e-07,-0.0041680147
3.831898e-07,-0.0041795037
3.832898e-07,-0.0042010455
3.833898e-07,-0.0042233054
3.834898e-07,-0.0042369485
3.835898e-07,-0.0042376666
3.836898e-07,-0.004230486
3.837898e-07,-0.0042233054
3.838898e-07,-0.0042254596
3.839898e-07,-0.0042398208
3.840898e-07,-0.0042613626
3.841898e-07,-0.0042829044
3.842898e-07,-0.0042943934
3.843898e-07,-0.0042951114
3.844898e-07,-0.004289367
3.845898e-07,-0.0042872128
3.846898e-07,-0.0042943934
3.847898e-07,-0.0043123449
3.848898e-07,-0.0043331687
3.849898e-07,-0.0043460937
3.850898e-07,-0.0043403493
3.851898e-07,-0.0043152171
3.852898e-07,-0.0042771599
3.853898e-07,-0.0042391027
3.854898e-07,-0.0042139706
3.855898e-07,-0.0042053539
3.856898e-07,-0.0042096622
3.857898e-07,-0.0042161248
3.858898e-07,-0.0042139706
3.859898e-07,-0.0041996094
3.860898e-07,-0.0041787856
3.861898e-07,-0.0041608341
3.862898e-07,-0.0041565257
3.863898e-07,-0.0041687328
3.864898e-07,-0.0041924288
3.865898e-07,-0.0042146886
3.866898e-07,-0.0042254596
3.867898e-07,-0.004218997
3.868898e-07,-0.0042017636
3.869898e-07,-0.0041845301
3.870898e-07,-0.0041795037
3.871898e-07,-0.0041924288
3.872898e-07,-0.0042175609
3.873898e-07,-0.0042448472
3.874898e-07,-0.0042599265
3.875898e-07,-0.0042563362
3.876898e-07,-0.0042362305
3.877898e-07,-0.0042103803
3.878898e-07,-0.0041909926
3.879898e-07,-0.0041852482
3.880898e-07,-0.0041931468
3.881898e-07,-0.0042053539
3.882898e-07,-0.0042139706
3.883898e-07,-0.0042118164
3.884898e-07,-0.0042003274
3.885898e-07,-0.0041866843
3.886898e-07,-0.0041795037
3.887898e-07,-0.0041823759
3.888898e-07,-0.0041924288
3.889898e-07,-0.0042017636
3.890898e-07,-0.0042024816
3.891898e-07,-0.0041909926
3.892898e-07,-0.0041708869
3.893898e-07,-0.0041522174
3.894898e-07,-0.0041450368
3.895898e-07,-0.0041522174
3.896898e-07,-0.004171605
3.897898e-07,-0.0041917107
3.898898e-07,-0.0042024816
3.899898e-07,-0.0041988913
3.900898e-07,-0.0041823759
3.901898e-07,-0.0041615522
3.902898e-07,-0.0041450368
3.903898e-07,-0.0041392923
3.904898e-07,-0.0041436006
3.905898e-07,-0.0041514993
3.906898e-07,-0.0041565257
3.907898e-07,-0.0041558077
3.908898e-07,-0.0041522174
3.909898e-07,-0.0041507812
3.910898e-07,-0.0041565257
3.911898e-07,-0.0041687328
3.912898e-07,-0.0041816579
3.913898e-07,-0.0041874023
3.914898e-07,-0.0041795037
3.915898e-07,-0.004160116
3.916898e-07,-0.0041385742
3.917898e-07,-0.0041263672
3.918898e-07,-0.0041335478
3.919898e-07,-0.004159398
3.920898e-07,-0.004194583
3.921898e-07,-0.0042247415
3.922898e-07,-0.0042369485
3.923898e-07,-0.0042268957
3.924898e-07,-0.0042010455
3.925898e-07,-0.0041730411
3.926898e-07,-0.0041565257
3.927898e-07,-0.0041586799
3.928898e-07,-0.0041766314
3.929898e-07,-0.0041988913
3.930898e-07,-0.0042139706
3.931898e-07,-0.0042154067
3.932898e-07,-0.0042060719
3.933898e-07,-0.004194583
3.934898e-07,-0.0041909926
3.935898e-07,-0.0042010455
3.936898e-07,-0.0042218693
3.937898e-07,-0.0042448472
3.938898e-07,-0.0042599265
3.939898e-07,-0.0042627987
3.940898e-07,-0.0042556181
3.941898e-07,-0.0042484375
3.942898e-07,-0.0042484375
3.943898e-07,-0.0042599265
3.944898e-07,-0.0042793141
3.945898e-07,-0.0042972656
3.946898e-07,-0.0043058824
3.947898e-07,-0.004302292
3.948898e-07,-0.0042908031
3.949898e-07,-0.0042814683
3.950898e-07,-0.0042829044
3.951898e-07,-0.0042965476
3.952898e-07,-0.0043173713
3.953898e-07,-0.0043353228
3.954898e-07,-0.0043403493
3.955898e-07,-0.0043302964
3.956898e-07,-0.0043123449
3.957898e-07,-0.0042965476
3.958898e-07,-0.0042943934
3.959898e-07,-0.0043087546
3.960898e-07,-0.0043331687
3.961898e-07,-0.0043547105
3.962898e-07,-0.0043633272
3.963898e-07,-0.0043547105
3.964898e-07,-0.0043346048
3.965898e-07,-0.0043180894
3.966898e-07,-0.0043173713
3.967898e-07,-0.0043381951
3.968898e-07,-0.0043762523
3.969898e-07,-0.0044164637
3.970898e-07,-0.00444375
3.971898e-07,-0.0044494945
3.972898e-07,-0.0044358513
3.973898e-07,-0.0044135915
3.974898e-07,-0.0043977941
3.975898e-07,-0.0043985122
3.976898e-07,-0.0044164637
3.977898e-07,-0.0044430319
3.978898e-07,-0.0044667279
3.979898e-07,-0.0044782169
3.980898e-07,-0.0044767808
3.981898e-07,-0.0044696002
3.982898e-07,-0.0044667279
3.983898e-07,-0.0044760627
3.984898e-07,-0.0044976045
3.985898e-07,-0.0045248909
3.986898e-07,-0.0045471507
3.987898e-07,-0.0045557675
3.988898e-07,-0.0045493049
3.989898e-07,-0.0045356618
3.990898e-07,-0.0045241728
3.991898e-07,-0.0045248909
3.992898e-07,-0.0045399701
3.993898e-07,-0.0045658203
3.994898e-07,-0.0045931066
3.995898e-07,-0.0046139304
3.996898e-07,-0.0046239832
3.997898e-07,-0.0046268555
3.998898e-07,-0.0046275735
3.999898e-07,-0.0046318819
4.000898e-07,-0.0046419347
4.001898e-07,-0.0046541418
4.002898e-07,-0.0046620404
4.003898e-07,-0.0046606043
4.004898e-07,-0.0046491153
4.005898e-07,-0.0046318819
4.006898e-07,-0.0046160846
4.007898e-07,-0.0046074678
4.008898e-07,-0.004608904
4.009898e-07,-0.0046175207
4.010898e-07,-0.0046275735
4.011898e-07,-0.0046340361
4.012898e-07,-0.0046354722
4.013898e-07,-0.0046311638
4.014898e-07,-0.0046275735
4.015898e-07,-0.0046275735
4.016898e-07,-0.004633318
4.017898e-07,-0.0046419347
4.018898e-07,-0.0046505515
4.019898e-07,-0.0046541418
4.020898e-07,-0.0046512695
4.021898e-07,-0.0046412167
4.022898e-07,-0.0046275735
4.023898e-07,-0.0046132123
4.024898e-07,-0.0046002872
4.025898e-07,-0.0045895163
4.026898e-07,-0.0045816176
4.027898e-07,-0.0045758732
4.028898e-07,-0.004573719
4.029898e-07,-0.0045751551
4.030898e-07,-0.0045816176
4.031898e-07,-0.0045902344
4.032898e-07,-0.004597415
4.033898e-07,-0.0045995692
4.034898e-07,-0.0045931066
4.035898e-07,-0.0045787454
4.036898e-07,-0.0045600758
4.037898e-07,-0.0045406882
4.038898e-07,-0.0045241728
4.039898e-07,-0.0045126838
4.040898e-07,-0.0045047852
4.041898e-07,-0.0044976045
4.042898e-07,-0.0044897059
4.043898e-07,-0.0044818072
4.044898e-07,-0.0044753447
4.045898e-07,-0.0044739085
4.046898e-07,-0.0044782169
4.047898e-07,-0.0044868336
4.048898e-07,-0.0044940142
4.049898e-07,-0.0044961684
4.050898e-07,-0.0044897059
4.051898e-07,-0.0044760627
4.052898e-07,-0.0044602654
4.053898e-07,-0.0044487764
4.054898e-07,-0.00444375
4.055898e-07,-0.0044459042
4.056898e-07,-0.0044494945
4.057898e-07,-0.0044502125
4.058898e-07,-0.00444375
4.059898e-07,-0.004431543
4.060898e-07,-0.004420054
4.061898e-07,-0.0044150276
4.062898e-07,-0.0044207721
4.063898e-07,-0.0044372875
4.064898e-07,-0.0044573932
4.065898e-07,-0.0044731905
4.066898e-07,-0.0044782169
4.067898e-07,-0.0044717544
4.068898e-07,-0.0044588293
4.069898e-07,-0.0044473403
4.070898e-07,-0.00444375
4.071898e-07,-0.0044494945
4.072898e-07,-0.0044602654
4.073898e-07,-0.0044681641
4.074898e-07,-0.0044667279
4.075898e-07,-0.0044538028
4.076898e-07,-0.0044344152
4.077898e-07,-0.0044171818
4.078898e-07,-0.0044092831
4.079898e-07,-0.0044150276
4.080898e-07,-0.0044308249
4.081898e-07,-0.0044509306
4.082898e-07,-0.0044667279
4.083898e-07,-0.0044739085
4.084898e-07,-0.0044731905
4.085898e-07,-0.0044696002
4.086898e-07,-0.0044667279
4.087898e-07,-0.004467446
4.088898e-07,-0.0044703182
4.089898e-07,-0.0044710363
4.090898e-07,-0.0044667279
4.091898e-07,-0.0044573932
4.092898e-07,-0.0044466222
4.093898e-07,-0.0044408778
4.094898e-07,-0.00444375
4.095898e-07,-0.0044530848
4.096898e-07,-0.0044631376
4.097898e-07,-0.0044652918
4.098898e-07,-0.004455239
4.099898e-07,-0.0044344152
4.100898e-07,-0.0044114373
4.101898e-07,-0.004396358
4.102898e-07,-0.0043977941
4.103898e-07,-0.0044157456
4.104898e-07,-0.0044430319
4.105898e-07,-0.004467446
4.106898e-07,-0.0044782169
4.107898e-07,-0.0044703182
4.108898e-07,-0.0044487764
4.109898e-07,-0.0044243624
4.110898e-07,-0.0044092831
4.111898e-07,-0.0044092831
4.112898e-07,-0.0044243624
4.113898e-07,-0.0044466222
4.114898e-07,-0.0044667279
4.115898e-07,-0.0044774989
4.116898e-07,-0.0044774989
4.117898e-07,-0.0044724724
4.118898e-07,-0.0044667279
4.119898e-07,-0.0044645738
4.120898e-07,-0.0044660099
4.121898e-07,-0.0044681641
4.122898e-07,-0.0044667279
4.123898e-07,-0.0044631376
4.124898e-07,-0.0044602654
4.125898e-07,-0.0044645738
4.126898e-07,-0.0044782169
4.127898e-07,-0.0044997587
4.128898e-07,-0.0045220186
4.129898e-07,-0.0045363798
4.130898e-07,-0.0045356618
4.131898e-07,-0.0045213006
4.132898e-07,-0.0045019129
4.133898e-07,-0.0044882698
4.134898e-07,-0.0044897059
4.135898e-07,-0.0045076574
4.136898e-07,-0.0045349437
4.137898e-07,-0.0045593578
4.138898e-07,-0.0045701287
4.139898e-07,-0.0045636661
4.140898e-07,-0.0045442785
4.141898e-07,-0.0045234547
4.142898e-07,-0.0045126838
4.143898e-07,-0.0045169922
4.144898e-07,-0.0045349437
4.145898e-07,-0.0045557675
4.146898e-07,-0.0045701287
4.147898e-07,-0.0045722829
4.148898e-07,-0.0045643842
4.149898e-07,-0.0045528952
4.150898e-07,-0.0045471507
4.151898e-07,-0.0045514591
4.152898e-07,-0.0045636661
4.153898e-07,-0.0045758732
4.154898e-07,-0.0045816176
4.155898e-07,-0.0045765912
4.156898e-07,-0.0045636661
4.157898e-07,-0.0045514591
4.158898e-07,-0.0045471507
4.159898e-07,-0.0045528952
4.160898e-07,-0.0045643842
4.161898e-07,-0.0045730009
4.162898e-07,-0.0045701287
4.163898e-07,-0.0045521772
4.164898e-07,-0.0045234547
4.165898e-07,-0.0044954504
4.166898e-07,-0.0044782169
4.167898e-07,-0.0044774989
4.168898e-07,-0.004491142
4.169898e-07,-0.0045105296
4.170898e-07,-0.0045241728
4.171898e-07,-0.004526327
4.172898e-07,-0.0045184283
4.173898e-07,-0.0045069393
4.174898e-07,-0.0045011949
4.175898e-07,-0.0045062213
4.176898e-07,-0.0045198644
4.177898e-07,-0.0045370979
4.178898e-07,-0.0045471507
4.179898e-07,-0.0045464327
4.180898e-07,-0.0045356618
4.181898e-07,-0.0045213006
4.182898e-07,-0.0045126838
4.183898e-07,-0.0045134019
4.184898e-07,-0.0045227367
4.185898e-07,-0.0045327895
4.186898e-07,-0.0045356618
4.187898e-07,-0.004527045
4.188898e-07,-0.0045083755
4.189898e-07,-0.0044889878
4.190898e-07,-0.0044782169
4.191898e-07,-0.0044832433
4.192898e-07,-0.0045040671
4.193898e-07,-0.0045327895
4.194898e-07,-0.0045586397
4.195898e-07,-0.0045730009
4.196898e-07,-0.0045730009
4.197898e-07,-0.0045615119
4.198898e-07,-0.0045471507
4.199898e-07,-0.0045378159
4.200898e-07,-0.0045378159
4.201898e-07,-0.0045457146
4.202898e-07,-0.0045586397
4.203898e-07,-0.0045701287
4.204898e-07,-0.0045780273
4.205898e-07,-0.0045808996
4.206898e-07,-0.0045816176
4.207898e-07,-0.0045808996
4.208898e-07,-0.0045794635
4.209898e-07,-0.0045758732
4.210898e-07,-0.0045701287
4.211898e-07,-0.0045615119
4.212898e-07,-0.0045528952
4.213898e-07,-0.0045471507
4.214898e-07,-0.0045471507
4.215898e-07,-0.0045521772
4.216898e-07,-0.0045586397
4.217898e-07,-0.0045615119
4.218898e-07,-0.0045586397
4.219898e-07,-0.0045485869
4.220898e-07,-0.0045349437
4.221898e-07,-0.0045220186
4.222898e-07,-0.0045126838
4.223898e-07,-0.0045083755
4.224898e-07,-0.0045055032
4.225898e-07,-0.0044997587
4.226898e-07,-0.0044897059
4.227898e-07,-0.0044760627
4.228898e-07,-0.0044624196
4.229898e-07,-0.004455239
4.230898e-07,-0.004455239
4.231898e-07,-0.0044609835
4.232898e-07,-0.0044667279
4.233898e-07,-0.0044652918
4.234898e-07,-0.004455239
4.235898e-07,-0.0044387236
4.236898e-07,-0.0044243624
4.237898e-07,-0.004420054
4.238898e-07,-0.004432261
4.239898e-07,-0.0044566751
4.240898e-07,-0.0044839614
4.241898e-07,-0.0045019129
4.242898e-07,-0.0045011949
4.243898e-07,-0.0044810892
4.244898e-07,-0.0044502125
4.245898e-07,-0.0044222082
4.246898e-07,-0.0044092831
4.247898e-07,-0.0044157456
4.248898e-07,-0.0044365694
4.249898e-07,-0.0044609835
4.250898e-07,-0.0044782169
4.251898e-07,-0.0044810892
4.252898e-07,-0.0044717544
4.253898e-07,-0.0044595473
4.254898e-07,-0.004455239
4.255898e-07,-0.0044645738
4.256898e-07,-0.0044861156
4.257898e-07,-0.0045134019
4.258898e-07,-0.0045356618
4.259898e-07,-0.0045464327
4.260898e-07,-0.0045464327
4.261898e-07,-0.0045399701
4.262898e-07,-0.0045356618
4.263898e-07,-0.0045392521
4.264898e-07,-0.0045521772
4.265898e-07,-0.0045679745
4.266898e-07,-0.0045816176
4.267898e-07,-0.0045880802
4.268898e-07,-0.0045873621
4.269898e-07,-0.0045830538
4.270898e-07,-0.0045816176
4.271898e-07,-0.004585926
4.272898e-07,-0.0045959789
4.273898e-07,-0.0046074678
4.274898e-07,-0.0046160846
4.275898e-07,-0.0046196749
4.276898e-07,-0.0046203929
4.277898e-07,-0.004621829
4.278898e-07,-0.0046275735
4.279898e-07,-0.0046383444
4.280898e-07,-0.0046512695
4.281898e-07,-0.0046606043
4.282898e-07,-0.0046620404
4.283898e-07,-0.004656296
4.284898e-07,-0.0046476792
4.285898e-07,-0.0046440889
4.286898e-07,-0.0046505515
4.287898e-07,-0.0046670669
4.288898e-07,-0.0046886087
4.289898e-07,-0.004704406
4.290898e-07,-0.0047079963
4.291898e-07,-0.0046972254
4.292898e-07,-0.0046771197
4.293898e-07,-0.0046584501
4.294898e-07,-0.0046505515
4.295898e-07,-0.004657014
4.296898e-07,-0.0046756836
4.297898e-07,-0.0046957893
4.298898e-07,-0.0047079963
4.299898e-07,-0.0047065602
4.300898e-07,-0.0046914809
4.301898e-07,-0.0046699391
4.302898e-07,-0.0046505515
4.303898e-07,-0.0046390625
4.304898e-07,-0.0046369083
4.305898e-07,-0.0046383444
4.306898e-07,-0.0046390625
4.307898e-07,-0.0046347541
4.308898e-07,-0.0046261374
4.309898e-07,-0.0046182387
4.310898e-07,-0.0046160846
4.311898e-07,-0.004621829
4.312898e-07,-0.004633318
4.313898e-07,-0.004644807
4.314898e-07,-0.0046505515
4.315898e-07,-0.0046483973
4.316898e-07,-0.0046397806
4.317898e-07,-0.0046311638
4.318898e-07,-0.0046275735
4.319898e-07,-0.0046304458
4.320898e-07,-0.0046376264
4.321898e-07,-0.0046419347
4.322898e-07,-0.0046390625
4.323898e-07,-0.0046268555
4.324898e-07,-0.0046081859
4.325898e-07,-0.0045909524
4.326898e-07,-0.0045816176
4.327898e-07,-0.0045830538
4.328898e-07,-0.0045931066
4.329898e-07,-0.0046060317
4.330898e-07,-0.0046160846
4.331898e-07,-0.0046196749
4.332898e-07,-0.0046189568
4.333898e-07,-0.0046160846
4.334898e-07,-0.0046160846
4.335898e-07,-0.0046182387
4.336898e-07,-0.0046189568
4.337898e-07,-0.0046153665
4.338898e-07,-0.0046045956
4.339898e-07,-0.0045902344
4.340898e-07,-0.0045787454
4.341898e-07,-0.0045780273
4.342898e-07,-0.0045931066
4.343898e-07,-0.0046203929
4.344898e-07,-0.0046498334
4.345898e-07,-0.0046706572
4.346898e-07,-0.0046735294
4.347898e-07,-0.0046591682
4.348898e-07,-0.0046369083
4.349898e-07,-0.0046189568
4.350898e-07,-0.0046160846
4.351898e-07,-0.0046326
4.352898e-07,-0.0046613224
4.353898e-07,-0.0046907629
4.354898e-07,-0.0047079963
4.355898e-07,-0.0047079963
4.356898e-07,-0.004692917
4.357898e-07,-0.0046742475
4.358898e-07,-0.0046620404
4.359898e-07,-0.0046634766
4.360898e-07,-0.0046778378
4.361898e-07,-0.0046957893
4.362898e-07,-0.0047079963
4.363898e-07,-0.0047094324
4.364898e-07,-0.0047008157
4.365898e-07,-0.0046900448
4.366898e-07,-0.0046850184
4.367898e-07,-0.0046914809
4.368898e-07,-0.0047079963
4.369898e-07,-0.004728102
4.370898e-07,-0.0047424632
4.371898e-07,-0.0047467716
4.372898e-07,-0.0047424632
4.373898e-07,-0.0047345646
4.374898e-07,-0.0047309743
4.375898e-07,-0.0047345646
4.376898e-07,-0.0047438994
4.377898e-07,-0.0047525161
4.378898e-07,-0.0047539522
4.379898e-07,-0.0047453355
4.380898e-07,-0.0047295381
4.381898e-07,-0.0047151769
4.382898e-07,-0.0047079963
4.383898e-07,-0.0047130227
4.384898e-07,-0.004727384
4.385898e-07,-0.0047438994
4.386898e-07,-0.0047539522
4.387898e-07,-0.0047539522
4.388898e-07,-0.0047460535
4.389898e-07,-0.0047360007
4.390898e-07,-0.0047309743
4.391898e-07,-0.0047338465
4.392898e-07,-0.0047431813
4.393898e-07,-0.004751798
4.394898e-07,-0.0047539522
4.395898e-07,-0.0047467716
4.396898e-07,-0.0047338465
4.397898e-07,-0.0047223575
4.398898e-07,-0.0047194853
4.399898e-07,-0.0047288201
4.400898e-07,-0.0047489258
4.401898e-07,-0.0047711857
4.402898e-07,-0.0047884191
4.403898e-07,-0.0047963178
4.404898e-07,-0.0047955997
4.405898e-07,-0.0047912914
4.406898e-07,-0.0047884191
4.407898e-07,-0.0047905733
4.408898e-07,-0.0047955997
4.409898e-07,-0.0048006261
4.410898e-07,-0.0047999081
4.411898e-07,-0.0047934455
4.412898e-07,-0.0047848288
4.413898e-07,-0.0047776482
4.414898e-07,-0.0047769301
4.415898e-07,-0.0047812385
4.416898e-07,-0.0047862649
4.417898e-07,-0.0047855469
4.418898e-07,-0.0047769301
4.419898e-07,-0.0047625689
4.420898e-07,-0.00475108
4.421898e-07,-0.0047503619
4.422898e-07,-0.0047654412
4.423898e-07,-0.0047927275
4.424898e-07,-0.0048214499
4.425898e-07,-0.0048386834
4.426898e-07,-0.004834375
4.427898e-07,-0.0048085248
4.428898e-07,-0.0047711857
4.429898e-07,-0.0047367187
4.430898e-07,-0.0047194853
4.431898e-07,-0.0047237937
4.432898e-07,-0.0047446174
4.433898e-07,-0.0047704676
4.434898e-07,-0.0047884191
4.435898e-07,-0.0047912914
4.436898e-07,-0.0047798024
4.437898e-07,-0.0047647231
4.438898e-07,-0.0047539522
4.439898e-07,-0.0047539522
4.440898e-07,-0.0047625689
4.441898e-07,-0.0047726218
4.442898e-07,-0.0047769301
4.443898e-07,-0.0047726218
4.444898e-07,-0.0047640051
4.445898e-07,-0.0047589786
4.446898e-07,-0.0047654412
4.447898e-07,-0.0047862649
4.448898e-07,-0.0048149874
4.449898e-07,-0.0048422737
4.450898e-07,-0.0048573529
4.451898e-07,-0.0048566349
4.452898e-07,-0.0048437098
4.453898e-07,-0.0048286305
4.454898e-07,-0.004822886
4.455898e-07,-0.0048307847
4.456898e-07,-0.0048487362
4.457898e-07,-0.0048688419
4.458898e-07,-0.0048803309
4.459898e-07,-0.0048796128
4.460898e-07,-0.00486956
4.461898e-07,-0.0048587891
4.462898e-07,-0.0048573529
4.463898e-07,-0.00486956
4.464898e-07,-0.0048925379
4.465898e-07,-0.0049147978
4.466898e-07,-0.0049262868
4.467898e-07,-0.0049205423
4.468898e-07,-0.0048990005
4.469898e-07,-0.004870278
4.470898e-07,-0.004845864
4.471898e-07,-0.0048329389
4.472898e-07,-0.0048322208
4.473898e-07,-0.0048394014
4.474898e-07,-0.004845864
4.475898e-07,-0.004846582
4.476898e-07,-0.0048422737
4.477898e-07,-0.0048365292
4.478898e-07,-0.004834375
4.479898e-07,-0.0048379653
4.480898e-07,-0.0048437098
4.481898e-07,-0.0048451459
4.482898e-07,-0.004834375
4.483898e-07,-0.004810679
4.484898e-07,-0.0047798024
4.485898e-07,-0.0047496438
4.486898e-07,-0.0047309743
4.487898e-07,-0.004727384
4.488898e-07,-0.0047338465
4.489898e-07,-0.0047424632
4.490898e-07,-0.0047424632
4.491898e-07,-0.004728102
4.492898e-07,-0.0047015338
4.493898e-07,-0.0046720933
4.494898e-07,-0.0046505515
4.495898e-07,-0.0046433709
4.496898e-07,-0.0046505515
4.497898e-07,-0.0046634766
4.498898e-07,-0.0046735294
4.499898e-07,-0.0046720933
4.500898e-07,-0.0046577321
4.501898e-07,-0.0046361903
4.502898e-07,-0.0046160846
4.503898e-07,-0.0046038775
4.504898e-07,-0.0046024414
4.505898e-07,-0.0046081859
4.506898e-07,-0.0046160846
4.507898e-07,-0.0046203929
4.508898e-07,-0.0046203929
4.509898e-07,-0.0046175207
4.510898e-07,-0.0046160846
4.511898e-07,-0.0046175207
4.512898e-07,-0.0046225471
4.513898e-07,-0.0046268555
4.514898e-07,-0.0046275735
4.515898e-07,-0.0046239832
4.516898e-07,-0.0046182387
4.517898e-07,-0.0046139304
4.518898e-07,-0.0046160846
4.519898e-07,-0.0046239832
4.520898e-07,-0.0046340361
4.521898e-07,-0.0046404986
4.522898e-07,-0.0046390625
4.523898e-07,-0.0046297277
4.524898e-07,-0.0046182387
4.525898e-07,-0.0046110581
4.526898e-07,-0.0046160846
4.527898e-07,-0.004633318
4.528898e-07,-0.0046591682
4.529898e-07,-0.0046828642
4.530898e-07,-0.0046965074
4.531898e-07,-0.0046957893
4.532898e-07,-0.0046828642
4.533898e-07,-0.0046649127
4.534898e-07,-0.0046505515
4.535898e-07,-0.004644807
4.536898e-07,-0.0046476792
4.537898e-07,-0.0046555779
4.538898e-07,-0.0046620404
4.539898e-07,-0.0046641946
4.540898e-07,-0.0046627585
4.541898e-07,-0.0046606043
4.542898e-07,-0.0046620404
4.543898e-07,-0.0046663488
4.544898e-07,-0.0046713752
4.545898e-07,-0.0046706572
4.546898e-07,-0.0046620404
4.547898e-07,-0.004645525
4.548898e-07,-0.0046268555
4.549898e-07,-0.0046153665
4.550898e-07,-0.0046160846
4.551898e-07,-0.0046311638
4.552898e-07,-0.004656296
4.553898e-07,-0.00468071
4.554898e-07,-0.0046965074
4.555898e-07,-0.0046986615
4.556898e-07,-0.0046893267
4.557898e-07,-0.0046742475
4.558898e-07,-0.0046620404
4.559898e-07,-0.004657014
4.560898e-07,-0.0046584501
4.561898e-07,-0.0046656307
4.562898e-07,-0.0046735294
4.563898e-07,-0.0046821461
4.564898e-07,-0.004692199
4.565898e-07,-0.0047087144
4.566898e-07,-0.0047309743
4.567898e-07,-0.0047575425
4.568898e-07,-0.0047819566
4.569898e-07,-0.0047970358
4.570898e-07,-0.0047999081
4.571898e-07,-0.0047934455
4.572898e-07,-0.0047855469
4.573898e-07,-0.0047862649
4.574898e-07,-0.0047999081
4.575898e-07,-0.0048257583
4.576898e-07,-0.0048544807
4.577898e-07,-0.0048753045
4.578898e-07,-0.0048803309
4.579898e-07,-0.00486956
4.580898e-07,-0.0048501723
4.581898e-07,-0.0048358111
4.582898e-07,-0.004834375
4.583898e-07,-0.0048487362
4.584898e-07,-0.0048724322
4.585898e-07,-0.004893974
4.586898e-07,-0.0049033088
4.587898e-07,-0.0048982824
4.588898e-07,-0.0048839212
4.589898e-07,-0.0048709961
4.590898e-07,-0.0048688419
4.591898e-07,-0.0048810489
4.592898e-07,-0.0049011546
4.593898e-07,-0.0049198242
4.594898e-07,-0.0049262868
4.595898e-07,-0.004916952
4.596898e-07,-0.0048975643
4.597898e-07,-0.0048781767
4.598898e-07,-0.0048688419
4.599898e-07,-0.0048724322
4.600898e-07,-0.0048839212
4.601898e-07,-0.004893974
4.602898e-07,-0.0048918199
4.603898e-07,-0.0048745864
4.604898e-07,-0.0048480182
4.605898e-07,-0.004822886
4.606898e-07,-0.0048113971
4.607898e-07,-0.0048171415
4.608898e-07,-0.0048358111
4.609898e-07,-0.0048573529
4.610898e-07,-0.0048688419
4.611898e-07,-0.0048652516
4.612898e-07,-0.0048501723
4.613898e-07,-0.0048322208
4.614898e-07,-0.004822886
4.615898e-07,-0.0048271944
4.616898e-07,-0.0048429917
4.617898e-07,-0.0048602252
4.618898e-07,-0.0048688419
4.619898e-07,-0.0048638155
4.620898e-07,-0.004846582
4.621898e-07,-0.0048257583
4.622898e-07,-0.0048113971
4.623898e-07,-0.0048092429
4.624898e-07,-0.0048171415
4.625898e-07,-0.0048286305
4.626898e-07,-0.004834375
4.627898e-07,-0.0048293486
4.628898e-07,-0.0048157054
4.629898e-07,-0.00479919
4.630898e-07,-0.0047884191
