LECROYHDO6104B,11090,Waveform
Segments,1,SegmentSize,5002
Segment,TrigTime,TimeSinceSegment1
#1,04-May-2026 18:46:24,0                 
Time,Ampl
-3.705173e-08,-0.0053054228
-3.695173e-08,-0.005296088
-3.685173e-08,-0.0052767004
-3.675173e-08,-0.0052573127
-3.665173e-08,-0.0052479779
-3.655173e-08,-0.0052537224
-3.645173e-08,-0.0052702378
-3.635173e-08,-0.0052874713
-3.625173e-08,-0.0052939338
-3.615173e-08,-0.005283881
-3.605173e-08,-0.005260903
-3.595173e-08,-0.0052343348
-3.585173e-08,-0.005213511
-3.575173e-08,-0.0052048943
-3.565173e-08,-0.0052048943
-3.555173e-08,-0.0052070485
-3.545173e-08,-0.0052020221
-3.535173e-08,-0.0051876608
-3.525173e-08,-0.0051682732
-3.515173e-08,-0.0051546301
-3.505173e-08,-0.0051560662
-3.495173e-08,-0.0051761719
-3.485173e-08,-0.0052092027
-3.475173e-08,-0.0052407973
-3.465173e-08,-0.0052594669
-3.455173e-08,-0.0052573127
-3.445173e-08,-0.005237207
-3.435173e-08,-0.0052099207
-3.425173e-08,-0.0051905331
-3.415173e-08,-0.0051869428
-3.405173e-08,-0.0051991498
-3.395173e-08,-0.0052199736
-3.385173e-08,-0.005236489
-3.375173e-08,-0.0052415154
-3.365173e-08,-0.0052321806
-3.355173e-08,-0.0052163833
-3.345173e-08,-0.0052020221
-3.335173e-08,-0.0051969956
-3.325173e-08,-0.0052020221
-3.315173e-08,-0.0052142291
-3.305173e-08,-0.005225
-3.295173e-08,-0.0052300264
-3.285173e-08,-0.0052293084
-3.275173e-08,-0.0052257181
-3.265173e-08,-0.005225
-3.255173e-08,-0.0052293084
-3.245173e-08,-0.005236489
-3.235173e-08,-0.0052407973
-3.225173e-08,-0.005236489
-3.215173e-08,-0.0052221278
-3.205173e-08,-0.0052027401
-3.195173e-08,-0.0051855067
-3.185173e-08,-0.0051790441
-3.175173e-08,-0.0051869428
-3.165173e-08,-0.0052048943
-3.155173e-08,-0.0052242819
-3.145173e-08,-0.005236489
-3.135173e-08,-0.0052357709
-3.125173e-08,-0.0052235639
-3.115173e-08,-0.0052056124
-3.105173e-08,-0.0051905331
-3.095173e-08,-0.0051819164
-3.085173e-08,-0.0051804802
-3.075173e-08,-0.0051811983
-3.065173e-08,-0.0051790441
-3.055173e-08,-0.0051732996
-3.045173e-08,-0.0051675551
-3.035173e-08,-0.0051682732
-3.025173e-08,-0.0051790441
-3.015173e-08,-0.005201304
-3.005173e-08,-0.0052278722
-2.995173e-08,-0.0052501321
-2.985173e-08,-0.0052594669
-2.975173e-08,-0.0052537224
-2.965173e-08,-0.0052379251
-2.955173e-08,-0.0052206916
-2.945173e-08,-0.005213511
-2.935173e-08,-0.0052199736
-2.925173e-08,-0.005236489
-2.915173e-08,-0.0052565947
-2.905173e-08,-0.0052709559
-2.895173e-08,-0.0052752642
-2.885173e-08,-0.0052716739
-2.875173e-08,-0.0052673656
-2.865173e-08,-0.0052709559
-2.855173e-08,-0.0052853171
-2.845173e-08,-0.005307577
-2.835173e-08,-0.0053284007
-2.825173e-08,-0.0053398897
-2.815173e-08,-0.0053370175
-2.805173e-08,-0.0053219382
-2.795173e-08,-0.0053039867
-2.785173e-08,-0.0052939338
-2.775173e-08,-0.0052968061
-2.765173e-08,-0.0053126034
-2.755173e-08,-0.0053341452
-2.745173e-08,-0.0053513787
-2.735173e-08,-0.0053571232
-2.725173e-08,-0.0053513787
-2.715173e-08,-0.0053391716
-2.705173e-08,-0.0053284007
-2.695173e-08,-0.0053262466
-2.685173e-08,-0.0053341452
-2.675173e-08,-0.0053485064
-2.665173e-08,-0.0053628676
-2.655173e-08,-0.0053714844
-2.645173e-08,-0.0053722024
-2.635173e-08,-0.0053678941
-2.625173e-08,-0.0053628676
-2.615173e-08,-0.0053599954
-2.605173e-08,-0.0053607135
-2.595173e-08,-0.0053628676
-2.585173e-08,-0.0053628676
-2.575173e-08,-0.0053599954
-2.565173e-08,-0.005354969
-2.555173e-08,-0.0053513787
-2.545173e-08,-0.0053513787
-2.535173e-08,-0.0053564051
-2.525173e-08,-0.0053628676
-2.515173e-08,-0.005366458
-2.505173e-08,-0.0053628676
-2.495173e-08,-0.0053520967
-2.485173e-08,-0.0053370175
-2.475173e-08,-0.0053233743
-2.465173e-08,-0.0053169118
-2.455173e-08,-0.0053176298
-2.445173e-08,-0.0053219382
-2.435173e-08,-0.0053233743
-2.425173e-08,-0.0053169118
-2.415173e-08,-0.0053018325
-2.405173e-08,-0.0052817268
-2.395173e-08,-0.0052659295
-2.385173e-08,-0.0052594669
-2.375173e-08,-0.0052659295
-2.365173e-08,-0.0052810087
-2.355173e-08,-0.0052968061
-2.345173e-08,-0.0053054228
-2.335173e-08,-0.0053025506
-2.325173e-08,-0.0052910616
-2.315173e-08,-0.0052781365
-2.305173e-08,-0.0052709559
-2.295173e-08,-0.0052759823
-2.285173e-08,-0.0052932158
-2.275173e-08,-0.0053169118
-2.265173e-08,-0.0053398897
-2.255173e-08,-0.0053571232
-2.245173e-08,-0.005366458
-2.235173e-08,-0.0053707663
-2.225173e-08,-0.0053743566
-2.215173e-08,-0.0053801011
-2.205173e-08,-0.0053872817
-2.195173e-08,-0.0053944623
-2.185173e-08,-0.0053973346
-2.175173e-08,-0.0053944623
-2.165173e-08,-0.0053872817
-2.155173e-08,-0.005379383
-2.145173e-08,-0.0053743566
-2.135173e-08,-0.0053743566
-2.125173e-08,-0.0053779469
-2.115173e-08,-0.0053822553
-2.105173e-08,-0.0053858456
-2.095173e-08,-0.0053872817
-2.085173e-08,-0.005390154
-2.075173e-08,-0.0053966165
-2.065173e-08,-0.0054088235
-2.055173e-08,-0.0054239028
-2.045173e-08,-0.0054368279
-2.035173e-08,-0.0054411363
-2.025173e-08,-0.0054318015
-2.015173e-08,-0.0054116958
-2.005173e-08,-0.0053865636
-1.995173e-08,-0.0053678941
-1.985173e-08,-0.0053628676
-1.975173e-08,-0.0053736386
-1.965173e-08,-0.0053951804
-1.955173e-08,-0.0054174403
-1.945173e-08,-0.0054318015
-1.935173e-08,-0.0054332376
-1.925173e-08,-0.0054224667
-1.915173e-08,-0.0054081055
-1.905173e-08,-0.0053973346
-1.895173e-08,-0.0053958984
-1.885173e-08,-0.0054037971
-1.875173e-08,-0.005414568
-1.865173e-08,-0.0054203125
-1.855173e-08,-0.0054167222
-1.845173e-08,-0.005402361
-1.835173e-08,-0.0053822553
-1.825173e-08,-0.0053628676
-1.815173e-08,-0.0053492245
-1.805173e-08,-0.0053427619
-1.795173e-08,-0.0053413258
-1.785173e-08,-0.0053398897
-1.775173e-08,-0.0053355813
-1.765173e-08,-0.0053284007
-1.755173e-08,-0.0053212201
-1.745173e-08,-0.0053169118
-1.735173e-08,-0.0053169118
-1.725173e-08,-0.005319784
-1.715173e-08,-0.0053212201
-1.705173e-08,-0.0053169118
-1.695173e-08,-0.0053054228
-1.685173e-08,-0.0052881893
-1.675173e-08,-0.0052716739
-1.665173e-08,-0.0052594669
-1.655173e-08,-0.0052551585
-1.645173e-08,-0.0052565947
-1.635173e-08,-0.0052594669
-1.625173e-08,-0.0052594669
-1.615173e-08,-0.0052537224
-1.605173e-08,-0.0052451057
-1.595173e-08,-0.005237207
-1.585173e-08,-0.005236489
-1.575173e-08,-0.0052458238
-1.565173e-08,-0.0052637753
-1.555173e-08,-0.0052853171
-1.545173e-08,-0.0053054228
-1.535173e-08,-0.0053183479
-1.525173e-08,-0.0053226563
-1.515173e-08,-0.0053212201
-1.505173e-08,-0.0053169118
-1.495173e-08,-0.0053133215
-1.485173e-08,-0.0053126034
-1.475173e-08,-0.0053133215
-1.465173e-08,-0.0053169118
-1.455173e-08,-0.0053226563
-1.445173e-08,-0.005331273
-1.435173e-08,-0.0053449161
-1.425173e-08,-0.0053628676
-1.415173e-08,-0.0053822553
-1.405173e-08,-0.0053987707
-1.395173e-08,-0.0054081055
-1.385173e-08,-0.0054088235
-1.375173e-08,-0.005402361
-1.365173e-08,-0.0053944623
-1.355173e-08,-0.0053915901
-1.345173e-08,-0.0053973346
-1.335173e-08,-0.0054095416
-1.325173e-08,-0.0054239028
-1.315173e-08,-0.0054325195
-1.305173e-08,-0.0054318015
-1.295173e-08,-0.0054217486
-1.285173e-08,-0.0054073874
-1.275173e-08,-0.0053973346
-1.265173e-08,-0.0053973346
-1.255173e-08,-0.0054066693
-1.245173e-08,-0.0054210306
-1.235173e-08,-0.0054318015
-1.225173e-08,-0.0054318015
-1.215173e-08,-0.0054210306
-1.205173e-08,-0.0054037971
-1.195173e-08,-0.0053894359
-1.185173e-08,-0.0053858456
-1.175173e-08,-0.0053958984
-1.165173e-08,-0.0054152861
-1.155173e-08,-0.0054346737
-1.145173e-08,-0.0054432904
-1.135173e-08,-0.0054368279
-1.125173e-08,-0.0054174403
-1.115173e-08,-0.0053930262
-1.105173e-08,-0.0053743566
-1.095173e-08,-0.0053686121
-1.085173e-08,-0.0053765108
-1.075173e-08,-0.0053930262
-1.065173e-08,-0.0054088235
-1.055173e-08,-0.0054160041
-1.045173e-08,-0.0054102597
-1.035173e-08,-0.0053951804
-1.025173e-08,-0.0053743566
-1.015173e-08,-0.005354969
-1.005173e-08,-0.0053406078
-9.951725e-09,-0.005331991
-9.851725e-09,-0.0053284007
-9.751725e-09,-0.0053276827
-9.651725e-09,-0.0053291188
-9.551725e-09,-0.0053334272
-9.451725e-09,-0.0053398897
-9.351725e-09,-0.0053470703
-9.251725e-09,-0.0053513787
-9.151725e-09,-0.0053499426
-9.051725e-09,-0.0053398897
-8.951725e-09,-0.0053226563
-8.851725e-09,-0.0053039867
-8.751725e-09,-0.0052889074
-8.651725e-09,-0.0052824449
-8.551725e-09,-0.005284599
-8.451725e-09,-0.0052917796
-8.351725e-09,-0.0052968061
-8.251725e-09,-0.0052939338
-8.151725e-09,-0.0052817268
-8.051725e-09,-0.0052630572
-7.951725e-09,-0.0052458238
-7.851725e-09,-0.005236489
-7.751725e-09,-0.005237207
-7.651725e-09,-0.0052458238
-7.551725e-09,-0.0052551585
-7.451725e-09,-0.0052594669
-7.351725e-09,-0.0052544405
-7.251725e-09,-0.0052407973
-7.151725e-09,-0.005225
-7.051725e-09,-0.005213511
-6.951725e-09,-0.0052099207
-6.851725e-09,-0.0052142291
-6.751725e-09,-0.0052214097
-6.651725e-09,-0.005225
-6.551725e-09,-0.0052214097
-6.451725e-09,-0.0052113568
-6.351725e-09,-0.0051984318
-6.251725e-09,-0.0051905331
-6.151725e-09,-0.0051912511
-6.051725e-09,-0.0052020221
-5.951725e-09,-0.0052192555
-5.851725e-09,-0.005236489
-5.751725e-09,-0.0052494141
-5.651725e-09,-0.0052544405
-5.551725e-09,-0.0052530044
-5.451725e-09,-0.0052479779
-5.351725e-09,-0.0052415154
-5.251725e-09,-0.0052357709
-5.151725e-09,-0.0052307445
-5.051725e-09,-0.005225
-4.951725e-09,-0.0052178194
-4.851725e-09,-0.0052092027
-4.751725e-09,-0.0051998679
-4.651725e-09,-0.0051905331
-4.551725e-09,-0.0051797622
-4.451725e-09,-0.005165401
-4.351725e-09,-0.0051467314
-4.251725e-09,-0.0051215993
-4.151725e-09,-0.0050914407
-4.051725e-09,-0.0050576919
-3.951725e-09,-0.0050217888
-3.851725e-09,-0.0049837316
-3.751725e-09,-0.0049392119
-3.651725e-09,-0.0048839212
-3.551725e-09,-0.0048142693
-3.451725e-09,-0.0047309743
-3.351725e-09,-0.0046376264
-3.251725e-09,-0.0045421243
-3.151725e-09,-0.0044494945
-3.051725e-09,-0.0043633272
-2.951725e-09,-0.004278596
-2.851725e-09,-0.0041866843
-2.751725e-09,-0.0040782571
-2.651725e-09,-0.0039497243
-2.551725e-09,-0.0038025218
-2.451725e-09,-0.0036452665
-2.351725e-09,-0.0034894474
-2.251725e-09,-0.0033408088
-2.151725e-09,-0.003200787
-2.051725e-09,-0.0030629193
-1.951725e-09,-0.002916435
-1.851725e-09,-0.0027548713
-1.751725e-09,-0.0025789465
-1.651725e-09,-0.0023965591
-1.551725e-09,-0.0022220703
-1.451725e-09,-0.0020655331
-1.351725e-09,-0.0019312557
-1.251725e-09,-0.0018134938
-1.151725e-09,-0.001697886
-1.051725e-09,-0.0015715074
-9.517251e-10,-0.001425741
-8.517251e-10,-0.0012620232
-7.517251e-10,-0.0010911248
-6.517251e-10,-0.000928125
-5.517251e-10,-0.00078379481
-4.517251e-10,-0.00065957031
-3.517251e-10,-0.00055114315
-2.517251e-10,-0.00044558824
-1.517251e-10,-0.00033285271
-5.172514e-11,-0.00020862822
4.827486e-11,-7.7941176e-05
1.482749e-10,4.84375e-05
2.482749e-10,0.00015901884
3.482749e-10,0.00024590418
4.482749e-10,0.00030981158
5.482749e-10,0.00035863971
6.482749e-10,0.00040244141
7.482749e-10,0.00044983341
8.482749e-10,0.00050440602
9.482749e-10,0.00056544118
1.048275e-09,0.00062575827
1.148275e-09,0.0006781767
1.248275e-09,0.00071982422
1.348275e-09,0.00074926471
1.448275e-09,0.00077152459
1.548275e-09,0.00079091222
1.648275e-09,0.00081389017
1.748275e-09,0.00084117647
1.848275e-09,0.00087277114
1.948275e-09,0.00090580193
2.048275e-09,0.00093452436
2.148275e-09,0.00095606618
2.248275e-09,0.00096683709
2.348275e-09,0.00096611903
2.448275e-09,0.00095678424
2.548275e-09,0.00094457721
2.648275e-09,0.00093596048
2.748275e-09,0.00093811466
2.848275e-09,0.00095247587
2.948275e-09,0.00097904412
3.048275e-09,0.0010120749
3.148275e-09,0.0010429515
3.248275e-09,0.0010637753
3.348275e-09,0.0010709559
3.448275e-09,0.0010652114
3.548275e-09,0.0010522863
3.648275e-09,0.0010407973
3.748275e-09,0.001036489
3.848275e-09,0.0010429515
3.948275e-09,0.0010573127
4.048275e-09,0.0010759823
4.148275e-09,0.0010939338
4.248275e-09,0.001107577
4.348275e-09,0.0011176298
4.448275e-09,0.0011269646
4.548275e-09,0.0011398897
4.648275e-09,0.0011571232
4.748275e-09,0.0011779469
4.848275e-09,0.0012002068
4.948275e-09,0.0012203125
5.048275e-09,0.001237546
5.148275e-09,0.0012526252
5.248275e-09,0.0012691406
5.348275e-09,0.0012892463
5.448275e-09,0.0013136604
5.548275e-09,0.0013395106
5.648275e-09,0.0013632066
5.748275e-09,0.0013811581
5.848275e-09,0.0013926471
5.948275e-09,0.0013998277
6.048275e-09,0.0014062902
6.148275e-09,0.001415625
6.248275e-09,0.0014307043
6.348275e-09,0.0014486558
6.448275e-09,0.0014680434
6.548275e-09,0.0014845588
6.648275e-09,0.0014960478
6.748275e-09,0.0015039465
6.848275e-09,0.0015111271
6.948275e-09,0.0015190257
7.048275e-09,0.0015297966
7.148275e-09,0.0015427217
7.248275e-09,0.0015549288
7.348275e-09,0.0015649816
7.448275e-09,0.0015735983
7.548275e-09,0.0015822151
7.648275e-09,0.0015944221
7.748275e-09,0.0016109375
7.848275e-09,0.0016303251
7.948275e-09,0.0016475586
8.048275e-09,0.0016576114
8.148275e-09,0.0016568934
8.248275e-09,0.0016446864
8.348275e-09,0.0016267348
8.448275e-09,0.0016095014
8.548275e-09,0.0015994485
8.648275e-09,0.0016001666
8.748275e-09,0.0016102194
8.848275e-09,0.0016231445
8.948275e-09,0.0016339154
9.048275e-09,0.0016382238
9.148275e-09,0.0016353516
9.248275e-09,0.001628889
9.348275e-09,0.0016224265
9.448275e-09,0.0016188362
9.548275e-09,0.0016174
9.648275e-09,0.0016159639
9.748275e-09,0.0016109375
9.848275e-09,0.0016016027
9.948275e-09,0.0015908318
1.004827e-08,0.001580779
1.014827e-08,0.0015764706
1.024827e-08,0.0015800609
1.034827e-08,0.0015893957
1.044827e-08,0.0016016027
1.054827e-08,0.0016109375
1.064827e-08,0.0016145278
1.074827e-08,0.0016123736
1.084827e-08,0.0016066291
1.094827e-08,0.0015994485
1.104827e-08,0.001592986
1.114827e-08,0.0015858054
1.124827e-08,0.0015771886
1.134827e-08,0.0015649816
1.144827e-08,0.0015491843
1.154827e-08,0.0015333869
1.164827e-08,0.001521898
1.174827e-08,0.0015190257
1.184827e-08,0.0015262063
1.194827e-08,0.0015412856
1.204827e-08,0.0015599552
1.214827e-08,0.0015764706
1.224827e-08,0.0015879596
1.234827e-08,0.001593704
1.244827e-08,0.0015965763
1.254827e-08,0.0015994485
1.264827e-08,0.0016037569
1.274827e-08,0.0016087833
1.284827e-08,0.0016116556
1.294827e-08,0.0016109375
1.304827e-08,0.001605193
1.314827e-08,0.0015965763
1.324827e-08,0.0015901137
1.334827e-08,0.0015879596
1.344827e-08,0.001592986
1.354827e-08,0.0016037569
1.364827e-08,0.0016188362
1.374827e-08,0.0016339154
1.384827e-08,0.0016482767
1.394827e-08,0.0016619198
1.404827e-08,0.001676281
1.414827e-08,0.0016913603
1.424827e-08,0.0017064396
1.434827e-08,0.0017172105
1.444827e-08,0.0017200827
1.454827e-08,0.0017143382
1.464827e-08,0.0017006951
1.474827e-08,0.0016827436
1.484827e-08,0.0016669462
1.494827e-08,0.0016568934
1.504827e-08,0.0016533031
1.514827e-08,0.0016547392
1.524827e-08,0.0016561753
1.534827e-08,0.0016568934
1.544827e-08,0.0016561753
1.554827e-08,0.0016583295
1.564827e-08,0.0016662282
1.574827e-08,0.0016798713
1.584827e-08,0.0016963867
1.594827e-08,0.0017085938
1.604827e-08,0.0017085938
1.614827e-08,0.0016913603
1.624827e-08,0.0016597656
1.634827e-08,0.0016209903
1.644827e-08,0.0015865234
1.654827e-08,0.0015649816
1.664827e-08,0.0015599552
1.674827e-08,0.0015678539
1.684827e-08,0.0015800609
1.694827e-08,0.0015879596
1.704827e-08,0.0015865234
1.714827e-08,0.0015771886
1.724827e-08,0.0015642636
1.734827e-08,0.0015534926
1.744827e-08,0.0015484662
1.754827e-08,0.0015484662
1.764827e-08,0.0015477482
1.774827e-08,0.0015420037
1.784827e-08,0.0015276425
1.794827e-08,0.0015082548
1.804827e-08,0.0014874311
1.814827e-08,0.0014730699
1.824827e-08,0.0014666073
1.834827e-08,0.0014680434
1.844827e-08,0.0014716337
1.854827e-08,0.0014730699
1.864827e-08,0.0014701976
1.874827e-08,0.0014658892
1.884827e-08,0.0014651712
1.894827e-08,0.0014730699
1.904827e-08,0.0014903033
1.914827e-08,0.0015125632
1.924827e-08,0.0015326689
1.934827e-08,0.0015420037
1.944827e-08,0.0015355411
1.954827e-08,0.0015147174
1.964827e-08,0.0014874311
1.974827e-08,0.0014615809
1.984827e-08,0.0014450655
1.994827e-08,0.0014400391
2.004827e-08,0.0014436294
2.014827e-08,0.0014500919
2.024827e-08,0.0014544003
2.034827e-08,0.0014529642
2.044827e-08,0.0014465016
2.054827e-08,0.0014386029
2.064827e-08,0.0014307043
2.074827e-08,0.0014235237
2.084827e-08,0.0014149069
2.094827e-08,0.001404136
2.104827e-08,0.0013890568
2.114827e-08,0.0013725414
2.124827e-08,0.001356744
2.134827e-08,0.0013466912
2.144827e-08,0.0013423828
2.154827e-08,0.0013423828
2.164827e-08,0.0013416648
2.174827e-08,0.0013352022
2.184827e-08,0.0013215591
2.194827e-08,0.0013021714
2.204827e-08,0.0012820657
2.214827e-08,0.0012662684
2.224827e-08,0.0012583697
2.234827e-08,0.0012562155
2.244827e-08,0.0012569336
2.254827e-08,0.0012547794
2.264827e-08,0.0012454446
2.274827e-08,0.0012296473
2.284827e-08,0.0012116958
2.294827e-08,0.0011973346
2.304827e-08,0.0011915901
2.314827e-08,0.0011966165
2.324827e-08,0.0012073874
2.334827e-08,0.0012203125
2.344827e-08,0.0012289292
2.354827e-08,0.0012303653
2.364827e-08,0.001226775
2.374827e-08,0.0012203125
2.384827e-08,0.0012160041
2.394827e-08,0.0012152861
2.404827e-08,0.0012181583
2.414827e-08,0.0012203125
2.424827e-08,0.0012188764
2.434827e-08,0.0012109777
2.444827e-08,0.0011994887
2.454827e-08,0.0011858456
2.464827e-08,0.0011757927
2.474827e-08,0.0011729205
2.484827e-08,0.0011765108
2.494827e-08,0.0011858456
2.504827e-08,0.0011958984
2.514827e-08,0.001203079
2.524827e-08,0.0012037971
2.534827e-08,0.0011973346
2.544827e-08,0.0011865636
2.554827e-08,0.0011743566
2.564827e-08,0.0011657399
2.574827e-08,0.0011628676
2.584827e-08,0.001167176
2.594827e-08,0.0011765108
2.604827e-08,0.0011879998
2.614827e-08,0.0011973346
2.624827e-08,0.0012002068
2.634827e-08,0.0011937443
2.644827e-08,0.0011801011
2.654827e-08,0.0011628676
2.664827e-08,0.0011477884
2.674827e-08,0.0011413258
2.684827e-08,0.0011463523
2.694827e-08,0.0011628676
2.704827e-08,0.0011851275
2.714827e-08,0.0012066693
2.724827e-08,0.0012195944
2.734827e-08,0.0012203125
2.744827e-08,0.0012088235
2.754827e-08,0.0011915901
2.764827e-08,0.0011736386
2.774827e-08,0.0011628676
2.784827e-08,0.0011614315
2.794827e-08,0.001167176
2.804827e-08,0.0011772289
2.814827e-08,0.0011858456
2.824827e-08,0.001190154
2.834827e-08,0.001190154
2.844827e-08,0.0011872817
2.854827e-08,0.0011858456
2.864827e-08,0.0011865636
2.874827e-08,0.0011894359
2.884827e-08,0.001190154
2.894827e-08,0.0011858456
2.904827e-08,0.0011743566
2.914827e-08,0.0011564051
2.924827e-08,0.0011362994
2.934827e-08,0.0011169118
2.944827e-08,0.0011032686
2.954827e-08,0.001096088
2.964827e-08,0.0010946519
2.974827e-08,0.0010939338
2.984827e-08,0.0010910616
2.994827e-08,0.001083881
3.004827e-08,0.001072392
3.014827e-08,0.0010594669
3.024827e-08,0.0010472599
3.034827e-08,0.0010379251
3.044827e-08,0.0010307445
3.054827e-08,0.001025
3.064827e-08,0.0010185375
3.074827e-08,0.0010106388
3.084827e-08,0.0010005859
3.094827e-08,0.00099053309
3.104827e-08,0.00098191636
3.114827e-08,0.00097545381
3.124827e-08,0.00097114545
3.134827e-08,0.00096755515
3.144827e-08,0.00096324678
3.154827e-08,0.00095893842
3.164827e-08,0.00095606618
3.174827e-08,0.00095606618
3.184827e-08,0.00096252872
3.194827e-08,0.00097617188
3.204827e-08,0.00099484145
3.214827e-08,0.001013511
3.224827e-08,0.0010264361
3.234827e-08,0.0010271542
3.244827e-08,0.0010149472
3.254827e-08,0.00099053309
3.264827e-08,0.00095965648
3.274827e-08,0.00093021599
3.284827e-08,0.00090867417
3.294827e-08,0.00089862132
3.304827e-08,0.00090005744
3.314827e-08,0.00090867417
3.324827e-08,0.00091800896
3.334827e-08,0.00092159926
3.344827e-08,0.00091585478
3.354827e-08,0.00090005744
3.364827e-08,0.0008770795
3.374827e-08,0.00085266544
3.384827e-08,0.00083112362
3.394827e-08,0.00081460823
3.404827e-08,0.00080383732
3.414827e-08,0.00079522059
3.424827e-08,0.00078516774
3.434827e-08,0.0007693704
3.444827e-08,0.0007456744
3.454827e-08,0.00071479779
3.464827e-08,0.00067961282
3.474827e-08,0.00064442785
3.484827e-08,0.00061283318
3.494827e-08,0.00058841912
3.504827e-08,0.00057118566
3.514827e-08,0.00055826057
3.524827e-08,0.00054605354
3.534827e-08,0.00053097426
3.544827e-08,0.00051015051
3.554827e-08,0.00048430032
3.564827e-08,0.00045485983
3.574827e-08,0.00042757353
3.584827e-08,0.00040603171
3.594827e-08,0.00039382468
3.604827e-08,0.00039095244
3.614827e-08,0.00039310662
3.624827e-08,0.00039597886
3.634827e-08,0.00039454274
3.644827e-08,0.00038592601
3.654827e-08,0.00037012868
3.664827e-08,0.00035074104
3.674827e-08,0.00033207146
3.684827e-08,0.00031842831
3.694827e-08,0.00031268382
3.704827e-08,0.00031196576
3.714827e-08,0.00031268382
3.724827e-08,0.00031052964
3.734827e-08,0.00030119485
3.744827e-08,0.00028467946
3.754827e-08,0.00026457376
3.764827e-08,0.00024590418
3.774827e-08,0.00023226103
3.784827e-08,0.0002272346
3.794827e-08,0.00022938879
3.804827e-08,0.00023656939
3.814827e-08,0.00024375
3.824827e-08,0.00024662224
3.834827e-08,0.00024375
3.844827e-08,0.00023441521
3.854827e-08,0.00022077206
3.864827e-08,0.00020497472
3.874827e-08,0.00018917739
3.884827e-08,0.00017553424
3.894827e-08,0.00016332721
3.904827e-08,0.00015399242
3.914827e-08,0.00014752987
3.924827e-08,0.00014322151
3.934827e-08,0.00014034926
3.944827e-08,0.00013819508
3.954827e-08,0.00013388672
3.964827e-08,0.00012742417
3.974827e-08,0.00011737132
3.984827e-08,0.00010588235
3.994827e-08,9.6547564e-05
4.004827e-08,9.22392e-05
4.014827e-08,9.4393382e-05
4.024827e-08,0.00010229205
4.034827e-08,0.0001123449
4.044827e-08,0.00011880744
4.054827e-08,0.00011737132
4.064827e-08,0.00010516429
4.074827e-08,8.4340533e-05
4.084827e-08,5.9926471e-05
4.094827e-08,3.6948529e-05
4.104827e-08,2.2587316e-05
4.114827e-08,1.8997013e-05
4.124827e-08,2.4741498e-05
4.134827e-08,3.6948529e-05
4.144827e-08,4.84375e-05
4.154827e-08,5.5618107e-05
4.164827e-08,5.4900046e-05
4.174827e-08,4.84375e-05
4.184827e-08,3.8384651e-05
4.194827e-08,2.7613741e-05
4.204827e-08,1.9715074e-05
4.214827e-08,1.3970588e-05
4.224827e-08,9.6622243e-06
4.234827e-08,3.1996783e-06
4.244827e-08,-6.1351103e-06
4.254827e-08,-2.0496324e-05
4.264827e-08,-3.7729779e-05
4.274827e-08,-5.5681296e-05
4.284827e-08,-7.0042509e-05
4.294827e-08,-7.7941176e-05
4.304827e-08,-7.8659237e-05
4.314827e-08,-7.2914752e-05
4.324827e-08,-6.3579963e-05
4.334827e-08,-5.4963235e-05
4.344827e-08,-4.9936811e-05
4.354827e-08,-5.2090993e-05
4.364827e-08,-6.2143842e-05
4.374827e-08,-7.7941176e-05
4.384827e-08,-9.6610754e-05
4.394827e-08,-0.00011528033
4.404827e-08,-0.00012892348
4.414827e-08,-0.00013538603
4.424827e-08,-0.00013466797
4.434827e-08,-0.00012892348
4.444827e-08,-0.00012030676
4.454827e-08,-0.00011240809
4.464827e-08,-0.00010881778
4.474827e-08,-0.00011025391
4.484827e-08,-0.00011599839
4.494827e-08,-0.00012389706
4.504827e-08,-0.00013179573
4.514827e-08,-0.00013610409
4.524827e-08,-0.00013754021
4.534827e-08,-0.00013538603
4.544827e-08,-0.00013251379
4.554827e-08,-0.0001303596
4.564827e-08,-0.00013107767
4.574827e-08,-0.00013538603
4.584827e-08,-0.00014184858
4.594827e-08,-0.00014902918
4.604827e-08,-0.00015477367
4.614827e-08,-0.00015836397
4.624827e-08,-0.00016051815
4.634827e-08,-0.00016267233
4.644827e-08,-0.00016554458
4.654827e-08,-0.00016985294
4.664827e-08,-0.00017559743
4.674827e-08,-0.00018205997
4.684827e-08,-0.00018780446
4.694827e-08,-0.00019283088
4.704827e-08,-0.00019642119
4.714827e-08,-0.00019929343
4.724827e-08,-0.00020144761
4.734827e-08,-0.00020431985
4.744827e-08,-0.00020647403
4.754827e-08,-0.0002071921
4.764827e-08,-0.00020647403
4.774827e-08,-0.00020431985
4.784827e-08,-0.00020288373
4.794827e-08,-0.00020360179
4.804827e-08,-0.00020791016
4.814827e-08,-0.00021580882
4.824827e-08,-0.00022514361
4.834827e-08,-0.00023519646
4.844827e-08,-0.00024381319
4.854827e-08,-0.00025027574
4.864827e-08,-0.00025602022
4.874827e-08,-0.00026176471
4.884827e-08,-0.00026750919
4.894827e-08,-0.00027325368
4.904827e-08,-0.00027684398
4.914827e-08,-0.00027540786
4.924827e-08,-0.00026966337
4.934827e-08,-0.00026176471
4.944827e-08,-0.0002545841
4.954827e-08,-0.00025314798
4.964827e-08,-0.00025961052
4.974827e-08,-0.00027325368
4.984827e-08,-0.00028976907
4.994827e-08,-0.00030484835
5.004827e-08,-0.00031490119
5.014827e-08,-0.00031920956
5.024827e-08,-0.00032279986
5.034827e-08,-0.00032998047
5.044827e-08,-0.00034434168
5.054827e-08,-0.00036516544
5.064827e-08,-0.0003859892
5.074827e-08,-0.00039891429
5.084827e-08,-0.00039532399
5.094827e-08,-0.00037665441
5.104827e-08,-0.00034865005
5.114827e-08,-0.00032351792
5.124827e-08,-0.00031490119
5.134827e-08,-0.00033069853
5.144827e-08,-0.00036875574
5.154827e-08,-0.00041830193
5.164827e-08,-0.00046353975
5.174827e-08,-0.00049154412
5.184827e-08,-0.00049585248
5.194827e-08,-0.00047933709
5.204827e-08,-0.00045492302
5.214827e-08,-0.00043409926
5.224827e-08,-0.00042691866
5.234827e-08,-0.00043481733
5.244827e-08,-0.00045205078
5.254827e-08,-0.00046856618
5.264827e-08,-0.00047646484
5.274827e-08,-0.00047431066
5.284827e-08,-0.00046497587
5.294827e-08,-0.00045707721
5.304827e-08,-0.00045707721
5.314827e-08,-0.00046784812
5.324827e-08,-0.00048508157
5.334827e-08,-0.00050303309
5.344827e-08,-0.000513804
5.354827e-08,-0.000513804
5.364827e-08,-0.00050446921
5.374827e-08,-0.00049154412
5.384827e-08,-0.00048077321
5.394827e-08,-0.00047502872
5.404827e-08,-0.00047646484
5.414827e-08,-0.00048005515
5.424827e-08,-0.00048220933
5.434827e-08,-0.00048077321
5.444827e-08,-0.00047502872
5.454827e-08,-0.00046856618
5.464827e-08,-0.00046497587
5.474827e-08,-0.00046641199
5.484827e-08,-0.00047215648
5.494827e-08,-0.00048005515
5.504827e-08,-0.00048579963
5.514827e-08,-0.00048723575
5.524827e-08,-0.00048436351
5.534827e-08,-0.00048005515
5.544827e-08,-0.0004771829
5.554827e-08,-0.00047861903
5.564827e-08,-0.00048364545
5.574827e-08,-0.00049154412
5.584827e-08,-0.0004972886
5.594827e-08,-0.00049800666
5.604827e-08,-0.00049226218
5.614827e-08,-0.00048005515
5.624827e-08,-0.00046569393
5.634827e-08,-0.00045276884
5.644827e-08,-0.00044558824
5.654827e-08,-0.00044558824
5.664827e-08,-0.00045205078
5.674827e-08,-0.00046282169
5.684827e-08,-0.00047287454
5.694827e-08,-0.00048005515
5.704827e-08,-0.00048077321
5.714827e-08,-0.00047574678
5.724827e-08,-0.00046641199
5.734827e-08,-0.00045707721
5.744827e-08,-0.00045205078
5.754827e-08,-0.00045420496
5.764827e-08,-0.00046425781
5.774827e-08,-0.00048005515
5.784827e-08,-0.00049800666
5.794827e-08,-0.00051236788
5.804827e-08,-0.00052170267
5.814827e-08,-0.00052601103
5.824827e-08,-0.00052816521
5.834827e-08,-0.00053247358
5.844827e-08,-0.00054324449
5.854827e-08,-0.00056047794
5.864827e-08,-0.00058201976
5.874827e-08,-0.00060212546
5.884827e-08,-0.00061505055
5.894827e-08,-0.00061792279
5.904827e-08,-0.00061289637
5.914827e-08,-0.00060427964
5.924827e-08,-0.00060068934
5.934827e-08,-0.00060643382
5.944827e-08,-0.00062366728
5.954827e-08,-0.00064951746
5.964827e-08,-0.00067680377
5.974827e-08,-0.00069834559
5.984827e-08,-0.00070983456
5.994827e-08,-0.0007127068
6.004827e-08,-0.00070983456
6.014827e-08,-0.00070983456
6.024827e-08,-0.00071701517
6.034827e-08,-0.0007328125
6.044827e-08,-0.00075579044
6.054827e-08,-0.00077876838
6.064827e-08,-0.00079743796
6.074827e-08,-0.00080820887
6.084827e-08,-0.00081179917
6.094827e-08,-0.00081323529
6.104827e-08,-0.0008168256
6.114827e-08,-0.00082616039
6.124827e-08,-0.00084123966
6.134827e-08,-0.00085919118
6.144827e-08,-0.00087427045
6.154827e-08,-0.00088360524
6.164827e-08,-0.00088504136
6.174827e-08,-0.00088216912
6.184827e-08,-0.00087929687
6.194827e-08,-0.000880733
6.204827e-08,-0.00089006778
6.214827e-08,-0.00090514706
6.224827e-08,-0.00092238051
6.234827e-08,-0.00093530561
6.244827e-08,-0.00094176815
6.254827e-08,-0.00093961397
6.264827e-08,-0.00093315142
6.274827e-08,-0.000928125
6.284827e-08,-0.00092884306
6.294827e-08,-0.00093961397
6.304827e-08,-0.00095828355
6.314827e-08,-0.00097982537
6.324827e-08,-0.00099849494
6.334827e-08,-0.0010085478
6.344827e-08,-0.0010085478
6.354827e-08,-0.00099993107
6.364827e-08,-0.00098628791
6.374827e-08,-0.00097408088
6.384827e-08,-0.00096690028
6.394827e-08,-0.00096690028
6.404827e-08,-0.00097408088
6.414827e-08,-0.00098556985
6.424827e-08,-0.00099921301
6.434827e-08,-0.00101142
6.444827e-08,-0.001022909
6.454827e-08,-0.0010315257
6.464827e-08,-0.0010379883
6.474827e-08,-0.0010415786
6.484827e-08,-0.0010430147
6.494827e-08,-0.0010430147
6.504827e-08,-0.0010415786
6.514827e-08,-0.0010408605
6.524827e-08,-0.0010408605
6.534827e-08,-0.0010430147
6.544827e-08,-0.0010451689
6.554827e-08,-0.0010473231
6.564827e-08,-0.0010458869
6.574827e-08,-0.0010430147
6.584827e-08,-0.0010387063
6.594827e-08,-0.0010372702
6.604827e-08,-0.0010415786
6.614827e-08,-0.0010545037
6.624827e-08,-0.0010753274
6.634827e-08,-0.0011011776
6.644827e-08,-0.0011270278
6.654827e-08,-0.0011464154
6.664827e-08,-0.0011550322
6.674827e-08,-0.001152878
6.684827e-08,-0.001140671
6.694827e-08,-0.0011234375
6.704827e-08,-0.001106204
6.714827e-08,-0.001093997
6.724827e-08,-0.0010882525
6.734827e-08,-0.0010889706
6.744827e-08,-0.0010954331
6.754827e-08,-0.001106204
6.764827e-08,-0.0011198472
6.774827e-08,-0.0011349265
6.784827e-08,-0.0011507238
6.794827e-08,-0.0011665211
6.804827e-08,-0.0011808824
6.814827e-08,-0.0011923713
6.824827e-08,-0.0011995519
6.834827e-08,-0.0012017061
6.844827e-08,-0.0011988339
6.854827e-08,-0.0011923713
6.864827e-08,-0.0011844727
6.874827e-08,-0.001176574
6.884827e-08,-0.0011708295
6.894827e-08,-0.0011693934
6.904827e-08,-0.0011729837
6.914827e-08,-0.0011823185
6.924827e-08,-0.0011973977
6.934827e-08,-0.0012153493
6.944827e-08,-0.0012347369
6.954827e-08,-0.0012519704
6.964827e-08,-0.0012656135
6.974827e-08,-0.0012727941
6.984827e-08,-0.0012742302
6.994827e-08,-0.0012699219
7.004827e-08,-0.0012613051
7.014827e-08,-0.0012498162
7.024827e-08,-0.001236173
7.034827e-08,-0.0012196576
7.044827e-08,-0.0012009881
7.054827e-08,-0.0011808824
7.064827e-08,-0.0011614947
7.074827e-08,-0.0011449793
7.084827e-08,-0.0011356445
7.094827e-08,-0.0011349265
7.104827e-08,-0.0011428251
7.114827e-08,-0.0011579044
7.124827e-08,-0.0011758559
7.134827e-08,-0.0011923713
7.144827e-08,-0.0012038603
7.154827e-08,-0.0012088867
7.164827e-08,-0.0012081687
7.174827e-08,-0.0012038603
7.184827e-08,-0.0011973977
7.194827e-08,-0.0011909352
7.204827e-08,-0.0011851907
7.214827e-08,-0.0011808824
7.224827e-08,-0.0011780101
7.234827e-08,-0.0011794462
7.244827e-08,-0.0011873449
7.254827e-08,-0.0012038603
7.264827e-08,-0.0012304285
7.274827e-08,-0.0012641774
7.284827e-08,-0.0013000804
7.294827e-08,-0.001330239
7.304827e-08,-0.0013481905
7.314827e-08,-0.0013510627
7.324827e-08,-0.0013388557
7.334827e-08,-0.00131875
7.344827e-08,-0.0012993624
7.354827e-08,-0.0012885915
7.364827e-08,-0.0012914637
7.374827e-08,-0.001307261
7.384827e-08,-0.001330957
7.394827e-08,-0.0013553711
7.404827e-08,-0.0013754768
7.414827e-08,-0.0013876838
7.424827e-08,-0.0013948644
7.434827e-08,-0.0014006089
7.444827e-08,-0.0014092256
7.454827e-08,-0.0014221507
7.464827e-08,-0.0014365119
7.474827e-08,-0.0014480009
7.484827e-08,-0.0014508732
7.494827e-08,-0.0014451287
7.504827e-08,-0.0014329216
7.514827e-08,-0.0014207146
7.524827e-08,-0.0014156882
7.534827e-08,-0.0014221507
7.544827e-08,-0.0014401023
7.554827e-08,-0.0014637983
7.564827e-08,-0.0014874943
7.574827e-08,-0.0015025735
7.584827e-08,-0.0015076
7.594827e-08,-0.0015040097
7.604827e-08,-0.001496829
7.614827e-08,-0.0014910846
7.624827e-08,-0.0014896484
7.634827e-08,-0.0014918026
7.644827e-08,-0.0014932387
7.654827e-08,-0.0014910846
7.664827e-08,-0.0014824678
7.674827e-08,-0.0014688247
7.684827e-08,-0.0014544635
7.694827e-08,-0.0014451287
7.704827e-08,-0.0014436926
7.714827e-08,-0.0014515912
7.724827e-08,-0.0014645163
7.734827e-08,-0.0014795956
7.744827e-08,-0.0014918026
7.754827e-08,-0.0014997013
7.764827e-08,-0.0015025735
7.774827e-08,-0.0015025735
7.784827e-08,-0.0015004193
7.794827e-08,-0.0014975471
7.804827e-08,-0.0014946749
7.814827e-08,-0.0014910846
7.824827e-08,-0.0014882123
7.834827e-08,-0.0014860581
7.844827e-08,-0.0014874943
7.854827e-08,-0.0014910846
7.864827e-08,-0.001496829
7.874827e-08,-0.0015032916
7.884827e-08,-0.0015090361
7.894827e-08,-0.0015140625
7.904827e-08,-0.001520525
7.914827e-08,-0.001531296
7.924827e-08,-0.0015492475
7.934827e-08,-0.0015715074
7.944827e-08,-0.0015937672
7.954827e-08,-0.0016088465
7.964827e-08,-0.0016102826
7.974827e-08,-0.0015944853
7.984827e-08,-0.0015664809
7.994827e-08,-0.0015363224
8.004827e-08,-0.0015154986
8.014827e-08,-0.0015140625
8.024827e-08,-0.0015341682
8.034827e-08,-0.0015707893
8.044827e-08,-0.0016138729
8.054827e-08,-0.0016519301
8.064827e-08,-0.0016763442
8.074827e-08,-0.0016871151
8.084827e-08,-0.0016871151
8.094827e-08,-0.0016863971
8.104827e-08,-0.0016907054
8.114827e-08,-0.0017014763
8.124827e-08,-0.0017172737
8.134827e-08,-0.0017323529
8.144827e-08,-0.0017409697
8.154827e-08,-0.0017409697
8.164827e-08,-0.0017359432
8.174827e-08,-0.0017323529
8.184827e-08,-0.0017359432
8.194827e-08,-0.0017495864
8.204827e-08,-0.0017732824
8.214827e-08,-0.0018012868
8.224827e-08,-0.0018271369
8.234827e-08,-0.0018465246
8.244827e-08,-0.0018565774
8.254827e-08,-0.0018587316
8.264827e-08,-0.0018565774
8.274827e-08,-0.0018522691
8.284827e-08,-0.0018493968
8.294827e-08,-0.0018472426
8.304827e-08,-0.0018450885
8.314827e-08,-0.0018422162
8.324827e-08,-0.0018386259
8.334827e-08,-0.0018357537
8.344827e-08,-0.0018343176
8.354827e-08,-0.0018357537
8.364827e-08,-0.001840062
8.374827e-08,-0.0018472426
8.384827e-08,-0.0018558594
8.394827e-08,-0.0018644761
8.404827e-08,-0.0018730928
8.414827e-08,-0.0018817096
8.424827e-08,-0.0018888902
8.434827e-08,-0.0018946347
8.444827e-08,-0.0018960708
8.454827e-08,-0.0018931985
8.464827e-08,-0.0018852999
8.474827e-08,-0.0018730928
8.484827e-08,-0.0018594497
8.494827e-08,-0.0018472426
8.504827e-08,-0.001839344
8.514827e-08,-0.0018386259
8.524827e-08,-0.0018450885
8.534827e-08,-0.0018587316
8.544827e-08,-0.0018766831
8.554827e-08,-0.0018967888
8.564827e-08,-0.0019154584
8.574827e-08,-0.0019276654
8.584827e-08,-0.0019319738
8.594827e-08,-0.0019262293
8.604827e-08,-0.0019118681
8.614827e-08,-0.0018931985
8.624827e-08,-0.001874529
8.634827e-08,-0.00186304
8.644827e-08,-0.0018608858
8.654827e-08,-0.0018702206
8.664827e-08,-0.0018881721
8.674827e-08,-0.0019089959
8.684827e-08,-0.0019276654
8.694827e-08,-0.0019391544
8.704827e-08,-0.0019420267
8.714827e-08,-0.0019391544
8.724827e-08,-0.0019326919
8.734827e-08,-0.0019276654
8.744827e-08,-0.0019247932
8.754827e-08,-0.0019255113
8.764827e-08,-0.0019269474
8.774827e-08,-0.0019276654
8.784827e-08,-0.0019283835
8.794827e-08,-0.0019291016
8.804827e-08,-0.0019319738
8.814827e-08,-0.0019391544
8.824827e-08,-0.0019492073
8.834827e-08,-0.0019606962
8.844827e-08,-0.001970031
8.854827e-08,-0.0019736213
8.864827e-08,-0.0019707491
8.874827e-08,-0.0019621324
8.884827e-08,-0.0019506434
8.894827e-08,-0.0019391544
8.904827e-08,-0.0019291016
8.914827e-08,-0.0019212029
8.924827e-08,-0.0019133042
8.934827e-08,-0.0019046875
8.944827e-08,-0.0018960708
8.954827e-08,-0.0018888902
8.964827e-08,-0.001887454
8.974827e-08,-0.0018931985
8.984827e-08,-0.0019068417
8.994827e-08,-0.0019262293
9.004827e-08,-0.001946335
9.014827e-08,-0.0019621324
9.024827e-08,-0.001970031
9.034827e-08,-0.0019685949
9.044827e-08,-0.0019614143
9.054827e-08,-0.0019506434
9.064827e-08,-0.0019405905
9.074827e-08,-0.001934128
9.084827e-08,-0.0019298196
9.094827e-08,-0.0019276654
9.104827e-08,-0.0019262293
9.114827e-08,-0.0019247932
9.124827e-08,-0.0019240751
9.134827e-08,-0.0019276654
9.144827e-08,-0.0019355641
9.154827e-08,-0.0019492073
9.164827e-08,-0.0019664407
9.174827e-08,-0.0019851103
9.184827e-08,-0.0020023437
9.194827e-08,-0.002016705
9.204827e-08,-0.0020260398
9.214827e-08,-0.0020310662
9.224827e-08,-0.0020310662
9.234827e-08,-0.0020274759
9.244827e-08,-0.0020195772
9.254827e-08,-0.0020080882
9.264827e-08,-0.0019951631
9.274827e-08,-0.0019829561
9.284827e-08,-0.0019750574
9.294827e-08,-0.0019736213
9.304827e-08,-0.0019800839
9.314827e-08,-0.001993009
9.324827e-08,-0.0020116785
9.334827e-08,-0.0020310662
9.344827e-08,-0.0020490177
9.354827e-08,-0.0020633789
9.364827e-08,-0.0020727137
9.374827e-08,-0.0020770221
9.384827e-08,-0.0020777401
9.394827e-08,-0.0020755859
9.404827e-08,-0.0020705595
9.414827e-08,-0.0020655331
9.424827e-08,-0.0020605067
9.434827e-08,-0.0020583525
9.444827e-08,-0.0020597886
9.454827e-08,-0.0020655331
9.464827e-08,-0.0020755859
9.474827e-08,-0.002088511
9.484827e-08,-0.0021007181
9.494827e-08,-0.002111489
9.504827e-08,-0.0021193876
9.514827e-08,-0.0021251321
9.524827e-08,-0.0021294405
9.534827e-08,-0.0021344669
9.544827e-08,-0.0021402114
9.554827e-08,-0.0021452378
9.564827e-08,-0.0021481101
9.574827e-08,-0.0021459559
9.584827e-08,-0.0021387753
9.594827e-08,-0.0021280044
9.604827e-08,-0.0021172335
9.614827e-08,-0.002111489
9.624827e-08,-0.0021136432
9.634827e-08,-0.0021258502
9.644827e-08,-0.0021459559
9.654827e-08,-0.0021689338
9.664827e-08,-0.0021904756
9.674827e-08,-0.0022048369
9.684827e-08,-0.0022091452
9.694827e-08,-0.0022034007
9.704827e-08,-0.0021911937
9.714827e-08,-0.0021761144
9.724827e-08,-0.0021631893
9.734827e-08,-0.0021574449
9.744827e-08,-0.002158881
9.754827e-08,-0.0021674977
9.764827e-08,-0.0021804228
9.774827e-08,-0.0021919118
9.784827e-08,-0.0021998104
9.794827e-08,-0.0022034007
9.804827e-08,-0.0022034007
9.814827e-08,-0.0022034007
9.824827e-08,-0.0022084272
9.834827e-08,-0.0022206342
9.844827e-08,-0.0022393038
9.854827e-08,-0.0022608456
9.864827e-08,-0.002278079
9.874827e-08,-0.0022838235
9.884827e-08,-0.0022737707
9.894827e-08,-0.0022493566
9.904827e-08,-0.0022163258
9.914827e-08,-0.0021840131
9.924827e-08,-0.0021624713
9.934827e-08,-0.0021574449
9.944827e-08,-0.0021689338
9.954827e-08,-0.0021919118
9.964827e-08,-0.0022177619
9.974827e-08,-0.0022378676
9.984827e-08,-0.0022479205
9.994827e-08,-0.0022464844
1.000483e-07,-0.0022378676
1.001483e-07,-0.0022263787
1.002483e-07,-0.0022177619
1.003483e-07,-0.0022127355
1.004483e-07,-0.0022127355
1.005483e-07,-0.0022148897
1.006483e-07,-0.00221848
1.007483e-07,-0.0022242245
1.008483e-07,-0.0022342773
1.009483e-07,-0.0022493566
1.010483e-07,-0.0022708984
1.011483e-07,-0.0022967486
1.012483e-07,-0.0023218807
1.013483e-07,-0.0023412684
1.014483e-07,-0.0023513212
1.015483e-07,-0.0023498851
1.016483e-07,-0.0023412684
1.017483e-07,-0.0023297794
1.018483e-07,-0.0023211627
1.019483e-07,-0.0023204446
1.020483e-07,-0.0023276252
1.021483e-07,-0.0023412684
1.022483e-07,-0.0023577838
1.023483e-07,-0.0023728631
1.024483e-07,-0.0023829159
1.025483e-07,-0.0023872243
1.026483e-07,-0.0023872243
1.027483e-07,-0.0023857881
1.028483e-07,-0.0023850701
1.029483e-07,-0.0023872243
1.030483e-07,-0.0023936868
1.031483e-07,-0.0024030216
1.032483e-07,-0.0024137925
1.033483e-07,-0.0024216912
1.034483e-07,-0.0024252815
1.035483e-07,-0.0024216912
1.036483e-07,-0.0024123564
1.037483e-07,-0.0023987132
1.038483e-07,-0.0023850701
1.039483e-07,-0.0023757353
1.040483e-07,-0.002372145
1.041483e-07,-0.0023757353
1.042483e-07,-0.002384352
1.043483e-07,-0.0023944049
1.044483e-07,-0.0024037397
1.045483e-07,-0.0024102022
1.046483e-07,-0.0024145106
1.047483e-07,-0.002419537
1.048483e-07,-0.0024252815
1.049483e-07,-0.0024331801
1.050483e-07,-0.0024396427
1.051483e-07,-0.0024417969
1.052483e-07,-0.0024360524
1.053483e-07,-0.0024216912
1.054483e-07,-0.0024001494
1.055483e-07,-0.0023778895
1.056483e-07,-0.002360656
1.057483e-07,-0.0023527574
1.058483e-07,-0.0023570657
1.059483e-07,-0.0023707089
1.060483e-07,-0.0023900965
1.061483e-07,-0.0024102022
1.062483e-07,-0.0024274357
1.063483e-07,-0.0024403608
1.064483e-07,-0.0024496955
1.065483e-07,-0.0024561581
1.066483e-07,-0.0024597484
1.067483e-07,-0.0024590303
1.068483e-07,-0.0024540039
1.069483e-07,-0.0024446691
1.070483e-07,-0.0024338982
1.071483e-07,-0.0024259995
1.072483e-07,-0.0024245634
1.073483e-07,-0.0024331801
1.074483e-07,-0.0024496955
1.075483e-07,-0.0024705193
1.076483e-07,-0.0024899069
1.077483e-07,-0.002502114
1.078483e-07,-0.0025064223
1.079483e-07,-0.002502832
1.080483e-07,-0.0024963695
1.081483e-07,-0.002490625
1.082483e-07,-0.0024870347
1.083483e-07,-0.0024848805
1.084483e-07,-0.0024827263
1.085483e-07,-0.002479136
1.086483e-07,-0.0024741096
1.087483e-07,-0.0024698012
1.088483e-07,-0.0024705193
1.089483e-07,-0.002479136
1.090483e-07,-0.0024942153
1.091483e-07,-0.0025128849
1.092483e-07,-0.0025286822
1.093483e-07,-0.0025365809
1.094483e-07,-0.0025351448
1.095483e-07,-0.00252581
1.096483e-07,-0.0025128849
1.097483e-07,-0.002502114
1.098483e-07,-0.0024956514
1.099483e-07,-0.0024942153
1.100483e-07,-0.0024934972
1.101483e-07,-0.002490625
1.102483e-07,-0.0024834444
1.103483e-07,-0.0024726735
1.104483e-07,-0.0024626206
1.105483e-07,-0.0024561581
1.106483e-07,-0.00245544
1.107483e-07,-0.0024575942
1.108483e-07,-0.0024597484
1.109483e-07,-0.0024561581
1.110483e-07,-0.0024439511
1.111483e-07,-0.0024238454
1.112483e-07,-0.0023994313
1.113483e-07,-0.0023757353
1.114483e-07,-0.0023570657
1.115483e-07,-0.0023448587
1.116483e-07,-0.00233696
1.117483e-07,-0.0023297794
1.118483e-07,-0.0023211627
1.119483e-07,-0.0023103918
1.120483e-07,-0.0023003389
1.121483e-07,-0.0022953125
1.122483e-07,-0.0022981847
1.123483e-07,-0.0023111098
1.124483e-07,-0.0023304975
1.125483e-07,-0.0023527574
1.126483e-07,-0.002372145
1.127483e-07,-0.0023829159
1.128483e-07,-0.002384352
1.129483e-07,-0.0023757353
1.130483e-07,-0.002359938
1.131483e-07,-0.0023419864
1.132483e-07,-0.0023269072
1.133483e-07,-0.0023182904
1.134483e-07,-0.0023204446
1.135483e-07,-0.0023340878
1.136483e-07,-0.0023577838
1.137483e-07,-0.0023872243
1.138483e-07,-0.0024173828
1.139483e-07,-0.0024417969
1.140483e-07,-0.0024583123
1.141483e-07,-0.0024676471
1.142483e-07,-0.0024733915
1.143483e-07,-0.0024805722
1.144483e-07,-0.0024934972
1.145483e-07,-0.0025136029
1.146483e-07,-0.0025365809
1.147483e-07,-0.0025552505
1.148483e-07,-0.0025638672
1.149483e-07,-0.0025595588
1.150483e-07,-0.0025459157
1.151483e-07,-0.0025301183
1.152483e-07,-0.0025207835
1.153483e-07,-0.0025250919
1.154483e-07,-0.0025430434
1.155483e-07,-0.0025696117
1.156483e-07,-0.002596898
1.157483e-07,-0.0026170037
1.158483e-07,-0.0026270565
1.159483e-07,-0.0026284926
1.160483e-07,-0.0026270565
1.161483e-07,-0.0026284926
1.162483e-07,-0.0026363913
1.163483e-07,-0.0026500345
1.164483e-07,-0.0026643957
1.165483e-07,-0.0026744485
1.166483e-07,-0.0026780388
1.167483e-07,-0.0026766027
1.168483e-07,-0.0026737305
1.169483e-07,-0.0026744485
1.170483e-07,-0.0026809111
1.171483e-07,-0.0026924
1.172483e-07,-0.002703171
1.173483e-07,-0.0027089154
1.174483e-07,-0.0027074793
1.175483e-07,-0.0026995807
1.176483e-07,-0.0026909639
1.177483e-07,-0.0026859375
1.178483e-07,-0.0026880917
1.179483e-07,-0.0026952723
1.180483e-07,-0.0027046071
1.181483e-07,-0.0027089154
1.182483e-07,-0.0027060432
1.183483e-07,-0.0026952723
1.184483e-07,-0.0026830653
1.185483e-07,-0.0026744485
1.186483e-07,-0.0026744485
1.187483e-07,-0.0026845014
1.188483e-07,-0.0027017348
1.189483e-07,-0.0027204044
1.190483e-07,-0.0027354837
1.191483e-07,-0.0027433824
1.192483e-07,-0.0027448185
1.193483e-07,-0.0027433824
1.194483e-07,-0.0027412282
1.195483e-07,-0.0027412282
1.196483e-07,-0.0027426643
1.197483e-07,-0.0027433824
1.198483e-07,-0.0027412282
1.199483e-07,-0.0027362017
1.200483e-07,-0.0027283031
1.201483e-07,-0.0027204044
1.202483e-07,-0.002715378
1.203483e-07,-0.002715378
1.204483e-07,-0.0027211225
1.205483e-07,-0.0027318934
1.206483e-07,-0.0027462546
1.207483e-07,-0.0027620519
1.208483e-07,-0.0027771312
1.209483e-07,-0.0027893382
1.210483e-07,-0.0027958008
1.211483e-07,-0.0027943647
1.212483e-07,-0.0027843118
1.213483e-07,-0.0027663603
1.214483e-07,-0.0027455365
1.215483e-07,-0.0027283031
1.216483e-07,-0.0027189683
1.217483e-07,-0.0027204044
1.218483e-07,-0.0027318934
1.219483e-07,-0.0027498449
1.220483e-07,-0.0027663603
1.221483e-07,-0.0027778493
1.222483e-07,-0.0027814396
1.223483e-07,-0.0027785673
1.224483e-07,-0.0027728228
1.225483e-07,-0.0027663603
1.226483e-07,-0.0027613339
1.227483e-07,-0.0027570255
1.228483e-07,-0.002751281
1.229483e-07,-0.0027433824
1.230483e-07,-0.0027340476
1.231483e-07,-0.0027283031
1.232483e-07,-0.0027304573
1.233483e-07,-0.0027433824
1.234483e-07,-0.0027663603
1.235483e-07,-0.0027943647
1.236483e-07,-0.0028194968
1.237483e-07,-0.0028352941
1.238483e-07,-0.0028388844
1.239483e-07,-0.0028331399
1.240483e-07,-0.0028252413
1.241483e-07,-0.0028238051
1.242483e-07,-0.0028331399
1.243483e-07,-0.0028539637
1.244483e-07,-0.0028805319
1.245483e-07,-0.0029042279
1.246483e-07,-0.0029185892
1.247483e-07,-0.0029207433
1.248483e-07,-0.0029135627
1.249483e-07,-0.0029042279
1.250483e-07,-0.0029006376
1.251483e-07,-0.0029085363
1.252483e-07,-0.0029300781
1.253483e-07,-0.0029616728
1.254483e-07,-0.0029968578
1.255483e-07,-0.0030291705
1.256483e-07,-0.0030528665
1.257483e-07,-0.0030650735
1.258483e-07,-0.0030665097
1.259483e-07,-0.0030607652
1.260483e-07,-0.0030507123
1.261483e-07,-0.0030420956
1.262483e-07,-0.0030377872
1.263483e-07,-0.0030399414
1.264483e-07,-0.0030492762
1.265483e-07,-0.0030650735
1.266483e-07,-0.0030844612
1.267483e-07,-0.0031045669
1.268483e-07,-0.0031210823
1.269483e-07,-0.0031340074
1.270483e-07,-0.0031426241
1.271483e-07,-0.0031498047
1.272483e-07,-0.0031577034
1.273483e-07,-0.0031684743
1.274483e-07,-0.0031821174
1.275483e-07,-0.0031957606
1.276483e-07,-0.0032072495
1.277483e-07,-0.0032144301
1.278483e-07,-0.0032165843
1.279483e-07,-0.0032165843
1.280483e-07,-0.0032187385
1.281483e-07,-0.0032259191
1.282483e-07,-0.0032409984
1.283483e-07,-0.0032639763
1.284483e-07,-0.0032905446
1.285483e-07,-0.0033178309
1.286483e-07,-0.0033415269
1.287483e-07,-0.0033601965
1.288483e-07,-0.0033745577
1.289483e-07,-0.0033867647
1.290483e-07,-0.0033996898
1.291483e-07,-0.003414051
1.292483e-07,-0.0034298483
1.293483e-07,-0.0034442096
1.294483e-07,-0.0034556985
1.295483e-07,-0.0034628791
1.296483e-07,-0.0034664694
1.297483e-07,-0.0034671875
1.298483e-07,-0.0034686236
1.299483e-07,-0.0034714959
1.300483e-07,-0.0034786765
1.301483e-07,-0.0034901654
1.302483e-07,-0.0035052447
1.303483e-07,-0.0035231962
1.304483e-07,-0.0035418658
1.305483e-07,-0.0035590993
1.306483e-07,-0.0035741785
1.307483e-07,-0.0035842314
1.308483e-07,-0.0035906939
1.309483e-07,-0.0035935662
1.310483e-07,-0.0035957204
1.311483e-07,-0.0035985926
1.312483e-07,-0.0036057732
1.313483e-07,-0.0036165441
1.314483e-07,-0.0036301873
1.315483e-07,-0.0036438304
1.316483e-07,-0.0036553194
1.317483e-07,-0.0036625
1.318483e-07,-0.0036660903
1.319483e-07,-0.0036660903
1.320483e-07,-0.0036646542
1.321483e-07,-0.0036625
1.322483e-07,-0.0036596278
1.323483e-07,-0.0036546013
1.324483e-07,-0.0036474207
1.325483e-07,-0.0036395221
1.326483e-07,-0.0036330595
1.327483e-07,-0.0036301873
1.328483e-07,-0.0036330595
1.329483e-07,-0.0036395221
1.330483e-07,-0.0036467027
1.331483e-07,-0.0036488568
1.332483e-07,-0.0036423943
1.333483e-07,-0.0036280331
1.334483e-07,-0.0036093635
1.335483e-07,-0.0035935662
1.336483e-07,-0.0035871036
1.337483e-07,-0.0035935662
1.338483e-07,-0.0036100816
1.339483e-07,-0.0036309053
1.340483e-07,-0.0036467027
1.341483e-07,-0.003651011
1.342483e-07,-0.0036416762
1.343483e-07,-0.0036222886
1.344483e-07,-0.0036000287
1.345483e-07,-0.0035820772
1.346483e-07,-0.0035720244
1.347483e-07,-0.0035698702
1.348483e-07,-0.0035713063
1.349483e-07,-0.0035705882
1.350483e-07,-0.0035648437
1.351483e-07,-0.0035547909
1.352483e-07,-0.00354402
1.353483e-07,-0.0035361213
1.354483e-07,-0.0035339671
1.355483e-07,-0.0035375574
1.356483e-07,-0.00354402
1.357483e-07,-0.0035476103
1.358483e-07,-0.0035468922
1.359483e-07,-0.0035404297
1.360483e-07,-0.003531813
1.361483e-07,-0.0035246324
1.362483e-07,-0.0035217601
1.363483e-07,-0.0035231962
1.364483e-07,-0.0035289407
1.365483e-07,-0.0035361213
1.366483e-07,-0.0035425839
1.367483e-07,-0.0035468922
1.368483e-07,-0.0035483284
1.369483e-07,-0.0035476103
1.370483e-07,-0.00354402
1.371483e-07,-0.0035368394
1.372483e-07,-0.0035260685
1.373483e-07,-0.0035131434
1.374483e-07,-0.0035009364
1.375483e-07,-0.0034930377
1.376483e-07,-0.0034930377
1.377483e-07,-0.0035016544
1.378483e-07,-0.0035152976
1.379483e-07,-0.0035282227
1.380483e-07,-0.0035361213
1.381483e-07,-0.0035361213
1.382483e-07,-0.0035310949
1.383483e-07,-0.0035253504
1.384483e-07,-0.0035260685
1.385483e-07,-0.0035361213
1.386483e-07,-0.0035533548
1.387483e-07,-0.0035713063
1.388483e-07,-0.0035827953
1.389483e-07,-0.0035820772
1.390483e-07,-0.0035705882
1.391483e-07,-0.0035547909
1.392483e-07,-0.0035447381
1.393483e-07,-0.0035476103
1.394483e-07,-0.0035655618
1.395483e-07,-0.0035935662
1.396483e-07,-0.0036215705
1.397483e-07,-0.0036395221
1.398483e-07,-0.0036423943
1.399483e-07,-0.0036316234
1.400483e-07,-0.0036165441
1.401483e-07,-0.0036050551
1.402483e-07,-0.0036050551
1.403483e-07,-0.0036172622
1.404483e-07,-0.0036359318
1.405483e-07,-0.003651011
1.406483e-07,-0.0036560375
1.407483e-07,-0.0036488568
1.408483e-07,-0.0036330595
1.409483e-07,-0.0036165441
1.410483e-07,-0.0036072093
1.411483e-07,-0.0036100816
1.412483e-07,-0.0036222886
1.413483e-07,-0.0036395221
1.414483e-07,-0.0036538833
1.415483e-07,-0.0036610639
1.416483e-07,-0.0036589097
1.417483e-07,-0.003651011
1.418483e-07,-0.0036416762
1.419483e-07,-0.0036359318
1.420483e-07,-0.0036352137
1.421483e-07,-0.0036395221
1.422483e-07,-0.0036459846
1.423483e-07,-0.003651011
1.424483e-07,-0.0036531652
1.425483e-07,-0.003651011
1.426483e-07,-0.0036452665
1.427483e-07,-0.0036380859
1.428483e-07,-0.0036316234
1.429483e-07,-0.0036280331
1.430483e-07,-0.0036287511
1.431483e-07,-0.0036359318
1.432483e-07,-0.0036474207
1.433483e-07,-0.0036625
1.434483e-07,-0.0036768612
1.435483e-07,-0.003686196
1.436483e-07,-0.0036890682
1.437483e-07,-0.0036854779
1.438483e-07,-0.0036790154
1.439483e-07,-0.003673989
1.440483e-07,-0.0036754251
1.441483e-07,-0.0036854779
1.442483e-07,-0.0037019933
1.443483e-07,-0.0037206629
1.444483e-07,-0.0037357422
1.445483e-07,-0.0037429228
1.446483e-07,-0.0037429228
1.447483e-07,-0.0037378964
1.448483e-07,-0.0037328699
1.449483e-07,-0.0037314338
1.450483e-07,-0.0037350241
1.451483e-07,-0.0037400506
1.452483e-07,-0.0037436409
1.453483e-07,-0.0037429228
1.454483e-07,-0.0037371783
1.455483e-07,-0.0037285616
1.456483e-07,-0.003722099
1.457483e-07,-0.0037199449
1.458483e-07,-0.003722099
1.459483e-07,-0.0037256893
1.460483e-07,-0.0037256893
1.461483e-07,-0.0037199449
1.462483e-07,-0.0037084559
1.463483e-07,-0.0036955308
1.464483e-07,-0.0036869141
1.465483e-07,-0.0036854779
1.466483e-07,-0.0036919405
1.467483e-07,-0.0037019933
1.468483e-07,-0.0037091739
1.469483e-07,-0.0037084559
1.470483e-07,-0.003698403
1.471483e-07,-0.0036818876
1.472483e-07,-0.0036682445
1.473483e-07,-0.0036625
1.474483e-07,-0.0036682445
1.475483e-07,-0.0036826057
1.476483e-07,-0.003698403
1.477483e-07,-0.0037084559
1.478483e-07,-0.0037070198
1.479483e-07,-0.0036933766
1.480483e-07,-0.0036725528
1.481483e-07,-0.003651011
1.482483e-07,-0.0036352137
1.483483e-07,-0.003627315
1.484483e-07,-0.0036258789
1.485483e-07,-0.0036280331
1.486483e-07,-0.0036294692
1.487483e-07,-0.0036294692
1.488483e-07,-0.0036287511
1.489483e-07,-0.0036280331
1.490483e-07,-0.0036301873
1.491483e-07,-0.0036337776
1.492483e-07,-0.0036373679
1.493483e-07,-0.0036395221
1.494483e-07,-0.0036380859
1.495483e-07,-0.0036344956
1.496483e-07,-0.0036309053
1.497483e-07,-0.0036280331
1.498483e-07,-0.003627315
1.499483e-07,-0.003626597
1.500483e-07,-0.0036237247
1.501483e-07,-0.0036165441
1.502483e-07,-0.0036057732
1.503483e-07,-0.0035942842
1.504483e-07,-0.0035849494
1.505483e-07,-0.0035820772
1.506483e-07,-0.0035849494
1.507483e-07,-0.0035921301
1.508483e-07,-0.0036000287
1.509483e-07,-0.0036050551
1.510483e-07,-0.0036064913
1.511483e-07,-0.0036072093
1.512483e-07,-0.0036100816
1.513483e-07,-0.0036165441
1.514483e-07,-0.003627315
1.515483e-07,-0.003638804
1.516483e-07,-0.0036474207
1.517483e-07,-0.003651011
1.518483e-07,-0.0036495749
1.519483e-07,-0.0036481388
1.520483e-07,-0.0036517291
1.521483e-07,-0.0036625
1.522483e-07,-0.0036804515
1.523483e-07,-0.0037005572
1.524483e-07,-0.0037156365
1.525483e-07,-0.0037199449
1.526483e-07,-0.0037127642
1.527483e-07,-0.003697685
1.528483e-07,-0.0036826057
1.529483e-07,-0.003673989
1.530483e-07,-0.0036754251
1.531483e-07,-0.0036833238
1.532483e-07,-0.0036926585
1.533483e-07,-0.0036969669
1.534483e-07,-0.0036926585
1.535483e-07,-0.0036811696
1.536483e-07,-0.0036689625
1.537483e-07,-0.0036625
1.538483e-07,-0.0036653722
1.539483e-07,-0.0036754251
1.540483e-07,-0.0036883502
1.541483e-07,-0.0036969669
1.542483e-07,-0.0036955308
1.543483e-07,-0.0036847599
1.544483e-07,-0.0036675264
1.545483e-07,-0.003651011
1.546483e-07,-0.0036402401
1.547483e-07,-0.0036359318
1.548483e-07,-0.0036373679
1.549483e-07,-0.0036395221
1.550483e-07,-0.0036395221
1.551483e-07,-0.0036352137
1.552483e-07,-0.0036301873
1.553483e-07,-0.0036280331
1.554483e-07,-0.0036316234
1.555483e-07,-0.0036416762
1.556483e-07,-0.0036574736
1.557483e-07,-0.003673989
1.558483e-07,-0.0036883502
1.559483e-07,-0.0036991211
1.560483e-07,-0.0037055836
1.561483e-07,-0.0037084559
1.562483e-07,-0.003709892
1.563483e-07,-0.003709892
1.564483e-07,-0.0037091739
1.565483e-07,-0.0037084559
1.566483e-07,-0.0037091739
1.567483e-07,-0.0037142004
1.568483e-07,-0.0037249713
1.569483e-07,-0.0037429228
1.570483e-07,-0.0037651827
1.571483e-07,-0.0037867245
1.572483e-07,-0.0038032399
1.573483e-07,-0.0038118566
1.574483e-07,-0.0038125747
1.575483e-07,-0.0038097024
1.576483e-07,-0.0038082663
1.577483e-07,-0.0038118566
1.578483e-07,-0.0038204733
1.579483e-07,-0.0038305262
1.580483e-07,-0.0038362707
1.581483e-07,-0.0038348346
1.582483e-07,-0.0038247817
1.583483e-07,-0.0038118566
1.584483e-07,-0.0038010857
1.585483e-07,-0.0038003676
1.586483e-07,-0.0038118566
1.587483e-07,-0.0038326804
1.588483e-07,-0.0038585306
1.589483e-07,-0.0038807904
1.590483e-07,-0.0038965878
1.591483e-07,-0.0039052045
1.592483e-07,-0.0039102309
1.593483e-07,-0.0039152574
1.594483e-07,-0.0039238741
1.595483e-07,-0.003934645
1.596483e-07,-0.0039446978
1.597483e-07,-0.0039497243
1.598483e-07,-0.0039482881
1.599483e-07,-0.0039411075
1.600483e-07,-0.0039324908
1.601483e-07,-0.0039267463
1.602483e-07,-0.0039274644
1.603483e-07,-0.0039339269
1.604483e-07,-0.0039425437
1.605483e-07,-0.0039497243
1.606483e-07,-0.0039518784
1.607483e-07,-0.0039490062
1.608483e-07,-0.0039439798
1.609483e-07,-0.0039382353
1.610483e-07,-0.003934645
1.611483e-07,-0.0039324908
1.612483e-07,-0.0039310547
1.613483e-07,-0.0039267463
1.614483e-07,-0.0039202838
1.615483e-07,-0.0039123851
1.616483e-07,-0.0039059226
1.617483e-07,-0.0039037684
1.618483e-07,-0.0039059226
1.619483e-07,-0.0039102309
1.620483e-07,-0.0039145393
1.621483e-07,-0.0039152574
1.622483e-07,-0.0039123851
1.623483e-07,-0.0039080767
1.624483e-07,-0.0039044864
1.625483e-07,-0.0039037684
1.626483e-07,-0.0039052045
1.627483e-07,-0.0039059226
1.628483e-07,-0.0039016142
1.629483e-07,-0.0038922794
1.630483e-07,-0.0038779182
1.631483e-07,-0.003864275
1.632483e-07,-0.0038563764
1.633483e-07,-0.0038578125
1.634483e-07,-0.0038685834
1.635483e-07,-0.0038858169
1.636483e-07,-0.0039023323
1.637483e-07,-0.0039152574
1.638483e-07,-0.003922438
1.639483e-07,-0.0039267463
1.640483e-07,-0.0039310547
1.641483e-07,-0.0039382353
1.642483e-07,-0.003946852
1.643483e-07,-0.0039525965
1.644483e-07,-0.0039504423
1.645483e-07,-0.0039382353
1.646483e-07,-0.0039188477
1.647483e-07,-0.00389946
1.648483e-07,-0.0038886891
1.649483e-07,-0.0038922794
1.650483e-07,-0.0039087948
1.651483e-07,-0.0039324908
1.652483e-07,-0.0039525965
1.653483e-07,-0.0039612132
1.654483e-07,-0.0039554687
1.655483e-07,-0.0039403895
1.656483e-07,-0.0039238741
1.657483e-07,-0.0039152574
1.658483e-07,-0.0039181296
1.659483e-07,-0.0039296186
1.660483e-07,-0.0039425437
1.661483e-07,-0.0039497243
1.662483e-07,-0.003946852
1.663483e-07,-0.0039339269
1.664483e-07,-0.0039174115
1.665483e-07,-0.0039037684
1.666483e-07,-0.0038958697
1.667483e-07,-0.0038937155
1.668483e-07,-0.0038937155
1.669483e-07,-0.0038922794
1.670483e-07,-0.003887971
1.671483e-07,-0.0038836627
1.672483e-07,-0.0038836627
1.673483e-07,-0.0038922794
1.674483e-07,-0.0039080767
1.675483e-07,-0.0039238741
1.676483e-07,-0.0039324908
1.677483e-07,-0.0039267463
1.678483e-07,-0.0039052045
1.679483e-07,-0.0038743279
1.680483e-07,-0.0038434513
1.681483e-07,-0.0038233456
1.682483e-07,-0.0038190372
1.683483e-07,-0.003828372
1.684483e-07,-0.0038441693
1.685483e-07,-0.0038578125
1.686483e-07,-0.0038621209
1.687483e-07,-0.0038570944
1.688483e-07,-0.0038463235
1.689483e-07,-0.0038348346
1.690483e-07,-0.003828372
1.691483e-07,-0.003827654
1.692483e-07,-0.0038305262
1.693483e-07,-0.0038348346
1.694483e-07,-0.0038391429
1.695483e-07,-0.0038434513
1.696483e-07,-0.0038499138
1.697483e-07,-0.0038578125
1.698483e-07,-0.0038657112
1.699483e-07,-0.0038700195
1.700483e-07,-0.0038671473
1.701483e-07,-0.0038578125
1.702483e-07,-0.0038463235
1.703483e-07,-0.0038391429
1.704483e-07,-0.0038434513
1.705483e-07,-0.0038578125
1.706483e-07,-0.0038764821
1.707483e-07,-0.003887971
1.708483e-07,-0.0038829446
1.709483e-07,-0.0038578125
1.710483e-07,-0.0038204733
1.711483e-07,-0.0037852884
1.712483e-07,-0.0037680549
1.713483e-07,-0.0037773897
1.714483e-07,-0.0038104205
1.715483e-07,-0.003852068
1.716483e-07,-0.0038843807
1.717483e-07,-0.0038922794
1.718483e-07,-0.0038736098
1.719483e-07,-0.0038391429
1.720483e-07,-0.0038053941
1.721483e-07,-0.0037888787
1.722483e-07,-0.0037967773
1.723483e-07,-0.0038240636
1.724483e-07,-0.0038570944
1.725483e-07,-0.0038807904
1.726483e-07,-0.003887253
1.727483e-07,-0.0038772001
1.728483e-07,-0.0038599667
1.729483e-07,-0.0038463235
1.730483e-07,-0.0038427332
1.731483e-07,-0.0038477597
1.732483e-07,-0.0038556583
1.733483e-07,-0.0038578125
1.734483e-07,-0.0038527861
1.735483e-07,-0.0038448874
1.736483e-07,-0.003840579
1.737483e-07,-0.0038463235
1.738483e-07,-0.0038606847
1.739483e-07,-0.003875764
1.740483e-07,-0.0038807904
1.741483e-07,-0.0038693015
1.742483e-07,-0.0038434513
1.743483e-07,-0.0038132927
1.744483e-07,-0.0037960593
1.745483e-07,-0.0038003676
1.746483e-07,-0.003827654
1.747483e-07,-0.0038657112
1.748483e-07,-0.0038958697
1.749483e-07,-0.0039037684
1.750483e-07,-0.0038843807
1.751483e-07,-0.0038470416
1.752483e-07,-0.0038097024
1.753483e-07,-0.0037888787
1.754483e-07,-0.003793187
1.755483e-07,-0.0038183192
1.756483e-07,-0.0038491958
1.757483e-07,-0.0038693015
1.758483e-07,-0.0038700195
1.759483e-07,-0.0038542222
1.760483e-07,-0.0038333984
1.761483e-07,-0.0038233456
1.762483e-07,-0.0038312443
1.763483e-07,-0.0038556583
1.764483e-07,-0.0038843807
1.765483e-07,-0.0039037684
1.766483e-07,-0.0039059226
1.767483e-07,-0.0038937155
1.768483e-07,-0.0038764821
1.769483e-07,-0.0038693015
1.770483e-07,-0.0038793543
1.771483e-07,-0.0039073587
1.772483e-07,-0.0039418256
1.773483e-07,-0.0039727022
1.774483e-07,-0.0039906537
1.775483e-07,-0.0039949621
1.776483e-07,-0.003993526
1.777483e-07,-0.0039956801
1.778483e-07,-0.0040064511
1.779483e-07,-0.0040244026
1.780483e-07,-0.0040423541
1.781483e-07,-0.004053125
1.782483e-07,-0.0040524069
1.783483e-07,-0.0040445083
1.784483e-07,-0.0040380457
1.785483e-07,-0.004041636
1.786483e-07,-0.0040588695
1.787483e-07,-0.0040854377
1.788483e-07,-0.0041098518
1.789483e-07,-0.0041220588
1.790483e-07,-0.0041191866
1.791483e-07,-0.0041048254
1.792483e-07,-0.0040911822
1.793483e-07,-0.0040875919
1.794483e-07,-0.0040990809
1.795483e-07,-0.0041213408
1.796483e-07,-0.0041443187
1.797483e-07,-0.0041565257
1.798483e-07,-0.0041536535
1.799483e-07,-0.0041400103
1.800483e-07,-0.0041256491
1.801483e-07,-0.0041220588
1.802483e-07,-0.0041335478
1.803483e-07,-0.0041558077
1.804483e-07,-0.0041780676
1.805483e-07,-0.0041909926
1.806483e-07,-0.0041888385
1.807483e-07,-0.0041751953
1.808483e-07,-0.0041608341
1.809483e-07,-0.0041565257
1.810483e-07,-0.0041665786
1.811483e-07,-0.0041881204
1.812483e-07,-0.0042110983
1.813483e-07,-0.0042254596
1.814483e-07,-0.0042254596
1.815483e-07,-0.0042154067
1.816483e-07,-0.0042046358
1.817483e-07,-0.0042024816
1.818483e-07,-0.0042132525
1.819483e-07,-0.0042333582
1.820483e-07,-0.0042527459
1.821483e-07,-0.0042599265
1.822483e-07,-0.0042513097
1.823483e-07,-0.0042297679
1.824483e-07,-0.0042060719
1.825483e-07,-0.0041909926
1.826483e-07,-0.0041895565
1.827483e-07,-0.0041981733
1.828483e-07,-0.0042096622
1.829483e-07,-0.0042139706
1.830483e-07,-0.004207508
1.831483e-07,-0.0041938649
1.832483e-07,-0.0041816579
1.833483e-07,-0.0041795037
1.834483e-07,-0.0041902746
1.835483e-07,-0.0042082261
1.836483e-07,-0.0042233054
1.837483e-07,-0.0042254596
1.838483e-07,-0.0042110983
1.839483e-07,-0.0041852482
1.840483e-07,-0.004159398
1.841483e-07,-0.0041450368
1.842483e-07,-0.0041464729
1.843483e-07,-0.004160116
1.844483e-07,-0.0041744773
1.845483e-07,-0.0041795037
1.846483e-07,-0.0041687328
1.847483e-07,-0.0041450368
1.848483e-07,-0.0041184685
1.849483e-07,-0.0040990809
1.850483e-07,-0.0040933364
1.851483e-07,-0.0040983628
1.852483e-07,-0.0041069795
1.853483e-07,-0.0041105699
1.854483e-07,-0.0041041073
1.855483e-07,-0.004089028
1.856483e-07,-0.0040732307
1.857483e-07,-0.004064614
1.858483e-07,-0.004065332
1.859483e-07,-0.0040732307
1.860483e-07,-0.0040789752
1.861483e-07,-0.0040761029
1.862483e-07,-0.0040631778
1.863483e-07,-0.0040459444
1.864483e-07,-0.0040323012
1.865483e-07,-0.0040301471
1.866483e-07,-0.004040918
1.867483e-07,-0.0040567153
1.868483e-07,-0.0040682043
1.869483e-07,-0.004064614
1.870483e-07,-0.0040459444
1.871483e-07,-0.0040193761
1.872483e-07,-0.0039992705
1.873483e-07,-0.0039956801
1.874483e-07,-0.0040121955
1.875483e-07,-0.0040401999
1.876483e-07,-0.0040667682
1.877483e-07,-0.0040761029
1.878483e-07,-0.0040631778
1.879483e-07,-0.0040337374
1.880483e-07,-0.0040021427
1.881483e-07,-0.0039841912
1.882483e-07,-0.0039884995
1.883483e-07,-0.0040136317
1.884483e-07,-0.0040480986
1.885483e-07,-0.0040761029
1.886483e-07,-0.00408831
1.887483e-07,-0.0040840016
1.888483e-07,-0.0040717946
1.889483e-07,-0.004064614
1.890483e-07,-0.0040732307
1.891483e-07,-0.0040983628
1.892483e-07,-0.0041342659
1.893483e-07,-0.0041680147
1.894483e-07,-0.0041902746
1.895483e-07,-0.0041981733
1.896483e-07,-0.0041960191
1.897483e-07,-0.0041909926
1.898483e-07,-0.0041924288
1.899483e-07,-0.0042024816
1.900483e-07,-0.0042197151
1.901483e-07,-0.0042369485
1.902483e-07,-0.0042498736
1.903483e-07,-0.0042570542
1.904483e-07,-0.0042620807
1.905483e-07,-0.0042714154
1.906483e-07,-0.0042879308
1.907483e-07,-0.0043101907
1.908483e-07,-0.0043331687
1.909483e-07,-0.0043518382
1.910483e-07,-0.004361173
1.911483e-07,-0.0043618911
1.912483e-07,-0.004360455
1.913483e-07,-0.0043633272
1.914483e-07,-0.0043740981
1.915483e-07,-0.0043927677
1.916483e-07,-0.0044143095
1.917483e-07,-0.004432261
1.918483e-07,-0.0044415958
1.919483e-07,-0.0044415958
1.920483e-07,-0.0044365694
1.921483e-07,-0.004432261
1.922483e-07,-0.004431543
1.923483e-07,-0.0044358513
1.924483e-07,-0.0044408778
1.925483e-07,-0.00444375
1.926483e-07,-0.0044430319
1.927483e-07,-0.0044401597
1.928483e-07,-0.0044394416
1.929483e-07,-0.00444375
1.930483e-07,-0.0044538028
1.931483e-07,-0.0044645738
1.932483e-07,-0.0044710363
1.933483e-07,-0.0044667279
1.934483e-07,-0.0044516487
1.935483e-07,-0.0044293888
1.936483e-07,-0.004408565
1.937483e-07,-0.0043977941
1.938483e-07,-0.0043992302
1.939483e-07,-0.0044114373
1.940483e-07,-0.0044250804
1.941483e-07,-0.004432261
1.942483e-07,-0.0044265165
1.943483e-07,-0.004407847
1.944483e-07,-0.0043805607
1.945483e-07,-0.0043518382
1.946483e-07,-0.0043267061
1.947483e-07,-0.0043058824
1.948483e-07,-0.0042886489
1.949483e-07,-0.0042714154
1.950483e-07,-0.0042527459
1.951483e-07,-0.0042340763
1.952483e-07,-0.0042197151
1.953483e-07,-0.0042139706
1.954483e-07,-0.0042175609
1.955483e-07,-0.0042268957
1.956483e-07,-0.0042355124
1.957483e-07,-0.0042369485
1.958483e-07,-0.0042290499
1.959483e-07,-0.0042139706
1.960483e-07,-0.0041988913
1.961483e-07,-0.0041909926
1.962483e-07,-0.004194583
1.963483e-07,-0.0042082261
1.964483e-07,-0.0042247415
1.965483e-07,-0.0042369485
1.966483e-07,-0.0042391027
1.967483e-07,-0.0042319221
1.968483e-07,-0.0042204331
1.969483e-07,-0.0042139706
1.970483e-07,-0.0042197151
1.971483e-07,-0.0042405388
1.972483e-07,-0.0042714154
1.973483e-07,-0.0043058824
1.974483e-07,-0.0043346048
1.975483e-07,-0.0043532744
1.976483e-07,-0.0043618911
1.977483e-07,-0.0043633272
1.978483e-07,-0.0043647633
1.979483e-07,-0.0043697898
1.980483e-07,-0.0043819968
1.981483e-07,-0.0043977941
1.982483e-07,-0.0044150276
1.983483e-07,-0.0044308249
1.984483e-07,-0.0044444681
1.985483e-07,-0.004455239
1.986483e-07,-0.0044660099
1.987483e-07,-0.004479653
1.988483e-07,-0.0044947323
1.989483e-07,-0.0045126838
1.990483e-07,-0.0045306353
1.991483e-07,-0.0045471507
1.992483e-07,-0.0045607939
1.993483e-07,-0.0045701287
1.994483e-07,-0.0045758732
1.995483e-07,-0.0045780273
1.996483e-07,-0.0045794635
1.997483e-07,-0.0045816176
1.998483e-07,-0.0045873621
1.999483e-07,-0.004597415
2.000483e-07,-0.0046117762
2.001483e-07,-0.0046275735
2.002483e-07,-0.0046397806
2.003483e-07,-0.004644807
2.004483e-07,-0.0046397806
2.005483e-07,-0.0046275735
2.006483e-07,-0.0046124943
2.007483e-07,-0.0046002872
2.008483e-07,-0.004597415
2.009483e-07,-0.0046045956
2.010483e-07,-0.0046175207
2.011483e-07,-0.0046297277
2.012483e-07,-0.0046347541
2.013483e-07,-0.0046275735
2.014483e-07,-0.0046110581
2.015483e-07,-0.0045909524
2.016483e-07,-0.0045751551
2.017483e-07,-0.0045701287
2.018483e-07,-0.0045758732
2.019483e-07,-0.0045880802
2.020483e-07,-0.0045995692
2.021483e-07,-0.0046045956
2.022483e-07,-0.0046017233
2.023483e-07,-0.0045931066
2.024483e-07,-0.0045844899
2.025483e-07,-0.0045816176
2.026483e-07,-0.004585926
2.027483e-07,-0.0045945427
2.028483e-07,-0.0046024414
2.029483e-07,-0.0046045956
2.030483e-07,-0.0046002872
2.031483e-07,-0.0045909524
2.032483e-07,-0.0045830538
2.033483e-07,-0.0045816176
2.034483e-07,-0.0045880802
2.035483e-07,-0.0045995692
2.036483e-07,-0.0046103401
2.037483e-07,-0.0046160846
2.038483e-07,-0.0046146484
2.039483e-07,-0.0046074678
2.040483e-07,-0.0046024414
2.041483e-07,-0.0046045956
2.042483e-07,-0.0046175207
2.043483e-07,-0.0046383444
2.044483e-07,-0.0046634766
2.045483e-07,-0.0046850184
2.046483e-07,-0.0046986615
2.047483e-07,-0.004704406
2.048483e-07,-0.0047058421
2.049483e-07,-0.0047079963
2.050483e-07,-0.0047144589
2.051483e-07,-0.0047259478
2.052483e-07,-0.0047403091
2.053483e-07,-0.0047539522
2.054483e-07,-0.0047640051
2.055483e-07,-0.0047697495
2.056483e-07,-0.0047733398
2.057483e-07,-0.0047769301
2.058483e-07,-0.0047826746
2.059483e-07,-0.0047891372
2.060483e-07,-0.0047955997
2.061483e-07,-0.0047999081
2.062483e-07,-0.0048027803
2.063483e-07,-0.0048070887
2.064483e-07,-0.0048171415
2.065483e-07,-0.004834375
2.066483e-07,-0.0048587891
2.067483e-07,-0.0048846392
2.068483e-07,-0.0049047449
2.069483e-07,-0.0049147978
2.070483e-07,-0.0049126436
2.071483e-07,-0.0049011546
2.072483e-07,-0.0048882295
2.073483e-07,-0.0048803309
2.074483e-07,-0.004881767
2.075483e-07,-0.0048918199
2.076483e-07,-0.0049047449
2.077483e-07,-0.0049147978
2.078483e-07,-0.004916952
2.079483e-07,-0.0049126436
2.080483e-07,-0.0049061811
2.081483e-07,-0.0049033088
2.082483e-07,-0.0049083352
2.083483e-07,-0.0049212603
2.084483e-07,-0.0049370577
2.085483e-07,-0.0049492647
2.086483e-07,-0.004952855
2.087483e-07,-0.0049456744
2.088483e-07,-0.0049305951
2.089483e-07,-0.0049147978
2.090483e-07,-0.0049025908
2.091483e-07,-0.0048982824
2.092483e-07,-0.0048997185
2.093483e-07,-0.0049033088
2.094483e-07,-0.0049040269
2.095483e-07,-0.0048975643
2.096483e-07,-0.0048853573
2.097483e-07,-0.0048688419
2.098483e-07,-0.0048530446
2.099483e-07,-0.0048415556
2.100483e-07,-0.0048358111
2.101483e-07,-0.004834375
2.102483e-07,-0.0048350931
2.103483e-07,-0.0048350931
2.104483e-07,-0.0048315028
2.105483e-07,-0.004822886
2.106483e-07,-0.0048092429
2.107483e-07,-0.0047912914
2.108483e-07,-0.0047719037
2.109483e-07,-0.0047539522
2.110483e-07,-0.0047403091
2.111483e-07,-0.0047316923
2.112483e-07,-0.0047295381
2.113483e-07,-0.0047309743
2.114483e-07,-0.0047331284
2.115483e-07,-0.0047324104
2.116483e-07,-0.004727384
2.117483e-07,-0.0047194853
2.118483e-07,-0.0047123047
2.119483e-07,-0.0047108686
2.120483e-07,-0.0047173311
2.121483e-07,-0.0047309743
2.122483e-07,-0.0047460535
2.123483e-07,-0.0047561064
2.124483e-07,-0.0047553883
2.125483e-07,-0.0047424632
2.126483e-07,-0.0047209214
2.127483e-07,-0.0046993796
2.128483e-07,-0.0046857364
2.129483e-07,-0.0046850184
2.130483e-07,-0.0046965074
2.131483e-07,-0.0047137408
2.132483e-07,-0.004727384
2.133483e-07,-0.0047309743
2.134483e-07,-0.0047216395
2.135483e-07,-0.004704406
2.136483e-07,-0.0046857364
2.137483e-07,-0.0046735294
2.138483e-07,-0.0046706572
2.139483e-07,-0.0046756836
2.140483e-07,-0.0046821461
2.141483e-07,-0.0046850184
2.142483e-07,-0.004679992
2.143483e-07,-0.0046677849
2.144483e-07,-0.0046527057
2.145483e-07,-0.0046390625
2.146483e-07,-0.0046297277
2.147483e-07,-0.0046239832
2.148483e-07,-0.0046203929
2.149483e-07,-0.0046160846
2.150483e-07,-0.0046103401
2.151483e-07,-0.0046053136
2.152483e-07,-0.0046024414
2.153483e-07,-0.0046045956
2.154483e-07,-0.004609622
2.155483e-07,-0.0046139304
2.156483e-07,-0.0046132123
2.157483e-07,-0.0046045956
2.158483e-07,-0.0045909524
2.159483e-07,-0.0045765912
2.160483e-07,-0.0045686926
2.161483e-07,-0.0045701287
2.162483e-07,-0.0045808996
2.163483e-07,-0.0045952608
2.164483e-07,-0.0046045956
2.165483e-07,-0.0046045956
2.166483e-07,-0.0045938247
2.167483e-07,-0.0045765912
2.168483e-07,-0.0045593578
2.169483e-07,-0.0045471507
2.170483e-07,-0.0045414062
2.171483e-07,-0.0045370979
2.172483e-07,-0.0045291992
2.173483e-07,-0.0045126838
2.174483e-07,-0.0044882698
2.175483e-07,-0.0044631376
2.176483e-07,-0.0044459042
2.177483e-07,-0.00444375
2.178483e-07,-0.0044566751
2.179483e-07,-0.004479653
2.180483e-07,-0.0045011949
2.181483e-07,-0.0045126838
2.182483e-07,-0.0045105296
2.183483e-07,-0.0044983226
2.184483e-07,-0.0044846795
2.185483e-07,-0.0044782169
2.186483e-07,-0.0044825253
2.187483e-07,-0.0044947323
2.188483e-07,-0.0045076574
2.189483e-07,-0.0045126838
2.190483e-07,-0.0045062213
2.191483e-07,-0.004491142
2.192483e-07,-0.0044746266
2.193483e-07,-0.0044667279
2.194483e-07,-0.0044724724
2.195483e-07,-0.0044904239
2.196483e-07,-0.0045141199
2.197483e-07,-0.0045356618
2.198483e-07,-0.0045478688
2.199483e-07,-0.0045493049
2.200483e-07,-0.0045435604
2.201483e-07,-0.0045356618
2.202483e-07,-0.0045306353
2.203483e-07,-0.0045284812
2.204483e-07,-0.004527045
2.205483e-07,-0.0045241728
2.206483e-07,-0.0045177102
2.207483e-07,-0.0045112477
2.208483e-07,-0.0045083755
2.209483e-07,-0.0045126838
2.210483e-07,-0.0045241728
2.211483e-07,-0.004538534
2.212483e-07,-0.0045478688
2.213483e-07,-0.0045471507
2.214483e-07,-0.0045342256
2.215483e-07,-0.0045134019
2.216483e-07,-0.0044918601
2.217483e-07,-0.0044782169
2.218483e-07,-0.0044753447
2.219483e-07,-0.0044803711
2.220483e-07,-0.0044875517
2.221483e-07,-0.0044897059
2.222483e-07,-0.0044832433
2.223483e-07,-0.0044696002
2.224483e-07,-0.0044545209
2.225483e-07,-0.00444375
2.226483e-07,-0.0044401597
2.227483e-07,-0.0044423139
2.228483e-07,-0.0044451861
2.229483e-07,-0.00444375
2.230483e-07,-0.0044358513
2.231483e-07,-0.0044236443
2.232483e-07,-0.0044128734
2.233483e-07,-0.0044092831
2.234483e-07,-0.0044135915
2.235483e-07,-0.0044236443
2.236483e-07,-0.004431543
2.237483e-07,-0.004432261
2.238483e-07,-0.0044229262
2.239483e-07,-0.0044056928
2.240483e-07,-0.0043877413
2.241483e-07,-0.0043748162
2.242483e-07,-0.0043712259
2.243483e-07,-0.0043748162
2.244483e-07,-0.0043812787
2.245483e-07,-0.0043863051
2.246483e-07,-0.0043870232
2.247483e-07,-0.0043863051
2.248483e-07,-0.0043884593
2.249483e-07,-0.0043977941
2.250483e-07,-0.0044143095
2.251483e-07,-0.0044336972
2.252483e-07,-0.0044487764
2.253483e-07,-0.004455239
2.254483e-07,-0.0044516487
2.255483e-07,-0.0044415958
2.256483e-07,-0.0044329791
2.257483e-07,-0.004432261
2.258483e-07,-0.0044408778
2.259483e-07,-0.004455239
2.260483e-07,-0.0044696002
2.261483e-07,-0.0044782169
2.262483e-07,-0.004478935
2.263483e-07,-0.0044753447
2.264483e-07,-0.0044731905
2.265483e-07,-0.0044782169
2.266483e-07,-0.0044897059
2.267483e-07,-0.0045019129
2.268483e-07,-0.0045076574
2.269483e-07,-0.0045011949
2.270483e-07,-0.0044832433
2.271483e-07,-0.0044617015
2.272483e-07,-0.0044487764
2.273483e-07,-0.004455239
2.274483e-07,-0.0044832433
2.275483e-07,-0.004526327
2.276483e-07,-0.0045708467
2.277483e-07,-0.0046045956
2.278483e-07,-0.0046182387
2.279483e-07,-0.0046146484
2.280483e-07,-0.0046017233
2.281483e-07,-0.0045931066
2.282483e-07,-0.0045966969
2.283483e-07,-0.0046132123
2.284483e-07,-0.0046347541
2.285483e-07,-0.0046505515
2.286483e-07,-0.0046519876
2.287483e-07,-0.0046383444
2.288483e-07,-0.0046182387
2.289483e-07,-0.0046045956
2.290483e-07,-0.004608904
2.291483e-07,-0.0046361903
2.292483e-07,-0.00468071
2.293483e-07,-0.0047309743
2.294483e-07,-0.0047719037
2.295483e-07,-0.0047927275
2.296483e-07,-0.0047927275
2.297483e-07,-0.0047769301
2.298483e-07,-0.0047568244
2.299483e-07,-0.0047431813
2.300483e-07,-0.0047424632
2.301483e-07,-0.0047539522
2.302483e-07,-0.0047733398
2.303483e-07,-0.0047927275
2.304483e-07,-0.0048056526
2.305483e-07,-0.0048113971
2.306483e-07,-0.0048099609
2.307483e-07,-0.0048049345
2.308483e-07,-0.0048006261
2.309483e-07,-0.0047999081
2.310483e-07,-0.0048027803
2.311483e-07,-0.0048092429
2.312483e-07,-0.0048164235
2.313483e-07,-0.004822886
2.314483e-07,-0.0048264763
2.315483e-07,-0.0048271944
2.316483e-07,-0.0048257583
2.317483e-07,-0.004822886
2.318483e-07,-0.0048207318
2.319483e-07,-0.0048200138
2.320483e-07,-0.0048214499
2.321483e-07,-0.004822886
2.322483e-07,-0.0048236041
2.323483e-07,-0.0048214499
2.324483e-07,-0.0048171415
2.325483e-07,-0.0048113971
2.326483e-07,-0.0048078068
2.327483e-07,-0.0048092429
2.328483e-07,-0.0048149874
2.329483e-07,-0.004822886
2.330483e-07,-0.0048271944
2.331483e-07,-0.0048236041
2.332483e-07,-0.0048099609
2.333483e-07,-0.0047884191
2.334483e-07,-0.0047654412
2.335483e-07,-0.0047496438
2.336483e-07,-0.0047453355
2.337483e-07,-0.0047539522
2.338483e-07,-0.0047683134
2.339483e-07,-0.0047798024
2.340483e-07,-0.0047798024
2.341483e-07,-0.0047654412
2.342483e-07,-0.004739591
2.343483e-07,-0.0047115866
2.344483e-07,-0.0046914809
2.345483e-07,-0.0046850184
2.346483e-07,-0.0046907629
2.347483e-07,-0.0047015338
2.348483e-07,-0.0047094324
2.349483e-07,-0.0047079963
2.350483e-07,-0.0046972254
2.351483e-07,-0.0046828642
2.352483e-07,-0.0046728114
2.353483e-07,-0.0046735294
2.354483e-07,-0.0046843003
2.355483e-07,-0.0046986615
2.356483e-07,-0.0047087144
2.357483e-07,-0.0047079963
2.358483e-07,-0.0046965074
2.359483e-07,-0.0046814281
2.360483e-07,-0.0046706572
2.361483e-07,-0.0046735294
2.362483e-07,-0.0046900448
2.363483e-07,-0.0047144589
2.364483e-07,-0.0047388729
2.365483e-07,-0.0047539522
2.366483e-07,-0.0047582606
2.367483e-07,-0.0047568244
2.368483e-07,-0.0047568244
2.369483e-07,-0.0047654412
2.370483e-07,-0.0047833927
2.371483e-07,-0.0048049345
2.372483e-07,-0.0048207318
2.373483e-07,-0.004822886
2.374483e-07,-0.0048099609
2.375483e-07,-0.0047877011
2.376483e-07,-0.0047654412
2.377483e-07,-0.0047539522
2.378483e-07,-0.0047561064
2.379483e-07,-0.0047683134
2.380483e-07,-0.0047826746
2.381483e-07,-0.0047884191
2.382483e-07,-0.0047826746
2.383483e-07,-0.0047683134
2.384483e-07,-0.0047525161
2.385483e-07,-0.0047424632
2.386483e-07,-0.0047403091
2.387483e-07,-0.0047431813
2.388483e-07,-0.0047424632
2.389483e-07,-0.0047309743
2.390483e-07,-0.0047079963
2.391483e-07,-0.0046785558
2.392483e-07,-0.0046527057
2.393483e-07,-0.0046390625
2.394483e-07,-0.0046412167
2.395483e-07,-0.0046548598
2.396483e-07,-0.004668503
2.397483e-07,-0.0046735294
2.398483e-07,-0.0046641946
2.399483e-07,-0.0046433709
2.400483e-07,-0.0046203929
2.401483e-07,-0.0046045956
2.402483e-07,-0.0046017233
2.403483e-07,-0.004609622
2.404483e-07,-0.004621111
2.405483e-07,-0.0046275735
2.406483e-07,-0.0046232652
2.407483e-07,-0.004609622
2.408483e-07,-0.0045931066
2.409483e-07,-0.0045816176
2.410483e-07,-0.0045787454
2.411483e-07,-0.0045837718
2.412483e-07,-0.0045902344
2.413483e-07,-0.0045931066
2.414483e-07,-0.0045902344
2.415483e-07,-0.0045844899
2.416483e-07,-0.0045837718
2.417483e-07,-0.0045931066
2.418483e-07,-0.0046139304
2.419483e-07,-0.0046404986
2.420483e-07,-0.0046634766
2.421483e-07,-0.0046735294
2.422483e-07,-0.004668503
2.423483e-07,-0.0046541418
2.424483e-07,-0.0046412167
2.425483e-07,-0.0046390625
2.426483e-07,-0.0046534237
2.427483e-07,-0.004679992
2.428483e-07,-0.0047094324
2.429483e-07,-0.0047309743
2.430483e-07,-0.004739591
2.431483e-07,-0.0047367187
2.432483e-07,-0.0047302562
2.433483e-07,-0.0047309743
2.434483e-07,-0.0047431813
2.435483e-07,-0.0047661592
2.436483e-07,-0.0047920094
2.437483e-07,-0.0048113971
2.438483e-07,-0.0048185777
2.439483e-07,-0.0048135512
2.440483e-07,-0.0048042165
2.441483e-07,-0.0047999081
2.442483e-07,-0.0048056526
2.443483e-07,-0.0048214499
2.444483e-07,-0.0048415556
2.445483e-07,-0.0048573529
2.446483e-07,-0.0048630974
2.447483e-07,-0.004858071
2.448483e-07,-0.004845864
2.449483e-07,-0.004834375
2.450483e-07,-0.0048271944
2.451483e-07,-0.0048257583
2.452483e-07,-0.0048257583
2.453483e-07,-0.004822886
2.454483e-07,-0.0048149874
2.455483e-07,-0.0048042165
2.456483e-07,-0.0047934455
2.457483e-07,-0.0047884191
2.458483e-07,-0.0047905733
2.459483e-07,-0.004798472
2.460483e-07,-0.0048063706
2.461483e-07,-0.0048113971
2.462483e-07,-0.0048113971
2.463483e-07,-0.0048085248
2.464483e-07,-0.0048070887
2.465483e-07,-0.0048113971
2.466483e-07,-0.0048207318
2.467483e-07,-0.0048307847
2.468483e-07,-0.0048365292
2.469483e-07,-0.004834375
2.470483e-07,-0.0048257583
2.471483e-07,-0.0048157054
2.472483e-07,-0.0048135512
2.473483e-07,-0.004822886
2.474483e-07,-0.0048415556
2.475483e-07,-0.0048623794
2.476483e-07,-0.0048738683
2.477483e-07,-0.0048688419
2.478483e-07,-0.0048473001
2.479483e-07,-0.0048185777
2.480483e-07,-0.0047948817
2.481483e-07,-0.0047884191
2.482483e-07,-0.0048020623
2.483483e-07,-0.0048307847
2.484483e-07,-0.0048609432
2.485483e-07,-0.0048803309
2.486483e-07,-0.004881767
2.487483e-07,-0.0048681239
2.488483e-07,-0.0048480182
2.489483e-07,-0.004834375
2.490483e-07,-0.0048350931
2.491483e-07,-0.0048501723
2.492483e-07,-0.0048724322
2.493483e-07,-0.0048918199
2.494483e-07,-0.0049004366
2.495483e-07,-0.0048982824
2.496483e-07,-0.0048882295
2.497483e-07,-0.0048803309
2.498483e-07,-0.0048803309
2.499483e-07,-0.0048889476
2.500483e-07,-0.0049025908
2.501483e-07,-0.0049147978
2.502483e-07,-0.0049205423
2.503483e-07,-0.0049198242
2.504483e-07,-0.0049162339
2.505483e-07,-0.0049147978
2.506483e-07,-0.0049191062
2.507483e-07,-0.0049270048
2.508483e-07,-0.0049356216
2.509483e-07,-0.0049377757
2.510483e-07,-0.0049320312
2.511483e-07,-0.0049198242
2.512483e-07,-0.0049076172
2.513483e-07,-0.0049033088
2.514483e-07,-0.0049104894
2.515483e-07,-0.0049270048
2.516483e-07,-0.0049471105
2.517483e-07,-0.0049607537
2.518483e-07,-0.0049621898
2.519483e-07,-0.0049514189
2.520483e-07,-0.0049327493
2.521483e-07,-0.0049147978
2.522483e-07,-0.0049040269
2.523483e-07,-0.0049025908
2.524483e-07,-0.0049076172
2.525483e-07,-0.0049147978
2.526483e-07,-0.00491767
2.527483e-07,-0.0049155159
2.528483e-07,-0.0049090533
2.529483e-07,-0.0049033088
2.530483e-07,-0.0049033088
2.531483e-07,-0.0049104894
2.532483e-07,-0.0049234145
2.533483e-07,-0.0049377757
2.534483e-07,-0.0049499828
2.535483e-07,-0.0049571634
2.536483e-07,-0.0049600356
2.537483e-07,-0.0049607537
2.538483e-07,-0.0049607537
2.539483e-07,-0.0049614717
2.540483e-07,-0.0049614717
2.541483e-07,-0.0049607537
2.542483e-07,-0.0049585995
2.543483e-07,-0.0049564453
2.544483e-07,-0.0049571634
2.545483e-07,-0.0049607537
2.546483e-07,-0.0049679343
2.547483e-07,-0.004976551
2.548483e-07,-0.0049822955
2.549483e-07,-0.0049837316
2.550483e-07,-0.0049801413
2.551483e-07,-0.0049743968
2.552483e-07,-0.0049708065
2.553483e-07,-0.0049722426
2.554483e-07,-0.0049801413
2.555483e-07,-0.0049916303
2.556483e-07,-0.0050016831
2.557483e-07,-0.0050067096
2.558483e-07,-0.0050052734
2.559483e-07,-0.004999529
2.560483e-07,-0.0049945025
2.561483e-07,-0.0049952206
2.562483e-07,-0.0050031193
2.563483e-07,-0.0050167624
2.564483e-07,-0.0050311236
2.565483e-07,-0.0050411765
2.566483e-07,-0.0050433307
2.567483e-07,-0.0050383042
2.568483e-07,-0.0050282514
2.569483e-07,-0.0050181985
2.570483e-07,-0.0050110179
2.571483e-07,-0.0050081457
2.572483e-07,-0.0050081457
2.573483e-07,-0.0050067096
2.574483e-07,-0.0050031193
2.575483e-07,-0.0049973748
2.576483e-07,-0.0049901942
2.577483e-07,-0.0049837316
2.578483e-07,-0.0049794233
2.579483e-07,-0.004976551
2.580483e-07,-0.0049743968
2.581483e-07,-0.0049722426
2.582483e-07,-0.0049708065
2.583483e-07,-0.0049722426
2.584483e-07,-0.004976551
2.585483e-07,-0.0049837316
2.586483e-07,-0.0049909122
2.587483e-07,-0.0049930664
2.588483e-07,-0.0049873219
2.589483e-07,-0.0049722426
2.590483e-07,-0.0049521369
2.591483e-07,-0.0049341854
2.592483e-07,-0.0049241326
2.593483e-07,-0.0049262868
2.594483e-07,-0.0049384938
2.595483e-07,-0.0049542911
2.596483e-07,-0.0049636259
2.597483e-07,-0.0049607537
2.598483e-07,-0.0049442383
2.599483e-07,-0.0049191062
2.600483e-07,-0.0048946921
2.601483e-07,-0.0048803309
2.602483e-07,-0.0048796128
2.603483e-07,-0.0048896657
2.604483e-07,-0.0049047449
2.605483e-07,-0.0049147978
2.606483e-07,-0.0049147978
2.607483e-07,-0.0049040269
2.608483e-07,-0.0048860754
2.609483e-07,-0.0048688419
2.610483e-07,-0.0048566349
2.611483e-07,-0.0048523265
2.612483e-07,-0.0048537626
2.613483e-07,-0.0048573529
2.614483e-07,-0.0048595071
2.615483e-07,-0.0048587891
2.616483e-07,-0.004858071
2.617483e-07,-0.0048573529
2.618483e-07,-0.0048587891
2.619483e-07,-0.0048609432
2.620483e-07,-0.0048616613
2.621483e-07,-0.0048573529
2.622483e-07,-0.0048487362
2.623483e-07,-0.0048386834
2.624483e-07,-0.0048322208
2.625483e-07,-0.004834375
2.626483e-07,-0.004845864
2.627483e-07,-0.0048638155
2.628483e-07,-0.0048810489
2.629483e-07,-0.0048918199
2.630483e-07,-0.0048903837
2.631483e-07,-0.0048774586
2.632483e-07,-0.0048566349
2.633483e-07,-0.004834375
2.634483e-07,-0.0048157054
2.635483e-07,-0.0048020623
2.636483e-07,-0.0047905733
2.637483e-07,-0.0047769301
2.638483e-07,-0.0047561064
2.639483e-07,-0.0047252298
2.640483e-07,-0.0046857364
2.641483e-07,-0.0046390625
2.642483e-07,-0.0045887983
2.643483e-07,-0.0045363798
2.644483e-07,-0.0044803711
2.645483e-07,-0.0044207721
2.646483e-07,-0.0043561466
2.647483e-07,-0.0042872128
2.648483e-07,-0.0042161248
2.649483e-07,-0.0041450368
2.650483e-07,-0.0040753849
2.651483e-07,-0.0040064511
2.652483e-07,-0.0039353631
2.653483e-07,-0.0038578125
2.654483e-07,-0.0037716452
2.655483e-07,-0.0036768612
2.656483e-07,-0.0035741785
2.657483e-07,-0.0034671875
2.658483e-07,-0.0033594784
2.659483e-07,-0.0032532054
2.660483e-07,-0.0031505227
2.661483e-07,-0.0030535846
2.662483e-07,-0.0029623909
2.663483e-07,-0.0028776597
2.664483e-07,-0.002797955
2.665483e-07,-0.0027204044
2.666483e-07,-0.0026421358
2.667483e-07,-0.0025588408
2.668483e-07,-0.0024698012
2.669483e-07,-0.0023757353
2.670483e-07,-0.0022823874
2.671483e-07,-0.0021983743
2.672483e-07,-0.0021287224
2.673483e-07,-0.0020770221
2.674483e-07,-0.002041119
2.675483e-07,-0.0020131147
2.676483e-07,-0.0019851103
2.677483e-07,-0.0019506434
2.678483e-07,-0.0019075597
2.679483e-07,-0.0018601677
2.680483e-07,-0.0018149299
2.681483e-07,-0.0017783088
2.682483e-07,-0.0017524586
2.683483e-07,-0.0017359432
2.684483e-07,-0.0017237362
2.685483e-07,-0.001709375
2.686483e-07,-0.0016907054
2.687483e-07,-0.0016698817
2.688483e-07,-0.0016512121
2.689483e-07,-0.0016404412
2.690483e-07,-0.0016397231
2.691483e-07,-0.0016483398
2.692483e-07,-0.001661983
2.693483e-07,-0.0016749081
2.694483e-07,-0.0016835248
2.695483e-07,-0.0016871151
2.696483e-07,-0.0016871151
2.697483e-07,-0.0016863971
2.698483e-07,-0.001685679
2.699483e-07,-0.0016849609
2.700483e-07,-0.0016820887
2.701483e-07,-0.0016749081
2.702483e-07,-0.0016634191
2.703483e-07,-0.0016512121
2.704483e-07,-0.0016425954
2.705483e-07,-0.0016404412
2.706483e-07,-0.0016461857
2.707483e-07,-0.0016583927
2.708483e-07,-0.001673472
2.709483e-07,-0.0016863971
2.710483e-07,-0.0016964499
2.711483e-07,-0.0017043486
2.712483e-07,-0.0017122472
2.713483e-07,-0.001720864
2.714483e-07,-0.0017294807
2.715483e-07,-0.0017345071
2.716483e-07,-0.0017323529
2.717483e-07,-0.001720864
2.718483e-07,-0.0017029125
2.719483e-07,-0.0016842429
2.720483e-07,-0.001673472
2.721483e-07,-0.0016749081
2.722483e-07,-0.0016892693
2.723483e-07,-0.0017115292
2.724483e-07,-0.0017323529
2.725483e-07,-0.0017438419
2.726483e-07,-0.0017416877
2.727483e-07,-0.0017273265
2.728483e-07,-0.0017065028
2.729483e-07,-0.0016863971
2.730483e-07,-0.0016720358
2.731483e-07,-0.0016634191
2.732483e-07,-0.0016583927
2.733483e-07,-0.0016519301
2.734483e-07,-0.0016418773
2.735483e-07,-0.0016282341
2.736483e-07,-0.001614591
2.737483e-07,-0.0016059743
2.738483e-07,-0.0016038201
2.739483e-07,-0.0016066923
2.740483e-07,-0.0016124368
2.741483e-07,-0.0016174632
2.742483e-07,-0.0016188994
2.743483e-07,-0.0016181813
2.744483e-07,-0.0016174632
2.745483e-07,-0.0016174632
2.746483e-07,-0.0016181813
2.747483e-07,-0.0016167452
2.748483e-07,-0.0016095646
2.749483e-07,-0.0015944853
2.750483e-07,-0.0015736615
2.751483e-07,-0.0015521197
2.752483e-07,-0.0015384766
2.753483e-07,-0.0015370404
2.754483e-07,-0.0015485294
2.755483e-07,-0.0015693532
2.756483e-07,-0.0015901769
2.757483e-07,-0.0016059743
2.758483e-07,-0.0016124368
2.759483e-07,-0.0016110007
2.760483e-07,-0.0016074104
2.761483e-07,-0.0016059743
2.762483e-07,-0.0016081284
2.763483e-07,-0.0016124368
2.764483e-07,-0.0016131549
2.765483e-07,-0.0016059743
2.766483e-07,-0.0015901769
2.767483e-07,-0.0015693532
2.768483e-07,-0.0015492475
2.769483e-07,-0.0015370404
2.770483e-07,-0.0015341682
2.771483e-07,-0.0015384766
2.772483e-07,-0.0015449391
2.773483e-07,-0.0015485294
2.774483e-07,-0.0015463752
2.775483e-07,-0.0015406307
2.776483e-07,-0.0015363224
2.777483e-07,-0.0015370404
2.778483e-07,-0.001543503
2.779483e-07,-0.0015521197
2.780483e-07,-0.00155571
2.781483e-07,-0.0015485294
2.782483e-07,-0.0015298598
2.783483e-07,-0.0015047277
2.784483e-07,-0.0014817498
2.785483e-07,-0.0014681066
2.786483e-07,-0.0014688247
2.787483e-07,-0.0014810317
2.788483e-07,-0.0014989832
2.789483e-07,-0.0015140625
2.790483e-07,-0.0015212431
2.791483e-07,-0.001520525
2.792483e-07,-0.0015162167
2.793483e-07,-0.0015140625
2.794483e-07,-0.0015176528
2.795483e-07,-0.0015255515
2.796483e-07,-0.0015341682
2.797483e-07,-0.0015370404
2.798483e-07,-0.001532014
2.799483e-07,-0.0015212431
2.800483e-07,-0.0015090361
2.801483e-07,-0.0015025735
2.802483e-07,-0.0015061638
2.803483e-07,-0.001519807
2.804483e-07,-0.0015399127
2.805483e-07,-0.0015600184
2.806483e-07,-0.0015758157
2.807483e-07,-0.0015858686
2.808483e-07,-0.001590895
2.809483e-07,-0.0015944853
2.810483e-07,-0.0015980756
2.811483e-07,-0.0016002298
2.812483e-07,-0.0016002298
2.813483e-07,-0.0015944853
2.814483e-07,-0.0015837144
2.815483e-07,-0.0015700712
2.816483e-07,-0.0015571461
2.817483e-07,-0.0015485294
2.818483e-07,-0.0015456572
2.819483e-07,-0.0015470933
2.820483e-07,-0.0015485294
2.821483e-07,-0.0015485294
2.822483e-07,-0.0015463752
2.823483e-07,-0.0015456572
2.824483e-07,-0.0015492475
2.825483e-07,-0.0015600184
2.826483e-07,-0.0015750977
2.827483e-07,-0.0015901769
2.828483e-07,-0.0015980756
2.829483e-07,-0.0015944853
2.830483e-07,-0.0015808421
2.831483e-07,-0.0015636087
2.832483e-07,-0.0015506836
2.833483e-07,-0.0015485294
2.834483e-07,-0.0015585823
2.835483e-07,-0.0015772518
2.836483e-07,-0.0015952034
2.837483e-07,-0.0016059743
2.838483e-07,-0.0016059743
2.839483e-07,-0.0015980756
2.840483e-07,-0.0015887408
2.841483e-07,-0.0015829963
2.842483e-07,-0.0015837144
2.843483e-07,-0.0015880227
2.844483e-07,-0.0015894589
2.845483e-07,-0.0015829963
2.846483e-07,-0.0015664809
2.847483e-07,-0.001544221
2.848483e-07,-0.0015241153
2.849483e-07,-0.0015140625
2.850483e-07,-0.0015183709
2.851483e-07,-0.0015341682
2.852483e-07,-0.0015542739
2.853483e-07,-0.0015715074
2.854483e-07,-0.001579406
2.855483e-07,-0.0015765338
2.856483e-07,-0.0015686351
2.857483e-07,-0.0015600184
2.858483e-07,-0.001554992
2.859483e-07,-0.0015535558
2.860483e-07,-0.0015528378
2.861483e-07,-0.0015485294
2.862483e-07,-0.0015391946
2.863483e-07,-0.0015262695
2.864483e-07,-0.0015162167
2.865483e-07,-0.0015140625
2.866483e-07,-0.0015226792
2.867483e-07,-0.0015399127
2.868483e-07,-0.0015621726
2.869483e-07,-0.0015829963
2.870483e-07,-0.0015987937
2.871483e-07,-0.0016102826
2.872483e-07,-0.0016196174
2.873483e-07,-0.0016289522
2.874483e-07,-0.0016397231
2.875483e-07,-0.001649776
2.876483e-07,-0.0016548024
2.877483e-07,-0.0016519301
2.878483e-07,-0.0016418773
2.879483e-07,-0.0016296703
2.880483e-07,-0.0016232077
2.881483e-07,-0.0016289522
2.882483e-07,-0.0016483398
2.883483e-07,-0.0016777803
2.884483e-07,-0.0017086569
2.885483e-07,-0.0017323529
2.886483e-07,-0.0017438419
2.887483e-07,-0.0017431239
2.888483e-07,-0.0017373794
2.889483e-07,-0.0017323529
2.890483e-07,-0.0017337891
2.891483e-07,-0.0017409697
2.892483e-07,-0.0017503045
2.893483e-07,-0.0017553309
2.894483e-07,-0.0017517406
2.895483e-07,-0.0017395335
2.896483e-07,-0.0017230182
2.897483e-07,-0.001709375
2.898483e-07,-0.0017029125
2.899483e-07,-0.0017050666
2.900483e-07,-0.0017122472
2.901483e-07,-0.001720864
2.902483e-07,-0.0017258904
2.903483e-07,-0.0017266085
2.904483e-07,-0.0017237362
2.905483e-07,-0.001720864
2.906483e-07,-0.0017201459
2.907483e-07,-0.001720864
2.908483e-07,-0.0017223001
2.909483e-07,-0.001720864
2.910483e-07,-0.0017172737
2.911483e-07,-0.0017129653
2.912483e-07,-0.0017122472
2.913483e-07,-0.001720864
2.914483e-07,-0.0017395335
2.915483e-07,-0.0017668199
2.916483e-07,-0.0017969784
2.917483e-07,-0.0018242647
2.918483e-07,-0.0018443704
2.919483e-07,-0.0018551413
2.920483e-07,-0.0018587316
2.921483e-07,-0.0018587316
2.922483e-07,-0.0018580136
2.923483e-07,-0.0018587316
2.924483e-07,-0.0018594497
2.925483e-07,-0.0018587316
2.926483e-07,-0.0018572955
2.927483e-07,-0.0018572955
2.928483e-07,-0.0018601677
2.929483e-07,-0.0018702206
2.930483e-07,-0.001886736
2.931483e-07,-0.0019089959
2.932483e-07,-0.0019312557
2.933483e-07,-0.0019506434
2.934483e-07,-0.0019642865
2.935483e-07,-0.0019714671
2.936483e-07,-0.0019743394
2.937483e-07,-0.0019736213
2.938483e-07,-0.001970031
2.939483e-07,-0.0019614143
2.940483e-07,-0.0019470531
2.941483e-07,-0.0019276654
2.942483e-07,-0.0019054056
2.943483e-07,-0.001886736
2.944483e-07,-0.0018774012
2.945483e-07,-0.0018817096
2.946483e-07,-0.001898943
2.947483e-07,-0.0019233571
2.948483e-07,-0.0019470531
2.949483e-07,-0.0019621324
2.950483e-07,-0.0019635685
2.951483e-07,-0.0019527976
2.952483e-07,-0.001934846
2.953483e-07,-0.0019161765
2.954483e-07,-0.0019018153
2.955483e-07,-0.0018931985
2.956483e-07,-0.0018881721
2.957483e-07,-0.0018817096
2.958483e-07,-0.0018716567
2.959483e-07,-0.0018587316
2.960483e-07,-0.0018450885
2.961483e-07,-0.0018357537
2.962483e-07,-0.0018335995
2.963483e-07,-0.0018386259
2.964483e-07,-0.0018479607
2.965483e-07,-0.0018587316
2.966483e-07,-0.0018659122
2.967483e-07,-0.0018680664
2.968483e-07,-0.0018651942
2.969483e-07,-0.0018587316
2.970483e-07,-0.001850833
2.971483e-07,-0.0018429343
2.972483e-07,-0.0018335995
2.973483e-07,-0.0018242647
2.974483e-07,-0.0018149299
2.975483e-07,-0.0018084674
2.976483e-07,-0.0018070312
2.977483e-07,-0.0018127757
2.978483e-07,-0.0018242647
2.979483e-07,-0.0018386259
2.980483e-07,-0.001850833
2.981483e-07,-0.0018587316
2.982483e-07,-0.0018601677
2.983483e-07,-0.0018587316
2.984483e-07,-0.0018572955
2.985483e-07,-0.0018587316
2.986483e-07,-0.0018644761
2.987483e-07,-0.0018716567
2.988483e-07,-0.001874529
2.989483e-07,-0.0018702206
2.990483e-07,-0.0018572955
2.991483e-07,-0.0018407801
2.992483e-07,-0.0018271369
2.993483e-07,-0.0018242647
2.994483e-07,-0.0018371898
2.995483e-07,-0.001863758
2.996483e-07,-0.0018967888
2.997483e-07,-0.0019276654
2.998483e-07,-0.001946335
2.999483e-07,-0.0019506434
3.000483e-07,-0.0019413086
3.001483e-07,-0.0019276654
3.002483e-07,-0.0019183307
3.003483e-07,-0.0019212029
3.004483e-07,-0.0019370002
3.005483e-07,-0.0019621324
3.006483e-07,-0.0019894187
3.007483e-07,-0.0020109605
3.008483e-07,-0.0020210133
3.009483e-07,-0.0020195772
3.010483e-07,-0.0020109605
3.011483e-07,-0.0020023437
3.012483e-07,-0.0019994715
3.013483e-07,-0.0020080882
3.014483e-07,-0.0020267578
3.015483e-07,-0.002052608
3.016483e-07,-0.0020791762
3.017483e-07,-0.0021
3.018483e-07,-0.002111489
3.019483e-07,-0.002112207
3.020483e-07,-0.0021071806
3.021483e-07,-0.0021
3.022483e-07,-0.0020971278
3.023483e-07,-0.0021021542
3.024483e-07,-0.0021157973
3.025483e-07,-0.0021344669
3.026483e-07,-0.0021538545
3.027483e-07,-0.0021689338
3.028483e-07,-0.0021775506
3.029483e-07,-0.0021804228
3.030483e-07,-0.0021804228
3.031483e-07,-0.002183295
3.032483e-07,-0.0021904756
3.033483e-07,-0.0022034007
3.034483e-07,-0.00221848
3.035483e-07,-0.0022292509
3.036483e-07,-0.0022328412
3.037483e-07,-0.0022263787
3.038483e-07,-0.0022120175
3.039483e-07,-0.0021962201
3.040483e-07,-0.0021840131
3.041483e-07,-0.0021804228
3.042483e-07,-0.0021854492
3.043483e-07,-0.0021969382
3.044483e-07,-0.0022077091
3.045483e-07,-0.0022148897
3.046483e-07,-0.0022156078
3.047483e-07,-0.0022112994
3.048483e-07,-0.002206273
3.049483e-07,-0.0022034007
3.050483e-07,-0.0022048369
3.051483e-07,-0.0022091452
3.052483e-07,-0.0022134536
3.053483e-07,-0.0022148897
3.054483e-07,-0.0022112994
3.055483e-07,-0.0022041188
3.056483e-07,-0.0021962201
3.057483e-07,-0.0021919118
3.058483e-07,-0.0021926298
3.059483e-07,-0.0021983743
3.060483e-07,-0.002206991
3.061483e-07,-0.0022148897
3.062483e-07,-0.0022199161
3.063483e-07,-0.0022227884
3.064483e-07,-0.0022242245
3.065483e-07,-0.0022263787
3.066483e-07,-0.002230687
3.067483e-07,-0.0022349954
3.068483e-07,-0.0022385857
3.069483e-07,-0.0022378676
3.070483e-07,-0.0022335593
3.071483e-07,-0.0022278148
3.072483e-07,-0.0022235064
3.073483e-07,-0.0022263787
3.074483e-07,-0.0022371496
3.075483e-07,-0.0022551011
3.076483e-07,-0.0022766429
3.077483e-07,-0.0022953125
3.078483e-07,-0.0023075195
3.079483e-07,-0.002312546
3.080483e-07,-0.0023103918
3.081483e-07,-0.0023068015
3.082483e-07,-0.0023046473
3.083483e-07,-0.0023060834
3.084483e-07,-0.0023118279
3.085483e-07,-0.0023182904
3.086483e-07,-0.0023225988
3.087483e-07,-0.0023218807
3.088483e-07,-0.0023161363
3.089483e-07,-0.0023068015
3.090483e-07,-0.0022974667
3.091483e-07,-0.0022910041
3.092483e-07,-0.0022902861
3.093483e-07,-0.0022953125
3.094483e-07,-0.0023046473
3.095483e-07,-0.0023175724
3.096483e-07,-0.0023297794
3.097483e-07,-0.0023412684
3.098483e-07,-0.002349167
3.099483e-07,-0.0023534754
3.100483e-07,-0.0023541935
3.101483e-07,-0.0023527574
3.102483e-07,-0.0023498851
3.103483e-07,-0.002348449
3.104483e-07,-0.002349167
3.105483e-07,-0.0023527574
3.106483e-07,-0.0023585018
3.107483e-07,-0.0023649644
3.108483e-07,-0.0023714269
3.109483e-07,-0.0023757353
3.110483e-07,-0.0023786075
3.111483e-07,-0.0023807617
3.112483e-07,-0.002383634
3.113483e-07,-0.0023872243
3.114483e-07,-0.0023915326
3.115483e-07,-0.0023951229
3.116483e-07,-0.0023979952
3.117483e-07,-0.0023987132
3.118483e-07,-0.0023987132
3.119483e-07,-0.0024001494
3.120483e-07,-0.0024037397
3.121483e-07,-0.0024102022
3.122483e-07,-0.0024181009
3.123483e-07,-0.0024238454
3.124483e-07,-0.0024259995
3.125483e-07,-0.0024216912
3.126483e-07,-0.0024123564
3.127483e-07,-0.0024015855
3.128483e-07,-0.0023922507
3.129483e-07,-0.0023872243
3.130483e-07,-0.0023872243
3.131483e-07,-0.0023893784
3.132483e-07,-0.0023900965
3.133483e-07,-0.0023872243
3.134483e-07,-0.0023786075
3.135483e-07,-0.0023656824
3.136483e-07,-0.0023527574
3.137483e-07,-0.0023412684
3.138483e-07,-0.0023348058
3.139483e-07,-0.0023319336
3.140483e-07,-0.0023312155
3.141483e-07,-0.0023297794
3.142483e-07,-0.0023269072
3.143483e-07,-0.0023225988
3.144483e-07,-0.0023190085
3.145483e-07,-0.0023182904
3.146483e-07,-0.0023211627
3.147483e-07,-0.0023269072
3.148483e-07,-0.0023304975
3.149483e-07,-0.0023297794
3.150483e-07,-0.0023218807
3.151483e-07,-0.0023089557
3.152483e-07,-0.0022945944
3.153483e-07,-0.0022838235
3.154483e-07,-0.0022823874
3.155483e-07,-0.0022931583
3.156483e-07,-0.0023139821
3.157483e-07,-0.0023412684
3.158483e-07,-0.0023692727
3.159483e-07,-0.0023922507
3.160483e-07,-0.0024058938
3.161483e-07,-0.0024102022
3.162483e-07,-0.0024051758
3.163483e-07,-0.0023936868
3.164483e-07,-0.0023786075
3.165483e-07,-0.0023642463
3.166483e-07,-0.0023520393
3.167483e-07,-0.0023441406
3.168483e-07,-0.0023405503
3.169483e-07,-0.0023412684
3.170483e-07,-0.0023448587
3.171483e-07,-0.0023506032
3.172483e-07,-0.0023570657
3.173483e-07,-0.0023642463
3.174483e-07,-0.0023728631
3.175483e-07,-0.0023821978
3.176483e-07,-0.0023915326
3.177483e-07,-0.0023987132
3.178483e-07,-0.0024015855
3.179483e-07,-0.0023979952
3.180483e-07,-0.0023879423
3.181483e-07,-0.0023757353
3.182483e-07,-0.0023649644
3.183483e-07,-0.002360656
3.184483e-07,-0.0023642463
3.185483e-07,-0.0023757353
3.186483e-07,-0.0023908146
3.187483e-07,-0.0024030216
3.188483e-07,-0.0024102022
3.189483e-07,-0.0024102022
3.190483e-07,-0.00240733
3.191483e-07,-0.0024066119
3.192483e-07,-0.0024109203
3.193483e-07,-0.0024216912
3.194483e-07,-0.0024346163
3.195483e-07,-0.002443233
3.196483e-07,-0.0024425149
3.197483e-07,-0.0024331801
3.198483e-07,-0.0024188189
3.199483e-07,-0.002408048
3.200483e-07,-0.002408048
3.201483e-07,-0.0024216912
3.202483e-07,-0.0024461052
3.203483e-07,-0.0024726735
3.204483e-07,-0.0024934972
3.205483e-07,-0.002502114
3.206483e-07,-0.0025006778
3.207483e-07,-0.0024949334
3.208483e-07,-0.0024942153
3.209483e-07,-0.002502114
3.210483e-07,-0.0025186294
3.211483e-07,-0.0025372989
3.212483e-07,-0.0025487879
3.213483e-07,-0.0025480699
3.214483e-07,-0.0025358628
3.215483e-07,-0.0025200655
3.216483e-07,-0.0025107307
3.217483e-07,-0.0025136029
3.218483e-07,-0.0025301183
3.219483e-07,-0.0025538143
3.220483e-07,-0.00257392
3.221483e-07,-0.0025825368
3.222483e-07,-0.0025782284
3.223483e-07,-0.0025660214
3.224483e-07,-0.0025574046
3.225483e-07,-0.0025595588
3.226483e-07,-0.0025753562
3.227483e-07,-0.0025997702
3.228483e-07,-0.002620594
3.229483e-07,-0.0026284926
3.230483e-07,-0.0026184398
3.231483e-07,-0.0025940257
3.232483e-07,-0.0025667394
3.233483e-07,-0.0025480699
3.234483e-07,-0.0025451976
3.235483e-07,-0.0025588408
3.236483e-07,-0.0025825368
3.237483e-07,-0.0026055147
3.238483e-07,-0.002621312
3.239483e-07,-0.0026284926
3.240483e-07,-0.0026292107
3.241483e-07,-0.0026284926
3.242483e-07,-0.0026299288
3.243483e-07,-0.002632801
3.244483e-07,-0.0026335191
3.245483e-07,-0.0026284926
3.246483e-07,-0.0026184398
3.247483e-07,-0.0026069508
3.248483e-07,-0.0026004883
3.249483e-07,-0.0026055147
3.250483e-07,-0.0026220301
3.251483e-07,-0.002645008
3.252483e-07,-0.0026658318
3.253483e-07,-0.0026744485
3.254483e-07,-0.002668704
3.255483e-07,-0.0026514706
3.256483e-07,-0.0026313649
3.257483e-07,-0.0026170037
3.258483e-07,-0.0026134134
3.259483e-07,-0.0026191579
3.260483e-07,-0.0026270565
3.261483e-07,-0.0026284926
3.262483e-07,-0.0026198759
3.263483e-07,-0.0026019244
3.264483e-07,-0.0025832548
3.265483e-07,-0.0025710478
3.266483e-07,-0.0025703297
3.267483e-07,-0.0025803826
3.268483e-07,-0.0025947438
3.269483e-07,-0.0026055147
3.270483e-07,-0.0026069508
3.271483e-07,-0.0025997702
3.272483e-07,-0.0025897174
3.273483e-07,-0.0025825368
3.274483e-07,-0.0025832548
3.275483e-07,-0.0025897174
3.276483e-07,-0.0025954619
3.277483e-07,-0.0025940257
3.278483e-07,-0.0025796645
3.279483e-07,-0.0025523782
3.280483e-07,-0.0025193474
3.281483e-07,-0.002490625
3.282483e-07,-0.0024733915
3.283483e-07,-0.0024712374
3.284483e-07,-0.0024827263
3.285483e-07,-0.002502114
3.286483e-07,-0.0025236558
3.287483e-07,-0.0025430434
3.288483e-07,-0.0025588408
3.289483e-07,-0.0025710478
3.290483e-07,-0.0025803826
3.291483e-07,-0.0025868451
3.292483e-07,-0.0025875632
3.293483e-07,-0.0025825368
3.294483e-07,-0.002573202
3.295483e-07,-0.0025653033
3.296483e-07,-0.0025631491
3.297483e-07,-0.0025710478
3.298483e-07,-0.0025897174
3.299483e-07,-0.0026141314
3.300483e-07,-0.0026363913
3.301483e-07,-0.0026514706
3.302483e-07,-0.002655779
3.303483e-07,-0.0026529067
3.304483e-07,-0.0026485983
3.305483e-07,-0.0026514706
3.306483e-07,-0.0026636776
3.307483e-07,-0.0026845014
3.308483e-07,-0.0027060432
3.309483e-07,-0.0027204044
3.310483e-07,-0.0027232767
3.311483e-07,-0.0027139419
3.312483e-07,-0.0026988626
3.313483e-07,-0.0026859375
3.314483e-07,-0.0026816291
3.315483e-07,-0.0026873736
3.316483e-07,-0.0027024529
3.317483e-07,-0.0027204044
3.318483e-07,-0.0027347656
3.319483e-07,-0.0027433824
3.320483e-07,-0.0027448185
3.321483e-07,-0.0027433824
3.322483e-07,-0.0027412282
3.323483e-07,-0.0027412282
3.324483e-07,-0.0027419462
3.325483e-07,-0.0027433824
3.326483e-07,-0.0027433824
3.327483e-07,-0.0027426643
3.328483e-07,-0.0027419462
3.329483e-07,-0.0027433824
3.330483e-07,-0.0027476907
3.331483e-07,-0.0027541533
3.332483e-07,-0.0027606158
3.333483e-07,-0.0027663603
3.334483e-07,-0.0027699506
3.335483e-07,-0.0027735409
3.336483e-07,-0.0027792854
3.337483e-07,-0.0027893382
3.338483e-07,-0.0028029814
3.339483e-07,-0.0028180607
3.340483e-07,-0.0028302677
3.341483e-07,-0.0028352941
3.342483e-07,-0.002833858
3.343483e-07,-0.0028273955
3.344483e-07,-0.0028230871
3.345483e-07,-0.0028238051
3.346483e-07,-0.0028331399
3.347483e-07,-0.0028496553
3.348483e-07,-0.0028676068
3.349483e-07,-0.00288125
3.350483e-07,-0.0028869945
3.351483e-07,-0.0028848403
3.352483e-07,-0.0028776597
3.353483e-07,-0.002869761
3.354483e-07,-0.0028661707
3.355483e-07,-0.0028683249
3.356483e-07,-0.0028747875
3.357483e-07,-0.00288125
3.358483e-07,-0.0028841222
3.359483e-07,-0.0028826861
3.360483e-07,-0.0028769416
3.361483e-07,-0.002869761
3.362483e-07,-0.0028647346
3.363483e-07,-0.0028632985
3.364483e-07,-0.0028654527
3.365483e-07,-0.002869761
3.366483e-07,-0.0028733513
3.367483e-07,-0.0028755055
3.368483e-07,-0.0028740694
3.369483e-07,-0.002869761
3.370483e-07,-0.0028625804
3.371483e-07,-0.0028525276
3.372483e-07,-0.0028396025
3.373483e-07,-0.0028238051
3.374483e-07,-0.0028058536
3.375483e-07,-0.0027893382
3.376483e-07,-0.002774977
3.377483e-07,-0.0027663603
3.378483e-07,-0.0027642061
3.379483e-07,-0.0027663603
3.380483e-07,-0.0027721048
3.381483e-07,-0.0027778493
3.382483e-07,-0.0027814396
3.383483e-07,-0.0027828757
3.384483e-07,-0.0027814396
3.385483e-07,-0.0027778493
3.386483e-07,-0.0027721048
3.387483e-07,-0.0027649242
3.388483e-07,-0.0027548713
3.389483e-07,-0.0027433824
3.390483e-07,-0.0027318934
3.391483e-07,-0.0027225586
3.392483e-07,-0.0027189683
3.393483e-07,-0.0027204044
3.394483e-07,-0.002727585
3.395483e-07,-0.0027369198
3.396483e-07,-0.0027469727
3.397483e-07,-0.0027548713
3.398483e-07,-0.0027613339
3.399483e-07,-0.0027685145
3.400483e-07,-0.0027778493
3.401483e-07,-0.0027893382
3.402483e-07,-0.0028015453
3.403483e-07,-0.0028094439
3.404483e-07,-0.002810162
3.405483e-07,-0.0028008272
3.406483e-07,-0.0027843118
3.407483e-07,-0.0027656422
3.408483e-07,-0.0027534352
3.409483e-07,-0.0027548713
3.410483e-07,-0.0027728228
3.411483e-07,-0.0028044175
3.412483e-07,-0.0028431928
3.413483e-07,-0.00288125
3.414483e-07,-0.0029106905
3.415483e-07,-0.0029293601
3.416483e-07,-0.0029372587
3.417483e-07,-0.0029386949
3.418483e-07,-0.0029386949
3.419483e-07,-0.002940131
3.420483e-07,-0.0029437213
3.421483e-07,-0.0029501838
3.422483e-07,-0.0029573644
3.423483e-07,-0.002964545
3.424483e-07,-0.0029731618
3.425483e-07,-0.0029846507
3.426483e-07,-0.0030004481
3.427483e-07,-0.0030212718
3.428483e-07,-0.0030435317
3.429483e-07,-0.0030650735
3.430483e-07,-0.003083025
3.431483e-07,-0.0030959501
3.432483e-07,-0.0031045669
3.433483e-07,-0.0031110294
3.434483e-07,-0.003117492
3.435483e-07,-0.0031261087
3.436483e-07,-0.0031354435
3.437483e-07,-0.0031454963
3.438483e-07,-0.0031541131
3.439483e-07,-0.0031598575
3.440483e-07,-0.0031641659
3.441483e-07,-0.0031684743
3.442483e-07,-0.0031742187
3.443483e-07,-0.0031828355
3.444483e-07,-0.0031928883
3.445483e-07,-0.0032029412
3.446483e-07,-0.0032101218
3.447483e-07,-0.0032144301
3.448483e-07,-0.0032151482
3.449483e-07,-0.0032144301
3.450483e-07,-0.0032144301
3.451483e-07,-0.0032173024
3.452483e-07,-0.0032216108
3.453483e-07,-0.0032259191
3.454483e-07,-0.0032273552
3.455483e-07,-0.0032230469
3.456483e-07,-0.0032144301
3.457483e-07,-0.0032029412
3.458483e-07,-0.0031928883
3.459483e-07,-0.00318858
3.460483e-07,-0.0031921703
3.461483e-07,-0.0032029412
3.462483e-07,-0.0032180205
3.463483e-07,-0.0032323817
3.464483e-07,-0.0032431526
3.465483e-07,-0.0032488971
3.466483e-07,-0.0032496151
3.467483e-07,-0.003248179
3.468483e-07,-0.0032474609
3.469483e-07,-0.0032488971
3.470483e-07,-0.0032517693
3.471483e-07,-0.0032532054
3.472483e-07,-0.0032524874
3.473483e-07,-0.0032488971
3.474483e-07,-0.0032438706
3.475483e-07,-0.0032402803
3.476483e-07,-0.0032409984
3.477483e-07,-0.0032488971
3.478483e-07,-0.0032625402
3.479483e-07,-0.0032790556
3.480483e-07,-0.0032948529
3.481483e-07,-0.0033063419
3.482483e-07,-0.0033120864
3.483483e-07,-0.0033142406
3.484483e-07,-0.0033149586
3.485483e-07,-0.0033178309
3.486483e-07,-0.0033242934
3.487483e-07,-0.0033350643
3.488483e-07,-0.0033487075
3.489483e-07,-0.0033637868
3.490483e-07,-0.0033803022
3.491483e-07,-0.0033975356
3.492483e-07,-0.0034154871
3.493483e-07,-0.0034327206
3.494483e-07,-0.0034477999
3.495483e-07,-0.0034578527
3.496483e-07,-0.003460725
3.497483e-07,-0.0034556985
3.498483e-07,-0.0034463637
3.499483e-07,-0.0034384651
3.500483e-07,-0.0034363109
3.501483e-07,-0.0034442096
3.502483e-07,-0.0034621611
3.503483e-07,-0.003485139
3.504483e-07,-0.003508117
3.505483e-07,-0.0035246324
3.506483e-07,-0.0035310949
3.507483e-07,-0.0035282227
3.508483e-07,-0.003520324
3.509483e-07,-0.0035131434
3.510483e-07,-0.0035102711
3.511483e-07,-0.0035124253
3.512483e-07,-0.0035181698
3.513483e-07,-0.0035246324
3.514483e-07,-0.0035275046
3.515483e-07,-0.0035260685
3.516483e-07,-0.003520324
3.517483e-07,-0.0035131434
3.518483e-07,-0.0035073989
3.519483e-07,-0.0035059628
3.520483e-07,-0.0035073989
3.521483e-07,-0.0035131434
3.522483e-07,-0.003521042
3.523483e-07,-0.003531813
3.524483e-07,-0.00354402
3.525483e-07,-0.0035590993
3.526483e-07,-0.0035748966
3.527483e-07,-0.0035892578
3.528483e-07,-0.0036000287
3.529483e-07,-0.0036050551
3.530483e-07,-0.003603619
3.531483e-07,-0.0035985926
3.532483e-07,-0.0035935662
3.533483e-07,-0.0035935662
3.534483e-07,-0.0036014648
3.535483e-07,-0.0036179802
3.536483e-07,-0.0036402401
3.537483e-07,-0.0036625
3.538483e-07,-0.0036804515
3.539483e-07,-0.0036919405
3.540483e-07,-0.0036969669
3.541483e-07,-0.0036969669
3.542483e-07,-0.0036955308
3.543483e-07,-0.0036948127
3.544483e-07,-0.0036955308
3.545483e-07,-0.0036969669
3.546483e-07,-0.0036969669
3.547483e-07,-0.0036962489
3.548483e-07,-0.0036955308
3.549483e-07,-0.0036969669
3.550483e-07,-0.0037034295
3.551483e-07,-0.0037149184
3.552483e-07,-0.0037292796
3.553483e-07,-0.0037429228
3.554483e-07,-0.0037501034
3.555483e-07,-0.0037479492
3.556483e-07,-0.0037364602
3.557483e-07,-0.0037199449
3.558483e-07,-0.0037048656
3.559483e-07,-0.0036969669
3.560483e-07,-0.0036991211
3.561483e-07,-0.0037084559
3.562483e-07,-0.0037199449
3.563483e-07,-0.0037264074
3.564483e-07,-0.0037228171
3.565483e-07,-0.0037084559
3.566483e-07,-0.0036883502
3.567483e-07,-0.0036696806
3.568483e-07,-0.0036603458
3.569483e-07,-0.0036625
3.570483e-07,-0.0036754251
3.571483e-07,-0.0036940947
3.572483e-07,-0.0037106101
3.573483e-07,-0.0037199449
3.574483e-07,-0.003721381
3.575483e-07,-0.0037185087
3.576483e-07,-0.0037163545
3.577483e-07,-0.0037199449
3.578483e-07,-0.0037307158
3.579483e-07,-0.0037472312
3.580483e-07,-0.0037644646
3.581483e-07,-0.0037773897
3.582483e-07,-0.0037831342
3.583483e-07,-0.0037831342
3.584483e-07,-0.0037795439
3.585483e-07,-0.0037773897
3.586483e-07,-0.0037788258
3.587483e-07,-0.0037838523
3.588483e-07,-0.0037917509
3.589483e-07,-0.0038003676
3.590483e-07,-0.0038082663
3.591483e-07,-0.003816883
3.592483e-07,-0.0038254998
3.593483e-07,-0.0038348346
3.594483e-07,-0.0038441693
3.595483e-07,-0.0038506319
3.596483e-07,-0.003852068
3.597483e-07,-0.0038463235
3.598483e-07,-0.0038355526
3.599483e-07,-0.0038240636
3.600483e-07,-0.0038147289
3.601483e-07,-0.0038118566
3.602483e-07,-0.0038147289
3.603483e-07,-0.0038197553
3.604483e-07,-0.0038240636
3.605483e-07,-0.0038233456
3.606483e-07,-0.0038183192
3.607483e-07,-0.0038104205
3.608483e-07,-0.003803958
3.609483e-07,-0.0038003676
3.610483e-07,-0.0038003676
3.611483e-07,-0.0038003676
3.612483e-07,-0.0037967773
3.613483e-07,-0.0037888787
3.614483e-07,-0.0037773897
3.615483e-07,-0.0037666188
3.616483e-07,-0.0037623104
3.617483e-07,-0.0037659007
3.618483e-07,-0.0037766716
3.619483e-07,-0.0037888787
3.620483e-07,-0.0037982135
3.621483e-07,-0.0038003676
3.622483e-07,-0.0037967773
3.623483e-07,-0.0037917509
3.624483e-07,-0.003792469
3.625483e-07,-0.0038003676
3.626483e-07,-0.0038140108
3.627483e-07,-0.003827654
3.628483e-07,-0.0038319623
3.629483e-07,-0.0038233456
3.630483e-07,-0.0038018038
3.631483e-07,-0.0037745175
3.632483e-07,-0.0037522576
3.633483e-07,-0.0037429228
3.634483e-07,-0.0037486673
3.635483e-07,-0.0037659007
3.636483e-07,-0.0037852884
3.637483e-07,-0.0038003676
3.638483e-07,-0.0038061121
3.639483e-07,-0.003804676
3.640483e-07,-0.0038010857
3.641483e-07,-0.0038003676
3.642483e-07,-0.0038025218
3.643483e-07,-0.0038053941
3.644483e-07,-0.0038018038
3.645483e-07,-0.0037888787
3.646483e-07,-0.0037666188
3.647483e-07,-0.0037414867
3.648483e-07,-0.0037235352
3.649483e-07,-0.0037199449
3.650483e-07,-0.0037328699
3.651483e-07,-0.0037565659
3.652483e-07,-0.0037824161
3.653483e-07,-0.0038003676
3.654483e-07,-0.0038068302
3.655483e-07,-0.003803958
3.656483e-07,-0.0037989315
3.657483e-07,-0.0038003676
3.658483e-07,-0.0038111386
3.659483e-07,-0.003828372
3.660483e-07,-0.0038463235
3.661483e-07,-0.0038578125
3.662483e-07,-0.0038592486
3.663483e-07,-0.0038527861
3.664483e-07,-0.0038463235
3.665483e-07,-0.0038463235
3.666483e-07,-0.0038556583
3.667483e-07,-0.0038707376
3.668483e-07,-0.0038850988
3.669483e-07,-0.0038922794
3.670483e-07,-0.003887971
3.671483e-07,-0.0038764821
3.672483e-07,-0.003863557
3.673483e-07,-0.0038578125
3.674483e-07,-0.0038614028
3.675483e-07,-0.0038721737
3.676483e-07,-0.0038815085
3.677483e-07,-0.0038807904
3.678483e-07,-0.0038664292
3.679483e-07,-0.003840579
3.680483e-07,-0.0038111386
3.681483e-07,-0.0037888787
3.682483e-07,-0.0037788258
3.683483e-07,-0.0037816981
3.684483e-07,-0.0037917509
3.685483e-07,-0.0038003676
3.686483e-07,-0.0038018038
3.687483e-07,-0.0037953412
3.688483e-07,-0.0037845703
3.689483e-07,-0.0037773897
3.690483e-07,-0.0037773897
3.691483e-07,-0.0037845703
3.692483e-07,-0.0037946232
3.693483e-07,-0.0038003676
3.694483e-07,-0.0037974954
3.695483e-07,-0.0037852884
3.696483e-07,-0.003768773
3.697483e-07,-0.0037544118
3.698483e-07,-0.0037479492
3.699483e-07,-0.0037522576
3.700483e-07,-0.0037630285
3.701483e-07,-0.0037773897
3.702483e-07,-0.0037903148
3.703483e-07,-0.0037989315
3.704483e-07,-0.0038061121
3.705483e-07,-0.0038118566
3.706483e-07,-0.0038183192
3.707483e-07,-0.0038240636
3.708483e-07,-0.0038262178
3.709483e-07,-0.0038233456
3.710483e-07,-0.003816883
3.711483e-07,-0.0038104205
3.712483e-07,-0.0038111386
3.713483e-07,-0.0038233456
3.714483e-07,-0.0038484777
3.715483e-07,-0.0038822266
3.716483e-07,-0.0039152574
3.717483e-07,-0.0039382353
3.718483e-07,-0.0039454159
3.719483e-07,-0.0039382353
3.720483e-07,-0.0039210018
3.721483e-07,-0.0039037684
3.722483e-07,-0.0038929975
3.723483e-07,-0.0038915614
3.724483e-07,-0.0038973058
3.725483e-07,-0.0039037684
3.726483e-07,-0.0039059226
3.727483e-07,-0.0039008961
3.728483e-07,-0.0038915614
3.729483e-07,-0.0038807904
3.730483e-07,-0.0038743279
3.731483e-07,-0.0038728918
3.732483e-07,-0.0038764821
3.733483e-07,-0.0038807904
3.734483e-07,-0.0038822266
3.735483e-07,-0.0038800724
3.736483e-07,-0.0038743279
3.737483e-07,-0.0038693015
3.738483e-07,-0.0038685834
3.739483e-07,-0.003875046
3.740483e-07,-0.003887971
3.741483e-07,-0.0039037684
3.742483e-07,-0.0039195657
3.743483e-07,-0.0039317727
3.744483e-07,-0.0039375172
3.745483e-07,-0.0039382353
3.746483e-07,-0.003934645
3.747483e-07,-0.0039289005
3.748483e-07,-0.0039253102
3.749483e-07,-0.0039267463
3.750483e-07,-0.0039353631
3.751483e-07,-0.0039518784
3.752483e-07,-0.0039734203
3.753483e-07,-0.0039956801
3.754483e-07,-0.0040121955
3.755483e-07,-0.0040186581
3.756483e-07,-0.0040114775
3.757483e-07,-0.0039956801
3.758483e-07,-0.0039777286
3.759483e-07,-0.0039655216
3.760483e-07,-0.0039676758
3.761483e-07,-0.0039841912
3.762483e-07,-0.0040107594
3.763483e-07,-0.0040380457
3.764483e-07,-0.0040574334
3.765483e-07,-0.004064614
3.766483e-07,-0.0040603056
3.767483e-07,-0.0040509708
3.768483e-07,-0.0040430722
3.769483e-07,-0.004041636
3.770483e-07,-0.0040459444
3.771483e-07,-0.0040509708
3.772483e-07,-0.0040502528
3.773483e-07,-0.004041636
3.774483e-07,-0.0040272748
3.775483e-07,-0.0040143497
3.776483e-07,-0.0040100414
3.777483e-07,-0.0040186581
3.778483e-07,-0.0040373277
3.779483e-07,-0.0040567153
3.780483e-07,-0.0040682043
3.781483e-07,-0.004064614
3.782483e-07,-0.0040480986
3.783483e-07,-0.0040265568
3.784483e-07,-0.0040100414
3.785483e-07,-0.0040071691
3.786483e-07,-0.00401794
3.787483e-07,-0.0040337374
3.788483e-07,-0.0040452263
3.789483e-07,-0.004041636
3.790483e-07,-0.0040215303
3.791483e-07,-0.0039906537
3.792483e-07,-0.0039597771
3.793483e-07,-0.0039382353
3.794483e-07,-0.0039303366
3.795483e-07,-0.0039332089
3.796483e-07,-0.0039389534
3.797483e-07,-0.0039382353
3.798483e-07,-0.0039296186
3.799483e-07,-0.0039159754
3.800483e-07,-0.0039052045
3.801483e-07,-0.0039037684
3.802483e-07,-0.003911667
3.803483e-07,-0.0039245921
3.804483e-07,-0.0039317727
3.805483e-07,-0.0039267463
3.806483e-07,-0.0039080767
3.807483e-07,-0.0038822266
3.808483e-07,-0.0038585306
3.809483e-07,-0.0038463235
3.810483e-07,-0.0038484777
3.811483e-07,-0.0038592486
3.812483e-07,-0.0038693015
3.813483e-07,-0.0038693015
3.814483e-07,-0.0038578125
3.815483e-07,-0.0038391429
3.816483e-07,-0.0038247817
3.817483e-07,-0.0038233456
3.818483e-07,-0.0038369887
3.819483e-07,-0.0038606847
3.820483e-07,-0.0038822266
3.821483e-07,-0.0038922794
3.822483e-07,-0.0038865349
3.823483e-07,-0.0038700195
3.824483e-07,-0.0038527861
3.825483e-07,-0.0038463235
3.826483e-07,-0.0038556583
3.827483e-07,-0.0038764821
3.828483e-07,-0.0039001781
3.829483e-07,-0.0039152574
3.830483e-07,-0.0039166935
3.831483e-07,-0.0039073587
3.832483e-07,-0.0038965878
3.833483e-07,-0.0038922794
3.834483e-07,-0.0039001781
3.835483e-07,-0.0039181296
3.836483e-07,-0.0039375172
3.837483e-07,-0.0039497243
3.838483e-07,-0.0039511604
3.839483e-07,-0.0039439798
3.840483e-07,-0.0039367992
3.841483e-07,-0.0039382353
3.842483e-07,-0.0039504423
3.843483e-07,-0.00396983
3.844483e-07,-0.0039877815
3.845483e-07,-0.0039956801
3.846483e-07,-0.0039899357
3.847483e-07,-0.0039741383
3.848483e-07,-0.0039576229
3.849483e-07,-0.0039497243
3.850483e-07,-0.0039540326
3.851483e-07,-0.0039669577
3.852483e-07,-0.0039798828
3.853483e-07,-0.0039841912
3.854483e-07,-0.0039770106
3.855483e-07,-0.0039612132
3.856483e-07,-0.0039454159
3.857483e-07,-0.0039382353
3.858483e-07,-0.0039425437
3.859483e-07,-0.0039554687
3.860483e-07,-0.0039676758
3.861483e-07,-0.0039727022
3.862483e-07,-0.0039691119
3.863483e-07,-0.0039619313
3.864483e-07,-0.0039604952
3.865483e-07,-0.0039727022
3.866483e-07,-0.0039985524
3.867483e-07,-0.0040301471
3.868483e-07,-0.0040559972
3.869483e-07,-0.004064614
3.870483e-07,-0.0040538431
3.871483e-07,-0.0040315832
3.872483e-07,-0.0040114775
3.873483e-07,-0.0040071691
3.874483e-07,-0.0040251206
3.875483e-07,-0.0040610237
3.876483e-07,-0.0041019531
3.877483e-07,-0.0041335478
3.878483e-07,-0.0041471909
3.879483e-07,-0.0041450368
3.880483e-07,-0.00413642
3.881483e-07,-0.0041335478
3.882483e-07,-0.0041450368
3.883483e-07,-0.0041701689
3.884483e-07,-0.0042010455
3.885483e-07,-0.0042254596
3.886483e-07,-0.0042355124
3.887483e-07,-0.0042319221
3.888483e-07,-0.0042211512
3.889483e-07,-0.0042139706
3.890483e-07,-0.004218997
3.891483e-07,-0.0042369485
3.892483e-07,-0.0042613626
3.893483e-07,-0.0042829044
3.894483e-07,-0.0042936753
3.895483e-07,-0.0042929573
3.896483e-07,-0.0042864947
3.897483e-07,-0.0042829044
3.898483e-07,-0.0042886489
3.899483e-07,-0.0043044462
3.900483e-07,-0.0043245519
3.901483e-07,-0.0043403493
3.902483e-07,-0.0043453757
3.903483e-07,-0.0043381951
3.904483e-07,-0.0043259881
3.905483e-07,-0.0043173713
3.906483e-07,-0.0043202436
3.907483e-07,-0.004336759
3.908483e-07,-0.0043618911
3.909483e-07,-0.0043863051
3.910483e-07,-0.0044013844
3.911483e-07,-0.0044042567
3.912483e-07,-0.004396358
3.913483e-07,-0.0043863051
3.914483e-07,-0.0043812787
3.915483e-07,-0.0043870232
3.916483e-07,-0.0044021025
3.917483e-07,-0.0044207721
3.918483e-07,-0.0044365694
3.919483e-07,-0.00444375
3.920483e-07,-0.0044408778
3.921483e-07,-0.004432261
3.922483e-07,-0.0044222082
3.923483e-07,-0.0044157456
3.924483e-07,-0.0044157456
3.925483e-07,-0.0044207721
3.926483e-07,-0.0044293888
3.927483e-07,-0.0044394416
3.928483e-07,-0.0044480584
3.929483e-07,-0.004455239
3.930483e-07,-0.0044602654
3.931483e-07,-0.0044631376
3.932483e-07,-0.0044652918
3.933483e-07,-0.0044667279
3.934483e-07,-0.0044703182
3.935483e-07,-0.0044782169
3.936483e-07,-0.0044918601
3.937483e-07,-0.0045126838
3.938483e-07,-0.0045370979
3.939483e-07,-0.0045600758
3.940483e-07,-0.0045758732
3.941483e-07,-0.0045816176
3.942483e-07,-0.0045765912
3.943483e-07,-0.0045651023
3.944483e-07,-0.0045536133
3.945483e-07,-0.0045471507
3.946483e-07,-0.0045493049
3.947483e-07,-0.0045593578
3.948483e-07,-0.0045715648
3.949483e-07,-0.0045816176
3.950483e-07,-0.0045844899
3.951483e-07,-0.0045801815
3.952483e-07,-0.0045701287
3.953483e-07,-0.0045586397
3.954483e-07,-0.004550023
3.955483e-07,-0.0045464327
3.956483e-07,-0.0045457146
3.957483e-07,-0.0045471507
3.958483e-07,-0.0045471507
3.959483e-07,-0.0045449966
3.960483e-07,-0.0045406882
3.961483e-07,-0.0045356618
3.962483e-07,-0.0045306353
3.963483e-07,-0.004527045
3.964483e-07,-0.0045248909
3.965483e-07,-0.0045241728
3.966483e-07,-0.0045256089
3.967483e-07,-0.0045291992
3.968483e-07,-0.0045370979
3.969483e-07,-0.0045471507
3.970483e-07,-0.0045586397
3.971483e-07,-0.0045672564
3.972483e-07,-0.0045715648
3.973483e-07,-0.0045701287
3.974483e-07,-0.0045636661
3.975483e-07,-0.0045557675
3.976483e-07,-0.004550023
3.977483e-07,-0.0045471507
3.978483e-07,-0.0045478688
3.979483e-07,-0.0045493049
3.980483e-07,-0.0045493049
3.981483e-07,-0.0045471507
3.982483e-07,-0.0045457146
3.983483e-07,-0.0045485869
3.984483e-07,-0.0045600758
3.985483e-07,-0.0045816176
3.986483e-07,-0.0046103401
3.987483e-07,-0.0046404986
3.988483e-07,-0.0046627585
3.989483e-07,-0.0046735294
3.990483e-07,-0.0046713752
3.991483e-07,-0.0046613224
3.992483e-07,-0.0046519876
3.993483e-07,-0.0046505515
3.994483e-07,-0.0046598863
3.995483e-07,-0.0046771197
3.996483e-07,-0.0046957893
3.997483e-07,-0.0047079963
3.998483e-07,-0.0047087144
3.999483e-07,-0.0046979435
4.000483e-07,-0.004679992
4.001483e-07,-0.0046620404
4.002483e-07,-0.0046498334
4.003483e-07,-0.0046469612
4.004483e-07,-0.0046527057
4.005483e-07,-0.0046620404
4.006483e-07,-0.0046720933
4.007483e-07,-0.0046792739
4.008483e-07,-0.0046835823
4.009483e-07,-0.0046850184
4.010483e-07,-0.0046850184
4.011483e-07,-0.0046835823
4.012483e-07,-0.004679992
4.013483e-07,-0.0046735294
4.014483e-07,-0.0046641946
4.015483e-07,-0.0046541418
4.016483e-07,-0.004644807
4.017483e-07,-0.0046390625
4.018483e-07,-0.0046369083
4.019483e-07,-0.0046376264
4.020483e-07,-0.0046390625
4.021483e-07,-0.0046390625
4.022483e-07,-0.0046376264
4.023483e-07,-0.0046361903
4.024483e-07,-0.0046361903
4.025483e-07,-0.0046390625
4.026483e-07,-0.0046440889
4.027483e-07,-0.0046491153
4.028483e-07,-0.0046519876
4.029483e-07,-0.0046505515
4.030483e-07,-0.0046469612
4.031483e-07,-0.0046433709
4.032483e-07,-0.004644807
4.033483e-07,-0.0046505515
4.034483e-07,-0.0046598863
4.035483e-07,-0.0046677849
4.036483e-07,-0.004669221
4.037483e-07,-0.0046620404
4.038483e-07,-0.0046483973
4.039483e-07,-0.0046340361
4.040483e-07,-0.0046254193
4.041483e-07,-0.0046275735
4.042483e-07,-0.0046397806
4.043483e-07,-0.004657014
4.044483e-07,-0.0046706572
4.045483e-07,-0.0046735294
4.046483e-07,-0.0046627585
4.047483e-07,-0.0046404986
4.048483e-07,-0.0046146484
4.049483e-07,-0.0045931066
4.050483e-07,-0.0045801815
4.051483e-07,-0.0045758732
4.052483e-07,-0.0045780273
4.053483e-07,-0.0045816176
4.054483e-07,-0.0045837718
4.055483e-07,-0.0045830538
4.056483e-07,-0.0045816176
4.057483e-07,-0.0045816176
4.058483e-07,-0.0045816176
4.059483e-07,-0.0045801815
4.060483e-07,-0.0045730009
4.061483e-07,-0.0045586397
4.062483e-07,-0.004538534
4.063483e-07,-0.0045184283
4.064483e-07,-0.0045040671
4.065483e-07,-0.0045011949
4.066483e-07,-0.0045090935
4.067483e-07,-0.0045227367
4.068483e-07,-0.0045342256
4.069483e-07,-0.0045356618
4.070483e-07,-0.0045248909
4.071483e-07,-0.0045069393
4.072483e-07,-0.0044882698
4.073483e-07,-0.0044782169
4.074483e-07,-0.0044818072
4.075483e-07,-0.0044976045
4.076483e-07,-0.0045184283
4.077483e-07,-0.0045356618
4.078483e-07,-0.0045428424
4.079483e-07,-0.0045399701
4.080483e-07,-0.0045313534
4.081483e-07,-0.0045241728
4.082483e-07,-0.0045256089
4.083483e-07,-0.004538534
4.084483e-07,-0.0045593578
4.085483e-07,-0.0045816176
4.086483e-07,-0.0045988511
4.087483e-07,-0.0046081859
4.088483e-07,-0.0046081859
4.089483e-07,-0.0046045956
4.090483e-07,-0.0046010053
4.091483e-07,-0.0046017233
4.092483e-07,-0.0046074678
4.093483e-07,-0.0046160846
4.094483e-07,-0.0046254193
4.095483e-07,-0.0046318819
4.096483e-07,-0.0046369083
4.097483e-07,-0.0046390625
4.098483e-07,-0.0046397806
4.099483e-07,-0.0046404986
4.100483e-07,-0.0046397806
4.101483e-07,-0.0046390625
4.102483e-07,-0.0046383444
4.103483e-07,-0.0046390625
4.104483e-07,-0.0046426528
4.105483e-07,-0.0046505515
4.106483e-07,-0.0046598863
4.107483e-07,-0.0046677849
4.108483e-07,-0.0046699391
4.109483e-07,-0.0046620404
4.110483e-07,-0.004644807
4.111483e-07,-0.004621829
4.112483e-07,-0.004598133
4.113483e-07,-0.0045816176
4.114483e-07,-0.0045751551
4.115483e-07,-0.0045794635
4.116483e-07,-0.0045909524
4.117483e-07,-0.0046045956
4.118483e-07,-0.0046153665
4.119483e-07,-0.0046203929
4.120483e-07,-0.0046203929
4.121483e-07,-0.0046160846
4.122483e-07,-0.004609622
4.123483e-07,-0.0046024414
4.124483e-07,-0.0045931066
4.125483e-07,-0.0045816176
4.126483e-07,-0.0045679745
4.127483e-07,-0.0045536133
4.128483e-07,-0.0045414062
4.129483e-07,-0.0045356618
4.130483e-07,-0.0045378159
4.131483e-07,-0.0045478688
4.132483e-07,-0.0045643842
4.133483e-07,-0.0045816176
4.134483e-07,-0.0045966969
4.135483e-07,-0.0046067498
4.136483e-07,-0.004609622
4.137483e-07,-0.0046045956
4.138483e-07,-0.0045931066
4.139483e-07,-0.0045758732
4.140483e-07,-0.0045557675
4.141483e-07,-0.0045356618
4.142483e-07,-0.0045198644
4.143483e-07,-0.0045105296
4.144483e-07,-0.0045083755
4.145483e-07,-0.0045126838
4.146483e-07,-0.0045191464
4.147483e-07,-0.0045227367
4.148483e-07,-0.0045205825
4.149483e-07,-0.0045126838
4.150483e-07,-0.004503349
4.151483e-07,-0.0044976045
4.152483e-07,-0.0045004768
4.153483e-07,-0.0045126838
4.154483e-07,-0.0045306353
4.155483e-07,-0.0045464327
4.156483e-07,-0.0045536133
4.157483e-07,-0.0045471507
4.158483e-07,-0.0045291992
4.159483e-07,-0.0045062213
4.160483e-07,-0.0044868336
4.161483e-07,-0.0044782169
4.162483e-07,-0.0044825253
4.163483e-07,-0.0044961684
4.164483e-07,-0.0045126838
4.165483e-07,-0.0045241728
4.166483e-07,-0.004527045
4.167483e-07,-0.0045234547
4.168483e-07,-0.0045169922
4.169483e-07,-0.0045126838
4.170483e-07,-0.0045134019
4.171483e-07,-0.0045184283
4.172483e-07,-0.0045234547
4.173483e-07,-0.0045241728
4.174483e-07,-0.0045191464
4.175483e-07,-0.0045112477
4.176483e-07,-0.004503349
4.177483e-07,-0.0045011949
4.178483e-07,-0.0045062213
4.179483e-07,-0.0045162741
4.180483e-07,-0.0045277631
4.181483e-07,-0.0045356618
4.182483e-07,-0.004538534
4.183483e-07,-0.0045378159
4.184483e-07,-0.0045356618
4.185483e-07,-0.0045356618
4.186483e-07,-0.0045392521
4.187483e-07,-0.0045442785
4.188483e-07,-0.0045478688
4.189483e-07,-0.0045471507
4.190483e-07,-0.0045421243
4.191483e-07,-0.0045356618
4.192483e-07,-0.0045320715
4.193483e-07,-0.0045356618
4.194483e-07,-0.0045457146
4.195483e-07,-0.0045586397
4.196483e-07,-0.0045679745
4.197483e-07,-0.0045701287
4.198483e-07,-0.0045643842
4.199483e-07,-0.0045543313
4.200483e-07,-0.0045471507
4.201483e-07,-0.0045471507
4.202483e-07,-0.0045564855
4.203483e-07,-0.0045708467
4.204483e-07,-0.004585208
4.205483e-07,-0.0045931066
4.206483e-07,-0.0045931066
4.207483e-07,-0.0045873621
4.208483e-07,-0.0045816176
4.209483e-07,-0.0045816176
4.210483e-07,-0.0045895163
4.211483e-07,-0.0046038775
4.212483e-07,-0.0046182387
4.213483e-07,-0.0046275735
4.214483e-07,-0.0046282916
4.215483e-07,-0.0046225471
4.216483e-07,-0.0046132123
4.217483e-07,-0.0046045956
4.218483e-07,-0.0045995692
4.219483e-07,-0.0045959789
4.220483e-07,-0.0045909524
4.221483e-07,-0.0045816176
4.222483e-07,-0.0045686926
4.223483e-07,-0.0045557675
4.224483e-07,-0.0045471507
4.225483e-07,-0.0045471507
4.226483e-07,-0.0045550494
4.227483e-07,-0.0045665384
4.228483e-07,-0.0045773093
4.229483e-07,-0.0045816176
4.230483e-07,-0.0045801815
4.231483e-07,-0.0045751551
4.232483e-07,-0.0045708467
4.233483e-07,-0.0045701287
4.234483e-07,-0.0045708467
4.235483e-07,-0.0045679745
4.236483e-07,-0.0045564855
4.237483e-07,-0.0045356618
4.238483e-07,-0.0045090935
4.239483e-07,-0.0044861156
4.240483e-07,-0.0044746266
4.241483e-07,-0.0044782169
4.242483e-07,-0.0044947323
4.243483e-07,-0.0045141199
4.244483e-07,-0.004526327
4.245483e-07,-0.0045241728
4.246483e-07,-0.0045098116
4.247483e-07,-0.0044925781
4.248483e-07,-0.0044832433
4.249483e-07,-0.0044897059
4.250483e-07,-0.0045112477
4.251483e-07,-0.004538534
4.252483e-07,-0.0045579216
4.253483e-07,-0.0045586397
4.254483e-07,-0.0045399701
4.255483e-07,-0.0045112477
4.256483e-07,-0.0044861156
4.257483e-07,-0.0044782169
4.258483e-07,-0.0044918601
4.259483e-07,-0.0045213006
4.260483e-07,-0.0045514591
4.261483e-07,-0.0045701287
4.262483e-07,-0.0045686926
4.263483e-07,-0.0045514591
4.264483e-07,-0.0045284812
4.265483e-07,-0.0045126838
4.266483e-07,-0.0045119658
4.267483e-07,-0.0045234547
4.268483e-07,-0.0045392521
4.269483e-07,-0.0045471507
4.270483e-07,-0.0045399701
4.271483e-07,-0.0045198644
4.272483e-07,-0.0044954504
4.273483e-07,-0.0044782169
4.274483e-07,-0.0044767808
4.275483e-07,-0.0044918601
4.276483e-07,-0.004514838
4.277483e-07,-0.0045356618
4.278483e-07,-0.0045464327
4.279483e-07,-0.0045442785
4.280483e-07,-0.0045342256
4.281483e-07,-0.0045241728
4.282483e-07,-0.0045205825
4.283483e-07,-0.0045241728
4.284483e-07,-0.0045313534
4.285483e-07,-0.0045356618
4.286483e-07,-0.0045342256
4.287483e-07,-0.0045277631
4.288483e-07,-0.0045220186
4.289483e-07,-0.0045241728
4.290483e-07,-0.0045370979
4.291483e-07,-0.0045579216
4.292483e-07,-0.0045801815
4.293483e-07,-0.0045931066
4.294483e-07,-0.0045916705
4.295483e-07,-0.0045773093
4.296483e-07,-0.0045550494
4.297483e-07,-0.0045356618
4.298483e-07,-0.004526327
4.299483e-07,-0.0045291992
4.300483e-07,-0.0045421243
4.301483e-07,-0.0045586397
4.302483e-07,-0.0045730009
4.303483e-07,-0.0045823357
4.304483e-07,-0.0045880802
4.305483e-07,-0.0045931066
4.306483e-07,-0.0046002872
4.307483e-07,-0.004609622
4.308483e-07,-0.0046196749
4.309483e-07,-0.0046275735
4.310483e-07,-0.0046326
4.311483e-07,-0.0046361903
4.312483e-07,-0.0046419347
4.313483e-07,-0.0046505515
4.314483e-07,-0.0046613224
4.315483e-07,-0.0046699391
4.316483e-07,-0.0046713752
4.317483e-07,-0.0046620404
4.318483e-07,-0.0046440889
4.319483e-07,-0.0046247013
4.320483e-07,-0.0046132123
4.321483e-07,-0.0046160846
4.322483e-07,-0.0046347541
4.323483e-07,-0.0046641946
4.324483e-07,-0.0046957893
4.325483e-07,-0.0047194853
4.326483e-07,-0.0047316923
4.327483e-07,-0.0047331284
4.328483e-07,-0.0047309743
4.329483e-07,-0.0047309743
4.330483e-07,-0.0047367187
4.331483e-07,-0.0047474897
4.332483e-07,-0.0047589786
4.333483e-07,-0.0047654412
4.334483e-07,-0.0047668773
4.335483e-07,-0.0047661592
4.336483e-07,-0.0047683134
4.337483e-07,-0.0047769301
4.338483e-07,-0.0047920094
4.339483e-07,-0.0048078068
4.340483e-07,-0.0048164235
4.341483e-07,-0.0048113971
4.342483e-07,-0.0047927275
4.343483e-07,-0.0047661592
4.344483e-07,-0.0047424632
4.345483e-07,-0.0047309743
4.346483e-07,-0.0047345646
4.347483e-07,-0.0047482077
4.348483e-07,-0.0047618509
4.349483e-07,-0.0047654412
4.350483e-07,-0.0047532341
4.351483e-07,-0.004727384
4.352483e-07,-0.0046972254
4.353483e-07,-0.0046735294
4.354483e-07,-0.0046641946
4.355483e-07,-0.0046699391
4.356483e-07,-0.0046843003
4.357483e-07,-0.0046965074
4.358483e-07,-0.0046993796
4.359483e-07,-0.0046893267
4.360483e-07,-0.0046706572
4.361483e-07,-0.0046505515
4.362483e-07,-0.0046354722
4.363483e-07,-0.0046297277
4.364483e-07,-0.0046318819
4.365483e-07,-0.0046390625
4.366483e-07,-0.0046462431
4.367483e-07,-0.0046505515
4.368483e-07,-0.0046519876
4.369483e-07,-0.0046505515
4.370483e-07,-0.0046476792
4.371483e-07,-0.0046426528
4.372483e-07,-0.0046354722
4.373483e-07,-0.0046275735
4.374483e-07,-0.0046196749
4.375483e-07,-0.0046160846
4.376483e-07,-0.0046189568
4.377483e-07,-0.0046275735
4.378483e-07,-0.0046390625
4.379483e-07,-0.004645525
4.380483e-07,-0.0046426528
4.381483e-07,-0.0046275735
4.382483e-07,-0.0046038775
4.383483e-07,-0.0045801815
4.384483e-07,-0.0045672564
4.385483e-07,-0.0045701287
4.386483e-07,-0.0045887983
4.387483e-07,-0.0046153665
4.388483e-07,-0.0046390625
4.389483e-07,-0.0046505515
4.390483e-07,-0.0046476792
4.391483e-07,-0.0046347541
4.392483e-07,-0.004621111
4.393483e-07,-0.0046160846
4.394483e-07,-0.0046239832
4.395483e-07,-0.0046412167
4.396483e-07,-0.0046606043
4.397483e-07,-0.0046735294
4.398483e-07,-0.0046749655
4.399483e-07,-0.0046677849
4.400483e-07,-0.004657014
4.401483e-07,-0.0046505515
4.402483e-07,-0.0046519876
4.403483e-07,-0.0046598863
4.404483e-07,-0.004669221
4.405483e-07,-0.0046735294
4.406483e-07,-0.0046713752
4.407483e-07,-0.0046663488
4.408483e-07,-0.0046649127
4.409483e-07,-0.0046735294
4.410483e-07,-0.004692917
4.411483e-07,-0.0047194853
4.412483e-07,-0.0047424632
4.413483e-07,-0.0047539522
4.414483e-07,-0.0047503619
4.415483e-07,-0.0047345646
4.416483e-07,-0.0047173311
4.417483e-07,-0.0047079963
4.418483e-07,-0.0047137408
4.419483e-07,-0.0047331284
4.420483e-07,-0.0047575425
4.421483e-07,-0.0047769301
4.422483e-07,-0.0047819566
4.423483e-07,-0.0047719037
4.424483e-07,-0.004751798
4.425483e-07,-0.0047309743
4.426483e-07,-0.0047187672
4.427483e-07,-0.0047187672
4.428483e-07,-0.0047288201
4.429483e-07,-0.0047424632
4.430483e-07,-0.004751798
4.431483e-07,-0.004751798
4.432483e-07,-0.0047431813
4.433483e-07,-0.0047309743
4.434483e-07,-0.0047202034
4.435483e-07,-0.0047144589
4.436483e-07,-0.0047151769
4.437483e-07,-0.0047194853
4.438483e-07,-0.0047245117
4.439483e-07,-0.004728102
4.440483e-07,-0.0047302562
4.441483e-07,-0.0047309743
4.442483e-07,-0.0047324104
4.443483e-07,-0.0047338465
4.444483e-07,-0.0047338465
4.445483e-07,-0.0047309743
4.446483e-07,-0.0047230756
4.447483e-07,-0.0047115866
4.448483e-07,-0.0046979435
4.449483e-07,-0.0046850184
4.450483e-07,-0.0046742475
4.451483e-07,-0.0046656307
4.452483e-07,-0.0046577321
4.453483e-07,-0.0046505515
4.454483e-07,-0.0046440889
4.455483e-07,-0.0046397806
4.456483e-07,-0.0046412167
4.457483e-07,-0.0046505515
4.458483e-07,-0.0046663488
4.459483e-07,-0.0046850184
4.460483e-07,-0.0047000977
4.461483e-07,-0.0047079963
4.462483e-07,-0.0047058421
4.463483e-07,-0.0046957893
4.464483e-07,-0.0046835823
4.465483e-07,-0.0046735294
4.466483e-07,-0.0046706572
4.467483e-07,-0.0046756836
4.468483e-07,-0.0046850184
4.469483e-07,-0.0046965074
4.470483e-07,-0.0047058421
4.471483e-07,-0.0047115866
4.472483e-07,-0.0047151769
4.473483e-07,-0.0047194853
4.474483e-07,-0.0047252298
4.475483e-07,-0.0047338465
4.476483e-07,-0.0047431813
4.477483e-07,-0.0047539522
4.478483e-07,-0.0047647231
4.479483e-07,-0.0047769301
4.480483e-07,-0.0047927275
4.481483e-07,-0.0048113971
4.482483e-07,-0.0048329389
4.483483e-07,-0.0048559168
4.484483e-07,-0.0048760225
4.485483e-07,-0.0048918199
4.486483e-07,-0.0049040269
4.487483e-07,-0.0049140797
4.488483e-07,-0.0049248506
4.489483e-07,-0.0049377757
4.490483e-07,-0.0049514189
4.491483e-07,-0.0049614717
4.492483e-07,-0.0049657801
4.493483e-07,-0.0049607537
4.494483e-07,-0.0049492647
4.495483e-07,-0.0049356216
4.496483e-07,-0.0049270048
4.497483e-07,-0.0049262868
4.498483e-07,-0.0049356216
4.499483e-07,-0.0049499828
4.500483e-07,-0.004964344
4.501483e-07,-0.0049722426
4.502483e-07,-0.0049715246
4.503483e-07,-0.0049629079
4.504483e-07,-0.0049499828
4.505483e-07,-0.0049377757
4.506483e-07,-0.0049277229
4.507483e-07,-0.0049205423
4.508483e-07,-0.0049126436
4.509483e-07,-0.0049033088
4.510483e-07,-0.0048918199
4.511483e-07,-0.0048796128
4.512483e-07,-0.0048717142
4.513483e-07,-0.0048688419
4.514483e-07,-0.0048709961
4.515483e-07,-0.0048738683
4.516483e-07,-0.0048745864
4.517483e-07,-0.0048688419
4.518483e-07,-0.0048573529
4.519483e-07,-0.0048429917
4.520483e-07,-0.0048307847
4.521483e-07,-0.004822886
4.522483e-07,-0.0048200138
4.523483e-07,-0.0048178596
4.524483e-07,-0.0048121151
4.525483e-07,-0.0047999081
4.526483e-07,-0.0047826746
4.527483e-07,-0.0047654412
4.528483e-07,-0.0047546703
4.529483e-07,-0.0047539522
4.530483e-07,-0.0047625689
4.531483e-07,-0.004775494
4.532483e-07,-0.0047862649
4.533483e-07,-0.0047884191
4.534483e-07,-0.0047826746
4.535483e-07,-0.0047726218
4.536483e-07,-0.0047654412
4.537483e-07,-0.0047654412
4.538483e-07,-0.0047740579
4.539483e-07,-0.004786983
4.540483e-07,-0.0047970358
4.541483e-07,-0.0047999081
4.542483e-07,-0.0047948817
4.543483e-07,-0.0047862649
4.544483e-07,-0.0047826746
4.545483e-07,-0.0047884191
4.546483e-07,-0.0048049345
4.547483e-07,-0.0048250402
4.548483e-07,-0.0048415556
4.549483e-07,-0.004845864
4.550483e-07,-0.0048365292
4.551483e-07,-0.0048200138
4.552483e-07,-0.0048042165
4.553483e-07,-0.0047999081
4.554483e-07,-0.0048099609
4.555483e-07,-0.0048315028
4.556483e-07,-0.0048544807
4.557483e-07,-0.0048688419
4.558483e-07,-0.0048688419
4.559483e-07,-0.0048559168
4.560483e-07,-0.0048372472
4.561483e-07,-0.004822886
4.562483e-07,-0.0048200138
4.563483e-07,-0.0048286305
4.564483e-07,-0.0048444278
4.565483e-07,-0.0048573529
4.566483e-07,-0.0048616613
4.567483e-07,-0.0048566349
4.568483e-07,-0.0048451459
4.569483e-07,-0.004834375
4.570483e-07,-0.0048300666
4.571483e-07,-0.0048350931
4.572483e-07,-0.004845864
4.573483e-07,-0.0048573529
4.574483e-07,-0.0048645335
4.575483e-07,-0.0048652516
4.576483e-07,-0.0048616613
4.577483e-07,-0.0048573529
4.578483e-07,-0.0048544807
4.579483e-07,-0.0048551988
4.580483e-07,-0.0048566349
4.581483e-07,-0.0048573529
4.582483e-07,-0.0048551988
4.583483e-07,-0.0048501723
4.584483e-07,-0.004846582
4.585483e-07,-0.004845864
4.586483e-07,-0.0048494543
4.587483e-07,-0.0048551988
4.588483e-07,-0.0048587891
4.589483e-07,-0.0048573529
4.590483e-07,-0.0048494543
4.591483e-07,-0.0048379653
4.592483e-07,-0.0048271944
4.593483e-07,-0.004822886
4.594483e-07,-0.0048257583
4.595483e-07,-0.004834375
4.596483e-07,-0.0048429917
4.597483e-07,-0.004845864
4.598483e-07,-0.0048415556
4.599483e-07,-0.0048322208
4.600483e-07,-0.0048243222
4.601483e-07,-0.004822886
4.602483e-07,-0.0048322208
4.603483e-07,-0.0048516085
4.604483e-07,-0.0048738683
4.605483e-07,-0.0048918199
4.606483e-07,-0.0048990005
4.607483e-07,-0.004893256
4.608483e-07,-0.0048774586
4.609483e-07,-0.0048573529
4.610483e-07,-0.0048379653
4.611483e-07,-0.004822886
4.612483e-07,-0.004810679
4.613483e-07,-0.0047999081
4.614483e-07,-0.004786983
4.615483e-07,-0.0047704676
4.616483e-07,-0.00475108
4.617483e-07,-0.0047309743
4.618483e-07,-0.0047123047
4.619483e-07,-0.0046965074
4.620483e-07,-0.0046835823
4.621483e-07,-0.0046735294
4.622483e-07,-0.0046663488
4.623483e-07,-0.0046641946
4.624483e-07,-0.0046663488
4.625483e-07,-0.0046735294
4.626483e-07,-0.0046835823
4.627483e-07,-0.0046914809
4.628483e-07,-0.004692917
4.629483e-07,-0.0046850184
4.630483e-07,-0.0046677849
