LECROYHDO6104B,11090,Waveform
Segments,1,SegmentSize,5002
Segment,TrigTime,TimeSinceSegment1
#1,04-May-2026 18:49:53,0                 
Time,Ampl
-3.701254e-08,-0.00558044
-3.691254e-08,-0.0055854665
-3.681254e-08,-0.0055926471
-3.671254e-08,-0.0055969554
-3.661254e-08,-0.0055940832
-3.651254e-08,-0.0055847484
-3.641254e-08,-0.0055696691
-3.631254e-08,-0.0055545898
-3.621254e-08,-0.0055423828
-3.611254e-08,-0.0055359203
-3.601254e-08,-0.0055352022
-3.591254e-08,-0.0055366383
-3.581254e-08,-0.0055387925
-3.571254e-08,-0.0055380744
-3.561254e-08,-0.0055352022
-3.551254e-08,-0.0055308938
-3.541254e-08,-0.0055265855
-3.531254e-08,-0.0055244313
-3.521254e-08,-0.0055237132
-3.511254e-08,-0.0055237132
-3.501254e-08,-0.0055222771
-3.491254e-08,-0.0055186868
-3.481254e-08,-0.0055122243
-3.471254e-08,-0.0055028895
-3.461254e-08,-0.0054928366
-3.451254e-08,-0.0054835018
-3.441254e-08,-0.0054777574
-3.431254e-08,-0.0054756032
-3.421254e-08,-0.0054763212
-3.411254e-08,-0.0054777574
-3.401254e-08,-0.0054777574
-3.391254e-08,-0.005473449
-3.381254e-08,-0.0054633961
-3.371254e-08,-0.0054490349
-3.361254e-08,-0.0054318015
-3.351254e-08,-0.0054160041
-3.341254e-08,-0.0054059513
-3.331254e-08,-0.0054037971
-3.321254e-08,-0.0054088235
-3.311254e-08,-0.0054181583
-3.301254e-08,-0.0054282112
-3.291254e-08,-0.0054332376
-3.281254e-08,-0.0054318015
-3.271254e-08,-0.0054239028
-3.261254e-08,-0.0054131319
-3.251254e-08,-0.005403079
-3.241254e-08,-0.0053973346
-3.231254e-08,-0.0053973346
-3.221254e-08,-0.0054016429
-3.211254e-08,-0.0054066693
-3.201254e-08,-0.0054088235
-3.191254e-08,-0.0054045152
-3.181254e-08,-0.0053937443
-3.171254e-08,-0.005378665
-3.161254e-08,-0.0053628676
-3.151254e-08,-0.0053499426
-3.141254e-08,-0.00534348
-3.131254e-08,-0.0053441981
-3.121254e-08,-0.0053513787
-3.111254e-08,-0.0053614315
-3.101254e-08,-0.0053707663
-3.091254e-08,-0.0053757927
-3.081254e-08,-0.0053743566
-3.071254e-08,-0.005367176
-3.061254e-08,-0.005355687
-3.051254e-08,-0.0053456342
-3.041254e-08,-0.0053398897
-3.031254e-08,-0.0053420439
-3.021254e-08,-0.0053520967
-3.011254e-08,-0.0053650218
-3.001254e-08,-0.0053743566
-2.991254e-08,-0.0053729205
-2.981254e-08,-0.0053564051
-2.971254e-08,-0.0053276827
-2.961254e-08,-0.0052939338
-2.951254e-08,-0.0052673656
-2.941254e-08,-0.0052565947
-2.931254e-08,-0.0052673656
-2.921254e-08,-0.0052939338
-2.911254e-08,-0.0053255285
-2.901254e-08,-0.0053477884
-2.891254e-08,-0.0053492245
-2.881254e-08,-0.0053284007
-2.871254e-08,-0.0052910616
-2.861254e-08,-0.0052515682
-2.851254e-08,-0.0052228458
-2.841254e-08,-0.005213511
-2.831254e-08,-0.0052206916
-2.821254e-08,-0.0052357709
-2.811254e-08,-0.0052436696
-2.801254e-08,-0.005236489
-2.791254e-08,-0.0052113568
-2.781254e-08,-0.0051754538
-2.771254e-08,-0.005141705
-2.761254e-08,-0.0051215993
-2.751254e-08,-0.0051208812
-2.741254e-08,-0.0051359605
-2.731254e-08,-0.0051589384
-2.721254e-08,-0.0051790441
-2.711254e-08,-0.0051883789
-2.701254e-08,-0.0051862247
-2.691254e-08,-0.0051768899
-2.681254e-08,-0.0051675551
-2.671254e-08,-0.0051625287
-2.661254e-08,-0.0051625287
-2.651254e-08,-0.005165401
-2.641254e-08,-0.0051675551
-2.631254e-08,-0.0051675551
-2.621254e-08,-0.005165401
-2.611254e-08,-0.0051646829
-2.601254e-08,-0.0051675551
-2.591254e-08,-0.0051740177
-2.581254e-08,-0.0051797622
-2.571254e-08,-0.0051826344
-2.561254e-08,-0.0051790441
-2.551254e-08,-0.0051711455
-2.541254e-08,-0.005165401
-2.531254e-08,-0.0051668371
-2.521254e-08,-0.0051790441
-2.511254e-08,-0.0051984318
-2.501254e-08,-0.0052163833
-2.491254e-08,-0.0052235639
-2.481254e-08,-0.005213511
-2.471254e-08,-0.0051876608
-2.461254e-08,-0.0051567842
-2.451254e-08,-0.0051345244
-2.441254e-08,-0.0051330882
-2.431254e-08,-0.0051560662
-2.421254e-08,-0.0051969956
-2.411254e-08,-0.0052407973
-2.401254e-08,-0.0052709559
-2.391254e-08,-0.0052781365
-2.381254e-08,-0.0052637753
-2.371254e-08,-0.005237207
-2.361254e-08,-0.005213511
-2.351254e-08,-0.0052048943
-2.341254e-08,-0.0052163833
-2.331254e-08,-0.0052422335
-2.321254e-08,-0.0052709559
-2.311254e-08,-0.0052910616
-2.301254e-08,-0.0052968061
-2.291254e-08,-0.0052874713
-2.281254e-08,-0.0052709559
-2.271254e-08,-0.0052558766
-2.261254e-08,-0.005248696
-2.251254e-08,-0.0052508502
-2.241254e-08,-0.0052594669
-2.231254e-08,-0.0052695198
-2.221254e-08,-0.0052774184
-2.211254e-08,-0.0052810087
-2.201254e-08,-0.0052824449
-2.191254e-08,-0.005283881
-2.181254e-08,-0.0052867532
-2.171254e-08,-0.0052910616
-2.161254e-08,-0.0052939338
-2.151254e-08,-0.0052946519
-2.141254e-08,-0.0052932158
-2.131254e-08,-0.0052917796
-2.121254e-08,-0.0052939338
-2.111254e-08,-0.0053003964
-2.101254e-08,-0.0053111673
-2.091254e-08,-0.0053219382
-2.081254e-08,-0.0053284007
-2.071254e-08,-0.0053269646
-2.061254e-08,-0.0053183479
-2.051254e-08,-0.0053054228
-2.041254e-08,-0.0052939338
-2.031254e-08,-0.0052889074
-2.021254e-08,-0.0052924977
-2.011254e-08,-0.0053032686
-2.001254e-08,-0.0053169118
-1.991254e-08,-0.0053284007
-1.981254e-08,-0.0053348633
-1.971254e-08,-0.0053341452
-1.961254e-08,-0.0053284007
-1.951254e-08,-0.0053212201
-1.941254e-08,-0.0053154756
-1.931254e-08,-0.0053140395
-1.921254e-08,-0.0053169118
-1.911254e-08,-0.0053233743
-1.901254e-08,-0.005331991
-1.891254e-08,-0.0053413258
-1.881254e-08,-0.0053513787
-1.871254e-08,-0.0053607135
-1.861254e-08,-0.0053700483
-1.851254e-08,-0.0053779469
-1.841254e-08,-0.0053858456
-1.831254e-08,-0.0053930262
-1.821254e-08,-0.0053994887
-1.811254e-08,-0.0054052332
-1.801254e-08,-0.0054088235
-1.791254e-08,-0.0054095416
-1.781254e-08,-0.0054052332
-1.771254e-08,-0.0053966165
-1.761254e-08,-0.0053858456
-1.751254e-08,-0.0053757927
-1.741254e-08,-0.0053693302
-1.731254e-08,-0.0053686121
-1.721254e-08,-0.0053743566
-1.711254e-08,-0.0053822553
-1.701254e-08,-0.0053872817
-1.691254e-08,-0.0053851275
-1.681254e-08,-0.0053743566
-1.671254e-08,-0.0053578412
-1.661254e-08,-0.0053406078
-1.651254e-08,-0.0053298369
-1.641254e-08,-0.0053284007
-1.631254e-08,-0.0053362994
-1.621254e-08,-0.0053499426
-1.611254e-08,-0.0053607135
-1.601254e-08,-0.0053628676
-1.591254e-08,-0.0053542509
-1.581254e-08,-0.0053377355
-1.571254e-08,-0.0053190659
-1.561254e-08,-0.0053054228
-1.551254e-08,-0.0053011144
-1.541254e-08,-0.0053061409
-1.531254e-08,-0.0053176298
-1.521254e-08,-0.0053284007
-1.511254e-08,-0.0053348633
-1.501254e-08,-0.0053348633
-1.491254e-08,-0.005331273
-1.481254e-08,-0.0053284007
-1.471254e-08,-0.0053305549
-1.461254e-08,-0.0053398897
-1.451254e-08,-0.0053520967
-1.441254e-08,-0.0053628676
-1.431254e-08,-0.005366458
-1.421254e-08,-0.0053607135
-1.411254e-08,-0.0053463523
-1.401254e-08,-0.0053284007
-1.391254e-08,-0.0053147576
-1.381254e-08,-0.0053111673
-1.371254e-08,-0.0053205021
-1.361254e-08,-0.0053398897
-1.351254e-08,-0.0053650218
-1.341254e-08,-0.0053879998
-1.331254e-08,-0.0054037971
-1.321254e-08,-0.0054088235
-1.311254e-08,-0.0054037971
-1.301254e-08,-0.0053923081
-1.291254e-08,-0.0053772289
-1.281254e-08,-0.0053628676
-1.271254e-08,-0.0053513787
-1.261254e-08,-0.0053427619
-1.251254e-08,-0.0053355813
-1.241254e-08,-0.0053284007
-1.231254e-08,-0.0053205021
-1.221254e-08,-0.0053118853
-1.211254e-08,-0.0053025506
-1.201254e-08,-0.0052939338
-1.191254e-08,-0.0052874713
-1.181254e-08,-0.005283881
-1.171254e-08,-0.0052824449
-1.161254e-08,-0.0052824449
-1.151254e-08,-0.0052817268
-1.141254e-08,-0.0052802907
-1.131254e-08,-0.0052767004
-1.121254e-08,-0.0052709559
-1.111254e-08,-0.0052644933
-1.101254e-08,-0.0052580308
-1.091254e-08,-0.0052522863
-1.081254e-08,-0.0052479779
-1.071254e-08,-0.0052443876
-1.061254e-08,-0.0052429515
-1.051254e-08,-0.0052429515
-1.041254e-08,-0.0052479779
-1.031254e-08,-0.0052580308
-1.021254e-08,-0.0052745462
-1.011254e-08,-0.0052946519
-1.001254e-08,-0.0053169118
-9.912539e-09,-0.0053355813
-9.812539e-09,-0.0053463523
-9.712539e-09,-0.0053477884
-9.612539e-09,-0.0053398897
-9.512539e-09,-0.0053262466
-9.412539e-09,-0.0053111673
-9.312539e-09,-0.0052996783
-9.212539e-09,-0.0052939338
-9.112539e-09,-0.0052924977
-9.012539e-09,-0.0052939338
-8.912539e-09,-0.0052946519
-8.812539e-09,-0.0052939338
-8.712539e-09,-0.0052924977
-8.612539e-09,-0.0052932158
-8.512539e-09,-0.0052968061
-8.412539e-09,-0.0053054228
-8.312539e-09,-0.0053154756
-8.212539e-09,-0.0053233743
-8.112539e-09,-0.0053240924
-8.012539e-09,-0.0053169118
-7.912539e-09,-0.0053025506
-7.812539e-09,-0.005284599
-7.712539e-09,-0.0052695198
-7.612539e-09,-0.0052594669
-7.512539e-09,-0.0052565947
-7.412539e-09,-0.0052594669
-7.312539e-09,-0.0052652114
-7.212539e-09,-0.0052709559
-7.112539e-09,-0.0052767004
-7.012539e-09,-0.0052831629
-6.912539e-09,-0.0052932158
-6.812539e-09,-0.0053054228
-6.712539e-09,-0.0053190659
-6.612539e-09,-0.005331273
-6.512539e-09,-0.0053384536
-6.412539e-09,-0.0053398897
-6.312539e-09,-0.0053377355
-6.212539e-09,-0.0053370175
-6.112539e-09,-0.0053406078
-6.012539e-09,-0.0053513787
-5.912539e-09,-0.005367176
-5.812539e-09,-0.0053829733
-5.712539e-09,-0.0053937443
-5.612539e-09,-0.0053973346
-5.512539e-09,-0.0053958984
-5.412539e-09,-0.0053937443
-5.312539e-09,-0.0053973346
-5.212539e-09,-0.0054088235
-5.112539e-09,-0.005426057
-5.012539e-09,-0.0054425724
-4.912539e-09,-0.005449753
-4.812539e-09,-0.0054432904
-4.712539e-09,-0.0054239028
-4.612539e-09,-0.0053980526
-4.512539e-09,-0.0053750747
-4.412539e-09,-0.0053628676
-4.312539e-09,-0.0053621496
-4.212539e-09,-0.005366458
-4.112539e-09,-0.005366458
-4.012539e-09,-0.0053513787
-3.912539e-09,-0.0053161937
-3.812539e-09,-0.0052623392
-3.712539e-09,-0.0051984318
-3.612539e-09,-0.0051330882
-3.512539e-09,-0.0050727711
-3.412539e-09,-0.0050181985
-3.312539e-09,-0.004964344
-3.212539e-09,-0.0049033088
-3.112539e-09,-0.0048286305
-3.012539e-09,-0.0047388729
-2.912539e-09,-0.0046361903
-2.812539e-09,-0.0045241728
-2.712539e-09,-0.004407847
-2.612539e-09,-0.0042864947
-2.512539e-09,-0.0041579619
-2.412539e-09,-0.0040186581
-2.312539e-09,-0.0038649931
-2.212539e-09,-0.0036998392
-2.112539e-09,-0.0035260685
-2.012539e-09,-0.0033522978
-1.912539e-09,-0.0031821174
-1.812539e-09,-0.0030183996
-1.712539e-09,-0.0028582721
-1.612539e-09,-0.0026974265
-1.512539e-09,-0.0025329906
-1.412539e-09,-0.0023635283
-1.312539e-09,-0.0021911937
-1.212539e-09,-0.0020195772
-1.112539e-09,-0.001850833
-1.012539e-09,-0.0016849609
-9.125394e-10,-0.001520525
-8.125394e-10,-0.0013532169
-7.125394e-10,-0.0011830365
-6.125394e-10,-0.00101142
-5.125394e-10,-0.0008441119
-4.125394e-10,-0.00068685662
-3.125394e-10,-0.00054396255
-2.125394e-10,-0.00041614775
-1.125394e-10,-0.00029694968
-1.253939e-11,-0.00018134191
8.746061e-11,-6.2143842e-05
1.874606e-10,6.2080653e-05
2.874606e-10,0.00018917739
3.874606e-10,0.00031268382
4.874606e-10,0.00042541935
5.874606e-10,0.00052163948
6.874606e-10,0.00060206227
7.874606e-10,0.00066884191
8.874606e-10,0.00072772289
9.874606e-10,0.0007822955
1.087461e-09,0.00083615005
1.187461e-09,0.00088713235
1.287461e-09,0.00093237017
1.387461e-09,0.00096827321
1.487461e-09,0.00099484145
1.587461e-09,0.001013511
1.687461e-09,0.0010278722
1.787461e-09,0.0010422335
1.887461e-09,0.001060185
1.987461e-09,0.0010824449
2.087461e-09,0.0011068589
2.187461e-09,0.0011298369
2.287461e-09,0.0011492245
2.387461e-09,0.0011628676
2.487461e-09,0.0011700483
2.587461e-09,0.0011707663
2.687461e-09,0.0011678941
2.787461e-09,0.0011628676
2.887461e-09,0.0011564051
2.987461e-09,0.0011499426
3.087461e-09,0.0011441981
3.187461e-09,0.0011398897
3.287461e-09,0.0011370175
3.387461e-09,0.0011370175
3.487461e-09,0.0011377355
3.587461e-09,0.0011398897
3.687461e-09,0.0011413258
3.787461e-09,0.0011420439
3.887461e-09,0.0011413258
3.987461e-09,0.0011398897
4.087461e-09,0.0011377355
4.187461e-09,0.0011370175
4.287461e-09,0.0011377355
4.387461e-09,0.0011398897
4.487461e-09,0.00114348
4.587461e-09,0.0011463523
4.687461e-09,0.0011492245
4.787461e-09,0.0011513787
4.887461e-09,0.0011528148
4.987461e-09,0.001154969
5.087461e-09,0.0011585593
5.187461e-09,0.0011628676
5.287461e-09,0.0011686121
5.387461e-09,0.0011750747
5.487461e-09,0.0011808192
5.587461e-09,0.0011858456
5.687461e-09,0.001190872
5.787461e-09,0.0011958984
5.887461e-09,0.0012016429
5.987461e-09,0.0012088235
6.087461e-09,0.0012167222
6.187461e-09,0.0012239028
6.287461e-09,0.0012296473
6.387461e-09,0.0012318015
6.487461e-09,0.0012318015
6.587461e-09,0.0012296473
6.687461e-09,0.0012296473
6.787461e-09,0.0012318015
6.887461e-09,0.0012389821
6.987461e-09,0.001249753
7.087461e-09,0.0012641142
7.187461e-09,0.0012777574
7.287461e-09,0.0012892463
7.387461e-09,0.0012964269
7.487461e-09,0.0013000172
7.587461e-09,0.0013007353
7.687461e-09,0.0013000172
7.787461e-09,0.0013000172
7.887461e-09,0.0013007353
7.987461e-09,0.0013007353
8.087461e-09,0.0013000172
8.187461e-09,0.001297145
8.287461e-09,0.0012935547
8.387461e-09,0.0012892463
8.487461e-09,0.0012863741
8.587461e-09,0.0012863741
8.687461e-09,0.0012878102
8.787461e-09,0.0012892463
8.887461e-09,0.0012878102
8.987461e-09,0.0012820657
9.087461e-09,0.0012705767
9.187461e-09,0.0012547794
9.287461e-09,0.001237546
9.387461e-09,0.0012217486
9.487461e-09,0.0012081055
9.587461e-09,0.0011973346
9.687461e-09,0.0011872817
9.787461e-09,0.0011757927
9.887461e-09,0.0011635857
9.987461e-09,0.0011513787
1.008746e-08,0.0011427619
1.018746e-08,0.0011406078
1.028746e-08,0.0011441981
1.038746e-08,0.0011513787
1.048746e-08,0.0011564051
1.058746e-08,0.0011535329
1.068746e-08,0.0011398897
1.078746e-08,0.0011169118
1.088746e-08,0.0010896255
1.098746e-08,0.0010659295
1.108746e-08,0.0010515682
1.118746e-08,0.0010479779
1.128746e-08,0.0010508502
1.138746e-08,0.0010537224
1.148746e-08,0.0010494141
1.158746e-08,0.001036489
1.168746e-08,0.0010178194
1.178746e-08,0.0010005859
1.188746e-08,0.00099412339
1.198746e-08,0.0010020221
1.208746e-08,0.0010235639
1.218746e-08,0.0010501321
1.228746e-08,0.001072392
1.238746e-08,0.0010824449
1.248746e-08,0.0010781365
1.258746e-08,0.0010644933
1.268746e-08,0.0010515682
1.278746e-08,0.0010479779
1.288746e-08,0.0010587489
1.298746e-08,0.0010824449
1.308746e-08,0.0011118853
1.318746e-08,0.0011398897
1.328746e-08,0.0011607135
1.338746e-08,0.0011722024
1.348746e-08,0.001179383
1.358746e-08,0.0011858456
1.368746e-08,0.0011958984
1.378746e-08,0.0012088235
1.388746e-08,0.0012224667
1.398746e-08,0.0012318015
1.408746e-08,0.0012346737
1.418746e-08,0.0012325195
1.428746e-08,0.0012296473
1.438746e-08,0.0012318015
1.448746e-08,0.0012418543
1.458746e-08,0.0012590878
1.468746e-08,0.0012806296
1.478746e-08,0.0013007353
1.488746e-08,0.0013158146
1.498746e-08,0.0013265855
1.508746e-08,0.0013352022
1.518746e-08,0.0013466912
1.528746e-08,0.0013624885
1.538746e-08,0.0013825942
1.548746e-08,0.0014019818
1.558746e-08,0.001415625
1.568746e-08,0.0014199334
1.578746e-08,0.0014149069
1.588746e-08,0.001404136
1.598746e-08,0.0013926471
1.608746e-08,0.0013847484
1.618746e-08,0.0013818761
1.628746e-08,0.0013818761
1.638746e-08,0.0013811581
1.648746e-08,0.0013768497
1.658746e-08,0.0013675149
1.668746e-08,0.001356026
1.678746e-08,0.0013466912
1.688746e-08,0.0013423828
1.698746e-08,0.0013431009
1.708746e-08,0.0013459731
1.718746e-08,0.0013466912
1.728746e-08,0.0013402286
1.738746e-08,0.0013251494
1.748746e-08,0.0013028895
1.758746e-08,0.0012777574
1.768746e-08,0.0012547794
1.778746e-08,0.001238264
1.788746e-08,0.0012274931
1.798746e-08,0.0012203125
1.808746e-08,0.00121385
1.818746e-08,0.0012059513
1.828746e-08,0.0011958984
1.838746e-08,0.0011858456
1.848746e-08,0.001179383
1.858746e-08,0.0011801011
1.868746e-08,0.0011865636
1.878746e-08,0.0011973346
1.888746e-08,0.0012081055
1.898746e-08,0.0012131319
1.908746e-08,0.0012102597
1.918746e-08,0.0011973346
1.928746e-08,0.0011772289
1.938746e-08,0.0011535329
1.948746e-08,0.001131991
1.958746e-08,0.0011169118
1.968746e-08,0.0011111673
1.978746e-08,0.0011154756
1.988746e-08,0.0011262466
1.998746e-08,0.0011398897
2.008746e-08,0.0011513787
2.018746e-08,0.0011571232
2.028746e-08,0.0011564051
2.038746e-08,0.0011513787
2.048746e-08,0.0011441981
2.058746e-08,0.0011391716
2.068746e-08,0.0011377355
2.078746e-08,0.0011398897
2.088746e-08,0.00114348
2.098746e-08,0.0011449161
2.108746e-08,0.0011441981
2.118746e-08,0.0011398897
2.128746e-08,0.0011362994
2.138746e-08,0.0011355813
2.148746e-08,0.0011413258
2.158746e-08,0.0011513787
2.168746e-08,0.0011621496
2.178746e-08,0.0011686121
2.188746e-08,0.0011650218
2.198746e-08,0.0011513787
2.208746e-08,0.001131273
2.218746e-08,0.0011104492
2.228746e-08,0.0010968061
2.238746e-08,0.0010939338
2.248746e-08,0.0011018325
2.258746e-08,0.0011140395
2.268746e-08,0.0011248104
2.278746e-08,0.0011284007
2.288746e-08,0.0011226563
2.298746e-08,0.0011111673
2.308746e-08,0.0010996783
2.318746e-08,0.0010939338
2.328746e-08,0.0010953699
2.338746e-08,0.0011032686
2.348746e-08,0.0011118853
2.358746e-08,0.0011169118
2.368746e-08,0.0011147576
2.378746e-08,0.0011054228
2.388746e-08,0.0010932158
2.398746e-08,0.0010824449
2.408746e-08,0.0010759823
2.418746e-08,0.0010745462
2.428746e-08,0.0010774184
2.438746e-08,0.0010824449
2.448746e-08,0.0010881893
2.458746e-08,0.0010953699
2.468746e-08,0.0011047047
2.478746e-08,0.0011169118
2.488746e-08,0.0011298369
2.498746e-08,0.0011398897
2.508746e-08,0.0011441981
2.518746e-08,0.0011398897
2.528746e-08,0.0011276827
2.538746e-08,0.0011111673
2.548746e-08,0.0010946519
2.558746e-08,0.0010824449
2.568746e-08,0.0010752642
2.578746e-08,0.0010716739
2.588746e-08,0.0010673656
2.598746e-08,0.0010594669
2.608746e-08,0.001048696
2.618746e-08,0.0010379251
2.628746e-08,0.0010321806
2.638746e-08,0.001036489
2.648746e-08,0.0010508502
2.658746e-08,0.0010716739
2.668746e-08,0.0010917796
2.678746e-08,0.0011054228
2.688746e-08,0.001108295
2.698746e-08,0.0011011144
2.708746e-08,0.0010874713
2.718746e-08,0.0010709559
2.728746e-08,0.0010558766
2.738746e-08,0.0010436696
2.748746e-08,0.0010336167
2.758746e-08,0.001025
2.768746e-08,0.0010178194
2.778746e-08,0.0010142291
2.788746e-08,0.0010163833
2.798746e-08,0.001025
2.808746e-08,0.0010386432
2.818746e-08,0.0010522863
2.828746e-08,0.001060903
2.838746e-08,0.0010594669
2.848746e-08,0.0010494141
2.858746e-08,0.0010343348
2.868746e-08,0.0010206916
2.878746e-08,0.001013511
2.888746e-08,0.0010142291
2.898746e-08,0.0010206916
2.908746e-08,0.0010257181
2.918746e-08,0.001025
2.928746e-08,0.0010171013
2.938746e-08,0.0010041762
2.948746e-08,0.00099340533
2.958746e-08,0.00099053309
2.968746e-08,0.00099699563
2.978746e-08,0.0010099207
2.988746e-08,0.0010221278
2.998746e-08,0.001025
3.008746e-08,0.0010142291
3.018746e-08,0.00099268727
3.028746e-08,0.00096611903
3.038746e-08,0.00094457721
3.048746e-08,0.00093524242
3.058746e-08,0.00093955078
3.068746e-08,0.00095319393
3.078746e-08,0.00096755515
3.088746e-08,0.00097473575
3.098746e-08,0.00096970933
3.108746e-08,0.00095391199
3.118746e-08,0.00093308824
3.128746e-08,0.0009137006
3.138746e-08,0.00090149357
3.148746e-08,0.0008971852
3.158746e-08,0.00089862132
3.168746e-08,0.00090077551
3.178746e-08,0.00090005744
3.188746e-08,0.00089503102
3.198746e-08,0.00088713235
3.208746e-08,0.00087779756
3.218746e-08,0.00086774472
3.228746e-08,0.00085625574
3.238746e-08,0.00084117647
3.248746e-08,0.00081963465
3.258746e-08,0.00079234835
3.268746e-08,0.00076290786
3.278746e-08,0.00073777574
3.288746e-08,0.00072341452
3.298746e-08,0.00072341452
3.308746e-08,0.00073418543
3.318746e-08,0.00074926471
3.328746e-08,0.00075859949
3.338746e-08,0.00075500919
3.348746e-08,0.00073490349
3.358746e-08,0.00070330882
3.368746e-08,0.00066884191
3.378746e-08,0.00064083755
3.388746e-08,0.00062575827
3.398746e-08,0.00062288603
3.408746e-08,0.00062504021
3.418746e-08,0.00062360409
3.428746e-08,0.00061211512
3.438746e-08,0.00058841912
3.448746e-08,0.00055826057
3.458746e-08,0.00052953814
3.468746e-08,0.00051230469
3.478746e-08,0.00050799632
3.488746e-08,0.00051374081
3.498746e-08,0.00052163948
3.508746e-08,0.00052163948
3.518746e-08,0.00050799632
3.528746e-08,0.00048142808
3.538746e-08,0.00044983341
3.548746e-08,0.00042182904
3.558746e-08,0.00040459559
3.568746e-08,0.00039956916
3.578746e-08,0.00040315947
3.588746e-08,0.00040674977
3.598746e-08,0.00040459559
3.608746e-08,0.00039382468
3.618746e-08,0.00037802734
3.628746e-08,0.00036438419
3.638746e-08,0.00035863971
3.648746e-08,0.00036223001
3.658746e-08,0.00037228286
3.668746e-08,0.00038089959
3.678746e-08,0.00038161765
3.688746e-08,0.0003715648
3.698746e-08,0.00035361328
3.708746e-08,0.00033566176
3.718746e-08,0.00032417279
3.728746e-08,0.00032417279
3.738746e-08,0.00033422564
3.748746e-08,0.00034858686
3.758746e-08,0.00035863971
3.768746e-08,0.00036079389
3.778746e-08,0.00035433134
3.788746e-08,0.00034356043
3.798746e-08,0.00033566176
3.808746e-08,0.00033350758
3.818746e-08,0.00033566176
3.828746e-08,0.00033853401
3.838746e-08,0.00033566176
3.848746e-08,0.00032345473
3.858746e-08,0.00030334903
3.868746e-08,0.00028180722
3.878746e-08,0.00026672794
3.888746e-08,0.00026457376
3.898746e-08,0.00027534467
3.908746e-08,0.00029473231
3.918746e-08,0.00031268382
3.928746e-08,0.00032201861
3.938746e-08,0.00031771025
3.948746e-08,0.00030119485
3.958746e-08,0.00027821691
3.968746e-08,0.00025667509
3.978746e-08,0.00024159582
3.988746e-08,0.00023513327
3.998746e-08,0.00023226103
4.008746e-08,0.00022938879
4.018746e-08,0.00022077206
4.028746e-08,0.00020569278
4.038746e-08,0.00018630515
4.048746e-08,0.00016691751
4.058746e-08,0.0001525563
4.068746e-08,0.00014752987
4.078746e-08,0.00015183824
4.088746e-08,0.00016404527
4.098746e-08,0.00018127872
4.108746e-08,0.00019707606
4.118746e-08,0.00020928309
4.128746e-08,0.00021430951
4.138746e-08,0.00021071921
4.148746e-08,0.00020066636
4.158746e-08,0.00018630515
4.168746e-08,0.00017122587
4.178746e-08,0.00015901884
4.188746e-08,0.0001525563
4.198746e-08,0.00015183824
4.208746e-08,0.00015471048
4.218746e-08,0.0001597369
4.228746e-08,0.00016260915
4.238746e-08,0.00016332721
4.248746e-08,0.00016260915
4.258746e-08,0.00016117302
4.268746e-08,0.00016189108
4.278746e-08,0.00016332721
4.288746e-08,0.00016332721
4.298746e-08,0.00015830078
4.308746e-08,0.00014681181
4.318746e-08,0.00012886029
4.328746e-08,0.0001087546
4.338746e-08,9.2957261e-05
4.348746e-08,8.7212776e-05
4.358746e-08,9.4393382e-05
4.368746e-08,0.00011162684
4.378746e-08,0.00013173254
4.388746e-08,0.00014752987
4.398746e-08,0.00015183824
4.408746e-08,0.00014322151
4.418746e-08,0.00012670611
4.428746e-08,0.00010803653
4.438746e-08,9.4393382e-05
4.448746e-08,8.8648897e-05
4.458746e-08,8.8648897e-05
4.468746e-08,8.8648897e-05
4.478746e-08,8.2904412e-05
4.488746e-08,6.9261259e-05
4.498746e-08,5.0591682e-05
4.508746e-08,3.3358226e-05
4.518746e-08,2.5459559e-05
4.528746e-08,3.1922105e-05
4.538746e-08,5.2745864e-05
4.548746e-08,8.075023e-05
4.558746e-08,0.00010588235
4.568746e-08,0.00011952551
4.578746e-08,0.0001159352
4.588746e-08,9.7983686e-05
4.598746e-08,7.1415441e-05
4.608746e-08,4.5565257e-05
4.618746e-08,2.8331801e-05
4.628746e-08,2.2587316e-05
4.638746e-08,2.5459559e-05
4.648746e-08,3.3358226e-05
4.658746e-08,3.9102711e-05
4.668746e-08,4.0538833e-05
4.678746e-08,3.6948529e-05
4.688746e-08,3.0485983e-05
4.698746e-08,2.4741498e-05
4.708746e-08,2.2587316e-05
4.718746e-08,2.5459559e-05
4.728746e-08,3.1204044e-05
4.738746e-08,3.766659e-05
4.748746e-08,3.9820772e-05
4.758746e-08,3.6948529e-05
4.768746e-08,2.7613741e-05
4.778746e-08,1.3252528e-05
4.788746e-08,-3.9809283e-06
4.798746e-08,-2.0496324e-05
4.808746e-08,-3.4857537e-05
4.818746e-08,-4.5628447e-05
4.828746e-08,-5.2090993e-05
4.838746e-08,-5.4963235e-05
4.848746e-08,-5.6399357e-05
4.858746e-08,-5.7835478e-05
4.868746e-08,-6.1425781e-05
4.878746e-08,-6.6452206e-05
4.888746e-08,-7.3632812e-05
4.898746e-08,-8.2967601e-05
4.908746e-08,-9.230239e-05
4.918746e-08,-0.00010091912
4.928746e-08,-0.00010881778
4.938746e-08,-0.00011671645
4.948746e-08,-0.00012533318
4.958746e-08,-0.00013538603
4.968746e-08,-0.000146875
4.978746e-08,-0.00015908203
4.988746e-08,-0.00017128906
4.998746e-08,-0.00018134191
5.008746e-08,-0.00018924058
5.018746e-08,-0.00019570312
5.028746e-08,-0.00020001149
5.038746e-08,-0.00020431985
5.048746e-08,-0.00020862822
5.058746e-08,-0.00021221852
5.068746e-08,-0.00021509076
5.078746e-08,-0.00021580882
5.088746e-08,-0.0002143727
5.098746e-08,-0.00021150046
5.108746e-08,-0.0002107824
5.118746e-08,-0.00021580882
5.128746e-08,-0.00022801585
5.138746e-08,-0.00024812155
5.148746e-08,-0.00027253562
5.158746e-08,-0.00029623162
5.168746e-08,-0.00031346507
5.178746e-08,-0.00031992762
5.188746e-08,-0.00031346507
5.198746e-08,-0.00029623162
5.208746e-08,-0.00027325368
5.218746e-08,-0.0002509938
5.228746e-08,-0.00023519646
5.238746e-08,-0.00022729779
5.248746e-08,-0.00022729779
5.258746e-08,-0.00023160616
5.268746e-08,-0.00023663258
5.278746e-08,-0.00023878676
5.288746e-08,-0.00023735064
5.298746e-08,-0.00023376034
5.308746e-08,-0.00022945198
5.318746e-08,-0.00022729779
5.328746e-08,-0.00022657973
5.338746e-08,-0.00022586167
5.348746e-08,-0.00022298943
5.358746e-08,-0.00021580882
5.368746e-08,-0.00020503791
5.378746e-08,-0.00019283088
5.388746e-08,-0.00018421415
5.398746e-08,-0.00018134191
5.408746e-08,-0.00018780446
5.418746e-08,-0.00020144761
5.428746e-08,-0.00022011719
5.438746e-08,-0.00023878676
5.448746e-08,-0.00025242992
5.458746e-08,-0.00025889246
5.468746e-08,-0.00025745634
5.478746e-08,-0.00025027574
5.488746e-08,-0.00024094095
5.498746e-08,-0.00023304228
5.508746e-08,-0.00022801585
5.518746e-08,-0.00022729779
5.528746e-08,-0.0002308881
5.538746e-08,-0.0002380687
5.548746e-08,-0.00024812155
5.558746e-08,-0.00026176471
5.568746e-08,-0.00027756204
5.578746e-08,-0.00029335937
5.588746e-08,-0.00030843865
5.598746e-08,-0.00031920956
5.608746e-08,-0.0003256721
5.618746e-08,-0.00032782629
5.628746e-08,-0.00032854435
5.638746e-08,-0.00033069853
5.648746e-08,-0.00033644301
5.658746e-08,-0.00034793199
5.668746e-08,-0.0003622932
5.678746e-08,-0.00037665441
5.688746e-08,-0.00038742532
5.698746e-08,-0.00039029756
5.708746e-08,-0.0003859892
5.718746e-08,-0.00037665441
5.728746e-08,-0.00036660156
5.738746e-08,-0.00035942096
5.748746e-08,-0.00035942096
5.758746e-08,-0.00036516544
5.768746e-08,-0.00037450023
5.778746e-08,-0.00038311696
5.788746e-08,-0.00038814338
5.798746e-08,-0.00038814338
5.808746e-08,-0.00038455308
5.818746e-08,-0.00038168084
5.828746e-08,-0.00038168084
5.838746e-08,-0.00038814338
5.848746e-08,-0.00039891429
5.858746e-08,-0.00041112132
5.868746e-08,-0.00041973805
5.878746e-08,-0.00042261029
5.888746e-08,-0.00041901999
5.898746e-08,-0.00041255744
5.908746e-08,-0.00040824908
5.918746e-08,-0.00041112132
5.928746e-08,-0.00042332835
5.938746e-08,-0.00044271599
5.948746e-08,-0.00046425781
5.958746e-08,-0.00048005515
5.968746e-08,-0.00048579963
5.978746e-08,-0.00047861903
5.988746e-08,-0.00046353975
5.998746e-08,-0.00044558824
6.008746e-08,-0.00043409926
6.018746e-08,-0.0004333812
6.028746e-08,-0.0004463063
6.038746e-08,-0.00046856618
6.048746e-08,-0.0004936983
6.058746e-08,-0.000513804
6.068746e-08,-0.00052529297
6.078746e-08,-0.00052601103
6.088746e-08,-0.00051954848
6.098746e-08,-0.00051093176
6.108746e-08,-0.00050446921
6.118746e-08,-0.00050303309
6.128746e-08,-0.00050662339
6.138746e-08,-0.00051308594
6.148746e-08,-0.00051954848
6.158746e-08,-0.00052601103
6.168746e-08,-0.00053247358
6.178746e-08,-0.0005410903
6.188746e-08,-0.0005540154
6.198746e-08,-0.00057196691
6.208746e-08,-0.00059207261
6.218746e-08,-0.00061217831
6.228746e-08,-0.0006286937
6.238746e-08,-0.00064090074
6.248746e-08,-0.00065023552
6.258746e-08,-0.00065885225
6.268746e-08,-0.00067034122
6.278746e-08,-0.00068685662
6.288746e-08,-0.00070624426
6.298746e-08,-0.00072634995
6.308746e-08,-0.00074358341
6.318746e-08,-0.00075579044
6.328746e-08,-0.00076440717
6.338746e-08,-0.0007730239
6.348746e-08,-0.00078523093
6.358746e-08,-0.00080174632
6.368746e-08,-0.00082257008
6.378746e-08,-0.0008441119
6.388746e-08,-0.00086134536
6.398746e-08,-0.00087068015
6.408746e-08,-0.00087283433
6.418746e-08,-0.00087068015
6.428746e-08,-0.00086852597
6.438746e-08,-0.00087068015
6.448746e-08,-0.00087857881
6.458746e-08,-0.00089006778
6.468746e-08,-0.00090012063
6.478746e-08,-0.00090514706
6.488746e-08,-0.00090299288
6.498746e-08,-0.00089581227
6.508746e-08,-0.00088719554
6.518746e-08,-0.00088216912
6.528746e-08,-0.00088288718
6.538746e-08,-0.00088934972
6.548746e-08,-0.00089796645
6.558746e-08,-0.00090514706
6.568746e-08,-0.00090730124
6.578746e-08,-0.00090514706
6.588746e-08,-0.00089940257
6.598746e-08,-0.00089365809
6.608746e-08,-0.00089078585
6.618746e-08,-0.00089078585
6.628746e-08,-0.00089222197
6.638746e-08,-0.00089365809
6.648746e-08,-0.00089294003
6.658746e-08,-0.00089150391
6.668746e-08,-0.00089078585
6.678746e-08,-0.00089365809
6.688746e-08,-0.00090155676
6.698746e-08,-0.00091376379
6.708746e-08,-0.00092740694
6.718746e-08,-0.00093961397
6.728746e-08,-0.00094751264
6.738746e-08,-0.00094894876
6.748746e-08,-0.00094607652
6.758746e-08,-0.00093961397
6.768746e-08,-0.00093099724
6.778746e-08,-0.00092022633
6.788746e-08,-0.0009080193
6.798746e-08,-0.00089365809
6.808746e-08,-0.00087929687
6.818746e-08,-0.00086924403
6.828746e-08,-0.00086493566
6.838746e-08,-0.00087068015
6.848746e-08,-0.00088575942
6.858746e-08,-0.00090586512
6.868746e-08,-0.00092597082
6.878746e-08,-0.00093961397
6.888746e-08,-0.00094320427
6.898746e-08,-0.00093530561
6.908746e-08,-0.00092094439
6.918746e-08,-0.00090514706
6.928746e-08,-0.00089294003
6.938746e-08,-0.00088719554
6.948746e-08,-0.00088863166
6.958746e-08,-0.00089365809
6.968746e-08,-0.00089940257
6.978746e-08,-0.00090371094
6.988746e-08,-0.00090514706
6.998746e-08,-0.00090514706
7.008746e-08,-0.00090514706
7.018746e-08,-0.00090658318
7.028746e-08,-0.00091017348
7.038746e-08,-0.00091663603
7.048746e-08,-0.00092525276
7.058746e-08,-0.00093602367
7.068746e-08,-0.0009482307
7.078746e-08,-0.00096259191
7.088746e-08,-0.00097695312
7.098746e-08,-0.00098916016
7.108746e-08,-0.00099634076
7.118746e-08,-0.00099705882
7.128746e-08,-0.00098987822
7.138746e-08,-0.00097695312
7.148746e-08,-0.00096187385
7.158746e-08,-0.00095110294
7.168746e-08,-0.00094894876
7.178746e-08,-0.00095900161
7.188746e-08,-0.00097982537
7.198746e-08,-0.0010085478
7.208746e-08,-0.0010394244
7.218746e-08,-0.0010667107
7.228746e-08,-0.0010839442
7.238746e-08,-0.0010889706
7.248746e-08,-0.00108179
7.258746e-08,-0.0010659926
7.268746e-08,-0.001046605
7.278746e-08,-0.0010315257
7.288746e-08,-0.0010250632
7.298746e-08,-0.0010300896
7.308746e-08,-0.0010458869
7.318746e-08,-0.0010659926
7.328746e-08,-0.0010846622
7.338746e-08,-0.0010961512
7.348746e-08,-0.0010968693
7.358746e-08,-0.0010889706
7.368746e-08,-0.0010774816
7.378746e-08,-0.0010688649
7.388746e-08,-0.0010688649
7.398746e-08,-0.0010774816
7.408746e-08,-0.0010911248
7.418746e-08,-0.0011033318
7.428746e-08,-0.0011076402
7.438746e-08,-0.0011004596
7.448746e-08,-0.0010846622
7.458746e-08,-0.0010681468
7.468746e-08,-0.0010602482
7.478746e-08,-0.0010659926
7.488746e-08,-0.0010875345
7.498746e-08,-0.0011184111
7.508746e-08,-0.0011492877
7.518746e-08,-0.0011693934
7.528746e-08,-0.0011729837
7.538746e-08,-0.0011607767
7.548746e-08,-0.0011370807
7.558746e-08,-0.0011119485
7.568746e-08,-0.001093279
7.578746e-08,-0.0010860983
7.588746e-08,-0.0010904067
7.598746e-08,-0.0011004596
7.608746e-08,-0.0011112305
7.618746e-08,-0.001117693
7.628746e-08,-0.001117693
7.638746e-08,-0.0011119485
7.648746e-08,-0.0011040499
7.658746e-08,-0.0010968693
7.668746e-08,-0.0010954331
7.678746e-08,-0.0011004596
7.688746e-08,-0.0011119485
7.698746e-08,-0.0011277459
7.708746e-08,-0.0011442613
7.718746e-08,-0.0011579044
7.728746e-08,-0.001165085
7.738746e-08,-0.001164367
7.748746e-08,-0.0011564683
7.758746e-08,-0.0011464154
7.768746e-08,-0.0011399529
7.778746e-08,-0.0011421071
7.788746e-08,-0.0011564683
7.798746e-08,-0.0011808824
7.808746e-08,-0.0012110409
7.818746e-08,-0.0012390453
7.828746e-08,-0.0012605871
7.838746e-08,-0.0012727941
7.848746e-08,-0.0012806928
7.858746e-08,-0.0012907456
7.868746e-08,-0.0013101333
7.878746e-08,-0.0013417279
7.888746e-08,-0.0013826574
7.898746e-08,-0.001425023
7.908746e-08,-0.0014594899
7.918746e-08,-0.0014795956
7.928746e-08,-0.0014853401
7.938746e-08,-0.0014831859
7.948746e-08,-0.0014824678
7.958746e-08,-0.0014910846
7.968746e-08,-0.0015140625
7.978746e-08,-0.0015470933
7.988746e-08,-0.0015844324
7.998746e-08,-0.0016174632
8.008746e-08,-0.0016397231
8.018746e-08,-0.0016519301
8.028746e-08,-0.0016583927
8.038746e-08,-0.0016634191
8.048746e-08,-0.0016720358
8.058746e-08,-0.0016849609
8.068746e-08,-0.0016986041
8.078746e-08,-0.001709375
8.088746e-08,-0.0017136834
8.098746e-08,-0.0017129653
8.108746e-08,-0.0017100931
8.118746e-08,-0.001709375
8.128746e-08,-0.0017144014
8.138746e-08,-0.0017237362
8.148746e-08,-0.0017352252
8.158746e-08,-0.0017438419
8.168746e-08,-0.0017474322
8.178746e-08,-0.001745278
8.188746e-08,-0.0017395335
8.198746e-08,-0.0017323529
8.208746e-08,-0.0017266085
8.218746e-08,-0.001721582
8.228746e-08,-0.0017158375
8.238746e-08,-0.001709375
8.248746e-08,-0.0017021944
8.258746e-08,-0.001697168
8.268746e-08,-0.0016993222
8.278746e-08,-0.001709375
8.288746e-08,-0.0017280446
8.298746e-08,-0.0017510225
8.308746e-08,-0.0017732824
8.318746e-08,-0.0017897978
8.328746e-08,-0.0017984145
8.338746e-08,-0.0018005687
8.348746e-08,-0.0018005687
8.358746e-08,-0.0018012868
8.368746e-08,-0.001804159
8.378746e-08,-0.0018055951
8.388746e-08,-0.0018020048
8.398746e-08,-0.0017897978
8.408746e-08,-0.0017696921
8.418746e-08,-0.0017459961
8.428746e-08,-0.0017273265
8.438746e-08,-0.001720864
8.448746e-08,-0.0017294807
8.458746e-08,-0.0017503045
8.468746e-08,-0.0017775908
8.478746e-08,-0.0018012868
8.488746e-08,-0.001815648
8.498746e-08,-0.0018192383
8.508746e-08,-0.0018127757
8.518746e-08,-0.0018012868
8.528746e-08,-0.0017883617
8.538746e-08,-0.0017754366
8.548746e-08,-0.0017610754
8.558746e-08,-0.0017438419
8.568746e-08,-0.0017237362
8.578746e-08,-0.0017043486
8.588746e-08,-0.0016899874
8.598746e-08,-0.0016863971
8.608746e-08,-0.001697168
8.618746e-08,-0.0017194278
8.628746e-08,-0.0017495864
8.638746e-08,-0.0017783088
8.648746e-08,-0.0017991326
8.658746e-08,-0.0018091854
8.668746e-08,-0.0018091854
8.678746e-08,-0.0018012868
8.688746e-08,-0.0017912339
8.698746e-08,-0.0017833352
8.708746e-08,-0.0017790269
8.718746e-08,-0.0017783088
8.728746e-08,-0.0017811811
8.738746e-08,-0.0017862075
8.748746e-08,-0.0017933881
8.758746e-08,-0.0018012868
8.768746e-08,-0.0018091854
8.778746e-08,-0.001816366
8.788746e-08,-0.0018206744
8.798746e-08,-0.0018242647
8.808746e-08,-0.001827855
8.818746e-08,-0.0018343176
8.828746e-08,-0.0018443704
8.838746e-08,-0.0018587316
8.848746e-08,-0.0018730928
8.858746e-08,-0.0018817096
8.868746e-08,-0.0018809915
8.878746e-08,-0.0018702206
8.888746e-08,-0.0018522691
8.898746e-08,-0.0018343176
8.908746e-08,-0.0018228286
8.918746e-08,-0.0018242647
8.928746e-08,-0.0018371898
8.938746e-08,-0.0018558594
8.948746e-08,-0.0018730928
8.958746e-08,-0.0018817096
8.968746e-08,-0.0018802734
8.978746e-08,-0.0018716567
8.988746e-08,-0.00186304
8.998746e-08,-0.0018587316
9.008746e-08,-0.00186304
9.018746e-08,-0.0018738109
9.028746e-08,-0.0018852999
9.038746e-08,-0.0018931985
9.048746e-08,-0.0018946347
9.058746e-08,-0.0018917624
9.068746e-08,-0.0018896082
9.078746e-08,-0.0018931985
9.088746e-08,-0.0019046875
9.098746e-08,-0.001921921
9.108746e-08,-0.0019391544
9.118746e-08,-0.0019506434
9.128746e-08,-0.0019535156
9.138746e-08,-0.0019484892
9.148746e-08,-0.0019420267
9.158746e-08,-0.0019391544
9.168746e-08,-0.001945617
9.178746e-08,-0.0019599782
9.188746e-08,-0.0019793658
9.198746e-08,-0.0019965993
9.208746e-08,-0.0020059341
9.218746e-08,-0.002005216
9.228746e-08,-0.0019965993
9.238746e-08,-0.0019851103
9.248746e-08,-0.0019764936
9.258746e-08,-0.0019757755
9.268746e-08,-0.0019822381
9.278746e-08,-0.0019965993
9.288746e-08,-0.0020152688
9.298746e-08,-0.0020346565
9.308746e-08,-0.002052608
9.318746e-08,-0.0020655331
9.328746e-08,-0.0020719956
9.338746e-08,-0.0020698415
9.348746e-08,-0.0020590705
9.358746e-08,-0.0020425551
9.368746e-08,-0.0020246036
9.378746e-08,-0.0020123966
9.388746e-08,-0.0020102424
9.398746e-08,-0.0020195772
9.408746e-08,-0.0020375287
9.418746e-08,-0.0020576344
9.428746e-08,-0.0020727137
9.438746e-08,-0.0020770221
9.448746e-08,-0.0020712776
9.458746e-08,-0.0020605067
9.468746e-08,-0.002052608
9.478746e-08,-0.0020540441
9.488746e-08,-0.0020676873
9.498746e-08,-0.0020906652
9.508746e-08,-0.0021157973
9.518746e-08,-0.0021344669
9.528746e-08,-0.0021423656
9.538746e-08,-0.0021394933
9.548746e-08,-0.0021308766
9.558746e-08,-0.0021229779
9.568746e-08,-0.0021208238
9.578746e-08,-0.0021251321
9.588746e-08,-0.002135185
9.598746e-08,-0.0021459559
9.608746e-08,-0.0021538545
9.618746e-08,-0.0021574449
9.628746e-08,-0.0021574449
9.638746e-08,-0.0021574449
9.648746e-08,-0.002158881
9.658746e-08,-0.0021624713
9.668746e-08,-0.0021660616
9.678746e-08,-0.0021689338
9.688746e-08,-0.0021689338
9.698746e-08,-0.0021674977
9.708746e-08,-0.0021667796
9.718746e-08,-0.0021689338
9.728746e-08,-0.0021746783
9.738746e-08,-0.0021840131
9.748746e-08,-0.0021940659
9.758746e-08,-0.0022034007
9.768746e-08,-0.0022127355
9.778746e-08,-0.0022235064
9.788746e-08,-0.0022393038
9.798746e-08,-0.0022608456
9.808746e-08,-0.0022852597
9.818746e-08,-0.0023075195
9.828746e-08,-0.0023204446
9.838746e-08,-0.0023182904
9.848746e-08,-0.0023003389
9.858746e-08,-0.0022723346
9.868746e-08,-0.0022443302
9.878746e-08,-0.0022263787
9.888746e-08,-0.0022263787
9.898746e-08,-0.0022457663
9.908746e-08,-0.0022795152
9.918746e-08,-0.0023182904
9.928746e-08,-0.0023534754
9.938746e-08,-0.0023786075
9.948746e-08,-0.0023929687
9.958746e-08,-0.0023987132
9.968746e-08,-0.0024001494
9.978746e-08,-0.0023987132
9.988746e-08,-0.0023951229
9.998746e-08,-0.0023872243
1.000875e-07,-0.0023728631
1.001875e-07,-0.0023534754
1.002875e-07,-0.0023333697
1.003875e-07,-0.0023182904
1.004875e-07,-0.0023147001
1.005875e-07,-0.002325471
1.006875e-07,-0.002348449
1.007875e-07,-0.0023757353
1.008875e-07,-0.0023987132
1.009875e-07,-0.0024094841
1.010875e-07,-0.0024044577
1.011875e-07,-0.0023872243
1.012875e-07,-0.0023642463
1.013875e-07,-0.0023434226
1.014875e-07,-0.0023312155
1.015875e-07,-0.0023297794
1.016875e-07,-0.0023355239
1.017875e-07,-0.0023427045
1.018875e-07,-0.0023455767
1.019875e-07,-0.0023412684
1.020875e-07,-0.0023319336
1.021875e-07,-0.0023211627
1.022875e-07,-0.0023154182
1.023875e-07,-0.0023182904
1.024875e-07,-0.0023297794
1.025875e-07,-0.0023477309
1.026875e-07,-0.0023642463
1.027875e-07,-0.0023757353
1.028875e-07,-0.0023778895
1.029875e-07,-0.002372145
1.030875e-07,-0.0023613741
1.031875e-07,-0.0023527574
1.032875e-07,-0.0023498851
1.033875e-07,-0.0023541935
1.034875e-07,-0.0023642463
1.035875e-07,-0.0023757353
1.036875e-07,-0.002384352
1.037875e-07,-0.0023886604
1.038875e-07,-0.0023879423
1.039875e-07,-0.0023872243
1.040875e-07,-0.0023900965
1.041875e-07,-0.0023994313
1.042875e-07,-0.0024152286
1.043875e-07,-0.0024331801
1.044875e-07,-0.0024475414
1.045875e-07,-0.002454722
1.046875e-07,-0.0024525678
1.047875e-07,-0.0024446691
1.048875e-07,-0.0024367705
1.049875e-07,-0.0024338982
1.050875e-07,-0.0024410788
1.051875e-07,-0.0024561581
1.052875e-07,-0.0024741096
1.053875e-07,-0.0024891889
1.054875e-07,-0.0024949334
1.055875e-07,-0.002490625
1.056875e-07,-0.0024798541
1.057875e-07,-0.0024698012
1.058875e-07,-0.0024647748
1.059875e-07,-0.0024676471
1.060875e-07,-0.0024769818
1.061875e-07,-0.0024870347
1.062875e-07,-0.0024927792
1.063875e-07,-0.002490625
1.064875e-07,-0.0024812902
1.065875e-07,-0.0024690832
1.066875e-07,-0.0024597484
1.067875e-07,-0.0024561581
1.068875e-07,-0.0024590303
1.069875e-07,-0.0024662109
1.070875e-07,-0.0024733915
1.071875e-07,-0.002479136
1.072875e-07,-0.0024841625
1.073875e-07,-0.0024913431
1.074875e-07,-0.0025013959
1.075875e-07,-0.0025136029
1.076875e-07,-0.0025229377
1.077875e-07,-0.0025222197
1.078875e-07,-0.0025071404
1.079875e-07,-0.002479136
1.080875e-07,-0.0024446691
1.081875e-07,-0.0024152286
1.082875e-07,-0.0024023035
1.083875e-07,-0.0024102022
1.084875e-07,-0.0024360524
1.085875e-07,-0.0024690832
1.086875e-07,-0.0024942153
1.087875e-07,-0.002502114
1.088875e-07,-0.0024891889
1.089875e-07,-0.0024619026
1.090875e-07,-0.002431744
1.091875e-07,-0.0024102022
1.092875e-07,-0.0024037397
1.093875e-07,-0.0024094841
1.094875e-07,-0.0024224092
1.095875e-07,-0.0024331801
1.096875e-07,-0.0024367705
1.097875e-07,-0.0024353343
1.098875e-07,-0.002431744
1.099875e-07,-0.0024331801
1.100875e-07,-0.0024417969
1.101875e-07,-0.00245544
1.102875e-07,-0.0024698012
1.103875e-07,-0.002479136
1.104875e-07,-0.0024820083
1.105875e-07,-0.0024820083
1.106875e-07,-0.0024834444
1.107875e-07,-0.002490625
1.108875e-07,-0.0025035501
1.109875e-07,-0.0025186294
1.110875e-07,-0.0025272461
1.111875e-07,-0.0025250919
1.112875e-07,-0.0025128849
1.113875e-07,-0.0024970875
1.114875e-07,-0.0024870347
1.115875e-07,-0.002490625
1.116875e-07,-0.0025092946
1.117875e-07,-0.0025372989
1.118875e-07,-0.0025645852
1.119875e-07,-0.0025825368
1.120875e-07,-0.0025875632
1.121875e-07,-0.0025825368
1.122875e-07,-0.0025782284
1.123875e-07,-0.0025825368
1.124875e-07,-0.0025997702
1.125875e-07,-0.0026277746
1.126875e-07,-0.002655779
1.127875e-07,-0.0026744485
1.128875e-07,-0.0026773208
1.129875e-07,-0.0026658318
1.130875e-07,-0.0026464442
1.131875e-07,-0.0026284926
1.132875e-07,-0.0026191579
1.133875e-07,-0.002620594
1.134875e-07,-0.0026292107
1.135875e-07,-0.0026399816
1.136875e-07,-0.0026478803
1.137875e-07,-0.0026536248
1.138875e-07,-0.0026579331
1.139875e-07,-0.0026629596
1.140875e-07,-0.002667986
1.141875e-07,-0.0026694221
1.142875e-07,-0.0026608054
1.143875e-07,-0.0026399816
1.144875e-07,-0.002609105
1.145875e-07,-0.0025760742
1.146875e-07,-0.0025530963
1.147875e-07,-0.0025480699
1.148875e-07,-0.0025631491
1.149875e-07,-0.0025911535
1.150875e-07,-0.002620594
1.151875e-07,-0.0026399816
1.152875e-07,-0.0026428539
1.153875e-07,-0.002632801
1.154875e-07,-0.002620594
1.155875e-07,-0.0026170037
1.156875e-07,-0.0026306468
1.157875e-07,-0.0026608054
1.158875e-07,-0.0026981445
1.159875e-07,-0.0027318934
1.160875e-07,-0.0027519991
1.161875e-07,-0.0027563074
1.162875e-07,-0.0027498449
1.163875e-07,-0.0027433824
1.164875e-07,-0.0027455365
1.165875e-07,-0.0027620519
1.166875e-07,-0.0027900563
1.167875e-07,-0.0028238051
1.168875e-07,-0.0028553998
1.169875e-07,-0.0028790958
1.170875e-07,-0.0028948932
1.171875e-07,-0.0029042279
1.172875e-07,-0.0029114085
1.173875e-07,-0.0029193072
1.174875e-07,-0.0029279239
1.175875e-07,-0.0029386949
1.176875e-07,-0.0029501838
1.177875e-07,-0.0029623909
1.178875e-07,-0.0029774701
1.179875e-07,-0.0029961397
1.180875e-07,-0.0030169635
1.181875e-07,-0.0030377872
1.182875e-07,-0.0030543026
1.183875e-07,-0.0030650735
1.184875e-07,-0.003070818
1.185875e-07,-0.0030751264
1.186875e-07,-0.0030837431
1.187875e-07,-0.0030995404
1.188875e-07,-0.0031218003
1.189875e-07,-0.0031454963
1.190875e-07,-0.0031627298
1.191875e-07,-0.0031684743
1.192875e-07,-0.0031605756
1.193875e-07,-0.0031433421
1.194875e-07,-0.0031239545
1.195875e-07,-0.0031110294
1.196875e-07,-0.0031081572
1.197875e-07,-0.0031146197
1.198875e-07,-0.0031253906
1.199875e-07,-0.0031340074
1.200875e-07,-0.0031354435
1.201875e-07,-0.003129699
1.202875e-07,-0.0031196461
1.203875e-07,-0.0031110294
1.204875e-07,-0.003106721
1.205875e-07,-0.0031074391
1.206875e-07,-0.0031103114
1.207875e-07,-0.0031110294
1.208875e-07,-0.0031074391
1.209875e-07,-0.0031002585
1.210875e-07,-0.0030923598
1.211875e-07,-0.0030880515
1.212875e-07,-0.0030887695
1.213875e-07,-0.0030930779
1.214875e-07,-0.0030981043
1.215875e-07,-0.0030995404
1.216875e-07,-0.0030959501
1.217875e-07,-0.0030902057
1.218875e-07,-0.0030858973
1.219875e-07,-0.0030880515
1.220875e-07,-0.0030981043
1.221875e-07,-0.0031124655
1.222875e-07,-0.0031268267
1.223875e-07,-0.0031340074
1.224875e-07,-0.0031311351
1.225875e-07,-0.0031203642
1.226875e-07,-0.0031074391
1.227875e-07,-0.0030995404
1.228875e-07,-0.0031031307
1.229875e-07,-0.0031196461
1.230875e-07,-0.0031433421
1.231875e-07,-0.0031684743
1.232875e-07,-0.0031871438
1.233875e-07,-0.0031957606
1.234875e-07,-0.0031957606
1.235875e-07,-0.0031914522
1.236875e-07,-0.003189298
1.237875e-07,-0.0031921703
1.238875e-07,-0.0032015051
1.239875e-07,-0.0032144301
1.240875e-07,-0.0032266372
1.241875e-07,-0.003235972
1.242875e-07,-0.0032424345
1.243875e-07,-0.0032488971
1.244875e-07,-0.0032582318
1.245875e-07,-0.003271875
1.246875e-07,-0.0032891085
1.247875e-07,-0.0033063419
1.248875e-07,-0.0033185489
1.249875e-07,-0.0033228573
1.250875e-07,-0.0033178309
1.251875e-07,-0.0033063419
1.252875e-07,-0.0032926988
1.253875e-07,-0.0032826459
1.254875e-07,-0.0032797737
1.255875e-07,-0.003283364
1.256875e-07,-0.0032934168
1.257875e-07,-0.0033056239
1.258875e-07,-0.0033185489
1.259875e-07,-0.0033293199
1.260875e-07,-0.0033372185
1.261875e-07,-0.0033415269
1.262875e-07,-0.003342963
1.263875e-07,-0.0033408088
1.264875e-07,-0.0033343463
1.265875e-07,-0.0033235754
1.266875e-07,-0.0033092142
1.267875e-07,-0.0032948529
1.268875e-07,-0.0032826459
1.269875e-07,-0.0032761834
1.270875e-07,-0.0032769014
1.271875e-07,-0.003283364
1.272875e-07,-0.0032934168
1.273875e-07,-0.0033027516
1.274875e-07,-0.003307778
1.275875e-07,-0.0033063419
1.276875e-07,-0.0032977252
1.277875e-07,-0.0032848001
1.278875e-07,-0.0032711569
1.279875e-07,-0.003260386
1.280875e-07,-0.0032553596
1.281875e-07,-0.0032546415
1.282875e-07,-0.0032575138
1.283875e-07,-0.003260386
1.284875e-07,-0.003259668
1.285875e-07,-0.0032553596
1.286875e-07,-0.0032467429
1.287875e-07,-0.0032374081
1.288875e-07,-0.0032287914
1.289875e-07,-0.0032230469
1.290875e-07,-0.0032194566
1.291875e-07,-0.0032144301
1.292875e-07,-0.0032065315
1.293875e-07,-0.0031950425
1.294875e-07,-0.0031806813
1.295875e-07,-0.0031684743
1.296875e-07,-0.0031620117
1.297875e-07,-0.0031641659
1.298875e-07,-0.0031756549
1.299875e-07,-0.0031914522
1.300875e-07,-0.0032065315
1.301875e-07,-0.0032151482
1.302875e-07,-0.0032165843
1.303875e-07,-0.0032144301
1.304875e-07,-0.0032144301
1.305875e-07,-0.0032237649
1.306875e-07,-0.0032438706
1.307875e-07,-0.003271875
1.308875e-07,-0.0032998794
1.309875e-07,-0.0033185489
1.310875e-07,-0.0033207031
1.311875e-07,-0.0033063419
1.312875e-07,-0.0032826459
1.313875e-07,-0.003260386
1.314875e-07,-0.0032474609
1.315875e-07,-0.0032488971
1.316875e-07,-0.003259668
1.317875e-07,-0.0032711569
1.318875e-07,-0.0032725931
1.319875e-07,-0.003260386
1.320875e-07,-0.0032374081
1.321875e-07,-0.003212994
1.322875e-07,-0.0031993509
1.323875e-07,-0.0032029412
1.324875e-07,-0.0032237649
1.325875e-07,-0.0032524874
1.326875e-07,-0.0032761834
1.327875e-07,-0.003283364
1.328875e-07,-0.0032711569
1.329875e-07,-0.0032438706
1.330875e-07,-0.0032137121
1.331875e-07,-0.0031914522
1.332875e-07,-0.0031849897
1.333875e-07,-0.0031936064
1.334875e-07,-0.0032101218
1.335875e-07,-0.0032259191
1.336875e-07,-0.0032338178
1.337875e-07,-0.0032316636
1.338875e-07,-0.0032237649
1.339875e-07,-0.0032144301
1.340875e-07,-0.0032079676
1.341875e-07,-0.0032058134
1.342875e-07,-0.0032043773
1.343875e-07,-0.0032029412
1.344875e-07,-0.0032000689
1.345875e-07,-0.0031979148
1.346875e-07,-0.0032022231
1.347875e-07,-0.0032144301
1.348875e-07,-0.0032345358
1.349875e-07,-0.0032575138
1.350875e-07,-0.0032754653
1.351875e-07,-0.003283364
1.352875e-07,-0.0032797737
1.353875e-07,-0.0032690028
1.354875e-07,-0.003260386
1.355875e-07,-0.003260386
1.356875e-07,-0.0032725931
1.357875e-07,-0.0032934168
1.358875e-07,-0.0033149586
1.359875e-07,-0.0033293199
1.360875e-07,-0.003331474
1.361875e-07,-0.0033235754
1.362875e-07,-0.0033128045
1.363875e-07,-0.0033063419
1.364875e-07,-0.0033084961
1.365875e-07,-0.003319267
1.366875e-07,-0.0033321921
1.367875e-07,-0.0033408088
1.368875e-07,-0.0033408088
1.369875e-07,-0.0033329102
1.370875e-07,-0.0033228573
1.371875e-07,-0.0033178309
1.372875e-07,-0.0033221392
1.373875e-07,-0.0033350643
1.374875e-07,-0.0033508617
1.375875e-07,-0.0033637868
1.376875e-07,-0.0033673771
1.377875e-07,-0.0033623506
1.378875e-07,-0.0033515797
1.379875e-07,-0.0033408088
1.380875e-07,-0.0033350643
1.381875e-07,-0.0033350643
1.382875e-07,-0.0033386546
1.383875e-07,-0.0033408088
1.384875e-07,-0.0033393727
1.385875e-07,-0.0033343463
1.386875e-07,-0.0033300379
1.387875e-07,-0.0033293199
1.388875e-07,-0.0033365005
1.389875e-07,-0.0033508617
1.390875e-07,-0.0033688132
1.391875e-07,-0.0033867647
1.392875e-07,-0.003401844
1.393875e-07,-0.0034147691
1.394875e-07,-0.0034284122
1.395875e-07,-0.0034442096
1.396875e-07,-0.0034635972
1.397875e-07,-0.003484421
1.398875e-07,-0.0035023725
1.399875e-07,-0.0035131434
1.400875e-07,-0.0035160156
1.401875e-07,-0.0035152976
1.402875e-07,-0.0035160156
1.403875e-07,-0.0035246324
1.404875e-07,-0.0035447381
1.405875e-07,-0.0035727424
1.406875e-07,-0.003603619
1.407875e-07,-0.0036280331
1.408875e-07,-0.0036409582
1.409875e-07,-0.0036423943
1.410875e-07,-0.0036359318
1.411875e-07,-0.0036280331
1.412875e-07,-0.0036251608
1.413875e-07,-0.0036301873
1.414875e-07,-0.0036402401
1.415875e-07,-0.003651011
1.416875e-07,-0.0036589097
1.417875e-07,-0.0036617819
1.418875e-07,-0.0036617819
1.419875e-07,-0.0036625
1.420875e-07,-0.0036668084
1.421875e-07,-0.0036754251
1.422875e-07,-0.0036869141
1.423875e-07,-0.0036969669
1.424875e-07,-0.0037012753
1.425875e-07,-0.003697685
1.426875e-07,-0.0036869141
1.427875e-07,-0.003673989
1.428875e-07,-0.0036617819
1.429875e-07,-0.0036538833
1.430875e-07,-0.003650293
1.431875e-07,-0.003651011
1.432875e-07,-0.0036531652
1.433875e-07,-0.0036560375
1.434875e-07,-0.0036596278
1.435875e-07,-0.0036625
1.436875e-07,-0.0036660903
1.437875e-07,-0.0036703987
1.438875e-07,-0.0036732709
1.439875e-07,-0.003673989
1.440875e-07,-0.0036711167
1.441875e-07,-0.0036653722
1.442875e-07,-0.0036574736
1.443875e-07,-0.003651011
1.444875e-07,-0.0036459846
1.445875e-07,-0.0036438304
1.446875e-07,-0.0036416762
1.447875e-07,-0.0036395221
1.448875e-07,-0.0036359318
1.449875e-07,-0.0036316234
1.450875e-07,-0.0036280331
1.451875e-07,-0.0036280331
1.452875e-07,-0.0036330595
1.453875e-07,-0.0036438304
1.454875e-07,-0.0036581916
1.455875e-07,-0.003673989
1.456875e-07,-0.0036883502
1.457875e-07,-0.0036991211
1.458875e-07,-0.0037055836
1.459875e-07,-0.0037084559
1.460875e-07,-0.0037077378
1.461875e-07,-0.0037048656
1.462875e-07,-0.0037005572
1.463875e-07,-0.0036969669
1.464875e-07,-0.0036955308
1.465875e-07,-0.003698403
1.466875e-07,-0.0037070198
1.467875e-07,-0.0037199449
1.468875e-07,-0.0037364602
1.469875e-07,-0.0037529756
1.470875e-07,-0.0037673369
1.471875e-07,-0.0037773897
1.472875e-07,-0.0037831342
1.473875e-07,-0.0037852884
1.474875e-07,-0.0037867245
1.475875e-07,-0.0037888787
1.476875e-07,-0.0037917509
1.477875e-07,-0.0037946232
1.478875e-07,-0.0037982135
1.479875e-07,-0.0038003676
1.480875e-07,-0.0038025218
1.481875e-07,-0.0038053941
1.482875e-07,-0.0038089844
1.483875e-07,-0.0038118566
1.484875e-07,-0.0038125747
1.485875e-07,-0.0038089844
1.486875e-07,-0.0038003676
1.487875e-07,-0.0037888787
1.488875e-07,-0.0037773897
1.489875e-07,-0.0037709272
1.490875e-07,-0.0037716452
1.491875e-07,-0.0037773897
1.492875e-07,-0.0037845703
1.493875e-07,-0.0037874426
1.494875e-07,-0.00378098
1.495875e-07,-0.0037659007
1.496875e-07,-0.0037472312
1.497875e-07,-0.003733588
1.498875e-07,-0.0037314338
1.499875e-07,-0.0037429228
1.500875e-07,-0.0037644646
1.501875e-07,-0.0037874426
1.502875e-07,-0.0038010857
1.503875e-07,-0.0038003676
1.504875e-07,-0.0037852884
1.505875e-07,-0.0037630285
1.506875e-07,-0.0037422047
1.507875e-07,-0.0037314338
1.508875e-07,-0.0037328699
1.509875e-07,-0.0037414867
1.510875e-07,-0.0037515395
1.511875e-07,-0.0037544118
1.512875e-07,-0.0037493853
1.513875e-07,-0.0037386144
1.514875e-07,-0.0037307158
1.515875e-07,-0.0037314338
1.516875e-07,-0.0037422047
1.517875e-07,-0.0037587201
1.518875e-07,-0.0037730813
1.519875e-07,-0.0037773897
1.520875e-07,-0.0037680549
1.521875e-07,-0.0037501034
1.522875e-07,-0.0037307158
1.523875e-07,-0.0037199449
1.524875e-07,-0.0037242532
1.525875e-07,-0.0037422047
1.526875e-07,-0.0037673369
1.527875e-07,-0.0037888787
1.528875e-07,-0.0037996496
1.529875e-07,-0.0037982135
1.530875e-07,-0.0037881606
1.531875e-07,-0.0037773897
1.532875e-07,-0.0037745175
1.533875e-07,-0.0037824161
1.534875e-07,-0.0038003676
1.535875e-07,-0.0038233456
1.536875e-07,-0.0038448874
1.537875e-07,-0.0038599667
1.538875e-07,-0.0038671473
1.539875e-07,-0.0038693015
1.540875e-07,-0.0038678653
1.541875e-07,-0.0038649931
1.542875e-07,-0.0038614028
1.543875e-07,-0.0038578125
1.544875e-07,-0.0038535041
1.545875e-07,-0.0038484777
1.546875e-07,-0.0038456055
1.547875e-07,-0.0038463235
1.548875e-07,-0.0038499138
1.549875e-07,-0.0038563764
1.550875e-07,-0.003863557
1.551875e-07,-0.0038693015
1.552875e-07,-0.0038743279
1.553875e-07,-0.0038786363
1.554875e-07,-0.0038843807
1.555875e-07,-0.0038922794
1.556875e-07,-0.00389946
1.557875e-07,-0.0039037684
1.558875e-07,-0.0039008961
1.559875e-07,-0.0038922794
1.560875e-07,-0.0038800724
1.561875e-07,-0.0038707376
1.562875e-07,-0.0038700195
1.563875e-07,-0.0038807904
1.564875e-07,-0.0039016142
1.565875e-07,-0.0039267463
1.566875e-07,-0.0039482881
1.567875e-07,-0.0039612132
1.568875e-07,-0.0039640855
1.569875e-07,-0.0039590591
1.570875e-07,-0.0039533146
1.571875e-07,-0.0039497243
1.572875e-07,-0.0039490062
1.573875e-07,-0.0039475701
1.574875e-07,-0.0039411075
1.575875e-07,-0.0039267463
1.576875e-07,-0.0039080767
1.577875e-07,-0.0038922794
1.578875e-07,-0.0038886891
1.579875e-07,-0.0039037684
1.580875e-07,-0.0039360811
1.581875e-07,-0.0039784467
1.582875e-07,-0.004017222
1.583875e-07,-0.004041636
1.584875e-07,-0.0040452263
1.585875e-07,-0.0040301471
1.586875e-07,-0.0040064511
1.587875e-07,-0.0039841912
1.588875e-07,-0.0039727022
1.589875e-07,-0.0039734203
1.590875e-07,-0.0039834731
1.591875e-07,-0.0039956801
1.592875e-07,-0.0040035788
1.593875e-07,-0.0040050149
1.594875e-07,-0.0040014246
1.595875e-07,-0.0039956801
1.596875e-07,-0.0039920898
1.597875e-07,-0.0039913718
1.598875e-07,-0.0039928079
1.599875e-07,-0.0039956801
1.600875e-07,-0.0039985524
1.601875e-07,-0.0040028608
1.602875e-07,-0.0040093233
1.603875e-07,-0.0040186581
1.604875e-07,-0.0040279929
1.605875e-07,-0.0040337374
1.606875e-07,-0.0040308651
1.607875e-07,-0.0040186581
1.608875e-07,-0.0039992705
1.609875e-07,-0.0039806009
1.610875e-07,-0.00396983
1.611875e-07,-0.0039727022
1.612875e-07,-0.0039884995
1.613875e-07,-0.0040114775
1.614875e-07,-0.0040315832
1.615875e-07,-0.004041636
1.616875e-07,-0.0040387638
1.617875e-07,-0.0040272748
1.618875e-07,-0.0040143497
1.619875e-07,-0.0040071691
1.620875e-07,-0.0040086052
1.621875e-07,-0.0040157858
1.622875e-07,-0.0040208123
1.623875e-07,-0.0040186581
1.624875e-07,-0.0040064511
1.625875e-07,-0.0039884995
1.626875e-07,-0.0039748564
1.627875e-07,-0.0039727022
1.628875e-07,-0.0039870634
1.629875e-07,-0.0040157858
1.630875e-07,-0.0040488166
1.631875e-07,-0.0040761029
1.632875e-07,-0.0040904642
1.633875e-07,-0.0040919003
1.634875e-07,-0.0040840016
1.635875e-07,-0.0040761029
1.636875e-07,-0.0040746668
1.637875e-07,-0.0040825655
1.638875e-07,-0.0040962086
1.639875e-07,-0.0041105699
1.640875e-07,-0.0041213408
1.641875e-07,-0.0041270852
1.642875e-07,-0.0041292394
1.643875e-07,-0.0041335478
1.644875e-07,-0.0041421645
1.645875e-07,-0.0041543716
1.646875e-07,-0.0041687328
1.647875e-07,-0.0041795037
1.648875e-07,-0.0041845301
1.649875e-07,-0.0041845301
1.650875e-07,-0.0041809398
1.651875e-07,-0.0041795037
1.652875e-07,-0.0041809398
1.653875e-07,-0.0041859662
1.654875e-07,-0.0041902746
1.655875e-07,-0.0041909926
1.656875e-07,-0.0041866843
1.657875e-07,-0.0041787856
1.658875e-07,-0.004171605
1.659875e-07,-0.0041680147
1.660875e-07,-0.0041708869
1.661875e-07,-0.0041773495
1.662875e-07,-0.0041859662
1.663875e-07,-0.0041909926
1.664875e-07,-0.0041917107
1.665875e-07,-0.0041881204
1.666875e-07,-0.004183094
1.667875e-07,-0.0041795037
1.668875e-07,-0.0041773495
1.669875e-07,-0.0041744773
1.670875e-07,-0.0041680147
1.671875e-07,-0.0041565257
1.672875e-07,-0.0041414465
1.673875e-07,-0.0041270852
1.674875e-07,-0.0041199046
1.675875e-07,-0.0041220588
1.676875e-07,-0.0041342659
1.677875e-07,-0.0041522174
1.678875e-07,-0.0041687328
1.679875e-07,-0.0041795037
1.680875e-07,-0.0041823759
1.681875e-07,-0.0041809398
1.682875e-07,-0.0041787856
1.683875e-07,-0.0041795037
1.684875e-07,-0.004183812
1.685875e-07,-0.0041895565
1.686875e-07,-0.0041924288
1.687875e-07,-0.0041909926
1.688875e-07,-0.0041874023
1.689875e-07,-0.0041874023
1.690875e-07,-0.004195301
1.691875e-07,-0.0042139706
1.692875e-07,-0.0042391027
1.693875e-07,-0.0042620807
1.694875e-07,-0.0042750057
1.695875e-07,-0.0042714154
1.696875e-07,-0.004254182
1.697875e-07,-0.0042319221
1.698875e-07,-0.0042161248
1.699875e-07,-0.0042139706
1.700875e-07,-0.0042261776
1.701875e-07,-0.0042470014
1.702875e-07,-0.0042642348
1.703875e-07,-0.0042714154
1.704875e-07,-0.0042649529
1.705875e-07,-0.0042513097
1.706875e-07,-0.0042398208
1.707875e-07,-0.0042369485
1.708875e-07,-0.0042455653
1.709875e-07,-0.0042599265
1.710875e-07,-0.0042714154
1.711875e-07,-0.0042714154
1.712875e-07,-0.0042584903
1.713875e-07,-0.0042383847
1.714875e-07,-0.0042204331
1.715875e-07,-0.0042139706
1.716875e-07,-0.0042197151
1.717875e-07,-0.0042326402
1.718875e-07,-0.0042412569
1.719875e-07,-0.0042369485
1.720875e-07,-0.004218279
1.721875e-07,-0.0041902746
1.722875e-07,-0.0041658605
1.723875e-07,-0.0041565257
1.724875e-07,-0.0041658605
1.725875e-07,-0.0041902746
1.726875e-07,-0.004218279
1.727875e-07,-0.0042369485
1.728875e-07,-0.0042391027
1.729875e-07,-0.0042268957
1.730875e-07,-0.00420679
1.731875e-07,-0.0041909926
1.732875e-07,-0.0041852482
1.733875e-07,-0.0041888385
1.734875e-07,-0.0041974552
1.735875e-07,-0.0042024816
1.736875e-07,-0.0042003274
1.737875e-07,-0.0041917107
1.738875e-07,-0.004183094
1.739875e-07,-0.0041795037
1.740875e-07,-0.004183812
1.741875e-07,-0.0041938649
1.742875e-07,-0.0042017636
1.743875e-07,-0.0042024816
1.744875e-07,-0.0041938649
1.745875e-07,-0.0041802217
1.746875e-07,-0.0041694508
1.747875e-07,-0.0041680147
1.748875e-07,-0.0041773495
1.749875e-07,-0.0041938649
1.750875e-07,-0.0042082261
1.751875e-07,-0.0042139706
1.752875e-07,-0.0042103803
1.753875e-07,-0.0042039177
1.754875e-07,-0.0042024816
1.755875e-07,-0.0042139706
1.756875e-07,-0.0042398208
1.757875e-07,-0.0042735696
1.758875e-07,-0.004302292
1.759875e-07,-0.0043173713
1.760875e-07,-0.004313781
1.761875e-07,-0.0042965476
1.762875e-07,-0.0042750057
1.763875e-07,-0.0042599265
1.764875e-07,-0.0042549
1.765875e-07,-0.0042584903
1.766875e-07,-0.0042620807
1.767875e-07,-0.0042599265
1.768875e-07,-0.0042498736
1.769875e-07,-0.0042369485
1.770875e-07,-0.004230486
1.771875e-07,-0.0042369485
1.772875e-07,-0.0042563362
1.773875e-07,-0.0042821864
1.774875e-07,-0.004301574
1.775875e-07,-0.0043058824
1.776875e-07,-0.0042915211
1.777875e-07,-0.004265671
1.778875e-07,-0.0042398208
1.779875e-07,-0.0042254596
1.780875e-07,-0.0042268957
1.781875e-07,-0.0042398208
1.782875e-07,-0.004254182
1.783875e-07,-0.0042599265
1.784875e-07,-0.0042520278
1.785875e-07,-0.0042355124
1.786875e-07,-0.0042197151
1.787875e-07,-0.0042139706
1.788875e-07,-0.0042218693
1.789875e-07,-0.0042383847
1.790875e-07,-0.004254182
1.791875e-07,-0.0042599265
1.792875e-07,-0.0042527459
1.793875e-07,-0.0042383847
1.794875e-07,-0.0042261776
1.795875e-07,-0.0042254596
1.796875e-07,-0.0042391027
1.797875e-07,-0.0042613626
1.798875e-07,-0.0042793141
1.799875e-07,-0.0042829044
1.800875e-07,-0.0042692613
1.801875e-07,-0.0042448472
1.802875e-07,-0.0042218693
1.803875e-07,-0.0042139706
1.804875e-07,-0.0042254596
1.805875e-07,-0.0042513097
1.806875e-07,-0.004278596
1.807875e-07,-0.0042943934
1.808875e-07,-0.0042915211
1.809875e-07,-0.0042728516
1.810875e-07,-0.0042498736
1.811875e-07,-0.0042369485
1.812875e-07,-0.0042412569
1.813875e-07,-0.0042606445
1.814875e-07,-0.0042864947
1.815875e-07,-0.0043058824
1.816875e-07,-0.0043116268
1.817875e-07,-0.0043058824
1.818875e-07,-0.0042958295
1.819875e-07,-0.0042943934
1.820875e-07,-0.0043087546
1.821875e-07,-0.004336759
1.822875e-07,-0.0043705078
1.823875e-07,-0.0043977941
1.824875e-07,-0.0044092831
1.825875e-07,-0.0044042567
1.826875e-07,-0.0043891774
1.827875e-07,-0.0043748162
1.828875e-07,-0.0043683536
1.829875e-07,-0.0043719439
1.830875e-07,-0.0043805607
1.831875e-07,-0.0043863051
1.832875e-07,-0.0043834329
1.833875e-07,-0.0043719439
1.834875e-07,-0.0043590188
1.835875e-07,-0.0043518382
1.836875e-07,-0.0043575827
1.837875e-07,-0.0043755342
1.838875e-07,-0.0043992302
1.839875e-07,-0.0044207721
1.840875e-07,-0.004432261
1.841875e-07,-0.0044329791
1.842875e-07,-0.0044265165
1.843875e-07,-0.0044207721
1.844875e-07,-0.0044214901
1.845875e-07,-0.0044301068
1.846875e-07,-0.0044430319
1.847875e-07,-0.004455239
1.848875e-07,-0.0044624196
1.849875e-07,-0.0044631376
1.850875e-07,-0.0044631376
1.851875e-07,-0.0044667279
1.852875e-07,-0.0044782169
1.853875e-07,-0.0044968865
1.854875e-07,-0.0045177102
1.855875e-07,-0.0045356618
1.856875e-07,-0.0045449966
1.857875e-07,-0.0045457146
1.858875e-07,-0.0045406882
1.859875e-07,-0.0045356618
1.860875e-07,-0.0045342256
1.861875e-07,-0.0045370979
1.862875e-07,-0.0045421243
1.863875e-07,-0.0045471507
1.864875e-07,-0.0045493049
1.865875e-07,-0.004550741
1.866875e-07,-0.0045528952
1.867875e-07,-0.0045586397
1.868875e-07,-0.0045694106
1.869875e-07,-0.0045816176
1.870875e-07,-0.0045909524
1.871875e-07,-0.0045931066
1.872875e-07,-0.0045873621
1.873875e-07,-0.0045765912
1.874875e-07,-0.0045651023
1.875875e-07,-0.0045586397
1.876875e-07,-0.0045586397
1.877875e-07,-0.0045629481
1.878875e-07,-0.0045679745
1.879875e-07,-0.0045701287
1.880875e-07,-0.0045672564
1.881875e-07,-0.00456223
1.882875e-07,-0.0045586397
1.883875e-07,-0.0045586397
1.884875e-07,-0.0045629481
1.885875e-07,-0.0045686926
1.886875e-07,-0.0045715648
1.887875e-07,-0.0045701287
1.888875e-07,-0.0045651023
1.889875e-07,-0.0045607939
1.890875e-07,-0.0045615119
1.891875e-07,-0.0045701287
1.892875e-07,-0.0045830538
1.893875e-07,-0.0045931066
1.894875e-07,-0.0045938247
1.895875e-07,-0.0045816176
1.896875e-07,-0.0045593578
1.897875e-07,-0.0045356618
1.898875e-07,-0.0045220186
1.899875e-07,-0.0045241728
1.900875e-07,-0.0045421243
1.901875e-07,-0.0045665384
1.902875e-07,-0.0045873621
1.903875e-07,-0.0045931066
1.904875e-07,-0.0045823357
1.905875e-07,-0.0045600758
1.906875e-07,-0.0045370979
1.907875e-07,-0.0045241728
1.908875e-07,-0.0045256089
1.909875e-07,-0.0045378159
1.910875e-07,-0.0045521772
1.911875e-07,-0.0045586397
1.912875e-07,-0.0045521772
1.913875e-07,-0.0045356618
1.914875e-07,-0.0045155561
1.915875e-07,-0.0045011949
1.916875e-07,-0.0044968865
1.917875e-07,-0.0045019129
1.918875e-07,-0.0045098116
1.919875e-07,-0.0045126838
1.920875e-07,-0.0045083755
1.921875e-07,-0.0044983226
1.922875e-07,-0.0044897059
1.923875e-07,-0.0044897059
1.924875e-07,-0.0044997587
1.925875e-07,-0.0045169922
1.926875e-07,-0.0045313534
1.927875e-07,-0.0045356618
1.928875e-07,-0.0045248909
1.929875e-07,-0.004503349
1.930875e-07,-0.0044803711
1.931875e-07,-0.0044667279
1.932875e-07,-0.0044688821
1.933875e-07,-0.0044861156
1.934875e-07,-0.0045119658
1.935875e-07,-0.0045356618
1.936875e-07,-0.0045485869
1.937875e-07,-0.0045485869
1.938875e-07,-0.0045378159
1.939875e-07,-0.0045241728
1.940875e-07,-0.0045126838
1.941875e-07,-0.0045062213
1.942875e-07,-0.0045040671
1.943875e-07,-0.0045011949
1.944875e-07,-0.0044968865
1.945875e-07,-0.004491142
1.946875e-07,-0.0044875517
1.947875e-07,-0.0044897059
1.948875e-07,-0.0044990407
1.949875e-07,-0.0045141199
1.950875e-07,-0.0045277631
1.951875e-07,-0.0045356618
1.952875e-07,-0.0045349437
1.953875e-07,-0.0045277631
1.954875e-07,-0.0045184283
1.955875e-07,-0.0045126838
1.956875e-07,-0.0045141199
1.957875e-07,-0.0045213006
1.958875e-07,-0.0045299173
1.959875e-07,-0.0045356618
1.960875e-07,-0.0045363798
1.961875e-07,-0.0045342256
1.962875e-07,-0.0045327895
1.963875e-07,-0.0045356618
1.964875e-07,-0.0045435604
1.965875e-07,-0.0045536133
1.966875e-07,-0.0045600758
1.967875e-07,-0.0045586397
1.968875e-07,-0.0045478688
1.969875e-07,-0.0045327895
1.970875e-07,-0.0045184283
1.971875e-07,-0.0045126838
1.972875e-07,-0.0045162741
1.973875e-07,-0.0045256089
1.974875e-07,-0.0045342256
1.975875e-07,-0.0045356618
1.976875e-07,-0.0045284812
1.977875e-07,-0.0045155561
1.978875e-07,-0.0045040671
1.979875e-07,-0.0045011949
1.980875e-07,-0.0045098116
1.981875e-07,-0.004527045
1.982875e-07,-0.0045464327
1.983875e-07,-0.0045586397
1.984875e-07,-0.0045607939
1.985875e-07,-0.0045528952
1.986875e-07,-0.0045421243
1.987875e-07,-0.0045356618
1.988875e-07,-0.0045370979
1.989875e-07,-0.0045464327
1.990875e-07,-0.0045600758
1.991875e-07,-0.0045701287
1.992875e-07,-0.004573719
1.993875e-07,-0.0045708467
1.994875e-07,-0.0045643842
1.995875e-07,-0.0045586397
1.996875e-07,-0.0045572036
1.997875e-07,-0.0045607939
1.998875e-07,-0.0045658203
1.999875e-07,-0.0045701287
2.000875e-07,-0.0045722829
2.001875e-07,-0.0045730009
2.002875e-07,-0.0045758732
2.003875e-07,-0.0045816176
2.004875e-07,-0.0045895163
2.005875e-07,-0.0045959789
2.006875e-07,-0.004597415
2.007875e-07,-0.0045931066
2.008875e-07,-0.0045844899
2.009875e-07,-0.0045787454
2.010875e-07,-0.0045801815
2.011875e-07,-0.0045931066
2.012875e-07,-0.0046132123
2.013875e-07,-0.004633318
2.014875e-07,-0.0046433709
2.015875e-07,-0.0046390625
2.016875e-07,-0.004621829
2.017875e-07,-0.0045995692
2.018875e-07,-0.0045830538
2.019875e-07,-0.0045816176
2.020875e-07,-0.0045952608
2.021875e-07,-0.0046189568
2.022875e-07,-0.0046397806
2.023875e-07,-0.0046505515
2.024875e-07,-0.0046462431
2.025875e-07,-0.0046318819
2.026875e-07,-0.0046146484
2.027875e-07,-0.0046045956
2.028875e-07,-0.0046038775
2.029875e-07,-0.0046103401
2.030875e-07,-0.0046168026
2.031875e-07,-0.0046160846
2.032875e-07,-0.0046067498
2.033875e-07,-0.0045931066
2.034875e-07,-0.0045823357
2.035875e-07,-0.0045816176
2.036875e-07,-0.0045916705
2.037875e-07,-0.0046081859
2.038875e-07,-0.0046225471
2.039875e-07,-0.0046275735
2.040875e-07,-0.004621111
2.041875e-07,-0.0046074678
2.042875e-07,-0.0045959789
2.043875e-07,-0.0045931066
2.044875e-07,-0.0046017233
2.045875e-07,-0.0046168026
2.046875e-07,-0.0046318819
2.047875e-07,-0.0046390625
2.048875e-07,-0.0046383444
2.049875e-07,-0.0046354722
2.050875e-07,-0.0046376264
2.051875e-07,-0.0046505515
2.052875e-07,-0.0046735294
2.053875e-07,-0.0046972254
2.054875e-07,-0.0047115866
2.055875e-07,-0.0047079963
2.056875e-07,-0.0046871726
2.057875e-07,-0.0046591682
2.058875e-07,-0.0046390625
2.059875e-07,-0.0046390625
2.060875e-07,-0.0046627585
2.061875e-07,-0.0047015338
2.062875e-07,-0.0047410271
2.063875e-07,-0.0047654412
2.064875e-07,-0.0047668773
2.065875e-07,-0.0047482077
2.066875e-07,-0.0047202034
2.067875e-07,-0.0046965074
2.068875e-07,-0.0046864545
2.069875e-07,-0.0046900448
2.070875e-07,-0.0047008157
2.071875e-07,-0.0047079963
2.072875e-07,-0.0047058421
2.073875e-07,-0.0046950712
2.074875e-07,-0.0046814281
2.075875e-07,-0.0046735294
2.076875e-07,-0.0046749655
2.077875e-07,-0.0046835823
2.078875e-07,-0.0046936351
2.079875e-07,-0.0046965074
2.080875e-07,-0.0046893267
2.081875e-07,-0.0046749655
2.082875e-07,-0.0046598863
2.083875e-07,-0.0046505515
2.084875e-07,-0.0046498334
2.085875e-07,-0.0046548598
2.086875e-07,-0.004657014
2.087875e-07,-0.0046505515
2.088875e-07,-0.0046347541
2.089875e-07,-0.0046139304
2.090875e-07,-0.004598133
2.091875e-07,-0.0045931066
2.092875e-07,-0.0045995692
2.093875e-07,-0.0046103401
2.094875e-07,-0.0046146484
2.095875e-07,-0.0046045956
2.096875e-07,-0.0045787454
2.097875e-07,-0.0045449966
2.098875e-07,-0.0045155561
2.099875e-07,-0.0045011949
2.100875e-07,-0.0045047852
2.101875e-07,-0.0045213006
2.102875e-07,-0.0045392521
2.103875e-07,-0.0045471507
2.104875e-07,-0.0045414062
2.105875e-07,-0.004527045
2.106875e-07,-0.0045141199
2.107875e-07,-0.0045126838
2.108875e-07,-0.004526327
2.109875e-07,-0.0045478688
2.110875e-07,-0.0045665384
2.111875e-07,-0.0045701287
2.112875e-07,-0.0045550494
2.113875e-07,-0.0045277631
2.114875e-07,-0.0045011949
2.115875e-07,-0.0044897059
2.116875e-07,-0.0044997587
2.117875e-07,-0.0045284812
2.118875e-07,-0.0045643842
2.119875e-07,-0.0045931066
2.120875e-07,-0.0046067498
2.121875e-07,-0.0046053136
2.122875e-07,-0.004597415
2.123875e-07,-0.0045931066
2.124875e-07,-0.0045988511
2.125875e-07,-0.0046146484
2.126875e-07,-0.0046304458
2.127875e-07,-0.0046390625
2.128875e-07,-0.0046340361
2.129875e-07,-0.0046189568
2.130875e-07,-0.0046017233
2.131875e-07,-0.0045931066
2.132875e-07,-0.0045995692
2.133875e-07,-0.0046189568
2.134875e-07,-0.0046433709
2.135875e-07,-0.0046620404
2.136875e-07,-0.004669221
2.137875e-07,-0.0046663488
2.138875e-07,-0.0046606043
2.139875e-07,-0.0046620404
2.140875e-07,-0.0046749655
2.141875e-07,-0.0046986615
2.142875e-07,-0.0047245117
2.143875e-07,-0.0047424632
2.144875e-07,-0.0047460535
2.145875e-07,-0.0047367187
2.146875e-07,-0.0047209214
2.147875e-07,-0.0047079963
2.148875e-07,-0.004704406
2.149875e-07,-0.0047094324
2.150875e-07,-0.0047173311
2.151875e-07,-0.0047194853
2.152875e-07,-0.0047123047
2.153875e-07,-0.0046965074
2.154875e-07,-0.00468071
2.155875e-07,-0.0046735294
2.156875e-07,-0.004679992
2.157875e-07,-0.0046979435
2.158875e-07,-0.0047187672
2.159875e-07,-0.0047309743
2.160875e-07,-0.0047259478
2.161875e-07,-0.004703688
2.162875e-07,-0.0046706572
2.163875e-07,-0.0046390625
2.164875e-07,-0.0046196749
2.165875e-07,-0.0046160846
2.166875e-07,-0.0046254193
2.167875e-07,-0.0046390625
2.168875e-07,-0.0046476792
2.169875e-07,-0.0046462431
2.170875e-07,-0.0046340361
2.171875e-07,-0.0046160846
2.172875e-07,-0.0045995692
2.173875e-07,-0.0045902344
2.174875e-07,-0.0045887983
2.175875e-07,-0.0045931066
2.176875e-07,-0.0046002872
2.177875e-07,-0.0046074678
2.178875e-07,-0.0046124943
2.179875e-07,-0.0046160846
2.180875e-07,-0.0046196749
2.181875e-07,-0.0046225471
2.182875e-07,-0.0046254193
2.183875e-07,-0.0046275735
2.184875e-07,-0.0046290097
2.185875e-07,-0.0046304458
2.186875e-07,-0.0046340361
2.187875e-07,-0.0046390625
2.188875e-07,-0.004645525
2.189875e-07,-0.0046505515
2.190875e-07,-0.0046519876
2.191875e-07,-0.0046505515
2.192875e-07,-0.0046476792
2.193875e-07,-0.0046483973
2.194875e-07,-0.004657014
2.195875e-07,-0.0046735294
2.196875e-07,-0.0046950712
2.197875e-07,-0.004715895
2.198875e-07,-0.0047288201
2.199875e-07,-0.0047309743
2.200875e-07,-0.0047237937
2.201875e-07,-0.0047144589
2.202875e-07,-0.0047108686
2.203875e-07,-0.0047194853
2.204875e-07,-0.0047403091
2.205875e-07,-0.0047675954
2.206875e-07,-0.0047934455
2.207875e-07,-0.0048113971
2.208875e-07,-0.0048185777
2.209875e-07,-0.0048185777
2.210875e-07,-0.0048178596
2.211875e-07,-0.004822886
2.212875e-07,-0.0048358111
2.213875e-07,-0.0048530446
2.214875e-07,-0.00486956
2.215875e-07,-0.0048803309
2.216875e-07,-0.0048839212
2.217875e-07,-0.0048839212
2.218875e-07,-0.0048846392
2.219875e-07,-0.0048918199
2.220875e-07,-0.0049047449
2.221875e-07,-0.0049183881
2.222875e-07,-0.0049277229
2.223875e-07,-0.0049262868
2.224875e-07,-0.0049155159
2.225875e-07,-0.0048990005
2.226875e-07,-0.0048860754
2.227875e-07,-0.0048803309
2.228875e-07,-0.0048832031
2.229875e-07,-0.0048889476
2.230875e-07,-0.0048896657
2.231875e-07,-0.0048803309
2.232875e-07,-0.0048602252
2.233875e-07,-0.0048358111
2.234875e-07,-0.0048171415
2.235875e-07,-0.0048113971
2.236875e-07,-0.0048200138
2.237875e-07,-0.0048379653
2.238875e-07,-0.0048530446
2.239875e-07,-0.0048573529
2.240875e-07,-0.0048451459
2.241875e-07,-0.0048207318
2.242875e-07,-0.0047912914
2.243875e-07,-0.0047654412
2.244875e-07,-0.0047489258
2.245875e-07,-0.0047417452
2.246875e-07,-0.0047374368
2.247875e-07,-0.0047309743
2.248875e-07,-0.0047209214
2.249875e-07,-0.0047079963
2.250875e-07,-0.0046986615
2.251875e-07,-0.0046965074
2.252875e-07,-0.0047008157
2.253875e-07,-0.0047065602
2.254875e-07,-0.0047065602
2.255875e-07,-0.0046965074
2.256875e-07,-0.0046764017
2.257875e-07,-0.0046534237
2.258875e-07,-0.0046347541
2.259875e-07,-0.0046275735
2.260875e-07,-0.0046304458
2.261875e-07,-0.0046376264
2.262875e-07,-0.0046383444
2.263875e-07,-0.0046275735
2.264875e-07,-0.0046053136
2.265875e-07,-0.0045816176
2.266875e-07,-0.0045665384
2.267875e-07,-0.0045701287
2.268875e-07,-0.0045931066
2.269875e-07,-0.0046268555
2.270875e-07,-0.004657014
2.271875e-07,-0.0046735294
2.272875e-07,-0.0046713752
2.273875e-07,-0.004657014
2.274875e-07,-0.0046419347
2.275875e-07,-0.0046390625
2.276875e-07,-0.0046527057
2.277875e-07,-0.0046785558
2.278875e-07,-0.0047051241
2.279875e-07,-0.0047194853
2.280875e-07,-0.0047166131
2.281875e-07,-0.0047000977
2.282875e-07,-0.0046814281
2.283875e-07,-0.0046735294
2.284875e-07,-0.0046835823
2.285875e-07,-0.0047101505
2.286875e-07,-0.0047453355
2.287875e-07,-0.0047769301
2.288875e-07,-0.0047977539
2.289875e-07,-0.0048063706
2.290875e-07,-0.0048085248
2.291875e-07,-0.0048113971
2.292875e-07,-0.0048192957
2.293875e-07,-0.0048307847
2.294875e-07,-0.0048379653
2.295875e-07,-0.004834375
2.296875e-07,-0.0048185777
2.297875e-07,-0.0047948817
2.298875e-07,-0.0047733398
2.299875e-07,-0.0047654412
2.300875e-07,-0.004775494
2.301875e-07,-0.00479919
2.302875e-07,-0.0048271944
2.303875e-07,-0.004845864
2.304875e-07,-0.0048480182
2.305875e-07,-0.0048336569
2.306875e-07,-0.004810679
2.307875e-07,-0.0047884191
2.308875e-07,-0.0047762121
2.309875e-07,-0.004774776
2.310875e-07,-0.0047812385
2.311875e-07,-0.0047884191
2.312875e-07,-0.0047905733
2.313875e-07,-0.0047884191
2.314875e-07,-0.0047862649
2.315875e-07,-0.0047884191
2.316875e-07,-0.004798472
2.317875e-07,-0.0048142693
2.318875e-07,-0.0048286305
2.319875e-07,-0.004834375
2.320875e-07,-0.0048279125
2.321875e-07,-0.0048113971
2.322875e-07,-0.0047920094
2.323875e-07,-0.0047769301
2.324875e-07,-0.0047719037
2.325875e-07,-0.0047762121
2.326875e-07,-0.0047841108
2.327875e-07,-0.0047884191
2.328875e-07,-0.0047855469
2.329875e-07,-0.0047769301
2.330875e-07,-0.0047683134
2.331875e-07,-0.0047654412
2.332875e-07,-0.0047726218
2.333875e-07,-0.0047891372
2.334875e-07,-0.0048078068
2.335875e-07,-0.004822886
2.336875e-07,-0.0048286305
2.337875e-07,-0.0048257583
2.338875e-07,-0.0048178596
2.339875e-07,-0.0048113971
2.340875e-07,-0.0048085248
2.341875e-07,-0.0048099609
2.342875e-07,-0.0048121151
2.343875e-07,-0.0048113971
2.344875e-07,-0.0048063706
2.345875e-07,-0.0047999081
2.346875e-07,-0.0047970358
2.347875e-07,-0.0047999081
2.348875e-07,-0.0048092429
2.349875e-07,-0.0048200138
2.350875e-07,-0.0048264763
2.351875e-07,-0.004822886
2.352875e-07,-0.0048092429
2.353875e-07,-0.0047920094
2.354875e-07,-0.0047783663
2.355875e-07,-0.0047769301
2.356875e-07,-0.0047877011
2.357875e-07,-0.0048056526
2.358875e-07,-0.0048207318
2.359875e-07,-0.004822886
2.360875e-07,-0.0048085248
2.361875e-07,-0.0047812385
2.362875e-07,-0.004751798
2.363875e-07,-0.0047309743
2.364875e-07,-0.0047266659
2.365875e-07,-0.0047388729
2.366875e-07,-0.0047589786
2.367875e-07,-0.0047769301
2.368875e-07,-0.0047833927
2.369875e-07,-0.004774776
2.370875e-07,-0.0047546703
2.371875e-07,-0.0047309743
2.372875e-07,-0.0047115866
2.373875e-07,-0.0047000977
2.374875e-07,-0.0046957893
2.375875e-07,-0.0046965074
2.376875e-07,-0.0046965074
2.377875e-07,-0.0046943532
2.378875e-07,-0.0046893267
2.379875e-07,-0.0046850184
2.380875e-07,-0.0046821461
2.381875e-07,-0.004679992
2.382875e-07,-0.0046778378
2.383875e-07,-0.0046735294
2.384875e-07,-0.0046656307
2.385875e-07,-0.004657014
2.386875e-07,-0.0046512695
2.387875e-07,-0.0046505515
2.388875e-07,-0.004656296
2.389875e-07,-0.0046649127
2.390875e-07,-0.0046720933
2.391875e-07,-0.0046735294
2.392875e-07,-0.004668503
2.393875e-07,-0.0046613224
2.394875e-07,-0.004657014
2.395875e-07,-0.0046620404
2.396875e-07,-0.0046792739
2.397875e-07,-0.0047051241
2.398875e-07,-0.0047324104
2.399875e-07,-0.0047539522
2.400875e-07,-0.004763287
2.401875e-07,-0.0047589786
2.402875e-07,-0.0047460535
2.403875e-07,-0.0047309743
2.404875e-07,-0.0047187672
2.405875e-07,-0.0047115866
2.406875e-07,-0.0047094324
2.407875e-07,-0.0047079963
2.408875e-07,-0.004704406
2.409875e-07,-0.0046979435
2.410875e-07,-0.0046900448
2.411875e-07,-0.0046850184
2.412875e-07,-0.0046850184
2.413875e-07,-0.0046900448
2.414875e-07,-0.0046986615
2.415875e-07,-0.0047079963
2.416875e-07,-0.0047151769
2.417875e-07,-0.0047187672
2.418875e-07,-0.0047194853
2.419875e-07,-0.0047194853
2.420875e-07,-0.0047180492
2.421875e-07,-0.0047151769
2.422875e-07,-0.0047079963
2.423875e-07,-0.0046965074
2.424875e-07,-0.00468071
2.425875e-07,-0.0046634766
2.426875e-07,-0.0046483973
2.427875e-07,-0.0046390625
2.428875e-07,-0.0046361903
2.429875e-07,-0.0046376264
2.430875e-07,-0.0046397806
2.431875e-07,-0.0046390625
2.432875e-07,-0.004633318
2.433875e-07,-0.0046239832
2.434875e-07,-0.0046132123
2.435875e-07,-0.0046045956
2.436875e-07,-0.0045995692
2.437875e-07,-0.0045966969
2.438875e-07,-0.0045952608
2.439875e-07,-0.0045931066
2.440875e-07,-0.0045895163
2.441875e-07,-0.0045873621
2.442875e-07,-0.0045880802
2.443875e-07,-0.0045931066
2.444875e-07,-0.0046017233
2.445875e-07,-0.0046110581
2.446875e-07,-0.0046168026
2.447875e-07,-0.0046160846
2.448875e-07,-0.004608904
2.449875e-07,-0.0045988511
2.450875e-07,-0.0045887983
2.451875e-07,-0.0045816176
2.452875e-07,-0.0045758732
2.453875e-07,-0.0045686926
2.454875e-07,-0.0045557675
2.455875e-07,-0.0045356618
2.456875e-07,-0.0045112477
2.457875e-07,-0.0044897059
2.458875e-07,-0.0044767808
2.459875e-07,-0.0044782169
2.460875e-07,-0.0044940142
2.461875e-07,-0.0045177102
2.462875e-07,-0.0045421243
2.463875e-07,-0.0045586397
2.464875e-07,-0.0045643842
2.465875e-07,-0.0045607939
2.466875e-07,-0.0045536133
2.467875e-07,-0.0045471507
2.468875e-07,-0.0045449966
2.469875e-07,-0.0045457146
2.470875e-07,-0.0045478688
2.471875e-07,-0.0045471507
2.472875e-07,-0.0045449966
2.473875e-07,-0.0045435604
2.474875e-07,-0.0045471507
2.475875e-07,-0.0045586397
2.476875e-07,-0.0045765912
2.477875e-07,-0.0045959789
2.478875e-07,-0.0046103401
2.479875e-07,-0.0046160846
2.480875e-07,-0.0046132123
2.481875e-07,-0.0046081859
2.482875e-07,-0.0046074678
2.483875e-07,-0.0046160846
2.484875e-07,-0.0046347541
2.485875e-07,-0.0046577321
2.486875e-07,-0.0046764017
2.487875e-07,-0.0046850184
2.488875e-07,-0.0046814281
2.489875e-07,-0.0046713752
2.490875e-07,-0.0046620404
2.491875e-07,-0.0046620404
2.492875e-07,-0.0046735294
2.493875e-07,-0.0046936351
2.494875e-07,-0.004715895
2.495875e-07,-0.0047309743
2.496875e-07,-0.0047360007
2.497875e-07,-0.0047309743
2.498875e-07,-0.0047202034
2.499875e-07,-0.0047079963
2.500875e-07,-0.0046965074
2.501875e-07,-0.0046850184
2.502875e-07,-0.0046699391
2.503875e-07,-0.0046505515
2.504875e-07,-0.0046297277
2.505875e-07,-0.0046132123
2.506875e-07,-0.0046074678
2.507875e-07,-0.0046160846
2.508875e-07,-0.0046347541
2.509875e-07,-0.0046555779
2.510875e-07,-0.0046670669
2.511875e-07,-0.0046620404
2.512875e-07,-0.0046419347
2.513875e-07,-0.0046146484
2.514875e-07,-0.0045916705
2.515875e-07,-0.0045816176
2.516875e-07,-0.0045866441
2.517875e-07,-0.0045988511
2.518875e-07,-0.0046081859
2.519875e-07,-0.0046045956
2.520875e-07,-0.004585208
2.521875e-07,-0.0045564855
2.522875e-07,-0.0045284812
2.523875e-07,-0.0045126838
2.524875e-07,-0.0045134019
2.525875e-07,-0.0045277631
2.526875e-07,-0.0045457146
2.527875e-07,-0.0045586397
2.528875e-07,-0.0045615119
2.529875e-07,-0.0045564855
2.530875e-07,-0.0045493049
2.531875e-07,-0.0045471507
2.532875e-07,-0.0045514591
2.533875e-07,-0.0045572036
2.534875e-07,-0.0045579216
2.535875e-07,-0.0045471507
2.536875e-07,-0.004526327
2.537875e-07,-0.004502631
2.538875e-07,-0.0044875517
2.539875e-07,-0.0044897059
2.540875e-07,-0.0045105296
2.541875e-07,-0.0045428424
2.542875e-07,-0.004574437
2.543875e-07,-0.0045931066
2.544875e-07,-0.0045952608
2.545875e-07,-0.004585208
2.546875e-07,-0.004573719
2.547875e-07,-0.0045701287
2.548875e-07,-0.0045794635
2.549875e-07,-0.004598133
2.550875e-07,-0.0046175207
2.551875e-07,-0.0046275735
2.552875e-07,-0.0046254193
2.553875e-07,-0.0046146484
2.554875e-07,-0.0046045956
2.555875e-07,-0.0046045956
2.556875e-07,-0.0046182387
2.557875e-07,-0.0046419347
2.558875e-07,-0.0046670669
2.559875e-07,-0.0046850184
2.560875e-07,-0.0046936351
2.561875e-07,-0.0046972254
2.562875e-07,-0.004703688
2.563875e-07,-0.0047194853
2.564875e-07,-0.0047453355
2.565875e-07,-0.004775494
2.566875e-07,-0.0047999081
2.567875e-07,-0.0048113971
2.568875e-07,-0.0048099609
2.569875e-07,-0.0048034984
2.570875e-07,-0.0048049345
2.571875e-07,-0.004822886
2.572875e-07,-0.0048573529
2.573875e-07,-0.0048997185
2.574875e-07,-0.0049341854
2.575875e-07,-0.0049492647
2.576875e-07,-0.0049428022
2.577875e-07,-0.0049226965
2.578875e-07,-0.0049047449
2.579875e-07,-0.0049033088
2.580875e-07,-0.0049248506
2.581875e-07,-0.0049629079
2.582875e-07,-0.0050031193
2.583875e-07,-0.0050296875
2.584875e-07,-0.005035432
2.585875e-07,-0.005023225
2.586875e-07,-0.0050052734
2.587875e-07,-0.0049952206
2.588875e-07,-0.0050016831
2.589875e-07,-0.0050225069
2.590875e-07,-0.005046921
2.591875e-07,-0.0050641544
2.592875e-07,-0.0050663086
2.593875e-07,-0.0050562557
2.594875e-07,-0.0050433307
2.595875e-07,-0.0050411765
2.596875e-07,-0.0050562557
2.597875e-07,-0.0050856962
2.598875e-07,-0.0051194451
2.599875e-07,-0.0051445772
2.600875e-07,-0.0051524759
2.601875e-07,-0.0051445772
2.602875e-07,-0.005130216
2.603875e-07,-0.0051215993
2.604875e-07,-0.0051280618
2.605875e-07,-0.0051496036
2.606875e-07,-0.0051783261
2.607875e-07,-0.0052020221
2.608875e-07,-0.0052120749
2.609875e-07,-0.0052084846
2.610875e-07,-0.0051977137
2.611875e-07,-0.0051905331
2.612875e-07,-0.0051955595
2.613875e-07,-0.0052142291
2.614875e-07,-0.0052386432
2.615875e-07,-0.0052594669
2.616875e-07,-0.0052673656
2.617875e-07,-0.0052616211
2.618875e-07,-0.0052479779
2.619875e-07,-0.005236489
2.620875e-07,-0.005236489
2.621875e-07,-0.0052508502
2.622875e-07,-0.0052731101
2.623875e-07,-0.0052939338
2.624875e-07,-0.0053032686
2.625875e-07,-0.0052975241
2.626875e-07,-0.0052802907
2.627875e-07,-0.0052594669
2.628875e-07,-0.0052465418
2.629875e-07,-0.0052465418
2.630875e-07,-0.005260903
2.631875e-07,-0.0052824449
2.632875e-07,-0.0053025506
2.633875e-07,-0.0053140395
2.634875e-07,-0.0053147576
2.635875e-07,-0.0053054228
2.636875e-07,-0.0052917796
2.637875e-07,-0.0052795726
2.638875e-07,-0.005272392
2.639875e-07,-0.0052709559
2.640875e-07,-0.0052745462
2.641875e-07,-0.0052802907
2.642875e-07,-0.0052874713
2.643875e-07,-0.0052939338
2.644875e-07,-0.0052975241
2.645875e-07,-0.0052975241
2.646875e-07,-0.0052917796
2.647875e-07,-0.0052824449
2.648875e-07,-0.0052709559
2.649875e-07,-0.005260903
2.650875e-07,-0.0052565947
2.651875e-07,-0.0052594669
2.652875e-07,-0.0052680836
2.653875e-07,-0.0052788545
2.654875e-07,-0.0052853171
2.655875e-07,-0.0052824449
2.656875e-07,-0.0052702378
2.657875e-07,-0.0052508502
2.658875e-07,-0.0052300264
2.659875e-07,-0.005213511
2.660875e-07,-0.0052041762
2.661875e-07,-0.005201304
2.662875e-07,-0.0052020221
2.663875e-07,-0.0052020221
2.664875e-07,-0.0051991498
2.665875e-07,-0.0051941234
2.666875e-07,-0.0051905331
2.667875e-07,-0.0051905331
2.668875e-07,-0.0051955595
2.669875e-07,-0.0052041762
2.670875e-07,-0.0052120749
2.671875e-07,-0.005213511
2.672875e-07,-0.0052070485
2.673875e-07,-0.0051926873
2.674875e-07,-0.0051747358
2.675875e-07,-0.0051560662
2.676875e-07,-0.0051402688
2.677875e-07,-0.0051287799
2.678875e-07,-0.005118727
2.679875e-07,-0.0051101103
2.680875e-07,-0.0051014936
2.681875e-07,-0.005095031
2.682875e-07,-0.0050928768
2.683875e-07,-0.0050986213
2.684875e-07,-0.0051122645
2.685875e-07,-0.0051309341
2.686875e-07,-0.0051510398
2.687875e-07,-0.0051675551
2.688875e-07,-0.0051768899
2.689875e-07,-0.0051790441
2.690875e-07,-0.0051747358
2.691875e-07,-0.0051675551
2.692875e-07,-0.0051589384
2.693875e-07,-0.0051496036
2.694875e-07,-0.0051402688
2.695875e-07,-0.0051330882
2.696875e-07,-0.0051287799
2.697875e-07,-0.0051309341
2.698875e-07,-0.0051402688
2.699875e-07,-0.0051560662
2.700875e-07,-0.0051747358
2.701875e-07,-0.005189815
2.702875e-07,-0.0051962776
2.703875e-07,-0.0051905331
2.704875e-07,-0.0051754538
2.705875e-07,-0.0051560662
2.706875e-07,-0.0051402688
2.707875e-07,-0.0051330882
2.708875e-07,-0.0051359605
2.709875e-07,-0.0051460133
2.710875e-07,-0.0051582204
2.711875e-07,-0.0051675551
2.712875e-07,-0.0051732996
2.713875e-07,-0.005177608
2.714875e-07,-0.0051826344
2.715875e-07,-0.0051905331
2.716875e-07,-0.0052005859
2.717875e-07,-0.0052077665
2.718875e-07,-0.0052092027
2.719875e-07,-0.0052020221
2.720875e-07,-0.005189097
2.721875e-07,-0.0051754538
2.722875e-07,-0.0051675551
2.723875e-07,-0.0051675551
2.724875e-07,-0.0051747358
2.725875e-07,-0.0051826344
2.726875e-07,-0.0051847886
2.727875e-07,-0.0051790441
2.728875e-07,-0.0051668371
2.729875e-07,-0.0051546301
2.730875e-07,-0.0051503217
2.731875e-07,-0.0051560662
2.732875e-07,-0.0051704274
2.733875e-07,-0.0051840705
2.734875e-07,-0.005189097
2.735875e-07,-0.0051790441
2.736875e-07,-0.0051567842
2.737875e-07,-0.0051294979
2.738875e-07,-0.0051079561
2.739875e-07,-0.0050986213
2.740875e-07,-0.0051007755
2.741875e-07,-0.0051072381
2.742875e-07,-0.0051086742
2.743875e-07,-0.0050986213
2.744875e-07,-0.0050792337
2.745875e-07,-0.0050584099
2.746875e-07,-0.005046921
2.747875e-07,-0.0050526654
2.748875e-07,-0.0050734892
2.749875e-07,-0.0051000574
2.750875e-07,-0.0051194451
2.751875e-07,-0.0051215993
2.752875e-07,-0.0051058019
2.753875e-07,-0.0050813879
2.754875e-07,-0.005059846
2.755875e-07,-0.0050526654
2.756875e-07,-0.0050620002
2.757875e-07,-0.0050806698
2.758875e-07,-0.0050957491
2.759875e-07,-0.0050986213
2.760875e-07,-0.0050864143
2.761875e-07,-0.0050663086
2.762875e-07,-0.0050512293
2.763875e-07,-0.0050526654
2.764875e-07,-0.0050727711
2.765875e-07,-0.0051036477
2.766875e-07,-0.0051316521
2.767875e-07,-0.0051445772
2.768875e-07,-0.0051373966
2.769875e-07,-0.0051165728
2.770875e-07,-0.0050957491
2.771875e-07,-0.0050871324
2.772875e-07,-0.0050971852
2.773875e-07,-0.0051215993
2.774875e-07,-0.0051488856
2.775875e-07,-0.0051675551
2.776875e-07,-0.0051711455
2.777875e-07,-0.0051639648
2.778875e-07,-0.0051553481
2.779875e-07,-0.0051560662
2.780875e-07,-0.0051697093
2.781875e-07,-0.0051912511
2.782875e-07,-0.0052092027
2.783875e-07,-0.005213511
2.784875e-07,-0.0051998679
2.785875e-07,-0.0051732996
2.786875e-07,-0.0051474494
2.787875e-07,-0.0051330882
2.788875e-07,-0.0051359605
2.789875e-07,-0.0051510398
2.790875e-07,-0.005165401
2.791875e-07,-0.0051675551
2.792875e-07,-0.0051510398
2.793875e-07,-0.0051215993
2.794875e-07,-0.0050921588
2.795875e-07,-0.0050756434
2.796875e-07,-0.0050792337
2.797875e-07,-0.0050993394
2.798875e-07,-0.0051223173
2.799875e-07,-0.0051330882
2.800875e-07,-0.0051223173
2.801875e-07,-0.0050921588
2.802875e-07,-0.0050526654
2.803875e-07,-0.0050181985
2.804875e-07,-0.0049988109
2.805875e-07,-0.0049945025
2.806875e-07,-0.0049973748
2.807875e-07,-0.0049952206
2.808875e-07,-0.0049794233
2.809875e-07,-0.0049499828
2.810875e-07,-0.004916952
2.811875e-07,-0.0048918199
2.812875e-07,-0.0048839212
2.813875e-07,-0.004893974
2.814875e-07,-0.0049126436
2.815875e-07,-0.0049262868
2.816875e-07,-0.0049234145
2.817875e-07,-0.0049004366
2.818875e-07,-0.0048630974
2.819875e-07,-0.004822886
2.820875e-07,-0.0047927275
2.821875e-07,-0.0047783663
2.822875e-07,-0.0047790843
2.823875e-07,-0.0047884191
2.824875e-07,-0.0047977539
2.825875e-07,-0.0048006261
2.826875e-07,-0.0047970358
2.827875e-07,-0.0047884191
2.828875e-07,-0.0047790843
2.829875e-07,-0.0047726218
2.830875e-07,-0.0047683134
2.831875e-07,-0.0047654412
2.832875e-07,-0.0047625689
2.833875e-07,-0.0047611328
2.834875e-07,-0.0047611328
2.835875e-07,-0.0047654412
2.836875e-07,-0.0047719037
2.837875e-07,-0.0047783663
2.838875e-07,-0.0047812385
2.839875e-07,-0.0047769301
2.840875e-07,-0.0047683134
2.841875e-07,-0.0047589786
2.842875e-07,-0.0047568244
2.843875e-07,-0.0047654412
2.844875e-07,-0.0047848288
2.845875e-07,-0.0048092429
2.846875e-07,-0.0048315028
2.847875e-07,-0.004845864
2.848875e-07,-0.0048501723
2.849875e-07,-0.0048473001
2.850875e-07,-0.0048444278
2.851875e-07,-0.004845864
2.852875e-07,-0.0048530446
2.853875e-07,-0.0048609432
2.854875e-07,-0.0048638155
2.855875e-07,-0.0048573529
2.856875e-07,-0.0048422737
2.857875e-07,-0.0048257583
2.858875e-07,-0.0048171415
2.859875e-07,-0.004822886
2.860875e-07,-0.0048444278
2.861875e-07,-0.0048753045
2.862875e-07,-0.0049061811
2.863875e-07,-0.0049262868
2.864875e-07,-0.0049327493
2.865875e-07,-0.0049277229
2.866875e-07,-0.0049191062
2.867875e-07,-0.0049147978
2.868875e-07,-0.0049191062
2.869875e-07,-0.0049305951
2.870875e-07,-0.0049420841
2.871875e-07,-0.0049492647
2.872875e-07,-0.0049492647
2.873875e-07,-0.0049449563
2.874875e-07,-0.0049435202
2.875875e-07,-0.0049492647
2.876875e-07,-0.0049629079
2.877875e-07,-0.0049801413
2.878875e-07,-0.0049930664
2.879875e-07,-0.0049952206
2.880875e-07,-0.0049858858
2.881875e-07,-0.0049700885
2.882875e-07,-0.0049557273
2.883875e-07,-0.0049492647
2.884875e-07,-0.004952855
2.885875e-07,-0.0049607537
2.886875e-07,-0.0049657801
2.887875e-07,-0.0049607537
2.888875e-07,-0.0049449563
2.889875e-07,-0.0049262868
2.890875e-07,-0.0049133617
2.891875e-07,-0.0049147978
2.892875e-07,-0.0049327493
2.893875e-07,-0.0049600356
2.894875e-07,-0.0049844497
2.895875e-07,-0.0049952206
2.896875e-07,-0.0049873219
2.897875e-07,-0.004964344
2.898875e-07,-0.0049363396
2.899875e-07,-0.0049147978
2.900875e-07,-0.0049061811
2.901875e-07,-0.0049083352
2.902875e-07,-0.0049140797
2.903875e-07,-0.0049147978
2.904875e-07,-0.0049068991
2.905875e-07,-0.0048925379
2.906875e-07,-0.0048810489
2.907875e-07,-0.0048803309
2.908875e-07,-0.0048946921
2.909875e-07,-0.0049198242
2.910875e-07,-0.0049456744
2.911875e-07,-0.0049607537
2.912875e-07,-0.0049593176
2.913875e-07,-0.0049428022
2.914875e-07,-0.0049205423
2.915875e-07,-0.0049033088
2.916875e-07,-0.0049004366
2.917875e-07,-0.0049119256
2.918875e-07,-0.0049313132
2.919875e-07,-0.0049492647
2.920875e-07,-0.0049571634
2.921875e-07,-0.0049521369
2.922875e-07,-0.0049392119
2.923875e-07,-0.0049262868
2.924875e-07,-0.0049205423
2.925875e-07,-0.0049248506
2.926875e-07,-0.0049363396
2.927875e-07,-0.0049492647
2.928875e-07,-0.0049578814
2.929875e-07,-0.0049585995
2.930875e-07,-0.0049550092
2.931875e-07,-0.0049492647
2.932875e-07,-0.0049456744
2.933875e-07,-0.0049456744
2.934875e-07,-0.0049478286
2.935875e-07,-0.0049492647
2.936875e-07,-0.0049485466
2.937875e-07,-0.0049463925
2.938875e-07,-0.0049463925
2.939875e-07,-0.0049492647
2.940875e-07,-0.0049557273
2.941875e-07,-0.0049629079
2.942875e-07,-0.0049657801
2.943875e-07,-0.0049607537
2.944875e-07,-0.0049485466
2.945875e-07,-0.0049327493
2.946875e-07,-0.0049198242
2.947875e-07,-0.0049147978
2.948875e-07,-0.0049183881
2.949875e-07,-0.0049277229
2.950875e-07,-0.0049356216
2.951875e-07,-0.0049377757
2.952875e-07,-0.0049327493
2.953875e-07,-0.0049255687
2.954875e-07,-0.0049212603
2.955875e-07,-0.0049262868
2.956875e-07,-0.004941366
2.957875e-07,-0.0049614717
2.958875e-07,-0.0049779871
2.959875e-07,-0.0049837316
2.960875e-07,-0.0049743968
2.961875e-07,-0.0049542911
2.962875e-07,-0.0049313132
2.963875e-07,-0.0049147978
2.964875e-07,-0.0049097714
2.965875e-07,-0.0049162339
2.966875e-07,-0.0049277229
2.967875e-07,-0.0049377757
2.968875e-07,-0.004941366
2.969875e-07,-0.0049392119
2.970875e-07,-0.0049363396
2.971875e-07,-0.0049377757
2.972875e-07,-0.0049478286
2.973875e-07,-0.0049664982
2.974875e-07,-0.00498804
2.975875e-07,-0.0050067096
2.976875e-07,-0.0050174805
2.977875e-07,-0.0050203527
2.978875e-07,-0.0050189166
2.979875e-07,-0.0050181985
2.980875e-07,-0.0050210708
2.981875e-07,-0.0050282514
2.982875e-07,-0.00503615
2.983875e-07,-0.0050411765
2.984875e-07,-0.0050411765
2.985875e-07,-0.0050383042
2.986875e-07,-0.0050368681
2.987875e-07,-0.0050411765
2.988875e-07,-0.0050533835
2.989875e-07,-0.005070617
2.990875e-07,-0.0050878504
2.991875e-07,-0.0050986213
2.992875e-07,-0.0050986213
2.993875e-07,-0.0050885685
2.994875e-07,-0.005071335
2.995875e-07,-0.0050526654
2.996875e-07,-0.0050375862
2.997875e-07,-0.0050275333
2.998875e-07,-0.0050217888
2.999875e-07,-0.0050181985
3.000875e-07,-0.0050146082
3.001875e-07,-0.0050110179
3.002875e-07,-0.0050081457
3.003875e-07,-0.0050067096
3.004875e-07,-0.0050052734
3.005875e-07,-0.005000247
3.006875e-07,-0.0049894761
3.007875e-07,-0.0049722426
3.008875e-07,-0.0049499828
3.009875e-07,-0.0049284409
3.010875e-07,-0.0049119256
3.011875e-07,-0.0049033088
3.012875e-07,-0.0049004366
3.013875e-07,-0.0048975643
3.014875e-07,-0.0048882295
3.015875e-07,-0.0048688419
3.016875e-07,-0.0048408375
3.017875e-07,-0.0048121151
3.018875e-07,-0.0047927275
3.019875e-07,-0.0047884191
3.020875e-07,-0.0048013442
3.021875e-07,-0.0048257583
3.022875e-07,-0.0048516085
3.023875e-07,-0.0048688419
3.024875e-07,-0.0048724322
3.025875e-07,-0.0048630974
3.026875e-07,-0.0048480182
3.027875e-07,-0.004834375
3.028875e-07,-0.0048279125
3.029875e-07,-0.0048279125
3.030875e-07,-0.0048315028
3.031875e-07,-0.004834375
3.032875e-07,-0.004834375
3.033875e-07,-0.0048350931
3.034875e-07,-0.0048408375
3.035875e-07,-0.0048573529
3.036875e-07,-0.0048846392
3.037875e-07,-0.0049183881
3.038875e-07,-0.0049507008
3.039875e-07,-0.0049722426
3.040875e-07,-0.0049787052
3.041875e-07,-0.0049715246
3.042875e-07,-0.0049550092
3.043875e-07,-0.0049377757
3.044875e-07,-0.0049248506
3.045875e-07,-0.0049183881
3.046875e-07,-0.0049162339
3.047875e-07,-0.0049147978
3.048875e-07,-0.0049133617
3.049875e-07,-0.0049126436
3.050875e-07,-0.0049155159
3.051875e-07,-0.0049262868
3.052875e-07,-0.0049449563
3.053875e-07,-0.0049679343
3.054875e-07,-0.0049901942
3.055875e-07,-0.0050067096
3.056875e-07,-0.0050160443
3.057875e-07,-0.0050203527
3.058875e-07,-0.005023225
3.059875e-07,-0.0050296875
3.060875e-07,-0.0050397403
3.061875e-07,-0.0050497932
3.062875e-07,-0.0050555377
3.063875e-07,-0.0050526654
3.064875e-07,-0.0050411765
3.065875e-07,-0.0050260972
3.066875e-07,-0.005012454
3.067875e-07,-0.0050067096
3.068875e-07,-0.0050102999
3.069875e-07,-0.0050189166
3.070875e-07,-0.0050275333
3.071875e-07,-0.0050296875
3.072875e-07,-0.005023943
3.073875e-07,-0.0050138902
3.074875e-07,-0.0050024012
3.075875e-07,-0.0049952206
3.076875e-07,-0.0049909122
3.077875e-07,-0.0049858858
3.078875e-07,-0.0049729607
3.079875e-07,-0.0049492647
3.080875e-07,-0.0049162339
3.081875e-07,-0.004881767
3.082875e-07,-0.0048551988
3.083875e-07,-0.004845864
3.084875e-07,-0.0048544807
3.085875e-07,-0.0048745864
3.086875e-07,-0.0048946921
3.087875e-07,-0.0049033088
3.088875e-07,-0.0048954102
3.089875e-07,-0.0048724322
3.090875e-07,-0.0048451459
3.091875e-07,-0.004822886
3.092875e-07,-0.0048135512
3.093875e-07,-0.0048171415
3.094875e-07,-0.0048264763
3.095875e-07,-0.004834375
3.096875e-07,-0.0048336569
3.097875e-07,-0.0048257583
3.098875e-07,-0.0048149874
3.099875e-07,-0.0048113971
3.100875e-07,-0.0048200138
3.101875e-07,-0.0048415556
3.102875e-07,-0.0048688419
3.103875e-07,-0.0048918199
3.104875e-07,-0.0049025908
3.105875e-07,-0.0048975643
3.106875e-07,-0.0048796128
3.107875e-07,-0.0048573529
3.108875e-07,-0.0048394014
3.109875e-07,-0.0048307847
3.110875e-07,-0.004834375
3.111875e-07,-0.004845864
3.112875e-07,-0.0048602252
3.113875e-07,-0.0048738683
3.114875e-07,-0.0048846392
3.115875e-07,-0.0048918199
3.116875e-07,-0.0048968463
3.117875e-07,-0.0049011546
3.118875e-07,-0.0049033088
3.119875e-07,-0.0049033088
3.120875e-07,-0.0049018727
3.121875e-07,-0.0048997185
3.122875e-07,-0.0048997185
3.123875e-07,-0.0049033088
3.124875e-07,-0.0049104894
3.125875e-07,-0.0049191062
3.126875e-07,-0.0049255687
3.127875e-07,-0.0049262868
3.128875e-07,-0.0049212603
3.129875e-07,-0.0049126436
3.130875e-07,-0.004905463
3.131875e-07,-0.0049033088
3.132875e-07,-0.0049090533
3.133875e-07,-0.0049212603
3.134875e-07,-0.0049363396
3.135875e-07,-0.0049492647
3.136875e-07,-0.0049578814
3.137875e-07,-0.0049614717
3.138875e-07,-0.0049614717
3.139875e-07,-0.0049607537
3.140875e-07,-0.0049600356
3.141875e-07,-0.0049585995
3.142875e-07,-0.0049557273
3.143875e-07,-0.0049492647
3.144875e-07,-0.0049420841
3.145875e-07,-0.0049370577
3.146875e-07,-0.0049384938
3.147875e-07,-0.0049492647
3.148875e-07,-0.0049686523
3.149875e-07,-0.0049909122
3.150875e-07,-0.0050095818
3.151875e-07,-0.0050181985
3.152875e-07,-0.0050146082
3.153875e-07,-0.0050016831
3.154875e-07,-0.0049851677
3.155875e-07,-0.0049722426
3.156875e-07,-0.0049672162
3.157875e-07,-0.0049708065
3.158875e-07,-0.0049815774
3.159875e-07,-0.0049952206
3.160875e-07,-0.0050095818
3.161875e-07,-0.005023225
3.162875e-07,-0.0050368681
3.163875e-07,-0.0050526654
3.164875e-07,-0.0050691808
3.165875e-07,-0.0050842601
3.166875e-07,-0.005095031
3.167875e-07,-0.0050986213
3.168875e-07,-0.005095031
3.169875e-07,-0.0050871324
3.170875e-07,-0.0050799517
3.171875e-07,-0.0050756434
3.172875e-07,-0.0050756434
3.173875e-07,-0.0050785156
3.174875e-07,-0.0050792337
3.175875e-07,-0.0050756434
3.176875e-07,-0.0050670267
3.177875e-07,-0.0050555377
3.178875e-07,-0.0050454848
3.179875e-07,-0.0050411765
3.180875e-07,-0.0050426126
3.181875e-07,-0.005046921
3.182875e-07,-0.0050519474
3.183875e-07,-0.0050526654
3.184875e-07,-0.0050497932
3.185875e-07,-0.0050447668
3.186875e-07,-0.0050411765
3.187875e-07,-0.0050411765
3.188875e-07,-0.0050433307
3.189875e-07,-0.0050440487
3.190875e-07,-0.0050404584
3.191875e-07,-0.0050296875
3.192875e-07,-0.0050146082
3.193875e-07,-0.005000247
3.194875e-07,-0.0049923483
3.195875e-07,-0.0049952206
3.196875e-07,-0.0050067096
3.197875e-07,-0.0050203527
3.198875e-07,-0.0050296875
3.199875e-07,-0.0050296875
3.200875e-07,-0.0050203527
3.201875e-07,-0.0050067096
3.202875e-07,-0.0049966567
3.203875e-07,-0.0049952206
3.204875e-07,-0.0050024012
3.205875e-07,-0.0050131721
3.206875e-07,-0.0050203527
3.207875e-07,-0.0050181985
3.208875e-07,-0.0050074276
3.209875e-07,-0.0049930664
3.210875e-07,-0.0049830136
3.211875e-07,-0.0049837316
3.212875e-07,-0.0049952206
3.213875e-07,-0.005012454
3.214875e-07,-0.0050268153
3.215875e-07,-0.0050296875
3.216875e-07,-0.0050203527
3.217875e-07,-0.0050038373
3.218875e-07,-0.004988758
3.219875e-07,-0.0049837316
3.220875e-07,-0.0049909122
3.221875e-07,-0.0050059915
3.222875e-07,-0.0050217888
3.223875e-07,-0.0050296875
3.224875e-07,-0.0050268153
3.225875e-07,-0.0050167624
3.226875e-07,-0.0050074276
3.227875e-07,-0.0050067096
3.228875e-07,-0.0050167624
3.229875e-07,-0.0050332778
3.230875e-07,-0.0050483571
3.231875e-07,-0.0050526654
3.232875e-07,-0.0050433307
3.233875e-07,-0.005023225
3.234875e-07,-0.005000247
3.235875e-07,-0.0049837316
3.236875e-07,-0.0049779871
3.237875e-07,-0.0049794233
3.238875e-07,-0.0049801413
3.239875e-07,-0.0049722426
3.240875e-07,-0.0049507008
3.241875e-07,-0.0049198242
3.242875e-07,-0.0048889476
3.243875e-07,-0.0048688419
3.244875e-07,-0.0048666877
3.245875e-07,-0.0048824851
3.246875e-07,-0.0049061811
3.247875e-07,-0.0049262868
3.248875e-07,-0.0049327493
3.249875e-07,-0.0049219784
3.250875e-07,-0.0048975643
3.251875e-07,-0.0048688419
3.252875e-07,-0.004845864
3.253875e-07,-0.004834375
3.254875e-07,-0.0048358111
3.255875e-07,-0.004845864
3.256875e-07,-0.004858071
3.257875e-07,-0.0048674058
3.258875e-07,-0.0048709961
3.259875e-07,-0.0048688419
3.260875e-07,-0.0048616613
3.261875e-07,-0.0048501723
3.262875e-07,-0.0048365292
3.263875e-07,-0.004822886
3.264875e-07,-0.0048113971
3.265875e-07,-0.0048070887
3.266875e-07,-0.004810679
3.267875e-07,-0.004822886
3.268875e-07,-0.0048394014
3.269875e-07,-0.0048523265
3.270875e-07,-0.0048559168
3.271875e-07,-0.004845864
3.272875e-07,-0.0048250402
3.273875e-07,-0.0048006261
3.274875e-07,-0.0047826746
3.275875e-07,-0.0047769301
3.276875e-07,-0.0047848288
3.277875e-07,-0.0048013442
3.278875e-07,-0.0048164235
3.279875e-07,-0.004822886
3.280875e-07,-0.0048178596
3.281875e-07,-0.0048034984
3.282875e-07,-0.0047877011
3.283875e-07,-0.0047769301
3.284875e-07,-0.0047740579
3.285875e-07,-0.0047776482
3.286875e-07,-0.0047805205
3.287875e-07,-0.0047769301
3.288875e-07,-0.0047640051
3.289875e-07,-0.0047446174
3.290875e-07,-0.0047245117
3.291875e-07,-0.0047079963
3.292875e-07,-0.0046979435
3.293875e-07,-0.004692199
3.294875e-07,-0.0046857364
3.295875e-07,-0.0046735294
3.296875e-07,-0.004656296
3.297875e-07,-0.0046383444
3.298875e-07,-0.0046268555
3.299875e-07,-0.0046275735
3.300875e-07,-0.0046412167
3.301875e-07,-0.0046613224
3.302875e-07,-0.0046785558
3.303875e-07,-0.0046850184
3.304875e-07,-0.0046778378
3.305875e-07,-0.0046598863
3.306875e-07,-0.0046404986
3.307875e-07,-0.0046275735
3.308875e-07,-0.0046261374
3.309875e-07,-0.0046347541
3.310875e-07,-0.004644807
3.311875e-07,-0.0046505515
3.312875e-07,-0.0046462431
3.313875e-07,-0.004633318
3.314875e-07,-0.0046168026
3.315875e-07,-0.0046045956
3.316875e-07,-0.0046010053
3.317875e-07,-0.0046053136
3.318875e-07,-0.0046160846
3.319875e-07,-0.0046275735
3.320875e-07,-0.0046390625
3.321875e-07,-0.0046505515
3.322875e-07,-0.0046656307
3.323875e-07,-0.0046850184
3.324875e-07,-0.0047058421
3.325875e-07,-0.0047223575
3.326875e-07,-0.004728102
3.327875e-07,-0.0047194853
3.328875e-07,-0.0046986615
3.329875e-07,-0.0046735294
3.330875e-07,-0.0046548598
3.331875e-07,-0.0046505515
3.332875e-07,-0.0046620404
3.333875e-07,-0.0046843003
3.334875e-07,-0.0047058421
3.335875e-07,-0.0047194853
3.336875e-07,-0.0047209214
3.337875e-07,-0.0047144589
3.338875e-07,-0.0047072783
3.339875e-07,-0.0047079963
3.340875e-07,-0.0047187672
3.341875e-07,-0.0047367187
3.342875e-07,-0.0047539522
3.343875e-07,-0.0047654412
3.344875e-07,-0.0047683134
3.345875e-07,-0.0047668773
3.346875e-07,-0.0047683134
3.347875e-07,-0.0047769301
3.348875e-07,-0.0047934455
3.349875e-07,-0.0048113971
3.350875e-07,-0.004822886
3.351875e-07,-0.004822886
3.352875e-07,-0.0048121151
3.353875e-07,-0.004798472
3.354875e-07,-0.0047912914
3.355875e-07,-0.0047999081
3.356875e-07,-0.004822886
3.357875e-07,-0.0048537626
3.358875e-07,-0.0048796128
3.359875e-07,-0.0048918199
3.360875e-07,-0.0048875115
3.361875e-07,-0.0048731503
3.362875e-07,-0.0048595071
3.363875e-07,-0.0048573529
3.364875e-07,-0.0048688419
3.365875e-07,-0.0048889476
3.366875e-07,-0.0049068991
3.367875e-07,-0.0049147978
3.368875e-07,-0.0049097714
3.369875e-07,-0.0048975643
3.370875e-07,-0.0048882295
3.371875e-07,-0.0048918199
3.372875e-07,-0.0049104894
3.373875e-07,-0.0049384938
3.374875e-07,-0.0049657801
3.375875e-07,-0.0049837316
3.376875e-07,-0.0049901942
3.377875e-07,-0.0049901942
3.378875e-07,-0.0049930664
3.379875e-07,-0.0050067096
3.380875e-07,-0.0050304056
3.381875e-07,-0.0050555377
3.382875e-07,-0.0050698989
3.383875e-07,-0.0050641544
3.384875e-07,-0.0050397403
3.385875e-07,-0.0050074276
3.386875e-07,-0.0049837316
3.387875e-07,-0.0049837316
3.388875e-07,-0.0050102999
3.389875e-07,-0.0050555377
3.390875e-07,-0.0051022116
3.391875e-07,-0.0051330882
3.392875e-07,-0.0051395508
3.393875e-07,-0.0051251896
3.394875e-07,-0.0051029297
3.395875e-07,-0.0050871324
3.396875e-07,-0.0050864143
3.397875e-07,-0.0050993394
3.398875e-07,-0.0051144187
3.399875e-07,-0.0051215993
3.400875e-07,-0.0051137006
3.401875e-07,-0.0050935949
3.402875e-07,-0.0050727711
3.403875e-07,-0.0050641544
3.404875e-07,-0.0050734892
3.405875e-07,-0.0050979033
3.406875e-07,-0.0051259076
3.407875e-07,-0.0051445772
3.408875e-07,-0.0051452953
3.409875e-07,-0.0051309341
3.410875e-07,-0.0051108284
3.411875e-07,-0.0050986213
3.412875e-07,-0.0051022116
3.413875e-07,-0.0051208812
3.414875e-07,-0.0051467314
3.415875e-07,-0.0051675551
3.416875e-07,-0.0051754538
3.417875e-07,-0.0051689913
3.418875e-07,-0.0051553481
3.419875e-07,-0.0051445772
3.420875e-07,-0.005142423
3.421875e-07,-0.0051503217
3.422875e-07,-0.0051610926
3.423875e-07,-0.0051675551
3.424875e-07,-0.005166119
3.425875e-07,-0.0051582204
3.426875e-07,-0.0051524759
3.427875e-07,-0.0051560662
3.428875e-07,-0.0051732996
3.429875e-07,-0.0052005859
3.430875e-07,-0.0052285903
3.431875e-07,-0.0052479779
3.432875e-07,-0.0052530044
3.433875e-07,-0.0052451057
3.434875e-07,-0.0052321806
3.435875e-07,-0.005225
3.436875e-07,-0.0052293084
3.437875e-07,-0.0052443876
3.438875e-07,-0.0052644933
3.439875e-07,-0.0052824449
3.440875e-07,-0.0052924977
3.441875e-07,-0.0052946519
3.442875e-07,-0.0052932158
3.443875e-07,-0.0052939338
3.444875e-07,-0.0052982422
3.445875e-07,-0.0053047047
3.446875e-07,-0.0053090131
3.447875e-07,-0.0053054228
3.448875e-07,-0.0052953699
3.449875e-07,-0.005283881
3.450875e-07,-0.0052781365
3.451875e-07,-0.0052824449
3.452875e-07,-0.0052975241
3.453875e-07,-0.0053154756
3.454875e-07,-0.0053284007
3.455875e-07,-0.0053284007
3.456875e-07,-0.0053161937
3.457875e-07,-0.0052975241
3.458875e-07,-0.005283881
3.459875e-07,-0.0052824449
3.460875e-07,-0.0052932158
3.461875e-07,-0.0053097312
3.462875e-07,-0.0053205021
3.463875e-07,-0.0053169118
3.464875e-07,-0.0052982422
3.465875e-07,-0.0052709559
3.466875e-07,-0.0052472599
3.467875e-07,-0.005236489
3.468875e-07,-0.0052415154
3.469875e-07,-0.0052544405
3.470875e-07,-0.0052637753
3.471875e-07,-0.0052594669
3.472875e-07,-0.0052386432
3.473875e-07,-0.0052084846
3.474875e-07,-0.0051811983
3.475875e-07,-0.0051675551
3.476875e-07,-0.0051718635
3.477875e-07,-0.0051876608
3.478875e-07,-0.005201304
3.479875e-07,-0.0052020221
3.480875e-07,-0.0051840705
3.481875e-07,-0.0051531939
3.482875e-07,-0.0051201631
3.483875e-07,-0.0050986213
3.484875e-07,-0.0050928768
3.485875e-07,-0.0050986213
3.486875e-07,-0.0051043658
3.487875e-07,-0.0050986213
3.488875e-07,-0.0050756434
3.489875e-07,-0.0050404584
3.490875e-07,-0.0050052734
3.491875e-07,-0.0049837316
3.492875e-07,-0.0049830136
3.493875e-07,-0.005000247
3.494875e-07,-0.005023943
3.495875e-07,-0.0050411765
3.496875e-07,-0.0050426126
3.497875e-07,-0.0050296875
3.498875e-07,-0.0050095818
3.499875e-07,-0.0049952206
3.500875e-07,-0.0049937845
3.501875e-07,-0.0050067096
3.502875e-07,-0.0050253791
3.503875e-07,-0.0050411765
3.504875e-07,-0.0050462029
3.505875e-07,-0.0050411765
3.506875e-07,-0.0050325597
3.507875e-07,-0.0050296875
3.508875e-07,-0.0050383042
3.509875e-07,-0.0050576919
3.510875e-07,-0.0050806698
3.511875e-07,-0.0050986213
3.512875e-07,-0.0051050839
3.513875e-07,-0.0051022116
3.514875e-07,-0.0050964671
3.515875e-07,-0.0050986213
3.516875e-07,-0.0051144187
3.517875e-07,-0.0051438591
3.518875e-07,-0.0051804802
3.519875e-07,-0.005213511
3.520875e-07,-0.0052343348
3.521875e-07,-0.0052407973
3.522875e-07,-0.0052357709
3.523875e-07,-0.005225
3.524875e-07,-0.0052156652
3.525875e-07,-0.0052092027
3.526875e-07,-0.0052056124
3.527875e-07,-0.0052020221
3.528875e-07,-0.0051969956
3.529875e-07,-0.0051926873
3.530875e-07,-0.0051934053
3.531875e-07,-0.0052020221
3.532875e-07,-0.0052185375
3.533875e-07,-0.0052386432
3.534875e-07,-0.0052544405
3.535875e-07,-0.0052594669
3.536875e-07,-0.0052508502
3.537875e-07,-0.0052336167
3.538875e-07,-0.0052149472
3.539875e-07,-0.0052020221
3.540875e-07,-0.0051984318
3.541875e-07,-0.0052005859
3.542875e-07,-0.0052005859
3.543875e-07,-0.0051905331
3.544875e-07,-0.0051675551
3.545875e-07,-0.0051359605
3.546875e-07,-0.0051058019
3.547875e-07,-0.0050871324
3.548875e-07,-0.0050864143
3.549875e-07,-0.0051022116
3.550875e-07,-0.0051251896
3.551875e-07,-0.0051445772
3.552875e-07,-0.0051496036
3.553875e-07,-0.0051381147
3.554875e-07,-0.0051144187
3.555875e-07,-0.0050871324
3.556875e-07,-0.0050670267
3.557875e-07,-0.0050584099
3.558875e-07,-0.0050634364
3.559875e-07,-0.0050756434
3.560875e-07,-0.0050892865
3.561875e-07,-0.0050993394
3.562875e-07,-0.0051022116
3.563875e-07,-0.0050986213
3.564875e-07,-0.0050892865
3.565875e-07,-0.0050756434
3.566875e-07,-0.005059128
3.567875e-07,-0.0050411765
3.568875e-07,-0.0050246611
3.569875e-07,-0.0050131721
3.570875e-07,-0.0050102999
3.571875e-07,-0.0050181985
3.572875e-07,-0.0050339959
3.573875e-07,-0.0050512293
3.574875e-07,-0.0050627183
3.575875e-07,-0.0050641544
3.576875e-07,-0.0050533835
3.577875e-07,-0.005035432
3.578875e-07,-0.0050174805
3.579875e-07,-0.0050067096
3.580875e-07,-0.0050067096
3.581875e-07,-0.0050146082
3.582875e-07,-0.0050246611
3.583875e-07,-0.0050296875
3.584875e-07,-0.0050268153
3.585875e-07,-0.0050174805
3.586875e-07,-0.0050088637
3.587875e-07,-0.0050067096
3.588875e-07,-0.0050160443
3.589875e-07,-0.00503615
3.590875e-07,-0.005059128
3.591875e-07,-0.0050756434
3.592875e-07,-0.0050777976
3.593875e-07,-0.0050634364
3.594875e-07,-0.0050368681
3.595875e-07,-0.0050067096
3.596875e-07,-0.0049837316
3.597875e-07,-0.0049743968
3.598875e-07,-0.0049794233
3.599875e-07,-0.0049952206
3.600875e-07,-0.0050138902
3.601875e-07,-0.0050289694
3.602875e-07,-0.0050339959
3.603875e-07,-0.0050296875
3.604875e-07,-0.0050174805
3.605875e-07,-0.0050009651
3.606875e-07,-0.0049851677
3.607875e-07,-0.0049722426
3.608875e-07,-0.004964344
3.609875e-07,-0.0049621898
3.610875e-07,-0.004965062
3.611875e-07,-0.0049722426
3.612875e-07,-0.0049822955
3.613875e-07,-0.0049923483
3.614875e-07,-0.0050009651
3.615875e-07,-0.0050067096
3.616875e-07,-0.0050102999
3.617875e-07,-0.005011736
3.618875e-07,-0.0050146082
3.619875e-07,-0.0050181985
3.620875e-07,-0.005023943
3.621875e-07,-0.0050304056
3.622875e-07,-0.00503615
3.623875e-07,-0.0050411765
3.624875e-07,-0.0050447668
3.625875e-07,-0.0050490751
3.626875e-07,-0.0050555377
3.627875e-07,-0.0050641544
3.628875e-07,-0.0050742073
3.629875e-07,-0.0050849782
3.630875e-07,-0.0050928768
3.631875e-07,-0.0050986213
3.632875e-07,-0.0051022116
3.633875e-07,-0.0051058019
3.634875e-07,-0.0051122645
3.635875e-07,-0.0051215993
3.636875e-07,-0.0051338063
3.637875e-07,-0.0051467314
3.638875e-07,-0.0051582204
3.639875e-07,-0.0051675551
3.640875e-07,-0.0051754538
3.641875e-07,-0.0051855067
3.642875e-07,-0.0051984318
3.643875e-07,-0.005213511
3.644875e-07,-0.0052285903
3.645875e-07,-0.0052393612
3.646875e-07,-0.0052415154
3.647875e-07,-0.005236489
3.648875e-07,-0.0052271542
3.649875e-07,-0.0052192555
3.650875e-07,-0.0052185375
3.651875e-07,-0.005225
3.652875e-07,-0.005236489
3.653875e-07,-0.0052451057
3.654875e-07,-0.0052465418
3.655875e-07,-0.005236489
3.656875e-07,-0.0052192555
3.657875e-07,-0.0052034582
3.658875e-07,-0.0051955595
3.659875e-07,-0.0052020221
3.660875e-07,-0.0052199736
3.661875e-07,-0.0052415154
3.662875e-07,-0.0052573127
3.663875e-07,-0.0052594669
3.664875e-07,-0.0052465418
3.665875e-07,-0.0052235639
3.666875e-07,-0.0051984318
3.667875e-07,-0.0051790441
3.668875e-07,-0.0051682732
3.669875e-07,-0.0051639648
3.670875e-07,-0.0051610926
3.671875e-07,-0.0051560662
3.672875e-07,-0.0051481675
3.673875e-07,-0.005142423
3.674875e-07,-0.0051438591
3.675875e-07,-0.0051560662
3.676875e-07,-0.005177608
3.677875e-07,-0.005201304
3.678875e-07,-0.0052192555
3.679875e-07,-0.005225
3.680875e-07,-0.0052192555
3.681875e-07,-0.0052092027
3.682875e-07,-0.0052048943
3.683875e-07,-0.005213511
3.684875e-07,-0.005237207
3.685875e-07,-0.0052688017
3.686875e-07,-0.0052989602
3.687875e-07,-0.0053169118
3.688875e-07,-0.0053205021
3.689875e-07,-0.0053133215
3.690875e-07,-0.0053054228
3.691875e-07,-0.0053054228
3.692875e-07,-0.0053176298
3.693875e-07,-0.0053384536
3.694875e-07,-0.0053607135
3.695875e-07,-0.0053743566
3.696875e-07,-0.0053765108
3.697875e-07,-0.0053700483
3.698875e-07,-0.0053628676
3.699875e-07,-0.0053628676
3.700875e-07,-0.0053736386
3.701875e-07,-0.0053923081
3.702875e-07,-0.0054102597
3.703875e-07,-0.0054203125
3.704875e-07,-0.0054181583
3.705875e-07,-0.0054059513
3.706875e-07,-0.0053923081
3.707875e-07,-0.0053858456
3.708875e-07,-0.0053894359
3.709875e-07,-0.0054002068
3.710875e-07,-0.0054095416
3.711875e-07,-0.0054088235
3.712875e-07,-0.0053923081
3.713875e-07,-0.0053635857
3.714875e-07,-0.0053305549
3.715875e-07,-0.0053054228
3.716875e-07,-0.0052946519
3.717875e-07,-0.0052996783
3.718875e-07,-0.0053140395
3.719875e-07,-0.0053284007
3.720875e-07,-0.0053355813
3.721875e-07,-0.0053341452
3.722875e-07,-0.0053255285
3.723875e-07,-0.0053169118
3.724875e-07,-0.0053126034
3.725875e-07,-0.0053140395
3.726875e-07,-0.0053169118
3.727875e-07,-0.0053169118
3.728875e-07,-0.0053097312
3.729875e-07,-0.0052953699
3.730875e-07,-0.0052767004
3.731875e-07,-0.0052594669
3.732875e-07,-0.0052465418
3.733875e-07,-0.0052386432
3.734875e-07,-0.0052321806
3.735875e-07,-0.005225
3.736875e-07,-0.0052163833
3.737875e-07,-0.0052084846
3.738875e-07,-0.0052063304
3.739875e-07,-0.005213511
3.740875e-07,-0.0052307445
3.741875e-07,-0.0052522863
3.742875e-07,-0.005272392
3.743875e-07,-0.0052824449
3.744875e-07,-0.0052810087
3.745875e-07,-0.0052716739
3.746875e-07,-0.0052616211
3.747875e-07,-0.0052594669
3.748875e-07,-0.0052702378
3.749875e-07,-0.0052917796
3.750875e-07,-0.0053183479
3.751875e-07,-0.0053398897
3.752875e-07,-0.0053506606
3.753875e-07,-0.0053506606
3.754875e-07,-0.0053449161
3.755875e-07,-0.0053398897
3.756875e-07,-0.0053427619
3.757875e-07,-0.0053535329
3.758875e-07,-0.0053700483
3.759875e-07,-0.0053858456
3.760875e-07,-0.0053944623
3.761875e-07,-0.0053951804
3.762875e-07,-0.005390154
3.763875e-07,-0.0053858456
3.764875e-07,-0.0053872817
3.765875e-07,-0.0053973346
3.766875e-07,-0.0054131319
3.767875e-07,-0.0054318015
3.768875e-07,-0.0054468807
3.769875e-07,-0.0054554975
3.770875e-07,-0.0054576517
3.771875e-07,-0.0054547794
3.772875e-07,-0.0054511891
3.773875e-07,-0.0054475988
3.774875e-07,-0.0054454446
3.775875e-07,-0.0054432904
3.776875e-07,-0.0054389821
3.777875e-07,-0.0054310834
3.778875e-07,-0.0054210306
3.779875e-07,-0.0054088235
3.780875e-07,-0.0053958984
3.781875e-07,-0.0053836914
3.782875e-07,-0.0053722024
3.783875e-07,-0.0053628676
3.784875e-07,-0.0053564051
3.785875e-07,-0.0053535329
3.786875e-07,-0.0053564051
3.787875e-07,-0.0053628676
3.788875e-07,-0.0053707663
3.789875e-07,-0.0053750747
3.790875e-07,-0.0053729205
3.791875e-07,-0.0053628676
3.792875e-07,-0.0053477884
3.793875e-07,-0.005331273
3.794875e-07,-0.005319784
3.795875e-07,-0.0053169118
3.796875e-07,-0.0053212201
3.797875e-07,-0.0053298369
3.798875e-07,-0.0053370175
3.799875e-07,-0.0053398897
3.800875e-07,-0.0053370175
3.801875e-07,-0.005331991
3.802875e-07,-0.0053284007
3.803875e-07,-0.0053284007
3.804875e-07,-0.005331991
3.805875e-07,-0.0053362994
3.806875e-07,-0.0053355813
3.807875e-07,-0.0053284007
3.808875e-07,-0.0053147576
3.809875e-07,-0.0053011144
3.810875e-07,-0.0052924977
3.811875e-07,-0.0052939338
3.812875e-07,-0.0053047047
3.813875e-07,-0.0053190659
3.814875e-07,-0.0053291188
3.815875e-07,-0.0053284007
3.816875e-07,-0.0053147576
3.817875e-07,-0.0052932158
3.818875e-07,-0.0052716739
3.819875e-07,-0.0052594669
3.820875e-07,-0.005260903
3.821875e-07,-0.0052759823
3.822875e-07,-0.0052968061
3.823875e-07,-0.0053169118
3.824875e-07,-0.0053284007
3.825875e-07,-0.0053305549
3.826875e-07,-0.0053248104
3.827875e-07,-0.0053169118
3.828875e-07,-0.0053118853
3.829875e-07,-0.0053126034
3.830875e-07,-0.0053190659
3.831875e-07,-0.0053284007
3.832875e-07,-0.0053391716
3.833875e-07,-0.0053506606
3.834875e-07,-0.0053621496
3.835875e-07,-0.0053743566
3.836875e-07,-0.0053851275
3.837875e-07,-0.005390154
3.838875e-07,-0.0053872817
3.839875e-07,-0.0053743566
3.840875e-07,-0.0053535329
3.841875e-07,-0.0053305549
3.842875e-07,-0.0053126034
3.843875e-07,-0.0053054228
3.844875e-07,-0.0053111673
3.845875e-07,-0.0053255285
3.846875e-07,-0.0053413258
3.847875e-07,-0.0053513787
3.848875e-07,-0.0053513787
3.849875e-07,-0.0053420439
3.850875e-07,-0.0053284007
3.851875e-07,-0.0053169118
3.852875e-07,-0.0053118853
3.853875e-07,-0.0053126034
3.854875e-07,-0.0053161937
3.855875e-07,-0.0053169118
3.856875e-07,-0.0053118853
3.857875e-07,-0.0053018325
3.858875e-07,-0.0052903435
3.859875e-07,-0.0052824449
3.860875e-07,-0.0052824449
3.861875e-07,-0.0052910616
3.862875e-07,-0.0053039867
3.863875e-07,-0.0053169118
3.864875e-07,-0.0053248104
3.865875e-07,-0.0053255285
3.866875e-07,-0.0053212201
3.867875e-07,-0.0053169118
3.868875e-07,-0.0053154756
3.869875e-07,-0.0053176298
3.870875e-07,-0.0053233743
3.871875e-07,-0.0053284007
3.872875e-07,-0.0053291188
3.873875e-07,-0.0053248104
3.874875e-07,-0.0053154756
3.875875e-07,-0.0053054228
3.876875e-07,-0.0052975241
3.877875e-07,-0.0052953699
3.878875e-07,-0.0052982422
3.879875e-07,-0.0053054228
3.880875e-07,-0.0053154756
3.881875e-07,-0.0053255285
3.882875e-07,-0.0053341452
3.883875e-07,-0.0053398897
3.884875e-07,-0.0053413258
3.885875e-07,-0.0053377355
3.886875e-07,-0.0053291188
3.887875e-07,-0.0053169118
3.888875e-07,-0.0053047047
3.889875e-07,-0.0052968061
3.890875e-07,-0.0052968061
3.891875e-07,-0.0053054228
3.892875e-07,-0.0053212201
3.893875e-07,-0.0053391716
3.894875e-07,-0.0053542509
3.895875e-07,-0.0053628676
3.896875e-07,-0.0053635857
3.897875e-07,-0.0053599954
3.898875e-07,-0.0053542509
3.899875e-07,-0.0053513787
3.900875e-07,-0.0053513787
3.901875e-07,-0.0053535329
3.902875e-07,-0.0053542509
3.903875e-07,-0.0053513787
3.904875e-07,-0.0053456342
3.905875e-07,-0.0053391716
3.906875e-07,-0.0053362994
3.907875e-07,-0.0053398897
3.908875e-07,-0.0053506606
3.909875e-07,-0.0053650218
3.910875e-07,-0.0053779469
3.911875e-07,-0.0053858456
3.912875e-07,-0.0053858456
3.913875e-07,-0.0053801011
3.914875e-07,-0.0053714844
3.915875e-07,-0.0053628676
3.916875e-07,-0.0053564051
3.917875e-07,-0.0053513787
3.918875e-07,-0.0053463523
3.919875e-07,-0.0053398897
3.920875e-07,-0.005331273
3.921875e-07,-0.0053233743
3.922875e-07,-0.0053183479
3.923875e-07,-0.0053169118
3.924875e-07,-0.0053176298
3.925875e-07,-0.0053161937
3.926875e-07,-0.0053090131
3.927875e-07,-0.0052939338
3.928875e-07,-0.0052738281
3.929875e-07,-0.0052537224
3.930875e-07,-0.0052393612
3.931875e-07,-0.005236489
3.932875e-07,-0.0052436696
3.933875e-07,-0.0052558766
3.934875e-07,-0.0052673656
3.935875e-07,-0.0052709559
3.936875e-07,-0.0052652114
3.937875e-07,-0.0052530044
3.938875e-07,-0.0052379251
3.939875e-07,-0.005225
3.940875e-07,-0.0052163833
3.941875e-07,-0.0052092027
3.942875e-07,-0.0052020221
3.943875e-07,-0.0051905331
3.944875e-07,-0.0051768899
3.945875e-07,-0.0051639648
3.946875e-07,-0.0051560662
3.947875e-07,-0.0051560662
3.948875e-07,-0.0051618107
3.949875e-07,-0.0051675551
3.950875e-07,-0.0051668371
3.951875e-07,-0.0051560662
3.952875e-07,-0.0051359605
3.953875e-07,-0.0051144187
3.954875e-07,-0.0051000574
3.955875e-07,-0.0050986213
3.956875e-07,-0.0051122645
3.957875e-07,-0.0051338063
3.958875e-07,-0.0051553481
3.959875e-07,-0.0051675551
3.960875e-07,-0.0051668371
3.961875e-07,-0.0051567842
3.962875e-07,-0.0051431411
3.963875e-07,-0.0051330882
3.964875e-07,-0.005130216
3.965875e-07,-0.0051330882
3.966875e-07,-0.0051352424
3.967875e-07,-0.0051330882
3.968875e-07,-0.0051251896
3.969875e-07,-0.0051158548
3.970875e-07,-0.0051122645
3.971875e-07,-0.0051215993
3.972875e-07,-0.0051445772
3.973875e-07,-0.0051754538
3.974875e-07,-0.0052056124
3.975875e-07,-0.005225
3.976875e-07,-0.0052307445
3.977875e-07,-0.0052242819
3.978875e-07,-0.0052156652
3.979875e-07,-0.005213511
3.980875e-07,-0.0052221278
3.981875e-07,-0.0052400793
3.982875e-07,-0.0052594669
3.983875e-07,-0.0052709559
3.984875e-07,-0.0052688017
3.985875e-07,-0.0052544405
3.986875e-07,-0.005236489
3.987875e-07,-0.005225
3.988875e-07,-0.0052293084
3.989875e-07,-0.0052501321
3.990875e-07,-0.0052824449
3.991875e-07,-0.0053169118
3.992875e-07,-0.00534348
3.993875e-07,-0.0053585593
3.994875e-07,-0.0053628676
3.995875e-07,-0.0053628676
3.996875e-07,-0.0053657399
3.997875e-07,-0.0053743566
3.998875e-07,-0.0053865636
3.999875e-07,-0.0053973346
4.000875e-07,-0.0054002068
4.001875e-07,-0.0053915901
4.002875e-07,-0.0053729205
4.003875e-07,-0.0053513787
4.004875e-07,-0.0053334272
4.005875e-07,-0.0053255285
4.006875e-07,-0.0053284007
4.007875e-07,-0.0053398897
4.008875e-07,-0.0053535329
4.009875e-07,-0.0053643038
4.010875e-07,-0.0053678941
4.011875e-07,-0.0053628676
4.012875e-07,-0.0053513787
4.013875e-07,-0.0053355813
4.014875e-07,-0.005319784
4.015875e-07,-0.0053054228
4.016875e-07,-0.0052939338
4.017875e-07,-0.0052867532
4.018875e-07,-0.0052831629
4.019875e-07,-0.0052824449
4.020875e-07,-0.005283881
4.021875e-07,-0.0052860352
4.022875e-07,-0.0052853171
4.023875e-07,-0.0052824449
4.024875e-07,-0.0052767004
4.025875e-07,-0.0052695198
4.026875e-07,-0.0052630572
4.027875e-07,-0.0052594669
4.028875e-07,-0.0052587489
4.029875e-07,-0.0052616211
4.030875e-07,-0.0052659295
4.031875e-07,-0.0052709559
4.032875e-07,-0.0052759823
4.033875e-07,-0.0052824449
4.034875e-07,-0.0052881893
4.035875e-07,-0.0052939338
4.036875e-07,-0.0052975241
4.037875e-07,-0.0052968061
4.038875e-07,-0.0052910616
4.039875e-07,-0.0052824449
4.040875e-07,-0.0052745462
4.041875e-07,-0.0052716739
4.042875e-07,-0.0052781365
4.043875e-07,-0.0052939338
4.044875e-07,-0.0053147576
4.045875e-07,-0.0053348633
4.046875e-07,-0.0053485064
4.047875e-07,-0.0053513787
4.048875e-07,-0.0053456342
4.049875e-07,-0.0053355813
4.050875e-07,-0.0053284007
4.051875e-07,-0.0053284007
4.052875e-07,-0.0053355813
4.053875e-07,-0.0053470703
4.054875e-07,-0.0053571232
4.055875e-07,-0.0053628676
4.056875e-07,-0.0053628676
4.057875e-07,-0.0053607135
4.058875e-07,-0.0053592773
4.059875e-07,-0.0053628676
4.060875e-07,-0.0053700483
4.061875e-07,-0.0053779469
4.062875e-07,-0.0053801011
4.063875e-07,-0.0053743566
4.064875e-07,-0.0053599954
4.065875e-07,-0.0053420439
4.066875e-07,-0.0053262466
4.067875e-07,-0.0053169118
4.068875e-07,-0.0053147576
4.069875e-07,-0.0053154756
4.070875e-07,-0.0053140395
4.071875e-07,-0.0053054228
4.072875e-07,-0.0052889074
4.073875e-07,-0.0052695198
4.074875e-07,-0.0052544405
4.075875e-07,-0.0052479779
4.076875e-07,-0.0052530044
4.077875e-07,-0.0052652114
4.078875e-07,-0.0052774184
4.079875e-07,-0.0052824449
4.080875e-07,-0.0052759823
4.081875e-07,-0.0052594669
4.082875e-07,-0.005236489
4.083875e-07,-0.005213511
4.084875e-07,-0.0051934053
4.085875e-07,-0.0051761719
4.086875e-07,-0.0051603745
4.087875e-07,-0.0051445772
4.088875e-07,-0.005130216
4.089875e-07,-0.0051201631
4.090875e-07,-0.0051208812
4.091875e-07,-0.0051330882
4.092875e-07,-0.0051560662
4.093875e-07,-0.0051826344
4.094875e-07,-0.0052041762
4.095875e-07,-0.005213511
4.096875e-07,-0.0052084846
4.097875e-07,-0.0051941234
4.098875e-07,-0.005177608
4.099875e-07,-0.0051675551
4.100875e-07,-0.0051682732
4.101875e-07,-0.0051790441
4.102875e-07,-0.0051919692
4.103875e-07,-0.0052020221
4.104875e-07,-0.0052048943
4.105875e-07,-0.0052020221
4.106875e-07,-0.0051984318
4.107875e-07,-0.0052020221
4.108875e-07,-0.0052149472
4.109875e-07,-0.0052350528
4.110875e-07,-0.0052558766
4.111875e-07,-0.0052709559
4.112875e-07,-0.0052745462
4.113875e-07,-0.0052666475
4.114875e-07,-0.0052515682
4.115875e-07,-0.005236489
4.116875e-07,-0.0052257181
4.117875e-07,-0.0052214097
4.118875e-07,-0.0052221278
4.119875e-07,-0.005225
4.120875e-07,-0.0052271542
4.121875e-07,-0.0052285903
4.122875e-07,-0.0052314625
4.123875e-07,-0.005236489
4.124875e-07,-0.0052443876
4.125875e-07,-0.0052508502
4.126875e-07,-0.0052530044
4.127875e-07,-0.0052479779
4.128875e-07,-0.0052357709
4.129875e-07,-0.0052199736
4.130875e-07,-0.0052070485
4.131875e-07,-0.0052020221
4.132875e-07,-0.0052063304
4.133875e-07,-0.0052163833
4.134875e-07,-0.0052278722
4.135875e-07,-0.005236489
4.136875e-07,-0.0052407973
4.137875e-07,-0.0052429515
4.138875e-07,-0.0052479779
4.139875e-07,-0.0052594669
4.140875e-07,-0.0052774184
4.141875e-07,-0.0052968061
4.142875e-07,-0.0053111673
4.143875e-07,-0.0053169118
4.144875e-07,-0.0053126034
4.145875e-07,-0.0053025506
4.146875e-07,-0.0052946519
4.147875e-07,-0.0052939338
4.148875e-07,-0.0053018325
4.149875e-07,-0.0053147576
4.150875e-07,-0.0053255285
4.151875e-07,-0.0053284007
4.152875e-07,-0.0053233743
4.153875e-07,-0.0053147576
4.154875e-07,-0.0053104492
4.155875e-07,-0.0053169118
4.156875e-07,-0.0053355813
4.157875e-07,-0.0053607135
4.158875e-07,-0.0053844095
4.159875e-07,-0.0053973346
4.160875e-07,-0.0053966165
4.161875e-07,-0.0053851275
4.162875e-07,-0.0053707663
4.163875e-07,-0.0053628676
4.164875e-07,-0.005367176
4.165875e-07,-0.0053844095
4.166875e-07,-0.0054081055
4.167875e-07,-0.0054318015
4.168875e-07,-0.005450471
4.169875e-07,-0.0054633961
4.170875e-07,-0.0054712948
4.171875e-07,-0.0054777574
4.172875e-07,-0.0054842199
4.173875e-07,-0.0054892463
4.174875e-07,-0.0054914005
4.175875e-07,-0.0054892463
4.176875e-07,-0.0054842199
4.177875e-07,-0.0054799115
4.178875e-07,-0.0054813477
4.179875e-07,-0.0054892463
4.180875e-07,-0.0055014534
4.181875e-07,-0.0055107881
4.182875e-07,-0.0055115062
4.183875e-07,-0.0055007353
4.184875e-07,-0.0054820657
4.185875e-07,-0.0054648323
4.186875e-07,-0.0054576517
4.187875e-07,-0.0054662684
4.188875e-07,-0.0054878102
4.189875e-07,-0.0055115062
4.190875e-07,-0.0055265855
4.191875e-07,-0.0055237132
4.192875e-07,-0.0055036075
4.193875e-07,-0.0054748851
4.194875e-07,-0.0054511891
4.195875e-07,-0.0054432904
4.196875e-07,-0.0054526252
4.197875e-07,-0.005473449
4.198875e-07,-0.0054928366
4.199875e-07,-0.0055007353
4.200875e-07,-0.0054935547
4.201875e-07,-0.0054784754
4.202875e-07,-0.0054655503
4.203875e-07,-0.0054662684
4.204875e-07,-0.0054842199
4.205875e-07,-0.0055143784
4.206875e-07,-0.0055431009
4.207875e-07,-0.0055581801
4.208875e-07,-0.0055531537
4.209875e-07,-0.00553233
4.210875e-07,-0.0055064798
4.211875e-07,-0.0054892463
4.212875e-07,-0.0054885283
4.213875e-07,-0.0055043256
4.214875e-07,-0.0055273035
4.215875e-07,-0.0055466912
4.216875e-07,-0.0055545898
4.217875e-07,-0.0055488454
4.218875e-07,-0.0055359203
4.219875e-07,-0.0055237132
4.220875e-07,-0.0055172507
4.221875e-07,-0.0055172507
4.222875e-07,-0.0055179687
4.223875e-07,-0.0055122243
4.224875e-07,-0.005497145
4.225875e-07,-0.0054763212
4.226875e-07,-0.0054554975
4.227875e-07,-0.0054432904
4.228875e-07,-0.0054440085
4.229875e-07,-0.0054533433
4.230875e-07,-0.0054641142
4.231875e-07,-0.0054662684
4.232875e-07,-0.0054554975
4.233875e-07,-0.0054339557
4.234875e-07,-0.0054109777
4.235875e-07,-0.0053973346
4.236875e-07,-0.0053980526
4.237875e-07,-0.0054124138
4.238875e-07,-0.0054318015
4.239875e-07,-0.0054432904
4.240875e-07,-0.0054397001
4.241875e-07,-0.0054195944
4.242875e-07,-0.005390872
4.243875e-07,-0.0053628676
4.244875e-07,-0.0053456342
4.245875e-07,-0.0053420439
4.246875e-07,-0.0053470703
4.247875e-07,-0.0053513787
4.248875e-07,-0.0053463523
4.249875e-07,-0.0053298369
4.250875e-07,-0.0053054228
4.251875e-07,-0.0052824449
4.252875e-07,-0.0052695198
4.253875e-07,-0.005272392
4.254875e-07,-0.0052867532
4.255875e-07,-0.0053054228
4.256875e-07,-0.0053190659
4.257875e-07,-0.0053205021
4.258875e-07,-0.0053104492
4.259875e-07,-0.0052939338
4.260875e-07,-0.0052795726
4.261875e-07,-0.0052745462
4.262875e-07,-0.0052802907
4.263875e-07,-0.0052939338
4.264875e-07,-0.005308295
4.265875e-07,-0.0053169118
4.266875e-07,-0.0053154756
4.267875e-07,-0.0053054228
4.268875e-07,-0.0052910616
4.269875e-07,-0.0052781365
4.270875e-07,-0.0052709559
4.271875e-07,-0.0052709559
4.272875e-07,-0.0052752642
4.273875e-07,-0.0052795726
4.274875e-07,-0.0052788545
4.275875e-07,-0.0052709559
4.276875e-07,-0.0052551585
4.277875e-07,-0.0052350528
4.278875e-07,-0.0052156652
4.279875e-07,-0.0052020221
4.280875e-07,-0.0051984318
4.281875e-07,-0.0052048943
4.282875e-07,-0.0052192555
4.283875e-07,-0.005236489
4.284875e-07,-0.0052501321
4.285875e-07,-0.0052551585
4.286875e-07,-0.0052501321
4.287875e-07,-0.005236489
4.288875e-07,-0.0052199736
4.289875e-07,-0.0052070485
4.290875e-07,-0.0052005859
4.291875e-07,-0.0052020221
4.292875e-07,-0.0052084846
4.293875e-07,-0.0052149472
4.294875e-07,-0.0052171013
4.295875e-07,-0.005213511
4.296875e-07,-0.0052056124
4.297875e-07,-0.0051977137
4.298875e-07,-0.0051919692
4.299875e-07,-0.0051905331
4.300875e-07,-0.0051905331
4.301875e-07,-0.005189815
4.302875e-07,-0.0051855067
4.303875e-07,-0.0051790441
4.304875e-07,-0.0051732996
4.305875e-07,-0.0051740177
4.306875e-07,-0.0051840705
4.307875e-07,-0.0052020221
4.308875e-07,-0.0052214097
4.309875e-07,-0.0052328987
4.310875e-07,-0.0052307445
4.311875e-07,-0.005213511
4.312875e-07,-0.0051869428
4.313875e-07,-0.0051625287
4.314875e-07,-0.0051503217
4.315875e-07,-0.0051560662
4.316875e-07,-0.0051754538
4.317875e-07,-0.0051991498
4.318875e-07,-0.0052149472
4.319875e-07,-0.005213511
4.320875e-07,-0.0051955595
4.321875e-07,-0.0051682732
4.322875e-07,-0.0051445772
4.323875e-07,-0.0051330882
4.324875e-07,-0.0051366785
4.325875e-07,-0.0051496036
4.326875e-07,-0.0051589384
4.327875e-07,-0.0051560662
4.328875e-07,-0.0051359605
4.329875e-07,-0.0051043658
4.330875e-07,-0.0050727711
4.331875e-07,-0.0050526654
4.332875e-07,-0.0050519474
4.333875e-07,-0.0050677447
4.334875e-07,-0.0050914407
4.335875e-07,-0.0051101103
4.336875e-07,-0.0051144187
4.337875e-07,-0.0051022116
4.338875e-07,-0.0050785156
4.339875e-07,-0.0050526654
4.340875e-07,-0.0050339959
4.341875e-07,-0.0050275333
4.342875e-07,-0.0050318417
4.343875e-07,-0.0050411765
4.344875e-07,-0.0050512293
4.345875e-07,-0.005059846
4.346875e-07,-0.0050670267
4.347875e-07,-0.0050756434
4.348875e-07,-0.0050871324
4.349875e-07,-0.0051007755
4.350875e-07,-0.0051129825
4.351875e-07,-0.0051215993
4.352875e-07,-0.0051237534
4.353875e-07,-0.0051201631
4.354875e-07,-0.0051144187
4.355875e-07,-0.0051101103
4.356875e-07,-0.0051093922
4.357875e-07,-0.0051129825
4.358875e-07,-0.0051172909
4.359875e-07,-0.0051215993
4.360875e-07,-0.0051259076
4.361875e-07,-0.0051316521
4.362875e-07,-0.0051409869
4.363875e-07,-0.0051560662
4.364875e-07,-0.0051740177
4.365875e-07,-0.005189815
4.366875e-07,-0.0051998679
4.367875e-07,-0.0052020221
4.368875e-07,-0.0051991498
4.369875e-07,-0.0051969956
4.370875e-07,-0.005201304
4.371875e-07,-0.005213511
4.372875e-07,-0.0052314625
4.373875e-07,-0.0052472599
4.374875e-07,-0.0052537224
4.375875e-07,-0.0052479779
4.376875e-07,-0.0052336167
4.377875e-07,-0.0052192555
4.378875e-07,-0.0052149472
4.379875e-07,-0.005225
4.380875e-07,-0.0052472599
4.381875e-07,-0.0052709559
4.382875e-07,-0.0052853171
4.383875e-07,-0.0052824449
4.384875e-07,-0.0052637753
4.385875e-07,-0.0052379251
4.386875e-07,-0.0052185375
4.387875e-07,-0.005213511
4.388875e-07,-0.0052235639
4.389875e-07,-0.0052407973
4.390875e-07,-0.0052515682
4.391875e-07,-0.0052479779
4.392875e-07,-0.0052278722
4.393875e-07,-0.0051991498
4.394875e-07,-0.0051754538
4.395875e-07,-0.0051675551
4.396875e-07,-0.0051783261
4.397875e-07,-0.0052005859
4.398875e-07,-0.0052199736
4.399875e-07,-0.005225
4.400875e-07,-0.0052106388
4.401875e-07,-0.0051826344
4.402875e-07,-0.0051524759
4.403875e-07,-0.0051330882
4.404875e-07,-0.0051294979
4.405875e-07,-0.0051373966
4.406875e-07,-0.0051467314
4.407875e-07,-0.0051445772
4.408875e-07,-0.0051266257
4.409875e-07,-0.0050957491
4.410875e-07,-0.0050634364
4.411875e-07,-0.0050411765
4.412875e-07,-0.0050347139
4.413875e-07,-0.0050418945
4.414875e-07,-0.0050512293
4.415875e-07,-0.0050526654
4.416875e-07,-0.0050390223
4.417875e-07,-0.005012454
4.418875e-07,-0.0049830136
4.419875e-07,-0.0049607537
4.420875e-07,-0.0049521369
4.421875e-07,-0.0049550092
4.422875e-07,-0.0049607537
4.423875e-07,-0.0049607537
4.424875e-07,-0.0049485466
4.425875e-07,-0.0049277229
4.426875e-07,-0.004905463
4.427875e-07,-0.0048918199
4.428875e-07,-0.004893256
4.429875e-07,-0.0049068991
4.430875e-07,-0.0049248506
4.431875e-07,-0.0049377757
4.432875e-07,-0.0049399299
4.433875e-07,-0.0049320312
4.434875e-07,-0.0049212603
4.435875e-07,-0.0049147978
4.436875e-07,-0.00491767
4.437875e-07,-0.0049270048
4.438875e-07,-0.0049363396
4.439875e-07,-0.0049377757
4.440875e-07,-0.0049284409
4.441875e-07,-0.0049112075
4.442875e-07,-0.0048961282
4.443875e-07,-0.0048918199
4.444875e-07,-0.0049018727
4.445875e-07,-0.0049234145
4.446875e-07,-0.0049456744
4.447875e-07,-0.0049607537
4.448875e-07,-0.0049621898
4.449875e-07,-0.004952855
4.450875e-07,-0.004941366
4.451875e-07,-0.0049377757
4.452875e-07,-0.0049478286
4.453875e-07,-0.0049693704
4.454875e-07,-0.0049966567
4.455875e-07,-0.0050181985
4.456875e-07,-0.0050289694
4.457875e-07,-0.0050289694
4.458875e-07,-0.0050225069
4.459875e-07,-0.0050181985
4.460875e-07,-0.0050189166
4.461875e-07,-0.0050246611
4.462875e-07,-0.0050304056
4.463875e-07,-0.0050296875
4.464875e-07,-0.0050210708
4.465875e-07,-0.0050081457
4.466875e-07,-0.0049980928
4.467875e-07,-0.0049952206
4.468875e-07,-0.0050024012
4.469875e-07,-0.0050138902
4.470875e-07,-0.0050217888
4.471875e-07,-0.0050181985
4.472875e-07,-0.0050009651
4.473875e-07,-0.0049751149
4.474875e-07,-0.0049507008
4.475875e-07,-0.0049377757
4.476875e-07,-0.004940648
4.477875e-07,-0.0049564453
4.478875e-07,-0.0049743968
4.479875e-07,-0.0049837316
4.480875e-07,-0.0049772691
4.481875e-07,-0.0049564453
4.482875e-07,-0.0049284409
4.483875e-07,-0.0049033088
4.484875e-07,-0.0048875115
4.485875e-07,-0.0048839212
4.486875e-07,-0.0048875115
4.487875e-07,-0.0048918199
4.488875e-07,-0.004893256
4.489875e-07,-0.0048911018
4.490875e-07,-0.0048896657
4.491875e-07,-0.0048918199
4.492875e-07,-0.0049004366
4.493875e-07,-0.0049119256
4.494875e-07,-0.0049226965
4.495875e-07,-0.0049262868
4.496875e-07,-0.0049212603
4.497875e-07,-0.0049112075
4.498875e-07,-0.0048997185
4.499875e-07,-0.0048918199
4.500875e-07,-0.0048889476
4.501875e-07,-0.0048867934
4.502875e-07,-0.004881767
4.503875e-07,-0.0048688419
4.504875e-07,-0.0048501723
4.505875e-07,-0.0048322208
4.506875e-07,-0.0048214499
4.507875e-07,-0.004822886
4.508875e-07,-0.0048358111
4.509875e-07,-0.0048530446
4.510875e-07,-0.0048666877
4.511875e-07,-0.0048688419
4.512875e-07,-0.0048609432
4.513875e-07,-0.0048487362
4.514875e-07,-0.0048415556
4.515875e-07,-0.004845864
4.516875e-07,-0.0048602252
4.517875e-07,-0.0048774586
4.518875e-07,-0.0048867934
4.519875e-07,-0.0048803309
4.520875e-07,-0.0048587891
4.521875e-07,-0.0048322208
4.522875e-07,-0.0048128332
4.523875e-07,-0.0048113971
4.524875e-07,-0.0048293486
4.525875e-07,-0.0048595071
4.526875e-07,-0.0048882295
4.527875e-07,-0.0049033088
4.528875e-07,-0.0049004366
4.529875e-07,-0.0048860754
4.530875e-07,-0.0048717142
4.531875e-07,-0.0048688419
4.532875e-07,-0.0048824851
4.533875e-07,-0.0049068991
4.534875e-07,-0.004929159
4.535875e-07,-0.0049377757
4.536875e-07,-0.0049270048
4.537875e-07,-0.0049018727
4.538875e-07,-0.0048738683
4.539875e-07,-0.0048573529
4.540875e-07,-0.0048595071
4.541875e-07,-0.0048788948
4.542875e-07,-0.004905463
4.543875e-07,-0.0049262868
4.544875e-07,-0.0049334674
4.545875e-07,-0.0049262868
4.546875e-07,-0.0049126436
4.547875e-07,-0.0049033088
4.548875e-07,-0.0049040269
4.549875e-07,-0.0049147978
4.550875e-07,-0.004929159
4.551875e-07,-0.0049377757
4.552875e-07,-0.0049356216
4.553875e-07,-0.0049241326
4.554875e-07,-0.0049104894
4.555875e-07,-0.0049033088
4.556875e-07,-0.0049076172
4.557875e-07,-0.0049212603
4.558875e-07,-0.0049384938
4.559875e-07,-0.0049492647
4.560875e-07,-0.0049492647
4.561875e-07,-0.0049392119
4.562875e-07,-0.0049255687
4.563875e-07,-0.0049147978
4.564875e-07,-0.0049119256
4.565875e-07,-0.0049162339
4.566875e-07,-0.0049226965
4.567875e-07,-0.0049262868
4.568875e-07,-0.0049248506
4.569875e-07,-0.0049226965
4.570875e-07,-0.0049248506
4.571875e-07,-0.0049377757
4.572875e-07,-0.0049614717
4.573875e-07,-0.004988758
4.574875e-07,-0.0050110179
4.575875e-07,-0.0050181985
4.576875e-07,-0.0050081457
4.577875e-07,-0.0049866039
4.578875e-07,-0.0049636259
4.579875e-07,-0.0049492647
4.580875e-07,-0.0049499828
4.581875e-07,-0.004965062
4.582875e-07,-0.0049866039
4.583875e-07,-0.0050067096
4.584875e-07,-0.0050210708
4.585875e-07,-0.0050296875
4.586875e-07,-0.0050390223
4.587875e-07,-0.0050526654
4.588875e-07,-0.0050727711
4.589875e-07,-0.0050957491
4.590875e-07,-0.0051137006
4.591875e-07,-0.0051215993
4.592875e-07,-0.0051194451
4.593875e-07,-0.0051129825
4.594875e-07,-0.0051115464
4.595875e-07,-0.0051215993
4.596875e-07,-0.0051438591
4.597875e-07,-0.0051711455
4.598875e-07,-0.0051934053
4.599875e-07,-0.0052020221
4.600875e-07,-0.0051955595
4.601875e-07,-0.0051804802
4.602875e-07,-0.0051675551
4.603875e-07,-0.0051675551
4.604875e-07,-0.0051833525
4.605875e-07,-0.0052092027
4.606875e-07,-0.0052343348
4.607875e-07,-0.0052479779
4.608875e-07,-0.0052451057
4.609875e-07,-0.0052300264
4.610875e-07,-0.005212793
4.611875e-07,-0.0052020221
4.612875e-07,-0.0052041762
4.613875e-07,-0.0052156652
4.614875e-07,-0.0052293084
4.615875e-07,-0.005236489
4.616875e-07,-0.0052336167
4.617875e-07,-0.0052242819
4.618875e-07,-0.0052149472
4.619875e-07,-0.005213511
4.620875e-07,-0.0052199736
4.621875e-07,-0.0052285903
4.622875e-07,-0.0052293084
4.623875e-07,-0.005213511
4.624875e-07,-0.0051804802
4.625875e-07,-0.0051395508
4.626875e-07,-0.0051043658
4.627875e-07,-0.0050871324
4.628875e-07,-0.005094313
4.629875e-07,-0.0051194451
4.630875e-07,-0.0051488856
