LECROYHDO6104B,11090,Waveform
Segments,1,SegmentSize,5002
Segment,TrigTime,TimeSinceSegment1
#1,04-May-2026 18:49:02,0                 
Time,Ampl
-3.702068e-08,-0.0046160846
-3.692068e-08,-0.0046110581
-3.682068e-08,-0.0046139304
-3.672068e-08,-0.0046175207
-3.662068e-08,-0.0046160846
-3.652068e-08,-0.004608904
-3.642068e-08,-0.0046010053
-3.632068e-08,-0.004597415
-3.622068e-08,-0.0046045956
-3.612068e-08,-0.004621829
-3.602068e-08,-0.0046433709
-3.592068e-08,-0.0046591682
-3.582068e-08,-0.0046620404
-3.572068e-08,-0.0046498334
-3.562068e-08,-0.0046290097
-3.552068e-08,-0.0046110581
-3.542068e-08,-0.0046045956
-3.532068e-08,-0.0046153665
-3.522068e-08,-0.0046383444
-3.512068e-08,-0.0046656307
-3.502068e-08,-0.0046850184
-3.492068e-08,-0.0046914809
-3.482068e-08,-0.0046864545
-3.472068e-08,-0.0046778378
-3.462068e-08,-0.0046735294
-3.452068e-08,-0.004679992
-3.442068e-08,-0.0046965074
-3.432068e-08,-0.004715895
-3.422068e-08,-0.0047309743
-3.412068e-08,-0.0047367187
-3.402068e-08,-0.0047331284
-3.392068e-08,-0.0047252298
-3.382068e-08,-0.0047194853
-3.372068e-08,-0.0047194853
-3.362068e-08,-0.0047230756
-3.352068e-08,-0.0047252298
-3.342068e-08,-0.0047194853
-3.332068e-08,-0.004704406
-3.322068e-08,-0.0046843003
-3.312068e-08,-0.0046670669
-3.302068e-08,-0.0046620404
-3.292068e-08,-0.0046735294
-3.282068e-08,-0.0046993796
-3.272068e-08,-0.0047295381
-3.262068e-08,-0.0047539522
-3.252068e-08,-0.0047640051
-3.242068e-08,-0.0047582606
-3.232068e-08,-0.0047403091
-3.222068e-08,-0.0047194853
-3.212068e-08,-0.0047022518
-3.202068e-08,-0.004692199
-3.192068e-08,-0.0046878906
-3.182068e-08,-0.0046850184
-3.172068e-08,-0.00468071
-3.162068e-08,-0.0046749655
-3.152068e-08,-0.0046713752
-3.142068e-08,-0.0046735294
-3.132068e-08,-0.0046843003
-3.122068e-08,-0.0047029699
-3.112068e-08,-0.0047237937
-3.102068e-08,-0.0047424632
-3.092068e-08,-0.0047532341
-3.082068e-08,-0.0047553883
-3.072068e-08,-0.00475108
-3.062068e-08,-0.0047424632
-3.052068e-08,-0.0047331284
-3.042068e-08,-0.0047245117
-3.032068e-08,-0.004715895
-3.022068e-08,-0.0047079963
-3.012068e-08,-0.0047022518
-3.002068e-08,-0.0047008157
-2.992068e-08,-0.0047065602
-2.982068e-08,-0.0047194853
-2.972068e-08,-0.0047352826
-2.962068e-08,-0.0047474897
-2.952068e-08,-0.00475108
-2.942068e-08,-0.0047424632
-2.932068e-08,-0.0047252298
-2.922068e-08,-0.0047065602
-2.912068e-08,-0.0046950712
-2.902068e-08,-0.0046965074
-2.892068e-08,-0.0047094324
-2.882068e-08,-0.0047266659
-2.872068e-08,-0.004739591
-2.862068e-08,-0.0047424632
-2.852068e-08,-0.0047345646
-2.842068e-08,-0.0047223575
-2.832068e-08,-0.0047144589
-2.822068e-08,-0.0047194853
-2.812068e-08,-0.0047381549
-2.802068e-08,-0.0047661592
-2.792068e-08,-0.0047934455
-2.782068e-08,-0.0048113971
-2.772068e-08,-0.0048178596
-2.762068e-08,-0.0048164235
-2.752068e-08,-0.0048157054
-2.742068e-08,-0.004822886
-2.732068e-08,-0.0048408375
-2.722068e-08,-0.0048652516
-2.712068e-08,-0.0048889476
-2.702068e-08,-0.0049033088
-2.692068e-08,-0.0049061811
-2.682068e-08,-0.0049018727
-2.672068e-08,-0.0048982824
-2.662068e-08,-0.0049033088
-2.652068e-08,-0.0049198242
-2.642068e-08,-0.0049442383
-2.632068e-08,-0.0049679343
-2.622068e-08,-0.0049837316
-2.612068e-08,-0.0049866039
-2.602068e-08,-0.0049808594
-2.592068e-08,-0.0049729607
-2.582068e-08,-0.0049722426
-2.572068e-08,-0.0049822955
-2.562068e-08,-0.004999529
-2.552068e-08,-0.0050181985
-2.542068e-08,-0.0050296875
-2.532068e-08,-0.0050296875
-2.522068e-08,-0.0050203527
-2.512068e-08,-0.0050102999
-2.502068e-08,-0.0050067096
-2.492068e-08,-0.0050146082
-2.482068e-08,-0.0050339959
-2.472068e-08,-0.0050569738
-2.462068e-08,-0.0050756434
-2.452068e-08,-0.0050856962
-2.442068e-08,-0.0050856962
-2.432068e-08,-0.0050806698
-2.422068e-08,-0.0050756434
-2.412068e-08,-0.0050742073
-2.402068e-08,-0.0050756434
-2.392068e-08,-0.0050770795
-2.382068e-08,-0.0050756434
-2.372068e-08,-0.005070617
-2.362068e-08,-0.0050670267
-2.352068e-08,-0.005071335
-2.342068e-08,-0.0050871324
-2.332068e-08,-0.0051144187
-2.322068e-08,-0.0051452953
-2.312068e-08,-0.0051697093
-2.302068e-08,-0.0051790441
-2.292068e-08,-0.0051689913
-2.282068e-08,-0.0051452953
-2.272068e-08,-0.005118009
-2.262068e-08,-0.0050986213
-2.252068e-08,-0.005094313
-2.242068e-08,-0.0051036477
-2.232068e-08,-0.0051201631
-2.222068e-08,-0.0051330882
-2.212068e-08,-0.0051366785
-2.202068e-08,-0.0051294979
-2.192068e-08,-0.005118009
-2.182068e-08,-0.0051101103
-2.172068e-08,-0.0051115464
-2.162068e-08,-0.0051215993
-2.152068e-08,-0.0051359605
-2.142068e-08,-0.0051445772
-2.132068e-08,-0.005142423
-2.122068e-08,-0.0051273437
-2.112068e-08,-0.00510652
-2.102068e-08,-0.0050871324
-2.092068e-08,-0.0050777976
-2.082068e-08,-0.0050806698
-2.072068e-08,-0.0050935949
-2.062068e-08,-0.0051101103
-2.052068e-08,-0.0051230354
-2.042068e-08,-0.0051294979
-2.032068e-08,-0.0051309341
-2.022068e-08,-0.0051330882
-2.012068e-08,-0.0051395508
-2.002068e-08,-0.0051517578
-1.992068e-08,-0.0051668371
-1.982068e-08,-0.0051790441
-1.972068e-08,-0.0051826344
-1.962068e-08,-0.0051747358
-1.952068e-08,-0.0051603745
-1.942068e-08,-0.0051445772
-1.932068e-08,-0.0051352424
-1.922068e-08,-0.0051373966
-1.912068e-08,-0.0051496036
-1.902068e-08,-0.0051675551
-1.892068e-08,-0.0051833525
-1.882068e-08,-0.0051912511
-1.872068e-08,-0.005189097
-1.862068e-08,-0.0051790441
-1.852068e-08,-0.005166119
-1.842068e-08,-0.0051567842
-1.832068e-08,-0.0051531939
-1.822068e-08,-0.0051560662
-1.812068e-08,-0.0051610926
-1.802068e-08,-0.0051632468
-1.792068e-08,-0.0051582204
-1.782068e-08,-0.0051445772
-1.772068e-08,-0.0051237534
-1.762068e-08,-0.0051000574
-1.752068e-08,-0.0050785156
-1.742068e-08,-0.0050641544
-1.732068e-08,-0.005059128
-1.722068e-08,-0.0050620002
-1.712068e-08,-0.0050691808
-1.702068e-08,-0.0050756434
-1.692068e-08,-0.0050756434
-1.682068e-08,-0.0050677447
-1.672068e-08,-0.0050512293
-1.662068e-08,-0.0050296875
-1.652068e-08,-0.0050088637
-1.642068e-08,-0.0049937845
-1.632068e-08,-0.0049858858
-1.622068e-08,-0.0049837316
-1.612068e-08,-0.0049830136
-1.602068e-08,-0.0049801413
-1.592068e-08,-0.0049722426
-1.582068e-08,-0.0049607537
-1.572068e-08,-0.0049514189
-1.562068e-08,-0.0049499828
-1.552068e-08,-0.0049614717
-1.542068e-08,-0.0049837316
-1.532068e-08,-0.005011736
-1.522068e-08,-0.005035432
-1.512068e-08,-0.005046921
-1.502068e-08,-0.0050411765
-1.492068e-08,-0.0050210708
-1.482068e-08,-0.0049937845
-1.472068e-08,-0.0049708065
-1.462068e-08,-0.0049607537
-1.452068e-08,-0.0049664982
-1.442068e-08,-0.0049844497
-1.432068e-08,-0.0050081457
-1.422068e-08,-0.0050296875
-1.412068e-08,-0.0050433307
-1.402068e-08,-0.0050490751
-1.392068e-08,-0.0050505113
-1.382068e-08,-0.0050526654
-1.372068e-08,-0.0050584099
-1.362068e-08,-0.0050677447
-1.352068e-08,-0.0050792337
-1.342068e-08,-0.0050871324
-1.332068e-08,-0.0050900046
-1.322068e-08,-0.0050878504
-1.312068e-08,-0.0050821059
-1.302068e-08,-0.0050756434
-1.292068e-08,-0.005070617
-1.282068e-08,-0.0050677447
-1.272068e-08,-0.0050655905
-1.262068e-08,-0.0050641544
-1.252068e-08,-0.0050634364
-1.242068e-08,-0.0050663086
-1.232068e-08,-0.0050742073
-1.222068e-08,-0.0050871324
-1.212068e-08,-0.0051022116
-1.202068e-08,-0.0051151367
-1.192068e-08,-0.005118727
-1.182068e-08,-0.0051101103
-1.172068e-08,-0.0050900046
-1.162068e-08,-0.0050634364
-1.152068e-08,-0.0050368681
-1.142068e-08,-0.0050181985
-1.132068e-08,-0.0050095818
-1.122068e-08,-0.0050095818
-1.112068e-08,-0.0050138902
-1.102068e-08,-0.0050181985
-1.092068e-08,-0.0050196347
-1.082068e-08,-0.0050181985
-1.072068e-08,-0.0050174805
-1.062068e-08,-0.0050181985
-1.052068e-08,-0.0050210708
-1.042068e-08,-0.0050225069
-1.032068e-08,-0.0050189166
-1.022068e-08,-0.0050067096
-1.012068e-08,-0.0049873219
-1.002068e-08,-0.004965062
-9.920682e-09,-0.0049463925
-9.820682e-09,-0.0049377757
-9.720682e-09,-0.0049399299
-9.620682e-09,-0.0049507008
-9.520682e-09,-0.0049636259
-9.420682e-09,-0.0049722426
-9.320682e-09,-0.0049743968
-9.220682e-09,-0.0049715246
-9.120682e-09,-0.0049693704
-9.020682e-09,-0.0049722426
-8.920682e-09,-0.0049830136
-8.820682e-09,-0.005000247
-8.720682e-09,-0.0050181985
-8.620682e-09,-0.0050296875
-8.520682e-09,-0.0050318417
-8.420682e-09,-0.005023943
-8.320682e-09,-0.0050095818
-8.220682e-09,-0.0049952206
-8.120682e-09,-0.0049837316
-8.020682e-09,-0.0049772691
-7.920682e-09,-0.0049736788
-7.820682e-09,-0.0049722426
-7.720682e-09,-0.0049708065
-7.620682e-09,-0.0049708065
-7.520682e-09,-0.0049751149
-7.420682e-09,-0.0049837316
-7.320682e-09,-0.0049973748
-7.220682e-09,-0.005012454
-7.120682e-09,-0.0050246611
-7.020682e-09,-0.0050296875
-6.920682e-09,-0.0050275333
-6.820682e-09,-0.0050189166
-6.720682e-09,-0.0050074276
-6.620682e-09,-0.0049952206
-6.520682e-09,-0.0049837316
-6.420682e-09,-0.0049708065
-6.320682e-09,-0.0049550092
-6.220682e-09,-0.0049377757
-6.120682e-09,-0.0049219784
-6.020682e-09,-0.0049140797
-5.920682e-09,-0.0049191062
-5.820682e-09,-0.0049377757
-5.720682e-09,-0.0049664982
-5.620682e-09,-0.0049952206
-5.520682e-09,-0.0050153263
-5.420682e-09,-0.0050181985
-5.320682e-09,-0.0050052734
-5.220682e-09,-0.0049830136
-5.120682e-09,-0.0049621898
-5.020682e-09,-0.0049492647
-4.920682e-09,-0.0049478286
-4.820682e-09,-0.0049542911
-4.720682e-09,-0.0049607537
-4.620682e-09,-0.0049607537
-4.520682e-09,-0.0049514189
-4.420682e-09,-0.0049377757
-4.320682e-09,-0.0049277229
-4.220682e-09,-0.0049262868
-4.120682e-09,-0.0049363396
-4.020682e-09,-0.0049535731
-3.920682e-09,-0.0049686523
-3.820682e-09,-0.0049722426
-3.720682e-09,-0.0049600356
-3.620682e-09,-0.0049334674
-3.520682e-09,-0.0048968463
-3.420682e-09,-0.0048573529
-3.320682e-09,-0.0048164235
-3.220682e-09,-0.0047719037
-3.120682e-09,-0.0047180492
-3.020682e-09,-0.0046505515
-2.920682e-09,-0.0045694106
-2.820682e-09,-0.004479653
-2.720682e-09,-0.0043891774
-2.620682e-09,-0.0043058824
-2.520682e-09,-0.004230486
-2.420682e-09,-0.0041565257
-2.320682e-09,-0.0040746668
-2.220682e-09,-0.0039727022
-2.120682e-09,-0.0038456055
-2.020682e-09,-0.0036955308
-1.920682e-09,-0.003531813
-1.820682e-09,-0.0033637868
-1.720682e-09,-0.0032000689
-1.620682e-09,-0.0030420956
-1.520682e-09,-0.0028848403
-1.420682e-09,-0.0027204044
-1.320682e-09,-0.0025444795
-1.220682e-09,-0.0023570657
-1.120682e-09,-0.0021639074
-1.020682e-09,-0.0019736213
-9.206819e-10,-0.00179267
-8.206819e-10,-0.0016224897
-7.206819e-10,-0.0014587718
-6.206819e-10,-0.0012957721
-5.206819e-10,-0.0011277459
-4.206819e-10,-0.00095253906
-3.206819e-10,-0.0007730239
-2.206819e-10,-0.00059494485
-1.206819e-10,-0.00042261029
-2.068189e-11,-0.00025745634
7.931811e-11,-9.8046875e-05
1.793181e-10,5.9926471e-05
2.793181e-10,0.00021718176
3.793181e-10,0.0003715648
4.793181e-10,0.00051661305
5.793181e-10,0.00064586397
6.793181e-10,0.00075500919
7.793181e-10,0.00084548483
8.793181e-10,0.00092447151
9.793181e-10,0.0010020221
1.079318e-09,0.0010860352
1.179318e-09,0.0011801011
1.279318e-09,0.0012813477
1.379318e-09,0.0013811581
1.479318e-09,0.0014701976
1.579318e-09,0.0015420037
1.679318e-09,0.0015951402
1.779318e-09,0.0016339154
1.879318e-09,0.001664792
1.979318e-09,0.0016949506
2.079318e-09,0.0017265453
2.179318e-09,0.0017602941
2.279318e-09,0.0017926068
2.379318e-09,0.0018213293
2.479318e-09,0.0018450253
2.579318e-09,0.0018636949
2.679318e-09,0.0018802102
2.779318e-09,0.0018974437
2.879318e-09,0.0019153952
2.979318e-09,0.0019326287
3.079318e-09,0.0019469899
3.179318e-09,0.0019556066
3.279318e-09,0.0019584789
3.379318e-09,0.0019556066
3.479318e-09,0.0019498621
3.579318e-09,0.0019448357
3.679318e-09,0.0019426815
3.779318e-09,0.0019441176
3.879318e-09,0.001948426
3.979318e-09,0.0019541705
4.079318e-09,0.001960633
4.179318e-09,0.0019670956
4.279318e-09,0.0019749943
4.379318e-09,0.0019850471
4.479318e-09,0.0019979722
4.579318e-09,0.0020130515
4.679318e-09,0.0020288488
4.779318e-09,0.002042492
4.879318e-09,0.0020532629
4.979318e-09,0.0020590074
5.079318e-09,0.0020604435
5.179318e-09,0.0020597254
5.279318e-09,0.0020582893
5.379318e-09,0.0020590074
5.479318e-09,0.0020633157
5.579318e-09,0.0020726505
5.679318e-09,0.0020870117
5.779318e-09,0.0021049632
5.879318e-09,0.0021250689
5.979318e-09,0.0021451746
6.079318e-09,0.00216169
6.179318e-09,0.0021738971
6.279318e-09,0.0021789235
6.379318e-09,0.0021774874
6.479318e-09,0.0021710248
6.579318e-09,0.0021624081
6.679318e-09,0.0021552275
6.779318e-09,0.0021523552
6.879318e-09,0.0021552275
6.979318e-09,0.0021624081
7.079318e-09,0.0021710248
7.179318e-09,0.0021774874
7.279318e-09,0.0021782054
7.379318e-09,0.0021738971
7.479318e-09,0.0021652803
7.579318e-09,0.0021559455
7.679318e-09,0.0021502011
7.779318e-09,0.0021509191
7.879318e-09,0.0021573817
7.979318e-09,0.0021681526
8.079318e-09,0.0021782054
8.179318e-09,0.002185386
8.279318e-09,0.0021875402
8.379318e-09,0.002184668
8.479318e-09,0.0021789235
8.579318e-09,0.0021738971
8.679318e-09,0.0021710248
8.779318e-09,0.0021703068
8.879318e-09,0.0021724609
8.979318e-09,0.0021738971
9.079318e-09,0.0021738971
9.179318e-09,0.0021703068
9.279318e-09,0.0021624081
9.379318e-09,0.0021509191
9.479318e-09,0.0021358398
9.579318e-09,0.0021186064
9.679318e-09,0.0020999368
9.779318e-09,0.0020819853
9.879318e-09,0.0020676241
9.979318e-09,0.0020590074
1.007932e-08,0.0020561351
1.017932e-08,0.0020590074
1.027932e-08,0.0020640338
1.037932e-08,0.002066906
1.047932e-08,0.002066188
1.057932e-08,0.0020590074
1.067932e-08,0.0020475184
1.077932e-08,0.0020338752
1.087932e-08,0.0020223863
1.097932e-08,0.0020130515
1.107932e-08,0.0020058709
1.117932e-08,0.0019972541
1.127932e-08,0.0019850471
1.137932e-08,0.0019670956
1.147932e-08,0.0019455538
1.157932e-08,0.00192473
1.167932e-08,0.0019074966
1.177932e-08,0.0018981618
1.187932e-08,0.0018952895
1.197932e-08,0.0018960076
1.207932e-08,0.0018938534
1.217932e-08,0.0018866728
1.227932e-08,0.0018730296
1.237932e-08,0.0018550781
1.247932e-08,0.0018385627
1.257932e-08,0.0018292279
1.267932e-08,0.0018285099
1.277932e-08,0.0018349724
1.287932e-08,0.0018450253
1.297932e-08,0.0018522059
1.307932e-08,0.001853642
1.317932e-08,0.0018478975
1.327932e-08,0.0018385627
1.337932e-08,0.0018292279
1.347932e-08,0.0018242015
1.357932e-08,0.0018256376
1.367932e-08,0.0018321002
1.377932e-08,0.0018407169
1.387932e-08,0.0018493336
1.397932e-08,0.0018557962
1.407932e-08,0.0018608226
1.417932e-08,0.0018636949
1.427932e-08,0.001865849
1.437932e-08,0.0018672852
1.447932e-08,0.0018665671
1.457932e-08,0.0018636949
1.467932e-08,0.0018593865
1.477932e-08,0.0018543601
1.487932e-08,0.0018522059
1.497932e-08,0.0018522059
1.507932e-08,0.0018543601
1.517932e-08,0.0018557962
1.527932e-08,0.0018522059
1.537932e-08,0.0018407169
1.547932e-08,0.0018213293
1.557932e-08,0.0017976333
1.567932e-08,0.0017753734
1.577932e-08,0.0017602941
1.587932e-08,0.0017552677
1.597932e-08,0.0017595761
1.607932e-08,0.0017674747
1.617932e-08,0.0017717831
1.627932e-08,0.0017660386
1.637932e-08,0.0017488051
1.647932e-08,0.0017215188
1.657932e-08,0.0016913603
1.667932e-08,0.0016655101
1.677932e-08,0.0016504308
1.687932e-08,0.0016482767
1.697932e-08,0.0016568934
1.707932e-08,0.0016705365
1.717932e-08,0.0016834616
1.727932e-08,0.0016913603
1.737932e-08,0.0016913603
1.747932e-08,0.0016856158
1.757932e-08,0.001675563
1.767932e-08,0.0016655101
1.777932e-08,0.0016568934
1.787932e-08,0.0016497128
1.797932e-08,0.0016425322
1.807932e-08,0.0016339154
1.817932e-08,0.0016224265
1.827932e-08,0.0016080653
1.837932e-08,0.001592986
1.847932e-08,0.0015779067
1.857932e-08,0.0015649816
1.867932e-08,0.0015556468
1.877932e-08,0.0015506204
1.887932e-08,0.001546312
1.897932e-08,0.0015420037
1.907932e-08,0.001534105
1.917932e-08,0.001521898
1.927932e-08,0.0015046645
1.937932e-08,0.0014845588
1.947932e-08,0.0014644531
1.957932e-08,0.0014472197
1.967932e-08,0.0014350126
1.977932e-08,0.001427114
1.987932e-08,0.0014213695
1.997932e-08,0.001415625
2.007932e-08,0.0014062902
2.017932e-08,0.0013926471
2.027932e-08,0.0013746955
2.037932e-08,0.001356026
2.047932e-08,0.0013380744
2.057932e-08,0.0013237132
2.067932e-08,0.0013136604
2.077932e-08,0.0013057617
2.087932e-08,0.0012985811
2.097932e-08,0.0012892463
2.107932e-08,0.0012777574
2.117932e-08,0.0012648323
2.127932e-08,0.0012526252
2.137932e-08,0.0012432904
2.147932e-08,0.001237546
2.157932e-08,0.0012368279
2.167932e-08,0.0012389821
2.177932e-08,0.0012432904
2.187932e-08,0.0012483169
2.197932e-08,0.0012540614
2.207932e-08,0.0012598058
2.217932e-08,0.0012662684
2.227932e-08,0.0012727309
2.237932e-08,0.0012770393
2.247932e-08,0.0012791935
2.257932e-08,0.0012777574
2.267932e-08,0.001273449
2.277932e-08,0.0012677045
2.287932e-08,0.0012648323
2.297932e-08,0.0012662684
2.307932e-08,0.001274167
2.317932e-08,0.0012885283
2.327932e-08,0.0013057617
2.337932e-08,0.0013237132
2.347932e-08,0.0013387925
2.357932e-08,0.0013495634
2.367932e-08,0.001356026
2.377932e-08,0.0013581801
2.387932e-08,0.0013588982
2.397932e-08,0.0013603343
2.407932e-08,0.0013639246
2.417932e-08,0.0013696691
2.427932e-08,0.0013775678
2.437932e-08,0.0013869026
2.447932e-08,0.0013962374
2.457932e-08,0.001404136
2.467932e-08,0.0014084444
2.477932e-08,0.0014077263
2.487932e-08,0.0014019818
2.497932e-08,0.0013926471
2.507932e-08,0.0013811581
2.517932e-08,0.0013725414
2.527932e-08,0.0013675149
2.537932e-08,0.0013696691
2.547932e-08,0.0013775678
2.557932e-08,0.0013883387
2.567932e-08,0.0013983915
2.577932e-08,0.001404136
2.587932e-08,0.001404136
2.597932e-08,0.0013991096
2.607932e-08,0.0013904929
2.617932e-08,0.0013811581
2.627932e-08,0.0013732594
2.637932e-08,0.0013667969
2.647932e-08,0.0013624885
2.657932e-08,0.0013581801
2.667932e-08,0.0013531537
2.677932e-08,0.0013466912
2.687932e-08,0.0013409467
2.697932e-08,0.0013352022
2.707932e-08,0.0013301758
2.717932e-08,0.0013258674
2.727932e-08,0.001320841
2.737932e-08,0.0013122243
2.747932e-08,0.0013007353
2.757932e-08,0.001285656
2.767932e-08,0.0012698587
2.777932e-08,0.0012547794
2.787932e-08,0.0012440085
2.797932e-08,0.001238264
2.807932e-08,0.001238264
2.817932e-08,0.0012432904
2.827932e-08,0.0012511891
2.837932e-08,0.0012598058
2.847932e-08,0.0012655503
2.857932e-08,0.0012662684
2.867932e-08,0.001261242
2.877932e-08,0.001249753
2.887932e-08,0.0012346737
2.897932e-08,0.0012203125
2.907932e-08,0.0012095416
2.917932e-08,0.0012052332
2.927932e-08,0.0012059513
2.937932e-08,0.0012088235
2.947932e-08,0.0012088235
2.957932e-08,0.0012016429
2.967932e-08,0.0011851275
2.977932e-08,0.0011628676
2.987932e-08,0.0011406078
2.997932e-08,0.0011255285
3.007932e-08,0.0011219382
3.017932e-08,0.0011284007
3.027932e-08,0.0011413258
3.037932e-08,0.0011520967
3.047932e-08,0.0011564051
3.057932e-08,0.0011513787
3.067932e-08,0.0011420439
3.077932e-08,0.0011334272
3.087932e-08,0.0011327091
3.097932e-08,0.0011398897
3.107932e-08,0.0011513787
3.117932e-08,0.0011585593
3.127932e-08,0.001155687
3.137932e-08,0.0011398897
3.147932e-08,0.0011161937
3.157932e-08,0.0010946519
3.167932e-08,0.0010853171
3.177932e-08,0.0010939338
3.187932e-08,0.0011169118
3.197932e-08,0.0011456342
3.207932e-08,0.0011678941
3.217932e-08,0.0011743566
3.227932e-08,0.0011643038
3.237932e-08,0.0011449161
3.247932e-08,0.0011262466
3.257932e-08,0.0011169118
3.267932e-08,0.0011205021
3.277932e-08,0.0011334272
3.287932e-08,0.0011463523
3.297932e-08,0.0011513787
3.307932e-08,0.0011470703
3.317932e-08,0.0011362994
3.327932e-08,0.0011276827
3.337932e-08,0.0011284007
3.347932e-08,0.0011398897
3.357932e-08,0.0011578412
3.367932e-08,0.0011722024
3.377932e-08,0.0011743566
3.387932e-08,0.0011614315
3.397932e-08,0.0011377355
3.407932e-08,0.0011118853
3.417932e-08,0.0010939338
3.427932e-08,0.0010874713
3.437932e-08,0.0010910616
3.447932e-08,0.0010953699
3.457932e-08,0.0010939338
3.467932e-08,0.0010810087
3.477932e-08,0.001060185
3.487932e-08,0.0010386432
3.497932e-08,0.001025
3.507932e-08,0.0010242819
3.517932e-08,0.0010357709
3.527932e-08,0.0010501321
3.537932e-08,0.0010594669
3.547932e-08,0.0010580308
3.557932e-08,0.0010451057
3.567932e-08,0.0010278722
3.577932e-08,0.001013511
3.587932e-08,0.0010077665
3.597932e-08,0.0010120749
3.607932e-08,0.0010199736
3.617932e-08,0.001025
3.627932e-08,0.0010228458
3.637932e-08,0.001012793
3.647932e-08,0.0010005859
3.657932e-08,0.00099053309
3.667932e-08,0.00098837891
3.677932e-08,0.00099268727
3.687932e-08,0.00099914982
3.697932e-08,0.0010020221
3.707932e-08,0.00099699563
3.717932e-08,0.00098407054
3.727932e-08,0.00096827321
3.737932e-08,0.00095606618
3.747932e-08,0.00095103975
3.757932e-08,0.00095463006
3.767932e-08,0.00096181066
3.777932e-08,0.00096755515
3.787932e-08,0.00096755515
3.797932e-08,0.00096181066
3.807932e-08,0.00095319393
3.817932e-08,0.00094457721
3.827932e-08,0.00093883272
3.837932e-08,0.00093596048
3.847932e-08,0.00093165211
3.857932e-08,0.00092159926
3.867932e-08,0.00090508387
3.877932e-08,0.00088426011
3.887932e-08,0.00086487247
3.897932e-08,0.00085266544
3.907932e-08,0.00085122932
3.917932e-08,0.00085840993
3.927932e-08,0.00086846278
3.937932e-08,0.00087564338
3.947932e-08,0.00087420726
3.957932e-08,0.00086343635
3.967932e-08,0.00084692096
3.977932e-08,0.0008296875
3.987932e-08,0.00081604435
3.997932e-08,0.00080814568
4.007932e-08,0.00080168313
4.017932e-08,0.00079522059
4.027932e-08,0.00078516774
4.037932e-08,0.00077152459
4.047932e-08,0.00075859949
4.057932e-08,0.00074926471
4.067932e-08,0.00074639246
4.077932e-08,0.00074854665
4.087932e-08,0.00075141889
4.097932e-08,0.00074926471
4.107932e-08,0.00073921186
4.117932e-08,0.00072054228
4.127932e-08,0.00069900046
4.137932e-08,0.00068033088
4.147932e-08,0.00066884191
4.157932e-08,0.00066596967
4.167932e-08,0.00066740579
4.177932e-08,0.00066884191
4.187932e-08,0.00066381549
4.197932e-08,0.0006508904
4.207932e-08,0.00063222082
4.217932e-08,0.00061139706
4.227932e-08,0.00059488166
4.237932e-08,0.00058626494
4.247932e-08,0.00058554688
4.257932e-08,0.00058841912
4.267932e-08,0.00059129136
4.277932e-08,0.00058985524
4.287932e-08,0.00058411075
4.297932e-08,0.00057693015
4.307932e-08,0.00057118566
4.317932e-08,0.00056903148
4.327932e-08,0.00057190372
4.337932e-08,0.00057693015
4.347932e-08,0.00058052045
4.357932e-08,0.00057836627
4.367932e-08,0.00056974954
4.377932e-08,0.00055395221
4.387932e-08,0.00053528263
4.397932e-08,0.00051948529
4.407932e-08,0.00050943244
4.417932e-08,0.00050799632
4.427932e-08,0.00051445887
4.437932e-08,0.00052594784
4.447932e-08,0.00053671875
4.457932e-08,0.00054246324
4.467932e-08,0.00053959099
4.477932e-08,0.00052810202
4.487932e-08,0.00051230469
4.497932e-08,0.00049650735
4.507932e-08,0.00048717256
4.517932e-08,0.00048717256
4.527932e-08,0.00049578929
4.537932e-08,0.00050799632
4.547932e-08,0.00051804917
4.557932e-08,0.00051948529
4.567932e-08,0.00051158663
4.577932e-08,0.00049650735
4.587932e-08,0.00048142808
4.597932e-08,0.00047496553
4.607932e-08,0.00047999196
4.617932e-08,0.00049650735
4.627932e-08,0.00051876723
4.637932e-08,0.00053743681
4.647932e-08,0.00054605354
4.657932e-08,0.00054246324
4.667932e-08,0.00052953814
4.677932e-08,0.00051517693
4.687932e-08,0.0005065602
4.697932e-08,0.00050799632
4.707932e-08,0.00051804917
4.717932e-08,0.00053097426
4.727932e-08,0.00054030905
4.737932e-08,0.00054246324
4.747932e-08,0.00053887293
4.757932e-08,0.00053456457
4.767932e-08,0.00053528263
4.777932e-08,0.00054246324
4.787932e-08,0.00055323415
4.797932e-08,0.00055969669
4.807932e-08,0.00055323415
4.817932e-08,0.00053097426
4.827932e-08,0.00049650735
4.837932e-08,0.00046060432
4.847932e-08,0.00043475414
4.857932e-08,0.00042757353
4.867932e-08,0.00043978056
4.877932e-08,0.00046347656
4.887932e-08,0.00048573644
4.897932e-08,0.00049650735
4.907932e-08,0.00049076287
4.917932e-08,0.00047209329
4.927932e-08,0.00045198759
4.937932e-08,0.0004390625
4.947932e-08,0.00043978056
4.957932e-08,0.00045126953
4.967932e-08,0.00046634881
4.977932e-08,0.00047352941
4.987932e-08,0.00046778493
4.997932e-08,0.00044911535
5.007932e-08,0.00042541935
5.017932e-08,0.00040459559
5.027932e-08,0.00039454274
5.037932e-08,0.00039454274
5.047932e-08,0.00040028722
5.057932e-08,0.00040459559
5.067932e-08,0.00040100528
5.077932e-08,0.00038879825
5.087932e-08,0.00037228286
5.097932e-08,0.00035863971
5.107932e-08,0.00035289522
5.117932e-08,0.00035648552
5.127932e-08,0.00036438419
5.137932e-08,0.00037012868
5.147932e-08,0.00036653837
5.157932e-08,0.00035217716
5.167932e-08,0.00032848116
5.177932e-08,0.00030119485
5.187932e-08,0.00027534467
5.197932e-08,0.00025380285
5.207932e-08,0.00023656939
5.217932e-08,0.00022077206
5.227932e-08,0.00020569278
5.237932e-08,0.00019133157
5.247932e-08,0.0001798426
5.257932e-08,0.00017481618
5.267932e-08,0.0001762523
5.277932e-08,0.00018199678
5.287932e-08,0.00018774127
5.297932e-08,0.00018630515
5.307932e-08,0.00017553424
5.317932e-08,0.00015471048
5.327932e-08,0.00012957835
5.337932e-08,0.00010588235
5.347932e-08,8.8648897e-05
5.357932e-08,8.075023e-05
5.367932e-08,8.0032169e-05
5.377932e-08,8.2904412e-05
5.387932e-08,8.4340533e-05
5.397932e-08,8.2904412e-05
5.407932e-08,7.7877987e-05
5.417932e-08,7.1415441e-05
5.427932e-08,6.4952895e-05
5.437932e-08,5.920841e-05
5.447932e-08,5.4181985e-05
5.457932e-08,4.84375e-05
5.467932e-08,4.2693015e-05
5.477932e-08,3.766659e-05
5.487932e-08,3.5512408e-05
5.497932e-08,3.6948529e-05
5.507932e-08,4.1974954e-05
5.517932e-08,4.7001379e-05
5.527932e-08,5.0591682e-05
5.537932e-08,4.84375e-05
5.547932e-08,4.1256893e-05
5.557932e-08,3.2640165e-05
5.567932e-08,2.6177619e-05
5.577932e-08,2.5459559e-05
5.587932e-08,3.2640165e-05
5.597932e-08,4.5565257e-05
5.607932e-08,5.9926471e-05
5.617932e-08,7.1415441e-05
5.627932e-08,7.7159926e-05
5.637932e-08,7.7877987e-05
5.647932e-08,7.5005744e-05
5.657932e-08,7.1415441e-05
5.667932e-08,6.9261259e-05
5.677932e-08,6.997932e-05
5.687932e-08,7.0697381e-05
5.697932e-08,7.1415441e-05
5.707932e-08,7.2133502e-05
5.717932e-08,7.3569623e-05
5.727932e-08,7.7877987e-05
5.737932e-08,8.2904412e-05
5.747932e-08,8.7212776e-05
5.757932e-08,8.7212776e-05
5.767932e-08,7.8596048e-05
5.777932e-08,5.9926471e-05
5.787932e-08,3.4076287e-05
5.797932e-08,6.071921e-06
5.807932e-08,-1.690602e-05
5.817932e-08,-3.1985294e-05
5.827932e-08,-3.844784e-05
5.837932e-08,-4.0602022e-05
5.847932e-08,-4.4910386e-05
5.857932e-08,-5.4963235e-05
5.867932e-08,-7.2196691e-05
5.877932e-08,-9.3738511e-05
5.887932e-08,-0.00011240809
5.897932e-08,-0.00012389706
5.907932e-08,-0.00012820542
5.917932e-08,-0.00012892348
5.927932e-08,-0.00013323185
5.937932e-08,-0.000146875
5.947932e-08,-0.00017272518
5.957932e-08,-0.00020647403
5.967932e-08,-0.00024309513
5.977932e-08,-0.00027325368
5.987932e-08,-0.00029335937
5.997932e-08,-0.00030269416
6.007932e-08,-0.00030556641
6.017932e-08,-0.00030772059
6.027932e-08,-0.00031346507
6.037932e-08,-0.00032279986
6.047932e-08,-0.00033357077
6.057932e-08,-0.0003421875
6.067932e-08,-0.0003457778
6.077932e-08,-0.0003457778
6.087932e-08,-0.00034290556
6.097932e-08,-0.0003421875
6.107932e-08,-0.00034434168
6.117932e-08,-0.00034936811
6.127932e-08,-0.00035295841
6.137932e-08,-0.00035367647
6.147932e-08,-0.00035008617
6.157932e-08,-0.00034362362
6.167932e-08,-0.00034003332
6.177932e-08,-0.0003421875
6.187932e-08,-0.00035152229
6.197932e-08,-0.0003658835
6.207932e-08,-0.00037952665
6.217932e-08,-0.00038814338
6.227932e-08,-0.00038886144
6.237932e-08,-0.00038311696
6.247932e-08,-0.00037737247
6.257932e-08,-0.00037665441
6.267932e-08,-0.00038527114
6.277932e-08,-0.00040322266
6.287932e-08,-0.00042548254
6.297932e-08,-0.00044558824
6.307932e-08,-0.00045779527
6.317932e-08,-0.00045923139
6.327932e-08,-0.00045420496
6.337932e-08,-0.00044558824
6.347932e-08,-0.00043984375
6.357932e-08,-0.00044056181
6.367932e-08,-0.00044702436
6.377932e-08,-0.00045707721
6.387932e-08,-0.00046856618
6.397932e-08,-0.00047933709
6.407932e-08,-0.00049082606
6.417932e-08,-0.00050303309
6.427932e-08,-0.00051811236
6.437932e-08,-0.00053678194
6.447932e-08,-0.00055545152
6.457932e-08,-0.00057196691
6.467932e-08,-0.00058417394
6.477932e-08,-0.00059063649
6.487932e-08,-0.00059350873
6.497932e-08,-0.00059494485
6.507932e-08,-0.00059853516
6.517932e-08,-0.00060427964
6.527932e-08,-0.00061146025
6.537932e-08,-0.00061792279
6.547932e-08,-0.00062007698
6.557932e-08,-0.00061792279
6.567932e-08,-0.00061289637
6.577932e-08,-0.00060643382
6.587932e-08,-0.00060284352
6.597932e-08,-0.00060356158
6.607932e-08,-0.00060930607
6.617932e-08,-0.00061792279
6.627932e-08,-0.00062653952
6.637932e-08,-0.00063372013
6.647932e-08,-0.00063802849
6.657932e-08,-0.00064090074
6.667932e-08,-0.00064377298
6.677932e-08,-0.00064664522
6.687932e-08,-0.00065023552
6.697932e-08,-0.00065238971
6.707932e-08,-0.00065167165
6.717932e-08,-0.00064664522
6.727932e-08,-0.00063874655
6.737932e-08,-0.00062941176
6.747932e-08,-0.00062294922
6.757932e-08,-0.00062223116
6.767932e-08,-0.00062797564
6.777932e-08,-0.00064090074
6.787932e-08,-0.00065741613
6.797932e-08,-0.00067536765
6.807932e-08,-0.00068972886
6.817932e-08,-0.00069834559
6.827932e-08,-0.00070049977
6.837932e-08,-0.00069619141
6.847932e-08,-0.00068757468
6.857932e-08,-0.00067536765
6.867932e-08,-0.00066316062
6.877932e-08,-0.00065310777
6.887932e-08,-0.00064808134
6.897932e-08,-0.00065238971
6.907932e-08,-0.00066675092
6.917932e-08,-0.00069044692
6.927932e-08,-0.00072132353
6.937932e-08,-0.00075579044
6.947932e-08,-0.00078738511
6.957932e-08,-0.00081251723
6.967932e-08,-0.00082831457
6.977932e-08,-0.00083621324
6.987932e-08,-0.00083980354
6.997932e-08,-0.00084482996
7.007932e-08,-0.00085416475
7.017932e-08,-0.00087068015
7.027932e-08,-0.00089150391
7.037932e-08,-0.00091304573
7.047932e-08,-0.00092956112
7.057932e-08,-0.00093961397
7.067932e-08,-0.00094248621
7.077932e-08,-0.00094248621
7.087932e-08,-0.00094392233
7.097932e-08,-0.00095110294
7.107932e-08,-0.00096690028
7.117932e-08,-0.0009884421
7.127932e-08,-0.0010121381
7.137932e-08,-0.0010315257
7.147932e-08,-0.0010430147
7.157932e-08,-0.0010444508
7.167932e-08,-0.0010394244
7.177932e-08,-0.0010315257
7.187932e-08,-0.0010257812
7.197932e-08,-0.0010257812
7.207932e-08,-0.0010322438
7.217932e-08,-0.0010430147
7.227932e-08,-0.0010545037
7.237932e-08,-0.0010624023
7.247932e-08,-0.0010659926
7.257932e-08,-0.0010659926
7.267932e-08,-0.0010645565
7.277932e-08,-0.0010645565
7.287932e-08,-0.0010688649
7.297932e-08,-0.0010774816
7.307932e-08,-0.0010889706
7.317932e-08,-0.0010997415
7.327932e-08,-0.0011047679
7.337932e-08,-0.0011004596
7.347932e-08,-0.0010853803
7.357932e-08,-0.0010616843
7.367932e-08,-0.0010336799
7.377932e-08,-0.0010085478
7.387932e-08,-0.0009920324
7.397932e-08,-0.00098916016
7.407932e-08,-0.00099921301
7.417932e-08,-0.0010200368
7.427932e-08,-0.0010444508
7.437932e-08,-0.0010645565
7.447932e-08,-0.0010760455
7.457932e-08,-0.0010774816
7.467932e-08,-0.0010710191
7.477932e-08,-0.0010631204
7.487932e-08,-0.0010595301
7.497932e-08,-0.0010659926
7.507932e-08,-0.00108179
7.517932e-08,-0.0011033318
7.527932e-08,-0.0011234375
7.537932e-08,-0.0011349265
7.547932e-08,-0.0011349265
7.557932e-08,-0.0011248736
7.567932e-08,-0.0011105124
7.577932e-08,-0.0011004596
7.587932e-08,-0.0011011776
7.597932e-08,-0.0011148208
7.607932e-08,-0.0011399529
7.617932e-08,-0.0011693934
7.627932e-08,-0.0011945255
7.637932e-08,-0.0012096048
7.647932e-08,-0.001211759
7.657932e-08,-0.0012038603
7.667932e-08,-0.0011916533
7.677932e-08,-0.0011816004
7.687932e-08,-0.0011780101
7.697932e-08,-0.0011808824
7.707932e-08,-0.0011873449
7.717932e-08,-0.0011923713
7.727932e-08,-0.0011945255
7.737932e-08,-0.0011923713
7.747932e-08,-0.0011894991
7.757932e-08,-0.0011909352
7.767932e-08,-0.0011995519
7.777932e-08,-0.0012153493
7.787932e-08,-0.001236173
7.797932e-08,-0.0012555607
7.807932e-08,-0.0012684858
7.817932e-08,-0.0012727941
7.827932e-08,-0.0012684858
7.837932e-08,-0.001259869
7.847932e-08,-0.0012526884
7.857932e-08,-0.0012498162
7.867932e-08,-0.0012534065
7.877932e-08,-0.0012605871
7.887932e-08,-0.0012684858
7.897932e-08,-0.0012727941
7.907932e-08,-0.0012727941
7.917932e-08,-0.001271358
7.927932e-08,-0.0012699219
7.937932e-08,-0.0012727941
7.947932e-08,-0.0012806928
7.957932e-08,-0.0012914637
7.967932e-08,-0.0013015165
7.977932e-08,-0.001307261
7.987932e-08,-0.001306543
7.997932e-08,-0.0013015165
8.007932e-08,-0.0012964901
8.017932e-08,-0.0012957721
8.027932e-08,-0.0013036707
8.037932e-08,-0.0013201861
8.047932e-08,-0.001342446
8.057932e-08,-0.0013647059
8.067932e-08,-0.0013819393
8.077932e-08,-0.0013927102
8.087932e-08,-0.0013970186
8.097932e-08,-0.0013991728
8.107932e-08,-0.0014027631
8.117932e-08,-0.0014099437
8.127932e-08,-0.0014214327
8.137932e-08,-0.0014336397
8.147932e-08,-0.0014429745
8.157932e-08,-0.0014458467
8.167932e-08,-0.0014422564
8.177932e-08,-0.0014336397
8.187932e-08,-0.0014235869
8.197932e-08,-0.0014171243
8.207932e-08,-0.0014164062
8.217932e-08,-0.0014221507
8.227932e-08,-0.0014336397
8.237932e-08,-0.0014480009
8.247932e-08,-0.0014637983
8.257932e-08,-0.0014795956
8.267932e-08,-0.0014939568
8.277932e-08,-0.0015076
8.287932e-08,-0.0015183709
8.297932e-08,-0.0015255515
8.307932e-08,-0.0015277057
8.317932e-08,-0.0015233973
8.327932e-08,-0.0015140625
8.337932e-08,-0.0015025735
8.347932e-08,-0.0014932387
8.357932e-08,-0.0014910846
8.367932e-08,-0.0014982652
8.377932e-08,-0.0015140625
8.387932e-08,-0.0015363224
8.397932e-08,-0.0015600184
8.407932e-08,-0.0015801241
8.417932e-08,-0.0015944853
8.427932e-08,-0.0016016659
8.437932e-08,-0.001602384
8.447932e-08,-0.0015995117
8.457932e-08,-0.0015944853
8.467932e-08,-0.0015894589
8.477932e-08,-0.0015851505
8.487932e-08,-0.0015822783
8.497932e-08,-0.0015829963
8.507932e-08,-0.0015887408
8.517932e-08,-0.0016002298
8.527932e-08,-0.0016181813
8.537932e-08,-0.0016404412
8.547932e-08,-0.0016627011
8.557932e-08,-0.0016813706
8.567932e-08,-0.0016928596
8.577932e-08,-0.001697886
8.587932e-08,-0.0016986041
8.597932e-08,-0.0016986041
8.607932e-08,-0.0017021944
8.617932e-08,-0.001709375
8.627932e-08,-0.0017187098
8.637932e-08,-0.0017273265
8.647932e-08,-0.0017316349
8.657932e-08,-0.0017323529
8.667932e-08,-0.0017316349
8.677932e-08,-0.0017352252
8.687932e-08,-0.0017467142
8.697932e-08,-0.0017668199
8.707932e-08,-0.001791952
8.717932e-08,-0.001816366
8.727932e-08,-0.0018321634
8.737932e-08,-0.0018357537
8.747932e-08,-0.0018292911
8.757932e-08,-0.0018192383
8.767932e-08,-0.0018120577
8.777932e-08,-0.0018127757
8.787932e-08,-0.0018199563
8.797932e-08,-0.0018292911
8.807932e-08,-0.0018321634
8.817932e-08,-0.0018242647
8.827932e-08,-0.0018048771
8.837932e-08,-0.0017811811
8.847932e-08,-0.0017617934
8.857932e-08,-0.0017553309
8.867932e-08,-0.0017639476
8.877932e-08,-0.0017847714
8.887932e-08,-0.0018084674
8.897932e-08,-0.0018242647
8.907932e-08,-0.0018271369
8.917932e-08,-0.001816366
8.927932e-08,-0.0017976965
8.937932e-08,-0.0017783088
8.947932e-08,-0.0017646657
8.957932e-08,-0.0017589212
8.967932e-08,-0.0017574851
8.977932e-08,-0.0017553309
8.987932e-08,-0.0017495864
8.997932e-08,-0.0017388155
9.007932e-08,-0.0017280446
9.017932e-08,-0.001720864
9.027932e-08,-0.001721582
9.037932e-08,-0.0017301988
9.047932e-08,-0.0017438419
9.057932e-08,-0.0017553309
9.067932e-08,-0.0017610754
9.077932e-08,-0.0017589212
9.087932e-08,-0.0017517406
9.097932e-08,-0.0017438419
9.107932e-08,-0.0017402516
9.117932e-08,-0.0017431239
9.127932e-08,-0.0017531767
9.137932e-08,-0.0017668199
9.147932e-08,-0.001780463
9.157932e-08,-0.0017912339
9.167932e-08,-0.0017984145
9.177932e-08,-0.0018012868
9.187932e-08,-0.0018020048
9.197932e-08,-0.0018012868
9.207932e-08,-0.0018005687
9.217932e-08,-0.0018012868
9.227932e-08,-0.001804159
9.237932e-08,-0.0018099035
9.247932e-08,-0.0018178022
9.257932e-08,-0.0018242647
9.267932e-08,-0.0018249828
9.277932e-08,-0.001816366
9.287932e-08,-0.0017962603
9.297932e-08,-0.0017668199
9.307932e-08,-0.0017345071
9.317932e-08,-0.0017086569
9.327932e-08,-0.0016950138
9.337932e-08,-0.001697886
9.347932e-08,-0.0017129653
9.357932e-08,-0.001733071
9.367932e-08,-0.0017495864
9.377932e-08,-0.0017553309
9.387932e-08,-0.0017517406
9.397932e-08,-0.0017431239
9.407932e-08,-0.0017388155
9.417932e-08,-0.0017438419
9.427932e-08,-0.0017589212
9.437932e-08,-0.0017783088
9.447932e-08,-0.0017948242
9.457932e-08,-0.0018012868
9.467932e-08,-0.0017976965
9.477932e-08,-0.0017883617
9.487932e-08,-0.0017833352
9.497932e-08,-0.0017897978
9.507932e-08,-0.0018120577
9.517932e-08,-0.0018458065
9.527932e-08,-0.0018838637
9.537932e-08,-0.0019161765
9.547932e-08,-0.0019362822
9.557932e-08,-0.0019434628
9.567932e-08,-0.0019420267
9.577932e-08,-0.0019391544
9.587932e-08,-0.0019398725
9.597932e-08,-0.0019470531
9.607932e-08,-0.0019592601
9.617932e-08,-0.0019736213
9.627932e-08,-0.0019887006
9.637932e-08,-0.0020044979
9.647932e-08,-0.0020217314
9.657932e-08,-0.0020425551
9.667932e-08,-0.002064097
9.677932e-08,-0.0020820485
9.687932e-08,-0.0020913833
9.697932e-08,-0.002088511
9.707932e-08,-0.0020748679
9.717932e-08,-0.0020554802
9.727932e-08,-0.0020389648
9.737932e-08,-0.0020310662
9.747932e-08,-0.0020346565
9.757932e-08,-0.0020454274
9.767932e-08,-0.0020583525
9.777932e-08,-0.0020655331
9.787932e-08,-0.0020655331
9.797932e-08,-0.0020619428
9.807932e-08,-0.0020597886
9.817932e-08,-0.0020655331
9.827932e-08,-0.0020813304
9.837932e-08,-0.0021028722
9.847932e-08,-0.0021229779
9.857932e-08,-0.0021344669
9.867932e-08,-0.0021337489
9.877932e-08,-0.0021215418
9.887932e-08,-0.0021043084
9.897932e-08,-0.002088511
9.907932e-08,-0.0020777401
9.917932e-08,-0.0020719956
9.927932e-08,-0.0020655331
9.937932e-08,-0.0020540441
9.947932e-08,-0.0020360926
9.957932e-08,-0.0020159869
9.967932e-08,-0.0020001896
9.977932e-08,-0.0019965993
9.987932e-08,-0.0020080882
9.997932e-08,-0.0020317842
1.000793e-07,-0.0020583525
1.001793e-07,-0.0020770221
1.002793e-07,-0.0020806124
1.003793e-07,-0.0020684053
1.004793e-07,-0.0020447093
1.005793e-07,-0.0020195772
1.006793e-07,-0.0020001896
1.007793e-07,-0.0019915728
1.008793e-07,-0.0019922909
1.009793e-07,-0.0019965993
1.010793e-07,-0.0019987534
1.011793e-07,-0.0019965993
1.012793e-07,-0.0019901367
1.013793e-07,-0.0019851103
1.014793e-07,-0.0019858284
1.015793e-07,-0.0019944451
1.016793e-07,-0.0020109605
1.017793e-07,-0.0020310662
1.018793e-07,-0.0020497358
1.019793e-07,-0.0020633789
1.020793e-07,-0.0020719956
1.021793e-07,-0.0020770221
1.022793e-07,-0.0020813304
1.023793e-07,-0.0020863568
1.024793e-07,-0.0020935375
1.025793e-07,-0.0021
1.026793e-07,-0.0021057445
1.027793e-07,-0.0021107709
1.028793e-07,-0.0021157973
1.029793e-07,-0.0021229779
1.030793e-07,-0.0021344669
1.031793e-07,-0.0021495462
1.032793e-07,-0.0021660616
1.033793e-07,-0.0021804228
1.034793e-07,-0.0021904756
1.035793e-07,-0.002194784
1.036793e-07,-0.0021940659
1.037793e-07,-0.0021919118
1.038793e-07,-0.0021911937
1.039793e-07,-0.002194784
1.040793e-07,-0.0022034007
1.041793e-07,-0.0022148897
1.042793e-07,-0.0022285329
1.043793e-07,-0.002241458
1.044793e-07,-0.0022522289
1.045793e-07,-0.0022608456
1.046793e-07,-0.0022665901
1.047793e-07,-0.0022716165
1.048793e-07,-0.0022766429
1.049793e-07,-0.0022838235
1.050793e-07,-0.0022953125
1.051793e-07,-0.0023111098
1.052793e-07,-0.0023312155
1.053793e-07,-0.0023527574
1.054793e-07,-0.0023714269
1.055793e-07,-0.002384352
1.056793e-07,-0.0023893784
1.057793e-07,-0.0023872243
1.058793e-07,-0.0023829159
1.059793e-07,-0.0023829159
1.060793e-07,-0.0023915326
1.061793e-07,-0.0024102022
1.062793e-07,-0.0024374885
1.063793e-07,-0.0024676471
1.064793e-07,-0.0024942153
1.065793e-07,-0.0025136029
1.066793e-07,-0.0025243739
1.067793e-07,-0.0025301183
1.068793e-07,-0.0025329906
1.069793e-07,-0.0025365809
1.070793e-07,-0.0025416073
1.071793e-07,-0.0025473518
1.072793e-07,-0.002549506
1.073793e-07,-0.0025480699
1.074793e-07,-0.0025444795
1.075793e-07,-0.0025423254
1.076793e-07,-0.0025466337
1.077793e-07,-0.0025595588
1.078793e-07,-0.0025789465
1.079793e-07,-0.0025990522
1.080793e-07,-0.0026134134
1.081793e-07,-0.0026170037
1.082793e-07,-0.002609105
1.083793e-07,-0.0025933077
1.084793e-07,-0.0025782284
1.085793e-07,-0.0025710478
1.086793e-07,-0.0025746381
1.087793e-07,-0.0025875632
1.088793e-07,-0.0026040786
1.089793e-07,-0.0026170037
1.090793e-07,-0.0026227482
1.091793e-07,-0.002621312
1.092793e-07,-0.0026177217
1.093793e-07,-0.0026170037
1.094793e-07,-0.0026234662
1.095793e-07,-0.0026385455
1.096793e-07,-0.0026572151
1.097793e-07,-0.0026744485
1.098793e-07,-0.0026852194
1.099793e-07,-0.0026888097
1.100793e-07,-0.0026873736
1.101793e-07,-0.0026859375
1.102793e-07,-0.0026880917
1.103793e-07,-0.0026959903
1.104793e-07,-0.0027081974
1.105793e-07,-0.0027204044
1.106793e-07,-0.0027290211
1.107793e-07,-0.0027318934
1.108793e-07,-0.0027318934
1.109793e-07,-0.0027318934
1.110793e-07,-0.0027369198
1.111793e-07,-0.0027498449
1.112793e-07,-0.0027685145
1.113793e-07,-0.0027893382
1.114793e-07,-0.0028065717
1.115793e-07,-0.0028166245
1.116793e-07,-0.0028180607
1.117793e-07,-0.0028123162
1.118793e-07,-0.0028029814
1.119793e-07,-0.0027943647
1.120793e-07,-0.0027893382
1.121793e-07,-0.0027893382
1.122793e-07,-0.0027929285
1.123793e-07,-0.0027993911
1.124793e-07,-0.0028058536
1.125793e-07,-0.0028123162
1.126793e-07,-0.0028187787
1.127793e-07,-0.0028245232
1.128793e-07,-0.0028302677
1.129793e-07,-0.0028352941
1.130793e-07,-0.0028388844
1.131793e-07,-0.0028410386
1.132793e-07,-0.0028396025
1.133793e-07,-0.0028352941
1.134793e-07,-0.0028273955
1.135793e-07,-0.0028166245
1.136793e-07,-0.0028036994
1.137793e-07,-0.0027893382
1.138793e-07,-0.0027756951
1.139793e-07,-0.0027642061
1.140793e-07,-0.0027570255
1.141793e-07,-0.0027548713
1.142793e-07,-0.0027584616
1.143793e-07,-0.0027670784
1.144793e-07,-0.0027778493
1.145793e-07,-0.0027893382
1.146793e-07,-0.0027993911
1.147793e-07,-0.0028051356
1.148793e-07,-0.0028058536
1.149793e-07,-0.0028008272
1.150793e-07,-0.0027900563
1.151793e-07,-0.002774977
1.152793e-07,-0.0027584616
1.153793e-07,-0.0027433824
1.154793e-07,-0.0027333295
1.155793e-07,-0.0027304573
1.156793e-07,-0.0027347656
1.157793e-07,-0.0027433824
1.158793e-07,-0.0027527171
1.159793e-07,-0.0027591797
1.160793e-07,-0.0027598977
1.161793e-07,-0.0027548713
1.162793e-07,-0.0027476907
1.163793e-07,-0.0027433824
1.164793e-07,-0.0027448185
1.165793e-07,-0.0027548713
1.166793e-07,-0.0027713867
1.167793e-07,-0.0027907744
1.168793e-07,-0.0028087259
1.169793e-07,-0.0028238051
1.170793e-07,-0.0028360122
1.171793e-07,-0.002846065
1.172793e-07,-0.002857554
1.173793e-07,-0.002869761
1.174793e-07,-0.00288125
1.175793e-07,-0.0028905848
1.176793e-07,-0.002893457
1.177793e-07,-0.002892739
1.178793e-07,-0.0028905848
1.179793e-07,-0.0028913028
1.180793e-07,-0.0028999196
1.181793e-07,-0.0029157169
1.182793e-07,-0.0029351045
1.183793e-07,-0.0029501838
1.184793e-07,-0.0029559283
1.185793e-07,-0.0029501838
1.186793e-07,-0.0029358226
1.187793e-07,-0.0029214614
1.188793e-07,-0.002916435
1.189793e-07,-0.0029272059
1.190793e-07,-0.002952338
1.191793e-07,-0.0029853688
1.192793e-07,-0.0030140912
1.193793e-07,-0.0030306066
1.194793e-07,-0.0030291705
1.195793e-07,-0.0030133732
1.196793e-07,-0.0029918313
1.197793e-07,-0.0029731618
1.198793e-07,-0.002964545
1.199793e-07,-0.0029666992
1.200793e-07,-0.002976034
1.201793e-07,-0.0029846507
1.202793e-07,-0.0029889591
1.203793e-07,-0.002987523
1.204793e-07,-0.0029846507
1.205793e-07,-0.0029846507
1.206793e-07,-0.0029925494
1.207793e-07,-0.0030076287
1.208793e-07,-0.0030262983
1.209793e-07,-0.0030420956
1.210793e-07,-0.0030485581
1.211793e-07,-0.0030428136
1.212793e-07,-0.0030277344
1.213793e-07,-0.0030076287
1.214793e-07,-0.002988241
1.215793e-07,-0.0029731618
1.216793e-07,-0.0029652631
1.217793e-07,-0.0029616728
1.218793e-07,-0.0029616728
1.219793e-07,-0.002963827
1.220793e-07,-0.0029674173
1.221793e-07,-0.0029731618
1.222793e-07,-0.0029810604
1.223793e-07,-0.0029911133
1.224793e-07,-0.0030004481
1.225793e-07,-0.0030076287
1.226793e-07,-0.003011219
1.227793e-07,-0.003011937
1.228793e-07,-0.0030097829
1.229793e-07,-0.0030076287
1.230793e-07,-0.0030054745
1.231793e-07,-0.0030033203
1.232793e-07,-0.00299973
1.233793e-07,-0.0029961397
1.234793e-07,-0.0029925494
1.235793e-07,-0.0029925494
1.236793e-07,-0.0029968578
1.237793e-07,-0.0030076287
1.238793e-07,-0.0030219899
1.239793e-07,-0.003034915
1.240793e-07,-0.0030428136
1.241793e-07,-0.0030420956
1.242793e-07,-0.0030341969
1.243793e-07,-0.003023426
1.244793e-07,-0.0030169635
1.245793e-07,-0.0030191176
1.246793e-07,-0.0030320427
1.247793e-07,-0.0030521484
1.248793e-07,-0.0030729722
1.249793e-07,-0.0030880515
1.250793e-07,-0.0030930779
1.251793e-07,-0.0030887695
1.252793e-07,-0.0030808709
1.253793e-07,-0.0030765625
1.254793e-07,-0.0030801528
1.255793e-07,-0.003093796
1.256793e-07,-0.0031139017
1.257793e-07,-0.0031340074
1.258793e-07,-0.0031483686
1.259793e-07,-0.0031548311
1.260793e-07,-0.0031519589
1.261793e-07,-0.0031454963
1.262793e-07,-0.0031390338
1.263793e-07,-0.0031368796
1.264793e-07,-0.0031390338
1.265793e-07,-0.0031454963
1.266793e-07,-0.0031526769
1.267793e-07,-0.0031569853
1.268793e-07,-0.0031584214
1.269793e-07,-0.0031569853
1.270793e-07,-0.003153395
1.271793e-07,-0.0031498047
1.272793e-07,-0.0031469324
1.273793e-07,-0.0031454963
1.274793e-07,-0.0031447783
1.275793e-07,-0.0031454963
1.276793e-07,-0.0031454963
1.277793e-07,-0.0031454963
1.278793e-07,-0.0031440602
1.279793e-07,-0.003141188
1.280793e-07,-0.0031368796
1.281793e-07,-0.0031340074
1.282793e-07,-0.0031340074
1.283793e-07,-0.0031390338
1.284793e-07,-0.0031505227
1.285793e-07,-0.0031684743
1.286793e-07,-0.0031900161
1.287793e-07,-0.0032101218
1.288793e-07,-0.0032266372
1.289793e-07,-0.0032374081
1.290793e-07,-0.0032424345
1.291793e-07,-0.0032445887
1.292793e-07,-0.0032460248
1.293793e-07,-0.0032488971
1.294793e-07,-0.0032517693
1.295793e-07,-0.0032524874
1.296793e-07,-0.003248179
1.297793e-07,-0.0032374081
1.298793e-07,-0.0032230469
1.299793e-07,-0.0032086857
1.300793e-07,-0.003200787
1.301793e-07,-0.0032029412
1.302793e-07,-0.0032144301
1.303793e-07,-0.0032316636
1.304793e-07,-0.0032488971
1.305793e-07,-0.003260386
1.306793e-07,-0.0032625402
1.307793e-07,-0.0032575138
1.308793e-07,-0.0032474609
1.309793e-07,-0.0032374081
1.310793e-07,-0.0032302275
1.311793e-07,-0.0032252011
1.312793e-07,-0.0032208927
1.313793e-07,-0.0032144301
1.314793e-07,-0.0032058134
1.315793e-07,-0.0031964786
1.316793e-07,-0.0031907341
1.317793e-07,-0.0031914522
1.318793e-07,-0.0032000689
1.319793e-07,-0.0032144301
1.320793e-07,-0.0032287914
1.321793e-07,-0.0032374081
1.322793e-07,-0.00323669
1.323793e-07,-0.0032259191
1.324793e-07,-0.0032094037
1.325793e-07,-0.0031914522
1.326793e-07,-0.0031792452
1.327793e-07,-0.0031749368
1.328793e-07,-0.0031799632
1.329793e-07,-0.0031914522
1.330793e-07,-0.0032065315
1.331793e-07,-0.0032223288
1.332793e-07,-0.00323669
1.333793e-07,-0.0032488971
1.334793e-07,-0.0032582318
1.335793e-07,-0.0032646944
1.336793e-07,-0.0032690028
1.337793e-07,-0.003271875
1.338793e-07,-0.0032747472
1.339793e-07,-0.0032804917
1.340793e-07,-0.0032912626
1.341793e-07,-0.0033063419
1.342793e-07,-0.0033250115
1.343793e-07,-0.003342963
1.344793e-07,-0.0033566062
1.345793e-07,-0.0033637868
1.346793e-07,-0.0033637868
1.347793e-07,-0.0033609145
1.348793e-07,-0.0033594784
1.349793e-07,-0.0033637868
1.350793e-07,-0.0033759938
1.351793e-07,-0.0033946634
1.352793e-07,-0.0034147691
1.353793e-07,-0.0034327206
1.354793e-07,-0.0034434915
1.355793e-07,-0.0034477999
1.356793e-07,-0.0034463637
1.357793e-07,-0.0034442096
1.358793e-07,-0.0034449276
1.359793e-07,-0.0034513902
1.360793e-07,-0.0034628791
1.361793e-07,-0.0034786765
1.362793e-07,-0.0034951919
1.363793e-07,-0.0035102711
1.364793e-07,-0.003520324
1.365793e-07,-0.0035246324
1.366793e-07,-0.0035224782
1.367793e-07,-0.0035145795
1.368793e-07,-0.0035023725
1.369793e-07,-0.0034901654
1.370793e-07,-0.0034808307
1.371793e-07,-0.0034765223
1.372793e-07,-0.0034765223
1.373793e-07,-0.0034786765
1.374793e-07,-0.0034772403
1.375793e-07,-0.0034671875
1.376793e-07,-0.0034477999
1.377793e-07,-0.0034212316
1.378793e-07,-0.0033960995
1.379793e-07,-0.0033803022
1.380793e-07,-0.0033810202
1.381793e-07,-0.0033982537
1.382793e-07,-0.00342554
1.383793e-07,-0.0034513902
1.384793e-07,-0.0034635972
1.385793e-07,-0.0034556985
1.386793e-07,-0.0034291303
1.387793e-07,-0.0033910731
1.388793e-07,-0.003354452
1.389793e-07,-0.0033293199
1.390793e-07,-0.0033199851
1.391793e-07,-0.0033235754
1.392793e-07,-0.0033329102
1.393793e-07,-0.0033408088
1.394793e-07,-0.003342963
1.395793e-07,-0.0033400908
1.396793e-07,-0.0033379366
1.397793e-07,-0.0033408088
1.398793e-07,-0.0033515797
1.399793e-07,-0.003366659
1.400793e-07,-0.0033810202
1.401793e-07,-0.0033867647
1.402793e-07,-0.0033817383
1.403793e-07,-0.0033680951
1.404793e-07,-0.0033522978
1.405793e-07,-0.0033408088
1.406793e-07,-0.0033393727
1.407793e-07,-0.0033472714
1.408793e-07,-0.0033609145
1.409793e-07,-0.0033752757
1.410793e-07,-0.0033867647
1.411793e-07,-0.0033960995
1.412793e-07,-0.0034061523
1.413793e-07,-0.0034212316
1.414793e-07,-0.0034434915
1.415793e-07,-0.0034700597
1.416793e-07,-0.0034951919
1.417793e-07,-0.0035131434
1.418793e-07,-0.0035196059
1.419793e-07,-0.0035138614
1.420793e-07,-0.0035023725
1.421793e-07,-0.0034901654
1.422793e-07,-0.0034829848
1.423793e-07,-0.0034837029
1.424793e-07,-0.0034908835
1.425793e-07,-0.0035016544
1.426793e-07,-0.0035131434
1.427793e-07,-0.0035239143
1.428793e-07,-0.0035354033
1.429793e-07,-0.0035476103
1.430793e-07,-0.0035598173
1.431793e-07,-0.0035698702
1.432793e-07,-0.0035748966
1.433793e-07,-0.0035705882
1.434793e-07,-0.0035583812
1.435793e-07,-0.0035411477
1.436793e-07,-0.0035246324
1.437793e-07,-0.0035131434
1.438793e-07,-0.0035095531
1.439793e-07,-0.0035124253
1.440793e-07,-0.0035188879
1.441793e-07,-0.0035246324
1.442793e-07,-0.0035289407
1.443793e-07,-0.003532531
1.444793e-07,-0.0035382755
1.445793e-07,-0.0035476103
1.446793e-07,-0.0035598173
1.447793e-07,-0.0035713063
1.448793e-07,-0.0035763327
1.449793e-07,-0.0035705882
1.450793e-07,-0.0035547909
1.451793e-07,-0.0035332491
1.452793e-07,-0.0035131434
1.453793e-07,-0.0035016544
1.454793e-07,-0.0035023725
1.455793e-07,-0.0035138614
1.456793e-07,-0.0035310949
1.457793e-07,-0.0035476103
1.458793e-07,-0.0035590993
1.459793e-07,-0.0035655618
1.460793e-07,-0.003567716
1.461793e-07,-0.0035705882
1.462793e-07,-0.0035748966
1.463793e-07,-0.003579923
1.464793e-07,-0.0035827953
1.465793e-07,-0.0035820772
1.466793e-07,-0.0035763327
1.467793e-07,-0.0035684341
1.468793e-07,-0.0035612534
1.469793e-07,-0.0035590993
1.470793e-07,-0.0035626896
1.471793e-07,-0.0035691521
1.472793e-07,-0.0035763327
1.473793e-07,-0.0035820772
1.474793e-07,-0.0035863856
1.475793e-07,-0.0035928481
1.476793e-07,-0.0036057732
1.477793e-07,-0.0036280331
1.478793e-07,-0.0036567555
1.479793e-07,-0.0036869141
1.480793e-07,-0.003709892
1.481793e-07,-0.0037199449
1.482793e-07,-0.0037156365
1.483793e-07,-0.0037019933
1.484793e-07,-0.0036854779
1.485793e-07,-0.003673989
1.486793e-07,-0.0036696806
1.487793e-07,-0.0036718348
1.488793e-07,-0.003674707
1.489793e-07,-0.003673989
1.490793e-07,-0.0036682445
1.491793e-07,-0.0036603458
1.492793e-07,-0.0036567555
1.493793e-07,-0.0036625
1.494793e-07,-0.0036790154
1.495793e-07,-0.0037019933
1.496793e-07,-0.0037228171
1.497793e-07,-0.0037314338
1.498793e-07,-0.0037242532
1.499793e-07,-0.0037034295
1.500793e-07,-0.0036754251
1.501793e-07,-0.003651011
1.502793e-07,-0.0036380859
1.503793e-07,-0.0036395221
1.504793e-07,-0.0036538833
1.505793e-07,-0.003673989
1.506793e-07,-0.0036948127
1.507793e-07,-0.0037120462
1.508793e-07,-0.0037242532
1.509793e-07,-0.0037314338
1.510793e-07,-0.0037343061
1.511793e-07,-0.0037321519
1.512793e-07,-0.0037235352
1.513793e-07,-0.0037084559
1.514793e-07,-0.0036890682
1.515793e-07,-0.0036696806
1.516793e-07,-0.0036553194
1.517793e-07,-0.003651011
1.518793e-07,-0.0036560375
1.519793e-07,-0.0036675264
1.520793e-07,-0.0036790154
1.521793e-07,-0.0036854779
1.522793e-07,-0.0036847599
1.523793e-07,-0.0036797335
1.524793e-07,-0.003674707
1.525793e-07,-0.003673989
1.526793e-07,-0.0036797335
1.527793e-07,-0.0036883502
1.528793e-07,-0.0036955308
1.529793e-07,-0.0036969669
1.530793e-07,-0.0036905044
1.531793e-07,-0.0036790154
1.532793e-07,-0.0036682445
1.533793e-07,-0.0036625
1.534793e-07,-0.0036639361
1.535793e-07,-0.0036696806
1.536793e-07,-0.003674707
1.537793e-07,-0.003673989
1.538793e-07,-0.0036653722
1.539793e-07,-0.003651011
1.540793e-07,-0.0036366498
1.541793e-07,-0.0036280331
1.542793e-07,-0.003626597
1.543793e-07,-0.0036316234
1.544793e-07,-0.0036373679
1.545793e-07,-0.0036395221
1.546793e-07,-0.0036344956
1.547793e-07,-0.0036244428
1.548793e-07,-0.0036129538
1.549793e-07,-0.0036050551
1.550793e-07,-0.003602901
1.551793e-07,-0.0036064913
1.552793e-07,-0.0036122358
1.553793e-07,-0.0036165441
1.554793e-07,-0.0036186983
1.555793e-07,-0.0036215705
1.556793e-07,-0.003627315
1.557793e-07,-0.0036395221
1.558793e-07,-0.0036567555
1.559793e-07,-0.0036754251
1.560793e-07,-0.0036905044
1.561793e-07,-0.0036969669
1.562793e-07,-0.0036955308
1.563793e-07,-0.0036897863
1.564793e-07,-0.0036847599
1.565793e-07,-0.0036854779
1.566793e-07,-0.0036919405
1.567793e-07,-0.0037005572
1.568793e-07,-0.0037070198
1.569793e-07,-0.0037084559
1.570793e-07,-0.0037063017
1.571793e-07,-0.0037055836
1.572793e-07,-0.0037127642
1.573793e-07,-0.0037314338
1.574793e-07,-0.0037580021
1.575793e-07,-0.0037852884
1.576793e-07,-0.0038018038
1.577793e-07,-0.0038003676
1.578793e-07,-0.0037802619
1.579793e-07,-0.0037493853
1.580793e-07,-0.0037177907
1.581793e-07,-0.0036969669
1.582793e-07,-0.0036912224
1.583793e-07,-0.003698403
1.584793e-07,-0.0037113281
1.585793e-07,-0.0037199449
1.586793e-07,-0.0037206629
1.587793e-07,-0.0037149184
1.588793e-07,-0.0037091739
1.589793e-07,-0.0037084559
1.590793e-07,-0.0037163545
1.591793e-07,-0.0037292796
1.592793e-07,-0.0037407686
1.593793e-07,-0.0037429228
1.594793e-07,-0.003733588
1.595793e-07,-0.0037156365
1.596793e-07,-0.0036969669
1.597793e-07,-0.0036854779
1.598793e-07,-0.0036854779
1.599793e-07,-0.0036955308
1.600793e-07,-0.0037091739
1.601793e-07,-0.0037199449
1.602793e-07,-0.0037242532
1.603793e-07,-0.0037235352
1.604793e-07,-0.0037242532
1.605793e-07,-0.0037314338
1.606793e-07,-0.0037479492
1.607793e-07,-0.0037716452
1.608793e-07,-0.0037953412
1.609793e-07,-0.0038118566
1.610793e-07,-0.0038176011
1.611793e-07,-0.0038132927
1.612793e-07,-0.0038053941
1.613793e-07,-0.0038003676
1.614793e-07,-0.0038025218
1.615793e-07,-0.0038111386
1.616793e-07,-0.0038233456
1.617793e-07,-0.0038348346
1.618793e-07,-0.0038448874
1.619793e-07,-0.0038556583
1.620793e-07,-0.0038707376
1.621793e-07,-0.0038922794
1.622793e-07,-0.0039181296
1.623793e-07,-0.0039432617
1.624793e-07,-0.0039590591
1.625793e-07,-0.0039612132
1.626793e-07,-0.0039497243
1.627793e-07,-0.0039324908
1.628793e-07,-0.0039181296
1.629793e-07,-0.0039152574
1.630793e-07,-0.0039245921
1.631793e-07,-0.0039411075
1.632793e-07,-0.0039561868
1.633793e-07,-0.0039612132
1.634793e-07,-0.0039547507
1.635793e-07,-0.0039403895
1.636793e-07,-0.0039289005
1.637793e-07,-0.0039267463
1.638793e-07,-0.0039375172
1.639793e-07,-0.0039554687
1.640793e-07,-0.003970548
1.641793e-07,-0.0039727022
1.642793e-07,-0.003958341
1.643793e-07,-0.0039296186
1.644793e-07,-0.0038965878
1.645793e-07,-0.0038693015
1.646793e-07,-0.0038542222
1.647793e-07,-0.00385135
1.648793e-07,-0.0038549403
1.649793e-07,-0.0038578125
1.650793e-07,-0.0038556583
1.651793e-07,-0.0038491958
1.652793e-07,-0.0038441693
1.653793e-07,-0.0038463235
1.654793e-07,-0.0038578125
1.655793e-07,-0.003875046
1.656793e-07,-0.0038929975
1.657793e-07,-0.0039037684
1.658793e-07,-0.0039044864
1.659793e-07,-0.0038973058
1.660793e-07,-0.003887971
1.661793e-07,-0.0038807904
1.662793e-07,-0.0038793543
1.663793e-07,-0.0038807904
1.664793e-07,-0.0038822266
1.665793e-07,-0.0038807904
1.666793e-07,-0.0038772001
1.667793e-07,-0.0038786363
1.668793e-07,-0.0038894072
1.669793e-07,-0.0039152574
1.670793e-07,-0.0039518784
1.671793e-07,-0.0039899357
1.672793e-07,-0.0040186581
1.673793e-07,-0.0040301471
1.674793e-07,-0.0040236845
1.675793e-07,-0.0040078872
1.676793e-07,-0.0039949621
1.677793e-07,-0.0039956801
1.678793e-07,-0.0040129136
1.679793e-07,-0.0040423541
1.680793e-07,-0.0040739488
1.681793e-07,-0.0040990809
1.682793e-07,-0.0041148782
1.683793e-07,-0.0041263672
1.684793e-07,-0.0041414465
1.685793e-07,-0.0041680147
1.686793e-07,-0.0042060719
1.687793e-07,-0.0042470014
1.688793e-07,-0.0042800322
1.689793e-07,-0.0042943934
1.690793e-07,-0.0042879308
1.691793e-07,-0.0042692613
1.692793e-07,-0.0042520278
1.693793e-07,-0.0042484375
1.694793e-07,-0.0042635168
1.695793e-07,-0.0042915211
1.696793e-07,-0.0043180894
1.697793e-07,-0.0043288603
1.698793e-07,-0.0043166533
1.699793e-07,-0.0042864947
1.700793e-07,-0.0042498736
1.701793e-07,-0.0042254596
1.702793e-07,-0.0042225873
1.703793e-07,-0.0042434111
1.704793e-07,-0.0042757238
1.705793e-07,-0.0043058824
1.706793e-07,-0.0043202436
1.707793e-07,-0.004313063
1.708793e-07,-0.004289367
1.709793e-07,-0.0042599265
1.710793e-07,-0.0042355124
1.711793e-07,-0.0042218693
1.712793e-07,-0.0042204331
1.713793e-07,-0.0042254596
1.714793e-07,-0.004231204
1.715793e-07,-0.0042347943
1.716793e-07,-0.0042355124
1.717793e-07,-0.0042369485
1.718793e-07,-0.0042398208
1.719793e-07,-0.004242693
1.720793e-07,-0.0042434111
1.721793e-07,-0.0042369485
1.722793e-07,-0.0042233054
1.723793e-07,-0.0042060719
1.724793e-07,-0.0041895565
1.725793e-07,-0.0041795037
1.726793e-07,-0.0041773495
1.727793e-07,-0.0041809398
1.728793e-07,-0.004183094
1.729793e-07,-0.0041795037
1.730793e-07,-0.0041680147
1.731793e-07,-0.0041522174
1.732793e-07,-0.0041385742
1.733793e-07,-0.0041335478
1.734793e-07,-0.0041392923
1.735793e-07,-0.0041514993
1.736793e-07,-0.0041637063
1.737793e-07,-0.0041680147
1.738793e-07,-0.0041622702
1.739793e-07,-0.004147909
1.740793e-07,-0.0041321117
1.741793e-07,-0.0041220588
1.742793e-07,-0.0041213408
1.743793e-07,-0.0041285214
1.744793e-07,-0.0041385742
1.745793e-07,-0.0041450368
1.746793e-07,-0.0041457548
1.747793e-07,-0.0041414465
1.748793e-07,-0.004135702
1.749793e-07,-0.0041335478
1.750793e-07,-0.0041349839
1.751793e-07,-0.0041378562
1.752793e-07,-0.0041385742
1.753793e-07,-0.0041335478
1.754793e-07,-0.004124213
1.755793e-07,-0.0041163143
1.756793e-07,-0.0041141602
1.757793e-07,-0.0041220588
1.758793e-07,-0.0041371381
1.759793e-07,-0.0041522174
1.760793e-07,-0.004160116
1.761793e-07,-0.0041565257
1.762793e-07,-0.0041443187
1.763793e-07,-0.0041321117
1.764793e-07,-0.0041306756
1.765793e-07,-0.0041450368
1.766793e-07,-0.0041744773
1.767793e-07,-0.0042089442
1.768793e-07,-0.0042369485
1.769793e-07,-0.0042484375
1.770793e-07,-0.0042434111
1.771793e-07,-0.004230486
1.772793e-07,-0.0042211512
1.773793e-07,-0.0042254596
1.774793e-07,-0.0042462833
1.775793e-07,-0.0042757238
1.776793e-07,-0.0043030101
1.777793e-07,-0.0043173713
1.778793e-07,-0.0043159352
1.779793e-07,-0.0043037282
1.780793e-07,-0.0042929573
1.781793e-07,-0.0042943934
1.782793e-07,-0.0043116268
1.783793e-07,-0.0043396312
1.784793e-07,-0.0043676356
1.785793e-07,-0.0043863051
1.786793e-07,-0.0043920496
1.787793e-07,-0.0043891774
1.788793e-07,-0.0043877413
1.789793e-07,-0.0043977941
1.790793e-07,-0.0044214901
1.791793e-07,-0.0044523667
1.792793e-07,-0.004478935
1.793793e-07,-0.0044897059
1.794793e-07,-0.0044810892
1.795793e-07,-0.0044602654
1.796793e-07,-0.0044394416
1.797793e-07,-0.004432261
1.798793e-07,-0.0044444681
1.799793e-07,-0.0044703182
1.800793e-07,-0.0044983226
1.801793e-07,-0.0045126838
1.802793e-07,-0.0045055032
1.803793e-07,-0.004479653
1.804793e-07,-0.0044466222
1.805793e-07,-0.0044207721
1.806793e-07,-0.0044135915
1.807793e-07,-0.0044250804
1.808793e-07,-0.0044473403
1.809793e-07,-0.0044667279
1.810793e-07,-0.0044731905
1.811793e-07,-0.0044631376
1.812793e-07,-0.0044423139
1.813793e-07,-0.0044207721
1.814793e-07,-0.004407847
1.815793e-07,-0.0044064108
1.816793e-07,-0.0044135915
1.817793e-07,-0.0044207721
1.818793e-07,-0.0044207721
1.819793e-07,-0.0044100011
1.820793e-07,-0.0043927677
1.821793e-07,-0.0043748162
1.822793e-07,-0.0043626091
1.823793e-07,-0.0043583008
1.824793e-07,-0.004360455
1.825793e-07,-0.0043633272
1.826793e-07,-0.0043633272
1.827793e-07,-0.0043597369
1.828793e-07,-0.0043547105
1.829793e-07,-0.0043518382
1.830793e-07,-0.0043525563
1.831793e-07,-0.0043554285
1.832793e-07,-0.0043561466
1.833793e-07,-0.0043518382
1.834793e-07,-0.0043410673
1.835793e-07,-0.0043281422
1.836793e-07,-0.0043180894
1.837793e-07,-0.0043173713
1.838793e-07,-0.0043274242
1.839793e-07,-0.0043453757
1.840793e-07,-0.0043640453
1.841793e-07,-0.0043748162
1.842793e-07,-0.0043755342
1.843793e-07,-0.0043669175
1.844793e-07,-0.0043568647
1.845793e-07,-0.0043518382
1.846793e-07,-0.0043561466
1.847793e-07,-0.0043690717
1.848793e-07,-0.004384869
1.849793e-07,-0.0043977941
1.850793e-07,-0.0044028205
1.851793e-07,-0.0043992302
1.852793e-07,-0.0043927677
1.853793e-07,-0.0043863051
1.854793e-07,-0.004384151
1.855793e-07,-0.0043855871
1.856793e-07,-0.0043870232
1.857793e-07,-0.0043863051
1.858793e-07,-0.0043819968
1.859793e-07,-0.0043755342
1.860793e-07,-0.004372662
1.861793e-07,-0.0043748162
1.862793e-07,-0.0043827148
1.863793e-07,-0.0043927677
1.864793e-07,-0.0043992302
1.865793e-07,-0.0043977941
1.866793e-07,-0.0043877413
1.867793e-07,-0.0043733801
1.868793e-07,-0.0043597369
1.869793e-07,-0.0043518382
1.870793e-07,-0.0043496841
1.871793e-07,-0.0043496841
1.872793e-07,-0.0043475299
1.873793e-07,-0.0043403493
1.874793e-07,-0.0043288603
1.875793e-07,-0.0043195255
1.876793e-07,-0.0043180894
1.877793e-07,-0.0043288603
1.878793e-07,-0.0043482479
1.879793e-07,-0.0043683536
1.880793e-07,-0.0043791245
1.881793e-07,-0.0043748162
1.882793e-07,-0.0043554285
1.883793e-07,-0.0043288603
1.884793e-07,-0.0043051643
1.885793e-07,-0.0042943934
1.886793e-07,-0.0042965476
1.887793e-07,-0.0043058824
1.888793e-07,-0.0043116268
1.889793e-07,-0.0043058824
1.890793e-07,-0.0042864947
1.891793e-07,-0.0042599265
1.892793e-07,-0.0042362305
1.893793e-07,-0.0042254596
1.894793e-07,-0.0042297679
1.895793e-07,-0.0042455653
1.896793e-07,-0.0042627987
1.897793e-07,-0.0042714154
1.898793e-07,-0.0042678251
1.899793e-07,-0.0042556181
1.900793e-07,-0.004242693
1.901793e-07,-0.0042369485
1.902793e-07,-0.0042412569
1.903793e-07,-0.0042513097
1.904793e-07,-0.0042599265
1.905793e-07,-0.0042599265
1.906793e-07,-0.0042505917
1.907793e-07,-0.0042355124
1.908793e-07,-0.0042247415
1.909793e-07,-0.0042254596
1.910793e-07,-0.0042383847
1.911793e-07,-0.0042563362
1.912793e-07,-0.0042706974
1.913793e-07,-0.0042714154
1.914793e-07,-0.0042570542
1.915793e-07,-0.0042333582
1.916793e-07,-0.0042118164
1.917793e-07,-0.0042024816
1.918793e-07,-0.0042089442
1.919793e-07,-0.0042276137
1.920793e-07,-0.0042477194
1.921793e-07,-0.0042599265
1.922793e-07,-0.0042606445
1.923793e-07,-0.0042527459
1.924793e-07,-0.0042455653
1.925793e-07,-0.0042484375
1.926793e-07,-0.0042627987
1.927793e-07,-0.0042836225
1.928793e-07,-0.0043008559
1.929793e-07,-0.0043058824
1.930793e-07,-0.0042958295
1.931793e-07,-0.0042771599
1.932793e-07,-0.0042620807
1.933793e-07,-0.0042599265
1.934793e-07,-0.0042757238
1.935793e-07,-0.004302292
1.936793e-07,-0.0043281422
1.937793e-07,-0.0043403493
1.938793e-07,-0.0043324506
1.939793e-07,-0.0043094727
1.940793e-07,-0.0042843405
1.941793e-07,-0.0042714154
1.942793e-07,-0.0042793141
1.943793e-07,-0.0043058824
1.944793e-07,-0.0043425034
1.945793e-07,-0.0043748162
1.946793e-07,-0.0043920496
1.947793e-07,-0.0043934858
1.948793e-07,-0.004384151
1.949793e-07,-0.0043748162
1.950793e-07,-0.0043733801
1.951793e-07,-0.0043812787
1.952793e-07,-0.0043920496
1.953793e-07,-0.0043977941
1.954793e-07,-0.0043920496
1.955793e-07,-0.0043755342
1.956793e-07,-0.0043547105
1.957793e-07,-0.0043403493
1.958793e-07,-0.0043381951
1.959793e-07,-0.004348966
1.960793e-07,-0.0043647633
1.961793e-07,-0.0043748162
1.962793e-07,-0.0043712259
1.963793e-07,-0.0043532744
1.964793e-07,-0.0043281422
1.965793e-07,-0.0043058824
1.966793e-07,-0.0042979837
1.967793e-07,-0.0043087546
1.968793e-07,-0.0043331687
1.969793e-07,-0.0043633272
1.970793e-07,-0.0043877413
1.971793e-07,-0.0043985122
1.972793e-07,-0.004396358
1.973793e-07,-0.0043863051
1.974793e-07,-0.0043755342
1.975793e-07,-0.0043712259
1.976793e-07,-0.0043755342
1.977793e-07,-0.0043863051
1.978793e-07,-0.0043977941
1.979793e-07,-0.0044056928
1.980793e-07,-0.0044056928
1.981793e-07,-0.0043977941
1.982793e-07,-0.0043834329
1.983793e-07,-0.0043669175
1.984793e-07,-0.0043511202
1.985793e-07,-0.0043403493
1.986793e-07,-0.0043381951
1.987793e-07,-0.0043475299
1.988793e-07,-0.0043683536
1.989793e-07,-0.0043977941
1.990793e-07,-0.0044301068
1.991793e-07,-0.0044581112
1.992793e-07,-0.0044753447
1.993793e-07,-0.0044782169
1.994793e-07,-0.0044696002
1.995793e-07,-0.0044545209
1.996793e-07,-0.0044401597
1.997793e-07,-0.004432261
1.998793e-07,-0.004432261
1.999793e-07,-0.0044372875
2.000793e-07,-0.0044423139
2.001793e-07,-0.00444375
2.002793e-07,-0.0044408778
2.003793e-07,-0.0044365694
2.004793e-07,-0.0044365694
2.005793e-07,-0.00444375
2.006793e-07,-0.0044581112
2.007793e-07,-0.0044760627
2.008793e-07,-0.0044918601
2.009793e-07,-0.0045011949
2.010793e-07,-0.004503349
2.011793e-07,-0.0045004768
2.012793e-07,-0.0044990407
2.013793e-07,-0.0045011949
2.014793e-07,-0.0045069393
2.015793e-07,-0.0045119658
2.016793e-07,-0.0045112477
2.017793e-07,-0.0045011949
2.018793e-07,-0.0044825253
2.019793e-07,-0.0044624196
2.020793e-07,-0.0044473403
2.021793e-07,-0.00444375
2.022793e-07,-0.0044523667
2.023793e-07,-0.0044681641
2.024793e-07,-0.0044832433
2.025793e-07,-0.0044897059
2.026793e-07,-0.0044846795
2.027793e-07,-0.0044710363
2.028793e-07,-0.004455239
2.029793e-07,-0.00444375
2.030793e-07,-0.0044387236
2.031793e-07,-0.0044380055
2.032793e-07,-0.0044372875
2.033793e-07,-0.004432261
2.034793e-07,-0.0044214901
2.035793e-07,-0.004408565
2.036793e-07,-0.0043992302
2.037793e-07,-0.0043977941
2.038793e-07,-0.0044049747
2.039793e-07,-0.0044150276
2.040793e-07,-0.0044222082
2.041793e-07,-0.0044207721
2.042793e-07,-0.0044092831
2.043793e-07,-0.0043913316
2.044793e-07,-0.0043740981
2.045793e-07,-0.0043633272
2.046793e-07,-0.004360455
2.047793e-07,-0.004361173
2.048793e-07,-0.0043597369
2.049793e-07,-0.0043518382
2.050793e-07,-0.004337477
2.051793e-07,-0.0043223977
2.052793e-07,-0.004313781
2.053793e-07,-0.0043173713
2.054793e-07,-0.0043324506
2.055793e-07,-0.0043518382
2.056793e-07,-0.0043647633
2.057793e-07,-0.0043633272
2.058793e-07,-0.0043460937
2.059793e-07,-0.0043195255
2.060793e-07,-0.0042951114
2.061793e-07,-0.0042829044
2.062793e-07,-0.0042872128
2.063793e-07,-0.0043030101
2.064793e-07,-0.0043202436
2.065793e-07,-0.0043288603
2.066793e-07,-0.0043231158
2.067793e-07,-0.0043058824
2.068793e-07,-0.0042850586
2.069793e-07,-0.0042714154
2.070793e-07,-0.0042699793
2.071793e-07,-0.004278596
2.072793e-07,-0.004290085
2.073793e-07,-0.0042943934
2.074793e-07,-0.0042864947
2.075793e-07,-0.0042685432
2.076793e-07,-0.0042484375
2.077793e-07,-0.0042369485
2.078793e-07,-0.0042405388
2.079793e-07,-0.0042592084
2.080793e-07,-0.0042850586
2.081793e-07,-0.0043058824
2.082793e-07,-0.004313781
2.083793e-07,-0.0043066004
2.084793e-07,-0.004289367
2.085793e-07,-0.0042714154
2.086793e-07,-0.0042613626
2.087793e-07,-0.0042642348
2.088793e-07,-0.0042771599
2.089793e-07,-0.0042943934
2.090793e-07,-0.0043087546
2.091793e-07,-0.0043173713
2.092793e-07,-0.0043188074
2.093793e-07,-0.0043173713
2.094793e-07,-0.0043166533
2.095793e-07,-0.0043195255
2.096793e-07,-0.0043238339
2.097793e-07,-0.0043288603
2.098793e-07,-0.0043317325
2.099793e-07,-0.0043324506
2.100793e-07,-0.0043346048
2.101793e-07,-0.0043403493
2.102793e-07,-0.0043518382
2.103793e-07,-0.0043676356
2.104793e-07,-0.004384869
2.105793e-07,-0.0043977941
2.106793e-07,-0.0044035386
2.107793e-07,-0.0044013844
2.108793e-07,-0.0043942038
2.109793e-07,-0.0043863051
2.110793e-07,-0.0043805607
2.111793e-07,-0.0043784065
2.112793e-07,-0.0043805607
2.113793e-07,-0.0043863051
2.114793e-07,-0.0043949219
2.115793e-07,-0.0044071289
2.116793e-07,-0.0044229262
2.117793e-07,-0.00444375
2.118793e-07,-0.0044660099
2.119793e-07,-0.0044853975
2.120793e-07,-0.0044976045
2.121793e-07,-0.0045011949
2.122793e-07,-0.0044961684
2.123793e-07,-0.0044875517
2.124793e-07,-0.0044803711
2.125793e-07,-0.0044782169
2.126793e-07,-0.0044818072
2.127793e-07,-0.0044875517
2.128793e-07,-0.004491142
2.129793e-07,-0.0044897059
2.130793e-07,-0.0044846795
2.131793e-07,-0.004479653
2.132793e-07,-0.0044803711
2.133793e-07,-0.0044897059
2.134793e-07,-0.0045062213
2.135793e-07,-0.0045227367
2.136793e-07,-0.0045306353
2.137793e-07,-0.0045241728
2.138793e-07,-0.004502631
2.139793e-07,-0.0044710363
2.140793e-07,-0.0044408778
2.141793e-07,-0.0044207721
2.142793e-07,-0.0044164637
2.143793e-07,-0.0044250804
2.144793e-07,-0.0044415958
2.145793e-07,-0.004455239
2.146793e-07,-0.0044609835
2.147793e-07,-0.0044588293
2.148793e-07,-0.0044509306
2.149793e-07,-0.00444375
2.150793e-07,-0.0044408778
2.151793e-07,-0.0044430319
2.152793e-07,-0.0044451861
2.153793e-07,-0.00444375
2.154793e-07,-0.0044358513
2.155793e-07,-0.0044222082
2.156793e-07,-0.004407847
2.157793e-07,-0.0043977941
2.158793e-07,-0.0043956399
2.159793e-07,-0.0043999483
2.160793e-07,-0.0044064108
2.161793e-07,-0.0044092831
2.162793e-07,-0.0044056928
2.163793e-07,-0.004396358
2.164793e-07,-0.0043877413
2.165793e-07,-0.0043863051
2.166793e-07,-0.0043970761
2.167793e-07,-0.0044207721
2.168793e-07,-0.0044502125
2.169793e-07,-0.0044782169
2.170793e-07,-0.0044954504
2.171793e-07,-0.0044983226
2.172793e-07,-0.0044868336
2.173793e-07,-0.0044667279
2.174793e-07,-0.0044459042
2.175793e-07,-0.004431543
2.176793e-07,-0.0044265165
2.177793e-07,-0.004432261
2.178793e-07,-0.0044459042
2.179793e-07,-0.0044638557
2.180793e-07,-0.0044832433
2.181793e-07,-0.0045011949
2.182793e-07,-0.0045155561
2.183793e-07,-0.0045248909
2.184793e-07,-0.004527045
2.185793e-07,-0.0045241728
2.186793e-07,-0.0045169922
2.187793e-07,-0.0045083755
2.188793e-07,-0.004502631
2.189793e-07,-0.0045011949
2.190793e-07,-0.0045040671
2.191793e-07,-0.0045083755
2.192793e-07,-0.0045126838
2.193793e-07,-0.0045126838
2.194793e-07,-0.0045098116
2.195793e-07,-0.0045062213
2.196793e-07,-0.0045062213
2.197793e-07,-0.0045126838
2.198793e-07,-0.004526327
2.199793e-07,-0.0045435604
2.200793e-07,-0.0045600758
2.201793e-07,-0.0045701287
2.202793e-07,-0.0045715648
2.203793e-07,-0.0045651023
2.204793e-07,-0.0045557675
2.205793e-07,-0.0045471507
2.206793e-07,-0.0045442785
2.207793e-07,-0.0045485869
2.208793e-07,-0.0045586397
2.209793e-07,-0.0045701287
2.210793e-07,-0.0045801815
2.211793e-07,-0.0045873621
2.212793e-07,-0.0045909524
2.213793e-07,-0.0045931066
2.214793e-07,-0.0045938247
2.215793e-07,-0.0045945427
2.216793e-07,-0.0045945427
2.217793e-07,-0.0045931066
2.218793e-07,-0.0045902344
2.219793e-07,-0.0045866441
2.220793e-07,-0.0045830538
2.221793e-07,-0.0045816176
2.222793e-07,-0.0045816176
2.223793e-07,-0.0045816176
2.224793e-07,-0.0045823357
2.225793e-07,-0.0045816176
2.226793e-07,-0.0045808996
2.227793e-07,-0.0045801815
2.228793e-07,-0.0045808996
2.229793e-07,-0.0045816176
2.230793e-07,-0.0045808996
2.231793e-07,-0.0045765912
2.232793e-07,-0.0045686926
2.233793e-07,-0.0045586397
2.234793e-07,-0.004550741
2.235793e-07,-0.0045485869
2.236793e-07,-0.0045557675
2.237793e-07,-0.0045701287
2.238793e-07,-0.004585926
2.239793e-07,-0.0045959789
2.240793e-07,-0.0045945427
2.241793e-07,-0.0045816176
2.242793e-07,-0.00456223
2.243793e-07,-0.0045449966
2.244793e-07,-0.0045392521
2.245793e-07,-0.0045471507
2.246793e-07,-0.0045658203
2.247793e-07,-0.0045873621
2.248793e-07,-0.0046024414
2.249793e-07,-0.0046045956
2.250793e-07,-0.0045952608
2.251793e-07,-0.0045808996
2.252793e-07,-0.0045708467
2.253793e-07,-0.0045701287
2.254793e-07,-0.0045787454
2.255793e-07,-0.0045895163
2.256793e-07,-0.0045966969
2.257793e-07,-0.0045931066
2.258793e-07,-0.0045808996
2.259793e-07,-0.0045672564
2.260793e-07,-0.0045615119
2.261793e-07,-0.0045701287
2.262793e-07,-0.0045916705
2.263793e-07,-0.0046189568
2.264793e-07,-0.0046412167
2.265793e-07,-0.0046505515
2.266793e-07,-0.004645525
2.267793e-07,-0.0046311638
2.268793e-07,-0.0046189568
2.269793e-07,-0.0046160846
2.270793e-07,-0.0046247013
2.271793e-07,-0.0046390625
2.272793e-07,-0.0046505515
2.273793e-07,-0.0046505515
2.274793e-07,-0.0046376264
2.275793e-07,-0.0046175207
2.276793e-07,-0.0045995692
2.277793e-07,-0.0045931066
2.278793e-07,-0.0046002872
2.279793e-07,-0.0046146484
2.280793e-07,-0.0046268555
2.281793e-07,-0.0046275735
2.282793e-07,-0.0046139304
2.283793e-07,-0.0045909524
2.284793e-07,-0.0045694106
2.285793e-07,-0.0045586397
2.286793e-07,-0.0045629481
2.287793e-07,-0.0045787454
2.288793e-07,-0.0045959789
2.289793e-07,-0.0046045956
2.290793e-07,-0.0046017233
2.291793e-07,-0.0045902344
2.292793e-07,-0.0045808996
2.293793e-07,-0.0045816176
2.294793e-07,-0.0045966969
2.295793e-07,-0.0046196749
2.296793e-07,-0.0046419347
2.297793e-07,-0.0046505515
2.298793e-07,-0.0046419347
2.299793e-07,-0.0046196749
2.300793e-07,-0.0045959789
2.301793e-07,-0.0045816176
2.302793e-07,-0.0045844899
2.303793e-07,-0.0046017233
2.304793e-07,-0.0046239832
2.305793e-07,-0.0046390625
2.306793e-07,-0.0046383444
2.307793e-07,-0.0046225471
2.308793e-07,-0.0045995692
2.309793e-07,-0.0045816176
2.310793e-07,-0.0045773093
2.311793e-07,-0.0045880802
2.312793e-07,-0.0046081859
2.313793e-07,-0.0046275735
2.314793e-07,-0.0046376264
2.315793e-07,-0.0046340361
2.316793e-07,-0.0046203929
2.317793e-07,-0.0046045956
2.318793e-07,-0.0045923886
2.319793e-07,-0.004585926
2.320793e-07,-0.0045837718
2.321793e-07,-0.0045816176
2.322793e-07,-0.0045765912
2.323793e-07,-0.0045679745
2.324793e-07,-0.0045607939
2.325793e-07,-0.0045586397
2.326793e-07,-0.0045643842
2.327793e-07,-0.004574437
2.328793e-07,-0.0045823357
2.329793e-07,-0.0045816176
2.330793e-07,-0.0045665384
2.331793e-07,-0.0045399701
2.332793e-07,-0.0045069393
2.333793e-07,-0.0044782169
2.334793e-07,-0.0044609835
2.335793e-07,-0.0044573932
2.336793e-07,-0.0044652918
2.337793e-07,-0.0044782169
2.338793e-07,-0.0044889878
2.339793e-07,-0.0044947323
2.340793e-07,-0.0044940142
2.341793e-07,-0.0044897059
2.342793e-07,-0.0044832433
2.343793e-07,-0.0044753447
2.344793e-07,-0.0044667279
2.345793e-07,-0.004455239
2.346793e-07,-0.0044423139
2.347793e-07,-0.0044308249
2.348793e-07,-0.0044229262
2.349793e-07,-0.0044207721
2.350793e-07,-0.0044236443
2.351793e-07,-0.0044293888
2.352793e-07,-0.0044329791
2.353793e-07,-0.004432261
2.354793e-07,-0.0044293888
2.355793e-07,-0.0044286707
2.356793e-07,-0.0044365694
2.357793e-07,-0.004455239
2.358793e-07,-0.0044832433
2.359793e-07,-0.0045119658
2.360793e-07,-0.0045320715
2.361793e-07,-0.0045356618
2.362793e-07,-0.0045205825
2.363793e-07,-0.0044925781
2.364793e-07,-0.0044631376
2.365793e-07,-0.00444375
2.366793e-07,-0.0044408778
2.367793e-07,-0.0044545209
2.368793e-07,-0.0044782169
2.369793e-07,-0.0045011949
2.370793e-07,-0.0045162741
2.371793e-07,-0.0045191464
2.372793e-07,-0.0045119658
2.373793e-07,-0.0045011949
2.374793e-07,-0.0044918601
2.375793e-07,-0.0044868336
2.376793e-07,-0.0044868336
2.377793e-07,-0.0044897059
2.378793e-07,-0.0044932962
2.379793e-07,-0.0044968865
2.380793e-07,-0.0044990407
2.381793e-07,-0.0045011949
2.382793e-07,-0.0045011949
2.383793e-07,-0.0044983226
2.384793e-07,-0.0044904239
2.385793e-07,-0.0044782169
2.386793e-07,-0.0044660099
2.387793e-07,-0.0044588293
2.388793e-07,-0.0044624196
2.389793e-07,-0.0044782169
2.390793e-07,-0.004503349
2.391793e-07,-0.0045313534
2.392793e-07,-0.0045514591
2.393793e-07,-0.0045586397
2.394793e-07,-0.0045521772
2.395793e-07,-0.0045370979
2.396793e-07,-0.0045213006
2.397793e-07,-0.0045126838
2.398793e-07,-0.0045134019
2.399793e-07,-0.0045213006
2.400793e-07,-0.0045306353
2.401793e-07,-0.0045356618
2.402793e-07,-0.0045356618
2.403793e-07,-0.0045335076
2.404793e-07,-0.0045363798
2.405793e-07,-0.0045471507
2.406793e-07,-0.0045672564
2.407793e-07,-0.0045902344
2.408793e-07,-0.004608904
2.409793e-07,-0.0046160846
2.410793e-07,-0.0046103401
2.411793e-07,-0.0045952608
2.412793e-07,-0.0045794635
2.413793e-07,-0.0045701287
2.414793e-07,-0.0045701287
2.415793e-07,-0.0045773093
2.416793e-07,-0.0045830538
2.417793e-07,-0.0045816176
2.418793e-07,-0.0045694106
2.419793e-07,-0.004550741
2.420793e-07,-0.0045327895
2.421793e-07,-0.0045241728
2.422793e-07,-0.0045291992
2.423793e-07,-0.0045449966
2.424793e-07,-0.0045658203
2.425793e-07,-0.0045816176
2.426793e-07,-0.0045873621
2.427793e-07,-0.0045830538
2.428793e-07,-0.0045715648
2.429793e-07,-0.0045586397
2.430793e-07,-0.0045493049
2.431793e-07,-0.0045435604
2.432793e-07,-0.0045399701
2.433793e-07,-0.0045356618
2.434793e-07,-0.0045313534
2.435793e-07,-0.0045284812
2.436793e-07,-0.0045335076
2.437793e-07,-0.0045471507
2.438793e-07,-0.0045694106
2.439793e-07,-0.0045952608
2.440793e-07,-0.0046160846
2.441793e-07,-0.0046275735
2.442793e-07,-0.0046275735
2.443793e-07,-0.004621111
2.444793e-07,-0.0046153665
2.445793e-07,-0.0046160846
2.446793e-07,-0.0046254193
2.447793e-07,-0.0046397806
2.448793e-07,-0.0046541418
2.449793e-07,-0.0046620404
2.450793e-07,-0.0046634766
2.451793e-07,-0.0046620404
2.452793e-07,-0.0046634766
2.453793e-07,-0.0046735294
2.454793e-07,-0.0046914809
2.455793e-07,-0.0047137408
2.456793e-07,-0.0047324104
2.457793e-07,-0.0047424632
2.458793e-07,-0.0047431813
2.459793e-07,-0.004739591
2.460793e-07,-0.0047381549
2.461793e-07,-0.0047424632
2.462793e-07,-0.0047525161
2.463793e-07,-0.0047625689
2.464793e-07,-0.0047640051
2.465793e-07,-0.0047539522
2.466793e-07,-0.0047345646
2.467793e-07,-0.0047137408
2.468793e-07,-0.0047029699
2.469793e-07,-0.0047079963
2.470793e-07,-0.004727384
2.471793e-07,-0.004751798
2.472793e-07,-0.0047675954
2.473793e-07,-0.0047654412
2.474793e-07,-0.0047446174
2.475793e-07,-0.0047137408
2.476793e-07,-0.0046864545
2.477793e-07,-0.0046735294
2.478793e-07,-0.0046792739
2.479793e-07,-0.0046972254
2.480793e-07,-0.0047144589
2.481793e-07,-0.0047194853
2.482793e-07,-0.0047087144
2.483793e-07,-0.0046871726
2.484793e-07,-0.0046677849
2.485793e-07,-0.0046620404
2.486793e-07,-0.0046756836
2.487793e-07,-0.004704406
2.488793e-07,-0.0047352826
2.489793e-07,-0.0047539522
2.490793e-07,-0.0047532341
2.491793e-07,-0.0047345646
2.492793e-07,-0.0047079963
2.493793e-07,-0.0046850184
2.494793e-07,-0.0046735294
2.495793e-07,-0.0046749655
2.496793e-07,-0.0046814281
2.497793e-07,-0.0046850184
2.498793e-07,-0.0046814281
2.499793e-07,-0.0046720933
2.500793e-07,-0.0046670669
2.501793e-07,-0.0046735294
2.502793e-07,-0.0046957893
2.503793e-07,-0.0047288201
2.504793e-07,-0.0047604148
2.505793e-07,-0.0047769301
2.506793e-07,-0.0047697495
2.507793e-07,-0.0047403091
2.508793e-07,-0.0046993796
2.509793e-07,-0.0046620404
2.510793e-07,-0.0046412167
2.511793e-07,-0.0046419347
2.512793e-07,-0.0046598863
2.513793e-07,-0.0046850184
2.514793e-07,-0.0047065602
2.515793e-07,-0.0047180492
2.516793e-07,-0.0047202034
2.517793e-07,-0.0047194853
2.518793e-07,-0.0047209214
2.519793e-07,-0.0047266659
2.520793e-07,-0.0047360007
2.521793e-07,-0.0047424632
2.522793e-07,-0.0047417452
2.523793e-07,-0.0047316923
2.524793e-07,-0.0047144589
2.525793e-07,-0.0046965074
2.526793e-07,-0.0046828642
2.527793e-07,-0.0046771197
2.528793e-07,-0.0046785558
2.529793e-07,-0.0046850184
2.530793e-07,-0.0046936351
2.531793e-07,-0.0047022518
2.532793e-07,-0.0047108686
2.533793e-07,-0.0047194853
2.534793e-07,-0.004728102
2.535793e-07,-0.0047338465
2.536793e-07,-0.0047352826
2.537793e-07,-0.0047309743
2.538793e-07,-0.0047230756
2.539793e-07,-0.0047151769
2.540793e-07,-0.0047130227
2.541793e-07,-0.0047194853
2.542793e-07,-0.0047331284
2.543793e-07,-0.0047474897
2.544793e-07,-0.0047568244
2.545793e-07,-0.0047539522
2.546793e-07,-0.004739591
2.547793e-07,-0.0047194853
2.548793e-07,-0.0047022518
2.549793e-07,-0.0046965074
2.550793e-07,-0.0047058421
2.551793e-07,-0.0047266659
2.552793e-07,-0.0047496438
2.553793e-07,-0.0047654412
2.554793e-07,-0.0047675954
2.555793e-07,-0.0047561064
2.556793e-07,-0.0047367187
2.557793e-07,-0.0047194853
2.558793e-07,-0.0047108686
2.559793e-07,-0.0047123047
2.560793e-07,-0.0047216395
2.561793e-07,-0.0047309743
2.562793e-07,-0.0047352826
2.563793e-07,-0.0047324104
2.564793e-07,-0.0047252298
2.565793e-07,-0.0047194853
2.566793e-07,-0.0047194853
2.567793e-07,-0.004728102
2.568793e-07,-0.0047410271
2.569793e-07,-0.0047539522
2.570793e-07,-0.0047596967
2.571793e-07,-0.0047546703
2.572793e-07,-0.0047403091
2.573793e-07,-0.0047194853
2.574793e-07,-0.0046993796
2.575793e-07,-0.0046850184
2.576793e-07,-0.004679992
2.577793e-07,-0.0046850184
2.578793e-07,-0.0046986615
2.579793e-07,-0.0047187672
2.580793e-07,-0.0047424632
2.581793e-07,-0.0047654412
2.582793e-07,-0.0047855469
2.583793e-07,-0.0048013442
2.584793e-07,-0.0048092429
2.585793e-07,-0.0048113971
2.586793e-07,-0.0048085248
2.587793e-07,-0.0048042165
2.588793e-07,-0.0048006261
2.589793e-07,-0.0047999081
2.590793e-07,-0.0048013442
2.591793e-07,-0.0048027803
2.592793e-07,-0.0048027803
2.593793e-07,-0.0047999081
2.594793e-07,-0.0047963178
2.595793e-07,-0.0047948817
2.596793e-07,-0.0047999081
2.597793e-07,-0.0048113971
2.598793e-07,-0.0048279125
2.599793e-07,-0.0048444278
2.600793e-07,-0.0048551988
2.601793e-07,-0.0048573529
2.602793e-07,-0.0048501723
2.603793e-07,-0.0048365292
2.604793e-07,-0.004822168
2.605793e-07,-0.0048113971
2.606793e-07,-0.0048042165
2.607793e-07,-0.0047999081
2.608793e-07,-0.0047948817
2.609793e-07,-0.0047884191
2.610793e-07,-0.0047812385
2.611793e-07,-0.0047769301
2.612793e-07,-0.0047790843
2.613793e-07,-0.0047884191
2.614793e-07,-0.0048013442
2.615793e-07,-0.0048121151
2.616793e-07,-0.0048128332
2.617793e-07,-0.0047999081
2.618793e-07,-0.004775494
2.619793e-07,-0.0047482077
2.620793e-07,-0.0047266659
2.621793e-07,-0.0047194853
2.622793e-07,-0.004728102
2.623793e-07,-0.0047489258
2.624793e-07,-0.0047711857
2.625793e-07,-0.0047884191
2.626793e-07,-0.0047948817
2.627793e-07,-0.0047927275
2.628793e-07,-0.0047884191
2.629793e-07,-0.0047884191
2.630793e-07,-0.0047970358
2.631793e-07,-0.0048135512
2.632793e-07,-0.0048315028
2.633793e-07,-0.004845864
2.634793e-07,-0.0048516085
2.635793e-07,-0.0048487362
2.636793e-07,-0.0048415556
2.637793e-07,-0.004834375
2.638793e-07,-0.0048307847
2.639793e-07,-0.0048307847
2.640793e-07,-0.0048329389
2.641793e-07,-0.004834375
2.642793e-07,-0.004834375
2.643793e-07,-0.004834375
2.644793e-07,-0.0048372472
2.645793e-07,-0.004845864
2.646793e-07,-0.0048595071
2.647793e-07,-0.0048745864
2.648793e-07,-0.0048867934
2.649793e-07,-0.0048918199
2.650793e-07,-0.0048896657
2.651793e-07,-0.0048846392
2.652793e-07,-0.0048803309
2.653793e-07,-0.0048803309
2.654793e-07,-0.0048846392
2.655793e-07,-0.0048896657
2.656793e-07,-0.0048889476
2.657793e-07,-0.0048803309
2.658793e-07,-0.0048645335
2.659793e-07,-0.0048473001
2.660793e-07,-0.0048350931
2.661793e-07,-0.004834375
2.662793e-07,-0.0048437098
2.663793e-07,-0.004858071
2.664793e-07,-0.0048688419
2.665793e-07,-0.0048688419
2.666793e-07,-0.0048573529
2.667793e-07,-0.0048386834
2.668793e-07,-0.0048214499
2.669793e-07,-0.0048113971
2.670793e-07,-0.0048099609
2.671793e-07,-0.0048128332
2.672793e-07,-0.0048113971
2.673793e-07,-0.0047999081
2.674793e-07,-0.0047769301
2.675793e-07,-0.0047489258
2.676793e-07,-0.0047266659
2.677793e-07,-0.0047194853
2.678793e-07,-0.0047309743
2.679793e-07,-0.0047561064
2.680793e-07,-0.0047826746
2.681793e-07,-0.0047999081
2.682793e-07,-0.00479919
2.683793e-07,-0.0047812385
2.684793e-07,-0.0047546703
2.685793e-07,-0.0047309743
2.686793e-07,-0.0047187672
2.687793e-07,-0.0047202034
2.688793e-07,-0.0047309743
2.689793e-07,-0.0047424632
2.690793e-07,-0.0047474897
2.691793e-07,-0.0047424632
2.692793e-07,-0.0047309743
2.693793e-07,-0.0047194853
2.694793e-07,-0.0047144589
2.695793e-07,-0.0047187672
2.696793e-07,-0.0047302562
2.697793e-07,-0.0047424632
2.698793e-07,-0.0047503619
2.699793e-07,-0.0047496438
2.700793e-07,-0.0047424632
2.701793e-07,-0.0047309743
2.702793e-07,-0.0047209214
2.703793e-07,-0.0047151769
2.704793e-07,-0.0047151769
2.705793e-07,-0.0047194853
2.706793e-07,-0.004727384
2.707793e-07,-0.0047381549
2.708793e-07,-0.00475108
2.709793e-07,-0.0047654412
2.710793e-07,-0.0047805205
2.711793e-07,-0.0047927275
2.712793e-07,-0.0047999081
2.713793e-07,-0.0047999081
2.714793e-07,-0.0047948817
2.715793e-07,-0.0047884191
2.716793e-07,-0.0047855469
2.717793e-07,-0.0047884191
2.718793e-07,-0.0047963178
2.719793e-07,-0.0048042165
2.720793e-07,-0.0048063706
2.721793e-07,-0.0047999081
2.722793e-07,-0.0047855469
2.723793e-07,-0.0047697495
2.724793e-07,-0.0047604148
2.725793e-07,-0.0047654412
2.726793e-07,-0.0047848288
2.727793e-07,-0.0048135512
2.728793e-07,-0.0048415556
2.729793e-07,-0.0048573529
2.730793e-07,-0.0048544807
2.731793e-07,-0.0048350931
2.732793e-07,-0.0048056526
2.733793e-07,-0.0047769301
2.734793e-07,-0.0047589786
2.735793e-07,-0.0047553883
2.736793e-07,-0.004763287
2.737793e-07,-0.0047769301
2.738793e-07,-0.0047891372
2.739793e-07,-0.0047963178
2.740793e-07,-0.004798472
2.741793e-07,-0.0047999081
2.742793e-07,-0.0048049345
2.743793e-07,-0.0048157054
2.744793e-07,-0.0048307847
2.745793e-07,-0.004845864
2.746793e-07,-0.0048559168
2.747793e-07,-0.0048566349
2.748793e-07,-0.0048480182
2.749793e-07,-0.004834375
2.750793e-07,-0.0048192957
2.751793e-07,-0.0048092429
2.752793e-07,-0.0048063706
2.753793e-07,-0.0048113971
2.754793e-07,-0.0048243222
2.755793e-07,-0.0048415556
2.756793e-07,-0.0048616613
2.757793e-07,-0.0048803309
2.758793e-07,-0.0048961282
2.759793e-07,-0.0049076172
2.760793e-07,-0.0049133617
2.761793e-07,-0.0049147978
2.762793e-07,-0.0049140797
2.763793e-07,-0.0049126436
2.764793e-07,-0.0049126436
2.765793e-07,-0.0049147978
2.766793e-07,-0.004916952
2.767793e-07,-0.0049183881
2.768793e-07,-0.004916952
2.769793e-07,-0.0049147978
2.770793e-07,-0.0049140797
2.771793e-07,-0.0049191062
2.772793e-07,-0.0049305951
2.773793e-07,-0.0049492647
2.774793e-07,-0.0049686523
2.775793e-07,-0.0049830136
2.776793e-07,-0.0049844497
2.777793e-07,-0.0049722426
2.778793e-07,-0.0049485466
2.779793e-07,-0.0049198242
2.780793e-07,-0.0048954102
2.781793e-07,-0.0048803309
2.782793e-07,-0.0048753045
2.783793e-07,-0.0048774586
2.784793e-07,-0.0048803309
2.785793e-07,-0.0048803309
2.786793e-07,-0.0048753045
2.787793e-07,-0.00486956
2.788793e-07,-0.0048659697
2.789793e-07,-0.0048688419
2.790793e-07,-0.0048774586
2.791793e-07,-0.0048875115
2.792793e-07,-0.004893256
2.793793e-07,-0.0048918199
2.794793e-07,-0.0048824851
2.795793e-07,-0.0048681239
2.796793e-07,-0.0048544807
2.797793e-07,-0.004845864
2.798793e-07,-0.0048415556
2.799793e-07,-0.0048386834
2.800793e-07,-0.0048329389
2.801793e-07,-0.004822886
2.802793e-07,-0.004810679
2.803793e-07,-0.0048020623
2.804793e-07,-0.0048013442
2.805793e-07,-0.0048113971
2.806793e-07,-0.0048286305
2.807793e-07,-0.0048444278
2.808793e-07,-0.0048516085
2.809793e-07,-0.004845864
2.810793e-07,-0.0048293486
2.811793e-07,-0.004810679
2.812793e-07,-0.00479919
2.813793e-07,-0.0047999081
2.814793e-07,-0.0048113971
2.815793e-07,-0.0048250402
2.816793e-07,-0.0048307847
2.817793e-07,-0.004822886
2.818793e-07,-0.0048027803
2.819793e-07,-0.0047790843
2.820793e-07,-0.0047640051
2.821793e-07,-0.0047654412
2.822793e-07,-0.0047833927
2.823793e-07,-0.0048092429
2.824793e-07,-0.0048300666
2.825793e-07,-0.004834375
2.826793e-07,-0.0048200138
2.827793e-07,-0.0047941636
2.828793e-07,-0.0047683134
2.829793e-07,-0.0047539522
2.830793e-07,-0.0047553883
2.831793e-07,-0.0047683134
2.832793e-07,-0.0047819566
2.833793e-07,-0.0047884191
2.834793e-07,-0.0047826746
2.835793e-07,-0.0047697495
2.836793e-07,-0.0047575425
2.837793e-07,-0.0047539522
2.838793e-07,-0.0047618509
2.839793e-07,-0.0047762121
2.840793e-07,-0.0047877011
2.841793e-07,-0.0047884191
2.842793e-07,-0.0047776482
2.843793e-07,-0.0047604148
2.844793e-07,-0.0047460535
2.845793e-07,-0.0047424632
2.846793e-07,-0.0047503619
2.847793e-07,-0.0047625689
2.848793e-07,-0.0047697495
2.849793e-07,-0.0047654412
2.850793e-07,-0.0047496438
2.851793e-07,-0.0047309743
2.852793e-07,-0.0047223575
2.853793e-07,-0.0047309743
2.854793e-07,-0.0047561064
2.855793e-07,-0.0047855469
2.856793e-07,-0.0048049345
2.857793e-07,-0.0047999081
2.858793e-07,-0.0047697495
2.859793e-07,-0.0047237937
2.860793e-07,-0.0046785558
2.861793e-07,-0.0046505515
2.862793e-07,-0.004645525
2.863793e-07,-0.0046584501
2.864793e-07,-0.0046764017
2.865793e-07,-0.0046850184
2.866793e-07,-0.004679992
2.867793e-07,-0.0046656307
2.868793e-07,-0.004656296
2.869793e-07,-0.0046620404
2.870793e-07,-0.0046871726
2.871793e-07,-0.0047237937
2.872793e-07,-0.0047553883
2.873793e-07,-0.0047654412
2.874793e-07,-0.0047474897
2.875793e-07,-0.0047079963
2.876793e-07,-0.0046613224
2.877793e-07,-0.0046275735
2.878793e-07,-0.0046175207
2.879793e-07,-0.0046297277
2.880793e-07,-0.0046534237
2.881793e-07,-0.0046735294
2.882793e-07,-0.0046785558
2.883793e-07,-0.0046677849
2.884793e-07,-0.0046505515
2.885793e-07,-0.0046390625
2.886793e-07,-0.0046426528
2.887793e-07,-0.0046613224
2.888793e-07,-0.0046871726
2.889793e-07,-0.0047079963
2.890793e-07,-0.0047137408
2.891793e-07,-0.004703688
2.892793e-07,-0.0046828642
2.893793e-07,-0.0046620404
2.894793e-07,-0.0046491153
2.895793e-07,-0.004645525
2.896793e-07,-0.0046483973
2.897793e-07,-0.0046505515
2.898793e-07,-0.0046491153
2.899793e-07,-0.004645525
2.900793e-07,-0.0046476792
2.901793e-07,-0.0046620404
2.902793e-07,-0.0046907629
2.903793e-07,-0.0047288201
2.904793e-07,-0.0047647231
2.905793e-07,-0.0047884191
2.906793e-07,-0.0047927275
2.907793e-07,-0.0047798024
2.908793e-07,-0.0047589786
2.909793e-07,-0.0047424632
2.910793e-07,-0.0047381549
2.911793e-07,-0.0047467716
2.912793e-07,-0.0047625689
2.913793e-07,-0.0047769301
2.914793e-07,-0.0047848288
2.915793e-07,-0.0047862649
2.916793e-07,-0.0047891372
2.917793e-07,-0.0047999081
2.918793e-07,-0.0048236041
2.919793e-07,-0.0048566349
2.920793e-07,-0.0048911018
2.921793e-07,-0.0049147978
2.922793e-07,-0.0049219784
2.923793e-07,-0.0049126436
2.924793e-07,-0.0048954102
2.925793e-07,-0.0048803309
2.926793e-07,-0.0048767406
2.927793e-07,-0.0048867934
2.928793e-07,-0.004905463
2.929793e-07,-0.0049262868
2.930793e-07,-0.004940648
2.931793e-07,-0.0049471105
2.932793e-07,-0.0049478286
2.933793e-07,-0.0049492647
2.934793e-07,-0.0049550092
2.935793e-07,-0.0049657801
2.936793e-07,-0.0049772691
2.937793e-07,-0.0049837316
2.938793e-07,-0.0049794233
2.939793e-07,-0.004965062
2.940793e-07,-0.0049449563
2.941793e-07,-0.0049262868
2.942793e-07,-0.0049147978
2.943793e-07,-0.0049133617
2.944793e-07,-0.0049183881
2.945793e-07,-0.0049262868
2.946793e-07,-0.0049320312
2.947793e-07,-0.0049341854
2.948793e-07,-0.0049349035
2.949793e-07,-0.0049377757
2.950793e-07,-0.0049456744
2.951793e-07,-0.0049600356
2.952793e-07,-0.0049779871
2.953793e-07,-0.0049952206
2.954793e-07,-0.0050095818
2.955793e-07,-0.0050189166
2.956793e-07,-0.0050253791
2.957793e-07,-0.0050296875
2.958793e-07,-0.0050332778
2.959793e-07,-0.00503615
2.960793e-07,-0.005035432
2.961793e-07,-0.0050296875
2.962793e-07,-0.0050196347
2.963793e-07,-0.0050081457
2.964793e-07,-0.0049988109
2.965793e-07,-0.0049952206
2.966793e-07,-0.0049966567
2.967793e-07,-0.0049988109
2.968793e-07,-0.0049966567
2.969793e-07,-0.0049837316
2.970793e-07,-0.0049578814
2.971793e-07,-0.0049191062
2.972793e-07,-0.0048731503
2.973793e-07,-0.004822886
2.974793e-07,-0.0047719037
2.975793e-07,-0.0047187672
2.976793e-07,-0.0046598863
2.977793e-07,-0.0045931066
2.978793e-07,-0.0045162741
2.979793e-07,-0.0044308249
2.980793e-07,-0.0043410673
2.981793e-07,-0.0042484375
2.982793e-07,-0.0041536535
2.983793e-07,-0.004053125
2.984793e-07,-0.0039403895
2.985793e-07,-0.0038118566
2.986793e-07,-0.0036653722
2.987793e-07,-0.0035045267
2.988793e-07,-0.0033365005
2.989793e-07,-0.0031684743
2.990793e-07,-0.0030040384
2.991793e-07,-0.0028417567
2.992793e-07,-0.0026766027
2.993793e-07,-0.002502114
2.994793e-07,-0.0023139821
2.995793e-07,-0.0021157973
2.996793e-07,-0.0019147403
2.997793e-07,-0.001720864
2.998793e-07,-0.0015427849
2.999793e-07,-0.0013826574
3.000793e-07,-0.0012347369
3.001793e-07,-0.0010889706
3.002793e-07,-0.00093530561
3.003793e-07,-0.00076727941
3.004793e-07,-0.00058632812
3.005793e-07,-0.00039963235
3.006793e-07,-0.00021939913
3.007793e-07,-5.4245175e-05
3.008793e-07,9.152114e-05
3.009793e-07,0.00022077206
3.010793e-07,0.00034068819
3.011793e-07,0.00046060432
3.012793e-07,0.00058554688
3.013793e-07,0.00071479779
3.014793e-07,0.00084404871
3.015793e-07,0.0009646829
3.016793e-07,0.0010716739
3.017793e-07,0.0011628676
3.018793e-07,0.0012404182
3.019793e-07,0.0013115062
3.020793e-07,0.001379722
3.021793e-07,0.0014500919
3.022793e-07,0.0015204619
3.023793e-07,0.0015872415
3.024793e-07,0.0016454044
3.025793e-07,0.0016913603
3.026793e-07,0.0017258272
3.027793e-07,0.0017523955
3.028793e-07,0.0017739373
3.029793e-07,0.001794761
3.030793e-07,0.0018148667
3.031793e-07,0.0018328182
3.032793e-07,0.0018457433
3.033793e-07,0.0018522059
3.034793e-07,0.0018543601
3.035793e-07,0.0018557962
3.036793e-07,0.0018615407
3.037793e-07,0.0018751838
3.038793e-07,0.0018960076
3.039793e-07,0.0019204216
3.040793e-07,0.0019419635
3.041793e-07,0.0019556066
3.042793e-07,0.0019570427
3.043793e-07,0.0019491441
3.044793e-07,0.0019347829
3.045793e-07,0.0019211397
3.046793e-07,0.001912523
3.047793e-07,0.0019118049
3.048793e-07,0.0019153952
3.049793e-07,0.0019211397
3.050793e-07,0.00192473
3.051793e-07,0.0019254481
3.052793e-07,0.0019232939
3.053793e-07,0.0019211397
3.054793e-07,0.0019211397
3.055793e-07,0.0019240119
3.056793e-07,0.0019290384
3.057793e-07,0.0019326287
3.058793e-07,0.0019333467
3.059793e-07,0.0019297564
3.060793e-07,0.00192473
3.061793e-07,0.0019211397
3.062793e-07,0.0019232939
3.063793e-07,0.0019319106
3.064793e-07,0.001947708
3.065793e-07,0.0019670956
3.066793e-07,0.0019857652
3.067793e-07,0.0020001264
3.068793e-07,0.0020094612
3.069793e-07,0.0020130515
3.070793e-07,0.0020137695
3.071793e-07,0.0020137695
3.072793e-07,0.0020137695
3.073793e-07,0.0020130515
3.074793e-07,0.0020108973
3.075793e-07,0.0020058709
3.076793e-07,0.0019986903
3.077793e-07,0.0019900735
3.078793e-07,0.0019828929
3.079793e-07,0.0019800207
3.080793e-07,0.0019828929
3.081793e-07,0.0019900735
3.082793e-07,0.0020001264
3.083793e-07,0.0020101792
3.084793e-07,0.002018796
3.085793e-07,0.0020245404
3.086793e-07,0.0020281307
3.087793e-07,0.002031003
3.088793e-07,0.0020338752
3.089793e-07,0.0020360294
3.090793e-07,0.0020360294
3.091793e-07,0.002031003
3.092793e-07,0.002019514
3.093793e-07,0.0020015625
3.094793e-07,0.0019800207
3.095793e-07,0.001959915
3.096793e-07,0.0019462718
3.097793e-07,0.0019441176
3.098793e-07,0.0019548886
3.099793e-07,0.0019764304
3.100793e-07,0.0020058709
3.101793e-07,0.0020360294
3.102793e-07,0.0020611615
3.103793e-07,0.0020762408
3.104793e-07,0.0020791131
3.105793e-07,0.0020704963
3.106793e-07,0.0020525448
3.107793e-07,0.0020302849
3.108793e-07,0.002008025
3.109793e-07,0.0019900735
3.110793e-07,0.0019793026
3.111793e-07,0.0019771484
3.112793e-07,0.0019814568
3.113793e-07,0.0019900735
3.114793e-07,0.0019994083
3.115793e-07,0.0020065889
3.116793e-07,0.0020116153
3.117793e-07,0.0020130515
3.118793e-07,0.0020137695
3.119793e-07,0.0020159237
3.120793e-07,0.002019514
3.121793e-07,0.0020245404
3.122793e-07,0.0020274127
3.123793e-07,0.0020252585
3.124793e-07,0.0020166418
3.125793e-07,0.0020015625
3.126793e-07,0.0019828929
3.127793e-07,0.0019663775
3.128793e-07,0.0019563247
3.129793e-07,0.0019556066
3.130793e-07,0.0019627872
3.131793e-07,0.0019728401
3.132793e-07,0.0019800207
3.133793e-07,0.0019785846
3.134793e-07,0.0019670956
3.135793e-07,0.0019462718
3.136793e-07,0.0019218578
3.137793e-07,0.0018981618
3.138793e-07,0.0018802102
3.139793e-07,0.0018680032
3.140793e-07,0.0018601045
3.141793e-07,0.0018522059
3.142793e-07,0.001841435
3.143793e-07,0.0018270738
3.144793e-07,0.0018098403
3.145793e-07,0.001794761
3.146793e-07,0.0017861443
3.147793e-07,0.0017854262
3.148793e-07,0.0017933249
3.149793e-07,0.00180625
3.150793e-07,0.001818457
3.151793e-07,0.0018242015
3.152793e-07,0.0018206112
3.153793e-07,0.00180625
3.154793e-07,0.0017847082
3.155793e-07,0.0017602941
3.156793e-07,0.0017387523
3.157793e-07,0.0017258272
3.158793e-07,0.001723673
3.159793e-07,0.0017337259
3.160793e-07,0.0017509593
3.161793e-07,0.0017717831
3.162793e-07,0.0017890165
3.163793e-07,0.0017983513
3.164793e-07,0.0017961972
3.165793e-07,0.0017832721
3.166793e-07,0.0017638844
3.167793e-07,0.0017423426
3.168793e-07,0.0017251091
3.169793e-07,0.0017143382
3.170793e-07,0.001711466
3.171793e-07,0.0017129021
3.172793e-07,0.0017150563
3.173793e-07,0.0017143382
3.174793e-07,0.0017078757
3.175793e-07,0.0016971048
3.176793e-07,0.0016827436
3.177793e-07,0.0016683824
3.178793e-07,0.0016561753
3.179793e-07,0.0016468405
3.180793e-07,0.001640378
3.181793e-07,0.0016339154
3.182793e-07,0.0016267348
3.183793e-07,0.0016188362
3.184793e-07,0.0016087833
3.185793e-07,0.0015994485
3.186793e-07,0.0015908318
3.187793e-07,0.0015836512
3.188793e-07,0.0015793428
3.189793e-07,0.0015764706
3.190793e-07,0.0015757525
3.191793e-07,0.0015764706
3.192793e-07,0.0015779067
3.193793e-07,0.0015764706
3.194793e-07,0.0015714442
3.195793e-07,0.0015613913
3.196793e-07,0.0015470301
3.197793e-07,0.0015305147
3.198793e-07,0.0015161535
3.199793e-07,0.0015089729
3.200793e-07,0.001510409
3.201793e-07,0.0015190257
3.202793e-07,0.0015305147
3.203793e-07,0.0015376953
3.204793e-07,0.0015348231
3.205793e-07,0.0015190257
3.206793e-07,0.0014931756
3.207793e-07,0.001463017
3.208793e-07,0.001439321
3.209793e-07,0.001427114
3.210793e-07,0.0014299862
3.211793e-07,0.0014436294
3.212793e-07,0.0014608628
3.213793e-07,0.0014730699
3.214793e-07,0.001475224
3.215793e-07,0.0014651712
3.216793e-07,0.0014472197
3.217793e-07,0.001427114
3.218793e-07,0.0014113166
3.219793e-07,0.001403418
3.220793e-07,0.0014019818
3.221793e-07,0.001404136
3.222793e-07,0.0014055722
3.223793e-07,0.0014026999
3.224793e-07,0.0013976735
3.225793e-07,0.0013926471
3.226793e-07,0.0013912109
3.227793e-07,0.0013948012
3.228793e-07,0.001404136
3.229793e-07,0.001415625
3.230793e-07,0.0014242417
3.231793e-07,0.0014263959
3.232793e-07,0.0014199334
3.233793e-07,0.001404136
3.234793e-07,0.0013833123
3.235793e-07,0.0013617705
3.236793e-07,0.001344537
3.237793e-07,0.0013352022
3.238793e-07,0.0013344841
3.239793e-07,0.0013423828
3.240793e-07,0.0013553079
3.241793e-07,0.0013696691
3.242793e-07,0.0013811581
3.243793e-07,0.0013876206
3.244793e-07,0.0013876206
3.245793e-07,0.0013811581
3.246793e-07,0.0013711052
3.247793e-07,0.0013603343
3.248793e-07,0.0013517176
3.249793e-07,0.0013466912
3.250793e-07,0.001344537
3.251793e-07,0.0013431009
3.252793e-07,0.0013409467
3.253793e-07,0.0013352022
3.254793e-07,0.0013265855
3.255793e-07,0.0013158146
3.256793e-07,0.0013064798
3.257793e-07,0.0013007353
3.258793e-07,0.0012992992
3.259793e-07,0.0013021714
3.260793e-07,0.0013071978
3.261793e-07,0.0013122243
3.262793e-07,0.0013165326
3.263793e-07,0.0013186868
3.264793e-07,0.001320841
3.265793e-07,0.0013237132
3.266793e-07,0.0013273035
3.267793e-07,0.0013316119
3.268793e-07,0.0013352022
3.269793e-07,0.0013352022
3.270793e-07,0.0013308938
3.271793e-07,0.0013229952
3.272793e-07,0.0013122243
3.273793e-07,0.0013007353
3.274793e-07,0.0012914005
3.275793e-07,0.0012842199
3.276793e-07,0.0012806296
3.277793e-07,0.0012777574
3.278793e-07,0.0012748851
3.279793e-07,0.0012705767
3.280793e-07,0.0012641142
3.281793e-07,0.0012547794
3.282793e-07,0.0012432904
3.283793e-07,0.0012310834
3.284793e-07,0.0012188764
3.285793e-07,0.0012088235
3.286793e-07,0.0012016429
3.287793e-07,0.0011973346
3.288793e-07,0.0011966165
3.289793e-07,0.0011973346
3.290793e-07,0.0011980526
3.291793e-07,0.0011966165
3.292793e-07,0.0011923081
3.293793e-07,0.0011858456
3.294793e-07,0.001179383
3.295793e-07,0.0011765108
3.296793e-07,0.001178665
3.297793e-07,0.0011858456
3.298793e-07,0.0011966165
3.299793e-07,0.0012059513
3.300793e-07,0.0012109777
3.301793e-07,0.0012088235
3.302793e-07,0.0012002068
3.303793e-07,0.0011879998
3.304793e-07,0.0011779469
3.305793e-07,0.0011743566
3.306793e-07,0.0011801011
3.307793e-07,0.0011923081
3.308793e-07,0.0012081055
3.309793e-07,0.0012203125
3.310793e-07,0.0012246209
3.311793e-07,0.0012181583
3.312793e-07,0.0012037971
3.313793e-07,0.0011858456
3.314793e-07,0.0011693302
3.315793e-07,0.0011578412
3.316793e-07,0.0011528148
3.317793e-07,0.0011513787
3.318793e-07,0.0011506606
3.319793e-07,0.0011477884
3.320793e-07,0.0011398897
3.321793e-07,0.0011284007
3.322793e-07,0.0011161937
3.323793e-07,0.0011068589
3.324793e-07,0.0011032686
3.325793e-07,0.0011054228
3.326793e-07,0.0011133215
3.327793e-07,0.0011233743
3.328793e-07,0.0011327091
3.329793e-07,0.0011398897
3.330793e-07,0.00114348
3.331793e-07,0.0011441981
3.332793e-07,0.0011420439
3.333793e-07,0.0011398897
3.334793e-07,0.0011370175
3.335793e-07,0.0011348633
3.336793e-07,0.001131991
3.337793e-07,0.0011284007
3.338793e-07,0.0011248104
3.339793e-07,0.0011219382
3.340793e-07,0.0011190659
3.341793e-07,0.0011169118
3.342793e-07,0.0011147576
3.343793e-07,0.0011126034
3.344793e-07,0.0011097312
3.345793e-07,0.0011054228
3.346793e-07,0.0011011144
3.347793e-07,0.0010975241
3.348793e-07,0.0010953699
3.349793e-07,0.0010939338
3.350793e-07,0.0010924977
3.351793e-07,0.0010889074
3.352793e-07,0.0010824449
3.353793e-07,0.0010709559
3.354793e-07,0.0010565947
3.355793e-07,0.0010415154
3.356793e-07,0.0010300264
3.357793e-07,0.001025
3.358793e-07,0.0010271542
3.359793e-07,0.0010343348
3.360793e-07,0.0010429515
3.361793e-07,0.0010479779
3.362793e-07,0.0010451057
3.363793e-07,0.0010321806
3.364793e-07,0.001012793
3.365793e-07,0.00099053309
3.366793e-07,0.00097114545
3.367793e-07,0.00095893842
3.368793e-07,0.00095463006
3.369793e-07,0.00095606618
3.370793e-07,0.00095822036
3.371793e-07,0.00095678424
3.372793e-07,0.00094816751
3.373793e-07,0.00093308824
3.374793e-07,0.00091441866
3.375793e-07,0.00089862132
3.376793e-07,0.00088856847
3.377793e-07,0.00088713235
3.378793e-07,0.00089144072
3.379793e-07,0.00089646714
3.380793e-07,0.00089646714
3.381793e-07,0.00088713235
3.382793e-07,0.00086774472
3.383793e-07,0.00084117647
3.384793e-07,0.00081460823
3.385793e-07,0.00079522059
3.386793e-07,0.00078660386
3.387793e-07,0.0007894761
3.388793e-07,0.00079809283
3.389793e-07,0.00080670956
3.390793e-07,0.00080814568
3.391793e-07,0.00079952895
3.392793e-07,0.0007822955
3.393793e-07,0.00076075368
3.394793e-07,0.0007420841
3.395793e-07,0.00073059513
3.396793e-07,0.00072628676
3.397793e-07,0.00072628676
3.398793e-07,0.00072269646
3.399793e-07,0.00071048943
3.400793e-07,0.00068751149
3.401793e-07,0.00065735294
3.402793e-07,0.00062719439
3.403793e-07,0.00060493451
3.404793e-07,0.00059559972
3.405793e-07,0.00059990809
3.406793e-07,0.000610679
3.407793e-07,0.00062073185
3.408793e-07,0.00062144991
3.409793e-07,0.00061139706
3.410793e-07,0.00059344554
3.411793e-07,0.0005740579
3.412793e-07,0.00055969669
3.413793e-07,0.00055395221
3.414793e-07,0.00055395221
3.415793e-07,0.00055323415
3.416793e-07,0.0005467716
3.417793e-07,0.00053097426
3.418793e-07,0.00050943244
3.419793e-07,0.00048789063
3.420793e-07,0.00047496553
3.421793e-07,0.00047352941
3.422793e-07,0.00048071002
3.423793e-07,0.00048860869
3.424793e-07,0.00048789063
3.425793e-07,0.00047352941
3.426793e-07,0.00044552505
3.427793e-07,0.00041034007
3.428793e-07,0.0003787454
3.429793e-07,0.00035863971
3.430793e-07,0.00035217716
3.431793e-07,0.00035576746
3.432793e-07,0.00036007583
3.433793e-07,0.00035863971
3.434793e-07,0.00034715074
3.435793e-07,0.00032704504
3.436793e-07,0.00030622128
3.437793e-07,0.00028970588
3.438793e-07,0.00028108915
3.439793e-07,0.00027965303
3.440793e-07,0.00027965303
3.441793e-07,0.00027821691
3.442793e-07,0.00027319049
3.443793e-07,0.00026529182
3.444793e-07,0.00025882927
3.445793e-07,0.00025523897
3.446793e-07,0.00025308479
3.447793e-07,0.00024949449
3.448793e-07,0.00023872358
3.449793e-07,0.00022077206
3.450793e-07,0.00019923024
3.451793e-07,0.00018199678
3.452793e-07,0.0001762523
3.453793e-07,0.00018630515
3.454793e-07,0.00020856503
3.455793e-07,0.00023369715
3.456793e-07,0.00025164867
3.457793e-07,0.00025523897
3.458793e-07,0.00024518612
3.459793e-07,0.00023010685
3.460793e-07,0.000220054
3.461793e-07,0.00022077206
3.462793e-07,0.00023226103
3.463793e-07,0.00024662224
3.464793e-07,0.00025308479
3.465793e-07,0.00024375
3.466793e-07,0.00022077206
3.467793e-07,0.00019348575
3.468793e-07,0.00017481618
3.469793e-07,0.00017481618
3.470793e-07,0.00019348575
3.471793e-07,0.00022077206
3.472793e-07,0.00024231388
3.473793e-07,0.00024375
3.474793e-07,0.00022220818
3.475793e-07,0.00018630515
3.476793e-07,0.00014968405
3.477793e-07,0.00012886029
3.478793e-07,0.00012957835
3.479793e-07,0.00014824793
3.480793e-07,0.00017194393
3.481793e-07,0.00018630515
3.482793e-07,0.0001834329
3.483793e-07,0.00016619945
3.484793e-07,0.00014322151
3.485793e-07,0.00012886029
3.486793e-07,0.00013029642
3.487793e-07,0.00014681181
3.488793e-07,0.00016907169
3.489793e-07,0.00018630515
3.490793e-07,0.00019133157
3.491793e-07,0.00018558709
3.492793e-07,0.0001762523
3.493793e-07,0.00017481618
3.494793e-07,0.00018702321
3.495793e-07,0.00021215533
3.496793e-07,0.00024231388
3.497793e-07,0.00026672794
3.498793e-07,0.00027821691
3.499793e-07,0.00027534467
3.500793e-07,0.00026457376
3.501793e-07,0.00025523897
3.502793e-07,0.00025308479
3.503793e-07,0.00025954733
3.504793e-07,0.00027031824
3.505793e-07,0.00027821691
3.506793e-07,0.00027965303
3.507793e-07,0.00027462661
3.508793e-07,0.00026816406
3.509793e-07,0.00026672794
3.510793e-07,0.00027175437
3.511793e-07,0.00027965303
3.512793e-07,0.0002839614
3.513793e-07,0.00027821691
3.514793e-07,0.00026098346
3.515793e-07,0.00023728745
3.516793e-07,0.00021646369
3.517793e-07,0.00020928309
3.518793e-07,0.00021933594
3.519793e-07,0.00024303194
3.520793e-07,0.00027031824
3.521793e-07,0.00028970588
3.522793e-07,0.00029329619
3.523793e-07,0.00028037109
3.524793e-07,0.00025667509
3.525793e-07,0.00023226103
3.526793e-07,0.00021430951
3.527793e-07,0.00020497472
3.528793e-07,0.00020138442
3.529793e-07,0.00019779412
3.530793e-07,0.00019061351
3.531793e-07,0.0001798426
3.532793e-07,0.00016907169
3.533793e-07,0.00016332721
3.534793e-07,0.00016404527
3.535793e-07,0.00016835363
3.536793e-07,0.00017050781
3.537793e-07,0.00016332721
3.538793e-07,0.00014322151
3.539793e-07,0.00011306296
3.540793e-07,7.8596048e-05
3.541793e-07,4.84375e-05
3.542793e-07,2.6177619e-05
3.543793e-07,1.0380285e-05
3.544793e-07,-2.544807e-06
3.545793e-07,-2.0496324e-05
3.546793e-07,-4.5628447e-05
3.547793e-07,-7.5786994e-05
3.548793e-07,-0.00010450942
3.549793e-07,-0.00012389706
3.550793e-07,-0.00012964154
3.551793e-07,-0.00012246094
3.552793e-07,-0.00011025391
3.553793e-07,-0.00010091912
3.554793e-07,-0.00010235524
3.555793e-07,-0.00011528033
3.556793e-07,-0.00013610409
3.557793e-07,-0.00015836397
3.558793e-07,-0.00017559743
3.559793e-07,-0.0001870864
3.560793e-07,-0.00019498506
3.561793e-07,-0.00020431985
3.562793e-07,-0.00021868107
3.563793e-07,-0.0002380687
3.564793e-07,-0.00025889246
3.565793e-07,-0.00027325368
3.566793e-07,-0.00027756204
3.567793e-07,-0.00027181756
3.568793e-07,-0.00026032858
3.569793e-07,-0.00025027574
3.570793e-07,-0.00024740349
3.571793e-07,-0.00025242992
3.572793e-07,-0.00026391889
3.573793e-07,-0.00027325368
3.574793e-07,-0.00027540786
3.575793e-07,-0.00026750919
3.576793e-07,-0.00025314798
3.577793e-07,-0.00023878676
3.578793e-07,-0.00023232422
3.579793e-07,-0.00023735064
3.580793e-07,-0.00025314798
3.581793e-07,-0.00027325368
3.582793e-07,-0.00028833295
3.583793e-07,-0.00029192325
3.584793e-07,-0.0002818704
3.585793e-07,-0.00026176471
3.586793e-07,-0.00023950483
3.587793e-07,-0.00022298943
3.588793e-07,-0.00021868107
3.589793e-07,-0.00022729779
3.590793e-07,-0.00024453125
3.591793e-07,-0.00026463695
3.592793e-07,-0.00027899816
3.593793e-07,-0.00028474265
3.594793e-07,-0.00028115234
3.595793e-07,-0.00027109949
3.596793e-07,-0.00025961052
3.597793e-07,-0.00025027574
3.598793e-07,-0.00024453125
3.599793e-07,-0.00024237707
3.600793e-07,-0.00024165901
3.601793e-07,-0.00023878676
3.602793e-07,-0.00023376034
3.603793e-07,-0.00022586167
3.604793e-07,-0.00021939913
3.605793e-07,-0.00021580882
3.606793e-07,-0.00021868107
3.607793e-07,-0.00022873392
3.608793e-07,-0.00024381319
3.609793e-07,-0.00026176471
3.610793e-07,-0.0002782801
3.611793e-07,-0.00028976907
3.612793e-07,-0.00029551356
3.613793e-07,-0.00029623162
3.614793e-07,-0.00029407744
3.615793e-07,-0.00029192325
3.616793e-07,-0.00029264131
3.617793e-07,-0.00029623162
3.618793e-07,-0.00030341222
3.619793e-07,-0.00031202895
3.620793e-07,-0.00032136374
3.621793e-07,-0.00033069853
3.622793e-07,-0.00034075138
3.623793e-07,-0.00035152229
3.624793e-07,-0.00036372932
3.625793e-07,-0.00037665441
3.626793e-07,-0.00038886144
3.627793e-07,-0.00039747817
3.628793e-07,-0.00040106847
3.629793e-07,-0.00039963235
3.630793e-07,-0.00039460593
3.631793e-07,-0.0003895795
3.632793e-07,-0.00038670726
3.633793e-07,-0.00038814338
3.634793e-07,-0.00039460593
3.635793e-07,-0.00040394072
3.636793e-07,-0.00041399357
3.637793e-07,-0.00042261029
3.638793e-07,-0.00042835478
3.639793e-07,-0.00043122702
3.640793e-07,-0.00043266314
3.641793e-07,-0.00043409926
3.642793e-07,-0.00043697151
3.643793e-07,-0.00043984375
3.644793e-07,-0.00044343405
3.645793e-07,-0.00044558824
3.646793e-07,-0.00044702436
3.647793e-07,-0.00044774242
3.648793e-07,-0.00045061466
3.649793e-07,-0.00045707721
3.650793e-07,-0.00046784812
3.651793e-07,-0.00048292739
3.652793e-07,-0.00049944278
3.653793e-07,-0.00051452206
3.654793e-07,-0.00052529297
3.655793e-07,-0.00053031939
3.656793e-07,-0.00053031939
3.657793e-07,-0.00052601103
3.658793e-07,-0.0005209846
3.659793e-07,-0.00051811236
3.660793e-07,-0.00051954848
3.661793e-07,-0.00052601103
3.662793e-07,-0.00053821806
3.663793e-07,-0.00055329733
3.664793e-07,-0.00056981273
3.665793e-07,-0.00058345588
3.666793e-07,-0.00059207261
3.667793e-07,-0.00059494485
3.668793e-07,-0.00059063649
3.669793e-07,-0.00058345588
3.670793e-07,-0.00057555722
3.671793e-07,-0.00057196691
3.672793e-07,-0.00057412109
3.673793e-07,-0.00058345588
3.674793e-07,-0.0005978171
3.675793e-07,-0.00061289637
3.676793e-07,-0.00062438534
3.677793e-07,-0.00062941176
3.678793e-07,-0.00062725758
3.679793e-07,-0.00061935892
3.680793e-07,-0.00061146025
3.681793e-07,-0.00060643382
3.682793e-07,-0.00060786994
3.683793e-07,-0.00061576861
3.684793e-07,-0.00062797564
3.685793e-07,-0.00064090074
3.686793e-07,-0.00065095358
3.687793e-07,-0.00065526195
3.688793e-07,-0.00065526195
3.689793e-07,-0.00065238971
3.690793e-07,-0.00064951746
3.691793e-07,-0.00064808134
3.692793e-07,-0.00064951746
3.693793e-07,-0.00065238971
3.694793e-07,-0.00065598001
3.695793e-07,-0.00065885225
3.696793e-07,-0.00066100643
3.697793e-07,-0.00066387868
3.698793e-07,-0.0006689051
3.699793e-07,-0.00067608571
3.700793e-07,-0.00068685662
3.701793e-07,-0.00069834559
3.702793e-07,-0.0007091165
3.703793e-07,-0.00071845129
3.704793e-07,-0.00072634995
3.705793e-07,-0.0007328125
3.706793e-07,-0.00074071117
3.707793e-07,-0.0007493279
3.708793e-07,-0.00075938074
3.709793e-07,-0.00076727941
3.710793e-07,-0.00076943359
3.711793e-07,-0.00076368911
3.712793e-07,-0.00075004596
3.713793e-07,-0.0007328125
3.714793e-07,-0.00071773323
3.715793e-07,-0.00071127068
3.716793e-07,-0.0007162971
3.717793e-07,-0.0007328125
3.718793e-07,-0.00075507238
3.719793e-07,-0.0007766142
3.720793e-07,-0.00078882123
3.721793e-07,-0.00079025735
3.722793e-07,-0.00078092256
3.723793e-07,-0.00076584329
3.724793e-07,-0.00075220014
3.725793e-07,-0.00074430147
3.726793e-07,-0.00074358341
3.727793e-07,-0.00074860983
3.728793e-07,-0.00075363626
3.729793e-07,-0.00075579044
3.730793e-07,-0.00075363626
3.731793e-07,-0.0007493279
3.732793e-07,-0.00074860983
3.733793e-07,-0.00075579044
3.734793e-07,-0.00077230584
3.735793e-07,-0.0007967199
3.736793e-07,-0.0008240062
3.737793e-07,-0.00084770221
3.738793e-07,-0.00086349954
3.739793e-07,-0.00086996209
3.740793e-07,-0.00087139821
3.741793e-07,-0.00087068015
3.742793e-07,-0.00087355239
3.743793e-07,-0.00088360524
3.744793e-07,-0.00089868451
3.745793e-07,-0.00091663603
3.746793e-07,-0.00093458755
3.747793e-07,-0.00094966682
3.748793e-07,-0.00096259191
3.749793e-07,-0.00097408088
3.750793e-07,-0.00098628791
3.751793e-07,-0.00099993107
3.752793e-07,-0.0010157284
3.753793e-07,-0.0010315257
3.754793e-07,-0.0010458869
3.755793e-07,-0.0010573759
3.756793e-07,-0.0010674288
3.757793e-07,-0.0010774816
3.758793e-07,-0.0010889706
3.759793e-07,-0.0011033318
3.760793e-07,-0.0011191291
3.761793e-07,-0.0011349265
3.762793e-07,-0.0011471335
3.763793e-07,-0.001153596
3.764793e-07,-0.001152878
3.765793e-07,-0.0011464154
3.766793e-07,-0.0011370807
3.767793e-07,-0.0011277459
3.768793e-07,-0.0011220014
3.769793e-07,-0.0011234375
3.770793e-07,-0.0011313362
3.771793e-07,-0.0011435432
3.772793e-07,-0.0011579044
3.773793e-07,-0.0011693934
3.774793e-07,-0.0011744198
3.775793e-07,-0.0011708295
3.776793e-07,-0.0011607767
3.777793e-07,-0.0011464154
3.778793e-07,-0.0011342084
3.779793e-07,-0.0011284639
3.780793e-07,-0.0011327723
3.781793e-07,-0.0011464154
3.782793e-07,-0.0011658031
3.783793e-07,-0.0011844727
3.784793e-07,-0.0011981158
3.785793e-07,-0.0012038603
3.786793e-07,-0.0012017061
3.787793e-07,-0.0011959616
3.788793e-07,-0.0011916533
3.789793e-07,-0.0011923713
3.790793e-07,-0.00120027
3.791793e-07,-0.001212477
3.792793e-07,-0.0012261202
3.793793e-07,-0.0012383272
3.794793e-07,-0.0012469439
3.795793e-07,-0.0012534065
3.796793e-07,-0.0012613051
3.797793e-07,-0.0012727941
3.798793e-07,-0.0012900276
3.799793e-07,-0.0013130055
3.800793e-07,-0.0013388557
3.801793e-07,-0.0013647059
3.802793e-07,-0.0013869658
3.803793e-07,-0.0014041992
3.804793e-07,-0.0014156882
3.805793e-07,-0.0014221507
3.806793e-07,-0.0014235869
3.807793e-07,-0.0014207146
3.808793e-07,-0.0014149701
3.809793e-07,-0.0014106618
3.810793e-07,-0.0014099437
3.811793e-07,-0.0014171243
3.812793e-07,-0.0014329216
3.813793e-07,-0.0014566176
3.814793e-07,-0.0014831859
3.815793e-07,-0.0015061638
3.816793e-07,-0.001520525
3.817793e-07,-0.0015255515
3.818793e-07,-0.0015226792
3.819793e-07,-0.0015183709
3.820793e-07,-0.0015183709
3.821793e-07,-0.0015255515
3.822793e-07,-0.0015391946
3.823793e-07,-0.0015535558
3.824793e-07,-0.0015621726
3.825793e-07,-0.0015600184
3.826793e-07,-0.0015478114
3.827793e-07,-0.0015305779
3.828793e-07,-0.0015169347
3.829793e-07,-0.0015140625
3.830793e-07,-0.0015248334
3.831793e-07,-0.0015456572
3.832793e-07,-0.001567917
3.833793e-07,-0.0015829963
3.834793e-07,-0.0015829963
3.835793e-07,-0.0015664809
3.836793e-07,-0.0015370404
3.837793e-07,-0.0015025735
3.838793e-07,-0.0014709789
3.839793e-07,-0.0014480009
3.840793e-07,-0.0014357939
3.841793e-07,-0.0014336397
3.842793e-07,-0.0014386661
3.843793e-07,-0.0014472829
3.844793e-07,-0.0014580538
3.845793e-07,-0.0014681066
3.846793e-07,-0.0014767233
3.847793e-07,-0.0014817498
3.848793e-07,-0.0014824678
3.849793e-07,-0.0014795956
3.850793e-07,-0.0014745692
3.851793e-07,-0.0014702608
3.852793e-07,-0.0014681066
3.853793e-07,-0.0014681066
3.854793e-07,-0.0014688247
3.855793e-07,-0.0014659524
3.856793e-07,-0.0014587718
3.857793e-07,-0.0014451287
3.858793e-07,-0.0014300494
3.859793e-07,-0.0014178424
3.860793e-07,-0.0014149701
3.861793e-07,-0.0014221507
3.862793e-07,-0.00143723
3.863793e-07,-0.0014537454
3.864793e-07,-0.0014652344
3.865793e-07,-0.0014681066
3.866793e-07,-0.0014630802
3.867793e-07,-0.0014558996
3.868793e-07,-0.0014523093
3.869793e-07,-0.0014566176
3.870793e-07,-0.0014666705
3.871793e-07,-0.0014760053
3.872793e-07,-0.0014781595
3.873793e-07,-0.0014681066
3.874793e-07,-0.0014472829
3.875793e-07,-0.0014243049
3.876793e-07,-0.0014092256
3.877793e-07,-0.0014106618
3.878793e-07,-0.0014293313
3.879793e-07,-0.0014587718
3.880793e-07,-0.0014867762
3.881793e-07,-0.0015025735
3.882793e-07,-0.0014997013
3.883793e-07,-0.0014810317
3.884793e-07,-0.0014551815
3.885793e-07,-0.0014336397
3.886793e-07,-0.0014243049
3.887793e-07,-0.0014271772
3.888793e-07,-0.00143723
3.889793e-07,-0.0014451287
3.890793e-07,-0.0014422564
3.891793e-07,-0.001425741
3.892793e-07,-0.001401327
3.893793e-07,-0.0013761949
3.894793e-07,-0.0013596795
3.895793e-07,-0.0013568072
3.896793e-07,-0.0013675781
3.897793e-07,-0.0013876838
3.898793e-07,-0.0014099437
3.899793e-07,-0.0014286133
3.900793e-07,-0.0014401023
3.901793e-07,-0.0014451287
3.902793e-07,-0.0014444106
3.903793e-07,-0.0014393842
3.904793e-07,-0.0014314855
3.905793e-07,-0.0014221507
3.906793e-07,-0.0014128159
3.907793e-07,-0.0014063534
3.908793e-07,-0.0014049173
3.909793e-07,-0.0014106618
3.910793e-07,-0.0014221507
3.911793e-07,-0.0014365119
3.912793e-07,-0.001448719
3.913793e-07,-0.0014566176
3.914793e-07,-0.0014587718
3.915793e-07,-0.0014566176
3.916793e-07,-0.0014551815
3.917793e-07,-0.0014566176
3.918793e-07,-0.0014623621
3.919793e-07,-0.0014695427
3.920793e-07,-0.0014767233
3.921793e-07,-0.0014795956
3.922793e-07,-0.0014788775
3.923793e-07,-0.0014760053
3.924793e-07,-0.0014752872
3.925793e-07,-0.0014795956
3.926793e-07,-0.0014882123
3.927793e-07,-0.0014989832
3.928793e-07,-0.0015090361
3.929793e-07,-0.0015140625
3.930793e-07,-0.0015154986
3.931793e-07,-0.0015154986
3.932793e-07,-0.0015183709
3.933793e-07,-0.0015255515
3.934793e-07,-0.0015356043
3.935793e-07,-0.001544221
3.936793e-07,-0.0015456572
3.937793e-07,-0.0015370404
3.938793e-07,-0.001519807
3.939793e-07,-0.0015011374
3.940793e-07,-0.0014896484
3.941793e-07,-0.0014910846
3.942793e-07,-0.001508318
3.943793e-07,-0.0015363224
3.944793e-07,-0.001567917
3.945793e-07,-0.0015944853
3.946793e-07,-0.0016117187
3.947793e-07,-0.0016210535
3.948793e-07,-0.0016246438
3.949793e-07,-0.0016289522
3.950793e-07,-0.0016354148
3.951793e-07,-0.0016433134
3.952793e-07,-0.001649776
3.953793e-07,-0.0016519301
3.954793e-07,-0.001649776
3.955793e-07,-0.0016476218
3.956793e-07,-0.001650494
3.957793e-07,-0.0016634191
3.958793e-07,-0.0016863971
3.959793e-07,-0.0017136834
3.960793e-07,-0.0017388155
3.961793e-07,-0.0017553309
3.962793e-07,-0.0017603573
3.963793e-07,-0.0017582031
3.964793e-07,-0.0017538948
3.965793e-07,-0.0017553309
3.966793e-07,-0.0017646657
3.967793e-07,-0.0017790269
3.968793e-07,-0.0017933881
3.969793e-07,-0.0018012868
3.970793e-07,-0.0018005687
3.971793e-07,-0.0017933881
3.972793e-07,-0.0017876436
3.973793e-07,-0.0017897978
3.974793e-07,-0.0018027229
3.975793e-07,-0.0018235466
3.976793e-07,-0.0018450885
3.977793e-07,-0.0018587316
3.978793e-07,-0.0018580136
3.979793e-07,-0.0018429343
3.980793e-07,-0.0018178022
3.981793e-07,-0.0017897978
3.982793e-07,-0.0017653837
3.983793e-07,-0.0017474322
3.984793e-07,-0.001733071
3.985793e-07,-0.001720864
3.986793e-07,-0.0017079389
3.987793e-07,-0.0016957318
3.988793e-07,-0.0016871151
3.989793e-07,-0.0016863971
3.990793e-07,-0.0016942957
3.991793e-07,-0.0017079389
3.992793e-07,-0.0017223001
3.993793e-07,-0.0017323529
3.994793e-07,-0.0017337891
3.995793e-07,-0.0017273265
3.996793e-07,-0.0017172737
3.997793e-07,-0.001709375
3.998793e-07,-0.0017065028
3.999793e-07,-0.001709375
4.000793e-07,-0.0017158375
4.001793e-07,-0.001720864
4.002793e-07,-0.0017230182
4.003793e-07,-0.0017237362
4.004793e-07,-0.0017251723
4.005793e-07,-0.0017323529
4.006793e-07,-0.0017467142
4.007793e-07,-0.0017675379
4.008793e-07,-0.0017912339
4.009793e-07,-0.0018127757
4.010793e-07,-0.0018300092
4.011793e-07,-0.0018436523
4.012793e-07,-0.0018565774
4.013793e-07,-0.0018702206
4.014793e-07,-0.0018860179
4.015793e-07,-0.0019025333
4.016793e-07,-0.0019133042
4.017793e-07,-0.0019161765
4.018793e-07,-0.0019089959
4.019793e-07,-0.0018946347
4.020793e-07,-0.0018795554
4.021793e-07,-0.0018702206
4.022793e-07,-0.0018723748
4.023793e-07,-0.001886736
4.024793e-07,-0.001910432
4.025793e-07,-0.0019391544
4.026793e-07,-0.0019671588
4.027793e-07,-0.0019915728
4.028793e-07,-0.0020088063
4.029793e-07,-0.0020195772
4.030793e-07,-0.0020217314
4.031793e-07,-0.0020145508
4.032793e-07,-0.0019973173
4.033793e-07,-0.0019736213
4.034793e-07,-0.0019477711
4.035793e-07,-0.0019276654
4.036793e-07,-0.0019197668
4.037793e-07,-0.0019276654
4.038793e-07,-0.0019492073
4.039793e-07,-0.0019772116
4.040793e-07,-0.0020030618
4.041793e-07,-0.0020195772
4.042793e-07,-0.0020231675
4.043793e-07,-0.0020159869
4.044793e-07,-0.002005216
4.045793e-07,-0.0019965993
4.046793e-07,-0.0019944451
4.047793e-07,-0.0019980354
4.048793e-07,-0.0020037799
4.049793e-07,-0.0020080882
4.050793e-07,-0.0020088063
4.051793e-07,-0.0020088063
4.052793e-07,-0.0020109605
4.053793e-07,-0.0020195772
4.054793e-07,-0.0020360926
4.055793e-07,-0.0020569164
4.056793e-07,-0.002076304
4.057793e-07,-0.002088511
4.058793e-07,-0.0020906652
4.059793e-07,-0.0020842027
4.060793e-07,-0.0020734318
4.061793e-07,-0.0020655331
4.062793e-07,-0.0020633789
4.063793e-07,-0.0020662511
4.064793e-07,-0.0020719956
4.065793e-07,-0.0020770221
4.066793e-07,-0.0020798943
4.067793e-07,-0.0020820485
4.068793e-07,-0.0020870749
4.069793e-07,-0.0021
4.070793e-07,-0.0021201057
4.071793e-07,-0.0021445198
4.072793e-07,-0.0021667796
4.073793e-07,-0.0021804228
4.074793e-07,-0.0021811409
4.075793e-07,-0.0021703699
4.076793e-07,-0.0021524184
4.077793e-07,-0.0021344669
4.078793e-07,-0.0021215418
4.079793e-07,-0.0021143612
4.080793e-07,-0.002112207
4.081793e-07,-0.002111489
4.082793e-07,-0.0021093348
4.083793e-07,-0.0021064625
4.084793e-07,-0.0021064625
4.085793e-07,-0.002111489
4.086793e-07,-0.002123696
4.087793e-07,-0.0021402114
4.088793e-07,-0.0021574449
4.089793e-07,-0.0021689338
4.090793e-07,-0.0021703699
4.091793e-07,-0.0021624713
4.092793e-07,-0.0021488281
4.093793e-07,-0.0021344669
4.094793e-07,-0.0021251321
4.095793e-07,-0.0021222599
4.096793e-07,-0.0021265682
4.097793e-07,-0.0021344669
4.098793e-07,-0.0021430836
4.099793e-07,-0.0021495462
4.100793e-07,-0.0021538545
4.101793e-07,-0.0021574449
4.102793e-07,-0.0021610352
4.103793e-07,-0.0021660616
4.104793e-07,-0.0021725241
4.105793e-07,-0.0021804228
4.106793e-07,-0.0021897576
4.107793e-07,-0.0022005285
4.108793e-07,-0.0022127355
4.109793e-07,-0.0022263787
4.110793e-07,-0.0022378676
4.111793e-07,-0.0022443302
4.112793e-07,-0.0022443302
4.113793e-07,-0.0022378676
4.114793e-07,-0.0022285329
4.115793e-07,-0.0022227884
4.116793e-07,-0.0022249426
4.117793e-07,-0.0022378676
4.118793e-07,-0.0022586914
4.119793e-07,-0.0022823874
4.120793e-07,-0.0022996209
4.121793e-07,-0.0023068015
4.122793e-07,-0.0023024931
4.123793e-07,-0.0022902861
4.124793e-07,-0.0022787971
4.125793e-07,-0.0022723346
4.126793e-07,-0.0022744887
4.127793e-07,-0.0022823874
4.128793e-07,-0.0022910041
4.129793e-07,-0.0022953125
4.130793e-07,-0.0022931583
4.131793e-07,-0.0022874138
4.132793e-07,-0.0022823874
4.133793e-07,-0.0022838235
4.134793e-07,-0.0022938764
4.135793e-07,-0.0023111098
4.136793e-07,-0.0023290614
4.137793e-07,-0.0023412684
4.138793e-07,-0.0023448587
4.139793e-07,-0.0023412684
4.140793e-07,-0.0023340878
4.141793e-07,-0.0023297794
4.142793e-07,-0.0023326517
4.143793e-07,-0.0023441406
4.144793e-07,-0.002359938
4.145793e-07,-0.0023757353
4.146793e-07,-0.0023879423
4.147793e-07,-0.0023965591
4.148793e-07,-0.0024030216
4.149793e-07,-0.0024102022
4.150793e-07,-0.0024216912
4.151793e-07,-0.0024367705
4.152793e-07,-0.0024532858
4.153793e-07,-0.0024676471
4.154793e-07,-0.0024769818
4.155793e-07,-0.0024798541
4.156793e-07,-0.0024798541
4.157793e-07,-0.002479136
4.158793e-07,-0.0024805722
4.159793e-07,-0.0024855986
4.160793e-07,-0.0024927792
4.161793e-07,-0.002502114
4.162793e-07,-0.0025121668
4.163793e-07,-0.0025243739
4.164793e-07,-0.0025401712
4.165793e-07,-0.0025595588
4.166793e-07,-0.0025825368
4.167793e-07,-0.0026055147
4.168793e-07,-0.0026263385
4.169793e-07,-0.0026399816
4.170793e-07,-0.0026457261
4.171793e-07,-0.00264429
4.172793e-07,-0.0026378274
4.173793e-07,-0.0026284926
4.174793e-07,-0.0026170037
4.175793e-07,-0.0026047966
4.176793e-07,-0.0025925896
4.177793e-07,-0.0025825368
4.178793e-07,-0.0025782284
4.179793e-07,-0.0025832548
4.180793e-07,-0.0026004883
4.181793e-07,-0.0026284926
4.182793e-07,-0.0026615234
4.183793e-07,-0.0026909639
4.184793e-07,-0.0027081974
4.185793e-07,-0.0027089154
4.186793e-07,-0.0026952723
4.187793e-07,-0.0026751666
4.188793e-07,-0.0026586512
4.189793e-07,-0.0026514706
4.190793e-07,-0.0026572151
4.191793e-07,-0.0026715763
4.192793e-07,-0.0026866556
4.193793e-07,-0.0026974265
4.194793e-07,-0.0027002987
4.195793e-07,-0.0026988626
4.196793e-07,-0.0027002987
4.197793e-07,-0.0027089154
4.198793e-07,-0.002727585
4.199793e-07,-0.0027527171
4.200793e-07,-0.0027756951
4.201793e-07,-0.0027893382
4.202793e-07,-0.0027900563
4.203793e-07,-0.0027792854
4.204793e-07,-0.0027649242
4.205793e-07,-0.0027548713
4.206793e-07,-0.0027563074
4.207793e-07,-0.0027692325
4.208793e-07,-0.0027907744
4.209793e-07,-0.0028123162
4.210793e-07,-0.0028295496
4.211793e-07,-0.0028388844
4.212793e-07,-0.0028439108
4.213793e-07,-0.0028467831
4.214793e-07,-0.0028525276
4.215793e-07,-0.0028611443
4.216793e-07,-0.0028719152
4.217793e-07,-0.00288125
4.218793e-07,-0.0028877125
4.219793e-07,-0.0028920209
4.220793e-07,-0.0028970473
4.221793e-07,-0.0029042279
4.222793e-07,-0.0029157169
4.223793e-07,-0.0029279239
4.224793e-07,-0.0029372587
4.225793e-07,-0.0029386949
4.226793e-07,-0.0029300781
4.227793e-07,-0.0029128447
4.228793e-07,-0.0028941751
4.229793e-07,-0.00288125
4.230793e-07,-0.0028798139
4.231793e-07,-0.0028913028
4.232793e-07,-0.0029135627
4.233793e-07,-0.0029386949
4.234793e-07,-0.0029609547
4.235793e-07,-0.0029745979
4.236793e-07,-0.0029781882
4.237793e-07,-0.0029731618
4.238793e-07,-0.0029631089
4.239793e-07,-0.0029501838
4.240793e-07,-0.0029379768
4.241793e-07,-0.0029272059
4.242793e-07,-0.0029193072
4.243793e-07,-0.0029157169
4.244793e-07,-0.0029185892
4.245793e-07,-0.0029272059
4.246793e-07,-0.002940849
4.247793e-07,-0.0029559283
4.248793e-07,-0.0029674173
4.249793e-07,-0.0029731618
4.250793e-07,-0.0029710076
4.251793e-07,-0.0029631089
4.252793e-07,-0.0029552102
4.253793e-07,-0.0029501838
4.254793e-07,-0.0029516199
4.255793e-07,-0.0029588006
4.256793e-07,-0.0029681353
4.257793e-07,-0.0029731618
4.258793e-07,-0.0029702895
4.259793e-07,-0.0029595186
4.260793e-07,-0.0029437213
4.261793e-07,-0.0029272059
4.262793e-07,-0.002917153
4.263793e-07,-0.0029157169
4.264793e-07,-0.0029243336
4.265793e-07,-0.0029386949
4.266793e-07,-0.0029537741
4.267793e-07,-0.002964545
4.268793e-07,-0.0029674173
4.269793e-07,-0.0029616728
4.270793e-07,-0.0029487477
4.271793e-07,-0.0029307962
4.272793e-07,-0.0029114085
4.273793e-07,-0.002892739
4.274793e-07,-0.0028769416
4.275793e-07,-0.0028654527
4.276793e-07,-0.0028589901
4.277793e-07,-0.0028582721
4.278793e-07,-0.0028611443
4.279793e-07,-0.0028661707
4.280793e-07,-0.002869761
4.281793e-07,-0.002869761
4.282793e-07,-0.0028654527
4.283793e-07,-0.0028568359
4.284793e-07,-0.002846065
4.285793e-07,-0.0028352941
4.286793e-07,-0.0028266774
4.287793e-07,-0.0028202148
4.288793e-07,-0.0028159065
4.289793e-07,-0.0028123162
4.290793e-07,-0.0028080078
4.291793e-07,-0.0028036994
4.292793e-07,-0.0028008272
4.293793e-07,-0.0028008272
4.294793e-07,-0.0028051356
4.295793e-07,-0.0028144704
4.296793e-07,-0.0028252413
4.297793e-07,-0.0028352941
4.298793e-07,-0.0028417567
4.299793e-07,-0.0028431928
4.300793e-07,-0.0028403205
4.301793e-07,-0.0028352941
4.302793e-07,-0.0028324219
4.303793e-07,-0.0028331399
4.304793e-07,-0.0028381664
4.305793e-07,-0.0028467831
4.306793e-07,-0.0028546818
4.307793e-07,-0.0028582721
4.308793e-07,-0.0028553998
4.309793e-07,-0.0028467831
4.310793e-07,-0.0028352941
4.311793e-07,-0.0028252413
4.312793e-07,-0.0028202148
4.313793e-07,-0.0028238051
4.314793e-07,-0.002833858
4.315793e-07,-0.0028467831
4.316793e-07,-0.0028568359
4.317793e-07,-0.0028582721
4.318793e-07,-0.0028489373
4.319793e-07,-0.0028309858
4.320793e-07,-0.0028087259
4.321793e-07,-0.0027893382
4.322793e-07,-0.0027792854
4.323793e-07,-0.0027821576
4.324793e-07,-0.0027950827
4.325793e-07,-0.0028123162
4.326793e-07,-0.0028266774
4.327793e-07,-0.0028324219
4.328793e-07,-0.0028266774
4.329793e-07,-0.0028123162
4.330793e-07,-0.0027965188
4.331793e-07,-0.0027871841
4.332793e-07,-0.0027886202
4.333793e-07,-0.0028008272
4.334793e-07,-0.0028187787
4.335793e-07,-0.0028360122
4.336793e-07,-0.002846065
4.337793e-07,-0.0028467831
4.338793e-07,-0.0028417567
4.339793e-07,-0.0028374483
4.340793e-07,-0.0028417567
4.341793e-07,-0.0028582721
4.342793e-07,-0.0028855584
4.343793e-07,-0.0029178711
4.344793e-07,-0.0029451574
4.345793e-07,-0.0029616728
4.346793e-07,-0.002964545
4.347793e-07,-0.0029573644
4.348793e-07,-0.0029465935
4.349793e-07,-0.0029386949
4.350793e-07,-0.0029379768
4.351793e-07,-0.0029430032
4.352793e-07,-0.0029487477
4.353793e-07,-0.0029501838
4.354793e-07,-0.0029444393
4.355793e-07,-0.0029322323
4.356793e-07,-0.0029200253
4.357793e-07,-0.0029157169
4.358793e-07,-0.0029243336
4.359793e-07,-0.0029458755
4.360793e-07,-0.0029767521
4.361793e-07,-0.0030076287
4.362793e-07,-0.0030291705
4.363793e-07,-0.003034915
4.364793e-07,-0.003022708
4.365793e-07,-0.0029961397
4.366793e-07,-0.002963827
4.367793e-07,-0.0029329504
4.368793e-07,-0.0029121266
4.369793e-07,-0.0029042279
4.370793e-07,-0.0029092544
4.371793e-07,-0.0029236156
4.372793e-07,-0.0029430032
4.373793e-07,-0.0029616728
4.374793e-07,-0.0029767521
4.375793e-07,-0.0029860869
4.376793e-07,-0.0029918313
4.377793e-07,-0.0029961397
4.378793e-07,-0.0030026023
4.379793e-07,-0.003011219
4.380793e-07,-0.0030219899
4.381793e-07,-0.0030306066
4.382793e-07,-0.0030327608
4.383793e-07,-0.0030241441
4.384793e-07,-0.0030069106
4.385793e-07,-0.0029846507
4.386793e-07,-0.0029666992
4.387793e-07,-0.0029623909
4.388793e-07,-0.002976034
4.389793e-07,-0.0030076287
4.390793e-07,-0.0030499943
4.391793e-07,-0.0030916418
4.392793e-07,-0.0031210823
4.393793e-07,-0.0031340074
4.394793e-07,-0.0031311351
4.395793e-07,-0.0031196461
4.396793e-07,-0.0031110294
4.397793e-07,-0.0031110294
4.398793e-07,-0.0031218003
4.399793e-07,-0.0031390338
4.400793e-07,-0.0031526769
4.401793e-07,-0.0031569853
4.402793e-07,-0.0031490866
4.403793e-07,-0.0031347254
4.404793e-07,-0.0031225184
4.405793e-07,-0.0031225184
4.406793e-07,-0.0031397518
4.407793e-07,-0.0031706284
4.408793e-07,-0.0032072495
4.409793e-07,-0.0032374081
4.410793e-07,-0.0032524874
4.411793e-07,-0.0032503332
4.412793e-07,-0.0032345358
4.413793e-07,-0.0032144301
4.414793e-07,-0.0031986328
4.415793e-07,-0.0031936064
4.416793e-07,-0.0032000689
4.417793e-07,-0.0032144301
4.418793e-07,-0.0032323817
4.419793e-07,-0.003248179
4.420793e-07,-0.0032618222
4.421793e-07,-0.003271875
4.422793e-07,-0.0032812098
4.423793e-07,-0.0032898265
4.424793e-07,-0.0032984432
4.425793e-07,-0.0033063419
4.426793e-07,-0.0033113683
4.427793e-07,-0.0033128045
4.428793e-07,-0.0033106503
4.429793e-07,-0.0033063419
4.430793e-07,-0.0033020335
4.431793e-07,-0.0032991613
4.432793e-07,-0.0032998794
4.433793e-07,-0.0033063419
4.434793e-07,-0.003319267
4.435793e-07,-0.0033386546
4.436793e-07,-0.0033623506
4.437793e-07,-0.0033867647
4.438793e-07,-0.0034068704
4.439793e-07,-0.0034176413
4.440793e-07,-0.0034176413
4.441793e-07,-0.0034097426
4.442793e-07,-0.0034004079
4.443793e-07,-0.0033968176
4.444793e-07,-0.0034032801
4.445793e-07,-0.0034212316
4.446793e-07,-0.0034442096
4.447793e-07,-0.0034635972
4.448793e-07,-0.0034714959
4.449793e-07,-0.0034671875
4.450793e-07,-0.0034535443
4.451793e-07,-0.0034406193
4.452793e-07,-0.0034355928
4.453793e-07,-0.0034442096
4.454793e-07,-0.0034621611
4.455793e-07,-0.0034822668
4.456793e-07,-0.0034930377
4.457793e-07,-0.0034901654
4.458793e-07,-0.0034750862
4.459793e-07,-0.0034564166
4.460793e-07,-0.0034434915
4.461793e-07,-0.0034442096
4.462793e-07,-0.0034571347
4.463793e-07,-0.0034758042
4.464793e-07,-0.0034894474
4.465793e-07,-0.0034901654
4.466793e-07,-0.0034793945
4.467793e-07,-0.0034650333
4.468793e-07,-0.0034578527
4.469793e-07,-0.0034671875
4.470793e-07,-0.0034930377
4.471793e-07,-0.0035275046
4.472793e-07,-0.0035569451
4.473793e-07,-0.0035705882
4.474793e-07,-0.0035626896
4.475793e-07,-0.0035397116
4.476793e-07,-0.0035109892
4.477793e-07,-0.0034901654
4.478793e-07,-0.0034837029
4.479793e-07,-0.0034894474
4.480793e-07,-0.0035023725
4.481793e-07,-0.0035131434
4.482793e-07,-0.0035174517
4.483793e-07,-0.0035174517
4.484793e-07,-0.0035174517
4.485793e-07,-0.0035246324
4.486793e-07,-0.0035389936
4.487793e-07,-0.003556227
4.488793e-07,-0.0035691521
4.489793e-07,-0.0035705882
4.490793e-07,-0.0035598173
4.491793e-07,-0.0035425839
4.492793e-07,-0.0035282227
4.493793e-07,-0.0035246324
4.494793e-07,-0.0035346852
4.495793e-07,-0.0035533548
4.496793e-07,-0.0035713063
4.497793e-07,-0.0035820772
4.498793e-07,-0.0035820772
4.499793e-07,-0.0035770508
4.500793e-07,-0.0035748966
4.501793e-07,-0.0035820772
4.502793e-07,-0.0036007468
4.503793e-07,-0.0036244428
4.504793e-07,-0.0036431124
4.505793e-07,-0.003651011
4.506793e-07,-0.0036459846
4.507793e-07,-0.0036359318
4.508793e-07,-0.0036309053
4.509793e-07,-0.0036395221
4.510793e-07,-0.0036625
4.511793e-07,-0.0036933766
4.512793e-07,-0.0037192268
4.513793e-07,-0.0037314338
4.514793e-07,-0.0037285616
4.515793e-07,-0.0037170726
4.516793e-07,-0.0037106101
4.517793e-07,-0.0037199449
4.518793e-07,-0.0037472312
4.519793e-07,-0.0037838523
4.520793e-07,-0.0038176011
4.521793e-07,-0.0038348346
4.522793e-07,-0.0038305262
4.523793e-07,-0.0038111386
4.524793e-07,-0.0037888787
4.525793e-07,-0.0037773897
4.526793e-07,-0.0037824161
4.527793e-07,-0.0037989315
4.528793e-07,-0.003816883
4.529793e-07,-0.0038233456
4.530793e-07,-0.0038132927
4.531793e-07,-0.0037903148
4.532793e-07,-0.0037666188
4.533793e-07,-0.0037544118
4.534793e-07,-0.0037601562
4.535793e-07,-0.0037795439
4.536793e-07,-0.0038010857
4.537793e-07,-0.0038118566
4.538793e-07,-0.003804676
4.539793e-07,-0.00378098
4.540793e-07,-0.0037529756
4.541793e-07,-0.0037314338
4.542793e-07,-0.0037256893
4.543793e-07,-0.0037343061
4.544793e-07,-0.0037479492
4.545793e-07,-0.0037544118
4.546793e-07,-0.003745795
4.547793e-07,-0.003722099
4.548793e-07,-0.0036912224
4.549793e-07,-0.0036625
4.550793e-07,-0.0036452665
4.551793e-07,-0.0036416762
4.552793e-07,-0.0036459846
4.553793e-07,-0.003651011
4.554793e-07,-0.003651011
4.555793e-07,-0.0036445485
4.556793e-07,-0.0036359318
4.557793e-07,-0.0036280331
4.558793e-07,-0.0036237247
4.559793e-07,-0.0036215705
4.560793e-07,-0.0036165441
4.561793e-07,-0.0036050551
4.562793e-07,-0.0035892578
4.563793e-07,-0.0035748966
4.564793e-07,-0.0035705882
4.565793e-07,-0.0035820772
4.566793e-07,-0.0036086455
4.567793e-07,-0.0036402401
4.568793e-07,-0.0036653722
4.569793e-07,-0.003673989
4.570793e-07,-0.0036632181
4.571793e-07,-0.0036395221
4.572793e-07,-0.0036165441
4.573793e-07,-0.0036050551
4.574793e-07,-0.0036115177
4.575793e-07,-0.0036323415
4.576793e-07,-0.0036560375
4.577793e-07,-0.003673989
4.578793e-07,-0.0036797335
4.579793e-07,-0.0036754251
4.580793e-07,-0.0036711167
4.581793e-07,-0.003673989
4.582793e-07,-0.0036883502
4.583793e-07,-0.0037106101
4.584793e-07,-0.0037321519
4.585793e-07,-0.0037429228
4.586793e-07,-0.0037407686
4.587793e-07,-0.0037299977
4.588793e-07,-0.0037199449
4.589793e-07,-0.0037199449
4.590793e-07,-0.003733588
4.591793e-07,-0.0037544118
4.592793e-07,-0.0037730813
4.593793e-07,-0.0037773897
4.594793e-07,-0.0037637466
4.595793e-07,-0.0037357422
4.596793e-07,-0.0037055836
4.597793e-07,-0.0036854779
4.598793e-07,-0.0036826057
4.599793e-07,-0.0036955308
4.600793e-07,-0.0037156365
4.601793e-07,-0.0037314338
4.602793e-07,-0.0037357422
4.603793e-07,-0.0037285616
4.604793e-07,-0.0037127642
4.605793e-07,-0.0036969669
4.606793e-07,-0.0036847599
4.607793e-07,-0.0036754251
4.608793e-07,-0.0036653722
4.609793e-07,-0.003651011
4.610793e-07,-0.0036330595
4.611793e-07,-0.0036165441
4.612793e-07,-0.0036093635
4.613793e-07,-0.0036165441
4.614793e-07,-0.0036359318
4.615793e-07,-0.0036596278
4.616793e-07,-0.0036754251
4.617793e-07,-0.003673989
4.618793e-07,-0.0036546013
4.619793e-07,-0.0036258789
4.620793e-07,-0.0036014648
4.621793e-07,-0.0035935662
4.622793e-07,-0.0036057732
4.623793e-07,-0.0036323415
4.624793e-07,-0.0036589097
4.625793e-07,-0.003673989
4.626793e-07,-0.0036696806
4.627793e-07,-0.003651011
4.628793e-07,-0.0036287511
4.629793e-07,-0.0036165441
4.630793e-07,-0.0036222886
