LECROYHDO6104B,11090,Waveform
Segments,1,SegmentSize,4866
Segment,TrigTime,TimeSinceSegment1
#1,04-May-2026 18:45:31,0                 
Time,Ampl
995134,0.030272719
995135,0.0071490118
995136,0.021110984
995137,0.039267149
995138,0.0094460882
995139,0.010425523
995140,0.0061626802
995141,0.0074190027
995142,0.015207807
995143,0.0070958757
995144,0.0096567292
995145,0.0073048309
995146,0.020425236
995147,0.0077134077
995148,0.011580883
995149,0.007033404
995150,0.0075970818
995151,0.0073249368
995152,0.016869534
995153,0.027171416
995154,0.0072703641
995155,0.0072840075
995156,0.012857358
995157,0.025857229
995158,0.0074333642
995159,0.0074886545
995160,0.024521053
995161,0.013730038
995162,0.0072337431
995163,0.0077155619
995164,0.017547349
995165,0.017291619
995166,0.013832721
995167,0.018152574
995168,0.017226275
995169,0.0073953066
995170,0.013845646
995171,0.010327866
995172,0.0072380514
995173,0.019755285
995174,0.010601448
995175,0.020381434
995176,0.0071841967
995177,0.010581342
995178,0.020409439
995179,0.010260369
995180,0.0071949679
995181,0.01391458
995182,0.0023248421
995183,0.0068215765
995184,0.0043017659
995185,0.010665355
995186,0.010615809
995187,0.006960162
995188,0.017304543
995189,0.011243394
995190,0.0098632816
995191,0.0061566504
995192,0.020226333
995193,0.0095430259
995194,0.0070973118
995195,0.017217658
995196,0.0068502985
995197,0.0075159408
995198,0.0069637522
995199,0.010493021
995200,0.0071712718
995201,0.013267743
995202,0.03136402
995203,0.010743624
995204,0.0071942499
995205,0.0075310203
995206,0.011086857
995207,0.016626695
995208,0.018032657
995209,0.0097677791
995210,0.0070427391
995211,0.0073795095
995212,0.0068474263
995213,0.014142923
995214,0.013147563
995215,0.0071066464
995216,0.010640941
995217,0.010735007
995218,0.0064285179
995219,0.022894606
995220,0.0097519821
995221,0.010281192
995222,0.010249598
995223,0.0072567211
995224,0.014309512
995225,0.0068517351
995226,0.0070815142
995227,0.0062749675
995228,0.0074462891
995229,0.039453126
995230,0.0098704621
995231,0.016295319
995232,0.007349351
995233,0.014028033
995234,0.017589614
995235,0.030358266
995236,0.009429751
995237,0.01892449
995238,0.0063878666
995239,0.0027698637
995240,0.013579963
995241,0.0071131089
995242,0.0070448932
995243,0.016309587
995244,0.0158515
995245,0.01079711
995246,0.010447782
995247,0.039430149
995248,0.019419834
995249,0.016704964
995250,0.013397057
995251,0.01428079
995252,0.014435174
995253,0.024360927
995254,0.0078512756
995255,0.01567311
995256,0.011517959
995257,0.0076746321
995258,0.0073874081
995259,0.033559281
995260,0.014164465
995261,0.01043773
995262,0.0075834384
995263,0.020909926
995264,0.016964901
995265,0.0097766789
995266,0.013752297
995267,0.019456957
995268,0.00736443
995269,0.013924632
995270,0.0030316128
995271,0.014423684
995272,0.0095257927
995273,0.01051887
995274,0.037415989
995275,0.027529728
995276,0.0054974724
995277,0.005682359
995278,0.0092754178
995279,0.0040893122
995280,0.0063967453
995281,0.011229751
995282,0.013453584
995283,0.010007611
995284,0.0056870403
995285,0.010641659
995286,0.024152689
995287,0.016842831
995288,0.0046515907
995289,0.012985023
995290,0.0065142633
995291,0.010386029
995292,0.010387465
995293,0.013876522
995294,0.011261346
995295,0.0022684061
995296,0.010512408
995297,0.007349351
995298,0.010471479
995299,0.0065006032
995300,0.031907745
995301,0.013565602
995302,0.013791791
995303,0.0071131089
995304,0.017137911
995305,0.015758201
995306,0.0017778302
995307,0.010684743
995308,0.015555487
995309,0.0097720874
995310,0.0095085595
995311,0.010516716
995312,0.0072954963
995313,0.0073227827
995314,0.006512092
995315,0.010719928
995316,0.021026971
995317,0.014771944
995318,0.019120026
995319,0.0073206285
995320,0.010294118
995321,0.016534379
995322,0.024724266
995323,0.014756147
995324,0.039838005
995325,0.0070513557
995326,0.015350125
995327,0.01476899
995328,0.0075475355
995329,0.010638786
995330,0.0069443649
995331,0.010577751
995332,0.0059555951
995333,0.0097738728
995334,0.014422966
995335,0.0097103342
995336,0.0073191924
995337,0.03756319
995338,0.015556066
995339,0.025039399
995340,0.013809742
995341,0.007599236
995342,0.0095840981
995343,0.014057473
995344,0.012962045
995345,0.01404383
995346,0.010598576
995347,0.010284064
995348,0.0066453936
995349,0.036848001
995350,0.010664637
995351,0.010880055
995352,0.019827945
995353,0.016381113
995354,0.0096781496
995355,0.023394417
995356,0.032596387
995357,0.0065442547
995358,0.0072782626
995359,0.006471158
995360,0.010764447
995361,0.015864832
995362,0.0073299631
995363,0.024594296
995364,0.0068933824
995365,0.0072825714
995366,0.0095684528
995367,0.009379915
995368,0.011339614
995369,0.013894474
995370,0.0091672614
995371,0.030399816
995372,0.00731273
995373,0.030376839
995374,0.013363341
995375,0.01024529
995376,0.0071691177
995377,0.0076573989
995378,0.0062399469
995379,0.0070858225
995380,0.0071971221
995381,0.0072157914
995382,0.0089448821
995383,0.017618336
995384,0.025087066
995385,0.010862104
995386,0.017658548
995387,0.023055406
995388,0.0095595969
995389,0.010581342
995390,0.0039848848
995391,0.010880773
995392,0.039717373
995393,0.007372329
995394,0.027470129
995395,0.014032342
995396,0.035016853
995397,0.0024641037
995398,0.01385139
995399,0.0076573989
995400,0.014073989
995401,0.0072315889
995402,0.013269761
995403,0.012895965
995404,0.0072373333
995405,0.0070599723
995406,0.038595043
995407,0.013018062
995408,0.0064218142
995409,0.039464615
995410,0.014326747
995411,0.0077715707
995412,0.011167279
995413,0.012594545
995414,0.0072631836
995415,0.0083869481
995416,0.0108262
995417,0.039649874
995418,0.010554774
995419,0.019616824
995420,0.010509536
995421,0.020816579
995422,0.027144128
995423,0.010727108
995424,0.039705884
995425,0.0081234202
995426,0.0075252759
995427,0.0070937211
995428,0.0068962546
995429,0.0073845359
995430,0.0068854839
995431,0.0080896718
995432,0.014524213
995433,0.016256893
995434,0.0070348405
995435,0.0065945177
995436,0.0075712316
995437,0.019175109
995438,0.010670382
995439,0.007526712
995440,0.0022635919
995441,0.026875574
995442,0.027094582
995443,0.0066148294
995444,0.0085994946
995445,0.012895441
995446,0.010582778
995447,0.0072617475
995448,0.020180248
995449,0.014200368
995450,0.0075906194
995451,0.017056813
995452,0.019325001
995453,0.014096967
995454,0.020484835
995455,0.03968434
995456,0.023946606
995457,0.013471536
995458,0.007658117
995459,0.01372932
995460,0.017031681
995461,0.020797908
995462,0.0075618969
995463,0.013997156
995464,0.010659611
995465,0.01183005
995466,0.011700081
995467,0.019338809
995468,0.014039522
995469,0.013833439
995470,0.014707319
995471,0.031671502
995472,0.010572007
995473,0.0071942499
995474,0.0070132986
995475,0.010910932
995476,0.0071482938
995477,0.016908893
995478,0.031159524
995479,0.012411678
995480,0.0074721393
995481,0.007732077
995482,0.03049819
995483,0.0090917852
995484,0.011810662
995485,0.0070054
995486,0.0078239888
995487,0.019267004
995488,0.014188878
995489,0.029872041
995490,0.0069738054
995491,0.031344067
995492,0.020705279
995493,0.02001664
995494,0.0072272806
995495,0.010443474
995496,0.0072538489
995497,0.0080437157
995498,0.0029280651
995499,0.010584932
995500,0.010697667
995501,0.0068215765
995502,0.0071461396
995503,0.031060431
995504,0.0065536802
995505,0.0074017695
995506,0.010666791
995507,0.007137523
995508,0.0069365553
995509,0.010491584
995510,0.0070312498
995511,0.023049029
995512,0.0063000992
995513,0.019915413
995514,0.0074721393
995515,0.030706428
995516,0.010523897
995517,0.01759105
995518,0.033499684
995519,0.010594985
995520,0.0093764365
995521,0.0064934227
995522,0.010678998
995523,0.014338235
995524,0.007210765
995525,0.010592831
995526,0.0063741053
995527,0.011265654
995528,0.0067188265
995529,0.014248477
995530,0.0072064567
995531,0.013943302
995532,0.011921961
995533,0.02030101
995534,0.0080013499
995535,0.010661765
995536,0.0071253157
995537,0.022625187
995538,0.010394646
995539,0.0072897519
995540,0.007350069
995541,0.0018454376
995542,0.013754452
995543,0.010569853
995544,0.0084673716
995545,0.011702497
995546,0.010850033
995547,0.018360093
995548,0.020886948
995549,0.0068021887
995550,0.0075985179
995551,0.017873965
995552,0.01449549
995553,0.010154167
995554,0.010294118
995555,0.0073263729
995556,0.010827636
995557,0.0071655274
995558,0.013755888
995559,0.0073895622
995560,0.010496611
995561,0.0096351197
995562,0.030985754
995563,0.010206514
995564,0.015454101
995565,0.016900275
995566,0.014158002
995567,0.039609663
995568,0.0078728171
995569,0.0070872586
995570,0.016501753
995571,0.0072445138
995572,0.0062495377
995573,0.014023007
995574,0.011194565
995575,0.0073026768
995576,0.012160357
995577,0.007254567
995578,0.0098762065
995579,0.0073263729
995580,0.0072969324
995581,0.017273668
995582,0.0097405184
995583,0.014338235
995584,0.014145795
995585,0.013732192
995586,0.0069594439
995587,0.013633817
995588,0.01070772
995589,0.02240108
995590,0.013821231
995591,0.0068546073
995592,0.0059945942
995593,0.016361153
995594,0.030457979
995595,0.013055061
995596,0.02511489
995597,0.0070578181
995598,0.0063311406
995599,0.0071231616
995600,0.0074304915
995601,0.0071490118
995602,0.0076624253
995603,0.0075123506
995604,0.0069924747
995605,0.0075697955
995606,0.017293774
995607,0.0075008618
995608,0.0071411133
995609,0.0071806065
995610,0.0073069851
995611,0.01309856
995612,0.033458754
995613,0.0074218749
995614,0.010357307
995615,0.0072954963
995616,0.015940947
995617,0.0065039485
995618,0.0076351389
995619,0.0076631433
995620,0.023359232
995621,0.013972024
995622,0.010546875
995623,0.0077083814
995624,0.015344956
995625,0.013769049
995626,0.013798972
995627,0.011273553
995628,0.00828283
995629,0.010420497
995630,0.017145135
995631,0.010476505
995632,0.0067059686
995633,0.019064091
995634,0.015347573
995635,0.013699161
995636,0.0072351792
995637,0.01060432
995638,0.0009307884
995639,0.006049661
995640,0.0072265626
995641,0.013064449
995642,0.0068538892
995643,0.0073881261
995644,0.0065350723
995645,0.010342227
995646,0.0073041129
995647,0.0093455594
995648,0.014131434
995649,0.013775276
995650,0.031680837
995651,0.010543285
995652,0.02364861
995653,0.011468299
995654,0.01188534
995655,0.0069996552
995656,0.019210266
995657,0.010414752
995658,0.0067361272
995659,0.0073335534
995660,0.0075022979
995661,0.0069307215
995662,0.0071999943
995663,0.009592968
995664,0.014445227
995665,0.010976993
995666,0.023909984
995667,0.0068617878
995668,0.0073482925
995669,0.007100902
995670,0.020020967
995671,0.0073177563
995672,0.0070161708
995673,0.022325359
995674,0.0085047102
995675,0.0026926422
995676,0.0070728976
995677,0.0090805953
995678,0.017210478
995679,0.010560518
995680,0.0072122011
995681,0.026173202
995682,0.0069113337
995683,0.007328527
995684,0.026922248
995685,0.033153459
995686,0.03095416
995687,0.013264016
995688,0.017178884
995689,0.011041619
995690,0.01013758
995691,0.03708123
995692,0.0069536995
995693,0.010171995
995694,0.038706344
995695,0.0069536995
995696,0.010381003
995697,0.014103429
995698,0.017440258
995699,0.0077593634
995700,0.007247386
995701,0.0096047791
995702,0.0080386894
995703,0.013669003
995704,0.010607192
995705,0.0076408833
995706,0.010462143
995707,0.0075224033
995708,0.0077895219
995709,0.031225212
995710,0.026711857
995711,0.035032026
995712,0.03360524
995713,0.0076021082
995714,0.01789978
995715,0.0078455312
995716,0.0072495406
995717,0.0065649967
995718,0.0061494717
995719,0.027148437
995720,0.01058206
995721,0.020094281
995722,0.010785989
995723,0.0070499196
995724,0.005727252
995725,0.0093824659
995726,0.010112623
995727,0.039809283
995728,0.020912798
995729,0.012737824
995730,0.0079288259
995731,0.0071044923
995732,0.0096385162
995733,0.0071619372
995734,0.01647936
995735,0.0066009667
995736,0.033829495
995737,0.039866727
995738,0.028837316
995739,0.017332548
995740,0.0075669233
995741,0.0094054379
995742,0.020226499
995743,0.014039522
995744,0.0072954963
995745,0.0071231616
995746,0.010105268
995747,0.0065336027
995748,0.014124253
995749,0.0105081
995750,0.020303166
995751,0.007621496
995752,0.0079245176
995753,0.0074204388
995754,0.0062794406
995755,0.03043141
995756,0.0073622759
995757,0.0072251265
995758,0.007173426
995759,0.0078534298
995760,0.016900275
995761,0.0073673022
995762,0.0087072039
995763,0.0139591
995764,0.0072265626
995765,0.022983685
995766,0.007291188
995767,0.0067237047
995768,0.0071253157
995769,0.036967918
995770,0.013311407
995771,0.0070807962
995772,0.0084667262
995773,0.011468147
995774,0.0075166589
995775,0.007218664
995776,0.010562672
995777,0.010420497
995778,0.010126092
995779,0.019731987
995780,0.013686236
995781,0.02294491
995782,0.013277394
995783,0.013759478
995784,0.010002874
995785,0.01391817
995786,0.0073357075
995787,0.017061122
995788,0.0065005478
995789,0.016957721
995790,0.022598805
995791,0.014058909
995792,0.0074563418
995793,0.0072739543
995794,0.0073270909
995795,0.0072825714
995796,0.010539695
995797,0.0069206688
995798,0.0137365
995799,0.0061480352
995800,0.015197754
995801,0.012339154
995802,0.01008947
995803,0.026989028
995804,0.026165688
995805,0.0091215242
995806,0.0082842661
995807,0.012943761
995808,0.0070477654
995809,0.013006951
995810,0.010591395
995811,0.019164171
995812,0.0064065559
995813,0.013770968
995814,0.0072581572
995815,0.017178884
995816,0.012757066
995817,0.019302411
995818,0.0075022979
995819,0.0070298137
995820,0.0082849842
995821,0.032279547
995822,0.0078505576
995823,0.0070010913
995824,0.01727654
995825,0.010930319
995826,0.019842889
995827,0.018651959
995828,0.01044491
995829,0.010600012
995830,0.010576315
995831,0.029305981
995832,0.0089269299
995833,0.010806813
995834,0.023324545
995835,0.010492302
995836,0.0089678597
995837,0.016855039
995838,0.0069163605
995839,0.0060195024
995840,0.010504509
995841,0.0071231616
995842,0.017239919
995843,0.018352194
995844,0.01389591
995845,0.0071559041
995846,0.020362046
995847,0.0099516027
995848,0.020132266
995849,0.0072150733
995850,0.0071612191
995851,0.010646685
995852,0.0021128382
995853,0.013214482
995854,0.0073802276
995855,0.010661765
995856,0.013159832
995857,0.0073795095
995858,0.0084228516
995859,0.0084795784
995860,0.017025217
995861,0.039447382
995862,0.0072215362
995863,0.0068021887
995864,0.030274874
995865,0.020563103
995866,0.0072954963
995867,0.033957805
995868,0.010622271
995869,0.0080781821
995870,0.013786765
995871,0.017463954
995872,0.0070578181
995873,0.013667567
995874,0.0075597428
995875,0.013125794
995876,0.010279756
995877,0.01741728
995878,0.01008229
995879,0.017496984
995880,0.0072043026
995881,0.017440258
995882,0.0080889538
995883,0.0063167796
995884,0.010302017
995885,0.025783405
995886,0.033680636
995887,0.0076150335
995888,0.009679094
995889,0.010397518
995890,0.013926786
995891,0.024154512
995892,0.019503616
995893,0.0084415209
995894,0.020569567
995895,0.0091911769
995896,0.012654488
995897,0.0061208834
995898,0.01051528
995899,0.015386604
995900,0.0082993452
995901,0.0071102367
995902,0.0075733857
995903,0.010435576
995904,0.0086971503
995905,0.02330035
995906,0.007481474
995907,0.0072631836
995908,0.0080810543
995909,0.024616556
995910,0.0171875
995911,0.0065372242
995912,0.011224724
995913,0.020378562
995914,0.0066564223
995915,0.0012734844
995916,0.039533548
995917,0.0068660961
995918,0.010856359
995919,0.010216567
995920,0.0073874081
995921,0.01764706
995922,0.01084128
995923,0.0055750231
995924,0.014047421
995925,0.0073249368
995926,0.011539953
995927,0.010378849
995928,0.0052173394
995929,0.0065435614
995930,0.0056913486
995931,0.01060432
995932,0.0077191521
995933,0.0072244084
995934,0.010213695
995935,0.014135025
995936,0.014006491
995937,0.017280849
995938,0.016130514
995939,0.0071712718
995940,0.010960478
995941,0.0062866211
995942,0.028644219
995943,0.0074441349
995944,0.0072301528
995945,0.010869147
995946,0.011067469
995947,0.0095660044
995948,0.0096533233
995949,0.010595703
995950,0.0074412627
995951,0.010887953
995952,0.019354163
995953,0.021798886
995954,0.0067160213
995955,0.0071949679
995956,0.019910386
995957,0.017865349
995958,0.0071691177
995959,0.02063491
995960,0.027377499
995961,0.010716338
995962,0.0064165397
995963,0.0071820426
995964,0.037461225
995965,0.01060791
995966,0.039200369
995967,0.0072114831
995968,0.0074556237
995969,0.023794375
995970,0.00736443
995971,0.010852051
995972,0.0074419808
995973,0.0061927768
995974,0.010673254
995975,0.024510534
995976,0.03555312
995977,0.039413631
995978,0.0076652975
995979,0.0070829503
995980,0.010601448
995981,0.013920324
995982,0.010026281
995983,0.018027632
995984,0.010279856
995985,0.039590992
995986,0.013953355
995987,0.013803998
995988,0.033919748
995989,0.010368078
995990,0.0070496858
995991,0.030170921
995992,0.0066775167
995993,0.0091841351
995994,0.037344899
995995,0.013885139
995996,0.030307904
995997,0.0072394875
995998,0.0076688877
995999,0.013908835
996000,0.030388327
996001,0.010627298
996002,0.028670482
996003,0.035174541
996004,0.014120663
996005,0.013902373
996006,0.010605756
996007,0.013784611
996008,0.0070872586
996009,0.010922421
996010,0.018462775
996011,0.016277226
996012,0.017297363
996013,0.024655331
996014,0.010661047
996015,0.010213695
996016,0.0083036534
996017,0.0068510165
996018,0.017439539
996019,0.01044491
996020,0.007255285
996021,0.022589471
996022,0.039671414
996023,0.023655791
996024,0.013855699
996025,0.0074247471
996026,0.0075051701
996027,0.039224781
996028,0.0068969727
996029,0.0075417911
996030,0.0068761487
996031,0.0073084212
996032,0.010498047
996033,0.010391774
996034,0.0061264937
996035,0.0026001313
996036,0.0076401653
996037,0.0094633214
996038,0.011355411
996039,0.027409812
996040,0.013646025
996041,0.0075949277
996042,0.0099530388
996043,0.027471565
996044,0.017744714
996045,0.0069572898
996046,0.014295151
996047,0.010073673
996048,0.0072768265
996049,0.02386331
996050,0.017141543
996051,0.0071526021
996052,0.0069673425
996053,0.017428769
996054,0.0073988969
996055,0.017288029
996056,0.0098972647
996057,0.020388614
996058,0.0059569525
996059,0.030820599
996060,0.0053362828
996061,0.010516716
996062,0.014034496
996063,0.01148897
996064,0.0059448243
996065,0.022178022
996066,0.0069400561
996067,0.013572064
996068,0.020261003
996069,0.010622271
996070,0.0072150733
996071,0.013997156
996072,0.0074570598
996073,0.0073816637
996074,0.019278493
996075,0.01041188
996076,0.0071461396
996077,0.010857077
996078,0.016096704
996079,0.012520165
996080,0.010577751
996081,0.016217524
996082,0.0077959844
996083,0.0088127581
996084,0.0073191924
996085,0.0052238903
996086,0.0072782626
996087,0.014298995
996088,0.0072940602
996089,0.013815487
996090,0.028467515
996091,0.006769876
996092,0.010299144
996093,0.0075367647
996094,0.00951574
996095,0.0068546073
996096,0.013832721
996097,0.017695168
996098,0.014372702
996099,0.014096967
996100,0.0071109547
996101,0.016506726
996102,0.0067325369
996103,0.011125632
996104,0.0071942499
996105,0.0073335534
996106,0.009662224
996107,0.010784553
996108,0.0065436866
996109,0.0074111042
996110,0.014028033
996111,0.0063303299
996112,0.014298742
996113,0.020158118
996114,0.011302275
996115,0.017652804
996116,0.0095631322
996117,0.020496324
996118,0.0087560313
996119,0.0094906073
996120,0.0082261031
996121,0.01029699
996122,0.010535386
996123,0.0093203988
996124,0.0094748102
996125,0.017693015
996126,0.0072524128
996127,0.0069544176
996128,0.010329302
996129,0.009895972
996130,0.011149328
996131,0.014015826
996132,0.033340693
996133,0.039660644
996134,0.0074477252
996135,0.013693416
996136,0.012660429
996137,0.034108598
996138,0.0071942499
996139,0.0074836281
996140,0.010770191
996141,0.0075396369
996142,0.0070276596
996143,0.017388556
996144,0.027809054
996145,0.00696088
996146,0.013875804
996147,0.0092098461
996148,0.0082950369
996149,0.023948042
996150,0.022921214
996151,0.014538259
996152,0.0072954963
996153,0.010555492
996154,0.015536679
996155,0.014191751
996156,0.0080114026
996157,0.010028435
996158,0.010714902
996159,0.0076760687
996160,0.0069953469
996161,0.026063448
996162,0.021254595
996163,0.028598033
996164,0.0071565011
996165,0.010581342
996166,0.0072157914
996167,0.015120204
996168,0.012507899
996169,0.010612937
996170,0.010569853
996171,0.024540441
996172,0.032446288
996173,0.0070980298
996174,0.017012293
996175,0.0070664352
996176,0.017363425
996177,0.011917653
996178,0.035087317
996179,0.039745376
996180,0.010351563
996181,0.0078986669
996182,0.017254997
996183,0.020744773
996184,0.019728351
996185,0.014032342
996186,0.0078699449
996187,0.010536104
996188,0.010256778
996189,0.019577706
996190,0.0071231616
996191,0.010405417
996192,0.007115263
996193,0.017430922
996194,0.010445628
996195,0.0074283374
996196,0.017578125
996197,0.0077292048
996198,0.01388873
996199,0.011563648
996200,0.014023725
996201,0.0071310606
996202,0.025937399
996203,0.0088357367
996204,0.011019359
996205,0.010747932
996206,0.039549343
996207,0.013427016
996208,0.010534668
996209,0.0076056984
996210,0.007467831
996211,0.010712029
996212,0.0079252357
996213,0.0084975297
996214,0.011242676
996215,0.039039522
996216,0.017136518
996217,0.02712187
996218,0.011033002
996219,0.017604694
996220,0.030387608
996221,0.014051011
996222,0.015102969
996223,0.017543659
996224,0.0073816637
996225,0.032116704
996226,0.007797421
996227,0.01037454
996228,0.014293715
996229,0.010340791
996230,0.016062446
996231,0.010615091
996232,0.010642377
996233,0.013134669
996234,0.0062813065
996235,0.010894416
996236,0.0072488226
996237,0.0069213868
996238,0.015567555
996239,0.022909008
996240,0.0057459213
996241,0.012909897
996242,0.0071942499
996243,0.0067820828
996244,0.0063726394
996245,0.012528004
996246,0.020243566
996247,0.011079676
996248,0.00665471
996249,0.0076703238
996250,0.026927993
996251,0.0088120401
996252,0.007210765
996253,0.0093021896
996254,0.0084824506
996255,0.007233025
996256,0.0070147347
996257,0.010468607
996258,0.032842178
996259,0.0074462891
996260,0.010797478
996261,0.025991913
996262,0.020759853
996263,0.0081887636
996264,0.022727555
996265,0.0071281884
996266,0.0071533201
996267,0.0073730471
996268,0.010721364
996269,0.0070542279
996270,0.0072768265
996271,0.013738655
996272,0.0078584561
996273,0.011064596
996274,0.0065372242
996275,0.011061724
996276,0.020738309
996277,0.0056410846
996278,0.023191204
996279,0.0092500579
996280,0.0068941005
996281,0.014200368
996282,0.017591769
996283,0.020351993
996284,0.026505055
996285,0.017660702
996286,0.014182416
996287,0.015722964
996288,0.0071992762
996289,0.010443474
996290,0.031867061
996291,0.0071310606
996292,0.010588522
996293,0.013604377
996294,0.020524206
996295,0.033524815
996296,0.010383157
996297,0.010532514
996298,0.013735064
996299,0.0076997643
996300,0.013834875
996301,0.027107509
996302,0.0072423597
996303,0.013637408
996304,0.019704379
996305,0.0073184744
996306,0.0077715707
996307,0.0067318189
996308,0.036929142
996309,0.017061122
996310,0.011356847
996311,0.013844928
996312,0.0069766776
996313,0.0028994814
996314,0.011606014
996315,0.0063174977
996316,0.020975454
996317,0.012183336
996318,0.011313763
996319,0.0061939913
996320,0.0065870667
996321,0.0072495406
996322,0.017584588
996323,0.0063950485
996324,0.017722456
996325,0.0085449219
996326,0.0073773554
996327,0.0070736157
996328,0.035773065
996329,0.0097659286
996330,0.017081944
996331,0.013589298
996332,0.0071999943
996333,0.016067326
996334,0.0071583469
996335,0.01741728
996336,0.0070606903
996337,0.033050898
996338,0.0075202491
996339,0.013798254
996340,0.012092141
996341,0.0079216454
996342,0.0071971221
996343,0.010714902
996344,0.017063275
996345,0.010755112
996346,0.0076193418
996347,0.0071210074
996348,0.014028751
996349,0.0070657171
996350,0.010543285
996351,0.039544318
996352,0.0063452609
996353,0.013258272
996354,0.010260369
996355,0.010826918
996356,0.01546559
996357,0.0024384505
996358,0.036611643
996359,0.007371611
996360,0.010428395
996361,0.016962746
996362,0.0073385797
996363,0.0070104264
996364,0.039912682
996365,0.0073184744
996366,0.0077105355
996367,0.01159668
996368,0.020743337
996369,0.0060597141
996370,0.0071827606
996371,0.039418656
996372,0.0072768265
996373,0.010638786
996374,0.013836311
996375,0.010689051
996376,0.0070657171
996377,0.0017765656
996378,0.0065873242
996379,0.0086224722
996380,0.00736443
996381,0.022753179
996382,0.010515998
996383,0.012938848
996384,0.012097886
996385,0.010237391
996386,0.0070132986
996387,0.0073105758
996388,0.014316694
996389,0.0083129881
996390,0.0062633641
996391,0.0099932505
996392,0.0053487951
996393,0.0071533201
996394,0.0071131089
996395,0.010492302
996396,0.0062392289
996397,0.0096694045
996398,0.02432215
996399,0.007313448
996400,0.0069551356
996401,0.029569738
996402,0.023259038
996403,0.010602166
996404,0.030478084
996405,0.0076344209
996406,0.018566895
996407,0.0069867303
996408,0.0097979745
996409,0.010615091
996410,0.010636632
996411,0.010413316
996412,0.011037311
996413,0.0074922452
996414,0.0072674919
996415,0.0081341909
996416,0.013970588
996417,0.0070542279
996418,0.0073213466
996419,0.0062348195
996420,0.0012186451
996421,0.007313448
996422,0.036718749
996423,0.017309571
996424,0.013821949
996425,0.013631663
996426,0.0075310203
996427,0.01750919
996428,0.01152272
996429,0.0087560313
996430,0.010557646
996431,0.0077794692
996432,0.010638786
996433,0.0071605011
996434,0.025517004
996435,0.011350385
996436,0.01403306
996437,0.0072739543
996438,0.013600653
996439,0.010752958
996440,0.014157284
996441,0.039528523
996442,0.0097864
996443,0.0089642694
996444,0.023614861
996445,0.01051169
996446,0.022684477
996447,0.010247444
996448,0.016934743
996449,0.010581342
996450,0.013347757
996451,0.0070089903
996452,0.0069422103
996453,0.016610678
996454,0.021804631
996455,0.010409008
996456,0.010588522
996457,0.0072043026
996458,0.0071382411
996459,0.010565544
996460,0.0064245849
996461,0.010948989
996462,0.013430607
996463,0.019577924
996464,0.0030032888
996465,0.02060475
996466,0.014720243
996467,0.0086253444
996468,0.027481617
996469,0.026910041
996470,0.013261144
996471,0.0065835821
996472,0.025161564
996473,0.0071238796
996474,0.0073184744
996475,0.0094834268
996476,0.0072423597
996477,0.0076209488
996478,0.01269307
996479,0.0075008618
996480,0.0072488226
996481,0.0073349895
996482,0.019417796
996483,0.017344037
996484,0.027619485
996485,0.024025591
996486,0.007136805
996487,0.010305607
996488,0.023770681
996489,0.0072122011
996490,0.0072667738
996491,0.010443474
996492,0.0088809747
996493,0.0071705538
996494,0.01389591
996495,0.0064162216
996496,0.0057940315
996497,0.021914493
996498,0.0073299631
996499,0.011155791
996500,0.023854693
996501,0.0073220646
996502,0.020438878
996503,0.0061860927
996504,0.0070312498
996505,0.0075288662
996506,0.016291359
996507,0.0073299631
996508,0.01576574
996509,0.013862879
996510,0.032705508
996511,0.0075346106
996512,0.0068014706
996513,0.007372329
996514,0.0073658661
996515,0.01718032
996516,0.0099573471
996517,0.0072265626
996518,0.0019282878
996519,0.010403981
996520,0.0072531309
996521,0.0069874483
996522,0.0074297735
996523,0.010685461
996524,0.006615493
996525,0.020944394
996526,0.022850845
996527,0.014079734
996528,0.019519379
996529,0.0075066062
996530,0.0075482535
996531,0.0078247068
996532,0.023619886
996533,0.015683163
996534,0.016926127
996535,0.027441407
996536,0.0062556188
996537,0.0067012203
996538,0.014855239
996539,0.0070176069
996540,0.0062521682
996541,0.0069221049
996542,0.020672249
996543,0.017872529
996544,0.010664637
996545,0.006685379
996546,0.034039665
996547,0.010969095
996548,0.010855641
996549,0.0018109392
996550,0.0061379825
996551,0.039389934
996552,0.033755314
996553,0.010409008
996554,0.0085521024
996555,0.0083180144
996556,0.013706342
996557,0.02194537
996558,0.0078189624
996559,0.017148007
996560,0.0096848942
996561,0.011091165
996562,0.020709587
996563,0.020358456
996564,0.0078189624
996565,0.013809742
996566,0.011001407
996567,0.0072495406
996568,0.0076408833
996569,0.027326517
996570,0.017368451
996571,0.0087459786
996572,0.013951201
996573,0.035656855
996574,0.013383411
996575,0.020518061
996576,0.013856417
996577,0.008165068
996578,0.011015768
996579,0.014174517
996580,0.010790298
996581,0.007541073
996582,0.010643813
996583,0.01312831
996584,0.0067792106
996585,0.0072725182
996586,0.0070362766
996587,0.023085263
996588,0.019450827
996589,0.010526769
996590,0.012811844
996591,0.0071461396
996592,0.0072043026
996593,0.030032169
996594,0.0072516948
996595,0.0086138556
996596,0.0073515051
996597,0.0071999943
996598,0.0097907567
996599,0.0072962143
996600,0.014073989
996601,0.039559398
996602,0.0030621458
996603,0.0079029752
996604,0.0072409236
996605,0.017205451
996606,0.033367135
996607,0.017280849
996608,0.0070362766
996609,0.0071310606
996610,0.024949018
996611,0.014119945
996612,0.0064335479
996613,0.023967428
996614,0.007100902
996615,0.032225754
996616,0.010664637
996617,0.010373104
996618,0.010474351
996619,0.016993023
996620,0.0063555548
996621,0.012889054
996622,0.0080149928
996623,0.0074240291
996624,0.013809742
996625,0.010477941
996626,0.010493021
996627,0.0072610294
996628,0.0069529815
996629,0.010688333
996630,0.02018684
996631,0.028367704
996632,0.01437342
996633,0.0088802557
996634,0.031018067
996635,0.027370319
996636,0.0084277466
996637,0.033819221
996638,0.013816205
996639,0.013813333
996640,0.013438972
996641,0.0074103861
996642,0.010594267
996643,0.010780963
996644,0.011753217
996645,0.0072308709
996646,0.0063469382
996647,0.013972024
996648,0.0066427793
996649,0.012752757
996650,0.013819795
996651,0.0094508007
996652,0.0094547691
996653,0.01060073
996654,0.0074699852
996655,0.017225558
996656,0.010447064
996657,0.01750919
996658,0.0072904699
996659,0.0039821872
996660,0.0071849148
996661,0.0068739946
996662,0.0072143553
996663,0.0073077031
996664,0.0070807962
996665,0.010546875
996666,0.019449916
996667,0.0074175666
996668,0.038702033
996669,0.010517434
996670,0.0084537286
996671,0.033995863
996672,0.0075604608
996673,0.017489804
996674,0.014277918
996675,0.0071037742
996676,0.033218075
996677,0.0070348405
996678,0.012704358
996679,0.010370232
996680,0.007019761
996681,0.0067002242
996682,0.014288689
996683,0.0075066062
996684,0.0099379597
996685,0.007255285
996686,0.0061557954
996687,0.016928999
996688,0.019528488
996689,0.01634006
996690,0.026650822
996691,0.0090202782
996692,0.0080702836
996693,0.0073069851
996694,0.0074699852
996695,0.033136584
996696,0.014214011
996697,0.016137883
996698,0.010413616
996699,0.0064254124
996700,0.02054587
996701,0.0090303309
996702,0.0093081547
996703,0.01391458
996704,0.01496223
996705,0.010482968
996706,0.010827636
996707,0.017496265
996708,0.010528924
996709,0.0083079617
996710,0.0069170785
996711,0.006519991
996712,0.0059794565
996713,0.0071633733
996714,0.017026654
996715,0.0075367647
996716,0.017370606
996717,0.027016314
996718,0.0075022979
996719,0.0025286046
996720,0.010303453
996721,0.0067196116
996722,0.011923636
996723,0.0105081
996724,0.017880429
996725,0.007827579
996726,0.015992647
996727,0.0088500977
996728,0.0073242188
996729,0.016880887
996730,0.014179544
996731,0.018039837
996732,0.019432157
996733,0.010855641
996734,0.024368107
996735,0.013660386
996736,0.039911967
996737,0.0188017
996738,0.017334703
996739,0.008165068
996740,0.010404699
996741,0.0070915669
996742,0.017130774
996743,0.03883272
996744,0.0069213868
996745,0.010368796
996746,0.011086857
996747,0.013383601
996748,0.0096866386
996749,0.026153388
996750,0.019980038
996751,0.0065644686
996752,0.014063936
996753,0.0072832895
996754,0.010365206
996755,0.010431267
996756,0.010510254
996757,0.013903809
996758,0.0073945886
996759,0.018536067
996760,0.015027573
996761,0.0059685204
996762,0.010298426
996763,0.0071238796
996764,0.0068273209
996765,0.014292279
996766,0.0068380916
996767,0.0072789812
996768,0.032988425
996769,0.011320226
996770,0.0076495004
996771,0.0072617475
996772,0.010365206
996773,0.010798914
996774,0.010612219
996775,0.0078598922
996776,0.00646111
996777,0.0070427391
996778,0.017542223
996779,0.016982134
996780,0.0072875977
996781,0.0074836281
996782,0.0074333642
996783,0.025483189
996784,0.023489606
996785,0.039892577
996786,0.010456399
996787,0.0076430375
996788,0.010648839
996789,0.011226879
996790,0.0023493674
996791,0.01761331
996792,0.015683517
996793,0.007004682
996794,0.011776195
996795,0.0063890116
996796,0.0069996552
996797,0.030910358
996798,0.010244572
996799,0.014252787
996800,0.027033547
996801,0.0072380514
996802,0.009541912
996803,0.0074060778
996804,0.0094773313
996805,0.0075087603
996806,0.0071806065
996807,0.010496611
996808,0.0071849148
996809,0.0088948859
996810,0.0072035845
996811,0.009237132
996812,0.038694851
996813,0.014282227
996814,0.025772681
996815,0.010624425
996816,0.013567756
996817,0.013821949
996818,0.020560231
996819,0.0020125264
996820,0.0073543773
996821,0.014343262
996822,0.012418859
996823,0.010066492
996824,0.010234519
996825,0.013230247
996826,0.010307761
996827,0.024009794
996828,0.039234836
996829,0.0060187844
996830,0.01934447
996831,0.010577751
996832,0.0072976504
996833,0.0076889936
996834,0.010712029
996835,0.017377067
996836,0.0065730773
996837,0.014377729
996838,0.0068969727
996839,0.0070958757
996840,0.01997504
996841,0.007077924
996842,0.0022333779
996843,0.0065946691
996844,0.007196404
996845,0.010653866
996846,0.0082713338
996847,0.013848518
996848,0.012185361
996849,0.025420066
996850,0.0069522634
996851,0.0070477654
996852,0.010772346
996853,0.020312499
996854,0.0071748621
996855,0.0070312498
996856,0.011260627
996857,0.0069702147
996858,0.010550465
996859,0.0061121322
996860,0.0063943304
996861,0.0076286765
996862,0.012970019
996863,0.0073306812
996864,0.0070657171
996865,0.038775276
996866,0.013556985
996867,0.01041547
996868,0.01090447
996869,0.0074405447
996870,0.0084163891
996871,0.028435396
996872,0.0083984379
996873,0.029740173
996874,0.0047455365
996875,0.009155361
996876,0.007033404
996877,0.016716791
996878,0.02594425
996879,0.016255239
996880,0.0061853747
996881,0.0072035845
996882,0.01070772
996883,0.010593549
996884,0.0072954963
996885,0.0070463293
996886,0.0068158316
996887,0.010468607
996888,0.0079618562
996889,0.0077514648
996890,0.0072979331
996891,0.032722007
996892,0.01051528
996893,0.015112305
996894,0.03171315
996895,0.0080997245
996896,0.025733432
996897,0.010365924
996898,0.0077812318
996899,0.0075726677
996900,0.0065146969
996901,0.0070039639
996902,0.0072165094
996903,0.01741728
996904,0.0072560031
996905,0.011068905
996906,0.0066183652
996907,0.017611874
996908,0.0075726677
996909,0.0056956573
996910,0.016908174
996911,0.006314165
996912,0.0070793601
996913,0.0070535098
996914,0.010792452
996915,0.0063648899
996916,0.013723576
996917,0.0073213466
996918,0.0072351792
996919,0.0072236904
996920,0.010284783
996921,0.0068660961
996922,0.017270794
996923,0.01058565
996924,0.034249339
996925,0.0072538489
996926,0.013019547
996927,0.0077397125
996928,0.0072617475
996929,0.0070772059
996930,0.0073170383
996931,0.030399816
996932,0.03676255
996933,0.0070118625
996934,0.0096388916
996935,0.013595043
996936,0.010663201
996937,0.010502355
996938,0.019406479
996939,0.0075008618
996940,0.012244064
996941,0.0060116039
996942,0.006365608
996943,0.0073098578
996944,0.010414752
996945,0.03072438
996946,0.027550552
996947,0.0073759193
996948,0.01372932
996949,0.010294118
996950,0.0070010913
996951,0.0071648094
996952,0.0091646081
996953,0.0065770503
996954,0.0073464788
996955,0.039430149
996956,0.0071691177
996957,0.008707922
996958,0.0066323359
996959,0.0073752012
996960,0.017104205
996961,0.020885512
996962,0.0072380514
996963,0.017425178
996964,0.0072035845
996965,0.0096054971
996966,0.0063937865
996967,0.00743121
996968,0.029388787
996969,0.0056970934
996970,0.025945758
996971,0.010409726
996972,0.0069939108
996973,0.0077134077
996974,0.0075870291
996975,0.0067217657
996976,0.0073098578
996977,0.010766601
996978,0.013228453
996979,0.0071702679
996980,0.017596794
996981,0.0095236385
996982,0.011661305
996983,0.0099264709
996984,0.017308135
996985,0.022856412
996986,0.0073443246
996987,0.011453786
996988,0.016988598
996989,0.0070125805
996990,0.0096416809
996991,0.0072660558
996992,0.007004682
996993,0.0072078928
996994,0.0071942499
996995,0.0065329159
996996,0.0072653377
996997,0.016914638
996998,0.0075080423
996999,0.0096825678
997000,0.0080372533
997001,0.013036522
997002,0.013430607
997003,0.022944024
997004,0.012487949
997005,0.0088964868
997006,0.008987247
997007,0.010146197
997008,0.0362477
997009,0.0069493088
997010,0.0055980007
997011,0.0024176021
997012,0.0086626839
997013,0.014073989
997014,0.0074154125
997015,0.0077823414
997016,0.0076796589
997017,0.010430549
997018,0.017822266
997019,0.010882927
997020,0.0067003835
997021,0.029244713
997022,0.017456774
997023,0.017383531
997024,0.0072445138
997025,0.036940631
997026,0.036502238
997027,0.039617561
997028,0.011741728
997029,0.029291103
997030,0.011105526
997031,0.023517923
997032,0.0072373333
997033,0.0370785
997034,0.014177389
997035,0.010735007
997036,0.0067454618
997037,0.0072631836
997038,0.0071705538
997039,0.0070980298
997040,0.0394402
997041,0.0010956752
997042,0.0073802276
997043,0.007004682
997044,0.019668832
997045,0.0079618562
997046,0.027726477
997047,0.034133732
997048,0.0071454216
997049,0.0070226332
997050,0.013747271
997051,0.0064258175
997052,0.019226404
997053,0.019569496
997054,0.010664637
997055,0.0070879767
997056,0.010577751
997057,0.010640941
997058,0.01020795
997059,0.0062435376
997060,0.0071698357
997061,0.0071849148
997062,0.010661765
997063,0.0094496841
997064,0.032119807
997065,0.014038804
997066,0.0059570312
997067,0.0072150733
997068,0.0070183249
997069,0.006473456
997070,0.027607996
997071,0.008223231
997072,0.022978514
997073,0.020675121
997074,0.0065606665
997075,0.014045984
997076,0.0066636028
997077,0.0075482535
997078,0.013838465
997079,0.013791791
997080,0.030175781
997081,0.0071899416
997082,0.01128935
997083,0.0066168848
997084,0.0021916521
997085,0.0019888156
997086,0.022576544
997087,0.011169434
997088,0.011371926
997089,0.015997546
997090,0.0021394603
997091,0.0087251551
997092,0.0081891883
997093,0.0071159811
997094,0.023634249
997095,0.006982422
997096,0.010434858
997097,0.0070958757
997098,0.010203642
997099,0.0075834384
997100,0.014407169
997101,0.030647548
997102,0.020691637
997103,0.014269302
997104,0.0074132583
997105,0.009296013
997106,0.039265711
997107,0.0083187325
997108,0.010823328
997109,0.037316177
997110,0.011233341
997111,0.0075173769
997112,0.0085937502
997113,0.022789761
997114,0.0088127581
997115,0.007151884
997116,0.010332175
997117,0.013801126
997118,0.010362334
997119,0.0041137999
997120,0.0061759716
997121,0.011478918
997122,0.0072732363
997123,0.008048024
997124,0.0072509767
997125,0.0074800379
997126,0.010581342
997127,0.0072136372
997128,0.0071633733
997129,0.0063177366
997130,0.0075482535
997131,0.007233025
997132,0.010541849
997133,0.015579856
997134,0.017348345
997135,0.012050813
997136,0.023219511
997137,0.010616527
997138,0.0070477654
997139,0.0072423597
997140,0.0072150733
997141,0.007078642
997142,0.013699161
997143,0.0063212207
997144,0.0074348003
997145,0.0082756495
997146,0.010597858
997147,0.014533548
997148,0.036646225
997149,0.039270736
997150,0.010306325
997151,0.0070527918
997152,0.0079503674
997153,0.015148904
997154,0.020762006
997155,0.0071669635
997156,0.007313448
997157,0.0096995635
997158,0.0086231902
997159,0.010788144
997160,0.0176169
997161,0.013564884
997162,0.0071755801
997163,0.00936478
997164,0.007291906
997165,0.0084537286
997166,0.016075224
997167,0.0140625
997168,0.010609346
997169,0.0072229723
997170,0.0072157914
997171,0.010386747
997172,0.0070147347
997173,0.0073299631
997174,0.0073005226
997175,0.014484719
997176,0.010413316
997177,0.024479406
997178,0.0077385399
997179,0.010453527
997180,0.007254567
997181,0.011040901
997182,0.020969525
997183,0.016627485
997184,0.0073823817
997185,0.007291906
997186,0.0074987076
997187,0.023827011
997188,0.0073436066
997189,0.013993566
997190,0.0065515894
997191,0.017352654
997192,0.010754394
997193,0.028970251
997194,0.0071762982
997195,0.010067929
997196,0.016009558
997197,0.014199994
997198,0.01047866
997199,0.025298713
997200,0.0082059968
997201,0.010653866
997202,0.0073988969
997203,0.038790356
997204,0.0081621958
997205,0.0074369544
997206,0.0084458292
997207,0.0071310606
997208,0.0073321173
997209,0.013947611
997210,0.0073342714
997211,0.0074757296
997212,0.013901655
997213,0.012550265
997214,0.026653621
997215,0.013648179
997216,0.0064114607
997217,0.0072208182
997218,0.0073364256
997219,0.014397116
997220,0.032718759
997221,0.01060432
997222,0.0064194622
997223,0.015100202
997224,0.0096880747
997225,0.0075137867
997226,0.0056877583
997227,0.013643871
997228,0.0072287167
997229,0.02053079
997230,0.0071267523
997231,0.017711684
997232,0.0071619372
997233,0.01051528
997234,0.010793888
997235,0.0070879767
997236,0.015365062
997237,0.01204127
997238,0.0081478339
997239,0.010018382
997240,0.0081456797
997241,0.0070578181
997242,0.012832568
997243,0.034363512
997244,0.0085219443
997245,0.010746496
997246,0.010230929
997247,0.028252814
997248,0.0176687
997249,0.019614054
997250,0.0074886545
997251,0.016565777
997252,0.039627615
997253,0.020622702
997254,0.019037813
997255,0.0062306123
997256,0.0021069546
997257,0.007041303
997258,0.013704906
997259,0.0061401366
997260,0.0073895622
997261,0.0058708638
997262,0.01952653
997263,0.014214011
997264,0.036995921
997265,0.010661765
997266,0.018037684
997267,0.0079719098
997268,0.016074559
997269,0.010846307
997270,0.010542567
997271,0.0072423597
997272,0.021065746
997273,0.0026932654
997274,0.017826574
997275,0.014170209
997276,0.0069422103
997277,0.010493739
997278,0.010801069
997279,0.0055725924
997280,0.039717373
997281,0.039280791
997282,0.0014612217
997283,0.017629825
997284,0.030914666
997285,0.034779269
997286,0.026348518
997287,0.024925321
997288,0.0070815142
997289,0.017586024
997290,0.039938536
997291,0.010593549
997292,0.019905211
997293,0.0070836684
997294,0.0081571694
997295,0.026824592
997296,0.0076925838
997297,0.011845847
997298,0.0071770162
997299,0.007210047
997300,0.010386029
997301,0.039768353
997302,0.017209759
997303,0.0065785316
997304,0.013651052
997305,0.0061882148
997306,0.035627786
997307,0.0075252759
997308,0.010638786
997309,0.0059204102
997310,0.0071935318
997311,0.0087696752
997312,0.011960018
997313,0.0062176874
997314,0.014352596
997315,0.0070542279
997316,0.01071921
997317,0.0070298137
997318,0.030384736
997319,0.012041017
997320,0.007115263
997321,0.0080006318
997322,0.0068359375
997323,0.010799632
997324,0.0070743337
997325,0.0067512062
997326,0.012672335
997327,0.010617963
997328,0.011091165
997329,0.0072193821
997330,0.036084123
997331,0.018066376
997332,0.017359834
997333,0.01079317
997334,0.010243854
997335,0.016904583
997336,0.017784208
997337,0.019424651
997338,0.010257496
997339,0.0072509767
997340,0.019853646
997341,0.01027473
997342,0.0074283374
997343,0.010075827
997344,0.010975097
997345,0.020714615
997346,0.0072761085
997347,0.010559082
997348,0.018969726
997349,0.0072495406
997350,0.010454963
997351,0.0070743337
997352,0.021569824
997353,0.013263835
997354,0.0070211971
997355,0.0078196805
997356,0.0079367245
997357,0.0073838178
997358,0.008767521
997359,0.0079403147
997360,0.01913129
997361,0.0095911361
997362,0.0070592542
997363,0.020154526
997364,0.013490924
997365,0.009911906
997366,0.020814659
997367,0.0096688522
997368,0.0070240693
997369,0.0071023381
997370,0.0068991268
997371,0.0070549459
997372,0.026027691
997373,0.019786419
997374,0.011193847
997375,0.010842716
997376,0.0072847256
997377,0.0070441752
997378,0.0066511529
997379,0.010923139
997380,0.010025447
997381,0.013885858
997382,0.0079898611
997383,0.0080982884
997384,0.039728861
997385,0.0075087603
997386,0.0065917969
997387,0.010896571
997388,0.012507442
997389,0.020273007
997390,0.015846515
997391,0.030723661
997392,0.029738231
997393,0.017247079
997394,0.0061710132
997395,0.010673254
997396,0.019069657
997397,0.010039206
997398,0.0081916358
997399,0.017319623
997400,0.0075137867
997401,0.024373852
997402,0.0086684283
997403,0.010575597
997404,0.010753676
997405,0.0079474952
997406,0.010774501
997407,0.0094733741
997408,0.0076502184
997409,0.0073098578
997410,0.010951143
997411,0.014226936
997412,0.0071626552
997413,0.026359288
997414,0.0072380514
997415,0.0073019587
997416,0.010141263
997417,0.0073120119
997418,0.0074355183
997419,0.013821231
997420,0.017130055
997421,0.0071245977
997422,0.007100184
997423,0.017378503
997424,0.0087316176
997425,0.014876063
997426,0.014453843
997427,0.023701029
997428,0.029808367
997429,0.017367734
997430,0.023018153
997431,0.017491957
997432,0.006652114
997433,0.0069529815
997434,0.017743278
997435,0.010650275
997436,0.013926068
997437,0.0028027459
997438,0.026017614
997439,0.007151884
997440,0.016717888
997441,0.014333209
997442,0.0071813245
997443,0.0057967422
997444,0.0071475757
997445,0.014005055
997446,0.010454963
997447,0.023792939
997448,0.013284709
997449,0.014160874
997450,0.010317096
997451,0.0072265626
997452,0.030412024
997453,0.0077679805
997454,0.010272576
997455,0.020305319
997456,0.010849179
997457,0.039550781
997458,0.01187842
997459,0.0072229723
997460,0.017198989
997461,0.013184478
997462,0.017418716
997463,0.019060202
997464,0.011094111
997465,0.012133789
997466,0.0074628047
997467,0.0073012407
997468,0.031021273
997469,0.014402143
997470,0.014246323
997471,0.010562672
997472,0.0072581572
997473,0.0068818936
997474,0.0072114831
997475,0.0077213063
997476,0.020691637
997477,0.014221909
997478,0.039294433
997479,0.010919549
997480,0.00736443
997481,0.007100184
997482,0.016547194
997483,0.017164523
997484,0.0071870694
997485,0.0069558537
997486,0.0092141544
997487,0.010331457
997488,0.0073615578
997489,0.020400103
997490,0.030310767
997491,0.0077579273
997492,0.0069809859
997493,0.010887235
997494,0.0061013615
997495,0.028034722
997496,0.0092723174
997497,0.016520089
997498,0.0072308709
997499,0.010397518
997500,0.012446864
997501,0.013419836
997502,0.006887638
997503,0.039621871
997504,0.022966452
997505,0.01074865
997506,0.01071921
997507,0.019186581
997508,0.019008115
997509,0.010785271
997510,0.033707205
997511,0.0079058483
997512,0.020858226
997513,0.0072086109
997514,0.014522777
997515,0.0060317097
997516,0.02315243
997517,0.010271139
997518,0.010582778
997519,0.01947083
997520,0.016800465
997521,0.0160027
997522,0.026872702
997523,0.010237803
997524,0.0052820542
997525,0.017348345
997526,0.020535098
997527,0.011997358
997528,0.010757985
997529,0.011344641
997530,0.027000517
997531,0.010737161
997532,0.0070772059
997533,0.010525333
997534,0.01384421
997535,0.0076789409
997536,0.016130311
997537,0.010689769
997538,0.022897169
997539,0.020936495
997540,0.009809427
997541,0.017670037
997542,0.020456113
997543,0.0069149244
997544,0.0071748621
997545,0.021885052
997546,0.027287023
997547,0.013717831
997548,0.010621553
997549,0.014023007
997550,0.0070800781
997551,0.0074046417
997552,0.0076013901
997553,0.0080595128
997554,0.0078922044
997555,0.0067612594
997556,0.013926786
997557,0.012796593
997558,0.006147366
997559,0.024161305
997560,0.012516649
997561,0.012606991
997562,0.019683477
997563,0.0069048712
997564,0.0070657171
997565,0.007217946
997566,0.011045209
997567,0.0095895464
997568,0.0069996552
997569,0.014832261
997570,0.010358025
997571,0.010692641
997572,0.011242676
997573,0.013661104
997574,0.010581342
997575,0.014125689
997576,0.012922963
997577,0.013798254
997578,0.0072969324
997579,0.006602278
997580,0.0070204791
997581,0.0072861616
997582,0.014163028
997583,0.014123535
997584,0.012442555
997585,0.017153751
997586,0.012172564
997587,0.0071231616
997588,0.013427734
997589,0.0068847658
997590,0.010531796
997591,0.0072603114
997592,0.014154412
997593,0.0073357075
997594,0.011295094
997595,0.0074491613
997596,0.011470301
997597,0.021124627
997598,0.010801787
997599,0.0070384308
997600,0.028961327
997601,0.017439539
997602,0.0099104857
997603,0.013797536
997604,0.0072157914
997605,0.004939321
997606,0.011259191
997607,0.0093800267
997608,0.0071238796
997609,0.017085535
997610,0.032485746
997611,0.0021573079
997612,0.010253906
997613,0.0074786018
997614,0.0074527515
997615,0.0075640511
997616,0.0073091397
997617,0.01323092
997618,0.0065755895
997619,0.039119944
997620,0.0073005226
997621,0.012301055
997622,0.010576315
997623,0.0071238796
997624,0.009557277
997625,0.0088206576
997626,0.017099179
997627,0.027135512
997628,0.0069508273
997629,0.0095648644
997630,0.018410357
997631,0.017816521
997632,0.010271139
997633,0.011191693
997634,0.0068739946
997635,0.014154412
997636,0.01247997
997637,0.0070269415
997638,0.0019011195
997639,0.0070362766
997640,0.016046595
997641,0.016814826
997642,0.0071159811
997643,0.020198328
997644,0.0044746879
997645,0.0072150733
997646,0.0020531171
997647,0.0068933824
997648,0.010520306
997649,0.0092385681
997650,0.011702235
997651,0.018508732
997652,0.007541073
997653,0.020837696
997654,0.0068337834
997655,0.0072129192
997656,0.010645967
997657,0.0078031654
997658,0.014889706
997659,0.010349409
997660,0.039048858
997661,0.0071016201
997662,0.016796876
997663,0.0071231616
997664,0.010345099
997665,0.0101821
997666,0.0065602022
997667,0.0073529412
997668,0.0072933421
997669,0.029058265
997670,0.0099530388
997671,0.017464671
997672,0.032218665
997673,0.0064947475
997674,0.0067626955
997675,0.037180465
997676,0.0073306812
997677,0.0075942096
997678,0.0071116728
997679,0.0071576289
997680,0.03938419
997681,0.010399672
997682,0.0069852942
997683,0.0062614656
997684,0.017092716
997685,0.010396082
997686,0.010612937
997687,0.01014337
997688,0.013737218
997689,0.014582376
997690,0.008341711
997691,0.017334703
997692,0.010666073
997693,0.0075647691
997694,0.021647498
997695,0.0075224033
997696,0.010638786
997697,0.0062475614
997698,0.0072244084
997699,0.0068452721
997700,0.013840619
997701,0.015148654
997702,0.010732135
997703,0.0069558537
997704,0.0095961904
997705,0.0072265626
997706,0.01017851
997707,0.0071389591
997708,0.0276956
997709,0.021691177
997710,0.010756548
997711,0.015719784
997712,0.013697725
997713,0.0068474263
997714,0.010868566
997715,0.020824477
997716,0.017225558
997717,0.01342199
997718,0.01081543
997719,0.0071978401
997720,0.020405848
997721,0.0096155535
997722,0.012936733
997723,0.03669421
997724,0.0081475005
997725,0.011902574
997726,0.011086857
997727,0.010631606
997728,0.0068258848
997729,0.005837115
997730,0.010397518
997731,0.016562069
997732,0.0079963235
997733,0.005646111
997734,0.011201747
997735,0.016247977
997736,0.017535759
997737,0.010523897
997738,0.01169649
997739,0.016007008
997740,0.016938332
997741,0.01083769
997742,0.0072610294
997743,0.005991498
997744,0.0071949679
997745,0.0068840478
997746,0.010770191
997747,0.0073608398
997748,0.010697667
997749,0.007033404
997750,0.020763442
997751,0.0071820426
997752,0.016983571
997753,0.031690888
997754,0.017252844
997755,0.019863354
997756,0.010477223
997757,0.007732077
997758,0.013984231
997759,0.013557703
997760,0.013592889
997761,0.013949765
997762,0.037179746
997763,0.0069989371
997764,0.0071949679
997765,0.010960478
997766,0.013986385
997767,0.0072746724
997768,0.011655561
997769,0.0065529761
997770,0.0061919042
997771,0.0071116728
997772,0.011797018
997773,0.021635167
997774,0.006208993
997775,0.011702235
997776,0.013898064
997777,0.039799232
997778,0.007372329
997779,0.013875086
997780,0.017796416
997781,0.007151166
997782,0.0024774582
997783,0.008165068
997784,0.022484718
997785,0.0070154527
997786,0.0073909983
997787,0.0069077434
997788,0.0073342714
997789,0.0059010223
997790,0.01709128
997791,0.0066585764
997792,0.014053165
997793,0.034154557
997794,0.0090260226
997795,0.0071683996
997796,0.01013399
997797,0.0025556432
997798,0.0070384308
997799,0.0071289064
997800,0.0069450829
997801,0.0073802276
997802,0.014682905
997803,0.0071238796
997804,0.013521801
997805,0.0068826117
997806,0.0092012295
997807,0.010609346
997808,0.010477941
997809,0.0073184744
997810,0.007210047
997811,0.010757985
997812,0.03800695
997813,0.0072840075
997814,0.026135972
997815,0.0071231616
997816,0.011376235
997817,0.01327617
997818,0.006322972
997819,0.007092285
997820,0.006189683
997821,0.010461425
997822,0.039568014
997823,0.02086756
997824,0.0070772059
997825,0.0094094668
997826,0.0073206285
997827,0.0083065256
997828,0.0071770162
997829,0.010847025
997830,0.007400333
997831,0.017555147
997832,0.010548311
997833,0.026327934
997834,0.013961254
997835,0.02433005
997836,0.032528322
997837,0.0076753506
997838,0.01148179
997839,0.0093182735
997840,0.010495893
997841,0.0062514362
997842,0.0076868394
997843,0.0067095589
997844,0.024442067
997845,0.0070994659
997846,0.019714104
997847,0.014397116
997848,0.017428769
997849,0.039631203
997850,0.013580682
997851,0.010492302
997852,0.0069285673
997853,0.010271139
997854,0.0061920858
997855,0.023713235
997856,0.03968434
997857,0.018390235
997858,0.0073112939
997859,0.0071382411
997860,0.0070075542
997861,0.024119603
997862,0.0063447841
997863,0.0066325292
997864,0.0069623161
997865,0.020704562
997866,0.0067734662
997867,0.0071138269
997868,0.039493337
997869,0.0073091397
997870,0.017796416
997871,0.012673771
997872,0.0071396772
997873,0.018108772
997874,0.014365521
997875,0.006828757
997876,0.010477941
997877,0.026264437
997878,0.0073694563
997879,0.023795094
997880,0.01053395
997881,0.0096399644
997882,0.010780963
997883,0.0071920957
997884,0.0055721509
997885,0.017150879
997886,0.010836254
997887,0.0073414524
997888,0.020484835
997889,0.0070851045
997890,0.01074506
997891,0.021855943
997892,0.023086201
997893,0.0069687786
997894,0.0010451025
997895,0.0161657
997896,0.0072380514
997897,0.0067741843
997898,0.010350127
997899,0.010655303
997900,0.0072409236
997901,0.017323932
997902,0.010900879
997903,0.010574879
997904,0.013984949
997905,0.025751092
997906,0.0024217512
997907,0.0071166991
997908,0.011454504
997909,0.017371323
997910,0.017018037
997911,0.010373104
997912,0.014101993
997913,0.010910214
997914,0.0069867303
997915,0.007077924
997916,0.0071920957
997917,0.010538259
997918,0.039579503
997919,0.0065982593
997920,0.030550608
997921,0.0074843462
997922,0.03990335
997923,0.013706342
997924,0.016758099
997925,0.014063936
997926,0.011098346
997927,0.0071468577
997928,0.037805893
997929,0.017318904
997930,0.0068718405
997931,0.023995433
997932,0.0071605011
997933,0.0073184744
997934,0.0094669117
997935,0.014104865
997936,0.0080099665
997937,0.020773495
997938,0.0065447935
997939,0.033464499
997940,0.013511029
997941,0.017428769
997942,0.008180147
997943,0.0077263326
997944,0.014068244
997945,0.010653866
997946,0.0074742935
997947,0.032474294
997948,0.029423254
997949,0.010596422
997950,0.021599265
997951,0.018359374
997952,0.010422651
997953,0.0066901711
997954,0.0067985984
997955,0.015800925
997956,0.01428079
997957,0.0073766373
997958,0.029051216
997959,0.0068596336
997960,0.0072028665
997961,0.02770637
997962,0.010499483
997963,0.0054271026
997964,0.010573443
997965,0.0062966738
997966,0.0073306812
997967,0.0073515051
997968,0.013427016
997969,0.011702235
997970,0.014592429
997971,0.0072043026
997972,0.007100184
997973,0.0074635227
997974,0.011103372
997975,0.01361443
997976,0.0070247874
997977,0.01238511
997978,0.0064235255
997979,0.010722082
997980,0.025178658
997981,0.0073098578
997982,0.039914839
997983,0.0072861616
997984,0.016882325
997985,0.0080681294
997986,0.0071648094
997987,0.033194508
997988,0.013839183
997989,0.033690687
997990,0.0075482535
997991,0.0063189338
997992,0.011117733
997993,0.0070427391
997994,0.011094037
997995,0.007444853
997996,0.02089772
997997,0.020694509
997998,0.014020135
997999,0.0079977596
998000,0.0075934916
998001,0.010410444
998002,0.0089096967
998003,0.011579601
998004,0.010312069
998005,0.0073069851
998006,0.014211857
998007,0.013846364
998008,0.0020959862
998009,0.0069206688
998010,0.0078828698
998011,0.0071849148
998012,0.0070585362
998013,0.0065831803
998014,0.011311609
998015,0.0078527117
998016,0.0073270909
998017,0.014023007
998018,0.0070168888
998019,0.006289863
998020,0.028030934
998021,0.0076789409
998022,0.013922478
998023,0.011657445
998024,0.0074060778
998025,0.0036310693
998026,0.0071691177
998027,0.024063649
998028,0.010477941
998029,0.016948385
998030,0.0073579676
998031,0.010392492
998032,0.0069422103
998033,0.007100184
998034,0.0072825714
998035,0.036328126
998036,0.019300666
998037,0.010617245
998038,0.010798196
998039,0.0059512868
998040,0.014235552
998041,0.03371295
998042,0.0069443649
998043,0.0072437958
998044,0.0072904699
998045,0.0069508273
998046,0.010687615
998047,0.033052597
998048,0.00736443
998049,0.017575253
998050,0.010689051
998051,0.036086898
998052,0.0071920957
998053,0.01384421
998054,0.0067856731
998055,0.0070377127
998056,0.0070527918
998057,0.01361443
998058,0.039924175
998059,0.020968089
998060,0.021511095
998061,0.0076064165
998062,0.0072610294
998063,0.017048197
998064,0.037396599
998065,0.0092780618
998066,0.0072265626
998067,0.013068629
998068,0.016431972
998069,0.014056037
998070,0.0070994659
998071,0.013772404
998072,0.013556985
998073,0.010472915
998074,0.0076121609
998075,0.008326631
998076,0.027214499
998077,0.020772059
998078,0.03929228
998079,0.0073816637
998080,0.010807531
998081,0.018821085
998082,0.027564194
998083,0.0070434571
998084,0.0068933824
998085,0.0096644275
998086,0.0078370664
998087,0.0068610697
998088,0.017444566
998089,0.013993566
998090,0.0074477252
998091,0.0073471968
998092,0.0073809456
998093,0.01083769
998094,0.010342945
998095,0.0081341909
998096,0.018175552
998097,0.036266711
998098,0.039590992
998099,0.039789896
998100,0.0064690085
998101,0.0069048712
998102,0.0071583469
998103,0.0084996838
998104,0.0062097884
998105,0.013977051
998106,0.010503791
998107,0.0071353689
998108,0.0073141661
998109,0.0071533201
998110,0.010631606
998111,0.010538977
998112,0.010594267
998113,0.020461857
998114,0.0076243682
998115,0.0174101
998116,0.0076293945
998117,0.007291188
998118,0.0065946691
998119,0.038706344
998120,0.031954419
998121,0.0068531712
998122,0.0073414524
998123,0.014234834
998124,0.021778546
998125,0.013738655
998126,0.0069393381
998127,0.0070233513
998128,0.033994429
998129,0.039374139
998130,0.0073148841
998131,0.0060008331
998132,0.0069745234
998133,0.011923397
998134,0.0066903667
998135,0.0077076633
998136,0.028265741
998137,0.0066822725
998138,0.024093807
998139,0.017247817
998140,0.0072811353
998141,0.039886117
998142,0.017682243
998143,0.02576636
998144,0.0070872586
998145,0.0071116728
998146,0.020500632
998147,0.0096966913
998148,0.01415872
998149,0.0079273898
998150,0.013765223
998151,0.010639505
998152,0.0074118222
998153,0.010850615
998154,0.0081183938
998155,0.0073988969
998156,0.010710592
998157,0.017267922
998158,0.017233456
998159,0.010716338
998160,0.015664494
998161,0.017233456
998162,0.0072883158
998163,0.0071310606
998164,0.0055228462
998165,0.0070168888
998166,0.0069838581
998167,0.0095940083
998168,0.0077026365
998169,0.014182416
998170,0.017543659
998171,0.0074707032
998172,0.0072366153
998173,0.030618824
998174,0.0094619999
998175,0.012841769
998176,0.014981617
998177,0.016121954
998178,0.0078469673
998179,0.0059729018
998180,0.013915298
998181,0.019102164
998182,0.009815379
998183,0.010619399
998184,0.0073213466
998185,0.020724667
998186,0.010750086
998187,0.016283147
998188,0.0073364256
998189,0.026497157
998190,0.0081492709
998191,0.007291188
998192,0.024023438
998193,0.010551183
998194,0.030677706
998195,0.0070628445
998196,0.0068754307
998197,0.0065869419
998198,0.015689626
998199,0.010485122
998200,0.010654585
998201,0.009707462
998202,0.016493136
998203,0.0099063646
998204,0.0073816637
998205,0.014146513
998206,0.016487153
998207,0.027688419
998208,0.015489287
998209,0.007210047
998210,0.0074254652
998211,0.010479378
998212,0.010399672
998213,0.010573443
998214,0.027299948
998215,0.0066291243
998216,0.0041209273
998217,0.0061665121
998218,0.017210478
998219,0.017178165
998220,0.020018095
998221,0.0068969727
998222,0.0072258445
998223,0.0064212279
998224,0.012505027
998225,0.0062794406
998226,0.0074958354
998227,0.0069960649
998228,0.0064185048
998229,0.0067950082
998230,0.010495175
998231,0.011447046
998232,0.024824275
998233,0.0073874081
998234,0.017833754
998235,0.030819163
998236,0.020648552
998237,0.012761374
998238,0.0096284756
998239,0.0074139764
998240,0.0031845339
998241,0.039372701
998242,0.0074462891
998243,0.0069206688
998244,0.0068933824
998245,0.017454095
998246,0.0066054398
998247,0.009632417
998248,0.013524693
998249,0.0072516948
998250,0.016088149
998251,0.02690286
998252,0.020695226
998253,0.013997156
998254,0.018590871
998255,0.0072725182
998256,0.0018719144
998257,0.039533548
998258,0.0087036137
998259,0.007422593
998260,0.0073184744
998261,0.013913143
998262,0.0069048712
998263,0.013582118
998264,0.0086634019
998265,0.0072057387
998266,0.0070750518
998267,0.013100947
998268,0.010286219
998269,0.017786363
998270,0.007115263
998271,0.022030992
998272,0.033046223
998273,0.040579043
998274,0.0073385797
998275,0.010255342
998276,0.007210765
998277,0.017049633
998278,0.0094145201
998279,0.025367647
998280,0.013986385
998281,0.0096870651
998282,0.0079403147
998283,0.010817584
998284,0.0066242609
998285,0.0070843864
998286,0.012151022
998287,0.02354449
998288,0.037189797
998289,0.0087732654
998290,0.0090346392
998291,0.0073120119
998292,0.0072883158
998293,0.0076983282
998294,0.007159783
998295,0.016978545
998296,0.0071030562
998297,0.0069565717
998298,0.007467831
998299,0.020115752
998300,0.018434772
998301,0.013476563
998302,0.0072560031
998303,0.010890108
998304,0.025271446
998305,0.012650792
998306,0.013683364
998307,0.01738712
998308,0.0097561646
998309,0.010725672
998310,0.007115263
998311,0.0072201001
998312,0.0035958835
998313,0.0067691579
998314,0.014015826
998315,0.0072732363
998316,0.021725643
998317,0.013335687
998318,0.014041676
998319,0.013645307
998320,0.010294836
998321,0.0096414005
998322,0.0068711224
998323,0.013903091
998324,0.013987822
998325,0.010581342
998326,0.037660845
998327,0.0075389189
998328,0.0071770162
998329,0.026115675
998330,0.0077335131
998331,0.01361802
998332,0.0081717791
998333,0.0072165094
998334,0.017084099
998335,0.036696024
998336,0.0072933421
998337,0.010402544
998338,0.014045266
998339,0.010948271
998340,0.0071317786
998341,0.011661305
998342,0.0078871781
998343,0.010662483
998344,0.007444853
998345,0.01350644
998346,0.015778881
998347,0.010595703
998348,0.015571145
998349,0.0073565315
998350,0.0072825714
998351,0.0071698357
998352,0.0072143553
998353,0.0072452319
998354,0.0069070254
998355,0.0081988163
998356,0.020880487
998357,0.0081571694
998358,0.0066755353
998359,0.0074247471
998360,0.010830509
998361,0.017183192
998362,0.029146001
998363,0.007371611
998364,0.0066786376
998365,0.0073845359
998366,0.018281825
998367,0.0072861616
998368,0.014096967
998369,0.0071827606
998370,0.032373048
998371,0.017865349
998372,0.010309197
998373,0.0073005226
998374,0.010470043
998375,0.010743624
998376,0.0080587948
998377,0.010471479
998378,0.017235611
998379,0.0066241096
998380,0.0065156827
998381,0.013074448
998382,0.020751234
998383,0.0077342312
998384,0.018110208
998385,0.021276137
998386,0.010213695
998387,0.020309681
998388,0.036712289
998389,0.0071806065
998390,0.010312069
998391,0.0072495406
998392,0.0073220646
998393,0.013811897
998394,0.0086713005
998395,0.01071131
998396,0.02642037
998397,0.0080537684
998398,0.0069278493
998399,0.0076071345
998400,0.014123535
998401,0.0099028619
998402,0.010181382
998403,0.0074750115
998404,0.0092856502
998405,0.017935719
998406,0.0073421705
998407,0.010523897
998408,0.010373104
998409,0.039161593
998410,0.0060482249
998411,0.0064824629
998412,0.0073759193
998413,0.0074699852
998414,0.014005055
998415,0.010500919
998416,0.0074728574
998417,0.010466452
998418,0.010916676
998419,0.014188878
998420,0.013196288
998421,0.0072495406
998422,0.014387784
998423,0.023323329
998424,0.010398954
998425,0.0070362766
998426,0.013333637
998427,0.031543259
998428,0.0073364256
998429,0.017348345
998430,0.011137838
998431,0.010516716
998432,0.0072983685
998433,0.027283434
998434,0.010745778
998435,0.011540671
998436,0.015656594
998437,0.0073773554
998438,0.0072682099
998439,0.010258933
998440,0.0078290151
998441,0.010546875
998442,0.0077686985
998443,0.0071030562
998444,0.0095329732
998445,0.016762407
998446,0.014042394
998447,0.0027526831
998448,0.0062291762
998449,0.017497702
998450,0.011093319
998451,0.020379998
998452,0.0066758026
998453,0.015923712
998454,0.023348719
998455,0.013970588
998456,0.026089694
998457,0.010994945
998458,0.011512667
998459,0.013798972
998460,0.010477941
998461,0.02378935
998462,0.0072064567
998463,0.027778896
998464,0.023759192
998465,0.0069551356
998466,0.0068145334
998467,0.015019675
998468,0.021041332
998469,0.0071928138
998470,0.011560776
998471,0.011684283
998472,0.017372759
998473,0.0098704621
998474,0.007092285
998475,0.0064962949
998476,0.01071921
998477,0.026925121
998478,0.030259794
998479,0.022612453
998480,0.006585849
998481,0.0019426341
998482,0.0068628723
998483,0.007042021
998484,0.024098834
998485,0.035878159
998486,0.007658117
998487,0.010164867
998488,0.0073184744
998489,0.017283002
998490,0.018201131
998491,0.010320686
998492,0.0071461396
998493,0.0077270507
998494,0.0062354803
998495,0.0064466535
998496,0.0062440643
998497,0.038833439
998498,0.0064919866
998499,0.010983456
998500,0.0072308709
998501,0.020553768
998502,0.0075784121
998503,0.010622271
998504,0.010747932
998505,0.0080832085
998506,0.017173139
998507,0.017451027
998508,0.014097685
998509,0.023346307
998510,0.0074269013
998511,0.025080394
998512,0.039005056
998513,0.027397605
998514,0.010472915
998515,0.0021852124
998516,0.017486213
998517,0.0057528163
998518,0.0072610294
998519,0.013924632
998520,0.01658969
998521,0.013936121
998522,0.0079855528
998523,0.039438765
998524,0.010443474
998525,0.0072251265
998526,0.01048943
998527,0.010699822
998528,0.0069206688
998529,0.010304889
998530,0.012101476
998531,0.019856172
998532,0.011054544
998533,0.015417794
998534,0.0070621264
998535,0.013824822
998536,0.0080221733
998537,0.021141142
998538,0.026803769
998539,0.0072021484
998540,0.0071346508
998541,0.008032945
998542,0.0073680202
998543,0.011753935
998544,0.003637892
998545,0.016925408
998546,0.0070721796
998547,0.0069321576
998548,0.014320284
998549,0.03741483
998550,0.013664695
998551,0.0072725182
998552,0.0070542279
998553,0.011547133
998554,0.0076868394
998555,0.0070664352
998556,0.0068614483
998557,0.013947611
998558,0.017079791
998559,0.011216826
998560,0.0094893035
998561,0.0064852512
998562,0.0071037742
998563,0.010525333
998564,0.01048225
998565,0.012168974
998566,0.0092764711
998567,0.0078376317
998568,0.0061279298
998569,0.019688351
998570,0.010433421
998571,0.01044491
998572,0.0068919463
998573,0.025511976
998574,0.013108244
998575,0.0076387292
998576,0.017258588
998577,0.017321777
998578,0.010541849
998579,0.0139591
998580,0.010548311
998581,0.013933249
998582,0.014512061
998583,0.017483341
998584,0.021989677
998585,0.010584932
998586,0.010910214
998587,0.0065476727
998588,0.020614803
998589,0.0076631433
998590,0.0087617766
998591,0.0076286765
998592,0.0072538489
998593,0.0069429288
998594,0.0072035845
998595,0.037201144
998596,0.022968786
998597,0.010358025
998598,0.0070685893
998599,0.0072416416
998600,0.01399572
998601,0.010793888
998602,0.0061962963
998603,0.03062026
998604,0.011284323
998605,0.027686264
998606,0.0069694966
998607,0.0068969727
998608,0.0071999943
998609,0.0073414524
998610,0.017051786
998611,0.0071712718
998612,0.020676557
998613,0.01059714
998614,0.032020628
998615,0.024482938
998616,0.0071841967
998617,0.006828757
998618,0.01415513
998619,0.0072035845
998620,0.019679463
998621,0.010794606
998622,0.0076322667
998623,0.012546674
998624,0.01392176
998625,0.007092285
998626,0.010880055
998627,0.0061559342
998628,0.010654585
998629,0.0072315889
998630,0.0060891546
998631,0.0076559628
998632,0.010370232
998633,0.011144302
998634,0.0059082033
998635,0.0072402055
998636,0.0077636717
998637,0.0080494601
998638,0.029003188
998639,0.0064223344
998640,0.0074175666
998641,0.039471075
998642,0.012050494
998643,0.020451086
998644,0.0068818936
998645,0.0072962143
998646,0.012371467
998647,0.019096496
998648,0.007100184
998649,0.0071181352
998650,0.0072229723
998651,0.030813418
998652,0.0073249368
998653,0.02046473
998654,0.010460707
998655,0.011816201
998656,0.017027372
998657,0.010220157
998658,0.0070219152
998659,0.016199449
998660,0.039590992
998661,0.0095790504
998662,0.017462518
998663,0.0063597844
998664,0.01082261
998665,0.014046703
998666,0.010368078
998667,0.0074218749
998668,0.0073033948
998669,0.01811308
998670,0.018306239
998671,0.01396269
998672,0.016327981
998673,0.010808967
998674,0.0068151136
998675,0.0071920957
998676,0.029582608
998677,0.016646082
998678,0.022174647
998679,0.0093678189
998680,0.010914522
998681,0.0071920957
998682,0.017928539
998683,0.035110522
998684,0.010517434
998685,0.02077565
998686,0.0072344611
998687,0.017474724
998688,0.013663976
998689,0.0074362364
998690,0.012641458
998691,0.039657053
998692,0.014305204
998693,0.0069163605
998694,0.0070664352
998695,0.010765165
998696,0.010329302
998697,0.0024333922
998698,0.01071921
998699,0.013845646
998700,0.0094597312
998701,0.0079273898
998702,0.023897059
998703,0.023790067
998704,0.013854262
998705,0.014263557
998706,0.0074290554
998707,0.039636947
998708,0.017204734
998709,0.013678337
998710,0.013331134
998711,0.039705884
998712,0.013888088
998713,0.010868566
998714,0.0066166651
998715,0.010673254
998716,0.0069055893
998717,0.0072150733
998718,0.0082691861
998719,0.010426241
998720,0.01353688
998721,0.01539689
998722,0.0070233513
998723,0.010758703
998724,0.014026597
998725,0.0079963235
998726,0.014096967
998727,0.0095044831
998728,0.01372932
998729,0.010605756
998730,0.0029225582
998731,0.0071798884
998732,0.016166417
998733,0.023130888
998734,0.011316636
998735,0.0066801184
998736,0.010632324
998737,0.01288776
998738,0.0082411822
998739,0.0073802276
998740,0.027297076
998741,0.010410444
998742,0.0021332896
998743,0.0074190027
998744,0.0062184674
998745,0.018681066
998746,0.0074750115
998747,0.0078311693
998748,0.016808365
998749,0.006996783
998750,0.010890826
998751,0.030816291
998752,0.0072567211
998753,0.010586368
998754,0.0063799955
998755,0.0076495004
998756,0.021047793
998757,0.0073077031
998758,0.026091453
998759,0.010618681
998760,0.010928883
998761,0.0070542279
998762,0.022891775
998763,0.0061251111
998764,0.0073335534
998765,0.010895853
998766,0.0092146341
998767,0.010888672
998768,0.013565459
998769,0.023924345
998770,0.0072631836
998771,0.0068143955
998772,0.013534008
998773,0.0071949679
998774,0.01103013
998775,0.010962632
998776,0.016622482
998777,0.0074563418
998778,0.017983111
998779,0.0064747529
998780,0.013932531
998781,0.012204159
998782,0.010891544
998783,0.0086713005
998784,0.0073486329
998785,0.0078282971
998786,0.020711023
998787,0.019351289
998788,0.017566636
998789,0.014007928
998790,0.019106897
998791,0.0081384219
998792,0.010409008
998793,0.010733571
998794,0.039471075
998795,0.028326418
998796,0.013804716
998797,0.0070527918
998798,0.0079273898
998799,0.0060215369
998800,0.0060426476
998801,0.02463307
998802,0.0072301528
998803,0.0085722078
998804,0.011664895
998805,0.0075870291
998806,0.020580336
998807,0.0072847256
998808,0.0023991552
998809,0.039257813
998810,0.0065253242
998811,0.00630537
998812,0.0064524929
998813,0.0071131089
998814,0.010519588
998815,0.0084985737
998816,0.0072617475
998817,0.0061415727
998818,0.030422794
998819,0.010622271
998820,0.007100902
998821,0.009475952
998822,0.011090447
998823,0.014487592
998824,0.0074039237
998825,0.0084329043
998826,0.0083251949
998827,0.0074405447
998828,0.010469325
998829,0.017693015
998830,0.010770191
998831,0.027829159
998832,0.0065155737
998833,0.010332175
998834,0.0072617475
998835,0.0067540784
998836,0.0064772717
998837,0.0071066464
998838,0.010691923
998839,0.031496625
998840,0.021248851
998841,0.0020705357
998842,0.0070693074
998843,0.0071576289
998844,0.027225828
998845,0.01058924
998846,0.0070434571
998847,0.011902574
998848,0.0071461396
998849,0.030030016
998850,0.028759766
998851,0.013538316
998852,0.0070772059
998853,0.018448185
998854,0.039212573
998855,0.013924632
998856,0.031586051
998857,0.010685461
998858,0.010440602
998859,0.03214255
998860,0.01071131
998861,0.0063234698
998862,0.007798139
998863,0.022776455
998864,0.011470301
998865,0.010158404
998866,0.014583094
998867,0.0072114831
998868,0.026334874
998869,0.011015768
998870,0.025022978
998871,0.010354435
998872,0.015418199
998873,0.034888197
998874,0.027253274
998875,0.0077923941
998876,0.0069888844
998877,0.0070441752
998878,0.0076861214
998879,0.0097024357
998880,0.016989315
998881,0.0072150733
998882,0.0087759681
998883,0.0083711511
998884,0.010505945
998885,0.010736443
998886,0.023661535
998887,0.020479808
998888,0.0071648094
998889,0.013597197
998890,0.007422593
998891,0.03559266
998892,0.019679965
998893,0.010354435
998894,0.033916734
998895,0.039774816
998896,0.014028033
998897,0.020329734
998898,0.018226534
998899,0.0072840075
998900,0.0073759193
998901,0.0021431986
998902,0.010664637
998903,0.013879557
998904,0.013666131
998905,0.0072387694
998906,0.010843434
998907,0.006856523
998908,0.007841222
998909,0.0072165094
998910,0.024494486
998911,0.0061428486
998912,0.011203901
998913,0.0058435774
998914,0.011103372
998915,0.0074132583
998916,0.0073098578
998917,0.010324276
998918,0.0072646197
998919,0.018440517
998920,0.010376695
998921,0.023920037
998922,0.0070125805
998923,0.016962029
998924,0.0088465074
998925,0.01157509
998926,0.023713235
998927,0.0096815079
998928,0.024399702
998929,0.020186121
998930,0.0062521542
998931,0.0073888442
998932,0.0072495406
998933,0.024943274
998934,0.0086210361
998935,0.010500919
998936,0.010536104
998937,0.0086124195
998938,0.013641717
998939,0.0072308709
998940,0.011592371
998941,0.022153607
998942,0.017395739
998943,0.039855238
998944,0.03347886
998945,0.0074261832
998946,0.007313448
998947,0.0072998046
998948,0.015871529
998949,0.017369887
998950,0.007136805
998951,0.022531578
998952,0.010653866
998953,0.013038729
998954,0.015330595
998955,0.021013327
998956,0.0097886026
998957,0.024244601
998958,0.019149959
998959,0.013286277
998960,0.007174144
998961,0.017536478
998962,0.010943962
998963,0.0070154527
998964,0.010775937
998965,0.027641745
998966,0.039303768
998967,0.0080307908
998968,0.010542567
998969,0.0072165094
998970,0.0087854723
998971,0.027600816
998972,0.010775937
998973,0.013054343
998974,0.0096949991
998975,0.0072574392
998976,0.010629452
998977,0.0074470071
998978,0.014080452
998979,0.010046119
998980,0.007137523
998981,0.0072883158
998982,0.011777032
998983,0.013907399
998984,0.0070678713
998985,0.013620174
998986,0.0080537684
998987,0.017085535
998988,0.01762215
998989,0.0072150733
998990,0.020326143
998991,0.022405647
998992,0.011595244
998993,0.016862219
998994,0.010235237
998995,0.0072847256
998996,0.0071231616
998997,0.013983513
998998,0.010750086
998999,0.010378849
999000,0.006050379
999001,0.007372329
999002,0.0073069851
999003,0.013752297
999004,0.02386331
999005,0.01568819
999006,0.0061164405
999007,0.0067648496
999008,0.0094647575
999009,0.0076401653
999010,0.0072495406
999011,0.031177476
999012,0.01372932
999013,0.0078491215
999014,0.010880055
999015,0.017374914
999016,0.007210047
999017,0.011240521
999018,0.010615809
999019,0.016891658
999020,0.014105584
999021,0.023161765
999022,0.014085478
999023,0.015214269
999024,0.025985939
999025,0.010379567
999026,0.0070377127
999027,0.0072789812
999028,0.013829849
999029,0.014198214
999030,0.0073479149
999031,0.020201918
999032,0.0063332953
999033,0.0077126897
999034,0.0063914577
999035,0.006502036
999036,0.010262619
999037,0.010721364
999038,0.0069163605
999039,0.015001997
999040,0.010661765
999041,0.0061947093
999042,0.0077837775
999043,0.010740033
999044,0.027725041
999045,0.028231379
999046,0.0066724718
999047,0.013904527
999048,0.0095975986
999049,0.020551614
999050,0.0069091795
999051,0.010420497
999052,0.0078922044
999053,0.01532126
999054,0.0072667738
999055,0.0099656247
999056,0.0095053092
999057,0.017512782
999058,0.013209766
999059,0.0066140569
999060,0.015762867
999061,0.02176011
999062,0.0070851045
999063,0.022884592
999064,0.0074261832
999065,0.0072725182
999066,0.010650994
999067,0.010662483
999068,0.0074793198
999069,0.0085467333
999070,0.0071482938
999071,0.0070111444
999072,0.0070657171
999073,0.020627011
999074,0.033827923
999075,0.0063769338
999076,0.039975874
999077,0.022912597
999078,0.010799632
999079,0.010573443
999080,0.0071691177
999081,0.010555492
999082,0.0059038945
999083,0.01048225
999084,0.014399271
999085,0.0075468174
999086,0.01047866
999087,0.0070054
999088,0.024270451
999089,0.006209827
999090,0.017405791
999091,0.0073263729
999092,0.011062485
999093,0.010635196
999094,0.013798254
999095,0.019171759
999096,0.010732853
999097,0.0088680489
999098,0.017158778
999099,0.01040039
999100,0.019642103
999101,0.006997501
999102,0.023943014
999103,0.0098819509
999104,0.007077924
999105,0.0070657171
999106,0.013913143
999107,0.0139591
999108,0.0070772059
999109,0.0069673425
999110,0.0074075139
999111,0.0073658661
999112,0.021909466
999113,0.026962157
999114,0.010477941
999115,0.013763787
999116,0.0071705538
999117,0.0075353286
999118,0.0075252759
999119,0.016970646
999120,0.014310231
999121,0.010561236
999122,0.010328584
999123,0.012548579
999124,0.017155187
999125,0.0070951572
999126,0.017589614
999127,0.007078642
999128,0.010546875
999129,0.0088809747
999130,0.010745778
999131,0.0057489914
999132,0.010625862
999133,0.01013399
999134,0.0073112939
999135,0.027527574
999136,0.010638068
999137,0.015562706
999138,0.0093527399
999139,0.007093003
999140,0.0105598
999141,0.017634852
999142,0.014287971
999143,0.0069192327
999144,0.0095918542
999145,0.016208904
999146,0.021029124
999147,0.010869284
999148,0.0071324967
999149,0.0073550954
999150,0.0071691177
999151,0.0071296245
999152,0.007159065
999153,0.010535386
999154,0.010164867
999155,0.01327241
999156,0.010594267
999157,0.011339614
999158,0.013674029
999159,0.02009421
999160,0.0068854839
999161,0.017322496
999162,0.0064384956
999163,0.007217946
999164,0.010515998
999165,0.019359633
999166,0.0074642408
999167,0.020744458
999168,0.0070958757
999169,0.0071202894
999170,0.013634535
999171,0.016916791
999172,0.01048943
999173,0.021836225
999174,0.0073313992
999175,0.0087431064
999176,0.0072538489
999177,0.0069034351
999178,0.0070886947
999179,0.014028033
999180,0.033980783
999181,0.0079388786
999182,0.0070312498
999183,0.017160214
999184,0.020477654
999185,0.02034984
999186,0.0071755801
999187,0.004175195
999188,0.022889625
999189,0.0067506703
999190,0.021487247
999191,0.0090785399
999192,0.0072933421
999193,0.0068818936
999194,0.020690918
999195,0.0062396666
999196,0.007291906
999197,0.0080501782
999198,0.007034122
999199,0.037139095
999200,0.010592113
999201,0.010701976
999202,0.0084637813
999203,0.0070010913
999204,0.020920698
999205,0.0070255054
999206,0.030853631
999207,0.0061717313
999208,0.007371611
999209,0.023825252
999210,0.014051011
999211,0.016946232
999212,0.014032342
999213,0.016039321
999214,0.013698443
999215,0.010895853
999216,0.027353803
999217,0.0076078526
999218,0.017176012
999219,0.0071497299
999220,0.0066415453
999221,0.0071238796
999222,0.023851821
999223,0.0067114364
999224,0.017295927
999225,0.010088034
999226,0.0059283087
999227,0.02109375
999228,0.013890166
999229,0.0097325938
999230,0.011440142
999231,0.016797282
999232,0.0069264132
999233,0.0098218098
999234,0.032678939
999235,0.0073450427
999236,0.0068007526
999237,0.016773896
999238,0.0077435663
999239,0.0068933824
999240,0.017389275
999241,0.016947668
999242,0.02943735
999243,0.0070743337
999244,0.010595703
999245,0.0072387694
999246,0.014446663
999247,0.010541131
999248,0.0076279584
999249,0.0094961198
999250,0.030771218
999251,0.013993566
999252,0.010948989
999253,0.010663201
999254,0.018930234
999255,0.0096596591
999256,0.015429316
999257,0.0072567211
999258,0.023816636
999259,0.010903751
999260,0.021702666
999261,0.011065315
999262,0.021302706
999263,0.0070255054
999264,0.0071102367
999265,0.010228056
999266,0.013940429
999267,0.039499801
999268,0.020668657
999269,0.010686897
999270,0.014481129
999271,0.007525994
999272,0.013686236
999273,0.03961828
999274,0.011477482
999275,0.0070003732
999276,0.023747703
999277,0.010182818
999278,0.010251034
999279,0.012623895
999280,0.014046703
999281,0.02749167
999282,0.020967372
999283,0.014399989
999284,0.014045984
999285,0.0099076442
999286,0.0072258445
999287,0.0071102367
999288,0.0070140166
999289,0.0073450427
999290,0.021645179
999291,0.024310661
999292,0.0074778837
999293,0.00743121
999294,0.0068818936
999295,0.0063390187
999296,0.018785184
999297,0.0077493107
999298,0.0071640913
999299,0.010297708
999300,0.010080135
999301,0.0066644028
999302,0.015929457
999303,0.0074139764
999304,0.021507353
999305,0.011468865
999306,0.0073701749
999307,0.018795956
999308,0.0095286649
999309,0.0078814337
999310,0.010670382
999311,0.012976849
999312,0.016558848
999313,0.0069149244
999314,0.03424862
999315,0.019773794
999316,0.030238971
999317,0.0087028956
999318,0.012542371
999319,0.011374081
999320,0.0070319679
999321,0.0070714615
999322,0.020590154
999323,0.0072725182
999324,0.010745778
999325,0.0080070943
999326,0.0063136248
999327,0.0071403952
999328,0.0066624573
999329,0.0068467082
999330,0.022475298
999331,0.017532887
999332,0.011961618
999333,0.013545496
999334,0.00823831
999335,0.02678079
999336,0.0073816637
999337,0.028182445
999338,0.0072516948
999339,0.013987103
999340,0.0065170308
999341,0.013786765
999342,0.010546875
999343,0.021442523
999344,0.0069852942
999345,0.016333224
999346,0.0070535098
999347,0.022117704
999348,0.010523897
999349,0.018030798
999350,0.010599294
999351,0.017107077
999352,0.010696949
999353,0.013923196
999354,0.0072380514
999355,0.01070772
999356,0.014303768
999357,0.010921703
999358,0.0069278493
999359,0.0072954963
999360,0.0057425383
999361,0.013371008
999362,0.014170927
999363,0.02442986
999364,0.0075030159
999365,0.034212001
999366,0.018274726
999367,0.035168391
999368,0.023624914
999369,0.027102482
999370,0.0068251668
999371,0.01570686
999372,0.017782055
999373,0.01080035
999374,0.0082340017
999375,0.012128763
999376,0.010682588
999377,0.01527674
999378,0.020763442
999379,0.0067102769
999380,0.011582319
999381,0.016783232
999382,0.013809742
999383,0.0064848056
999384,0.011165125
999385,0.03954719
999386,0.011927705
999387,0.013740809
999388,0.014925609
999389,0.0070082722
999390,0.007525994
999391,0.0072380514
999392,0.0074139764
999393,0.024471506
999394,0.0070621264
999395,0.0085169179
999396,0.021129653
999397,0.010741469
999398,0.035732854
999399,0.0071619372
999400,0.013663258
999401,0.0072725182
999402,0.020400103
999403,0.023462564
999404,0.016913202
999405,0.019406337
999406,0.032003544
999407,0.0094687305
999408,0.0070901308
999409,0.0071612191
999410,0.0073752012
999411,0.0073213466
999412,0.010705566
999413,0.027429199
999414,0.010757267
999415,0.017063275
999416,0.017451746
999417,0.021995589
999418,0.0071224435
999419,0.0070456113
999420,0.0077809053
999421,0.012724034
999422,0.010495893
999423,0.0095162466
999424,0.011639395
999425,0.0062752785
999426,0.0093434751
999427,0.010403981
999428,0.0062897746
999429,0.0071468577
999430,0.013967716
999431,0.0072387694
999432,0.0073005226
999433,0.017830882
999434,0.0069307215
999435,0.0073579676
999436,0.013977051
999437,0.007173426
999438,0.01753217
999439,0.013936121
999440,0.0074491613
999441,0.010848461
999442,0.010615091
999443,0.014123535
999444,0.028106974
999445,0.013437289
999446,0.0063684196
999447,0.0072258445
999448,0.015372243
999449,0.014023007
999450,0.0076121609
999451,0.010075827
999452,0.020061178
999453,0.0076861214
999454,0.010691923
999455,0.0070886947
999456,0.015750138
999457,0.0072897519
999458,0.0023560359
999459,0.015880629
999460,0.0066652689
999461,0.0068402458
999462,0.0015990417
999463,0.010569853
999464,0.0071870694
999465,0.0075827204
999466,0.014166619
999467,0.03072438
999468,0.013768096
999469,0.0079546757
999470,0.01043773
999471,0.0072150733
999472,0.014394962
999473,0.0080422796
999474,0.0069558537
999475,0.010669664
999476,0.0072244084
999477,0.01780216
999478,0.0097261453
999479,0.010661765
999480,0.0072366153
999481,0.010687615
999482,0.011879596
999483,0.0062083439
999484,0.013126938
999485,0.0070377127
999486,0.010734289
999487,0.0099546555
999488,0.0071992762
999489,0.0071245977
999490,0.0066786823
999491,0.01048225
999492,0.0072007123
999493,0.0075970818
999494,0.013811897
999495,0.0065139621
999496,0.010523897
999497,0.040073529
999498,0.016865809
999499,0.030353861
999500,0.01056339
999501,0.035360456
999502,0.010462143
999503,0.0065544974
999504,0.0072272806
999505,0.0064215041
999506,0.0077730068
999507,0.0072653377
999508,0.029830962
999509,0.012757118
999510,0.036568027
999511,0.016823443
999512,0.011641808
999513,0.007195686
999514,0.01736127
999515,0.0061990176
999516,0.0071863509
999517,0.0072014304
999518,0.01750919
999519,0.017688707
999520,0.01004524
999521,0.022163661
999522,0.0071576289
999523,0.011503331
999524,0.0073450427
999525,0.017566636
999526,0.010470761
999527,0.027653953
999528,0.010849897
999529,0.0033543627
999530,0.013296461
999531,0.0074843462
999532,0.023364257
999533,0.010903033
999534,0.0069565717
999535,0.0094030043
999536,0.0072761085
999537,0.010332893
999538,0.0074865003
999539,0.014028033
999540,0.0071346508
999541,0.0083194505
999542,0.010778091
999543,0.0073601217
999544,0.010878619
999545,0.010781681
999546,0.010317096
999547,0.0082059968
999548,0.011432244
999549,0.0095126843
999550,0.0074505974
999551,0.0075913374
999552,0.017239919
999553,0.022231158
999554,0.0076530906
999555,0.0072380514
999556,0.016116543
999557,0.013947611
999558,0.0077205882
999559,0.010386747
999560,0.021139706
999561,0.0054838294
999562,0.0072344611
999563,0.013075344
999564,0.013775276
999565,0.011025104
999566,0.031826656
999567,0.0070219152
999568,0.014224782
999569,0.010564826
999570,0.0071985582
999571,0.0070571001
999572,0.006571691
999573,0.011440142
999574,0.0075382008
999575,0.013898782
999576,0.0064766593
999577,0.0096307229
999578,0.0077579273
999579,0.0075137867
999580,0.028152287
999581,0.010661765
999582,0.0278586
999583,0.0089707319
999584,0.0063031367
999585,0.011880314
999586,0.016422765
999587,0.016201222
999588,0.010811121
999589,0.0072502587
999590,0.017377786
999591,0.014114918
999592,0.0070082722
999593,0.039321002
999594,0.010984892
999595,0.0067346911
999596,0.010712029
999597,0.0073945886
999598,0.020484835
999599,0.023690257
999600,0.034221336
999601,0.0059189741
999602,0.0070657171
999603,0.0073292451
999604,0.014410041
999605,0.025473921
999606,0.01101146
999607,0.027056526
999608,0.015533088
999609,0.022967344
999610,0.0070592542
999611,0.010466452
999612,0.0087026376
999613,0.010376695
999614,0.01027832
999615,0.013763787
999616,0.007349351
999617,0.01081543
999618,0.0071159811
999619,0.0071639577
999620,0.013926068
999621,0.007100184
999622,0.020785702
999623,0.0058205999
999624,0.0069508273
999625,0.011099782
999626,0.0067950399
999627,0.0063993568
999628,0.018077178
999629,0.0072258445
999630,0.033476707
999631,0.007246668
999632,0.027852187
999633,0.0078354776
999634,0.017049633
999635,0.0072402055
999636,0.010853487
999637,0.01415154
999638,0.0064836997
999639,0.022248344
999640,0.015394584
999641,0.037418708
999642,0.010765165
999643,0.013905245
999644,0.019129137
999645,0.034020998
999646,0.0071834787
999647,0.00740895
999648,0.01739502
999649,0.0072969324
999650,0.014341826
999651,0.010640223
999652,0.010363052
999653,0.013204101
999654,0.0090669524
999655,0.0027086751
999656,0.0071619372
999657,0.010185691
999658,0.0071482938
999659,0.0071439855
999660,0.028371658
999661,0.0071504479
999662,0.0070937211
999663,0.023624197
999664,0.013915298
999665,0.016348805
999666,0.013947611
999667,0.010457835
999668,0.010867848
999669,0.0086547853
999670,0.0097311577
999671,0.0073802276
999672,0.0072875977
999673,0.014039522
999674,0.011394187
999675,0.038086157
999676,0.039369829
999677,0.010623707
999678,0.010677562
999679,0.031935252
999680,0.010202206
999681,0.007371611
999682,0.030636057
999683,0.017179601
999684,0.0072603114
999685,0.010648121
999686,0.020566693
999687,0.033895336
999688,0.0073120119
999689,0.01395445
999690,0.007400333
999691,0.0071978401
999692,0.013375316
999693,0.0065367203
999694,0.0074865003
999695,0.0063921195
999696,0.010592113
999697,0.007092285
999698,0.007114545
999699,0.0072409236
999700,0.0072639016
999701,0.013798254
999702,0.0074843462
999703,0.0070621264
999704,0.0069328756
999705,0.0028388714
999706,0.013997156
999707,0.027903983
999708,0.011523438
999709,0.013859289
999710,0.010765165
999711,0.010443474
999712,0.0073515051
999713,0.015306015
999714,0.021062156
999715,0.0073033948
999716,0.0076631433
999717,0.0044088634
999718,0.0073522232
999719,0.020271571
999720,0.014316694
999721,0.0081571694
999722,0.01037454
999723,0.0073938705
999724,0.0076279584
999725,0.01070054
999726,0.018589154
999727,0.017303107
999728,0.013595043
999729,0.039200369
999730,0.019493243
999731,0.010880773
999732,0.024162022
999733,0.0071640913
999734,0.011867388
999735,0.019867452
999736,0.028717954
999737,0.027976362
999738,0.0072373333
999739,0.0070700254
999740,0.0084400848
999741,0.006494543
999742,0.010788144
999743,0.0089348285
999744,0.0065982593
999745,0.0069946288
999746,0.01041547
999747,0.014648438
999748,0.0067533604
999749,0.02057172
999750,0.014811438
999751,0.010352281
999752,0.013476563
999753,0.010449937
999754,0.030828498
999755,0.039604634
999756,0.009255372
999757,0.0085477941
999758,0.010577751
999759,0.010569853
999760,0.010307761
999761,0.013956945
999762,0.013602941
999763,0.0072215362
999764,0.010695513
999765,0.0238152
999766,0.017090563
999767,0.010558364
999768,0.0063980762
999769,0.039491899
999770,0.014270738
999771,0.010615809
999772,0.0078239888
999773,0.010828354
999774,0.010887235
999775,0.0064483322
999776,0.020438878
999777,0.013158535
999778,0.020798627
999779,0.0099106729
999780,0.0068625058
999781,0.013903809
999782,0.016799748
999783,0.0071461396
999784,0.0098503558
999785,0.0074103861
999786,0.0070240693
999787,0.014861701
999788,0.017361989
999789,0.010755112
999790,0.010403262
999791,0.010308479
999792,0.01822797
999793,0.0099013383
999794,0.0072753904
999795,0.036989991
999796,0.0073005226
999797,0.017992446
999798,0.010717056
999799,0.0079352884
999800,0.0067591048
999801,0.0076983282
999802,0.023563879
999803,0.0068251668
999804,0.010684743
999805,0.0074103861
999806,0.010261087
999807,0.0064467485
999808,0.0084422389
999809,0.016492503
999810,0.010454245
999811,0.0087201288
999812,0.037792891
999813,0.0074685491
999814,0.0098860618
999815,0.0072014304
999816,0.010477941
999817,0.028241325
999818,0.0061099781
999819,0.0070176069
999820,0.0072416416
999821,0.013161519
999822,0.017237047
999823,0.0096997572
999824,0.011368336
999825,0.0064543681
999826,0.0070901308
999827,0.0070886947
999828,0.028258558
999829,0.010161994
999830,0.039622586
999831,0.03951057
999832,0.0073902803
999833,0.017164523
999834,0.0072732363
999835,0.010251034
999836,0.023790067
999837,0.010523897
999838,0.007019043
999839,0.0071095186
999840,0.013910271
999841,0.006901281
999842,0.017845243
999843,0.010765165
999844,0.0070728976
999845,0.0073270909
999846,0.013884421
999847,0.0092299515
999848,0.0063762162
999849,0.0099135451
999850,0.017491957
999851,0.015356446
999852,0.0070355586
999853,0.0063036769
999854,0.0064417282
999855,0.010526051
999856,0.0099336514
999857,0.010940372
999858,0.020720359
999859,0.0108341
999860,0.013099581
999861,0.010900161
999862,0.010167021
999863,0.0096514532
999864,0.010762293
999865,0.007114545
999866,0.0172392
999867,0.035963215
999868,0.0074742935
999869,0.0078512756
999870,0.0084530097
999871,0.013133329
999872,0.027142692
999873,0.010324994
999874,0.011586993
999875,0.013928222
999876,0.0073586856
999877,0.0072251265
999878,0.01063017
999879,0.0063088811
999880,0.007136805
999881,0.013641717
999882,0.0072215362
999883,0.0073450427
999884,0.0072516948
999885,0.0237635
999886,0.0071576289
999887,0.0073450427
999888,0.0073407344
999889,0.0072380514
999890,0.0075597428
999891,0.010519588
999892,0.0072890338
999893,0.010322122
999894,0.0097932573
999895,0.0069292854
999896,0.0073687383
999897,0.0073687383
999898,0.010790298
999899,0.021095186
999900,0.023427447
999901,0.0088579962
999902,0.017413689
999903,0.010880055
999904,0.0077938302
999905,0.0095822746
999906,0.010391774
999907,0.0167275
999908,0.0089994539
999909,0.0071949679
999910,0.0071116728
999911,0.010719928
999912,0.0071806065
999913,0.010730699
999914,0.0072057387
999915,0.010676126
999916,0.010885081
999917,0.0072050206
999918,0.0073156022
999919,0.0063049905
999920,0.0073184744
999921,0.017074764
999922,0.010862822
999923,0.0075446633
999924,0.0085650273
999925,0.010332175
999926,0.0073701749
999927,0.0070815142
999928,0.028463837
999929,0.0070484835
999930,0.0075525618
999931,0.013717831
999932,0.014253505
999933,0.02439611
999934,0.010619399
999935,0.016185327
999936,0.0071920957
999937,0.0075597428
999938,0.017371323
999939,0.0071691177
999940,0.0074333642
999941,0.010144761
999942,0.0073414524
999943,0.011089729
999944,0.017049633
999945,0.013947611
999946,0.030549891
999947,0.0071461396
999948,0.019980038
999949,0.010999971
999950,0.014395947
999951,0.0091983574
999952,0.0063928836
999953,0.014708037
999954,0.016631586
999955,0.0098955659
999956,0.010317096
999957,0.010447782
999958,0.0074527515
999959,0.010959042
999960,0.0070168888
999961,0.015540269
999962,0.027079504
999963,0.0063884137
999964,0.017899817
999965,0.017652804
999966,0.0071870694
999967,0.007400333
999968,0.013608686
999969,0.034021713
999970,0.0086081112
999971,0.028333956
999972,0.0074692671
999973,0.0071942499
999974,0.0072430777
999975,0.012568934
999976,0.015222886
999977,0.0070542279
999978,0.007673196
999979,0.023617733
999980,0.0071461396
999981,0.033732336
999982,0.018788775
999983,0.014109174
999984,0.023644302
999985,0.0099688359
999986,0.015940947
999987,0.0092518041
999988,0.0071123908
999989,0.034063362
999990,0.010462862
999991,0.013213752
999992,0.01437342
999993,0.007078642
999994,0.007042021
999995,0.0069896025
999996,0.010523179
999997,0.010812557
999998,0.0089254938
999999,0.010698386
