LECROYHDO6104B,11090,Waveform
Segments,1,SegmentSize,3729
Segment,TrigTime,TimeSinceSegment1
#1,04-May-2026 18:45:31,0                 
Time,Ampl
996271,0.030272719
996272,0.0071490118
996273,0.021110984
996274,0.039267149
996275,0.0094460882
996276,0.010425523
996277,0.0061626802
996278,0.0074190027
996279,0.015207807
996280,0.0070958757
996281,0.0096567292
996282,0.0073048309
996283,0.020425236
996284,0.0077134077
996285,0.011580883
996286,0.007033404
996287,0.0075970818
996288,0.0073249368
996289,0.016869534
996290,0.027171416
996291,0.0072703641
996292,0.0072840075
996293,0.012857358
996294,0.025857229
996295,0.0074333642
996296,0.0074886545
996297,0.024521053
996298,0.013730038
996299,0.0072337431
996300,0.0077155619
996301,0.017547349
996302,0.017291619
996303,0.013832721
996304,0.018152574
996305,0.017226275
996306,0.0073953066
996307,0.013845646
996308,0.010327866
996309,0.0072380514
996310,0.019755285
996311,0.010601448
996312,0.020381434
996313,0.0071841967
996314,0.010581342
996315,0.020409439
996316,0.010260369
996317,0.0071949679
996318,0.01391458
996319,0.0023248421
996320,0.0068215765
996321,0.0043017659
996322,0.010665355
996323,0.010615809
996324,0.006960162
996325,0.017304543
996326,0.011243394
996327,0.0098632816
996328,0.0061566504
996329,0.020226333
996330,0.0095430259
996331,0.0070973118
996332,0.017217658
996333,0.0068502985
996334,0.0075159408
996335,0.0069637522
996336,0.010493021
996337,0.0071712718
996338,0.013267743
996339,0.03136402
996340,0.010743624
996341,0.0071942499
996342,0.0075310203
996343,0.011086857
996344,0.016626695
996345,0.018032657
996346,0.0097677791
996347,0.0070427391
996348,0.0073795095
996349,0.0068474263
996350,0.014142923
996351,0.013147563
996352,0.0071066464
996353,0.010640941
996354,0.010735007
996355,0.0064285179
996356,0.022894606
996357,0.0097519821
996358,0.010281192
996359,0.010249598
996360,0.0072567211
996361,0.014309512
996362,0.0068517351
996363,0.0070815142
996364,0.0062749675
996365,0.0074462891
996366,0.039453126
996367,0.0098704621
996368,0.016295319
996369,0.007349351
996370,0.014028033
996371,0.017589614
996372,0.030358266
996373,0.009429751
996374,0.01892449
996375,0.0063878666
996376,0.0027698637
996377,0.013579963
996378,0.0071131089
996379,0.0070448932
996380,0.016309587
996381,0.0158515
996382,0.01079711
996383,0.010447782
996384,0.039430149
996385,0.019419834
996386,0.016704964
996387,0.013397057
996388,0.01428079
996389,0.014435174
996390,0.024360927
996391,0.0078512756
996392,0.01567311
996393,0.011517959
996394,0.0076746321
996395,0.0073874081
996396,0.033559281
996397,0.014164465
996398,0.01043773
996399,0.0075834384
996400,0.020909926
996401,0.016964901
996402,0.0097766789
996403,0.013752297
996404,0.019456957
996405,0.00736443
996406,0.013924632
996407,0.0030316128
996408,0.014423684
996409,0.0095257927
996410,0.01051887
996411,0.037415989
996412,0.027529728
996413,0.0054974724
996414,0.005682359
996415,0.0092754178
996416,0.0040893122
996417,0.0063967453
996418,0.011229751
996419,0.013453584
996420,0.010007611
996421,0.0056870403
996422,0.010641659
996423,0.024152689
996424,0.016842831
996425,0.0046515907
996426,0.012985023
996427,0.0065142633
996428,0.010386029
996429,0.010387465
996430,0.013876522
996431,0.011261346
996432,0.0022684061
996433,0.010512408
996434,0.007349351
996435,0.010471479
996436,0.0065006032
996437,0.031907745
996438,0.013565602
996439,0.013791791
996440,0.0071131089
996441,0.017137911
996442,0.015758201
996443,0.0017778302
996444,0.010684743
996445,0.015555487
996446,0.0097720874
996447,0.0095085595
996448,0.010516716
996449,0.0072954963
996450,0.0073227827
996451,0.006512092
996452,0.010719928
996453,0.021026971
996454,0.014771944
996455,0.019120026
996456,0.0073206285
996457,0.010294118
996458,0.016534379
996459,0.024724266
996460,0.014756147
996461,0.039838005
996462,0.0070513557
996463,0.015350125
996464,0.01476899
996465,0.0075475355
996466,0.010638786
996467,0.0069443649
996468,0.010577751
996469,0.0059555951
996470,0.0097738728
996471,0.014422966
996472,0.0097103342
996473,0.0073191924
996474,0.03756319
996475,0.015556066
996476,0.025039399
996477,0.013809742
996478,0.007599236
996479,0.0095840981
996480,0.014057473
996481,0.012962045
996482,0.01404383
996483,0.010598576
996484,0.010284064
996485,0.0066453936
996486,0.036848001
996487,0.010664637
996488,0.010880055
996489,0.019827945
996490,0.016381113
996491,0.0096781496
996492,0.023394417
996493,0.032596387
996494,0.0065442547
996495,0.0072782626
996496,0.006471158
996497,0.010764447
996498,0.015864832
996499,0.0073299631
996500,0.024594296
996501,0.0068933824
996502,0.0072825714
996503,0.0095684528
996504,0.009379915
996505,0.011339614
996506,0.013894474
996507,0.0091672614
996508,0.030399816
996509,0.00731273
996510,0.030376839
996511,0.013363341
996512,0.01024529
996513,0.0071691177
996514,0.0076573989
996515,0.0062399469
996516,0.0070858225
996517,0.0071971221
996518,0.0072157914
996519,0.0089448821
996520,0.017618336
996521,0.025087066
996522,0.010862104
996523,0.017658548
996524,0.023055406
996525,0.0095595969
996526,0.010581342
996527,0.0039848848
996528,0.010880773
996529,0.039717373
996530,0.007372329
996531,0.027470129
996532,0.014032342
996533,0.035016853
996534,0.0024641037
996535,0.01385139
996536,0.0076573989
996537,0.014073989
996538,0.0072315889
996539,0.013269761
996540,0.012895965
996541,0.0072373333
996542,0.0070599723
996543,0.038595043
996544,0.013018062
996545,0.0064218142
996546,0.039464615
996547,0.014326747
996548,0.0077715707
996549,0.011167279
996550,0.012594545
996551,0.0072631836
996552,0.0083869481
996553,0.0108262
996554,0.039649874
996555,0.010554774
996556,0.019616824
996557,0.010509536
996558,0.020816579
996559,0.027144128
996560,0.010727108
996561,0.039705884
996562,0.0081234202
996563,0.0075252759
996564,0.0070937211
996565,0.0068962546
996566,0.0073845359
996567,0.0068854839
996568,0.0080896718
996569,0.014524213
996570,0.016256893
996571,0.0070348405
996572,0.0065945177
996573,0.0075712316
996574,0.019175109
996575,0.010670382
996576,0.007526712
996577,0.0022635919
996578,0.026875574
996579,0.027094582
996580,0.0066148294
996581,0.0085994946
996582,0.012895441
996583,0.010582778
996584,0.0072617475
996585,0.020180248
996586,0.014200368
996587,0.0075906194
996588,0.017056813
996589,0.019325001
996590,0.014096967
996591,0.020484835
996592,0.03968434
996593,0.023946606
996594,0.013471536
996595,0.007658117
996596,0.01372932
996597,0.017031681
996598,0.020797908
996599,0.0075618969
996600,0.013997156
996601,0.010659611
996602,0.01183005
996603,0.011700081
996604,0.019338809
996605,0.014039522
996606,0.013833439
996607,0.014707319
996608,0.031671502
996609,0.010572007
996610,0.0071942499
996611,0.0070132986
996612,0.010910932
996613,0.0071482938
996614,0.016908893
996615,0.031159524
996616,0.012411678
996617,0.0074721393
996618,0.007732077
996619,0.03049819
996620,0.0090917852
996621,0.011810662
996622,0.0070054
996623,0.0078239888
996624,0.019267004
996625,0.014188878
996626,0.029872041
996627,0.0069738054
996628,0.031344067
996629,0.020705279
996630,0.02001664
996631,0.0072272806
996632,0.010443474
996633,0.0072538489
996634,0.0080437157
996635,0.0029280651
996636,0.010584932
996637,0.010697667
996638,0.0068215765
996639,0.0071461396
996640,0.031060431
996641,0.0065536802
996642,0.0074017695
996643,0.010666791
996644,0.007137523
996645,0.0069365553
996646,0.010491584
996647,0.0070312498
996648,0.023049029
996649,0.0063000992
996650,0.019915413
996651,0.0074721393
996652,0.030706428
996653,0.010523897
996654,0.01759105
996655,0.033499684
996656,0.010594985
996657,0.0093764365
996658,0.0064934227
996659,0.010678998
996660,0.014338235
996661,0.007210765
996662,0.010592831
996663,0.0063741053
996664,0.011265654
996665,0.0067188265
996666,0.014248477
996667,0.0072064567
996668,0.013943302
996669,0.011921961
996670,0.02030101
996671,0.0080013499
996672,0.010661765
996673,0.0071253157
996674,0.022625187
996675,0.010394646
996676,0.0072897519
996677,0.007350069
996678,0.0018454376
996679,0.013754452
996680,0.010569853
996681,0.0084673716
996682,0.011702497
996683,0.010850033
996684,0.018360093
996685,0.020886948
996686,0.0068021887
996687,0.0075985179
996688,0.017873965
996689,0.01449549
996690,0.010154167
996691,0.010294118
996692,0.0073263729
996693,0.010827636
996694,0.0071655274
996695,0.013755888
996696,0.0073895622
996697,0.010496611
996698,0.0096351197
996699,0.030985754
996700,0.010206514
996701,0.015454101
996702,0.016900275
996703,0.014158002
996704,0.039609663
996705,0.0078728171
996706,0.0070872586
996707,0.016501753
996708,0.0072445138
996709,0.0062495377
996710,0.014023007
996711,0.011194565
996712,0.0073026768
996713,0.012160357
996714,0.007254567
996715,0.0098762065
996716,0.0073263729
996717,0.0072969324
996718,0.017273668
996719,0.0097405184
996720,0.014338235
996721,0.014145795
996722,0.013732192
996723,0.0069594439
996724,0.013633817
996725,0.01070772
996726,0.02240108
996727,0.013821231
996728,0.0068546073
996729,0.0059945942
996730,0.016361153
996731,0.030457979
996732,0.013055061
996733,0.02511489
996734,0.0070578181
996735,0.0063311406
996736,0.0071231616
996737,0.0074304915
996738,0.0071490118
996739,0.0076624253
996740,0.0075123506
996741,0.0069924747
996742,0.0075697955
996743,0.017293774
996744,0.0075008618
996745,0.0071411133
996746,0.0071806065
996747,0.0073069851
996748,0.01309856
996749,0.033458754
996750,0.0074218749
996751,0.010357307
996752,0.0072954963
996753,0.015940947
996754,0.0065039485
996755,0.0076351389
996756,0.0076631433
996757,0.023359232
996758,0.013972024
996759,0.010546875
996760,0.0077083814
996761,0.015344956
996762,0.013769049
996763,0.013798972
996764,0.011273553
996765,0.00828283
996766,0.010420497
996767,0.017145135
996768,0.010476505
996769,0.0067059686
996770,0.019064091
996771,0.015347573
996772,0.013699161
996773,0.0072351792
996774,0.01060432
996775,0.0009307884
996776,0.006049661
996777,0.0072265626
996778,0.013064449
996779,0.0068538892
996780,0.0073881261
996781,0.0065350723
996782,0.010342227
996783,0.0073041129
996784,0.0093455594
996785,0.014131434
996786,0.013775276
996787,0.031680837
996788,0.010543285
996789,0.02364861
996790,0.011468299
996791,0.01188534
996792,0.0069996552
996793,0.019210266
996794,0.010414752
996795,0.0067361272
996796,0.0073335534
996797,0.0075022979
996798,0.0069307215
996799,0.0071999943
996800,0.009592968
996801,0.014445227
996802,0.010976993
996803,0.023909984
996804,0.0068617878
996805,0.0073482925
996806,0.007100902
996807,0.020020967
996808,0.0073177563
996809,0.0070161708
996810,0.022325359
996811,0.0085047102
996812,0.0026926422
996813,0.0070728976
996814,0.0090805953
996815,0.017210478
996816,0.010560518
996817,0.0072122011
996818,0.026173202
996819,0.0069113337
996820,0.007328527
996821,0.026922248
996822,0.033153459
996823,0.03095416
996824,0.013264016
996825,0.017178884
996826,0.011041619
996827,0.01013758
996828,0.03708123
996829,0.0069536995
996830,0.010171995
996831,0.038706344
996832,0.0069536995
996833,0.010381003
996834,0.014103429
996835,0.017440258
996836,0.0077593634
996837,0.007247386
996838,0.0096047791
996839,0.0080386894
996840,0.013669003
996841,0.010607192
996842,0.0076408833
996843,0.010462143
996844,0.0075224033
996845,0.0077895219
996846,0.031225212
996847,0.026711857
996848,0.035032026
996849,0.03360524
996850,0.0076021082
996851,0.01789978
996852,0.0078455312
996853,0.0072495406
996854,0.0065649967
996855,0.0061494717
996856,0.027148437
996857,0.01058206
996858,0.020094281
996859,0.010785989
996860,0.0070499196
996861,0.005727252
996862,0.0093824659
996863,0.010112623
996864,0.039809283
996865,0.020912798
996866,0.012737824
996867,0.0079288259
996868,0.0071044923
996869,0.0096385162
996870,0.0071619372
996871,0.01647936
996872,0.0066009667
996873,0.033829495
996874,0.039866727
996875,0.028837316
996876,0.017332548
996877,0.0075669233
996878,0.0094054379
996879,0.020226499
996880,0.014039522
996881,0.0072954963
996882,0.0071231616
996883,0.010105268
996884,0.0065336027
996885,0.014124253
996886,0.0105081
996887,0.020303166
996888,0.007621496
996889,0.0079245176
996890,0.0074204388
996891,0.0062794406
996892,0.03043141
996893,0.0073622759
996894,0.0072251265
996895,0.007173426
996896,0.0078534298
996897,0.016900275
996898,0.0073673022
996899,0.0087072039
996900,0.0139591
996901,0.0072265626
996902,0.022983685
996903,0.007291188
996904,0.0067237047
996905,0.0071253157
996906,0.036967918
996907,0.013311407
996908,0.0070807962
996909,0.0084667262
996910,0.011468147
996911,0.0075166589
996912,0.007218664
996913,0.010562672
996914,0.010420497
996915,0.010126092
996916,0.019731987
996917,0.013686236
996918,0.02294491
996919,0.013277394
996920,0.013759478
996921,0.010002874
996922,0.01391817
996923,0.0073357075
996924,0.017061122
996925,0.0065005478
996926,0.016957721
996927,0.022598805
996928,0.014058909
996929,0.0074563418
996930,0.0072739543
996931,0.0073270909
996932,0.0072825714
996933,0.010539695
996934,0.0069206688
996935,0.0137365
996936,0.0061480352
996937,0.015197754
996938,0.012339154
996939,0.01008947
996940,0.026989028
996941,0.026165688
996942,0.0091215242
996943,0.0082842661
996944,0.012943761
996945,0.0070477654
996946,0.013006951
996947,0.010591395
996948,0.019164171
996949,0.0064065559
996950,0.013770968
996951,0.0072581572
996952,0.017178884
996953,0.012757066
996954,0.019302411
996955,0.0075022979
996956,0.0070298137
996957,0.0082849842
996958,0.032279547
996959,0.0078505576
996960,0.0070010913
996961,0.01727654
996962,0.010930319
996963,0.019842889
996964,0.018651959
996965,0.01044491
996966,0.010600012
996967,0.010576315
996968,0.029305981
996969,0.0089269299
996970,0.010806813
996971,0.023324545
996972,0.010492302
996973,0.0089678597
996974,0.016855039
996975,0.0069163605
996976,0.0060195024
996977,0.010504509
996978,0.0071231616
996979,0.017239919
996980,0.018352194
996981,0.01389591
996982,0.0071559041
996983,0.020362046
996984,0.0099516027
996985,0.020132266
996986,0.0072150733
996987,0.0071612191
996988,0.010646685
996989,0.0021128382
996990,0.013214482
996991,0.0073802276
996992,0.010661765
996993,0.013159832
996994,0.0073795095
996995,0.0084228516
996996,0.0084795784
996997,0.017025217
996998,0.039447382
996999,0.0072215362
997000,0.0068021887
997001,0.030274874
997002,0.020563103
997003,0.0072954963
997004,0.033957805
997005,0.010622271
997006,0.0080781821
997007,0.013786765
997008,0.017463954
997009,0.0070578181
997010,0.013667567
997011,0.0075597428
997012,0.013125794
997013,0.010279756
997014,0.01741728
997015,0.01008229
997016,0.017496984
997017,0.0072043026
997018,0.017440258
997019,0.0080889538
997020,0.0063167796
997021,0.010302017
997022,0.025783405
997023,0.033680636
997024,0.0076150335
997025,0.009679094
997026,0.010397518
997027,0.013926786
997028,0.024154512
997029,0.019503616
997030,0.0084415209
997031,0.020569567
997032,0.0091911769
997033,0.012654488
997034,0.0061208834
997035,0.01051528
997036,0.015386604
997037,0.0082993452
997038,0.0071102367
997039,0.0075733857
997040,0.010435576
997041,0.0086971503
997042,0.02330035
997043,0.007481474
997044,0.0072631836
997045,0.0080810543
997046,0.024616556
997047,0.0171875
997048,0.0065372242
997049,0.011224724
997050,0.020378562
997051,0.0066564223
997052,0.0012734844
997053,0.039533548
997054,0.0068660961
997055,0.010856359
997056,0.010216567
997057,0.0073874081
997058,0.01764706
997059,0.01084128
997060,0.0055750231
997061,0.014047421
997062,0.0073249368
997063,0.011539953
997064,0.010378849
997065,0.0052173394
997066,0.0065435614
997067,0.0056913486
997068,0.01060432
997069,0.0077191521
997070,0.0072244084
997071,0.010213695
997072,0.014135025
997073,0.014006491
997074,0.017280849
997075,0.016130514
997076,0.0071712718
997077,0.010960478
997078,0.0062866211
997079,0.028644219
997080,0.0074441349
997081,0.0072301528
997082,0.010869147
997083,0.011067469
997084,0.0095660044
997085,0.0096533233
997086,0.010595703
997087,0.0074412627
997088,0.010887953
997089,0.019354163
997090,0.021798886
997091,0.0067160213
997092,0.0071949679
997093,0.019910386
997094,0.017865349
997095,0.0071691177
997096,0.02063491
997097,0.027377499
997098,0.010716338
997099,0.0064165397
997100,0.0071820426
997101,0.037461225
997102,0.01060791
997103,0.039200369
997104,0.0072114831
997105,0.0074556237
997106,0.023794375
997107,0.00736443
997108,0.010852051
997109,0.0074419808
997110,0.0061927768
997111,0.010673254
997112,0.024510534
997113,0.03555312
997114,0.039413631
997115,0.0076652975
997116,0.0070829503
997117,0.010601448
997118,0.013920324
997119,0.010026281
997120,0.018027632
997121,0.010279856
997122,0.039590992
997123,0.013953355
997124,0.013803998
997125,0.033919748
997126,0.010368078
997127,0.0070496858
997128,0.030170921
997129,0.0066775167
997130,0.0091841351
997131,0.037344899
997132,0.013885139
997133,0.030307904
997134,0.0072394875
997135,0.0076688877
997136,0.013908835
997137,0.030388327
997138,0.010627298
997139,0.028670482
997140,0.035174541
997141,0.014120663
997142,0.013902373
997143,0.010605756
997144,0.013784611
997145,0.0070872586
997146,0.010922421
997147,0.018462775
997148,0.016277226
997149,0.017297363
997150,0.024655331
997151,0.010661047
997152,0.010213695
997153,0.0083036534
997154,0.0068510165
997155,0.017439539
997156,0.01044491
997157,0.007255285
997158,0.022589471
997159,0.039671414
997160,0.023655791
997161,0.013855699
997162,0.0074247471
997163,0.0075051701
997164,0.039224781
997165,0.0068969727
997166,0.0075417911
997167,0.0068761487
997168,0.0073084212
997169,0.010498047
997170,0.010391774
997171,0.0061264937
997172,0.0026001313
997173,0.0076401653
997174,0.0094633214
997175,0.011355411
997176,0.027409812
997177,0.013646025
997178,0.0075949277
997179,0.0099530388
997180,0.027471565
997181,0.017744714
997182,0.0069572898
997183,0.014295151
997184,0.010073673
997185,0.0072768265
997186,0.02386331
997187,0.017141543
997188,0.0071526021
997189,0.0069673425
997190,0.017428769
997191,0.0073988969
997192,0.017288029
997193,0.0098972647
997194,0.020388614
997195,0.0059569525
997196,0.030820599
997197,0.0053362828
997198,0.010516716
997199,0.014034496
997200,0.01148897
997201,0.0059448243
997202,0.022178022
997203,0.0069400561
997204,0.013572064
997205,0.020261003
997206,0.010622271
997207,0.0072150733
997208,0.013997156
997209,0.0074570598
997210,0.0073816637
997211,0.019278493
997212,0.01041188
997213,0.0071461396
997214,0.010857077
997215,0.016096704
997216,0.012520165
997217,0.010577751
997218,0.016217524
997219,0.0077959844
997220,0.0088127581
997221,0.0073191924
997222,0.0052238903
997223,0.0072782626
997224,0.014298995
997225,0.0072940602
997226,0.013815487
997227,0.028467515
997228,0.006769876
997229,0.010299144
997230,0.0075367647
997231,0.00951574
997232,0.0068546073
997233,0.013832721
997234,0.017695168
997235,0.014372702
997236,0.014096967
997237,0.0071109547
997238,0.016506726
997239,0.0067325369
997240,0.011125632
997241,0.0071942499
997242,0.0073335534
997243,0.009662224
997244,0.010784553
997245,0.0065436866
997246,0.0074111042
997247,0.014028033
997248,0.0063303299
997249,0.014298742
997250,0.020158118
997251,0.011302275
997252,0.017652804
997253,0.0095631322
997254,0.020496324
997255,0.0087560313
997256,0.0094906073
997257,0.0082261031
997258,0.01029699
997259,0.010535386
997260,0.0093203988
997261,0.0094748102
997262,0.017693015
997263,0.0072524128
997264,0.0069544176
997265,0.010329302
997266,0.009895972
997267,0.011149328
997268,0.014015826
997269,0.033340693
997270,0.039660644
997271,0.0074477252
997272,0.013693416
997273,0.012660429
997274,0.034108598
997275,0.0071942499
997276,0.0074836281
997277,0.010770191
997278,0.0075396369
997279,0.0070276596
997280,0.017388556
997281,0.027809054
997282,0.00696088
997283,0.013875804
997284,0.0092098461
997285,0.0082950369
997286,0.023948042
997287,0.022921214
997288,0.014538259
997289,0.0072954963
997290,0.010555492
997291,0.015536679
997292,0.014191751
997293,0.0080114026
997294,0.010028435
997295,0.010714902
997296,0.0076760687
997297,0.0069953469
997298,0.026063448
997299,0.021254595
997300,0.028598033
997301,0.0071565011
997302,0.010581342
997303,0.0072157914
997304,0.015120204
997305,0.012507899
997306,0.010612937
997307,0.010569853
997308,0.024540441
997309,0.032446288
997310,0.0070980298
997311,0.017012293
997312,0.0070664352
997313,0.017363425
997314,0.011917653
997315,0.035087317
997316,0.039745376
997317,0.010351563
997318,0.0078986669
997319,0.017254997
997320,0.020744773
997321,0.019728351
997322,0.014032342
997323,0.0078699449
997324,0.010536104
997325,0.010256778
997326,0.019577706
997327,0.0071231616
997328,0.010405417
997329,0.007115263
997330,0.017430922
997331,0.010445628
997332,0.0074283374
997333,0.017578125
997334,0.0077292048
997335,0.01388873
997336,0.011563648
997337,0.014023725
997338,0.0071310606
997339,0.025937399
997340,0.0088357367
997341,0.011019359
997342,0.010747932
997343,0.039549343
997344,0.013427016
997345,0.010534668
997346,0.0076056984
997347,0.007467831
997348,0.010712029
997349,0.0079252357
997350,0.0084975297
997351,0.011242676
997352,0.039039522
997353,0.017136518
997354,0.02712187
997355,0.011033002
997356,0.017604694
997357,0.030387608
997358,0.014051011
997359,0.015102969
997360,0.017543659
997361,0.0073816637
997362,0.032116704
997363,0.007797421
997364,0.01037454
997365,0.014293715
997366,0.010340791
997367,0.016062446
997368,0.010615091
997369,0.010642377
997370,0.013134669
997371,0.0062813065
997372,0.010894416
997373,0.0072488226
997374,0.0069213868
997375,0.015567555
997376,0.022909008
997377,0.0057459213
997378,0.012909897
997379,0.0071942499
997380,0.0067820828
997381,0.0063726394
997382,0.012528004
997383,0.020243566
997384,0.011079676
997385,0.00665471
997386,0.0076703238
997387,0.026927993
997388,0.0088120401
997389,0.007210765
997390,0.0093021896
997391,0.0084824506
997392,0.007233025
997393,0.0070147347
997394,0.010468607
997395,0.032842178
997396,0.0074462891
997397,0.010797478
997398,0.025991913
997399,0.020759853
997400,0.0081887636
997401,0.022727555
997402,0.0071281884
997403,0.0071533201
997404,0.0073730471
997405,0.010721364
997406,0.0070542279
997407,0.0072768265
997408,0.013738655
997409,0.0078584561
997410,0.011064596
997411,0.0065372242
997412,0.011061724
997413,0.020738309
997414,0.0056410846
997415,0.023191204
997416,0.0092500579
997417,0.0068941005
997418,0.014200368
997419,0.017591769
997420,0.020351993
997421,0.026505055
997422,0.017660702
997423,0.014182416
997424,0.015722964
997425,0.0071992762
997426,0.010443474
997427,0.031867061
997428,0.0071310606
997429,0.010588522
997430,0.013604377
997431,0.020524206
997432,0.033524815
997433,0.010383157
997434,0.010532514
997435,0.013735064
997436,0.0076997643
997437,0.013834875
997438,0.027107509
997439,0.0072423597
997440,0.013637408
997441,0.019704379
997442,0.0073184744
997443,0.0077715707
997444,0.0067318189
997445,0.036929142
997446,0.017061122
997447,0.011356847
997448,0.013844928
997449,0.0069766776
997450,0.0028994814
997451,0.011606014
997452,0.0063174977
997453,0.020975454
997454,0.012183336
997455,0.011313763
997456,0.0061939913
997457,0.0065870667
997458,0.0072495406
997459,0.017584588
997460,0.0063950485
997461,0.017722456
997462,0.0085449219
997463,0.0073773554
997464,0.0070736157
997465,0.035773065
997466,0.0097659286
997467,0.017081944
997468,0.013589298
997469,0.0071999943
997470,0.016067326
997471,0.0071583469
997472,0.01741728
997473,0.0070606903
997474,0.033050898
997475,0.0075202491
997476,0.013798254
997477,0.012092141
997478,0.0079216454
997479,0.0071971221
997480,0.010714902
997481,0.017063275
997482,0.010755112
997483,0.0076193418
997484,0.0071210074
997485,0.014028751
997486,0.0070657171
997487,0.010543285
997488,0.039544318
997489,0.0063452609
997490,0.013258272
997491,0.010260369
997492,0.010826918
997493,0.01546559
997494,0.0024384505
997495,0.036611643
997496,0.007371611
997497,0.010428395
997498,0.016962746
997499,0.0073385797
997500,0.0070104264
997501,0.039912682
997502,0.0073184744
997503,0.0077105355
997504,0.01159668
997505,0.020743337
997506,0.0060597141
997507,0.0071827606
997508,0.039418656
997509,0.0072768265
997510,0.010638786
997511,0.013836311
997512,0.010689051
997513,0.0070657171
997514,0.0017765656
997515,0.0065873242
997516,0.0086224722
997517,0.00736443
997518,0.022753179
997519,0.010515998
997520,0.012938848
997521,0.012097886
997522,0.010237391
997523,0.0070132986
997524,0.0073105758
997525,0.014316694
997526,0.0083129881
997527,0.0062633641
997528,0.0099932505
997529,0.0053487951
997530,0.0071533201
997531,0.0071131089
997532,0.010492302
997533,0.0062392289
997534,0.0096694045
997535,0.02432215
997536,0.007313448
997537,0.0069551356
997538,0.029569738
997539,0.023259038
997540,0.010602166
997541,0.030478084
997542,0.0076344209
997543,0.018566895
997544,0.0069867303
997545,0.0097979745
997546,0.010615091
997547,0.010636632
997548,0.010413316
997549,0.011037311
997550,0.0074922452
997551,0.0072674919
997552,0.0081341909
997553,0.013970588
997554,0.0070542279
997555,0.0073213466
997556,0.0062348195
997557,0.0012186451
997558,0.007313448
997559,0.036718749
997560,0.017309571
997561,0.013821949
997562,0.013631663
997563,0.0075310203
997564,0.01750919
997565,0.01152272
997566,0.0087560313
997567,0.010557646
997568,0.0077794692
997569,0.010638786
997570,0.0071605011
997571,0.025517004
997572,0.011350385
997573,0.01403306
997574,0.0072739543
997575,0.013600653
997576,0.010752958
997577,0.014157284
997578,0.039528523
997579,0.0097864
997580,0.0089642694
997581,0.023614861
997582,0.01051169
997583,0.022684477
997584,0.010247444
997585,0.016934743
997586,0.010581342
997587,0.013347757
997588,0.0070089903
997589,0.0069422103
997590,0.016610678
997591,0.021804631
997592,0.010409008
997593,0.010588522
997594,0.0072043026
997595,0.0071382411
997596,0.010565544
997597,0.0064245849
997598,0.010948989
997599,0.013430607
997600,0.019577924
997601,0.0030032888
997602,0.02060475
997603,0.014720243
997604,0.0086253444
997605,0.027481617
997606,0.026910041
997607,0.013261144
997608,0.0065835821
997609,0.025161564
997610,0.0071238796
997611,0.0073184744
997612,0.0094834268
997613,0.0072423597
997614,0.0076209488
997615,0.01269307
997616,0.0075008618
997617,0.0072488226
997618,0.0073349895
997619,0.019417796
997620,0.017344037
997621,0.027619485
997622,0.024025591
997623,0.007136805
997624,0.010305607
997625,0.023770681
997626,0.0072122011
997627,0.0072667738
997628,0.010443474
997629,0.0088809747
997630,0.0071705538
997631,0.01389591
997632,0.0064162216
997633,0.0057940315
997634,0.021914493
997635,0.0073299631
997636,0.011155791
997637,0.023854693
997638,0.0073220646
997639,0.020438878
997640,0.0061860927
997641,0.0070312498
997642,0.0075288662
997643,0.016291359
997644,0.0073299631
997645,0.01576574
997646,0.013862879
997647,0.032705508
997648,0.0075346106
997649,0.0068014706
997650,0.007372329
997651,0.0073658661
997652,0.01718032
997653,0.0099573471
997654,0.0072265626
997655,0.0019282878
997656,0.010403981
997657,0.0072531309
997658,0.0069874483
997659,0.0074297735
997660,0.010685461
997661,0.006615493
997662,0.020944394
997663,0.022850845
997664,0.014079734
997665,0.019519379
997666,0.0075066062
997667,0.0075482535
997668,0.0078247068
997669,0.023619886
997670,0.015683163
997671,0.016926127
997672,0.027441407
997673,0.0062556188
997674,0.0067012203
997675,0.014855239
997676,0.0070176069
997677,0.0062521682
997678,0.0069221049
997679,0.020672249
997680,0.017872529
997681,0.010664637
997682,0.006685379
997683,0.034039665
997684,0.010969095
997685,0.010855641
997686,0.0018109392
997687,0.0061379825
997688,0.039389934
997689,0.033755314
997690,0.010409008
997691,0.0085521024
997692,0.0083180144
997693,0.013706342
997694,0.02194537
997695,0.0078189624
997696,0.017148007
997697,0.0096848942
997698,0.011091165
997699,0.020709587
997700,0.020358456
997701,0.0078189624
997702,0.013809742
997703,0.011001407
997704,0.0072495406
997705,0.0076408833
997706,0.027326517
997707,0.017368451
997708,0.0087459786
997709,0.013951201
997710,0.035656855
997711,0.013383411
997712,0.020518061
997713,0.013856417
997714,0.008165068
997715,0.011015768
997716,0.014174517
997717,0.010790298
997718,0.007541073
997719,0.010643813
997720,0.01312831
997721,0.0067792106
997722,0.0072725182
997723,0.0070362766
997724,0.023085263
997725,0.019450827
997726,0.010526769
997727,0.012811844
997728,0.0071461396
997729,0.0072043026
997730,0.030032169
997731,0.0072516948
997732,0.0086138556
997733,0.0073515051
997734,0.0071999943
997735,0.0097907567
997736,0.0072962143
997737,0.014073989
997738,0.039559398
997739,0.0030621458
997740,0.0079029752
997741,0.0072409236
997742,0.017205451
997743,0.033367135
997744,0.017280849
997745,0.0070362766
997746,0.0071310606
997747,0.024949018
997748,0.014119945
997749,0.0064335479
997750,0.023967428
997751,0.007100902
997752,0.032225754
997753,0.010664637
997754,0.010373104
997755,0.010474351
997756,0.016993023
997757,0.0063555548
997758,0.012889054
997759,0.0080149928
997760,0.0074240291
997761,0.013809742
997762,0.010477941
997763,0.010493021
997764,0.0072610294
997765,0.0069529815
997766,0.010688333
997767,0.02018684
997768,0.028367704
997769,0.01437342
997770,0.0088802557
997771,0.031018067
997772,0.027370319
997773,0.0084277466
997774,0.033819221
997775,0.013816205
997776,0.013813333
997777,0.013438972
997778,0.0074103861
997779,0.010594267
997780,0.010780963
997781,0.011753217
997782,0.0072308709
997783,0.0063469382
997784,0.013972024
997785,0.0066427793
997786,0.012752757
997787,0.013819795
997788,0.0094508007
997789,0.0094547691
997790,0.01060073
997791,0.0074699852
997792,0.017225558
997793,0.010447064
997794,0.01750919
997795,0.0072904699
997796,0.0039821872
997797,0.0071849148
997798,0.0068739946
997799,0.0072143553
997800,0.0073077031
997801,0.0070807962
997802,0.010546875
997803,0.019449916
997804,0.0074175666
997805,0.038702033
997806,0.010517434
997807,0.0084537286
997808,0.033995863
997809,0.0075604608
997810,0.017489804
997811,0.014277918
997812,0.0071037742
997813,0.033218075
997814,0.0070348405
997815,0.012704358
997816,0.010370232
997817,0.007019761
997818,0.0067002242
997819,0.014288689
997820,0.0075066062
997821,0.0099379597
997822,0.007255285
997823,0.0061557954
997824,0.016928999
997825,0.019528488
997826,0.01634006
997827,0.026650822
997828,0.0090202782
997829,0.0080702836
997830,0.0073069851
997831,0.0074699852
997832,0.033136584
997833,0.014214011
997834,0.016137883
997835,0.010413616
997836,0.0064254124
997837,0.02054587
997838,0.0090303309
997839,0.0093081547
997840,0.01391458
997841,0.01496223
997842,0.010482968
997843,0.010827636
997844,0.017496265
997845,0.010528924
997846,0.0083079617
997847,0.0069170785
997848,0.006519991
997849,0.0059794565
997850,0.0071633733
997851,0.017026654
997852,0.0075367647
997853,0.017370606
997854,0.027016314
997855,0.0075022979
997856,0.0025286046
997857,0.010303453
997858,0.0067196116
997859,0.011923636
997860,0.0105081
997861,0.017880429
997862,0.007827579
997863,0.015992647
997864,0.0088500977
997865,0.0073242188
997866,0.016880887
997867,0.014179544
997868,0.018039837
997869,0.019432157
997870,0.010855641
997871,0.024368107
997872,0.013660386
997873,0.039911967
997874,0.0188017
997875,0.017334703
997876,0.008165068
997877,0.010404699
997878,0.0070915669
997879,0.017130774
997880,0.03883272
997881,0.0069213868
997882,0.010368796
997883,0.011086857
997884,0.013383601
997885,0.0096866386
997886,0.026153388
997887,0.019980038
997888,0.0065644686
997889,0.014063936
997890,0.0072832895
997891,0.010365206
997892,0.010431267
997893,0.010510254
997894,0.013903809
997895,0.0073945886
997896,0.018536067
997897,0.015027573
997898,0.0059685204
997899,0.010298426
997900,0.0071238796
997901,0.0068273209
997902,0.014292279
997903,0.0068380916
997904,0.0072789812
997905,0.032988425
997906,0.011320226
997907,0.0076495004
997908,0.0072617475
997909,0.010365206
997910,0.010798914
997911,0.010612219
997912,0.0078598922
997913,0.00646111
997914,0.0070427391
997915,0.017542223
997916,0.016982134
997917,0.0072875977
997918,0.0074836281
997919,0.0074333642
997920,0.025483189
997921,0.023489606
997922,0.039892577
997923,0.010456399
997924,0.0076430375
997925,0.010648839
997926,0.011226879
997927,0.0023493674
997928,0.01761331
997929,0.015683517
997930,0.007004682
997931,0.011776195
997932,0.0063890116
997933,0.0069996552
997934,0.030910358
997935,0.010244572
997936,0.014252787
997937,0.027033547
997938,0.0072380514
997939,0.009541912
997940,0.0074060778
997941,0.0094773313
997942,0.0075087603
997943,0.0071806065
997944,0.010496611
997945,0.0071849148
997946,0.0088948859
997947,0.0072035845
997948,0.009237132
997949,0.038694851
997950,0.014282227
997951,0.025772681
997952,0.010624425
997953,0.013567756
997954,0.013821949
997955,0.020560231
997956,0.0020125264
997957,0.0073543773
997958,0.014343262
997959,0.012418859
997960,0.010066492
997961,0.010234519
997962,0.013230247
997963,0.010307761
997964,0.024009794
997965,0.039234836
997966,0.0060187844
997967,0.01934447
997968,0.010577751
997969,0.0072976504
997970,0.0076889936
997971,0.010712029
997972,0.017377067
997973,0.0065730773
997974,0.014377729
997975,0.0068969727
997976,0.0070958757
997977,0.01997504
997978,0.007077924
997979,0.0022333779
997980,0.0065946691
997981,0.007196404
997982,0.010653866
997983,0.0082713338
997984,0.013848518
997985,0.012185361
997986,0.025420066
997987,0.0069522634
997988,0.0070477654
997989,0.010772346
997990,0.020312499
997991,0.0071748621
997992,0.0070312498
997993,0.011260627
997994,0.0069702147
997995,0.010550465
997996,0.0061121322
997997,0.0063943304
997998,0.0076286765
997999,0.012970019
998000,0.0073306812
998001,0.0070657171
998002,0.038775276
998003,0.013556985
998004,0.01041547
998005,0.01090447
998006,0.0074405447
998007,0.0084163891
998008,0.028435396
998009,0.0083984379
998010,0.029740173
998011,0.0047455365
998012,0.009155361
998013,0.007033404
998014,0.016716791
998015,0.02594425
998016,0.016255239
998017,0.0061853747
998018,0.0072035845
998019,0.01070772
998020,0.010593549
998021,0.0072954963
998022,0.0070463293
998023,0.0068158316
998024,0.010468607
998025,0.0079618562
998026,0.0077514648
998027,0.0072979331
998028,0.032722007
998029,0.01051528
998030,0.015112305
998031,0.03171315
998032,0.0080997245
998033,0.025733432
998034,0.010365924
998035,0.0077812318
998036,0.0075726677
998037,0.0065146969
998038,0.0070039639
998039,0.0072165094
998040,0.01741728
998041,0.0072560031
998042,0.011068905
998043,0.0066183652
998044,0.017611874
998045,0.0075726677
998046,0.0056956573
998047,0.016908174
998048,0.006314165
998049,0.0070793601
998050,0.0070535098
998051,0.010792452
998052,0.0063648899
998053,0.013723576
998054,0.0073213466
998055,0.0072351792
998056,0.0072236904
998057,0.010284783
998058,0.0068660961
998059,0.017270794
998060,0.01058565
998061,0.034249339
998062,0.0072538489
998063,0.013019547
998064,0.0077397125
998065,0.0072617475
998066,0.0070772059
998067,0.0073170383
998068,0.030399816
998069,0.03676255
998070,0.0070118625
998071,0.0096388916
998072,0.013595043
998073,0.010663201
998074,0.010502355
998075,0.019406479
998076,0.0075008618
998077,0.012244064
998078,0.0060116039
998079,0.006365608
998080,0.0073098578
998081,0.010414752
998082,0.03072438
998083,0.027550552
998084,0.0073759193
998085,0.01372932
998086,0.010294118
998087,0.0070010913
998088,0.0071648094
998089,0.0091646081
998090,0.0065770503
998091,0.0073464788
998092,0.039430149
998093,0.0071691177
998094,0.008707922
998095,0.0066323359
998096,0.0073752012
998097,0.017104205
998098,0.020885512
998099,0.0072380514
998100,0.017425178
998101,0.0072035845
998102,0.0096054971
998103,0.0063937865
998104,0.00743121
998105,0.029388787
998106,0.0056970934
998107,0.025945758
998108,0.010409726
998109,0.0069939108
998110,0.0077134077
998111,0.0075870291
998112,0.0067217657
998113,0.0073098578
998114,0.010766601
998115,0.013228453
998116,0.0071702679
998117,0.017596794
998118,0.0095236385
998119,0.011661305
998120,0.0099264709
998121,0.017308135
998122,0.022856412
998123,0.0073443246
998124,0.011453786
998125,0.016988598
998126,0.0070125805
998127,0.0096416809
998128,0.0072660558
998129,0.007004682
998130,0.0072078928
998131,0.0071942499
998132,0.0065329159
998133,0.0072653377
998134,0.016914638
998135,0.0075080423
998136,0.0096825678
998137,0.0080372533
998138,0.013036522
998139,0.013430607
998140,0.022944024
998141,0.012487949
998142,0.0088964868
998143,0.008987247
998144,0.010146197
998145,0.0362477
998146,0.0069493088
998147,0.0055980007
998148,0.0024176021
998149,0.0086626839
998150,0.014073989
998151,0.0074154125
998152,0.0077823414
998153,0.0076796589
998154,0.010430549
998155,0.017822266
998156,0.010882927
998157,0.0067003835
998158,0.029244713
998159,0.017456774
998160,0.017383531
998161,0.0072445138
998162,0.036940631
998163,0.036502238
998164,0.039617561
998165,0.011741728
998166,0.029291103
998167,0.011105526
998168,0.023517923
998169,0.0072373333
998170,0.0370785
998171,0.014177389
998172,0.010735007
998173,0.0067454618
998174,0.0072631836
998175,0.0071705538
998176,0.0070980298
998177,0.0394402
998178,0.0010956752
998179,0.0073802276
998180,0.007004682
998181,0.019668832
998182,0.0079618562
998183,0.027726477
998184,0.034133732
998185,0.0071454216
998186,0.0070226332
998187,0.013747271
998188,0.0064258175
998189,0.019226404
998190,0.019569496
998191,0.010664637
998192,0.0070879767
998193,0.010577751
998194,0.010640941
998195,0.01020795
998196,0.0062435376
998197,0.0071698357
998198,0.0071849148
998199,0.010661765
998200,0.0094496841
998201,0.032119807
998202,0.014038804
998203,0.0059570312
998204,0.0072150733
998205,0.0070183249
998206,0.006473456
998207,0.027607996
998208,0.008223231
998209,0.022978514
998210,0.020675121
998211,0.0065606665
998212,0.014045984
998213,0.0066636028
998214,0.0075482535
998215,0.013838465
998216,0.013791791
998217,0.030175781
998218,0.0071899416
998219,0.01128935
998220,0.0066168848
998221,0.0021916521
998222,0.0019888156
998223,0.022576544
998224,0.011169434
998225,0.011371926
998226,0.015997546
998227,0.0021394603
998228,0.0087251551
998229,0.0081891883
998230,0.0071159811
998231,0.023634249
998232,0.006982422
998233,0.010434858
998234,0.0070958757
998235,0.010203642
998236,0.0075834384
998237,0.014407169
998238,0.030647548
998239,0.020691637
998240,0.014269302
998241,0.0074132583
998242,0.009296013
998243,0.039265711
998244,0.0083187325
998245,0.010823328
998246,0.037316177
998247,0.011233341
998248,0.0075173769
998249,0.0085937502
998250,0.022789761
998251,0.0088127581
998252,0.007151884
998253,0.010332175
998254,0.013801126
998255,0.010362334
998256,0.0041137999
998257,0.0061759716
998258,0.011478918
998259,0.0072732363
998260,0.008048024
998261,0.0072509767
998262,0.0074800379
998263,0.010581342
998264,0.0072136372
998265,0.0071633733
998266,0.0063177366
998267,0.0075482535
998268,0.007233025
998269,0.010541849
998270,0.015579856
998271,0.017348345
998272,0.012050813
998273,0.023219511
998274,0.010616527
998275,0.0070477654
998276,0.0072423597
998277,0.0072150733
998278,0.007078642
998279,0.013699161
998280,0.0063212207
998281,0.0074348003
998282,0.0082756495
998283,0.010597858
998284,0.014533548
998285,0.036646225
998286,0.039270736
998287,0.010306325
998288,0.0070527918
998289,0.0079503674
998290,0.015148904
998291,0.020762006
998292,0.0071669635
998293,0.007313448
998294,0.0096995635
998295,0.0086231902
998296,0.010788144
998297,0.0176169
998298,0.013564884
998299,0.0071755801
998300,0.00936478
998301,0.007291906
998302,0.0084537286
998303,0.016075224
998304,0.0140625
998305,0.010609346
998306,0.0072229723
998307,0.0072157914
998308,0.010386747
998309,0.0070147347
998310,0.0073299631
998311,0.0073005226
998312,0.014484719
998313,0.010413316
998314,0.024479406
998315,0.0077385399
998316,0.010453527
998317,0.007254567
998318,0.011040901
998319,0.020969525
998320,0.016627485
998321,0.0073823817
998322,0.007291906
998323,0.0074987076
998324,0.023827011
998325,0.0073436066
998326,0.013993566
998327,0.0065515894
998328,0.017352654
998329,0.010754394
998330,0.028970251
998331,0.0071762982
998332,0.010067929
998333,0.016009558
998334,0.014199994
998335,0.01047866
998336,0.025298713
998337,0.0082059968
998338,0.010653866
998339,0.0073988969
998340,0.038790356
998341,0.0081621958
998342,0.0074369544
998343,0.0084458292
998344,0.0071310606
998345,0.0073321173
998346,0.013947611
998347,0.0073342714
998348,0.0074757296
998349,0.013901655
998350,0.012550265
998351,0.026653621
998352,0.013648179
998353,0.0064114607
998354,0.0072208182
998355,0.0073364256
998356,0.014397116
998357,0.032718759
998358,0.01060432
998359,0.0064194622
998360,0.015100202
998361,0.0096880747
998362,0.0075137867
998363,0.0056877583
998364,0.013643871
998365,0.0072287167
998366,0.02053079
998367,0.0071267523
998368,0.017711684
998369,0.0071619372
998370,0.01051528
998371,0.010793888
998372,0.0070879767
998373,0.015365062
998374,0.01204127
998375,0.0081478339
998376,0.010018382
998377,0.0081456797
998378,0.0070578181
998379,0.012832568
998380,0.034363512
998381,0.0085219443
998382,0.010746496
998383,0.010230929
998384,0.028252814
998385,0.0176687
998386,0.019614054
998387,0.0074886545
998388,0.016565777
998389,0.039627615
998390,0.020622702
998391,0.019037813
998392,0.0062306123
998393,0.0021069546
998394,0.007041303
998395,0.013704906
998396,0.0061401366
998397,0.0073895622
998398,0.0058708638
998399,0.01952653
998400,0.014214011
998401,0.036995921
998402,0.010661765
998403,0.018037684
998404,0.0079719098
998405,0.016074559
998406,0.010846307
998407,0.010542567
998408,0.0072423597
998409,0.021065746
998410,0.0026932654
998411,0.017826574
998412,0.014170209
998413,0.0069422103
998414,0.010493739
998415,0.010801069
998416,0.0055725924
998417,0.039717373
998418,0.039280791
998419,0.0014612217
998420,0.017629825
998421,0.030914666
998422,0.034779269
998423,0.026348518
998424,0.024925321
998425,0.0070815142
998426,0.017586024
998427,0.039938536
998428,0.010593549
998429,0.019905211
998430,0.0070836684
998431,0.0081571694
998432,0.026824592
998433,0.0076925838
998434,0.011845847
998435,0.0071770162
998436,0.007210047
998437,0.010386029
998438,0.039768353
998439,0.017209759
998440,0.0065785316
998441,0.013651052
998442,0.0061882148
998443,0.035627786
998444,0.0075252759
998445,0.010638786
998446,0.0059204102
998447,0.0071935318
998448,0.0087696752
998449,0.011960018
998450,0.0062176874
998451,0.014352596
998452,0.0070542279
998453,0.01071921
998454,0.0070298137
998455,0.030384736
998456,0.012041017
998457,0.007115263
998458,0.0080006318
998459,0.0068359375
998460,0.010799632
998461,0.0070743337
998462,0.0067512062
998463,0.012672335
998464,0.010617963
998465,0.011091165
998466,0.0072193821
998467,0.036084123
998468,0.018066376
998469,0.017359834
998470,0.01079317
998471,0.010243854
998472,0.016904583
998473,0.017784208
998474,0.019424651
998475,0.010257496
998476,0.0072509767
998477,0.019853646
998478,0.01027473
998479,0.0074283374
998480,0.010075827
998481,0.010975097
998482,0.020714615
998483,0.0072761085
998484,0.010559082
998485,0.018969726
998486,0.0072495406
998487,0.010454963
998488,0.0070743337
998489,0.021569824
998490,0.013263835
998491,0.0070211971
998492,0.0078196805
998493,0.0079367245
998494,0.0073838178
998495,0.008767521
998496,0.0079403147
998497,0.01913129
998498,0.0095911361
998499,0.0070592542
998500,0.020154526
998501,0.013490924
998502,0.009911906
998503,0.020814659
998504,0.0096688522
998505,0.0070240693
998506,0.0071023381
998507,0.0068991268
998508,0.0070549459
998509,0.026027691
998510,0.019786419
998511,0.011193847
998512,0.010842716
998513,0.0072847256
998514,0.0070441752
998515,0.0066511529
998516,0.010923139
998517,0.010025447
998518,0.013885858
998519,0.0079898611
998520,0.0080982884
998521,0.039728861
998522,0.0075087603
998523,0.0065917969
998524,0.010896571
998525,0.012507442
998526,0.020273007
998527,0.015846515
998528,0.030723661
998529,0.029738231
998530,0.017247079
998531,0.0061710132
998532,0.010673254
998533,0.019069657
998534,0.010039206
998535,0.0081916358
998536,0.017319623
998537,0.0075137867
998538,0.024373852
998539,0.0086684283
998540,0.010575597
998541,0.010753676
998542,0.0079474952
998543,0.010774501
998544,0.0094733741
998545,0.0076502184
998546,0.0073098578
998547,0.010951143
998548,0.014226936
998549,0.0071626552
998550,0.026359288
998551,0.0072380514
998552,0.0073019587
998553,0.010141263
998554,0.0073120119
998555,0.0074355183
998556,0.013821231
998557,0.017130055
998558,0.0071245977
998559,0.007100184
998560,0.017378503
998561,0.0087316176
998562,0.014876063
998563,0.014453843
998564,0.023701029
998565,0.029808367
998566,0.017367734
998567,0.023018153
998568,0.017491957
998569,0.006652114
998570,0.0069529815
998571,0.017743278
998572,0.010650275
998573,0.013926068
998574,0.0028027459
998575,0.026017614
998576,0.007151884
998577,0.016717888
998578,0.014333209
998579,0.0071813245
998580,0.0057967422
998581,0.0071475757
998582,0.014005055
998583,0.010454963
998584,0.023792939
998585,0.013284709
998586,0.014160874
998587,0.010317096
998588,0.0072265626
998589,0.030412024
998590,0.0077679805
998591,0.010272576
998592,0.020305319
998593,0.010849179
998594,0.039550781
998595,0.01187842
998596,0.0072229723
998597,0.017198989
998598,0.013184478
998599,0.017418716
998600,0.019060202
998601,0.011094111
998602,0.012133789
998603,0.0074628047
998604,0.0073012407
998605,0.031021273
998606,0.014402143
998607,0.014246323
998608,0.010562672
998609,0.0072581572
998610,0.0068818936
998611,0.0072114831
998612,0.0077213063
998613,0.020691637
998614,0.014221909
998615,0.039294433
998616,0.010919549
998617,0.00736443
998618,0.007100184
998619,0.016547194
998620,0.017164523
998621,0.0071870694
998622,0.0069558537
998623,0.0092141544
998624,0.010331457
998625,0.0073615578
998626,0.020400103
998627,0.030310767
998628,0.0077579273
998629,0.0069809859
998630,0.010887235
998631,0.0061013615
998632,0.028034722
998633,0.0092723174
998634,0.016520089
998635,0.0072308709
998636,0.010397518
998637,0.012446864
998638,0.013419836
998639,0.006887638
998640,0.039621871
998641,0.022966452
998642,0.01074865
998643,0.01071921
998644,0.019186581
998645,0.019008115
998646,0.010785271
998647,0.033707205
998648,0.0079058483
998649,0.020858226
998650,0.0072086109
998651,0.014522777
998652,0.0060317097
998653,0.02315243
998654,0.010271139
998655,0.010582778
998656,0.01947083
998657,0.016800465
998658,0.0160027
998659,0.026872702
998660,0.010237803
998661,0.0052820542
998662,0.017348345
998663,0.020535098
998664,0.011997358
998665,0.010757985
998666,0.011344641
998667,0.027000517
998668,0.010737161
998669,0.0070772059
998670,0.010525333
998671,0.01384421
998672,0.0076789409
998673,0.016130311
998674,0.010689769
998675,0.022897169
998676,0.020936495
998677,0.009809427
998678,0.017670037
998679,0.020456113
998680,0.0069149244
998681,0.0071748621
998682,0.021885052
998683,0.027287023
998684,0.013717831
998685,0.010621553
998686,0.014023007
998687,0.0070800781
998688,0.0074046417
998689,0.0076013901
998690,0.0080595128
998691,0.0078922044
998692,0.0067612594
998693,0.013926786
998694,0.012796593
998695,0.006147366
998696,0.024161305
998697,0.012516649
998698,0.012606991
998699,0.019683477
998700,0.0069048712
998701,0.0070657171
998702,0.007217946
998703,0.011045209
998704,0.0095895464
998705,0.0069996552
998706,0.014832261
998707,0.010358025
998708,0.010692641
998709,0.011242676
998710,0.013661104
998711,0.010581342
998712,0.014125689
998713,0.012922963
998714,0.013798254
998715,0.0072969324
998716,0.006602278
998717,0.0070204791
998718,0.0072861616
998719,0.014163028
998720,0.014123535
998721,0.012442555
998722,0.017153751
998723,0.012172564
998724,0.0071231616
998725,0.013427734
998726,0.0068847658
998727,0.010531796
998728,0.0072603114
998729,0.014154412
998730,0.0073357075
998731,0.011295094
998732,0.0074491613
998733,0.011470301
998734,0.021124627
998735,0.010801787
998736,0.0070384308
998737,0.028961327
998738,0.017439539
998739,0.0099104857
998740,0.013797536
998741,0.0072157914
998742,0.004939321
998743,0.011259191
998744,0.0093800267
998745,0.0071238796
998746,0.017085535
998747,0.032485746
998748,0.0021573079
998749,0.010253906
998750,0.0074786018
998751,0.0074527515
998752,0.0075640511
998753,0.0073091397
998754,0.01323092
998755,0.0065755895
998756,0.039119944
998757,0.0073005226
998758,0.012301055
998759,0.010576315
998760,0.0071238796
998761,0.009557277
998762,0.0088206576
998763,0.017099179
998764,0.027135512
998765,0.0069508273
998766,0.0095648644
998767,0.018410357
998768,0.017816521
998769,0.010271139
998770,0.011191693
998771,0.0068739946
998772,0.014154412
998773,0.01247997
998774,0.0070269415
998775,0.0019011195
998776,0.0070362766
998777,0.016046595
998778,0.016814826
998779,0.0071159811
998780,0.020198328
998781,0.0044746879
998782,0.0072150733
998783,0.0020531171
998784,0.0068933824
998785,0.010520306
998786,0.0092385681
998787,0.011702235
998788,0.018508732
998789,0.007541073
998790,0.020837696
998791,0.0068337834
998792,0.0072129192
998793,0.010645967
998794,0.0078031654
998795,0.014889706
998796,0.010349409
998797,0.039048858
998798,0.0071016201
998799,0.016796876
998800,0.0071231616
998801,0.010345099
998802,0.0101821
998803,0.0065602022
998804,0.0073529412
998805,0.0072933421
998806,0.029058265
998807,0.0099530388
998808,0.017464671
998809,0.032218665
998810,0.0064947475
998811,0.0067626955
998812,0.037180465
998813,0.0073306812
998814,0.0075942096
998815,0.0071116728
998816,0.0071576289
998817,0.03938419
998818,0.010399672
998819,0.0069852942
998820,0.0062614656
998821,0.017092716
998822,0.010396082
998823,0.010612937
998824,0.01014337
998825,0.013737218
998826,0.014582376
998827,0.008341711
998828,0.017334703
998829,0.010666073
998830,0.0075647691
998831,0.021647498
998832,0.0075224033
998833,0.010638786
998834,0.0062475614
998835,0.0072244084
998836,0.0068452721
998837,0.013840619
998838,0.015148654
998839,0.010732135
998840,0.0069558537
998841,0.0095961904
998842,0.0072265626
998843,0.01017851
998844,0.0071389591
998845,0.0276956
998846,0.021691177
998847,0.010756548
998848,0.015719784
998849,0.013697725
998850,0.0068474263
998851,0.010868566
998852,0.020824477
998853,0.017225558
998854,0.01342199
998855,0.01081543
998856,0.0071978401
998857,0.020405848
998858,0.0096155535
998859,0.012936733
998860,0.03669421
998861,0.0081475005
998862,0.011902574
998863,0.011086857
998864,0.010631606
998865,0.0068258848
998866,0.005837115
998867,0.010397518
998868,0.016562069
998869,0.0079963235
998870,0.005646111
998871,0.011201747
998872,0.016247977
998873,0.017535759
998874,0.010523897
998875,0.01169649
998876,0.016007008
998877,0.016938332
998878,0.01083769
998879,0.0072610294
998880,0.005991498
998881,0.0071949679
998882,0.0068840478
998883,0.010770191
998884,0.0073608398
998885,0.010697667
998886,0.007033404
998887,0.020763442
998888,0.0071820426
998889,0.016983571
998890,0.031690888
998891,0.017252844
998892,0.019863354
998893,0.010477223
998894,0.007732077
998895,0.013984231
998896,0.013557703
998897,0.013592889
998898,0.013949765
998899,0.037179746
998900,0.0069989371
998901,0.0071949679
998902,0.010960478
998903,0.013986385
998904,0.0072746724
998905,0.011655561
998906,0.0065529761
998907,0.0061919042
998908,0.0071116728
998909,0.011797018
998910,0.021635167
998911,0.006208993
998912,0.011702235
998913,0.013898064
998914,0.039799232
998915,0.007372329
998916,0.013875086
998917,0.017796416
998918,0.007151166
998919,0.0024774582
998920,0.008165068
998921,0.022484718
998922,0.0070154527
998923,0.0073909983
998924,0.0069077434
998925,0.0073342714
998926,0.0059010223
998927,0.01709128
998928,0.0066585764
998929,0.014053165
998930,0.034154557
998931,0.0090260226
998932,0.0071683996
998933,0.01013399
998934,0.0025556432
998935,0.0070384308
998936,0.0071289064
998937,0.0069450829
998938,0.0073802276
998939,0.014682905
998940,0.0071238796
998941,0.013521801
998942,0.0068826117
998943,0.0092012295
998944,0.010609346
998945,0.010477941
998946,0.0073184744
998947,0.007210047
998948,0.010757985
998949,0.03800695
998950,0.0072840075
998951,0.026135972
998952,0.0071231616
998953,0.011376235
998954,0.01327617
998955,0.006322972
998956,0.007092285
998957,0.006189683
998958,0.010461425
998959,0.039568014
998960,0.02086756
998961,0.0070772059
998962,0.0094094668
998963,0.0073206285
998964,0.0083065256
998965,0.0071770162
998966,0.010847025
998967,0.007400333
998968,0.017555147
998969,0.010548311
998970,0.026327934
998971,0.013961254
998972,0.02433005
998973,0.032528322
998974,0.0076753506
998975,0.01148179
998976,0.0093182735
998977,0.010495893
998978,0.0062514362
998979,0.0076868394
998980,0.0067095589
998981,0.024442067
998982,0.0070994659
998983,0.019714104
998984,0.014397116
998985,0.017428769
998986,0.039631203
998987,0.013580682
998988,0.010492302
998989,0.0069285673
998990,0.010271139
998991,0.0061920858
998992,0.023713235
998993,0.03968434
998994,0.018390235
998995,0.0073112939
998996,0.0071382411
998997,0.0070075542
998998,0.024119603
998999,0.0063447841
999000,0.0066325292
999001,0.0069623161
999002,0.020704562
999003,0.0067734662
999004,0.0071138269
999005,0.039493337
999006,0.0073091397
999007,0.017796416
999008,0.012673771
999009,0.0071396772
999010,0.018108772
999011,0.014365521
999012,0.006828757
999013,0.010477941
999014,0.026264437
999015,0.0073694563
999016,0.023795094
999017,0.01053395
999018,0.0096399644
999019,0.010780963
999020,0.0071920957
999021,0.0055721509
999022,0.017150879
999023,0.010836254
999024,0.0073414524
999025,0.020484835
999026,0.0070851045
999027,0.01074506
999028,0.021855943
999029,0.023086201
999030,0.0069687786
999031,0.0010451025
999032,0.0161657
999033,0.0072380514
999034,0.0067741843
999035,0.010350127
999036,0.010655303
999037,0.0072409236
999038,0.017323932
999039,0.010900879
999040,0.010574879
999041,0.013984949
999042,0.025751092
999043,0.0024217512
999044,0.0071166991
999045,0.011454504
999046,0.017371323
999047,0.017018037
999048,0.010373104
999049,0.014101993
999050,0.010910214
999051,0.0069867303
999052,0.007077924
999053,0.0071920957
999054,0.010538259
999055,0.039579503
999056,0.0065982593
999057,0.030550608
999058,0.0074843462
999059,0.03990335
999060,0.013706342
999061,0.016758099
999062,0.014063936
999063,0.011098346
999064,0.0071468577
999065,0.037805893
999066,0.017318904
999067,0.0068718405
999068,0.023995433
999069,0.0071605011
999070,0.0073184744
999071,0.0094669117
999072,0.014104865
999073,0.0080099665
999074,0.020773495
999075,0.0065447935
999076,0.033464499
999077,0.013511029
999078,0.017428769
999079,0.008180147
999080,0.0077263326
999081,0.014068244
999082,0.010653866
999083,0.0074742935
999084,0.032474294
999085,0.029423254
999086,0.010596422
999087,0.021599265
999088,0.018359374
999089,0.010422651
999090,0.0066901711
999091,0.0067985984
999092,0.015800925
999093,0.01428079
999094,0.0073766373
999095,0.029051216
999096,0.0068596336
999097,0.0072028665
999098,0.02770637
999099,0.010499483
999100,0.0054271026
999101,0.010573443
999102,0.0062966738
999103,0.0073306812
999104,0.0073515051
999105,0.013427016
999106,0.011702235
999107,0.014592429
999108,0.0072043026
999109,0.007100184
999110,0.0074635227
999111,0.011103372
999112,0.01361443
999113,0.0070247874
999114,0.01238511
999115,0.0064235255
999116,0.010722082
999117,0.025178658
999118,0.0073098578
999119,0.039914839
999120,0.0072861616
999121,0.016882325
999122,0.0080681294
999123,0.0071648094
999124,0.033194508
999125,0.013839183
999126,0.033690687
999127,0.0075482535
999128,0.0063189338
999129,0.011117733
999130,0.0070427391
999131,0.011094037
999132,0.007444853
999133,0.02089772
999134,0.020694509
999135,0.014020135
999136,0.0079977596
999137,0.0075934916
999138,0.010410444
999139,0.0089096967
999140,0.011579601
999141,0.010312069
999142,0.0073069851
999143,0.014211857
999144,0.013846364
999145,0.0020959862
999146,0.0069206688
999147,0.0078828698
999148,0.0071849148
999149,0.0070585362
999150,0.0065831803
999151,0.011311609
999152,0.0078527117
999153,0.0073270909
999154,0.014023007
999155,0.0070168888
999156,0.006289863
999157,0.028030934
999158,0.0076789409
999159,0.013922478
999160,0.011657445
999161,0.0074060778
999162,0.0036310693
999163,0.0071691177
999164,0.024063649
999165,0.010477941
999166,0.016948385
999167,0.0073579676
999168,0.010392492
999169,0.0069422103
999170,0.007100184
999171,0.0072825714
999172,0.036328126
999173,0.019300666
999174,0.010617245
999175,0.010798196
999176,0.0059512868
999177,0.014235552
999178,0.03371295
999179,0.0069443649
999180,0.0072437958
999181,0.0072904699
999182,0.0069508273
999183,0.010687615
999184,0.033052597
999185,0.00736443
999186,0.017575253
999187,0.010689051
999188,0.036086898
999189,0.0071920957
999190,0.01384421
999191,0.0067856731
999192,0.0070377127
999193,0.0070527918
999194,0.01361443
999195,0.039924175
999196,0.020968089
999197,0.021511095
999198,0.0076064165
999199,0.0072610294
999200,0.017048197
999201,0.037396599
999202,0.0092780618
999203,0.0072265626
999204,0.013068629
999205,0.016431972
999206,0.014056037
999207,0.0070994659
999208,0.013772404
999209,0.013556985
999210,0.010472915
999211,0.0076121609
999212,0.008326631
999213,0.027214499
999214,0.020772059
999215,0.03929228
999216,0.0073816637
999217,0.010807531
999218,0.018821085
999219,0.027564194
999220,0.0070434571
999221,0.0068933824
999222,0.0096644275
999223,0.0078370664
999224,0.0068610697
999225,0.017444566
999226,0.013993566
999227,0.0074477252
999228,0.0073471968
999229,0.0073809456
999230,0.01083769
999231,0.010342945
999232,0.0081341909
999233,0.018175552
999234,0.036266711
999235,0.039590992
999236,0.039789896
999237,0.0064690085
999238,0.0069048712
999239,0.0071583469
999240,0.0084996838
999241,0.0062097884
999242,0.013977051
999243,0.010503791
999244,0.0071353689
999245,0.0073141661
999246,0.0071533201
999247,0.010631606
999248,0.010538977
999249,0.010594267
999250,0.020461857
999251,0.0076243682
999252,0.0174101
999253,0.0076293945
999254,0.007291188
999255,0.0065946691
999256,0.038706344
999257,0.031954419
999258,0.0068531712
999259,0.0073414524
999260,0.014234834
999261,0.021778546
999262,0.013738655
999263,0.0069393381
999264,0.0070233513
999265,0.033994429
999266,0.039374139
999267,0.0073148841
999268,0.0060008331
999269,0.0069745234
999270,0.011923397
999271,0.0066903667
999272,0.0077076633
999273,0.028265741
999274,0.0066822725
999275,0.024093807
999276,0.017247817
999277,0.0072811353
999278,0.039886117
999279,0.017682243
999280,0.02576636
999281,0.0070872586
999282,0.0071116728
999283,0.020500632
999284,0.0096966913
999285,0.01415872
999286,0.0079273898
999287,0.013765223
999288,0.010639505
999289,0.0074118222
999290,0.010850615
999291,0.0081183938
999292,0.0073988969
999293,0.010710592
999294,0.017267922
999295,0.017233456
999296,0.010716338
999297,0.015664494
999298,0.017233456
999299,0.0072883158
999300,0.0071310606
999301,0.0055228462
999302,0.0070168888
999303,0.0069838581
999304,0.0095940083
999305,0.0077026365
999306,0.014182416
999307,0.017543659
999308,0.0074707032
999309,0.0072366153
999310,0.030618824
999311,0.0094619999
999312,0.012841769
999313,0.014981617
999314,0.016121954
999315,0.0078469673
999316,0.0059729018
999317,0.013915298
999318,0.019102164
999319,0.009815379
999320,0.010619399
999321,0.0073213466
999322,0.020724667
999323,0.010750086
999324,0.016283147
999325,0.0073364256
999326,0.026497157
999327,0.0081492709
999328,0.007291188
999329,0.024023438
999330,0.010551183
999331,0.030677706
999332,0.0070628445
999333,0.0068754307
999334,0.0065869419
999335,0.015689626
999336,0.010485122
999337,0.010654585
999338,0.009707462
999339,0.016493136
999340,0.0099063646
999341,0.0073816637
999342,0.014146513
999343,0.016487153
999344,0.027688419
999345,0.015489287
999346,0.007210047
999347,0.0074254652
999348,0.010479378
999349,0.010399672
999350,0.010573443
999351,0.027299948
999352,0.0066291243
999353,0.0041209273
999354,0.0061665121
999355,0.017210478
999356,0.017178165
999357,0.020018095
999358,0.0068969727
999359,0.0072258445
999360,0.0064212279
999361,0.012505027
999362,0.0062794406
999363,0.0074958354
999364,0.0069960649
999365,0.0064185048
999366,0.0067950082
999367,0.010495175
999368,0.011447046
999369,0.024824275
999370,0.0073874081
999371,0.017833754
999372,0.030819163
999373,0.020648552
999374,0.012761374
999375,0.0096284756
999376,0.0074139764
999377,0.0031845339
999378,0.039372701
999379,0.0074462891
999380,0.0069206688
999381,0.0068933824
999382,0.017454095
999383,0.0066054398
999384,0.009632417
999385,0.013524693
999386,0.0072516948
999387,0.016088149
999388,0.02690286
999389,0.020695226
999390,0.013997156
999391,0.018590871
999392,0.0072725182
999393,0.0018719144
999394,0.039533548
999395,0.0087036137
999396,0.007422593
999397,0.0073184744
999398,0.013913143
999399,0.0069048712
999400,0.013582118
999401,0.0086634019
999402,0.0072057387
999403,0.0070750518
999404,0.013100947
999405,0.010286219
999406,0.017786363
999407,0.007115263
999408,0.022030992
999409,0.033046223
999410,0.040579043
999411,0.0073385797
999412,0.010255342
999413,0.007210765
999414,0.017049633
999415,0.0094145201
999416,0.025367647
999417,0.013986385
999418,0.0096870651
999419,0.0079403147
999420,0.010817584
999421,0.0066242609
999422,0.0070843864
999423,0.012151022
999424,0.02354449
999425,0.037189797
999426,0.0087732654
999427,0.0090346392
999428,0.0073120119
999429,0.0072883158
999430,0.0076983282
999431,0.007159783
999432,0.016978545
999433,0.0071030562
999434,0.0069565717
999435,0.007467831
999436,0.020115752
999437,0.018434772
999438,0.013476563
999439,0.0072560031
999440,0.010890108
999441,0.025271446
999442,0.012650792
999443,0.013683364
999444,0.01738712
999445,0.0097561646
999446,0.010725672
999447,0.007115263
999448,0.0072201001
999449,0.0035958835
999450,0.0067691579
999451,0.014015826
999452,0.0072732363
999453,0.021725643
999454,0.013335687
999455,0.014041676
999456,0.013645307
999457,0.010294836
999458,0.0096414005
999459,0.0068711224
999460,0.013903091
999461,0.013987822
999462,0.010581342
999463,0.037660845
999464,0.0075389189
999465,0.0071770162
999466,0.026115675
999467,0.0077335131
999468,0.01361802
999469,0.0081717791
999470,0.0072165094
999471,0.017084099
999472,0.036696024
999473,0.0072933421
999474,0.010402544
999475,0.014045266
999476,0.010948271
999477,0.0071317786
999478,0.011661305
999479,0.0078871781
999480,0.010662483
999481,0.007444853
999482,0.01350644
999483,0.015778881
999484,0.010595703
999485,0.015571145
999486,0.0073565315
999487,0.0072825714
999488,0.0071698357
999489,0.0072143553
999490,0.0072452319
999491,0.0069070254
999492,0.0081988163
999493,0.020880487
999494,0.0081571694
999495,0.0066755353
999496,0.0074247471
999497,0.010830509
999498,0.017183192
999499,0.029146001
999500,0.007371611
999501,0.0066786376
999502,0.0073845359
999503,0.018281825
999504,0.0072861616
999505,0.014096967
999506,0.0071827606
999507,0.032373048
999508,0.017865349
999509,0.010309197
999510,0.0073005226
999511,0.010470043
999512,0.010743624
999513,0.0080587948
999514,0.010471479
999515,0.017235611
999516,0.0066241096
999517,0.0065156827
999518,0.013074448
999519,0.020751234
999520,0.0077342312
999521,0.018110208
999522,0.021276137
999523,0.010213695
999524,0.020309681
999525,0.036712289
999526,0.0071806065
999527,0.010312069
999528,0.0072495406
999529,0.0073220646
999530,0.013811897
999531,0.0086713005
999532,0.01071131
999533,0.02642037
999534,0.0080537684
999535,0.0069278493
999536,0.0076071345
999537,0.014123535
999538,0.0099028619
999539,0.010181382
999540,0.0074750115
999541,0.0092856502
999542,0.017935719
999543,0.0073421705
999544,0.010523897
999545,0.010373104
999546,0.039161593
999547,0.0060482249
999548,0.0064824629
999549,0.0073759193
999550,0.0074699852
999551,0.014005055
999552,0.010500919
999553,0.0074728574
999554,0.010466452
999555,0.010916676
999556,0.014188878
999557,0.013196288
999558,0.0072495406
999559,0.014387784
999560,0.023323329
999561,0.010398954
999562,0.0070362766
999563,0.013333637
999564,0.031543259
999565,0.0073364256
999566,0.017348345
999567,0.011137838
999568,0.010516716
999569,0.0072983685
999570,0.027283434
999571,0.010745778
999572,0.011540671
999573,0.015656594
999574,0.0073773554
999575,0.0072682099
999576,0.010258933
999577,0.0078290151
999578,0.010546875
999579,0.0077686985
999580,0.0071030562
999581,0.0095329732
999582,0.016762407
999583,0.014042394
999584,0.0027526831
999585,0.0062291762
999586,0.017497702
999587,0.011093319
999588,0.020379998
999589,0.0066758026
999590,0.015923712
999591,0.023348719
999592,0.013970588
999593,0.026089694
999594,0.010994945
999595,0.011512667
999596,0.013798972
999597,0.010477941
999598,0.02378935
999599,0.0072064567
999600,0.027778896
999601,0.023759192
999602,0.0069551356
999603,0.0068145334
999604,0.015019675
999605,0.021041332
999606,0.0071928138
999607,0.011560776
999608,0.011684283
999609,0.017372759
999610,0.0098704621
999611,0.007092285
999612,0.0064962949
999613,0.01071921
999614,0.026925121
999615,0.030259794
999616,0.022612453
999617,0.006585849
999618,0.0019426341
999619,0.0068628723
999620,0.007042021
999621,0.024098834
999622,0.035878159
999623,0.007658117
999624,0.010164867
999625,0.0073184744
999626,0.017283002
999627,0.018201131
999628,0.010320686
999629,0.0071461396
999630,0.0077270507
999631,0.0062354803
999632,0.0064466535
999633,0.0062440643
999634,0.038833439
999635,0.0064919866
999636,0.010983456
999637,0.0072308709
999638,0.020553768
999639,0.0075784121
999640,0.010622271
999641,0.010747932
999642,0.0080832085
999643,0.017173139
999644,0.017451027
999645,0.014097685
999646,0.023346307
999647,0.0074269013
999648,0.025080394
999649,0.039005056
999650,0.027397605
999651,0.010472915
999652,0.0021852124
999653,0.017486213
999654,0.0057528163
999655,0.0072610294
999656,0.013924632
999657,0.01658969
999658,0.013936121
999659,0.0079855528
999660,0.039438765
999661,0.010443474
999662,0.0072251265
999663,0.01048943
999664,0.010699822
999665,0.0069206688
999666,0.010304889
999667,0.012101476
999668,0.019856172
999669,0.011054544
999670,0.015417794
999671,0.0070621264
999672,0.013824822
999673,0.0080221733
999674,0.021141142
999675,0.026803769
999676,0.0072021484
999677,0.0071346508
999678,0.008032945
999679,0.0073680202
999680,0.011753935
999681,0.003637892
999682,0.016925408
999683,0.0070721796
999684,0.0069321576
999685,0.014320284
999686,0.03741483
999687,0.013664695
999688,0.0072725182
999689,0.0070542279
999690,0.011547133
999691,0.0076868394
999692,0.0070664352
999693,0.0068614483
999694,0.013947611
999695,0.017079791
999696,0.011216826
999697,0.0094893035
999698,0.0064852512
999699,0.0071037742
999700,0.010525333
999701,0.01048225
999702,0.012168974
999703,0.0092764711
999704,0.0078376317
999705,0.0061279298
999706,0.019688351
999707,0.010433421
999708,0.01044491
999709,0.0068919463
999710,0.025511976
999711,0.013108244
999712,0.0076387292
999713,0.017258588
999714,0.017321777
999715,0.010541849
999716,0.0139591
999717,0.010548311
999718,0.013933249
999719,0.014512061
999720,0.017483341
999721,0.021989677
999722,0.010584932
999723,0.010910214
999724,0.0065476727
999725,0.020614803
999726,0.0076631433
999727,0.0087617766
999728,0.0076286765
999729,0.0072538489
999730,0.0069429288
999731,0.0072035845
999732,0.037201144
999733,0.022968786
999734,0.010358025
999735,0.0070685893
999736,0.0072416416
999737,0.01399572
999738,0.010793888
999739,0.0061962963
999740,0.03062026
999741,0.011284323
999742,0.027686264
999743,0.0069694966
999744,0.0068969727
999745,0.0071999943
999746,0.0073414524
999747,0.017051786
999748,0.0071712718
999749,0.020676557
999750,0.01059714
999751,0.032020628
999752,0.024482938
999753,0.0071841967
999754,0.006828757
999755,0.01415513
999756,0.0072035845
999757,0.019679463
999758,0.010794606
999759,0.0076322667
999760,0.012546674
999761,0.01392176
999762,0.007092285
999763,0.010880055
999764,0.0061559342
999765,0.010654585
999766,0.0072315889
999767,0.0060891546
999768,0.0076559628
999769,0.010370232
999770,0.011144302
999771,0.0059082033
999772,0.0072402055
999773,0.0077636717
999774,0.0080494601
999775,0.029003188
999776,0.0064223344
999777,0.0074175666
999778,0.039471075
999779,0.012050494
999780,0.020451086
999781,0.0068818936
999782,0.0072962143
999783,0.012371467
999784,0.019096496
999785,0.007100184
999786,0.0071181352
999787,0.0072229723
999788,0.030813418
999789,0.0073249368
999790,0.02046473
999791,0.010460707
999792,0.011816201
999793,0.017027372
999794,0.010220157
999795,0.0070219152
999796,0.016199449
999797,0.039590992
999798,0.0095790504
999799,0.017462518
999800,0.0063597844
999801,0.01082261
999802,0.014046703
999803,0.010368078
999804,0.0074218749
999805,0.0073033948
999806,0.01811308
999807,0.018306239
999808,0.01396269
999809,0.016327981
999810,0.010808967
999811,0.0068151136
999812,0.0071920957
999813,0.029582608
999814,0.016646082
999815,0.022174647
999816,0.0093678189
999817,0.010914522
999818,0.0071920957
999819,0.017928539
999820,0.035110522
999821,0.010517434
999822,0.02077565
999823,0.0072344611
999824,0.017474724
999825,0.013663976
999826,0.0074362364
999827,0.012641458
999828,0.039657053
999829,0.014305204
999830,0.0069163605
999831,0.0070664352
999832,0.010765165
999833,0.010329302
999834,0.0024333922
999835,0.01071921
999836,0.013845646
999837,0.0094597312
999838,0.0079273898
999839,0.023897059
999840,0.023790067
999841,0.013854262
999842,0.014263557
999843,0.0074290554
999844,0.039636947
999845,0.017204734
999846,0.013678337
999847,0.013331134
999848,0.039705884
999849,0.013888088
999850,0.010868566
999851,0.0066166651
999852,0.010673254
999853,0.0069055893
999854,0.0072150733
999855,0.0082691861
999856,0.010426241
999857,0.01353688
999858,0.01539689
999859,0.0070233513
999860,0.010758703
999861,0.014026597
999862,0.0079963235
999863,0.014096967
999864,0.0095044831
999865,0.01372932
999866,0.010605756
999867,0.0029225582
999868,0.0071798884
999869,0.016166417
999870,0.023130888
999871,0.011316636
999872,0.0066801184
999873,0.010632324
999874,0.01288776
999875,0.0082411822
999876,0.0073802276
999877,0.027297076
999878,0.010410444
999879,0.0021332896
999880,0.0074190027
999881,0.0062184674
999882,0.018681066
999883,0.0074750115
999884,0.0078311693
999885,0.016808365
999886,0.006996783
999887,0.010890826
999888,0.030816291
999889,0.0072567211
999890,0.010586368
999891,0.0063799955
999892,0.0076495004
999893,0.021047793
999894,0.0073077031
999895,0.026091453
999896,0.010618681
999897,0.010928883
999898,0.0070542279
999899,0.022891775
999900,0.0061251111
999901,0.0073335534
999902,0.010895853
999903,0.0092146341
999904,0.010888672
999905,0.013565459
999906,0.023924345
999907,0.0072631836
999908,0.0068143955
999909,0.013534008
999910,0.0071949679
999911,0.01103013
999912,0.010962632
999913,0.016622482
999914,0.0074563418
999915,0.017983111
999916,0.0064747529
999917,0.013932531
999918,0.012204159
999919,0.010891544
999920,0.0086713005
999921,0.0073486329
999922,0.0078282971
999923,0.020711023
999924,0.019351289
999925,0.017566636
999926,0.014007928
999927,0.019106897
999928,0.0081384219
999929,0.010409008
999930,0.010733571
999931,0.039471075
999932,0.028326418
999933,0.013804716
999934,0.0070527918
999935,0.0079273898
999936,0.0060215369
999937,0.0060426476
999938,0.02463307
999939,0.0072301528
999940,0.0085722078
999941,0.011664895
999942,0.0075870291
999943,0.020580336
999944,0.0072847256
999945,0.0023991552
999946,0.039257813
999947,0.0065253242
999948,0.00630537
999949,0.0064524929
999950,0.0071131089
999951,0.010519588
999952,0.0084985737
999953,0.0072617475
999954,0.0061415727
999955,0.030422794
999956,0.010622271
999957,0.007100902
999958,0.009475952
999959,0.011090447
999960,0.014487592
999961,0.0074039237
999962,0.0084329043
999963,0.0083251949
999964,0.0074405447
999965,0.010469325
999966,0.017693015
999967,0.010770191
999968,0.027829159
999969,0.0065155737
999970,0.010332175
999971,0.0072617475
999972,0.0067540784
999973,0.0064772717
999974,0.0071066464
999975,0.010691923
999976,0.031496625
999977,0.021248851
999978,0.0020705357
999979,0.0070693074
999980,0.0071576289
999981,0.027225828
999982,0.01058924
999983,0.0070434571
999984,0.011902574
999985,0.0071461396
999986,0.030030016
999987,0.028759766
999988,0.013538316
999989,0.0070772059
999990,0.018448185
999991,0.039212573
999992,0.013924632
999993,0.031586051
999994,0.010685461
999995,0.010440602
999996,0.03214255
999997,0.01071131
999998,0.0063234698
999999,0.007798139
