LECROYHDO6104B,11090,Waveform
Segments,1,SegmentSize,3836
Segment,TrigTime,TimeSinceSegment1
#1,04-May-2026 18:45:31,0                 
Time,Ampl
996164,0.030272719
996165,0.0071490118
996166,0.021110984
996167,0.039267149
996168,0.0094460882
996169,0.010425523
996170,0.0061626802
996171,0.0074190027
996172,0.015207807
996173,0.0070958757
996174,0.0096567292
996175,0.0073048309
996176,0.020425236
996177,0.0077134077
996178,0.011580883
996179,0.007033404
996180,0.0075970818
996181,0.0073249368
996182,0.016869534
996183,0.027171416
996184,0.0072703641
996185,0.0072840075
996186,0.012857358
996187,0.025857229
996188,0.0074333642
996189,0.0074886545
996190,0.024521053
996191,0.013730038
996192,0.0072337431
996193,0.0077155619
996194,0.017547349
996195,0.017291619
996196,0.013832721
996197,0.018152574
996198,0.017226275
996199,0.0073953066
996200,0.013845646
996201,0.010327866
996202,0.0072380514
996203,0.019755285
996204,0.010601448
996205,0.020381434
996206,0.0071841967
996207,0.010581342
996208,0.020409439
996209,0.010260369
996210,0.0071949679
996211,0.01391458
996212,0.0023248421
996213,0.0068215765
996214,0.0043017659
996215,0.010665355
996216,0.010615809
996217,0.006960162
996218,0.017304543
996219,0.011243394
996220,0.0098632816
996221,0.0061566504
996222,0.020226333
996223,0.0095430259
996224,0.0070973118
996225,0.017217658
996226,0.0068502985
996227,0.0075159408
996228,0.0069637522
996229,0.010493021
996230,0.0071712718
996231,0.013267743
996232,0.03136402
996233,0.010743624
996234,0.0071942499
996235,0.0075310203
996236,0.011086857
996237,0.016626695
996238,0.018032657
996239,0.0097677791
996240,0.0070427391
996241,0.0073795095
996242,0.0068474263
996243,0.014142923
996244,0.013147563
996245,0.0071066464
996246,0.010640941
996247,0.010735007
996248,0.0064285179
996249,0.022894606
996250,0.0097519821
996251,0.010281192
996252,0.010249598
996253,0.0072567211
996254,0.014309512
996255,0.0068517351
996256,0.0070815142
996257,0.0062749675
996258,0.0074462891
996259,0.039453126
996260,0.0098704621
996261,0.016295319
996262,0.007349351
996263,0.014028033
996264,0.017589614
996265,0.030358266
996266,0.009429751
996267,0.01892449
996268,0.0063878666
996269,0.0027698637
996270,0.013579963
996271,0.0071131089
996272,0.0070448932
996273,0.016309587
996274,0.0158515
996275,0.01079711
996276,0.010447782
996277,0.039430149
996278,0.019419834
996279,0.016704964
996280,0.013397057
996281,0.01428079
996282,0.014435174
996283,0.024360927
996284,0.0078512756
996285,0.01567311
996286,0.011517959
996287,0.0076746321
996288,0.0073874081
996289,0.033559281
996290,0.014164465
996291,0.01043773
996292,0.0075834384
996293,0.020909926
996294,0.016964901
996295,0.0097766789
996296,0.013752297
996297,0.019456957
996298,0.00736443
996299,0.013924632
996300,0.0030316128
996301,0.014423684
996302,0.0095257927
996303,0.01051887
996304,0.037415989
996305,0.027529728
996306,0.0054974724
996307,0.005682359
996308,0.0092754178
996309,0.0040893122
996310,0.0063967453
996311,0.011229751
996312,0.013453584
996313,0.010007611
996314,0.0056870403
996315,0.010641659
996316,0.024152689
996317,0.016842831
996318,0.0046515907
996319,0.012985023
996320,0.0065142633
996321,0.010386029
996322,0.010387465
996323,0.013876522
996324,0.011261346
996325,0.0022684061
996326,0.010512408
996327,0.007349351
996328,0.010471479
996329,0.0065006032
996330,0.031907745
996331,0.013565602
996332,0.013791791
996333,0.0071131089
996334,0.017137911
996335,0.015758201
996336,0.0017778302
996337,0.010684743
996338,0.015555487
996339,0.0097720874
996340,0.0095085595
996341,0.010516716
996342,0.0072954963
996343,0.0073227827
996344,0.006512092
996345,0.010719928
996346,0.021026971
996347,0.014771944
996348,0.019120026
996349,0.0073206285
996350,0.010294118
996351,0.016534379
996352,0.024724266
996353,0.014756147
996354,0.039838005
996355,0.0070513557
996356,0.015350125
996357,0.01476899
996358,0.0075475355
996359,0.010638786
996360,0.0069443649
996361,0.010577751
996362,0.0059555951
996363,0.0097738728
996364,0.014422966
996365,0.0097103342
996366,0.0073191924
996367,0.03756319
996368,0.015556066
996369,0.025039399
996370,0.013809742
996371,0.007599236
996372,0.0095840981
996373,0.014057473
996374,0.012962045
996375,0.01404383
996376,0.010598576
996377,0.010284064
996378,0.0066453936
996379,0.036848001
996380,0.010664637
996381,0.010880055
996382,0.019827945
996383,0.016381113
996384,0.0096781496
996385,0.023394417
996386,0.032596387
996387,0.0065442547
996388,0.0072782626
996389,0.006471158
996390,0.010764447
996391,0.015864832
996392,0.0073299631
996393,0.024594296
996394,0.0068933824
996395,0.0072825714
996396,0.0095684528
996397,0.009379915
996398,0.011339614
996399,0.013894474
996400,0.0091672614
996401,0.030399816
996402,0.00731273
996403,0.030376839
996404,0.013363341
996405,0.01024529
996406,0.0071691177
996407,0.0076573989
996408,0.0062399469
996409,0.0070858225
996410,0.0071971221
996411,0.0072157914
996412,0.0089448821
996413,0.017618336
996414,0.025087066
996415,0.010862104
996416,0.017658548
996417,0.023055406
996418,0.0095595969
996419,0.010581342
996420,0.0039848848
996421,0.010880773
996422,0.039717373
996423,0.007372329
996424,0.027470129
996425,0.014032342
996426,0.035016853
996427,0.0024641037
996428,0.01385139
996429,0.0076573989
996430,0.014073989
996431,0.0072315889
996432,0.013269761
996433,0.012895965
996434,0.0072373333
996435,0.0070599723
996436,0.038595043
996437,0.013018062
996438,0.0064218142
996439,0.039464615
996440,0.014326747
996441,0.0077715707
996442,0.011167279
996443,0.012594545
996444,0.0072631836
996445,0.0083869481
996446,0.0108262
996447,0.039649874
996448,0.010554774
996449,0.019616824
996450,0.010509536
996451,0.020816579
996452,0.027144128
996453,0.010727108
996454,0.039705884
996455,0.0081234202
996456,0.0075252759
996457,0.0070937211
996458,0.0068962546
996459,0.0073845359
996460,0.0068854839
996461,0.0080896718
996462,0.014524213
996463,0.016256893
996464,0.0070348405
996465,0.0065945177
996466,0.0075712316
996467,0.019175109
996468,0.010670382
996469,0.007526712
996470,0.0022635919
996471,0.026875574
996472,0.027094582
996473,0.0066148294
996474,0.0085994946
996475,0.012895441
996476,0.010582778
996477,0.0072617475
996478,0.020180248
996479,0.014200368
996480,0.0075906194
996481,0.017056813
996482,0.019325001
996483,0.014096967
996484,0.020484835
996485,0.03968434
996486,0.023946606
996487,0.013471536
996488,0.007658117
996489,0.01372932
996490,0.017031681
996491,0.020797908
996492,0.0075618969
996493,0.013997156
996494,0.010659611
996495,0.01183005
996496,0.011700081
996497,0.019338809
996498,0.014039522
996499,0.013833439
996500,0.014707319
996501,0.031671502
996502,0.010572007
996503,0.0071942499
996504,0.0070132986
996505,0.010910932
996506,0.0071482938
996507,0.016908893
996508,0.031159524
996509,0.012411678
996510,0.0074721393
996511,0.007732077
996512,0.03049819
996513,0.0090917852
996514,0.011810662
996515,0.0070054
996516,0.0078239888
996517,0.019267004
996518,0.014188878
996519,0.029872041
996520,0.0069738054
996521,0.031344067
996522,0.020705279
996523,0.02001664
996524,0.0072272806
996525,0.010443474
996526,0.0072538489
996527,0.0080437157
996528,0.0029280651
996529,0.010584932
996530,0.010697667
996531,0.0068215765
996532,0.0071461396
996533,0.031060431
996534,0.0065536802
996535,0.0074017695
996536,0.010666791
996537,0.007137523
996538,0.0069365553
996539,0.010491584
996540,0.0070312498
996541,0.023049029
996542,0.0063000992
996543,0.019915413
996544,0.0074721393
996545,0.030706428
996546,0.010523897
996547,0.01759105
996548,0.033499684
996549,0.010594985
996550,0.0093764365
996551,0.0064934227
996552,0.010678998
996553,0.014338235
996554,0.007210765
996555,0.010592831
996556,0.0063741053
996557,0.011265654
996558,0.0067188265
996559,0.014248477
996560,0.0072064567
996561,0.013943302
996562,0.011921961
996563,0.02030101
996564,0.0080013499
996565,0.010661765
996566,0.0071253157
996567,0.022625187
996568,0.010394646
996569,0.0072897519
996570,0.007350069
996571,0.0018454376
996572,0.013754452
996573,0.010569853
996574,0.0084673716
996575,0.011702497
996576,0.010850033
996577,0.018360093
996578,0.020886948
996579,0.0068021887
996580,0.0075985179
996581,0.017873965
996582,0.01449549
996583,0.010154167
996584,0.010294118
996585,0.0073263729
996586,0.010827636
996587,0.0071655274
996588,0.013755888
996589,0.0073895622
996590,0.010496611
996591,0.0096351197
996592,0.030985754
996593,0.010206514
996594,0.015454101
996595,0.016900275
996596,0.014158002
996597,0.039609663
996598,0.0078728171
996599,0.0070872586
996600,0.016501753
996601,0.0072445138
996602,0.0062495377
996603,0.014023007
996604,0.011194565
996605,0.0073026768
996606,0.012160357
996607,0.007254567
996608,0.0098762065
996609,0.0073263729
996610,0.0072969324
996611,0.017273668
996612,0.0097405184
996613,0.014338235
996614,0.014145795
996615,0.013732192
996616,0.0069594439
996617,0.013633817
996618,0.01070772
996619,0.02240108
996620,0.013821231
996621,0.0068546073
996622,0.0059945942
996623,0.016361153
996624,0.030457979
996625,0.013055061
996626,0.02511489
996627,0.0070578181
996628,0.0063311406
996629,0.0071231616
996630,0.0074304915
996631,0.0071490118
996632,0.0076624253
996633,0.0075123506
996634,0.0069924747
996635,0.0075697955
996636,0.017293774
996637,0.0075008618
996638,0.0071411133
996639,0.0071806065
996640,0.0073069851
996641,0.01309856
996642,0.033458754
996643,0.0074218749
996644,0.010357307
996645,0.0072954963
996646,0.015940947
996647,0.0065039485
996648,0.0076351389
996649,0.0076631433
996650,0.023359232
996651,0.013972024
996652,0.010546875
996653,0.0077083814
996654,0.015344956
996655,0.013769049
996656,0.013798972
996657,0.011273553
996658,0.00828283
996659,0.010420497
996660,0.017145135
996661,0.010476505
996662,0.0067059686
996663,0.019064091
996664,0.015347573
996665,0.013699161
996666,0.0072351792
996667,0.01060432
996668,0.0009307884
996669,0.006049661
996670,0.0072265626
996671,0.013064449
996672,0.0068538892
996673,0.0073881261
996674,0.0065350723
996675,0.010342227
996676,0.0073041129
996677,0.0093455594
996678,0.014131434
996679,0.013775276
996680,0.031680837
996681,0.010543285
996682,0.02364861
996683,0.011468299
996684,0.01188534
996685,0.0069996552
996686,0.019210266
996687,0.010414752
996688,0.0067361272
996689,0.0073335534
996690,0.0075022979
996691,0.0069307215
996692,0.0071999943
996693,0.009592968
996694,0.014445227
996695,0.010976993
996696,0.023909984
996697,0.0068617878
996698,0.0073482925
996699,0.007100902
996700,0.020020967
996701,0.0073177563
996702,0.0070161708
996703,0.022325359
996704,0.0085047102
996705,0.0026926422
996706,0.0070728976
996707,0.0090805953
996708,0.017210478
996709,0.010560518
996710,0.0072122011
996711,0.026173202
996712,0.0069113337
996713,0.007328527
996714,0.026922248
996715,0.033153459
996716,0.03095416
996717,0.013264016
996718,0.017178884
996719,0.011041619
996720,0.01013758
996721,0.03708123
996722,0.0069536995
996723,0.010171995
996724,0.038706344
996725,0.0069536995
996726,0.010381003
996727,0.014103429
996728,0.017440258
996729,0.0077593634
996730,0.007247386
996731,0.0096047791
996732,0.0080386894
996733,0.013669003
996734,0.010607192
996735,0.0076408833
996736,0.010462143
996737,0.0075224033
996738,0.0077895219
996739,0.031225212
996740,0.026711857
996741,0.035032026
996742,0.03360524
996743,0.0076021082
996744,0.01789978
996745,0.0078455312
996746,0.0072495406
996747,0.0065649967
996748,0.0061494717
996749,0.027148437
996750,0.01058206
996751,0.020094281
996752,0.010785989
996753,0.0070499196
996754,0.005727252
996755,0.0093824659
996756,0.010112623
996757,0.039809283
996758,0.020912798
996759,0.012737824
996760,0.0079288259
996761,0.0071044923
996762,0.0096385162
996763,0.0071619372
996764,0.01647936
996765,0.0066009667
996766,0.033829495
996767,0.039866727
996768,0.028837316
996769,0.017332548
996770,0.0075669233
996771,0.0094054379
996772,0.020226499
996773,0.014039522
996774,0.0072954963
996775,0.0071231616
996776,0.010105268
996777,0.0065336027
996778,0.014124253
996779,0.0105081
996780,0.020303166
996781,0.007621496
996782,0.0079245176
996783,0.0074204388
996784,0.0062794406
996785,0.03043141
996786,0.0073622759
996787,0.0072251265
996788,0.007173426
996789,0.0078534298
996790,0.016900275
996791,0.0073673022
996792,0.0087072039
996793,0.0139591
996794,0.0072265626
996795,0.022983685
996796,0.007291188
996797,0.0067237047
996798,0.0071253157
996799,0.036967918
996800,0.013311407
996801,0.0070807962
996802,0.0084667262
996803,0.011468147
996804,0.0075166589
996805,0.007218664
996806,0.010562672
996807,0.010420497
996808,0.010126092
996809,0.019731987
996810,0.013686236
996811,0.02294491
996812,0.013277394
996813,0.013759478
996814,0.010002874
996815,0.01391817
996816,0.0073357075
996817,0.017061122
996818,0.0065005478
996819,0.016957721
996820,0.022598805
996821,0.014058909
996822,0.0074563418
996823,0.0072739543
996824,0.0073270909
996825,0.0072825714
996826,0.010539695
996827,0.0069206688
996828,0.0137365
996829,0.0061480352
996830,0.015197754
996831,0.012339154
996832,0.01008947
996833,0.026989028
996834,0.026165688
996835,0.0091215242
996836,0.0082842661
996837,0.012943761
996838,0.0070477654
996839,0.013006951
996840,0.010591395
996841,0.019164171
996842,0.0064065559
996843,0.013770968
996844,0.0072581572
996845,0.017178884
996846,0.012757066
996847,0.019302411
996848,0.0075022979
996849,0.0070298137
996850,0.0082849842
996851,0.032279547
996852,0.0078505576
996853,0.0070010913
996854,0.01727654
996855,0.010930319
996856,0.019842889
996857,0.018651959
996858,0.01044491
996859,0.010600012
996860,0.010576315
996861,0.029305981
996862,0.0089269299
996863,0.010806813
996864,0.023324545
996865,0.010492302
996866,0.0089678597
996867,0.016855039
996868,0.0069163605
996869,0.0060195024
996870,0.010504509
996871,0.0071231616
996872,0.017239919
996873,0.018352194
996874,0.01389591
996875,0.0071559041
996876,0.020362046
996877,0.0099516027
996878,0.020132266
996879,0.0072150733
996880,0.0071612191
996881,0.010646685
996882,0.0021128382
996883,0.013214482
996884,0.0073802276
996885,0.010661765
996886,0.013159832
996887,0.0073795095
996888,0.0084228516
996889,0.0084795784
996890,0.017025217
996891,0.039447382
996892,0.0072215362
996893,0.0068021887
996894,0.030274874
996895,0.020563103
996896,0.0072954963
996897,0.033957805
996898,0.010622271
996899,0.0080781821
996900,0.013786765
996901,0.017463954
996902,0.0070578181
996903,0.013667567
996904,0.0075597428
996905,0.013125794
996906,0.010279756
996907,0.01741728
996908,0.01008229
996909,0.017496984
996910,0.0072043026
996911,0.017440258
996912,0.0080889538
996913,0.0063167796
996914,0.010302017
996915,0.025783405
996916,0.033680636
996917,0.0076150335
996918,0.009679094
996919,0.010397518
996920,0.013926786
996921,0.024154512
996922,0.019503616
996923,0.0084415209
996924,0.020569567
996925,0.0091911769
996926,0.012654488
996927,0.0061208834
996928,0.01051528
996929,0.015386604
996930,0.0082993452
996931,0.0071102367
996932,0.0075733857
996933,0.010435576
996934,0.0086971503
996935,0.02330035
996936,0.007481474
996937,0.0072631836
996938,0.0080810543
996939,0.024616556
996940,0.0171875
996941,0.0065372242
996942,0.011224724
996943,0.020378562
996944,0.0066564223
996945,0.0012734844
996946,0.039533548
996947,0.0068660961
996948,0.010856359
996949,0.010216567
996950,0.0073874081
996951,0.01764706
996952,0.01084128
996953,0.0055750231
996954,0.014047421
996955,0.0073249368
996956,0.011539953
996957,0.010378849
996958,0.0052173394
996959,0.0065435614
996960,0.0056913486
996961,0.01060432
996962,0.0077191521
996963,0.0072244084
996964,0.010213695
996965,0.014135025
996966,0.014006491
996967,0.017280849
996968,0.016130514
996969,0.0071712718
996970,0.010960478
996971,0.0062866211
996972,0.028644219
996973,0.0074441349
996974,0.0072301528
996975,0.010869147
996976,0.011067469
996977,0.0095660044
996978,0.0096533233
996979,0.010595703
996980,0.0074412627
996981,0.010887953
996982,0.019354163
996983,0.021798886
996984,0.0067160213
996985,0.0071949679
996986,0.019910386
996987,0.017865349
996988,0.0071691177
996989,0.02063491
996990,0.027377499
996991,0.010716338
996992,0.0064165397
996993,0.0071820426
996994,0.037461225
996995,0.01060791
996996,0.039200369
996997,0.0072114831
996998,0.0074556237
996999,0.023794375
997000,0.00736443
997001,0.010852051
997002,0.0074419808
997003,0.0061927768
997004,0.010673254
997005,0.024510534
997006,0.03555312
997007,0.039413631
997008,0.0076652975
997009,0.0070829503
997010,0.010601448
997011,0.013920324
997012,0.010026281
997013,0.018027632
997014,0.010279856
997015,0.039590992
997016,0.013953355
997017,0.013803998
997018,0.033919748
997019,0.010368078
997020,0.0070496858
997021,0.030170921
997022,0.0066775167
997023,0.0091841351
997024,0.037344899
997025,0.013885139
997026,0.030307904
997027,0.0072394875
997028,0.0076688877
997029,0.013908835
997030,0.030388327
997031,0.010627298
997032,0.028670482
997033,0.035174541
997034,0.014120663
997035,0.013902373
997036,0.010605756
997037,0.013784611
997038,0.0070872586
997039,0.010922421
997040,0.018462775
997041,0.016277226
997042,0.017297363
997043,0.024655331
997044,0.010661047
997045,0.010213695
997046,0.0083036534
997047,0.0068510165
997048,0.017439539
997049,0.01044491
997050,0.007255285
997051,0.022589471
997052,0.039671414
997053,0.023655791
997054,0.013855699
997055,0.0074247471
997056,0.0075051701
997057,0.039224781
997058,0.0068969727
997059,0.0075417911
997060,0.0068761487
997061,0.0073084212
997062,0.010498047
997063,0.010391774
997064,0.0061264937
997065,0.0026001313
997066,0.0076401653
997067,0.0094633214
997068,0.011355411
997069,0.027409812
997070,0.013646025
997071,0.0075949277
997072,0.0099530388
997073,0.027471565
997074,0.017744714
997075,0.0069572898
997076,0.014295151
997077,0.010073673
997078,0.0072768265
997079,0.02386331
997080,0.017141543
997081,0.0071526021
997082,0.0069673425
997083,0.017428769
997084,0.0073988969
997085,0.017288029
997086,0.0098972647
997087,0.020388614
997088,0.0059569525
997089,0.030820599
997090,0.0053362828
997091,0.010516716
997092,0.014034496
997093,0.01148897
997094,0.0059448243
997095,0.022178022
997096,0.0069400561
997097,0.013572064
997098,0.020261003
997099,0.010622271
997100,0.0072150733
997101,0.013997156
997102,0.0074570598
997103,0.0073816637
997104,0.019278493
997105,0.01041188
997106,0.0071461396
997107,0.010857077
997108,0.016096704
997109,0.012520165
997110,0.010577751
997111,0.016217524
997112,0.0077959844
997113,0.0088127581
997114,0.0073191924
997115,0.0052238903
997116,0.0072782626
997117,0.014298995
997118,0.0072940602
997119,0.013815487
997120,0.028467515
997121,0.006769876
997122,0.010299144
997123,0.0075367647
997124,0.00951574
997125,0.0068546073
997126,0.013832721
997127,0.017695168
997128,0.014372702
997129,0.014096967
997130,0.0071109547
997131,0.016506726
997132,0.0067325369
997133,0.011125632
997134,0.0071942499
997135,0.0073335534
997136,0.009662224
997137,0.010784553
997138,0.0065436866
997139,0.0074111042
997140,0.014028033
997141,0.0063303299
997142,0.014298742
997143,0.020158118
997144,0.011302275
997145,0.017652804
997146,0.0095631322
997147,0.020496324
997148,0.0087560313
997149,0.0094906073
997150,0.0082261031
997151,0.01029699
997152,0.010535386
997153,0.0093203988
997154,0.0094748102
997155,0.017693015
997156,0.0072524128
997157,0.0069544176
997158,0.010329302
997159,0.009895972
997160,0.011149328
997161,0.014015826
997162,0.033340693
997163,0.039660644
997164,0.0074477252
997165,0.013693416
997166,0.012660429
997167,0.034108598
997168,0.0071942499
997169,0.0074836281
997170,0.010770191
997171,0.0075396369
997172,0.0070276596
997173,0.017388556
997174,0.027809054
997175,0.00696088
997176,0.013875804
997177,0.0092098461
997178,0.0082950369
997179,0.023948042
997180,0.022921214
997181,0.014538259
997182,0.0072954963
997183,0.010555492
997184,0.015536679
997185,0.014191751
997186,0.0080114026
997187,0.010028435
997188,0.010714902
997189,0.0076760687
997190,0.0069953469
997191,0.026063448
997192,0.021254595
997193,0.028598033
997194,0.0071565011
997195,0.010581342
997196,0.0072157914
997197,0.015120204
997198,0.012507899
997199,0.010612937
997200,0.010569853
997201,0.024540441
997202,0.032446288
997203,0.0070980298
997204,0.017012293
997205,0.0070664352
997206,0.017363425
997207,0.011917653
997208,0.035087317
997209,0.039745376
997210,0.010351563
997211,0.0078986669
997212,0.017254997
997213,0.020744773
997214,0.019728351
997215,0.014032342
997216,0.0078699449
997217,0.010536104
997218,0.010256778
997219,0.019577706
997220,0.0071231616
997221,0.010405417
997222,0.007115263
997223,0.017430922
997224,0.010445628
997225,0.0074283374
997226,0.017578125
997227,0.0077292048
997228,0.01388873
997229,0.011563648
997230,0.014023725
997231,0.0071310606
997232,0.025937399
997233,0.0088357367
997234,0.011019359
997235,0.010747932
997236,0.039549343
997237,0.013427016
997238,0.010534668
997239,0.0076056984
997240,0.007467831
997241,0.010712029
997242,0.0079252357
997243,0.0084975297
997244,0.011242676
997245,0.039039522
997246,0.017136518
997247,0.02712187
997248,0.011033002
997249,0.017604694
997250,0.030387608
997251,0.014051011
997252,0.015102969
997253,0.017543659
997254,0.0073816637
997255,0.032116704
997256,0.007797421
997257,0.01037454
997258,0.014293715
997259,0.010340791
997260,0.016062446
997261,0.010615091
997262,0.010642377
997263,0.013134669
997264,0.0062813065
997265,0.010894416
997266,0.0072488226
997267,0.0069213868
997268,0.015567555
997269,0.022909008
997270,0.0057459213
997271,0.012909897
997272,0.0071942499
997273,0.0067820828
997274,0.0063726394
997275,0.012528004
997276,0.020243566
997277,0.011079676
997278,0.00665471
997279,0.0076703238
997280,0.026927993
997281,0.0088120401
997282,0.007210765
997283,0.0093021896
997284,0.0084824506
997285,0.007233025
997286,0.0070147347
997287,0.010468607
997288,0.032842178
997289,0.0074462891
997290,0.010797478
997291,0.025991913
997292,0.020759853
997293,0.0081887636
997294,0.022727555
997295,0.0071281884
997296,0.0071533201
997297,0.0073730471
997298,0.010721364
997299,0.0070542279
997300,0.0072768265
997301,0.013738655
997302,0.0078584561
997303,0.011064596
997304,0.0065372242
997305,0.011061724
997306,0.020738309
997307,0.0056410846
997308,0.023191204
997309,0.0092500579
997310,0.0068941005
997311,0.014200368
997312,0.017591769
997313,0.020351993
997314,0.026505055
997315,0.017660702
997316,0.014182416
997317,0.015722964
997318,0.0071992762
997319,0.010443474
997320,0.031867061
997321,0.0071310606
997322,0.010588522
997323,0.013604377
997324,0.020524206
997325,0.033524815
997326,0.010383157
997327,0.010532514
997328,0.013735064
997329,0.0076997643
997330,0.013834875
997331,0.027107509
997332,0.0072423597
997333,0.013637408
997334,0.019704379
997335,0.0073184744
997336,0.0077715707
997337,0.0067318189
997338,0.036929142
997339,0.017061122
997340,0.011356847
997341,0.013844928
997342,0.0069766776
997343,0.0028994814
997344,0.011606014
997345,0.0063174977
997346,0.020975454
997347,0.012183336
997348,0.011313763
997349,0.0061939913
997350,0.0065870667
997351,0.0072495406
997352,0.017584588
997353,0.0063950485
997354,0.017722456
997355,0.0085449219
997356,0.0073773554
997357,0.0070736157
997358,0.035773065
997359,0.0097659286
997360,0.017081944
997361,0.013589298
997362,0.0071999943
997363,0.016067326
997364,0.0071583469
997365,0.01741728
997366,0.0070606903
997367,0.033050898
997368,0.0075202491
997369,0.013798254
997370,0.012092141
997371,0.0079216454
997372,0.0071971221
997373,0.010714902
997374,0.017063275
997375,0.010755112
997376,0.0076193418
997377,0.0071210074
997378,0.014028751
997379,0.0070657171
997380,0.010543285
997381,0.039544318
997382,0.0063452609
997383,0.013258272
997384,0.010260369
997385,0.010826918
997386,0.01546559
997387,0.0024384505
997388,0.036611643
997389,0.007371611
997390,0.010428395
997391,0.016962746
997392,0.0073385797
997393,0.0070104264
997394,0.039912682
997395,0.0073184744
997396,0.0077105355
997397,0.01159668
997398,0.020743337
997399,0.0060597141
997400,0.0071827606
997401,0.039418656
997402,0.0072768265
997403,0.010638786
997404,0.013836311
997405,0.010689051
997406,0.0070657171
997407,0.0017765656
997408,0.0065873242
997409,0.0086224722
997410,0.00736443
997411,0.022753179
997412,0.010515998
997413,0.012938848
997414,0.012097886
997415,0.010237391
997416,0.0070132986
997417,0.0073105758
997418,0.014316694
997419,0.0083129881
997420,0.0062633641
997421,0.0099932505
997422,0.0053487951
997423,0.0071533201
997424,0.0071131089
997425,0.010492302
997426,0.0062392289
997427,0.0096694045
997428,0.02432215
997429,0.007313448
997430,0.0069551356
997431,0.029569738
997432,0.023259038
997433,0.010602166
997434,0.030478084
997435,0.0076344209
997436,0.018566895
997437,0.0069867303
997438,0.0097979745
997439,0.010615091
997440,0.010636632
997441,0.010413316
997442,0.011037311
997443,0.0074922452
997444,0.0072674919
997445,0.0081341909
997446,0.013970588
997447,0.0070542279
997448,0.0073213466
997449,0.0062348195
997450,0.0012186451
997451,0.007313448
997452,0.036718749
997453,0.017309571
997454,0.013821949
997455,0.013631663
997456,0.0075310203
997457,0.01750919
997458,0.01152272
997459,0.0087560313
997460,0.010557646
997461,0.0077794692
997462,0.010638786
997463,0.0071605011
997464,0.025517004
997465,0.011350385
997466,0.01403306
997467,0.0072739543
997468,0.013600653
997469,0.010752958
997470,0.014157284
997471,0.039528523
997472,0.0097864
997473,0.0089642694
997474,0.023614861
997475,0.01051169
997476,0.022684477
997477,0.010247444
997478,0.016934743
997479,0.010581342
997480,0.013347757
997481,0.0070089903
997482,0.0069422103
997483,0.016610678
997484,0.021804631
997485,0.010409008
997486,0.010588522
997487,0.0072043026
997488,0.0071382411
997489,0.010565544
997490,0.0064245849
997491,0.010948989
997492,0.013430607
997493,0.019577924
997494,0.0030032888
997495,0.02060475
997496,0.014720243
997497,0.0086253444
997498,0.027481617
997499,0.026910041
997500,0.013261144
997501,0.0065835821
997502,0.025161564
997503,0.0071238796
997504,0.0073184744
997505,0.0094834268
997506,0.0072423597
997507,0.0076209488
997508,0.01269307
997509,0.0075008618
997510,0.0072488226
997511,0.0073349895
997512,0.019417796
997513,0.017344037
997514,0.027619485
997515,0.024025591
997516,0.007136805
997517,0.010305607
997518,0.023770681
997519,0.0072122011
997520,0.0072667738
997521,0.010443474
997522,0.0088809747
997523,0.0071705538
997524,0.01389591
997525,0.0064162216
997526,0.0057940315
997527,0.021914493
997528,0.0073299631
997529,0.011155791
997530,0.023854693
997531,0.0073220646
997532,0.020438878
997533,0.0061860927
997534,0.0070312498
997535,0.0075288662
997536,0.016291359
997537,0.0073299631
997538,0.01576574
997539,0.013862879
997540,0.032705508
997541,0.0075346106
997542,0.0068014706
997543,0.007372329
997544,0.0073658661
997545,0.01718032
997546,0.0099573471
997547,0.0072265626
997548,0.0019282878
997549,0.010403981
997550,0.0072531309
997551,0.0069874483
997552,0.0074297735
997553,0.010685461
997554,0.006615493
997555,0.020944394
997556,0.022850845
997557,0.014079734
997558,0.019519379
997559,0.0075066062
997560,0.0075482535
997561,0.0078247068
997562,0.023619886
997563,0.015683163
997564,0.016926127
997565,0.027441407
997566,0.0062556188
997567,0.0067012203
997568,0.014855239
997569,0.0070176069
997570,0.0062521682
997571,0.0069221049
997572,0.020672249
997573,0.017872529
997574,0.010664637
997575,0.006685379
997576,0.034039665
997577,0.010969095
997578,0.010855641
997579,0.0018109392
997580,0.0061379825
997581,0.039389934
997582,0.033755314
997583,0.010409008
997584,0.0085521024
997585,0.0083180144
997586,0.013706342
997587,0.02194537
997588,0.0078189624
997589,0.017148007
997590,0.0096848942
997591,0.011091165
997592,0.020709587
997593,0.020358456
997594,0.0078189624
997595,0.013809742
997596,0.011001407
997597,0.0072495406
997598,0.0076408833
997599,0.027326517
997600,0.017368451
997601,0.0087459786
997602,0.013951201
997603,0.035656855
997604,0.013383411
997605,0.020518061
997606,0.013856417
997607,0.008165068
997608,0.011015768
997609,0.014174517
997610,0.010790298
997611,0.007541073
997612,0.010643813
997613,0.01312831
997614,0.0067792106
997615,0.0072725182
997616,0.0070362766
997617,0.023085263
997618,0.019450827
997619,0.010526769
997620,0.012811844
997621,0.0071461396
997622,0.0072043026
997623,0.030032169
997624,0.0072516948
997625,0.0086138556
997626,0.0073515051
997627,0.0071999943
997628,0.0097907567
997629,0.0072962143
997630,0.014073989
997631,0.039559398
997632,0.0030621458
997633,0.0079029752
997634,0.0072409236
997635,0.017205451
997636,0.033367135
997637,0.017280849
997638,0.0070362766
997639,0.0071310606
997640,0.024949018
997641,0.014119945
997642,0.0064335479
997643,0.023967428
997644,0.007100902
997645,0.032225754
997646,0.010664637
997647,0.010373104
997648,0.010474351
997649,0.016993023
997650,0.0063555548
997651,0.012889054
997652,0.0080149928
997653,0.0074240291
997654,0.013809742
997655,0.010477941
997656,0.010493021
997657,0.0072610294
997658,0.0069529815
997659,0.010688333
997660,0.02018684
997661,0.028367704
997662,0.01437342
997663,0.0088802557
997664,0.031018067
997665,0.027370319
997666,0.0084277466
997667,0.033819221
997668,0.013816205
997669,0.013813333
997670,0.013438972
997671,0.0074103861
997672,0.010594267
997673,0.010780963
997674,0.011753217
997675,0.0072308709
997676,0.0063469382
997677,0.013972024
997678,0.0066427793
997679,0.012752757
997680,0.013819795
997681,0.0094508007
997682,0.0094547691
997683,0.01060073
997684,0.0074699852
997685,0.017225558
997686,0.010447064
997687,0.01750919
997688,0.0072904699
997689,0.0039821872
997690,0.0071849148
997691,0.0068739946
997692,0.0072143553
997693,0.0073077031
997694,0.0070807962
997695,0.010546875
997696,0.019449916
997697,0.0074175666
997698,0.038702033
997699,0.010517434
997700,0.0084537286
997701,0.033995863
997702,0.0075604608
997703,0.017489804
997704,0.014277918
997705,0.0071037742
997706,0.033218075
997707,0.0070348405
997708,0.012704358
997709,0.010370232
997710,0.007019761
997711,0.0067002242
997712,0.014288689
997713,0.0075066062
997714,0.0099379597
997715,0.007255285
997716,0.0061557954
997717,0.016928999
997718,0.019528488
997719,0.01634006
997720,0.026650822
997721,0.0090202782
997722,0.0080702836
997723,0.0073069851
997724,0.0074699852
997725,0.033136584
997726,0.014214011
997727,0.016137883
997728,0.010413616
997729,0.0064254124
997730,0.02054587
997731,0.0090303309
997732,0.0093081547
997733,0.01391458
997734,0.01496223
997735,0.010482968
997736,0.010827636
997737,0.017496265
997738,0.010528924
997739,0.0083079617
997740,0.0069170785
997741,0.006519991
997742,0.0059794565
997743,0.0071633733
997744,0.017026654
997745,0.0075367647
997746,0.017370606
997747,0.027016314
997748,0.0075022979
997749,0.0025286046
997750,0.010303453
997751,0.0067196116
997752,0.011923636
997753,0.0105081
997754,0.017880429
997755,0.007827579
997756,0.015992647
997757,0.0088500977
997758,0.0073242188
997759,0.016880887
997760,0.014179544
997761,0.018039837
997762,0.019432157
997763,0.010855641
997764,0.024368107
997765,0.013660386
997766,0.039911967
997767,0.0188017
997768,0.017334703
997769,0.008165068
997770,0.010404699
997771,0.0070915669
997772,0.017130774
997773,0.03883272
997774,0.0069213868
997775,0.010368796
997776,0.011086857
997777,0.013383601
997778,0.0096866386
997779,0.026153388
997780,0.019980038
997781,0.0065644686
997782,0.014063936
997783,0.0072832895
997784,0.010365206
997785,0.010431267
997786,0.010510254
997787,0.013903809
997788,0.0073945886
997789,0.018536067
997790,0.015027573
997791,0.0059685204
997792,0.010298426
997793,0.0071238796
997794,0.0068273209
997795,0.014292279
997796,0.0068380916
997797,0.0072789812
997798,0.032988425
997799,0.011320226
997800,0.0076495004
997801,0.0072617475
997802,0.010365206
997803,0.010798914
997804,0.010612219
997805,0.0078598922
997806,0.00646111
997807,0.0070427391
997808,0.017542223
997809,0.016982134
997810,0.0072875977
997811,0.0074836281
997812,0.0074333642
997813,0.025483189
997814,0.023489606
997815,0.039892577
997816,0.010456399
997817,0.0076430375
997818,0.010648839
997819,0.011226879
997820,0.0023493674
997821,0.01761331
997822,0.015683517
997823,0.007004682
997824,0.011776195
997825,0.0063890116
997826,0.0069996552
997827,0.030910358
997828,0.010244572
997829,0.014252787
997830,0.027033547
997831,0.0072380514
997832,0.009541912
997833,0.0074060778
997834,0.0094773313
997835,0.0075087603
997836,0.0071806065
997837,0.010496611
997838,0.0071849148
997839,0.0088948859
997840,0.0072035845
997841,0.009237132
997842,0.038694851
997843,0.014282227
997844,0.025772681
997845,0.010624425
997846,0.013567756
997847,0.013821949
997848,0.020560231
997849,0.0020125264
997850,0.0073543773
997851,0.014343262
997852,0.012418859
997853,0.010066492
997854,0.010234519
997855,0.013230247
997856,0.010307761
997857,0.024009794
997858,0.039234836
997859,0.0060187844
997860,0.01934447
997861,0.010577751
997862,0.0072976504
997863,0.0076889936
997864,0.010712029
997865,0.017377067
997866,0.0065730773
997867,0.014377729
997868,0.0068969727
997869,0.0070958757
997870,0.01997504
997871,0.007077924
997872,0.0022333779
997873,0.0065946691
997874,0.007196404
997875,0.010653866
997876,0.0082713338
997877,0.013848518
997878,0.012185361
997879,0.025420066
997880,0.0069522634
997881,0.0070477654
997882,0.010772346
997883,0.020312499
997884,0.0071748621
997885,0.0070312498
997886,0.011260627
997887,0.0069702147
997888,0.010550465
997889,0.0061121322
997890,0.0063943304
997891,0.0076286765
997892,0.012970019
997893,0.0073306812
997894,0.0070657171
997895,0.038775276
997896,0.013556985
997897,0.01041547
997898,0.01090447
997899,0.0074405447
997900,0.0084163891
997901,0.028435396
997902,0.0083984379
997903,0.029740173
997904,0.0047455365
997905,0.009155361
997906,0.007033404
997907,0.016716791
997908,0.02594425
997909,0.016255239
997910,0.0061853747
997911,0.0072035845
997912,0.01070772
997913,0.010593549
997914,0.0072954963
997915,0.0070463293
997916,0.0068158316
997917,0.010468607
997918,0.0079618562
997919,0.0077514648
997920,0.0072979331
997921,0.032722007
997922,0.01051528
997923,0.015112305
997924,0.03171315
997925,0.0080997245
997926,0.025733432
997927,0.010365924
997928,0.0077812318
997929,0.0075726677
997930,0.0065146969
997931,0.0070039639
997932,0.0072165094
997933,0.01741728
997934,0.0072560031
997935,0.011068905
997936,0.0066183652
997937,0.017611874
997938,0.0075726677
997939,0.0056956573
997940,0.016908174
997941,0.006314165
997942,0.0070793601
997943,0.0070535098
997944,0.010792452
997945,0.0063648899
997946,0.013723576
997947,0.0073213466
997948,0.0072351792
997949,0.0072236904
997950,0.010284783
997951,0.0068660961
997952,0.017270794
997953,0.01058565
997954,0.034249339
997955,0.0072538489
997956,0.013019547
997957,0.0077397125
997958,0.0072617475
997959,0.0070772059
997960,0.0073170383
997961,0.030399816
997962,0.03676255
997963,0.0070118625
997964,0.0096388916
997965,0.013595043
997966,0.010663201
997967,0.010502355
997968,0.019406479
997969,0.0075008618
997970,0.012244064
997971,0.0060116039
997972,0.006365608
997973,0.0073098578
997974,0.010414752
997975,0.03072438
997976,0.027550552
997977,0.0073759193
997978,0.01372932
997979,0.010294118
997980,0.0070010913
997981,0.0071648094
997982,0.0091646081
997983,0.0065770503
997984,0.0073464788
997985,0.039430149
997986,0.0071691177
997987,0.008707922
997988,0.0066323359
997989,0.0073752012
997990,0.017104205
997991,0.020885512
997992,0.0072380514
997993,0.017425178
997994,0.0072035845
997995,0.0096054971
997996,0.0063937865
997997,0.00743121
997998,0.029388787
997999,0.0056970934
998000,0.025945758
998001,0.010409726
998002,0.0069939108
998003,0.0077134077
998004,0.0075870291
998005,0.0067217657
998006,0.0073098578
998007,0.010766601
998008,0.013228453
998009,0.0071702679
998010,0.017596794
998011,0.0095236385
998012,0.011661305
998013,0.0099264709
998014,0.017308135
998015,0.022856412
998016,0.0073443246
998017,0.011453786
998018,0.016988598
998019,0.0070125805
998020,0.0096416809
998021,0.0072660558
998022,0.007004682
998023,0.0072078928
998024,0.0071942499
998025,0.0065329159
998026,0.0072653377
998027,0.016914638
998028,0.0075080423
998029,0.0096825678
998030,0.0080372533
998031,0.013036522
998032,0.013430607
998033,0.022944024
998034,0.012487949
998035,0.0088964868
998036,0.008987247
998037,0.010146197
998038,0.0362477
998039,0.0069493088
998040,0.0055980007
998041,0.0024176021
998042,0.0086626839
998043,0.014073989
998044,0.0074154125
998045,0.0077823414
998046,0.0076796589
998047,0.010430549
998048,0.017822266
998049,0.010882927
998050,0.0067003835
998051,0.029244713
998052,0.017456774
998053,0.017383531
998054,0.0072445138
998055,0.036940631
998056,0.036502238
998057,0.039617561
998058,0.011741728
998059,0.029291103
998060,0.011105526
998061,0.023517923
998062,0.0072373333
998063,0.0370785
998064,0.014177389
998065,0.010735007
998066,0.0067454618
998067,0.0072631836
998068,0.0071705538
998069,0.0070980298
998070,0.0394402
998071,0.0010956752
998072,0.0073802276
998073,0.007004682
998074,0.019668832
998075,0.0079618562
998076,0.027726477
998077,0.034133732
998078,0.0071454216
998079,0.0070226332
998080,0.013747271
998081,0.0064258175
998082,0.019226404
998083,0.019569496
998084,0.010664637
998085,0.0070879767
998086,0.010577751
998087,0.010640941
998088,0.01020795
998089,0.0062435376
998090,0.0071698357
998091,0.0071849148
998092,0.010661765
998093,0.0094496841
998094,0.032119807
998095,0.014038804
998096,0.0059570312
998097,0.0072150733
998098,0.0070183249
998099,0.006473456
998100,0.027607996
998101,0.008223231
998102,0.022978514
998103,0.020675121
998104,0.0065606665
998105,0.014045984
998106,0.0066636028
998107,0.0075482535
998108,0.013838465
998109,0.013791791
998110,0.030175781
998111,0.0071899416
998112,0.01128935
998113,0.0066168848
998114,0.0021916521
998115,0.0019888156
998116,0.022576544
998117,0.011169434
998118,0.011371926
998119,0.015997546
998120,0.0021394603
998121,0.0087251551
998122,0.0081891883
998123,0.0071159811
998124,0.023634249
998125,0.006982422
998126,0.010434858
998127,0.0070958757
998128,0.010203642
998129,0.0075834384
998130,0.014407169
998131,0.030647548
998132,0.020691637
998133,0.014269302
998134,0.0074132583
998135,0.009296013
998136,0.039265711
998137,0.0083187325
998138,0.010823328
998139,0.037316177
998140,0.011233341
998141,0.0075173769
998142,0.0085937502
998143,0.022789761
998144,0.0088127581
998145,0.007151884
998146,0.010332175
998147,0.013801126
998148,0.010362334
998149,0.0041137999
998150,0.0061759716
998151,0.011478918
998152,0.0072732363
998153,0.008048024
998154,0.0072509767
998155,0.0074800379
998156,0.010581342
998157,0.0072136372
998158,0.0071633733
998159,0.0063177366
998160,0.0075482535
998161,0.007233025
998162,0.010541849
998163,0.015579856
998164,0.017348345
998165,0.012050813
998166,0.023219511
998167,0.010616527
998168,0.0070477654
998169,0.0072423597
998170,0.0072150733
998171,0.007078642
998172,0.013699161
998173,0.0063212207
998174,0.0074348003
998175,0.0082756495
998176,0.010597858
998177,0.014533548
998178,0.036646225
998179,0.039270736
998180,0.010306325
998181,0.0070527918
998182,0.0079503674
998183,0.015148904
998184,0.020762006
998185,0.0071669635
998186,0.007313448
998187,0.0096995635
998188,0.0086231902
998189,0.010788144
998190,0.0176169
998191,0.013564884
998192,0.0071755801
998193,0.00936478
998194,0.007291906
998195,0.0084537286
998196,0.016075224
998197,0.0140625
998198,0.010609346
998199,0.0072229723
998200,0.0072157914
998201,0.010386747
998202,0.0070147347
998203,0.0073299631
998204,0.0073005226
998205,0.014484719
998206,0.010413316
998207,0.024479406
998208,0.0077385399
998209,0.010453527
998210,0.007254567
998211,0.011040901
998212,0.020969525
998213,0.016627485
998214,0.0073823817
998215,0.007291906
998216,0.0074987076
998217,0.023827011
998218,0.0073436066
998219,0.013993566
998220,0.0065515894
998221,0.017352654
998222,0.010754394
998223,0.028970251
998224,0.0071762982
998225,0.010067929
998226,0.016009558
998227,0.014199994
998228,0.01047866
998229,0.025298713
998230,0.0082059968
998231,0.010653866
998232,0.0073988969
998233,0.038790356
998234,0.0081621958
998235,0.0074369544
998236,0.0084458292
998237,0.0071310606
998238,0.0073321173
998239,0.013947611
998240,0.0073342714
998241,0.0074757296
998242,0.013901655
998243,0.012550265
998244,0.026653621
998245,0.013648179
998246,0.0064114607
998247,0.0072208182
998248,0.0073364256
998249,0.014397116
998250,0.032718759
998251,0.01060432
998252,0.0064194622
998253,0.015100202
998254,0.0096880747
998255,0.0075137867
998256,0.0056877583
998257,0.013643871
998258,0.0072287167
998259,0.02053079
998260,0.0071267523
998261,0.017711684
998262,0.0071619372
998263,0.01051528
998264,0.010793888
998265,0.0070879767
998266,0.015365062
998267,0.01204127
998268,0.0081478339
998269,0.010018382
998270,0.0081456797
998271,0.0070578181
998272,0.012832568
998273,0.034363512
998274,0.0085219443
998275,0.010746496
998276,0.010230929
998277,0.028252814
998278,0.0176687
998279,0.019614054
998280,0.0074886545
998281,0.016565777
998282,0.039627615
998283,0.020622702
998284,0.019037813
998285,0.0062306123
998286,0.0021069546
998287,0.007041303
998288,0.013704906
998289,0.0061401366
998290,0.0073895622
998291,0.0058708638
998292,0.01952653
998293,0.014214011
998294,0.036995921
998295,0.010661765
998296,0.018037684
998297,0.0079719098
998298,0.016074559
998299,0.010846307
998300,0.010542567
998301,0.0072423597
998302,0.021065746
998303,0.0026932654
998304,0.017826574
998305,0.014170209
998306,0.0069422103
998307,0.010493739
998308,0.010801069
998309,0.0055725924
998310,0.039717373
998311,0.039280791
998312,0.0014612217
998313,0.017629825
998314,0.030914666
998315,0.034779269
998316,0.026348518
998317,0.024925321
998318,0.0070815142
998319,0.017586024
998320,0.039938536
998321,0.010593549
998322,0.019905211
998323,0.0070836684
998324,0.0081571694
998325,0.026824592
998326,0.0076925838
998327,0.011845847
998328,0.0071770162
998329,0.007210047
998330,0.010386029
998331,0.039768353
998332,0.017209759
998333,0.0065785316
998334,0.013651052
998335,0.0061882148
998336,0.035627786
998337,0.0075252759
998338,0.010638786
998339,0.0059204102
998340,0.0071935318
998341,0.0087696752
998342,0.011960018
998343,0.0062176874
998344,0.014352596
998345,0.0070542279
998346,0.01071921
998347,0.0070298137
998348,0.030384736
998349,0.012041017
998350,0.007115263
998351,0.0080006318
998352,0.0068359375
998353,0.010799632
998354,0.0070743337
998355,0.0067512062
998356,0.012672335
998357,0.010617963
998358,0.011091165
998359,0.0072193821
998360,0.036084123
998361,0.018066376
998362,0.017359834
998363,0.01079317
998364,0.010243854
998365,0.016904583
998366,0.017784208
998367,0.019424651
998368,0.010257496
998369,0.0072509767
998370,0.019853646
998371,0.01027473
998372,0.0074283374
998373,0.010075827
998374,0.010975097
998375,0.020714615
998376,0.0072761085
998377,0.010559082
998378,0.018969726
998379,0.0072495406
998380,0.010454963
998381,0.0070743337
998382,0.021569824
998383,0.013263835
998384,0.0070211971
998385,0.0078196805
998386,0.0079367245
998387,0.0073838178
998388,0.008767521
998389,0.0079403147
998390,0.01913129
998391,0.0095911361
998392,0.0070592542
998393,0.020154526
998394,0.013490924
998395,0.009911906
998396,0.020814659
998397,0.0096688522
998398,0.0070240693
998399,0.0071023381
998400,0.0068991268
998401,0.0070549459
998402,0.026027691
998403,0.019786419
998404,0.011193847
998405,0.010842716
998406,0.0072847256
998407,0.0070441752
998408,0.0066511529
998409,0.010923139
998410,0.010025447
998411,0.013885858
998412,0.0079898611
998413,0.0080982884
998414,0.039728861
998415,0.0075087603
998416,0.0065917969
998417,0.010896571
998418,0.012507442
998419,0.020273007
998420,0.015846515
998421,0.030723661
998422,0.029738231
998423,0.017247079
998424,0.0061710132
998425,0.010673254
998426,0.019069657
998427,0.010039206
998428,0.0081916358
998429,0.017319623
998430,0.0075137867
998431,0.024373852
998432,0.0086684283
998433,0.010575597
998434,0.010753676
998435,0.0079474952
998436,0.010774501
998437,0.0094733741
998438,0.0076502184
998439,0.0073098578
998440,0.010951143
998441,0.014226936
998442,0.0071626552
998443,0.026359288
998444,0.0072380514
998445,0.0073019587
998446,0.010141263
998447,0.0073120119
998448,0.0074355183
998449,0.013821231
998450,0.017130055
998451,0.0071245977
998452,0.007100184
998453,0.017378503
998454,0.0087316176
998455,0.014876063
998456,0.014453843
998457,0.023701029
998458,0.029808367
998459,0.017367734
998460,0.023018153
998461,0.017491957
998462,0.006652114
998463,0.0069529815
998464,0.017743278
998465,0.010650275
998466,0.013926068
998467,0.0028027459
998468,0.026017614
998469,0.007151884
998470,0.016717888
998471,0.014333209
998472,0.0071813245
998473,0.0057967422
998474,0.0071475757
998475,0.014005055
998476,0.010454963
998477,0.023792939
998478,0.013284709
998479,0.014160874
998480,0.010317096
998481,0.0072265626
998482,0.030412024
998483,0.0077679805
998484,0.010272576
998485,0.020305319
998486,0.010849179
998487,0.039550781
998488,0.01187842
998489,0.0072229723
998490,0.017198989
998491,0.013184478
998492,0.017418716
998493,0.019060202
998494,0.011094111
998495,0.012133789
998496,0.0074628047
998497,0.0073012407
998498,0.031021273
998499,0.014402143
998500,0.014246323
998501,0.010562672
998502,0.0072581572
998503,0.0068818936
998504,0.0072114831
998505,0.0077213063
998506,0.020691637
998507,0.014221909
998508,0.039294433
998509,0.010919549
998510,0.00736443
998511,0.007100184
998512,0.016547194
998513,0.017164523
998514,0.0071870694
998515,0.0069558537
998516,0.0092141544
998517,0.010331457
998518,0.0073615578
998519,0.020400103
998520,0.030310767
998521,0.0077579273
998522,0.0069809859
998523,0.010887235
998524,0.0061013615
998525,0.028034722
998526,0.0092723174
998527,0.016520089
998528,0.0072308709
998529,0.010397518
998530,0.012446864
998531,0.013419836
998532,0.006887638
998533,0.039621871
998534,0.022966452
998535,0.01074865
998536,0.01071921
998537,0.019186581
998538,0.019008115
998539,0.010785271
998540,0.033707205
998541,0.0079058483
998542,0.020858226
998543,0.0072086109
998544,0.014522777
998545,0.0060317097
998546,0.02315243
998547,0.010271139
998548,0.010582778
998549,0.01947083
998550,0.016800465
998551,0.0160027
998552,0.026872702
998553,0.010237803
998554,0.0052820542
998555,0.017348345
998556,0.020535098
998557,0.011997358
998558,0.010757985
998559,0.011344641
998560,0.027000517
998561,0.010737161
998562,0.0070772059
998563,0.010525333
998564,0.01384421
998565,0.0076789409
998566,0.016130311
998567,0.010689769
998568,0.022897169
998569,0.020936495
998570,0.009809427
998571,0.017670037
998572,0.020456113
998573,0.0069149244
998574,0.0071748621
998575,0.021885052
998576,0.027287023
998577,0.013717831
998578,0.010621553
998579,0.014023007
998580,0.0070800781
998581,0.0074046417
998582,0.0076013901
998583,0.0080595128
998584,0.0078922044
998585,0.0067612594
998586,0.013926786
998587,0.012796593
998588,0.006147366
998589,0.024161305
998590,0.012516649
998591,0.012606991
998592,0.019683477
998593,0.0069048712
998594,0.0070657171
998595,0.007217946
998596,0.011045209
998597,0.0095895464
998598,0.0069996552
998599,0.014832261
998600,0.010358025
998601,0.010692641
998602,0.011242676
998603,0.013661104
998604,0.010581342
998605,0.014125689
998606,0.012922963
998607,0.013798254
998608,0.0072969324
998609,0.006602278
998610,0.0070204791
998611,0.0072861616
998612,0.014163028
998613,0.014123535
998614,0.012442555
998615,0.017153751
998616,0.012172564
998617,0.0071231616
998618,0.013427734
998619,0.0068847658
998620,0.010531796
998621,0.0072603114
998622,0.014154412
998623,0.0073357075
998624,0.011295094
998625,0.0074491613
998626,0.011470301
998627,0.021124627
998628,0.010801787
998629,0.0070384308
998630,0.028961327
998631,0.017439539
998632,0.0099104857
998633,0.013797536
998634,0.0072157914
998635,0.004939321
998636,0.011259191
998637,0.0093800267
998638,0.0071238796
998639,0.017085535
998640,0.032485746
998641,0.0021573079
998642,0.010253906
998643,0.0074786018
998644,0.0074527515
998645,0.0075640511
998646,0.0073091397
998647,0.01323092
998648,0.0065755895
998649,0.039119944
998650,0.0073005226
998651,0.012301055
998652,0.010576315
998653,0.0071238796
998654,0.009557277
998655,0.0088206576
998656,0.017099179
998657,0.027135512
998658,0.0069508273
998659,0.0095648644
998660,0.018410357
998661,0.017816521
998662,0.010271139
998663,0.011191693
998664,0.0068739946
998665,0.014154412
998666,0.01247997
998667,0.0070269415
998668,0.0019011195
998669,0.0070362766
998670,0.016046595
998671,0.016814826
998672,0.0071159811
998673,0.020198328
998674,0.0044746879
998675,0.0072150733
998676,0.0020531171
998677,0.0068933824
998678,0.010520306
998679,0.0092385681
998680,0.011702235
998681,0.018508732
998682,0.007541073
998683,0.020837696
998684,0.0068337834
998685,0.0072129192
998686,0.010645967
998687,0.0078031654
998688,0.014889706
998689,0.010349409
998690,0.039048858
998691,0.0071016201
998692,0.016796876
998693,0.0071231616
998694,0.010345099
998695,0.0101821
998696,0.0065602022
998697,0.0073529412
998698,0.0072933421
998699,0.029058265
998700,0.0099530388
998701,0.017464671
998702,0.032218665
998703,0.0064947475
998704,0.0067626955
998705,0.037180465
998706,0.0073306812
998707,0.0075942096
998708,0.0071116728
998709,0.0071576289
998710,0.03938419
998711,0.010399672
998712,0.0069852942
998713,0.0062614656
998714,0.017092716
998715,0.010396082
998716,0.010612937
998717,0.01014337
998718,0.013737218
998719,0.014582376
998720,0.008341711
998721,0.017334703
998722,0.010666073
998723,0.0075647691
998724,0.021647498
998725,0.0075224033
998726,0.010638786
998727,0.0062475614
998728,0.0072244084
998729,0.0068452721
998730,0.013840619
998731,0.015148654
998732,0.010732135
998733,0.0069558537
998734,0.0095961904
998735,0.0072265626
998736,0.01017851
998737,0.0071389591
998738,0.0276956
998739,0.021691177
998740,0.010756548
998741,0.015719784
998742,0.013697725
998743,0.0068474263
998744,0.010868566
998745,0.020824477
998746,0.017225558
998747,0.01342199
998748,0.01081543
998749,0.0071978401
998750,0.020405848
998751,0.0096155535
998752,0.012936733
998753,0.03669421
998754,0.0081475005
998755,0.011902574
998756,0.011086857
998757,0.010631606
998758,0.0068258848
998759,0.005837115
998760,0.010397518
998761,0.016562069
998762,0.0079963235
998763,0.005646111
998764,0.011201747
998765,0.016247977
998766,0.017535759
998767,0.010523897
998768,0.01169649
998769,0.016007008
998770,0.016938332
998771,0.01083769
998772,0.0072610294
998773,0.005991498
998774,0.0071949679
998775,0.0068840478
998776,0.010770191
998777,0.0073608398
998778,0.010697667
998779,0.007033404
998780,0.020763442
998781,0.0071820426
998782,0.016983571
998783,0.031690888
998784,0.017252844
998785,0.019863354
998786,0.010477223
998787,0.007732077
998788,0.013984231
998789,0.013557703
998790,0.013592889
998791,0.013949765
998792,0.037179746
998793,0.0069989371
998794,0.0071949679
998795,0.010960478
998796,0.013986385
998797,0.0072746724
998798,0.011655561
998799,0.0065529761
998800,0.0061919042
998801,0.0071116728
998802,0.011797018
998803,0.021635167
998804,0.006208993
998805,0.011702235
998806,0.013898064
998807,0.039799232
998808,0.007372329
998809,0.013875086
998810,0.017796416
998811,0.007151166
998812,0.0024774582
998813,0.008165068
998814,0.022484718
998815,0.0070154527
998816,0.0073909983
998817,0.0069077434
998818,0.0073342714
998819,0.0059010223
998820,0.01709128
998821,0.0066585764
998822,0.014053165
998823,0.034154557
998824,0.0090260226
998825,0.0071683996
998826,0.01013399
998827,0.0025556432
998828,0.0070384308
998829,0.0071289064
998830,0.0069450829
998831,0.0073802276
998832,0.014682905
998833,0.0071238796
998834,0.013521801
998835,0.0068826117
998836,0.0092012295
998837,0.010609346
998838,0.010477941
998839,0.0073184744
998840,0.007210047
998841,0.010757985
998842,0.03800695
998843,0.0072840075
998844,0.026135972
998845,0.0071231616
998846,0.011376235
998847,0.01327617
998848,0.006322972
998849,0.007092285
998850,0.006189683
998851,0.010461425
998852,0.039568014
998853,0.02086756
998854,0.0070772059
998855,0.0094094668
998856,0.0073206285
998857,0.0083065256
998858,0.0071770162
998859,0.010847025
998860,0.007400333
998861,0.017555147
998862,0.010548311
998863,0.026327934
998864,0.013961254
998865,0.02433005
998866,0.032528322
998867,0.0076753506
998868,0.01148179
998869,0.0093182735
998870,0.010495893
998871,0.0062514362
998872,0.0076868394
998873,0.0067095589
998874,0.024442067
998875,0.0070994659
998876,0.019714104
998877,0.014397116
998878,0.017428769
998879,0.039631203
998880,0.013580682
998881,0.010492302
998882,0.0069285673
998883,0.010271139
998884,0.0061920858
998885,0.023713235
998886,0.03968434
998887,0.018390235
998888,0.0073112939
998889,0.0071382411
998890,0.0070075542
998891,0.024119603
998892,0.0063447841
998893,0.0066325292
998894,0.0069623161
998895,0.020704562
998896,0.0067734662
998897,0.0071138269
998898,0.039493337
998899,0.0073091397
998900,0.017796416
998901,0.012673771
998902,0.0071396772
998903,0.018108772
998904,0.014365521
998905,0.006828757
998906,0.010477941
998907,0.026264437
998908,0.0073694563
998909,0.023795094
998910,0.01053395
998911,0.0096399644
998912,0.010780963
998913,0.0071920957
998914,0.0055721509
998915,0.017150879
998916,0.010836254
998917,0.0073414524
998918,0.020484835
998919,0.0070851045
998920,0.01074506
998921,0.021855943
998922,0.023086201
998923,0.0069687786
998924,0.0010451025
998925,0.0161657
998926,0.0072380514
998927,0.0067741843
998928,0.010350127
998929,0.010655303
998930,0.0072409236
998931,0.017323932
998932,0.010900879
998933,0.010574879
998934,0.013984949
998935,0.025751092
998936,0.0024217512
998937,0.0071166991
998938,0.011454504
998939,0.017371323
998940,0.017018037
998941,0.010373104
998942,0.014101993
998943,0.010910214
998944,0.0069867303
998945,0.007077924
998946,0.0071920957
998947,0.010538259
998948,0.039579503
998949,0.0065982593
998950,0.030550608
998951,0.0074843462
998952,0.03990335
998953,0.013706342
998954,0.016758099
998955,0.014063936
998956,0.011098346
998957,0.0071468577
998958,0.037805893
998959,0.017318904
998960,0.0068718405
998961,0.023995433
998962,0.0071605011
998963,0.0073184744
998964,0.0094669117
998965,0.014104865
998966,0.0080099665
998967,0.020773495
998968,0.0065447935
998969,0.033464499
998970,0.013511029
998971,0.017428769
998972,0.008180147
998973,0.0077263326
998974,0.014068244
998975,0.010653866
998976,0.0074742935
998977,0.032474294
998978,0.029423254
998979,0.010596422
998980,0.021599265
998981,0.018359374
998982,0.010422651
998983,0.0066901711
998984,0.0067985984
998985,0.015800925
998986,0.01428079
998987,0.0073766373
998988,0.029051216
998989,0.0068596336
998990,0.0072028665
998991,0.02770637
998992,0.010499483
998993,0.0054271026
998994,0.010573443
998995,0.0062966738
998996,0.0073306812
998997,0.0073515051
998998,0.013427016
998999,0.011702235
999000,0.014592429
999001,0.0072043026
999002,0.007100184
999003,0.0074635227
999004,0.011103372
999005,0.01361443
999006,0.0070247874
999007,0.01238511
999008,0.0064235255
999009,0.010722082
999010,0.025178658
999011,0.0073098578
999012,0.039914839
999013,0.0072861616
999014,0.016882325
999015,0.0080681294
999016,0.0071648094
999017,0.033194508
999018,0.013839183
999019,0.033690687
999020,0.0075482535
999021,0.0063189338
999022,0.011117733
999023,0.0070427391
999024,0.011094037
999025,0.007444853
999026,0.02089772
999027,0.020694509
999028,0.014020135
999029,0.0079977596
999030,0.0075934916
999031,0.010410444
999032,0.0089096967
999033,0.011579601
999034,0.010312069
999035,0.0073069851
999036,0.014211857
999037,0.013846364
999038,0.0020959862
999039,0.0069206688
999040,0.0078828698
999041,0.0071849148
999042,0.0070585362
999043,0.0065831803
999044,0.011311609
999045,0.0078527117
999046,0.0073270909
999047,0.014023007
999048,0.0070168888
999049,0.006289863
999050,0.028030934
999051,0.0076789409
999052,0.013922478
999053,0.011657445
999054,0.0074060778
999055,0.0036310693
999056,0.0071691177
999057,0.024063649
999058,0.010477941
999059,0.016948385
999060,0.0073579676
999061,0.010392492
999062,0.0069422103
999063,0.007100184
999064,0.0072825714
999065,0.036328126
999066,0.019300666
999067,0.010617245
999068,0.010798196
999069,0.0059512868
999070,0.014235552
999071,0.03371295
999072,0.0069443649
999073,0.0072437958
999074,0.0072904699
999075,0.0069508273
999076,0.010687615
999077,0.033052597
999078,0.00736443
999079,0.017575253
999080,0.010689051
999081,0.036086898
999082,0.0071920957
999083,0.01384421
999084,0.0067856731
999085,0.0070377127
999086,0.0070527918
999087,0.01361443
999088,0.039924175
999089,0.020968089
999090,0.021511095
999091,0.0076064165
999092,0.0072610294
999093,0.017048197
999094,0.037396599
999095,0.0092780618
999096,0.0072265626
999097,0.013068629
999098,0.016431972
999099,0.014056037
999100,0.0070994659
999101,0.013772404
999102,0.013556985
999103,0.010472915
999104,0.0076121609
999105,0.008326631
999106,0.027214499
999107,0.020772059
999108,0.03929228
999109,0.0073816637
999110,0.010807531
999111,0.018821085
999112,0.027564194
999113,0.0070434571
999114,0.0068933824
999115,0.0096644275
999116,0.0078370664
999117,0.0068610697
999118,0.017444566
999119,0.013993566
999120,0.0074477252
999121,0.0073471968
999122,0.0073809456
999123,0.01083769
999124,0.010342945
999125,0.0081341909
999126,0.018175552
999127,0.036266711
999128,0.039590992
999129,0.039789896
999130,0.0064690085
999131,0.0069048712
999132,0.0071583469
999133,0.0084996838
999134,0.0062097884
999135,0.013977051
999136,0.010503791
999137,0.0071353689
999138,0.0073141661
999139,0.0071533201
999140,0.010631606
999141,0.010538977
999142,0.010594267
999143,0.020461857
999144,0.0076243682
999145,0.0174101
999146,0.0076293945
999147,0.007291188
999148,0.0065946691
999149,0.038706344
999150,0.031954419
999151,0.0068531712
999152,0.0073414524
999153,0.014234834
999154,0.021778546
999155,0.013738655
999156,0.0069393381
999157,0.0070233513
999158,0.033994429
999159,0.039374139
999160,0.0073148841
999161,0.0060008331
999162,0.0069745234
999163,0.011923397
999164,0.0066903667
999165,0.0077076633
999166,0.028265741
999167,0.0066822725
999168,0.024093807
999169,0.017247817
999170,0.0072811353
999171,0.039886117
999172,0.017682243
999173,0.02576636
999174,0.0070872586
999175,0.0071116728
999176,0.020500632
999177,0.0096966913
999178,0.01415872
999179,0.0079273898
999180,0.013765223
999181,0.010639505
999182,0.0074118222
999183,0.010850615
999184,0.0081183938
999185,0.0073988969
999186,0.010710592
999187,0.017267922
999188,0.017233456
999189,0.010716338
999190,0.015664494
999191,0.017233456
999192,0.0072883158
999193,0.0071310606
999194,0.0055228462
999195,0.0070168888
999196,0.0069838581
999197,0.0095940083
999198,0.0077026365
999199,0.014182416
999200,0.017543659
999201,0.0074707032
999202,0.0072366153
999203,0.030618824
999204,0.0094619999
999205,0.012841769
999206,0.014981617
999207,0.016121954
999208,0.0078469673
999209,0.0059729018
999210,0.013915298
999211,0.019102164
999212,0.009815379
999213,0.010619399
999214,0.0073213466
999215,0.020724667
999216,0.010750086
999217,0.016283147
999218,0.0073364256
999219,0.026497157
999220,0.0081492709
999221,0.007291188
999222,0.024023438
999223,0.010551183
999224,0.030677706
999225,0.0070628445
999226,0.0068754307
999227,0.0065869419
999228,0.015689626
999229,0.010485122
999230,0.010654585
999231,0.009707462
999232,0.016493136
999233,0.0099063646
999234,0.0073816637
999235,0.014146513
999236,0.016487153
999237,0.027688419
999238,0.015489287
999239,0.007210047
999240,0.0074254652
999241,0.010479378
999242,0.010399672
999243,0.010573443
999244,0.027299948
999245,0.0066291243
999246,0.0041209273
999247,0.0061665121
999248,0.017210478
999249,0.017178165
999250,0.020018095
999251,0.0068969727
999252,0.0072258445
999253,0.0064212279
999254,0.012505027
999255,0.0062794406
999256,0.0074958354
999257,0.0069960649
999258,0.0064185048
999259,0.0067950082
999260,0.010495175
999261,0.011447046
999262,0.024824275
999263,0.0073874081
999264,0.017833754
999265,0.030819163
999266,0.020648552
999267,0.012761374
999268,0.0096284756
999269,0.0074139764
999270,0.0031845339
999271,0.039372701
999272,0.0074462891
999273,0.0069206688
999274,0.0068933824
999275,0.017454095
999276,0.0066054398
999277,0.009632417
999278,0.013524693
999279,0.0072516948
999280,0.016088149
999281,0.02690286
999282,0.020695226
999283,0.013997156
999284,0.018590871
999285,0.0072725182
999286,0.0018719144
999287,0.039533548
999288,0.0087036137
999289,0.007422593
999290,0.0073184744
999291,0.013913143
999292,0.0069048712
999293,0.013582118
999294,0.0086634019
999295,0.0072057387
999296,0.0070750518
999297,0.013100947
999298,0.010286219
999299,0.017786363
999300,0.007115263
999301,0.022030992
999302,0.033046223
999303,0.040579043
999304,0.0073385797
999305,0.010255342
999306,0.007210765
999307,0.017049633
999308,0.0094145201
999309,0.025367647
999310,0.013986385
999311,0.0096870651
999312,0.0079403147
999313,0.010817584
999314,0.0066242609
999315,0.0070843864
999316,0.012151022
999317,0.02354449
999318,0.037189797
999319,0.0087732654
999320,0.0090346392
999321,0.0073120119
999322,0.0072883158
999323,0.0076983282
999324,0.007159783
999325,0.016978545
999326,0.0071030562
999327,0.0069565717
999328,0.007467831
999329,0.020115752
999330,0.018434772
999331,0.013476563
999332,0.0072560031
999333,0.010890108
999334,0.025271446
999335,0.012650792
999336,0.013683364
999337,0.01738712
999338,0.0097561646
999339,0.010725672
999340,0.007115263
999341,0.0072201001
999342,0.0035958835
999343,0.0067691579
999344,0.014015826
999345,0.0072732363
999346,0.021725643
999347,0.013335687
999348,0.014041676
999349,0.013645307
999350,0.010294836
999351,0.0096414005
999352,0.0068711224
999353,0.013903091
999354,0.013987822
999355,0.010581342
999356,0.037660845
999357,0.0075389189
999358,0.0071770162
999359,0.026115675
999360,0.0077335131
999361,0.01361802
999362,0.0081717791
999363,0.0072165094
999364,0.017084099
999365,0.036696024
999366,0.0072933421
999367,0.010402544
999368,0.014045266
999369,0.010948271
999370,0.0071317786
999371,0.011661305
999372,0.0078871781
999373,0.010662483
999374,0.007444853
999375,0.01350644
999376,0.015778881
999377,0.010595703
999378,0.015571145
999379,0.0073565315
999380,0.0072825714
999381,0.0071698357
999382,0.0072143553
999383,0.0072452319
999384,0.0069070254
999385,0.0081988163
999386,0.020880487
999387,0.0081571694
999388,0.0066755353
999389,0.0074247471
999390,0.010830509
999391,0.017183192
999392,0.029146001
999393,0.007371611
999394,0.0066786376
999395,0.0073845359
999396,0.018281825
999397,0.0072861616
999398,0.014096967
999399,0.0071827606
999400,0.032373048
999401,0.017865349
999402,0.010309197
999403,0.0073005226
999404,0.010470043
999405,0.010743624
999406,0.0080587948
999407,0.010471479
999408,0.017235611
999409,0.0066241096
999410,0.0065156827
999411,0.013074448
999412,0.020751234
999413,0.0077342312
999414,0.018110208
999415,0.021276137
999416,0.010213695
999417,0.020309681
999418,0.036712289
999419,0.0071806065
999420,0.010312069
999421,0.0072495406
999422,0.0073220646
999423,0.013811897
999424,0.0086713005
999425,0.01071131
999426,0.02642037
999427,0.0080537684
999428,0.0069278493
999429,0.0076071345
999430,0.014123535
999431,0.0099028619
999432,0.010181382
999433,0.0074750115
999434,0.0092856502
999435,0.017935719
999436,0.0073421705
999437,0.010523897
999438,0.010373104
999439,0.039161593
999440,0.0060482249
999441,0.0064824629
999442,0.0073759193
999443,0.0074699852
999444,0.014005055
999445,0.010500919
999446,0.0074728574
999447,0.010466452
999448,0.010916676
999449,0.014188878
999450,0.013196288
999451,0.0072495406
999452,0.014387784
999453,0.023323329
999454,0.010398954
999455,0.0070362766
999456,0.013333637
999457,0.031543259
999458,0.0073364256
999459,0.017348345
999460,0.011137838
999461,0.010516716
999462,0.0072983685
999463,0.027283434
999464,0.010745778
999465,0.011540671
999466,0.015656594
999467,0.0073773554
999468,0.0072682099
999469,0.010258933
999470,0.0078290151
999471,0.010546875
999472,0.0077686985
999473,0.0071030562
999474,0.0095329732
999475,0.016762407
999476,0.014042394
999477,0.0027526831
999478,0.0062291762
999479,0.017497702
999480,0.011093319
999481,0.020379998
999482,0.0066758026
999483,0.015923712
999484,0.023348719
999485,0.013970588
999486,0.026089694
999487,0.010994945
999488,0.011512667
999489,0.013798972
999490,0.010477941
999491,0.02378935
999492,0.0072064567
999493,0.027778896
999494,0.023759192
999495,0.0069551356
999496,0.0068145334
999497,0.015019675
999498,0.021041332
999499,0.0071928138
999500,0.011560776
999501,0.011684283
999502,0.017372759
999503,0.0098704621
999504,0.007092285
999505,0.0064962949
999506,0.01071921
999507,0.026925121
999508,0.030259794
999509,0.022612453
999510,0.006585849
999511,0.0019426341
999512,0.0068628723
999513,0.007042021
999514,0.024098834
999515,0.035878159
999516,0.007658117
999517,0.010164867
999518,0.0073184744
999519,0.017283002
999520,0.018201131
999521,0.010320686
999522,0.0071461396
999523,0.0077270507
999524,0.0062354803
999525,0.0064466535
999526,0.0062440643
999527,0.038833439
999528,0.0064919866
999529,0.010983456
999530,0.0072308709
999531,0.020553768
999532,0.0075784121
999533,0.010622271
999534,0.010747932
999535,0.0080832085
999536,0.017173139
999537,0.017451027
999538,0.014097685
999539,0.023346307
999540,0.0074269013
999541,0.025080394
999542,0.039005056
999543,0.027397605
999544,0.010472915
999545,0.0021852124
999546,0.017486213
999547,0.0057528163
999548,0.0072610294
999549,0.013924632
999550,0.01658969
999551,0.013936121
999552,0.0079855528
999553,0.039438765
999554,0.010443474
999555,0.0072251265
999556,0.01048943
999557,0.010699822
999558,0.0069206688
999559,0.010304889
999560,0.012101476
999561,0.019856172
999562,0.011054544
999563,0.015417794
999564,0.0070621264
999565,0.013824822
999566,0.0080221733
999567,0.021141142
999568,0.026803769
999569,0.0072021484
999570,0.0071346508
999571,0.008032945
999572,0.0073680202
999573,0.011753935
999574,0.003637892
999575,0.016925408
999576,0.0070721796
999577,0.0069321576
999578,0.014320284
999579,0.03741483
999580,0.013664695
999581,0.0072725182
999582,0.0070542279
999583,0.011547133
999584,0.0076868394
999585,0.0070664352
999586,0.0068614483
999587,0.013947611
999588,0.017079791
999589,0.011216826
999590,0.0094893035
999591,0.0064852512
999592,0.0071037742
999593,0.010525333
999594,0.01048225
999595,0.012168974
999596,0.0092764711
999597,0.0078376317
999598,0.0061279298
999599,0.019688351
999600,0.010433421
999601,0.01044491
999602,0.0068919463
999603,0.025511976
999604,0.013108244
999605,0.0076387292
999606,0.017258588
999607,0.017321777
999608,0.010541849
999609,0.0139591
999610,0.010548311
999611,0.013933249
999612,0.014512061
999613,0.017483341
999614,0.021989677
999615,0.010584932
999616,0.010910214
999617,0.0065476727
999618,0.020614803
999619,0.0076631433
999620,0.0087617766
999621,0.0076286765
999622,0.0072538489
999623,0.0069429288
999624,0.0072035845
999625,0.037201144
999626,0.022968786
999627,0.010358025
999628,0.0070685893
999629,0.0072416416
999630,0.01399572
999631,0.010793888
999632,0.0061962963
999633,0.03062026
999634,0.011284323
999635,0.027686264
999636,0.0069694966
999637,0.0068969727
999638,0.0071999943
999639,0.0073414524
999640,0.017051786
999641,0.0071712718
999642,0.020676557
999643,0.01059714
999644,0.032020628
999645,0.024482938
999646,0.0071841967
999647,0.006828757
999648,0.01415513
999649,0.0072035845
999650,0.019679463
999651,0.010794606
999652,0.0076322667
999653,0.012546674
999654,0.01392176
999655,0.007092285
999656,0.010880055
999657,0.0061559342
999658,0.010654585
999659,0.0072315889
999660,0.0060891546
999661,0.0076559628
999662,0.010370232
999663,0.011144302
999664,0.0059082033
999665,0.0072402055
999666,0.0077636717
999667,0.0080494601
999668,0.029003188
999669,0.0064223344
999670,0.0074175666
999671,0.039471075
999672,0.012050494
999673,0.020451086
999674,0.0068818936
999675,0.0072962143
999676,0.012371467
999677,0.019096496
999678,0.007100184
999679,0.0071181352
999680,0.0072229723
999681,0.030813418
999682,0.0073249368
999683,0.02046473
999684,0.010460707
999685,0.011816201
999686,0.017027372
999687,0.010220157
999688,0.0070219152
999689,0.016199449
999690,0.039590992
999691,0.0095790504
999692,0.017462518
999693,0.0063597844
999694,0.01082261
999695,0.014046703
999696,0.010368078
999697,0.0074218749
999698,0.0073033948
999699,0.01811308
999700,0.018306239
999701,0.01396269
999702,0.016327981
999703,0.010808967
999704,0.0068151136
999705,0.0071920957
999706,0.029582608
999707,0.016646082
999708,0.022174647
999709,0.0093678189
999710,0.010914522
999711,0.0071920957
999712,0.017928539
999713,0.035110522
999714,0.010517434
999715,0.02077565
999716,0.0072344611
999717,0.017474724
999718,0.013663976
999719,0.0074362364
999720,0.012641458
999721,0.039657053
999722,0.014305204
999723,0.0069163605
999724,0.0070664352
999725,0.010765165
999726,0.010329302
999727,0.0024333922
999728,0.01071921
999729,0.013845646
999730,0.0094597312
999731,0.0079273898
999732,0.023897059
999733,0.023790067
999734,0.013854262
999735,0.014263557
999736,0.0074290554
999737,0.039636947
999738,0.017204734
999739,0.013678337
999740,0.013331134
999741,0.039705884
999742,0.013888088
999743,0.010868566
999744,0.0066166651
999745,0.010673254
999746,0.0069055893
999747,0.0072150733
999748,0.0082691861
999749,0.010426241
999750,0.01353688
999751,0.01539689
999752,0.0070233513
999753,0.010758703
999754,0.014026597
999755,0.0079963235
999756,0.014096967
999757,0.0095044831
999758,0.01372932
999759,0.010605756
999760,0.0029225582
999761,0.0071798884
999762,0.016166417
999763,0.023130888
999764,0.011316636
999765,0.0066801184
999766,0.010632324
999767,0.01288776
999768,0.0082411822
999769,0.0073802276
999770,0.027297076
999771,0.010410444
999772,0.0021332896
999773,0.0074190027
999774,0.0062184674
999775,0.018681066
999776,0.0074750115
999777,0.0078311693
999778,0.016808365
999779,0.006996783
999780,0.010890826
999781,0.030816291
999782,0.0072567211
999783,0.010586368
999784,0.0063799955
999785,0.0076495004
999786,0.021047793
999787,0.0073077031
999788,0.026091453
999789,0.010618681
999790,0.010928883
999791,0.0070542279
999792,0.022891775
999793,0.0061251111
999794,0.0073335534
999795,0.010895853
999796,0.0092146341
999797,0.010888672
999798,0.013565459
999799,0.023924345
999800,0.0072631836
999801,0.0068143955
999802,0.013534008
999803,0.0071949679
999804,0.01103013
999805,0.010962632
999806,0.016622482
999807,0.0074563418
999808,0.017983111
999809,0.0064747529
999810,0.013932531
999811,0.012204159
999812,0.010891544
999813,0.0086713005
999814,0.0073486329
999815,0.0078282971
999816,0.020711023
999817,0.019351289
999818,0.017566636
999819,0.014007928
999820,0.019106897
999821,0.0081384219
999822,0.010409008
999823,0.010733571
999824,0.039471075
999825,0.028326418
999826,0.013804716
999827,0.0070527918
999828,0.0079273898
999829,0.0060215369
999830,0.0060426476
999831,0.02463307
999832,0.0072301528
999833,0.0085722078
999834,0.011664895
999835,0.0075870291
999836,0.020580336
999837,0.0072847256
999838,0.0023991552
999839,0.039257813
999840,0.0065253242
999841,0.00630537
999842,0.0064524929
999843,0.0071131089
999844,0.010519588
999845,0.0084985737
999846,0.0072617475
999847,0.0061415727
999848,0.030422794
999849,0.010622271
999850,0.007100902
999851,0.009475952
999852,0.011090447
999853,0.014487592
999854,0.0074039237
999855,0.0084329043
999856,0.0083251949
999857,0.0074405447
999858,0.010469325
999859,0.017693015
999860,0.010770191
999861,0.027829159
999862,0.0065155737
999863,0.010332175
999864,0.0072617475
999865,0.0067540784
999866,0.0064772717
999867,0.0071066464
999868,0.010691923
999869,0.031496625
999870,0.021248851
999871,0.0020705357
999872,0.0070693074
999873,0.0071576289
999874,0.027225828
999875,0.01058924
999876,0.0070434571
999877,0.011902574
999878,0.0071461396
999879,0.030030016
999880,0.028759766
999881,0.013538316
999882,0.0070772059
999883,0.018448185
999884,0.039212573
999885,0.013924632
999886,0.031586051
999887,0.010685461
999888,0.010440602
999889,0.03214255
999890,0.01071131
999891,0.0063234698
999892,0.007798139
999893,0.022776455
999894,0.011470301
999895,0.010158404
999896,0.014583094
999897,0.0072114831
999898,0.026334874
999899,0.011015768
999900,0.025022978
999901,0.010354435
999902,0.015418199
999903,0.034888197
999904,0.027253274
999905,0.0077923941
999906,0.0069888844
999907,0.0070441752
999908,0.0076861214
999909,0.0097024357
999910,0.016989315
999911,0.0072150733
999912,0.0087759681
999913,0.0083711511
999914,0.010505945
999915,0.010736443
999916,0.023661535
999917,0.020479808
999918,0.0071648094
999919,0.013597197
999920,0.007422593
999921,0.03559266
999922,0.019679965
999923,0.010354435
999924,0.033916734
999925,0.039774816
999926,0.014028033
999927,0.020329734
999928,0.018226534
999929,0.0072840075
999930,0.0073759193
999931,0.0021431986
999932,0.010664637
999933,0.013879557
999934,0.013666131
999935,0.0072387694
999936,0.010843434
999937,0.006856523
999938,0.007841222
999939,0.0072165094
999940,0.024494486
999941,0.0061428486
999942,0.011203901
999943,0.0058435774
999944,0.011103372
999945,0.0074132583
999946,0.0073098578
999947,0.010324276
999948,0.0072646197
999949,0.018440517
999950,0.010376695
999951,0.023920037
999952,0.0070125805
999953,0.016962029
999954,0.0088465074
999955,0.01157509
999956,0.023713235
999957,0.0096815079
999958,0.024399702
999959,0.020186121
999960,0.0062521542
999961,0.0073888442
999962,0.0072495406
999963,0.024943274
999964,0.0086210361
999965,0.010500919
999966,0.010536104
999967,0.0086124195
999968,0.013641717
999969,0.0072308709
999970,0.011592371
999971,0.022153607
999972,0.017395739
999973,0.039855238
999974,0.03347886
999975,0.0074261832
999976,0.007313448
999977,0.0072998046
999978,0.015871529
999979,0.017369887
999980,0.007136805
999981,0.022531578
999982,0.010653866
999983,0.013038729
999984,0.015330595
999985,0.021013327
999986,0.0097886026
999987,0.024244601
999988,0.019149959
999989,0.013286277
999990,0.007174144
999991,0.017536478
999992,0.010943962
999993,0.0070154527
999994,0.010775937
999995,0.027641745
999996,0.039303768
999997,0.0080307908
999998,0.010542567
999999,0.0072165094
