LECROYHDO6104B,11090,Waveform
Segments,1,SegmentSize,9377
Segment,TrigTime,TimeSinceSegment1
#1,04-May-2026 18:45:31,0                 
Time,Ampl
990623,0.030272719
990624,0.0071490118
990625,0.021110984
990626,0.039267149
990627,0.0094460882
990628,0.010425523
990629,0.0061626802
990630,0.0074190027
990631,0.015207807
990632,0.0070958757
990633,0.0096567292
990634,0.0073048309
990635,0.020425236
990636,0.0077134077
990637,0.011580883
990638,0.007033404
990639,0.0075970818
990640,0.0073249368
990641,0.016869534
990642,0.027171416
990643,0.0072703641
990644,0.0072840075
990645,0.012857358
990646,0.025857229
990647,0.0074333642
990648,0.0074886545
990649,0.024521053
990650,0.013730038
990651,0.0072337431
990652,0.0077155619
990653,0.017547349
990654,0.017291619
990655,0.013832721
990656,0.018152574
990657,0.017226275
990658,0.0073953066
990659,0.013845646
990660,0.010327866
990661,0.0072380514
990662,0.019755285
990663,0.010601448
990664,0.020381434
990665,0.0071841967
990666,0.010581342
990667,0.020409439
990668,0.010260369
990669,0.0071949679
990670,0.01391458
990671,0.0023248421
990672,0.0068215765
990673,0.0043017659
990674,0.010665355
990675,0.010615809
990676,0.006960162
990677,0.017304543
990678,0.011243394
990679,0.0098632816
990680,0.0061566504
990681,0.020226333
990682,0.0095430259
990683,0.0070973118
990684,0.017217658
990685,0.0068502985
990686,0.0075159408
990687,0.0069637522
990688,0.010493021
990689,0.0071712718
990690,0.013267743
990691,0.03136402
990692,0.010743624
990693,0.0071942499
990694,0.0075310203
990695,0.011086857
990696,0.016626695
990697,0.018032657
990698,0.0097677791
990699,0.0070427391
990700,0.0073795095
990701,0.0068474263
990702,0.014142923
990703,0.013147563
990704,0.0071066464
990705,0.010640941
990706,0.010735007
990707,0.0064285179
990708,0.022894606
990709,0.0097519821
990710,0.010281192
990711,0.010249598
990712,0.0072567211
990713,0.014309512
990714,0.0068517351
990715,0.0070815142
990716,0.0062749675
990717,0.0074462891
990718,0.039453126
990719,0.0098704621
990720,0.016295319
990721,0.007349351
990722,0.014028033
990723,0.017589614
990724,0.030358266
990725,0.009429751
990726,0.01892449
990727,0.0063878666
990728,0.0027698637
990729,0.013579963
990730,0.0071131089
990731,0.0070448932
990732,0.016309587
990733,0.0158515
990734,0.01079711
990735,0.010447782
990736,0.039430149
990737,0.019419834
990738,0.016704964
990739,0.013397057
990740,0.01428079
990741,0.014435174
990742,0.024360927
990743,0.0078512756
990744,0.01567311
990745,0.011517959
990746,0.0076746321
990747,0.0073874081
990748,0.033559281
990749,0.014164465
990750,0.01043773
990751,0.0075834384
990752,0.020909926
990753,0.016964901
990754,0.0097766789
990755,0.013752297
990756,0.019456957
990757,0.00736443
990758,0.013924632
990759,0.0030316128
990760,0.014423684
990761,0.0095257927
990762,0.01051887
990763,0.037415989
990764,0.027529728
990765,0.0054974724
990766,0.005682359
990767,0.0092754178
990768,0.0040893122
990769,0.0063967453
990770,0.011229751
990771,0.013453584
990772,0.010007611
990773,0.0056870403
990774,0.010641659
990775,0.024152689
990776,0.016842831
990777,0.0046515907
990778,0.012985023
990779,0.0065142633
990780,0.010386029
990781,0.010387465
990782,0.013876522
990783,0.011261346
990784,0.0022684061
990785,0.010512408
990786,0.007349351
990787,0.010471479
990788,0.0065006032
990789,0.031907745
990790,0.013565602
990791,0.013791791
990792,0.0071131089
990793,0.017137911
990794,0.015758201
990795,0.0017778302
990796,0.010684743
990797,0.015555487
990798,0.0097720874
990799,0.0095085595
990800,0.010516716
990801,0.0072954963
990802,0.0073227827
990803,0.006512092
990804,0.010719928
990805,0.021026971
990806,0.014771944
990807,0.019120026
990808,0.0073206285
990809,0.010294118
990810,0.016534379
990811,0.024724266
990812,0.014756147
990813,0.039838005
990814,0.0070513557
990815,0.015350125
990816,0.01476899
990817,0.0075475355
990818,0.010638786
990819,0.0069443649
990820,0.010577751
990821,0.0059555951
990822,0.0097738728
990823,0.014422966
990824,0.0097103342
990825,0.0073191924
990826,0.03756319
990827,0.015556066
990828,0.025039399
990829,0.013809742
990830,0.007599236
990831,0.0095840981
990832,0.014057473
990833,0.012962045
990834,0.01404383
990835,0.010598576
990836,0.010284064
990837,0.0066453936
990838,0.036848001
990839,0.010664637
990840,0.010880055
990841,0.019827945
990842,0.016381113
990843,0.0096781496
990844,0.023394417
990845,0.032596387
990846,0.0065442547
990847,0.0072782626
990848,0.006471158
990849,0.010764447
990850,0.015864832
990851,0.0073299631
990852,0.024594296
990853,0.0068933824
990854,0.0072825714
990855,0.0095684528
990856,0.009379915
990857,0.011339614
990858,0.013894474
990859,0.0091672614
990860,0.030399816
990861,0.00731273
990862,0.030376839
990863,0.013363341
990864,0.01024529
990865,0.0071691177
990866,0.0076573989
990867,0.0062399469
990868,0.0070858225
990869,0.0071971221
990870,0.0072157914
990871,0.0089448821
990872,0.017618336
990873,0.025087066
990874,0.010862104
990875,0.017658548
990876,0.023055406
990877,0.0095595969
990878,0.010581342
990879,0.0039848848
990880,0.010880773
990881,0.039717373
990882,0.007372329
990883,0.027470129
990884,0.014032342
990885,0.035016853
990886,0.0024641037
990887,0.01385139
990888,0.0076573989
990889,0.014073989
990890,0.0072315889
990891,0.013269761
990892,0.012895965
990893,0.0072373333
990894,0.0070599723
990895,0.038595043
990896,0.013018062
990897,0.0064218142
990898,0.039464615
990899,0.014326747
990900,0.0077715707
990901,0.011167279
990902,0.012594545
990903,0.0072631836
990904,0.0083869481
990905,0.0108262
990906,0.039649874
990907,0.010554774
990908,0.019616824
990909,0.010509536
990910,0.020816579
990911,0.027144128
990912,0.010727108
990913,0.039705884
990914,0.0081234202
990915,0.0075252759
990916,0.0070937211
990917,0.0068962546
990918,0.0073845359
990919,0.0068854839
990920,0.0080896718
990921,0.014524213
990922,0.016256893
990923,0.0070348405
990924,0.0065945177
990925,0.0075712316
990926,0.019175109
990927,0.010670382
990928,0.007526712
990929,0.0022635919
990930,0.026875574
990931,0.027094582
990932,0.0066148294
990933,0.0085994946
990934,0.012895441
990935,0.010582778
990936,0.0072617475
990937,0.020180248
990938,0.014200368
990939,0.0075906194
990940,0.017056813
990941,0.019325001
990942,0.014096967
990943,0.020484835
990944,0.03968434
990945,0.023946606
990946,0.013471536
990947,0.007658117
990948,0.01372932
990949,0.017031681
990950,0.020797908
990951,0.0075618969
990952,0.013997156
990953,0.010659611
990954,0.01183005
990955,0.011700081
990956,0.019338809
990957,0.014039522
990958,0.013833439
990959,0.014707319
990960,0.031671502
990961,0.010572007
990962,0.0071942499
990963,0.0070132986
990964,0.010910932
990965,0.0071482938
990966,0.016908893
990967,0.031159524
990968,0.012411678
990969,0.0074721393
990970,0.007732077
990971,0.03049819
990972,0.0090917852
990973,0.011810662
990974,0.0070054
990975,0.0078239888
990976,0.019267004
990977,0.014188878
990978,0.029872041
990979,0.0069738054
990980,0.031344067
990981,0.020705279
990982,0.02001664
990983,0.0072272806
990984,0.010443474
990985,0.0072538489
990986,0.0080437157
990987,0.0029280651
990988,0.010584932
990989,0.010697667
990990,0.0068215765
990991,0.0071461396
990992,0.031060431
990993,0.0065536802
990994,0.0074017695
990995,0.010666791
990996,0.007137523
990997,0.0069365553
990998,0.010491584
990999,0.0070312498
991000,0.023049029
991001,0.0063000992
991002,0.019915413
991003,0.0074721393
991004,0.030706428
991005,0.010523897
991006,0.01759105
991007,0.033499684
991008,0.010594985
991009,0.0093764365
991010,0.0064934227
991011,0.010678998
991012,0.014338235
991013,0.007210765
991014,0.010592831
991015,0.0063741053
991016,0.011265654
991017,0.0067188265
991018,0.014248477
991019,0.0072064567
991020,0.013943302
991021,0.011921961
991022,0.02030101
991023,0.0080013499
991024,0.010661765
991025,0.0071253157
991026,0.022625187
991027,0.010394646
991028,0.0072897519
991029,0.007350069
991030,0.0018454376
991031,0.013754452
991032,0.010569853
991033,0.0084673716
991034,0.011702497
991035,0.010850033
991036,0.018360093
991037,0.020886948
991038,0.0068021887
991039,0.0075985179
991040,0.017873965
991041,0.01449549
991042,0.010154167
991043,0.010294118
991044,0.0073263729
991045,0.010827636
991046,0.0071655274
991047,0.013755888
991048,0.0073895622
991049,0.010496611
991050,0.0096351197
991051,0.030985754
991052,0.010206514
991053,0.015454101
991054,0.016900275
991055,0.014158002
991056,0.039609663
991057,0.0078728171
991058,0.0070872586
991059,0.016501753
991060,0.0072445138
991061,0.0062495377
991062,0.014023007
991063,0.011194565
991064,0.0073026768
991065,0.012160357
991066,0.007254567
991067,0.0098762065
991068,0.0073263729
991069,0.0072969324
991070,0.017273668
991071,0.0097405184
991072,0.014338235
991073,0.014145795
991074,0.013732192
991075,0.0069594439
991076,0.013633817
991077,0.01070772
991078,0.02240108
991079,0.013821231
991080,0.0068546073
991081,0.0059945942
991082,0.016361153
991083,0.030457979
991084,0.013055061
991085,0.02511489
991086,0.0070578181
991087,0.0063311406
991088,0.0071231616
991089,0.0074304915
991090,0.0071490118
991091,0.0076624253
991092,0.0075123506
991093,0.0069924747
991094,0.0075697955
991095,0.017293774
991096,0.0075008618
991097,0.0071411133
991098,0.0071806065
991099,0.0073069851
991100,0.01309856
991101,0.033458754
991102,0.0074218749
991103,0.010357307
991104,0.0072954963
991105,0.015940947
991106,0.0065039485
991107,0.0076351389
991108,0.0076631433
991109,0.023359232
991110,0.013972024
991111,0.010546875
991112,0.0077083814
991113,0.015344956
991114,0.013769049
991115,0.013798972
991116,0.011273553
991117,0.00828283
991118,0.010420497
991119,0.017145135
991120,0.010476505
991121,0.0067059686
991122,0.019064091
991123,0.015347573
991124,0.013699161
991125,0.0072351792
991126,0.01060432
991127,0.0009307884
991128,0.006049661
991129,0.0072265626
991130,0.013064449
991131,0.0068538892
991132,0.0073881261
991133,0.0065350723
991134,0.010342227
991135,0.0073041129
991136,0.0093455594
991137,0.014131434
991138,0.013775276
991139,0.031680837
991140,0.010543285
991141,0.02364861
991142,0.011468299
991143,0.01188534
991144,0.0069996552
991145,0.019210266
991146,0.010414752
991147,0.0067361272
991148,0.0073335534
991149,0.0075022979
991150,0.0069307215
991151,0.0071999943
991152,0.009592968
991153,0.014445227
991154,0.010976993
991155,0.023909984
991156,0.0068617878
991157,0.0073482925
991158,0.007100902
991159,0.020020967
991160,0.0073177563
991161,0.0070161708
991162,0.022325359
991163,0.0085047102
991164,0.0026926422
991165,0.0070728976
991166,0.0090805953
991167,0.017210478
991168,0.010560518
991169,0.0072122011
991170,0.026173202
991171,0.0069113337
991172,0.007328527
991173,0.026922248
991174,0.033153459
991175,0.03095416
991176,0.013264016
991177,0.017178884
991178,0.011041619
991179,0.01013758
991180,0.03708123
991181,0.0069536995
991182,0.010171995
991183,0.038706344
991184,0.0069536995
991185,0.010381003
991186,0.014103429
991187,0.017440258
991188,0.0077593634
991189,0.007247386
991190,0.0096047791
991191,0.0080386894
991192,0.013669003
991193,0.010607192
991194,0.0076408833
991195,0.010462143
991196,0.0075224033
991197,0.0077895219
991198,0.031225212
991199,0.026711857
991200,0.035032026
991201,0.03360524
991202,0.0076021082
991203,0.01789978
991204,0.0078455312
991205,0.0072495406
991206,0.0065649967
991207,0.0061494717
991208,0.027148437
991209,0.01058206
991210,0.020094281
991211,0.010785989
991212,0.0070499196
991213,0.005727252
991214,0.0093824659
991215,0.010112623
991216,0.039809283
991217,0.020912798
991218,0.012737824
991219,0.0079288259
991220,0.0071044923
991221,0.0096385162
991222,0.0071619372
991223,0.01647936
991224,0.0066009667
991225,0.033829495
991226,0.039866727
991227,0.028837316
991228,0.017332548
991229,0.0075669233
991230,0.0094054379
991231,0.020226499
991232,0.014039522
991233,0.0072954963
991234,0.0071231616
991235,0.010105268
991236,0.0065336027
991237,0.014124253
991238,0.0105081
991239,0.020303166
991240,0.007621496
991241,0.0079245176
991242,0.0074204388
991243,0.0062794406
991244,0.03043141
991245,0.0073622759
991246,0.0072251265
991247,0.007173426
991248,0.0078534298
991249,0.016900275
991250,0.0073673022
991251,0.0087072039
991252,0.0139591
991253,0.0072265626
991254,0.022983685
991255,0.007291188
991256,0.0067237047
991257,0.0071253157
991258,0.036967918
991259,0.013311407
991260,0.0070807962
991261,0.0084667262
991262,0.011468147
991263,0.0075166589
991264,0.007218664
991265,0.010562672
991266,0.010420497
991267,0.010126092
991268,0.019731987
991269,0.013686236
991270,0.02294491
991271,0.013277394
991272,0.013759478
991273,0.010002874
991274,0.01391817
991275,0.0073357075
991276,0.017061122
991277,0.0065005478
991278,0.016957721
991279,0.022598805
991280,0.014058909
991281,0.0074563418
991282,0.0072739543
991283,0.0073270909
991284,0.0072825714
991285,0.010539695
991286,0.0069206688
991287,0.0137365
991288,0.0061480352
991289,0.015197754
991290,0.012339154
991291,0.01008947
991292,0.026989028
991293,0.026165688
991294,0.0091215242
991295,0.0082842661
991296,0.012943761
991297,0.0070477654
991298,0.013006951
991299,0.010591395
991300,0.019164171
991301,0.0064065559
991302,0.013770968
991303,0.0072581572
991304,0.017178884
991305,0.012757066
991306,0.019302411
991307,0.0075022979
991308,0.0070298137
991309,0.0082849842
991310,0.032279547
991311,0.0078505576
991312,0.0070010913
991313,0.01727654
991314,0.010930319
991315,0.019842889
991316,0.018651959
991317,0.01044491
991318,0.010600012
991319,0.010576315
991320,0.029305981
991321,0.0089269299
991322,0.010806813
991323,0.023324545
991324,0.010492302
991325,0.0089678597
991326,0.016855039
991327,0.0069163605
991328,0.0060195024
991329,0.010504509
991330,0.0071231616
991331,0.017239919
991332,0.018352194
991333,0.01389591
991334,0.0071559041
991335,0.020362046
991336,0.0099516027
991337,0.020132266
991338,0.0072150733
991339,0.0071612191
991340,0.010646685
991341,0.0021128382
991342,0.013214482
991343,0.0073802276
991344,0.010661765
991345,0.013159832
991346,0.0073795095
991347,0.0084228516
991348,0.0084795784
991349,0.017025217
991350,0.039447382
991351,0.0072215362
991352,0.0068021887
991353,0.030274874
991354,0.020563103
991355,0.0072954963
991356,0.033957805
991357,0.010622271
991358,0.0080781821
991359,0.013786765
991360,0.017463954
991361,0.0070578181
991362,0.013667567
991363,0.0075597428
991364,0.013125794
991365,0.010279756
991366,0.01741728
991367,0.01008229
991368,0.017496984
991369,0.0072043026
991370,0.017440258
991371,0.0080889538
991372,0.0063167796
991373,0.010302017
991374,0.025783405
991375,0.033680636
991376,0.0076150335
991377,0.009679094
991378,0.010397518
991379,0.013926786
991380,0.024154512
991381,0.019503616
991382,0.0084415209
991383,0.020569567
991384,0.0091911769
991385,0.012654488
991386,0.0061208834
991387,0.01051528
991388,0.015386604
991389,0.0082993452
991390,0.0071102367
991391,0.0075733857
991392,0.010435576
991393,0.0086971503
991394,0.02330035
991395,0.007481474
991396,0.0072631836
991397,0.0080810543
991398,0.024616556
991399,0.0171875
991400,0.0065372242
991401,0.011224724
991402,0.020378562
991403,0.0066564223
991404,0.0012734844
991405,0.039533548
991406,0.0068660961
991407,0.010856359
991408,0.010216567
991409,0.0073874081
991410,0.01764706
991411,0.01084128
991412,0.0055750231
991413,0.014047421
991414,0.0073249368
991415,0.011539953
991416,0.010378849
991417,0.0052173394
991418,0.0065435614
991419,0.0056913486
991420,0.01060432
991421,0.0077191521
991422,0.0072244084
991423,0.010213695
991424,0.014135025
991425,0.014006491
991426,0.017280849
991427,0.016130514
991428,0.0071712718
991429,0.010960478
991430,0.0062866211
991431,0.028644219
991432,0.0074441349
991433,0.0072301528
991434,0.010869147
991435,0.011067469
991436,0.0095660044
991437,0.0096533233
991438,0.010595703
991439,0.0074412627
991440,0.010887953
991441,0.019354163
991442,0.021798886
991443,0.0067160213
991444,0.0071949679
991445,0.019910386
991446,0.017865349
991447,0.0071691177
991448,0.02063491
991449,0.027377499
991450,0.010716338
991451,0.0064165397
991452,0.0071820426
991453,0.037461225
991454,0.01060791
991455,0.039200369
991456,0.0072114831
991457,0.0074556237
991458,0.023794375
991459,0.00736443
991460,0.010852051
991461,0.0074419808
991462,0.0061927768
991463,0.010673254
991464,0.024510534
991465,0.03555312
991466,0.039413631
991467,0.0076652975
991468,0.0070829503
991469,0.010601448
991470,0.013920324
991471,0.010026281
991472,0.018027632
991473,0.010279856
991474,0.039590992
991475,0.013953355
991476,0.013803998
991477,0.033919748
991478,0.010368078
991479,0.0070496858
991480,0.030170921
991481,0.0066775167
991482,0.0091841351
991483,0.037344899
991484,0.013885139
991485,0.030307904
991486,0.0072394875
991487,0.0076688877
991488,0.013908835
991489,0.030388327
991490,0.010627298
991491,0.028670482
991492,0.035174541
991493,0.014120663
991494,0.013902373
991495,0.010605756
991496,0.013784611
991497,0.0070872586
991498,0.010922421
991499,0.018462775
991500,0.016277226
991501,0.017297363
991502,0.024655331
991503,0.010661047
991504,0.010213695
991505,0.0083036534
991506,0.0068510165
991507,0.017439539
991508,0.01044491
991509,0.007255285
991510,0.022589471
991511,0.039671414
991512,0.023655791
991513,0.013855699
991514,0.0074247471
991515,0.0075051701
991516,0.039224781
991517,0.0068969727
991518,0.0075417911
991519,0.0068761487
991520,0.0073084212
991521,0.010498047
991522,0.010391774
991523,0.0061264937
991524,0.0026001313
991525,0.0076401653
991526,0.0094633214
991527,0.011355411
991528,0.027409812
991529,0.013646025
991530,0.0075949277
991531,0.0099530388
991532,0.027471565
991533,0.017744714
991534,0.0069572898
991535,0.014295151
991536,0.010073673
991537,0.0072768265
991538,0.02386331
991539,0.017141543
991540,0.0071526021
991541,0.0069673425
991542,0.017428769
991543,0.0073988969
991544,0.017288029
991545,0.0098972647
991546,0.020388614
991547,0.0059569525
991548,0.030820599
991549,0.0053362828
991550,0.010516716
991551,0.014034496
991552,0.01148897
991553,0.0059448243
991554,0.022178022
991555,0.0069400561
991556,0.013572064
991557,0.020261003
991558,0.010622271
991559,0.0072150733
991560,0.013997156
991561,0.0074570598
991562,0.0073816637
991563,0.019278493
991564,0.01041188
991565,0.0071461396
991566,0.010857077
991567,0.016096704
991568,0.012520165
991569,0.010577751
991570,0.016217524
991571,0.0077959844
991572,0.0088127581
991573,0.0073191924
991574,0.0052238903
991575,0.0072782626
991576,0.014298995
991577,0.0072940602
991578,0.013815487
991579,0.028467515
991580,0.006769876
991581,0.010299144
991582,0.0075367647
991583,0.00951574
991584,0.0068546073
991585,0.013832721
991586,0.017695168
991587,0.014372702
991588,0.014096967
991589,0.0071109547
991590,0.016506726
991591,0.0067325369
991592,0.011125632
991593,0.0071942499
991594,0.0073335534
991595,0.009662224
991596,0.010784553
991597,0.0065436866
991598,0.0074111042
991599,0.014028033
991600,0.0063303299
991601,0.014298742
991602,0.020158118
991603,0.011302275
991604,0.017652804
991605,0.0095631322
991606,0.020496324
991607,0.0087560313
991608,0.0094906073
991609,0.0082261031
991610,0.01029699
991611,0.010535386
991612,0.0093203988
991613,0.0094748102
991614,0.017693015
991615,0.0072524128
991616,0.0069544176
991617,0.010329302
991618,0.009895972
991619,0.011149328
991620,0.014015826
991621,0.033340693
991622,0.039660644
991623,0.0074477252
991624,0.013693416
991625,0.012660429
991626,0.034108598
991627,0.0071942499
991628,0.0074836281
991629,0.010770191
991630,0.0075396369
991631,0.0070276596
991632,0.017388556
991633,0.027809054
991634,0.00696088
991635,0.013875804
991636,0.0092098461
991637,0.0082950369
991638,0.023948042
991639,0.022921214
991640,0.014538259
991641,0.0072954963
991642,0.010555492
991643,0.015536679
991644,0.014191751
991645,0.0080114026
991646,0.010028435
991647,0.010714902
991648,0.0076760687
991649,0.0069953469
991650,0.026063448
991651,0.021254595
991652,0.028598033
991653,0.0071565011
991654,0.010581342
991655,0.0072157914
991656,0.015120204
991657,0.012507899
991658,0.010612937
991659,0.010569853
991660,0.024540441
991661,0.032446288
991662,0.0070980298
991663,0.017012293
991664,0.0070664352
991665,0.017363425
991666,0.011917653
991667,0.035087317
991668,0.039745376
991669,0.010351563
991670,0.0078986669
991671,0.017254997
991672,0.020744773
991673,0.019728351
991674,0.014032342
991675,0.0078699449
991676,0.010536104
991677,0.010256778
991678,0.019577706
991679,0.0071231616
991680,0.010405417
991681,0.007115263
991682,0.017430922
991683,0.010445628
991684,0.0074283374
991685,0.017578125
991686,0.0077292048
991687,0.01388873
991688,0.011563648
991689,0.014023725
991690,0.0071310606
991691,0.025937399
991692,0.0088357367
991693,0.011019359
991694,0.010747932
991695,0.039549343
991696,0.013427016
991697,0.010534668
991698,0.0076056984
991699,0.007467831
991700,0.010712029
991701,0.0079252357
991702,0.0084975297
991703,0.011242676
991704,0.039039522
991705,0.017136518
991706,0.02712187
991707,0.011033002
991708,0.017604694
991709,0.030387608
991710,0.014051011
991711,0.015102969
991712,0.017543659
991713,0.0073816637
991714,0.032116704
991715,0.007797421
991716,0.01037454
991717,0.014293715
991718,0.010340791
991719,0.016062446
991720,0.010615091
991721,0.010642377
991722,0.013134669
991723,0.0062813065
991724,0.010894416
991725,0.0072488226
991726,0.0069213868
991727,0.015567555
991728,0.022909008
991729,0.0057459213
991730,0.012909897
991731,0.0071942499
991732,0.0067820828
991733,0.0063726394
991734,0.012528004
991735,0.020243566
991736,0.011079676
991737,0.00665471
991738,0.0076703238
991739,0.026927993
991740,0.0088120401
991741,0.007210765
991742,0.0093021896
991743,0.0084824506
991744,0.007233025
991745,0.0070147347
991746,0.010468607
991747,0.032842178
991748,0.0074462891
991749,0.010797478
991750,0.025991913
991751,0.020759853
991752,0.0081887636
991753,0.022727555
991754,0.0071281884
991755,0.0071533201
991756,0.0073730471
991757,0.010721364
991758,0.0070542279
991759,0.0072768265
991760,0.013738655
991761,0.0078584561
991762,0.011064596
991763,0.0065372242
991764,0.011061724
991765,0.020738309
991766,0.0056410846
991767,0.023191204
991768,0.0092500579
991769,0.0068941005
991770,0.014200368
991771,0.017591769
991772,0.020351993
991773,0.026505055
991774,0.017660702
991775,0.014182416
991776,0.015722964
991777,0.0071992762
991778,0.010443474
991779,0.031867061
991780,0.0071310606
991781,0.010588522
991782,0.013604377
991783,0.020524206
991784,0.033524815
991785,0.010383157
991786,0.010532514
991787,0.013735064
991788,0.0076997643
991789,0.013834875
991790,0.027107509
991791,0.0072423597
991792,0.013637408
991793,0.019704379
991794,0.0073184744
991795,0.0077715707
991796,0.0067318189
991797,0.036929142
991798,0.017061122
991799,0.011356847
991800,0.013844928
991801,0.0069766776
991802,0.0028994814
991803,0.011606014
991804,0.0063174977
991805,0.020975454
991806,0.012183336
991807,0.011313763
991808,0.0061939913
991809,0.0065870667
991810,0.0072495406
991811,0.017584588
991812,0.0063950485
991813,0.017722456
991814,0.0085449219
991815,0.0073773554
991816,0.0070736157
991817,0.035773065
991818,0.0097659286
991819,0.017081944
991820,0.013589298
991821,0.0071999943
991822,0.016067326
991823,0.0071583469
991824,0.01741728
991825,0.0070606903
991826,0.033050898
991827,0.0075202491
991828,0.013798254
991829,0.012092141
991830,0.0079216454
991831,0.0071971221
991832,0.010714902
991833,0.017063275
991834,0.010755112
991835,0.0076193418
991836,0.0071210074
991837,0.014028751
991838,0.0070657171
991839,0.010543285
991840,0.039544318
991841,0.0063452609
991842,0.013258272
991843,0.010260369
991844,0.010826918
991845,0.01546559
991846,0.0024384505
991847,0.036611643
991848,0.007371611
991849,0.010428395
991850,0.016962746
991851,0.0073385797
991852,0.0070104264
991853,0.039912682
991854,0.0073184744
991855,0.0077105355
991856,0.01159668
991857,0.020743337
991858,0.0060597141
991859,0.0071827606
991860,0.039418656
991861,0.0072768265
991862,0.010638786
991863,0.013836311
991864,0.010689051
991865,0.0070657171
991866,0.0017765656
991867,0.0065873242
991868,0.0086224722
991869,0.00736443
991870,0.022753179
991871,0.010515998
991872,0.012938848
991873,0.012097886
991874,0.010237391
991875,0.0070132986
991876,0.0073105758
991877,0.014316694
991878,0.0083129881
991879,0.0062633641
991880,0.0099932505
991881,0.0053487951
991882,0.0071533201
991883,0.0071131089
991884,0.010492302
991885,0.0062392289
991886,0.0096694045
991887,0.02432215
991888,0.007313448
991889,0.0069551356
991890,0.029569738
991891,0.023259038
991892,0.010602166
991893,0.030478084
991894,0.0076344209
991895,0.018566895
991896,0.0069867303
991897,0.0097979745
991898,0.010615091
991899,0.010636632
991900,0.010413316
991901,0.011037311
991902,0.0074922452
991903,0.0072674919
991904,0.0081341909
991905,0.013970588
991906,0.0070542279
991907,0.0073213466
991908,0.0062348195
991909,0.0012186451
991910,0.007313448
991911,0.036718749
991912,0.017309571
991913,0.013821949
991914,0.013631663
991915,0.0075310203
991916,0.01750919
991917,0.01152272
991918,0.0087560313
991919,0.010557646
991920,0.0077794692
991921,0.010638786
991922,0.0071605011
991923,0.025517004
991924,0.011350385
991925,0.01403306
991926,0.0072739543
991927,0.013600653
991928,0.010752958
991929,0.014157284
991930,0.039528523
991931,0.0097864
991932,0.0089642694
991933,0.023614861
991934,0.01051169
991935,0.022684477
991936,0.010247444
991937,0.016934743
991938,0.010581342
991939,0.013347757
991940,0.0070089903
991941,0.0069422103
991942,0.016610678
991943,0.021804631
991944,0.010409008
991945,0.010588522
991946,0.0072043026
991947,0.0071382411
991948,0.010565544
991949,0.0064245849
991950,0.010948989
991951,0.013430607
991952,0.019577924
991953,0.0030032888
991954,0.02060475
991955,0.014720243
991956,0.0086253444
991957,0.027481617
991958,0.026910041
991959,0.013261144
991960,0.0065835821
991961,0.025161564
991962,0.0071238796
991963,0.0073184744
991964,0.0094834268
991965,0.0072423597
991966,0.0076209488
991967,0.01269307
991968,0.0075008618
991969,0.0072488226
991970,0.0073349895
991971,0.019417796
991972,0.017344037
991973,0.027619485
991974,0.024025591
991975,0.007136805
991976,0.010305607
991977,0.023770681
991978,0.0072122011
991979,0.0072667738
991980,0.010443474
991981,0.0088809747
991982,0.0071705538
991983,0.01389591
991984,0.0064162216
991985,0.0057940315
991986,0.021914493
991987,0.0073299631
991988,0.011155791
991989,0.023854693
991990,0.0073220646
991991,0.020438878
991992,0.0061860927
991993,0.0070312498
991994,0.0075288662
991995,0.016291359
991996,0.0073299631
991997,0.01576574
991998,0.013862879
991999,0.032705508
992000,0.0075346106
992001,0.0068014706
992002,0.007372329
992003,0.0073658661
992004,0.01718032
992005,0.0099573471
992006,0.0072265626
992007,0.0019282878
992008,0.010403981
992009,0.0072531309
992010,0.0069874483
992011,0.0074297735
992012,0.010685461
992013,0.006615493
992014,0.020944394
992015,0.022850845
992016,0.014079734
992017,0.019519379
992018,0.0075066062
992019,0.0075482535
992020,0.0078247068
992021,0.023619886
992022,0.015683163
992023,0.016926127
992024,0.027441407
992025,0.0062556188
992026,0.0067012203
992027,0.014855239
992028,0.0070176069
992029,0.0062521682
992030,0.0069221049
992031,0.020672249
992032,0.017872529
992033,0.010664637
992034,0.006685379
992035,0.034039665
992036,0.010969095
992037,0.010855641
992038,0.0018109392
992039,0.0061379825
992040,0.039389934
992041,0.033755314
992042,0.010409008
992043,0.0085521024
992044,0.0083180144
992045,0.013706342
992046,0.02194537
992047,0.0078189624
992048,0.017148007
992049,0.0096848942
992050,0.011091165
992051,0.020709587
992052,0.020358456
992053,0.0078189624
992054,0.013809742
992055,0.011001407
992056,0.0072495406
992057,0.0076408833
992058,0.027326517
992059,0.017368451
992060,0.0087459786
992061,0.013951201
992062,0.035656855
992063,0.013383411
992064,0.020518061
992065,0.013856417
992066,0.008165068
992067,0.011015768
992068,0.014174517
992069,0.010790298
992070,0.007541073
992071,0.010643813
992072,0.01312831
992073,0.0067792106
992074,0.0072725182
992075,0.0070362766
992076,0.023085263
992077,0.019450827
992078,0.010526769
992079,0.012811844
992080,0.0071461396
992081,0.0072043026
992082,0.030032169
992083,0.0072516948
992084,0.0086138556
992085,0.0073515051
992086,0.0071999943
992087,0.0097907567
992088,0.0072962143
992089,0.014073989
992090,0.039559398
992091,0.0030621458
992092,0.0079029752
992093,0.0072409236
992094,0.017205451
992095,0.033367135
992096,0.017280849
992097,0.0070362766
992098,0.0071310606
992099,0.024949018
992100,0.014119945
992101,0.0064335479
992102,0.023967428
992103,0.007100902
992104,0.032225754
992105,0.010664637
992106,0.010373104
992107,0.010474351
992108,0.016993023
992109,0.0063555548
992110,0.012889054
992111,0.0080149928
992112,0.0074240291
992113,0.013809742
992114,0.010477941
992115,0.010493021
992116,0.0072610294
992117,0.0069529815
992118,0.010688333
992119,0.02018684
992120,0.028367704
992121,0.01437342
992122,0.0088802557
992123,0.031018067
992124,0.027370319
992125,0.0084277466
992126,0.033819221
992127,0.013816205
992128,0.013813333
992129,0.013438972
992130,0.0074103861
992131,0.010594267
992132,0.010780963
992133,0.011753217
992134,0.0072308709
992135,0.0063469382
992136,0.013972024
992137,0.0066427793
992138,0.012752757
992139,0.013819795
992140,0.0094508007
992141,0.0094547691
992142,0.01060073
992143,0.0074699852
992144,0.017225558
992145,0.010447064
992146,0.01750919
992147,0.0072904699
992148,0.0039821872
992149,0.0071849148
992150,0.0068739946
992151,0.0072143553
992152,0.0073077031
992153,0.0070807962
992154,0.010546875
992155,0.019449916
992156,0.0074175666
992157,0.038702033
992158,0.010517434
992159,0.0084537286
992160,0.033995863
992161,0.0075604608
992162,0.017489804
992163,0.014277918
992164,0.0071037742
992165,0.033218075
992166,0.0070348405
992167,0.012704358
992168,0.010370232
992169,0.007019761
992170,0.0067002242
992171,0.014288689
992172,0.0075066062
992173,0.0099379597
992174,0.007255285
992175,0.0061557954
992176,0.016928999
992177,0.019528488
992178,0.01634006
992179,0.026650822
992180,0.0090202782
992181,0.0080702836
992182,0.0073069851
992183,0.0074699852
992184,0.033136584
992185,0.014214011
992186,0.016137883
992187,0.010413616
992188,0.0064254124
992189,0.02054587
992190,0.0090303309
992191,0.0093081547
992192,0.01391458
992193,0.01496223
992194,0.010482968
992195,0.010827636
992196,0.017496265
992197,0.010528924
992198,0.0083079617
992199,0.0069170785
992200,0.006519991
992201,0.0059794565
992202,0.0071633733
992203,0.017026654
992204,0.0075367647
992205,0.017370606
992206,0.027016314
992207,0.0075022979
992208,0.0025286046
992209,0.010303453
992210,0.0067196116
992211,0.011923636
992212,0.0105081
992213,0.017880429
992214,0.007827579
992215,0.015992647
992216,0.0088500977
992217,0.0073242188
992218,0.016880887
992219,0.014179544
992220,0.018039837
992221,0.019432157
992222,0.010855641
992223,0.024368107
992224,0.013660386
992225,0.039911967
992226,0.0188017
992227,0.017334703
992228,0.008165068
992229,0.010404699
992230,0.0070915669
992231,0.017130774
992232,0.03883272
992233,0.0069213868
992234,0.010368796
992235,0.011086857
992236,0.013383601
992237,0.0096866386
992238,0.026153388
992239,0.019980038
992240,0.0065644686
992241,0.014063936
992242,0.0072832895
992243,0.010365206
992244,0.010431267
992245,0.010510254
992246,0.013903809
992247,0.0073945886
992248,0.018536067
992249,0.015027573
992250,0.0059685204
992251,0.010298426
992252,0.0071238796
992253,0.0068273209
992254,0.014292279
992255,0.0068380916
992256,0.0072789812
992257,0.032988425
992258,0.011320226
992259,0.0076495004
992260,0.0072617475
992261,0.010365206
992262,0.010798914
992263,0.010612219
992264,0.0078598922
992265,0.00646111
992266,0.0070427391
992267,0.017542223
992268,0.016982134
992269,0.0072875977
992270,0.0074836281
992271,0.0074333642
992272,0.025483189
992273,0.023489606
992274,0.039892577
992275,0.010456399
992276,0.0076430375
992277,0.010648839
992278,0.011226879
992279,0.0023493674
992280,0.01761331
992281,0.015683517
992282,0.007004682
992283,0.011776195
992284,0.0063890116
992285,0.0069996552
992286,0.030910358
992287,0.010244572
992288,0.014252787
992289,0.027033547
992290,0.0072380514
992291,0.009541912
992292,0.0074060778
992293,0.0094773313
992294,0.0075087603
992295,0.0071806065
992296,0.010496611
992297,0.0071849148
992298,0.0088948859
992299,0.0072035845
992300,0.009237132
992301,0.038694851
992302,0.014282227
992303,0.025772681
992304,0.010624425
992305,0.013567756
992306,0.013821949
992307,0.020560231
992308,0.0020125264
992309,0.0073543773
992310,0.014343262
992311,0.012418859
992312,0.010066492
992313,0.010234519
992314,0.013230247
992315,0.010307761
992316,0.024009794
992317,0.039234836
992318,0.0060187844
992319,0.01934447
992320,0.010577751
992321,0.0072976504
992322,0.0076889936
992323,0.010712029
992324,0.017377067
992325,0.0065730773
992326,0.014377729
992327,0.0068969727
992328,0.0070958757
992329,0.01997504
992330,0.007077924
992331,0.0022333779
992332,0.0065946691
992333,0.007196404
992334,0.010653866
992335,0.0082713338
992336,0.013848518
992337,0.012185361
992338,0.025420066
992339,0.0069522634
992340,0.0070477654
992341,0.010772346
992342,0.020312499
992343,0.0071748621
992344,0.0070312498
992345,0.011260627
992346,0.0069702147
992347,0.010550465
992348,0.0061121322
992349,0.0063943304
992350,0.0076286765
992351,0.012970019
992352,0.0073306812
992353,0.0070657171
992354,0.038775276
992355,0.013556985
992356,0.01041547
992357,0.01090447
992358,0.0074405447
992359,0.0084163891
992360,0.028435396
992361,0.0083984379
992362,0.029740173
992363,0.0047455365
992364,0.009155361
992365,0.007033404
992366,0.016716791
992367,0.02594425
992368,0.016255239
992369,0.0061853747
992370,0.0072035845
992371,0.01070772
992372,0.010593549
992373,0.0072954963
992374,0.0070463293
992375,0.0068158316
992376,0.010468607
992377,0.0079618562
992378,0.0077514648
992379,0.0072979331
992380,0.032722007
992381,0.01051528
992382,0.015112305
992383,0.03171315
992384,0.0080997245
992385,0.025733432
992386,0.010365924
992387,0.0077812318
992388,0.0075726677
992389,0.0065146969
992390,0.0070039639
992391,0.0072165094
992392,0.01741728
992393,0.0072560031
992394,0.011068905
992395,0.0066183652
992396,0.017611874
992397,0.0075726677
992398,0.0056956573
992399,0.016908174
992400,0.006314165
992401,0.0070793601
992402,0.0070535098
992403,0.010792452
992404,0.0063648899
992405,0.013723576
992406,0.0073213466
992407,0.0072351792
992408,0.0072236904
992409,0.010284783
992410,0.0068660961
992411,0.017270794
992412,0.01058565
992413,0.034249339
992414,0.0072538489
992415,0.013019547
992416,0.0077397125
992417,0.0072617475
992418,0.0070772059
992419,0.0073170383
992420,0.030399816
992421,0.03676255
992422,0.0070118625
992423,0.0096388916
992424,0.013595043
992425,0.010663201
992426,0.010502355
992427,0.019406479
992428,0.0075008618
992429,0.012244064
992430,0.0060116039
992431,0.006365608
992432,0.0073098578
992433,0.010414752
992434,0.03072438
992435,0.027550552
992436,0.0073759193
992437,0.01372932
992438,0.010294118
992439,0.0070010913
992440,0.0071648094
992441,0.0091646081
992442,0.0065770503
992443,0.0073464788
992444,0.039430149
992445,0.0071691177
992446,0.008707922
992447,0.0066323359
992448,0.0073752012
992449,0.017104205
992450,0.020885512
992451,0.0072380514
992452,0.017425178
992453,0.0072035845
992454,0.0096054971
992455,0.0063937865
992456,0.00743121
992457,0.029388787
992458,0.0056970934
992459,0.025945758
992460,0.010409726
992461,0.0069939108
992462,0.0077134077
992463,0.0075870291
992464,0.0067217657
992465,0.0073098578
992466,0.010766601
992467,0.013228453
992468,0.0071702679
992469,0.017596794
992470,0.0095236385
992471,0.011661305
992472,0.0099264709
992473,0.017308135
992474,0.022856412
992475,0.0073443246
992476,0.011453786
992477,0.016988598
992478,0.0070125805
992479,0.0096416809
992480,0.0072660558
992481,0.007004682
992482,0.0072078928
992483,0.0071942499
992484,0.0065329159
992485,0.0072653377
992486,0.016914638
992487,0.0075080423
992488,0.0096825678
992489,0.0080372533
992490,0.013036522
992491,0.013430607
992492,0.022944024
992493,0.012487949
992494,0.0088964868
992495,0.008987247
992496,0.010146197
992497,0.0362477
992498,0.0069493088
992499,0.0055980007
992500,0.0024176021
992501,0.0086626839
992502,0.014073989
992503,0.0074154125
992504,0.0077823414
992505,0.0076796589
992506,0.010430549
992507,0.017822266
992508,0.010882927
992509,0.0067003835
992510,0.029244713
992511,0.017456774
992512,0.017383531
992513,0.0072445138
992514,0.036940631
992515,0.036502238
992516,0.039617561
992517,0.011741728
992518,0.029291103
992519,0.011105526
992520,0.023517923
992521,0.0072373333
992522,0.0370785
992523,0.014177389
992524,0.010735007
992525,0.0067454618
992526,0.0072631836
992527,0.0071705538
992528,0.0070980298
992529,0.0394402
992530,0.0010956752
992531,0.0073802276
992532,0.007004682
992533,0.019668832
992534,0.0079618562
992535,0.027726477
992536,0.034133732
992537,0.0071454216
992538,0.0070226332
992539,0.013747271
992540,0.0064258175
992541,0.019226404
992542,0.019569496
992543,0.010664637
992544,0.0070879767
992545,0.010577751
992546,0.010640941
992547,0.01020795
992548,0.0062435376
992549,0.0071698357
992550,0.0071849148
992551,0.010661765
992552,0.0094496841
992553,0.032119807
992554,0.014038804
992555,0.0059570312
992556,0.0072150733
992557,0.0070183249
992558,0.006473456
992559,0.027607996
992560,0.008223231
992561,0.022978514
992562,0.020675121
992563,0.0065606665
992564,0.014045984
992565,0.0066636028
992566,0.0075482535
992567,0.013838465
992568,0.013791791
992569,0.030175781
992570,0.0071899416
992571,0.01128935
992572,0.0066168848
992573,0.0021916521
992574,0.0019888156
992575,0.022576544
992576,0.011169434
992577,0.011371926
992578,0.015997546
992579,0.0021394603
992580,0.0087251551
992581,0.0081891883
992582,0.0071159811
992583,0.023634249
992584,0.006982422
992585,0.010434858
992586,0.0070958757
992587,0.010203642
992588,0.0075834384
992589,0.014407169
992590,0.030647548
992591,0.020691637
992592,0.014269302
992593,0.0074132583
992594,0.009296013
992595,0.039265711
992596,0.0083187325
992597,0.010823328
992598,0.037316177
992599,0.011233341
992600,0.0075173769
992601,0.0085937502
992602,0.022789761
992603,0.0088127581
992604,0.007151884
992605,0.010332175
992606,0.013801126
992607,0.010362334
992608,0.0041137999
992609,0.0061759716
992610,0.011478918
992611,0.0072732363
992612,0.008048024
992613,0.0072509767
992614,0.0074800379
992615,0.010581342
992616,0.0072136372
992617,0.0071633733
992618,0.0063177366
992619,0.0075482535
992620,0.007233025
992621,0.010541849
992622,0.015579856
992623,0.017348345
992624,0.012050813
992625,0.023219511
992626,0.010616527
992627,0.0070477654
992628,0.0072423597
992629,0.0072150733
992630,0.007078642
992631,0.013699161
992632,0.0063212207
992633,0.0074348003
992634,0.0082756495
992635,0.010597858
992636,0.014533548
992637,0.036646225
992638,0.039270736
992639,0.010306325
992640,0.0070527918
992641,0.0079503674
992642,0.015148904
992643,0.020762006
992644,0.0071669635
992645,0.007313448
992646,0.0096995635
992647,0.0086231902
992648,0.010788144
992649,0.0176169
992650,0.013564884
992651,0.0071755801
992652,0.00936478
992653,0.007291906
992654,0.0084537286
992655,0.016075224
992656,0.0140625
992657,0.010609346
992658,0.0072229723
992659,0.0072157914
992660,0.010386747
992661,0.0070147347
992662,0.0073299631
992663,0.0073005226
992664,0.014484719
992665,0.010413316
992666,0.024479406
992667,0.0077385399
992668,0.010453527
992669,0.007254567
992670,0.011040901
992671,0.020969525
992672,0.016627485
992673,0.0073823817
992674,0.007291906
992675,0.0074987076
992676,0.023827011
992677,0.0073436066
992678,0.013993566
992679,0.0065515894
992680,0.017352654
992681,0.010754394
992682,0.028970251
992683,0.0071762982
992684,0.010067929
992685,0.016009558
992686,0.014199994
992687,0.01047866
992688,0.025298713
992689,0.0082059968
992690,0.010653866
992691,0.0073988969
992692,0.038790356
992693,0.0081621958
992694,0.0074369544
992695,0.0084458292
992696,0.0071310606
992697,0.0073321173
992698,0.013947611
992699,0.0073342714
992700,0.0074757296
992701,0.013901655
992702,0.012550265
992703,0.026653621
992704,0.013648179
992705,0.0064114607
992706,0.0072208182
992707,0.0073364256
992708,0.014397116
992709,0.032718759
992710,0.01060432
992711,0.0064194622
992712,0.015100202
992713,0.0096880747
992714,0.0075137867
992715,0.0056877583
992716,0.013643871
992717,0.0072287167
992718,0.02053079
992719,0.0071267523
992720,0.017711684
992721,0.0071619372
992722,0.01051528
992723,0.010793888
992724,0.0070879767
992725,0.015365062
992726,0.01204127
992727,0.0081478339
992728,0.010018382
992729,0.0081456797
992730,0.0070578181
992731,0.012832568
992732,0.034363512
992733,0.0085219443
992734,0.010746496
992735,0.010230929
992736,0.028252814
992737,0.0176687
992738,0.019614054
992739,0.0074886545
992740,0.016565777
992741,0.039627615
992742,0.020622702
992743,0.019037813
992744,0.0062306123
992745,0.0021069546
992746,0.007041303
992747,0.013704906
992748,0.0061401366
992749,0.0073895622
992750,0.0058708638
992751,0.01952653
992752,0.014214011
992753,0.036995921
992754,0.010661765
992755,0.018037684
992756,0.0079719098
992757,0.016074559
992758,0.010846307
992759,0.010542567
992760,0.0072423597
992761,0.021065746
992762,0.0026932654
992763,0.017826574
992764,0.014170209
992765,0.0069422103
992766,0.010493739
992767,0.010801069
992768,0.0055725924
992769,0.039717373
992770,0.039280791
992771,0.0014612217
992772,0.017629825
992773,0.030914666
992774,0.034779269
992775,0.026348518
992776,0.024925321
992777,0.0070815142
992778,0.017586024
992779,0.039938536
992780,0.010593549
992781,0.019905211
992782,0.0070836684
992783,0.0081571694
992784,0.026824592
992785,0.0076925838
992786,0.011845847
992787,0.0071770162
992788,0.007210047
992789,0.010386029
992790,0.039768353
992791,0.017209759
992792,0.0065785316
992793,0.013651052
992794,0.0061882148
992795,0.035627786
992796,0.0075252759
992797,0.010638786
992798,0.0059204102
992799,0.0071935318
992800,0.0087696752
992801,0.011960018
992802,0.0062176874
992803,0.014352596
992804,0.0070542279
992805,0.01071921
992806,0.0070298137
992807,0.030384736
992808,0.012041017
992809,0.007115263
992810,0.0080006318
992811,0.0068359375
992812,0.010799632
992813,0.0070743337
992814,0.0067512062
992815,0.012672335
992816,0.010617963
992817,0.011091165
992818,0.0072193821
992819,0.036084123
992820,0.018066376
992821,0.017359834
992822,0.01079317
992823,0.010243854
992824,0.016904583
992825,0.017784208
992826,0.019424651
992827,0.010257496
992828,0.0072509767
992829,0.019853646
992830,0.01027473
992831,0.0074283374
992832,0.010075827
992833,0.010975097
992834,0.020714615
992835,0.0072761085
992836,0.010559082
992837,0.018969726
992838,0.0072495406
992839,0.010454963
992840,0.0070743337
992841,0.021569824
992842,0.013263835
992843,0.0070211971
992844,0.0078196805
992845,0.0079367245
992846,0.0073838178
992847,0.008767521
992848,0.0079403147
992849,0.01913129
992850,0.0095911361
992851,0.0070592542
992852,0.020154526
992853,0.013490924
992854,0.009911906
992855,0.020814659
992856,0.0096688522
992857,0.0070240693
992858,0.0071023381
992859,0.0068991268
992860,0.0070549459
992861,0.026027691
992862,0.019786419
992863,0.011193847
992864,0.010842716
992865,0.0072847256
992866,0.0070441752
992867,0.0066511529
992868,0.010923139
992869,0.010025447
992870,0.013885858
992871,0.0079898611
992872,0.0080982884
992873,0.039728861
992874,0.0075087603
992875,0.0065917969
992876,0.010896571
992877,0.012507442
992878,0.020273007
992879,0.015846515
992880,0.030723661
992881,0.029738231
992882,0.017247079
992883,0.0061710132
992884,0.010673254
992885,0.019069657
992886,0.010039206
992887,0.0081916358
992888,0.017319623
992889,0.0075137867
992890,0.024373852
992891,0.0086684283
992892,0.010575597
992893,0.010753676
992894,0.0079474952
992895,0.010774501
992896,0.0094733741
992897,0.0076502184
992898,0.0073098578
992899,0.010951143
992900,0.014226936
992901,0.0071626552
992902,0.026359288
992903,0.0072380514
992904,0.0073019587
992905,0.010141263
992906,0.0073120119
992907,0.0074355183
992908,0.013821231
992909,0.017130055
992910,0.0071245977
992911,0.007100184
992912,0.017378503
992913,0.0087316176
992914,0.014876063
992915,0.014453843
992916,0.023701029
992917,0.029808367
992918,0.017367734
992919,0.023018153
992920,0.017491957
992921,0.006652114
992922,0.0069529815
992923,0.017743278
992924,0.010650275
992925,0.013926068
992926,0.0028027459
992927,0.026017614
992928,0.007151884
992929,0.016717888
992930,0.014333209
992931,0.0071813245
992932,0.0057967422
992933,0.0071475757
992934,0.014005055
992935,0.010454963
992936,0.023792939
992937,0.013284709
992938,0.014160874
992939,0.010317096
992940,0.0072265626
992941,0.030412024
992942,0.0077679805
992943,0.010272576
992944,0.020305319
992945,0.010849179
992946,0.039550781
992947,0.01187842
992948,0.0072229723
992949,0.017198989
992950,0.013184478
992951,0.017418716
992952,0.019060202
992953,0.011094111
992954,0.012133789
992955,0.0074628047
992956,0.0073012407
992957,0.031021273
992958,0.014402143
992959,0.014246323
992960,0.010562672
992961,0.0072581572
992962,0.0068818936
992963,0.0072114831
992964,0.0077213063
992965,0.020691637
992966,0.014221909
992967,0.039294433
992968,0.010919549
992969,0.00736443
992970,0.007100184
992971,0.016547194
992972,0.017164523
992973,0.0071870694
992974,0.0069558537
992975,0.0092141544
992976,0.010331457
992977,0.0073615578
992978,0.020400103
992979,0.030310767
992980,0.0077579273
992981,0.0069809859
992982,0.010887235
992983,0.0061013615
992984,0.028034722
992985,0.0092723174
992986,0.016520089
992987,0.0072308709
992988,0.010397518
992989,0.012446864
992990,0.013419836
992991,0.006887638
992992,0.039621871
992993,0.022966452
992994,0.01074865
992995,0.01071921
992996,0.019186581
992997,0.019008115
992998,0.010785271
992999,0.033707205
993000,0.0079058483
993001,0.020858226
993002,0.0072086109
993003,0.014522777
993004,0.0060317097
993005,0.02315243
993006,0.010271139
993007,0.010582778
993008,0.01947083
993009,0.016800465
993010,0.0160027
993011,0.026872702
993012,0.010237803
993013,0.0052820542
993014,0.017348345
993015,0.020535098
993016,0.011997358
993017,0.010757985
993018,0.011344641
993019,0.027000517
993020,0.010737161
993021,0.0070772059
993022,0.010525333
993023,0.01384421
993024,0.0076789409
993025,0.016130311
993026,0.010689769
993027,0.022897169
993028,0.020936495
993029,0.009809427
993030,0.017670037
993031,0.020456113
993032,0.0069149244
993033,0.0071748621
993034,0.021885052
993035,0.027287023
993036,0.013717831
993037,0.010621553
993038,0.014023007
993039,0.0070800781
993040,0.0074046417
993041,0.0076013901
993042,0.0080595128
993043,0.0078922044
993044,0.0067612594
993045,0.013926786
993046,0.012796593
993047,0.006147366
993048,0.024161305
993049,0.012516649
993050,0.012606991
993051,0.019683477
993052,0.0069048712
993053,0.0070657171
993054,0.007217946
993055,0.011045209
993056,0.0095895464
993057,0.0069996552
993058,0.014832261
993059,0.010358025
993060,0.010692641
993061,0.011242676
993062,0.013661104
993063,0.010581342
993064,0.014125689
993065,0.012922963
993066,0.013798254
993067,0.0072969324
993068,0.006602278
993069,0.0070204791
993070,0.0072861616
993071,0.014163028
993072,0.014123535
993073,0.012442555
993074,0.017153751
993075,0.012172564
993076,0.0071231616
993077,0.013427734
993078,0.0068847658
993079,0.010531796
993080,0.0072603114
993081,0.014154412
993082,0.0073357075
993083,0.011295094
993084,0.0074491613
993085,0.011470301
993086,0.021124627
993087,0.010801787
993088,0.0070384308
993089,0.028961327
993090,0.017439539
993091,0.0099104857
993092,0.013797536
993093,0.0072157914
993094,0.004939321
993095,0.011259191
993096,0.0093800267
993097,0.0071238796
993098,0.017085535
993099,0.032485746
993100,0.0021573079
993101,0.010253906
993102,0.0074786018
993103,0.0074527515
993104,0.0075640511
993105,0.0073091397
993106,0.01323092
993107,0.0065755895
993108,0.039119944
993109,0.0073005226
993110,0.012301055
993111,0.010576315
993112,0.0071238796
993113,0.009557277
993114,0.0088206576
993115,0.017099179
993116,0.027135512
993117,0.0069508273
993118,0.0095648644
993119,0.018410357
993120,0.017816521
993121,0.010271139
993122,0.011191693
993123,0.0068739946
993124,0.014154412
993125,0.01247997
993126,0.0070269415
993127,0.0019011195
993128,0.0070362766
993129,0.016046595
993130,0.016814826
993131,0.0071159811
993132,0.020198328
993133,0.0044746879
993134,0.0072150733
993135,0.0020531171
993136,0.0068933824
993137,0.010520306
993138,0.0092385681
993139,0.011702235
993140,0.018508732
993141,0.007541073
993142,0.020837696
993143,0.0068337834
993144,0.0072129192
993145,0.010645967
993146,0.0078031654
993147,0.014889706
993148,0.010349409
993149,0.039048858
993150,0.0071016201
993151,0.016796876
993152,0.0071231616
993153,0.010345099
993154,0.0101821
993155,0.0065602022
993156,0.0073529412
993157,0.0072933421
993158,0.029058265
993159,0.0099530388
993160,0.017464671
993161,0.032218665
993162,0.0064947475
993163,0.0067626955
993164,0.037180465
993165,0.0073306812
993166,0.0075942096
993167,0.0071116728
993168,0.0071576289
993169,0.03938419
993170,0.010399672
993171,0.0069852942
993172,0.0062614656
993173,0.017092716
993174,0.010396082
993175,0.010612937
993176,0.01014337
993177,0.013737218
993178,0.014582376
993179,0.008341711
993180,0.017334703
993181,0.010666073
993182,0.0075647691
993183,0.021647498
993184,0.0075224033
993185,0.010638786
993186,0.0062475614
993187,0.0072244084
993188,0.0068452721
993189,0.013840619
993190,0.015148654
993191,0.010732135
993192,0.0069558537
993193,0.0095961904
993194,0.0072265626
993195,0.01017851
993196,0.0071389591
993197,0.0276956
993198,0.021691177
993199,0.010756548
993200,0.015719784
993201,0.013697725
993202,0.0068474263
993203,0.010868566
993204,0.020824477
993205,0.017225558
993206,0.01342199
993207,0.01081543
993208,0.0071978401
993209,0.020405848
993210,0.0096155535
993211,0.012936733
993212,0.03669421
993213,0.0081475005
993214,0.011902574
993215,0.011086857
993216,0.010631606
993217,0.0068258848
993218,0.005837115
993219,0.010397518
993220,0.016562069
993221,0.0079963235
993222,0.005646111
993223,0.011201747
993224,0.016247977
993225,0.017535759
993226,0.010523897
993227,0.01169649
993228,0.016007008
993229,0.016938332
993230,0.01083769
993231,0.0072610294
993232,0.005991498
993233,0.0071949679
993234,0.0068840478
993235,0.010770191
993236,0.0073608398
993237,0.010697667
993238,0.007033404
993239,0.020763442
993240,0.0071820426
993241,0.016983571
993242,0.031690888
993243,0.017252844
993244,0.019863354
993245,0.010477223
993246,0.007732077
993247,0.013984231
993248,0.013557703
993249,0.013592889
993250,0.013949765
993251,0.037179746
993252,0.0069989371
993253,0.0071949679
993254,0.010960478
993255,0.013986385
993256,0.0072746724
993257,0.011655561
993258,0.0065529761
993259,0.0061919042
993260,0.0071116728
993261,0.011797018
993262,0.021635167
993263,0.006208993
993264,0.011702235
993265,0.013898064
993266,0.039799232
993267,0.007372329
993268,0.013875086
993269,0.017796416
993270,0.007151166
993271,0.0024774582
993272,0.008165068
993273,0.022484718
993274,0.0070154527
993275,0.0073909983
993276,0.0069077434
993277,0.0073342714
993278,0.0059010223
993279,0.01709128
993280,0.0066585764
993281,0.014053165
993282,0.034154557
993283,0.0090260226
993284,0.0071683996
993285,0.01013399
993286,0.0025556432
993287,0.0070384308
993288,0.0071289064
993289,0.0069450829
993290,0.0073802276
993291,0.014682905
993292,0.0071238796
993293,0.013521801
993294,0.0068826117
993295,0.0092012295
993296,0.010609346
993297,0.010477941
993298,0.0073184744
993299,0.007210047
993300,0.010757985
993301,0.03800695
993302,0.0072840075
993303,0.026135972
993304,0.0071231616
993305,0.011376235
993306,0.01327617
993307,0.006322972
993308,0.007092285
993309,0.006189683
993310,0.010461425
993311,0.039568014
993312,0.02086756
993313,0.0070772059
993314,0.0094094668
993315,0.0073206285
993316,0.0083065256
993317,0.0071770162
993318,0.010847025
993319,0.007400333
993320,0.017555147
993321,0.010548311
993322,0.026327934
993323,0.013961254
993324,0.02433005
993325,0.032528322
993326,0.0076753506
993327,0.01148179
993328,0.0093182735
993329,0.010495893
993330,0.0062514362
993331,0.0076868394
993332,0.0067095589
993333,0.024442067
993334,0.0070994659
993335,0.019714104
993336,0.014397116
993337,0.017428769
993338,0.039631203
993339,0.013580682
993340,0.010492302
993341,0.0069285673
993342,0.010271139
993343,0.0061920858
993344,0.023713235
993345,0.03968434
993346,0.018390235
993347,0.0073112939
993348,0.0071382411
993349,0.0070075542
993350,0.024119603
993351,0.0063447841
993352,0.0066325292
993353,0.0069623161
993354,0.020704562
993355,0.0067734662
993356,0.0071138269
993357,0.039493337
993358,0.0073091397
993359,0.017796416
993360,0.012673771
993361,0.0071396772
993362,0.018108772
993363,0.014365521
993364,0.006828757
993365,0.010477941
993366,0.026264437
993367,0.0073694563
993368,0.023795094
993369,0.01053395
993370,0.0096399644
993371,0.010780963
993372,0.0071920957
993373,0.0055721509
993374,0.017150879
993375,0.010836254
993376,0.0073414524
993377,0.020484835
993378,0.0070851045
993379,0.01074506
993380,0.021855943
993381,0.023086201
993382,0.0069687786
993383,0.0010451025
993384,0.0161657
993385,0.0072380514
993386,0.0067741843
993387,0.010350127
993388,0.010655303
993389,0.0072409236
993390,0.017323932
993391,0.010900879
993392,0.010574879
993393,0.013984949
993394,0.025751092
993395,0.0024217512
993396,0.0071166991
993397,0.011454504
993398,0.017371323
993399,0.017018037
993400,0.010373104
993401,0.014101993
993402,0.010910214
993403,0.0069867303
993404,0.007077924
993405,0.0071920957
993406,0.010538259
993407,0.039579503
993408,0.0065982593
993409,0.030550608
993410,0.0074843462
993411,0.03990335
993412,0.013706342
993413,0.016758099
993414,0.014063936
993415,0.011098346
993416,0.0071468577
993417,0.037805893
993418,0.017318904
993419,0.0068718405
993420,0.023995433
993421,0.0071605011
993422,0.0073184744
993423,0.0094669117
993424,0.014104865
993425,0.0080099665
993426,0.020773495
993427,0.0065447935
993428,0.033464499
993429,0.013511029
993430,0.017428769
993431,0.008180147
993432,0.0077263326
993433,0.014068244
993434,0.010653866
993435,0.0074742935
993436,0.032474294
993437,0.029423254
993438,0.010596422
993439,0.021599265
993440,0.018359374
993441,0.010422651
993442,0.0066901711
993443,0.0067985984
993444,0.015800925
993445,0.01428079
993446,0.0073766373
993447,0.029051216
993448,0.0068596336
993449,0.0072028665
993450,0.02770637
993451,0.010499483
993452,0.0054271026
993453,0.010573443
993454,0.0062966738
993455,0.0073306812
993456,0.0073515051
993457,0.013427016
993458,0.011702235
993459,0.014592429
993460,0.0072043026
993461,0.007100184
993462,0.0074635227
993463,0.011103372
993464,0.01361443
993465,0.0070247874
993466,0.01238511
993467,0.0064235255
993468,0.010722082
993469,0.025178658
993470,0.0073098578
993471,0.039914839
993472,0.0072861616
993473,0.016882325
993474,0.0080681294
993475,0.0071648094
993476,0.033194508
993477,0.013839183
993478,0.033690687
993479,0.0075482535
993480,0.0063189338
993481,0.011117733
993482,0.0070427391
993483,0.011094037
993484,0.007444853
993485,0.02089772
993486,0.020694509
993487,0.014020135
993488,0.0079977596
993489,0.0075934916
993490,0.010410444
993491,0.0089096967
993492,0.011579601
993493,0.010312069
993494,0.0073069851
993495,0.014211857
993496,0.013846364
993497,0.0020959862
993498,0.0069206688
993499,0.0078828698
993500,0.0071849148
993501,0.0070585362
993502,0.0065831803
993503,0.011311609
993504,0.0078527117
993505,0.0073270909
993506,0.014023007
993507,0.0070168888
993508,0.006289863
993509,0.028030934
993510,0.0076789409
993511,0.013922478
993512,0.011657445
993513,0.0074060778
993514,0.0036310693
993515,0.0071691177
993516,0.024063649
993517,0.010477941
993518,0.016948385
993519,0.0073579676
993520,0.010392492
993521,0.0069422103
993522,0.007100184
993523,0.0072825714
993524,0.036328126
993525,0.019300666
993526,0.010617245
993527,0.010798196
993528,0.0059512868
993529,0.014235552
993530,0.03371295
993531,0.0069443649
993532,0.0072437958
993533,0.0072904699
993534,0.0069508273
993535,0.010687615
993536,0.033052597
993537,0.00736443
993538,0.017575253
993539,0.010689051
993540,0.036086898
993541,0.0071920957
993542,0.01384421
993543,0.0067856731
993544,0.0070377127
993545,0.0070527918
993546,0.01361443
993547,0.039924175
993548,0.020968089
993549,0.021511095
993550,0.0076064165
993551,0.0072610294
993552,0.017048197
993553,0.037396599
993554,0.0092780618
993555,0.0072265626
993556,0.013068629
993557,0.016431972
993558,0.014056037
993559,0.0070994659
993560,0.013772404
993561,0.013556985
993562,0.010472915
993563,0.0076121609
993564,0.008326631
993565,0.027214499
993566,0.020772059
993567,0.03929228
993568,0.0073816637
993569,0.010807531
993570,0.018821085
993571,0.027564194
993572,0.0070434571
993573,0.0068933824
993574,0.0096644275
993575,0.0078370664
993576,0.0068610697
993577,0.017444566
993578,0.013993566
993579,0.0074477252
993580,0.0073471968
993581,0.0073809456
993582,0.01083769
993583,0.010342945
993584,0.0081341909
993585,0.018175552
993586,0.036266711
993587,0.039590992
993588,0.039789896
993589,0.0064690085
993590,0.0069048712
993591,0.0071583469
993592,0.0084996838
993593,0.0062097884
993594,0.013977051
993595,0.010503791
993596,0.0071353689
993597,0.0073141661
993598,0.0071533201
993599,0.010631606
993600,0.010538977
993601,0.010594267
993602,0.020461857
993603,0.0076243682
993604,0.0174101
993605,0.0076293945
993606,0.007291188
993607,0.0065946691
993608,0.038706344
993609,0.031954419
993610,0.0068531712
993611,0.0073414524
993612,0.014234834
993613,0.021778546
993614,0.013738655
993615,0.0069393381
993616,0.0070233513
993617,0.033994429
993618,0.039374139
993619,0.0073148841
993620,0.0060008331
993621,0.0069745234
993622,0.011923397
993623,0.0066903667
993624,0.0077076633
993625,0.028265741
993626,0.0066822725
993627,0.024093807
993628,0.017247817
993629,0.0072811353
993630,0.039886117
993631,0.017682243
993632,0.02576636
993633,0.0070872586
993634,0.0071116728
993635,0.020500632
993636,0.0096966913
993637,0.01415872
993638,0.0079273898
993639,0.013765223
993640,0.010639505
993641,0.0074118222
993642,0.010850615
993643,0.0081183938
993644,0.0073988969
993645,0.010710592
993646,0.017267922
993647,0.017233456
993648,0.010716338
993649,0.015664494
993650,0.017233456
993651,0.0072883158
993652,0.0071310606
993653,0.0055228462
993654,0.0070168888
993655,0.0069838581
993656,0.0095940083
993657,0.0077026365
993658,0.014182416
993659,0.017543659
993660,0.0074707032
993661,0.0072366153
993662,0.030618824
993663,0.0094619999
993664,0.012841769
993665,0.014981617
993666,0.016121954
993667,0.0078469673
993668,0.0059729018
993669,0.013915298
993670,0.019102164
993671,0.009815379
993672,0.010619399
993673,0.0073213466
993674,0.020724667
993675,0.010750086
993676,0.016283147
993677,0.0073364256
993678,0.026497157
993679,0.0081492709
993680,0.007291188
993681,0.024023438
993682,0.010551183
993683,0.030677706
993684,0.0070628445
993685,0.0068754307
993686,0.0065869419
993687,0.015689626
993688,0.010485122
993689,0.010654585
993690,0.009707462
993691,0.016493136
993692,0.0099063646
993693,0.0073816637
993694,0.014146513
993695,0.016487153
993696,0.027688419
993697,0.015489287
993698,0.007210047
993699,0.0074254652
993700,0.010479378
993701,0.010399672
993702,0.010573443
993703,0.027299948
993704,0.0066291243
993705,0.0041209273
993706,0.0061665121
993707,0.017210478
993708,0.017178165
993709,0.020018095
993710,0.0068969727
993711,0.0072258445
993712,0.0064212279
993713,0.012505027
993714,0.0062794406
993715,0.0074958354
993716,0.0069960649
993717,0.0064185048
993718,0.0067950082
993719,0.010495175
993720,0.011447046
993721,0.024824275
993722,0.0073874081
993723,0.017833754
993724,0.030819163
993725,0.020648552
993726,0.012761374
993727,0.0096284756
993728,0.0074139764
993729,0.0031845339
993730,0.039372701
993731,0.0074462891
993732,0.0069206688
993733,0.0068933824
993734,0.017454095
993735,0.0066054398
993736,0.009632417
993737,0.013524693
993738,0.0072516948
993739,0.016088149
993740,0.02690286
993741,0.020695226
993742,0.013997156
993743,0.018590871
993744,0.0072725182
993745,0.0018719144
993746,0.039533548
993747,0.0087036137
993748,0.007422593
993749,0.0073184744
993750,0.013913143
993751,0.0069048712
993752,0.013582118
993753,0.0086634019
993754,0.0072057387
993755,0.0070750518
993756,0.013100947
993757,0.010286219
993758,0.017786363
993759,0.007115263
993760,0.022030992
993761,0.033046223
993762,0.040579043
993763,0.0073385797
993764,0.010255342
993765,0.007210765
993766,0.017049633
993767,0.0094145201
993768,0.025367647
993769,0.013986385
993770,0.0096870651
993771,0.0079403147
993772,0.010817584
993773,0.0066242609
993774,0.0070843864
993775,0.012151022
993776,0.02354449
993777,0.037189797
993778,0.0087732654
993779,0.0090346392
993780,0.0073120119
993781,0.0072883158
993782,0.0076983282
993783,0.007159783
993784,0.016978545
993785,0.0071030562
993786,0.0069565717
993787,0.007467831
993788,0.020115752
993789,0.018434772
993790,0.013476563
993791,0.0072560031
993792,0.010890108
993793,0.025271446
993794,0.012650792
993795,0.013683364
993796,0.01738712
993797,0.0097561646
993798,0.010725672
993799,0.007115263
993800,0.0072201001
993801,0.0035958835
993802,0.0067691579
993803,0.014015826
993804,0.0072732363
993805,0.021725643
993806,0.013335687
993807,0.014041676
993808,0.013645307
993809,0.010294836
993810,0.0096414005
993811,0.0068711224
993812,0.013903091
993813,0.013987822
993814,0.010581342
993815,0.037660845
993816,0.0075389189
993817,0.0071770162
993818,0.026115675
993819,0.0077335131
993820,0.01361802
993821,0.0081717791
993822,0.0072165094
993823,0.017084099
993824,0.036696024
993825,0.0072933421
993826,0.010402544
993827,0.014045266
993828,0.010948271
993829,0.0071317786
993830,0.011661305
993831,0.0078871781
993832,0.010662483
993833,0.007444853
993834,0.01350644
993835,0.015778881
993836,0.010595703
993837,0.015571145
993838,0.0073565315
993839,0.0072825714
993840,0.0071698357
993841,0.0072143553
993842,0.0072452319
993843,0.0069070254
993844,0.0081988163
993845,0.020880487
993846,0.0081571694
993847,0.0066755353
993848,0.0074247471
993849,0.010830509
993850,0.017183192
993851,0.029146001
993852,0.007371611
993853,0.0066786376
993854,0.0073845359
993855,0.018281825
993856,0.0072861616
993857,0.014096967
993858,0.0071827606
993859,0.032373048
993860,0.017865349
993861,0.010309197
993862,0.0073005226
993863,0.010470043
993864,0.010743624
993865,0.0080587948
993866,0.010471479
993867,0.017235611
993868,0.0066241096
993869,0.0065156827
993870,0.013074448
993871,0.020751234
993872,0.0077342312
993873,0.018110208
993874,0.021276137
993875,0.010213695
993876,0.020309681
993877,0.036712289
993878,0.0071806065
993879,0.010312069
993880,0.0072495406
993881,0.0073220646
993882,0.013811897
993883,0.0086713005
993884,0.01071131
993885,0.02642037
993886,0.0080537684
993887,0.0069278493
993888,0.0076071345
993889,0.014123535
993890,0.0099028619
993891,0.010181382
993892,0.0074750115
993893,0.0092856502
993894,0.017935719
993895,0.0073421705
993896,0.010523897
993897,0.010373104
993898,0.039161593
993899,0.0060482249
993900,0.0064824629
993901,0.0073759193
993902,0.0074699852
993903,0.014005055
993904,0.010500919
993905,0.0074728574
993906,0.010466452
993907,0.010916676
993908,0.014188878
993909,0.013196288
993910,0.0072495406
993911,0.014387784
993912,0.023323329
993913,0.010398954
993914,0.0070362766
993915,0.013333637
993916,0.031543259
993917,0.0073364256
993918,0.017348345
993919,0.011137838
993920,0.010516716
993921,0.0072983685
993922,0.027283434
993923,0.010745778
993924,0.011540671
993925,0.015656594
993926,0.0073773554
993927,0.0072682099
993928,0.010258933
993929,0.0078290151
993930,0.010546875
993931,0.0077686985
993932,0.0071030562
993933,0.0095329732
993934,0.016762407
993935,0.014042394
993936,0.0027526831
993937,0.0062291762
993938,0.017497702
993939,0.011093319
993940,0.020379998
993941,0.0066758026
993942,0.015923712
993943,0.023348719
993944,0.013970588
993945,0.026089694
993946,0.010994945
993947,0.011512667
993948,0.013798972
993949,0.010477941
993950,0.02378935
993951,0.0072064567
993952,0.027778896
993953,0.023759192
993954,0.0069551356
993955,0.0068145334
993956,0.015019675
993957,0.021041332
993958,0.0071928138
993959,0.011560776
993960,0.011684283
993961,0.017372759
993962,0.0098704621
993963,0.007092285
993964,0.0064962949
993965,0.01071921
993966,0.026925121
993967,0.030259794
993968,0.022612453
993969,0.006585849
993970,0.0019426341
993971,0.0068628723
993972,0.007042021
993973,0.024098834
993974,0.035878159
993975,0.007658117
993976,0.010164867
993977,0.0073184744
993978,0.017283002
993979,0.018201131
993980,0.010320686
993981,0.0071461396
993982,0.0077270507
993983,0.0062354803
993984,0.0064466535
993985,0.0062440643
993986,0.038833439
993987,0.0064919866
993988,0.010983456
993989,0.0072308709
993990,0.020553768
993991,0.0075784121
993992,0.010622271
993993,0.010747932
993994,0.0080832085
993995,0.017173139
993996,0.017451027
993997,0.014097685
993998,0.023346307
993999,0.0074269013
994000,0.025080394
994001,0.039005056
994002,0.027397605
994003,0.010472915
994004,0.0021852124
994005,0.017486213
994006,0.0057528163
994007,0.0072610294
994008,0.013924632
994009,0.01658969
994010,0.013936121
994011,0.0079855528
994012,0.039438765
994013,0.010443474
994014,0.0072251265
994015,0.01048943
994016,0.010699822
994017,0.0069206688
994018,0.010304889
994019,0.012101476
994020,0.019856172
994021,0.011054544
994022,0.015417794
994023,0.0070621264
994024,0.013824822
994025,0.0080221733
994026,0.021141142
994027,0.026803769
994028,0.0072021484
994029,0.0071346508
994030,0.008032945
994031,0.0073680202
994032,0.011753935
994033,0.003637892
994034,0.016925408
994035,0.0070721796
994036,0.0069321576
994037,0.014320284
994038,0.03741483
994039,0.013664695
994040,0.0072725182
994041,0.0070542279
994042,0.011547133
994043,0.0076868394
994044,0.0070664352
994045,0.0068614483
994046,0.013947611
994047,0.017079791
994048,0.011216826
994049,0.0094893035
994050,0.0064852512
994051,0.0071037742
994052,0.010525333
994053,0.01048225
994054,0.012168974
994055,0.0092764711
994056,0.0078376317
994057,0.0061279298
994058,0.019688351
994059,0.010433421
994060,0.01044491
994061,0.0068919463
994062,0.025511976
994063,0.013108244
994064,0.0076387292
994065,0.017258588
994066,0.017321777
994067,0.010541849
994068,0.0139591
994069,0.010548311
994070,0.013933249
994071,0.014512061
994072,0.017483341
994073,0.021989677
994074,0.010584932
994075,0.010910214
994076,0.0065476727
994077,0.020614803
994078,0.0076631433
994079,0.0087617766
994080,0.0076286765
994081,0.0072538489
994082,0.0069429288
994083,0.0072035845
994084,0.037201144
994085,0.022968786
994086,0.010358025
994087,0.0070685893
994088,0.0072416416
994089,0.01399572
994090,0.010793888
994091,0.0061962963
994092,0.03062026
994093,0.011284323
994094,0.027686264
994095,0.0069694966
994096,0.0068969727
994097,0.0071999943
994098,0.0073414524
994099,0.017051786
994100,0.0071712718
994101,0.020676557
994102,0.01059714
994103,0.032020628
994104,0.024482938
994105,0.0071841967
994106,0.006828757
994107,0.01415513
994108,0.0072035845
994109,0.019679463
994110,0.010794606
994111,0.0076322667
994112,0.012546674
994113,0.01392176
994114,0.007092285
994115,0.010880055
994116,0.0061559342
994117,0.010654585
994118,0.0072315889
994119,0.0060891546
994120,0.0076559628
994121,0.010370232
994122,0.011144302
994123,0.0059082033
994124,0.0072402055
994125,0.0077636717
994126,0.0080494601
994127,0.029003188
994128,0.0064223344
994129,0.0074175666
994130,0.039471075
994131,0.012050494
994132,0.020451086
994133,0.0068818936
994134,0.0072962143
994135,0.012371467
994136,0.019096496
994137,0.007100184
994138,0.0071181352
994139,0.0072229723
994140,0.030813418
994141,0.0073249368
994142,0.02046473
994143,0.010460707
994144,0.011816201
994145,0.017027372
994146,0.010220157
994147,0.0070219152
994148,0.016199449
994149,0.039590992
994150,0.0095790504
994151,0.017462518
994152,0.0063597844
994153,0.01082261
994154,0.014046703
994155,0.010368078
994156,0.0074218749
994157,0.0073033948
994158,0.01811308
994159,0.018306239
994160,0.01396269
994161,0.016327981
994162,0.010808967
994163,0.0068151136
994164,0.0071920957
994165,0.029582608
994166,0.016646082
994167,0.022174647
994168,0.0093678189
994169,0.010914522
994170,0.0071920957
994171,0.017928539
994172,0.035110522
994173,0.010517434
994174,0.02077565
994175,0.0072344611
994176,0.017474724
994177,0.013663976
994178,0.0074362364
994179,0.012641458
994180,0.039657053
994181,0.014305204
994182,0.0069163605
994183,0.0070664352
994184,0.010765165
994185,0.010329302
994186,0.0024333922
994187,0.01071921
994188,0.013845646
994189,0.0094597312
994190,0.0079273898
994191,0.023897059
994192,0.023790067
994193,0.013854262
994194,0.014263557
994195,0.0074290554
994196,0.039636947
994197,0.017204734
994198,0.013678337
994199,0.013331134
994200,0.039705884
994201,0.013888088
994202,0.010868566
994203,0.0066166651
994204,0.010673254
994205,0.0069055893
994206,0.0072150733
994207,0.0082691861
994208,0.010426241
994209,0.01353688
994210,0.01539689
994211,0.0070233513
994212,0.010758703
994213,0.014026597
994214,0.0079963235
994215,0.014096967
994216,0.0095044831
994217,0.01372932
994218,0.010605756
994219,0.0029225582
994220,0.0071798884
994221,0.016166417
994222,0.023130888
994223,0.011316636
994224,0.0066801184
994225,0.010632324
994226,0.01288776
994227,0.0082411822
994228,0.0073802276
994229,0.027297076
994230,0.010410444
994231,0.0021332896
994232,0.0074190027
994233,0.0062184674
994234,0.018681066
994235,0.0074750115
994236,0.0078311693
994237,0.016808365
994238,0.006996783
994239,0.010890826
994240,0.030816291
994241,0.0072567211
994242,0.010586368
994243,0.0063799955
994244,0.0076495004
994245,0.021047793
994246,0.0073077031
994247,0.026091453
994248,0.010618681
994249,0.010928883
994250,0.0070542279
994251,0.022891775
994252,0.0061251111
994253,0.0073335534
994254,0.010895853
994255,0.0092146341
994256,0.010888672
994257,0.013565459
994258,0.023924345
994259,0.0072631836
994260,0.0068143955
994261,0.013534008
994262,0.0071949679
994263,0.01103013
994264,0.010962632
994265,0.016622482
994266,0.0074563418
994267,0.017983111
994268,0.0064747529
994269,0.013932531
994270,0.012204159
994271,0.010891544
994272,0.0086713005
994273,0.0073486329
994274,0.0078282971
994275,0.020711023
994276,0.019351289
994277,0.017566636
994278,0.014007928
994279,0.019106897
994280,0.0081384219
994281,0.010409008
994282,0.010733571
994283,0.039471075
994284,0.028326418
994285,0.013804716
994286,0.0070527918
994287,0.0079273898
994288,0.0060215369
994289,0.0060426476
994290,0.02463307
994291,0.0072301528
994292,0.0085722078
994293,0.011664895
994294,0.0075870291
994295,0.020580336
994296,0.0072847256
994297,0.0023991552
994298,0.039257813
994299,0.0065253242
994300,0.00630537
994301,0.0064524929
994302,0.0071131089
994303,0.010519588
994304,0.0084985737
994305,0.0072617475
994306,0.0061415727
994307,0.030422794
994308,0.010622271
994309,0.007100902
994310,0.009475952
994311,0.011090447
994312,0.014487592
994313,0.0074039237
994314,0.0084329043
994315,0.0083251949
994316,0.0074405447
994317,0.010469325
994318,0.017693015
994319,0.010770191
994320,0.027829159
994321,0.0065155737
994322,0.010332175
994323,0.0072617475
994324,0.0067540784
994325,0.0064772717
994326,0.0071066464
994327,0.010691923
994328,0.031496625
994329,0.021248851
994330,0.0020705357
994331,0.0070693074
994332,0.0071576289
994333,0.027225828
994334,0.01058924
994335,0.0070434571
994336,0.011902574
994337,0.0071461396
994338,0.030030016
994339,0.028759766
994340,0.013538316
994341,0.0070772059
994342,0.018448185
994343,0.039212573
994344,0.013924632
994345,0.031586051
994346,0.010685461
994347,0.010440602
994348,0.03214255
994349,0.01071131
994350,0.0063234698
994351,0.007798139
994352,0.022776455
994353,0.011470301
994354,0.010158404
994355,0.014583094
994356,0.0072114831
994357,0.026334874
994358,0.011015768
994359,0.025022978
994360,0.010354435
994361,0.015418199
994362,0.034888197
994363,0.027253274
994364,0.0077923941
994365,0.0069888844
994366,0.0070441752
994367,0.0076861214
994368,0.0097024357
994369,0.016989315
994370,0.0072150733
994371,0.0087759681
994372,0.0083711511
994373,0.010505945
994374,0.010736443
994375,0.023661535
994376,0.020479808
994377,0.0071648094
994378,0.013597197
994379,0.007422593
994380,0.03559266
994381,0.019679965
994382,0.010354435
994383,0.033916734
994384,0.039774816
994385,0.014028033
994386,0.020329734
994387,0.018226534
994388,0.0072840075
994389,0.0073759193
994390,0.0021431986
994391,0.010664637
994392,0.013879557
994393,0.013666131
994394,0.0072387694
994395,0.010843434
994396,0.006856523
994397,0.007841222
994398,0.0072165094
994399,0.024494486
994400,0.0061428486
994401,0.011203901
994402,0.0058435774
994403,0.011103372
994404,0.0074132583
994405,0.0073098578
994406,0.010324276
994407,0.0072646197
994408,0.018440517
994409,0.010376695
994410,0.023920037
994411,0.0070125805
994412,0.016962029
994413,0.0088465074
994414,0.01157509
994415,0.023713235
994416,0.0096815079
994417,0.024399702
994418,0.020186121
994419,0.0062521542
994420,0.0073888442
994421,0.0072495406
994422,0.024943274
994423,0.0086210361
994424,0.010500919
994425,0.010536104
994426,0.0086124195
994427,0.013641717
994428,0.0072308709
994429,0.011592371
994430,0.022153607
994431,0.017395739
994432,0.039855238
994433,0.03347886
994434,0.0074261832
994435,0.007313448
994436,0.0072998046
994437,0.015871529
994438,0.017369887
994439,0.007136805
994440,0.022531578
994441,0.010653866
994442,0.013038729
994443,0.015330595
994444,0.021013327
994445,0.0097886026
994446,0.024244601
994447,0.019149959
994448,0.013286277
994449,0.007174144
994450,0.017536478
994451,0.010943962
994452,0.0070154527
994453,0.010775937
994454,0.027641745
994455,0.039303768
994456,0.0080307908
994457,0.010542567
994458,0.0072165094
994459,0.0087854723
994460,0.027600816
994461,0.010775937
994462,0.013054343
994463,0.0096949991
994464,0.0072574392
994465,0.010629452
994466,0.0074470071
994467,0.014080452
994468,0.010046119
994469,0.007137523
994470,0.0072883158
994471,0.011777032
994472,0.013907399
994473,0.0070678713
994474,0.013620174
994475,0.0080537684
994476,0.017085535
994477,0.01762215
994478,0.0072150733
994479,0.020326143
994480,0.022405647
994481,0.011595244
994482,0.016862219
994483,0.010235237
994484,0.0072847256
994485,0.0071231616
994486,0.013983513
994487,0.010750086
994488,0.010378849
994489,0.006050379
994490,0.007372329
994491,0.0073069851
994492,0.013752297
994493,0.02386331
994494,0.01568819
994495,0.0061164405
994496,0.0067648496
994497,0.0094647575
994498,0.0076401653
994499,0.0072495406
994500,0.031177476
994501,0.01372932
994502,0.0078491215
994503,0.010880055
994504,0.017374914
994505,0.007210047
994506,0.011240521
994507,0.010615809
994508,0.016891658
994509,0.014105584
994510,0.023161765
994511,0.014085478
994512,0.015214269
994513,0.025985939
994514,0.010379567
994515,0.0070377127
994516,0.0072789812
994517,0.013829849
994518,0.014198214
994519,0.0073479149
994520,0.020201918
994521,0.0063332953
994522,0.0077126897
994523,0.0063914577
994524,0.006502036
994525,0.010262619
994526,0.010721364
994527,0.0069163605
994528,0.015001997
994529,0.010661765
994530,0.0061947093
994531,0.0077837775
994532,0.010740033
994533,0.027725041
994534,0.028231379
994535,0.0066724718
994536,0.013904527
994537,0.0095975986
994538,0.020551614
994539,0.0069091795
994540,0.010420497
994541,0.0078922044
994542,0.01532126
994543,0.0072667738
994544,0.0099656247
994545,0.0095053092
994546,0.017512782
994547,0.013209766
994548,0.0066140569
994549,0.015762867
994550,0.02176011
994551,0.0070851045
994552,0.022884592
994553,0.0074261832
994554,0.0072725182
994555,0.010650994
994556,0.010662483
994557,0.0074793198
994558,0.0085467333
994559,0.0071482938
994560,0.0070111444
994561,0.0070657171
994562,0.020627011
994563,0.033827923
994564,0.0063769338
994565,0.039975874
994566,0.022912597
994567,0.010799632
994568,0.010573443
994569,0.0071691177
994570,0.010555492
994571,0.0059038945
994572,0.01048225
994573,0.014399271
994574,0.0075468174
994575,0.01047866
994576,0.0070054
994577,0.024270451
994578,0.006209827
994579,0.017405791
994580,0.0073263729
994581,0.011062485
994582,0.010635196
994583,0.013798254
994584,0.019171759
994585,0.010732853
994586,0.0088680489
994587,0.017158778
994588,0.01040039
994589,0.019642103
994590,0.006997501
994591,0.023943014
994592,0.0098819509
994593,0.007077924
994594,0.0070657171
994595,0.013913143
994596,0.0139591
994597,0.0070772059
994598,0.0069673425
994599,0.0074075139
994600,0.0073658661
994601,0.021909466
994602,0.026962157
994603,0.010477941
994604,0.013763787
994605,0.0071705538
994606,0.0075353286
994607,0.0075252759
994608,0.016970646
994609,0.014310231
994610,0.010561236
994611,0.010328584
994612,0.012548579
994613,0.017155187
994614,0.0070951572
994615,0.017589614
994616,0.007078642
994617,0.010546875
994618,0.0088809747
994619,0.010745778
994620,0.0057489914
994621,0.010625862
994622,0.01013399
994623,0.0073112939
994624,0.027527574
994625,0.010638068
994626,0.015562706
994627,0.0093527399
994628,0.007093003
994629,0.0105598
994630,0.017634852
994631,0.014287971
994632,0.0069192327
994633,0.0095918542
994634,0.016208904
994635,0.021029124
994636,0.010869284
994637,0.0071324967
994638,0.0073550954
994639,0.0071691177
994640,0.0071296245
994641,0.007159065
994642,0.010535386
994643,0.010164867
994644,0.01327241
994645,0.010594267
994646,0.011339614
994647,0.013674029
994648,0.02009421
994649,0.0068854839
994650,0.017322496
994651,0.0064384956
994652,0.007217946
994653,0.010515998
994654,0.019359633
994655,0.0074642408
994656,0.020744458
994657,0.0070958757
994658,0.0071202894
994659,0.013634535
994660,0.016916791
994661,0.01048943
994662,0.021836225
994663,0.0073313992
994664,0.0087431064
994665,0.0072538489
994666,0.0069034351
994667,0.0070886947
994668,0.014028033
994669,0.033980783
994670,0.0079388786
994671,0.0070312498
994672,0.017160214
994673,0.020477654
994674,0.02034984
994675,0.0071755801
994676,0.004175195
994677,0.022889625
994678,0.0067506703
994679,0.021487247
994680,0.0090785399
994681,0.0072933421
994682,0.0068818936
994683,0.020690918
994684,0.0062396666
994685,0.007291906
994686,0.0080501782
994687,0.007034122
994688,0.037139095
994689,0.010592113
994690,0.010701976
994691,0.0084637813
994692,0.0070010913
994693,0.020920698
994694,0.0070255054
994695,0.030853631
994696,0.0061717313
994697,0.007371611
994698,0.023825252
994699,0.014051011
994700,0.016946232
994701,0.014032342
994702,0.016039321
994703,0.013698443
994704,0.010895853
994705,0.027353803
994706,0.0076078526
994707,0.017176012
994708,0.0071497299
994709,0.0066415453
994710,0.0071238796
994711,0.023851821
994712,0.0067114364
994713,0.017295927
994714,0.010088034
994715,0.0059283087
994716,0.02109375
994717,0.013890166
994718,0.0097325938
994719,0.011440142
994720,0.016797282
994721,0.0069264132
994722,0.0098218098
994723,0.032678939
994724,0.0073450427
994725,0.0068007526
994726,0.016773896
994727,0.0077435663
994728,0.0068933824
994729,0.017389275
994730,0.016947668
994731,0.02943735
994732,0.0070743337
994733,0.010595703
994734,0.0072387694
994735,0.014446663
994736,0.010541131
994737,0.0076279584
994738,0.0094961198
994739,0.030771218
994740,0.013993566
994741,0.010948989
994742,0.010663201
994743,0.018930234
994744,0.0096596591
994745,0.015429316
994746,0.0072567211
994747,0.023816636
994748,0.010903751
994749,0.021702666
994750,0.011065315
994751,0.021302706
994752,0.0070255054
994753,0.0071102367
994754,0.010228056
994755,0.013940429
994756,0.039499801
994757,0.020668657
994758,0.010686897
994759,0.014481129
994760,0.007525994
994761,0.013686236
994762,0.03961828
994763,0.011477482
994764,0.0070003732
994765,0.023747703
994766,0.010182818
994767,0.010251034
994768,0.012623895
994769,0.014046703
994770,0.02749167
994771,0.020967372
994772,0.014399989
994773,0.014045984
994774,0.0099076442
994775,0.0072258445
994776,0.0071102367
994777,0.0070140166
994778,0.0073450427
994779,0.021645179
994780,0.024310661
994781,0.0074778837
994782,0.00743121
994783,0.0068818936
994784,0.0063390187
994785,0.018785184
994786,0.0077493107
994787,0.0071640913
994788,0.010297708
994789,0.010080135
994790,0.0066644028
994791,0.015929457
994792,0.0074139764
994793,0.021507353
994794,0.011468865
994795,0.0073701749
994796,0.018795956
994797,0.0095286649
994798,0.0078814337
994799,0.010670382
994800,0.012976849
994801,0.016558848
994802,0.0069149244
994803,0.03424862
994804,0.019773794
994805,0.030238971
994806,0.0087028956
994807,0.012542371
994808,0.011374081
994809,0.0070319679
994810,0.0070714615
994811,0.020590154
994812,0.0072725182
994813,0.010745778
994814,0.0080070943
994815,0.0063136248
994816,0.0071403952
994817,0.0066624573
994818,0.0068467082
994819,0.022475298
994820,0.017532887
994821,0.011961618
994822,0.013545496
994823,0.00823831
994824,0.02678079
994825,0.0073816637
994826,0.028182445
994827,0.0072516948
994828,0.013987103
994829,0.0065170308
994830,0.013786765
994831,0.010546875
994832,0.021442523
994833,0.0069852942
994834,0.016333224
994835,0.0070535098
994836,0.022117704
994837,0.010523897
994838,0.018030798
994839,0.010599294
994840,0.017107077
994841,0.010696949
994842,0.013923196
994843,0.0072380514
994844,0.01070772
994845,0.014303768
994846,0.010921703
994847,0.0069278493
994848,0.0072954963
994849,0.0057425383
994850,0.013371008
994851,0.014170927
994852,0.02442986
994853,0.0075030159
994854,0.034212001
994855,0.018274726
994856,0.035168391
994857,0.023624914
994858,0.027102482
994859,0.0068251668
994860,0.01570686
994861,0.017782055
994862,0.01080035
994863,0.0082340017
994864,0.012128763
994865,0.010682588
994866,0.01527674
994867,0.020763442
994868,0.0067102769
994869,0.011582319
994870,0.016783232
994871,0.013809742
994872,0.0064848056
994873,0.011165125
994874,0.03954719
994875,0.011927705
994876,0.013740809
994877,0.014925609
994878,0.0070082722
994879,0.007525994
994880,0.0072380514
994881,0.0074139764
994882,0.024471506
994883,0.0070621264
994884,0.0085169179
994885,0.021129653
994886,0.010741469
994887,0.035732854
994888,0.0071619372
994889,0.013663258
994890,0.0072725182
994891,0.020400103
994892,0.023462564
994893,0.016913202
994894,0.019406337
994895,0.032003544
994896,0.0094687305
994897,0.0070901308
994898,0.0071612191
994899,0.0073752012
994900,0.0073213466
994901,0.010705566
994902,0.027429199
994903,0.010757267
994904,0.017063275
994905,0.017451746
994906,0.021995589
994907,0.0071224435
994908,0.0070456113
994909,0.0077809053
994910,0.012724034
994911,0.010495893
994912,0.0095162466
994913,0.011639395
994914,0.0062752785
994915,0.0093434751
994916,0.010403981
994917,0.0062897746
994918,0.0071468577
994919,0.013967716
994920,0.0072387694
994921,0.0073005226
994922,0.017830882
994923,0.0069307215
994924,0.0073579676
994925,0.013977051
994926,0.007173426
994927,0.01753217
994928,0.013936121
994929,0.0074491613
994930,0.010848461
994931,0.010615091
994932,0.014123535
994933,0.028106974
994934,0.013437289
994935,0.0063684196
994936,0.0072258445
994937,0.015372243
994938,0.014023007
994939,0.0076121609
994940,0.010075827
994941,0.020061178
994942,0.0076861214
994943,0.010691923
994944,0.0070886947
994945,0.015750138
994946,0.0072897519
994947,0.0023560359
994948,0.015880629
994949,0.0066652689
994950,0.0068402458
994951,0.0015990417
994952,0.010569853
994953,0.0071870694
994954,0.0075827204
994955,0.014166619
994956,0.03072438
994957,0.013768096
994958,0.0079546757
994959,0.01043773
994960,0.0072150733
994961,0.014394962
994962,0.0080422796
994963,0.0069558537
994964,0.010669664
994965,0.0072244084
994966,0.01780216
994967,0.0097261453
994968,0.010661765
994969,0.0072366153
994970,0.010687615
994971,0.011879596
994972,0.0062083439
994973,0.013126938
994974,0.0070377127
994975,0.010734289
994976,0.0099546555
994977,0.0071992762
994978,0.0071245977
994979,0.0066786823
994980,0.01048225
994981,0.0072007123
994982,0.0075970818
994983,0.013811897
994984,0.0065139621
994985,0.010523897
994986,0.040073529
994987,0.016865809
994988,0.030353861
994989,0.01056339
994990,0.035360456
994991,0.010462143
994992,0.0065544974
994993,0.0072272806
994994,0.0064215041
994995,0.0077730068
994996,0.0072653377
994997,0.029830962
994998,0.012757118
994999,0.036568027
995000,0.016823443
995001,0.011641808
995002,0.007195686
995003,0.01736127
995004,0.0061990176
995005,0.0071863509
995006,0.0072014304
995007,0.01750919
995008,0.017688707
995009,0.01004524
995010,0.022163661
995011,0.0071576289
995012,0.011503331
995013,0.0073450427
995014,0.017566636
995015,0.010470761
995016,0.027653953
995017,0.010849897
995018,0.0033543627
995019,0.013296461
995020,0.0074843462
995021,0.023364257
995022,0.010903033
995023,0.0069565717
995024,0.0094030043
995025,0.0072761085
995026,0.010332893
995027,0.0074865003
995028,0.014028033
995029,0.0071346508
995030,0.0083194505
995031,0.010778091
995032,0.0073601217
995033,0.010878619
995034,0.010781681
995035,0.010317096
995036,0.0082059968
995037,0.011432244
995038,0.0095126843
995039,0.0074505974
995040,0.0075913374
995041,0.017239919
995042,0.022231158
995043,0.0076530906
995044,0.0072380514
995045,0.016116543
995046,0.013947611
995047,0.0077205882
995048,0.010386747
995049,0.021139706
995050,0.0054838294
995051,0.0072344611
995052,0.013075344
995053,0.013775276
995054,0.011025104
995055,0.031826656
995056,0.0070219152
995057,0.014224782
995058,0.010564826
995059,0.0071985582
995060,0.0070571001
995061,0.006571691
995062,0.011440142
995063,0.0075382008
995064,0.013898782
995065,0.0064766593
995066,0.0096307229
995067,0.0077579273
995068,0.0075137867
995069,0.028152287
995070,0.010661765
995071,0.0278586
995072,0.0089707319
995073,0.0063031367
995074,0.011880314
995075,0.016422765
995076,0.016201222
995077,0.010811121
995078,0.0072502587
995079,0.017377786
995080,0.014114918
995081,0.0070082722
995082,0.039321002
995083,0.010984892
995084,0.0067346911
995085,0.010712029
995086,0.0073945886
995087,0.020484835
995088,0.023690257
995089,0.034221336
995090,0.0059189741
995091,0.0070657171
995092,0.0073292451
995093,0.014410041
995094,0.025473921
995095,0.01101146
995096,0.027056526
995097,0.015533088
995098,0.022967344
995099,0.0070592542
995100,0.010466452
995101,0.0087026376
995102,0.010376695
995103,0.01027832
995104,0.013763787
995105,0.007349351
995106,0.01081543
995107,0.0071159811
995108,0.0071639577
995109,0.013926068
995110,0.007100184
995111,0.020785702
995112,0.0058205999
995113,0.0069508273
995114,0.011099782
995115,0.0067950399
995116,0.0063993568
995117,0.018077178
995118,0.0072258445
995119,0.033476707
995120,0.007246668
995121,0.027852187
995122,0.0078354776
995123,0.017049633
995124,0.0072402055
995125,0.010853487
995126,0.01415154
995127,0.0064836997
995128,0.022248344
995129,0.015394584
995130,0.037418708
995131,0.010765165
995132,0.013905245
995133,0.019129137
995134,0.034020998
995135,0.0071834787
995136,0.00740895
995137,0.01739502
995138,0.0072969324
995139,0.014341826
995140,0.010640223
995141,0.010363052
995142,0.013204101
995143,0.0090669524
995144,0.0027086751
995145,0.0071619372
995146,0.010185691
995147,0.0071482938
995148,0.0071439855
995149,0.028371658
995150,0.0071504479
995151,0.0070937211
995152,0.023624197
995153,0.013915298
995154,0.016348805
995155,0.013947611
995156,0.010457835
995157,0.010867848
995158,0.0086547853
995159,0.0097311577
995160,0.0073802276
995161,0.0072875977
995162,0.014039522
995163,0.011394187
995164,0.038086157
995165,0.039369829
995166,0.010623707
995167,0.010677562
995168,0.031935252
995169,0.010202206
995170,0.007371611
995171,0.030636057
995172,0.017179601
995173,0.0072603114
995174,0.010648121
995175,0.020566693
995176,0.033895336
995177,0.0073120119
995178,0.01395445
995179,0.007400333
995180,0.0071978401
995181,0.013375316
995182,0.0065367203
995183,0.0074865003
995184,0.0063921195
995185,0.010592113
995186,0.007092285
995187,0.007114545
995188,0.0072409236
995189,0.0072639016
995190,0.013798254
995191,0.0074843462
995192,0.0070621264
995193,0.0069328756
995194,0.0028388714
995195,0.013997156
995196,0.027903983
995197,0.011523438
995198,0.013859289
995199,0.010765165
995200,0.010443474
995201,0.0073515051
995202,0.015306015
995203,0.021062156
995204,0.0073033948
995205,0.0076631433
995206,0.0044088634
995207,0.0073522232
995208,0.020271571
995209,0.014316694
995210,0.0081571694
995211,0.01037454
995212,0.0073938705
995213,0.0076279584
995214,0.01070054
995215,0.018589154
995216,0.017303107
995217,0.013595043
995218,0.039200369
995219,0.019493243
995220,0.010880773
995221,0.024162022
995222,0.0071640913
995223,0.011867388
995224,0.019867452
995225,0.028717954
995226,0.027976362
995227,0.0072373333
995228,0.0070700254
995229,0.0084400848
995230,0.006494543
995231,0.010788144
995232,0.0089348285
995233,0.0065982593
995234,0.0069946288
995235,0.01041547
995236,0.014648438
995237,0.0067533604
995238,0.02057172
995239,0.014811438
995240,0.010352281
995241,0.013476563
995242,0.010449937
995243,0.030828498
995244,0.039604634
995245,0.009255372
995246,0.0085477941
995247,0.010577751
995248,0.010569853
995249,0.010307761
995250,0.013956945
995251,0.013602941
995252,0.0072215362
995253,0.010695513
995254,0.0238152
995255,0.017090563
995256,0.010558364
995257,0.0063980762
995258,0.039491899
995259,0.014270738
995260,0.010615809
995261,0.0078239888
995262,0.010828354
995263,0.010887235
995264,0.0064483322
995265,0.020438878
995266,0.013158535
995267,0.020798627
995268,0.0099106729
995269,0.0068625058
995270,0.013903809
995271,0.016799748
995272,0.0071461396
995273,0.0098503558
995274,0.0074103861
995275,0.0070240693
995276,0.014861701
995277,0.017361989
995278,0.010755112
995279,0.010403262
995280,0.010308479
995281,0.01822797
995282,0.0099013383
995283,0.0072753904
995284,0.036989991
995285,0.0073005226
995286,0.017992446
995287,0.010717056
995288,0.0079352884
995289,0.0067591048
995290,0.0076983282
995291,0.023563879
995292,0.0068251668
995293,0.010684743
995294,0.0074103861
995295,0.010261087
995296,0.0064467485
995297,0.0084422389
995298,0.016492503
995299,0.010454245
995300,0.0087201288
995301,0.037792891
995302,0.0074685491
995303,0.0098860618
995304,0.0072014304
995305,0.010477941
995306,0.028241325
995307,0.0061099781
995308,0.0070176069
995309,0.0072416416
995310,0.013161519
995311,0.017237047
995312,0.0096997572
995313,0.011368336
995314,0.0064543681
995315,0.0070901308
995316,0.0070886947
995317,0.028258558
995318,0.010161994
995319,0.039622586
995320,0.03951057
995321,0.0073902803
995322,0.017164523
995323,0.0072732363
995324,0.010251034
995325,0.023790067
995326,0.010523897
995327,0.007019043
995328,0.0071095186
995329,0.013910271
995330,0.006901281
995331,0.017845243
995332,0.010765165
995333,0.0070728976
995334,0.0073270909
995335,0.013884421
995336,0.0092299515
995337,0.0063762162
995338,0.0099135451
995339,0.017491957
995340,0.015356446
995341,0.0070355586
995342,0.0063036769
995343,0.0064417282
995344,0.010526051
995345,0.0099336514
995346,0.010940372
995347,0.020720359
995348,0.0108341
995349,0.013099581
995350,0.010900161
995351,0.010167021
995352,0.0096514532
995353,0.010762293
995354,0.007114545
995355,0.0172392
995356,0.035963215
995357,0.0074742935
995358,0.0078512756
995359,0.0084530097
995360,0.013133329
995361,0.027142692
995362,0.010324994
995363,0.011586993
995364,0.013928222
995365,0.0073586856
995366,0.0072251265
995367,0.01063017
995368,0.0063088811
995369,0.007136805
995370,0.013641717
995371,0.0072215362
995372,0.0073450427
995373,0.0072516948
995374,0.0237635
995375,0.0071576289
995376,0.0073450427
995377,0.0073407344
995378,0.0072380514
995379,0.0075597428
995380,0.010519588
995381,0.0072890338
995382,0.010322122
995383,0.0097932573
995384,0.0069292854
995385,0.0073687383
995386,0.0073687383
995387,0.010790298
995388,0.021095186
995389,0.023427447
995390,0.0088579962
995391,0.017413689
995392,0.010880055
995393,0.0077938302
995394,0.0095822746
995395,0.010391774
995396,0.0167275
995397,0.0089994539
995398,0.0071949679
995399,0.0071116728
995400,0.010719928
995401,0.0071806065
995402,0.010730699
995403,0.0072057387
995404,0.010676126
995405,0.010885081
995406,0.0072050206
995407,0.0073156022
995408,0.0063049905
995409,0.0073184744
995410,0.017074764
995411,0.010862822
995412,0.0075446633
995413,0.0085650273
995414,0.010332175
995415,0.0073701749
995416,0.0070815142
995417,0.028463837
995418,0.0070484835
995419,0.0075525618
995420,0.013717831
995421,0.014253505
995422,0.02439611
995423,0.010619399
995424,0.016185327
995425,0.0071920957
995426,0.0075597428
995427,0.017371323
995428,0.0071691177
995429,0.0074333642
995430,0.010144761
995431,0.0073414524
995432,0.011089729
995433,0.017049633
995434,0.013947611
995435,0.030549891
995436,0.0071461396
995437,0.019980038
995438,0.010999971
995439,0.014395947
995440,0.0091983574
995441,0.0063928836
995442,0.014708037
995443,0.016631586
995444,0.0098955659
995445,0.010317096
995446,0.010447782
995447,0.0074527515
995448,0.010959042
995449,0.0070168888
995450,0.015540269
995451,0.027079504
995452,0.0063884137
995453,0.017899817
995454,0.017652804
995455,0.0071870694
995456,0.007400333
995457,0.013608686
995458,0.034021713
995459,0.0086081112
995460,0.028333956
995461,0.0074692671
995462,0.0071942499
995463,0.0072430777
995464,0.012568934
995465,0.015222886
995466,0.0070542279
995467,0.007673196
995468,0.023617733
995469,0.0071461396
995470,0.033732336
995471,0.018788775
995472,0.014109174
995473,0.023644302
995474,0.0099688359
995475,0.015940947
995476,0.0092518041
995477,0.0071123908
995478,0.034063362
995479,0.010462862
995480,0.013213752
995481,0.01437342
995482,0.007078642
995483,0.007042021
995484,0.0069896025
995485,0.010523179
995486,0.010812557
995487,0.0089254938
995488,0.010698386
995489,0.023935117
995490,0.0057595647
995491,0.039433736
995492,0.0067210477
995493,0.02366728
995494,0.017428769
995495,0.0071569108
995496,0.0072294348
995497,0.010581342
995498,0.0090568988
995499,0.0064691803
995500,0.0073795095
995501,0.0065342062
995502,0.010721364
995503,0.013766659
995504,0.010381721
995505,0.0069544176
995506,0.020359734
995507,0.00736443
995508,0.014030905
995509,0.0080243275
995510,0.021128217
995511,0.014028751
995512,0.010454963
995513,0.010352281
995514,0.010466452
995515,0.018120978
995516,0.0073141661
995517,0.010124655
995518,0.026667336
995519,0.017274385
995520,0.030577177
995521,0.007055664
995522,0.019933531
995523,0.010684025
995524,0.0072409236
995525,0.007151884
995526,0.0070886947
995527,0.0211534
995528,0.0078699449
995529,0.017957261
995530,0.018060662
995531,0.013524673
995532,0.017662138
995533,0.020672966
995534,0.013738655
995535,0.0074929632
995536,0.0072990865
995537,0.0071238796
995538,0.007365148
995539,0.0068359375
995540,0.0072660558
995541,0.0063447841
995542,0.0061753215
995543,0.010646685
995544,0.0111005
995545,0.0062797717
995546,0.0070714615
995547,0.0088967718
995548,0.006072639
995549,0.017405791
995550,0.01048943
995551,0.0073529412
995552,0.0064287973
995553,0.0071899416
995554,0.013923914
995555,0.0073177563
995556,0.0071504479
995557,0.020443186
995558,0.015031852
995559,0.0079288259
995560,0.017364861
995561,0.013488051
995562,0.010587086
995563,0.011445169
995564,0.027607996
995565,0.0073874081
995566,0.0071281884
995567,0.0065767965
995568,0.0076717599
995569,0.0043962235
995570,0.0070427391
995571,0.0045385654
995572,0.0071978401
995573,0.0080099665
995574,0.010861386
995575,0.0074269013
995576,0.019567378
995577,0.0070111444
995578,0.0076293945
995579,0.037162513
995580,0.0070585362
995581,0.014135025
995582,0.01046717
995583,0.023695285
995584,0.010845589
995585,0.0070886947
995586,0.010595703
995587,0.024455709
995588,0.0099059138
995589,0.015199738
995590,0.0075870291
995591,0.023647891
995592,0.010523897
995593,0.0068589156
995594,0.014675723
995595,0.038787484
995596,0.015693935
995597,0.012864775
995598,0.022401758
995599,0.017198989
995600,0.0072739543
995601,0.013448037
995602,0.014160156
995603,0.008062385
995604,0.014074707
995605,0.013878676
995606,0.013972742
995607,0.010562672
995608,0.027823415
995609,0.007078642
995610,0.013306382
995611,0.010557646
995612,0.0064403317
995613,0.014458152
995614,0.0070068361
995615,0.01451057
995616,0.0089800665
995617,0.0070865406
995618,0.0070434571
995619,0.0065953871
995620,0.01202608
995621,0.0059756194
995622,0.017164523
995623,0.014010082
995624,0.0078553809
995625,0.025631893
995626,0.0086763268
995627,0.0063993568
995628,0.010611501
995629,0.017325368
995630,0.020990349
995631,0.0074125403
995632,0.013629509
995633,0.024301328
995634,0.024244601
995635,0.014066808
995636,0.010945398
995637,0.007247386
995638,0.013900219
995639,0.0073378617
995640,0.0061078239
995641,0.019601656
995642,0.013556985
995643,0.015773775
995644,0.010719928
995645,0.010781681
995646,0.0069917566
995647,0.0088648461
995648,0.0072818534
995649,0.020278033
995650,0.037392292
995651,0.0075439452
995652,0.027228143
995653,0.014022289
995654,0.01027473
995655,0.0083625345
995656,0.010791016
995657,0.0091818413
995658,0.017203297
995659,0.022355469
995660,0.0020251528
995661,0.016001983
995662,0.0068467082
995663,0.013972742
995664,0.0071037742
995665,0.030625287
995666,0.010602884
995667,0.013553395
995668,0.024108168
995669,0.0096241673
995670,0.024310661
995671,0.0099846385
995672,0.010854205
995673,0.024149816
995674,0.0074908086
995675,0.021289062
995676,0.0073601217
995677,0.01484734
995678,0.014624024
995679,0.031215534
995680,0.037591912
995681,0.01423627
995682,0.010803223
995683,0.010333611
995684,0.012915039
995685,0.0073888442
995686,0.024489459
995687,0.0069185146
995688,0.024011949
995689,0.007525994
995690,0.010229493
995691,0.015857652
995692,0.007929544
995693,0.0071332147
995694,0.008414235
995695,0.0072265626
995696,0.01404024
995697,0.0058191638
995698,0.0089333924
995699,0.011086857
995700,0.010693359
995701,0.0070283776
995702,0.010354435
995703,0.01048943
995704,0.0070305318
995705,0.017768411
995706,0.013790355
995707,0.0098941578
995708,0.024164177
995709,0.0073529412
995710,0.0069623161
995711,0.0066427793
995712,0.013549087
995713,0.018004656
995714,0.0071784523
995715,0.0097620348
995716,0.0077442843
995717,0.0078002932
995718,0.017712802
995719,0.0072610294
995720,0.039145079
995721,0.010997817
995722,0.016446078
995723,0.0059283087
995724,0.02754768
995725,0.010771628
995726,0.014089786
995727,0.0071605011
995728,0.017713839
995729,0.0068416819
995730,0.010384593
995731,0.0071820426
995732,0.006570973
995733,0.022470273
995734,0.0071382411
995735,0.020958755
995736,0.02671401
995737,0.027685547
995738,0.014156566
995739,0.010982738
995740,0.011386288
995741,0.0074139764
995742,0.008723001
995743,0.010692641
995744,0.010004739
995745,0.022881292
995746,0.0107228
995747,0.014015826
995748,0.0070111444
995749,0.0074046417
995750,0.0071770162
995751,0.0073759193
995752,0.024159869
995753,0.014160874
995754,0.014695112
995755,0.011214672
995756,0.0070226332
995757,0.013867187
995758,0.022520918
995759,0.010259651
995760,0.013706342
995761,0.01726505
995762,0.009529002
995763,0.0074254652
995764,0.0070642806
995765,0.013984231
995766,0.012998334
995767,0.007217946
995768,0.0071195713
995769,0.0068309112
995770,0.010692641
995771,0.0072538489
995772,0.010526769
995773,0.010184254
995774,0.020213408
995775,0.014985434
995776,0.0071303425
995777,0.019588694
995778,0.0069221049
995779,0.0072646197
995780,0.0071231616
995781,0.0074635227
995782,0.013479481
995783,0.0098317014
995784,0.012866866
995785,0.0088831289
995786,0.0080702836
995787,0.02654383
995788,0.01429946
995789,0.013165186
995790,0.017252844
995791,0.020493452
995792,0.019697839
995793,0.007100184
995794,0.013872214
995795,0.021266084
995796,0.014305204
995797,0.010998535
995798,0.0053035445
995799,0.014145795
995800,0.013111508
995801,0.015581198
995802,0.0095398529
995803,0.037016027
995804,0.020683737
995805,0.01056339
995806,0.0074060778
995807,0.01496737
995808,0.016489545
995809,0.010484404
995810,0.010450655
995811,0.010383875
995812,0.007218664
995813,0.02391501
995814,0.0083346562
995815,0.0070003732
995816,0.012797655
995817,0.036402803
995818,0.010184254
995819,0.039751839
995820,0.007327809
995821,0.0073888442
995822,0.020695945
995823,0.0063332953
995824,0.0057674632
995825,0.013568474
995826,0.011094755
995827,0.01251106
995828,0.0070886947
995829,0.011482546
995830,0.0077744429
995831,0.01141142
995832,0.020132985
995833,0.007444853
995834,0.0073687383
995835,0.006865378
995836,0.006605478
995837,0.0072157914
995838,0.032546479
995839,0.039673571
995840,0.010285501
995841,0.0070075542
995842,0.0071698357
995843,0.0074254652
995844,0.012782197
995845,0.0071849148
995846,0.010500919
995847,0.013554113
995848,0.0068467082
995849,0.03997013
995850,0.0062817265
995851,0.017942181
995852,0.027064424
995853,0.010328584
995854,0.015629308
995855,0.010421933
995856,0.012339154
995857,0.024770938
995858,0.0071806065
995859,0.011092601
995860,0.013933249
995861,0.013648897
995862,0.012835454
995863,0.0093771545
995864,0.0074139764
995865,0.010251034
995866,0.01539522
995867,0.019232538
995868,0.013832721
995869,0.016045962
995870,0.0073069851
995871,0.0031654648
995872,0.0071949679
995873,0.0066509303
995874,0.0070118625
995875,0.007100184
995876,0.0062952056
995877,0.008061667
995878,0.0083374027
995879,0.0069221049
995880,0.0092715994
995881,0.0071949679
995882,0.0094231097
995883,0.0071346508
995884,0.0072753904
995885,0.026031591
995886,0.0074333642
995887,0.03974035
995888,0.0068883561
995889,0.027447868
995890,0.014201804
995891,0.011914062
995892,0.0072150733
995893,0.017392147
995894,0.030639589
995895,0.011073931
995896,0.014292279
995897,0.0087976791
995898,0.027345186
995899,0.010572007
995900,0.0037863723
995901,0.0079237996
995902,0.0053138528
995903,0.0075432272
995904,0.010876465
995905,0.023517923
995906,0.014084042
995907,0.024532542
995908,0.00913445
995909,0.0071798884
995910,0.0061920141
995911,0.010515998
995912,0.019544102
995913,0.013938275
995914,0.017463235
995915,0.0072251265
995916,0.0062758503
995917,0.0072416416
995918,0.014051011
995919,0.015039062
995920,0.028010109
995921,0.017500574
995922,0.021322602
995923,0.0067935721
995924,0.0072811353
995925,0.0098308353
995926,0.012304688
995927,0.0072251265
995928,0.013997156
995929,0.0073852539
995930,0.0064007929
995931,0.017248536
995932,0.010941808
995933,0.0072926241
995934,0.0073105758
995935,0.010921703
995936,0.024453679
995937,0.0070018093
995938,0.024530388
995939,0.0073988969
995940,0.01027473
995941,0.00736443
995942,0.0069070254
995943,0.0071820426
995944,0.0070663565
995945,0.0074857823
995946,0.017562328
995947,0.020761289
995948,0.0072423597
995949,0.0072854436
995950,0.0209566
995951,0.0071080825
995952,0.012874857
995953,0.0070542279
995954,0.020809397
995955,0.014073989
995956,0.0067019491
995957,0.0073098578
995958,0.0073141661
995959,0.0068337834
995960,0.036946695
995961,0.01105239
995962,0.027552705
995963,0.039236989
995964,0.010424805
995965,0.0063755284
995966,0.013936121
995967,0.009222053
995968,0.014292279
995969,0.029963234
995970,0.020670813
995971,0.010574879
995972,0.010280474
995973,0.01728731
995974,0.010971967
995975,0.0065372242
995976,0.0059893439
995977,0.011051672
995978,0.010619399
995979,0.024297019
995980,0.010505945
995981,0.0074017695
995982,0.0096540358
995983,0.010556928
995984,0.031199018
995985,0.0074563418
995986,0.0055620978
995987,0.024804687
995988,0.010283346
995989,0.0071612191
995990,0.0086210323
995991,0.0085255345
995992,0.008378597
995993,0.030732997
995994,0.0069860122
995995,0.013857853
995996,0.0069163395
995997,0.007159065
995998,0.021254595
995999,0.0015892425
996000,0.0074204388
996001,0.027607279
996002,0.010546875
996003,0.031159524
996004,0.03717472
996005,0.007365148
996006,0.0069802678
996007,0.0069544176
996008,0.017249972
996009,0.0068821134
996010,0.021993387
996011,0.026141711
996012,0.0070427391
996013,0.0080494601
996014,0.010572725
996015,0.023740521
996016,0.0079765795
996017,0.033250518
996018,0.0085901599
996019,0.0064682849
996020,0.0061250576
996021,0.0061950972
996022,0.0077069453
996023,0.007467831
996024,0.017093435
996025,0.0093886433
996026,0.013950483
996027,0.017181756
996028,0.0069407742
996029,0.0060381722
996030,0.013395973
996031,0.010276166
996032,0.020463293
996033,0.014348288
996034,0.011945657
996035,0.014275764
996036,0.005869946
996037,0.017102769
996038,0.0071698357
996039,0.011249856
996040,0.007246668
996041,0.010801787
996042,0.0071116728
996043,0.0064872839
996044,0.010844152
996045,0.010235237
996046,0.0073809456
996047,0.010582778
996048,0.0080796182
996049,0.0072854436
996050,0.0072437958
996051,0.0071346508
996052,0.0072610294
996053,0.031279441
996054,0.010531078
996055,0.007481474
996056,0.013878676
996057,0.010527487
996058,0.02581186
996059,0.019754259
996060,0.018858906
996061,0.006887638
996062,0.017038861
996063,0.0068201399
996064,0.0069536995
996065,0.0072315889
996066,0.020520052
996067,0.01044491
996068,0.0059247185
996069,0.013909553
996070,0.0087732654
996071,0.0073069851
996072,0.010851333
996073,0.010828354
996074,0.0071095186
996075,0.0079783723
996076,0.01372573
996077,0.0070010913
996078,0.010730699
996079,0.0076976102
996080,0.0068840478
996081,0.016445722
996082,0.0077234604
996083,0.010742188
996084,0.019864431
996085,0.0070908489
996086,0.011176614
996087,0.00823831
996088,0.0070068361
996089,0.015336339
996090,0.0073673022
996091,0.015446112
996092,0.0085147638
996093,0.0070693074
996094,0.0071116728
996095,0.0073213466
996096,0.010931755
996097,0.0098912856
996098,0.018518066
996099,0.0069522634
996100,0.0093484316
996101,0.0073292451
996102,0.010303453
996103,0.032535583
996104,0.039602481
996105,0.0064293663
996106,0.013706342
996107,0.010749368
996108,0.0076559628
996109,0.01377025
996110,0.014099121
996111,0.0071016201
996112,0.0072229723
996113,0.010642377
996114,0.017201142
996115,0.0059254365
996116,0.010653866
996117,0.0072423597
996118,0.0073084212
996119,0.010721364
996120,0.039535701
996121,0.025796484
996122,0.039349724
996123,0.015902171
996124,0.022562984
996125,0.027298512
996126,0.0073981788
996127,0.005514706
996128,0.013997156
996129,0.008003504
996130,0.019325959
996131,0.0065639182
996132,0.036138639
996133,0.0067066867
996134,0.0099156993
996135,0.0073565315
996136,0.0062479516
996137,0.029088361
996138,0.0062008318
996139,0.0077916761
996140,0.0096613634
996141,0.026447276
996142,0.010330738
996143,0.0073184744
996144,0.010590677
996145,0.0099810436
996146,0.010351563
996147,0.0072445138
996148,0.0073436066
996149,0.0066693476
996150,0.020537971
996151,0.016276702
996152,0.017225558
996153,0.010377413
996154,0.019588694
996155,0.0071482938
996156,0.012523696
996157,0.0069637522
996158,0.0070714615
996159,0.0072840075
996160,0.0095078414
996161,0.0070369947
996162,0.0097777816
996163,0.0064003938
996164,0.0071245977
996165,0.0068596336
996166,0.0204159
996167,0.033690754
996168,0.017507754
996169,0.01171875
996170,0.0075202491
996171,0.0099678943
996172,0.012507899
996173,0.0078469673
996174,0.017573098
996175,0.017693015
996176,0.0073033948
996177,0.0073759193
996178,0.0059742648
996179,0.013152177
996180,0.0067077447
996181,0.034556668
996182,0.0073658661
996183,0.016866527
996184,0.013795381
996185,0.010755112
996186,0.0068129594
996187,0.017876837
996188,0.0074046417
996189,0.019739999
996190,0.0071705538
996191,0.0072057387
996192,0.010605038
996193,0.0063632214
996194,0.014150104
996195,0.029758578
996196,0.0074333642
996197,0.020278033
996198,0.0072150733
996199,0.010594985
996200,0.020591108
996201,0.0097914748
996202,0.020983662
996203,0.019699764
996204,0.010824046
996205,0.0071116728
996206,0.010525333
996207,0.01955954
996208,0.010385311
996209,0.026035158
996210,0.016309312
996211,0.02758861
996212,0.013338695
996213,0.026793715
996214,0.0075676413
996215,0.0065027573
996216,0.0090418197
996217,0.029755715
996218,0.024362363
996219,0.007715242
996220,0.033276908
996221,0.023908548
996222,0.0109375
996223,0.024613684
996224,0.020685174
996225,0.0071461396
996226,0.017825857
996227,0.0072768265
996228,0.013900937
996229,0.013609404
996230,0.012581859
996231,0.0091947671
996232,0.023057193
996233,0.036764707
996234,0.0068883561
996235,0.012782587
996236,0.0071475757
996237,0.027045755
996238,0.010434858
996239,0.0072854436
996240,0.0070822323
996241,0.0091715539
996242,0.016243439
996243,0.0073601217
996244,0.0068976907
996245,0.0098352768
996246,0.007306267
996247,0.0071870694
996248,0.0098492317
996249,0.010905906
996250,0.011206055
996251,0.0072165094
996252,0.0078383498
996253,0.006997501
996254,0.010864258
996255,0.0064427941
996256,0.0071403952
996257,0.023460478
996258,0.010731417
996259,0.009062713
996260,0.0071339328
996261,0.010764447
996262,0.010576315
996263,0.010515998
996264,0.0069903205
996265,0.020797908
996266,0.010561954
996267,0.0072904699
996268,0.039694395
996269,0.013625919
996270,0.0070772059
996271,0.0070851045
996272,0.0073471968
996273,0.0069163605
996274,0.0071626552
996275,0.019578641
996276,0.013412655
996277,0.0072236904
996278,0.0064352597
996279,0.020514276
996280,0.0095143039
996281,0.028995875
996282,0.03647748
996283,0.0069687786
996284,0.010333611
996285,0.0071418313
996286,0.0075482535
996287,0.011504049
996288,0.02877626
996289,0.013177131
996290,0.013671875
996291,0.020600442
996292,0.010423369
996293,0.007151166
996294,0.0069587259
996295,0.0070886947
996296,0.039326027
996297,0.023115585
996298,0.006314361
996299,0.0077708527
996300,0.0061056698
996301,0.02731072
996302,0.0071468577
996303,0.014384191
996304,0.01418457
996305,0.010482968
996306,0.010750804
996307,0.010327866
996308,0.0069924747
996309,0.0069544176
996310,0.0055082431
996311,0.019152114
996312,0.019450484
996313,0.0070061181
996314,0.01406609
996315,0.0075712316
996316,0.0076760687
996317,0.007385972
996318,0.017099896
996319,0.0118751
996320,0.0074276193
996321,0.0072761085
996322,0.016988598
996323,0.007658835
996324,0.0069027171
996325,0.0088005513
996326,0.0068723108
996327,0.0076889936
996328,0.0042316588
996329,0.028294608
996330,0.039621152
996331,0.0094875218
996332,0.022644762
996333,0.010907342
996334,0.02091567
996335,0.0018209129
996336,0.015436653
996337,0.0073213466
996338,0.017458927
996339,0.020731129
996340,0.0072402055
996341,0.014155848
996342,0.016957721
996343,0.010781681
996344,0.022768613
996345,0.0067792106
996346,0.02021987
996347,0.0071123908
996348,0.010512408
996349,0.017258588
996350,0.030853631
996351,0.010460707
996352,0.006945801
996353,0.0083137061
996354,0.0071834787
996355,0.021018354
996356,0.0068897922
996357,0.0064852275
996358,0.010583496
996359,0.0072653377
996360,0.02007195
996361,0.007174144
996362,0.010597858
996363,0.035243854
996364,0.013616584
996365,0.010606474
996366,0.0071806065
996367,0.010893698
996368,0.0083316583
996369,0.010592113
996370,0.007151884
996371,0.010308479
996372,0.0098747537
996373,0.010684743
996374,0.0070542279
996375,0.0080663422
996376,0.0072380514
996377,0.006996783
996378,0.0074908086
996379,0.0071289064
996380,0.0090691065
996381,0.030715764
996382,0.017452464
996383,0.0055685602
996384,0.027751608
996385,0.0058507584
996386,0.015920645
996387,0.021564798
996388,0.0070097083
996389,0.010466452
996390,0.0080055362
996391,0.017238483
996392,0.017166676
996393,0.020963063
996394,0.014863138
996395,0.0091430666
996396,0.0071059284
996397,0.017944336
996398,0.0069292854
996399,0.017009176
996400,0.017635569
996401,0.010735725
996402,0.0070642806
996403,0.020658605
996404,0.022398466
996405,0.020902028
996406,0.013804716
996407,0.039848059
996408,0.0070233513
996409,0.039745376
996410,0.0063282857
996411,0.032908324
996412,0.0073163202
996413,0.0070958757
996414,0.0071195713
996415,0.007739258
996416,0.01060432
996417,0.0097929109
996418,0.031463265
996419,0.010754394
996420,0.007291906
996421,0.010381003
996422,0.019565716
996423,0.020919262
996424,0.027401913
996425,0.013775276
996426,0.034173943
996427,0.01389232
996428,0.007385972
996429,0.010192153
996430,0.0073830998
996431,0.020481244
996432,0.01110768
996433,0.012118713
996434,0.0066564223
996435,0.037230007
996436,0.0074951174
996437,0.010625862
996438,0.010404699
996439,0.013868623
996440,0.017387839
996441,0.0069249771
996442,0.010720646
996443,0.030652573
996444,0.014109892
996445,0.01071921
996446,0.0073299631
996447,0.020411415
996448,0.0072861616
996449,0.012431785
996450,0.0073077031
996451,0.010778091
996452,0.0072883158
996453,0.0071698357
996454,0.0098984512
996455,0.027854284
996456,0.0073953066
996457,0.0075152228
996458,0.017333984
996459,0.0059110788
996460,0.017164523
996461,0.020616958
996462,0.0084221335
996463,0.010403262
996464,0.017487649
996465,0.015321433
996466,0.010328584
996467,0.013088091
996468,0.0064177937
996469,0.010365924
996470,0.039309513
996471,0.0075942096
996472,0.007291188
996473,0.0060151941
996474,0.013747989
996475,0.013622329
996476,0.0072811353
996477,0.007423311
996478,0.0074807559
996479,0.016079364
996480,0.0071935318
996481,0.013476563
996482,0.0082993452
996483,0.0067066723
996484,0.010762293
996485,0.014281509
996486,0.0071856328
996487,0.010313505
996488,0.013857135
996489,0.013748707
996490,0.0091243964
996491,0.010346537
996492,0.0068596336
996493,0.0067670038
996494,0.0074908086
996495,0.0078024473
996496,0.0299978
996497,0.033538461
996498,0.014165901
996499,0.039855238
996500,0.016986443
996501,0.0074383905
996502,0.0070535098
996503,0.016380755
996504,0.01058924
996505,0.0094231097
996506,0.010294118
996507,0.010705566
996508,0.01312522
996509,0.0071827606
996510,0.0078778435
996511,0.0085966224
996512,0.017220531
996513,0.0080537684
996514,0.013625919
996515,0.010273294
996516,0.007247386
996517,0.0073809456
996518,0.0070111444
996519,0.007137523
996520,0.016947668
996521,0.0029190022
996522,0.0065779975
996523,0.0088924635
996524,0.0056877583
996525,0.023617482
996526,0.030766746
996527,0.020571003
996528,0.0074484432
996529,0.01071921
996530,0.0071497299
996531,0.026357852
996532,0.023795094
996533,0.0097716069
996534,0.032177836
996535,0.0069996552
996536,0.0060982569
996537,0.0072265626
996538,0.010299862
996539,0.016345933
996540,0.014085478
996541,0.00572797
996542,0.0064407606
996543,0.013629509
996544,0.017601822
996545,0.0082490807
996546,0.017451746
996547,0.0080006318
996548,0.0073342714
996549,0.037365723
996550,0.038947612
996551,0.02589296
996552,0.038465075
996553,0.0078010112
996554,0.0072610294
996555,0.038905244
996556,0.013791791
996557,0.0095315371
996558,0.0099250348
996559,0.010587804
996560,0.0076064165
996561,0.0069163605
996562,0.010254624
996563,0.010544003
996564,0.0099652456
996565,0.017410817
996566,0.014063218
996567,0.0073536593
996568,0.014362649
996569,0.0032603638
996570,0.015169277
996571,0.010773783
996572,0.012850369
996573,0.020398667
996574,0.0070671532
996575,0.030944824
996576,0.010284064
996577,0.0076538087
996578,0.010353717
996579,0.0069508273
996580,0.02089772
996581,0.0074333642
996582,0.0066863745
996583,0.0058306525
996584,0.007459214
996585,0.013686954
996586,0.010422651
996587,0.0062736962
996588,0.0080365352
996589,0.0071332147
996590,0.0084580369
996591,0.020588236
996592,0.039596736
996593,0.010078939
996594,0.0059943702
996595,0.022610294
996596,0.022883128
996597,0.037408356
996598,0.017282285
996599,0.014515596
996600,0.011285041
996601,0.0070585362
996602,0.038846362
996603,0.020862535
996604,0.011123477
996605,0.013141583
996606,0.0070671532
996607,0.029545976
996608,0.014198214
996609,0.020898437
996610,0.009251494
996611,0.0071102367
996612,0.016439281
996613,0.013354734
996614,0.0068704044
996615,0.0074491613
996616,0.0061729322
996617,0.010941808
996618,0.0078929225
996619,0.010494457
996620,0.020609058
996621,0.0074362364
996622,0.027652517
996623,0.018421128
996624,0.017178884
996625,0.00686466
996626,0.0064506717
996627,0.0093290443
996628,0.020486271
996629,0.0073787915
996630,0.010805377
996631,0.0068854839
996632,0.010509536
996633,0.0063317865
996634,0.010037096
996635,0.016463695
996636,0.012910731
996637,0.010493739
996638,0.026469152
996639,0.0072402055
996640,0.0099643553
996641,0.036938872
996642,0.039694395
996643,0.0074032056
996644,0.0072524128
996645,0.03701818
996646,0.020583928
996647,0.0071231616
996648,0.0061933491
996649,0.0067262445
996650,0.0073141661
996651,0.010477941
996652,0.0076573989
996653,0.014142923
996654,0.01329824
996655,0.010594985
996656,0.021373793
996657,0.0070269415
996658,0.0074139764
996659,0.0068818936
996660,0.01720617
996661,0.039682906
996662,0.01058206
996663,0.0073235007
996664,0.0072933421
996665,0.010475069
996666,0.0072509767
996667,0.010016946
996668,0.011776195
996669,0.012286582
996670,0.025866453
996671,0.011672869
996672,0.0064429268
996673,0.029659484
996674,0.007004682
996675,0.014108456
996676,0.014431583
996677,0.010283346
996678,0.010931755
996679,0.0074326461
996680,0.010215849
996681,0.010830509
996682,0.013740809
996683,0.0073421705
996684,0.020033199
996685,0.0019234511
996686,0.014573041
996687,0.0061193132
996688,0.0096911322
996689,0.020691637
996690,0.012760669
996691,0.0072969324
996692,0.0076071345
996693,0.014081888
996694,0.0070427391
996695,0.014038086
996696,0.0070578181
996697,0.01656994
996698,0.013235129
996699,0.016777173
996700,0.013660386
996701,0.039754711
996702,0.010365924
996703,0.0070312498
996704,0.017186739
996705,0.010493021
996706,0.0062198415
996707,0.013959818
996708,0.0094468063
996709,0.01062658
996710,0.0099882241
996711,0.007731359
996712,0.0074269013
996713,0.0087646488
996714,0.01954633
996715,0.0064747529
996716,0.0067863911
996717,0.0023014341
996718,0.0069852942
996719,0.007313448
996720,0.007159065
996721,0.030570714
996722,0.0071044923
996723,0.039712343
996724,0.0064674523
996725,0.020496324
996726,0.011376953
996727,0.007349351
996728,0.0071044923
996729,0.014247041
996730,0.010492302
996731,0.017511345
996732,0.0070657171
996733,0.007525994
996734,0.010608628
996735,0.014038086
996736,0.01091165
996737,0.014246323
996738,0.023990408
996739,0.010309197
996740,0.010746496
996741,0.013970588
996742,0.0081844553
996743,0.006103084
996744,0.019342277
996745,0.030665498
996746,0.013166977
996747,0.011013614
996748,0.0070405849
996749,0.0068467082
996750,0.010421215
996751,0.0075015798
996752,0.016957721
996753,0.017204734
996754,0.0075245579
996755,0.0070492015
996756,0.0074297735
996757,0.0071669635
996758,0.02124957
996759,0.01267971
996760,0.0086849434
996761,0.0073400163
996762,0.023943014
996763,0.0071806065
996764,0.0073823817
996765,0.0071978401
996766,0.0063963099
996767,0.0021858858
996768,0.010366642
996769,0.007092285
996770,0.010538259
996771,0.0075030159
996772,0.016788326
996773,0.025233824
996774,0.024333639
996775,0.0060977712
996776,0.02123449
996777,0.0064215581
996778,0.0061279298
996779,0.0092457486
996780,0.010581342
996781,0.020565256
996782,0.01181138
996783,0.010811121
996784,0.0076056984
996785,0.0070312498
996786,0.0070858225
996787,0.0072983685
996788,0.0073112939
996789,0.0070262235
996790,0.0069623161
996791,0.0062600528
996792,0.007408232
996793,0.010271139
996794,0.0061695771
996795,0.00870864
996796,0.0072732363
996797,0.0089499084
996798,0.0062758503
996799,0.016738597
996800,0.0070628445
996801,0.007444853
996802,0.0078814337
996803,0.0069730869
996804,0.0074204388
996805,0.023604017
996806,0.016733686
996807,0.013786765
996808,0.011890256
996809,0.0069185146
996810,0.014005055
996811,0.0062708342
996812,0.020427389
996813,0.0065342216
996814,0.0072402055
996815,0.010317096
996816,0.0072617475
996817,0.015764529
996818,0.010139016
996819,0.0069393381
996820,0.013660386
996821,0.0072387694
996822,0.011868824
996823,0.011361156
996824,0.010949707
996825,0.010681152
996826,0.0071576289
996827,0.0021206418
996828,0.027012724
996829,0.017081227
996830,0.0072093289
996831,0.010677562
996832,0.0069723688
996833,0.0060546873
996834,0.0072825714
996835,0.010869284
996836,0.0069623161
996837,0.011044491
996838,0.0076286765
996839,0.026164398
996840,0.017222686
996841,0.013627355
996842,0.007467831
996843,0.0076064165
996844,0.027447151
996845,0.007658835
996846,0.0072495406
996847,0.0074204388
996848,0.027885167
996849,0.015252327
996850,0.023426728
996851,0.013747271
996852,0.0072818534
996853,0.019746421
996854,0.0074340822
996855,0.013824822
996856,0.022759674
996857,0.0075762579
996858,0.016000547
996859,0.005786851
996860,0.010999253
996861,0.010705566
996862,0.011272117
996863,0.007269646
996864,0.0074412627
996865,0.031244256
996866,0.0054364372
996867,0.014444509
996868,0.031621665
996869,0.0071691177
996870,0.010737879
996871,0.0071633733
996872,0.010675408
996873,0.017461799
996874,0.021472886
996875,0.0081995344
996876,0.01098202
996877,0.0070585362
996878,0.0076394472
996879,0.0076200599
996880,0.0073981788
996881,0.0073687383
996882,0.014168495
996883,0.0072524128
996884,0.029689636
996885,0.0094733741
996886,0.013885858
996887,0.0071217255
996888,0.0073996149
996889,0.0071346508
996890,0.0096636601
996891,0.020868996
996892,0.007055664
996893,0.014402861
996894,0.0075511257
996895,0.019769348
996896,0.013853544
996897,0.013803998
996898,0.020641372
996899,0.010383157
996900,0.010914522
996901,0.012925092
996902,0.0070427391
996903,0.0076976102
996904,0.024139142
996905,0.019496784
996906,0.0076444736
996907,0.0107228
996908,0.023920037
996909,0.007004682
996910,0.015177649
996911,0.039919864
996912,0.012942325
996913,0.0086511951
996914,0.010330738
996915,0.0074750115
996916,0.013585708
996917,0.0071490118
996918,0.007313448
996919,0.010359461
996920,0.020661477
996921,0.039395679
996922,0.010541849
996923,0.0072581572
996924,0.01252944
996925,0.027916044
996926,0.0098711802
996927,0.0098037757
996928,0.0069300034
996929,0.027535472
996930,0.007151166
996931,0.023076519
996932,0.014173799
996933,0.013855699
996934,0.0071569108
996935,0.024956916
996936,0.017936436
996937,0.020033581
996938,0.0072639016
996939,0.007100184
996940,0.010373104
996941,0.027876532
996942,0.0062290407
996943,0.0073069851
996944,0.017886173
996945,0.014517033
996946,0.010558364
996947,0.014005055
996948,0.009397978
996949,0.027704934
996950,0.010670382
996951,0.014136461
996952,0.0075496896
996953,0.010636632
996954,0.0071052103
996955,0.0075798482
996956,0.007055664
996957,0.024942353
996958,0.01075224
996959,0.017474724
996960,0.03878174
996961,0.0033480725
996962,0.030450799
996963,0.023423139
996964,0.01117087
996965,0.028535288
996966,0.024140481
996967,0.006358427
996968,0.023624914
996969,0.017486932
996970,0.0073105758
996971,0.017727481
996972,0.017449591
996973,0.020201698
996974,0.0079812445
996975,0.027510339
996976,0.007218664
996977,0.017592486
996978,0.0069987648
996979,0.010513844
996980,0.017489085
996981,0.0067935358
996982,0.011280528
996983,0.007041303
996984,0.0071332147
996985,0.013798254
996986,0.013895192
996987,0.0081004426
996988,0.01080035
996989,0.010612219
996990,0.01167134
996991,0.009869026
996992,0.0075303023
996993,0.010111731
996994,0.0072445138
996995,0.0070132986
996996,0.012940099
996997,0.0072617475
996998,0.0074527515
996999,0.0074908086
997000,0.017298082
997001,0.0076940199
997002,0.007195686
997003,0.0068488624
997004,0.0087983971
997005,0.01041547
997006,0.010351563
997007,0.034650736
997008,0.01047866
997009,0.010577033
997010,0.0059757009
997011,0.0067885453
997012,0.010712747
997013,0.010481532
997014,0.02782126
997015,0.0072976504
997016,0.016719325
997017,0.0074793198
997018,0.011249856
997019,0.017597513
997020,0.0070578181
997021,0.0062553319
997022,0.0071253157
997023,0.0078584561
997024,0.013568474
997025,0.0070499196
997026,0.0070269415
997027,0.0080882357
997028,0.014247041
997029,0.0073974608
997030,0.0072007123
997031,0.0068253935
997032,0.0071281884
997033,0.0067828009
997034,0.01391458
997035,0.0073960247
997036,0.0071669635
997037,0.0077658258
997038,0.0073385797
997039,0.023791503
997040,0.0072832895
997041,0.010452091
997042,0.0070664352
997043,0.013912425
997044,0.0065904064
997045,0.010662483
997046,0.0076164696
997047,0.010546875
997048,0.010271857
997049,0.0070994659
997050,0.017662857
997051,0.013918823
997052,0.011372644
997053,0.0076638614
997054,0.016815308
997055,0.021098776
997056,0.0070664352
997057,0.007233025
997058,0.01933567
997059,0.0071834787
997060,0.010414752
997061,0.01408117
997062,0.0093276082
997063,0.0065376582
997064,0.010526769
997065,0.010414752
997066,0.013785329
997067,0.0086425785
997068,0.0071066464
997069,0.01438491
997070,0.0070664352
997071,0.0071396772
997072,0.0072531309
997073,0.0070405849
997074,0.014073989
997075,0.0071899416
997076,0.0098409411
997077,0.024187874
997078,0.010697667
997079,0.017452464
997080,0.0075482535
997081,0.028429532
997082,0.020809397
997083,0.01237434
997084,0.010757985
997085,0.014085478
997086,0.020852482
997087,0.016363641
997088,0.012945916
997089,0.012269503
997090,0.014985926
997091,0.0085090185
997092,0.0074771657
997093,0.023864027
997094,0.010431985
997095,0.023862591
997096,0.014216883
997097,0.023279527
997098,0.033179279
997099,0.010493739
997100,0.010388183
997101,0.0071353689
997102,0.019130461
997103,0.031208353
997104,0.0092543662
997105,0.017051786
997106,0.010551183
997107,0.014760455
997108,0.010799632
997109,0.019831399
997110,0.014226936
997111,0.0065160049
997112,0.03953642
997113,0.007870663
997114,0.0070348405
997115,0.0059074853
997116,0.009369256
997117,0.010443474
997118,0.010660329
997119,0.0070714615
997120,0.013113188
997121,0.014257813
997122,0.0089894012
997123,0.014269302
997124,0.024088062
997125,0.0063173962
997126,0.0085865697
997127,0.024963379
997128,0.013520365
997129,0.01043773
997130,0.006901999
997131,0.0069845761
997132,0.014093377
997133,0.020477654
997134,0.01368839
997135,0.0064130342
997136,0.013709215
997137,0.0160597
997138,0.0098948758
997139,0.010216567
997140,0.010897289
997141,0.031089155
997142,0.0073414524
997143,0.010625144
997144,0.0075662052
997145,0.013501694
997146,0.009296013
997147,0.013187968
997148,0.011895393
997149,0.0062471754
997150,0.01041188
997151,0.0053313547
997152,0.03967429
997153,0.010502355
997154,0.0073838178
997155,0.0064036651
997156,0.01062658
997157,0.013091228
997158,0.0088518178
997159,0.011073213
997160,0.0095481081
997161,0.010328584
997162,0.034295581
997163,0.0074929632
997164,0.030941952
997165,0.028792441
997166,0.017903406
997167,0.027193675
997168,0.021887925
997169,0.010697667
997170,0.016109716
997171,0.011124083
997172,0.013388241
997173,0.010443474
997174,0.0074477252
997175,0.017176729
997176,0.0082210768
997177,0.020620547
997178,0.010516716
997179,0.01105239
997180,0.019261871
997181,0.0070348405
997182,0.0073191924
997183,0.0075697955
997184,0.016773896
997185,0.010101678
997186,0.025411127
997187,0.011744143
997188,0.0072653377
997189,0.010813275
997190,0.016900612
997191,0.0080193011
997192,0.0093864892
997193,0.0070915669
997194,0.020717487
997195,0.013511029
997196,0.0071971221
997197,0.017292337
997198,0.0072610294
997199,0.0073996149
997200,0.0099178534
997201,0.010186409
997202,0.035218325
997203,0.017242791
997204,0.013905245
997205,0.0068474263
997206,0.016675815
997207,0.014016544
997208,0.0067776423
997209,0.013639562
997210,0.0071727079
997211,0.0072495406
997212,0.0072581572
997213,0.0073299631
997214,0.037060548
997215,0.013913143
997216,0.0081248563
997217,0.0070657171
997218,0.010508818
997219,0.010620117
997220,0.009098026
997221,0.010890826
997222,0.0061326488
997223,0.0077335131
997224,0.0072574392
997225,0.0088903094
997226,0.012714178
997227,0.010436294
997228,0.007100184
997229,0.014152976
997230,0.0072172275
997231,0.014085478
997232,0.0072172275
997233,0.037010282
997234,0.014626178
997235,0.0069852942
997236,0.013953355
997237,0.0068488624
997238,0.0068410067
997239,0.012026631
997240,0.017107788
997241,0.020581055
997242,0.017520681
997243,0.010798914
997244,0.0074908086
997245,0.0069400561
997246,0.013049317
997247,0.010167739
997248,0.020677993
997249,0.010722082
997250,0.007563333
997251,0.026851626
997252,0.007540355
997253,0.013821231
997254,0.032229435
997255,0.039333209
997256,0.0071949679
997257,0.0070082722
997258,0.016039625
997259,0.0072610294
997260,0.025161564
997261,0.017302595
997262,0.0065444047
997263,0.016235052
997264,0.023976764
997265,0.0073586856
997266,0.0074628047
997267,0.020188993
997268,0.010642377
997269,0.010366642
997270,0.013601505
997271,0.017385684
997272,0.010922421
997273,0.010457835
997274,0.010977123
997275,0.01051169
997276,0.017964441
997277,0.010377413
997278,0.010267549
997279,0.020402258
997280,0.010635914
997281,0.026005656
997282,0.0074125403
997283,0.0074764476
997284,0.0069630342
997285,0.015548906
997286,0.013964844
997287,0.0069565717
997288,0.0070015583
997289,0.017670754
997290,0.021166274
997291,0.021009486
997292,0.013660386
997293,0.021187099
997294,0.0057981154
997295,0.0072093289
997296,0.026051929
997297,0.020372098
997298,0.023806583
997299,0.022914425
997300,0.0087459786
997301,0.0097225411
997302,0.0072954963
997303,0.014082606
997304,0.0069393381
997305,0.01001551
997306,0.0074714213
997307,0.0073759193
997308,0.02051284
997309,0.010344381
997310,0.0074419808
997311,0.014234834
997312,0.0073428885
997313,0.011894475
997314,0.0080272006
997315,0.039401423
997316,0.017453182
997317,0.0070211971
997318,0.010217285
997319,0.010505227
997320,0.01043773
997321,0.0056367163
997322,0.019400321
997323,0.007196404
997324,0.020785114
997325,0.0067219129
997326,0.011417164
997327,0.0072129192
997328,0.0074175666
997329,0.0074376725
997330,0.010586368
997331,0.010504509
997332,0.0073349895
997333,0.010763729
997334,0.010521024
997335,0.0072222543
997336,0.010513844
997337,0.007518095
997338,0.0066925003
997339,0.010291246
997340,0.0070829503
997341,0.039736759
997342,0.0072150733
997343,0.014180262
997344,0.013758042
997345,0.0073077031
997346,0.007327809
997347,0.011460966
997348,0.0083596623
997349,0.010714184
997350,0.011382697
997351,0.013926786
997352,0.010223029
997353,0.010255557
997354,0.010424805
997355,0.010420497
997356,0.0072854436
997357,0.015903607
997358,0.0070427391
997359,0.0069551356
997360,0.019664092
997361,0.023912856
997362,0.0067544077
997363,0.013408361
997364,0.010644531
997365,0.0071231616
997366,0.038982078
997367,0.0071044923
997368,0.0095990347
997369,0.017153034
997370,0.016363166
997371,0.010493021
997372,0.0093326177
997373,0.0072861616
997374,0.011035156
997375,0.030776799
997376,0.016605871
997377,0.0073069851
997378,0.032569796
997379,0.0072639016
997380,0.024597887
997381,0.020408003
997382,0.013945456
997383,0.0073184744
997384,0.010432703
997385,0.014124253
997386,0.0074304915
997387,0.0075245579
997388,0.017070455
997389,0.020726103
997390,0.024011949
997391,0.0041448311
997392,0.0069587259
997393,0.0072308709
997394,0.0072954963
997395,0.014338235
997396,0.010294118
997397,0.012891944
997398,0.024069393
997399,0.0072768265
997400,0.020947983
997401,0.013951919
997402,0.010942526
997403,0.023554768
997404,0.011390597
997405,0.028111357
997406,0.017005112
997407,0.0077385399
997408,0.0065242993
997409,0.023606244
997410,0.0070800781
997411,0.014165901
997412,0.0071231616
997413,0.019603109
997414,0.0058363969
997415,0.010611501
997416,0.0071705538
997417,0.024310661
997418,0.0077040726
997419,0.0068948185
997420,0.0071877874
997421,0.013379624
997422,0.015383417
997423,0.029178316
997424,0.0073838178
997425,0.012858657
997426,0.013866469
997427,0.019047277
997428,0.014005055
997429,0.013844928
997430,0.0072739543
997431,0.014396398
997432,0.02093865
997433,0.0056640627
997434,0.010584214
997435,0.0067734662
997436,0.010467889
997437,0.0071942499
997438,0.0140625
997439,0.0061250576
997440,0.009897748
997441,0.01047866
997442,0.0065846164
997443,0.017509909
997444,0.020326143
997445,0.013253513
997446,0.026083132
997447,0.020243566
997448,0.03028349
997449,0.027313592
997450,0.0077220243
997451,0.023832249
997452,0.025574449
997453,0.017598949
997454,0.013838465
997455,0.010394646
997456,0.011042337
997457,0.0093907481
997458,0.031685144
997459,0.012434568
997460,0.013719267
997461,0.018007886
997462,0.010569853
997463,0.0073364256
997464,0.0080055837
997465,0.011216108
997466,0.0097081801
997467,0.038555428
997468,0.010523897
997469,0.0099565685
997470,0.011521284
997471,0.0064298678
997472,0.010613655
997473,0.0071188533
997474,0.010621553
997475,0.03098001
997476,0.0072840075
997477,0.0017560192
997478,0.0077665439
997479,0.012389002
997480,0.0069860122
997481,0.006542705
997482,0.0072222543
997483,0.010642377
997484,0.010347255
997485,0.0072818534
997486,0.006996783
997487,0.0077442843
997488,0.0097426474
997489,0.0064120889
997490,0.01032643
997491,0.02995372
997492,0.002673394
997493,0.035015021
997494,0.030659037
997495,0.0060554054
997496,0.0025216201
997497,0.024179975
997498,0.007114545
997499,0.017118566
997500,0.0088393996
997501,0.013995002
997502,0.0067655677
997503,0.01071921
997504,0.010596422
997505,0.0071202894
997506,0.007305549
997507,0.0074376725
997508,0.0020481679
997509,0.01741728
997510,0.010783835
997511,0.0092967311
997512,0.017284438
997513,0.014183134
997514,0.022661949
997515,0.0063826074
997516,0.017561609
997517,0.015235093
997518,0.0071935318
997519,0.02421516
997520,0.0071188533
997521,0.0071088006
997522,0.010428395
997523,0.020554526
997524,0.010438448
997525,0.015671674
997526,0.0070161708
997527,0.013161848
997528,0.014284381
997529,0.0069867303
997530,0.011629711
997531,0.020965936
997532,0.0072265626
997533,0.017999491
997534,0.00570571
997535,0.010605038
997536,0.0070269415
997537,0.013932531
997538,0.0072998046
997539,0.011231905
997540,0.0070542279
997541,0.01735409
997542,0.0081112133
997543,0.017889045
997544,0.026664464
997545,0.036022339
997546,0.025488963
997547,0.0069917566
997548,0.013823385
997549,0.020464011
997550,0.030320112
997551,0.0076013901
997552,0.0078347595
997553,0.036969353
997554,0.0071806065
997555,0.0072574392
997556,0.0078699449
997557,0.0061250576
997558,0.013941147
997559,0.011104808
997560,0.02325655
997561,0.039912682
997562,0.0066485237
997563,0.010699104
997564,0.016727932
997565,0.0072531309
997566,0.0068862019
997567,0.0075195311
997568,0.0099401679
997569,0.0072057387
997570,0.0073235007
997571,0.0036974023
997572,0.021195715
997573,0.0078821518
997574,0.039502673
997575,0.0070937211
997576,0.0071281884
997577,0.017167395
997578,0.010416231
997579,0.010886517
997580,0.010994945
997581,0.011891085
997582,0.010578469
997583,0.0095538329
997584,0.023833152
997585,0.01750919
997586,0.026945226
997587,0.013982077
997588,0.01090447
997589,0.0071626552
997590,0.0069572898
997591,0.010592831
997592,0.010602166
997593,0.0064503313
997594,0.02392219
997595,0.010100959
997596,0.007233025
997597,0.013673311
997598,0.0022563592
997599,0.010321404
997600,0.0073098578
997601,0.0084221335
997602,0.010029153
997603,0.017672909
997604,0.0089075426
997605,0.010406854
997606,0.01129653
997607,0.0071231616
997608,0.014321002
997609,0.0075640511
997610,0.0088443533
997611,0.010510254
997612,0.010684025
997613,0.029813878
997614,0.0071691177
997615,0.011628993
997616,0.014182416
997617,0.0075755399
997618,0.0069113337
997619,0.0070168888
997620,0.0068969727
997621,0.0075482535
997622,0.014185288
997623,0.0074462891
997624,0.0070800781
997625,0.0070448932
997626,0.0016758314
997627,0.0082936008
997628,0.010677562
997629,0.0094259819
997630,0.0079733459
997631,0.020634191
997632,0.007813218
997633,0.010724236
997634,0.030503217
997635,0.035902936
997636,0.014030187
997637,0.0070506376
997638,0.0071396772
997639,0.0075137867
997640,0.013671875
997641,0.016919663
997642,0.010504509
997643,0.030473059
997644,0.01384421
997645,0.02393727
997646,0.024057904
997647,0.010589959
997648,0.028652292
997649,0.012931154
997650,0.0074240291
997651,0.00891471
997652,0.0071899416
997653,0.013845646
997654,0.0071497299
997655,0.0071561923
997656,0.0069429288
997657,0.013391654
997658,0.0070427391
997659,0.013136978
997660,0.0076552448
997661,0.0063081631
997662,0.0096737128
997663,0.017567562
997664,0.010537541
997665,0.0075482535
997666,0.0069666244
997667,0.039759018
997668,0.01071562
997669,0.0097701913
997670,0.010836972
997671,0.0072078928
997672,0.0074498793
997673,0.011112707
997674,0.0075762579
997675,0.0080429977
997676,0.027482621
997677,0.039466769
997678,0.012773581
997679,0.037779324
997680,0.010377413
997681,0.019982193
997682,0.01754294
997683,0.014237707
997684,0.0064137233
997685,0.0068933824
997686,0.022453038
997687,0.010360898
997688,0.019197743
997689,0.013725012
997690,0.0073629939
997691,0.023317168
997692,0.0073680202
997693,0.01114502
997694,0.010572007
997695,0.010300775
997696,0.019951316
997697,0.0073335534
997698,0.013916016
997699,0.0084443931
997700,0.028010109
997701,0.006358874
997702,0.0072703641
997703,0.007136805
997704,0.010560518
997705,0.0106711
997706,0.0069536995
997707,0.0078354776
997708,0.0065483451
997709,0.013824822
997710,0.0078627644
997711,0.014276482
997712,0.036721621
997713,0.010208668
997714,0.0020357573
997715,0.0073349895
997716,0.0070937211
997717,0.011971507
997718,0.0074936813
997719,0.0079934513
997720,0.027912455
997721,0.01372932
997722,0.01048943
997723,0.0055211685
997724,0.008781882
997725,0.020691637
997726,0.0075145047
997727,0.0074355183
997728,0.013674029
997729,0.0072308709
997730,0.0070326859
997731,0.010544003
997732,0.010627298
997733,0.0099523207
997734,0.013948329
997735,0.0070039639
997736,0.0090403836
997737,0.010629452
997738,0.0094496785
997739,0.030773927
997740,0.017293774
997741,0.013366699
997742,0.0096779373
997743,0.0071289064
997744,0.0076121609
997745,0.0080264825
997746,0.0067934622
997747,0.0080056582
997748,0.0082561141
997749,0.0092581054
997750,0.0073701749
997751,0.0073421705
997752,0.015454819
997753,0.020707434
997754,0.014234834
997755,0.0054644416
997756,0.024006205
997757,0.010673254
997758,0.008223949
997759,0.0073787915
997760,0.0082268212
997761,0.0072868797
997762,0.0071834787
997763,0.013017231
997764,0.011660587
997765,0.01113712
997766,0.010765883
997767,0.0062607708
997768,0.0016193592
997769,0.0070520737
997770,0.0071432674
997771,0.023828125
997772,0.010874311
997773,0.016882325
997774,0.010685461
997775,0.013859289
997776,0.0072725182
997777,0.010513126
997778,0.0078160902
997779,0.011004279
997780,0.0071920957
997781,0.020496324
997782,0.0075303023
997783,0.010655303
997784,0.0094781062
997785,0.0075008618
997786,0.013579963
997787,0.024287684
997788,0.0070398669
997789,0.0062022102
997790,0.010186409
997791,0.012719094
997792,0.017401483
997793,0.016142385
997794,0.025623078
997795,0.0095667224
997796,0.0070391488
997797,0.014005055
997798,0.010280474
997799,0.010571289
997800,0.0071123908
997801,0.0072430777
997802,0.024199363
997803,0.0072373333
997804,0.013932531
997805,0.0070542279
997806,0.010988482
997807,0.0107228
997808,0.0056181066
997809,0.012229291
997810,0.010616527
997811,0.017026654
997812,0.020612076
997813,0.013805434
997814,0.0073608398
997815,0.014035214
997816,0.020350846
997817,0.010812557
997818,0.020537253
997819,0.0074269013
997820,0.010515998
997821,0.010587086
997822,0.019439338
997823,0.007291188
997824,0.010498047
997825,0.0099402936
997826,0.0074039237
997827,0.006996783
997828,0.027251838
997829,0.0056475471
997830,0.0064521567
997831,0.0062747691
997832,0.011435834
997833,0.0063943304
997834,0.0076387292
997835,0.0390625
997836,0.0071439855
997837,0.0084903492
997838,0.022521731
997839,0.007042021
997840,0.005551327
997841,0.010328584
997842,0.010610783
997843,0.0069285673
997844,0.017198989
997845,0.014005773
997846,0.015590533
997847,0.033985812
997848,0.0080236094
997849,0.0072423597
997850,0.0064073545
997851,0.017365579
997852,0.033010527
997853,0.010467889
997854,0.0079525216
997855,0.013583554
997856,0.0070082722
997857,0.017199706
997858,0.0083388388
997859,0.010470043
997860,0.014175235
997861,0.0072222543
997862,0.014136461
997863,0.011238902
997864,0.017460363
997865,0.0064122817
997866,0.0069285673
997867,0.0086799171
997868,0.0058148555
997869,0.0068711224
997870,0.010449219
997871,0.0081413714
997872,0.0070772059
997873,0.038625918
997874,0.027689856
997875,0.039652027
997876,0.010628016
997877,0.0068991268
997878,0.038120404
997879,0.023701746
997880,0.014432301
997881,0.013546932
997882,0.011830631
997883,0.02053079
997884,0.0075116325
997885,0.0072725182
997886,0.0072531309
997887,0.010452809
997888,0.0071432674
997889,0.0074053598
997890,0.0069486732
997891,0.016964182
997892,0.010749368
997893,0.0073098578
997894,0.0071238796
997895,0.019502917
997896,0.014013672
997897,0.0081600416
997898,0.010718492
997899,0.007137523
997900,0.030733714
997901,0.020565256
997902,0.007173426
997903,0.023185657
997904,0.0071396772
997905,0.0075482535
997906,0.014234116
997907,0.0061523439
997908,0.039443791
997909,0.013468664
997910,0.0088120401
997911,0.0073507871
997912,0.0070183249
997913,0.020909926
997914,0.017247099
997915,0.020993222
997916,0.030606618
997917,0.0077378219
997918,0.0064661363
997919,0.0072430777
997920,0.020004146
997921,0.028028781
997922,0.039368395
997923,0.020597864
997924,0.010474351
997925,0.0070958757
997926,0.034517176
997927,0.0071181352
997928,0.010482968
997929,0.0069393381
997930,0.0059132297
997931,0.025195312
997932,0.014411477
997933,0.0073227827
997934,0.010484404
997935,0.0090130977
997936,0.017400047
997937,0.0073378617
997938,0.013869341
997939,0.0091559915
997940,0.0070657171
997941,0.013979205
997942,0.0082340017
997943,0.010611501
997944,0.032625932
997945,0.0060069785
997946,0.010449219
997947,0.014092659
997948,0.006609668
997949,0.0061100945
997950,0.0076286765
997951,0.01613318
997952,0.0073005226
997953,0.011625402
997954,0.010214413
997955,0.033311293
997956,0.0075482535
997957,0.027929688
997958,0.014018699
997959,0.0070642806
997960,0.014005773
997961,0.019970704
997962,0.010309197
997963,0.0073385797
997964,0.0091710705
997965,0.0069572898
997966,0.0072265626
997967,0.0072272806
997968,0.010553338
997969,0.0072840075
997970,0.013904527
997971,0.0076976102
997972,0.037221678
997973,0.010794606
997974,0.010573443
997975,0.010477941
997976,0.010341509
997977,0.0070571001
997978,0.010468607
997979,0.0069027171
997980,0.0073299631
997981,0.0073335534
997982,0.0094186375
997983,0.010768037
997984,0.0071131089
997985,0.010631606
997986,0.0077844956
997987,0.0071281884
997988,0.010627298
997989,0.0069838581
997990,0.013480871
997991,0.0085700536
997992,0.01995777
997993,0.0070865406
997994,0.01063017
997995,0.010157686
997996,0.0064454046
997997,0.01060791
997998,0.014054601
997999,0.01199664
998000,0.0072344611
998001,0.0076530906
998002,0.039494772
998003,0.013496668
998004,0.0075367647
998005,0.037115838
998006,0.025672823
998007,0.007195686
998008,0.039676443
998009,0.0074620866
998010,0.015659466
998011,0.010493739
998012,0.0065769781
998013,0.0071928138
998014,0.010317096
998015,0.010439884
998016,0.020560231
998017,0.01430305
998018,0.0073680202
998019,0.0068639419
998020,0.021615664
998021,0.0076545267
998022,0.011457376
998023,0.0091028549
998024,0.022918137
998025,0.0059347712
998026,0.011920525
998027,0.01044491
998028,0.013076602
998029,0.0072753904
998030,0.010628734
998031,0.0071676816
998032,0.011583037
998033,0.010340073
998034,0.013863597
998035,0.0070312498
998036,0.027656106
998037,0.038570628
998038,0.0072143553
998039,0.010638786
998040,0.0072086109
998041,0.010639505
998042,0.016618079
998043,0.017364861
998044,0.0065552867
998045,0.035258722
998046,0.007077924
998047,0.014274328
998048,0.0083948392
998049,0.013867187
998050,0.012550983
998051,0.0065084971
998052,0.0063376036
998053,0.0021539538
998054,0.010426241
998055,0.036060289
998056,0.012890625
998057,0.014104147
998058,0.014903349
998059,0.0060755112
998060,0.0073694563
998061,0.007114545
998062,0.0078519937
998063,0.013414937
998064,0.019894589
998065,0.0072122011
998066,0.010760857
998067,0.0096536074
998068,0.010474351
998069,0.0072201001
998070,0.014282227
998071,0.0071985582
998072,0.020637782
998073,0.016595544
998074,0.010480814
998075,0.0079654474
998076,0.012227762
998077,0.036580592
998078,0.0070815142
998079,0.024253218
998080,0.033509739
998081,0.025454532
998082,0.008826402
998083,0.010699104
998084,0.010741469
998085,0.0083891023
998086,0.027907427
998087,0.0078448132
998088,0.014482565
998089,0.010574161
998090,0.032690212
998091,0.005139878
998092,0.032697611
998093,0.010363052
998094,0.0064323875
998095,0.0078239888
998096,0.010523897
998097,0.0063972026
998098,0.012111529
998099,0.0074383905
998100,0.0083812037
998101,0.0074606501
998102,0.0072725182
998103,0.0074125403
998104,0.006946519
998105,0.020696662
998106,0.013361673
998107,0.01716524
998108,0.013820513
998109,0.0076832492
998110,0.0085217841
998111,0.0071583469
998112,0.0074943993
998113,0.014017981
998114,0.0073479149
998115,0.0070944391
998116,0.017289465
998117,0.01060432
998118,0.007349351
998119,0.0069529815
998120,0.0071116728
998121,0.0072847256
998122,0.010732853
998123,0.0071727079
998124,0.0070980298
998125,0.032620922
998126,0.0094453702
998127,0.010234519
998128,0.01039321
998129,0.0072524128
998130,0.0019912701
998131,0.01415513
998132,0.0075719496
998133,0.0013803125
998134,0.0018543783
998135,0.010422651
998136,0.0070326859
998137,0.010468607
998138,0.010549029
998139,0.0073263729
998140,0.014270738
998141,0.021117445
998142,0.0065792422
998143,0.018288085
998144,0.0081505431
998145,0.007739258
998146,0.010811121
998147,0.026314549
998148,0.019101348
998149,0.003328748
998150,0.0070822323
998151,0.013938993
998152,0.0072631836
998153,0.011050235
998154,0.010483686
998155,0.01734332
998156,0.039671414
998157,0.0078053195
998158,0.012860467
998159,0.038729321
998160,0.010185691
998161,0.010307761
998162,0.027013442
998163,0.01175609
998164,0.0080451518
998165,0.010987764
998166,0.026686914
998167,0.038814049
998168,0.011209645
998169,0.010496611
998170,0.010376695
998171,0.0071569108
998172,0.0075109145
998173,0.0070657171
998174,0.014198214
998175,0.0070283776
998176,0.028522087
998177,0.015538094
998178,0.010432703
998179,0.0069544176
998180,0.0071841967
998181,0.021433124
998182,0.0064937696
998183,0.011029412
998184,0.017380659
998185,0.0094992248
998186,0.0062384065
998187,0.0073263729
998188,0.0072516948
998189,0.023690257
998190,0.0072337431
998191,0.014249913
998192,0.0092321057
998193,0.0108262
998194,0.0071238796
998195,0.012697467
998196,0.0071920957
998197,0.027269071
998198,0.01797593
998199,0.010277602
998200,0.0075195311
998201,0.017262178
998202,0.011064596
998203,0.028923262
998204,0.0073780734
998205,0.007459932
998206,0.020550895
998207,0.039430864
998208,0.012891937
998209,0.010111731
998210,0.010753676
998211,0.013670439
998212,0.021010455
998213,0.0069874483
998214,0.0074125403
998215,0.010760857
998216,0.0072954963
998217,0.013284355
998218,0.00647859
998219,0.010136862
998220,0.0070657171
998221,0.011500459
998222,0.0083582262
998223,0.010307761
998224,0.010813993
998225,0.021050666
998226,0.014112046
998227,0.013941865
998228,0.020421645
998229,0.010792452
998230,0.034110755
998231,0.012379366
998232,0.010256778
998233,0.02694379
998234,0.013871496
998235,0.0084616272
998236,0.007584875
998237,0.03949549
998238,0.0068718405
998239,0.0074735754
998240,0.007004682
998241,0.014371984
998242,0.015136001
998243,0.011640482
998244,0.011020795
998245,0.011951402
998246,0.010453527
998247,0.0070822323
998248,0.017567353
998249,0.013327206
998250,0.039331771
998251,0.013751579
998252,0.0043125716
998253,0.015625
998254,0.0069730869
998255,0.0022866547
998256,0.010661765
998257,0.017427333
998258,0.030833252
998259,0.010485122
998260,0.024628762
998261,0.0070793601
998262,0.01114143
998263,0.018511605
998264,0.039485436
998265,0.01621777
998266,0.0060460707
998267,0.0062018898
998268,0.0096744318
998269,0.016432818
998270,0.011661305
998271,0.012502872
998272,0.010644531
998273,0.0070434571
998274,0.0095190322
998275,0.013295362
998276,0.010668945
998277,0.0083309393
998278,0.021324966
998279,0.010569853
998280,0.0098262178
998281,0.014292997
998282,0.0068689683
998283,0.0073515051
998284,0.0069587259
998285,0.0077579273
998286,0.0069738054
998287,0.0074534696
998288,0.03684872
998289,0.0029598873
998290,0.016083706
998291,0.0065336339
998292,0.007019761
998293,0.0063968101
998294,0.0072861616
998295,0.030873736
998296,0.0075252759
998297,0.013776712
998298,0.022302821
998299,0.011486098
998300,0.033932675
998301,0.020660041
998302,0.007775879
998303,0.013683364
998304,0.0071102367
998305,0.0070484835
998306,0.0071576289
998307,0.006996783
998308,0.0073931525
998309,0.0068933824
998310,0.0071806065
998311,0.0068711224
998312,0.0071992762
998313,0.014896168
998314,0.0080559226
998315,0.0075137867
998316,0.0074987076
998317,0.013388241
998318,0.013678337
998319,0.010075827
998320,0.010500919
998321,0.0066249818
998322,0.0064151539
998323,0.0070693074
998324,0.0075202491
998325,0.009017406
998326,0.017057531
998327,0.0070571001
998328,0.0062614889
998329,0.0072531309
998330,0.021714872
998331,0.010617963
998332,0.006901281
998333,0.010901597
998334,0.0063736448
998335,0.0059268726
998336,0.010455681
998337,0.0076775048
998338,0.01039321
998339,0.010908778
998340,0.023932245
998341,0.014912684
998342,0.039552219
998343,0.033763211
998344,0.0073069851
998345,0.0082367854
998346,0.006901999
998347,0.017306698
998348,0.007306267
998349,0.020469038
998350,0.0076638614
998351,0.0075899013
998352,0.01087072
998353,0.0075303023
998354,0.0072366153
998355,0.01451057
998356,0.020579619
998357,0.0071016201
998358,0.0077672624
998359,0.01079317
998360,0.030885944
998361,0.017476879
998362,0.010631606
998363,0.013844928
998364,0.0076437555
998365,0.013649615
998366,0.01733291
998367,0.008429314
998368,0.022684094
998369,0.018544599
998370,0.021285472
998371,0.011953556
998372,0.022378847
998373,0.007077924
998374,0.033087272
998375,0.0071856328
998376,0.0085865697
998377,0.024242446
998378,0.025154976
998379,0.01396269
998380,0.017095588
998381,0.03430032
998382,0.0094518326
998383,0.010295554
998384,0.013639562
998385,0.0079733459
998386,0.0073895622
998387,0.016806209
998388,0.013476497
998389,0.010574161
998390,0.010819738
998391,0.0086418604
998392,0.006161775
998393,0.0060913088
998394,0.02605135
998395,0.0070542279
998396,0.008165786
998397,0.017749023
998398,0.0070104264
998399,0.0071095186
998400,0.016342342
998401,0.0070255054
998402,0.0070822323
998403,0.017666446
998404,0.0072122011
998405,0.017015165
998406,0.010314223
998407,0.039242733
998408,0.017092716
998409,0.015989549
998410,0.012685946
998411,0.0070025274
998412,0.0074218749
998413,0.033557128
998414,0.010873592
998415,0.016957721
998416,0.0139591
998417,0.0070211971
998418,0.0066054245
998419,0.0024376852
998420,0.013572782
998421,0.0075274301
998422,0.0072954963
998423,0.013544442
998424,0.0062112249
998425,0.0066399928
998426,0.0089211855
998427,0.010273294
998428,0.010709874
998429,0.020714615
998430,0.026074804
998431,0.036748189
998432,0.0071913777
998433,0.010428395
998434,0.011595267
998435,0.013209209
998436,0.014967974
998437,0.014426556
998438,0.011187385
998439,0.01072639
998440,0.01372573
998441,0.010602884
998442,0.0071640913
998443,0.011259191
998444,0.010038488
998445,0.012465533
998446,0.0095907198
998447,0.011251292
998448,0.0080451518
998449,0.010409008
998450,0.010234519
998451,0.017188936
998452,0.0070477654
998453,0.0078469673
998454,0.030284926
998455,0.021021226
998456,0.013401885
998457,0.0099476529
998458,0.013511029
998459,0.015101533
998460,0.017382812
998461,0.014080452
998462,0.030707864
998463,0.010579187
998464,0.0072351792
998465,0.012946504
998466,0.029812619
998467,0.0071490118
998468,0.008150707
998469,0.0092313876
998470,0.0069773956
998471,0.013203699
998472,0.010531796
998473,0.013737937
998474,0.0072610294
998475,0.0075216852
998476,0.0073830998
998477,0.0072703641
998478,0.0088278381
998479,0.0072409236
998480,0.01632553
998481,0.0072078928
998482,0.031760212
998483,0.010712029
998484,0.0070664352
998485,0.0076976102
998486,0.0081866095
998487,0.010444192
998488,0.013668285
998489,0.0074211569
998490,0.0070535098
998491,0.0066546872
998492,0.027561322
998493,0.013807588
998494,0.0073665841
998495,0.011882468
998496,0.0068589156
998497,0.039377011
998498,0.0074247471
998499,0.011954039
998500,0.010431267
998501,0.0072071748
998502,0.010638068
998503,0.016888786
998504,0.010661765
998505,0.0074793198
998506,0.024955982
998507,0.0072775446
998508,0.0075066062
998509,0.0075051701
998510,0.0072481045
998511,0.0092687272
998512,0.01553237
998513,0.0074039237
998514,0.019213572
998515,0.019124135
998516,0.010345099
998517,0.010502355
998518,0.0098970495
998519,0.016962029
998520,0.010444192
998521,0.0069910386
998522,0.021671789
998523,0.017619055
998524,0.010261805
998525,0.013847082
998526,0.0068323473
998527,0.010816866
998528,0.010337919
998529,0.012830962
998530,0.007445571
998531,0.010931755
998532,0.0073665841
998533,0.023487076
998534,0.0094180834
998535,0.010596422
998536,0.014078298
998537,0.0072646197
998538,0.019275544
998539,0.0072861616
998540,0.015521599
998541,0.024702005
998542,0.020706715
998543,0.013939711
998544,0.036719467
998545,0.034353457
998546,0.013363891
998547,0.035608135
998548,0.0093647782
998549,0.020158118
998550,0.0071403952
998551,0.017479032
998552,0.0071468577
998553,0.010951143
998554,0.039467487
998555,0.0069364659
998556,0.014315258
998557,0.023254978
998558,0.030748075
998559,0.010112449
998560,0.0069623161
998561,0.014055319
998562,0.010714902
998563,0.021220846
998564,0.013761632
998565,0.0073105758
998566,0.0071332147
998567,0.010460707
998568,0.010630888
998569,0.007019761
998570,0.010801069
998571,0.028351907
998572,0.0073529412
998573,0.026673082
998574,0.010475787
998575,0.0070592542
998576,0.012971206
998577,0.0070054
998578,0.036980122
998579,0.031308882
998580,0.0077923941
998581,0.013586415
998582,0.013822667
998583,0.0076660155
998584,0.016949821
998585,0.017066866
998586,0.014073989
998587,0.010667509
998588,0.010621553
998589,0.017635569
998590,0.010420497
998591,0.010428395
998592,0.021128217
998593,0.016865809
998594,0.017269358
998595,0.010095457
998596,0.005859375
998597,0.010667509
998598,0.0073263729
998599,0.0080494601
998600,0.0059168199
998601,0.017257152
998602,0.0067598233
998603,0.0071116728
998604,0.012953096
998605,0.0098188994
998606,0.0072157914
998607,0.0070018093
998608,0.02700698
998609,0.0072868797
998610,0.0065281182
998611,0.023899931
998612,0.0080494601
998613,0.010565544
998614,0.01650296
998615,0.01091524
998616,0.013366682
998617,0.0086591663
998618,0.0073888442
998619,0.010294118
998620,0.0072014304
998621,0.013671157
998622,0.0085418839
998623,0.010426241
998624,0.0068036248
998625,0.027746582
998626,0.012961249
998627,0.0071827606
998628,0.03968434
998629,0.039882526
998630,0.038238078
998631,0.01299259
998632,0.0072409236
998633,0.0070736157
998634,0.0069738054
998635,0.032271419
998636,0.0073637119
998637,0.039705884
998638,0.0082543138
998639,0.037454043
998640,0.023949478
998641,0.014352596
998642,0.0071231616
998643,0.027435662
998644,0.010796042
998645,0.0067333677
998646,0.013092401
998647,0.013558421
998648,0.021391746
998649,0.0071109547
998650,0.0072818534
998651,0.017725328
998652,0.036746107
998653,0.0086519131
998654,0.0073019909
998655,0.01979213
998656,0.013867187
998657,0.0071396772
998658,0.0070377127
998659,0.0067454618
998660,0.02400046
998661,0.028736915
998662,0.027688419
998663,0.039649874
998664,0.0073881261
998665,0.0072868797
998666,0.014030187
998667,0.011909036
998668,0.02036061
998669,0.023558851
998670,0.011814252
998671,0.01602855
998672,0.0075094784
998673,0.01079676
998674,0.0064108437
998675,0.013683364
998676,0.020122426
998677,0.027023738
998678,0.024116067
998679,0.007210765
998680,0.0068941005
998681,0.033631809
998682,0.017533606
998683,0.017844915
998684,0.010308479
998685,0.027534036
998686,0.010572007
998687,0.037901394
998688,0.019026512
998689,0.014102711
998690,0.0070980298
998691,0.014187442
998692,0.03929228
998693,0.007365148
998694,0.02081586
998695,0.017263614
998696,0.016486673
998697,0.016839959
998698,0.0071389591
998699,0.0062594516
998700,0.0072445138
998701,0.010708438
998702,0.010560518
998703,0.0064438763
998704,0.01430305
998705,0.0072409236
998706,0.020769905
998707,0.010174202
998708,0.014160874
998709,0.0070836684
998710,0.0073012407
998711,0.0070391488
998712,0.013821231
998713,0.0076401653
998714,0.0074606501
998715,0.0080731558
998716,0.010468607
998717,0.0070097083
998718,0.011368336
998719,0.0073658661
998720,0.0074807559
998721,0.0081040328
998722,0.0072976504
998723,0.0069199507
998724,0.017244944
998725,0.0069357478
998726,0.0063009821
998727,0.0099142632
998728,0.01071131
998729,0.023596276
998730,0.0069860122
998731,0.0070714615
998732,0.019628188
998733,0.0059979609
998734,0.0060668364
998735,0.024564138
998736,0.013677619
998737,0.0067670038
998738,0.010803941
998739,0.010526051
998740,0.0065404791
998741,0.014007928
998742,0.0074197208
998743,0.0074994257
998744,0.0156767
998745,0.0061999955
998746,0.0069788317
998747,0.012047621
998748,0.017041733
998749,0.0071195713
998750,0.0072818534
998751,0.0072840075
998752,0.0057322783
998753,0.0070980298
998754,0.0072524128
998755,0.010963351
998756,0.014165901
998757,0.012928027
998758,0.024032772
998759,0.014054601
998760,0.01048943
998761,0.0069364659
998762,0.010366642
998763,0.00731273
998764,0.0075762579
998765,0.010477941
998766,0.0069587259
998767,0.010868566
998768,0.0075482535
998769,0.0042628716
998770,0.011661305
998771,0.0068833297
998772,0.010279038
998773,0.0070664352
998774,0.013924632
998775,0.023347743
998776,0.0062625334
998777,0.024783865
998778,0.039338235
998779,0.0066555501
998780,0.0078986669
998781,0.010708438
998782,0.010312787
998783,0.027363138
998784,0.027137667
998785,0.013867187
998786,0.0072387694
998787,0.021342916
998788,0.017109232
998789,0.007195686
998790,0.012522978
998791,0.014148667
998792,0.013752297
998793,0.0095785568
998794,0.015947409
998795,0.039595302
998796,0.0066306926
998797,0.008459473
998798,0.005243795
998799,0.010525333
998800,0.0072875977
998801,0.0083754594
998802,0.006677845
998803,0.0072904699
998804,0.0074742935
998805,0.019866435
998806,0.020782111
998807,0.007459214
998808,0.02031609
998809,0.010426959
998810,0.0063038548
998811,0.0071806065
998812,0.017081944
998813,0.0052763098
998814,0.0074211569
998815,0.0073988969
998816,0.006996783
998817,0.010634478
998818,0.0075504077
998819,0.010824764
998820,0.010625862
998821,0.0070075542
998822,0.039710909
998823,0.010534668
998824,0.0063472982
998825,0.017204734
998826,0.019514017
998827,0.009383617
998828,0.0071023381
998829,0.022454474
998830,0.0098465225
998831,0.017510626
998832,0.0072495406
998833,0.0072624655
998834,0.014022289
998835,0.01033002
998836,0.0079194913
998837,0.0098446114
998838,0.0065427828
998839,0.020291677
998840,0.0077234604
998841,0.027478028
998842,0.010549747
998843,0.016860064
998844,0.0073005226
998845,0.009860782
998846,0.013510311
998847,0.012262322
998848,0.013821231
998849,0.0065372242
998850,0.0047184094
998851,0.0072840075
998852,0.0071116728
998853,0.011868106
998854,0.021444881
998855,0.0075058881
998856,0.020834114
998857,0.0095207663
998858,0.01071131
998859,0.011435834
998860,0.0096223187
998861,0.039135743
998862,0.0072610294
998863,0.013327206
998864,0.0078089098
998865,0.016886633
998866,0.029149093
998867,0.017399328
998868,0.031291649
998869,0.010619399
998870,0.0073041129
998871,0.0071691177
998872,0.016960593
998873,0.010382439
998874,0.017417997
998875,0.013796099
998876,0.020519301
998877,0.027596507
998878,0.0075654872
998879,0.016948385
998880,0.010803941
998881,0.013702033
998882,0.01349954
998883,0.022303205
998884,0.024230238
998885,0.026564419
998886,0.010026281
998887,0.010903033
998888,0.010926011
998889,0.014038804
998890,0.00698314
998891,0.0090992646
998892,0.0073795095
998893,0.016343947
998894,0.018047737
998895,0.0076536485
998896,0.0068933824
998897,0.0074541876
998898,0.0076681697
998899,0.014038086
998900,0.0069120517
998901,0.030471623
998902,0.0072136372
998903,0.010236673
998904,0.014879653
998905,0.010650275
998906,0.0056525734
998907,0.007093003
998908,0.0073328353
998909,0.017303826
998910,0.0072840075
998911,0.0063022114
998912,0.0073694563
998913,0.018582299
998914,0.013930377
998915,0.011094755
998916,0.015975123
998917,0.011096261
998918,0.020588236
998919,0.010846307
998920,0.020377126
998921,0.010426241
998922,0.014201804
998923,0.0071482938
998924,0.0075755399
998925,0.010618681
998926,0.0072617475
998927,0.0070283776
998928,0.0066715018
998929,0.015538404
998930,0.017601103
998931,0.026081039
998932,0.033584416
998933,0.020161707
998934,0.0075453813
998935,0.01081543
998936,0.0079395967
998937,0.0069716508
998938,0.0078347595
998939,0.010671818
998940,0.0075913374
998941,0.010549747
998942,0.037531596
998943,0.0023648224
998944,0.0064366958
998945,0.0072459499
998946,0.0071748621
998947,0.0074175666
998948,0.017087689
998949,0.0085757989
998950,0.0078189624
998951,0.0075949277
998952,0.0074132583
998953,0.039455999
998954,0.0072531309
998955,0.013088055
998956,0.006241173
998957,0.0098489197
998958,0.00857508
998959,0.0096580237
998960,0.029472189
998961,0.013659668
998962,0.0091359438
998963,0.010515998
998964,0.017602827
998965,0.0074771657
998966,0.0095795076
998967,0.013970588
998968,0.0072667738
998969,0.0073184744
998970,0.020442469
998971,0.0073199105
998972,0.0065364018
998973,0.0073098578
998974,0.016195089
998975,0.011662676
998976,0.015947938
998977,0.0071971221
998978,0.017946491
998979,0.0072524128
998980,0.013904527
998981,0.01039321
998982,0.01389232
998983,0.0059139477
998984,0.014234834
998985,0.011573419
998986,0.017722255
998987,0.0073852539
998988,0.010772346
998989,0.010145479
998990,0.010875747
998991,0.010861386
998992,0.0077471565
998993,0.010340791
998994,0.0066930433
998995,0.0072840075
998996,0.0093654236
998997,0.0027932166
998998,0.011879596
998999,0.0066436916
999000,0.0080896718
999001,0.0071425494
999002,0.0079561118
999003,0.0074398266
999004,0.0068818936
999005,0.0065720314
999006,0.0072516948
999007,0.0070628445
999008,0.019478831
999009,0.0071633733
999010,0.0072682099
999011,0.0081270104
999012,0.0068151136
999013,0.0071382411
999014,0.0063476814
999015,0.013401885
999016,0.011848719
999017,0.019712254
999018,0.0072624655
999019,0.0065379422
999020,0.010093778
999021,0.0088953357
999022,0.010541131
999023,0.010668227
999024,0.020573156
999025,0.010236673
999026,0.0076559628
999027,0.013558421
999028,0.0068826117
999029,0.0072222543
999030,0.0070614084
999031,0.03687026
999032,0.0075741038
999033,0.009413057
999034,0.01083769
999035,0.014875589
999036,0.018278953
999037,0.0062081981
999038,0.018223662
999039,0.01994198
999040,0.017382812
999041,0.0061014914
999042,0.017053222
999043,0.0080681294
999044,0.0072933421
999045,0.01439568
999046,0.013936121
999047,0.03102022
999048,0.01764706
999049,0.010750804
999050,0.027358111
999051,0.036538221
999052,0.026486386
999053,0.013846364
999054,0.0098870089
999055,0.011325971
999056,0.0080814725
999057,0.0091559915
999058,0.026268531
999059,0.008180147
999060,0.0075130686
999061,0.010549029
999062,0.0077478746
999063,0.010508818
999064,0.010442038
999065,0.0073199105
999066,0.0108262
999067,0.010202924
999068,0.010928883
999069,0.011465993
999070,0.010502355
999071,0.0073615578
999072,0.013582118
999073,0.0020060563
999074,0.0071662455
999075,0.020567412
999076,0.0061766454
999077,0.0063763787
999078,0.0066111637
999079,0.01037454
999080,0.035521112
999081,0.014186006
999082,0.0073479149
999083,0.038568474
999084,0.009027862
999085,0.020611214
999086,0.016857911
999087,0.006666244
999088,0.0081823012
999089,0.033599496
999090,0.013332624
999091,0.0074577779
999092,0.019341184
999093,0.0068309112
999094,0.013819077
999095,0.039269302
999096,0.034296732
999097,0.0062136496
999098,0.0073795095
999099,0.0061980491
999100,0.028959015
999101,0.0062631164
999102,0.017326804
999103,0.0070219152
999104,0.010638068
999105,0.0073694563
999106,0.013969152
999107,0.0073486329
999108,0.0069845761
999109,0.030347398
999110,0.010578469
999111,0.006996783
999112,0.0071626552
999113,0.022041304
999114,0.0071885055
999115,0.017882429
999116,0.0073328353
999117,0.016169026
999118,0.0094877239
999119,0.015533088
999120,0.039568014
999121,0.0072674919
999122,0.013034791
999123,0.014788459
999124,0.035395913
999125,0.007196404
999126,0.014071117
999127,0.0075719496
999128,0.010284783
999129,0.014188878
999130,0.0071612191
999131,0.010202206
999132,0.0075022979
999133,0.007019761
999134,0.005873736
999135,0.025689337
999136,0.010732135
999137,0.0072265626
999138,0.013773122
999139,0.017097743
999140,0.0067368452
999141,0.01082261
999142,0.0073077031
999143,0.013788201
999144,0.0072215362
999145,0.0065164007
999146,0.0072617475
999147,0.0066865808
999148,0.010901597
999149,0.0140625
999150,0.013765941
999151,0.031100644
999152,0.0090267407
999153,0.0094259819
999154,0.010582778
999155,0.0073680202
999156,0.0086152917
999157,0.0057408949
999158,0.0075697955
999159,0.017774874
999160,0.039523493
999161,0.025446631
999162,0.038729321
999163,0.023571059
999164,0.013923914
999165,0.0071238796
999166,0.0062375632
999167,0.0073838178
999168,0.012497846
999169,0.0078153722
999170,0.014124971
999171,0.0026026303
999172,0.024111759
999173,0.030073913
999174,0.011074649
999175,0.0070772059
999176,0.033950627
999177,0.0072387694
999178,0.020724667
999179,0.0019865299
999180,0.02507396
999181,0.007159065
999182,0.010767319
999183,0.0068625058
999184,0.0066506779
999185,0.0094353175
999186,0.005858657
999187,0.015250172
999188,0.0061963606
999189,0.0073450427
999190,0.0073141661
999191,0.0073759193
999192,0.0076882755
999193,0.0161964
999194,0.0065860525
999195,0.020439597
999196,0.013848518
999197,0.0082304114
999198,0.0072832895
999199,0.0069343117
999200,0.010756548
999201,0.037672333
999202,0.0080652572
999203,0.0081571694
999204,0.0071138269
999205,0.0070987479
999206,0.016140567
999207,0.0063192961
999208,0.010378849
999209,0.014282945
999210,0.010423369
999211,0.013292739
999212,0.0072315889
999213,0.0063838754
999214,0.013902373
999215,0.0071461396
999216,0.024798226
999217,0.0072402055
999218,0.0077184341
999219,0.03449348
999220,0.023844641
999221,0.036379106
999222,0.018421846
999223,0.01043773
999224,0.034172781
999225,0.0073795095
999226,0.013838465
999227,0.010039612
999228,0.0067626955
999229,0.0071346508
999230,0.01387006
999231,0.016548427
999232,0.007092285
999233,0.03938419
999234,0.0058428594
999235,0.017447438
999236,0.01217041
999237,0.014138615
999238,0.010628734
999239,0.014097685
999240,0.0069623161
999241,0.017470416
999242,0.020886948
999243,0.0070815142
999244,0.010409726
999245,0.020996813
999246,0.0037300889
999247,0.039724551
999248,0.016410874
999249,0.016852167
999250,0.0074541876
999251,0.0076056984
999252,0.0073414524
999253,0.0072351792
999254,0.0073069851
999255,0.017644187
999256,0.010263959
999257,0.0058475621
999258,0.017704504
999259,0.008963068
999260,0.0107228
999261,0.0074836281
999262,0.0071037742
999263,0.017277258
999264,0.021787396
999265,0.0073414524
999266,0.02426686
999267,0.0087021776
999268,0.0049918089
999269,0.027724529
999270,0.0069307215
999271,0.00578319
999272,0.007151884
999273,0.027284151
999274,0.0076380111
999275,0.0071892235
999276,0.034181125
999277,0.0071044923
999278,0.0071813245
999279,0.039336801
999280,0.011987421
999281,0.0075087603
999282,0.022169307
999283,0.0069479551
999284,0.010566263
999285,0.012181181
999286,0.0070807962
999287,0.027047191
999288,0.023469813
999289,0.020669376
999290,0.03340131
999291,0.01028981
999292,0.005991498
999293,0.013834157
999294,0.016182562
999295,0.020958036
999296,0.016773896
999297,0.03833726
999298,0.0089547215
999299,0.0072832895
999300,0.014815028
999301,0.0071885055
999302,0.0062169693
999303,0.0072538489
999304,0.024382468
999305,0.010914522
999306,0.01058206
999307,0.010723518
999308,0.010827636
999309,0.02091567
999310,0.0070915669
999311,0.010536822
999312,0.011210363
999313,0.0070901308
999314,0.0069730869
999315,0.010573443
999316,0.020770622
999317,0.0072078928
999318,0.0092234891
999319,0.037040442
999320,0.015872316
999321,0.017023064
999322,0.0064568473
999323,0.0073436066
999324,0.0069436468
999325,0.0074017695
999326,0.0073148841
999327,0.0073874081
999328,0.013618156
999329,0.011076085
999330,0.0081765568
999331,0.0072452319
999332,0.0067466204
999333,0.0071691177
999334,0.0072840075
999335,0.0071569108
999336,0.023276655
999337,0.010644531
999338,0.0071877874
999339,0.010799632
999340,0.011221134
999341,0.01396269
999342,0.014146513
999343,0.0021711823
999344,0.03926643
999345,0.0072811353
999346,0.006701488
999347,0.0077155619
999348,0.0076660155
999349,0.0071324967
999350,0.014030187
999351,0.0073515051
999352,0.0075116325
999353,0.0092407223
999354,0.015868422
999355,0.0073579676
999356,0.0069637522
999357,0.028766476
999358,0.020935196
999359,0.0062844669
999360,0.039369829
999361,0.0063476563
999362,0.028619744
999363,0.0071885055
999364,0.0074714213
999365,0.0067497701
999366,0.006725356
999367,0.010621553
999368,0.012884467
999369,0.0098230699
999370,0.0094152112
999371,0.014081888
999372,0.021098059
999373,0.019495456
999374,0.039545037
999375,0.010654585
999376,0.024490895
999377,0.0070542279
999378,0.0062136375
999379,0.007826861
999380,0.0086590936
999381,0.01160745
999382,0.014220473
999383,0.014042394
999384,0.013123995
999385,0.0074865003
999386,0.0071289064
999387,0.0061990176
999388,0.010431985
999389,0.017314596
999390,0.039352596
999391,0.017266486
999392,0.017094152
999393,0.0069436468
999394,0.0073342714
999395,0.007233025
999396,0.037379365
999397,0.010641659
999398,0.022068229
999399,0.0074922452
999400,0.040238682
999401,0.017158778
999402,0.0063648899
999403,0.013737937
999404,0.010717056
999405,0.013891602
999406,0.0072718002
999407,0.0075066062
999408,0.015656393
999409,0.010780963
999410,0.0074628047
999411,0.039177388
999412,0.008239028
999413,0.0072976504
999414,0.0068143955
999415,0.0059744413
999416,0.0077026365
999417,0.0071166991
999418,0.0071691177
999419,0.013304228
999420,0.0096376305
999421,0.0063060089
999422,0.006613045
999423,0.0079812445
999424,0.0071727079
999425,0.010519588
999426,0.0073177563
999427,0.012326947
999428,0.011514821
999429,0.010442756
999430,0.0071238796
999431,0.013834875
999432,0.0070542279
999433,0.013637408
999434,0.0075453813
999435,0.0066183652
999436,0.013983513
999437,0.0027998418
999438,0.0069888844
999439,0.0082031246
999440,0.026308643
999441,0.015425379
999442,0.01755802
999443,0.0064412113
999444,0.025995404
999445,0.0074807559
999446,0.032921173
999447,0.010220875
999448,0.0062574493
999449,0.013702033
999450,0.010514562
999451,0.0066391909
999452,0.0073766373
999453,0.0073184744
999454,0.0103968
999455,0.010858513
999456,0.0069723688
999457,0.007518813
999458,0.014975873
999459,0.0072251265
999460,0.012265194
999461,0.0056784237
999462,0.019145651
999463,0.021581313
999464,0.0072610294
999465,0.014086196
999466,0.010377413
999467,0.0072868797
999468,0.0091911769
999469,0.010243136
999470,0.006607437
999471,0.011012896
999472,0.014415068
999473,0.010284064
999474,0.010531078
999475,0.0075015798
999476,0.028265461
999477,0.0072811353
999478,0.039475385
999479,0.0071705538
999480,0.010000426
999481,0.01048943
999482,0.0078239888
999483,0.027179314
999484,0.0070089903
999485,0.010964069
999486,0.0073816637
999487,0.0074161305
999488,0.0071504479
999489,0.0069256951
999490,0.018119542
999491,0.021671789
999492,0.010230211
999493,0.01384421
999494,0.0088730752
999495,0.0071188533
999496,0.013855699
999497,0.012982167
999498,0.0074742935
999499,0.0064750742
999500,0.013896628
999501,0.0076681697
999502,0.0058543487
999503,0.0070843864
999504,0.010253906
999505,0.01778708
999506,0.025202492
999507,0.0072516948
999508,0.03476347
999509,0.0071274703
999510,0.013696109
999511,0.0073457109
999512,0.014046703
999513,0.0064012683
999514,0.013974897
999515,0.0072667738
999516,0.023958812
999517,0.01048943
999518,0.010739315
999519,0.0065256972
999520,0.015028995
999521,0.007255285
999522,0.01385498
999523,0.0082325656
999524,0.0089190314
999525,0.0055498909
999526,0.0073069851
999527,0.010437012
999528,0.019504741
999529,0.010424087
999530,0.01238511
999531,0.017529298
999532,0.010785989
999533,0.0070973118
999534,0.039316695
999535,0.017328957
999536,0.013522519
999537,0.010284783
999538,0.011010024
999539,0.0070728976
999540,0.0080882357
999541,0.0070700254
999542,0.0074498793
999543,0.012779943
999544,0.0018183928
999545,0.027563477
999546,0.017374914
999547,0.017442411
999548,0.0077277687
999549,0.03929228
999550,0.007423311
999551,0.010829072
999552,0.013937557
999553,0.008605239
999554,0.0099343695
999555,0.014211857
999556,0.010260369
999557,0.027045755
999558,0.010808967
999559,0.0071303425
999560,0.013407629
999561,0.0076760687
999562,0.010730699
999563,0.010430549
999564,0.010546875
999565,0.0071454216
999566,0.0076746321
999567,0.025136432
999568,0.011004997
999569,0.006996783
999570,0.0087057678
999571,0.0063325772
999572,0.0071576289
999573,0.017651368
999574,0.0071181352
999575,0.011774041
999576,0.014097685
999577,0.0071274703
999578,0.0067967726
999579,0.00870864
999580,0.010696231
999581,0.02053079
999582,0.010630888
999583,0.007313448
999584,0.007613597
999585,0.013982077
999586,0.039637666
999587,0.017088408
999588,0.0071123908
999589,0.013062191
999590,0.017606847
999591,0.0073694563
999592,0.014158002
999593,0.010493021
999594,0.039533548
999595,0.010416906
999596,0.013941147
999597,0.01084487
999598,0.01379969
999599,0.0064341505
999600,0.010827636
999601,0.031214815
999602,0.0086705824
999603,0.0063008862
999604,0.007137523
999605,0.025939941
999606,0.0072150733
999607,0.035607912
999608,0.006996783
999609,0.010623707
999610,0.017226994
999611,0.007444853
999612,0.022920497
999613,0.0057373047
999614,0.0073005226
999615,0.010417624
999616,0.0105598
999617,0.016315589
999618,0.020730412
999619,0.0079338523
999620,0.0068883561
999621,0.0075367647
999622,0.039098404
999623,0.032998342
999624,0.023415959
999625,0.0074620866
999626,0.017474724
999627,0.01724638
999628,0.001316631
999629,0.0064013735
999630,0.0071576289
999631,0.011055262
999632,0.0075195311
999633,0.017693732
999634,0.0070183249
999635,0.032025505
999636,0.03919965
999637,0.0069917566
999638,0.015955308
999639,0.014193187
999640,0.025884245
999641,0.013606532
999642,0.0064496361
999643,0.010539695
999644,0.0075539984
999645,0.006982422
999646,0.010865694
999647,0.0067464667
999648,0.031196864
999649,0.016324056
999650,0.0061399117
999651,0.013640998
999652,0.0070973118
999653,0.010202924
999654,0.0070894128
999655,0.016957721
999656,0.010699104
999657,0.010236673
999658,0.010103832
999659,0.007444853
999660,0.0074520335
999661,0.021557618
999662,0.017221967
999663,0.0054946002
999664,0.0023305367
999665,0.018398868
999666,0.033725154
999667,0.007408232
999668,0.0064545572
999669,0.016650176
999670,0.0086777629
999671,0.016998651
999672,0.012480612
999673,0.0072236904
999674,0.01053036
999675,0.016877297
999676,0.0077888039
999677,0.0070678713
999678,0.0073565315
999679,0.022520537
999680,0.018497244
999681,0.0071188533
999682,0.025082577
999683,0.0070427391
999684,0.025073241
999685,0.023155937
999686,0.0072524128
999687,0.010852769
999688,0.0054630055
999689,0.018282697
999690,0.0072495406
999691,0.017178165
999692,0.0071827606
999693,0.0072208182
999694,0.0069809859
999695,0.015914379
999696,0.020978861
999697,0.010344381
999698,0.029505113
999699,0.01974236
999700,0.0071131089
999701,0.019072181
999702,0.01160745
999703,0.014052447
999704,0.0072660558
999705,0.0072768265
999706,0.017254997
999707,0.017494829
999708,0.011516257
999709,0.013776712
999710,0.0073608398
999711,0.020066205
999712,0.0070219152
999713,0.0068962546
999714,0.011167279
999715,0.0027412698
999716,0.023786969
999717,0.013930377
999718,0.023298914
999719,0.010358743
999720,0.014065372
999721,0.01037454
999722,0.0063376036
999723,0.0071131089
999724,0.0073371436
999725,0.018203557
999726,0.012612018
999727,0.0072236904
999728,0.0067179394
999729,0.0072516948
999730,0.019473806
999731,0.0072617475
999732,0.0072459499
999733,0.0072021484
999734,0.029917279
999735,0.010435576
999736,0.011029412
999737,0.020772059
999738,0.016727941
999739,0.01058565
999740,0.010969095
999741,0.017474724
999742,0.0078426581
999743,0.01328125
999744,0.006652832
999745,0.010661765
999746,0.0023584266
999747,0.0068933824
999748,0.023793658
999749,0.0072452319
999750,0.017089125
999751,0.022001088
999752,0.0071576289
999753,0.010294118
999754,0.02004936
999755,0.013576373
999756,0.011471737
999757,0.011249856
999758,0.010984174
999759,0.0074951174
999760,0.0065659466
999761,0.035191435
999762,0.023739085
999763,0.0075863111
999764,0.01041188
999765,0.023897776
999766,0.0071705538
999767,0.0084415209
999768,0.010617245
999769,0.031102797
999770,0.0094943065
999771,0.014272892
999772,0.01051528
999773,0.0096887928
999774,0.013322057
999775,0.017471135
999776,0.014016544
999777,0.020290241
999778,0.010857077
999779,0.015205652
999780,0.0059512868
999781,0.020659324
999782,0.0070456113
999783,0.0071095186
999784,0.019697839
999785,0.010660329
999786,0.020029064
999787,0.0072998046
999788,0.0069414922
999789,0.0075712316
999790,0.0077600814
999791,0.010576315
999792,0.013960536
999793,0.010712747
999794,0.039280791
999795,0.0074857823
999796,0.013590734
999797,0.013823385
999798,0.0075863111
999799,0.02555641
999800,0.01063376
999801,0.010361616
999802,0.010466452
999803,0.0070772059
999804,0.0059921597
999805,0.013620174
999806,0.017141543
999807,0.0055829217
999808,0.013039958
999809,0.010946834
999810,0.0099918144
999811,0.010740033
999812,0.0075719496
999813,0.014476103
999814,0.039280791
999815,0.019688081
999816,0.0041208616
999817,0.0076645794
999818,0.016151121
999819,0.0065083788
999820,0.0070614084
999821,0.014111328
999822,0.0068862019
999823,0.01094468
999824,0.024544749
999825,0.01059714
999826,0.0078103459
999827,0.0065787327
999828,0.010459989
999829,0.0060884366
999830,0.023997588
999831,0.007444853
999832,0.016001696
999833,0.0070937211
999834,0.0073084212
999835,0.0071332147
999836,0.010948989
999837,0.013661104
999838,0.009263576
999839,0.0070441752
999840,0.0072962143
999841,0.010904211
999842,0.0072660558
999843,0.030488502
999844,0.0078613283
999845,0.010420497
999846,0.013384086
999847,0.0071655274
999848,0.0072631836
999849,0.010528924
999850,0.01790197
999851,0.0073328353
999852,0.0072516948
999853,0.024075856
999854,0.020734001
999855,0.017601103
999856,0.0070772059
999857,0.0026745393
999858,0.010742906
999859,0.013839183
999860,0.0073529412
999861,0.01669132
999862,0.0069508273
999863,0.0080537684
999864,0.030342372
999865,0.0073077031
999866,0.0071138269
999867,0.010836254
999868,0.0075030159
999869,0.022597773
999870,0.034240723
999871,0.0075618969
999872,0.0071806065
999873,0.0071727079
999874,0.0073292451
999875,0.0071698357
999876,0.0071892235
999877,0.030874453
999878,0.012770738
999879,0.010081572
999880,0.0069199507
999881,0.019881168
999882,0.010779527
999883,0.010301298
999884,0.017253561
999885,0.011027258
999886,0.0025208818
999887,0.035687275
999888,0.0078361956
999889,0.0074994257
999890,0.0060886876
999891,0.0083101159
999892,0.010845589
999893,0.010366642
999894,0.0074635227
999895,0.0070434571
999896,0.0063490923
999897,0.0072416416
999898,0.010894416
999899,0.012271261
999900,0.0085528204
999901,0.001331397
999902,0.0072567211
999903,0.010373822
999904,0.017095588
999905,0.039744657
999906,0.0094611673
999907,0.0067964443
999908,0.0097387657
999909,0.036733828
999910,0.027786301
999911,0.030338064
999912,0.012818101
999913,0.0097634709
999914,0.0068732766
999915,0.010329302
999916,0.018114399
999917,0.027178597
999918,0.014196778
999919,0.020993939
999920,0.017571662
999921,0.007350069
999922,0.014649874
999923,0.0069888844
999924,0.0070750518
999925,0.030353142
999926,0.039747529
999927,0.007217946
999928,0.020565256
999929,0.026768517
999930,0.017277258
999931,0.039491899
999932,0.010462862
999933,0.0070326859
999934,0.0064150132
999935,0.0091567095
999936,0.0066264072
999937,0.0072380514
999938,0.0095409267
999939,0.0071138269
999940,0.017476879
999941,0.010523897
999942,0.012873858
999943,0.024541877
999944,0.0071705538
999945,0.0392255
999946,0.024516495
999947,0.014711627
999948,0.0071023381
999949,0.010549747
999950,0.031991757
999951,0.0073220646
999952,0.0094626034
999953,0.0067591048
999954,0.007269646
999955,0.010648839
999956,0.0087897805
999957,0.0078010112
999958,0.010666791
999959,0.025991641
999960,0.009927907
999961,0.010690487
999962,0.011335306
999963,0.0074075139
999964,0.01728731
999965,0.011179486
999966,0.007503734
999967,0.01028981
999968,0.0061505809
999969,0.014533548
999970,0.017506318
999971,0.022999249
999972,0.0055950815
999973,0.0074218749
999974,0.0070736157
999975,0.0074520335
999976,0.02235279
999977,0.013253964
999978,0.007232307
999979,0.0060242987
999980,0.010337919
999981,0.007269646
999982,0.007400333
999983,0.01100787
999984,0.0087007415
999985,0.034271598
999986,0.0077026365
999987,0.0069156424
999988,0.01474035
999989,0.010806095
999990,0.004668239
999991,0.007459932
999992,0.0070262235
999993,0.0072315889
999994,0.022337431
999995,0.0068057789
999996,0.0069508273
999997,0.00736443
999998,0.014222628
999999,0.0067985984
