LECROYHDO6104B,11090,Waveform
Segments,1,SegmentSize,3301
Segment,TrigTime,TimeSinceSegment1
#1,04-May-2026 18:45:31,0                 
Time,Ampl
996699,0.030272719
996700,0.0071490118
996701,0.021110984
996702,0.039267149
996703,0.0094460882
996704,0.010425523
996705,0.0061626802
996706,0.0074190027
996707,0.015207807
996708,0.0070958757
996709,0.0096567292
996710,0.0073048309
996711,0.020425236
996712,0.0077134077
996713,0.011580883
996714,0.007033404
996715,0.0075970818
996716,0.0073249368
996717,0.016869534
996718,0.027171416
996719,0.0072703641
996720,0.0072840075
996721,0.012857358
996722,0.025857229
996723,0.0074333642
996724,0.0074886545
996725,0.024521053
996726,0.013730038
996727,0.0072337431
996728,0.0077155619
996729,0.017547349
996730,0.017291619
996731,0.013832721
996732,0.018152574
996733,0.017226275
996734,0.0073953066
996735,0.013845646
996736,0.010327866
996737,0.0072380514
996738,0.019755285
996739,0.010601448
996740,0.020381434
996741,0.0071841967
996742,0.010581342
996743,0.020409439
996744,0.010260369
996745,0.0071949679
996746,0.01391458
996747,0.0023248421
996748,0.0068215765
996749,0.0043017659
996750,0.010665355
996751,0.010615809
996752,0.006960162
996753,0.017304543
996754,0.011243394
996755,0.0098632816
996756,0.0061566504
996757,0.020226333
996758,0.0095430259
996759,0.0070973118
996760,0.017217658
996761,0.0068502985
996762,0.0075159408
996763,0.0069637522
996764,0.010493021
996765,0.0071712718
996766,0.013267743
996767,0.03136402
996768,0.010743624
996769,0.0071942499
996770,0.0075310203
996771,0.011086857
996772,0.016626695
996773,0.018032657
996774,0.0097677791
996775,0.0070427391
996776,0.0073795095
996777,0.0068474263
996778,0.014142923
996779,0.013147563
996780,0.0071066464
996781,0.010640941
996782,0.010735007
996783,0.0064285179
996784,0.022894606
996785,0.0097519821
996786,0.010281192
996787,0.010249598
996788,0.0072567211
996789,0.014309512
996790,0.0068517351
996791,0.0070815142
996792,0.0062749675
996793,0.0074462891
996794,0.039453126
996795,0.0098704621
996796,0.016295319
996797,0.007349351
996798,0.014028033
996799,0.017589614
996800,0.030358266
996801,0.009429751
996802,0.01892449
996803,0.0063878666
996804,0.0027698637
996805,0.013579963
996806,0.0071131089
996807,0.0070448932
996808,0.016309587
996809,0.0158515
996810,0.01079711
996811,0.010447782
996812,0.039430149
996813,0.019419834
996814,0.016704964
996815,0.013397057
996816,0.01428079
996817,0.014435174
996818,0.024360927
996819,0.0078512756
996820,0.01567311
996821,0.011517959
996822,0.0076746321
996823,0.0073874081
996824,0.033559281
996825,0.014164465
996826,0.01043773
996827,0.0075834384
996828,0.020909926
996829,0.016964901
996830,0.0097766789
996831,0.013752297
996832,0.019456957
996833,0.00736443
996834,0.013924632
996835,0.0030316128
996836,0.014423684
996837,0.0095257927
996838,0.01051887
996839,0.037415989
996840,0.027529728
996841,0.0054974724
996842,0.005682359
996843,0.0092754178
996844,0.0040893122
996845,0.0063967453
996846,0.011229751
996847,0.013453584
996848,0.010007611
996849,0.0056870403
996850,0.010641659
996851,0.024152689
996852,0.016842831
996853,0.0046515907
996854,0.012985023
996855,0.0065142633
996856,0.010386029
996857,0.010387465
996858,0.013876522
996859,0.011261346
996860,0.0022684061
996861,0.010512408
996862,0.007349351
996863,0.010471479
996864,0.0065006032
996865,0.031907745
996866,0.013565602
996867,0.013791791
996868,0.0071131089
996869,0.017137911
996870,0.015758201
996871,0.0017778302
996872,0.010684743
996873,0.015555487
996874,0.0097720874
996875,0.0095085595
996876,0.010516716
996877,0.0072954963
996878,0.0073227827
996879,0.006512092
996880,0.010719928
996881,0.021026971
996882,0.014771944
996883,0.019120026
996884,0.0073206285
996885,0.010294118
996886,0.016534379
996887,0.024724266
996888,0.014756147
996889,0.039838005
996890,0.0070513557
996891,0.015350125
996892,0.01476899
996893,0.0075475355
996894,0.010638786
996895,0.0069443649
996896,0.010577751
996897,0.0059555951
996898,0.0097738728
996899,0.014422966
996900,0.0097103342
996901,0.0073191924
996902,0.03756319
996903,0.015556066
996904,0.025039399
996905,0.013809742
996906,0.007599236
996907,0.0095840981
996908,0.014057473
996909,0.012962045
996910,0.01404383
996911,0.010598576
996912,0.010284064
996913,0.0066453936
996914,0.036848001
996915,0.010664637
996916,0.010880055
996917,0.019827945
996918,0.016381113
996919,0.0096781496
996920,0.023394417
996921,0.032596387
996922,0.0065442547
996923,0.0072782626
996924,0.006471158
996925,0.010764447
996926,0.015864832
996927,0.0073299631
996928,0.024594296
996929,0.0068933824
996930,0.0072825714
996931,0.0095684528
996932,0.009379915
996933,0.011339614
996934,0.013894474
996935,0.0091672614
996936,0.030399816
996937,0.00731273
996938,0.030376839
996939,0.013363341
996940,0.01024529
996941,0.0071691177
996942,0.0076573989
996943,0.0062399469
996944,0.0070858225
996945,0.0071971221
996946,0.0072157914
996947,0.0089448821
996948,0.017618336
996949,0.025087066
996950,0.010862104
996951,0.017658548
996952,0.023055406
996953,0.0095595969
996954,0.010581342
996955,0.0039848848
996956,0.010880773
996957,0.039717373
996958,0.007372329
996959,0.027470129
996960,0.014032342
996961,0.035016853
996962,0.0024641037
996963,0.01385139
996964,0.0076573989
996965,0.014073989
996966,0.0072315889
996967,0.013269761
996968,0.012895965
996969,0.0072373333
996970,0.0070599723
996971,0.038595043
996972,0.013018062
996973,0.0064218142
996974,0.039464615
996975,0.014326747
996976,0.0077715707
996977,0.011167279
996978,0.012594545
996979,0.0072631836
996980,0.0083869481
996981,0.0108262
996982,0.039649874
996983,0.010554774
996984,0.019616824
996985,0.010509536
996986,0.020816579
996987,0.027144128
996988,0.010727108
996989,0.039705884
996990,0.0081234202
996991,0.0075252759
996992,0.0070937211
996993,0.0068962546
996994,0.0073845359
996995,0.0068854839
996996,0.0080896718
996997,0.014524213
996998,0.016256893
996999,0.0070348405
997000,0.0065945177
997001,0.0075712316
997002,0.019175109
997003,0.010670382
997004,0.007526712
997005,0.0022635919
997006,0.026875574
997007,0.027094582
997008,0.0066148294
997009,0.0085994946
997010,0.012895441
997011,0.010582778
997012,0.0072617475
997013,0.020180248
997014,0.014200368
997015,0.0075906194
997016,0.017056813
997017,0.019325001
997018,0.014096967
997019,0.020484835
997020,0.03968434
997021,0.023946606
997022,0.013471536
997023,0.007658117
997024,0.01372932
997025,0.017031681
997026,0.020797908
997027,0.0075618969
997028,0.013997156
997029,0.010659611
997030,0.01183005
997031,0.011700081
997032,0.019338809
997033,0.014039522
997034,0.013833439
997035,0.014707319
997036,0.031671502
997037,0.010572007
997038,0.0071942499
997039,0.0070132986
997040,0.010910932
997041,0.0071482938
997042,0.016908893
997043,0.031159524
997044,0.012411678
997045,0.0074721393
997046,0.007732077
997047,0.03049819
997048,0.0090917852
997049,0.011810662
997050,0.0070054
997051,0.0078239888
997052,0.019267004
997053,0.014188878
997054,0.029872041
997055,0.0069738054
997056,0.031344067
997057,0.020705279
997058,0.02001664
997059,0.0072272806
997060,0.010443474
997061,0.0072538489
997062,0.0080437157
997063,0.0029280651
997064,0.010584932
997065,0.010697667
997066,0.0068215765
997067,0.0071461396
997068,0.031060431
997069,0.0065536802
997070,0.0074017695
997071,0.010666791
997072,0.007137523
997073,0.0069365553
997074,0.010491584
997075,0.0070312498
997076,0.023049029
997077,0.0063000992
997078,0.019915413
997079,0.0074721393
997080,0.030706428
997081,0.010523897
997082,0.01759105
997083,0.033499684
997084,0.010594985
997085,0.0093764365
997086,0.0064934227
997087,0.010678998
997088,0.014338235
997089,0.007210765
997090,0.010592831
997091,0.0063741053
997092,0.011265654
997093,0.0067188265
997094,0.014248477
997095,0.0072064567
997096,0.013943302
997097,0.011921961
997098,0.02030101
997099,0.0080013499
997100,0.010661765
997101,0.0071253157
997102,0.022625187
997103,0.010394646
997104,0.0072897519
997105,0.007350069
997106,0.0018454376
997107,0.013754452
997108,0.010569853
997109,0.0084673716
997110,0.011702497
997111,0.010850033
997112,0.018360093
997113,0.020886948
997114,0.0068021887
997115,0.0075985179
997116,0.017873965
997117,0.01449549
997118,0.010154167
997119,0.010294118
997120,0.0073263729
997121,0.010827636
997122,0.0071655274
997123,0.013755888
997124,0.0073895622
997125,0.010496611
997126,0.0096351197
997127,0.030985754
997128,0.010206514
997129,0.015454101
997130,0.016900275
997131,0.014158002
997132,0.039609663
997133,0.0078728171
997134,0.0070872586
997135,0.016501753
997136,0.0072445138
997137,0.0062495377
997138,0.014023007
997139,0.011194565
997140,0.0073026768
997141,0.012160357
997142,0.007254567
997143,0.0098762065
997144,0.0073263729
997145,0.0072969324
997146,0.017273668
997147,0.0097405184
997148,0.014338235
997149,0.014145795
997150,0.013732192
997151,0.0069594439
997152,0.013633817
997153,0.01070772
997154,0.02240108
997155,0.013821231
997156,0.0068546073
997157,0.0059945942
997158,0.016361153
997159,0.030457979
997160,0.013055061
997161,0.02511489
997162,0.0070578181
997163,0.0063311406
997164,0.0071231616
997165,0.0074304915
997166,0.0071490118
997167,0.0076624253
997168,0.0075123506
997169,0.0069924747
997170,0.0075697955
997171,0.017293774
997172,0.0075008618
997173,0.0071411133
997174,0.0071806065
997175,0.0073069851
997176,0.01309856
997177,0.033458754
997178,0.0074218749
997179,0.010357307
997180,0.0072954963
997181,0.015940947
997182,0.0065039485
997183,0.0076351389
997184,0.0076631433
997185,0.023359232
997186,0.013972024
997187,0.010546875
997188,0.0077083814
997189,0.015344956
997190,0.013769049
997191,0.013798972
997192,0.011273553
997193,0.00828283
997194,0.010420497
997195,0.017145135
997196,0.010476505
997197,0.0067059686
997198,0.019064091
997199,0.015347573
997200,0.013699161
997201,0.0072351792
997202,0.01060432
997203,0.0009307884
997204,0.006049661
997205,0.0072265626
997206,0.013064449
997207,0.0068538892
997208,0.0073881261
997209,0.0065350723
997210,0.010342227
997211,0.0073041129
997212,0.0093455594
997213,0.014131434
997214,0.013775276
997215,0.031680837
997216,0.010543285
997217,0.02364861
997218,0.011468299
997219,0.01188534
997220,0.0069996552
997221,0.019210266
997222,0.010414752
997223,0.0067361272
997224,0.0073335534
997225,0.0075022979
997226,0.0069307215
997227,0.0071999943
997228,0.009592968
997229,0.014445227
997230,0.010976993
997231,0.023909984
997232,0.0068617878
997233,0.0073482925
997234,0.007100902
997235,0.020020967
997236,0.0073177563
997237,0.0070161708
997238,0.022325359
997239,0.0085047102
997240,0.0026926422
997241,0.0070728976
997242,0.0090805953
997243,0.017210478
997244,0.010560518
997245,0.0072122011
997246,0.026173202
997247,0.0069113337
997248,0.007328527
997249,0.026922248
997250,0.033153459
997251,0.03095416
997252,0.013264016
997253,0.017178884
997254,0.011041619
997255,0.01013758
997256,0.03708123
997257,0.0069536995
997258,0.010171995
997259,0.038706344
997260,0.0069536995
997261,0.010381003
997262,0.014103429
997263,0.017440258
997264,0.0077593634
997265,0.007247386
997266,0.0096047791
997267,0.0080386894
997268,0.013669003
997269,0.010607192
997270,0.0076408833
997271,0.010462143
997272,0.0075224033
997273,0.0077895219
997274,0.031225212
997275,0.026711857
997276,0.035032026
997277,0.03360524
997278,0.0076021082
997279,0.01789978
997280,0.0078455312
997281,0.0072495406
997282,0.0065649967
997283,0.0061494717
997284,0.027148437
997285,0.01058206
997286,0.020094281
997287,0.010785989
997288,0.0070499196
997289,0.005727252
997290,0.0093824659
997291,0.010112623
997292,0.039809283
997293,0.020912798
997294,0.012737824
997295,0.0079288259
997296,0.0071044923
997297,0.0096385162
997298,0.0071619372
997299,0.01647936
997300,0.0066009667
997301,0.033829495
997302,0.039866727
997303,0.028837316
997304,0.017332548
997305,0.0075669233
997306,0.0094054379
997307,0.020226499
997308,0.014039522
997309,0.0072954963
997310,0.0071231616
997311,0.010105268
997312,0.0065336027
997313,0.014124253
997314,0.0105081
997315,0.020303166
997316,0.007621496
997317,0.0079245176
997318,0.0074204388
997319,0.0062794406
997320,0.03043141
997321,0.0073622759
997322,0.0072251265
997323,0.007173426
997324,0.0078534298
997325,0.016900275
997326,0.0073673022
997327,0.0087072039
997328,0.0139591
997329,0.0072265626
997330,0.022983685
997331,0.007291188
997332,0.0067237047
997333,0.0071253157
997334,0.036967918
997335,0.013311407
997336,0.0070807962
997337,0.0084667262
997338,0.011468147
997339,0.0075166589
997340,0.007218664
997341,0.010562672
997342,0.010420497
997343,0.010126092
997344,0.019731987
997345,0.013686236
997346,0.02294491
997347,0.013277394
997348,0.013759478
997349,0.010002874
997350,0.01391817
997351,0.0073357075
997352,0.017061122
997353,0.0065005478
997354,0.016957721
997355,0.022598805
997356,0.014058909
997357,0.0074563418
997358,0.0072739543
997359,0.0073270909
997360,0.0072825714
997361,0.010539695
997362,0.0069206688
997363,0.0137365
997364,0.0061480352
997365,0.015197754
997366,0.012339154
997367,0.01008947
997368,0.026989028
997369,0.026165688
997370,0.0091215242
997371,0.0082842661
997372,0.012943761
997373,0.0070477654
997374,0.013006951
997375,0.010591395
997376,0.019164171
997377,0.0064065559
997378,0.013770968
997379,0.0072581572
997380,0.017178884
997381,0.012757066
997382,0.019302411
997383,0.0075022979
997384,0.0070298137
997385,0.0082849842
997386,0.032279547
997387,0.0078505576
997388,0.0070010913
997389,0.01727654
997390,0.010930319
997391,0.019842889
997392,0.018651959
997393,0.01044491
997394,0.010600012
997395,0.010576315
997396,0.029305981
997397,0.0089269299
997398,0.010806813
997399,0.023324545
997400,0.010492302
997401,0.0089678597
997402,0.016855039
997403,0.0069163605
997404,0.0060195024
997405,0.010504509
997406,0.0071231616
997407,0.017239919
997408,0.018352194
997409,0.01389591
997410,0.0071559041
997411,0.020362046
997412,0.0099516027
997413,0.020132266
997414,0.0072150733
997415,0.0071612191
997416,0.010646685
997417,0.0021128382
997418,0.013214482
997419,0.0073802276
997420,0.010661765
997421,0.013159832
997422,0.0073795095
997423,0.0084228516
997424,0.0084795784
997425,0.017025217
997426,0.039447382
997427,0.0072215362
997428,0.0068021887
997429,0.030274874
997430,0.020563103
997431,0.0072954963
997432,0.033957805
997433,0.010622271
997434,0.0080781821
997435,0.013786765
997436,0.017463954
997437,0.0070578181
997438,0.013667567
997439,0.0075597428
997440,0.013125794
997441,0.010279756
997442,0.01741728
997443,0.01008229
997444,0.017496984
997445,0.0072043026
997446,0.017440258
997447,0.0080889538
997448,0.0063167796
997449,0.010302017
997450,0.025783405
997451,0.033680636
997452,0.0076150335
997453,0.009679094
997454,0.010397518
997455,0.013926786
997456,0.024154512
997457,0.019503616
997458,0.0084415209
997459,0.020569567
997460,0.0091911769
997461,0.012654488
997462,0.0061208834
997463,0.01051528
997464,0.015386604
997465,0.0082993452
997466,0.0071102367
997467,0.0075733857
997468,0.010435576
997469,0.0086971503
997470,0.02330035
997471,0.007481474
997472,0.0072631836
997473,0.0080810543
997474,0.024616556
997475,0.0171875
997476,0.0065372242
997477,0.011224724
997478,0.020378562
997479,0.0066564223
997480,0.0012734844
997481,0.039533548
997482,0.0068660961
997483,0.010856359
997484,0.010216567
997485,0.0073874081
997486,0.01764706
997487,0.01084128
997488,0.0055750231
997489,0.014047421
997490,0.0073249368
997491,0.011539953
997492,0.010378849
997493,0.0052173394
997494,0.0065435614
997495,0.0056913486
997496,0.01060432
997497,0.0077191521
997498,0.0072244084
997499,0.010213695
997500,0.014135025
997501,0.014006491
997502,0.017280849
997503,0.016130514
997504,0.0071712718
997505,0.010960478
997506,0.0062866211
997507,0.028644219
997508,0.0074441349
997509,0.0072301528
997510,0.010869147
997511,0.011067469
997512,0.0095660044
997513,0.0096533233
997514,0.010595703
997515,0.0074412627
997516,0.010887953
997517,0.019354163
997518,0.021798886
997519,0.0067160213
997520,0.0071949679
997521,0.019910386
997522,0.017865349
997523,0.0071691177
997524,0.02063491
997525,0.027377499
997526,0.010716338
997527,0.0064165397
997528,0.0071820426
997529,0.037461225
997530,0.01060791
997531,0.039200369
997532,0.0072114831
997533,0.0074556237
997534,0.023794375
997535,0.00736443
997536,0.010852051
997537,0.0074419808
997538,0.0061927768
997539,0.010673254
997540,0.024510534
997541,0.03555312
997542,0.039413631
997543,0.0076652975
997544,0.0070829503
997545,0.010601448
997546,0.013920324
997547,0.010026281
997548,0.018027632
997549,0.010279856
997550,0.039590992
997551,0.013953355
997552,0.013803998
997553,0.033919748
997554,0.010368078
997555,0.0070496858
997556,0.030170921
997557,0.0066775167
997558,0.0091841351
997559,0.037344899
997560,0.013885139
997561,0.030307904
997562,0.0072394875
997563,0.0076688877
997564,0.013908835
997565,0.030388327
997566,0.010627298
997567,0.028670482
997568,0.035174541
997569,0.014120663
997570,0.013902373
997571,0.010605756
997572,0.013784611
997573,0.0070872586
997574,0.010922421
997575,0.018462775
997576,0.016277226
997577,0.017297363
997578,0.024655331
997579,0.010661047
997580,0.010213695
997581,0.0083036534
997582,0.0068510165
997583,0.017439539
997584,0.01044491
997585,0.007255285
997586,0.022589471
997587,0.039671414
997588,0.023655791
997589,0.013855699
997590,0.0074247471
997591,0.0075051701
997592,0.039224781
997593,0.0068969727
997594,0.0075417911
997595,0.0068761487
997596,0.0073084212
997597,0.010498047
997598,0.010391774
997599,0.0061264937
997600,0.0026001313
997601,0.0076401653
997602,0.0094633214
997603,0.011355411
997604,0.027409812
997605,0.013646025
997606,0.0075949277
997607,0.0099530388
997608,0.027471565
997609,0.017744714
997610,0.0069572898
997611,0.014295151
997612,0.010073673
997613,0.0072768265
997614,0.02386331
997615,0.017141543
997616,0.0071526021
997617,0.0069673425
997618,0.017428769
997619,0.0073988969
997620,0.017288029
997621,0.0098972647
997622,0.020388614
997623,0.0059569525
997624,0.030820599
997625,0.0053362828
997626,0.010516716
997627,0.014034496
997628,0.01148897
997629,0.0059448243
997630,0.022178022
997631,0.0069400561
997632,0.013572064
997633,0.020261003
997634,0.010622271
997635,0.0072150733
997636,0.013997156
997637,0.0074570598
997638,0.0073816637
997639,0.019278493
997640,0.01041188
997641,0.0071461396
997642,0.010857077
997643,0.016096704
997644,0.012520165
997645,0.010577751
997646,0.016217524
997647,0.0077959844
997648,0.0088127581
997649,0.0073191924
997650,0.0052238903
997651,0.0072782626
997652,0.014298995
997653,0.0072940602
997654,0.013815487
997655,0.028467515
997656,0.006769876
997657,0.010299144
997658,0.0075367647
997659,0.00951574
997660,0.0068546073
997661,0.013832721
997662,0.017695168
997663,0.014372702
997664,0.014096967
997665,0.0071109547
997666,0.016506726
997667,0.0067325369
997668,0.011125632
997669,0.0071942499
997670,0.0073335534
997671,0.009662224
997672,0.010784553
997673,0.0065436866
997674,0.0074111042
997675,0.014028033
997676,0.0063303299
997677,0.014298742
997678,0.020158118
997679,0.011302275
997680,0.017652804
997681,0.0095631322
997682,0.020496324
997683,0.0087560313
997684,0.0094906073
997685,0.0082261031
997686,0.01029699
997687,0.010535386
997688,0.0093203988
997689,0.0094748102
997690,0.017693015
997691,0.0072524128
997692,0.0069544176
997693,0.010329302
997694,0.009895972
997695,0.011149328
997696,0.014015826
997697,0.033340693
997698,0.039660644
997699,0.0074477252
997700,0.013693416
997701,0.012660429
997702,0.034108598
997703,0.0071942499
997704,0.0074836281
997705,0.010770191
997706,0.0075396369
997707,0.0070276596
997708,0.017388556
997709,0.027809054
997710,0.00696088
997711,0.013875804
997712,0.0092098461
997713,0.0082950369
997714,0.023948042
997715,0.022921214
997716,0.014538259
997717,0.0072954963
997718,0.010555492
997719,0.015536679
997720,0.014191751
997721,0.0080114026
997722,0.010028435
997723,0.010714902
997724,0.0076760687
997725,0.0069953469
997726,0.026063448
997727,0.021254595
997728,0.028598033
997729,0.0071565011
997730,0.010581342
997731,0.0072157914
997732,0.015120204
997733,0.012507899
997734,0.010612937
997735,0.010569853
997736,0.024540441
997737,0.032446288
997738,0.0070980298
997739,0.017012293
997740,0.0070664352
997741,0.017363425
997742,0.011917653
997743,0.035087317
997744,0.039745376
997745,0.010351563
997746,0.0078986669
997747,0.017254997
997748,0.020744773
997749,0.019728351
997750,0.014032342
997751,0.0078699449
997752,0.010536104
997753,0.010256778
997754,0.019577706
997755,0.0071231616
997756,0.010405417
997757,0.007115263
997758,0.017430922
997759,0.010445628
997760,0.0074283374
997761,0.017578125
997762,0.0077292048
997763,0.01388873
997764,0.011563648
997765,0.014023725
997766,0.0071310606
997767,0.025937399
997768,0.0088357367
997769,0.011019359
997770,0.010747932
997771,0.039549343
997772,0.013427016
997773,0.010534668
997774,0.0076056984
997775,0.007467831
997776,0.010712029
997777,0.0079252357
997778,0.0084975297
997779,0.011242676
997780,0.039039522
997781,0.017136518
997782,0.02712187
997783,0.011033002
997784,0.017604694
997785,0.030387608
997786,0.014051011
997787,0.015102969
997788,0.017543659
997789,0.0073816637
997790,0.032116704
997791,0.007797421
997792,0.01037454
997793,0.014293715
997794,0.010340791
997795,0.016062446
997796,0.010615091
997797,0.010642377
997798,0.013134669
997799,0.0062813065
997800,0.010894416
997801,0.0072488226
997802,0.0069213868
997803,0.015567555
997804,0.022909008
997805,0.0057459213
997806,0.012909897
997807,0.0071942499
997808,0.0067820828
997809,0.0063726394
997810,0.012528004
997811,0.020243566
997812,0.011079676
997813,0.00665471
997814,0.0076703238
997815,0.026927993
997816,0.0088120401
997817,0.007210765
997818,0.0093021896
997819,0.0084824506
997820,0.007233025
997821,0.0070147347
997822,0.010468607
997823,0.032842178
997824,0.0074462891
997825,0.010797478
997826,0.025991913
997827,0.020759853
997828,0.0081887636
997829,0.022727555
997830,0.0071281884
997831,0.0071533201
997832,0.0073730471
997833,0.010721364
997834,0.0070542279
997835,0.0072768265
997836,0.013738655
997837,0.0078584561
997838,0.011064596
997839,0.0065372242
997840,0.011061724
997841,0.020738309
997842,0.0056410846
997843,0.023191204
997844,0.0092500579
997845,0.0068941005
997846,0.014200368
997847,0.017591769
997848,0.020351993
997849,0.026505055
997850,0.017660702
997851,0.014182416
997852,0.015722964
997853,0.0071992762
997854,0.010443474
997855,0.031867061
997856,0.0071310606
997857,0.010588522
997858,0.013604377
997859,0.020524206
997860,0.033524815
997861,0.010383157
997862,0.010532514
997863,0.013735064
997864,0.0076997643
997865,0.013834875
997866,0.027107509
997867,0.0072423597
997868,0.013637408
997869,0.019704379
997870,0.0073184744
997871,0.0077715707
997872,0.0067318189
997873,0.036929142
997874,0.017061122
997875,0.011356847
997876,0.013844928
997877,0.0069766776
997878,0.0028994814
997879,0.011606014
997880,0.0063174977
997881,0.020975454
997882,0.012183336
997883,0.011313763
997884,0.0061939913
997885,0.0065870667
997886,0.0072495406
997887,0.017584588
997888,0.0063950485
997889,0.017722456
997890,0.0085449219
997891,0.0073773554
997892,0.0070736157
997893,0.035773065
997894,0.0097659286
997895,0.017081944
997896,0.013589298
997897,0.0071999943
997898,0.016067326
997899,0.0071583469
997900,0.01741728
997901,0.0070606903
997902,0.033050898
997903,0.0075202491
997904,0.013798254
997905,0.012092141
997906,0.0079216454
997907,0.0071971221
997908,0.010714902
997909,0.017063275
997910,0.010755112
997911,0.0076193418
997912,0.0071210074
997913,0.014028751
997914,0.0070657171
997915,0.010543285
997916,0.039544318
997917,0.0063452609
997918,0.013258272
997919,0.010260369
997920,0.010826918
997921,0.01546559
997922,0.0024384505
997923,0.036611643
997924,0.007371611
997925,0.010428395
997926,0.016962746
997927,0.0073385797
997928,0.0070104264
997929,0.039912682
997930,0.0073184744
997931,0.0077105355
997932,0.01159668
997933,0.020743337
997934,0.0060597141
997935,0.0071827606
997936,0.039418656
997937,0.0072768265
997938,0.010638786
997939,0.013836311
997940,0.010689051
997941,0.0070657171
997942,0.0017765656
997943,0.0065873242
997944,0.0086224722
997945,0.00736443
997946,0.022753179
997947,0.010515998
997948,0.012938848
997949,0.012097886
997950,0.010237391
997951,0.0070132986
997952,0.0073105758
997953,0.014316694
997954,0.0083129881
997955,0.0062633641
997956,0.0099932505
997957,0.0053487951
997958,0.0071533201
997959,0.0071131089
997960,0.010492302
997961,0.0062392289
997962,0.0096694045
997963,0.02432215
997964,0.007313448
997965,0.0069551356
997966,0.029569738
997967,0.023259038
997968,0.010602166
997969,0.030478084
997970,0.0076344209
997971,0.018566895
997972,0.0069867303
997973,0.0097979745
997974,0.010615091
997975,0.010636632
997976,0.010413316
997977,0.011037311
997978,0.0074922452
997979,0.0072674919
997980,0.0081341909
997981,0.013970588
997982,0.0070542279
997983,0.0073213466
997984,0.0062348195
997985,0.0012186451
997986,0.007313448
997987,0.036718749
997988,0.017309571
997989,0.013821949
997990,0.013631663
997991,0.0075310203
997992,0.01750919
997993,0.01152272
997994,0.0087560313
997995,0.010557646
997996,0.0077794692
997997,0.010638786
997998,0.0071605011
997999,0.025517004
998000,0.011350385
998001,0.01403306
998002,0.0072739543
998003,0.013600653
998004,0.010752958
998005,0.014157284
998006,0.039528523
998007,0.0097864
998008,0.0089642694
998009,0.023614861
998010,0.01051169
998011,0.022684477
998012,0.010247444
998013,0.016934743
998014,0.010581342
998015,0.013347757
998016,0.0070089903
998017,0.0069422103
998018,0.016610678
998019,0.021804631
998020,0.010409008
998021,0.010588522
998022,0.0072043026
998023,0.0071382411
998024,0.010565544
998025,0.0064245849
998026,0.010948989
998027,0.013430607
998028,0.019577924
998029,0.0030032888
998030,0.02060475
998031,0.014720243
998032,0.0086253444
998033,0.027481617
998034,0.026910041
998035,0.013261144
998036,0.0065835821
998037,0.025161564
998038,0.0071238796
998039,0.0073184744
998040,0.0094834268
998041,0.0072423597
998042,0.0076209488
998043,0.01269307
998044,0.0075008618
998045,0.0072488226
998046,0.0073349895
998047,0.019417796
998048,0.017344037
998049,0.027619485
998050,0.024025591
998051,0.007136805
998052,0.010305607
998053,0.023770681
998054,0.0072122011
998055,0.0072667738
998056,0.010443474
998057,0.0088809747
998058,0.0071705538
998059,0.01389591
998060,0.0064162216
998061,0.0057940315
998062,0.021914493
998063,0.0073299631
998064,0.011155791
998065,0.023854693
998066,0.0073220646
998067,0.020438878
998068,0.0061860927
998069,0.0070312498
998070,0.0075288662
998071,0.016291359
998072,0.0073299631
998073,0.01576574
998074,0.013862879
998075,0.032705508
998076,0.0075346106
998077,0.0068014706
998078,0.007372329
998079,0.0073658661
998080,0.01718032
998081,0.0099573471
998082,0.0072265626
998083,0.0019282878
998084,0.010403981
998085,0.0072531309
998086,0.0069874483
998087,0.0074297735
998088,0.010685461
998089,0.006615493
998090,0.020944394
998091,0.022850845
998092,0.014079734
998093,0.019519379
998094,0.0075066062
998095,0.0075482535
998096,0.0078247068
998097,0.023619886
998098,0.015683163
998099,0.016926127
998100,0.027441407
998101,0.0062556188
998102,0.0067012203
998103,0.014855239
998104,0.0070176069
998105,0.0062521682
998106,0.0069221049
998107,0.020672249
998108,0.017872529
998109,0.010664637
998110,0.006685379
998111,0.034039665
998112,0.010969095
998113,0.010855641
998114,0.0018109392
998115,0.0061379825
998116,0.039389934
998117,0.033755314
998118,0.010409008
998119,0.0085521024
998120,0.0083180144
998121,0.013706342
998122,0.02194537
998123,0.0078189624
998124,0.017148007
998125,0.0096848942
998126,0.011091165
998127,0.020709587
998128,0.020358456
998129,0.0078189624
998130,0.013809742
998131,0.011001407
998132,0.0072495406
998133,0.0076408833
998134,0.027326517
998135,0.017368451
998136,0.0087459786
998137,0.013951201
998138,0.035656855
998139,0.013383411
998140,0.020518061
998141,0.013856417
998142,0.008165068
998143,0.011015768
998144,0.014174517
998145,0.010790298
998146,0.007541073
998147,0.010643813
998148,0.01312831
998149,0.0067792106
998150,0.0072725182
998151,0.0070362766
998152,0.023085263
998153,0.019450827
998154,0.010526769
998155,0.012811844
998156,0.0071461396
998157,0.0072043026
998158,0.030032169
998159,0.0072516948
998160,0.0086138556
998161,0.0073515051
998162,0.0071999943
998163,0.0097907567
998164,0.0072962143
998165,0.014073989
998166,0.039559398
998167,0.0030621458
998168,0.0079029752
998169,0.0072409236
998170,0.017205451
998171,0.033367135
998172,0.017280849
998173,0.0070362766
998174,0.0071310606
998175,0.024949018
998176,0.014119945
998177,0.0064335479
998178,0.023967428
998179,0.007100902
998180,0.032225754
998181,0.010664637
998182,0.010373104
998183,0.010474351
998184,0.016993023
998185,0.0063555548
998186,0.012889054
998187,0.0080149928
998188,0.0074240291
998189,0.013809742
998190,0.010477941
998191,0.010493021
998192,0.0072610294
998193,0.0069529815
998194,0.010688333
998195,0.02018684
998196,0.028367704
998197,0.01437342
998198,0.0088802557
998199,0.031018067
998200,0.027370319
998201,0.0084277466
998202,0.033819221
998203,0.013816205
998204,0.013813333
998205,0.013438972
998206,0.0074103861
998207,0.010594267
998208,0.010780963
998209,0.011753217
998210,0.0072308709
998211,0.0063469382
998212,0.013972024
998213,0.0066427793
998214,0.012752757
998215,0.013819795
998216,0.0094508007
998217,0.0094547691
998218,0.01060073
998219,0.0074699852
998220,0.017225558
998221,0.010447064
998222,0.01750919
998223,0.0072904699
998224,0.0039821872
998225,0.0071849148
998226,0.0068739946
998227,0.0072143553
998228,0.0073077031
998229,0.0070807962
998230,0.010546875
998231,0.019449916
998232,0.0074175666
998233,0.038702033
998234,0.010517434
998235,0.0084537286
998236,0.033995863
998237,0.0075604608
998238,0.017489804
998239,0.014277918
998240,0.0071037742
998241,0.033218075
998242,0.0070348405
998243,0.012704358
998244,0.010370232
998245,0.007019761
998246,0.0067002242
998247,0.014288689
998248,0.0075066062
998249,0.0099379597
998250,0.007255285
998251,0.0061557954
998252,0.016928999
998253,0.019528488
998254,0.01634006
998255,0.026650822
998256,0.0090202782
998257,0.0080702836
998258,0.0073069851
998259,0.0074699852
998260,0.033136584
998261,0.014214011
998262,0.016137883
998263,0.010413616
998264,0.0064254124
998265,0.02054587
998266,0.0090303309
998267,0.0093081547
998268,0.01391458
998269,0.01496223
998270,0.010482968
998271,0.010827636
998272,0.017496265
998273,0.010528924
998274,0.0083079617
998275,0.0069170785
998276,0.006519991
998277,0.0059794565
998278,0.0071633733
998279,0.017026654
998280,0.0075367647
998281,0.017370606
998282,0.027016314
998283,0.0075022979
998284,0.0025286046
998285,0.010303453
998286,0.0067196116
998287,0.011923636
998288,0.0105081
998289,0.017880429
998290,0.007827579
998291,0.015992647
998292,0.0088500977
998293,0.0073242188
998294,0.016880887
998295,0.014179544
998296,0.018039837
998297,0.019432157
998298,0.010855641
998299,0.024368107
998300,0.013660386
998301,0.039911967
998302,0.0188017
998303,0.017334703
998304,0.008165068
998305,0.010404699
998306,0.0070915669
998307,0.017130774
998308,0.03883272
998309,0.0069213868
998310,0.010368796
998311,0.011086857
998312,0.013383601
998313,0.0096866386
998314,0.026153388
998315,0.019980038
998316,0.0065644686
998317,0.014063936
998318,0.0072832895
998319,0.010365206
998320,0.010431267
998321,0.010510254
998322,0.013903809
998323,0.0073945886
998324,0.018536067
998325,0.015027573
998326,0.0059685204
998327,0.010298426
998328,0.0071238796
998329,0.0068273209
998330,0.014292279
998331,0.0068380916
998332,0.0072789812
998333,0.032988425
998334,0.011320226
998335,0.0076495004
998336,0.0072617475
998337,0.010365206
998338,0.010798914
998339,0.010612219
998340,0.0078598922
998341,0.00646111
998342,0.0070427391
998343,0.017542223
998344,0.016982134
998345,0.0072875977
998346,0.0074836281
998347,0.0074333642
998348,0.025483189
998349,0.023489606
998350,0.039892577
998351,0.010456399
998352,0.0076430375
998353,0.010648839
998354,0.011226879
998355,0.0023493674
998356,0.01761331
998357,0.015683517
998358,0.007004682
998359,0.011776195
998360,0.0063890116
998361,0.0069996552
998362,0.030910358
998363,0.010244572
998364,0.014252787
998365,0.027033547
998366,0.0072380514
998367,0.009541912
998368,0.0074060778
998369,0.0094773313
998370,0.0075087603
998371,0.0071806065
998372,0.010496611
998373,0.0071849148
998374,0.0088948859
998375,0.0072035845
998376,0.009237132
998377,0.038694851
998378,0.014282227
998379,0.025772681
998380,0.010624425
998381,0.013567756
998382,0.013821949
998383,0.020560231
998384,0.0020125264
998385,0.0073543773
998386,0.014343262
998387,0.012418859
998388,0.010066492
998389,0.010234519
998390,0.013230247
998391,0.010307761
998392,0.024009794
998393,0.039234836
998394,0.0060187844
998395,0.01934447
998396,0.010577751
998397,0.0072976504
998398,0.0076889936
998399,0.010712029
998400,0.017377067
998401,0.0065730773
998402,0.014377729
998403,0.0068969727
998404,0.0070958757
998405,0.01997504
998406,0.007077924
998407,0.0022333779
998408,0.0065946691
998409,0.007196404
998410,0.010653866
998411,0.0082713338
998412,0.013848518
998413,0.012185361
998414,0.025420066
998415,0.0069522634
998416,0.0070477654
998417,0.010772346
998418,0.020312499
998419,0.0071748621
998420,0.0070312498
998421,0.011260627
998422,0.0069702147
998423,0.010550465
998424,0.0061121322
998425,0.0063943304
998426,0.0076286765
998427,0.012970019
998428,0.0073306812
998429,0.0070657171
998430,0.038775276
998431,0.013556985
998432,0.01041547
998433,0.01090447
998434,0.0074405447
998435,0.0084163891
998436,0.028435396
998437,0.0083984379
998438,0.029740173
998439,0.0047455365
998440,0.009155361
998441,0.007033404
998442,0.016716791
998443,0.02594425
998444,0.016255239
998445,0.0061853747
998446,0.0072035845
998447,0.01070772
998448,0.010593549
998449,0.0072954963
998450,0.0070463293
998451,0.0068158316
998452,0.010468607
998453,0.0079618562
998454,0.0077514648
998455,0.0072979331
998456,0.032722007
998457,0.01051528
998458,0.015112305
998459,0.03171315
998460,0.0080997245
998461,0.025733432
998462,0.010365924
998463,0.0077812318
998464,0.0075726677
998465,0.0065146969
998466,0.0070039639
998467,0.0072165094
998468,0.01741728
998469,0.0072560031
998470,0.011068905
998471,0.0066183652
998472,0.017611874
998473,0.0075726677
998474,0.0056956573
998475,0.016908174
998476,0.006314165
998477,0.0070793601
998478,0.0070535098
998479,0.010792452
998480,0.0063648899
998481,0.013723576
998482,0.0073213466
998483,0.0072351792
998484,0.0072236904
998485,0.010284783
998486,0.0068660961
998487,0.017270794
998488,0.01058565
998489,0.034249339
998490,0.0072538489
998491,0.013019547
998492,0.0077397125
998493,0.0072617475
998494,0.0070772059
998495,0.0073170383
998496,0.030399816
998497,0.03676255
998498,0.0070118625
998499,0.0096388916
998500,0.013595043
998501,0.010663201
998502,0.010502355
998503,0.019406479
998504,0.0075008618
998505,0.012244064
998506,0.0060116039
998507,0.006365608
998508,0.0073098578
998509,0.010414752
998510,0.03072438
998511,0.027550552
998512,0.0073759193
998513,0.01372932
998514,0.010294118
998515,0.0070010913
998516,0.0071648094
998517,0.0091646081
998518,0.0065770503
998519,0.0073464788
998520,0.039430149
998521,0.0071691177
998522,0.008707922
998523,0.0066323359
998524,0.0073752012
998525,0.017104205
998526,0.020885512
998527,0.0072380514
998528,0.017425178
998529,0.0072035845
998530,0.0096054971
998531,0.0063937865
998532,0.00743121
998533,0.029388787
998534,0.0056970934
998535,0.025945758
998536,0.010409726
998537,0.0069939108
998538,0.0077134077
998539,0.0075870291
998540,0.0067217657
998541,0.0073098578
998542,0.010766601
998543,0.013228453
998544,0.0071702679
998545,0.017596794
998546,0.0095236385
998547,0.011661305
998548,0.0099264709
998549,0.017308135
998550,0.022856412
998551,0.0073443246
998552,0.011453786
998553,0.016988598
998554,0.0070125805
998555,0.0096416809
998556,0.0072660558
998557,0.007004682
998558,0.0072078928
998559,0.0071942499
998560,0.0065329159
998561,0.0072653377
998562,0.016914638
998563,0.0075080423
998564,0.0096825678
998565,0.0080372533
998566,0.013036522
998567,0.013430607
998568,0.022944024
998569,0.012487949
998570,0.0088964868
998571,0.008987247
998572,0.010146197
998573,0.0362477
998574,0.0069493088
998575,0.0055980007
998576,0.0024176021
998577,0.0086626839
998578,0.014073989
998579,0.0074154125
998580,0.0077823414
998581,0.0076796589
998582,0.010430549
998583,0.017822266
998584,0.010882927
998585,0.0067003835
998586,0.029244713
998587,0.017456774
998588,0.017383531
998589,0.0072445138
998590,0.036940631
998591,0.036502238
998592,0.039617561
998593,0.011741728
998594,0.029291103
998595,0.011105526
998596,0.023517923
998597,0.0072373333
998598,0.0370785
998599,0.014177389
998600,0.010735007
998601,0.0067454618
998602,0.0072631836
998603,0.0071705538
998604,0.0070980298
998605,0.0394402
998606,0.0010956752
998607,0.0073802276
998608,0.007004682
998609,0.019668832
998610,0.0079618562
998611,0.027726477
998612,0.034133732
998613,0.0071454216
998614,0.0070226332
998615,0.013747271
998616,0.0064258175
998617,0.019226404
998618,0.019569496
998619,0.010664637
998620,0.0070879767
998621,0.010577751
998622,0.010640941
998623,0.01020795
998624,0.0062435376
998625,0.0071698357
998626,0.0071849148
998627,0.010661765
998628,0.0094496841
998629,0.032119807
998630,0.014038804
998631,0.0059570312
998632,0.0072150733
998633,0.0070183249
998634,0.006473456
998635,0.027607996
998636,0.008223231
998637,0.022978514
998638,0.020675121
998639,0.0065606665
998640,0.014045984
998641,0.0066636028
998642,0.0075482535
998643,0.013838465
998644,0.013791791
998645,0.030175781
998646,0.0071899416
998647,0.01128935
998648,0.0066168848
998649,0.0021916521
998650,0.0019888156
998651,0.022576544
998652,0.011169434
998653,0.011371926
998654,0.015997546
998655,0.0021394603
998656,0.0087251551
998657,0.0081891883
998658,0.0071159811
998659,0.023634249
998660,0.006982422
998661,0.010434858
998662,0.0070958757
998663,0.010203642
998664,0.0075834384
998665,0.014407169
998666,0.030647548
998667,0.020691637
998668,0.014269302
998669,0.0074132583
998670,0.009296013
998671,0.039265711
998672,0.0083187325
998673,0.010823328
998674,0.037316177
998675,0.011233341
998676,0.0075173769
998677,0.0085937502
998678,0.022789761
998679,0.0088127581
998680,0.007151884
998681,0.010332175
998682,0.013801126
998683,0.010362334
998684,0.0041137999
998685,0.0061759716
998686,0.011478918
998687,0.0072732363
998688,0.008048024
998689,0.0072509767
998690,0.0074800379
998691,0.010581342
998692,0.0072136372
998693,0.0071633733
998694,0.0063177366
998695,0.0075482535
998696,0.007233025
998697,0.010541849
998698,0.015579856
998699,0.017348345
998700,0.012050813
998701,0.023219511
998702,0.010616527
998703,0.0070477654
998704,0.0072423597
998705,0.0072150733
998706,0.007078642
998707,0.013699161
998708,0.0063212207
998709,0.0074348003
998710,0.0082756495
998711,0.010597858
998712,0.014533548
998713,0.036646225
998714,0.039270736
998715,0.010306325
998716,0.0070527918
998717,0.0079503674
998718,0.015148904
998719,0.020762006
998720,0.0071669635
998721,0.007313448
998722,0.0096995635
998723,0.0086231902
998724,0.010788144
998725,0.0176169
998726,0.013564884
998727,0.0071755801
998728,0.00936478
998729,0.007291906
998730,0.0084537286
998731,0.016075224
998732,0.0140625
998733,0.010609346
998734,0.0072229723
998735,0.0072157914
998736,0.010386747
998737,0.0070147347
998738,0.0073299631
998739,0.0073005226
998740,0.014484719
998741,0.010413316
998742,0.024479406
998743,0.0077385399
998744,0.010453527
998745,0.007254567
998746,0.011040901
998747,0.020969525
998748,0.016627485
998749,0.0073823817
998750,0.007291906
998751,0.0074987076
998752,0.023827011
998753,0.0073436066
998754,0.013993566
998755,0.0065515894
998756,0.017352654
998757,0.010754394
998758,0.028970251
998759,0.0071762982
998760,0.010067929
998761,0.016009558
998762,0.014199994
998763,0.01047866
998764,0.025298713
998765,0.0082059968
998766,0.010653866
998767,0.0073988969
998768,0.038790356
998769,0.0081621958
998770,0.0074369544
998771,0.0084458292
998772,0.0071310606
998773,0.0073321173
998774,0.013947611
998775,0.0073342714
998776,0.0074757296
998777,0.013901655
998778,0.012550265
998779,0.026653621
998780,0.013648179
998781,0.0064114607
998782,0.0072208182
998783,0.0073364256
998784,0.014397116
998785,0.032718759
998786,0.01060432
998787,0.0064194622
998788,0.015100202
998789,0.0096880747
998790,0.0075137867
998791,0.0056877583
998792,0.013643871
998793,0.0072287167
998794,0.02053079
998795,0.0071267523
998796,0.017711684
998797,0.0071619372
998798,0.01051528
998799,0.010793888
998800,0.0070879767
998801,0.015365062
998802,0.01204127
998803,0.0081478339
998804,0.010018382
998805,0.0081456797
998806,0.0070578181
998807,0.012832568
998808,0.034363512
998809,0.0085219443
998810,0.010746496
998811,0.010230929
998812,0.028252814
998813,0.0176687
998814,0.019614054
998815,0.0074886545
998816,0.016565777
998817,0.039627615
998818,0.020622702
998819,0.019037813
998820,0.0062306123
998821,0.0021069546
998822,0.007041303
998823,0.013704906
998824,0.0061401366
998825,0.0073895622
998826,0.0058708638
998827,0.01952653
998828,0.014214011
998829,0.036995921
998830,0.010661765
998831,0.018037684
998832,0.0079719098
998833,0.016074559
998834,0.010846307
998835,0.010542567
998836,0.0072423597
998837,0.021065746
998838,0.0026932654
998839,0.017826574
998840,0.014170209
998841,0.0069422103
998842,0.010493739
998843,0.010801069
998844,0.0055725924
998845,0.039717373
998846,0.039280791
998847,0.0014612217
998848,0.017629825
998849,0.030914666
998850,0.034779269
998851,0.026348518
998852,0.024925321
998853,0.0070815142
998854,0.017586024
998855,0.039938536
998856,0.010593549
998857,0.019905211
998858,0.0070836684
998859,0.0081571694
998860,0.026824592
998861,0.0076925838
998862,0.011845847
998863,0.0071770162
998864,0.007210047
998865,0.010386029
998866,0.039768353
998867,0.017209759
998868,0.0065785316
998869,0.013651052
998870,0.0061882148
998871,0.035627786
998872,0.0075252759
998873,0.010638786
998874,0.0059204102
998875,0.0071935318
998876,0.0087696752
998877,0.011960018
998878,0.0062176874
998879,0.014352596
998880,0.0070542279
998881,0.01071921
998882,0.0070298137
998883,0.030384736
998884,0.012041017
998885,0.007115263
998886,0.0080006318
998887,0.0068359375
998888,0.010799632
998889,0.0070743337
998890,0.0067512062
998891,0.012672335
998892,0.010617963
998893,0.011091165
998894,0.0072193821
998895,0.036084123
998896,0.018066376
998897,0.017359834
998898,0.01079317
998899,0.010243854
998900,0.016904583
998901,0.017784208
998902,0.019424651
998903,0.010257496
998904,0.0072509767
998905,0.019853646
998906,0.01027473
998907,0.0074283374
998908,0.010075827
998909,0.010975097
998910,0.020714615
998911,0.0072761085
998912,0.010559082
998913,0.018969726
998914,0.0072495406
998915,0.010454963
998916,0.0070743337
998917,0.021569824
998918,0.013263835
998919,0.0070211971
998920,0.0078196805
998921,0.0079367245
998922,0.0073838178
998923,0.008767521
998924,0.0079403147
998925,0.01913129
998926,0.0095911361
998927,0.0070592542
998928,0.020154526
998929,0.013490924
998930,0.009911906
998931,0.020814659
998932,0.0096688522
998933,0.0070240693
998934,0.0071023381
998935,0.0068991268
998936,0.0070549459
998937,0.026027691
998938,0.019786419
998939,0.011193847
998940,0.010842716
998941,0.0072847256
998942,0.0070441752
998943,0.0066511529
998944,0.010923139
998945,0.010025447
998946,0.013885858
998947,0.0079898611
998948,0.0080982884
998949,0.039728861
998950,0.0075087603
998951,0.0065917969
998952,0.010896571
998953,0.012507442
998954,0.020273007
998955,0.015846515
998956,0.030723661
998957,0.029738231
998958,0.017247079
998959,0.0061710132
998960,0.010673254
998961,0.019069657
998962,0.010039206
998963,0.0081916358
998964,0.017319623
998965,0.0075137867
998966,0.024373852
998967,0.0086684283
998968,0.010575597
998969,0.010753676
998970,0.0079474952
998971,0.010774501
998972,0.0094733741
998973,0.0076502184
998974,0.0073098578
998975,0.010951143
998976,0.014226936
998977,0.0071626552
998978,0.026359288
998979,0.0072380514
998980,0.0073019587
998981,0.010141263
998982,0.0073120119
998983,0.0074355183
998984,0.013821231
998985,0.017130055
998986,0.0071245977
998987,0.007100184
998988,0.017378503
998989,0.0087316176
998990,0.014876063
998991,0.014453843
998992,0.023701029
998993,0.029808367
998994,0.017367734
998995,0.023018153
998996,0.017491957
998997,0.006652114
998998,0.0069529815
998999,0.017743278
999000,0.010650275
999001,0.013926068
999002,0.0028027459
999003,0.026017614
999004,0.007151884
999005,0.016717888
999006,0.014333209
999007,0.0071813245
999008,0.0057967422
999009,0.0071475757
999010,0.014005055
999011,0.010454963
999012,0.023792939
999013,0.013284709
999014,0.014160874
999015,0.010317096
999016,0.0072265626
999017,0.030412024
999018,0.0077679805
999019,0.010272576
999020,0.020305319
999021,0.010849179
999022,0.039550781
999023,0.01187842
999024,0.0072229723
999025,0.017198989
999026,0.013184478
999027,0.017418716
999028,0.019060202
999029,0.011094111
999030,0.012133789
999031,0.0074628047
999032,0.0073012407
999033,0.031021273
999034,0.014402143
999035,0.014246323
999036,0.010562672
999037,0.0072581572
999038,0.0068818936
999039,0.0072114831
999040,0.0077213063
999041,0.020691637
999042,0.014221909
999043,0.039294433
999044,0.010919549
999045,0.00736443
999046,0.007100184
999047,0.016547194
999048,0.017164523
999049,0.0071870694
999050,0.0069558537
999051,0.0092141544
999052,0.010331457
999053,0.0073615578
999054,0.020400103
999055,0.030310767
999056,0.0077579273
999057,0.0069809859
999058,0.010887235
999059,0.0061013615
999060,0.028034722
999061,0.0092723174
999062,0.016520089
999063,0.0072308709
999064,0.010397518
999065,0.012446864
999066,0.013419836
999067,0.006887638
999068,0.039621871
999069,0.022966452
999070,0.01074865
999071,0.01071921
999072,0.019186581
999073,0.019008115
999074,0.010785271
999075,0.033707205
999076,0.0079058483
999077,0.020858226
999078,0.0072086109
999079,0.014522777
999080,0.0060317097
999081,0.02315243
999082,0.010271139
999083,0.010582778
999084,0.01947083
999085,0.016800465
999086,0.0160027
999087,0.026872702
999088,0.010237803
999089,0.0052820542
999090,0.017348345
999091,0.020535098
999092,0.011997358
999093,0.010757985
999094,0.011344641
999095,0.027000517
999096,0.010737161
999097,0.0070772059
999098,0.010525333
999099,0.01384421
999100,0.0076789409
999101,0.016130311
999102,0.010689769
999103,0.022897169
999104,0.020936495
999105,0.009809427
999106,0.017670037
999107,0.020456113
999108,0.0069149244
999109,0.0071748621
999110,0.021885052
999111,0.027287023
999112,0.013717831
999113,0.010621553
999114,0.014023007
999115,0.0070800781
999116,0.0074046417
999117,0.0076013901
999118,0.0080595128
999119,0.0078922044
999120,0.0067612594
999121,0.013926786
999122,0.012796593
999123,0.006147366
999124,0.024161305
999125,0.012516649
999126,0.012606991
999127,0.019683477
999128,0.0069048712
999129,0.0070657171
999130,0.007217946
999131,0.011045209
999132,0.0095895464
999133,0.0069996552
999134,0.014832261
999135,0.010358025
999136,0.010692641
999137,0.011242676
999138,0.013661104
999139,0.010581342
999140,0.014125689
999141,0.012922963
999142,0.013798254
999143,0.0072969324
999144,0.006602278
999145,0.0070204791
999146,0.0072861616
999147,0.014163028
999148,0.014123535
999149,0.012442555
999150,0.017153751
999151,0.012172564
999152,0.0071231616
999153,0.013427734
999154,0.0068847658
999155,0.010531796
999156,0.0072603114
999157,0.014154412
999158,0.0073357075
999159,0.011295094
999160,0.0074491613
999161,0.011470301
999162,0.021124627
999163,0.010801787
999164,0.0070384308
999165,0.028961327
999166,0.017439539
999167,0.0099104857
999168,0.013797536
999169,0.0072157914
999170,0.004939321
999171,0.011259191
999172,0.0093800267
999173,0.0071238796
999174,0.017085535
999175,0.032485746
999176,0.0021573079
999177,0.010253906
999178,0.0074786018
999179,0.0074527515
999180,0.0075640511
999181,0.0073091397
999182,0.01323092
999183,0.0065755895
999184,0.039119944
999185,0.0073005226
999186,0.012301055
999187,0.010576315
999188,0.0071238796
999189,0.009557277
999190,0.0088206576
999191,0.017099179
999192,0.027135512
999193,0.0069508273
999194,0.0095648644
999195,0.018410357
999196,0.017816521
999197,0.010271139
999198,0.011191693
999199,0.0068739946
999200,0.014154412
999201,0.01247997
999202,0.0070269415
999203,0.0019011195
999204,0.0070362766
999205,0.016046595
999206,0.016814826
999207,0.0071159811
999208,0.020198328
999209,0.0044746879
999210,0.0072150733
999211,0.0020531171
999212,0.0068933824
999213,0.010520306
999214,0.0092385681
999215,0.011702235
999216,0.018508732
999217,0.007541073
999218,0.020837696
999219,0.0068337834
999220,0.0072129192
999221,0.010645967
999222,0.0078031654
999223,0.014889706
999224,0.010349409
999225,0.039048858
999226,0.0071016201
999227,0.016796876
999228,0.0071231616
999229,0.010345099
999230,0.0101821
999231,0.0065602022
999232,0.0073529412
999233,0.0072933421
999234,0.029058265
999235,0.0099530388
999236,0.017464671
999237,0.032218665
999238,0.0064947475
999239,0.0067626955
999240,0.037180465
999241,0.0073306812
999242,0.0075942096
999243,0.0071116728
999244,0.0071576289
999245,0.03938419
999246,0.010399672
999247,0.0069852942
999248,0.0062614656
999249,0.017092716
999250,0.010396082
999251,0.010612937
999252,0.01014337
999253,0.013737218
999254,0.014582376
999255,0.008341711
999256,0.017334703
999257,0.010666073
999258,0.0075647691
999259,0.021647498
999260,0.0075224033
999261,0.010638786
999262,0.0062475614
999263,0.0072244084
999264,0.0068452721
999265,0.013840619
999266,0.015148654
999267,0.010732135
999268,0.0069558537
999269,0.0095961904
999270,0.0072265626
999271,0.01017851
999272,0.0071389591
999273,0.0276956
999274,0.021691177
999275,0.010756548
999276,0.015719784
999277,0.013697725
999278,0.0068474263
999279,0.010868566
999280,0.020824477
999281,0.017225558
999282,0.01342199
999283,0.01081543
999284,0.0071978401
999285,0.020405848
999286,0.0096155535
999287,0.012936733
999288,0.03669421
999289,0.0081475005
999290,0.011902574
999291,0.011086857
999292,0.010631606
999293,0.0068258848
999294,0.005837115
999295,0.010397518
999296,0.016562069
999297,0.0079963235
999298,0.005646111
999299,0.011201747
999300,0.016247977
999301,0.017535759
999302,0.010523897
999303,0.01169649
999304,0.016007008
999305,0.016938332
999306,0.01083769
999307,0.0072610294
999308,0.005991498
999309,0.0071949679
999310,0.0068840478
999311,0.010770191
999312,0.0073608398
999313,0.010697667
999314,0.007033404
999315,0.020763442
999316,0.0071820426
999317,0.016983571
999318,0.031690888
999319,0.017252844
999320,0.019863354
999321,0.010477223
999322,0.007732077
999323,0.013984231
999324,0.013557703
999325,0.013592889
999326,0.013949765
999327,0.037179746
999328,0.0069989371
999329,0.0071949679
999330,0.010960478
999331,0.013986385
999332,0.0072746724
999333,0.011655561
999334,0.0065529761
999335,0.0061919042
999336,0.0071116728
999337,0.011797018
999338,0.021635167
999339,0.006208993
999340,0.011702235
999341,0.013898064
999342,0.039799232
999343,0.007372329
999344,0.013875086
999345,0.017796416
999346,0.007151166
999347,0.0024774582
999348,0.008165068
999349,0.022484718
999350,0.0070154527
999351,0.0073909983
999352,0.0069077434
999353,0.0073342714
999354,0.0059010223
999355,0.01709128
999356,0.0066585764
999357,0.014053165
999358,0.034154557
999359,0.0090260226
999360,0.0071683996
999361,0.01013399
999362,0.0025556432
999363,0.0070384308
999364,0.0071289064
999365,0.0069450829
999366,0.0073802276
999367,0.014682905
999368,0.0071238796
999369,0.013521801
999370,0.0068826117
999371,0.0092012295
999372,0.010609346
999373,0.010477941
999374,0.0073184744
999375,0.007210047
999376,0.010757985
999377,0.03800695
999378,0.0072840075
999379,0.026135972
999380,0.0071231616
999381,0.011376235
999382,0.01327617
999383,0.006322972
999384,0.007092285
999385,0.006189683
999386,0.010461425
999387,0.039568014
999388,0.02086756
999389,0.0070772059
999390,0.0094094668
999391,0.0073206285
999392,0.0083065256
999393,0.0071770162
999394,0.010847025
999395,0.007400333
999396,0.017555147
999397,0.010548311
999398,0.026327934
999399,0.013961254
999400,0.02433005
999401,0.032528322
999402,0.0076753506
999403,0.01148179
999404,0.0093182735
999405,0.010495893
999406,0.0062514362
999407,0.0076868394
999408,0.0067095589
999409,0.024442067
999410,0.0070994659
999411,0.019714104
999412,0.014397116
999413,0.017428769
999414,0.039631203
999415,0.013580682
999416,0.010492302
999417,0.0069285673
999418,0.010271139
999419,0.0061920858
999420,0.023713235
999421,0.03968434
999422,0.018390235
999423,0.0073112939
999424,0.0071382411
999425,0.0070075542
999426,0.024119603
999427,0.0063447841
999428,0.0066325292
999429,0.0069623161
999430,0.020704562
999431,0.0067734662
999432,0.0071138269
999433,0.039493337
999434,0.0073091397
999435,0.017796416
999436,0.012673771
999437,0.0071396772
999438,0.018108772
999439,0.014365521
999440,0.006828757
999441,0.010477941
999442,0.026264437
999443,0.0073694563
999444,0.023795094
999445,0.01053395
999446,0.0096399644
999447,0.010780963
999448,0.0071920957
999449,0.0055721509
999450,0.017150879
999451,0.010836254
999452,0.0073414524
999453,0.020484835
999454,0.0070851045
999455,0.01074506
999456,0.021855943
999457,0.023086201
999458,0.0069687786
999459,0.0010451025
999460,0.0161657
999461,0.0072380514
999462,0.0067741843
999463,0.010350127
999464,0.010655303
999465,0.0072409236
999466,0.017323932
999467,0.010900879
999468,0.010574879
999469,0.013984949
999470,0.025751092
999471,0.0024217512
999472,0.0071166991
999473,0.011454504
999474,0.017371323
999475,0.017018037
999476,0.010373104
999477,0.014101993
999478,0.010910214
999479,0.0069867303
999480,0.007077924
999481,0.0071920957
999482,0.010538259
999483,0.039579503
999484,0.0065982593
999485,0.030550608
999486,0.0074843462
999487,0.03990335
999488,0.013706342
999489,0.016758099
999490,0.014063936
999491,0.011098346
999492,0.0071468577
999493,0.037805893
999494,0.017318904
999495,0.0068718405
999496,0.023995433
999497,0.0071605011
999498,0.0073184744
999499,0.0094669117
999500,0.014104865
999501,0.0080099665
999502,0.020773495
999503,0.0065447935
999504,0.033464499
999505,0.013511029
999506,0.017428769
999507,0.008180147
999508,0.0077263326
999509,0.014068244
999510,0.010653866
999511,0.0074742935
999512,0.032474294
999513,0.029423254
999514,0.010596422
999515,0.021599265
999516,0.018359374
999517,0.010422651
999518,0.0066901711
999519,0.0067985984
999520,0.015800925
999521,0.01428079
999522,0.0073766373
999523,0.029051216
999524,0.0068596336
999525,0.0072028665
999526,0.02770637
999527,0.010499483
999528,0.0054271026
999529,0.010573443
999530,0.0062966738
999531,0.0073306812
999532,0.0073515051
999533,0.013427016
999534,0.011702235
999535,0.014592429
999536,0.0072043026
999537,0.007100184
999538,0.0074635227
999539,0.011103372
999540,0.01361443
999541,0.0070247874
999542,0.01238511
999543,0.0064235255
999544,0.010722082
999545,0.025178658
999546,0.0073098578
999547,0.039914839
999548,0.0072861616
999549,0.016882325
999550,0.0080681294
999551,0.0071648094
999552,0.033194508
999553,0.013839183
999554,0.033690687
999555,0.0075482535
999556,0.0063189338
999557,0.011117733
999558,0.0070427391
999559,0.011094037
999560,0.007444853
999561,0.02089772
999562,0.020694509
999563,0.014020135
999564,0.0079977596
999565,0.0075934916
999566,0.010410444
999567,0.0089096967
999568,0.011579601
999569,0.010312069
999570,0.0073069851
999571,0.014211857
999572,0.013846364
999573,0.0020959862
999574,0.0069206688
999575,0.0078828698
999576,0.0071849148
999577,0.0070585362
999578,0.0065831803
999579,0.011311609
999580,0.0078527117
999581,0.0073270909
999582,0.014023007
999583,0.0070168888
999584,0.006289863
999585,0.028030934
999586,0.0076789409
999587,0.013922478
999588,0.011657445
999589,0.0074060778
999590,0.0036310693
999591,0.0071691177
999592,0.024063649
999593,0.010477941
999594,0.016948385
999595,0.0073579676
999596,0.010392492
999597,0.0069422103
999598,0.007100184
999599,0.0072825714
999600,0.036328126
999601,0.019300666
999602,0.010617245
999603,0.010798196
999604,0.0059512868
999605,0.014235552
999606,0.03371295
999607,0.0069443649
999608,0.0072437958
999609,0.0072904699
999610,0.0069508273
999611,0.010687615
999612,0.033052597
999613,0.00736443
999614,0.017575253
999615,0.010689051
999616,0.036086898
999617,0.0071920957
999618,0.01384421
999619,0.0067856731
999620,0.0070377127
999621,0.0070527918
999622,0.01361443
999623,0.039924175
999624,0.020968089
999625,0.021511095
999626,0.0076064165
999627,0.0072610294
999628,0.017048197
999629,0.037396599
999630,0.0092780618
999631,0.0072265626
999632,0.013068629
999633,0.016431972
999634,0.014056037
999635,0.0070994659
999636,0.013772404
999637,0.013556985
999638,0.010472915
999639,0.0076121609
999640,0.008326631
999641,0.027214499
999642,0.020772059
999643,0.03929228
999644,0.0073816637
999645,0.010807531
999646,0.018821085
999647,0.027564194
999648,0.0070434571
999649,0.0068933824
999650,0.0096644275
999651,0.0078370664
999652,0.0068610697
999653,0.017444566
999654,0.013993566
999655,0.0074477252
999656,0.0073471968
999657,0.0073809456
999658,0.01083769
999659,0.010342945
999660,0.0081341909
999661,0.018175552
999662,0.036266711
999663,0.039590992
999664,0.039789896
999665,0.0064690085
999666,0.0069048712
999667,0.0071583469
999668,0.0084996838
999669,0.0062097884
999670,0.013977051
999671,0.010503791
999672,0.0071353689
999673,0.0073141661
999674,0.0071533201
999675,0.010631606
999676,0.010538977
999677,0.010594267
999678,0.020461857
999679,0.0076243682
999680,0.0174101
999681,0.0076293945
999682,0.007291188
999683,0.0065946691
999684,0.038706344
999685,0.031954419
999686,0.0068531712
999687,0.0073414524
999688,0.014234834
999689,0.021778546
999690,0.013738655
999691,0.0069393381
999692,0.0070233513
999693,0.033994429
999694,0.039374139
999695,0.0073148841
999696,0.0060008331
999697,0.0069745234
999698,0.011923397
999699,0.0066903667
999700,0.0077076633
999701,0.028265741
999702,0.0066822725
999703,0.024093807
999704,0.017247817
999705,0.0072811353
999706,0.039886117
999707,0.017682243
999708,0.02576636
999709,0.0070872586
999710,0.0071116728
999711,0.020500632
999712,0.0096966913
999713,0.01415872
999714,0.0079273898
999715,0.013765223
999716,0.010639505
999717,0.0074118222
999718,0.010850615
999719,0.0081183938
999720,0.0073988969
999721,0.010710592
999722,0.017267922
999723,0.017233456
999724,0.010716338
999725,0.015664494
999726,0.017233456
999727,0.0072883158
999728,0.0071310606
999729,0.0055228462
999730,0.0070168888
999731,0.0069838581
999732,0.0095940083
999733,0.0077026365
999734,0.014182416
999735,0.017543659
999736,0.0074707032
999737,0.0072366153
999738,0.030618824
999739,0.0094619999
999740,0.012841769
999741,0.014981617
999742,0.016121954
999743,0.0078469673
999744,0.0059729018
999745,0.013915298
999746,0.019102164
999747,0.009815379
999748,0.010619399
999749,0.0073213466
999750,0.020724667
999751,0.010750086
999752,0.016283147
999753,0.0073364256
999754,0.026497157
999755,0.0081492709
999756,0.007291188
999757,0.024023438
999758,0.010551183
999759,0.030677706
999760,0.0070628445
999761,0.0068754307
999762,0.0065869419
999763,0.015689626
999764,0.010485122
999765,0.010654585
999766,0.009707462
999767,0.016493136
999768,0.0099063646
999769,0.0073816637
999770,0.014146513
999771,0.016487153
999772,0.027688419
999773,0.015489287
999774,0.007210047
999775,0.0074254652
999776,0.010479378
999777,0.010399672
999778,0.010573443
999779,0.027299948
999780,0.0066291243
999781,0.0041209273
999782,0.0061665121
999783,0.017210478
999784,0.017178165
999785,0.020018095
999786,0.0068969727
999787,0.0072258445
999788,0.0064212279
999789,0.012505027
999790,0.0062794406
999791,0.0074958354
999792,0.0069960649
999793,0.0064185048
999794,0.0067950082
999795,0.010495175
999796,0.011447046
999797,0.024824275
999798,0.0073874081
999799,0.017833754
999800,0.030819163
999801,0.020648552
999802,0.012761374
999803,0.0096284756
999804,0.0074139764
999805,0.0031845339
999806,0.039372701
999807,0.0074462891
999808,0.0069206688
999809,0.0068933824
999810,0.017454095
999811,0.0066054398
999812,0.009632417
999813,0.013524693
999814,0.0072516948
999815,0.016088149
999816,0.02690286
999817,0.020695226
999818,0.013997156
999819,0.018590871
999820,0.0072725182
999821,0.0018719144
999822,0.039533548
999823,0.0087036137
999824,0.007422593
999825,0.0073184744
999826,0.013913143
999827,0.0069048712
999828,0.013582118
999829,0.0086634019
999830,0.0072057387
999831,0.0070750518
999832,0.013100947
999833,0.010286219
999834,0.017786363
999835,0.007115263
999836,0.022030992
999837,0.033046223
999838,0.040579043
999839,0.0073385797
999840,0.010255342
999841,0.007210765
999842,0.017049633
999843,0.0094145201
999844,0.025367647
999845,0.013986385
999846,0.0096870651
999847,0.0079403147
999848,0.010817584
999849,0.0066242609
999850,0.0070843864
999851,0.012151022
999852,0.02354449
999853,0.037189797
999854,0.0087732654
999855,0.0090346392
999856,0.0073120119
999857,0.0072883158
999858,0.0076983282
999859,0.007159783
999860,0.016978545
999861,0.0071030562
999862,0.0069565717
999863,0.007467831
999864,0.020115752
999865,0.018434772
999866,0.013476563
999867,0.0072560031
999868,0.010890108
999869,0.025271446
999870,0.012650792
999871,0.013683364
999872,0.01738712
999873,0.0097561646
999874,0.010725672
999875,0.007115263
999876,0.0072201001
999877,0.0035958835
999878,0.0067691579
999879,0.014015826
999880,0.0072732363
999881,0.021725643
999882,0.013335687
999883,0.014041676
999884,0.013645307
999885,0.010294836
999886,0.0096414005
999887,0.0068711224
999888,0.013903091
999889,0.013987822
999890,0.010581342
999891,0.037660845
999892,0.0075389189
999893,0.0071770162
999894,0.026115675
999895,0.0077335131
999896,0.01361802
999897,0.0081717791
999898,0.0072165094
999899,0.017084099
999900,0.036696024
999901,0.0072933421
999902,0.010402544
999903,0.014045266
999904,0.010948271
999905,0.0071317786
999906,0.011661305
999907,0.0078871781
999908,0.010662483
999909,0.007444853
999910,0.01350644
999911,0.015778881
999912,0.010595703
999913,0.015571145
999914,0.0073565315
999915,0.0072825714
999916,0.0071698357
999917,0.0072143553
999918,0.0072452319
999919,0.0069070254
999920,0.0081988163
999921,0.020880487
999922,0.0081571694
999923,0.0066755353
999924,0.0074247471
999925,0.010830509
999926,0.017183192
999927,0.029146001
999928,0.007371611
999929,0.0066786376
999930,0.0073845359
999931,0.018281825
999932,0.0072861616
999933,0.014096967
999934,0.0071827606
999935,0.032373048
999936,0.017865349
999937,0.010309197
999938,0.0073005226
999939,0.010470043
999940,0.010743624
999941,0.0080587948
999942,0.010471479
999943,0.017235611
999944,0.0066241096
999945,0.0065156827
999946,0.013074448
999947,0.020751234
999948,0.0077342312
999949,0.018110208
999950,0.021276137
999951,0.010213695
999952,0.020309681
999953,0.036712289
999954,0.0071806065
999955,0.010312069
999956,0.0072495406
999957,0.0073220646
999958,0.013811897
999959,0.0086713005
999960,0.01071131
999961,0.02642037
999962,0.0080537684
999963,0.0069278493
999964,0.0076071345
999965,0.014123535
999966,0.0099028619
999967,0.010181382
999968,0.0074750115
999969,0.0092856502
999970,0.017935719
999971,0.0073421705
999972,0.010523897
999973,0.010373104
999974,0.039161593
999975,0.0060482249
999976,0.0064824629
999977,0.0073759193
999978,0.0074699852
999979,0.014005055
999980,0.010500919
999981,0.0074728574
999982,0.010466452
999983,0.010916676
999984,0.014188878
999985,0.013196288
999986,0.0072495406
999987,0.014387784
999988,0.023323329
999989,0.010398954
999990,0.0070362766
999991,0.013333637
999992,0.031543259
999993,0.0073364256
999994,0.017348345
999995,0.011137838
999996,0.010516716
999997,0.0072983685
999998,0.027283434
999999,0.010745778
