LECROYHDO6104B,11090,Waveform
Segments,1,SegmentSize,9633
Segment,TrigTime,TimeSinceSegment1
#1,04-May-2026 18:45:31,0                 
Time,Ampl
990367,0.030272719
990368,0.0071490118
990369,0.021110984
990370,0.039267149
990371,0.0094460882
990372,0.010425523
990373,0.0061626802
990374,0.0074190027
990375,0.015207807
990376,0.0070958757
990377,0.0096567292
990378,0.0073048309
990379,0.020425236
990380,0.0077134077
990381,0.011580883
990382,0.007033404
990383,0.0075970818
990384,0.0073249368
990385,0.016869534
990386,0.027171416
990387,0.0072703641
990388,0.0072840075
990389,0.012857358
990390,0.025857229
990391,0.0074333642
990392,0.0074886545
990393,0.024521053
990394,0.013730038
990395,0.0072337431
990396,0.0077155619
990397,0.017547349
990398,0.017291619
990399,0.013832721
990400,0.018152574
990401,0.017226275
990402,0.0073953066
990403,0.013845646
990404,0.010327866
990405,0.0072380514
990406,0.019755285
990407,0.010601448
990408,0.020381434
990409,0.0071841967
990410,0.010581342
990411,0.020409439
990412,0.010260369
990413,0.0071949679
990414,0.01391458
990415,0.0023248421
990416,0.0068215765
990417,0.0043017659
990418,0.010665355
990419,0.010615809
990420,0.006960162
990421,0.017304543
990422,0.011243394
990423,0.0098632816
990424,0.0061566504
990425,0.020226333
990426,0.0095430259
990427,0.0070973118
990428,0.017217658
990429,0.0068502985
990430,0.0075159408
990431,0.0069637522
990432,0.010493021
990433,0.0071712718
990434,0.013267743
990435,0.03136402
990436,0.010743624
990437,0.0071942499
990438,0.0075310203
990439,0.011086857
990440,0.016626695
990441,0.018032657
990442,0.0097677791
990443,0.0070427391
990444,0.0073795095
990445,0.0068474263
990446,0.014142923
990447,0.013147563
990448,0.0071066464
990449,0.010640941
990450,0.010735007
990451,0.0064285179
990452,0.022894606
990453,0.0097519821
990454,0.010281192
990455,0.010249598
990456,0.0072567211
990457,0.014309512
990458,0.0068517351
990459,0.0070815142
990460,0.0062749675
990461,0.0074462891
990462,0.039453126
990463,0.0098704621
990464,0.016295319
990465,0.007349351
990466,0.014028033
990467,0.017589614
990468,0.030358266
990469,0.009429751
990470,0.01892449
990471,0.0063878666
990472,0.0027698637
990473,0.013579963
990474,0.0071131089
990475,0.0070448932
990476,0.016309587
990477,0.0158515
990478,0.01079711
990479,0.010447782
990480,0.039430149
990481,0.019419834
990482,0.016704964
990483,0.013397057
990484,0.01428079
990485,0.014435174
990486,0.024360927
990487,0.0078512756
990488,0.01567311
990489,0.011517959
990490,0.0076746321
990491,0.0073874081
990492,0.033559281
990493,0.014164465
990494,0.01043773
990495,0.0075834384
990496,0.020909926
990497,0.016964901
990498,0.0097766789
990499,0.013752297
990500,0.019456957
990501,0.00736443
990502,0.013924632
990503,0.0030316128
990504,0.014423684
990505,0.0095257927
990506,0.01051887
990507,0.037415989
990508,0.027529728
990509,0.0054974724
990510,0.005682359
990511,0.0092754178
990512,0.0040893122
990513,0.0063967453
990514,0.011229751
990515,0.013453584
990516,0.010007611
990517,0.0056870403
990518,0.010641659
990519,0.024152689
990520,0.016842831
990521,0.0046515907
990522,0.012985023
990523,0.0065142633
990524,0.010386029
990525,0.010387465
990526,0.013876522
990527,0.011261346
990528,0.0022684061
990529,0.010512408
990530,0.007349351
990531,0.010471479
990532,0.0065006032
990533,0.031907745
990534,0.013565602
990535,0.013791791
990536,0.0071131089
990537,0.017137911
990538,0.015758201
990539,0.0017778302
990540,0.010684743
990541,0.015555487
990542,0.0097720874
990543,0.0095085595
990544,0.010516716
990545,0.0072954963
990546,0.0073227827
990547,0.006512092
990548,0.010719928
990549,0.021026971
990550,0.014771944
990551,0.019120026
990552,0.0073206285
990553,0.010294118
990554,0.016534379
990555,0.024724266
990556,0.014756147
990557,0.039838005
990558,0.0070513557
990559,0.015350125
990560,0.01476899
990561,0.0075475355
990562,0.010638786
990563,0.0069443649
990564,0.010577751
990565,0.0059555951
990566,0.0097738728
990567,0.014422966
990568,0.0097103342
990569,0.0073191924
990570,0.03756319
990571,0.015556066
990572,0.025039399
990573,0.013809742
990574,0.007599236
990575,0.0095840981
990576,0.014057473
990577,0.012962045
990578,0.01404383
990579,0.010598576
990580,0.010284064
990581,0.0066453936
990582,0.036848001
990583,0.010664637
990584,0.010880055
990585,0.019827945
990586,0.016381113
990587,0.0096781496
990588,0.023394417
990589,0.032596387
990590,0.0065442547
990591,0.0072782626
990592,0.006471158
990593,0.010764447
990594,0.015864832
990595,0.0073299631
990596,0.024594296
990597,0.0068933824
990598,0.0072825714
990599,0.0095684528
990600,0.009379915
990601,0.011339614
990602,0.013894474
990603,0.0091672614
990604,0.030399816
990605,0.00731273
990606,0.030376839
990607,0.013363341
990608,0.01024529
990609,0.0071691177
990610,0.0076573989
990611,0.0062399469
990612,0.0070858225
990613,0.0071971221
990614,0.0072157914
990615,0.0089448821
990616,0.017618336
990617,0.025087066
990618,0.010862104
990619,0.017658548
990620,0.023055406
990621,0.0095595969
990622,0.010581342
990623,0.0039848848
990624,0.010880773
990625,0.039717373
990626,0.007372329
990627,0.027470129
990628,0.014032342
990629,0.035016853
990630,0.0024641037
990631,0.01385139
990632,0.0076573989
990633,0.014073989
990634,0.0072315889
990635,0.013269761
990636,0.012895965
990637,0.0072373333
990638,0.0070599723
990639,0.038595043
990640,0.013018062
990641,0.0064218142
990642,0.039464615
990643,0.014326747
990644,0.0077715707
990645,0.011167279
990646,0.012594545
990647,0.0072631836
990648,0.0083869481
990649,0.0108262
990650,0.039649874
990651,0.010554774
990652,0.019616824
990653,0.010509536
990654,0.020816579
990655,0.027144128
990656,0.010727108
990657,0.039705884
990658,0.0081234202
990659,0.0075252759
990660,0.0070937211
990661,0.0068962546
990662,0.0073845359
990663,0.0068854839
990664,0.0080896718
990665,0.014524213
990666,0.016256893
990667,0.0070348405
990668,0.0065945177
990669,0.0075712316
990670,0.019175109
990671,0.010670382
990672,0.007526712
990673,0.0022635919
990674,0.026875574
990675,0.027094582
990676,0.0066148294
990677,0.0085994946
990678,0.012895441
990679,0.010582778
990680,0.0072617475
990681,0.020180248
990682,0.014200368
990683,0.0075906194
990684,0.017056813
990685,0.019325001
990686,0.014096967
990687,0.020484835
990688,0.03968434
990689,0.023946606
990690,0.013471536
990691,0.007658117
990692,0.01372932
990693,0.017031681
990694,0.020797908
990695,0.0075618969
990696,0.013997156
990697,0.010659611
990698,0.01183005
990699,0.011700081
990700,0.019338809
990701,0.014039522
990702,0.013833439
990703,0.014707319
990704,0.031671502
990705,0.010572007
990706,0.0071942499
990707,0.0070132986
990708,0.010910932
990709,0.0071482938
990710,0.016908893
990711,0.031159524
990712,0.012411678
990713,0.0074721393
990714,0.007732077
990715,0.03049819
990716,0.0090917852
990717,0.011810662
990718,0.0070054
990719,0.0078239888
990720,0.019267004
990721,0.014188878
990722,0.029872041
990723,0.0069738054
990724,0.031344067
990725,0.020705279
990726,0.02001664
990727,0.0072272806
990728,0.010443474
990729,0.0072538489
990730,0.0080437157
990731,0.0029280651
990732,0.010584932
990733,0.010697667
990734,0.0068215765
990735,0.0071461396
990736,0.031060431
990737,0.0065536802
990738,0.0074017695
990739,0.010666791
990740,0.007137523
990741,0.0069365553
990742,0.010491584
990743,0.0070312498
990744,0.023049029
990745,0.0063000992
990746,0.019915413
990747,0.0074721393
990748,0.030706428
990749,0.010523897
990750,0.01759105
990751,0.033499684
990752,0.010594985
990753,0.0093764365
990754,0.0064934227
990755,0.010678998
990756,0.014338235
990757,0.007210765
990758,0.010592831
990759,0.0063741053
990760,0.011265654
990761,0.0067188265
990762,0.014248477
990763,0.0072064567
990764,0.013943302
990765,0.011921961
990766,0.02030101
990767,0.0080013499
990768,0.010661765
990769,0.0071253157
990770,0.022625187
990771,0.010394646
990772,0.0072897519
990773,0.007350069
990774,0.0018454376
990775,0.013754452
990776,0.010569853
990777,0.0084673716
990778,0.011702497
990779,0.010850033
990780,0.018360093
990781,0.020886948
990782,0.0068021887
990783,0.0075985179
990784,0.017873965
990785,0.01449549
990786,0.010154167
990787,0.010294118
990788,0.0073263729
990789,0.010827636
990790,0.0071655274
990791,0.013755888
990792,0.0073895622
990793,0.010496611
990794,0.0096351197
990795,0.030985754
990796,0.010206514
990797,0.015454101
990798,0.016900275
990799,0.014158002
990800,0.039609663
990801,0.0078728171
990802,0.0070872586
990803,0.016501753
990804,0.0072445138
990805,0.0062495377
990806,0.014023007
990807,0.011194565
990808,0.0073026768
990809,0.012160357
990810,0.007254567
990811,0.0098762065
990812,0.0073263729
990813,0.0072969324
990814,0.017273668
990815,0.0097405184
990816,0.014338235
990817,0.014145795
990818,0.013732192
990819,0.0069594439
990820,0.013633817
990821,0.01070772
990822,0.02240108
990823,0.013821231
990824,0.0068546073
990825,0.0059945942
990826,0.016361153
990827,0.030457979
990828,0.013055061
990829,0.02511489
990830,0.0070578181
990831,0.0063311406
990832,0.0071231616
990833,0.0074304915
990834,0.0071490118
990835,0.0076624253
990836,0.0075123506
990837,0.0069924747
990838,0.0075697955
990839,0.017293774
990840,0.0075008618
990841,0.0071411133
990842,0.0071806065
990843,0.0073069851
990844,0.01309856
990845,0.033458754
990846,0.0074218749
990847,0.010357307
990848,0.0072954963
990849,0.015940947
990850,0.0065039485
990851,0.0076351389
990852,0.0076631433
990853,0.023359232
990854,0.013972024
990855,0.010546875
990856,0.0077083814
990857,0.015344956
990858,0.013769049
990859,0.013798972
990860,0.011273553
990861,0.00828283
990862,0.010420497
990863,0.017145135
990864,0.010476505
990865,0.0067059686
990866,0.019064091
990867,0.015347573
990868,0.013699161
990869,0.0072351792
990870,0.01060432
990871,0.0009307884
990872,0.006049661
990873,0.0072265626
990874,0.013064449
990875,0.0068538892
990876,0.0073881261
990877,0.0065350723
990878,0.010342227
990879,0.0073041129
990880,0.0093455594
990881,0.014131434
990882,0.013775276
990883,0.031680837
990884,0.010543285
990885,0.02364861
990886,0.011468299
990887,0.01188534
990888,0.0069996552
990889,0.019210266
990890,0.010414752
990891,0.0067361272
990892,0.0073335534
990893,0.0075022979
990894,0.0069307215
990895,0.0071999943
990896,0.009592968
990897,0.014445227
990898,0.010976993
990899,0.023909984
990900,0.0068617878
990901,0.0073482925
990902,0.007100902
990903,0.020020967
990904,0.0073177563
990905,0.0070161708
990906,0.022325359
990907,0.0085047102
990908,0.0026926422
990909,0.0070728976
990910,0.0090805953
990911,0.017210478
990912,0.010560518
990913,0.0072122011
990914,0.026173202
990915,0.0069113337
990916,0.007328527
990917,0.026922248
990918,0.033153459
990919,0.03095416
990920,0.013264016
990921,0.017178884
990922,0.011041619
990923,0.01013758
990924,0.03708123
990925,0.0069536995
990926,0.010171995
990927,0.038706344
990928,0.0069536995
990929,0.010381003
990930,0.014103429
990931,0.017440258
990932,0.0077593634
990933,0.007247386
990934,0.0096047791
990935,0.0080386894
990936,0.013669003
990937,0.010607192
990938,0.0076408833
990939,0.010462143
990940,0.0075224033
990941,0.0077895219
990942,0.031225212
990943,0.026711857
990944,0.035032026
990945,0.03360524
990946,0.0076021082
990947,0.01789978
990948,0.0078455312
990949,0.0072495406
990950,0.0065649967
990951,0.0061494717
990952,0.027148437
990953,0.01058206
990954,0.020094281
990955,0.010785989
990956,0.0070499196
990957,0.005727252
990958,0.0093824659
990959,0.010112623
990960,0.039809283
990961,0.020912798
990962,0.012737824
990963,0.0079288259
990964,0.0071044923
990965,0.0096385162
990966,0.0071619372
990967,0.01647936
990968,0.0066009667
990969,0.033829495
990970,0.039866727
990971,0.028837316
990972,0.017332548
990973,0.0075669233
990974,0.0094054379
990975,0.020226499
990976,0.014039522
990977,0.0072954963
990978,0.0071231616
990979,0.010105268
990980,0.0065336027
990981,0.014124253
990982,0.0105081
990983,0.020303166
990984,0.007621496
990985,0.0079245176
990986,0.0074204388
990987,0.0062794406
990988,0.03043141
990989,0.0073622759
990990,0.0072251265
990991,0.007173426
990992,0.0078534298
990993,0.016900275
990994,0.0073673022
990995,0.0087072039
990996,0.0139591
990997,0.0072265626
990998,0.022983685
990999,0.007291188
991000,0.0067237047
991001,0.0071253157
991002,0.036967918
991003,0.013311407
991004,0.0070807962
991005,0.0084667262
991006,0.011468147
991007,0.0075166589
991008,0.007218664
991009,0.010562672
991010,0.010420497
991011,0.010126092
991012,0.019731987
991013,0.013686236
991014,0.02294491
991015,0.013277394
991016,0.013759478
991017,0.010002874
991018,0.01391817
991019,0.0073357075
991020,0.017061122
991021,0.0065005478
991022,0.016957721
991023,0.022598805
991024,0.014058909
991025,0.0074563418
991026,0.0072739543
991027,0.0073270909
991028,0.0072825714
991029,0.010539695
991030,0.0069206688
991031,0.0137365
991032,0.0061480352
991033,0.015197754
991034,0.012339154
991035,0.01008947
991036,0.026989028
991037,0.026165688
991038,0.0091215242
991039,0.0082842661
991040,0.012943761
991041,0.0070477654
991042,0.013006951
991043,0.010591395
991044,0.019164171
991045,0.0064065559
991046,0.013770968
991047,0.0072581572
991048,0.017178884
991049,0.012757066
991050,0.019302411
991051,0.0075022979
991052,0.0070298137
991053,0.0082849842
991054,0.032279547
991055,0.0078505576
991056,0.0070010913
991057,0.01727654
991058,0.010930319
991059,0.019842889
991060,0.018651959
991061,0.01044491
991062,0.010600012
991063,0.010576315
991064,0.029305981
991065,0.0089269299
991066,0.010806813
991067,0.023324545
991068,0.010492302
991069,0.0089678597
991070,0.016855039
991071,0.0069163605
991072,0.0060195024
991073,0.010504509
991074,0.0071231616
991075,0.017239919
991076,0.018352194
991077,0.01389591
991078,0.0071559041
991079,0.020362046
991080,0.0099516027
991081,0.020132266
991082,0.0072150733
991083,0.0071612191
991084,0.010646685
991085,0.0021128382
991086,0.013214482
991087,0.0073802276
991088,0.010661765
991089,0.013159832
991090,0.0073795095
991091,0.0084228516
991092,0.0084795784
991093,0.017025217
991094,0.039447382
991095,0.0072215362
991096,0.0068021887
991097,0.030274874
991098,0.020563103
991099,0.0072954963
991100,0.033957805
991101,0.010622271
991102,0.0080781821
991103,0.013786765
991104,0.017463954
991105,0.0070578181
991106,0.013667567
991107,0.0075597428
991108,0.013125794
991109,0.010279756
991110,0.01741728
991111,0.01008229
991112,0.017496984
991113,0.0072043026
991114,0.017440258
991115,0.0080889538
991116,0.0063167796
991117,0.010302017
991118,0.025783405
991119,0.033680636
991120,0.0076150335
991121,0.009679094
991122,0.010397518
991123,0.013926786
991124,0.024154512
991125,0.019503616
991126,0.0084415209
991127,0.020569567
991128,0.0091911769
991129,0.012654488
991130,0.0061208834
991131,0.01051528
991132,0.015386604
991133,0.0082993452
991134,0.0071102367
991135,0.0075733857
991136,0.010435576
991137,0.0086971503
991138,0.02330035
991139,0.007481474
991140,0.0072631836
991141,0.0080810543
991142,0.024616556
991143,0.0171875
991144,0.0065372242
991145,0.011224724
991146,0.020378562
991147,0.0066564223
991148,0.0012734844
991149,0.039533548
991150,0.0068660961
991151,0.010856359
991152,0.010216567
991153,0.0073874081
991154,0.01764706
991155,0.01084128
991156,0.0055750231
991157,0.014047421
991158,0.0073249368
991159,0.011539953
991160,0.010378849
991161,0.0052173394
991162,0.0065435614
991163,0.0056913486
991164,0.01060432
991165,0.0077191521
991166,0.0072244084
991167,0.010213695
991168,0.014135025
991169,0.014006491
991170,0.017280849
991171,0.016130514
991172,0.0071712718
991173,0.010960478
991174,0.0062866211
991175,0.028644219
991176,0.0074441349
991177,0.0072301528
991178,0.010869147
991179,0.011067469
991180,0.0095660044
991181,0.0096533233
991182,0.010595703
991183,0.0074412627
991184,0.010887953
991185,0.019354163
991186,0.021798886
991187,0.0067160213
991188,0.0071949679
991189,0.019910386
991190,0.017865349
991191,0.0071691177
991192,0.02063491
991193,0.027377499
991194,0.010716338
991195,0.0064165397
991196,0.0071820426
991197,0.037461225
991198,0.01060791
991199,0.039200369
991200,0.0072114831
991201,0.0074556237
991202,0.023794375
991203,0.00736443
991204,0.010852051
991205,0.0074419808
991206,0.0061927768
991207,0.010673254
991208,0.024510534
991209,0.03555312
991210,0.039413631
991211,0.0076652975
991212,0.0070829503
991213,0.010601448
991214,0.013920324
991215,0.010026281
991216,0.018027632
991217,0.010279856
991218,0.039590992
991219,0.013953355
991220,0.013803998
991221,0.033919748
991222,0.010368078
991223,0.0070496858
991224,0.030170921
991225,0.0066775167
991226,0.0091841351
991227,0.037344899
991228,0.013885139
991229,0.030307904
991230,0.0072394875
991231,0.0076688877
991232,0.013908835
991233,0.030388327
991234,0.010627298
991235,0.028670482
991236,0.035174541
991237,0.014120663
991238,0.013902373
991239,0.010605756
991240,0.013784611
991241,0.0070872586
991242,0.010922421
991243,0.018462775
991244,0.016277226
991245,0.017297363
991246,0.024655331
991247,0.010661047
991248,0.010213695
991249,0.0083036534
991250,0.0068510165
991251,0.017439539
991252,0.01044491
991253,0.007255285
991254,0.022589471
991255,0.039671414
991256,0.023655791
991257,0.013855699
991258,0.0074247471
991259,0.0075051701
991260,0.039224781
991261,0.0068969727
991262,0.0075417911
991263,0.0068761487
991264,0.0073084212
991265,0.010498047
991266,0.010391774
991267,0.0061264937
991268,0.0026001313
991269,0.0076401653
991270,0.0094633214
991271,0.011355411
991272,0.027409812
991273,0.013646025
991274,0.0075949277
991275,0.0099530388
991276,0.027471565
991277,0.017744714
991278,0.0069572898
991279,0.014295151
991280,0.010073673
991281,0.0072768265
991282,0.02386331
991283,0.017141543
991284,0.0071526021
991285,0.0069673425
991286,0.017428769
991287,0.0073988969
991288,0.017288029
991289,0.0098972647
991290,0.020388614
991291,0.0059569525
991292,0.030820599
991293,0.0053362828
991294,0.010516716
991295,0.014034496
991296,0.01148897
991297,0.0059448243
991298,0.022178022
991299,0.0069400561
991300,0.013572064
991301,0.020261003
991302,0.010622271
991303,0.0072150733
991304,0.013997156
991305,0.0074570598
991306,0.0073816637
991307,0.019278493
991308,0.01041188
991309,0.0071461396
991310,0.010857077
991311,0.016096704
991312,0.012520165
991313,0.010577751
991314,0.016217524
991315,0.0077959844
991316,0.0088127581
991317,0.0073191924
991318,0.0052238903
991319,0.0072782626
991320,0.014298995
991321,0.0072940602
991322,0.013815487
991323,0.028467515
991324,0.006769876
991325,0.010299144
991326,0.0075367647
991327,0.00951574
991328,0.0068546073
991329,0.013832721
991330,0.017695168
991331,0.014372702
991332,0.014096967
991333,0.0071109547
991334,0.016506726
991335,0.0067325369
991336,0.011125632
991337,0.0071942499
991338,0.0073335534
991339,0.009662224
991340,0.010784553
991341,0.0065436866
991342,0.0074111042
991343,0.014028033
991344,0.0063303299
991345,0.014298742
991346,0.020158118
991347,0.011302275
991348,0.017652804
991349,0.0095631322
991350,0.020496324
991351,0.0087560313
991352,0.0094906073
991353,0.0082261031
991354,0.01029699
991355,0.010535386
991356,0.0093203988
991357,0.0094748102
991358,0.017693015
991359,0.0072524128
991360,0.0069544176
991361,0.010329302
991362,0.009895972
991363,0.011149328
991364,0.014015826
991365,0.033340693
991366,0.039660644
991367,0.0074477252
991368,0.013693416
991369,0.012660429
991370,0.034108598
991371,0.0071942499
991372,0.0074836281
991373,0.010770191
991374,0.0075396369
991375,0.0070276596
991376,0.017388556
991377,0.027809054
991378,0.00696088
991379,0.013875804
991380,0.0092098461
991381,0.0082950369
991382,0.023948042
991383,0.022921214
991384,0.014538259
991385,0.0072954963
991386,0.010555492
991387,0.015536679
991388,0.014191751
991389,0.0080114026
991390,0.010028435
991391,0.010714902
991392,0.0076760687
991393,0.0069953469
991394,0.026063448
991395,0.021254595
991396,0.028598033
991397,0.0071565011
991398,0.010581342
991399,0.0072157914
991400,0.015120204
991401,0.012507899
991402,0.010612937
991403,0.010569853
991404,0.024540441
991405,0.032446288
991406,0.0070980298
991407,0.017012293
991408,0.0070664352
991409,0.017363425
991410,0.011917653
991411,0.035087317
991412,0.039745376
991413,0.010351563
991414,0.0078986669
991415,0.017254997
991416,0.020744773
991417,0.019728351
991418,0.014032342
991419,0.0078699449
991420,0.010536104
991421,0.010256778
991422,0.019577706
991423,0.0071231616
991424,0.010405417
991425,0.007115263
991426,0.017430922
991427,0.010445628
991428,0.0074283374
991429,0.017578125
991430,0.0077292048
991431,0.01388873
991432,0.011563648
991433,0.014023725
991434,0.0071310606
991435,0.025937399
991436,0.0088357367
991437,0.011019359
991438,0.010747932
991439,0.039549343
991440,0.013427016
991441,0.010534668
991442,0.0076056984
991443,0.007467831
991444,0.010712029
991445,0.0079252357
991446,0.0084975297
991447,0.011242676
991448,0.039039522
991449,0.017136518
991450,0.02712187
991451,0.011033002
991452,0.017604694
991453,0.030387608
991454,0.014051011
991455,0.015102969
991456,0.017543659
991457,0.0073816637
991458,0.032116704
991459,0.007797421
991460,0.01037454
991461,0.014293715
991462,0.010340791
991463,0.016062446
991464,0.010615091
991465,0.010642377
991466,0.013134669
991467,0.0062813065
991468,0.010894416
991469,0.0072488226
991470,0.0069213868
991471,0.015567555
991472,0.022909008
991473,0.0057459213
991474,0.012909897
991475,0.0071942499
991476,0.0067820828
991477,0.0063726394
991478,0.012528004
991479,0.020243566
991480,0.011079676
991481,0.00665471
991482,0.0076703238
991483,0.026927993
991484,0.0088120401
991485,0.007210765
991486,0.0093021896
991487,0.0084824506
991488,0.007233025
991489,0.0070147347
991490,0.010468607
991491,0.032842178
991492,0.0074462891
991493,0.010797478
991494,0.025991913
991495,0.020759853
991496,0.0081887636
991497,0.022727555
991498,0.0071281884
991499,0.0071533201
991500,0.0073730471
991501,0.010721364
991502,0.0070542279
991503,0.0072768265
991504,0.013738655
991505,0.0078584561
991506,0.011064596
991507,0.0065372242
991508,0.011061724
991509,0.020738309
991510,0.0056410846
991511,0.023191204
991512,0.0092500579
991513,0.0068941005
991514,0.014200368
991515,0.017591769
991516,0.020351993
991517,0.026505055
991518,0.017660702
991519,0.014182416
991520,0.015722964
991521,0.0071992762
991522,0.010443474
991523,0.031867061
991524,0.0071310606
991525,0.010588522
991526,0.013604377
991527,0.020524206
991528,0.033524815
991529,0.010383157
991530,0.010532514
991531,0.013735064
991532,0.0076997643
991533,0.013834875
991534,0.027107509
991535,0.0072423597
991536,0.013637408
991537,0.019704379
991538,0.0073184744
991539,0.0077715707
991540,0.0067318189
991541,0.036929142
991542,0.017061122
991543,0.011356847
991544,0.013844928
991545,0.0069766776
991546,0.0028994814
991547,0.011606014
991548,0.0063174977
991549,0.020975454
991550,0.012183336
991551,0.011313763
991552,0.0061939913
991553,0.0065870667
991554,0.0072495406
991555,0.017584588
991556,0.0063950485
991557,0.017722456
991558,0.0085449219
991559,0.0073773554
991560,0.0070736157
991561,0.035773065
991562,0.0097659286
991563,0.017081944
991564,0.013589298
991565,0.0071999943
991566,0.016067326
991567,0.0071583469
991568,0.01741728
991569,0.0070606903
991570,0.033050898
991571,0.0075202491
991572,0.013798254
991573,0.012092141
991574,0.0079216454
991575,0.0071971221
991576,0.010714902
991577,0.017063275
991578,0.010755112
991579,0.0076193418
991580,0.0071210074
991581,0.014028751
991582,0.0070657171
991583,0.010543285
991584,0.039544318
991585,0.0063452609
991586,0.013258272
991587,0.010260369
991588,0.010826918
991589,0.01546559
991590,0.0024384505
991591,0.036611643
991592,0.007371611
991593,0.010428395
991594,0.016962746
991595,0.0073385797
991596,0.0070104264
991597,0.039912682
991598,0.0073184744
991599,0.0077105355
991600,0.01159668
991601,0.020743337
991602,0.0060597141
991603,0.0071827606
991604,0.039418656
991605,0.0072768265
991606,0.010638786
991607,0.013836311
991608,0.010689051
991609,0.0070657171
991610,0.0017765656
991611,0.0065873242
991612,0.0086224722
991613,0.00736443
991614,0.022753179
991615,0.010515998
991616,0.012938848
991617,0.012097886
991618,0.010237391
991619,0.0070132986
991620,0.0073105758
991621,0.014316694
991622,0.0083129881
991623,0.0062633641
991624,0.0099932505
991625,0.0053487951
991626,0.0071533201
991627,0.0071131089
991628,0.010492302
991629,0.0062392289
991630,0.0096694045
991631,0.02432215
991632,0.007313448
991633,0.0069551356
991634,0.029569738
991635,0.023259038
991636,0.010602166
991637,0.030478084
991638,0.0076344209
991639,0.018566895
991640,0.0069867303
991641,0.0097979745
991642,0.010615091
991643,0.010636632
991644,0.010413316
991645,0.011037311
991646,0.0074922452
991647,0.0072674919
991648,0.0081341909
991649,0.013970588
991650,0.0070542279
991651,0.0073213466
991652,0.0062348195
991653,0.0012186451
991654,0.007313448
991655,0.036718749
991656,0.017309571
991657,0.013821949
991658,0.013631663
991659,0.0075310203
991660,0.01750919
991661,0.01152272
991662,0.0087560313
991663,0.010557646
991664,0.0077794692
991665,0.010638786
991666,0.0071605011
991667,0.025517004
991668,0.011350385
991669,0.01403306
991670,0.0072739543
991671,0.013600653
991672,0.010752958
991673,0.014157284
991674,0.039528523
991675,0.0097864
991676,0.0089642694
991677,0.023614861
991678,0.01051169
991679,0.022684477
991680,0.010247444
991681,0.016934743
991682,0.010581342
991683,0.013347757
991684,0.0070089903
991685,0.0069422103
991686,0.016610678
991687,0.021804631
991688,0.010409008
991689,0.010588522
991690,0.0072043026
991691,0.0071382411
991692,0.010565544
991693,0.0064245849
991694,0.010948989
991695,0.013430607
991696,0.019577924
991697,0.0030032888
991698,0.02060475
991699,0.014720243
991700,0.0086253444
991701,0.027481617
991702,0.026910041
991703,0.013261144
991704,0.0065835821
991705,0.025161564
991706,0.0071238796
991707,0.0073184744
991708,0.0094834268
991709,0.0072423597
991710,0.0076209488
991711,0.01269307
991712,0.0075008618
991713,0.0072488226
991714,0.0073349895
991715,0.019417796
991716,0.017344037
991717,0.027619485
991718,0.024025591
991719,0.007136805
991720,0.010305607
991721,0.023770681
991722,0.0072122011
991723,0.0072667738
991724,0.010443474
991725,0.0088809747
991726,0.0071705538
991727,0.01389591
991728,0.0064162216
991729,0.0057940315
991730,0.021914493
991731,0.0073299631
991732,0.011155791
991733,0.023854693
991734,0.0073220646
991735,0.020438878
991736,0.0061860927
991737,0.0070312498
991738,0.0075288662
991739,0.016291359
991740,0.0073299631
991741,0.01576574
991742,0.013862879
991743,0.032705508
991744,0.0075346106
991745,0.0068014706
991746,0.007372329
991747,0.0073658661
991748,0.01718032
991749,0.0099573471
991750,0.0072265626
991751,0.0019282878
991752,0.010403981
991753,0.0072531309
991754,0.0069874483
991755,0.0074297735
991756,0.010685461
991757,0.006615493
991758,0.020944394
991759,0.022850845
991760,0.014079734
991761,0.019519379
991762,0.0075066062
991763,0.0075482535
991764,0.0078247068
991765,0.023619886
991766,0.015683163
991767,0.016926127
991768,0.027441407
991769,0.0062556188
991770,0.0067012203
991771,0.014855239
991772,0.0070176069
991773,0.0062521682
991774,0.0069221049
991775,0.020672249
991776,0.017872529
991777,0.010664637
991778,0.006685379
991779,0.034039665
991780,0.010969095
991781,0.010855641
991782,0.0018109392
991783,0.0061379825
991784,0.039389934
991785,0.033755314
991786,0.010409008
991787,0.0085521024
991788,0.0083180144
991789,0.013706342
991790,0.02194537
991791,0.0078189624
991792,0.017148007
991793,0.0096848942
991794,0.011091165
991795,0.020709587
991796,0.020358456
991797,0.0078189624
991798,0.013809742
991799,0.011001407
991800,0.0072495406
991801,0.0076408833
991802,0.027326517
991803,0.017368451
991804,0.0087459786
991805,0.013951201
991806,0.035656855
991807,0.013383411
991808,0.020518061
991809,0.013856417
991810,0.008165068
991811,0.011015768
991812,0.014174517
991813,0.010790298
991814,0.007541073
991815,0.010643813
991816,0.01312831
991817,0.0067792106
991818,0.0072725182
991819,0.0070362766
991820,0.023085263
991821,0.019450827
991822,0.010526769
991823,0.012811844
991824,0.0071461396
991825,0.0072043026
991826,0.030032169
991827,0.0072516948
991828,0.0086138556
991829,0.0073515051
991830,0.0071999943
991831,0.0097907567
991832,0.0072962143
991833,0.014073989
991834,0.039559398
991835,0.0030621458
991836,0.0079029752
991837,0.0072409236
991838,0.017205451
991839,0.033367135
991840,0.017280849
991841,0.0070362766
991842,0.0071310606
991843,0.024949018
991844,0.014119945
991845,0.0064335479
991846,0.023967428
991847,0.007100902
991848,0.032225754
991849,0.010664637
991850,0.010373104
991851,0.010474351
991852,0.016993023
991853,0.0063555548
991854,0.012889054
991855,0.0080149928
991856,0.0074240291
991857,0.013809742
991858,0.010477941
991859,0.010493021
991860,0.0072610294
991861,0.0069529815
991862,0.010688333
991863,0.02018684
991864,0.028367704
991865,0.01437342
991866,0.0088802557
991867,0.031018067
991868,0.027370319
991869,0.0084277466
991870,0.033819221
991871,0.013816205
991872,0.013813333
991873,0.013438972
991874,0.0074103861
991875,0.010594267
991876,0.010780963
991877,0.011753217
991878,0.0072308709
991879,0.0063469382
991880,0.013972024
991881,0.0066427793
991882,0.012752757
991883,0.013819795
991884,0.0094508007
991885,0.0094547691
991886,0.01060073
991887,0.0074699852
991888,0.017225558
991889,0.010447064
991890,0.01750919
991891,0.0072904699
991892,0.0039821872
991893,0.0071849148
991894,0.0068739946
991895,0.0072143553
991896,0.0073077031
991897,0.0070807962
991898,0.010546875
991899,0.019449916
991900,0.0074175666
991901,0.038702033
991902,0.010517434
991903,0.0084537286
991904,0.033995863
991905,0.0075604608
991906,0.017489804
991907,0.014277918
991908,0.0071037742
991909,0.033218075
991910,0.0070348405
991911,0.012704358
991912,0.010370232
991913,0.007019761
991914,0.0067002242
991915,0.014288689
991916,0.0075066062
991917,0.0099379597
991918,0.007255285
991919,0.0061557954
991920,0.016928999
991921,0.019528488
991922,0.01634006
991923,0.026650822
991924,0.0090202782
991925,0.0080702836
991926,0.0073069851
991927,0.0074699852
991928,0.033136584
991929,0.014214011
991930,0.016137883
991931,0.010413616
991932,0.0064254124
991933,0.02054587
991934,0.0090303309
991935,0.0093081547
991936,0.01391458
991937,0.01496223
991938,0.010482968
991939,0.010827636
991940,0.017496265
991941,0.010528924
991942,0.0083079617
991943,0.0069170785
991944,0.006519991
991945,0.0059794565
991946,0.0071633733
991947,0.017026654
991948,0.0075367647
991949,0.017370606
991950,0.027016314
991951,0.0075022979
991952,0.0025286046
991953,0.010303453
991954,0.0067196116
991955,0.011923636
991956,0.0105081
991957,0.017880429
991958,0.007827579
991959,0.015992647
991960,0.0088500977
991961,0.0073242188
991962,0.016880887
991963,0.014179544
991964,0.018039837
991965,0.019432157
991966,0.010855641
991967,0.024368107
991968,0.013660386
991969,0.039911967
991970,0.0188017
991971,0.017334703
991972,0.008165068
991973,0.010404699
991974,0.0070915669
991975,0.017130774
991976,0.03883272
991977,0.0069213868
991978,0.010368796
991979,0.011086857
991980,0.013383601
991981,0.0096866386
991982,0.026153388
991983,0.019980038
991984,0.0065644686
991985,0.014063936
991986,0.0072832895
991987,0.010365206
991988,0.010431267
991989,0.010510254
991990,0.013903809
991991,0.0073945886
991992,0.018536067
991993,0.015027573
991994,0.0059685204
991995,0.010298426
991996,0.0071238796
991997,0.0068273209
991998,0.014292279
991999,0.0068380916
992000,0.0072789812
992001,0.032988425
992002,0.011320226
992003,0.0076495004
992004,0.0072617475
992005,0.010365206
992006,0.010798914
992007,0.010612219
992008,0.0078598922
992009,0.00646111
992010,0.0070427391
992011,0.017542223
992012,0.016982134
992013,0.0072875977
992014,0.0074836281
992015,0.0074333642
992016,0.025483189
992017,0.023489606
992018,0.039892577
992019,0.010456399
992020,0.0076430375
992021,0.010648839
992022,0.011226879
992023,0.0023493674
992024,0.01761331
992025,0.015683517
992026,0.007004682
992027,0.011776195
992028,0.0063890116
992029,0.0069996552
992030,0.030910358
992031,0.010244572
992032,0.014252787
992033,0.027033547
992034,0.0072380514
992035,0.009541912
992036,0.0074060778
992037,0.0094773313
992038,0.0075087603
992039,0.0071806065
992040,0.010496611
992041,0.0071849148
992042,0.0088948859
992043,0.0072035845
992044,0.009237132
992045,0.038694851
992046,0.014282227
992047,0.025772681
992048,0.010624425
992049,0.013567756
992050,0.013821949
992051,0.020560231
992052,0.0020125264
992053,0.0073543773
992054,0.014343262
992055,0.012418859
992056,0.010066492
992057,0.010234519
992058,0.013230247
992059,0.010307761
992060,0.024009794
992061,0.039234836
992062,0.0060187844
992063,0.01934447
992064,0.010577751
992065,0.0072976504
992066,0.0076889936
992067,0.010712029
992068,0.017377067
992069,0.0065730773
992070,0.014377729
992071,0.0068969727
992072,0.0070958757
992073,0.01997504
992074,0.007077924
992075,0.0022333779
992076,0.0065946691
992077,0.007196404
992078,0.010653866
992079,0.0082713338
992080,0.013848518
992081,0.012185361
992082,0.025420066
992083,0.0069522634
992084,0.0070477654
992085,0.010772346
992086,0.020312499
992087,0.0071748621
992088,0.0070312498
992089,0.011260627
992090,0.0069702147
992091,0.010550465
992092,0.0061121322
992093,0.0063943304
992094,0.0076286765
992095,0.012970019
992096,0.0073306812
992097,0.0070657171
992098,0.038775276
992099,0.013556985
992100,0.01041547
992101,0.01090447
992102,0.0074405447
992103,0.0084163891
992104,0.028435396
992105,0.0083984379
992106,0.029740173
992107,0.0047455365
992108,0.009155361
992109,0.007033404
992110,0.016716791
992111,0.02594425
992112,0.016255239
992113,0.0061853747
992114,0.0072035845
992115,0.01070772
992116,0.010593549
992117,0.0072954963
992118,0.0070463293
992119,0.0068158316
992120,0.010468607
992121,0.0079618562
992122,0.0077514648
992123,0.0072979331
992124,0.032722007
992125,0.01051528
992126,0.015112305
992127,0.03171315
992128,0.0080997245
992129,0.025733432
992130,0.010365924
992131,0.0077812318
992132,0.0075726677
992133,0.0065146969
992134,0.0070039639
992135,0.0072165094
992136,0.01741728
992137,0.0072560031
992138,0.011068905
992139,0.0066183652
992140,0.017611874
992141,0.0075726677
992142,0.0056956573
992143,0.016908174
992144,0.006314165
992145,0.0070793601
992146,0.0070535098
992147,0.010792452
992148,0.0063648899
992149,0.013723576
992150,0.0073213466
992151,0.0072351792
992152,0.0072236904
992153,0.010284783
992154,0.0068660961
992155,0.017270794
992156,0.01058565
992157,0.034249339
992158,0.0072538489
992159,0.013019547
992160,0.0077397125
992161,0.0072617475
992162,0.0070772059
992163,0.0073170383
992164,0.030399816
992165,0.03676255
992166,0.0070118625
992167,0.0096388916
992168,0.013595043
992169,0.010663201
992170,0.010502355
992171,0.019406479
992172,0.0075008618
992173,0.012244064
992174,0.0060116039
992175,0.006365608
992176,0.0073098578
992177,0.010414752
992178,0.03072438
992179,0.027550552
992180,0.0073759193
992181,0.01372932
992182,0.010294118
992183,0.0070010913
992184,0.0071648094
992185,0.0091646081
992186,0.0065770503
992187,0.0073464788
992188,0.039430149
992189,0.0071691177
992190,0.008707922
992191,0.0066323359
992192,0.0073752012
992193,0.017104205
992194,0.020885512
992195,0.0072380514
992196,0.017425178
992197,0.0072035845
992198,0.0096054971
992199,0.0063937865
992200,0.00743121
992201,0.029388787
992202,0.0056970934
992203,0.025945758
992204,0.010409726
992205,0.0069939108
992206,0.0077134077
992207,0.0075870291
992208,0.0067217657
992209,0.0073098578
992210,0.010766601
992211,0.013228453
992212,0.0071702679
992213,0.017596794
992214,0.0095236385
992215,0.011661305
992216,0.0099264709
992217,0.017308135
992218,0.022856412
992219,0.0073443246
992220,0.011453786
992221,0.016988598
992222,0.0070125805
992223,0.0096416809
992224,0.0072660558
992225,0.007004682
992226,0.0072078928
992227,0.0071942499
992228,0.0065329159
992229,0.0072653377
992230,0.016914638
992231,0.0075080423
992232,0.0096825678
992233,0.0080372533
992234,0.013036522
992235,0.013430607
992236,0.022944024
992237,0.012487949
992238,0.0088964868
992239,0.008987247
992240,0.010146197
992241,0.0362477
992242,0.0069493088
992243,0.0055980007
992244,0.0024176021
992245,0.0086626839
992246,0.014073989
992247,0.0074154125
992248,0.0077823414
992249,0.0076796589
992250,0.010430549
992251,0.017822266
992252,0.010882927
992253,0.0067003835
992254,0.029244713
992255,0.017456774
992256,0.017383531
992257,0.0072445138
992258,0.036940631
992259,0.036502238
992260,0.039617561
992261,0.011741728
992262,0.029291103
992263,0.011105526
992264,0.023517923
992265,0.0072373333
992266,0.0370785
992267,0.014177389
992268,0.010735007
992269,0.0067454618
992270,0.0072631836
992271,0.0071705538
992272,0.0070980298
992273,0.0394402
992274,0.0010956752
992275,0.0073802276
992276,0.007004682
992277,0.019668832
992278,0.0079618562
992279,0.027726477
992280,0.034133732
992281,0.0071454216
992282,0.0070226332
992283,0.013747271
992284,0.0064258175
992285,0.019226404
992286,0.019569496
992287,0.010664637
992288,0.0070879767
992289,0.010577751
992290,0.010640941
992291,0.01020795
992292,0.0062435376
992293,0.0071698357
992294,0.0071849148
992295,0.010661765
992296,0.0094496841
992297,0.032119807
992298,0.014038804
992299,0.0059570312
992300,0.0072150733
992301,0.0070183249
992302,0.006473456
992303,0.027607996
992304,0.008223231
992305,0.022978514
992306,0.020675121
992307,0.0065606665
992308,0.014045984
992309,0.0066636028
992310,0.0075482535
992311,0.013838465
992312,0.013791791
992313,0.030175781
992314,0.0071899416
992315,0.01128935
992316,0.0066168848
992317,0.0021916521
992318,0.0019888156
992319,0.022576544
992320,0.011169434
992321,0.011371926
992322,0.015997546
992323,0.0021394603
992324,0.0087251551
992325,0.0081891883
992326,0.0071159811
992327,0.023634249
992328,0.006982422
992329,0.010434858
992330,0.0070958757
992331,0.010203642
992332,0.0075834384
992333,0.014407169
992334,0.030647548
992335,0.020691637
992336,0.014269302
992337,0.0074132583
992338,0.009296013
992339,0.039265711
992340,0.0083187325
992341,0.010823328
992342,0.037316177
992343,0.011233341
992344,0.0075173769
992345,0.0085937502
992346,0.022789761
992347,0.0088127581
992348,0.007151884
992349,0.010332175
992350,0.013801126
992351,0.010362334
992352,0.0041137999
992353,0.0061759716
992354,0.011478918
992355,0.0072732363
992356,0.008048024
992357,0.0072509767
992358,0.0074800379
992359,0.010581342
992360,0.0072136372
992361,0.0071633733
992362,0.0063177366
992363,0.0075482535
992364,0.007233025
992365,0.010541849
992366,0.015579856
992367,0.017348345
992368,0.012050813
992369,0.023219511
992370,0.010616527
992371,0.0070477654
992372,0.0072423597
992373,0.0072150733
992374,0.007078642
992375,0.013699161
992376,0.0063212207
992377,0.0074348003
992378,0.0082756495
992379,0.010597858
992380,0.014533548
992381,0.036646225
992382,0.039270736
992383,0.010306325
992384,0.0070527918
992385,0.0079503674
992386,0.015148904
992387,0.020762006
992388,0.0071669635
992389,0.007313448
992390,0.0096995635
992391,0.0086231902
992392,0.010788144
992393,0.0176169
992394,0.013564884
992395,0.0071755801
992396,0.00936478
992397,0.007291906
992398,0.0084537286
992399,0.016075224
992400,0.0140625
992401,0.010609346
992402,0.0072229723
992403,0.0072157914
992404,0.010386747
992405,0.0070147347
992406,0.0073299631
992407,0.0073005226
992408,0.014484719
992409,0.010413316
992410,0.024479406
992411,0.0077385399
992412,0.010453527
992413,0.007254567
992414,0.011040901
992415,0.020969525
992416,0.016627485
992417,0.0073823817
992418,0.007291906
992419,0.0074987076
992420,0.023827011
992421,0.0073436066
992422,0.013993566
992423,0.0065515894
992424,0.017352654
992425,0.010754394
992426,0.028970251
992427,0.0071762982
992428,0.010067929
992429,0.016009558
992430,0.014199994
992431,0.01047866
992432,0.025298713
992433,0.0082059968
992434,0.010653866
992435,0.0073988969
992436,0.038790356
992437,0.0081621958
992438,0.0074369544
992439,0.0084458292
992440,0.0071310606
992441,0.0073321173
992442,0.013947611
992443,0.0073342714
992444,0.0074757296
992445,0.013901655
992446,0.012550265
992447,0.026653621
992448,0.013648179
992449,0.0064114607
992450,0.0072208182
992451,0.0073364256
992452,0.014397116
992453,0.032718759
992454,0.01060432
992455,0.0064194622
992456,0.015100202
992457,0.0096880747
992458,0.0075137867
992459,0.0056877583
992460,0.013643871
992461,0.0072287167
992462,0.02053079
992463,0.0071267523
992464,0.017711684
992465,0.0071619372
992466,0.01051528
992467,0.010793888
992468,0.0070879767
992469,0.015365062
992470,0.01204127
992471,0.0081478339
992472,0.010018382
992473,0.0081456797
992474,0.0070578181
992475,0.012832568
992476,0.034363512
992477,0.0085219443
992478,0.010746496
992479,0.010230929
992480,0.028252814
992481,0.0176687
992482,0.019614054
992483,0.0074886545
992484,0.016565777
992485,0.039627615
992486,0.020622702
992487,0.019037813
992488,0.0062306123
992489,0.0021069546
992490,0.007041303
992491,0.013704906
992492,0.0061401366
992493,0.0073895622
992494,0.0058708638
992495,0.01952653
992496,0.014214011
992497,0.036995921
992498,0.010661765
992499,0.018037684
992500,0.0079719098
992501,0.016074559
992502,0.010846307
992503,0.010542567
992504,0.0072423597
992505,0.021065746
992506,0.0026932654
992507,0.017826574
992508,0.014170209
992509,0.0069422103
992510,0.010493739
992511,0.010801069
992512,0.0055725924
992513,0.039717373
992514,0.039280791
992515,0.0014612217
992516,0.017629825
992517,0.030914666
992518,0.034779269
992519,0.026348518
992520,0.024925321
992521,0.0070815142
992522,0.017586024
992523,0.039938536
992524,0.010593549
992525,0.019905211
992526,0.0070836684
992527,0.0081571694
992528,0.026824592
992529,0.0076925838
992530,0.011845847
992531,0.0071770162
992532,0.007210047
992533,0.010386029
992534,0.039768353
992535,0.017209759
992536,0.0065785316
992537,0.013651052
992538,0.0061882148
992539,0.035627786
992540,0.0075252759
992541,0.010638786
992542,0.0059204102
992543,0.0071935318
992544,0.0087696752
992545,0.011960018
992546,0.0062176874
992547,0.014352596
992548,0.0070542279
992549,0.01071921
992550,0.0070298137
992551,0.030384736
992552,0.012041017
992553,0.007115263
992554,0.0080006318
992555,0.0068359375
992556,0.010799632
992557,0.0070743337
992558,0.0067512062
992559,0.012672335
992560,0.010617963
992561,0.011091165
992562,0.0072193821
992563,0.036084123
992564,0.018066376
992565,0.017359834
992566,0.01079317
992567,0.010243854
992568,0.016904583
992569,0.017784208
992570,0.019424651
992571,0.010257496
992572,0.0072509767
992573,0.019853646
992574,0.01027473
992575,0.0074283374
992576,0.010075827
992577,0.010975097
992578,0.020714615
992579,0.0072761085
992580,0.010559082
992581,0.018969726
992582,0.0072495406
992583,0.010454963
992584,0.0070743337
992585,0.021569824
992586,0.013263835
992587,0.0070211971
992588,0.0078196805
992589,0.0079367245
992590,0.0073838178
992591,0.008767521
992592,0.0079403147
992593,0.01913129
992594,0.0095911361
992595,0.0070592542
992596,0.020154526
992597,0.013490924
992598,0.009911906
992599,0.020814659
992600,0.0096688522
992601,0.0070240693
992602,0.0071023381
992603,0.0068991268
992604,0.0070549459
992605,0.026027691
992606,0.019786419
992607,0.011193847
992608,0.010842716
992609,0.0072847256
992610,0.0070441752
992611,0.0066511529
992612,0.010923139
992613,0.010025447
992614,0.013885858
992615,0.0079898611
992616,0.0080982884
992617,0.039728861
992618,0.0075087603
992619,0.0065917969
992620,0.010896571
992621,0.012507442
992622,0.020273007
992623,0.015846515
992624,0.030723661
992625,0.029738231
992626,0.017247079
992627,0.0061710132
992628,0.010673254
992629,0.019069657
992630,0.010039206
992631,0.0081916358
992632,0.017319623
992633,0.0075137867
992634,0.024373852
992635,0.0086684283
992636,0.010575597
992637,0.010753676
992638,0.0079474952
992639,0.010774501
992640,0.0094733741
992641,0.0076502184
992642,0.0073098578
992643,0.010951143
992644,0.014226936
992645,0.0071626552
992646,0.026359288
992647,0.0072380514
992648,0.0073019587
992649,0.010141263
992650,0.0073120119
992651,0.0074355183
992652,0.013821231
992653,0.017130055
992654,0.0071245977
992655,0.007100184
992656,0.017378503
992657,0.0087316176
992658,0.014876063
992659,0.014453843
992660,0.023701029
992661,0.029808367
992662,0.017367734
992663,0.023018153
992664,0.017491957
992665,0.006652114
992666,0.0069529815
992667,0.017743278
992668,0.010650275
992669,0.013926068
992670,0.0028027459
992671,0.026017614
992672,0.007151884
992673,0.016717888
992674,0.014333209
992675,0.0071813245
992676,0.0057967422
992677,0.0071475757
992678,0.014005055
992679,0.010454963
992680,0.023792939
992681,0.013284709
992682,0.014160874
992683,0.010317096
992684,0.0072265626
992685,0.030412024
992686,0.0077679805
992687,0.010272576
992688,0.020305319
992689,0.010849179
992690,0.039550781
992691,0.01187842
992692,0.0072229723
992693,0.017198989
992694,0.013184478
992695,0.017418716
992696,0.019060202
992697,0.011094111
992698,0.012133789
992699,0.0074628047
992700,0.0073012407
992701,0.031021273
992702,0.014402143
992703,0.014246323
992704,0.010562672
992705,0.0072581572
992706,0.0068818936
992707,0.0072114831
992708,0.0077213063
992709,0.020691637
992710,0.014221909
992711,0.039294433
992712,0.010919549
992713,0.00736443
992714,0.007100184
992715,0.016547194
992716,0.017164523
992717,0.0071870694
992718,0.0069558537
992719,0.0092141544
992720,0.010331457
992721,0.0073615578
992722,0.020400103
992723,0.030310767
992724,0.0077579273
992725,0.0069809859
992726,0.010887235
992727,0.0061013615
992728,0.028034722
992729,0.0092723174
992730,0.016520089
992731,0.0072308709
992732,0.010397518
992733,0.012446864
992734,0.013419836
992735,0.006887638
992736,0.039621871
992737,0.022966452
992738,0.01074865
992739,0.01071921
992740,0.019186581
992741,0.019008115
992742,0.010785271
992743,0.033707205
992744,0.0079058483
992745,0.020858226
992746,0.0072086109
992747,0.014522777
992748,0.0060317097
992749,0.02315243
992750,0.010271139
992751,0.010582778
992752,0.01947083
992753,0.016800465
992754,0.0160027
992755,0.026872702
992756,0.010237803
992757,0.0052820542
992758,0.017348345
992759,0.020535098
992760,0.011997358
992761,0.010757985
992762,0.011344641
992763,0.027000517
992764,0.010737161
992765,0.0070772059
992766,0.010525333
992767,0.01384421
992768,0.0076789409
992769,0.016130311
992770,0.010689769
992771,0.022897169
992772,0.020936495
992773,0.009809427
992774,0.017670037
992775,0.020456113
992776,0.0069149244
992777,0.0071748621
992778,0.021885052
992779,0.027287023
992780,0.013717831
992781,0.010621553
992782,0.014023007
992783,0.0070800781
992784,0.0074046417
992785,0.0076013901
992786,0.0080595128
992787,0.0078922044
992788,0.0067612594
992789,0.013926786
992790,0.012796593
992791,0.006147366
992792,0.024161305
992793,0.012516649
992794,0.012606991
992795,0.019683477
992796,0.0069048712
992797,0.0070657171
992798,0.007217946
992799,0.011045209
992800,0.0095895464
992801,0.0069996552
992802,0.014832261
992803,0.010358025
992804,0.010692641
992805,0.011242676
992806,0.013661104
992807,0.010581342
992808,0.014125689
992809,0.012922963
992810,0.013798254
992811,0.0072969324
992812,0.006602278
992813,0.0070204791
992814,0.0072861616
992815,0.014163028
992816,0.014123535
992817,0.012442555
992818,0.017153751
992819,0.012172564
992820,0.0071231616
992821,0.013427734
992822,0.0068847658
992823,0.010531796
992824,0.0072603114
992825,0.014154412
992826,0.0073357075
992827,0.011295094
992828,0.0074491613
992829,0.011470301
992830,0.021124627
992831,0.010801787
992832,0.0070384308
992833,0.028961327
992834,0.017439539
992835,0.0099104857
992836,0.013797536
992837,0.0072157914
992838,0.004939321
992839,0.011259191
992840,0.0093800267
992841,0.0071238796
992842,0.017085535
992843,0.032485746
992844,0.0021573079
992845,0.010253906
992846,0.0074786018
992847,0.0074527515
992848,0.0075640511
992849,0.0073091397
992850,0.01323092
992851,0.0065755895
992852,0.039119944
992853,0.0073005226
992854,0.012301055
992855,0.010576315
992856,0.0071238796
992857,0.009557277
992858,0.0088206576
992859,0.017099179
992860,0.027135512
992861,0.0069508273
992862,0.0095648644
992863,0.018410357
992864,0.017816521
992865,0.010271139
992866,0.011191693
992867,0.0068739946
992868,0.014154412
992869,0.01247997
992870,0.0070269415
992871,0.0019011195
992872,0.0070362766
992873,0.016046595
992874,0.016814826
992875,0.0071159811
992876,0.020198328
992877,0.0044746879
992878,0.0072150733
992879,0.0020531171
992880,0.0068933824
992881,0.010520306
992882,0.0092385681
992883,0.011702235
992884,0.018508732
992885,0.007541073
992886,0.020837696
992887,0.0068337834
992888,0.0072129192
992889,0.010645967
992890,0.0078031654
992891,0.014889706
992892,0.010349409
992893,0.039048858
992894,0.0071016201
992895,0.016796876
992896,0.0071231616
992897,0.010345099
992898,0.0101821
992899,0.0065602022
992900,0.0073529412
992901,0.0072933421
992902,0.029058265
992903,0.0099530388
992904,0.017464671
992905,0.032218665
992906,0.0064947475
992907,0.0067626955
992908,0.037180465
992909,0.0073306812
992910,0.0075942096
992911,0.0071116728
992912,0.0071576289
992913,0.03938419
992914,0.010399672
992915,0.0069852942
992916,0.0062614656
992917,0.017092716
992918,0.010396082
992919,0.010612937
992920,0.01014337
992921,0.013737218
992922,0.014582376
992923,0.008341711
992924,0.017334703
992925,0.010666073
992926,0.0075647691
992927,0.021647498
992928,0.0075224033
992929,0.010638786
992930,0.0062475614
992931,0.0072244084
992932,0.0068452721
992933,0.013840619
992934,0.015148654
992935,0.010732135
992936,0.0069558537
992937,0.0095961904
992938,0.0072265626
992939,0.01017851
992940,0.0071389591
992941,0.0276956
992942,0.021691177
992943,0.010756548
992944,0.015719784
992945,0.013697725
992946,0.0068474263
992947,0.010868566
992948,0.020824477
992949,0.017225558
992950,0.01342199
992951,0.01081543
992952,0.0071978401
992953,0.020405848
992954,0.0096155535
992955,0.012936733
992956,0.03669421
992957,0.0081475005
992958,0.011902574
992959,0.011086857
992960,0.010631606
992961,0.0068258848
992962,0.005837115
992963,0.010397518
992964,0.016562069
992965,0.0079963235
992966,0.005646111
992967,0.011201747
992968,0.016247977
992969,0.017535759
992970,0.010523897
992971,0.01169649
992972,0.016007008
992973,0.016938332
992974,0.01083769
992975,0.0072610294
992976,0.005991498
992977,0.0071949679
992978,0.0068840478
992979,0.010770191
992980,0.0073608398
992981,0.010697667
992982,0.007033404
992983,0.020763442
992984,0.0071820426
992985,0.016983571
992986,0.031690888
992987,0.017252844
992988,0.019863354
992989,0.010477223
992990,0.007732077
992991,0.013984231
992992,0.013557703
992993,0.013592889
992994,0.013949765
992995,0.037179746
992996,0.0069989371
992997,0.0071949679
992998,0.010960478
992999,0.013986385
993000,0.0072746724
993001,0.011655561
993002,0.0065529761
993003,0.0061919042
993004,0.0071116728
993005,0.011797018
993006,0.021635167
993007,0.006208993
993008,0.011702235
993009,0.013898064
993010,0.039799232
993011,0.007372329
993012,0.013875086
993013,0.017796416
993014,0.007151166
993015,0.0024774582
993016,0.008165068
993017,0.022484718
993018,0.0070154527
993019,0.0073909983
993020,0.0069077434
993021,0.0073342714
993022,0.0059010223
993023,0.01709128
993024,0.0066585764
993025,0.014053165
993026,0.034154557
993027,0.0090260226
993028,0.0071683996
993029,0.01013399
993030,0.0025556432
993031,0.0070384308
993032,0.0071289064
993033,0.0069450829
993034,0.0073802276
993035,0.014682905
993036,0.0071238796
993037,0.013521801
993038,0.0068826117
993039,0.0092012295
993040,0.010609346
993041,0.010477941
993042,0.0073184744
993043,0.007210047
993044,0.010757985
993045,0.03800695
993046,0.0072840075
993047,0.026135972
993048,0.0071231616
993049,0.011376235
993050,0.01327617
993051,0.006322972
993052,0.007092285
993053,0.006189683
993054,0.010461425
993055,0.039568014
993056,0.02086756
993057,0.0070772059
993058,0.0094094668
993059,0.0073206285
993060,0.0083065256
993061,0.0071770162
993062,0.010847025
993063,0.007400333
993064,0.017555147
993065,0.010548311
993066,0.026327934
993067,0.013961254
993068,0.02433005
993069,0.032528322
993070,0.0076753506
993071,0.01148179
993072,0.0093182735
993073,0.010495893
993074,0.0062514362
993075,0.0076868394
993076,0.0067095589
993077,0.024442067
993078,0.0070994659
993079,0.019714104
993080,0.014397116
993081,0.017428769
993082,0.039631203
993083,0.013580682
993084,0.010492302
993085,0.0069285673
993086,0.010271139
993087,0.0061920858
993088,0.023713235
993089,0.03968434
993090,0.018390235
993091,0.0073112939
993092,0.0071382411
993093,0.0070075542
993094,0.024119603
993095,0.0063447841
993096,0.0066325292
993097,0.0069623161
993098,0.020704562
993099,0.0067734662
993100,0.0071138269
993101,0.039493337
993102,0.0073091397
993103,0.017796416
993104,0.012673771
993105,0.0071396772
993106,0.018108772
993107,0.014365521
993108,0.006828757
993109,0.010477941
993110,0.026264437
993111,0.0073694563
993112,0.023795094
993113,0.01053395
993114,0.0096399644
993115,0.010780963
993116,0.0071920957
993117,0.0055721509
993118,0.017150879
993119,0.010836254
993120,0.0073414524
993121,0.020484835
993122,0.0070851045
993123,0.01074506
993124,0.021855943
993125,0.023086201
993126,0.0069687786
993127,0.0010451025
993128,0.0161657
993129,0.0072380514
993130,0.0067741843
993131,0.010350127
993132,0.010655303
993133,0.0072409236
993134,0.017323932
993135,0.010900879
993136,0.010574879
993137,0.013984949
993138,0.025751092
993139,0.0024217512
993140,0.0071166991
993141,0.011454504
993142,0.017371323
993143,0.017018037
993144,0.010373104
993145,0.014101993
993146,0.010910214
993147,0.0069867303
993148,0.007077924
993149,0.0071920957
993150,0.010538259
993151,0.039579503
993152,0.0065982593
993153,0.030550608
993154,0.0074843462
993155,0.03990335
993156,0.013706342
993157,0.016758099
993158,0.014063936
993159,0.011098346
993160,0.0071468577
993161,0.037805893
993162,0.017318904
993163,0.0068718405
993164,0.023995433
993165,0.0071605011
993166,0.0073184744
993167,0.0094669117
993168,0.014104865
993169,0.0080099665
993170,0.020773495
993171,0.0065447935
993172,0.033464499
993173,0.013511029
993174,0.017428769
993175,0.008180147
993176,0.0077263326
993177,0.014068244
993178,0.010653866
993179,0.0074742935
993180,0.032474294
993181,0.029423254
993182,0.010596422
993183,0.021599265
993184,0.018359374
993185,0.010422651
993186,0.0066901711
993187,0.0067985984
993188,0.015800925
993189,0.01428079
993190,0.0073766373
993191,0.029051216
993192,0.0068596336
993193,0.0072028665
993194,0.02770637
993195,0.010499483
993196,0.0054271026
993197,0.010573443
993198,0.0062966738
993199,0.0073306812
993200,0.0073515051
993201,0.013427016
993202,0.011702235
993203,0.014592429
993204,0.0072043026
993205,0.007100184
993206,0.0074635227
993207,0.011103372
993208,0.01361443
993209,0.0070247874
993210,0.01238511
993211,0.0064235255
993212,0.010722082
993213,0.025178658
993214,0.0073098578
993215,0.039914839
993216,0.0072861616
993217,0.016882325
993218,0.0080681294
993219,0.0071648094
993220,0.033194508
993221,0.013839183
993222,0.033690687
993223,0.0075482535
993224,0.0063189338
993225,0.011117733
993226,0.0070427391
993227,0.011094037
993228,0.007444853
993229,0.02089772
993230,0.020694509
993231,0.014020135
993232,0.0079977596
993233,0.0075934916
993234,0.010410444
993235,0.0089096967
993236,0.011579601
993237,0.010312069
993238,0.0073069851
993239,0.014211857
993240,0.013846364
993241,0.0020959862
993242,0.0069206688
993243,0.0078828698
993244,0.0071849148
993245,0.0070585362
993246,0.0065831803
993247,0.011311609
993248,0.0078527117
993249,0.0073270909
993250,0.014023007
993251,0.0070168888
993252,0.006289863
993253,0.028030934
993254,0.0076789409
993255,0.013922478
993256,0.011657445
993257,0.0074060778
993258,0.0036310693
993259,0.0071691177
993260,0.024063649
993261,0.010477941
993262,0.016948385
993263,0.0073579676
993264,0.010392492
993265,0.0069422103
993266,0.007100184
993267,0.0072825714
993268,0.036328126
993269,0.019300666
993270,0.010617245
993271,0.010798196
993272,0.0059512868
993273,0.014235552
993274,0.03371295
993275,0.0069443649
993276,0.0072437958
993277,0.0072904699
993278,0.0069508273
993279,0.010687615
993280,0.033052597
993281,0.00736443
993282,0.017575253
993283,0.010689051
993284,0.036086898
993285,0.0071920957
993286,0.01384421
993287,0.0067856731
993288,0.0070377127
993289,0.0070527918
993290,0.01361443
993291,0.039924175
993292,0.020968089
993293,0.021511095
993294,0.0076064165
993295,0.0072610294
993296,0.017048197
993297,0.037396599
993298,0.0092780618
993299,0.0072265626
993300,0.013068629
993301,0.016431972
993302,0.014056037
993303,0.0070994659
993304,0.013772404
993305,0.013556985
993306,0.010472915
993307,0.0076121609
993308,0.008326631
993309,0.027214499
993310,0.020772059
993311,0.03929228
993312,0.0073816637
993313,0.010807531
993314,0.018821085
993315,0.027564194
993316,0.0070434571
993317,0.0068933824
993318,0.0096644275
993319,0.0078370664
993320,0.0068610697
993321,0.017444566
993322,0.013993566
993323,0.0074477252
993324,0.0073471968
993325,0.0073809456
993326,0.01083769
993327,0.010342945
993328,0.0081341909
993329,0.018175552
993330,0.036266711
993331,0.039590992
993332,0.039789896
993333,0.0064690085
993334,0.0069048712
993335,0.0071583469
993336,0.0084996838
993337,0.0062097884
993338,0.013977051
993339,0.010503791
993340,0.0071353689
993341,0.0073141661
993342,0.0071533201
993343,0.010631606
993344,0.010538977
993345,0.010594267
993346,0.020461857
993347,0.0076243682
993348,0.0174101
993349,0.0076293945
993350,0.007291188
993351,0.0065946691
993352,0.038706344
993353,0.031954419
993354,0.0068531712
993355,0.0073414524
993356,0.014234834
993357,0.021778546
993358,0.013738655
993359,0.0069393381
993360,0.0070233513
993361,0.033994429
993362,0.039374139
993363,0.0073148841
993364,0.0060008331
993365,0.0069745234
993366,0.011923397
993367,0.0066903667
993368,0.0077076633
993369,0.028265741
993370,0.0066822725
993371,0.024093807
993372,0.017247817
993373,0.0072811353
993374,0.039886117
993375,0.017682243
993376,0.02576636
993377,0.0070872586
993378,0.0071116728
993379,0.020500632
993380,0.0096966913
993381,0.01415872
993382,0.0079273898
993383,0.013765223
993384,0.010639505
993385,0.0074118222
993386,0.010850615
993387,0.0081183938
993388,0.0073988969
993389,0.010710592
993390,0.017267922
993391,0.017233456
993392,0.010716338
993393,0.015664494
993394,0.017233456
993395,0.0072883158
993396,0.0071310606
993397,0.0055228462
993398,0.0070168888
993399,0.0069838581
993400,0.0095940083
993401,0.0077026365
993402,0.014182416
993403,0.017543659
993404,0.0074707032
993405,0.0072366153
993406,0.030618824
993407,0.0094619999
993408,0.012841769
993409,0.014981617
993410,0.016121954
993411,0.0078469673
993412,0.0059729018
993413,0.013915298
993414,0.019102164
993415,0.009815379
993416,0.010619399
993417,0.0073213466
993418,0.020724667
993419,0.010750086
993420,0.016283147
993421,0.0073364256
993422,0.026497157
993423,0.0081492709
993424,0.007291188
993425,0.024023438
993426,0.010551183
993427,0.030677706
993428,0.0070628445
993429,0.0068754307
993430,0.0065869419
993431,0.015689626
993432,0.010485122
993433,0.010654585
993434,0.009707462
993435,0.016493136
993436,0.0099063646
993437,0.0073816637
993438,0.014146513
993439,0.016487153
993440,0.027688419
993441,0.015489287
993442,0.007210047
993443,0.0074254652
993444,0.010479378
993445,0.010399672
993446,0.010573443
993447,0.027299948
993448,0.0066291243
993449,0.0041209273
993450,0.0061665121
993451,0.017210478
993452,0.017178165
993453,0.020018095
993454,0.0068969727
993455,0.0072258445
993456,0.0064212279
993457,0.012505027
993458,0.0062794406
993459,0.0074958354
993460,0.0069960649
993461,0.0064185048
993462,0.0067950082
993463,0.010495175
993464,0.011447046
993465,0.024824275
993466,0.0073874081
993467,0.017833754
993468,0.030819163
993469,0.020648552
993470,0.012761374
993471,0.0096284756
993472,0.0074139764
993473,0.0031845339
993474,0.039372701
993475,0.0074462891
993476,0.0069206688
993477,0.0068933824
993478,0.017454095
993479,0.0066054398
993480,0.009632417
993481,0.013524693
993482,0.0072516948
993483,0.016088149
993484,0.02690286
993485,0.020695226
993486,0.013997156
993487,0.018590871
993488,0.0072725182
993489,0.0018719144
993490,0.039533548
993491,0.0087036137
993492,0.007422593
993493,0.0073184744
993494,0.013913143
993495,0.0069048712
993496,0.013582118
993497,0.0086634019
993498,0.0072057387
993499,0.0070750518
993500,0.013100947
993501,0.010286219
993502,0.017786363
993503,0.007115263
993504,0.022030992
993505,0.033046223
993506,0.040579043
993507,0.0073385797
993508,0.010255342
993509,0.007210765
993510,0.017049633
993511,0.0094145201
993512,0.025367647
993513,0.013986385
993514,0.0096870651
993515,0.0079403147
993516,0.010817584
993517,0.0066242609
993518,0.0070843864
993519,0.012151022
993520,0.02354449
993521,0.037189797
993522,0.0087732654
993523,0.0090346392
993524,0.0073120119
993525,0.0072883158
993526,0.0076983282
993527,0.007159783
993528,0.016978545
993529,0.0071030562
993530,0.0069565717
993531,0.007467831
993532,0.020115752
993533,0.018434772
993534,0.013476563
993535,0.0072560031
993536,0.010890108
993537,0.025271446
993538,0.012650792
993539,0.013683364
993540,0.01738712
993541,0.0097561646
993542,0.010725672
993543,0.007115263
993544,0.0072201001
993545,0.0035958835
993546,0.0067691579
993547,0.014015826
993548,0.0072732363
993549,0.021725643
993550,0.013335687
993551,0.014041676
993552,0.013645307
993553,0.010294836
993554,0.0096414005
993555,0.0068711224
993556,0.013903091
993557,0.013987822
993558,0.010581342
993559,0.037660845
993560,0.0075389189
993561,0.0071770162
993562,0.026115675
993563,0.0077335131
993564,0.01361802
993565,0.0081717791
993566,0.0072165094
993567,0.017084099
993568,0.036696024
993569,0.0072933421
993570,0.010402544
993571,0.014045266
993572,0.010948271
993573,0.0071317786
993574,0.011661305
993575,0.0078871781
993576,0.010662483
993577,0.007444853
993578,0.01350644
993579,0.015778881
993580,0.010595703
993581,0.015571145
993582,0.0073565315
993583,0.0072825714
993584,0.0071698357
993585,0.0072143553
993586,0.0072452319
993587,0.0069070254
993588,0.0081988163
993589,0.020880487
993590,0.0081571694
993591,0.0066755353
993592,0.0074247471
993593,0.010830509
993594,0.017183192
993595,0.029146001
993596,0.007371611
993597,0.0066786376
993598,0.0073845359
993599,0.018281825
993600,0.0072861616
993601,0.014096967
993602,0.0071827606
993603,0.032373048
993604,0.017865349
993605,0.010309197
993606,0.0073005226
993607,0.010470043
993608,0.010743624
993609,0.0080587948
993610,0.010471479
993611,0.017235611
993612,0.0066241096
993613,0.0065156827
993614,0.013074448
993615,0.020751234
993616,0.0077342312
993617,0.018110208
993618,0.021276137
993619,0.010213695
993620,0.020309681
993621,0.036712289
993622,0.0071806065
993623,0.010312069
993624,0.0072495406
993625,0.0073220646
993626,0.013811897
993627,0.0086713005
993628,0.01071131
993629,0.02642037
993630,0.0080537684
993631,0.0069278493
993632,0.0076071345
993633,0.014123535
993634,0.0099028619
993635,0.010181382
993636,0.0074750115
993637,0.0092856502
993638,0.017935719
993639,0.0073421705
993640,0.010523897
993641,0.010373104
993642,0.039161593
993643,0.0060482249
993644,0.0064824629
993645,0.0073759193
993646,0.0074699852
993647,0.014005055
993648,0.010500919
993649,0.0074728574
993650,0.010466452
993651,0.010916676
993652,0.014188878
993653,0.013196288
993654,0.0072495406
993655,0.014387784
993656,0.023323329
993657,0.010398954
993658,0.0070362766
993659,0.013333637
993660,0.031543259
993661,0.0073364256
993662,0.017348345
993663,0.011137838
993664,0.010516716
993665,0.0072983685
993666,0.027283434
993667,0.010745778
993668,0.011540671
993669,0.015656594
993670,0.0073773554
993671,0.0072682099
993672,0.010258933
993673,0.0078290151
993674,0.010546875
993675,0.0077686985
993676,0.0071030562
993677,0.0095329732
993678,0.016762407
993679,0.014042394
993680,0.0027526831
993681,0.0062291762
993682,0.017497702
993683,0.011093319
993684,0.020379998
993685,0.0066758026
993686,0.015923712
993687,0.023348719
993688,0.013970588
993689,0.026089694
993690,0.010994945
993691,0.011512667
993692,0.013798972
993693,0.010477941
993694,0.02378935
993695,0.0072064567
993696,0.027778896
993697,0.023759192
993698,0.0069551356
993699,0.0068145334
993700,0.015019675
993701,0.021041332
993702,0.0071928138
993703,0.011560776
993704,0.011684283
993705,0.017372759
993706,0.0098704621
993707,0.007092285
993708,0.0064962949
993709,0.01071921
993710,0.026925121
993711,0.030259794
993712,0.022612453
993713,0.006585849
993714,0.0019426341
993715,0.0068628723
993716,0.007042021
993717,0.024098834
993718,0.035878159
993719,0.007658117
993720,0.010164867
993721,0.0073184744
993722,0.017283002
993723,0.018201131
993724,0.010320686
993725,0.0071461396
993726,0.0077270507
993727,0.0062354803
993728,0.0064466535
993729,0.0062440643
993730,0.038833439
993731,0.0064919866
993732,0.010983456
993733,0.0072308709
993734,0.020553768
993735,0.0075784121
993736,0.010622271
993737,0.010747932
993738,0.0080832085
993739,0.017173139
993740,0.017451027
993741,0.014097685
993742,0.023346307
993743,0.0074269013
993744,0.025080394
993745,0.039005056
993746,0.027397605
993747,0.010472915
993748,0.0021852124
993749,0.017486213
993750,0.0057528163
993751,0.0072610294
993752,0.013924632
993753,0.01658969
993754,0.013936121
993755,0.0079855528
993756,0.039438765
993757,0.010443474
993758,0.0072251265
993759,0.01048943
993760,0.010699822
993761,0.0069206688
993762,0.010304889
993763,0.012101476
993764,0.019856172
993765,0.011054544
993766,0.015417794
993767,0.0070621264
993768,0.013824822
993769,0.0080221733
993770,0.021141142
993771,0.026803769
993772,0.0072021484
993773,0.0071346508
993774,0.008032945
993775,0.0073680202
993776,0.011753935
993777,0.003637892
993778,0.016925408
993779,0.0070721796
993780,0.0069321576
993781,0.014320284
993782,0.03741483
993783,0.013664695
993784,0.0072725182
993785,0.0070542279
993786,0.011547133
993787,0.0076868394
993788,0.0070664352
993789,0.0068614483
993790,0.013947611
993791,0.017079791
993792,0.011216826
993793,0.0094893035
993794,0.0064852512
993795,0.0071037742
993796,0.010525333
993797,0.01048225
993798,0.012168974
993799,0.0092764711
993800,0.0078376317
993801,0.0061279298
993802,0.019688351
993803,0.010433421
993804,0.01044491
993805,0.0068919463
993806,0.025511976
993807,0.013108244
993808,0.0076387292
993809,0.017258588
993810,0.017321777
993811,0.010541849
993812,0.0139591
993813,0.010548311
993814,0.013933249
993815,0.014512061
993816,0.017483341
993817,0.021989677
993818,0.010584932
993819,0.010910214
993820,0.0065476727
993821,0.020614803
993822,0.0076631433
993823,0.0087617766
993824,0.0076286765
993825,0.0072538489
993826,0.0069429288
993827,0.0072035845
993828,0.037201144
993829,0.022968786
993830,0.010358025
993831,0.0070685893
993832,0.0072416416
993833,0.01399572
993834,0.010793888
993835,0.0061962963
993836,0.03062026
993837,0.011284323
993838,0.027686264
993839,0.0069694966
993840,0.0068969727
993841,0.0071999943
993842,0.0073414524
993843,0.017051786
993844,0.0071712718
993845,0.020676557
993846,0.01059714
993847,0.032020628
993848,0.024482938
993849,0.0071841967
993850,0.006828757
993851,0.01415513
993852,0.0072035845
993853,0.019679463
993854,0.010794606
993855,0.0076322667
993856,0.012546674
993857,0.01392176
993858,0.007092285
993859,0.010880055
993860,0.0061559342
993861,0.010654585
993862,0.0072315889
993863,0.0060891546
993864,0.0076559628
993865,0.010370232
993866,0.011144302
993867,0.0059082033
993868,0.0072402055
993869,0.0077636717
993870,0.0080494601
993871,0.029003188
993872,0.0064223344
993873,0.0074175666
993874,0.039471075
993875,0.012050494
993876,0.020451086
993877,0.0068818936
993878,0.0072962143
993879,0.012371467
993880,0.019096496
993881,0.007100184
993882,0.0071181352
993883,0.0072229723
993884,0.030813418
993885,0.0073249368
993886,0.02046473
993887,0.010460707
993888,0.011816201
993889,0.017027372
993890,0.010220157
993891,0.0070219152
993892,0.016199449
993893,0.039590992
993894,0.0095790504
993895,0.017462518
993896,0.0063597844
993897,0.01082261
993898,0.014046703
993899,0.010368078
993900,0.0074218749
993901,0.0073033948
993902,0.01811308
993903,0.018306239
993904,0.01396269
993905,0.016327981
993906,0.010808967
993907,0.0068151136
993908,0.0071920957
993909,0.029582608
993910,0.016646082
993911,0.022174647
993912,0.0093678189
993913,0.010914522
993914,0.0071920957
993915,0.017928539
993916,0.035110522
993917,0.010517434
993918,0.02077565
993919,0.0072344611
993920,0.017474724
993921,0.013663976
993922,0.0074362364
993923,0.012641458
993924,0.039657053
993925,0.014305204
993926,0.0069163605
993927,0.0070664352
993928,0.010765165
993929,0.010329302
993930,0.0024333922
993931,0.01071921
993932,0.013845646
993933,0.0094597312
993934,0.0079273898
993935,0.023897059
993936,0.023790067
993937,0.013854262
993938,0.014263557
993939,0.0074290554
993940,0.039636947
993941,0.017204734
993942,0.013678337
993943,0.013331134
993944,0.039705884
993945,0.013888088
993946,0.010868566
993947,0.0066166651
993948,0.010673254
993949,0.0069055893
993950,0.0072150733
993951,0.0082691861
993952,0.010426241
993953,0.01353688
993954,0.01539689
993955,0.0070233513
993956,0.010758703
993957,0.014026597
993958,0.0079963235
993959,0.014096967
993960,0.0095044831
993961,0.01372932
993962,0.010605756
993963,0.0029225582
993964,0.0071798884
993965,0.016166417
993966,0.023130888
993967,0.011316636
993968,0.0066801184
993969,0.010632324
993970,0.01288776
993971,0.0082411822
993972,0.0073802276
993973,0.027297076
993974,0.010410444
993975,0.0021332896
993976,0.0074190027
993977,0.0062184674
993978,0.018681066
993979,0.0074750115
993980,0.0078311693
993981,0.016808365
993982,0.006996783
993983,0.010890826
993984,0.030816291
993985,0.0072567211
993986,0.010586368
993987,0.0063799955
993988,0.0076495004
993989,0.021047793
993990,0.0073077031
993991,0.026091453
993992,0.010618681
993993,0.010928883
993994,0.0070542279
993995,0.022891775
993996,0.0061251111
993997,0.0073335534
993998,0.010895853
993999,0.0092146341
994000,0.010888672
994001,0.013565459
994002,0.023924345
994003,0.0072631836
994004,0.0068143955
994005,0.013534008
994006,0.0071949679
994007,0.01103013
994008,0.010962632
994009,0.016622482
994010,0.0074563418
994011,0.017983111
994012,0.0064747529
994013,0.013932531
994014,0.012204159
994015,0.010891544
994016,0.0086713005
994017,0.0073486329
994018,0.0078282971
994019,0.020711023
994020,0.019351289
994021,0.017566636
994022,0.014007928
994023,0.019106897
994024,0.0081384219
994025,0.010409008
994026,0.010733571
994027,0.039471075
994028,0.028326418
994029,0.013804716
994030,0.0070527918
994031,0.0079273898
994032,0.0060215369
994033,0.0060426476
994034,0.02463307
994035,0.0072301528
994036,0.0085722078
994037,0.011664895
994038,0.0075870291
994039,0.020580336
994040,0.0072847256
994041,0.0023991552
994042,0.039257813
994043,0.0065253242
994044,0.00630537
994045,0.0064524929
994046,0.0071131089
994047,0.010519588
994048,0.0084985737
994049,0.0072617475
994050,0.0061415727
994051,0.030422794
994052,0.010622271
994053,0.007100902
994054,0.009475952
994055,0.011090447
994056,0.014487592
994057,0.0074039237
994058,0.0084329043
994059,0.0083251949
994060,0.0074405447
994061,0.010469325
994062,0.017693015
994063,0.010770191
994064,0.027829159
994065,0.0065155737
994066,0.010332175
994067,0.0072617475
994068,0.0067540784
994069,0.0064772717
994070,0.0071066464
994071,0.010691923
994072,0.031496625
994073,0.021248851
994074,0.0020705357
994075,0.0070693074
994076,0.0071576289
994077,0.027225828
994078,0.01058924
994079,0.0070434571
994080,0.011902574
994081,0.0071461396
994082,0.030030016
994083,0.028759766
994084,0.013538316
994085,0.0070772059
994086,0.018448185
994087,0.039212573
994088,0.013924632
994089,0.031586051
994090,0.010685461
994091,0.010440602
994092,0.03214255
994093,0.01071131
994094,0.0063234698
994095,0.007798139
994096,0.022776455
994097,0.011470301
994098,0.010158404
994099,0.014583094
994100,0.0072114831
994101,0.026334874
994102,0.011015768
994103,0.025022978
994104,0.010354435
994105,0.015418199
994106,0.034888197
994107,0.027253274
994108,0.0077923941
994109,0.0069888844
994110,0.0070441752
994111,0.0076861214
994112,0.0097024357
994113,0.016989315
994114,0.0072150733
994115,0.0087759681
994116,0.0083711511
994117,0.010505945
994118,0.010736443
994119,0.023661535
994120,0.020479808
994121,0.0071648094
994122,0.013597197
994123,0.007422593
994124,0.03559266
994125,0.019679965
994126,0.010354435
994127,0.033916734
994128,0.039774816
994129,0.014028033
994130,0.020329734
994131,0.018226534
994132,0.0072840075
994133,0.0073759193
994134,0.0021431986
994135,0.010664637
994136,0.013879557
994137,0.013666131
994138,0.0072387694
994139,0.010843434
994140,0.006856523
994141,0.007841222
994142,0.0072165094
994143,0.024494486
994144,0.0061428486
994145,0.011203901
994146,0.0058435774
994147,0.011103372
994148,0.0074132583
994149,0.0073098578
994150,0.010324276
994151,0.0072646197
994152,0.018440517
994153,0.010376695
994154,0.023920037
994155,0.0070125805
994156,0.016962029
994157,0.0088465074
994158,0.01157509
994159,0.023713235
994160,0.0096815079
994161,0.024399702
994162,0.020186121
994163,0.0062521542
994164,0.0073888442
994165,0.0072495406
994166,0.024943274
994167,0.0086210361
994168,0.010500919
994169,0.010536104
994170,0.0086124195
994171,0.013641717
994172,0.0072308709
994173,0.011592371
994174,0.022153607
994175,0.017395739
994176,0.039855238
994177,0.03347886
994178,0.0074261832
994179,0.007313448
994180,0.0072998046
994181,0.015871529
994182,0.017369887
994183,0.007136805
994184,0.022531578
994185,0.010653866
994186,0.013038729
994187,0.015330595
994188,0.021013327
994189,0.0097886026
994190,0.024244601
994191,0.019149959
994192,0.013286277
994193,0.007174144
994194,0.017536478
994195,0.010943962
994196,0.0070154527
994197,0.010775937
994198,0.027641745
994199,0.039303768
994200,0.0080307908
994201,0.010542567
994202,0.0072165094
994203,0.0087854723
994204,0.027600816
994205,0.010775937
994206,0.013054343
994207,0.0096949991
994208,0.0072574392
994209,0.010629452
994210,0.0074470071
994211,0.014080452
994212,0.010046119
994213,0.007137523
994214,0.0072883158
994215,0.011777032
994216,0.013907399
994217,0.0070678713
994218,0.013620174
994219,0.0080537684
994220,0.017085535
994221,0.01762215
994222,0.0072150733
994223,0.020326143
994224,0.022405647
994225,0.011595244
994226,0.016862219
994227,0.010235237
994228,0.0072847256
994229,0.0071231616
994230,0.013983513
994231,0.010750086
994232,0.010378849
994233,0.006050379
994234,0.007372329
994235,0.0073069851
994236,0.013752297
994237,0.02386331
994238,0.01568819
994239,0.0061164405
994240,0.0067648496
994241,0.0094647575
994242,0.0076401653
994243,0.0072495406
994244,0.031177476
994245,0.01372932
994246,0.0078491215
994247,0.010880055
994248,0.017374914
994249,0.007210047
994250,0.011240521
994251,0.010615809
994252,0.016891658
994253,0.014105584
994254,0.023161765
994255,0.014085478
994256,0.015214269
994257,0.025985939
994258,0.010379567
994259,0.0070377127
994260,0.0072789812
994261,0.013829849
994262,0.014198214
994263,0.0073479149
994264,0.020201918
994265,0.0063332953
994266,0.0077126897
994267,0.0063914577
994268,0.006502036
994269,0.010262619
994270,0.010721364
994271,0.0069163605
994272,0.015001997
994273,0.010661765
994274,0.0061947093
994275,0.0077837775
994276,0.010740033
994277,0.027725041
994278,0.028231379
994279,0.0066724718
994280,0.013904527
994281,0.0095975986
994282,0.020551614
994283,0.0069091795
994284,0.010420497
994285,0.0078922044
994286,0.01532126
994287,0.0072667738
994288,0.0099656247
994289,0.0095053092
994290,0.017512782
994291,0.013209766
994292,0.0066140569
994293,0.015762867
994294,0.02176011
994295,0.0070851045
994296,0.022884592
994297,0.0074261832
994298,0.0072725182
994299,0.010650994
994300,0.010662483
994301,0.0074793198
994302,0.0085467333
994303,0.0071482938
994304,0.0070111444
994305,0.0070657171
994306,0.020627011
994307,0.033827923
994308,0.0063769338
994309,0.039975874
994310,0.022912597
994311,0.010799632
994312,0.010573443
994313,0.0071691177
994314,0.010555492
994315,0.0059038945
994316,0.01048225
994317,0.014399271
994318,0.0075468174
994319,0.01047866
994320,0.0070054
994321,0.024270451
994322,0.006209827
994323,0.017405791
994324,0.0073263729
994325,0.011062485
994326,0.010635196
994327,0.013798254
994328,0.019171759
994329,0.010732853
994330,0.0088680489
994331,0.017158778
994332,0.01040039
994333,0.019642103
994334,0.006997501
994335,0.023943014
994336,0.0098819509
994337,0.007077924
994338,0.0070657171
994339,0.013913143
994340,0.0139591
994341,0.0070772059
994342,0.0069673425
994343,0.0074075139
994344,0.0073658661
994345,0.021909466
994346,0.026962157
994347,0.010477941
994348,0.013763787
994349,0.0071705538
994350,0.0075353286
994351,0.0075252759
994352,0.016970646
994353,0.014310231
994354,0.010561236
994355,0.010328584
994356,0.012548579
994357,0.017155187
994358,0.0070951572
994359,0.017589614
994360,0.007078642
994361,0.010546875
994362,0.0088809747
994363,0.010745778
994364,0.0057489914
994365,0.010625862
994366,0.01013399
994367,0.0073112939
994368,0.027527574
994369,0.010638068
994370,0.015562706
994371,0.0093527399
994372,0.007093003
994373,0.0105598
994374,0.017634852
994375,0.014287971
994376,0.0069192327
994377,0.0095918542
994378,0.016208904
994379,0.021029124
994380,0.010869284
994381,0.0071324967
994382,0.0073550954
994383,0.0071691177
994384,0.0071296245
994385,0.007159065
994386,0.010535386
994387,0.010164867
994388,0.01327241
994389,0.010594267
994390,0.011339614
994391,0.013674029
994392,0.02009421
994393,0.0068854839
994394,0.017322496
994395,0.0064384956
994396,0.007217946
994397,0.010515998
994398,0.019359633
994399,0.0074642408
994400,0.020744458
994401,0.0070958757
994402,0.0071202894
994403,0.013634535
994404,0.016916791
994405,0.01048943
994406,0.021836225
994407,0.0073313992
994408,0.0087431064
994409,0.0072538489
994410,0.0069034351
994411,0.0070886947
994412,0.014028033
994413,0.033980783
994414,0.0079388786
994415,0.0070312498
994416,0.017160214
994417,0.020477654
994418,0.02034984
994419,0.0071755801
994420,0.004175195
994421,0.022889625
994422,0.0067506703
994423,0.021487247
994424,0.0090785399
994425,0.0072933421
994426,0.0068818936
994427,0.020690918
994428,0.0062396666
994429,0.007291906
994430,0.0080501782
994431,0.007034122
994432,0.037139095
994433,0.010592113
994434,0.010701976
994435,0.0084637813
994436,0.0070010913
994437,0.020920698
994438,0.0070255054
994439,0.030853631
994440,0.0061717313
994441,0.007371611
994442,0.023825252
994443,0.014051011
994444,0.016946232
994445,0.014032342
994446,0.016039321
994447,0.013698443
994448,0.010895853
994449,0.027353803
994450,0.0076078526
994451,0.017176012
994452,0.0071497299
994453,0.0066415453
994454,0.0071238796
994455,0.023851821
994456,0.0067114364
994457,0.017295927
994458,0.010088034
994459,0.0059283087
994460,0.02109375
994461,0.013890166
994462,0.0097325938
994463,0.011440142
994464,0.016797282
994465,0.0069264132
994466,0.0098218098
994467,0.032678939
994468,0.0073450427
994469,0.0068007526
994470,0.016773896
994471,0.0077435663
994472,0.0068933824
994473,0.017389275
994474,0.016947668
994475,0.02943735
994476,0.0070743337
994477,0.010595703
994478,0.0072387694
994479,0.014446663
994480,0.010541131
994481,0.0076279584
994482,0.0094961198
994483,0.030771218
994484,0.013993566
994485,0.010948989
994486,0.010663201
994487,0.018930234
994488,0.0096596591
994489,0.015429316
994490,0.0072567211
994491,0.023816636
994492,0.010903751
994493,0.021702666
994494,0.011065315
994495,0.021302706
994496,0.0070255054
994497,0.0071102367
994498,0.010228056
994499,0.013940429
994500,0.039499801
994501,0.020668657
994502,0.010686897
994503,0.014481129
994504,0.007525994
994505,0.013686236
994506,0.03961828
994507,0.011477482
994508,0.0070003732
994509,0.023747703
994510,0.010182818
994511,0.010251034
994512,0.012623895
994513,0.014046703
994514,0.02749167
994515,0.020967372
994516,0.014399989
994517,0.014045984
994518,0.0099076442
994519,0.0072258445
994520,0.0071102367
994521,0.0070140166
994522,0.0073450427
994523,0.021645179
994524,0.024310661
994525,0.0074778837
994526,0.00743121
994527,0.0068818936
994528,0.0063390187
994529,0.018785184
994530,0.0077493107
994531,0.0071640913
994532,0.010297708
994533,0.010080135
994534,0.0066644028
994535,0.015929457
994536,0.0074139764
994537,0.021507353
994538,0.011468865
994539,0.0073701749
994540,0.018795956
994541,0.0095286649
994542,0.0078814337
994543,0.010670382
994544,0.012976849
994545,0.016558848
994546,0.0069149244
994547,0.03424862
994548,0.019773794
994549,0.030238971
994550,0.0087028956
994551,0.012542371
994552,0.011374081
994553,0.0070319679
994554,0.0070714615
994555,0.020590154
994556,0.0072725182
994557,0.010745778
994558,0.0080070943
994559,0.0063136248
994560,0.0071403952
994561,0.0066624573
994562,0.0068467082
994563,0.022475298
994564,0.017532887
994565,0.011961618
994566,0.013545496
994567,0.00823831
994568,0.02678079
994569,0.0073816637
994570,0.028182445
994571,0.0072516948
994572,0.013987103
994573,0.0065170308
994574,0.013786765
994575,0.010546875
994576,0.021442523
994577,0.0069852942
994578,0.016333224
994579,0.0070535098
994580,0.022117704
994581,0.010523897
994582,0.018030798
994583,0.010599294
994584,0.017107077
994585,0.010696949
994586,0.013923196
994587,0.0072380514
994588,0.01070772
994589,0.014303768
994590,0.010921703
994591,0.0069278493
994592,0.0072954963
994593,0.0057425383
994594,0.013371008
994595,0.014170927
994596,0.02442986
994597,0.0075030159
994598,0.034212001
994599,0.018274726
994600,0.035168391
994601,0.023624914
994602,0.027102482
994603,0.0068251668
994604,0.01570686
994605,0.017782055
994606,0.01080035
994607,0.0082340017
994608,0.012128763
994609,0.010682588
994610,0.01527674
994611,0.020763442
994612,0.0067102769
994613,0.011582319
994614,0.016783232
994615,0.013809742
994616,0.0064848056
994617,0.011165125
994618,0.03954719
994619,0.011927705
994620,0.013740809
994621,0.014925609
994622,0.0070082722
994623,0.007525994
994624,0.0072380514
994625,0.0074139764
994626,0.024471506
994627,0.0070621264
994628,0.0085169179
994629,0.021129653
994630,0.010741469
994631,0.035732854
994632,0.0071619372
994633,0.013663258
994634,0.0072725182
994635,0.020400103
994636,0.023462564
994637,0.016913202
994638,0.019406337
994639,0.032003544
994640,0.0094687305
994641,0.0070901308
994642,0.0071612191
994643,0.0073752012
994644,0.0073213466
994645,0.010705566
994646,0.027429199
994647,0.010757267
994648,0.017063275
994649,0.017451746
994650,0.021995589
994651,0.0071224435
994652,0.0070456113
994653,0.0077809053
994654,0.012724034
994655,0.010495893
994656,0.0095162466
994657,0.011639395
994658,0.0062752785
994659,0.0093434751
994660,0.010403981
994661,0.0062897746
994662,0.0071468577
994663,0.013967716
994664,0.0072387694
994665,0.0073005226
994666,0.017830882
994667,0.0069307215
994668,0.0073579676
994669,0.013977051
994670,0.007173426
994671,0.01753217
994672,0.013936121
994673,0.0074491613
994674,0.010848461
994675,0.010615091
994676,0.014123535
994677,0.028106974
994678,0.013437289
994679,0.0063684196
994680,0.0072258445
994681,0.015372243
994682,0.014023007
994683,0.0076121609
994684,0.010075827
994685,0.020061178
994686,0.0076861214
994687,0.010691923
994688,0.0070886947
994689,0.015750138
994690,0.0072897519
994691,0.0023560359
994692,0.015880629
994693,0.0066652689
994694,0.0068402458
994695,0.0015990417
994696,0.010569853
994697,0.0071870694
994698,0.0075827204
994699,0.014166619
994700,0.03072438
994701,0.013768096
994702,0.0079546757
994703,0.01043773
994704,0.0072150733
994705,0.014394962
994706,0.0080422796
994707,0.0069558537
994708,0.010669664
994709,0.0072244084
994710,0.01780216
994711,0.0097261453
994712,0.010661765
994713,0.0072366153
994714,0.010687615
994715,0.011879596
994716,0.0062083439
994717,0.013126938
994718,0.0070377127
994719,0.010734289
994720,0.0099546555
994721,0.0071992762
994722,0.0071245977
994723,0.0066786823
994724,0.01048225
994725,0.0072007123
994726,0.0075970818
994727,0.013811897
994728,0.0065139621
994729,0.010523897
994730,0.040073529
994731,0.016865809
994732,0.030353861
994733,0.01056339
994734,0.035360456
994735,0.010462143
994736,0.0065544974
994737,0.0072272806
994738,0.0064215041
994739,0.0077730068
994740,0.0072653377
994741,0.029830962
994742,0.012757118
994743,0.036568027
994744,0.016823443
994745,0.011641808
994746,0.007195686
994747,0.01736127
994748,0.0061990176
994749,0.0071863509
994750,0.0072014304
994751,0.01750919
994752,0.017688707
994753,0.01004524
994754,0.022163661
994755,0.0071576289
994756,0.011503331
994757,0.0073450427
994758,0.017566636
994759,0.010470761
994760,0.027653953
994761,0.010849897
994762,0.0033543627
994763,0.013296461
994764,0.0074843462
994765,0.023364257
994766,0.010903033
994767,0.0069565717
994768,0.0094030043
994769,0.0072761085
994770,0.010332893
994771,0.0074865003
994772,0.014028033
994773,0.0071346508
994774,0.0083194505
994775,0.010778091
994776,0.0073601217
994777,0.010878619
994778,0.010781681
994779,0.010317096
994780,0.0082059968
994781,0.011432244
994782,0.0095126843
994783,0.0074505974
994784,0.0075913374
994785,0.017239919
994786,0.022231158
994787,0.0076530906
994788,0.0072380514
994789,0.016116543
994790,0.013947611
994791,0.0077205882
994792,0.010386747
994793,0.021139706
994794,0.0054838294
994795,0.0072344611
994796,0.013075344
994797,0.013775276
994798,0.011025104
994799,0.031826656
994800,0.0070219152
994801,0.014224782
994802,0.010564826
994803,0.0071985582
994804,0.0070571001
994805,0.006571691
994806,0.011440142
994807,0.0075382008
994808,0.013898782
994809,0.0064766593
994810,0.0096307229
994811,0.0077579273
994812,0.0075137867
994813,0.028152287
994814,0.010661765
994815,0.0278586
994816,0.0089707319
994817,0.0063031367
994818,0.011880314
994819,0.016422765
994820,0.016201222
994821,0.010811121
994822,0.0072502587
994823,0.017377786
994824,0.014114918
994825,0.0070082722
994826,0.039321002
994827,0.010984892
994828,0.0067346911
994829,0.010712029
994830,0.0073945886
994831,0.020484835
994832,0.023690257
994833,0.034221336
994834,0.0059189741
994835,0.0070657171
994836,0.0073292451
994837,0.014410041
994838,0.025473921
994839,0.01101146
994840,0.027056526
994841,0.015533088
994842,0.022967344
994843,0.0070592542
994844,0.010466452
994845,0.0087026376
994846,0.010376695
994847,0.01027832
994848,0.013763787
994849,0.007349351
994850,0.01081543
994851,0.0071159811
994852,0.0071639577
994853,0.013926068
994854,0.007100184
994855,0.020785702
994856,0.0058205999
994857,0.0069508273
994858,0.011099782
994859,0.0067950399
994860,0.0063993568
994861,0.018077178
994862,0.0072258445
994863,0.033476707
994864,0.007246668
994865,0.027852187
994866,0.0078354776
994867,0.017049633
994868,0.0072402055
994869,0.010853487
994870,0.01415154
994871,0.0064836997
994872,0.022248344
994873,0.015394584
994874,0.037418708
994875,0.010765165
994876,0.013905245
994877,0.019129137
994878,0.034020998
994879,0.0071834787
994880,0.00740895
994881,0.01739502
994882,0.0072969324
994883,0.014341826
994884,0.010640223
994885,0.010363052
994886,0.013204101
994887,0.0090669524
994888,0.0027086751
994889,0.0071619372
994890,0.010185691
994891,0.0071482938
994892,0.0071439855
994893,0.028371658
994894,0.0071504479
994895,0.0070937211
994896,0.023624197
994897,0.013915298
994898,0.016348805
994899,0.013947611
994900,0.010457835
994901,0.010867848
994902,0.0086547853
994903,0.0097311577
994904,0.0073802276
994905,0.0072875977
994906,0.014039522
994907,0.011394187
994908,0.038086157
994909,0.039369829
994910,0.010623707
994911,0.010677562
994912,0.031935252
994913,0.010202206
994914,0.007371611
994915,0.030636057
994916,0.017179601
994917,0.0072603114
994918,0.010648121
994919,0.020566693
994920,0.033895336
994921,0.0073120119
994922,0.01395445
994923,0.007400333
994924,0.0071978401
994925,0.013375316
994926,0.0065367203
994927,0.0074865003
994928,0.0063921195
994929,0.010592113
994930,0.007092285
994931,0.007114545
994932,0.0072409236
994933,0.0072639016
994934,0.013798254
994935,0.0074843462
994936,0.0070621264
994937,0.0069328756
994938,0.0028388714
994939,0.013997156
994940,0.027903983
994941,0.011523438
994942,0.013859289
994943,0.010765165
994944,0.010443474
994945,0.0073515051
994946,0.015306015
994947,0.021062156
994948,0.0073033948
994949,0.0076631433
994950,0.0044088634
994951,0.0073522232
994952,0.020271571
994953,0.014316694
994954,0.0081571694
994955,0.01037454
994956,0.0073938705
994957,0.0076279584
994958,0.01070054
994959,0.018589154
994960,0.017303107
994961,0.013595043
994962,0.039200369
994963,0.019493243
994964,0.010880773
994965,0.024162022
994966,0.0071640913
994967,0.011867388
994968,0.019867452
994969,0.028717954
994970,0.027976362
994971,0.0072373333
994972,0.0070700254
994973,0.0084400848
994974,0.006494543
994975,0.010788144
994976,0.0089348285
994977,0.0065982593
994978,0.0069946288
994979,0.01041547
994980,0.014648438
994981,0.0067533604
994982,0.02057172
994983,0.014811438
994984,0.010352281
994985,0.013476563
994986,0.010449937
994987,0.030828498
994988,0.039604634
994989,0.009255372
994990,0.0085477941
994991,0.010577751
994992,0.010569853
994993,0.010307761
994994,0.013956945
994995,0.013602941
994996,0.0072215362
994997,0.010695513
994998,0.0238152
994999,0.017090563
995000,0.010558364
995001,0.0063980762
995002,0.039491899
995003,0.014270738
995004,0.010615809
995005,0.0078239888
995006,0.010828354
995007,0.010887235
995008,0.0064483322
995009,0.020438878
995010,0.013158535
995011,0.020798627
995012,0.0099106729
995013,0.0068625058
995014,0.013903809
995015,0.016799748
995016,0.0071461396
995017,0.0098503558
995018,0.0074103861
995019,0.0070240693
995020,0.014861701
995021,0.017361989
995022,0.010755112
995023,0.010403262
995024,0.010308479
995025,0.01822797
995026,0.0099013383
995027,0.0072753904
995028,0.036989991
995029,0.0073005226
995030,0.017992446
995031,0.010717056
995032,0.0079352884
995033,0.0067591048
995034,0.0076983282
995035,0.023563879
995036,0.0068251668
995037,0.010684743
995038,0.0074103861
995039,0.010261087
995040,0.0064467485
995041,0.0084422389
995042,0.016492503
995043,0.010454245
995044,0.0087201288
995045,0.037792891
995046,0.0074685491
995047,0.0098860618
995048,0.0072014304
995049,0.010477941
995050,0.028241325
995051,0.0061099781
995052,0.0070176069
995053,0.0072416416
995054,0.013161519
995055,0.017237047
995056,0.0096997572
995057,0.011368336
995058,0.0064543681
995059,0.0070901308
995060,0.0070886947
995061,0.028258558
995062,0.010161994
995063,0.039622586
995064,0.03951057
995065,0.0073902803
995066,0.017164523
995067,0.0072732363
995068,0.010251034
995069,0.023790067
995070,0.010523897
995071,0.007019043
995072,0.0071095186
995073,0.013910271
995074,0.006901281
995075,0.017845243
995076,0.010765165
995077,0.0070728976
995078,0.0073270909
995079,0.013884421
995080,0.0092299515
995081,0.0063762162
995082,0.0099135451
995083,0.017491957
995084,0.015356446
995085,0.0070355586
995086,0.0063036769
995087,0.0064417282
995088,0.010526051
995089,0.0099336514
995090,0.010940372
995091,0.020720359
995092,0.0108341
995093,0.013099581
995094,0.010900161
995095,0.010167021
995096,0.0096514532
995097,0.010762293
995098,0.007114545
995099,0.0172392
995100,0.035963215
995101,0.0074742935
995102,0.0078512756
995103,0.0084530097
995104,0.013133329
995105,0.027142692
995106,0.010324994
995107,0.011586993
995108,0.013928222
995109,0.0073586856
995110,0.0072251265
995111,0.01063017
995112,0.0063088811
995113,0.007136805
995114,0.013641717
995115,0.0072215362
995116,0.0073450427
995117,0.0072516948
995118,0.0237635
995119,0.0071576289
995120,0.0073450427
995121,0.0073407344
995122,0.0072380514
995123,0.0075597428
995124,0.010519588
995125,0.0072890338
995126,0.010322122
995127,0.0097932573
995128,0.0069292854
995129,0.0073687383
995130,0.0073687383
995131,0.010790298
995132,0.021095186
995133,0.023427447
995134,0.0088579962
995135,0.017413689
995136,0.010880055
995137,0.0077938302
995138,0.0095822746
995139,0.010391774
995140,0.0167275
995141,0.0089994539
995142,0.0071949679
995143,0.0071116728
995144,0.010719928
995145,0.0071806065
995146,0.010730699
995147,0.0072057387
995148,0.010676126
995149,0.010885081
995150,0.0072050206
995151,0.0073156022
995152,0.0063049905
995153,0.0073184744
995154,0.017074764
995155,0.010862822
995156,0.0075446633
995157,0.0085650273
995158,0.010332175
995159,0.0073701749
995160,0.0070815142
995161,0.028463837
995162,0.0070484835
995163,0.0075525618
995164,0.013717831
995165,0.014253505
995166,0.02439611
995167,0.010619399
995168,0.016185327
995169,0.0071920957
995170,0.0075597428
995171,0.017371323
995172,0.0071691177
995173,0.0074333642
995174,0.010144761
995175,0.0073414524
995176,0.011089729
995177,0.017049633
995178,0.013947611
995179,0.030549891
995180,0.0071461396
995181,0.019980038
995182,0.010999971
995183,0.014395947
995184,0.0091983574
995185,0.0063928836
995186,0.014708037
995187,0.016631586
995188,0.0098955659
995189,0.010317096
995190,0.010447782
995191,0.0074527515
995192,0.010959042
995193,0.0070168888
995194,0.015540269
995195,0.027079504
995196,0.0063884137
995197,0.017899817
995198,0.017652804
995199,0.0071870694
995200,0.007400333
995201,0.013608686
995202,0.034021713
995203,0.0086081112
995204,0.028333956
995205,0.0074692671
995206,0.0071942499
995207,0.0072430777
995208,0.012568934
995209,0.015222886
995210,0.0070542279
995211,0.007673196
995212,0.023617733
995213,0.0071461396
995214,0.033732336
995215,0.018788775
995216,0.014109174
995217,0.023644302
995218,0.0099688359
995219,0.015940947
995220,0.0092518041
995221,0.0071123908
995222,0.034063362
995223,0.010462862
995224,0.013213752
995225,0.01437342
995226,0.007078642
995227,0.007042021
995228,0.0069896025
995229,0.010523179
995230,0.010812557
995231,0.0089254938
995232,0.010698386
995233,0.023935117
995234,0.0057595647
995235,0.039433736
995236,0.0067210477
995237,0.02366728
995238,0.017428769
995239,0.0071569108
995240,0.0072294348
995241,0.010581342
995242,0.0090568988
995243,0.0064691803
995244,0.0073795095
995245,0.0065342062
995246,0.010721364
995247,0.013766659
995248,0.010381721
995249,0.0069544176
995250,0.020359734
995251,0.00736443
995252,0.014030905
995253,0.0080243275
995254,0.021128217
995255,0.014028751
995256,0.010454963
995257,0.010352281
995258,0.010466452
995259,0.018120978
995260,0.0073141661
995261,0.010124655
995262,0.026667336
995263,0.017274385
995264,0.030577177
995265,0.007055664
995266,0.019933531
995267,0.010684025
995268,0.0072409236
995269,0.007151884
995270,0.0070886947
995271,0.0211534
995272,0.0078699449
995273,0.017957261
995274,0.018060662
995275,0.013524673
995276,0.017662138
995277,0.020672966
995278,0.013738655
995279,0.0074929632
995280,0.0072990865
995281,0.0071238796
995282,0.007365148
995283,0.0068359375
995284,0.0072660558
995285,0.0063447841
995286,0.0061753215
995287,0.010646685
995288,0.0111005
995289,0.0062797717
995290,0.0070714615
995291,0.0088967718
995292,0.006072639
995293,0.017405791
995294,0.01048943
995295,0.0073529412
995296,0.0064287973
995297,0.0071899416
995298,0.013923914
995299,0.0073177563
995300,0.0071504479
995301,0.020443186
995302,0.015031852
995303,0.0079288259
995304,0.017364861
995305,0.013488051
995306,0.010587086
995307,0.011445169
995308,0.027607996
995309,0.0073874081
995310,0.0071281884
995311,0.0065767965
995312,0.0076717599
995313,0.0043962235
995314,0.0070427391
995315,0.0045385654
995316,0.0071978401
995317,0.0080099665
995318,0.010861386
995319,0.0074269013
995320,0.019567378
995321,0.0070111444
995322,0.0076293945
995323,0.037162513
995324,0.0070585362
995325,0.014135025
995326,0.01046717
995327,0.023695285
995328,0.010845589
995329,0.0070886947
995330,0.010595703
995331,0.024455709
995332,0.0099059138
995333,0.015199738
995334,0.0075870291
995335,0.023647891
995336,0.010523897
995337,0.0068589156
995338,0.014675723
995339,0.038787484
995340,0.015693935
995341,0.012864775
995342,0.022401758
995343,0.017198989
995344,0.0072739543
995345,0.013448037
995346,0.014160156
995347,0.008062385
995348,0.014074707
995349,0.013878676
995350,0.013972742
995351,0.010562672
995352,0.027823415
995353,0.007078642
995354,0.013306382
995355,0.010557646
995356,0.0064403317
995357,0.014458152
995358,0.0070068361
995359,0.01451057
995360,0.0089800665
995361,0.0070865406
995362,0.0070434571
995363,0.0065953871
995364,0.01202608
995365,0.0059756194
995366,0.017164523
995367,0.014010082
995368,0.0078553809
995369,0.025631893
995370,0.0086763268
995371,0.0063993568
995372,0.010611501
995373,0.017325368
995374,0.020990349
995375,0.0074125403
995376,0.013629509
995377,0.024301328
995378,0.024244601
995379,0.014066808
995380,0.010945398
995381,0.007247386
995382,0.013900219
995383,0.0073378617
995384,0.0061078239
995385,0.019601656
995386,0.013556985
995387,0.015773775
995388,0.010719928
995389,0.010781681
995390,0.0069917566
995391,0.0088648461
995392,0.0072818534
995393,0.020278033
995394,0.037392292
995395,0.0075439452
995396,0.027228143
995397,0.014022289
995398,0.01027473
995399,0.0083625345
995400,0.010791016
995401,0.0091818413
995402,0.017203297
995403,0.022355469
995404,0.0020251528
995405,0.016001983
995406,0.0068467082
995407,0.013972742
995408,0.0071037742
995409,0.030625287
995410,0.010602884
995411,0.013553395
995412,0.024108168
995413,0.0096241673
995414,0.024310661
995415,0.0099846385
995416,0.010854205
995417,0.024149816
995418,0.0074908086
995419,0.021289062
995420,0.0073601217
995421,0.01484734
995422,0.014624024
995423,0.031215534
995424,0.037591912
995425,0.01423627
995426,0.010803223
995427,0.010333611
995428,0.012915039
995429,0.0073888442
995430,0.024489459
995431,0.0069185146
995432,0.024011949
995433,0.007525994
995434,0.010229493
995435,0.015857652
995436,0.007929544
995437,0.0071332147
995438,0.008414235
995439,0.0072265626
995440,0.01404024
995441,0.0058191638
995442,0.0089333924
995443,0.011086857
995444,0.010693359
995445,0.0070283776
995446,0.010354435
995447,0.01048943
995448,0.0070305318
995449,0.017768411
995450,0.013790355
995451,0.0098941578
995452,0.024164177
995453,0.0073529412
995454,0.0069623161
995455,0.0066427793
995456,0.013549087
995457,0.018004656
995458,0.0071784523
995459,0.0097620348
995460,0.0077442843
995461,0.0078002932
995462,0.017712802
995463,0.0072610294
995464,0.039145079
995465,0.010997817
995466,0.016446078
995467,0.0059283087
995468,0.02754768
995469,0.010771628
995470,0.014089786
995471,0.0071605011
995472,0.017713839
995473,0.0068416819
995474,0.010384593
995475,0.0071820426
995476,0.006570973
995477,0.022470273
995478,0.0071382411
995479,0.020958755
995480,0.02671401
995481,0.027685547
995482,0.014156566
995483,0.010982738
995484,0.011386288
995485,0.0074139764
995486,0.008723001
995487,0.010692641
995488,0.010004739
995489,0.022881292
995490,0.0107228
995491,0.014015826
995492,0.0070111444
995493,0.0074046417
995494,0.0071770162
995495,0.0073759193
995496,0.024159869
995497,0.014160874
995498,0.014695112
995499,0.011214672
995500,0.0070226332
995501,0.013867187
995502,0.022520918
995503,0.010259651
995504,0.013706342
995505,0.01726505
995506,0.009529002
995507,0.0074254652
995508,0.0070642806
995509,0.013984231
995510,0.012998334
995511,0.007217946
995512,0.0071195713
995513,0.0068309112
995514,0.010692641
995515,0.0072538489
995516,0.010526769
995517,0.010184254
995518,0.020213408
995519,0.014985434
995520,0.0071303425
995521,0.019588694
995522,0.0069221049
995523,0.0072646197
995524,0.0071231616
995525,0.0074635227
995526,0.013479481
995527,0.0098317014
995528,0.012866866
995529,0.0088831289
995530,0.0080702836
995531,0.02654383
995532,0.01429946
995533,0.013165186
995534,0.017252844
995535,0.020493452
995536,0.019697839
995537,0.007100184
995538,0.013872214
995539,0.021266084
995540,0.014305204
995541,0.010998535
995542,0.0053035445
995543,0.014145795
995544,0.013111508
995545,0.015581198
995546,0.0095398529
995547,0.037016027
995548,0.020683737
995549,0.01056339
995550,0.0074060778
995551,0.01496737
995552,0.016489545
995553,0.010484404
995554,0.010450655
995555,0.010383875
995556,0.007218664
995557,0.02391501
995558,0.0083346562
995559,0.0070003732
995560,0.012797655
995561,0.036402803
995562,0.010184254
995563,0.039751839
995564,0.007327809
995565,0.0073888442
995566,0.020695945
995567,0.0063332953
995568,0.0057674632
995569,0.013568474
995570,0.011094755
995571,0.01251106
995572,0.0070886947
995573,0.011482546
995574,0.0077744429
995575,0.01141142
995576,0.020132985
995577,0.007444853
995578,0.0073687383
995579,0.006865378
995580,0.006605478
995581,0.0072157914
995582,0.032546479
995583,0.039673571
995584,0.010285501
995585,0.0070075542
995586,0.0071698357
995587,0.0074254652
995588,0.012782197
995589,0.0071849148
995590,0.010500919
995591,0.013554113
995592,0.0068467082
995593,0.03997013
995594,0.0062817265
995595,0.017942181
995596,0.027064424
995597,0.010328584
995598,0.015629308
995599,0.010421933
995600,0.012339154
995601,0.024770938
995602,0.0071806065
995603,0.011092601
995604,0.013933249
995605,0.013648897
995606,0.012835454
995607,0.0093771545
995608,0.0074139764
995609,0.010251034
995610,0.01539522
995611,0.019232538
995612,0.013832721
995613,0.016045962
995614,0.0073069851
995615,0.0031654648
995616,0.0071949679
995617,0.0066509303
995618,0.0070118625
995619,0.007100184
995620,0.0062952056
995621,0.008061667
995622,0.0083374027
995623,0.0069221049
995624,0.0092715994
995625,0.0071949679
995626,0.0094231097
995627,0.0071346508
995628,0.0072753904
995629,0.026031591
995630,0.0074333642
995631,0.03974035
995632,0.0068883561
995633,0.027447868
995634,0.014201804
995635,0.011914062
995636,0.0072150733
995637,0.017392147
995638,0.030639589
995639,0.011073931
995640,0.014292279
995641,0.0087976791
995642,0.027345186
995643,0.010572007
995644,0.0037863723
995645,0.0079237996
995646,0.0053138528
995647,0.0075432272
995648,0.010876465
995649,0.023517923
995650,0.014084042
995651,0.024532542
995652,0.00913445
995653,0.0071798884
995654,0.0061920141
995655,0.010515998
995656,0.019544102
995657,0.013938275
995658,0.017463235
995659,0.0072251265
995660,0.0062758503
995661,0.0072416416
995662,0.014051011
995663,0.015039062
995664,0.028010109
995665,0.017500574
995666,0.021322602
995667,0.0067935721
995668,0.0072811353
995669,0.0098308353
995670,0.012304688
995671,0.0072251265
995672,0.013997156
995673,0.0073852539
995674,0.0064007929
995675,0.017248536
995676,0.010941808
995677,0.0072926241
995678,0.0073105758
995679,0.010921703
995680,0.024453679
995681,0.0070018093
995682,0.024530388
995683,0.0073988969
995684,0.01027473
995685,0.00736443
995686,0.0069070254
995687,0.0071820426
995688,0.0070663565
995689,0.0074857823
995690,0.017562328
995691,0.020761289
995692,0.0072423597
995693,0.0072854436
995694,0.0209566
995695,0.0071080825
995696,0.012874857
995697,0.0070542279
995698,0.020809397
995699,0.014073989
995700,0.0067019491
995701,0.0073098578
995702,0.0073141661
995703,0.0068337834
995704,0.036946695
995705,0.01105239
995706,0.027552705
995707,0.039236989
995708,0.010424805
995709,0.0063755284
995710,0.013936121
995711,0.009222053
995712,0.014292279
995713,0.029963234
995714,0.020670813
995715,0.010574879
995716,0.010280474
995717,0.01728731
995718,0.010971967
995719,0.0065372242
995720,0.0059893439
995721,0.011051672
995722,0.010619399
995723,0.024297019
995724,0.010505945
995725,0.0074017695
995726,0.0096540358
995727,0.010556928
995728,0.031199018
995729,0.0074563418
995730,0.0055620978
995731,0.024804687
995732,0.010283346
995733,0.0071612191
995734,0.0086210323
995735,0.0085255345
995736,0.008378597
995737,0.030732997
995738,0.0069860122
995739,0.013857853
995740,0.0069163395
995741,0.007159065
995742,0.021254595
995743,0.0015892425
995744,0.0074204388
995745,0.027607279
995746,0.010546875
995747,0.031159524
995748,0.03717472
995749,0.007365148
995750,0.0069802678
995751,0.0069544176
995752,0.017249972
995753,0.0068821134
995754,0.021993387
995755,0.026141711
995756,0.0070427391
995757,0.0080494601
995758,0.010572725
995759,0.023740521
995760,0.0079765795
995761,0.033250518
995762,0.0085901599
995763,0.0064682849
995764,0.0061250576
995765,0.0061950972
995766,0.0077069453
995767,0.007467831
995768,0.017093435
995769,0.0093886433
995770,0.013950483
995771,0.017181756
995772,0.0069407742
995773,0.0060381722
995774,0.013395973
995775,0.010276166
995776,0.020463293
995777,0.014348288
995778,0.011945657
995779,0.014275764
995780,0.005869946
995781,0.017102769
995782,0.0071698357
995783,0.011249856
995784,0.007246668
995785,0.010801787
995786,0.0071116728
995787,0.0064872839
995788,0.010844152
995789,0.010235237
995790,0.0073809456
995791,0.010582778
995792,0.0080796182
995793,0.0072854436
995794,0.0072437958
995795,0.0071346508
995796,0.0072610294
995797,0.031279441
995798,0.010531078
995799,0.007481474
995800,0.013878676
995801,0.010527487
995802,0.02581186
995803,0.019754259
995804,0.018858906
995805,0.006887638
995806,0.017038861
995807,0.0068201399
995808,0.0069536995
995809,0.0072315889
995810,0.020520052
995811,0.01044491
995812,0.0059247185
995813,0.013909553
995814,0.0087732654
995815,0.0073069851
995816,0.010851333
995817,0.010828354
995818,0.0071095186
995819,0.0079783723
995820,0.01372573
995821,0.0070010913
995822,0.010730699
995823,0.0076976102
995824,0.0068840478
995825,0.016445722
995826,0.0077234604
995827,0.010742188
995828,0.019864431
995829,0.0070908489
995830,0.011176614
995831,0.00823831
995832,0.0070068361
995833,0.015336339
995834,0.0073673022
995835,0.015446112
995836,0.0085147638
995837,0.0070693074
995838,0.0071116728
995839,0.0073213466
995840,0.010931755
995841,0.0098912856
995842,0.018518066
995843,0.0069522634
995844,0.0093484316
995845,0.0073292451
995846,0.010303453
995847,0.032535583
995848,0.039602481
995849,0.0064293663
995850,0.013706342
995851,0.010749368
995852,0.0076559628
995853,0.01377025
995854,0.014099121
995855,0.0071016201
995856,0.0072229723
995857,0.010642377
995858,0.017201142
995859,0.0059254365
995860,0.010653866
995861,0.0072423597
995862,0.0073084212
995863,0.010721364
995864,0.039535701
995865,0.025796484
995866,0.039349724
995867,0.015902171
995868,0.022562984
995869,0.027298512
995870,0.0073981788
995871,0.005514706
995872,0.013997156
995873,0.008003504
995874,0.019325959
995875,0.0065639182
995876,0.036138639
995877,0.0067066867
995878,0.0099156993
995879,0.0073565315
995880,0.0062479516
995881,0.029088361
995882,0.0062008318
995883,0.0077916761
995884,0.0096613634
995885,0.026447276
995886,0.010330738
995887,0.0073184744
995888,0.010590677
995889,0.0099810436
995890,0.010351563
995891,0.0072445138
995892,0.0073436066
995893,0.0066693476
995894,0.020537971
995895,0.016276702
995896,0.017225558
995897,0.010377413
995898,0.019588694
995899,0.0071482938
995900,0.012523696
995901,0.0069637522
995902,0.0070714615
995903,0.0072840075
995904,0.0095078414
995905,0.0070369947
995906,0.0097777816
995907,0.0064003938
995908,0.0071245977
995909,0.0068596336
995910,0.0204159
995911,0.033690754
995912,0.017507754
995913,0.01171875
995914,0.0075202491
995915,0.0099678943
995916,0.012507899
995917,0.0078469673
995918,0.017573098
995919,0.017693015
995920,0.0073033948
995921,0.0073759193
995922,0.0059742648
995923,0.013152177
995924,0.0067077447
995925,0.034556668
995926,0.0073658661
995927,0.016866527
995928,0.013795381
995929,0.010755112
995930,0.0068129594
995931,0.017876837
995932,0.0074046417
995933,0.019739999
995934,0.0071705538
995935,0.0072057387
995936,0.010605038
995937,0.0063632214
995938,0.014150104
995939,0.029758578
995940,0.0074333642
995941,0.020278033
995942,0.0072150733
995943,0.010594985
995944,0.020591108
995945,0.0097914748
995946,0.020983662
995947,0.019699764
995948,0.010824046
995949,0.0071116728
995950,0.010525333
995951,0.01955954
995952,0.010385311
995953,0.026035158
995954,0.016309312
995955,0.02758861
995956,0.013338695
995957,0.026793715
995958,0.0075676413
995959,0.0065027573
995960,0.0090418197
995961,0.029755715
995962,0.024362363
995963,0.007715242
995964,0.033276908
995965,0.023908548
995966,0.0109375
995967,0.024613684
995968,0.020685174
995969,0.0071461396
995970,0.017825857
995971,0.0072768265
995972,0.013900937
995973,0.013609404
995974,0.012581859
995975,0.0091947671
995976,0.023057193
995977,0.036764707
995978,0.0068883561
995979,0.012782587
995980,0.0071475757
995981,0.027045755
995982,0.010434858
995983,0.0072854436
995984,0.0070822323
995985,0.0091715539
995986,0.016243439
995987,0.0073601217
995988,0.0068976907
995989,0.0098352768
995990,0.007306267
995991,0.0071870694
995992,0.0098492317
995993,0.010905906
995994,0.011206055
995995,0.0072165094
995996,0.0078383498
995997,0.006997501
995998,0.010864258
995999,0.0064427941
996000,0.0071403952
996001,0.023460478
996002,0.010731417
996003,0.009062713
996004,0.0071339328
996005,0.010764447
996006,0.010576315
996007,0.010515998
996008,0.0069903205
996009,0.020797908
996010,0.010561954
996011,0.0072904699
996012,0.039694395
996013,0.013625919
996014,0.0070772059
996015,0.0070851045
996016,0.0073471968
996017,0.0069163605
996018,0.0071626552
996019,0.019578641
996020,0.013412655
996021,0.0072236904
996022,0.0064352597
996023,0.020514276
996024,0.0095143039
996025,0.028995875
996026,0.03647748
996027,0.0069687786
996028,0.010333611
996029,0.0071418313
996030,0.0075482535
996031,0.011504049
996032,0.02877626
996033,0.013177131
996034,0.013671875
996035,0.020600442
996036,0.010423369
996037,0.007151166
996038,0.0069587259
996039,0.0070886947
996040,0.039326027
996041,0.023115585
996042,0.006314361
996043,0.0077708527
996044,0.0061056698
996045,0.02731072
996046,0.0071468577
996047,0.014384191
996048,0.01418457
996049,0.010482968
996050,0.010750804
996051,0.010327866
996052,0.0069924747
996053,0.0069544176
996054,0.0055082431
996055,0.019152114
996056,0.019450484
996057,0.0070061181
996058,0.01406609
996059,0.0075712316
996060,0.0076760687
996061,0.007385972
996062,0.017099896
996063,0.0118751
996064,0.0074276193
996065,0.0072761085
996066,0.016988598
996067,0.007658835
996068,0.0069027171
996069,0.0088005513
996070,0.0068723108
996071,0.0076889936
996072,0.0042316588
996073,0.028294608
996074,0.039621152
996075,0.0094875218
996076,0.022644762
996077,0.010907342
996078,0.02091567
996079,0.0018209129
996080,0.015436653
996081,0.0073213466
996082,0.017458927
996083,0.020731129
996084,0.0072402055
996085,0.014155848
996086,0.016957721
996087,0.010781681
996088,0.022768613
996089,0.0067792106
996090,0.02021987
996091,0.0071123908
996092,0.010512408
996093,0.017258588
996094,0.030853631
996095,0.010460707
996096,0.006945801
996097,0.0083137061
996098,0.0071834787
996099,0.021018354
996100,0.0068897922
996101,0.0064852275
996102,0.010583496
996103,0.0072653377
996104,0.02007195
996105,0.007174144
996106,0.010597858
996107,0.035243854
996108,0.013616584
996109,0.010606474
996110,0.0071806065
996111,0.010893698
996112,0.0083316583
996113,0.010592113
996114,0.007151884
996115,0.010308479
996116,0.0098747537
996117,0.010684743
996118,0.0070542279
996119,0.0080663422
996120,0.0072380514
996121,0.006996783
996122,0.0074908086
996123,0.0071289064
996124,0.0090691065
996125,0.030715764
996126,0.017452464
996127,0.0055685602
996128,0.027751608
996129,0.0058507584
996130,0.015920645
996131,0.021564798
996132,0.0070097083
996133,0.010466452
996134,0.0080055362
996135,0.017238483
996136,0.017166676
996137,0.020963063
996138,0.014863138
996139,0.0091430666
996140,0.0071059284
996141,0.017944336
996142,0.0069292854
996143,0.017009176
996144,0.017635569
996145,0.010735725
996146,0.0070642806
996147,0.020658605
996148,0.022398466
996149,0.020902028
996150,0.013804716
996151,0.039848059
996152,0.0070233513
996153,0.039745376
996154,0.0063282857
996155,0.032908324
996156,0.0073163202
996157,0.0070958757
996158,0.0071195713
996159,0.007739258
996160,0.01060432
996161,0.0097929109
996162,0.031463265
996163,0.010754394
996164,0.007291906
996165,0.010381003
996166,0.019565716
996167,0.020919262
996168,0.027401913
996169,0.013775276
996170,0.034173943
996171,0.01389232
996172,0.007385972
996173,0.010192153
996174,0.0073830998
996175,0.020481244
996176,0.01110768
996177,0.012118713
996178,0.0066564223
996179,0.037230007
996180,0.0074951174
996181,0.010625862
996182,0.010404699
996183,0.013868623
996184,0.017387839
996185,0.0069249771
996186,0.010720646
996187,0.030652573
996188,0.014109892
996189,0.01071921
996190,0.0073299631
996191,0.020411415
996192,0.0072861616
996193,0.012431785
996194,0.0073077031
996195,0.010778091
996196,0.0072883158
996197,0.0071698357
996198,0.0098984512
996199,0.027854284
996200,0.0073953066
996201,0.0075152228
996202,0.017333984
996203,0.0059110788
996204,0.017164523
996205,0.020616958
996206,0.0084221335
996207,0.010403262
996208,0.017487649
996209,0.015321433
996210,0.010328584
996211,0.013088091
996212,0.0064177937
996213,0.010365924
996214,0.039309513
996215,0.0075942096
996216,0.007291188
996217,0.0060151941
996218,0.013747989
996219,0.013622329
996220,0.0072811353
996221,0.007423311
996222,0.0074807559
996223,0.016079364
996224,0.0071935318
996225,0.013476563
996226,0.0082993452
996227,0.0067066723
996228,0.010762293
996229,0.014281509
996230,0.0071856328
996231,0.010313505
996232,0.013857135
996233,0.013748707
996234,0.0091243964
996235,0.010346537
996236,0.0068596336
996237,0.0067670038
996238,0.0074908086
996239,0.0078024473
996240,0.0299978
996241,0.033538461
996242,0.014165901
996243,0.039855238
996244,0.016986443
996245,0.0074383905
996246,0.0070535098
996247,0.016380755
996248,0.01058924
996249,0.0094231097
996250,0.010294118
996251,0.010705566
996252,0.01312522
996253,0.0071827606
996254,0.0078778435
996255,0.0085966224
996256,0.017220531
996257,0.0080537684
996258,0.013625919
996259,0.010273294
996260,0.007247386
996261,0.0073809456
996262,0.0070111444
996263,0.007137523
996264,0.016947668
996265,0.0029190022
996266,0.0065779975
996267,0.0088924635
996268,0.0056877583
996269,0.023617482
996270,0.030766746
996271,0.020571003
996272,0.0074484432
996273,0.01071921
996274,0.0071497299
996275,0.026357852
996276,0.023795094
996277,0.0097716069
996278,0.032177836
996279,0.0069996552
996280,0.0060982569
996281,0.0072265626
996282,0.010299862
996283,0.016345933
996284,0.014085478
996285,0.00572797
996286,0.0064407606
996287,0.013629509
996288,0.017601822
996289,0.0082490807
996290,0.017451746
996291,0.0080006318
996292,0.0073342714
996293,0.037365723
996294,0.038947612
996295,0.02589296
996296,0.038465075
996297,0.0078010112
996298,0.0072610294
996299,0.038905244
996300,0.013791791
996301,0.0095315371
996302,0.0099250348
996303,0.010587804
996304,0.0076064165
996305,0.0069163605
996306,0.010254624
996307,0.010544003
996308,0.0099652456
996309,0.017410817
996310,0.014063218
996311,0.0073536593
996312,0.014362649
996313,0.0032603638
996314,0.015169277
996315,0.010773783
996316,0.012850369
996317,0.020398667
996318,0.0070671532
996319,0.030944824
996320,0.010284064
996321,0.0076538087
996322,0.010353717
996323,0.0069508273
996324,0.02089772
996325,0.0074333642
996326,0.0066863745
996327,0.0058306525
996328,0.007459214
996329,0.013686954
996330,0.010422651
996331,0.0062736962
996332,0.0080365352
996333,0.0071332147
996334,0.0084580369
996335,0.020588236
996336,0.039596736
996337,0.010078939
996338,0.0059943702
996339,0.022610294
996340,0.022883128
996341,0.037408356
996342,0.017282285
996343,0.014515596
996344,0.011285041
996345,0.0070585362
996346,0.038846362
996347,0.020862535
996348,0.011123477
996349,0.013141583
996350,0.0070671532
996351,0.029545976
996352,0.014198214
996353,0.020898437
996354,0.009251494
996355,0.0071102367
996356,0.016439281
996357,0.013354734
996358,0.0068704044
996359,0.0074491613
996360,0.0061729322
996361,0.010941808
996362,0.0078929225
996363,0.010494457
996364,0.020609058
996365,0.0074362364
996366,0.027652517
996367,0.018421128
996368,0.017178884
996369,0.00686466
996370,0.0064506717
996371,0.0093290443
996372,0.020486271
996373,0.0073787915
996374,0.010805377
996375,0.0068854839
996376,0.010509536
996377,0.0063317865
996378,0.010037096
996379,0.016463695
996380,0.012910731
996381,0.010493739
996382,0.026469152
996383,0.0072402055
996384,0.0099643553
996385,0.036938872
996386,0.039694395
996387,0.0074032056
996388,0.0072524128
996389,0.03701818
996390,0.020583928
996391,0.0071231616
996392,0.0061933491
996393,0.0067262445
996394,0.0073141661
996395,0.010477941
996396,0.0076573989
996397,0.014142923
996398,0.01329824
996399,0.010594985
996400,0.021373793
996401,0.0070269415
996402,0.0074139764
996403,0.0068818936
996404,0.01720617
996405,0.039682906
996406,0.01058206
996407,0.0073235007
996408,0.0072933421
996409,0.010475069
996410,0.0072509767
996411,0.010016946
996412,0.011776195
996413,0.012286582
996414,0.025866453
996415,0.011672869
996416,0.0064429268
996417,0.029659484
996418,0.007004682
996419,0.014108456
996420,0.014431583
996421,0.010283346
996422,0.010931755
996423,0.0074326461
996424,0.010215849
996425,0.010830509
996426,0.013740809
996427,0.0073421705
996428,0.020033199
996429,0.0019234511
996430,0.014573041
996431,0.0061193132
996432,0.0096911322
996433,0.020691637
996434,0.012760669
996435,0.0072969324
996436,0.0076071345
996437,0.014081888
996438,0.0070427391
996439,0.014038086
996440,0.0070578181
996441,0.01656994
996442,0.013235129
996443,0.016777173
996444,0.013660386
996445,0.039754711
996446,0.010365924
996447,0.0070312498
996448,0.017186739
996449,0.010493021
996450,0.0062198415
996451,0.013959818
996452,0.0094468063
996453,0.01062658
996454,0.0099882241
996455,0.007731359
996456,0.0074269013
996457,0.0087646488
996458,0.01954633
996459,0.0064747529
996460,0.0067863911
996461,0.0023014341
996462,0.0069852942
996463,0.007313448
996464,0.007159065
996465,0.030570714
996466,0.0071044923
996467,0.039712343
996468,0.0064674523
996469,0.020496324
996470,0.011376953
996471,0.007349351
996472,0.0071044923
996473,0.014247041
996474,0.010492302
996475,0.017511345
996476,0.0070657171
996477,0.007525994
996478,0.010608628
996479,0.014038086
996480,0.01091165
996481,0.014246323
996482,0.023990408
996483,0.010309197
996484,0.010746496
996485,0.013970588
996486,0.0081844553
996487,0.006103084
996488,0.019342277
996489,0.030665498
996490,0.013166977
996491,0.011013614
996492,0.0070405849
996493,0.0068467082
996494,0.010421215
996495,0.0075015798
996496,0.016957721
996497,0.017204734
996498,0.0075245579
996499,0.0070492015
996500,0.0074297735
996501,0.0071669635
996502,0.02124957
996503,0.01267971
996504,0.0086849434
996505,0.0073400163
996506,0.023943014
996507,0.0071806065
996508,0.0073823817
996509,0.0071978401
996510,0.0063963099
996511,0.0021858858
996512,0.010366642
996513,0.007092285
996514,0.010538259
996515,0.0075030159
996516,0.016788326
996517,0.025233824
996518,0.024333639
996519,0.0060977712
996520,0.02123449
996521,0.0064215581
996522,0.0061279298
996523,0.0092457486
996524,0.010581342
996525,0.020565256
996526,0.01181138
996527,0.010811121
996528,0.0076056984
996529,0.0070312498
996530,0.0070858225
996531,0.0072983685
996532,0.0073112939
996533,0.0070262235
996534,0.0069623161
996535,0.0062600528
996536,0.007408232
996537,0.010271139
996538,0.0061695771
996539,0.00870864
996540,0.0072732363
996541,0.0089499084
996542,0.0062758503
996543,0.016738597
996544,0.0070628445
996545,0.007444853
996546,0.0078814337
996547,0.0069730869
996548,0.0074204388
996549,0.023604017
996550,0.016733686
996551,0.013786765
996552,0.011890256
996553,0.0069185146
996554,0.014005055
996555,0.0062708342
996556,0.020427389
996557,0.0065342216
996558,0.0072402055
996559,0.010317096
996560,0.0072617475
996561,0.015764529
996562,0.010139016
996563,0.0069393381
996564,0.013660386
996565,0.0072387694
996566,0.011868824
996567,0.011361156
996568,0.010949707
996569,0.010681152
996570,0.0071576289
996571,0.0021206418
996572,0.027012724
996573,0.017081227
996574,0.0072093289
996575,0.010677562
996576,0.0069723688
996577,0.0060546873
996578,0.0072825714
996579,0.010869284
996580,0.0069623161
996581,0.011044491
996582,0.0076286765
996583,0.026164398
996584,0.017222686
996585,0.013627355
996586,0.007467831
996587,0.0076064165
996588,0.027447151
996589,0.007658835
996590,0.0072495406
996591,0.0074204388
996592,0.027885167
996593,0.015252327
996594,0.023426728
996595,0.013747271
996596,0.0072818534
996597,0.019746421
996598,0.0074340822
996599,0.013824822
996600,0.022759674
996601,0.0075762579
996602,0.016000547
996603,0.005786851
996604,0.010999253
996605,0.010705566
996606,0.011272117
996607,0.007269646
996608,0.0074412627
996609,0.031244256
996610,0.0054364372
996611,0.014444509
996612,0.031621665
996613,0.0071691177
996614,0.010737879
996615,0.0071633733
996616,0.010675408
996617,0.017461799
996618,0.021472886
996619,0.0081995344
996620,0.01098202
996621,0.0070585362
996622,0.0076394472
996623,0.0076200599
996624,0.0073981788
996625,0.0073687383
996626,0.014168495
996627,0.0072524128
996628,0.029689636
996629,0.0094733741
996630,0.013885858
996631,0.0071217255
996632,0.0073996149
996633,0.0071346508
996634,0.0096636601
996635,0.020868996
996636,0.007055664
996637,0.014402861
996638,0.0075511257
996639,0.019769348
996640,0.013853544
996641,0.013803998
996642,0.020641372
996643,0.010383157
996644,0.010914522
996645,0.012925092
996646,0.0070427391
996647,0.0076976102
996648,0.024139142
996649,0.019496784
996650,0.0076444736
996651,0.0107228
996652,0.023920037
996653,0.007004682
996654,0.015177649
996655,0.039919864
996656,0.012942325
996657,0.0086511951
996658,0.010330738
996659,0.0074750115
996660,0.013585708
996661,0.0071490118
996662,0.007313448
996663,0.010359461
996664,0.020661477
996665,0.039395679
996666,0.010541849
996667,0.0072581572
996668,0.01252944
996669,0.027916044
996670,0.0098711802
996671,0.0098037757
996672,0.0069300034
996673,0.027535472
996674,0.007151166
996675,0.023076519
996676,0.014173799
996677,0.013855699
996678,0.0071569108
996679,0.024956916
996680,0.017936436
996681,0.020033581
996682,0.0072639016
996683,0.007100184
996684,0.010373104
996685,0.027876532
996686,0.0062290407
996687,0.0073069851
996688,0.017886173
996689,0.014517033
996690,0.010558364
996691,0.014005055
996692,0.009397978
996693,0.027704934
996694,0.010670382
996695,0.014136461
996696,0.0075496896
996697,0.010636632
996698,0.0071052103
996699,0.0075798482
996700,0.007055664
996701,0.024942353
996702,0.01075224
996703,0.017474724
996704,0.03878174
996705,0.0033480725
996706,0.030450799
996707,0.023423139
996708,0.01117087
996709,0.028535288
996710,0.024140481
996711,0.006358427
996712,0.023624914
996713,0.017486932
996714,0.0073105758
996715,0.017727481
996716,0.017449591
996717,0.020201698
996718,0.0079812445
996719,0.027510339
996720,0.007218664
996721,0.017592486
996722,0.0069987648
996723,0.010513844
996724,0.017489085
996725,0.0067935358
996726,0.011280528
996727,0.007041303
996728,0.0071332147
996729,0.013798254
996730,0.013895192
996731,0.0081004426
996732,0.01080035
996733,0.010612219
996734,0.01167134
996735,0.009869026
996736,0.0075303023
996737,0.010111731
996738,0.0072445138
996739,0.0070132986
996740,0.012940099
996741,0.0072617475
996742,0.0074527515
996743,0.0074908086
996744,0.017298082
996745,0.0076940199
996746,0.007195686
996747,0.0068488624
996748,0.0087983971
996749,0.01041547
996750,0.010351563
996751,0.034650736
996752,0.01047866
996753,0.010577033
996754,0.0059757009
996755,0.0067885453
996756,0.010712747
996757,0.010481532
996758,0.02782126
996759,0.0072976504
996760,0.016719325
996761,0.0074793198
996762,0.011249856
996763,0.017597513
996764,0.0070578181
996765,0.0062553319
996766,0.0071253157
996767,0.0078584561
996768,0.013568474
996769,0.0070499196
996770,0.0070269415
996771,0.0080882357
996772,0.014247041
996773,0.0073974608
996774,0.0072007123
996775,0.0068253935
996776,0.0071281884
996777,0.0067828009
996778,0.01391458
996779,0.0073960247
996780,0.0071669635
996781,0.0077658258
996782,0.0073385797
996783,0.023791503
996784,0.0072832895
996785,0.010452091
996786,0.0070664352
996787,0.013912425
996788,0.0065904064
996789,0.010662483
996790,0.0076164696
996791,0.010546875
996792,0.010271857
996793,0.0070994659
996794,0.017662857
996795,0.013918823
996796,0.011372644
996797,0.0076638614
996798,0.016815308
996799,0.021098776
996800,0.0070664352
996801,0.007233025
996802,0.01933567
996803,0.0071834787
996804,0.010414752
996805,0.01408117
996806,0.0093276082
996807,0.0065376582
996808,0.010526769
996809,0.010414752
996810,0.013785329
996811,0.0086425785
996812,0.0071066464
996813,0.01438491
996814,0.0070664352
996815,0.0071396772
996816,0.0072531309
996817,0.0070405849
996818,0.014073989
996819,0.0071899416
996820,0.0098409411
996821,0.024187874
996822,0.010697667
996823,0.017452464
996824,0.0075482535
996825,0.028429532
996826,0.020809397
996827,0.01237434
996828,0.010757985
996829,0.014085478
996830,0.020852482
996831,0.016363641
996832,0.012945916
996833,0.012269503
996834,0.014985926
996835,0.0085090185
996836,0.0074771657
996837,0.023864027
996838,0.010431985
996839,0.023862591
996840,0.014216883
996841,0.023279527
996842,0.033179279
996843,0.010493739
996844,0.010388183
996845,0.0071353689
996846,0.019130461
996847,0.031208353
996848,0.0092543662
996849,0.017051786
996850,0.010551183
996851,0.014760455
996852,0.010799632
996853,0.019831399
996854,0.014226936
996855,0.0065160049
996856,0.03953642
996857,0.007870663
996858,0.0070348405
996859,0.0059074853
996860,0.009369256
996861,0.010443474
996862,0.010660329
996863,0.0070714615
996864,0.013113188
996865,0.014257813
996866,0.0089894012
996867,0.014269302
996868,0.024088062
996869,0.0063173962
996870,0.0085865697
996871,0.024963379
996872,0.013520365
996873,0.01043773
996874,0.006901999
996875,0.0069845761
996876,0.014093377
996877,0.020477654
996878,0.01368839
996879,0.0064130342
996880,0.013709215
996881,0.0160597
996882,0.0098948758
996883,0.010216567
996884,0.010897289
996885,0.031089155
996886,0.0073414524
996887,0.010625144
996888,0.0075662052
996889,0.013501694
996890,0.009296013
996891,0.013187968
996892,0.011895393
996893,0.0062471754
996894,0.01041188
996895,0.0053313547
996896,0.03967429
996897,0.010502355
996898,0.0073838178
996899,0.0064036651
996900,0.01062658
996901,0.013091228
996902,0.0088518178
996903,0.011073213
996904,0.0095481081
996905,0.010328584
996906,0.034295581
996907,0.0074929632
996908,0.030941952
996909,0.028792441
996910,0.017903406
996911,0.027193675
996912,0.021887925
996913,0.010697667
996914,0.016109716
996915,0.011124083
996916,0.013388241
996917,0.010443474
996918,0.0074477252
996919,0.017176729
996920,0.0082210768
996921,0.020620547
996922,0.010516716
996923,0.01105239
996924,0.019261871
996925,0.0070348405
996926,0.0073191924
996927,0.0075697955
996928,0.016773896
996929,0.010101678
996930,0.025411127
996931,0.011744143
996932,0.0072653377
996933,0.010813275
996934,0.016900612
996935,0.0080193011
996936,0.0093864892
996937,0.0070915669
996938,0.020717487
996939,0.013511029
996940,0.0071971221
996941,0.017292337
996942,0.0072610294
996943,0.0073996149
996944,0.0099178534
996945,0.010186409
996946,0.035218325
996947,0.017242791
996948,0.013905245
996949,0.0068474263
996950,0.016675815
996951,0.014016544
996952,0.0067776423
996953,0.013639562
996954,0.0071727079
996955,0.0072495406
996956,0.0072581572
996957,0.0073299631
996958,0.037060548
996959,0.013913143
996960,0.0081248563
996961,0.0070657171
996962,0.010508818
996963,0.010620117
996964,0.009098026
996965,0.010890826
996966,0.0061326488
996967,0.0077335131
996968,0.0072574392
996969,0.0088903094
996970,0.012714178
996971,0.010436294
996972,0.007100184
996973,0.014152976
996974,0.0072172275
996975,0.014085478
996976,0.0072172275
996977,0.037010282
996978,0.014626178
996979,0.0069852942
996980,0.013953355
996981,0.0068488624
996982,0.0068410067
996983,0.012026631
996984,0.017107788
996985,0.020581055
996986,0.017520681
996987,0.010798914
996988,0.0074908086
996989,0.0069400561
996990,0.013049317
996991,0.010167739
996992,0.020677993
996993,0.010722082
996994,0.007563333
996995,0.026851626
996996,0.007540355
996997,0.013821231
996998,0.032229435
996999,0.039333209
997000,0.0071949679
997001,0.0070082722
997002,0.016039625
997003,0.0072610294
997004,0.025161564
997005,0.017302595
997006,0.0065444047
997007,0.016235052
997008,0.023976764
997009,0.0073586856
997010,0.0074628047
997011,0.020188993
997012,0.010642377
997013,0.010366642
997014,0.013601505
997015,0.017385684
997016,0.010922421
997017,0.010457835
997018,0.010977123
997019,0.01051169
997020,0.017964441
997021,0.010377413
997022,0.010267549
997023,0.020402258
997024,0.010635914
997025,0.026005656
997026,0.0074125403
997027,0.0074764476
997028,0.0069630342
997029,0.015548906
997030,0.013964844
997031,0.0069565717
997032,0.0070015583
997033,0.017670754
997034,0.021166274
997035,0.021009486
997036,0.013660386
997037,0.021187099
997038,0.0057981154
997039,0.0072093289
997040,0.026051929
997041,0.020372098
997042,0.023806583
997043,0.022914425
997044,0.0087459786
997045,0.0097225411
997046,0.0072954963
997047,0.014082606
997048,0.0069393381
997049,0.01001551
997050,0.0074714213
997051,0.0073759193
997052,0.02051284
997053,0.010344381
997054,0.0074419808
997055,0.014234834
997056,0.0073428885
997057,0.011894475
997058,0.0080272006
997059,0.039401423
997060,0.017453182
997061,0.0070211971
997062,0.010217285
997063,0.010505227
997064,0.01043773
997065,0.0056367163
997066,0.019400321
997067,0.007196404
997068,0.020785114
997069,0.0067219129
997070,0.011417164
997071,0.0072129192
997072,0.0074175666
997073,0.0074376725
997074,0.010586368
997075,0.010504509
997076,0.0073349895
997077,0.010763729
997078,0.010521024
997079,0.0072222543
997080,0.010513844
997081,0.007518095
997082,0.0066925003
997083,0.010291246
997084,0.0070829503
997085,0.039736759
997086,0.0072150733
997087,0.014180262
997088,0.013758042
997089,0.0073077031
997090,0.007327809
997091,0.011460966
997092,0.0083596623
997093,0.010714184
997094,0.011382697
997095,0.013926786
997096,0.010223029
997097,0.010255557
997098,0.010424805
997099,0.010420497
997100,0.0072854436
997101,0.015903607
997102,0.0070427391
997103,0.0069551356
997104,0.019664092
997105,0.023912856
997106,0.0067544077
997107,0.013408361
997108,0.010644531
997109,0.0071231616
997110,0.038982078
997111,0.0071044923
997112,0.0095990347
997113,0.017153034
997114,0.016363166
997115,0.010493021
997116,0.0093326177
997117,0.0072861616
997118,0.011035156
997119,0.030776799
997120,0.016605871
997121,0.0073069851
997122,0.032569796
997123,0.0072639016
997124,0.024597887
997125,0.020408003
997126,0.013945456
997127,0.0073184744
997128,0.010432703
997129,0.014124253
997130,0.0074304915
997131,0.0075245579
997132,0.017070455
997133,0.020726103
997134,0.024011949
997135,0.0041448311
997136,0.0069587259
997137,0.0072308709
997138,0.0072954963
997139,0.014338235
997140,0.010294118
997141,0.012891944
997142,0.024069393
997143,0.0072768265
997144,0.020947983
997145,0.013951919
997146,0.010942526
997147,0.023554768
997148,0.011390597
997149,0.028111357
997150,0.017005112
997151,0.0077385399
997152,0.0065242993
997153,0.023606244
997154,0.0070800781
997155,0.014165901
997156,0.0071231616
997157,0.019603109
997158,0.0058363969
997159,0.010611501
997160,0.0071705538
997161,0.024310661
997162,0.0077040726
997163,0.0068948185
997164,0.0071877874
997165,0.013379624
997166,0.015383417
997167,0.029178316
997168,0.0073838178
997169,0.012858657
997170,0.013866469
997171,0.019047277
997172,0.014005055
997173,0.013844928
997174,0.0072739543
997175,0.014396398
997176,0.02093865
997177,0.0056640627
997178,0.010584214
997179,0.0067734662
997180,0.010467889
997181,0.0071942499
997182,0.0140625
997183,0.0061250576
997184,0.009897748
997185,0.01047866
997186,0.0065846164
997187,0.017509909
997188,0.020326143
997189,0.013253513
997190,0.026083132
997191,0.020243566
997192,0.03028349
997193,0.027313592
997194,0.0077220243
997195,0.023832249
997196,0.025574449
997197,0.017598949
997198,0.013838465
997199,0.010394646
997200,0.011042337
997201,0.0093907481
997202,0.031685144
997203,0.012434568
997204,0.013719267
997205,0.018007886
997206,0.010569853
997207,0.0073364256
997208,0.0080055837
997209,0.011216108
997210,0.0097081801
997211,0.038555428
997212,0.010523897
997213,0.0099565685
997214,0.011521284
997215,0.0064298678
997216,0.010613655
997217,0.0071188533
997218,0.010621553
997219,0.03098001
997220,0.0072840075
997221,0.0017560192
997222,0.0077665439
997223,0.012389002
997224,0.0069860122
997225,0.006542705
997226,0.0072222543
997227,0.010642377
997228,0.010347255
997229,0.0072818534
997230,0.006996783
997231,0.0077442843
997232,0.0097426474
997233,0.0064120889
997234,0.01032643
997235,0.02995372
997236,0.002673394
997237,0.035015021
997238,0.030659037
997239,0.0060554054
997240,0.0025216201
997241,0.024179975
997242,0.007114545
997243,0.017118566
997244,0.0088393996
997245,0.013995002
997246,0.0067655677
997247,0.01071921
997248,0.010596422
997249,0.0071202894
997250,0.007305549
997251,0.0074376725
997252,0.0020481679
997253,0.01741728
997254,0.010783835
997255,0.0092967311
997256,0.017284438
997257,0.014183134
997258,0.022661949
997259,0.0063826074
997260,0.017561609
997261,0.015235093
997262,0.0071935318
997263,0.02421516
997264,0.0071188533
997265,0.0071088006
997266,0.010428395
997267,0.020554526
997268,0.010438448
997269,0.015671674
997270,0.0070161708
997271,0.013161848
997272,0.014284381
997273,0.0069867303
997274,0.011629711
997275,0.020965936
997276,0.0072265626
997277,0.017999491
997278,0.00570571
997279,0.010605038
997280,0.0070269415
997281,0.013932531
997282,0.0072998046
997283,0.011231905
997284,0.0070542279
997285,0.01735409
997286,0.0081112133
997287,0.017889045
997288,0.026664464
997289,0.036022339
997290,0.025488963
997291,0.0069917566
997292,0.013823385
997293,0.020464011
997294,0.030320112
997295,0.0076013901
997296,0.0078347595
997297,0.036969353
997298,0.0071806065
997299,0.0072574392
997300,0.0078699449
997301,0.0061250576
997302,0.013941147
997303,0.011104808
997304,0.02325655
997305,0.039912682
997306,0.0066485237
997307,0.010699104
997308,0.016727932
997309,0.0072531309
997310,0.0068862019
997311,0.0075195311
997312,0.0099401679
997313,0.0072057387
997314,0.0073235007
997315,0.0036974023
997316,0.021195715
997317,0.0078821518
997318,0.039502673
997319,0.0070937211
997320,0.0071281884
997321,0.017167395
997322,0.010416231
997323,0.010886517
997324,0.010994945
997325,0.011891085
997326,0.010578469
997327,0.0095538329
997328,0.023833152
997329,0.01750919
997330,0.026945226
997331,0.013982077
997332,0.01090447
997333,0.0071626552
997334,0.0069572898
997335,0.010592831
997336,0.010602166
997337,0.0064503313
997338,0.02392219
997339,0.010100959
997340,0.007233025
997341,0.013673311
997342,0.0022563592
997343,0.010321404
997344,0.0073098578
997345,0.0084221335
997346,0.010029153
997347,0.017672909
997348,0.0089075426
997349,0.010406854
997350,0.01129653
997351,0.0071231616
997352,0.014321002
997353,0.0075640511
997354,0.0088443533
997355,0.010510254
997356,0.010684025
997357,0.029813878
997358,0.0071691177
997359,0.011628993
997360,0.014182416
997361,0.0075755399
997362,0.0069113337
997363,0.0070168888
997364,0.0068969727
997365,0.0075482535
997366,0.014185288
997367,0.0074462891
997368,0.0070800781
997369,0.0070448932
997370,0.0016758314
997371,0.0082936008
997372,0.010677562
997373,0.0094259819
997374,0.0079733459
997375,0.020634191
997376,0.007813218
997377,0.010724236
997378,0.030503217
997379,0.035902936
997380,0.014030187
997381,0.0070506376
997382,0.0071396772
997383,0.0075137867
997384,0.013671875
997385,0.016919663
997386,0.010504509
997387,0.030473059
997388,0.01384421
997389,0.02393727
997390,0.024057904
997391,0.010589959
997392,0.028652292
997393,0.012931154
997394,0.0074240291
997395,0.00891471
997396,0.0071899416
997397,0.013845646
997398,0.0071497299
997399,0.0071561923
997400,0.0069429288
997401,0.013391654
997402,0.0070427391
997403,0.013136978
997404,0.0076552448
997405,0.0063081631
997406,0.0096737128
997407,0.017567562
997408,0.010537541
997409,0.0075482535
997410,0.0069666244
997411,0.039759018
997412,0.01071562
997413,0.0097701913
997414,0.010836972
997415,0.0072078928
997416,0.0074498793
997417,0.011112707
997418,0.0075762579
997419,0.0080429977
997420,0.027482621
997421,0.039466769
997422,0.012773581
997423,0.037779324
997424,0.010377413
997425,0.019982193
997426,0.01754294
997427,0.014237707
997428,0.0064137233
997429,0.0068933824
997430,0.022453038
997431,0.010360898
997432,0.019197743
997433,0.013725012
997434,0.0073629939
997435,0.023317168
997436,0.0073680202
997437,0.01114502
997438,0.010572007
997439,0.010300775
997440,0.019951316
997441,0.0073335534
997442,0.013916016
997443,0.0084443931
997444,0.028010109
997445,0.006358874
997446,0.0072703641
997447,0.007136805
997448,0.010560518
997449,0.0106711
997450,0.0069536995
997451,0.0078354776
997452,0.0065483451
997453,0.013824822
997454,0.0078627644
997455,0.014276482
997456,0.036721621
997457,0.010208668
997458,0.0020357573
997459,0.0073349895
997460,0.0070937211
997461,0.011971507
997462,0.0074936813
997463,0.0079934513
997464,0.027912455
997465,0.01372932
997466,0.01048943
997467,0.0055211685
997468,0.008781882
997469,0.020691637
997470,0.0075145047
997471,0.0074355183
997472,0.013674029
997473,0.0072308709
997474,0.0070326859
997475,0.010544003
997476,0.010627298
997477,0.0099523207
997478,0.013948329
997479,0.0070039639
997480,0.0090403836
997481,0.010629452
997482,0.0094496785
997483,0.030773927
997484,0.017293774
997485,0.013366699
997486,0.0096779373
997487,0.0071289064
997488,0.0076121609
997489,0.0080264825
997490,0.0067934622
997491,0.0080056582
997492,0.0082561141
997493,0.0092581054
997494,0.0073701749
997495,0.0073421705
997496,0.015454819
997497,0.020707434
997498,0.014234834
997499,0.0054644416
997500,0.024006205
997501,0.010673254
997502,0.008223949
997503,0.0073787915
997504,0.0082268212
997505,0.0072868797
997506,0.0071834787
997507,0.013017231
997508,0.011660587
997509,0.01113712
997510,0.010765883
997511,0.0062607708
997512,0.0016193592
997513,0.0070520737
997514,0.0071432674
997515,0.023828125
997516,0.010874311
997517,0.016882325
997518,0.010685461
997519,0.013859289
997520,0.0072725182
997521,0.010513126
997522,0.0078160902
997523,0.011004279
997524,0.0071920957
997525,0.020496324
997526,0.0075303023
997527,0.010655303
997528,0.0094781062
997529,0.0075008618
997530,0.013579963
997531,0.024287684
997532,0.0070398669
997533,0.0062022102
997534,0.010186409
997535,0.012719094
997536,0.017401483
997537,0.016142385
997538,0.025623078
997539,0.0095667224
997540,0.0070391488
997541,0.014005055
997542,0.010280474
997543,0.010571289
997544,0.0071123908
997545,0.0072430777
997546,0.024199363
997547,0.0072373333
997548,0.013932531
997549,0.0070542279
997550,0.010988482
997551,0.0107228
997552,0.0056181066
997553,0.012229291
997554,0.010616527
997555,0.017026654
997556,0.020612076
997557,0.013805434
997558,0.0073608398
997559,0.014035214
997560,0.020350846
997561,0.010812557
997562,0.020537253
997563,0.0074269013
997564,0.010515998
997565,0.010587086
997566,0.019439338
997567,0.007291188
997568,0.010498047
997569,0.0099402936
997570,0.0074039237
997571,0.006996783
997572,0.027251838
997573,0.0056475471
997574,0.0064521567
997575,0.0062747691
997576,0.011435834
997577,0.0063943304
997578,0.0076387292
997579,0.0390625
997580,0.0071439855
997581,0.0084903492
997582,0.022521731
997583,0.007042021
997584,0.005551327
997585,0.010328584
997586,0.010610783
997587,0.0069285673
997588,0.017198989
997589,0.014005773
997590,0.015590533
997591,0.033985812
997592,0.0080236094
997593,0.0072423597
997594,0.0064073545
997595,0.017365579
997596,0.033010527
997597,0.010467889
997598,0.0079525216
997599,0.013583554
997600,0.0070082722
997601,0.017199706
997602,0.0083388388
997603,0.010470043
997604,0.014175235
997605,0.0072222543
997606,0.014136461
997607,0.011238902
997608,0.017460363
997609,0.0064122817
997610,0.0069285673
997611,0.0086799171
997612,0.0058148555
997613,0.0068711224
997614,0.010449219
997615,0.0081413714
997616,0.0070772059
997617,0.038625918
997618,0.027689856
997619,0.039652027
997620,0.010628016
997621,0.0068991268
997622,0.038120404
997623,0.023701746
997624,0.014432301
997625,0.013546932
997626,0.011830631
997627,0.02053079
997628,0.0075116325
997629,0.0072725182
997630,0.0072531309
997631,0.010452809
997632,0.0071432674
997633,0.0074053598
997634,0.0069486732
997635,0.016964182
997636,0.010749368
997637,0.0073098578
997638,0.0071238796
997639,0.019502917
997640,0.014013672
997641,0.0081600416
997642,0.010718492
997643,0.007137523
997644,0.030733714
997645,0.020565256
997646,0.007173426
997647,0.023185657
997648,0.0071396772
997649,0.0075482535
997650,0.014234116
997651,0.0061523439
997652,0.039443791
997653,0.013468664
997654,0.0088120401
997655,0.0073507871
997656,0.0070183249
997657,0.020909926
997658,0.017247099
997659,0.020993222
997660,0.030606618
997661,0.0077378219
997662,0.0064661363
997663,0.0072430777
997664,0.020004146
997665,0.028028781
997666,0.039368395
997667,0.020597864
997668,0.010474351
997669,0.0070958757
997670,0.034517176
997671,0.0071181352
997672,0.010482968
997673,0.0069393381
997674,0.0059132297
997675,0.025195312
997676,0.014411477
997677,0.0073227827
997678,0.010484404
997679,0.0090130977
997680,0.017400047
997681,0.0073378617
997682,0.013869341
997683,0.0091559915
997684,0.0070657171
997685,0.013979205
997686,0.0082340017
997687,0.010611501
997688,0.032625932
997689,0.0060069785
997690,0.010449219
997691,0.014092659
997692,0.006609668
997693,0.0061100945
997694,0.0076286765
997695,0.01613318
997696,0.0073005226
997697,0.011625402
997698,0.010214413
997699,0.033311293
997700,0.0075482535
997701,0.027929688
997702,0.014018699
997703,0.0070642806
997704,0.014005773
997705,0.019970704
997706,0.010309197
997707,0.0073385797
997708,0.0091710705
997709,0.0069572898
997710,0.0072265626
997711,0.0072272806
997712,0.010553338
997713,0.0072840075
997714,0.013904527
997715,0.0076976102
997716,0.037221678
997717,0.010794606
997718,0.010573443
997719,0.010477941
997720,0.010341509
997721,0.0070571001
997722,0.010468607
997723,0.0069027171
997724,0.0073299631
997725,0.0073335534
997726,0.0094186375
997727,0.010768037
997728,0.0071131089
997729,0.010631606
997730,0.0077844956
997731,0.0071281884
997732,0.010627298
997733,0.0069838581
997734,0.013480871
997735,0.0085700536
997736,0.01995777
997737,0.0070865406
997738,0.01063017
997739,0.010157686
997740,0.0064454046
997741,0.01060791
997742,0.014054601
997743,0.01199664
997744,0.0072344611
997745,0.0076530906
997746,0.039494772
997747,0.013496668
997748,0.0075367647
997749,0.037115838
997750,0.025672823
997751,0.007195686
997752,0.039676443
997753,0.0074620866
997754,0.015659466
997755,0.010493739
997756,0.0065769781
997757,0.0071928138
997758,0.010317096
997759,0.010439884
997760,0.020560231
997761,0.01430305
997762,0.0073680202
997763,0.0068639419
997764,0.021615664
997765,0.0076545267
997766,0.011457376
997767,0.0091028549
997768,0.022918137
997769,0.0059347712
997770,0.011920525
997771,0.01044491
997772,0.013076602
997773,0.0072753904
997774,0.010628734
997775,0.0071676816
997776,0.011583037
997777,0.010340073
997778,0.013863597
997779,0.0070312498
997780,0.027656106
997781,0.038570628
997782,0.0072143553
997783,0.010638786
997784,0.0072086109
997785,0.010639505
997786,0.016618079
997787,0.017364861
997788,0.0065552867
997789,0.035258722
997790,0.007077924
997791,0.014274328
997792,0.0083948392
997793,0.013867187
997794,0.012550983
997795,0.0065084971
997796,0.0063376036
997797,0.0021539538
997798,0.010426241
997799,0.036060289
997800,0.012890625
997801,0.014104147
997802,0.014903349
997803,0.0060755112
997804,0.0073694563
997805,0.007114545
997806,0.0078519937
997807,0.013414937
997808,0.019894589
997809,0.0072122011
997810,0.010760857
997811,0.0096536074
997812,0.010474351
997813,0.0072201001
997814,0.014282227
997815,0.0071985582
997816,0.020637782
997817,0.016595544
997818,0.010480814
997819,0.0079654474
997820,0.012227762
997821,0.036580592
997822,0.0070815142
997823,0.024253218
997824,0.033509739
997825,0.025454532
997826,0.008826402
997827,0.010699104
997828,0.010741469
997829,0.0083891023
997830,0.027907427
997831,0.0078448132
997832,0.014482565
997833,0.010574161
997834,0.032690212
997835,0.005139878
997836,0.032697611
997837,0.010363052
997838,0.0064323875
997839,0.0078239888
997840,0.010523897
997841,0.0063972026
997842,0.012111529
997843,0.0074383905
997844,0.0083812037
997845,0.0074606501
997846,0.0072725182
997847,0.0074125403
997848,0.006946519
997849,0.020696662
997850,0.013361673
997851,0.01716524
997852,0.013820513
997853,0.0076832492
997854,0.0085217841
997855,0.0071583469
997856,0.0074943993
997857,0.014017981
997858,0.0073479149
997859,0.0070944391
997860,0.017289465
997861,0.01060432
997862,0.007349351
997863,0.0069529815
997864,0.0071116728
997865,0.0072847256
997866,0.010732853
997867,0.0071727079
997868,0.0070980298
997869,0.032620922
997870,0.0094453702
997871,0.010234519
997872,0.01039321
997873,0.0072524128
997874,0.0019912701
997875,0.01415513
997876,0.0075719496
997877,0.0013803125
997878,0.0018543783
997879,0.010422651
997880,0.0070326859
997881,0.010468607
997882,0.010549029
997883,0.0073263729
997884,0.014270738
997885,0.021117445
997886,0.0065792422
997887,0.018288085
997888,0.0081505431
997889,0.007739258
997890,0.010811121
997891,0.026314549
997892,0.019101348
997893,0.003328748
997894,0.0070822323
997895,0.013938993
997896,0.0072631836
997897,0.011050235
997898,0.010483686
997899,0.01734332
997900,0.039671414
997901,0.0078053195
997902,0.012860467
997903,0.038729321
997904,0.010185691
997905,0.010307761
997906,0.027013442
997907,0.01175609
997908,0.0080451518
997909,0.010987764
997910,0.026686914
997911,0.038814049
997912,0.011209645
997913,0.010496611
997914,0.010376695
997915,0.0071569108
997916,0.0075109145
997917,0.0070657171
997918,0.014198214
997919,0.0070283776
997920,0.028522087
997921,0.015538094
997922,0.010432703
997923,0.0069544176
997924,0.0071841967
997925,0.021433124
997926,0.0064937696
997927,0.011029412
997928,0.017380659
997929,0.0094992248
997930,0.0062384065
997931,0.0073263729
997932,0.0072516948
997933,0.023690257
997934,0.0072337431
997935,0.014249913
997936,0.0092321057
997937,0.0108262
997938,0.0071238796
997939,0.012697467
997940,0.0071920957
997941,0.027269071
997942,0.01797593
997943,0.010277602
997944,0.0075195311
997945,0.017262178
997946,0.011064596
997947,0.028923262
997948,0.0073780734
997949,0.007459932
997950,0.020550895
997951,0.039430864
997952,0.012891937
997953,0.010111731
997954,0.010753676
997955,0.013670439
997956,0.021010455
997957,0.0069874483
997958,0.0074125403
997959,0.010760857
997960,0.0072954963
997961,0.013284355
997962,0.00647859
997963,0.010136862
997964,0.0070657171
997965,0.011500459
997966,0.0083582262
997967,0.010307761
997968,0.010813993
997969,0.021050666
997970,0.014112046
997971,0.013941865
997972,0.020421645
997973,0.010792452
997974,0.034110755
997975,0.012379366
997976,0.010256778
997977,0.02694379
997978,0.013871496
997979,0.0084616272
997980,0.007584875
997981,0.03949549
997982,0.0068718405
997983,0.0074735754
997984,0.007004682
997985,0.014371984
997986,0.015136001
997987,0.011640482
997988,0.011020795
997989,0.011951402
997990,0.010453527
997991,0.0070822323
997992,0.017567353
997993,0.013327206
997994,0.039331771
997995,0.013751579
997996,0.0043125716
997997,0.015625
997998,0.0069730869
997999,0.0022866547
998000,0.010661765
998001,0.017427333
998002,0.030833252
998003,0.010485122
998004,0.024628762
998005,0.0070793601
998006,0.01114143
998007,0.018511605
998008,0.039485436
998009,0.01621777
998010,0.0060460707
998011,0.0062018898
998012,0.0096744318
998013,0.016432818
998014,0.011661305
998015,0.012502872
998016,0.010644531
998017,0.0070434571
998018,0.0095190322
998019,0.013295362
998020,0.010668945
998021,0.0083309393
998022,0.021324966
998023,0.010569853
998024,0.0098262178
998025,0.014292997
998026,0.0068689683
998027,0.0073515051
998028,0.0069587259
998029,0.0077579273
998030,0.0069738054
998031,0.0074534696
998032,0.03684872
998033,0.0029598873
998034,0.016083706
998035,0.0065336339
998036,0.007019761
998037,0.0063968101
998038,0.0072861616
998039,0.030873736
998040,0.0075252759
998041,0.013776712
998042,0.022302821
998043,0.011486098
998044,0.033932675
998045,0.020660041
998046,0.007775879
998047,0.013683364
998048,0.0071102367
998049,0.0070484835
998050,0.0071576289
998051,0.006996783
998052,0.0073931525
998053,0.0068933824
998054,0.0071806065
998055,0.0068711224
998056,0.0071992762
998057,0.014896168
998058,0.0080559226
998059,0.0075137867
998060,0.0074987076
998061,0.013388241
998062,0.013678337
998063,0.010075827
998064,0.010500919
998065,0.0066249818
998066,0.0064151539
998067,0.0070693074
998068,0.0075202491
998069,0.009017406
998070,0.017057531
998071,0.0070571001
998072,0.0062614889
998073,0.0072531309
998074,0.021714872
998075,0.010617963
998076,0.006901281
998077,0.010901597
998078,0.0063736448
998079,0.0059268726
998080,0.010455681
998081,0.0076775048
998082,0.01039321
998083,0.010908778
998084,0.023932245
998085,0.014912684
998086,0.039552219
998087,0.033763211
998088,0.0073069851
998089,0.0082367854
998090,0.006901999
998091,0.017306698
998092,0.007306267
998093,0.020469038
998094,0.0076638614
998095,0.0075899013
998096,0.01087072
998097,0.0075303023
998098,0.0072366153
998099,0.01451057
998100,0.020579619
998101,0.0071016201
998102,0.0077672624
998103,0.01079317
998104,0.030885944
998105,0.017476879
998106,0.010631606
998107,0.013844928
998108,0.0076437555
998109,0.013649615
998110,0.01733291
998111,0.008429314
998112,0.022684094
998113,0.018544599
998114,0.021285472
998115,0.011953556
998116,0.022378847
998117,0.007077924
998118,0.033087272
998119,0.0071856328
998120,0.0085865697
998121,0.024242446
998122,0.025154976
998123,0.01396269
998124,0.017095588
998125,0.03430032
998126,0.0094518326
998127,0.010295554
998128,0.013639562
998129,0.0079733459
998130,0.0073895622
998131,0.016806209
998132,0.013476497
998133,0.010574161
998134,0.010819738
998135,0.0086418604
998136,0.006161775
998137,0.0060913088
998138,0.02605135
998139,0.0070542279
998140,0.008165786
998141,0.017749023
998142,0.0070104264
998143,0.0071095186
998144,0.016342342
998145,0.0070255054
998146,0.0070822323
998147,0.017666446
998148,0.0072122011
998149,0.017015165
998150,0.010314223
998151,0.039242733
998152,0.017092716
998153,0.015989549
998154,0.012685946
998155,0.0070025274
998156,0.0074218749
998157,0.033557128
998158,0.010873592
998159,0.016957721
998160,0.0139591
998161,0.0070211971
998162,0.0066054245
998163,0.0024376852
998164,0.013572782
998165,0.0075274301
998166,0.0072954963
998167,0.013544442
998168,0.0062112249
998169,0.0066399928
998170,0.0089211855
998171,0.010273294
998172,0.010709874
998173,0.020714615
998174,0.026074804
998175,0.036748189
998176,0.0071913777
998177,0.010428395
998178,0.011595267
998179,0.013209209
998180,0.014967974
998181,0.014426556
998182,0.011187385
998183,0.01072639
998184,0.01372573
998185,0.010602884
998186,0.0071640913
998187,0.011259191
998188,0.010038488
998189,0.012465533
998190,0.0095907198
998191,0.011251292
998192,0.0080451518
998193,0.010409008
998194,0.010234519
998195,0.017188936
998196,0.0070477654
998197,0.0078469673
998198,0.030284926
998199,0.021021226
998200,0.013401885
998201,0.0099476529
998202,0.013511029
998203,0.015101533
998204,0.017382812
998205,0.014080452
998206,0.030707864
998207,0.010579187
998208,0.0072351792
998209,0.012946504
998210,0.029812619
998211,0.0071490118
998212,0.008150707
998213,0.0092313876
998214,0.0069773956
998215,0.013203699
998216,0.010531796
998217,0.013737937
998218,0.0072610294
998219,0.0075216852
998220,0.0073830998
998221,0.0072703641
998222,0.0088278381
998223,0.0072409236
998224,0.01632553
998225,0.0072078928
998226,0.031760212
998227,0.010712029
998228,0.0070664352
998229,0.0076976102
998230,0.0081866095
998231,0.010444192
998232,0.013668285
998233,0.0074211569
998234,0.0070535098
998235,0.0066546872
998236,0.027561322
998237,0.013807588
998238,0.0073665841
998239,0.011882468
998240,0.0068589156
998241,0.039377011
998242,0.0074247471
998243,0.011954039
998244,0.010431267
998245,0.0072071748
998246,0.010638068
998247,0.016888786
998248,0.010661765
998249,0.0074793198
998250,0.024955982
998251,0.0072775446
998252,0.0075066062
998253,0.0075051701
998254,0.0072481045
998255,0.0092687272
998256,0.01553237
998257,0.0074039237
998258,0.019213572
998259,0.019124135
998260,0.010345099
998261,0.010502355
998262,0.0098970495
998263,0.016962029
998264,0.010444192
998265,0.0069910386
998266,0.021671789
998267,0.017619055
998268,0.010261805
998269,0.013847082
998270,0.0068323473
998271,0.010816866
998272,0.010337919
998273,0.012830962
998274,0.007445571
998275,0.010931755
998276,0.0073665841
998277,0.023487076
998278,0.0094180834
998279,0.010596422
998280,0.014078298
998281,0.0072646197
998282,0.019275544
998283,0.0072861616
998284,0.015521599
998285,0.024702005
998286,0.020706715
998287,0.013939711
998288,0.036719467
998289,0.034353457
998290,0.013363891
998291,0.035608135
998292,0.0093647782
998293,0.020158118
998294,0.0071403952
998295,0.017479032
998296,0.0071468577
998297,0.010951143
998298,0.039467487
998299,0.0069364659
998300,0.014315258
998301,0.023254978
998302,0.030748075
998303,0.010112449
998304,0.0069623161
998305,0.014055319
998306,0.010714902
998307,0.021220846
998308,0.013761632
998309,0.0073105758
998310,0.0071332147
998311,0.010460707
998312,0.010630888
998313,0.007019761
998314,0.010801069
998315,0.028351907
998316,0.0073529412
998317,0.026673082
998318,0.010475787
998319,0.0070592542
998320,0.012971206
998321,0.0070054
998322,0.036980122
998323,0.031308882
998324,0.0077923941
998325,0.013586415
998326,0.013822667
998327,0.0076660155
998328,0.016949821
998329,0.017066866
998330,0.014073989
998331,0.010667509
998332,0.010621553
998333,0.017635569
998334,0.010420497
998335,0.010428395
998336,0.021128217
998337,0.016865809
998338,0.017269358
998339,0.010095457
998340,0.005859375
998341,0.010667509
998342,0.0073263729
998343,0.0080494601
998344,0.0059168199
998345,0.017257152
998346,0.0067598233
998347,0.0071116728
998348,0.012953096
998349,0.0098188994
998350,0.0072157914
998351,0.0070018093
998352,0.02700698
998353,0.0072868797
998354,0.0065281182
998355,0.023899931
998356,0.0080494601
998357,0.010565544
998358,0.01650296
998359,0.01091524
998360,0.013366682
998361,0.0086591663
998362,0.0073888442
998363,0.010294118
998364,0.0072014304
998365,0.013671157
998366,0.0085418839
998367,0.010426241
998368,0.0068036248
998369,0.027746582
998370,0.012961249
998371,0.0071827606
998372,0.03968434
998373,0.039882526
998374,0.038238078
998375,0.01299259
998376,0.0072409236
998377,0.0070736157
998378,0.0069738054
998379,0.032271419
998380,0.0073637119
998381,0.039705884
998382,0.0082543138
998383,0.037454043
998384,0.023949478
998385,0.014352596
998386,0.0071231616
998387,0.027435662
998388,0.010796042
998389,0.0067333677
998390,0.013092401
998391,0.013558421
998392,0.021391746
998393,0.0071109547
998394,0.0072818534
998395,0.017725328
998396,0.036746107
998397,0.0086519131
998398,0.0073019909
998399,0.01979213
998400,0.013867187
998401,0.0071396772
998402,0.0070377127
998403,0.0067454618
998404,0.02400046
998405,0.028736915
998406,0.027688419
998407,0.039649874
998408,0.0073881261
998409,0.0072868797
998410,0.014030187
998411,0.011909036
998412,0.02036061
998413,0.023558851
998414,0.011814252
998415,0.01602855
998416,0.0075094784
998417,0.01079676
998418,0.0064108437
998419,0.013683364
998420,0.020122426
998421,0.027023738
998422,0.024116067
998423,0.007210765
998424,0.0068941005
998425,0.033631809
998426,0.017533606
998427,0.017844915
998428,0.010308479
998429,0.027534036
998430,0.010572007
998431,0.037901394
998432,0.019026512
998433,0.014102711
998434,0.0070980298
998435,0.014187442
998436,0.03929228
998437,0.007365148
998438,0.02081586
998439,0.017263614
998440,0.016486673
998441,0.016839959
998442,0.0071389591
998443,0.0062594516
998444,0.0072445138
998445,0.010708438
998446,0.010560518
998447,0.0064438763
998448,0.01430305
998449,0.0072409236
998450,0.020769905
998451,0.010174202
998452,0.014160874
998453,0.0070836684
998454,0.0073012407
998455,0.0070391488
998456,0.013821231
998457,0.0076401653
998458,0.0074606501
998459,0.0080731558
998460,0.010468607
998461,0.0070097083
998462,0.011368336
998463,0.0073658661
998464,0.0074807559
998465,0.0081040328
998466,0.0072976504
998467,0.0069199507
998468,0.017244944
998469,0.0069357478
998470,0.0063009821
998471,0.0099142632
998472,0.01071131
998473,0.023596276
998474,0.0069860122
998475,0.0070714615
998476,0.019628188
998477,0.0059979609
998478,0.0060668364
998479,0.024564138
998480,0.013677619
998481,0.0067670038
998482,0.010803941
998483,0.010526051
998484,0.0065404791
998485,0.014007928
998486,0.0074197208
998487,0.0074994257
998488,0.0156767
998489,0.0061999955
998490,0.0069788317
998491,0.012047621
998492,0.017041733
998493,0.0071195713
998494,0.0072818534
998495,0.0072840075
998496,0.0057322783
998497,0.0070980298
998498,0.0072524128
998499,0.010963351
998500,0.014165901
998501,0.012928027
998502,0.024032772
998503,0.014054601
998504,0.01048943
998505,0.0069364659
998506,0.010366642
998507,0.00731273
998508,0.0075762579
998509,0.010477941
998510,0.0069587259
998511,0.010868566
998512,0.0075482535
998513,0.0042628716
998514,0.011661305
998515,0.0068833297
998516,0.010279038
998517,0.0070664352
998518,0.013924632
998519,0.023347743
998520,0.0062625334
998521,0.024783865
998522,0.039338235
998523,0.0066555501
998524,0.0078986669
998525,0.010708438
998526,0.010312787
998527,0.027363138
998528,0.027137667
998529,0.013867187
998530,0.0072387694
998531,0.021342916
998532,0.017109232
998533,0.007195686
998534,0.012522978
998535,0.014148667
998536,0.013752297
998537,0.0095785568
998538,0.015947409
998539,0.039595302
998540,0.0066306926
998541,0.008459473
998542,0.005243795
998543,0.010525333
998544,0.0072875977
998545,0.0083754594
998546,0.006677845
998547,0.0072904699
998548,0.0074742935
998549,0.019866435
998550,0.020782111
998551,0.007459214
998552,0.02031609
998553,0.010426959
998554,0.0063038548
998555,0.0071806065
998556,0.017081944
998557,0.0052763098
998558,0.0074211569
998559,0.0073988969
998560,0.006996783
998561,0.010634478
998562,0.0075504077
998563,0.010824764
998564,0.010625862
998565,0.0070075542
998566,0.039710909
998567,0.010534668
998568,0.0063472982
998569,0.017204734
998570,0.019514017
998571,0.009383617
998572,0.0071023381
998573,0.022454474
998574,0.0098465225
998575,0.017510626
998576,0.0072495406
998577,0.0072624655
998578,0.014022289
998579,0.01033002
998580,0.0079194913
998581,0.0098446114
998582,0.0065427828
998583,0.020291677
998584,0.0077234604
998585,0.027478028
998586,0.010549747
998587,0.016860064
998588,0.0073005226
998589,0.009860782
998590,0.013510311
998591,0.012262322
998592,0.013821231
998593,0.0065372242
998594,0.0047184094
998595,0.0072840075
998596,0.0071116728
998597,0.011868106
998598,0.021444881
998599,0.0075058881
998600,0.020834114
998601,0.0095207663
998602,0.01071131
998603,0.011435834
998604,0.0096223187
998605,0.039135743
998606,0.0072610294
998607,0.013327206
998608,0.0078089098
998609,0.016886633
998610,0.029149093
998611,0.017399328
998612,0.031291649
998613,0.010619399
998614,0.0073041129
998615,0.0071691177
998616,0.016960593
998617,0.010382439
998618,0.017417997
998619,0.013796099
998620,0.020519301
998621,0.027596507
998622,0.0075654872
998623,0.016948385
998624,0.010803941
998625,0.013702033
998626,0.01349954
998627,0.022303205
998628,0.024230238
998629,0.026564419
998630,0.010026281
998631,0.010903033
998632,0.010926011
998633,0.014038804
998634,0.00698314
998635,0.0090992646
998636,0.0073795095
998637,0.016343947
998638,0.018047737
998639,0.0076536485
998640,0.0068933824
998641,0.0074541876
998642,0.0076681697
998643,0.014038086
998644,0.0069120517
998645,0.030471623
998646,0.0072136372
998647,0.010236673
998648,0.014879653
998649,0.010650275
998650,0.0056525734
998651,0.007093003
998652,0.0073328353
998653,0.017303826
998654,0.0072840075
998655,0.0063022114
998656,0.0073694563
998657,0.018582299
998658,0.013930377
998659,0.011094755
998660,0.015975123
998661,0.011096261
998662,0.020588236
998663,0.010846307
998664,0.020377126
998665,0.010426241
998666,0.014201804
998667,0.0071482938
998668,0.0075755399
998669,0.010618681
998670,0.0072617475
998671,0.0070283776
998672,0.0066715018
998673,0.015538404
998674,0.017601103
998675,0.026081039
998676,0.033584416
998677,0.020161707
998678,0.0075453813
998679,0.01081543
998680,0.0079395967
998681,0.0069716508
998682,0.0078347595
998683,0.010671818
998684,0.0075913374
998685,0.010549747
998686,0.037531596
998687,0.0023648224
998688,0.0064366958
998689,0.0072459499
998690,0.0071748621
998691,0.0074175666
998692,0.017087689
998693,0.0085757989
998694,0.0078189624
998695,0.0075949277
998696,0.0074132583
998697,0.039455999
998698,0.0072531309
998699,0.013088055
998700,0.006241173
998701,0.0098489197
998702,0.00857508
998703,0.0096580237
998704,0.029472189
998705,0.013659668
998706,0.0091359438
998707,0.010515998
998708,0.017602827
998709,0.0074771657
998710,0.0095795076
998711,0.013970588
998712,0.0072667738
998713,0.0073184744
998714,0.020442469
998715,0.0073199105
998716,0.0065364018
998717,0.0073098578
998718,0.016195089
998719,0.011662676
998720,0.015947938
998721,0.0071971221
998722,0.017946491
998723,0.0072524128
998724,0.013904527
998725,0.01039321
998726,0.01389232
998727,0.0059139477
998728,0.014234834
998729,0.011573419
998730,0.017722255
998731,0.0073852539
998732,0.010772346
998733,0.010145479
998734,0.010875747
998735,0.010861386
998736,0.0077471565
998737,0.010340791
998738,0.0066930433
998739,0.0072840075
998740,0.0093654236
998741,0.0027932166
998742,0.011879596
998743,0.0066436916
998744,0.0080896718
998745,0.0071425494
998746,0.0079561118
998747,0.0074398266
998748,0.0068818936
998749,0.0065720314
998750,0.0072516948
998751,0.0070628445
998752,0.019478831
998753,0.0071633733
998754,0.0072682099
998755,0.0081270104
998756,0.0068151136
998757,0.0071382411
998758,0.0063476814
998759,0.013401885
998760,0.011848719
998761,0.019712254
998762,0.0072624655
998763,0.0065379422
998764,0.010093778
998765,0.0088953357
998766,0.010541131
998767,0.010668227
998768,0.020573156
998769,0.010236673
998770,0.0076559628
998771,0.013558421
998772,0.0068826117
998773,0.0072222543
998774,0.0070614084
998775,0.03687026
998776,0.0075741038
998777,0.009413057
998778,0.01083769
998779,0.014875589
998780,0.018278953
998781,0.0062081981
998782,0.018223662
998783,0.01994198
998784,0.017382812
998785,0.0061014914
998786,0.017053222
998787,0.0080681294
998788,0.0072933421
998789,0.01439568
998790,0.013936121
998791,0.03102022
998792,0.01764706
998793,0.010750804
998794,0.027358111
998795,0.036538221
998796,0.026486386
998797,0.013846364
998798,0.0098870089
998799,0.011325971
998800,0.0080814725
998801,0.0091559915
998802,0.026268531
998803,0.008180147
998804,0.0075130686
998805,0.010549029
998806,0.0077478746
998807,0.010508818
998808,0.010442038
998809,0.0073199105
998810,0.0108262
998811,0.010202924
998812,0.010928883
998813,0.011465993
998814,0.010502355
998815,0.0073615578
998816,0.013582118
998817,0.0020060563
998818,0.0071662455
998819,0.020567412
998820,0.0061766454
998821,0.0063763787
998822,0.0066111637
998823,0.01037454
998824,0.035521112
998825,0.014186006
998826,0.0073479149
998827,0.038568474
998828,0.009027862
998829,0.020611214
998830,0.016857911
998831,0.006666244
998832,0.0081823012
998833,0.033599496
998834,0.013332624
998835,0.0074577779
998836,0.019341184
998837,0.0068309112
998838,0.013819077
998839,0.039269302
998840,0.034296732
998841,0.0062136496
998842,0.0073795095
998843,0.0061980491
998844,0.028959015
998845,0.0062631164
998846,0.017326804
998847,0.0070219152
998848,0.010638068
998849,0.0073694563
998850,0.013969152
998851,0.0073486329
998852,0.0069845761
998853,0.030347398
998854,0.010578469
998855,0.006996783
998856,0.0071626552
998857,0.022041304
998858,0.0071885055
998859,0.017882429
998860,0.0073328353
998861,0.016169026
998862,0.0094877239
998863,0.015533088
998864,0.039568014
998865,0.0072674919
998866,0.013034791
998867,0.014788459
998868,0.035395913
998869,0.007196404
998870,0.014071117
998871,0.0075719496
998872,0.010284783
998873,0.014188878
998874,0.0071612191
998875,0.010202206
998876,0.0075022979
998877,0.007019761
998878,0.005873736
998879,0.025689337
998880,0.010732135
998881,0.0072265626
998882,0.013773122
998883,0.017097743
998884,0.0067368452
998885,0.01082261
998886,0.0073077031
998887,0.013788201
998888,0.0072215362
998889,0.0065164007
998890,0.0072617475
998891,0.0066865808
998892,0.010901597
998893,0.0140625
998894,0.013765941
998895,0.031100644
998896,0.0090267407
998897,0.0094259819
998898,0.010582778
998899,0.0073680202
998900,0.0086152917
998901,0.0057408949
998902,0.0075697955
998903,0.017774874
998904,0.039523493
998905,0.025446631
998906,0.038729321
998907,0.023571059
998908,0.013923914
998909,0.0071238796
998910,0.0062375632
998911,0.0073838178
998912,0.012497846
998913,0.0078153722
998914,0.014124971
998915,0.0026026303
998916,0.024111759
998917,0.030073913
998918,0.011074649
998919,0.0070772059
998920,0.033950627
998921,0.0072387694
998922,0.020724667
998923,0.0019865299
998924,0.02507396
998925,0.007159065
998926,0.010767319
998927,0.0068625058
998928,0.0066506779
998929,0.0094353175
998930,0.005858657
998931,0.015250172
998932,0.0061963606
998933,0.0073450427
998934,0.0073141661
998935,0.0073759193
998936,0.0076882755
998937,0.0161964
998938,0.0065860525
998939,0.020439597
998940,0.013848518
998941,0.0082304114
998942,0.0072832895
998943,0.0069343117
998944,0.010756548
998945,0.037672333
998946,0.0080652572
998947,0.0081571694
998948,0.0071138269
998949,0.0070987479
998950,0.016140567
998951,0.0063192961
998952,0.010378849
998953,0.014282945
998954,0.010423369
998955,0.013292739
998956,0.0072315889
998957,0.0063838754
998958,0.013902373
998959,0.0071461396
998960,0.024798226
998961,0.0072402055
998962,0.0077184341
998963,0.03449348
998964,0.023844641
998965,0.036379106
998966,0.018421846
998967,0.01043773
998968,0.034172781
998969,0.0073795095
998970,0.013838465
998971,0.010039612
998972,0.0067626955
998973,0.0071346508
998974,0.01387006
998975,0.016548427
998976,0.007092285
998977,0.03938419
998978,0.0058428594
998979,0.017447438
998980,0.01217041
998981,0.014138615
998982,0.010628734
998983,0.014097685
998984,0.0069623161
998985,0.017470416
998986,0.020886948
998987,0.0070815142
998988,0.010409726
998989,0.020996813
998990,0.0037300889
998991,0.039724551
998992,0.016410874
998993,0.016852167
998994,0.0074541876
998995,0.0076056984
998996,0.0073414524
998997,0.0072351792
998998,0.0073069851
998999,0.017644187
999000,0.010263959
999001,0.0058475621
999002,0.017704504
999003,0.008963068
999004,0.0107228
999005,0.0074836281
999006,0.0071037742
999007,0.017277258
999008,0.021787396
999009,0.0073414524
999010,0.02426686
999011,0.0087021776
999012,0.0049918089
999013,0.027724529
999014,0.0069307215
999015,0.00578319
999016,0.007151884
999017,0.027284151
999018,0.0076380111
999019,0.0071892235
999020,0.034181125
999021,0.0071044923
999022,0.0071813245
999023,0.039336801
999024,0.011987421
999025,0.0075087603
999026,0.022169307
999027,0.0069479551
999028,0.010566263
999029,0.012181181
999030,0.0070807962
999031,0.027047191
999032,0.023469813
999033,0.020669376
999034,0.03340131
999035,0.01028981
999036,0.005991498
999037,0.013834157
999038,0.016182562
999039,0.020958036
999040,0.016773896
999041,0.03833726
999042,0.0089547215
999043,0.0072832895
999044,0.014815028
999045,0.0071885055
999046,0.0062169693
999047,0.0072538489
999048,0.024382468
999049,0.010914522
999050,0.01058206
999051,0.010723518
999052,0.010827636
999053,0.02091567
999054,0.0070915669
999055,0.010536822
999056,0.011210363
999057,0.0070901308
999058,0.0069730869
999059,0.010573443
999060,0.020770622
999061,0.0072078928
999062,0.0092234891
999063,0.037040442
999064,0.015872316
999065,0.017023064
999066,0.0064568473
999067,0.0073436066
999068,0.0069436468
999069,0.0074017695
999070,0.0073148841
999071,0.0073874081
999072,0.013618156
999073,0.011076085
999074,0.0081765568
999075,0.0072452319
999076,0.0067466204
999077,0.0071691177
999078,0.0072840075
999079,0.0071569108
999080,0.023276655
999081,0.010644531
999082,0.0071877874
999083,0.010799632
999084,0.011221134
999085,0.01396269
999086,0.014146513
999087,0.0021711823
999088,0.03926643
999089,0.0072811353
999090,0.006701488
999091,0.0077155619
999092,0.0076660155
999093,0.0071324967
999094,0.014030187
999095,0.0073515051
999096,0.0075116325
999097,0.0092407223
999098,0.015868422
999099,0.0073579676
999100,0.0069637522
999101,0.028766476
999102,0.020935196
999103,0.0062844669
999104,0.039369829
999105,0.0063476563
999106,0.028619744
999107,0.0071885055
999108,0.0074714213
999109,0.0067497701
999110,0.006725356
999111,0.010621553
999112,0.012884467
999113,0.0098230699
999114,0.0094152112
999115,0.014081888
999116,0.021098059
999117,0.019495456
999118,0.039545037
999119,0.010654585
999120,0.024490895
999121,0.0070542279
999122,0.0062136375
999123,0.007826861
999124,0.0086590936
999125,0.01160745
999126,0.014220473
999127,0.014042394
999128,0.013123995
999129,0.0074865003
999130,0.0071289064
999131,0.0061990176
999132,0.010431985
999133,0.017314596
999134,0.039352596
999135,0.017266486
999136,0.017094152
999137,0.0069436468
999138,0.0073342714
999139,0.007233025
999140,0.037379365
999141,0.010641659
999142,0.022068229
999143,0.0074922452
999144,0.040238682
999145,0.017158778
999146,0.0063648899
999147,0.013737937
999148,0.010717056
999149,0.013891602
999150,0.0072718002
999151,0.0075066062
999152,0.015656393
999153,0.010780963
999154,0.0074628047
999155,0.039177388
999156,0.008239028
999157,0.0072976504
999158,0.0068143955
999159,0.0059744413
999160,0.0077026365
999161,0.0071166991
999162,0.0071691177
999163,0.013304228
999164,0.0096376305
999165,0.0063060089
999166,0.006613045
999167,0.0079812445
999168,0.0071727079
999169,0.010519588
999170,0.0073177563
999171,0.012326947
999172,0.011514821
999173,0.010442756
999174,0.0071238796
999175,0.013834875
999176,0.0070542279
999177,0.013637408
999178,0.0075453813
999179,0.0066183652
999180,0.013983513
999181,0.0027998418
999182,0.0069888844
999183,0.0082031246
999184,0.026308643
999185,0.015425379
999186,0.01755802
999187,0.0064412113
999188,0.025995404
999189,0.0074807559
999190,0.032921173
999191,0.010220875
999192,0.0062574493
999193,0.013702033
999194,0.010514562
999195,0.0066391909
999196,0.0073766373
999197,0.0073184744
999198,0.0103968
999199,0.010858513
999200,0.0069723688
999201,0.007518813
999202,0.014975873
999203,0.0072251265
999204,0.012265194
999205,0.0056784237
999206,0.019145651
999207,0.021581313
999208,0.0072610294
999209,0.014086196
999210,0.010377413
999211,0.0072868797
999212,0.0091911769
999213,0.010243136
999214,0.006607437
999215,0.011012896
999216,0.014415068
999217,0.010284064
999218,0.010531078
999219,0.0075015798
999220,0.028265461
999221,0.0072811353
999222,0.039475385
999223,0.0071705538
999224,0.010000426
999225,0.01048943
999226,0.0078239888
999227,0.027179314
999228,0.0070089903
999229,0.010964069
999230,0.0073816637
999231,0.0074161305
999232,0.0071504479
999233,0.0069256951
999234,0.018119542
999235,0.021671789
999236,0.010230211
999237,0.01384421
999238,0.0088730752
999239,0.0071188533
999240,0.013855699
999241,0.012982167
999242,0.0074742935
999243,0.0064750742
999244,0.013896628
999245,0.0076681697
999246,0.0058543487
999247,0.0070843864
999248,0.010253906
999249,0.01778708
999250,0.025202492
999251,0.0072516948
999252,0.03476347
999253,0.0071274703
999254,0.013696109
999255,0.0073457109
999256,0.014046703
999257,0.0064012683
999258,0.013974897
999259,0.0072667738
999260,0.023958812
999261,0.01048943
999262,0.010739315
999263,0.0065256972
999264,0.015028995
999265,0.007255285
999266,0.01385498
999267,0.0082325656
999268,0.0089190314
999269,0.0055498909
999270,0.0073069851
999271,0.010437012
999272,0.019504741
999273,0.010424087
999274,0.01238511
999275,0.017529298
999276,0.010785989
999277,0.0070973118
999278,0.039316695
999279,0.017328957
999280,0.013522519
999281,0.010284783
999282,0.011010024
999283,0.0070728976
999284,0.0080882357
999285,0.0070700254
999286,0.0074498793
999287,0.012779943
999288,0.0018183928
999289,0.027563477
999290,0.017374914
999291,0.017442411
999292,0.0077277687
999293,0.03929228
999294,0.007423311
999295,0.010829072
999296,0.013937557
999297,0.008605239
999298,0.0099343695
999299,0.014211857
999300,0.010260369
999301,0.027045755
999302,0.010808967
999303,0.0071303425
999304,0.013407629
999305,0.0076760687
999306,0.010730699
999307,0.010430549
999308,0.010546875
999309,0.0071454216
999310,0.0076746321
999311,0.025136432
999312,0.011004997
999313,0.006996783
999314,0.0087057678
999315,0.0063325772
999316,0.0071576289
999317,0.017651368
999318,0.0071181352
999319,0.011774041
999320,0.014097685
999321,0.0071274703
999322,0.0067967726
999323,0.00870864
999324,0.010696231
999325,0.02053079
999326,0.010630888
999327,0.007313448
999328,0.007613597
999329,0.013982077
999330,0.039637666
999331,0.017088408
999332,0.0071123908
999333,0.013062191
999334,0.017606847
999335,0.0073694563
999336,0.014158002
999337,0.010493021
999338,0.039533548
999339,0.010416906
999340,0.013941147
999341,0.01084487
999342,0.01379969
999343,0.0064341505
999344,0.010827636
999345,0.031214815
999346,0.0086705824
999347,0.0063008862
999348,0.007137523
999349,0.025939941
999350,0.0072150733
999351,0.035607912
999352,0.006996783
999353,0.010623707
999354,0.017226994
999355,0.007444853
999356,0.022920497
999357,0.0057373047
999358,0.0073005226
999359,0.010417624
999360,0.0105598
999361,0.016315589
999362,0.020730412
999363,0.0079338523
999364,0.0068883561
999365,0.0075367647
999366,0.039098404
999367,0.032998342
999368,0.023415959
999369,0.0074620866
999370,0.017474724
999371,0.01724638
999372,0.001316631
999373,0.0064013735
999374,0.0071576289
999375,0.011055262
999376,0.0075195311
999377,0.017693732
999378,0.0070183249
999379,0.032025505
999380,0.03919965
999381,0.0069917566
999382,0.015955308
999383,0.014193187
999384,0.025884245
999385,0.013606532
999386,0.0064496361
999387,0.010539695
999388,0.0075539984
999389,0.006982422
999390,0.010865694
999391,0.0067464667
999392,0.031196864
999393,0.016324056
999394,0.0061399117
999395,0.013640998
999396,0.0070973118
999397,0.010202924
999398,0.0070894128
999399,0.016957721
999400,0.010699104
999401,0.010236673
999402,0.010103832
999403,0.007444853
999404,0.0074520335
999405,0.021557618
999406,0.017221967
999407,0.0054946002
999408,0.0023305367
999409,0.018398868
999410,0.033725154
999411,0.007408232
999412,0.0064545572
999413,0.016650176
999414,0.0086777629
999415,0.016998651
999416,0.012480612
999417,0.0072236904
999418,0.01053036
999419,0.016877297
999420,0.0077888039
999421,0.0070678713
999422,0.0073565315
999423,0.022520537
999424,0.018497244
999425,0.0071188533
999426,0.025082577
999427,0.0070427391
999428,0.025073241
999429,0.023155937
999430,0.0072524128
999431,0.010852769
999432,0.0054630055
999433,0.018282697
999434,0.0072495406
999435,0.017178165
999436,0.0071827606
999437,0.0072208182
999438,0.0069809859
999439,0.015914379
999440,0.020978861
999441,0.010344381
999442,0.029505113
999443,0.01974236
999444,0.0071131089
999445,0.019072181
999446,0.01160745
999447,0.014052447
999448,0.0072660558
999449,0.0072768265
999450,0.017254997
999451,0.017494829
999452,0.011516257
999453,0.013776712
999454,0.0073608398
999455,0.020066205
999456,0.0070219152
999457,0.0068962546
999458,0.011167279
999459,0.0027412698
999460,0.023786969
999461,0.013930377
999462,0.023298914
999463,0.010358743
999464,0.014065372
999465,0.01037454
999466,0.0063376036
999467,0.0071131089
999468,0.0073371436
999469,0.018203557
999470,0.012612018
999471,0.0072236904
999472,0.0067179394
999473,0.0072516948
999474,0.019473806
999475,0.0072617475
999476,0.0072459499
999477,0.0072021484
999478,0.029917279
999479,0.010435576
999480,0.011029412
999481,0.020772059
999482,0.016727941
999483,0.01058565
999484,0.010969095
999485,0.017474724
999486,0.0078426581
999487,0.01328125
999488,0.006652832
999489,0.010661765
999490,0.0023584266
999491,0.0068933824
999492,0.023793658
999493,0.0072452319
999494,0.017089125
999495,0.022001088
999496,0.0071576289
999497,0.010294118
999498,0.02004936
999499,0.013576373
999500,0.011471737
999501,0.011249856
999502,0.010984174
999503,0.0074951174
999504,0.0065659466
999505,0.035191435
999506,0.023739085
999507,0.0075863111
999508,0.01041188
999509,0.023897776
999510,0.0071705538
999511,0.0084415209
999512,0.010617245
999513,0.031102797
999514,0.0094943065
999515,0.014272892
999516,0.01051528
999517,0.0096887928
999518,0.013322057
999519,0.017471135
999520,0.014016544
999521,0.020290241
999522,0.010857077
999523,0.015205652
999524,0.0059512868
999525,0.020659324
999526,0.0070456113
999527,0.0071095186
999528,0.019697839
999529,0.010660329
999530,0.020029064
999531,0.0072998046
999532,0.0069414922
999533,0.0075712316
999534,0.0077600814
999535,0.010576315
999536,0.013960536
999537,0.010712747
999538,0.039280791
999539,0.0074857823
999540,0.013590734
999541,0.013823385
999542,0.0075863111
999543,0.02555641
999544,0.01063376
999545,0.010361616
999546,0.010466452
999547,0.0070772059
999548,0.0059921597
999549,0.013620174
999550,0.017141543
999551,0.0055829217
999552,0.013039958
999553,0.010946834
999554,0.0099918144
999555,0.010740033
999556,0.0075719496
999557,0.014476103
999558,0.039280791
999559,0.019688081
999560,0.0041208616
999561,0.0076645794
999562,0.016151121
999563,0.0065083788
999564,0.0070614084
999565,0.014111328
999566,0.0068862019
999567,0.01094468
999568,0.024544749
999569,0.01059714
999570,0.0078103459
999571,0.0065787327
999572,0.010459989
999573,0.0060884366
999574,0.023997588
999575,0.007444853
999576,0.016001696
999577,0.0070937211
999578,0.0073084212
999579,0.0071332147
999580,0.010948989
999581,0.013661104
999582,0.009263576
999583,0.0070441752
999584,0.0072962143
999585,0.010904211
999586,0.0072660558
999587,0.030488502
999588,0.0078613283
999589,0.010420497
999590,0.013384086
999591,0.0071655274
999592,0.0072631836
999593,0.010528924
999594,0.01790197
999595,0.0073328353
999596,0.0072516948
999597,0.024075856
999598,0.020734001
999599,0.017601103
999600,0.0070772059
999601,0.0026745393
999602,0.010742906
999603,0.013839183
999604,0.0073529412
999605,0.01669132
999606,0.0069508273
999607,0.0080537684
999608,0.030342372
999609,0.0073077031
999610,0.0071138269
999611,0.010836254
999612,0.0075030159
999613,0.022597773
999614,0.034240723
999615,0.0075618969
999616,0.0071806065
999617,0.0071727079
999618,0.0073292451
999619,0.0071698357
999620,0.0071892235
999621,0.030874453
999622,0.012770738
999623,0.010081572
999624,0.0069199507
999625,0.019881168
999626,0.010779527
999627,0.010301298
999628,0.017253561
999629,0.011027258
999630,0.0025208818
999631,0.035687275
999632,0.0078361956
999633,0.0074994257
999634,0.0060886876
999635,0.0083101159
999636,0.010845589
999637,0.010366642
999638,0.0074635227
999639,0.0070434571
999640,0.0063490923
999641,0.0072416416
999642,0.010894416
999643,0.012271261
999644,0.0085528204
999645,0.001331397
999646,0.0072567211
999647,0.010373822
999648,0.017095588
999649,0.039744657
999650,0.0094611673
999651,0.0067964443
999652,0.0097387657
999653,0.036733828
999654,0.027786301
999655,0.030338064
999656,0.012818101
999657,0.0097634709
999658,0.0068732766
999659,0.010329302
999660,0.018114399
999661,0.027178597
999662,0.014196778
999663,0.020993939
999664,0.017571662
999665,0.007350069
999666,0.014649874
999667,0.0069888844
999668,0.0070750518
999669,0.030353142
999670,0.039747529
999671,0.007217946
999672,0.020565256
999673,0.026768517
999674,0.017277258
999675,0.039491899
999676,0.010462862
999677,0.0070326859
999678,0.0064150132
999679,0.0091567095
999680,0.0066264072
999681,0.0072380514
999682,0.0095409267
999683,0.0071138269
999684,0.017476879
999685,0.010523897
999686,0.012873858
999687,0.024541877
999688,0.0071705538
999689,0.0392255
999690,0.024516495
999691,0.014711627
999692,0.0071023381
999693,0.010549747
999694,0.031991757
999695,0.0073220646
999696,0.0094626034
999697,0.0067591048
999698,0.007269646
999699,0.010648839
999700,0.0087897805
999701,0.0078010112
999702,0.010666791
999703,0.025991641
999704,0.009927907
999705,0.010690487
999706,0.011335306
999707,0.0074075139
999708,0.01728731
999709,0.011179486
999710,0.007503734
999711,0.01028981
999712,0.0061505809
999713,0.014533548
999714,0.017506318
999715,0.022999249
999716,0.0055950815
999717,0.0074218749
999718,0.0070736157
999719,0.0074520335
999720,0.02235279
999721,0.013253964
999722,0.007232307
999723,0.0060242987
999724,0.010337919
999725,0.007269646
999726,0.007400333
999727,0.01100787
999728,0.0087007415
999729,0.034271598
999730,0.0077026365
999731,0.0069156424
999732,0.01474035
999733,0.010806095
999734,0.004668239
999735,0.007459932
999736,0.0070262235
999737,0.0072315889
999738,0.022337431
999739,0.0068057789
999740,0.0069508273
999741,0.00736443
999742,0.014222628
999743,0.0067985984
999744,0.014428711
999745,0.016791236
999746,0.0082756495
999747,0.022846511
999748,0.0089657055
999749,0.0071044923
999750,0.0085406136
999751,0.0072366153
999752,0.010583496
999753,0.013419118
999754,0.014694394
999755,0.017477596
999756,0.030526195
999757,0.0072674919
999758,0.024290556
999759,0.0077610491
999760,0.017428769
999761,0.009675107
999762,0.0095049692
999763,0.010579905
999764,0.0073902803
999765,0.0069702147
999766,0.0071116728
999767,0.0072674919
999768,0.0068581975
999769,0.034553416
999770,0.015017138
999771,0.0073457607
999772,0.0087021776
999773,0.0073371436
999774,0.0075956457
999775,0.0031180007
999776,0.022431228
999777,0.01129653
999778,0.026128074
999779,0.0063516367
999780,0.014096249
999781,0.011419319
999782,0.010580419
999783,0.0075166589
999784,0.01377384
999785,0.01653914
999786,0.0072294348
999787,0.013323355
999788,0.0066829459
999789,0.01113353
999790,0.017026654
999791,0.010617245
999792,0.0072746724
999793,0.023701029
999794,0.009897748
999795,0.010418342
999796,0.010717774
999797,0.019060921
999798,0.0074908086
999799,0.0062076342
999800,0.0080085304
999801,0.017283002
999802,0.0086555034
999803,0.0069759595
999804,0.036085419
999805,0.017262178
999806,0.0075956457
999807,0.0071727079
999808,0.007210765
999809,0.022521973
999810,0.013596479
999811,0.010346537
999812,0.017309571
999813,0.020197609
999814,0.013689826
999815,0.013740809
999816,0.018865608
999817,0.010926011
999818,0.0075051701
999819,0.0076760687
999820,0.014992389
999821,0.011053826
999822,0.0069443649
999823,0.018841285
999824,0.0071727079
999825,0.00457924
999826,0.007034122
999827,0.0068704044
999828,0.0072265626
999829,0.0070527918
999830,0.010500919
999831,0.0087826001
999832,0.010630888
999833,0.0091975164
999834,0.011572984
999835,0.0073270909
999836,0.017797852
999837,0.0074951174
999838,0.0069450829
999839,0.023655791
999840,0.022681976
999841,0.039308079
999842,0.010684743
999843,0.007291188
999844,0.0082505168
999845,0.0070434571
999846,0.013642435
999847,0.0065907971
999848,0.0063878675
999849,0.01074506
999850,0.011868693
999851,0.0024736836
999852,0.028097713
999853,0.010526051
999854,0.0072035845
999855,0.0075791301
999856,0.013351295
999857,0.013857853
999858,0.028183881
999859,0.00556497
999860,0.018150914
999861,0.023918476
999862,0.013845646
999863,0.010640941
999864,0.013694853
999865,0.0071324967
999866,0.020727539
999867,0.0071310606
999868,0.024379596
999869,0.0057333568
999870,0.010857795
999871,0.010898725
999872,0.0072129192
999873,0.01029699
999874,0.0069357478
999875,0.0080128387
999876,0.010483686
999877,0.017966596
999878,0.0070003732
999879,0.01291786
999880,0.0099379597
999881,0.0074872184
999882,0.0073917164
999883,0.01051887
999884,0.01682057
999885,0.0082641598
999886,0.0074470071
999887,0.017903406
999888,0.017446719
999889,0.012143842
999890,0.007327809
999891,0.0076782228
999892,0.0059792912
999893,0.0140625
999894,0.023984661
999895,0.0063157906
999896,0.011132812
999897,0.01730239
999898,0.0098106032
999899,0.027476592
999900,0.013929659
999901,0.010572725
999902,0.010309915
999903,0.030834962
999904,0.0055922563
999905,0.0096211052
999906,0.0068955366
999907,0.0157314
999908,0.019319525
999909,0.00688692
999910,0.0073184744
999911,0.010167739
999912,0.0067038145
999913,0.0071605011
999914,0.036316715
999915,0.015214987
999916,0.010584214
999917,0.0061727464
999918,0.013248937
999919,0.0061163302
999920,0.0072279987
999921,0.0070736157
999922,0.0059613395
999923,0.01058206
999924,0.029722806
999925,0.037077781
999926,0.027024213
999927,0.010689769
999928,0.017499138
999929,0.0073550954
999930,0.0075367647
999931,0.011517693
999932,0.0074139764
999933,0.013752297
999934,0.0071245977
999935,0.0066289324
999936,0.024284812
999937,0.007159065
999938,0.0072387694
999939,0.010618681
999940,0.010947553
999941,0.010569853
999942,0.0073773554
999943,0.014361213
999944,0.010551902
999945,0.0071174172
999946,0.010525333
999947,0.0055441465
999948,0.0069091795
999949,0.0074132583
999950,0.010313505
999951,0.0070671532
999952,0.0075504077
999953,0.023908548
999954,0.010694077
999955,0.021765452
999956,0.030603746
999957,0.0075970818
999958,0.010342945
999959,0.0073335534
999960,0.013717831
999961,0.020739745
999962,0.007151166
999963,0.0068481443
999964,0.0073673022
999965,0.010954733
999966,0.013419118
999967,0.0072129192
999968,0.01909826
999969,0.0071195713
999970,0.0068761487
999971,0.0075985179
999972,0.015386604
999973,0.0073888442
999974,0.0073565315
999975,0.007753619
999976,0.013918888
999977,0.010966223
999978,0.024467917
999979,0.017052505
999980,0.010622271
999981,0.0071662455
999982,0.016965618
999983,0.020588236
999984,0.011873852
999985,0.015952436
999986,0.0071059284
999987,0.0072114831
999988,0.013885139
999989,0.013944738
999990,0.0082016885
999991,0.029223004
999992,0.0069637522
999993,0.007100184
999994,0.011980124
999995,0.01060073
999996,0.010007558
999997,0.013867187
999998,0.0069730869
999999,0.010064338
