LECROYHDO6104B,11090,Waveform
Segments,1,SegmentSize,2933
Segment,TrigTime,TimeSinceSegment1
#1,04-May-2026 18:45:31,0                 
Time,Ampl
997067,0.030272719
997068,0.0071490118
997069,0.021110984
997070,0.039267149
997071,0.0094460882
997072,0.010425523
997073,0.0061626802
997074,0.0074190027
997075,0.015207807
997076,0.0070958757
997077,0.0096567292
997078,0.0073048309
997079,0.020425236
997080,0.0077134077
997081,0.011580883
997082,0.007033404
997083,0.0075970818
997084,0.0073249368
997085,0.016869534
997086,0.027171416
997087,0.0072703641
997088,0.0072840075
997089,0.012857358
997090,0.025857229
997091,0.0074333642
997092,0.0074886545
997093,0.024521053
997094,0.013730038
997095,0.0072337431
997096,0.0077155619
997097,0.017547349
997098,0.017291619
997099,0.013832721
997100,0.018152574
997101,0.017226275
997102,0.0073953066
997103,0.013845646
997104,0.010327866
997105,0.0072380514
997106,0.019755285
997107,0.010601448
997108,0.020381434
997109,0.0071841967
997110,0.010581342
997111,0.020409439
997112,0.010260369
997113,0.0071949679
997114,0.01391458
997115,0.0023248421
997116,0.0068215765
997117,0.0043017659
997118,0.010665355
997119,0.010615809
997120,0.006960162
997121,0.017304543
997122,0.011243394
997123,0.0098632816
997124,0.0061566504
997125,0.020226333
997126,0.0095430259
997127,0.0070973118
997128,0.017217658
997129,0.0068502985
997130,0.0075159408
997131,0.0069637522
997132,0.010493021
997133,0.0071712718
997134,0.013267743
997135,0.03136402
997136,0.010743624
997137,0.0071942499
997138,0.0075310203
997139,0.011086857
997140,0.016626695
997141,0.018032657
997142,0.0097677791
997143,0.0070427391
997144,0.0073795095
997145,0.0068474263
997146,0.014142923
997147,0.013147563
997148,0.0071066464
997149,0.010640941
997150,0.010735007
997151,0.0064285179
997152,0.022894606
997153,0.0097519821
997154,0.010281192
997155,0.010249598
997156,0.0072567211
997157,0.014309512
997158,0.0068517351
997159,0.0070815142
997160,0.0062749675
997161,0.0074462891
997162,0.039453126
997163,0.0098704621
997164,0.016295319
997165,0.007349351
997166,0.014028033
997167,0.017589614
997168,0.030358266
997169,0.009429751
997170,0.01892449
997171,0.0063878666
997172,0.0027698637
997173,0.013579963
997174,0.0071131089
997175,0.0070448932
997176,0.016309587
997177,0.0158515
997178,0.01079711
997179,0.010447782
997180,0.039430149
997181,0.019419834
997182,0.016704964
997183,0.013397057
997184,0.01428079
997185,0.014435174
997186,0.024360927
997187,0.0078512756
997188,0.01567311
997189,0.011517959
997190,0.0076746321
997191,0.0073874081
997192,0.033559281
997193,0.014164465
997194,0.01043773
997195,0.0075834384
997196,0.020909926
997197,0.016964901
997198,0.0097766789
997199,0.013752297
997200,0.019456957
997201,0.00736443
997202,0.013924632
997203,0.0030316128
997204,0.014423684
997205,0.0095257927
997206,0.01051887
997207,0.037415989
997208,0.027529728
997209,0.0054974724
997210,0.005682359
997211,0.0092754178
997212,0.0040893122
997213,0.0063967453
997214,0.011229751
997215,0.013453584
997216,0.010007611
997217,0.0056870403
997218,0.010641659
997219,0.024152689
997220,0.016842831
997221,0.0046515907
997222,0.012985023
997223,0.0065142633
997224,0.010386029
997225,0.010387465
997226,0.013876522
997227,0.011261346
997228,0.0022684061
997229,0.010512408
997230,0.007349351
997231,0.010471479
997232,0.0065006032
997233,0.031907745
997234,0.013565602
997235,0.013791791
997236,0.0071131089
997237,0.017137911
997238,0.015758201
997239,0.0017778302
997240,0.010684743
997241,0.015555487
997242,0.0097720874
997243,0.0095085595
997244,0.010516716
997245,0.0072954963
997246,0.0073227827
997247,0.006512092
997248,0.010719928
997249,0.021026971
997250,0.014771944
997251,0.019120026
997252,0.0073206285
997253,0.010294118
997254,0.016534379
997255,0.024724266
997256,0.014756147
997257,0.039838005
997258,0.0070513557
997259,0.015350125
997260,0.01476899
997261,0.0075475355
997262,0.010638786
997263,0.0069443649
997264,0.010577751
997265,0.0059555951
997266,0.0097738728
997267,0.014422966
997268,0.0097103342
997269,0.0073191924
997270,0.03756319
997271,0.015556066
997272,0.025039399
997273,0.013809742
997274,0.007599236
997275,0.0095840981
997276,0.014057473
997277,0.012962045
997278,0.01404383
997279,0.010598576
997280,0.010284064
997281,0.0066453936
997282,0.036848001
997283,0.010664637
997284,0.010880055
997285,0.019827945
997286,0.016381113
997287,0.0096781496
997288,0.023394417
997289,0.032596387
997290,0.0065442547
997291,0.0072782626
997292,0.006471158
997293,0.010764447
997294,0.015864832
997295,0.0073299631
997296,0.024594296
997297,0.0068933824
997298,0.0072825714
997299,0.0095684528
997300,0.009379915
997301,0.011339614
997302,0.013894474
997303,0.0091672614
997304,0.030399816
997305,0.00731273
997306,0.030376839
997307,0.013363341
997308,0.01024529
997309,0.0071691177
997310,0.0076573989
997311,0.0062399469
997312,0.0070858225
997313,0.0071971221
997314,0.0072157914
997315,0.0089448821
997316,0.017618336
997317,0.025087066
997318,0.010862104
997319,0.017658548
997320,0.023055406
997321,0.0095595969
997322,0.010581342
997323,0.0039848848
997324,0.010880773
997325,0.039717373
997326,0.007372329
997327,0.027470129
997328,0.014032342
997329,0.035016853
997330,0.0024641037
997331,0.01385139
997332,0.0076573989
997333,0.014073989
997334,0.0072315889
997335,0.013269761
997336,0.012895965
997337,0.0072373333
997338,0.0070599723
997339,0.038595043
997340,0.013018062
997341,0.0064218142
997342,0.039464615
997343,0.014326747
997344,0.0077715707
997345,0.011167279
997346,0.012594545
997347,0.0072631836
997348,0.0083869481
997349,0.0108262
997350,0.039649874
997351,0.010554774
997352,0.019616824
997353,0.010509536
997354,0.020816579
997355,0.027144128
997356,0.010727108
997357,0.039705884
997358,0.0081234202
997359,0.0075252759
997360,0.0070937211
997361,0.0068962546
997362,0.0073845359
997363,0.0068854839
997364,0.0080896718
997365,0.014524213
997366,0.016256893
997367,0.0070348405
997368,0.0065945177
997369,0.0075712316
997370,0.019175109
997371,0.010670382
997372,0.007526712
997373,0.0022635919
997374,0.026875574
997375,0.027094582
997376,0.0066148294
997377,0.0085994946
997378,0.012895441
997379,0.010582778
997380,0.0072617475
997381,0.020180248
997382,0.014200368
997383,0.0075906194
997384,0.017056813
997385,0.019325001
997386,0.014096967
997387,0.020484835
997388,0.03968434
997389,0.023946606
997390,0.013471536
997391,0.007658117
997392,0.01372932
997393,0.017031681
997394,0.020797908
997395,0.0075618969
997396,0.013997156
997397,0.010659611
997398,0.01183005
997399,0.011700081
997400,0.019338809
997401,0.014039522
997402,0.013833439
997403,0.014707319
997404,0.031671502
997405,0.010572007
997406,0.0071942499
997407,0.0070132986
997408,0.010910932
997409,0.0071482938
997410,0.016908893
997411,0.031159524
997412,0.012411678
997413,0.0074721393
997414,0.007732077
997415,0.03049819
997416,0.0090917852
997417,0.011810662
997418,0.0070054
997419,0.0078239888
997420,0.019267004
997421,0.014188878
997422,0.029872041
997423,0.0069738054
997424,0.031344067
997425,0.020705279
997426,0.02001664
997427,0.0072272806
997428,0.010443474
997429,0.0072538489
997430,0.0080437157
997431,0.0029280651
997432,0.010584932
997433,0.010697667
997434,0.0068215765
997435,0.0071461396
997436,0.031060431
997437,0.0065536802
997438,0.0074017695
997439,0.010666791
997440,0.007137523
997441,0.0069365553
997442,0.010491584
997443,0.0070312498
997444,0.023049029
997445,0.0063000992
997446,0.019915413
997447,0.0074721393
997448,0.030706428
997449,0.010523897
997450,0.01759105
997451,0.033499684
997452,0.010594985
997453,0.0093764365
997454,0.0064934227
997455,0.010678998
997456,0.014338235
997457,0.007210765
997458,0.010592831
997459,0.0063741053
997460,0.011265654
997461,0.0067188265
997462,0.014248477
997463,0.0072064567
997464,0.013943302
997465,0.011921961
997466,0.02030101
997467,0.0080013499
997468,0.010661765
997469,0.0071253157
997470,0.022625187
997471,0.010394646
997472,0.0072897519
997473,0.007350069
997474,0.0018454376
997475,0.013754452
997476,0.010569853
997477,0.0084673716
997478,0.011702497
997479,0.010850033
997480,0.018360093
997481,0.020886948
997482,0.0068021887
997483,0.0075985179
997484,0.017873965
997485,0.01449549
997486,0.010154167
997487,0.010294118
997488,0.0073263729
997489,0.010827636
997490,0.0071655274
997491,0.013755888
997492,0.0073895622
997493,0.010496611
997494,0.0096351197
997495,0.030985754
997496,0.010206514
997497,0.015454101
997498,0.016900275
997499,0.014158002
997500,0.039609663
997501,0.0078728171
997502,0.0070872586
997503,0.016501753
997504,0.0072445138
997505,0.0062495377
997506,0.014023007
997507,0.011194565
997508,0.0073026768
997509,0.012160357
997510,0.007254567
997511,0.0098762065
997512,0.0073263729
997513,0.0072969324
997514,0.017273668
997515,0.0097405184
997516,0.014338235
997517,0.014145795
997518,0.013732192
997519,0.0069594439
997520,0.013633817
997521,0.01070772
997522,0.02240108
997523,0.013821231
997524,0.0068546073
997525,0.0059945942
997526,0.016361153
997527,0.030457979
997528,0.013055061
997529,0.02511489
997530,0.0070578181
997531,0.0063311406
997532,0.0071231616
997533,0.0074304915
997534,0.0071490118
997535,0.0076624253
997536,0.0075123506
997537,0.0069924747
997538,0.0075697955
997539,0.017293774
997540,0.0075008618
997541,0.0071411133
997542,0.0071806065
997543,0.0073069851
997544,0.01309856
997545,0.033458754
997546,0.0074218749
997547,0.010357307
997548,0.0072954963
997549,0.015940947
997550,0.0065039485
997551,0.0076351389
997552,0.0076631433
997553,0.023359232
997554,0.013972024
997555,0.010546875
997556,0.0077083814
997557,0.015344956
997558,0.013769049
997559,0.013798972
997560,0.011273553
997561,0.00828283
997562,0.010420497
997563,0.017145135
997564,0.010476505
997565,0.0067059686
997566,0.019064091
997567,0.015347573
997568,0.013699161
997569,0.0072351792
997570,0.01060432
997571,0.0009307884
997572,0.006049661
997573,0.0072265626
997574,0.013064449
997575,0.0068538892
997576,0.0073881261
997577,0.0065350723
997578,0.010342227
997579,0.0073041129
997580,0.0093455594
997581,0.014131434
997582,0.013775276
997583,0.031680837
997584,0.010543285
997585,0.02364861
997586,0.011468299
997587,0.01188534
997588,0.0069996552
997589,0.019210266
997590,0.010414752
997591,0.0067361272
997592,0.0073335534
997593,0.0075022979
997594,0.0069307215
997595,0.0071999943
997596,0.009592968
997597,0.014445227
997598,0.010976993
997599,0.023909984
997600,0.0068617878
997601,0.0073482925
997602,0.007100902
997603,0.020020967
997604,0.0073177563
997605,0.0070161708
997606,0.022325359
997607,0.0085047102
997608,0.0026926422
997609,0.0070728976
997610,0.0090805953
997611,0.017210478
997612,0.010560518
997613,0.0072122011
997614,0.026173202
997615,0.0069113337
997616,0.007328527
997617,0.026922248
997618,0.033153459
997619,0.03095416
997620,0.013264016
997621,0.017178884
997622,0.011041619
997623,0.01013758
997624,0.03708123
997625,0.0069536995
997626,0.010171995
997627,0.038706344
997628,0.0069536995
997629,0.010381003
997630,0.014103429
997631,0.017440258
997632,0.0077593634
997633,0.007247386
997634,0.0096047791
997635,0.0080386894
997636,0.013669003
997637,0.010607192
997638,0.0076408833
997639,0.010462143
997640,0.0075224033
997641,0.0077895219
997642,0.031225212
997643,0.026711857
997644,0.035032026
997645,0.03360524
997646,0.0076021082
997647,0.01789978
997648,0.0078455312
997649,0.0072495406
997650,0.0065649967
997651,0.0061494717
997652,0.027148437
997653,0.01058206
997654,0.020094281
997655,0.010785989
997656,0.0070499196
997657,0.005727252
997658,0.0093824659
997659,0.010112623
997660,0.039809283
997661,0.020912798
997662,0.012737824
997663,0.0079288259
997664,0.0071044923
997665,0.0096385162
997666,0.0071619372
997667,0.01647936
997668,0.0066009667
997669,0.033829495
997670,0.039866727
997671,0.028837316
997672,0.017332548
997673,0.0075669233
997674,0.0094054379
997675,0.020226499
997676,0.014039522
997677,0.0072954963
997678,0.0071231616
997679,0.010105268
997680,0.0065336027
997681,0.014124253
997682,0.0105081
997683,0.020303166
997684,0.007621496
997685,0.0079245176
997686,0.0074204388
997687,0.0062794406
997688,0.03043141
997689,0.0073622759
997690,0.0072251265
997691,0.007173426
997692,0.0078534298
997693,0.016900275
997694,0.0073673022
997695,0.0087072039
997696,0.0139591
997697,0.0072265626
997698,0.022983685
997699,0.007291188
997700,0.0067237047
997701,0.0071253157
997702,0.036967918
997703,0.013311407
997704,0.0070807962
997705,0.0084667262
997706,0.011468147
997707,0.0075166589
997708,0.007218664
997709,0.010562672
997710,0.010420497
997711,0.010126092
997712,0.019731987
997713,0.013686236
997714,0.02294491
997715,0.013277394
997716,0.013759478
997717,0.010002874
997718,0.01391817
997719,0.0073357075
997720,0.017061122
997721,0.0065005478
997722,0.016957721
997723,0.022598805
997724,0.014058909
997725,0.0074563418
997726,0.0072739543
997727,0.0073270909
997728,0.0072825714
997729,0.010539695
997730,0.0069206688
997731,0.0137365
997732,0.0061480352
997733,0.015197754
997734,0.012339154
997735,0.01008947
997736,0.026989028
997737,0.026165688
997738,0.0091215242
997739,0.0082842661
997740,0.012943761
997741,0.0070477654
997742,0.013006951
997743,0.010591395
997744,0.019164171
997745,0.0064065559
997746,0.013770968
997747,0.0072581572
997748,0.017178884
997749,0.012757066
997750,0.019302411
997751,0.0075022979
997752,0.0070298137
997753,0.0082849842
997754,0.032279547
997755,0.0078505576
997756,0.0070010913
997757,0.01727654
997758,0.010930319
997759,0.019842889
997760,0.018651959
997761,0.01044491
997762,0.010600012
997763,0.010576315
997764,0.029305981
997765,0.0089269299
997766,0.010806813
997767,0.023324545
997768,0.010492302
997769,0.0089678597
997770,0.016855039
997771,0.0069163605
997772,0.0060195024
997773,0.010504509
997774,0.0071231616
997775,0.017239919
997776,0.018352194
997777,0.01389591
997778,0.0071559041
997779,0.020362046
997780,0.0099516027
997781,0.020132266
997782,0.0072150733
997783,0.0071612191
997784,0.010646685
997785,0.0021128382
997786,0.013214482
997787,0.0073802276
997788,0.010661765
997789,0.013159832
997790,0.0073795095
997791,0.0084228516
997792,0.0084795784
997793,0.017025217
997794,0.039447382
997795,0.0072215362
997796,0.0068021887
997797,0.030274874
997798,0.020563103
997799,0.0072954963
997800,0.033957805
997801,0.010622271
997802,0.0080781821
997803,0.013786765
997804,0.017463954
997805,0.0070578181
997806,0.013667567
997807,0.0075597428
997808,0.013125794
997809,0.010279756
997810,0.01741728
997811,0.01008229
997812,0.017496984
997813,0.0072043026
997814,0.017440258
997815,0.0080889538
997816,0.0063167796
997817,0.010302017
997818,0.025783405
997819,0.033680636
997820,0.0076150335
997821,0.009679094
997822,0.010397518
997823,0.013926786
997824,0.024154512
997825,0.019503616
997826,0.0084415209
997827,0.020569567
997828,0.0091911769
997829,0.012654488
997830,0.0061208834
997831,0.01051528
997832,0.015386604
997833,0.0082993452
997834,0.0071102367
997835,0.0075733857
997836,0.010435576
997837,0.0086971503
997838,0.02330035
997839,0.007481474
997840,0.0072631836
997841,0.0080810543
997842,0.024616556
997843,0.0171875
997844,0.0065372242
997845,0.011224724
997846,0.020378562
997847,0.0066564223
997848,0.0012734844
997849,0.039533548
997850,0.0068660961
997851,0.010856359
997852,0.010216567
997853,0.0073874081
997854,0.01764706
997855,0.01084128
997856,0.0055750231
997857,0.014047421
997858,0.0073249368
997859,0.011539953
997860,0.010378849
997861,0.0052173394
997862,0.0065435614
997863,0.0056913486
997864,0.01060432
997865,0.0077191521
997866,0.0072244084
997867,0.010213695
997868,0.014135025
997869,0.014006491
997870,0.017280849
997871,0.016130514
997872,0.0071712718
997873,0.010960478
997874,0.0062866211
997875,0.028644219
997876,0.0074441349
997877,0.0072301528
997878,0.010869147
997879,0.011067469
997880,0.0095660044
997881,0.0096533233
997882,0.010595703
997883,0.0074412627
997884,0.010887953
997885,0.019354163
997886,0.021798886
997887,0.0067160213
997888,0.0071949679
997889,0.019910386
997890,0.017865349
997891,0.0071691177
997892,0.02063491
997893,0.027377499
997894,0.010716338
997895,0.0064165397
997896,0.0071820426
997897,0.037461225
997898,0.01060791
997899,0.039200369
997900,0.0072114831
997901,0.0074556237
997902,0.023794375
997903,0.00736443
997904,0.010852051
997905,0.0074419808
997906,0.0061927768
997907,0.010673254
997908,0.024510534
997909,0.03555312
997910,0.039413631
997911,0.0076652975
997912,0.0070829503
997913,0.010601448
997914,0.013920324
997915,0.010026281
997916,0.018027632
997917,0.010279856
997918,0.039590992
997919,0.013953355
997920,0.013803998
997921,0.033919748
997922,0.010368078
997923,0.0070496858
997924,0.030170921
997925,0.0066775167
997926,0.0091841351
997927,0.037344899
997928,0.013885139
997929,0.030307904
997930,0.0072394875
997931,0.0076688877
997932,0.013908835
997933,0.030388327
997934,0.010627298
997935,0.028670482
997936,0.035174541
997937,0.014120663
997938,0.013902373
997939,0.010605756
997940,0.013784611
997941,0.0070872586
997942,0.010922421
997943,0.018462775
997944,0.016277226
997945,0.017297363
997946,0.024655331
997947,0.010661047
997948,0.010213695
997949,0.0083036534
997950,0.0068510165
997951,0.017439539
997952,0.01044491
997953,0.007255285
997954,0.022589471
997955,0.039671414
997956,0.023655791
997957,0.013855699
997958,0.0074247471
997959,0.0075051701
997960,0.039224781
997961,0.0068969727
997962,0.0075417911
997963,0.0068761487
997964,0.0073084212
997965,0.010498047
997966,0.010391774
997967,0.0061264937
997968,0.0026001313
997969,0.0076401653
997970,0.0094633214
997971,0.011355411
997972,0.027409812
997973,0.013646025
997974,0.0075949277
997975,0.0099530388
997976,0.027471565
997977,0.017744714
997978,0.0069572898
997979,0.014295151
997980,0.010073673
997981,0.0072768265
997982,0.02386331
997983,0.017141543
997984,0.0071526021
997985,0.0069673425
997986,0.017428769
997987,0.0073988969
997988,0.017288029
997989,0.0098972647
997990,0.020388614
997991,0.0059569525
997992,0.030820599
997993,0.0053362828
997994,0.010516716
997995,0.014034496
997996,0.01148897
997997,0.0059448243
997998,0.022178022
997999,0.0069400561
998000,0.013572064
998001,0.020261003
998002,0.010622271
998003,0.0072150733
998004,0.013997156
998005,0.0074570598
998006,0.0073816637
998007,0.019278493
998008,0.01041188
998009,0.0071461396
998010,0.010857077
998011,0.016096704
998012,0.012520165
998013,0.010577751
998014,0.016217524
998015,0.0077959844
998016,0.0088127581
998017,0.0073191924
998018,0.0052238903
998019,0.0072782626
998020,0.014298995
998021,0.0072940602
998022,0.013815487
998023,0.028467515
998024,0.006769876
998025,0.010299144
998026,0.0075367647
998027,0.00951574
998028,0.0068546073
998029,0.013832721
998030,0.017695168
998031,0.014372702
998032,0.014096967
998033,0.0071109547
998034,0.016506726
998035,0.0067325369
998036,0.011125632
998037,0.0071942499
998038,0.0073335534
998039,0.009662224
998040,0.010784553
998041,0.0065436866
998042,0.0074111042
998043,0.014028033
998044,0.0063303299
998045,0.014298742
998046,0.020158118
998047,0.011302275
998048,0.017652804
998049,0.0095631322
998050,0.020496324
998051,0.0087560313
998052,0.0094906073
998053,0.0082261031
998054,0.01029699
998055,0.010535386
998056,0.0093203988
998057,0.0094748102
998058,0.017693015
998059,0.0072524128
998060,0.0069544176
998061,0.010329302
998062,0.009895972
998063,0.011149328
998064,0.014015826
998065,0.033340693
998066,0.039660644
998067,0.0074477252
998068,0.013693416
998069,0.012660429
998070,0.034108598
998071,0.0071942499
998072,0.0074836281
998073,0.010770191
998074,0.0075396369
998075,0.0070276596
998076,0.017388556
998077,0.027809054
998078,0.00696088
998079,0.013875804
998080,0.0092098461
998081,0.0082950369
998082,0.023948042
998083,0.022921214
998084,0.014538259
998085,0.0072954963
998086,0.010555492
998087,0.015536679
998088,0.014191751
998089,0.0080114026
998090,0.010028435
998091,0.010714902
998092,0.0076760687
998093,0.0069953469
998094,0.026063448
998095,0.021254595
998096,0.028598033
998097,0.0071565011
998098,0.010581342
998099,0.0072157914
998100,0.015120204
998101,0.012507899
998102,0.010612937
998103,0.010569853
998104,0.024540441
998105,0.032446288
998106,0.0070980298
998107,0.017012293
998108,0.0070664352
998109,0.017363425
998110,0.011917653
998111,0.035087317
998112,0.039745376
998113,0.010351563
998114,0.0078986669
998115,0.017254997
998116,0.020744773
998117,0.019728351
998118,0.014032342
998119,0.0078699449
998120,0.010536104
998121,0.010256778
998122,0.019577706
998123,0.0071231616
998124,0.010405417
998125,0.007115263
998126,0.017430922
998127,0.010445628
998128,0.0074283374
998129,0.017578125
998130,0.0077292048
998131,0.01388873
998132,0.011563648
998133,0.014023725
998134,0.0071310606
998135,0.025937399
998136,0.0088357367
998137,0.011019359
998138,0.010747932
998139,0.039549343
998140,0.013427016
998141,0.010534668
998142,0.0076056984
998143,0.007467831
998144,0.010712029
998145,0.0079252357
998146,0.0084975297
998147,0.011242676
998148,0.039039522
998149,0.017136518
998150,0.02712187
998151,0.011033002
998152,0.017604694
998153,0.030387608
998154,0.014051011
998155,0.015102969
998156,0.017543659
998157,0.0073816637
998158,0.032116704
998159,0.007797421
998160,0.01037454
998161,0.014293715
998162,0.010340791
998163,0.016062446
998164,0.010615091
998165,0.010642377
998166,0.013134669
998167,0.0062813065
998168,0.010894416
998169,0.0072488226
998170,0.0069213868
998171,0.015567555
998172,0.022909008
998173,0.0057459213
998174,0.012909897
998175,0.0071942499
998176,0.0067820828
998177,0.0063726394
998178,0.012528004
998179,0.020243566
998180,0.011079676
998181,0.00665471
998182,0.0076703238
998183,0.026927993
998184,0.0088120401
998185,0.007210765
998186,0.0093021896
998187,0.0084824506
998188,0.007233025
998189,0.0070147347
998190,0.010468607
998191,0.032842178
998192,0.0074462891
998193,0.010797478
998194,0.025991913
998195,0.020759853
998196,0.0081887636
998197,0.022727555
998198,0.0071281884
998199,0.0071533201
998200,0.0073730471
998201,0.010721364
998202,0.0070542279
998203,0.0072768265
998204,0.013738655
998205,0.0078584561
998206,0.011064596
998207,0.0065372242
998208,0.011061724
998209,0.020738309
998210,0.0056410846
998211,0.023191204
998212,0.0092500579
998213,0.0068941005
998214,0.014200368
998215,0.017591769
998216,0.020351993
998217,0.026505055
998218,0.017660702
998219,0.014182416
998220,0.015722964
998221,0.0071992762
998222,0.010443474
998223,0.031867061
998224,0.0071310606
998225,0.010588522
998226,0.013604377
998227,0.020524206
998228,0.033524815
998229,0.010383157
998230,0.010532514
998231,0.013735064
998232,0.0076997643
998233,0.013834875
998234,0.027107509
998235,0.0072423597
998236,0.013637408
998237,0.019704379
998238,0.0073184744
998239,0.0077715707
998240,0.0067318189
998241,0.036929142
998242,0.017061122
998243,0.011356847
998244,0.013844928
998245,0.0069766776
998246,0.0028994814
998247,0.011606014
998248,0.0063174977
998249,0.020975454
998250,0.012183336
998251,0.011313763
998252,0.0061939913
998253,0.0065870667
998254,0.0072495406
998255,0.017584588
998256,0.0063950485
998257,0.017722456
998258,0.0085449219
998259,0.0073773554
998260,0.0070736157
998261,0.035773065
998262,0.0097659286
998263,0.017081944
998264,0.013589298
998265,0.0071999943
998266,0.016067326
998267,0.0071583469
998268,0.01741728
998269,0.0070606903
998270,0.033050898
998271,0.0075202491
998272,0.013798254
998273,0.012092141
998274,0.0079216454
998275,0.0071971221
998276,0.010714902
998277,0.017063275
998278,0.010755112
998279,0.0076193418
998280,0.0071210074
998281,0.014028751
998282,0.0070657171
998283,0.010543285
998284,0.039544318
998285,0.0063452609
998286,0.013258272
998287,0.010260369
998288,0.010826918
998289,0.01546559
998290,0.0024384505
998291,0.036611643
998292,0.007371611
998293,0.010428395
998294,0.016962746
998295,0.0073385797
998296,0.0070104264
998297,0.039912682
998298,0.0073184744
998299,0.0077105355
998300,0.01159668
998301,0.020743337
998302,0.0060597141
998303,0.0071827606
998304,0.039418656
998305,0.0072768265
998306,0.010638786
998307,0.013836311
998308,0.010689051
998309,0.0070657171
998310,0.0017765656
998311,0.0065873242
998312,0.0086224722
998313,0.00736443
998314,0.022753179
998315,0.010515998
998316,0.012938848
998317,0.012097886
998318,0.010237391
998319,0.0070132986
998320,0.0073105758
998321,0.014316694
998322,0.0083129881
998323,0.0062633641
998324,0.0099932505
998325,0.0053487951
998326,0.0071533201
998327,0.0071131089
998328,0.010492302
998329,0.0062392289
998330,0.0096694045
998331,0.02432215
998332,0.007313448
998333,0.0069551356
998334,0.029569738
998335,0.023259038
998336,0.010602166
998337,0.030478084
998338,0.0076344209
998339,0.018566895
998340,0.0069867303
998341,0.0097979745
998342,0.010615091
998343,0.010636632
998344,0.010413316
998345,0.011037311
998346,0.0074922452
998347,0.0072674919
998348,0.0081341909
998349,0.013970588
998350,0.0070542279
998351,0.0073213466
998352,0.0062348195
998353,0.0012186451
998354,0.007313448
998355,0.036718749
998356,0.017309571
998357,0.013821949
998358,0.013631663
998359,0.0075310203
998360,0.01750919
998361,0.01152272
998362,0.0087560313
998363,0.010557646
998364,0.0077794692
998365,0.010638786
998366,0.0071605011
998367,0.025517004
998368,0.011350385
998369,0.01403306
998370,0.0072739543
998371,0.013600653
998372,0.010752958
998373,0.014157284
998374,0.039528523
998375,0.0097864
998376,0.0089642694
998377,0.023614861
998378,0.01051169
998379,0.022684477
998380,0.010247444
998381,0.016934743
998382,0.010581342
998383,0.013347757
998384,0.0070089903
998385,0.0069422103
998386,0.016610678
998387,0.021804631
998388,0.010409008
998389,0.010588522
998390,0.0072043026
998391,0.0071382411
998392,0.010565544
998393,0.0064245849
998394,0.010948989
998395,0.013430607
998396,0.019577924
998397,0.0030032888
998398,0.02060475
998399,0.014720243
998400,0.0086253444
998401,0.027481617
998402,0.026910041
998403,0.013261144
998404,0.0065835821
998405,0.025161564
998406,0.0071238796
998407,0.0073184744
998408,0.0094834268
998409,0.0072423597
998410,0.0076209488
998411,0.01269307
998412,0.0075008618
998413,0.0072488226
998414,0.0073349895
998415,0.019417796
998416,0.017344037
998417,0.027619485
998418,0.024025591
998419,0.007136805
998420,0.010305607
998421,0.023770681
998422,0.0072122011
998423,0.0072667738
998424,0.010443474
998425,0.0088809747
998426,0.0071705538
998427,0.01389591
998428,0.0064162216
998429,0.0057940315
998430,0.021914493
998431,0.0073299631
998432,0.011155791
998433,0.023854693
998434,0.0073220646
998435,0.020438878
998436,0.0061860927
998437,0.0070312498
998438,0.0075288662
998439,0.016291359
998440,0.0073299631
998441,0.01576574
998442,0.013862879
998443,0.032705508
998444,0.0075346106
998445,0.0068014706
998446,0.007372329
998447,0.0073658661
998448,0.01718032
998449,0.0099573471
998450,0.0072265626
998451,0.0019282878
998452,0.010403981
998453,0.0072531309
998454,0.0069874483
998455,0.0074297735
998456,0.010685461
998457,0.006615493
998458,0.020944394
998459,0.022850845
998460,0.014079734
998461,0.019519379
998462,0.0075066062
998463,0.0075482535
998464,0.0078247068
998465,0.023619886
998466,0.015683163
998467,0.016926127
998468,0.027441407
998469,0.0062556188
998470,0.0067012203
998471,0.014855239
998472,0.0070176069
998473,0.0062521682
998474,0.0069221049
998475,0.020672249
998476,0.017872529
998477,0.010664637
998478,0.006685379
998479,0.034039665
998480,0.010969095
998481,0.010855641
998482,0.0018109392
998483,0.0061379825
998484,0.039389934
998485,0.033755314
998486,0.010409008
998487,0.0085521024
998488,0.0083180144
998489,0.013706342
998490,0.02194537
998491,0.0078189624
998492,0.017148007
998493,0.0096848942
998494,0.011091165
998495,0.020709587
998496,0.020358456
998497,0.0078189624
998498,0.013809742
998499,0.011001407
998500,0.0072495406
998501,0.0076408833
998502,0.027326517
998503,0.017368451
998504,0.0087459786
998505,0.013951201
998506,0.035656855
998507,0.013383411
998508,0.020518061
998509,0.013856417
998510,0.008165068
998511,0.011015768
998512,0.014174517
998513,0.010790298
998514,0.007541073
998515,0.010643813
998516,0.01312831
998517,0.0067792106
998518,0.0072725182
998519,0.0070362766
998520,0.023085263
998521,0.019450827
998522,0.010526769
998523,0.012811844
998524,0.0071461396
998525,0.0072043026
998526,0.030032169
998527,0.0072516948
998528,0.0086138556
998529,0.0073515051
998530,0.0071999943
998531,0.0097907567
998532,0.0072962143
998533,0.014073989
998534,0.039559398
998535,0.0030621458
998536,0.0079029752
998537,0.0072409236
998538,0.017205451
998539,0.033367135
998540,0.017280849
998541,0.0070362766
998542,0.0071310606
998543,0.024949018
998544,0.014119945
998545,0.0064335479
998546,0.023967428
998547,0.007100902
998548,0.032225754
998549,0.010664637
998550,0.010373104
998551,0.010474351
998552,0.016993023
998553,0.0063555548
998554,0.012889054
998555,0.0080149928
998556,0.0074240291
998557,0.013809742
998558,0.010477941
998559,0.010493021
998560,0.0072610294
998561,0.0069529815
998562,0.010688333
998563,0.02018684
998564,0.028367704
998565,0.01437342
998566,0.0088802557
998567,0.031018067
998568,0.027370319
998569,0.0084277466
998570,0.033819221
998571,0.013816205
998572,0.013813333
998573,0.013438972
998574,0.0074103861
998575,0.010594267
998576,0.010780963
998577,0.011753217
998578,0.0072308709
998579,0.0063469382
998580,0.013972024
998581,0.0066427793
998582,0.012752757
998583,0.013819795
998584,0.0094508007
998585,0.0094547691
998586,0.01060073
998587,0.0074699852
998588,0.017225558
998589,0.010447064
998590,0.01750919
998591,0.0072904699
998592,0.0039821872
998593,0.0071849148
998594,0.0068739946
998595,0.0072143553
998596,0.0073077031
998597,0.0070807962
998598,0.010546875
998599,0.019449916
998600,0.0074175666
998601,0.038702033
998602,0.010517434
998603,0.0084537286
998604,0.033995863
998605,0.0075604608
998606,0.017489804
998607,0.014277918
998608,0.0071037742
998609,0.033218075
998610,0.0070348405
998611,0.012704358
998612,0.010370232
998613,0.007019761
998614,0.0067002242
998615,0.014288689
998616,0.0075066062
998617,0.0099379597
998618,0.007255285
998619,0.0061557954
998620,0.016928999
998621,0.019528488
998622,0.01634006
998623,0.026650822
998624,0.0090202782
998625,0.0080702836
998626,0.0073069851
998627,0.0074699852
998628,0.033136584
998629,0.014214011
998630,0.016137883
998631,0.010413616
998632,0.0064254124
998633,0.02054587
998634,0.0090303309
998635,0.0093081547
998636,0.01391458
998637,0.01496223
998638,0.010482968
998639,0.010827636
998640,0.017496265
998641,0.010528924
998642,0.0083079617
998643,0.0069170785
998644,0.006519991
998645,0.0059794565
998646,0.0071633733
998647,0.017026654
998648,0.0075367647
998649,0.017370606
998650,0.027016314
998651,0.0075022979
998652,0.0025286046
998653,0.010303453
998654,0.0067196116
998655,0.011923636
998656,0.0105081
998657,0.017880429
998658,0.007827579
998659,0.015992647
998660,0.0088500977
998661,0.0073242188
998662,0.016880887
998663,0.014179544
998664,0.018039837
998665,0.019432157
998666,0.010855641
998667,0.024368107
998668,0.013660386
998669,0.039911967
998670,0.0188017
998671,0.017334703
998672,0.008165068
998673,0.010404699
998674,0.0070915669
998675,0.017130774
998676,0.03883272
998677,0.0069213868
998678,0.010368796
998679,0.011086857
998680,0.013383601
998681,0.0096866386
998682,0.026153388
998683,0.019980038
998684,0.0065644686
998685,0.014063936
998686,0.0072832895
998687,0.010365206
998688,0.010431267
998689,0.010510254
998690,0.013903809
998691,0.0073945886
998692,0.018536067
998693,0.015027573
998694,0.0059685204
998695,0.010298426
998696,0.0071238796
998697,0.0068273209
998698,0.014292279
998699,0.0068380916
998700,0.0072789812
998701,0.032988425
998702,0.011320226
998703,0.0076495004
998704,0.0072617475
998705,0.010365206
998706,0.010798914
998707,0.010612219
998708,0.0078598922
998709,0.00646111
998710,0.0070427391
998711,0.017542223
998712,0.016982134
998713,0.0072875977
998714,0.0074836281
998715,0.0074333642
998716,0.025483189
998717,0.023489606
998718,0.039892577
998719,0.010456399
998720,0.0076430375
998721,0.010648839
998722,0.011226879
998723,0.0023493674
998724,0.01761331
998725,0.015683517
998726,0.007004682
998727,0.011776195
998728,0.0063890116
998729,0.0069996552
998730,0.030910358
998731,0.010244572
998732,0.014252787
998733,0.027033547
998734,0.0072380514
998735,0.009541912
998736,0.0074060778
998737,0.0094773313
998738,0.0075087603
998739,0.0071806065
998740,0.010496611
998741,0.0071849148
998742,0.0088948859
998743,0.0072035845
998744,0.009237132
998745,0.038694851
998746,0.014282227
998747,0.025772681
998748,0.010624425
998749,0.013567756
998750,0.013821949
998751,0.020560231
998752,0.0020125264
998753,0.0073543773
998754,0.014343262
998755,0.012418859
998756,0.010066492
998757,0.010234519
998758,0.013230247
998759,0.010307761
998760,0.024009794
998761,0.039234836
998762,0.0060187844
998763,0.01934447
998764,0.010577751
998765,0.0072976504
998766,0.0076889936
998767,0.010712029
998768,0.017377067
998769,0.0065730773
998770,0.014377729
998771,0.0068969727
998772,0.0070958757
998773,0.01997504
998774,0.007077924
998775,0.0022333779
998776,0.0065946691
998777,0.007196404
998778,0.010653866
998779,0.0082713338
998780,0.013848518
998781,0.012185361
998782,0.025420066
998783,0.0069522634
998784,0.0070477654
998785,0.010772346
998786,0.020312499
998787,0.0071748621
998788,0.0070312498
998789,0.011260627
998790,0.0069702147
998791,0.010550465
998792,0.0061121322
998793,0.0063943304
998794,0.0076286765
998795,0.012970019
998796,0.0073306812
998797,0.0070657171
998798,0.038775276
998799,0.013556985
998800,0.01041547
998801,0.01090447
998802,0.0074405447
998803,0.0084163891
998804,0.028435396
998805,0.0083984379
998806,0.029740173
998807,0.0047455365
998808,0.009155361
998809,0.007033404
998810,0.016716791
998811,0.02594425
998812,0.016255239
998813,0.0061853747
998814,0.0072035845
998815,0.01070772
998816,0.010593549
998817,0.0072954963
998818,0.0070463293
998819,0.0068158316
998820,0.010468607
998821,0.0079618562
998822,0.0077514648
998823,0.0072979331
998824,0.032722007
998825,0.01051528
998826,0.015112305
998827,0.03171315
998828,0.0080997245
998829,0.025733432
998830,0.010365924
998831,0.0077812318
998832,0.0075726677
998833,0.0065146969
998834,0.0070039639
998835,0.0072165094
998836,0.01741728
998837,0.0072560031
998838,0.011068905
998839,0.0066183652
998840,0.017611874
998841,0.0075726677
998842,0.0056956573
998843,0.016908174
998844,0.006314165
998845,0.0070793601
998846,0.0070535098
998847,0.010792452
998848,0.0063648899
998849,0.013723576
998850,0.0073213466
998851,0.0072351792
998852,0.0072236904
998853,0.010284783
998854,0.0068660961
998855,0.017270794
998856,0.01058565
998857,0.034249339
998858,0.0072538489
998859,0.013019547
998860,0.0077397125
998861,0.0072617475
998862,0.0070772059
998863,0.0073170383
998864,0.030399816
998865,0.03676255
998866,0.0070118625
998867,0.0096388916
998868,0.013595043
998869,0.010663201
998870,0.010502355
998871,0.019406479
998872,0.0075008618
998873,0.012244064
998874,0.0060116039
998875,0.006365608
998876,0.0073098578
998877,0.010414752
998878,0.03072438
998879,0.027550552
998880,0.0073759193
998881,0.01372932
998882,0.010294118
998883,0.0070010913
998884,0.0071648094
998885,0.0091646081
998886,0.0065770503
998887,0.0073464788
998888,0.039430149
998889,0.0071691177
998890,0.008707922
998891,0.0066323359
998892,0.0073752012
998893,0.017104205
998894,0.020885512
998895,0.0072380514
998896,0.017425178
998897,0.0072035845
998898,0.0096054971
998899,0.0063937865
998900,0.00743121
998901,0.029388787
998902,0.0056970934
998903,0.025945758
998904,0.010409726
998905,0.0069939108
998906,0.0077134077
998907,0.0075870291
998908,0.0067217657
998909,0.0073098578
998910,0.010766601
998911,0.013228453
998912,0.0071702679
998913,0.017596794
998914,0.0095236385
998915,0.011661305
998916,0.0099264709
998917,0.017308135
998918,0.022856412
998919,0.0073443246
998920,0.011453786
998921,0.016988598
998922,0.0070125805
998923,0.0096416809
998924,0.0072660558
998925,0.007004682
998926,0.0072078928
998927,0.0071942499
998928,0.0065329159
998929,0.0072653377
998930,0.016914638
998931,0.0075080423
998932,0.0096825678
998933,0.0080372533
998934,0.013036522
998935,0.013430607
998936,0.022944024
998937,0.012487949
998938,0.0088964868
998939,0.008987247
998940,0.010146197
998941,0.0362477
998942,0.0069493088
998943,0.0055980007
998944,0.0024176021
998945,0.0086626839
998946,0.014073989
998947,0.0074154125
998948,0.0077823414
998949,0.0076796589
998950,0.010430549
998951,0.017822266
998952,0.010882927
998953,0.0067003835
998954,0.029244713
998955,0.017456774
998956,0.017383531
998957,0.0072445138
998958,0.036940631
998959,0.036502238
998960,0.039617561
998961,0.011741728
998962,0.029291103
998963,0.011105526
998964,0.023517923
998965,0.0072373333
998966,0.0370785
998967,0.014177389
998968,0.010735007
998969,0.0067454618
998970,0.0072631836
998971,0.0071705538
998972,0.0070980298
998973,0.0394402
998974,0.0010956752
998975,0.0073802276
998976,0.007004682
998977,0.019668832
998978,0.0079618562
998979,0.027726477
998980,0.034133732
998981,0.0071454216
998982,0.0070226332
998983,0.013747271
998984,0.0064258175
998985,0.019226404
998986,0.019569496
998987,0.010664637
998988,0.0070879767
998989,0.010577751
998990,0.010640941
998991,0.01020795
998992,0.0062435376
998993,0.0071698357
998994,0.0071849148
998995,0.010661765
998996,0.0094496841
998997,0.032119807
998998,0.014038804
998999,0.0059570312
999000,0.0072150733
999001,0.0070183249
999002,0.006473456
999003,0.027607996
999004,0.008223231
999005,0.022978514
999006,0.020675121
999007,0.0065606665
999008,0.014045984
999009,0.0066636028
999010,0.0075482535
999011,0.013838465
999012,0.013791791
999013,0.030175781
999014,0.0071899416
999015,0.01128935
999016,0.0066168848
999017,0.0021916521
999018,0.0019888156
999019,0.022576544
999020,0.011169434
999021,0.011371926
999022,0.015997546
999023,0.0021394603
999024,0.0087251551
999025,0.0081891883
999026,0.0071159811
999027,0.023634249
999028,0.006982422
999029,0.010434858
999030,0.0070958757
999031,0.010203642
999032,0.0075834384
999033,0.014407169
999034,0.030647548
999035,0.020691637
999036,0.014269302
999037,0.0074132583
999038,0.009296013
999039,0.039265711
999040,0.0083187325
999041,0.010823328
999042,0.037316177
999043,0.011233341
999044,0.0075173769
999045,0.0085937502
999046,0.022789761
999047,0.0088127581
999048,0.007151884
999049,0.010332175
999050,0.013801126
999051,0.010362334
999052,0.0041137999
999053,0.0061759716
999054,0.011478918
999055,0.0072732363
999056,0.008048024
999057,0.0072509767
999058,0.0074800379
999059,0.010581342
999060,0.0072136372
999061,0.0071633733
999062,0.0063177366
999063,0.0075482535
999064,0.007233025
999065,0.010541849
999066,0.015579856
999067,0.017348345
999068,0.012050813
999069,0.023219511
999070,0.010616527
999071,0.0070477654
999072,0.0072423597
999073,0.0072150733
999074,0.007078642
999075,0.013699161
999076,0.0063212207
999077,0.0074348003
999078,0.0082756495
999079,0.010597858
999080,0.014533548
999081,0.036646225
999082,0.039270736
999083,0.010306325
999084,0.0070527918
999085,0.0079503674
999086,0.015148904
999087,0.020762006
999088,0.0071669635
999089,0.007313448
999090,0.0096995635
999091,0.0086231902
999092,0.010788144
999093,0.0176169
999094,0.013564884
999095,0.0071755801
999096,0.00936478
999097,0.007291906
999098,0.0084537286
999099,0.016075224
999100,0.0140625
999101,0.010609346
999102,0.0072229723
999103,0.0072157914
999104,0.010386747
999105,0.0070147347
999106,0.0073299631
999107,0.0073005226
999108,0.014484719
999109,0.010413316
999110,0.024479406
999111,0.0077385399
999112,0.010453527
999113,0.007254567
999114,0.011040901
999115,0.020969525
999116,0.016627485
999117,0.0073823817
999118,0.007291906
999119,0.0074987076
999120,0.023827011
999121,0.0073436066
999122,0.013993566
999123,0.0065515894
999124,0.017352654
999125,0.010754394
999126,0.028970251
999127,0.0071762982
999128,0.010067929
999129,0.016009558
999130,0.014199994
999131,0.01047866
999132,0.025298713
999133,0.0082059968
999134,0.010653866
999135,0.0073988969
999136,0.038790356
999137,0.0081621958
999138,0.0074369544
999139,0.0084458292
999140,0.0071310606
999141,0.0073321173
999142,0.013947611
999143,0.0073342714
999144,0.0074757296
999145,0.013901655
999146,0.012550265
999147,0.026653621
999148,0.013648179
999149,0.0064114607
999150,0.0072208182
999151,0.0073364256
999152,0.014397116
999153,0.032718759
999154,0.01060432
999155,0.0064194622
999156,0.015100202
999157,0.0096880747
999158,0.0075137867
999159,0.0056877583
999160,0.013643871
999161,0.0072287167
999162,0.02053079
999163,0.0071267523
999164,0.017711684
999165,0.0071619372
999166,0.01051528
999167,0.010793888
999168,0.0070879767
999169,0.015365062
999170,0.01204127
999171,0.0081478339
999172,0.010018382
999173,0.0081456797
999174,0.0070578181
999175,0.012832568
999176,0.034363512
999177,0.0085219443
999178,0.010746496
999179,0.010230929
999180,0.028252814
999181,0.0176687
999182,0.019614054
999183,0.0074886545
999184,0.016565777
999185,0.039627615
999186,0.020622702
999187,0.019037813
999188,0.0062306123
999189,0.0021069546
999190,0.007041303
999191,0.013704906
999192,0.0061401366
999193,0.0073895622
999194,0.0058708638
999195,0.01952653
999196,0.014214011
999197,0.036995921
999198,0.010661765
999199,0.018037684
999200,0.0079719098
999201,0.016074559
999202,0.010846307
999203,0.010542567
999204,0.0072423597
999205,0.021065746
999206,0.0026932654
999207,0.017826574
999208,0.014170209
999209,0.0069422103
999210,0.010493739
999211,0.010801069
999212,0.0055725924
999213,0.039717373
999214,0.039280791
999215,0.0014612217
999216,0.017629825
999217,0.030914666
999218,0.034779269
999219,0.026348518
999220,0.024925321
999221,0.0070815142
999222,0.017586024
999223,0.039938536
999224,0.010593549
999225,0.019905211
999226,0.0070836684
999227,0.0081571694
999228,0.026824592
999229,0.0076925838
999230,0.011845847
999231,0.0071770162
999232,0.007210047
999233,0.010386029
999234,0.039768353
999235,0.017209759
999236,0.0065785316
999237,0.013651052
999238,0.0061882148
999239,0.035627786
999240,0.0075252759
999241,0.010638786
999242,0.0059204102
999243,0.0071935318
999244,0.0087696752
999245,0.011960018
999246,0.0062176874
999247,0.014352596
999248,0.0070542279
999249,0.01071921
999250,0.0070298137
999251,0.030384736
999252,0.012041017
999253,0.007115263
999254,0.0080006318
999255,0.0068359375
999256,0.010799632
999257,0.0070743337
999258,0.0067512062
999259,0.012672335
999260,0.010617963
999261,0.011091165
999262,0.0072193821
999263,0.036084123
999264,0.018066376
999265,0.017359834
999266,0.01079317
999267,0.010243854
999268,0.016904583
999269,0.017784208
999270,0.019424651
999271,0.010257496
999272,0.0072509767
999273,0.019853646
999274,0.01027473
999275,0.0074283374
999276,0.010075827
999277,0.010975097
999278,0.020714615
999279,0.0072761085
999280,0.010559082
999281,0.018969726
999282,0.0072495406
999283,0.010454963
999284,0.0070743337
999285,0.021569824
999286,0.013263835
999287,0.0070211971
999288,0.0078196805
999289,0.0079367245
999290,0.0073838178
999291,0.008767521
999292,0.0079403147
999293,0.01913129
999294,0.0095911361
999295,0.0070592542
999296,0.020154526
999297,0.013490924
999298,0.009911906
999299,0.020814659
999300,0.0096688522
999301,0.0070240693
999302,0.0071023381
999303,0.0068991268
999304,0.0070549459
999305,0.026027691
999306,0.019786419
999307,0.011193847
999308,0.010842716
999309,0.0072847256
999310,0.0070441752
999311,0.0066511529
999312,0.010923139
999313,0.010025447
999314,0.013885858
999315,0.0079898611
999316,0.0080982884
999317,0.039728861
999318,0.0075087603
999319,0.0065917969
999320,0.010896571
999321,0.012507442
999322,0.020273007
999323,0.015846515
999324,0.030723661
999325,0.029738231
999326,0.017247079
999327,0.0061710132
999328,0.010673254
999329,0.019069657
999330,0.010039206
999331,0.0081916358
999332,0.017319623
999333,0.0075137867
999334,0.024373852
999335,0.0086684283
999336,0.010575597
999337,0.010753676
999338,0.0079474952
999339,0.010774501
999340,0.0094733741
999341,0.0076502184
999342,0.0073098578
999343,0.010951143
999344,0.014226936
999345,0.0071626552
999346,0.026359288
999347,0.0072380514
999348,0.0073019587
999349,0.010141263
999350,0.0073120119
999351,0.0074355183
999352,0.013821231
999353,0.017130055
999354,0.0071245977
999355,0.007100184
999356,0.017378503
999357,0.0087316176
999358,0.014876063
999359,0.014453843
999360,0.023701029
999361,0.029808367
999362,0.017367734
999363,0.023018153
999364,0.017491957
999365,0.006652114
999366,0.0069529815
999367,0.017743278
999368,0.010650275
999369,0.013926068
999370,0.0028027459
999371,0.026017614
999372,0.007151884
999373,0.016717888
999374,0.014333209
999375,0.0071813245
999376,0.0057967422
999377,0.0071475757
999378,0.014005055
999379,0.010454963
999380,0.023792939
999381,0.013284709
999382,0.014160874
999383,0.010317096
999384,0.0072265626
999385,0.030412024
999386,0.0077679805
999387,0.010272576
999388,0.020305319
999389,0.010849179
999390,0.039550781
999391,0.01187842
999392,0.0072229723
999393,0.017198989
999394,0.013184478
999395,0.017418716
999396,0.019060202
999397,0.011094111
999398,0.012133789
999399,0.0074628047
999400,0.0073012407
999401,0.031021273
999402,0.014402143
999403,0.014246323
999404,0.010562672
999405,0.0072581572
999406,0.0068818936
999407,0.0072114831
999408,0.0077213063
999409,0.020691637
999410,0.014221909
999411,0.039294433
999412,0.010919549
999413,0.00736443
999414,0.007100184
999415,0.016547194
999416,0.017164523
999417,0.0071870694
999418,0.0069558537
999419,0.0092141544
999420,0.010331457
999421,0.0073615578
999422,0.020400103
999423,0.030310767
999424,0.0077579273
999425,0.0069809859
999426,0.010887235
999427,0.0061013615
999428,0.028034722
999429,0.0092723174
999430,0.016520089
999431,0.0072308709
999432,0.010397518
999433,0.012446864
999434,0.013419836
999435,0.006887638
999436,0.039621871
999437,0.022966452
999438,0.01074865
999439,0.01071921
999440,0.019186581
999441,0.019008115
999442,0.010785271
999443,0.033707205
999444,0.0079058483
999445,0.020858226
999446,0.0072086109
999447,0.014522777
999448,0.0060317097
999449,0.02315243
999450,0.010271139
999451,0.010582778
999452,0.01947083
999453,0.016800465
999454,0.0160027
999455,0.026872702
999456,0.010237803
999457,0.0052820542
999458,0.017348345
999459,0.020535098
999460,0.011997358
999461,0.010757985
999462,0.011344641
999463,0.027000517
999464,0.010737161
999465,0.0070772059
999466,0.010525333
999467,0.01384421
999468,0.0076789409
999469,0.016130311
999470,0.010689769
999471,0.022897169
999472,0.020936495
999473,0.009809427
999474,0.017670037
999475,0.020456113
999476,0.0069149244
999477,0.0071748621
999478,0.021885052
999479,0.027287023
999480,0.013717831
999481,0.010621553
999482,0.014023007
999483,0.0070800781
999484,0.0074046417
999485,0.0076013901
999486,0.0080595128
999487,0.0078922044
999488,0.0067612594
999489,0.013926786
999490,0.012796593
999491,0.006147366
999492,0.024161305
999493,0.012516649
999494,0.012606991
999495,0.019683477
999496,0.0069048712
999497,0.0070657171
999498,0.007217946
999499,0.011045209
999500,0.0095895464
999501,0.0069996552
999502,0.014832261
999503,0.010358025
999504,0.010692641
999505,0.011242676
999506,0.013661104
999507,0.010581342
999508,0.014125689
999509,0.012922963
999510,0.013798254
999511,0.0072969324
999512,0.006602278
999513,0.0070204791
999514,0.0072861616
999515,0.014163028
999516,0.014123535
999517,0.012442555
999518,0.017153751
999519,0.012172564
999520,0.0071231616
999521,0.013427734
999522,0.0068847658
999523,0.010531796
999524,0.0072603114
999525,0.014154412
999526,0.0073357075
999527,0.011295094
999528,0.0074491613
999529,0.011470301
999530,0.021124627
999531,0.010801787
999532,0.0070384308
999533,0.028961327
999534,0.017439539
999535,0.0099104857
999536,0.013797536
999537,0.0072157914
999538,0.004939321
999539,0.011259191
999540,0.0093800267
999541,0.0071238796
999542,0.017085535
999543,0.032485746
999544,0.0021573079
999545,0.010253906
999546,0.0074786018
999547,0.0074527515
999548,0.0075640511
999549,0.0073091397
999550,0.01323092
999551,0.0065755895
999552,0.039119944
999553,0.0073005226
999554,0.012301055
999555,0.010576315
999556,0.0071238796
999557,0.009557277
999558,0.0088206576
999559,0.017099179
999560,0.027135512
999561,0.0069508273
999562,0.0095648644
999563,0.018410357
999564,0.017816521
999565,0.010271139
999566,0.011191693
999567,0.0068739946
999568,0.014154412
999569,0.01247997
999570,0.0070269415
999571,0.0019011195
999572,0.0070362766
999573,0.016046595
999574,0.016814826
999575,0.0071159811
999576,0.020198328
999577,0.0044746879
999578,0.0072150733
999579,0.0020531171
999580,0.0068933824
999581,0.010520306
999582,0.0092385681
999583,0.011702235
999584,0.018508732
999585,0.007541073
999586,0.020837696
999587,0.0068337834
999588,0.0072129192
999589,0.010645967
999590,0.0078031654
999591,0.014889706
999592,0.010349409
999593,0.039048858
999594,0.0071016201
999595,0.016796876
999596,0.0071231616
999597,0.010345099
999598,0.0101821
999599,0.0065602022
999600,0.0073529412
999601,0.0072933421
999602,0.029058265
999603,0.0099530388
999604,0.017464671
999605,0.032218665
999606,0.0064947475
999607,0.0067626955
999608,0.037180465
999609,0.0073306812
999610,0.0075942096
999611,0.0071116728
999612,0.0071576289
999613,0.03938419
999614,0.010399672
999615,0.0069852942
999616,0.0062614656
999617,0.017092716
999618,0.010396082
999619,0.010612937
999620,0.01014337
999621,0.013737218
999622,0.014582376
999623,0.008341711
999624,0.017334703
999625,0.010666073
999626,0.0075647691
999627,0.021647498
999628,0.0075224033
999629,0.010638786
999630,0.0062475614
999631,0.0072244084
999632,0.0068452721
999633,0.013840619
999634,0.015148654
999635,0.010732135
999636,0.0069558537
999637,0.0095961904
999638,0.0072265626
999639,0.01017851
999640,0.0071389591
999641,0.0276956
999642,0.021691177
999643,0.010756548
999644,0.015719784
999645,0.013697725
999646,0.0068474263
999647,0.010868566
999648,0.020824477
999649,0.017225558
999650,0.01342199
999651,0.01081543
999652,0.0071978401
999653,0.020405848
999654,0.0096155535
999655,0.012936733
999656,0.03669421
999657,0.0081475005
999658,0.011902574
999659,0.011086857
999660,0.010631606
999661,0.0068258848
999662,0.005837115
999663,0.010397518
999664,0.016562069
999665,0.0079963235
999666,0.005646111
999667,0.011201747
999668,0.016247977
999669,0.017535759
999670,0.010523897
999671,0.01169649
999672,0.016007008
999673,0.016938332
999674,0.01083769
999675,0.0072610294
999676,0.005991498
999677,0.0071949679
999678,0.0068840478
999679,0.010770191
999680,0.0073608398
999681,0.010697667
999682,0.007033404
999683,0.020763442
999684,0.0071820426
999685,0.016983571
999686,0.031690888
999687,0.017252844
999688,0.019863354
999689,0.010477223
999690,0.007732077
999691,0.013984231
999692,0.013557703
999693,0.013592889
999694,0.013949765
999695,0.037179746
999696,0.0069989371
999697,0.0071949679
999698,0.010960478
999699,0.013986385
999700,0.0072746724
999701,0.011655561
999702,0.0065529761
999703,0.0061919042
999704,0.0071116728
999705,0.011797018
999706,0.021635167
999707,0.006208993
999708,0.011702235
999709,0.013898064
999710,0.039799232
999711,0.007372329
999712,0.013875086
999713,0.017796416
999714,0.007151166
999715,0.0024774582
999716,0.008165068
999717,0.022484718
999718,0.0070154527
999719,0.0073909983
999720,0.0069077434
999721,0.0073342714
999722,0.0059010223
999723,0.01709128
999724,0.0066585764
999725,0.014053165
999726,0.034154557
999727,0.0090260226
999728,0.0071683996
999729,0.01013399
999730,0.0025556432
999731,0.0070384308
999732,0.0071289064
999733,0.0069450829
999734,0.0073802276
999735,0.014682905
999736,0.0071238796
999737,0.013521801
999738,0.0068826117
999739,0.0092012295
999740,0.010609346
999741,0.010477941
999742,0.0073184744
999743,0.007210047
999744,0.010757985
999745,0.03800695
999746,0.0072840075
999747,0.026135972
999748,0.0071231616
999749,0.011376235
999750,0.01327617
999751,0.006322972
999752,0.007092285
999753,0.006189683
999754,0.010461425
999755,0.039568014
999756,0.02086756
999757,0.0070772059
999758,0.0094094668
999759,0.0073206285
999760,0.0083065256
999761,0.0071770162
999762,0.010847025
999763,0.007400333
999764,0.017555147
999765,0.010548311
999766,0.026327934
999767,0.013961254
999768,0.02433005
999769,0.032528322
999770,0.0076753506
999771,0.01148179
999772,0.0093182735
999773,0.010495893
999774,0.0062514362
999775,0.0076868394
999776,0.0067095589
999777,0.024442067
999778,0.0070994659
999779,0.019714104
999780,0.014397116
999781,0.017428769
999782,0.039631203
999783,0.013580682
999784,0.010492302
999785,0.0069285673
999786,0.010271139
999787,0.0061920858
999788,0.023713235
999789,0.03968434
999790,0.018390235
999791,0.0073112939
999792,0.0071382411
999793,0.0070075542
999794,0.024119603
999795,0.0063447841
999796,0.0066325292
999797,0.0069623161
999798,0.020704562
999799,0.0067734662
999800,0.0071138269
999801,0.039493337
999802,0.0073091397
999803,0.017796416
999804,0.012673771
999805,0.0071396772
999806,0.018108772
999807,0.014365521
999808,0.006828757
999809,0.010477941
999810,0.026264437
999811,0.0073694563
999812,0.023795094
999813,0.01053395
999814,0.0096399644
999815,0.010780963
999816,0.0071920957
999817,0.0055721509
999818,0.017150879
999819,0.010836254
999820,0.0073414524
999821,0.020484835
999822,0.0070851045
999823,0.01074506
999824,0.021855943
999825,0.023086201
999826,0.0069687786
999827,0.0010451025
999828,0.0161657
999829,0.0072380514
999830,0.0067741843
999831,0.010350127
999832,0.010655303
999833,0.0072409236
999834,0.017323932
999835,0.010900879
999836,0.010574879
999837,0.013984949
999838,0.025751092
999839,0.0024217512
999840,0.0071166991
999841,0.011454504
999842,0.017371323
999843,0.017018037
999844,0.010373104
999845,0.014101993
999846,0.010910214
999847,0.0069867303
999848,0.007077924
999849,0.0071920957
999850,0.010538259
999851,0.039579503
999852,0.0065982593
999853,0.030550608
999854,0.0074843462
999855,0.03990335
999856,0.013706342
999857,0.016758099
999858,0.014063936
999859,0.011098346
999860,0.0071468577
999861,0.037805893
999862,0.017318904
999863,0.0068718405
999864,0.023995433
999865,0.0071605011
999866,0.0073184744
999867,0.0094669117
999868,0.014104865
999869,0.0080099665
999870,0.020773495
999871,0.0065447935
999872,0.033464499
999873,0.013511029
999874,0.017428769
999875,0.008180147
999876,0.0077263326
999877,0.014068244
999878,0.010653866
999879,0.0074742935
999880,0.032474294
999881,0.029423254
999882,0.010596422
999883,0.021599265
999884,0.018359374
999885,0.010422651
999886,0.0066901711
999887,0.0067985984
999888,0.015800925
999889,0.01428079
999890,0.0073766373
999891,0.029051216
999892,0.0068596336
999893,0.0072028665
999894,0.02770637
999895,0.010499483
999896,0.0054271026
999897,0.010573443
999898,0.0062966738
999899,0.0073306812
999900,0.0073515051
999901,0.013427016
999902,0.011702235
999903,0.014592429
999904,0.0072043026
999905,0.007100184
999906,0.0074635227
999907,0.011103372
999908,0.01361443
999909,0.0070247874
999910,0.01238511
999911,0.0064235255
999912,0.010722082
999913,0.025178658
999914,0.0073098578
999915,0.039914839
999916,0.0072861616
999917,0.016882325
999918,0.0080681294
999919,0.0071648094
999920,0.033194508
999921,0.013839183
999922,0.033690687
999923,0.0075482535
999924,0.0063189338
999925,0.011117733
999926,0.0070427391
999927,0.011094037
999928,0.007444853
999929,0.02089772
999930,0.020694509
999931,0.014020135
999932,0.0079977596
999933,0.0075934916
999934,0.010410444
999935,0.0089096967
999936,0.011579601
999937,0.010312069
999938,0.0073069851
999939,0.014211857
999940,0.013846364
999941,0.0020959862
999942,0.0069206688
999943,0.0078828698
999944,0.0071849148
999945,0.0070585362
999946,0.0065831803
999947,0.011311609
999948,0.0078527117
999949,0.0073270909
999950,0.014023007
999951,0.0070168888
999952,0.006289863
999953,0.028030934
999954,0.0076789409
999955,0.013922478
999956,0.011657445
999957,0.0074060778
999958,0.0036310693
999959,0.0071691177
999960,0.024063649
999961,0.010477941
999962,0.016948385
999963,0.0073579676
999964,0.010392492
999965,0.0069422103
999966,0.007100184
999967,0.0072825714
999968,0.036328126
999969,0.019300666
999970,0.010617245
999971,0.010798196
999972,0.0059512868
999973,0.014235552
999974,0.03371295
999975,0.0069443649
999976,0.0072437958
999977,0.0072904699
999978,0.0069508273
999979,0.010687615
999980,0.033052597
999981,0.00736443
999982,0.017575253
999983,0.010689051
999984,0.036086898
999985,0.0071920957
999986,0.01384421
999987,0.0067856731
999988,0.0070377127
999989,0.0070527918
999990,0.01361443
999991,0.039924175
999992,0.020968089
999993,0.021511095
999994,0.0076064165
999995,0.0072610294
999996,0.017048197
999997,0.037396599
999998,0.0092780618
999999,0.0072265626
