LECROYHDO6104B,11090,Waveform
Segments,1,SegmentSize,2709
Segment,TrigTime,TimeSinceSegment1
#1,04-May-2026 18:45:31,0                 
Time,Ampl
997291,0.030272719
997292,0.0071490118
997293,0.021110984
997294,0.039267149
997295,0.0094460882
997296,0.010425523
997297,0.0061626802
997298,0.0074190027
997299,0.015207807
997300,0.0070958757
997301,0.0096567292
997302,0.0073048309
997303,0.020425236
997304,0.0077134077
997305,0.011580883
997306,0.007033404
997307,0.0075970818
997308,0.0073249368
997309,0.016869534
997310,0.027171416
997311,0.0072703641
997312,0.0072840075
997313,0.012857358
997314,0.025857229
997315,0.0074333642
997316,0.0074886545
997317,0.024521053
997318,0.013730038
997319,0.0072337431
997320,0.0077155619
997321,0.017547349
997322,0.017291619
997323,0.013832721
997324,0.018152574
997325,0.017226275
997326,0.0073953066
997327,0.013845646
997328,0.010327866
997329,0.0072380514
997330,0.019755285
997331,0.010601448
997332,0.020381434
997333,0.0071841967
997334,0.010581342
997335,0.020409439
997336,0.010260369
997337,0.0071949679
997338,0.01391458
997339,0.0023248421
997340,0.0068215765
997341,0.0043017659
997342,0.010665355
997343,0.010615809
997344,0.006960162
997345,0.017304543
997346,0.011243394
997347,0.0098632816
997348,0.0061566504
997349,0.020226333
997350,0.0095430259
997351,0.0070973118
997352,0.017217658
997353,0.0068502985
997354,0.0075159408
997355,0.0069637522
997356,0.010493021
997357,0.0071712718
997358,0.013267743
997359,0.03136402
997360,0.010743624
997361,0.0071942499
997362,0.0075310203
997363,0.011086857
997364,0.016626695
997365,0.018032657
997366,0.0097677791
997367,0.0070427391
997368,0.0073795095
997369,0.0068474263
997370,0.014142923
997371,0.013147563
997372,0.0071066464
997373,0.010640941
997374,0.010735007
997375,0.0064285179
997376,0.022894606
997377,0.0097519821
997378,0.010281192
997379,0.010249598
997380,0.0072567211
997381,0.014309512
997382,0.0068517351
997383,0.0070815142
997384,0.0062749675
997385,0.0074462891
997386,0.039453126
997387,0.0098704621
997388,0.016295319
997389,0.007349351
997390,0.014028033
997391,0.017589614
997392,0.030358266
997393,0.009429751
997394,0.01892449
997395,0.0063878666
997396,0.0027698637
997397,0.013579963
997398,0.0071131089
997399,0.0070448932
997400,0.016309587
997401,0.0158515
997402,0.01079711
997403,0.010447782
997404,0.039430149
997405,0.019419834
997406,0.016704964
997407,0.013397057
997408,0.01428079
997409,0.014435174
997410,0.024360927
997411,0.0078512756
997412,0.01567311
997413,0.011517959
997414,0.0076746321
997415,0.0073874081
997416,0.033559281
997417,0.014164465
997418,0.01043773
997419,0.0075834384
997420,0.020909926
997421,0.016964901
997422,0.0097766789
997423,0.013752297
997424,0.019456957
997425,0.00736443
997426,0.013924632
997427,0.0030316128
997428,0.014423684
997429,0.0095257927
997430,0.01051887
997431,0.037415989
997432,0.027529728
997433,0.0054974724
997434,0.005682359
997435,0.0092754178
997436,0.0040893122
997437,0.0063967453
997438,0.011229751
997439,0.013453584
997440,0.010007611
997441,0.0056870403
997442,0.010641659
997443,0.024152689
997444,0.016842831
997445,0.0046515907
997446,0.012985023
997447,0.0065142633
997448,0.010386029
997449,0.010387465
997450,0.013876522
997451,0.011261346
997452,0.0022684061
997453,0.010512408
997454,0.007349351
997455,0.010471479
997456,0.0065006032
997457,0.031907745
997458,0.013565602
997459,0.013791791
997460,0.0071131089
997461,0.017137911
997462,0.015758201
997463,0.0017778302
997464,0.010684743
997465,0.015555487
997466,0.0097720874
997467,0.0095085595
997468,0.010516716
997469,0.0072954963
997470,0.0073227827
997471,0.006512092
997472,0.010719928
997473,0.021026971
997474,0.014771944
997475,0.019120026
997476,0.0073206285
997477,0.010294118
997478,0.016534379
997479,0.024724266
997480,0.014756147
997481,0.039838005
997482,0.0070513557
997483,0.015350125
997484,0.01476899
997485,0.0075475355
997486,0.010638786
997487,0.0069443649
997488,0.010577751
997489,0.0059555951
997490,0.0097738728
997491,0.014422966
997492,0.0097103342
997493,0.0073191924
997494,0.03756319
997495,0.015556066
997496,0.025039399
997497,0.013809742
997498,0.007599236
997499,0.0095840981
997500,0.014057473
997501,0.012962045
997502,0.01404383
997503,0.010598576
997504,0.010284064
997505,0.0066453936
997506,0.036848001
997507,0.010664637
997508,0.010880055
997509,0.019827945
997510,0.016381113
997511,0.0096781496
997512,0.023394417
997513,0.032596387
997514,0.0065442547
997515,0.0072782626
997516,0.006471158
997517,0.010764447
997518,0.015864832
997519,0.0073299631
997520,0.024594296
997521,0.0068933824
997522,0.0072825714
997523,0.0095684528
997524,0.009379915
997525,0.011339614
997526,0.013894474
997527,0.0091672614
997528,0.030399816
997529,0.00731273
997530,0.030376839
997531,0.013363341
997532,0.01024529
997533,0.0071691177
997534,0.0076573989
997535,0.0062399469
997536,0.0070858225
997537,0.0071971221
997538,0.0072157914
997539,0.0089448821
997540,0.017618336
997541,0.025087066
997542,0.010862104
997543,0.017658548
997544,0.023055406
997545,0.0095595969
997546,0.010581342
997547,0.0039848848
997548,0.010880773
997549,0.039717373
997550,0.007372329
997551,0.027470129
997552,0.014032342
997553,0.035016853
997554,0.0024641037
997555,0.01385139
997556,0.0076573989
997557,0.014073989
997558,0.0072315889
997559,0.013269761
997560,0.012895965
997561,0.0072373333
997562,0.0070599723
997563,0.038595043
997564,0.013018062
997565,0.0064218142
997566,0.039464615
997567,0.014326747
997568,0.0077715707
997569,0.011167279
997570,0.012594545
997571,0.0072631836
997572,0.0083869481
997573,0.0108262
997574,0.039649874
997575,0.010554774
997576,0.019616824
997577,0.010509536
997578,0.020816579
997579,0.027144128
997580,0.010727108
997581,0.039705884
997582,0.0081234202
997583,0.0075252759
997584,0.0070937211
997585,0.0068962546
997586,0.0073845359
997587,0.0068854839
997588,0.0080896718
997589,0.014524213
997590,0.016256893
997591,0.0070348405
997592,0.0065945177
997593,0.0075712316
997594,0.019175109
997595,0.010670382
997596,0.007526712
997597,0.0022635919
997598,0.026875574
997599,0.027094582
997600,0.0066148294
997601,0.0085994946
997602,0.012895441
997603,0.010582778
997604,0.0072617475
997605,0.020180248
997606,0.014200368
997607,0.0075906194
997608,0.017056813
997609,0.019325001
997610,0.014096967
997611,0.020484835
997612,0.03968434
997613,0.023946606
997614,0.013471536
997615,0.007658117
997616,0.01372932
997617,0.017031681
997618,0.020797908
997619,0.0075618969
997620,0.013997156
997621,0.010659611
997622,0.01183005
997623,0.011700081
997624,0.019338809
997625,0.014039522
997626,0.013833439
997627,0.014707319
997628,0.031671502
997629,0.010572007
997630,0.0071942499
997631,0.0070132986
997632,0.010910932
997633,0.0071482938
997634,0.016908893
997635,0.031159524
997636,0.012411678
997637,0.0074721393
997638,0.007732077
997639,0.03049819
997640,0.0090917852
997641,0.011810662
997642,0.0070054
997643,0.0078239888
997644,0.019267004
997645,0.014188878
997646,0.029872041
997647,0.0069738054
997648,0.031344067
997649,0.020705279
997650,0.02001664
997651,0.0072272806
997652,0.010443474
997653,0.0072538489
997654,0.0080437157
997655,0.0029280651
997656,0.010584932
997657,0.010697667
997658,0.0068215765
997659,0.0071461396
997660,0.031060431
997661,0.0065536802
997662,0.0074017695
997663,0.010666791
997664,0.007137523
997665,0.0069365553
997666,0.010491584
997667,0.0070312498
997668,0.023049029
997669,0.0063000992
997670,0.019915413
997671,0.0074721393
997672,0.030706428
997673,0.010523897
997674,0.01759105
997675,0.033499684
997676,0.010594985
997677,0.0093764365
997678,0.0064934227
997679,0.010678998
997680,0.014338235
997681,0.007210765
997682,0.010592831
997683,0.0063741053
997684,0.011265654
997685,0.0067188265
997686,0.014248477
997687,0.0072064567
997688,0.013943302
997689,0.011921961
997690,0.02030101
997691,0.0080013499
997692,0.010661765
997693,0.0071253157
997694,0.022625187
997695,0.010394646
997696,0.0072897519
997697,0.007350069
997698,0.0018454376
997699,0.013754452
997700,0.010569853
997701,0.0084673716
997702,0.011702497
997703,0.010850033
997704,0.018360093
997705,0.020886948
997706,0.0068021887
997707,0.0075985179
997708,0.017873965
997709,0.01449549
997710,0.010154167
997711,0.010294118
997712,0.0073263729
997713,0.010827636
997714,0.0071655274
997715,0.013755888
997716,0.0073895622
997717,0.010496611
997718,0.0096351197
997719,0.030985754
997720,0.010206514
997721,0.015454101
997722,0.016900275
997723,0.014158002
997724,0.039609663
997725,0.0078728171
997726,0.0070872586
997727,0.016501753
997728,0.0072445138
997729,0.0062495377
997730,0.014023007
997731,0.011194565
997732,0.0073026768
997733,0.012160357
997734,0.007254567
997735,0.0098762065
997736,0.0073263729
997737,0.0072969324
997738,0.017273668
997739,0.0097405184
997740,0.014338235
997741,0.014145795
997742,0.013732192
997743,0.0069594439
997744,0.013633817
997745,0.01070772
997746,0.02240108
997747,0.013821231
997748,0.0068546073
997749,0.0059945942
997750,0.016361153
997751,0.030457979
997752,0.013055061
997753,0.02511489
997754,0.0070578181
997755,0.0063311406
997756,0.0071231616
997757,0.0074304915
997758,0.0071490118
997759,0.0076624253
997760,0.0075123506
997761,0.0069924747
997762,0.0075697955
997763,0.017293774
997764,0.0075008618
997765,0.0071411133
997766,0.0071806065
997767,0.0073069851
997768,0.01309856
997769,0.033458754
997770,0.0074218749
997771,0.010357307
997772,0.0072954963
997773,0.015940947
997774,0.0065039485
997775,0.0076351389
997776,0.0076631433
997777,0.023359232
997778,0.013972024
997779,0.010546875
997780,0.0077083814
997781,0.015344956
997782,0.013769049
997783,0.013798972
997784,0.011273553
997785,0.00828283
997786,0.010420497
997787,0.017145135
997788,0.010476505
997789,0.0067059686
997790,0.019064091
997791,0.015347573
997792,0.013699161
997793,0.0072351792
997794,0.01060432
997795,0.0009307884
997796,0.006049661
997797,0.0072265626
997798,0.013064449
997799,0.0068538892
997800,0.0073881261
997801,0.0065350723
997802,0.010342227
997803,0.0073041129
997804,0.0093455594
997805,0.014131434
997806,0.013775276
997807,0.031680837
997808,0.010543285
997809,0.02364861
997810,0.011468299
997811,0.01188534
997812,0.0069996552
997813,0.019210266
997814,0.010414752
997815,0.0067361272
997816,0.0073335534
997817,0.0075022979
997818,0.0069307215
997819,0.0071999943
997820,0.009592968
997821,0.014445227
997822,0.010976993
997823,0.023909984
997824,0.0068617878
997825,0.0073482925
997826,0.007100902
997827,0.020020967
997828,0.0073177563
997829,0.0070161708
997830,0.022325359
997831,0.0085047102
997832,0.0026926422
997833,0.0070728976
997834,0.0090805953
997835,0.017210478
997836,0.010560518
997837,0.0072122011
997838,0.026173202
997839,0.0069113337
997840,0.007328527
997841,0.026922248
997842,0.033153459
997843,0.03095416
997844,0.013264016
997845,0.017178884
997846,0.011041619
997847,0.01013758
997848,0.03708123
997849,0.0069536995
997850,0.010171995
997851,0.038706344
997852,0.0069536995
997853,0.010381003
997854,0.014103429
997855,0.017440258
997856,0.0077593634
997857,0.007247386
997858,0.0096047791
997859,0.0080386894
997860,0.013669003
997861,0.010607192
997862,0.0076408833
997863,0.010462143
997864,0.0075224033
997865,0.0077895219
997866,0.031225212
997867,0.026711857
997868,0.035032026
997869,0.03360524
997870,0.0076021082
997871,0.01789978
997872,0.0078455312
997873,0.0072495406
997874,0.0065649967
997875,0.0061494717
997876,0.027148437
997877,0.01058206
997878,0.020094281
997879,0.010785989
997880,0.0070499196
997881,0.005727252
997882,0.0093824659
997883,0.010112623
997884,0.039809283
997885,0.020912798
997886,0.012737824
997887,0.0079288259
997888,0.0071044923
997889,0.0096385162
997890,0.0071619372
997891,0.01647936
997892,0.0066009667
997893,0.033829495
997894,0.039866727
997895,0.028837316
997896,0.017332548
997897,0.0075669233
997898,0.0094054379
997899,0.020226499
997900,0.014039522
997901,0.0072954963
997902,0.0071231616
997903,0.010105268
997904,0.0065336027
997905,0.014124253
997906,0.0105081
997907,0.020303166
997908,0.007621496
997909,0.0079245176
997910,0.0074204388
997911,0.0062794406
997912,0.03043141
997913,0.0073622759
997914,0.0072251265
997915,0.007173426
997916,0.0078534298
997917,0.016900275
997918,0.0073673022
997919,0.0087072039
997920,0.0139591
997921,0.0072265626
997922,0.022983685
997923,0.007291188
997924,0.0067237047
997925,0.0071253157
997926,0.036967918
997927,0.013311407
997928,0.0070807962
997929,0.0084667262
997930,0.011468147
997931,0.0075166589
997932,0.007218664
997933,0.010562672
997934,0.010420497
997935,0.010126092
997936,0.019731987
997937,0.013686236
997938,0.02294491
997939,0.013277394
997940,0.013759478
997941,0.010002874
997942,0.01391817
997943,0.0073357075
997944,0.017061122
997945,0.0065005478
997946,0.016957721
997947,0.022598805
997948,0.014058909
997949,0.0074563418
997950,0.0072739543
997951,0.0073270909
997952,0.0072825714
997953,0.010539695
997954,0.0069206688
997955,0.0137365
997956,0.0061480352
997957,0.015197754
997958,0.012339154
997959,0.01008947
997960,0.026989028
997961,0.026165688
997962,0.0091215242
997963,0.0082842661
997964,0.012943761
997965,0.0070477654
997966,0.013006951
997967,0.010591395
997968,0.019164171
997969,0.0064065559
997970,0.013770968
997971,0.0072581572
997972,0.017178884
997973,0.012757066
997974,0.019302411
997975,0.0075022979
997976,0.0070298137
997977,0.0082849842
997978,0.032279547
997979,0.0078505576
997980,0.0070010913
997981,0.01727654
997982,0.010930319
997983,0.019842889
997984,0.018651959
997985,0.01044491
997986,0.010600012
997987,0.010576315
997988,0.029305981
997989,0.0089269299
997990,0.010806813
997991,0.023324545
997992,0.010492302
997993,0.0089678597
997994,0.016855039
997995,0.0069163605
997996,0.0060195024
997997,0.010504509
997998,0.0071231616
997999,0.017239919
998000,0.018352194
998001,0.01389591
998002,0.0071559041
998003,0.020362046
998004,0.0099516027
998005,0.020132266
998006,0.0072150733
998007,0.0071612191
998008,0.010646685
998009,0.0021128382
998010,0.013214482
998011,0.0073802276
998012,0.010661765
998013,0.013159832
998014,0.0073795095
998015,0.0084228516
998016,0.0084795784
998017,0.017025217
998018,0.039447382
998019,0.0072215362
998020,0.0068021887
998021,0.030274874
998022,0.020563103
998023,0.0072954963
998024,0.033957805
998025,0.010622271
998026,0.0080781821
998027,0.013786765
998028,0.017463954
998029,0.0070578181
998030,0.013667567
998031,0.0075597428
998032,0.013125794
998033,0.010279756
998034,0.01741728
998035,0.01008229
998036,0.017496984
998037,0.0072043026
998038,0.017440258
998039,0.0080889538
998040,0.0063167796
998041,0.010302017
998042,0.025783405
998043,0.033680636
998044,0.0076150335
998045,0.009679094
998046,0.010397518
998047,0.013926786
998048,0.024154512
998049,0.019503616
998050,0.0084415209
998051,0.020569567
998052,0.0091911769
998053,0.012654488
998054,0.0061208834
998055,0.01051528
998056,0.015386604
998057,0.0082993452
998058,0.0071102367
998059,0.0075733857
998060,0.010435576
998061,0.0086971503
998062,0.02330035
998063,0.007481474
998064,0.0072631836
998065,0.0080810543
998066,0.024616556
998067,0.0171875
998068,0.0065372242
998069,0.011224724
998070,0.020378562
998071,0.0066564223
998072,0.0012734844
998073,0.039533548
998074,0.0068660961
998075,0.010856359
998076,0.010216567
998077,0.0073874081
998078,0.01764706
998079,0.01084128
998080,0.0055750231
998081,0.014047421
998082,0.0073249368
998083,0.011539953
998084,0.010378849
998085,0.0052173394
998086,0.0065435614
998087,0.0056913486
998088,0.01060432
998089,0.0077191521
998090,0.0072244084
998091,0.010213695
998092,0.014135025
998093,0.014006491
998094,0.017280849
998095,0.016130514
998096,0.0071712718
998097,0.010960478
998098,0.0062866211
998099,0.028644219
998100,0.0074441349
998101,0.0072301528
998102,0.010869147
998103,0.011067469
998104,0.0095660044
998105,0.0096533233
998106,0.010595703
998107,0.0074412627
998108,0.010887953
998109,0.019354163
998110,0.021798886
998111,0.0067160213
998112,0.0071949679
998113,0.019910386
998114,0.017865349
998115,0.0071691177
998116,0.02063491
998117,0.027377499
998118,0.010716338
998119,0.0064165397
998120,0.0071820426
998121,0.037461225
998122,0.01060791
998123,0.039200369
998124,0.0072114831
998125,0.0074556237
998126,0.023794375
998127,0.00736443
998128,0.010852051
998129,0.0074419808
998130,0.0061927768
998131,0.010673254
998132,0.024510534
998133,0.03555312
998134,0.039413631
998135,0.0076652975
998136,0.0070829503
998137,0.010601448
998138,0.013920324
998139,0.010026281
998140,0.018027632
998141,0.010279856
998142,0.039590992
998143,0.013953355
998144,0.013803998
998145,0.033919748
998146,0.010368078
998147,0.0070496858
998148,0.030170921
998149,0.0066775167
998150,0.0091841351
998151,0.037344899
998152,0.013885139
998153,0.030307904
998154,0.0072394875
998155,0.0076688877
998156,0.013908835
998157,0.030388327
998158,0.010627298
998159,0.028670482
998160,0.035174541
998161,0.014120663
998162,0.013902373
998163,0.010605756
998164,0.013784611
998165,0.0070872586
998166,0.010922421
998167,0.018462775
998168,0.016277226
998169,0.017297363
998170,0.024655331
998171,0.010661047
998172,0.010213695
998173,0.0083036534
998174,0.0068510165
998175,0.017439539
998176,0.01044491
998177,0.007255285
998178,0.022589471
998179,0.039671414
998180,0.023655791
998181,0.013855699
998182,0.0074247471
998183,0.0075051701
998184,0.039224781
998185,0.0068969727
998186,0.0075417911
998187,0.0068761487
998188,0.0073084212
998189,0.010498047
998190,0.010391774
998191,0.0061264937
998192,0.0026001313
998193,0.0076401653
998194,0.0094633214
998195,0.011355411
998196,0.027409812
998197,0.013646025
998198,0.0075949277
998199,0.0099530388
998200,0.027471565
998201,0.017744714
998202,0.0069572898
998203,0.014295151
998204,0.010073673
998205,0.0072768265
998206,0.02386331
998207,0.017141543
998208,0.0071526021
998209,0.0069673425
998210,0.017428769
998211,0.0073988969
998212,0.017288029
998213,0.0098972647
998214,0.020388614
998215,0.0059569525
998216,0.030820599
998217,0.0053362828
998218,0.010516716
998219,0.014034496
998220,0.01148897
998221,0.0059448243
998222,0.022178022
998223,0.0069400561
998224,0.013572064
998225,0.020261003
998226,0.010622271
998227,0.0072150733
998228,0.013997156
998229,0.0074570598
998230,0.0073816637
998231,0.019278493
998232,0.01041188
998233,0.0071461396
998234,0.010857077
998235,0.016096704
998236,0.012520165
998237,0.010577751
998238,0.016217524
998239,0.0077959844
998240,0.0088127581
998241,0.0073191924
998242,0.0052238903
998243,0.0072782626
998244,0.014298995
998245,0.0072940602
998246,0.013815487
998247,0.028467515
998248,0.006769876
998249,0.010299144
998250,0.0075367647
998251,0.00951574
998252,0.0068546073
998253,0.013832721
998254,0.017695168
998255,0.014372702
998256,0.014096967
998257,0.0071109547
998258,0.016506726
998259,0.0067325369
998260,0.011125632
998261,0.0071942499
998262,0.0073335534
998263,0.009662224
998264,0.010784553
998265,0.0065436866
998266,0.0074111042
998267,0.014028033
998268,0.0063303299
998269,0.014298742
998270,0.020158118
998271,0.011302275
998272,0.017652804
998273,0.0095631322
998274,0.020496324
998275,0.0087560313
998276,0.0094906073
998277,0.0082261031
998278,0.01029699
998279,0.010535386
998280,0.0093203988
998281,0.0094748102
998282,0.017693015
998283,0.0072524128
998284,0.0069544176
998285,0.010329302
998286,0.009895972
998287,0.011149328
998288,0.014015826
998289,0.033340693
998290,0.039660644
998291,0.0074477252
998292,0.013693416
998293,0.012660429
998294,0.034108598
998295,0.0071942499
998296,0.0074836281
998297,0.010770191
998298,0.0075396369
998299,0.0070276596
998300,0.017388556
998301,0.027809054
998302,0.00696088
998303,0.013875804
998304,0.0092098461
998305,0.0082950369
998306,0.023948042
998307,0.022921214
998308,0.014538259
998309,0.0072954963
998310,0.010555492
998311,0.015536679
998312,0.014191751
998313,0.0080114026
998314,0.010028435
998315,0.010714902
998316,0.0076760687
998317,0.0069953469
998318,0.026063448
998319,0.021254595
998320,0.028598033
998321,0.0071565011
998322,0.010581342
998323,0.0072157914
998324,0.015120204
998325,0.012507899
998326,0.010612937
998327,0.010569853
998328,0.024540441
998329,0.032446288
998330,0.0070980298
998331,0.017012293
998332,0.0070664352
998333,0.017363425
998334,0.011917653
998335,0.035087317
998336,0.039745376
998337,0.010351563
998338,0.0078986669
998339,0.017254997
998340,0.020744773
998341,0.019728351
998342,0.014032342
998343,0.0078699449
998344,0.010536104
998345,0.010256778
998346,0.019577706
998347,0.0071231616
998348,0.010405417
998349,0.007115263
998350,0.017430922
998351,0.010445628
998352,0.0074283374
998353,0.017578125
998354,0.0077292048
998355,0.01388873
998356,0.011563648
998357,0.014023725
998358,0.0071310606
998359,0.025937399
998360,0.0088357367
998361,0.011019359
998362,0.010747932
998363,0.039549343
998364,0.013427016
998365,0.010534668
998366,0.0076056984
998367,0.007467831
998368,0.010712029
998369,0.0079252357
998370,0.0084975297
998371,0.011242676
998372,0.039039522
998373,0.017136518
998374,0.02712187
998375,0.011033002
998376,0.017604694
998377,0.030387608
998378,0.014051011
998379,0.015102969
998380,0.017543659
998381,0.0073816637
998382,0.032116704
998383,0.007797421
998384,0.01037454
998385,0.014293715
998386,0.010340791
998387,0.016062446
998388,0.010615091
998389,0.010642377
998390,0.013134669
998391,0.0062813065
998392,0.010894416
998393,0.0072488226
998394,0.0069213868
998395,0.015567555
998396,0.022909008
998397,0.0057459213
998398,0.012909897
998399,0.0071942499
998400,0.0067820828
998401,0.0063726394
998402,0.012528004
998403,0.020243566
998404,0.011079676
998405,0.00665471
998406,0.0076703238
998407,0.026927993
998408,0.0088120401
998409,0.007210765
998410,0.0093021896
998411,0.0084824506
998412,0.007233025
998413,0.0070147347
998414,0.010468607
998415,0.032842178
998416,0.0074462891
998417,0.010797478
998418,0.025991913
998419,0.020759853
998420,0.0081887636
998421,0.022727555
998422,0.0071281884
998423,0.0071533201
998424,0.0073730471
998425,0.010721364
998426,0.0070542279
998427,0.0072768265
998428,0.013738655
998429,0.0078584561
998430,0.011064596
998431,0.0065372242
998432,0.011061724
998433,0.020738309
998434,0.0056410846
998435,0.023191204
998436,0.0092500579
998437,0.0068941005
998438,0.014200368
998439,0.017591769
998440,0.020351993
998441,0.026505055
998442,0.017660702
998443,0.014182416
998444,0.015722964
998445,0.0071992762
998446,0.010443474
998447,0.031867061
998448,0.0071310606
998449,0.010588522
998450,0.013604377
998451,0.020524206
998452,0.033524815
998453,0.010383157
998454,0.010532514
998455,0.013735064
998456,0.0076997643
998457,0.013834875
998458,0.027107509
998459,0.0072423597
998460,0.013637408
998461,0.019704379
998462,0.0073184744
998463,0.0077715707
998464,0.0067318189
998465,0.036929142
998466,0.017061122
998467,0.011356847
998468,0.013844928
998469,0.0069766776
998470,0.0028994814
998471,0.011606014
998472,0.0063174977
998473,0.020975454
998474,0.012183336
998475,0.011313763
998476,0.0061939913
998477,0.0065870667
998478,0.0072495406
998479,0.017584588
998480,0.0063950485
998481,0.017722456
998482,0.0085449219
998483,0.0073773554
998484,0.0070736157
998485,0.035773065
998486,0.0097659286
998487,0.017081944
998488,0.013589298
998489,0.0071999943
998490,0.016067326
998491,0.0071583469
998492,0.01741728
998493,0.0070606903
998494,0.033050898
998495,0.0075202491
998496,0.013798254
998497,0.012092141
998498,0.0079216454
998499,0.0071971221
998500,0.010714902
998501,0.017063275
998502,0.010755112
998503,0.0076193418
998504,0.0071210074
998505,0.014028751
998506,0.0070657171
998507,0.010543285
998508,0.039544318
998509,0.0063452609
998510,0.013258272
998511,0.010260369
998512,0.010826918
998513,0.01546559
998514,0.0024384505
998515,0.036611643
998516,0.007371611
998517,0.010428395
998518,0.016962746
998519,0.0073385797
998520,0.0070104264
998521,0.039912682
998522,0.0073184744
998523,0.0077105355
998524,0.01159668
998525,0.020743337
998526,0.0060597141
998527,0.0071827606
998528,0.039418656
998529,0.0072768265
998530,0.010638786
998531,0.013836311
998532,0.010689051
998533,0.0070657171
998534,0.0017765656
998535,0.0065873242
998536,0.0086224722
998537,0.00736443
998538,0.022753179
998539,0.010515998
998540,0.012938848
998541,0.012097886
998542,0.010237391
998543,0.0070132986
998544,0.0073105758
998545,0.014316694
998546,0.0083129881
998547,0.0062633641
998548,0.0099932505
998549,0.0053487951
998550,0.0071533201
998551,0.0071131089
998552,0.010492302
998553,0.0062392289
998554,0.0096694045
998555,0.02432215
998556,0.007313448
998557,0.0069551356
998558,0.029569738
998559,0.023259038
998560,0.010602166
998561,0.030478084
998562,0.0076344209
998563,0.018566895
998564,0.0069867303
998565,0.0097979745
998566,0.010615091
998567,0.010636632
998568,0.010413316
998569,0.011037311
998570,0.0074922452
998571,0.0072674919
998572,0.0081341909
998573,0.013970588
998574,0.0070542279
998575,0.0073213466
998576,0.0062348195
998577,0.0012186451
998578,0.007313448
998579,0.036718749
998580,0.017309571
998581,0.013821949
998582,0.013631663
998583,0.0075310203
998584,0.01750919
998585,0.01152272
998586,0.0087560313
998587,0.010557646
998588,0.0077794692
998589,0.010638786
998590,0.0071605011
998591,0.025517004
998592,0.011350385
998593,0.01403306
998594,0.0072739543
998595,0.013600653
998596,0.010752958
998597,0.014157284
998598,0.039528523
998599,0.0097864
998600,0.0089642694
998601,0.023614861
998602,0.01051169
998603,0.022684477
998604,0.010247444
998605,0.016934743
998606,0.010581342
998607,0.013347757
998608,0.0070089903
998609,0.0069422103
998610,0.016610678
998611,0.021804631
998612,0.010409008
998613,0.010588522
998614,0.0072043026
998615,0.0071382411
998616,0.010565544
998617,0.0064245849
998618,0.010948989
998619,0.013430607
998620,0.019577924
998621,0.0030032888
998622,0.02060475
998623,0.014720243
998624,0.0086253444
998625,0.027481617
998626,0.026910041
998627,0.013261144
998628,0.0065835821
998629,0.025161564
998630,0.0071238796
998631,0.0073184744
998632,0.0094834268
998633,0.0072423597
998634,0.0076209488
998635,0.01269307
998636,0.0075008618
998637,0.0072488226
998638,0.0073349895
998639,0.019417796
998640,0.017344037
998641,0.027619485
998642,0.024025591
998643,0.007136805
998644,0.010305607
998645,0.023770681
998646,0.0072122011
998647,0.0072667738
998648,0.010443474
998649,0.0088809747
998650,0.0071705538
998651,0.01389591
998652,0.0064162216
998653,0.0057940315
998654,0.021914493
998655,0.0073299631
998656,0.011155791
998657,0.023854693
998658,0.0073220646
998659,0.020438878
998660,0.0061860927
998661,0.0070312498
998662,0.0075288662
998663,0.016291359
998664,0.0073299631
998665,0.01576574
998666,0.013862879
998667,0.032705508
998668,0.0075346106
998669,0.0068014706
998670,0.007372329
998671,0.0073658661
998672,0.01718032
998673,0.0099573471
998674,0.0072265626
998675,0.0019282878
998676,0.010403981
998677,0.0072531309
998678,0.0069874483
998679,0.0074297735
998680,0.010685461
998681,0.006615493
998682,0.020944394
998683,0.022850845
998684,0.014079734
998685,0.019519379
998686,0.0075066062
998687,0.0075482535
998688,0.0078247068
998689,0.023619886
998690,0.015683163
998691,0.016926127
998692,0.027441407
998693,0.0062556188
998694,0.0067012203
998695,0.014855239
998696,0.0070176069
998697,0.0062521682
998698,0.0069221049
998699,0.020672249
998700,0.017872529
998701,0.010664637
998702,0.006685379
998703,0.034039665
998704,0.010969095
998705,0.010855641
998706,0.0018109392
998707,0.0061379825
998708,0.039389934
998709,0.033755314
998710,0.010409008
998711,0.0085521024
998712,0.0083180144
998713,0.013706342
998714,0.02194537
998715,0.0078189624
998716,0.017148007
998717,0.0096848942
998718,0.011091165
998719,0.020709587
998720,0.020358456
998721,0.0078189624
998722,0.013809742
998723,0.011001407
998724,0.0072495406
998725,0.0076408833
998726,0.027326517
998727,0.017368451
998728,0.0087459786
998729,0.013951201
998730,0.035656855
998731,0.013383411
998732,0.020518061
998733,0.013856417
998734,0.008165068
998735,0.011015768
998736,0.014174517
998737,0.010790298
998738,0.007541073
998739,0.010643813
998740,0.01312831
998741,0.0067792106
998742,0.0072725182
998743,0.0070362766
998744,0.023085263
998745,0.019450827
998746,0.010526769
998747,0.012811844
998748,0.0071461396
998749,0.0072043026
998750,0.030032169
998751,0.0072516948
998752,0.0086138556
998753,0.0073515051
998754,0.0071999943
998755,0.0097907567
998756,0.0072962143
998757,0.014073989
998758,0.039559398
998759,0.0030621458
998760,0.0079029752
998761,0.0072409236
998762,0.017205451
998763,0.033367135
998764,0.017280849
998765,0.0070362766
998766,0.0071310606
998767,0.024949018
998768,0.014119945
998769,0.0064335479
998770,0.023967428
998771,0.007100902
998772,0.032225754
998773,0.010664637
998774,0.010373104
998775,0.010474351
998776,0.016993023
998777,0.0063555548
998778,0.012889054
998779,0.0080149928
998780,0.0074240291
998781,0.013809742
998782,0.010477941
998783,0.010493021
998784,0.0072610294
998785,0.0069529815
998786,0.010688333
998787,0.02018684
998788,0.028367704
998789,0.01437342
998790,0.0088802557
998791,0.031018067
998792,0.027370319
998793,0.0084277466
998794,0.033819221
998795,0.013816205
998796,0.013813333
998797,0.013438972
998798,0.0074103861
998799,0.010594267
998800,0.010780963
998801,0.011753217
998802,0.0072308709
998803,0.0063469382
998804,0.013972024
998805,0.0066427793
998806,0.012752757
998807,0.013819795
998808,0.0094508007
998809,0.0094547691
998810,0.01060073
998811,0.0074699852
998812,0.017225558
998813,0.010447064
998814,0.01750919
998815,0.0072904699
998816,0.0039821872
998817,0.0071849148
998818,0.0068739946
998819,0.0072143553
998820,0.0073077031
998821,0.0070807962
998822,0.010546875
998823,0.019449916
998824,0.0074175666
998825,0.038702033
998826,0.010517434
998827,0.0084537286
998828,0.033995863
998829,0.0075604608
998830,0.017489804
998831,0.014277918
998832,0.0071037742
998833,0.033218075
998834,0.0070348405
998835,0.012704358
998836,0.010370232
998837,0.007019761
998838,0.0067002242
998839,0.014288689
998840,0.0075066062
998841,0.0099379597
998842,0.007255285
998843,0.0061557954
998844,0.016928999
998845,0.019528488
998846,0.01634006
998847,0.026650822
998848,0.0090202782
998849,0.0080702836
998850,0.0073069851
998851,0.0074699852
998852,0.033136584
998853,0.014214011
998854,0.016137883
998855,0.010413616
998856,0.0064254124
998857,0.02054587
998858,0.0090303309
998859,0.0093081547
998860,0.01391458
998861,0.01496223
998862,0.010482968
998863,0.010827636
998864,0.017496265
998865,0.010528924
998866,0.0083079617
998867,0.0069170785
998868,0.006519991
998869,0.0059794565
998870,0.0071633733
998871,0.017026654
998872,0.0075367647
998873,0.017370606
998874,0.027016314
998875,0.0075022979
998876,0.0025286046
998877,0.010303453
998878,0.0067196116
998879,0.011923636
998880,0.0105081
998881,0.017880429
998882,0.007827579
998883,0.015992647
998884,0.0088500977
998885,0.0073242188
998886,0.016880887
998887,0.014179544
998888,0.018039837
998889,0.019432157
998890,0.010855641
998891,0.024368107
998892,0.013660386
998893,0.039911967
998894,0.0188017
998895,0.017334703
998896,0.008165068
998897,0.010404699
998898,0.0070915669
998899,0.017130774
998900,0.03883272
998901,0.0069213868
998902,0.010368796
998903,0.011086857
998904,0.013383601
998905,0.0096866386
998906,0.026153388
998907,0.019980038
998908,0.0065644686
998909,0.014063936
998910,0.0072832895
998911,0.010365206
998912,0.010431267
998913,0.010510254
998914,0.013903809
998915,0.0073945886
998916,0.018536067
998917,0.015027573
998918,0.0059685204
998919,0.010298426
998920,0.0071238796
998921,0.0068273209
998922,0.014292279
998923,0.0068380916
998924,0.0072789812
998925,0.032988425
998926,0.011320226
998927,0.0076495004
998928,0.0072617475
998929,0.010365206
998930,0.010798914
998931,0.010612219
998932,0.0078598922
998933,0.00646111
998934,0.0070427391
998935,0.017542223
998936,0.016982134
998937,0.0072875977
998938,0.0074836281
998939,0.0074333642
998940,0.025483189
998941,0.023489606
998942,0.039892577
998943,0.010456399
998944,0.0076430375
998945,0.010648839
998946,0.011226879
998947,0.0023493674
998948,0.01761331
998949,0.015683517
998950,0.007004682
998951,0.011776195
998952,0.0063890116
998953,0.0069996552
998954,0.030910358
998955,0.010244572
998956,0.014252787
998957,0.027033547
998958,0.0072380514
998959,0.009541912
998960,0.0074060778
998961,0.0094773313
998962,0.0075087603
998963,0.0071806065
998964,0.010496611
998965,0.0071849148
998966,0.0088948859
998967,0.0072035845
998968,0.009237132
998969,0.038694851
998970,0.014282227
998971,0.025772681
998972,0.010624425
998973,0.013567756
998974,0.013821949
998975,0.020560231
998976,0.0020125264
998977,0.0073543773
998978,0.014343262
998979,0.012418859
998980,0.010066492
998981,0.010234519
998982,0.013230247
998983,0.010307761
998984,0.024009794
998985,0.039234836
998986,0.0060187844
998987,0.01934447
998988,0.010577751
998989,0.0072976504
998990,0.0076889936
998991,0.010712029
998992,0.017377067
998993,0.0065730773
998994,0.014377729
998995,0.0068969727
998996,0.0070958757
998997,0.01997504
998998,0.007077924
998999,0.0022333779
999000,0.0065946691
999001,0.007196404
999002,0.010653866
999003,0.0082713338
999004,0.013848518
999005,0.012185361
999006,0.025420066
999007,0.0069522634
999008,0.0070477654
999009,0.010772346
999010,0.020312499
999011,0.0071748621
999012,0.0070312498
999013,0.011260627
999014,0.0069702147
999015,0.010550465
999016,0.0061121322
999017,0.0063943304
999018,0.0076286765
999019,0.012970019
999020,0.0073306812
999021,0.0070657171
999022,0.038775276
999023,0.013556985
999024,0.01041547
999025,0.01090447
999026,0.0074405447
999027,0.0084163891
999028,0.028435396
999029,0.0083984379
999030,0.029740173
999031,0.0047455365
999032,0.009155361
999033,0.007033404
999034,0.016716791
999035,0.02594425
999036,0.016255239
999037,0.0061853747
999038,0.0072035845
999039,0.01070772
999040,0.010593549
999041,0.0072954963
999042,0.0070463293
999043,0.0068158316
999044,0.010468607
999045,0.0079618562
999046,0.0077514648
999047,0.0072979331
999048,0.032722007
999049,0.01051528
999050,0.015112305
999051,0.03171315
999052,0.0080997245
999053,0.025733432
999054,0.010365924
999055,0.0077812318
999056,0.0075726677
999057,0.0065146969
999058,0.0070039639
999059,0.0072165094
999060,0.01741728
999061,0.0072560031
999062,0.011068905
999063,0.0066183652
999064,0.017611874
999065,0.0075726677
999066,0.0056956573
999067,0.016908174
999068,0.006314165
999069,0.0070793601
999070,0.0070535098
999071,0.010792452
999072,0.0063648899
999073,0.013723576
999074,0.0073213466
999075,0.0072351792
999076,0.0072236904
999077,0.010284783
999078,0.0068660961
999079,0.017270794
999080,0.01058565
999081,0.034249339
999082,0.0072538489
999083,0.013019547
999084,0.0077397125
999085,0.0072617475
999086,0.0070772059
999087,0.0073170383
999088,0.030399816
999089,0.03676255
999090,0.0070118625
999091,0.0096388916
999092,0.013595043
999093,0.010663201
999094,0.010502355
999095,0.019406479
999096,0.0075008618
999097,0.012244064
999098,0.0060116039
999099,0.006365608
999100,0.0073098578
999101,0.010414752
999102,0.03072438
999103,0.027550552
999104,0.0073759193
999105,0.01372932
999106,0.010294118
999107,0.0070010913
999108,0.0071648094
999109,0.0091646081
999110,0.0065770503
999111,0.0073464788
999112,0.039430149
999113,0.0071691177
999114,0.008707922
999115,0.0066323359
999116,0.0073752012
999117,0.017104205
999118,0.020885512
999119,0.0072380514
999120,0.017425178
999121,0.0072035845
999122,0.0096054971
999123,0.0063937865
999124,0.00743121
999125,0.029388787
999126,0.0056970934
999127,0.025945758
999128,0.010409726
999129,0.0069939108
999130,0.0077134077
999131,0.0075870291
999132,0.0067217657
999133,0.0073098578
999134,0.010766601
999135,0.013228453
999136,0.0071702679
999137,0.017596794
999138,0.0095236385
999139,0.011661305
999140,0.0099264709
999141,0.017308135
999142,0.022856412
999143,0.0073443246
999144,0.011453786
999145,0.016988598
999146,0.0070125805
999147,0.0096416809
999148,0.0072660558
999149,0.007004682
999150,0.0072078928
999151,0.0071942499
999152,0.0065329159
999153,0.0072653377
999154,0.016914638
999155,0.0075080423
999156,0.0096825678
999157,0.0080372533
999158,0.013036522
999159,0.013430607
999160,0.022944024
999161,0.012487949
999162,0.0088964868
999163,0.008987247
999164,0.010146197
999165,0.0362477
999166,0.0069493088
999167,0.0055980007
999168,0.0024176021
999169,0.0086626839
999170,0.014073989
999171,0.0074154125
999172,0.0077823414
999173,0.0076796589
999174,0.010430549
999175,0.017822266
999176,0.010882927
999177,0.0067003835
999178,0.029244713
999179,0.017456774
999180,0.017383531
999181,0.0072445138
999182,0.036940631
999183,0.036502238
999184,0.039617561
999185,0.011741728
999186,0.029291103
999187,0.011105526
999188,0.023517923
999189,0.0072373333
999190,0.0370785
999191,0.014177389
999192,0.010735007
999193,0.0067454618
999194,0.0072631836
999195,0.0071705538
999196,0.0070980298
999197,0.0394402
999198,0.0010956752
999199,0.0073802276
999200,0.007004682
999201,0.019668832
999202,0.0079618562
999203,0.027726477
999204,0.034133732
999205,0.0071454216
999206,0.0070226332
999207,0.013747271
999208,0.0064258175
999209,0.019226404
999210,0.019569496
999211,0.010664637
999212,0.0070879767
999213,0.010577751
999214,0.010640941
999215,0.01020795
999216,0.0062435376
999217,0.0071698357
999218,0.0071849148
999219,0.010661765
999220,0.0094496841
999221,0.032119807
999222,0.014038804
999223,0.0059570312
999224,0.0072150733
999225,0.0070183249
999226,0.006473456
999227,0.027607996
999228,0.008223231
999229,0.022978514
999230,0.020675121
999231,0.0065606665
999232,0.014045984
999233,0.0066636028
999234,0.0075482535
999235,0.013838465
999236,0.013791791
999237,0.030175781
999238,0.0071899416
999239,0.01128935
999240,0.0066168848
999241,0.0021916521
999242,0.0019888156
999243,0.022576544
999244,0.011169434
999245,0.011371926
999246,0.015997546
999247,0.0021394603
999248,0.0087251551
999249,0.0081891883
999250,0.0071159811
999251,0.023634249
999252,0.006982422
999253,0.010434858
999254,0.0070958757
999255,0.010203642
999256,0.0075834384
999257,0.014407169
999258,0.030647548
999259,0.020691637
999260,0.014269302
999261,0.0074132583
999262,0.009296013
999263,0.039265711
999264,0.0083187325
999265,0.010823328
999266,0.037316177
999267,0.011233341
999268,0.0075173769
999269,0.0085937502
999270,0.022789761
999271,0.0088127581
999272,0.007151884
999273,0.010332175
999274,0.013801126
999275,0.010362334
999276,0.0041137999
999277,0.0061759716
999278,0.011478918
999279,0.0072732363
999280,0.008048024
999281,0.0072509767
999282,0.0074800379
999283,0.010581342
999284,0.0072136372
999285,0.0071633733
999286,0.0063177366
999287,0.0075482535
999288,0.007233025
999289,0.010541849
999290,0.015579856
999291,0.017348345
999292,0.012050813
999293,0.023219511
999294,0.010616527
999295,0.0070477654
999296,0.0072423597
999297,0.0072150733
999298,0.007078642
999299,0.013699161
999300,0.0063212207
999301,0.0074348003
999302,0.0082756495
999303,0.010597858
999304,0.014533548
999305,0.036646225
999306,0.039270736
999307,0.010306325
999308,0.0070527918
999309,0.0079503674
999310,0.015148904
999311,0.020762006
999312,0.0071669635
999313,0.007313448
999314,0.0096995635
999315,0.0086231902
999316,0.010788144
999317,0.0176169
999318,0.013564884
999319,0.0071755801
999320,0.00936478
999321,0.007291906
999322,0.0084537286
999323,0.016075224
999324,0.0140625
999325,0.010609346
999326,0.0072229723
999327,0.0072157914
999328,0.010386747
999329,0.0070147347
999330,0.0073299631
999331,0.0073005226
999332,0.014484719
999333,0.010413316
999334,0.024479406
999335,0.0077385399
999336,0.010453527
999337,0.007254567
999338,0.011040901
999339,0.020969525
999340,0.016627485
999341,0.0073823817
999342,0.007291906
999343,0.0074987076
999344,0.023827011
999345,0.0073436066
999346,0.013993566
999347,0.0065515894
999348,0.017352654
999349,0.010754394
999350,0.028970251
999351,0.0071762982
999352,0.010067929
999353,0.016009558
999354,0.014199994
999355,0.01047866
999356,0.025298713
999357,0.0082059968
999358,0.010653866
999359,0.0073988969
999360,0.038790356
999361,0.0081621958
999362,0.0074369544
999363,0.0084458292
999364,0.0071310606
999365,0.0073321173
999366,0.013947611
999367,0.0073342714
999368,0.0074757296
999369,0.013901655
999370,0.012550265
999371,0.026653621
999372,0.013648179
999373,0.0064114607
999374,0.0072208182
999375,0.0073364256
999376,0.014397116
999377,0.032718759
999378,0.01060432
999379,0.0064194622
999380,0.015100202
999381,0.0096880747
999382,0.0075137867
999383,0.0056877583
999384,0.013643871
999385,0.0072287167
999386,0.02053079
999387,0.0071267523
999388,0.017711684
999389,0.0071619372
999390,0.01051528
999391,0.010793888
999392,0.0070879767
999393,0.015365062
999394,0.01204127
999395,0.0081478339
999396,0.010018382
999397,0.0081456797
999398,0.0070578181
999399,0.012832568
999400,0.034363512
999401,0.0085219443
999402,0.010746496
999403,0.010230929
999404,0.028252814
999405,0.0176687
999406,0.019614054
999407,0.0074886545
999408,0.016565777
999409,0.039627615
999410,0.020622702
999411,0.019037813
999412,0.0062306123
999413,0.0021069546
999414,0.007041303
999415,0.013704906
999416,0.0061401366
999417,0.0073895622
999418,0.0058708638
999419,0.01952653
999420,0.014214011
999421,0.036995921
999422,0.010661765
999423,0.018037684
999424,0.0079719098
999425,0.016074559
999426,0.010846307
999427,0.010542567
999428,0.0072423597
999429,0.021065746
999430,0.0026932654
999431,0.017826574
999432,0.014170209
999433,0.0069422103
999434,0.010493739
999435,0.010801069
999436,0.0055725924
999437,0.039717373
999438,0.039280791
999439,0.0014612217
999440,0.017629825
999441,0.030914666
999442,0.034779269
999443,0.026348518
999444,0.024925321
999445,0.0070815142
999446,0.017586024
999447,0.039938536
999448,0.010593549
999449,0.019905211
999450,0.0070836684
999451,0.0081571694
999452,0.026824592
999453,0.0076925838
999454,0.011845847
999455,0.0071770162
999456,0.007210047
999457,0.010386029
999458,0.039768353
999459,0.017209759
999460,0.0065785316
999461,0.013651052
999462,0.0061882148
999463,0.035627786
999464,0.0075252759
999465,0.010638786
999466,0.0059204102
999467,0.0071935318
999468,0.0087696752
999469,0.011960018
999470,0.0062176874
999471,0.014352596
999472,0.0070542279
999473,0.01071921
999474,0.0070298137
999475,0.030384736
999476,0.012041017
999477,0.007115263
999478,0.0080006318
999479,0.0068359375
999480,0.010799632
999481,0.0070743337
999482,0.0067512062
999483,0.012672335
999484,0.010617963
999485,0.011091165
999486,0.0072193821
999487,0.036084123
999488,0.018066376
999489,0.017359834
999490,0.01079317
999491,0.010243854
999492,0.016904583
999493,0.017784208
999494,0.019424651
999495,0.010257496
999496,0.0072509767
999497,0.019853646
999498,0.01027473
999499,0.0074283374
999500,0.010075827
999501,0.010975097
999502,0.020714615
999503,0.0072761085
999504,0.010559082
999505,0.018969726
999506,0.0072495406
999507,0.010454963
999508,0.0070743337
999509,0.021569824
999510,0.013263835
999511,0.0070211971
999512,0.0078196805
999513,0.0079367245
999514,0.0073838178
999515,0.008767521
999516,0.0079403147
999517,0.01913129
999518,0.0095911361
999519,0.0070592542
999520,0.020154526
999521,0.013490924
999522,0.009911906
999523,0.020814659
999524,0.0096688522
999525,0.0070240693
999526,0.0071023381
999527,0.0068991268
999528,0.0070549459
999529,0.026027691
999530,0.019786419
999531,0.011193847
999532,0.010842716
999533,0.0072847256
999534,0.0070441752
999535,0.0066511529
999536,0.010923139
999537,0.010025447
999538,0.013885858
999539,0.0079898611
999540,0.0080982884
999541,0.039728861
999542,0.0075087603
999543,0.0065917969
999544,0.010896571
999545,0.012507442
999546,0.020273007
999547,0.015846515
999548,0.030723661
999549,0.029738231
999550,0.017247079
999551,0.0061710132
999552,0.010673254
999553,0.019069657
999554,0.010039206
999555,0.0081916358
999556,0.017319623
999557,0.0075137867
999558,0.024373852
999559,0.0086684283
999560,0.010575597
999561,0.010753676
999562,0.0079474952
999563,0.010774501
999564,0.0094733741
999565,0.0076502184
999566,0.0073098578
999567,0.010951143
999568,0.014226936
999569,0.0071626552
999570,0.026359288
999571,0.0072380514
999572,0.0073019587
999573,0.010141263
999574,0.0073120119
999575,0.0074355183
999576,0.013821231
999577,0.017130055
999578,0.0071245977
999579,0.007100184
999580,0.017378503
999581,0.0087316176
999582,0.014876063
999583,0.014453843
999584,0.023701029
999585,0.029808367
999586,0.017367734
999587,0.023018153
999588,0.017491957
999589,0.006652114
999590,0.0069529815
999591,0.017743278
999592,0.010650275
999593,0.013926068
999594,0.0028027459
999595,0.026017614
999596,0.007151884
999597,0.016717888
999598,0.014333209
999599,0.0071813245
999600,0.0057967422
999601,0.0071475757
999602,0.014005055
999603,0.010454963
999604,0.023792939
999605,0.013284709
999606,0.014160874
999607,0.010317096
999608,0.0072265626
999609,0.030412024
999610,0.0077679805
999611,0.010272576
999612,0.020305319
999613,0.010849179
999614,0.039550781
999615,0.01187842
999616,0.0072229723
999617,0.017198989
999618,0.013184478
999619,0.017418716
999620,0.019060202
999621,0.011094111
999622,0.012133789
999623,0.0074628047
999624,0.0073012407
999625,0.031021273
999626,0.014402143
999627,0.014246323
999628,0.010562672
999629,0.0072581572
999630,0.0068818936
999631,0.0072114831
999632,0.0077213063
999633,0.020691637
999634,0.014221909
999635,0.039294433
999636,0.010919549
999637,0.00736443
999638,0.007100184
999639,0.016547194
999640,0.017164523
999641,0.0071870694
999642,0.0069558537
999643,0.0092141544
999644,0.010331457
999645,0.0073615578
999646,0.020400103
999647,0.030310767
999648,0.0077579273
999649,0.0069809859
999650,0.010887235
999651,0.0061013615
999652,0.028034722
999653,0.0092723174
999654,0.016520089
999655,0.0072308709
999656,0.010397518
999657,0.012446864
999658,0.013419836
999659,0.006887638
999660,0.039621871
999661,0.022966452
999662,0.01074865
999663,0.01071921
999664,0.019186581
999665,0.019008115
999666,0.010785271
999667,0.033707205
999668,0.0079058483
999669,0.020858226
999670,0.0072086109
999671,0.014522777
999672,0.0060317097
999673,0.02315243
999674,0.010271139
999675,0.010582778
999676,0.01947083
999677,0.016800465
999678,0.0160027
999679,0.026872702
999680,0.010237803
999681,0.0052820542
999682,0.017348345
999683,0.020535098
999684,0.011997358
999685,0.010757985
999686,0.011344641
999687,0.027000517
999688,0.010737161
999689,0.0070772059
999690,0.010525333
999691,0.01384421
999692,0.0076789409
999693,0.016130311
999694,0.010689769
999695,0.022897169
999696,0.020936495
999697,0.009809427
999698,0.017670037
999699,0.020456113
999700,0.0069149244
999701,0.0071748621
999702,0.021885052
999703,0.027287023
999704,0.013717831
999705,0.010621553
999706,0.014023007
999707,0.0070800781
999708,0.0074046417
999709,0.0076013901
999710,0.0080595128
999711,0.0078922044
999712,0.0067612594
999713,0.013926786
999714,0.012796593
999715,0.006147366
999716,0.024161305
999717,0.012516649
999718,0.012606991
999719,0.019683477
999720,0.0069048712
999721,0.0070657171
999722,0.007217946
999723,0.011045209
999724,0.0095895464
999725,0.0069996552
999726,0.014832261
999727,0.010358025
999728,0.010692641
999729,0.011242676
999730,0.013661104
999731,0.010581342
999732,0.014125689
999733,0.012922963
999734,0.013798254
999735,0.0072969324
999736,0.006602278
999737,0.0070204791
999738,0.0072861616
999739,0.014163028
999740,0.014123535
999741,0.012442555
999742,0.017153751
999743,0.012172564
999744,0.0071231616
999745,0.013427734
999746,0.0068847658
999747,0.010531796
999748,0.0072603114
999749,0.014154412
999750,0.0073357075
999751,0.011295094
999752,0.0074491613
999753,0.011470301
999754,0.021124627
999755,0.010801787
999756,0.0070384308
999757,0.028961327
999758,0.017439539
999759,0.0099104857
999760,0.013797536
999761,0.0072157914
999762,0.004939321
999763,0.011259191
999764,0.0093800267
999765,0.0071238796
999766,0.017085535
999767,0.032485746
999768,0.0021573079
999769,0.010253906
999770,0.0074786018
999771,0.0074527515
999772,0.0075640511
999773,0.0073091397
999774,0.01323092
999775,0.0065755895
999776,0.039119944
999777,0.0073005226
999778,0.012301055
999779,0.010576315
999780,0.0071238796
999781,0.009557277
999782,0.0088206576
999783,0.017099179
999784,0.027135512
999785,0.0069508273
999786,0.0095648644
999787,0.018410357
999788,0.017816521
999789,0.010271139
999790,0.011191693
999791,0.0068739946
999792,0.014154412
999793,0.01247997
999794,0.0070269415
999795,0.0019011195
999796,0.0070362766
999797,0.016046595
999798,0.016814826
999799,0.0071159811
999800,0.020198328
999801,0.0044746879
999802,0.0072150733
999803,0.0020531171
999804,0.0068933824
999805,0.010520306
999806,0.0092385681
999807,0.011702235
999808,0.018508732
999809,0.007541073
999810,0.020837696
999811,0.0068337834
999812,0.0072129192
999813,0.010645967
999814,0.0078031654
999815,0.014889706
999816,0.010349409
999817,0.039048858
999818,0.0071016201
999819,0.016796876
999820,0.0071231616
999821,0.010345099
999822,0.0101821
999823,0.0065602022
999824,0.0073529412
999825,0.0072933421
999826,0.029058265
999827,0.0099530388
999828,0.017464671
999829,0.032218665
999830,0.0064947475
999831,0.0067626955
999832,0.037180465
999833,0.0073306812
999834,0.0075942096
999835,0.0071116728
999836,0.0071576289
999837,0.03938419
999838,0.010399672
999839,0.0069852942
999840,0.0062614656
999841,0.017092716
999842,0.010396082
999843,0.010612937
999844,0.01014337
999845,0.013737218
999846,0.014582376
999847,0.008341711
999848,0.017334703
999849,0.010666073
999850,0.0075647691
999851,0.021647498
999852,0.0075224033
999853,0.010638786
999854,0.0062475614
999855,0.0072244084
999856,0.0068452721
999857,0.013840619
999858,0.015148654
999859,0.010732135
999860,0.0069558537
999861,0.0095961904
999862,0.0072265626
999863,0.01017851
999864,0.0071389591
999865,0.0276956
999866,0.021691177
999867,0.010756548
999868,0.015719784
999869,0.013697725
999870,0.0068474263
999871,0.010868566
999872,0.020824477
999873,0.017225558
999874,0.01342199
999875,0.01081543
999876,0.0071978401
999877,0.020405848
999878,0.0096155535
999879,0.012936733
999880,0.03669421
999881,0.0081475005
999882,0.011902574
999883,0.011086857
999884,0.010631606
999885,0.0068258848
999886,0.005837115
999887,0.010397518
999888,0.016562069
999889,0.0079963235
999890,0.005646111
999891,0.011201747
999892,0.016247977
999893,0.017535759
999894,0.010523897
999895,0.01169649
999896,0.016007008
999897,0.016938332
999898,0.01083769
999899,0.0072610294
999900,0.005991498
999901,0.0071949679
999902,0.0068840478
999903,0.010770191
999904,0.0073608398
999905,0.010697667
999906,0.007033404
999907,0.020763442
999908,0.0071820426
999909,0.016983571
999910,0.031690888
999911,0.017252844
999912,0.019863354
999913,0.010477223
999914,0.007732077
999915,0.013984231
999916,0.013557703
999917,0.013592889
999918,0.013949765
999919,0.037179746
999920,0.0069989371
999921,0.0071949679
999922,0.010960478
999923,0.013986385
999924,0.0072746724
999925,0.011655561
999926,0.0065529761
999927,0.0061919042
999928,0.0071116728
999929,0.011797018
999930,0.021635167
999931,0.006208993
999932,0.011702235
999933,0.013898064
999934,0.039799232
999935,0.007372329
999936,0.013875086
999937,0.017796416
999938,0.007151166
999939,0.0024774582
999940,0.008165068
999941,0.022484718
999942,0.0070154527
999943,0.0073909983
999944,0.0069077434
999945,0.0073342714
999946,0.0059010223
999947,0.01709128
999948,0.0066585764
999949,0.014053165
999950,0.034154557
999951,0.0090260226
999952,0.0071683996
999953,0.01013399
999954,0.0025556432
999955,0.0070384308
999956,0.0071289064
999957,0.0069450829
999958,0.0073802276
999959,0.014682905
999960,0.0071238796
999961,0.013521801
999962,0.0068826117
999963,0.0092012295
999964,0.010609346
999965,0.010477941
999966,0.0073184744
999967,0.007210047
999968,0.010757985
999969,0.03800695
999970,0.0072840075
999971,0.026135972
999972,0.0071231616
999973,0.011376235
999974,0.01327617
999975,0.006322972
999976,0.007092285
999977,0.006189683
999978,0.010461425
999979,0.039568014
999980,0.02086756
999981,0.0070772059
999982,0.0094094668
999983,0.0073206285
999984,0.0083065256
999985,0.0071770162
999986,0.010847025
999987,0.007400333
999988,0.017555147
999989,0.010548311
999990,0.026327934
999991,0.013961254
999992,0.02433005
999993,0.032528322
999994,0.0076753506
999995,0.01148179
999996,0.0093182735
999997,0.010495893
999998,0.0062514362
999999,0.0076868394
