LECROYHDO6104B,11090,Waveform
Segments,1,SegmentSize,6231
Segment,TrigTime,TimeSinceSegment1
#1,04-May-2026 18:45:31,0                 
Time,Ampl
993769,0.030272719
993770,0.0071490118
993771,0.021110984
993772,0.039267149
993773,0.0094460882
993774,0.010425523
993775,0.0061626802
993776,0.0074190027
993777,0.015207807
993778,0.0070958757
993779,0.0096567292
993780,0.0073048309
993781,0.020425236
993782,0.0077134077
993783,0.011580883
993784,0.007033404
993785,0.0075970818
993786,0.0073249368
993787,0.016869534
993788,0.027171416
993789,0.0072703641
993790,0.0072840075
993791,0.012857358
993792,0.025857229
993793,0.0074333642
993794,0.0074886545
993795,0.024521053
993796,0.013730038
993797,0.0072337431
993798,0.0077155619
993799,0.017547349
993800,0.017291619
993801,0.013832721
993802,0.018152574
993803,0.017226275
993804,0.0073953066
993805,0.013845646
993806,0.010327866
993807,0.0072380514
993808,0.019755285
993809,0.010601448
993810,0.020381434
993811,0.0071841967
993812,0.010581342
993813,0.020409439
993814,0.010260369
993815,0.0071949679
993816,0.01391458
993817,0.0023248421
993818,0.0068215765
993819,0.0043017659
993820,0.010665355
993821,0.010615809
993822,0.006960162
993823,0.017304543
993824,0.011243394
993825,0.0098632816
993826,0.0061566504
993827,0.020226333
993828,0.0095430259
993829,0.0070973118
993830,0.017217658
993831,0.0068502985
993832,0.0075159408
993833,0.0069637522
993834,0.010493021
993835,0.0071712718
993836,0.013267743
993837,0.03136402
993838,0.010743624
993839,0.0071942499
993840,0.0075310203
993841,0.011086857
993842,0.016626695
993843,0.018032657
993844,0.0097677791
993845,0.0070427391
993846,0.0073795095
993847,0.0068474263
993848,0.014142923
993849,0.013147563
993850,0.0071066464
993851,0.010640941
993852,0.010735007
993853,0.0064285179
993854,0.022894606
993855,0.0097519821
993856,0.010281192
993857,0.010249598
993858,0.0072567211
993859,0.014309512
993860,0.0068517351
993861,0.0070815142
993862,0.0062749675
993863,0.0074462891
993864,0.039453126
993865,0.0098704621
993866,0.016295319
993867,0.007349351
993868,0.014028033
993869,0.017589614
993870,0.030358266
993871,0.009429751
993872,0.01892449
993873,0.0063878666
993874,0.0027698637
993875,0.013579963
993876,0.0071131089
993877,0.0070448932
993878,0.016309587
993879,0.0158515
993880,0.01079711
993881,0.010447782
993882,0.039430149
993883,0.019419834
993884,0.016704964
993885,0.013397057
993886,0.01428079
993887,0.014435174
993888,0.024360927
993889,0.0078512756
993890,0.01567311
993891,0.011517959
993892,0.0076746321
993893,0.0073874081
993894,0.033559281
993895,0.014164465
993896,0.01043773
993897,0.0075834384
993898,0.020909926
993899,0.016964901
993900,0.0097766789
993901,0.013752297
993902,0.019456957
993903,0.00736443
993904,0.013924632
993905,0.0030316128
993906,0.014423684
993907,0.0095257927
993908,0.01051887
993909,0.037415989
993910,0.027529728
993911,0.0054974724
993912,0.005682359
993913,0.0092754178
993914,0.0040893122
993915,0.0063967453
993916,0.011229751
993917,0.013453584
993918,0.010007611
993919,0.0056870403
993920,0.010641659
993921,0.024152689
993922,0.016842831
993923,0.0046515907
993924,0.012985023
993925,0.0065142633
993926,0.010386029
993927,0.010387465
993928,0.013876522
993929,0.011261346
993930,0.0022684061
993931,0.010512408
993932,0.007349351
993933,0.010471479
993934,0.0065006032
993935,0.031907745
993936,0.013565602
993937,0.013791791
993938,0.0071131089
993939,0.017137911
993940,0.015758201
993941,0.0017778302
993942,0.010684743
993943,0.015555487
993944,0.0097720874
993945,0.0095085595
993946,0.010516716
993947,0.0072954963
993948,0.0073227827
993949,0.006512092
993950,0.010719928
993951,0.021026971
993952,0.014771944
993953,0.019120026
993954,0.0073206285
993955,0.010294118
993956,0.016534379
993957,0.024724266
993958,0.014756147
993959,0.039838005
993960,0.0070513557
993961,0.015350125
993962,0.01476899
993963,0.0075475355
993964,0.010638786
993965,0.0069443649
993966,0.010577751
993967,0.0059555951
993968,0.0097738728
993969,0.014422966
993970,0.0097103342
993971,0.0073191924
993972,0.03756319
993973,0.015556066
993974,0.025039399
993975,0.013809742
993976,0.007599236
993977,0.0095840981
993978,0.014057473
993979,0.012962045
993980,0.01404383
993981,0.010598576
993982,0.010284064
993983,0.0066453936
993984,0.036848001
993985,0.010664637
993986,0.010880055
993987,0.019827945
993988,0.016381113
993989,0.0096781496
993990,0.023394417
993991,0.032596387
993992,0.0065442547
993993,0.0072782626
993994,0.006471158
993995,0.010764447
993996,0.015864832
993997,0.0073299631
993998,0.024594296
993999,0.0068933824
994000,0.0072825714
994001,0.0095684528
994002,0.009379915
994003,0.011339614
994004,0.013894474
994005,0.0091672614
994006,0.030399816
994007,0.00731273
994008,0.030376839
994009,0.013363341
994010,0.01024529
994011,0.0071691177
994012,0.0076573989
994013,0.0062399469
994014,0.0070858225
994015,0.0071971221
994016,0.0072157914
994017,0.0089448821
994018,0.017618336
994019,0.025087066
994020,0.010862104
994021,0.017658548
994022,0.023055406
994023,0.0095595969
994024,0.010581342
994025,0.0039848848
994026,0.010880773
994027,0.039717373
994028,0.007372329
994029,0.027470129
994030,0.014032342
994031,0.035016853
994032,0.0024641037
994033,0.01385139
994034,0.0076573989
994035,0.014073989
994036,0.0072315889
994037,0.013269761
994038,0.012895965
994039,0.0072373333
994040,0.0070599723
994041,0.038595043
994042,0.013018062
994043,0.0064218142
994044,0.039464615
994045,0.014326747
994046,0.0077715707
994047,0.011167279
994048,0.012594545
994049,0.0072631836
994050,0.0083869481
994051,0.0108262
994052,0.039649874
994053,0.010554774
994054,0.019616824
994055,0.010509536
994056,0.020816579
994057,0.027144128
994058,0.010727108
994059,0.039705884
994060,0.0081234202
994061,0.0075252759
994062,0.0070937211
994063,0.0068962546
994064,0.0073845359
994065,0.0068854839
994066,0.0080896718
994067,0.014524213
994068,0.016256893
994069,0.0070348405
994070,0.0065945177
994071,0.0075712316
994072,0.019175109
994073,0.010670382
994074,0.007526712
994075,0.0022635919
994076,0.026875574
994077,0.027094582
994078,0.0066148294
994079,0.0085994946
994080,0.012895441
994081,0.010582778
994082,0.0072617475
994083,0.020180248
994084,0.014200368
994085,0.0075906194
994086,0.017056813
994087,0.019325001
994088,0.014096967
994089,0.020484835
994090,0.03968434
994091,0.023946606
994092,0.013471536
994093,0.007658117
994094,0.01372932
994095,0.017031681
994096,0.020797908
994097,0.0075618969
994098,0.013997156
994099,0.010659611
994100,0.01183005
994101,0.011700081
994102,0.019338809
994103,0.014039522
994104,0.013833439
994105,0.014707319
994106,0.031671502
994107,0.010572007
994108,0.0071942499
994109,0.0070132986
994110,0.010910932
994111,0.0071482938
994112,0.016908893
994113,0.031159524
994114,0.012411678
994115,0.0074721393
994116,0.007732077
994117,0.03049819
994118,0.0090917852
994119,0.011810662
994120,0.0070054
994121,0.0078239888
994122,0.019267004
994123,0.014188878
994124,0.029872041
994125,0.0069738054
994126,0.031344067
994127,0.020705279
994128,0.02001664
994129,0.0072272806
994130,0.010443474
994131,0.0072538489
994132,0.0080437157
994133,0.0029280651
994134,0.010584932
994135,0.010697667
994136,0.0068215765
994137,0.0071461396
994138,0.031060431
994139,0.0065536802
994140,0.0074017695
994141,0.010666791
994142,0.007137523
994143,0.0069365553
994144,0.010491584
994145,0.0070312498
994146,0.023049029
994147,0.0063000992
994148,0.019915413
994149,0.0074721393
994150,0.030706428
994151,0.010523897
994152,0.01759105
994153,0.033499684
994154,0.010594985
994155,0.0093764365
994156,0.0064934227
994157,0.010678998
994158,0.014338235
994159,0.007210765
994160,0.010592831
994161,0.0063741053
994162,0.011265654
994163,0.0067188265
994164,0.014248477
994165,0.0072064567
994166,0.013943302
994167,0.011921961
994168,0.02030101
994169,0.0080013499
994170,0.010661765
994171,0.0071253157
994172,0.022625187
994173,0.010394646
994174,0.0072897519
994175,0.007350069
994176,0.0018454376
994177,0.013754452
994178,0.010569853
994179,0.0084673716
994180,0.011702497
994181,0.010850033
994182,0.018360093
994183,0.020886948
994184,0.0068021887
994185,0.0075985179
994186,0.017873965
994187,0.01449549
994188,0.010154167
994189,0.010294118
994190,0.0073263729
994191,0.010827636
994192,0.0071655274
994193,0.013755888
994194,0.0073895622
994195,0.010496611
994196,0.0096351197
994197,0.030985754
994198,0.010206514
994199,0.015454101
994200,0.016900275
994201,0.014158002
994202,0.039609663
994203,0.0078728171
994204,0.0070872586
994205,0.016501753
994206,0.0072445138
994207,0.0062495377
994208,0.014023007
994209,0.011194565
994210,0.0073026768
994211,0.012160357
994212,0.007254567
994213,0.0098762065
994214,0.0073263729
994215,0.0072969324
994216,0.017273668
994217,0.0097405184
994218,0.014338235
994219,0.014145795
994220,0.013732192
994221,0.0069594439
994222,0.013633817
994223,0.01070772
994224,0.02240108
994225,0.013821231
994226,0.0068546073
994227,0.0059945942
994228,0.016361153
994229,0.030457979
994230,0.013055061
994231,0.02511489
994232,0.0070578181
994233,0.0063311406
994234,0.0071231616
994235,0.0074304915
994236,0.0071490118
994237,0.0076624253
994238,0.0075123506
994239,0.0069924747
994240,0.0075697955
994241,0.017293774
994242,0.0075008618
994243,0.0071411133
994244,0.0071806065
994245,0.0073069851
994246,0.01309856
994247,0.033458754
994248,0.0074218749
994249,0.010357307
994250,0.0072954963
994251,0.015940947
994252,0.0065039485
994253,0.0076351389
994254,0.0076631433
994255,0.023359232
994256,0.013972024
994257,0.010546875
994258,0.0077083814
994259,0.015344956
994260,0.013769049
994261,0.013798972
994262,0.011273553
994263,0.00828283
994264,0.010420497
994265,0.017145135
994266,0.010476505
994267,0.0067059686
994268,0.019064091
994269,0.015347573
994270,0.013699161
994271,0.0072351792
994272,0.01060432
994273,0.0009307884
994274,0.006049661
994275,0.0072265626
994276,0.013064449
994277,0.0068538892
994278,0.0073881261
994279,0.0065350723
994280,0.010342227
994281,0.0073041129
994282,0.0093455594
994283,0.014131434
994284,0.013775276
994285,0.031680837
994286,0.010543285
994287,0.02364861
994288,0.011468299
994289,0.01188534
994290,0.0069996552
994291,0.019210266
994292,0.010414752
994293,0.0067361272
994294,0.0073335534
994295,0.0075022979
994296,0.0069307215
994297,0.0071999943
994298,0.009592968
994299,0.014445227
994300,0.010976993
994301,0.023909984
994302,0.0068617878
994303,0.0073482925
994304,0.007100902
994305,0.020020967
994306,0.0073177563
994307,0.0070161708
994308,0.022325359
994309,0.0085047102
994310,0.0026926422
994311,0.0070728976
994312,0.0090805953
994313,0.017210478
994314,0.010560518
994315,0.0072122011
994316,0.026173202
994317,0.0069113337
994318,0.007328527
994319,0.026922248
994320,0.033153459
994321,0.03095416
994322,0.013264016
994323,0.017178884
994324,0.011041619
994325,0.01013758
994326,0.03708123
994327,0.0069536995
994328,0.010171995
994329,0.038706344
994330,0.0069536995
994331,0.010381003
994332,0.014103429
994333,0.017440258
994334,0.0077593634
994335,0.007247386
994336,0.0096047791
994337,0.0080386894
994338,0.013669003
994339,0.010607192
994340,0.0076408833
994341,0.010462143
994342,0.0075224033
994343,0.0077895219
994344,0.031225212
994345,0.026711857
994346,0.035032026
994347,0.03360524
994348,0.0076021082
994349,0.01789978
994350,0.0078455312
994351,0.0072495406
994352,0.0065649967
994353,0.0061494717
994354,0.027148437
994355,0.01058206
994356,0.020094281
994357,0.010785989
994358,0.0070499196
994359,0.005727252
994360,0.0093824659
994361,0.010112623
994362,0.039809283
994363,0.020912798
994364,0.012737824
994365,0.0079288259
994366,0.0071044923
994367,0.0096385162
994368,0.0071619372
994369,0.01647936
994370,0.0066009667
994371,0.033829495
994372,0.039866727
994373,0.028837316
994374,0.017332548
994375,0.0075669233
994376,0.0094054379
994377,0.020226499
994378,0.014039522
994379,0.0072954963
994380,0.0071231616
994381,0.010105268
994382,0.0065336027
994383,0.014124253
994384,0.0105081
994385,0.020303166
994386,0.007621496
994387,0.0079245176
994388,0.0074204388
994389,0.0062794406
994390,0.03043141
994391,0.0073622759
994392,0.0072251265
994393,0.007173426
994394,0.0078534298
994395,0.016900275
994396,0.0073673022
994397,0.0087072039
994398,0.0139591
994399,0.0072265626
994400,0.022983685
994401,0.007291188
994402,0.0067237047
994403,0.0071253157
994404,0.036967918
994405,0.013311407
994406,0.0070807962
994407,0.0084667262
994408,0.011468147
994409,0.0075166589
994410,0.007218664
994411,0.010562672
994412,0.010420497
994413,0.010126092
994414,0.019731987
994415,0.013686236
994416,0.02294491
994417,0.013277394
994418,0.013759478
994419,0.010002874
994420,0.01391817
994421,0.0073357075
994422,0.017061122
994423,0.0065005478
994424,0.016957721
994425,0.022598805
994426,0.014058909
994427,0.0074563418
994428,0.0072739543
994429,0.0073270909
994430,0.0072825714
994431,0.010539695
994432,0.0069206688
994433,0.0137365
994434,0.0061480352
994435,0.015197754
994436,0.012339154
994437,0.01008947
994438,0.026989028
994439,0.026165688
994440,0.0091215242
994441,0.0082842661
994442,0.012943761
994443,0.0070477654
994444,0.013006951
994445,0.010591395
994446,0.019164171
994447,0.0064065559
994448,0.013770968
994449,0.0072581572
994450,0.017178884
994451,0.012757066
994452,0.019302411
994453,0.0075022979
994454,0.0070298137
994455,0.0082849842
994456,0.032279547
994457,0.0078505576
994458,0.0070010913
994459,0.01727654
994460,0.010930319
994461,0.019842889
994462,0.018651959
994463,0.01044491
994464,0.010600012
994465,0.010576315
994466,0.029305981
994467,0.0089269299
994468,0.010806813
994469,0.023324545
994470,0.010492302
994471,0.0089678597
994472,0.016855039
994473,0.0069163605
994474,0.0060195024
994475,0.010504509
994476,0.0071231616
994477,0.017239919
994478,0.018352194
994479,0.01389591
994480,0.0071559041
994481,0.020362046
994482,0.0099516027
994483,0.020132266
994484,0.0072150733
994485,0.0071612191
994486,0.010646685
994487,0.0021128382
994488,0.013214482
994489,0.0073802276
994490,0.010661765
994491,0.013159832
994492,0.0073795095
994493,0.0084228516
994494,0.0084795784
994495,0.017025217
994496,0.039447382
994497,0.0072215362
994498,0.0068021887
994499,0.030274874
994500,0.020563103
994501,0.0072954963
994502,0.033957805
994503,0.010622271
994504,0.0080781821
994505,0.013786765
994506,0.017463954
994507,0.0070578181
994508,0.013667567
994509,0.0075597428
994510,0.013125794
994511,0.010279756
994512,0.01741728
994513,0.01008229
994514,0.017496984
994515,0.0072043026
994516,0.017440258
994517,0.0080889538
994518,0.0063167796
994519,0.010302017
994520,0.025783405
994521,0.033680636
994522,0.0076150335
994523,0.009679094
994524,0.010397518
994525,0.013926786
994526,0.024154512
994527,0.019503616
994528,0.0084415209
994529,0.020569567
994530,0.0091911769
994531,0.012654488
994532,0.0061208834
994533,0.01051528
994534,0.015386604
994535,0.0082993452
994536,0.0071102367
994537,0.0075733857
994538,0.010435576
994539,0.0086971503
994540,0.02330035
994541,0.007481474
994542,0.0072631836
994543,0.0080810543
994544,0.024616556
994545,0.0171875
994546,0.0065372242
994547,0.011224724
994548,0.020378562
994549,0.0066564223
994550,0.0012734844
994551,0.039533548
994552,0.0068660961
994553,0.010856359
994554,0.010216567
994555,0.0073874081
994556,0.01764706
994557,0.01084128
994558,0.0055750231
994559,0.014047421
994560,0.0073249368
994561,0.011539953
994562,0.010378849
994563,0.0052173394
994564,0.0065435614
994565,0.0056913486
994566,0.01060432
994567,0.0077191521
994568,0.0072244084
994569,0.010213695
994570,0.014135025
994571,0.014006491
994572,0.017280849
994573,0.016130514
994574,0.0071712718
994575,0.010960478
994576,0.0062866211
994577,0.028644219
994578,0.0074441349
994579,0.0072301528
994580,0.010869147
994581,0.011067469
994582,0.0095660044
994583,0.0096533233
994584,0.010595703
994585,0.0074412627
994586,0.010887953
994587,0.019354163
994588,0.021798886
994589,0.0067160213
994590,0.0071949679
994591,0.019910386
994592,0.017865349
994593,0.0071691177
994594,0.02063491
994595,0.027377499
994596,0.010716338
994597,0.0064165397
994598,0.0071820426
994599,0.037461225
994600,0.01060791
994601,0.039200369
994602,0.0072114831
994603,0.0074556237
994604,0.023794375
994605,0.00736443
994606,0.010852051
994607,0.0074419808
994608,0.0061927768
994609,0.010673254
994610,0.024510534
994611,0.03555312
994612,0.039413631
994613,0.0076652975
994614,0.0070829503
994615,0.010601448
994616,0.013920324
994617,0.010026281
994618,0.018027632
994619,0.010279856
994620,0.039590992
994621,0.013953355
994622,0.013803998
994623,0.033919748
994624,0.010368078
994625,0.0070496858
994626,0.030170921
994627,0.0066775167
994628,0.0091841351
994629,0.037344899
994630,0.013885139
994631,0.030307904
994632,0.0072394875
994633,0.0076688877
994634,0.013908835
994635,0.030388327
994636,0.010627298
994637,0.028670482
994638,0.035174541
994639,0.014120663
994640,0.013902373
994641,0.010605756
994642,0.013784611
994643,0.0070872586
994644,0.010922421
994645,0.018462775
994646,0.016277226
994647,0.017297363
994648,0.024655331
994649,0.010661047
994650,0.010213695
994651,0.0083036534
994652,0.0068510165
994653,0.017439539
994654,0.01044491
994655,0.007255285
994656,0.022589471
994657,0.039671414
994658,0.023655791
994659,0.013855699
994660,0.0074247471
994661,0.0075051701
994662,0.039224781
994663,0.0068969727
994664,0.0075417911
994665,0.0068761487
994666,0.0073084212
994667,0.010498047
994668,0.010391774
994669,0.0061264937
994670,0.0026001313
994671,0.0076401653
994672,0.0094633214
994673,0.011355411
994674,0.027409812
994675,0.013646025
994676,0.0075949277
994677,0.0099530388
994678,0.027471565
994679,0.017744714
994680,0.0069572898
994681,0.014295151
994682,0.010073673
994683,0.0072768265
994684,0.02386331
994685,0.017141543
994686,0.0071526021
994687,0.0069673425
994688,0.017428769
994689,0.0073988969
994690,0.017288029
994691,0.0098972647
994692,0.020388614
994693,0.0059569525
994694,0.030820599
994695,0.0053362828
994696,0.010516716
994697,0.014034496
994698,0.01148897
994699,0.0059448243
994700,0.022178022
994701,0.0069400561
994702,0.013572064
994703,0.020261003
994704,0.010622271
994705,0.0072150733
994706,0.013997156
994707,0.0074570598
994708,0.0073816637
994709,0.019278493
994710,0.01041188
994711,0.0071461396
994712,0.010857077
994713,0.016096704
994714,0.012520165
994715,0.010577751
994716,0.016217524
994717,0.0077959844
994718,0.0088127581
994719,0.0073191924
994720,0.0052238903
994721,0.0072782626
994722,0.014298995
994723,0.0072940602
994724,0.013815487
994725,0.028467515
994726,0.006769876
994727,0.010299144
994728,0.0075367647
994729,0.00951574
994730,0.0068546073
994731,0.013832721
994732,0.017695168
994733,0.014372702
994734,0.014096967
994735,0.0071109547
994736,0.016506726
994737,0.0067325369
994738,0.011125632
994739,0.0071942499
994740,0.0073335534
994741,0.009662224
994742,0.010784553
994743,0.0065436866
994744,0.0074111042
994745,0.014028033
994746,0.0063303299
994747,0.014298742
994748,0.020158118
994749,0.011302275
994750,0.017652804
994751,0.0095631322
994752,0.020496324
994753,0.0087560313
994754,0.0094906073
994755,0.0082261031
994756,0.01029699
994757,0.010535386
994758,0.0093203988
994759,0.0094748102
994760,0.017693015
994761,0.0072524128
994762,0.0069544176
994763,0.010329302
994764,0.009895972
994765,0.011149328
994766,0.014015826
994767,0.033340693
994768,0.039660644
994769,0.0074477252
994770,0.013693416
994771,0.012660429
994772,0.034108598
994773,0.0071942499
994774,0.0074836281
994775,0.010770191
994776,0.0075396369
994777,0.0070276596
994778,0.017388556
994779,0.027809054
994780,0.00696088
994781,0.013875804
994782,0.0092098461
994783,0.0082950369
994784,0.023948042
994785,0.022921214
994786,0.014538259
994787,0.0072954963
994788,0.010555492
994789,0.015536679
994790,0.014191751
994791,0.0080114026
994792,0.010028435
994793,0.010714902
994794,0.0076760687
994795,0.0069953469
994796,0.026063448
994797,0.021254595
994798,0.028598033
994799,0.0071565011
994800,0.010581342
994801,0.0072157914
994802,0.015120204
994803,0.012507899
994804,0.010612937
994805,0.010569853
994806,0.024540441
994807,0.032446288
994808,0.0070980298
994809,0.017012293
994810,0.0070664352
994811,0.017363425
994812,0.011917653
994813,0.035087317
994814,0.039745376
994815,0.010351563
994816,0.0078986669
994817,0.017254997
994818,0.020744773
994819,0.019728351
994820,0.014032342
994821,0.0078699449
994822,0.010536104
994823,0.010256778
994824,0.019577706
994825,0.0071231616
994826,0.010405417
994827,0.007115263
994828,0.017430922
994829,0.010445628
994830,0.0074283374
994831,0.017578125
994832,0.0077292048
994833,0.01388873
994834,0.011563648
994835,0.014023725
994836,0.0071310606
994837,0.025937399
994838,0.0088357367
994839,0.011019359
994840,0.010747932
994841,0.039549343
994842,0.013427016
994843,0.010534668
994844,0.0076056984
994845,0.007467831
994846,0.010712029
994847,0.0079252357
994848,0.0084975297
994849,0.011242676
994850,0.039039522
994851,0.017136518
994852,0.02712187
994853,0.011033002
994854,0.017604694
994855,0.030387608
994856,0.014051011
994857,0.015102969
994858,0.017543659
994859,0.0073816637
994860,0.032116704
994861,0.007797421
994862,0.01037454
994863,0.014293715
994864,0.010340791
994865,0.016062446
994866,0.010615091
994867,0.010642377
994868,0.013134669
994869,0.0062813065
994870,0.010894416
994871,0.0072488226
994872,0.0069213868
994873,0.015567555
994874,0.022909008
994875,0.0057459213
994876,0.012909897
994877,0.0071942499
994878,0.0067820828
994879,0.0063726394
994880,0.012528004
994881,0.020243566
994882,0.011079676
994883,0.00665471
994884,0.0076703238
994885,0.026927993
994886,0.0088120401
994887,0.007210765
994888,0.0093021896
994889,0.0084824506
994890,0.007233025
994891,0.0070147347
994892,0.010468607
994893,0.032842178
994894,0.0074462891
994895,0.010797478
994896,0.025991913
994897,0.020759853
994898,0.0081887636
994899,0.022727555
994900,0.0071281884
994901,0.0071533201
994902,0.0073730471
994903,0.010721364
994904,0.0070542279
994905,0.0072768265
994906,0.013738655
994907,0.0078584561
994908,0.011064596
994909,0.0065372242
994910,0.011061724
994911,0.020738309
994912,0.0056410846
994913,0.023191204
994914,0.0092500579
994915,0.0068941005
994916,0.014200368
994917,0.017591769
994918,0.020351993
994919,0.026505055
994920,0.017660702
994921,0.014182416
994922,0.015722964
994923,0.0071992762
994924,0.010443474
994925,0.031867061
994926,0.0071310606
994927,0.010588522
994928,0.013604377
994929,0.020524206
994930,0.033524815
994931,0.010383157
994932,0.010532514
994933,0.013735064
994934,0.0076997643
994935,0.013834875
994936,0.027107509
994937,0.0072423597
994938,0.013637408
994939,0.019704379
994940,0.0073184744
994941,0.0077715707
994942,0.0067318189
994943,0.036929142
994944,0.017061122
994945,0.011356847
994946,0.013844928
994947,0.0069766776
994948,0.0028994814
994949,0.011606014
994950,0.0063174977
994951,0.020975454
994952,0.012183336
994953,0.011313763
994954,0.0061939913
994955,0.0065870667
994956,0.0072495406
994957,0.017584588
994958,0.0063950485
994959,0.017722456
994960,0.0085449219
994961,0.0073773554
994962,0.0070736157
994963,0.035773065
994964,0.0097659286
994965,0.017081944
994966,0.013589298
994967,0.0071999943
994968,0.016067326
994969,0.0071583469
994970,0.01741728
994971,0.0070606903
994972,0.033050898
994973,0.0075202491
994974,0.013798254
994975,0.012092141
994976,0.0079216454
994977,0.0071971221
994978,0.010714902
994979,0.017063275
994980,0.010755112
994981,0.0076193418
994982,0.0071210074
994983,0.014028751
994984,0.0070657171
994985,0.010543285
994986,0.039544318
994987,0.0063452609
994988,0.013258272
994989,0.010260369
994990,0.010826918
994991,0.01546559
994992,0.0024384505
994993,0.036611643
994994,0.007371611
994995,0.010428395
994996,0.016962746
994997,0.0073385797
994998,0.0070104264
994999,0.039912682
995000,0.0073184744
995001,0.0077105355
995002,0.01159668
995003,0.020743337
995004,0.0060597141
995005,0.0071827606
995006,0.039418656
995007,0.0072768265
995008,0.010638786
995009,0.013836311
995010,0.010689051
995011,0.0070657171
995012,0.0017765656
995013,0.0065873242
995014,0.0086224722
995015,0.00736443
995016,0.022753179
995017,0.010515998
995018,0.012938848
995019,0.012097886
995020,0.010237391
995021,0.0070132986
995022,0.0073105758
995023,0.014316694
995024,0.0083129881
995025,0.0062633641
995026,0.0099932505
995027,0.0053487951
995028,0.0071533201
995029,0.0071131089
995030,0.010492302
995031,0.0062392289
995032,0.0096694045
995033,0.02432215
995034,0.007313448
995035,0.0069551356
995036,0.029569738
995037,0.023259038
995038,0.010602166
995039,0.030478084
995040,0.0076344209
995041,0.018566895
995042,0.0069867303
995043,0.0097979745
995044,0.010615091
995045,0.010636632
995046,0.010413316
995047,0.011037311
995048,0.0074922452
995049,0.0072674919
995050,0.0081341909
995051,0.013970588
995052,0.0070542279
995053,0.0073213466
995054,0.0062348195
995055,0.0012186451
995056,0.007313448
995057,0.036718749
995058,0.017309571
995059,0.013821949
995060,0.013631663
995061,0.0075310203
995062,0.01750919
995063,0.01152272
995064,0.0087560313
995065,0.010557646
995066,0.0077794692
995067,0.010638786
995068,0.0071605011
995069,0.025517004
995070,0.011350385
995071,0.01403306
995072,0.0072739543
995073,0.013600653
995074,0.010752958
995075,0.014157284
995076,0.039528523
995077,0.0097864
995078,0.0089642694
995079,0.023614861
995080,0.01051169
995081,0.022684477
995082,0.010247444
995083,0.016934743
995084,0.010581342
995085,0.013347757
995086,0.0070089903
995087,0.0069422103
995088,0.016610678
995089,0.021804631
995090,0.010409008
995091,0.010588522
995092,0.0072043026
995093,0.0071382411
995094,0.010565544
995095,0.0064245849
995096,0.010948989
995097,0.013430607
995098,0.019577924
995099,0.0030032888
995100,0.02060475
995101,0.014720243
995102,0.0086253444
995103,0.027481617
995104,0.026910041
995105,0.013261144
995106,0.0065835821
995107,0.025161564
995108,0.0071238796
995109,0.0073184744
995110,0.0094834268
995111,0.0072423597
995112,0.0076209488
995113,0.01269307
995114,0.0075008618
995115,0.0072488226
995116,0.0073349895
995117,0.019417796
995118,0.017344037
995119,0.027619485
995120,0.024025591
995121,0.007136805
995122,0.010305607
995123,0.023770681
995124,0.0072122011
995125,0.0072667738
995126,0.010443474
995127,0.0088809747
995128,0.0071705538
995129,0.01389591
995130,0.0064162216
995131,0.0057940315
995132,0.021914493
995133,0.0073299631
995134,0.011155791
995135,0.023854693
995136,0.0073220646
995137,0.020438878
995138,0.0061860927
995139,0.0070312498
995140,0.0075288662
995141,0.016291359
995142,0.0073299631
995143,0.01576574
995144,0.013862879
995145,0.032705508
995146,0.0075346106
995147,0.0068014706
995148,0.007372329
995149,0.0073658661
995150,0.01718032
995151,0.0099573471
995152,0.0072265626
995153,0.0019282878
995154,0.010403981
995155,0.0072531309
995156,0.0069874483
995157,0.0074297735
995158,0.010685461
995159,0.006615493
995160,0.020944394
995161,0.022850845
995162,0.014079734
995163,0.019519379
995164,0.0075066062
995165,0.0075482535
995166,0.0078247068
995167,0.023619886
995168,0.015683163
995169,0.016926127
995170,0.027441407
995171,0.0062556188
995172,0.0067012203
995173,0.014855239
995174,0.0070176069
995175,0.0062521682
995176,0.0069221049
995177,0.020672249
995178,0.017872529
995179,0.010664637
995180,0.006685379
995181,0.034039665
995182,0.010969095
995183,0.010855641
995184,0.0018109392
995185,0.0061379825
995186,0.039389934
995187,0.033755314
995188,0.010409008
995189,0.0085521024
995190,0.0083180144
995191,0.013706342
995192,0.02194537
995193,0.0078189624
995194,0.017148007
995195,0.0096848942
995196,0.011091165
995197,0.020709587
995198,0.020358456
995199,0.0078189624
995200,0.013809742
995201,0.011001407
995202,0.0072495406
995203,0.0076408833
995204,0.027326517
995205,0.017368451
995206,0.0087459786
995207,0.013951201
995208,0.035656855
995209,0.013383411
995210,0.020518061
995211,0.013856417
995212,0.008165068
995213,0.011015768
995214,0.014174517
995215,0.010790298
995216,0.007541073
995217,0.010643813
995218,0.01312831
995219,0.0067792106
995220,0.0072725182
995221,0.0070362766
995222,0.023085263
995223,0.019450827
995224,0.010526769
995225,0.012811844
995226,0.0071461396
995227,0.0072043026
995228,0.030032169
995229,0.0072516948
995230,0.0086138556
995231,0.0073515051
995232,0.0071999943
995233,0.0097907567
995234,0.0072962143
995235,0.014073989
995236,0.039559398
995237,0.0030621458
995238,0.0079029752
995239,0.0072409236
995240,0.017205451
995241,0.033367135
995242,0.017280849
995243,0.0070362766
995244,0.0071310606
995245,0.024949018
995246,0.014119945
995247,0.0064335479
995248,0.023967428
995249,0.007100902
995250,0.032225754
995251,0.010664637
995252,0.010373104
995253,0.010474351
995254,0.016993023
995255,0.0063555548
995256,0.012889054
995257,0.0080149928
995258,0.0074240291
995259,0.013809742
995260,0.010477941
995261,0.010493021
995262,0.0072610294
995263,0.0069529815
995264,0.010688333
995265,0.02018684
995266,0.028367704
995267,0.01437342
995268,0.0088802557
995269,0.031018067
995270,0.027370319
995271,0.0084277466
995272,0.033819221
995273,0.013816205
995274,0.013813333
995275,0.013438972
995276,0.0074103861
995277,0.010594267
995278,0.010780963
995279,0.011753217
995280,0.0072308709
995281,0.0063469382
995282,0.013972024
995283,0.0066427793
995284,0.012752757
995285,0.013819795
995286,0.0094508007
995287,0.0094547691
995288,0.01060073
995289,0.0074699852
995290,0.017225558
995291,0.010447064
995292,0.01750919
995293,0.0072904699
995294,0.0039821872
995295,0.0071849148
995296,0.0068739946
995297,0.0072143553
995298,0.0073077031
995299,0.0070807962
995300,0.010546875
995301,0.019449916
995302,0.0074175666
995303,0.038702033
995304,0.010517434
995305,0.0084537286
995306,0.033995863
995307,0.0075604608
995308,0.017489804
995309,0.014277918
995310,0.0071037742
995311,0.033218075
995312,0.0070348405
995313,0.012704358
995314,0.010370232
995315,0.007019761
995316,0.0067002242
995317,0.014288689
995318,0.0075066062
995319,0.0099379597
995320,0.007255285
995321,0.0061557954
995322,0.016928999
995323,0.019528488
995324,0.01634006
995325,0.026650822
995326,0.0090202782
995327,0.0080702836
995328,0.0073069851
995329,0.0074699852
995330,0.033136584
995331,0.014214011
995332,0.016137883
995333,0.010413616
995334,0.0064254124
995335,0.02054587
995336,0.0090303309
995337,0.0093081547
995338,0.01391458
995339,0.01496223
995340,0.010482968
995341,0.010827636
995342,0.017496265
995343,0.010528924
995344,0.0083079617
995345,0.0069170785
995346,0.006519991
995347,0.0059794565
995348,0.0071633733
995349,0.017026654
995350,0.0075367647
995351,0.017370606
995352,0.027016314
995353,0.0075022979
995354,0.0025286046
995355,0.010303453
995356,0.0067196116
995357,0.011923636
995358,0.0105081
995359,0.017880429
995360,0.007827579
995361,0.015992647
995362,0.0088500977
995363,0.0073242188
995364,0.016880887
995365,0.014179544
995366,0.018039837
995367,0.019432157
995368,0.010855641
995369,0.024368107
995370,0.013660386
995371,0.039911967
995372,0.0188017
995373,0.017334703
995374,0.008165068
995375,0.010404699
995376,0.0070915669
995377,0.017130774
995378,0.03883272
995379,0.0069213868
995380,0.010368796
995381,0.011086857
995382,0.013383601
995383,0.0096866386
995384,0.026153388
995385,0.019980038
995386,0.0065644686
995387,0.014063936
995388,0.0072832895
995389,0.010365206
995390,0.010431267
995391,0.010510254
995392,0.013903809
995393,0.0073945886
995394,0.018536067
995395,0.015027573
995396,0.0059685204
995397,0.010298426
995398,0.0071238796
995399,0.0068273209
995400,0.014292279
995401,0.0068380916
995402,0.0072789812
995403,0.032988425
995404,0.011320226
995405,0.0076495004
995406,0.0072617475
995407,0.010365206
995408,0.010798914
995409,0.010612219
995410,0.0078598922
995411,0.00646111
995412,0.0070427391
995413,0.017542223
995414,0.016982134
995415,0.0072875977
995416,0.0074836281
995417,0.0074333642
995418,0.025483189
995419,0.023489606
995420,0.039892577
995421,0.010456399
995422,0.0076430375
995423,0.010648839
995424,0.011226879
995425,0.0023493674
995426,0.01761331
995427,0.015683517
995428,0.007004682
995429,0.011776195
995430,0.0063890116
995431,0.0069996552
995432,0.030910358
995433,0.010244572
995434,0.014252787
995435,0.027033547
995436,0.0072380514
995437,0.009541912
995438,0.0074060778
995439,0.0094773313
995440,0.0075087603
995441,0.0071806065
995442,0.010496611
995443,0.0071849148
995444,0.0088948859
995445,0.0072035845
995446,0.009237132
995447,0.038694851
995448,0.014282227
995449,0.025772681
995450,0.010624425
995451,0.013567756
995452,0.013821949
995453,0.020560231
995454,0.0020125264
995455,0.0073543773
995456,0.014343262
995457,0.012418859
995458,0.010066492
995459,0.010234519
995460,0.013230247
995461,0.010307761
995462,0.024009794
995463,0.039234836
995464,0.0060187844
995465,0.01934447
995466,0.010577751
995467,0.0072976504
995468,0.0076889936
995469,0.010712029
995470,0.017377067
995471,0.0065730773
995472,0.014377729
995473,0.0068969727
995474,0.0070958757
995475,0.01997504
995476,0.007077924
995477,0.0022333779
995478,0.0065946691
995479,0.007196404
995480,0.010653866
995481,0.0082713338
995482,0.013848518
995483,0.012185361
995484,0.025420066
995485,0.0069522634
995486,0.0070477654
995487,0.010772346
995488,0.020312499
995489,0.0071748621
995490,0.0070312498
995491,0.011260627
995492,0.0069702147
995493,0.010550465
995494,0.0061121322
995495,0.0063943304
995496,0.0076286765
995497,0.012970019
995498,0.0073306812
995499,0.0070657171
995500,0.038775276
995501,0.013556985
995502,0.01041547
995503,0.01090447
995504,0.0074405447
995505,0.0084163891
995506,0.028435396
995507,0.0083984379
995508,0.029740173
995509,0.0047455365
995510,0.009155361
995511,0.007033404
995512,0.016716791
995513,0.02594425
995514,0.016255239
995515,0.0061853747
995516,0.0072035845
995517,0.01070772
995518,0.010593549
995519,0.0072954963
995520,0.0070463293
995521,0.0068158316
995522,0.010468607
995523,0.0079618562
995524,0.0077514648
995525,0.0072979331
995526,0.032722007
995527,0.01051528
995528,0.015112305
995529,0.03171315
995530,0.0080997245
995531,0.025733432
995532,0.010365924
995533,0.0077812318
995534,0.0075726677
995535,0.0065146969
995536,0.0070039639
995537,0.0072165094
995538,0.01741728
995539,0.0072560031
995540,0.011068905
995541,0.0066183652
995542,0.017611874
995543,0.0075726677
995544,0.0056956573
995545,0.016908174
995546,0.006314165
995547,0.0070793601
995548,0.0070535098
995549,0.010792452
995550,0.0063648899
995551,0.013723576
995552,0.0073213466
995553,0.0072351792
995554,0.0072236904
995555,0.010284783
995556,0.0068660961
995557,0.017270794
995558,0.01058565
995559,0.034249339
995560,0.0072538489
995561,0.013019547
995562,0.0077397125
995563,0.0072617475
995564,0.0070772059
995565,0.0073170383
995566,0.030399816
995567,0.03676255
995568,0.0070118625
995569,0.0096388916
995570,0.013595043
995571,0.010663201
995572,0.010502355
995573,0.019406479
995574,0.0075008618
995575,0.012244064
995576,0.0060116039
995577,0.006365608
995578,0.0073098578
995579,0.010414752
995580,0.03072438
995581,0.027550552
995582,0.0073759193
995583,0.01372932
995584,0.010294118
995585,0.0070010913
995586,0.0071648094
995587,0.0091646081
995588,0.0065770503
995589,0.0073464788
995590,0.039430149
995591,0.0071691177
995592,0.008707922
995593,0.0066323359
995594,0.0073752012
995595,0.017104205
995596,0.020885512
995597,0.0072380514
995598,0.017425178
995599,0.0072035845
995600,0.0096054971
995601,0.0063937865
995602,0.00743121
995603,0.029388787
995604,0.0056970934
995605,0.025945758
995606,0.010409726
995607,0.0069939108
995608,0.0077134077
995609,0.0075870291
995610,0.0067217657
995611,0.0073098578
995612,0.010766601
995613,0.013228453
995614,0.0071702679
995615,0.017596794
995616,0.0095236385
995617,0.011661305
995618,0.0099264709
995619,0.017308135
995620,0.022856412
995621,0.0073443246
995622,0.011453786
995623,0.016988598
995624,0.0070125805
995625,0.0096416809
995626,0.0072660558
995627,0.007004682
995628,0.0072078928
995629,0.0071942499
995630,0.0065329159
995631,0.0072653377
995632,0.016914638
995633,0.0075080423
995634,0.0096825678
995635,0.0080372533
995636,0.013036522
995637,0.013430607
995638,0.022944024
995639,0.012487949
995640,0.0088964868
995641,0.008987247
995642,0.010146197
995643,0.0362477
995644,0.0069493088
995645,0.0055980007
995646,0.0024176021
995647,0.0086626839
995648,0.014073989
995649,0.0074154125
995650,0.0077823414
995651,0.0076796589
995652,0.010430549
995653,0.017822266
995654,0.010882927
995655,0.0067003835
995656,0.029244713
995657,0.017456774
995658,0.017383531
995659,0.0072445138
995660,0.036940631
995661,0.036502238
995662,0.039617561
995663,0.011741728
995664,0.029291103
995665,0.011105526
995666,0.023517923
995667,0.0072373333
995668,0.0370785
995669,0.014177389
995670,0.010735007
995671,0.0067454618
995672,0.0072631836
995673,0.0071705538
995674,0.0070980298
995675,0.0394402
995676,0.0010956752
995677,0.0073802276
995678,0.007004682
995679,0.019668832
995680,0.0079618562
995681,0.027726477
995682,0.034133732
995683,0.0071454216
995684,0.0070226332
995685,0.013747271
995686,0.0064258175
995687,0.019226404
995688,0.019569496
995689,0.010664637
995690,0.0070879767
995691,0.010577751
995692,0.010640941
995693,0.01020795
995694,0.0062435376
995695,0.0071698357
995696,0.0071849148
995697,0.010661765
995698,0.0094496841
995699,0.032119807
995700,0.014038804
995701,0.0059570312
995702,0.0072150733
995703,0.0070183249
995704,0.006473456
995705,0.027607996
995706,0.008223231
995707,0.022978514
995708,0.020675121
995709,0.0065606665
995710,0.014045984
995711,0.0066636028
995712,0.0075482535
995713,0.013838465
995714,0.013791791
995715,0.030175781
995716,0.0071899416
995717,0.01128935
995718,0.0066168848
995719,0.0021916521
995720,0.0019888156
995721,0.022576544
995722,0.011169434
995723,0.011371926
995724,0.015997546
995725,0.0021394603
995726,0.0087251551
995727,0.0081891883
995728,0.0071159811
995729,0.023634249
995730,0.006982422
995731,0.010434858
995732,0.0070958757
995733,0.010203642
995734,0.0075834384
995735,0.014407169
995736,0.030647548
995737,0.020691637
995738,0.014269302
995739,0.0074132583
995740,0.009296013
995741,0.039265711
995742,0.0083187325
995743,0.010823328
995744,0.037316177
995745,0.011233341
995746,0.0075173769
995747,0.0085937502
995748,0.022789761
995749,0.0088127581
995750,0.007151884
995751,0.010332175
995752,0.013801126
995753,0.010362334
995754,0.0041137999
995755,0.0061759716
995756,0.011478918
995757,0.0072732363
995758,0.008048024
995759,0.0072509767
995760,0.0074800379
995761,0.010581342
995762,0.0072136372
995763,0.0071633733
995764,0.0063177366
995765,0.0075482535
995766,0.007233025
995767,0.010541849
995768,0.015579856
995769,0.017348345
995770,0.012050813
995771,0.023219511
995772,0.010616527
995773,0.0070477654
995774,0.0072423597
995775,0.0072150733
995776,0.007078642
995777,0.013699161
995778,0.0063212207
995779,0.0074348003
995780,0.0082756495
995781,0.010597858
995782,0.014533548
995783,0.036646225
995784,0.039270736
995785,0.010306325
995786,0.0070527918
995787,0.0079503674
995788,0.015148904
995789,0.020762006
995790,0.0071669635
995791,0.007313448
995792,0.0096995635
995793,0.0086231902
995794,0.010788144
995795,0.0176169
995796,0.013564884
995797,0.0071755801
995798,0.00936478
995799,0.007291906
995800,0.0084537286
995801,0.016075224
995802,0.0140625
995803,0.010609346
995804,0.0072229723
995805,0.0072157914
995806,0.010386747
995807,0.0070147347
995808,0.0073299631
995809,0.0073005226
995810,0.014484719
995811,0.010413316
995812,0.024479406
995813,0.0077385399
995814,0.010453527
995815,0.007254567
995816,0.011040901
995817,0.020969525
995818,0.016627485
995819,0.0073823817
995820,0.007291906
995821,0.0074987076
995822,0.023827011
995823,0.0073436066
995824,0.013993566
995825,0.0065515894
995826,0.017352654
995827,0.010754394
995828,0.028970251
995829,0.0071762982
995830,0.010067929
995831,0.016009558
995832,0.014199994
995833,0.01047866
995834,0.025298713
995835,0.0082059968
995836,0.010653866
995837,0.0073988969
995838,0.038790356
995839,0.0081621958
995840,0.0074369544
995841,0.0084458292
995842,0.0071310606
995843,0.0073321173
995844,0.013947611
995845,0.0073342714
995846,0.0074757296
995847,0.013901655
995848,0.012550265
995849,0.026653621
995850,0.013648179
995851,0.0064114607
995852,0.0072208182
995853,0.0073364256
995854,0.014397116
995855,0.032718759
995856,0.01060432
995857,0.0064194622
995858,0.015100202
995859,0.0096880747
995860,0.0075137867
995861,0.0056877583
995862,0.013643871
995863,0.0072287167
995864,0.02053079
995865,0.0071267523
995866,0.017711684
995867,0.0071619372
995868,0.01051528
995869,0.010793888
995870,0.0070879767
995871,0.015365062
995872,0.01204127
995873,0.0081478339
995874,0.010018382
995875,0.0081456797
995876,0.0070578181
995877,0.012832568
995878,0.034363512
995879,0.0085219443
995880,0.010746496
995881,0.010230929
995882,0.028252814
995883,0.0176687
995884,0.019614054
995885,0.0074886545
995886,0.016565777
995887,0.039627615
995888,0.020622702
995889,0.019037813
995890,0.0062306123
995891,0.0021069546
995892,0.007041303
995893,0.013704906
995894,0.0061401366
995895,0.0073895622
995896,0.0058708638
995897,0.01952653
995898,0.014214011
995899,0.036995921
995900,0.010661765
995901,0.018037684
995902,0.0079719098
995903,0.016074559
995904,0.010846307
995905,0.010542567
995906,0.0072423597
995907,0.021065746
995908,0.0026932654
995909,0.017826574
995910,0.014170209
995911,0.0069422103
995912,0.010493739
995913,0.010801069
995914,0.0055725924
995915,0.039717373
995916,0.039280791
995917,0.0014612217
995918,0.017629825
995919,0.030914666
995920,0.034779269
995921,0.026348518
995922,0.024925321
995923,0.0070815142
995924,0.017586024
995925,0.039938536
995926,0.010593549
995927,0.019905211
995928,0.0070836684
995929,0.0081571694
995930,0.026824592
995931,0.0076925838
995932,0.011845847
995933,0.0071770162
995934,0.007210047
995935,0.010386029
995936,0.039768353
995937,0.017209759
995938,0.0065785316
995939,0.013651052
995940,0.0061882148
995941,0.035627786
995942,0.0075252759
995943,0.010638786
995944,0.0059204102
995945,0.0071935318
995946,0.0087696752
995947,0.011960018
995948,0.0062176874
995949,0.014352596
995950,0.0070542279
995951,0.01071921
995952,0.0070298137
995953,0.030384736
995954,0.012041017
995955,0.007115263
995956,0.0080006318
995957,0.0068359375
995958,0.010799632
995959,0.0070743337
995960,0.0067512062
995961,0.012672335
995962,0.010617963
995963,0.011091165
995964,0.0072193821
995965,0.036084123
995966,0.018066376
995967,0.017359834
995968,0.01079317
995969,0.010243854
995970,0.016904583
995971,0.017784208
995972,0.019424651
995973,0.010257496
995974,0.0072509767
995975,0.019853646
995976,0.01027473
995977,0.0074283374
995978,0.010075827
995979,0.010975097
995980,0.020714615
995981,0.0072761085
995982,0.010559082
995983,0.018969726
995984,0.0072495406
995985,0.010454963
995986,0.0070743337
995987,0.021569824
995988,0.013263835
995989,0.0070211971
995990,0.0078196805
995991,0.0079367245
995992,0.0073838178
995993,0.008767521
995994,0.0079403147
995995,0.01913129
995996,0.0095911361
995997,0.0070592542
995998,0.020154526
995999,0.013490924
996000,0.009911906
996001,0.020814659
996002,0.0096688522
996003,0.0070240693
996004,0.0071023381
996005,0.0068991268
996006,0.0070549459
996007,0.026027691
996008,0.019786419
996009,0.011193847
996010,0.010842716
996011,0.0072847256
996012,0.0070441752
996013,0.0066511529
996014,0.010923139
996015,0.010025447
996016,0.013885858
996017,0.0079898611
996018,0.0080982884
996019,0.039728861
996020,0.0075087603
996021,0.0065917969
996022,0.010896571
996023,0.012507442
996024,0.020273007
996025,0.015846515
996026,0.030723661
996027,0.029738231
996028,0.017247079
996029,0.0061710132
996030,0.010673254
996031,0.019069657
996032,0.010039206
996033,0.0081916358
996034,0.017319623
996035,0.0075137867
996036,0.024373852
996037,0.0086684283
996038,0.010575597
996039,0.010753676
996040,0.0079474952
996041,0.010774501
996042,0.0094733741
996043,0.0076502184
996044,0.0073098578
996045,0.010951143
996046,0.014226936
996047,0.0071626552
996048,0.026359288
996049,0.0072380514
996050,0.0073019587
996051,0.010141263
996052,0.0073120119
996053,0.0074355183
996054,0.013821231
996055,0.017130055
996056,0.0071245977
996057,0.007100184
996058,0.017378503
996059,0.0087316176
996060,0.014876063
996061,0.014453843
996062,0.023701029
996063,0.029808367
996064,0.017367734
996065,0.023018153
996066,0.017491957
996067,0.006652114
996068,0.0069529815
996069,0.017743278
996070,0.010650275
996071,0.013926068
996072,0.0028027459
996073,0.026017614
996074,0.007151884
996075,0.016717888
996076,0.014333209
996077,0.0071813245
996078,0.0057967422
996079,0.0071475757
996080,0.014005055
996081,0.010454963
996082,0.023792939
996083,0.013284709
996084,0.014160874
996085,0.010317096
996086,0.0072265626
996087,0.030412024
996088,0.0077679805
996089,0.010272576
996090,0.020305319
996091,0.010849179
996092,0.039550781
996093,0.01187842
996094,0.0072229723
996095,0.017198989
996096,0.013184478
996097,0.017418716
996098,0.019060202
996099,0.011094111
996100,0.012133789
996101,0.0074628047
996102,0.0073012407
996103,0.031021273
996104,0.014402143
996105,0.014246323
996106,0.010562672
996107,0.0072581572
996108,0.0068818936
996109,0.0072114831
996110,0.0077213063
996111,0.020691637
996112,0.014221909
996113,0.039294433
996114,0.010919549
996115,0.00736443
996116,0.007100184
996117,0.016547194
996118,0.017164523
996119,0.0071870694
996120,0.0069558537
996121,0.0092141544
996122,0.010331457
996123,0.0073615578
996124,0.020400103
996125,0.030310767
996126,0.0077579273
996127,0.0069809859
996128,0.010887235
996129,0.0061013615
996130,0.028034722
996131,0.0092723174
996132,0.016520089
996133,0.0072308709
996134,0.010397518
996135,0.012446864
996136,0.013419836
996137,0.006887638
996138,0.039621871
996139,0.022966452
996140,0.01074865
996141,0.01071921
996142,0.019186581
996143,0.019008115
996144,0.010785271
996145,0.033707205
996146,0.0079058483
996147,0.020858226
996148,0.0072086109
996149,0.014522777
996150,0.0060317097
996151,0.02315243
996152,0.010271139
996153,0.010582778
996154,0.01947083
996155,0.016800465
996156,0.0160027
996157,0.026872702
996158,0.010237803
996159,0.0052820542
996160,0.017348345
996161,0.020535098
996162,0.011997358
996163,0.010757985
996164,0.011344641
996165,0.027000517
996166,0.010737161
996167,0.0070772059
996168,0.010525333
996169,0.01384421
996170,0.0076789409
996171,0.016130311
996172,0.010689769
996173,0.022897169
996174,0.020936495
996175,0.009809427
996176,0.017670037
996177,0.020456113
996178,0.0069149244
996179,0.0071748621
996180,0.021885052
996181,0.027287023
996182,0.013717831
996183,0.010621553
996184,0.014023007
996185,0.0070800781
996186,0.0074046417
996187,0.0076013901
996188,0.0080595128
996189,0.0078922044
996190,0.0067612594
996191,0.013926786
996192,0.012796593
996193,0.006147366
996194,0.024161305
996195,0.012516649
996196,0.012606991
996197,0.019683477
996198,0.0069048712
996199,0.0070657171
996200,0.007217946
996201,0.011045209
996202,0.0095895464
996203,0.0069996552
996204,0.014832261
996205,0.010358025
996206,0.010692641
996207,0.011242676
996208,0.013661104
996209,0.010581342
996210,0.014125689
996211,0.012922963
996212,0.013798254
996213,0.0072969324
996214,0.006602278
996215,0.0070204791
996216,0.0072861616
996217,0.014163028
996218,0.014123535
996219,0.012442555
996220,0.017153751
996221,0.012172564
996222,0.0071231616
996223,0.013427734
996224,0.0068847658
996225,0.010531796
996226,0.0072603114
996227,0.014154412
996228,0.0073357075
996229,0.011295094
996230,0.0074491613
996231,0.011470301
996232,0.021124627
996233,0.010801787
996234,0.0070384308
996235,0.028961327
996236,0.017439539
996237,0.0099104857
996238,0.013797536
996239,0.0072157914
996240,0.004939321
996241,0.011259191
996242,0.0093800267
996243,0.0071238796
996244,0.017085535
996245,0.032485746
996246,0.0021573079
996247,0.010253906
996248,0.0074786018
996249,0.0074527515
996250,0.0075640511
996251,0.0073091397
996252,0.01323092
996253,0.0065755895
996254,0.039119944
996255,0.0073005226
996256,0.012301055
996257,0.010576315
996258,0.0071238796
996259,0.009557277
996260,0.0088206576
996261,0.017099179
996262,0.027135512
996263,0.0069508273
996264,0.0095648644
996265,0.018410357
996266,0.017816521
996267,0.010271139
996268,0.011191693
996269,0.0068739946
996270,0.014154412
996271,0.01247997
996272,0.0070269415
996273,0.0019011195
996274,0.0070362766
996275,0.016046595
996276,0.016814826
996277,0.0071159811
996278,0.020198328
996279,0.0044746879
996280,0.0072150733
996281,0.0020531171
996282,0.0068933824
996283,0.010520306
996284,0.0092385681
996285,0.011702235
996286,0.018508732
996287,0.007541073
996288,0.020837696
996289,0.0068337834
996290,0.0072129192
996291,0.010645967
996292,0.0078031654
996293,0.014889706
996294,0.010349409
996295,0.039048858
996296,0.0071016201
996297,0.016796876
996298,0.0071231616
996299,0.010345099
996300,0.0101821
996301,0.0065602022
996302,0.0073529412
996303,0.0072933421
996304,0.029058265
996305,0.0099530388
996306,0.017464671
996307,0.032218665
996308,0.0064947475
996309,0.0067626955
996310,0.037180465
996311,0.0073306812
996312,0.0075942096
996313,0.0071116728
996314,0.0071576289
996315,0.03938419
996316,0.010399672
996317,0.0069852942
996318,0.0062614656
996319,0.017092716
996320,0.010396082
996321,0.010612937
996322,0.01014337
996323,0.013737218
996324,0.014582376
996325,0.008341711
996326,0.017334703
996327,0.010666073
996328,0.0075647691
996329,0.021647498
996330,0.0075224033
996331,0.010638786
996332,0.0062475614
996333,0.0072244084
996334,0.0068452721
996335,0.013840619
996336,0.015148654
996337,0.010732135
996338,0.0069558537
996339,0.0095961904
996340,0.0072265626
996341,0.01017851
996342,0.0071389591
996343,0.0276956
996344,0.021691177
996345,0.010756548
996346,0.015719784
996347,0.013697725
996348,0.0068474263
996349,0.010868566
996350,0.020824477
996351,0.017225558
996352,0.01342199
996353,0.01081543
996354,0.0071978401
996355,0.020405848
996356,0.0096155535
996357,0.012936733
996358,0.03669421
996359,0.0081475005
996360,0.011902574
996361,0.011086857
996362,0.010631606
996363,0.0068258848
996364,0.005837115
996365,0.010397518
996366,0.016562069
996367,0.0079963235
996368,0.005646111
996369,0.011201747
996370,0.016247977
996371,0.017535759
996372,0.010523897
996373,0.01169649
996374,0.016007008
996375,0.016938332
996376,0.01083769
996377,0.0072610294
996378,0.005991498
996379,0.0071949679
996380,0.0068840478
996381,0.010770191
996382,0.0073608398
996383,0.010697667
996384,0.007033404
996385,0.020763442
996386,0.0071820426
996387,0.016983571
996388,0.031690888
996389,0.017252844
996390,0.019863354
996391,0.010477223
996392,0.007732077
996393,0.013984231
996394,0.013557703
996395,0.013592889
996396,0.013949765
996397,0.037179746
996398,0.0069989371
996399,0.0071949679
996400,0.010960478
996401,0.013986385
996402,0.0072746724
996403,0.011655561
996404,0.0065529761
996405,0.0061919042
996406,0.0071116728
996407,0.011797018
996408,0.021635167
996409,0.006208993
996410,0.011702235
996411,0.013898064
996412,0.039799232
996413,0.007372329
996414,0.013875086
996415,0.017796416
996416,0.007151166
996417,0.0024774582
996418,0.008165068
996419,0.022484718
996420,0.0070154527
996421,0.0073909983
996422,0.0069077434
996423,0.0073342714
996424,0.0059010223
996425,0.01709128
996426,0.0066585764
996427,0.014053165
996428,0.034154557
996429,0.0090260226
996430,0.0071683996
996431,0.01013399
996432,0.0025556432
996433,0.0070384308
996434,0.0071289064
996435,0.0069450829
996436,0.0073802276
996437,0.014682905
996438,0.0071238796
996439,0.013521801
996440,0.0068826117
996441,0.0092012295
996442,0.010609346
996443,0.010477941
996444,0.0073184744
996445,0.007210047
996446,0.010757985
996447,0.03800695
996448,0.0072840075
996449,0.026135972
996450,0.0071231616
996451,0.011376235
996452,0.01327617
996453,0.006322972
996454,0.007092285
996455,0.006189683
996456,0.010461425
996457,0.039568014
996458,0.02086756
996459,0.0070772059
996460,0.0094094668
996461,0.0073206285
996462,0.0083065256
996463,0.0071770162
996464,0.010847025
996465,0.007400333
996466,0.017555147
996467,0.010548311
996468,0.026327934
996469,0.013961254
996470,0.02433005
996471,0.032528322
996472,0.0076753506
996473,0.01148179
996474,0.0093182735
996475,0.010495893
996476,0.0062514362
996477,0.0076868394
996478,0.0067095589
996479,0.024442067
996480,0.0070994659
996481,0.019714104
996482,0.014397116
996483,0.017428769
996484,0.039631203
996485,0.013580682
996486,0.010492302
996487,0.0069285673
996488,0.010271139
996489,0.0061920858
996490,0.023713235
996491,0.03968434
996492,0.018390235
996493,0.0073112939
996494,0.0071382411
996495,0.0070075542
996496,0.024119603
996497,0.0063447841
996498,0.0066325292
996499,0.0069623161
996500,0.020704562
996501,0.0067734662
996502,0.0071138269
996503,0.039493337
996504,0.0073091397
996505,0.017796416
996506,0.012673771
996507,0.0071396772
996508,0.018108772
996509,0.014365521
996510,0.006828757
996511,0.010477941
996512,0.026264437
996513,0.0073694563
996514,0.023795094
996515,0.01053395
996516,0.0096399644
996517,0.010780963
996518,0.0071920957
996519,0.0055721509
996520,0.017150879
996521,0.010836254
996522,0.0073414524
996523,0.020484835
996524,0.0070851045
996525,0.01074506
996526,0.021855943
996527,0.023086201
996528,0.0069687786
996529,0.0010451025
996530,0.0161657
996531,0.0072380514
996532,0.0067741843
996533,0.010350127
996534,0.010655303
996535,0.0072409236
996536,0.017323932
996537,0.010900879
996538,0.010574879
996539,0.013984949
996540,0.025751092
996541,0.0024217512
996542,0.0071166991
996543,0.011454504
996544,0.017371323
996545,0.017018037
996546,0.010373104
996547,0.014101993
996548,0.010910214
996549,0.0069867303
996550,0.007077924
996551,0.0071920957
996552,0.010538259
996553,0.039579503
996554,0.0065982593
996555,0.030550608
996556,0.0074843462
996557,0.03990335
996558,0.013706342
996559,0.016758099
996560,0.014063936
996561,0.011098346
996562,0.0071468577
996563,0.037805893
996564,0.017318904
996565,0.0068718405
996566,0.023995433
996567,0.0071605011
996568,0.0073184744
996569,0.0094669117
996570,0.014104865
996571,0.0080099665
996572,0.020773495
996573,0.0065447935
996574,0.033464499
996575,0.013511029
996576,0.017428769
996577,0.008180147
996578,0.0077263326
996579,0.014068244
996580,0.010653866
996581,0.0074742935
996582,0.032474294
996583,0.029423254
996584,0.010596422
996585,0.021599265
996586,0.018359374
996587,0.010422651
996588,0.0066901711
996589,0.0067985984
996590,0.015800925
996591,0.01428079
996592,0.0073766373
996593,0.029051216
996594,0.0068596336
996595,0.0072028665
996596,0.02770637
996597,0.010499483
996598,0.0054271026
996599,0.010573443
996600,0.0062966738
996601,0.0073306812
996602,0.0073515051
996603,0.013427016
996604,0.011702235
996605,0.014592429
996606,0.0072043026
996607,0.007100184
996608,0.0074635227
996609,0.011103372
996610,0.01361443
996611,0.0070247874
996612,0.01238511
996613,0.0064235255
996614,0.010722082
996615,0.025178658
996616,0.0073098578
996617,0.039914839
996618,0.0072861616
996619,0.016882325
996620,0.0080681294
996621,0.0071648094
996622,0.033194508
996623,0.013839183
996624,0.033690687
996625,0.0075482535
996626,0.0063189338
996627,0.011117733
996628,0.0070427391
996629,0.011094037
996630,0.007444853
996631,0.02089772
996632,0.020694509
996633,0.014020135
996634,0.0079977596
996635,0.0075934916
996636,0.010410444
996637,0.0089096967
996638,0.011579601
996639,0.010312069
996640,0.0073069851
996641,0.014211857
996642,0.013846364
996643,0.0020959862
996644,0.0069206688
996645,0.0078828698
996646,0.0071849148
996647,0.0070585362
996648,0.0065831803
996649,0.011311609
996650,0.0078527117
996651,0.0073270909
996652,0.014023007
996653,0.0070168888
996654,0.006289863
996655,0.028030934
996656,0.0076789409
996657,0.013922478
996658,0.011657445
996659,0.0074060778
996660,0.0036310693
996661,0.0071691177
996662,0.024063649
996663,0.010477941
996664,0.016948385
996665,0.0073579676
996666,0.010392492
996667,0.0069422103
996668,0.007100184
996669,0.0072825714
996670,0.036328126
996671,0.019300666
996672,0.010617245
996673,0.010798196
996674,0.0059512868
996675,0.014235552
996676,0.03371295
996677,0.0069443649
996678,0.0072437958
996679,0.0072904699
996680,0.0069508273
996681,0.010687615
996682,0.033052597
996683,0.00736443
996684,0.017575253
996685,0.010689051
996686,0.036086898
996687,0.0071920957
996688,0.01384421
996689,0.0067856731
996690,0.0070377127
996691,0.0070527918
996692,0.01361443
996693,0.039924175
996694,0.020968089
996695,0.021511095
996696,0.0076064165
996697,0.0072610294
996698,0.017048197
996699,0.037396599
996700,0.0092780618
996701,0.0072265626
996702,0.013068629
996703,0.016431972
996704,0.014056037
996705,0.0070994659
996706,0.013772404
996707,0.013556985
996708,0.010472915
996709,0.0076121609
996710,0.008326631
996711,0.027214499
996712,0.020772059
996713,0.03929228
996714,0.0073816637
996715,0.010807531
996716,0.018821085
996717,0.027564194
996718,0.0070434571
996719,0.0068933824
996720,0.0096644275
996721,0.0078370664
996722,0.0068610697
996723,0.017444566
996724,0.013993566
996725,0.0074477252
996726,0.0073471968
996727,0.0073809456
996728,0.01083769
996729,0.010342945
996730,0.0081341909
996731,0.018175552
996732,0.036266711
996733,0.039590992
996734,0.039789896
996735,0.0064690085
996736,0.0069048712
996737,0.0071583469
996738,0.0084996838
996739,0.0062097884
996740,0.013977051
996741,0.010503791
996742,0.0071353689
996743,0.0073141661
996744,0.0071533201
996745,0.010631606
996746,0.010538977
996747,0.010594267
996748,0.020461857
996749,0.0076243682
996750,0.0174101
996751,0.0076293945
996752,0.007291188
996753,0.0065946691
996754,0.038706344
996755,0.031954419
996756,0.0068531712
996757,0.0073414524
996758,0.014234834
996759,0.021778546
996760,0.013738655
996761,0.0069393381
996762,0.0070233513
996763,0.033994429
996764,0.039374139
996765,0.0073148841
996766,0.0060008331
996767,0.0069745234
996768,0.011923397
996769,0.0066903667
996770,0.0077076633
996771,0.028265741
996772,0.0066822725
996773,0.024093807
996774,0.017247817
996775,0.0072811353
996776,0.039886117
996777,0.017682243
996778,0.02576636
996779,0.0070872586
996780,0.0071116728
996781,0.020500632
996782,0.0096966913
996783,0.01415872
996784,0.0079273898
996785,0.013765223
996786,0.010639505
996787,0.0074118222
996788,0.010850615
996789,0.0081183938
996790,0.0073988969
996791,0.010710592
996792,0.017267922
996793,0.017233456
996794,0.010716338
996795,0.015664494
996796,0.017233456
996797,0.0072883158
996798,0.0071310606
996799,0.0055228462
996800,0.0070168888
996801,0.0069838581
996802,0.0095940083
996803,0.0077026365
996804,0.014182416
996805,0.017543659
996806,0.0074707032
996807,0.0072366153
996808,0.030618824
996809,0.0094619999
996810,0.012841769
996811,0.014981617
996812,0.016121954
996813,0.0078469673
996814,0.0059729018
996815,0.013915298
996816,0.019102164
996817,0.009815379
996818,0.010619399
996819,0.0073213466
996820,0.020724667
996821,0.010750086
996822,0.016283147
996823,0.0073364256
996824,0.026497157
996825,0.0081492709
996826,0.007291188
996827,0.024023438
996828,0.010551183
996829,0.030677706
996830,0.0070628445
996831,0.0068754307
996832,0.0065869419
996833,0.015689626
996834,0.010485122
996835,0.010654585
996836,0.009707462
996837,0.016493136
996838,0.0099063646
996839,0.0073816637
996840,0.014146513
996841,0.016487153
996842,0.027688419
996843,0.015489287
996844,0.007210047
996845,0.0074254652
996846,0.010479378
996847,0.010399672
996848,0.010573443
996849,0.027299948
996850,0.0066291243
996851,0.0041209273
996852,0.0061665121
996853,0.017210478
996854,0.017178165
996855,0.020018095
996856,0.0068969727
996857,0.0072258445
996858,0.0064212279
996859,0.012505027
996860,0.0062794406
996861,0.0074958354
996862,0.0069960649
996863,0.0064185048
996864,0.0067950082
996865,0.010495175
996866,0.011447046
996867,0.024824275
996868,0.0073874081
996869,0.017833754
996870,0.030819163
996871,0.020648552
996872,0.012761374
996873,0.0096284756
996874,0.0074139764
996875,0.0031845339
996876,0.039372701
996877,0.0074462891
996878,0.0069206688
996879,0.0068933824
996880,0.017454095
996881,0.0066054398
996882,0.009632417
996883,0.013524693
996884,0.0072516948
996885,0.016088149
996886,0.02690286
996887,0.020695226
996888,0.013997156
996889,0.018590871
996890,0.0072725182
996891,0.0018719144
996892,0.039533548
996893,0.0087036137
996894,0.007422593
996895,0.0073184744
996896,0.013913143
996897,0.0069048712
996898,0.013582118
996899,0.0086634019
996900,0.0072057387
996901,0.0070750518
996902,0.013100947
996903,0.010286219
996904,0.017786363
996905,0.007115263
996906,0.022030992
996907,0.033046223
996908,0.040579043
996909,0.0073385797
996910,0.010255342
996911,0.007210765
996912,0.017049633
996913,0.0094145201
996914,0.025367647
996915,0.013986385
996916,0.0096870651
996917,0.0079403147
996918,0.010817584
996919,0.0066242609
996920,0.0070843864
996921,0.012151022
996922,0.02354449
996923,0.037189797
996924,0.0087732654
996925,0.0090346392
996926,0.0073120119
996927,0.0072883158
996928,0.0076983282
996929,0.007159783
996930,0.016978545
996931,0.0071030562
996932,0.0069565717
996933,0.007467831
996934,0.020115752
996935,0.018434772
996936,0.013476563
996937,0.0072560031
996938,0.010890108
996939,0.025271446
996940,0.012650792
996941,0.013683364
996942,0.01738712
996943,0.0097561646
996944,0.010725672
996945,0.007115263
996946,0.0072201001
996947,0.0035958835
996948,0.0067691579
996949,0.014015826
996950,0.0072732363
996951,0.021725643
996952,0.013335687
996953,0.014041676
996954,0.013645307
996955,0.010294836
996956,0.0096414005
996957,0.0068711224
996958,0.013903091
996959,0.013987822
996960,0.010581342
996961,0.037660845
996962,0.0075389189
996963,0.0071770162
996964,0.026115675
996965,0.0077335131
996966,0.01361802
996967,0.0081717791
996968,0.0072165094
996969,0.017084099
996970,0.036696024
996971,0.0072933421
996972,0.010402544
996973,0.014045266
996974,0.010948271
996975,0.0071317786
996976,0.011661305
996977,0.0078871781
996978,0.010662483
996979,0.007444853
996980,0.01350644
996981,0.015778881
996982,0.010595703
996983,0.015571145
996984,0.0073565315
996985,0.0072825714
996986,0.0071698357
996987,0.0072143553
996988,0.0072452319
996989,0.0069070254
996990,0.0081988163
996991,0.020880487
996992,0.0081571694
996993,0.0066755353
996994,0.0074247471
996995,0.010830509
996996,0.017183192
996997,0.029146001
996998,0.007371611
996999,0.0066786376
997000,0.0073845359
997001,0.018281825
997002,0.0072861616
997003,0.014096967
997004,0.0071827606
997005,0.032373048
997006,0.017865349
997007,0.010309197
997008,0.0073005226
997009,0.010470043
997010,0.010743624
997011,0.0080587948
997012,0.010471479
997013,0.017235611
997014,0.0066241096
997015,0.0065156827
997016,0.013074448
997017,0.020751234
997018,0.0077342312
997019,0.018110208
997020,0.021276137
997021,0.010213695
997022,0.020309681
997023,0.036712289
997024,0.0071806065
997025,0.010312069
997026,0.0072495406
997027,0.0073220646
997028,0.013811897
997029,0.0086713005
997030,0.01071131
997031,0.02642037
997032,0.0080537684
997033,0.0069278493
997034,0.0076071345
997035,0.014123535
997036,0.0099028619
997037,0.010181382
997038,0.0074750115
997039,0.0092856502
997040,0.017935719
997041,0.0073421705
997042,0.010523897
997043,0.010373104
997044,0.039161593
997045,0.0060482249
997046,0.0064824629
997047,0.0073759193
997048,0.0074699852
997049,0.014005055
997050,0.010500919
997051,0.0074728574
997052,0.010466452
997053,0.010916676
997054,0.014188878
997055,0.013196288
997056,0.0072495406
997057,0.014387784
997058,0.023323329
997059,0.010398954
997060,0.0070362766
997061,0.013333637
997062,0.031543259
997063,0.0073364256
997064,0.017348345
997065,0.011137838
997066,0.010516716
997067,0.0072983685
997068,0.027283434
997069,0.010745778
997070,0.011540671
997071,0.015656594
997072,0.0073773554
997073,0.0072682099
997074,0.010258933
997075,0.0078290151
997076,0.010546875
997077,0.0077686985
997078,0.0071030562
997079,0.0095329732
997080,0.016762407
997081,0.014042394
997082,0.0027526831
997083,0.0062291762
997084,0.017497702
997085,0.011093319
997086,0.020379998
997087,0.0066758026
997088,0.015923712
997089,0.023348719
997090,0.013970588
997091,0.026089694
997092,0.010994945
997093,0.011512667
997094,0.013798972
997095,0.010477941
997096,0.02378935
997097,0.0072064567
997098,0.027778896
997099,0.023759192
997100,0.0069551356
997101,0.0068145334
997102,0.015019675
997103,0.021041332
997104,0.0071928138
997105,0.011560776
997106,0.011684283
997107,0.017372759
997108,0.0098704621
997109,0.007092285
997110,0.0064962949
997111,0.01071921
997112,0.026925121
997113,0.030259794
997114,0.022612453
997115,0.006585849
997116,0.0019426341
997117,0.0068628723
997118,0.007042021
997119,0.024098834
997120,0.035878159
997121,0.007658117
997122,0.010164867
997123,0.0073184744
997124,0.017283002
997125,0.018201131
997126,0.010320686
997127,0.0071461396
997128,0.0077270507
997129,0.0062354803
997130,0.0064466535
997131,0.0062440643
997132,0.038833439
997133,0.0064919866
997134,0.010983456
997135,0.0072308709
997136,0.020553768
997137,0.0075784121
997138,0.010622271
997139,0.010747932
997140,0.0080832085
997141,0.017173139
997142,0.017451027
997143,0.014097685
997144,0.023346307
997145,0.0074269013
997146,0.025080394
997147,0.039005056
997148,0.027397605
997149,0.010472915
997150,0.0021852124
997151,0.017486213
997152,0.0057528163
997153,0.0072610294
997154,0.013924632
997155,0.01658969
997156,0.013936121
997157,0.0079855528
997158,0.039438765
997159,0.010443474
997160,0.0072251265
997161,0.01048943
997162,0.010699822
997163,0.0069206688
997164,0.010304889
997165,0.012101476
997166,0.019856172
997167,0.011054544
997168,0.015417794
997169,0.0070621264
997170,0.013824822
997171,0.0080221733
997172,0.021141142
997173,0.026803769
997174,0.0072021484
997175,0.0071346508
997176,0.008032945
997177,0.0073680202
997178,0.011753935
997179,0.003637892
997180,0.016925408
997181,0.0070721796
997182,0.0069321576
997183,0.014320284
997184,0.03741483
997185,0.013664695
997186,0.0072725182
997187,0.0070542279
997188,0.011547133
997189,0.0076868394
997190,0.0070664352
997191,0.0068614483
997192,0.013947611
997193,0.017079791
997194,0.011216826
997195,0.0094893035
997196,0.0064852512
997197,0.0071037742
997198,0.010525333
997199,0.01048225
997200,0.012168974
997201,0.0092764711
997202,0.0078376317
997203,0.0061279298
997204,0.019688351
997205,0.010433421
997206,0.01044491
997207,0.0068919463
997208,0.025511976
997209,0.013108244
997210,0.0076387292
997211,0.017258588
997212,0.017321777
997213,0.010541849
997214,0.0139591
997215,0.010548311
997216,0.013933249
997217,0.014512061
997218,0.017483341
997219,0.021989677
997220,0.010584932
997221,0.010910214
997222,0.0065476727
997223,0.020614803
997224,0.0076631433
997225,0.0087617766
997226,0.0076286765
997227,0.0072538489
997228,0.0069429288
997229,0.0072035845
997230,0.037201144
997231,0.022968786
997232,0.010358025
997233,0.0070685893
997234,0.0072416416
997235,0.01399572
997236,0.010793888
997237,0.0061962963
997238,0.03062026
997239,0.011284323
997240,0.027686264
997241,0.0069694966
997242,0.0068969727
997243,0.0071999943
997244,0.0073414524
997245,0.017051786
997246,0.0071712718
997247,0.020676557
997248,0.01059714
997249,0.032020628
997250,0.024482938
997251,0.0071841967
997252,0.006828757
997253,0.01415513
997254,0.0072035845
997255,0.019679463
997256,0.010794606
997257,0.0076322667
997258,0.012546674
997259,0.01392176
997260,0.007092285
997261,0.010880055
997262,0.0061559342
997263,0.010654585
997264,0.0072315889
997265,0.0060891546
997266,0.0076559628
997267,0.010370232
997268,0.011144302
997269,0.0059082033
997270,0.0072402055
997271,0.0077636717
997272,0.0080494601
997273,0.029003188
997274,0.0064223344
997275,0.0074175666
997276,0.039471075
997277,0.012050494
997278,0.020451086
997279,0.0068818936
997280,0.0072962143
997281,0.012371467
997282,0.019096496
997283,0.007100184
997284,0.0071181352
997285,0.0072229723
997286,0.030813418
997287,0.0073249368
997288,0.02046473
997289,0.010460707
997290,0.011816201
997291,0.017027372
997292,0.010220157
997293,0.0070219152
997294,0.016199449
997295,0.039590992
997296,0.0095790504
997297,0.017462518
997298,0.0063597844
997299,0.01082261
997300,0.014046703
997301,0.010368078
997302,0.0074218749
997303,0.0073033948
997304,0.01811308
997305,0.018306239
997306,0.01396269
997307,0.016327981
997308,0.010808967
997309,0.0068151136
997310,0.0071920957
997311,0.029582608
997312,0.016646082
997313,0.022174647
997314,0.0093678189
997315,0.010914522
997316,0.0071920957
997317,0.017928539
997318,0.035110522
997319,0.010517434
997320,0.02077565
997321,0.0072344611
997322,0.017474724
997323,0.013663976
997324,0.0074362364
997325,0.012641458
997326,0.039657053
997327,0.014305204
997328,0.0069163605
997329,0.0070664352
997330,0.010765165
997331,0.010329302
997332,0.0024333922
997333,0.01071921
997334,0.013845646
997335,0.0094597312
997336,0.0079273898
997337,0.023897059
997338,0.023790067
997339,0.013854262
997340,0.014263557
997341,0.0074290554
997342,0.039636947
997343,0.017204734
997344,0.013678337
997345,0.013331134
997346,0.039705884
997347,0.013888088
997348,0.010868566
997349,0.0066166651
997350,0.010673254
997351,0.0069055893
997352,0.0072150733
997353,0.0082691861
997354,0.010426241
997355,0.01353688
997356,0.01539689
997357,0.0070233513
997358,0.010758703
997359,0.014026597
997360,0.0079963235
997361,0.014096967
997362,0.0095044831
997363,0.01372932
997364,0.010605756
997365,0.0029225582
997366,0.0071798884
997367,0.016166417
997368,0.023130888
997369,0.011316636
997370,0.0066801184
997371,0.010632324
997372,0.01288776
997373,0.0082411822
997374,0.0073802276
997375,0.027297076
997376,0.010410444
997377,0.0021332896
997378,0.0074190027
997379,0.0062184674
997380,0.018681066
997381,0.0074750115
997382,0.0078311693
997383,0.016808365
997384,0.006996783
997385,0.010890826
997386,0.030816291
997387,0.0072567211
997388,0.010586368
997389,0.0063799955
997390,0.0076495004
997391,0.021047793
997392,0.0073077031
997393,0.026091453
997394,0.010618681
997395,0.010928883
997396,0.0070542279
997397,0.022891775
997398,0.0061251111
997399,0.0073335534
997400,0.010895853
997401,0.0092146341
997402,0.010888672
997403,0.013565459
997404,0.023924345
997405,0.0072631836
997406,0.0068143955
997407,0.013534008
997408,0.0071949679
997409,0.01103013
997410,0.010962632
997411,0.016622482
997412,0.0074563418
997413,0.017983111
997414,0.0064747529
997415,0.013932531
997416,0.012204159
997417,0.010891544
997418,0.0086713005
997419,0.0073486329
997420,0.0078282971
997421,0.020711023
997422,0.019351289
997423,0.017566636
997424,0.014007928
997425,0.019106897
997426,0.0081384219
997427,0.010409008
997428,0.010733571
997429,0.039471075
997430,0.028326418
997431,0.013804716
997432,0.0070527918
997433,0.0079273898
997434,0.0060215369
997435,0.0060426476
997436,0.02463307
997437,0.0072301528
997438,0.0085722078
997439,0.011664895
997440,0.0075870291
997441,0.020580336
997442,0.0072847256
997443,0.0023991552
997444,0.039257813
997445,0.0065253242
997446,0.00630537
997447,0.0064524929
997448,0.0071131089
997449,0.010519588
997450,0.0084985737
997451,0.0072617475
997452,0.0061415727
997453,0.030422794
997454,0.010622271
997455,0.007100902
997456,0.009475952
997457,0.011090447
997458,0.014487592
997459,0.0074039237
997460,0.0084329043
997461,0.0083251949
997462,0.0074405447
997463,0.010469325
997464,0.017693015
997465,0.010770191
997466,0.027829159
997467,0.0065155737
997468,0.010332175
997469,0.0072617475
997470,0.0067540784
997471,0.0064772717
997472,0.0071066464
997473,0.010691923
997474,0.031496625
997475,0.021248851
997476,0.0020705357
997477,0.0070693074
997478,0.0071576289
997479,0.027225828
997480,0.01058924
997481,0.0070434571
997482,0.011902574
997483,0.0071461396
997484,0.030030016
997485,0.028759766
997486,0.013538316
997487,0.0070772059
997488,0.018448185
997489,0.039212573
997490,0.013924632
997491,0.031586051
997492,0.010685461
997493,0.010440602
997494,0.03214255
997495,0.01071131
997496,0.0063234698
997497,0.007798139
997498,0.022776455
997499,0.011470301
997500,0.010158404
997501,0.014583094
997502,0.0072114831
997503,0.026334874
997504,0.011015768
997505,0.025022978
997506,0.010354435
997507,0.015418199
997508,0.034888197
997509,0.027253274
997510,0.0077923941
997511,0.0069888844
997512,0.0070441752
997513,0.0076861214
997514,0.0097024357
997515,0.016989315
997516,0.0072150733
997517,0.0087759681
997518,0.0083711511
997519,0.010505945
997520,0.010736443
997521,0.023661535
997522,0.020479808
997523,0.0071648094
997524,0.013597197
997525,0.007422593
997526,0.03559266
997527,0.019679965
997528,0.010354435
997529,0.033916734
997530,0.039774816
997531,0.014028033
997532,0.020329734
997533,0.018226534
997534,0.0072840075
997535,0.0073759193
997536,0.0021431986
997537,0.010664637
997538,0.013879557
997539,0.013666131
997540,0.0072387694
997541,0.010843434
997542,0.006856523
997543,0.007841222
997544,0.0072165094
997545,0.024494486
997546,0.0061428486
997547,0.011203901
997548,0.0058435774
997549,0.011103372
997550,0.0074132583
997551,0.0073098578
997552,0.010324276
997553,0.0072646197
997554,0.018440517
997555,0.010376695
997556,0.023920037
997557,0.0070125805
997558,0.016962029
997559,0.0088465074
997560,0.01157509
997561,0.023713235
997562,0.0096815079
997563,0.024399702
997564,0.020186121
997565,0.0062521542
997566,0.0073888442
997567,0.0072495406
997568,0.024943274
997569,0.0086210361
997570,0.010500919
997571,0.010536104
997572,0.0086124195
997573,0.013641717
997574,0.0072308709
997575,0.011592371
997576,0.022153607
997577,0.017395739
997578,0.039855238
997579,0.03347886
997580,0.0074261832
997581,0.007313448
997582,0.0072998046
997583,0.015871529
997584,0.017369887
997585,0.007136805
997586,0.022531578
997587,0.010653866
997588,0.013038729
997589,0.015330595
997590,0.021013327
997591,0.0097886026
997592,0.024244601
997593,0.019149959
997594,0.013286277
997595,0.007174144
997596,0.017536478
997597,0.010943962
997598,0.0070154527
997599,0.010775937
997600,0.027641745
997601,0.039303768
997602,0.0080307908
997603,0.010542567
997604,0.0072165094
997605,0.0087854723
997606,0.027600816
997607,0.010775937
997608,0.013054343
997609,0.0096949991
997610,0.0072574392
997611,0.010629452
997612,0.0074470071
997613,0.014080452
997614,0.010046119
997615,0.007137523
997616,0.0072883158
997617,0.011777032
997618,0.013907399
997619,0.0070678713
997620,0.013620174
997621,0.0080537684
997622,0.017085535
997623,0.01762215
997624,0.0072150733
997625,0.020326143
997626,0.022405647
997627,0.011595244
997628,0.016862219
997629,0.010235237
997630,0.0072847256
997631,0.0071231616
997632,0.013983513
997633,0.010750086
997634,0.010378849
997635,0.006050379
997636,0.007372329
997637,0.0073069851
997638,0.013752297
997639,0.02386331
997640,0.01568819
997641,0.0061164405
997642,0.0067648496
997643,0.0094647575
997644,0.0076401653
997645,0.0072495406
997646,0.031177476
997647,0.01372932
997648,0.0078491215
997649,0.010880055
997650,0.017374914
997651,0.007210047
997652,0.011240521
997653,0.010615809
997654,0.016891658
997655,0.014105584
997656,0.023161765
997657,0.014085478
997658,0.015214269
997659,0.025985939
997660,0.010379567
997661,0.0070377127
997662,0.0072789812
997663,0.013829849
997664,0.014198214
997665,0.0073479149
997666,0.020201918
997667,0.0063332953
997668,0.0077126897
997669,0.0063914577
997670,0.006502036
997671,0.010262619
997672,0.010721364
997673,0.0069163605
997674,0.015001997
997675,0.010661765
997676,0.0061947093
997677,0.0077837775
997678,0.010740033
997679,0.027725041
997680,0.028231379
997681,0.0066724718
997682,0.013904527
997683,0.0095975986
997684,0.020551614
997685,0.0069091795
997686,0.010420497
997687,0.0078922044
997688,0.01532126
997689,0.0072667738
997690,0.0099656247
997691,0.0095053092
997692,0.017512782
997693,0.013209766
997694,0.0066140569
997695,0.015762867
997696,0.02176011
997697,0.0070851045
997698,0.022884592
997699,0.0074261832
997700,0.0072725182
997701,0.010650994
997702,0.010662483
997703,0.0074793198
997704,0.0085467333
997705,0.0071482938
997706,0.0070111444
997707,0.0070657171
997708,0.020627011
997709,0.033827923
997710,0.0063769338
997711,0.039975874
997712,0.022912597
997713,0.010799632
997714,0.010573443
997715,0.0071691177
997716,0.010555492
997717,0.0059038945
997718,0.01048225
997719,0.014399271
997720,0.0075468174
997721,0.01047866
997722,0.0070054
997723,0.024270451
997724,0.006209827
997725,0.017405791
997726,0.0073263729
997727,0.011062485
997728,0.010635196
997729,0.013798254
997730,0.019171759
997731,0.010732853
997732,0.0088680489
997733,0.017158778
997734,0.01040039
997735,0.019642103
997736,0.006997501
997737,0.023943014
997738,0.0098819509
997739,0.007077924
997740,0.0070657171
997741,0.013913143
997742,0.0139591
997743,0.0070772059
997744,0.0069673425
997745,0.0074075139
997746,0.0073658661
997747,0.021909466
997748,0.026962157
997749,0.010477941
997750,0.013763787
997751,0.0071705538
997752,0.0075353286
997753,0.0075252759
997754,0.016970646
997755,0.014310231
997756,0.010561236
997757,0.010328584
997758,0.012548579
997759,0.017155187
997760,0.0070951572
997761,0.017589614
997762,0.007078642
997763,0.010546875
997764,0.0088809747
997765,0.010745778
997766,0.0057489914
997767,0.010625862
997768,0.01013399
997769,0.0073112939
997770,0.027527574
997771,0.010638068
997772,0.015562706
997773,0.0093527399
997774,0.007093003
997775,0.0105598
997776,0.017634852
997777,0.014287971
997778,0.0069192327
997779,0.0095918542
997780,0.016208904
997781,0.021029124
997782,0.010869284
997783,0.0071324967
997784,0.0073550954
997785,0.0071691177
997786,0.0071296245
997787,0.007159065
997788,0.010535386
997789,0.010164867
997790,0.01327241
997791,0.010594267
997792,0.011339614
997793,0.013674029
997794,0.02009421
997795,0.0068854839
997796,0.017322496
997797,0.0064384956
997798,0.007217946
997799,0.010515998
997800,0.019359633
997801,0.0074642408
997802,0.020744458
997803,0.0070958757
997804,0.0071202894
997805,0.013634535
997806,0.016916791
997807,0.01048943
997808,0.021836225
997809,0.0073313992
997810,0.0087431064
997811,0.0072538489
997812,0.0069034351
997813,0.0070886947
997814,0.014028033
997815,0.033980783
997816,0.0079388786
997817,0.0070312498
997818,0.017160214
997819,0.020477654
997820,0.02034984
997821,0.0071755801
997822,0.004175195
997823,0.022889625
997824,0.0067506703
997825,0.021487247
997826,0.0090785399
997827,0.0072933421
997828,0.0068818936
997829,0.020690918
997830,0.0062396666
997831,0.007291906
997832,0.0080501782
997833,0.007034122
997834,0.037139095
997835,0.010592113
997836,0.010701976
997837,0.0084637813
997838,0.0070010913
997839,0.020920698
997840,0.0070255054
997841,0.030853631
997842,0.0061717313
997843,0.007371611
997844,0.023825252
997845,0.014051011
997846,0.016946232
997847,0.014032342
997848,0.016039321
997849,0.013698443
997850,0.010895853
997851,0.027353803
997852,0.0076078526
997853,0.017176012
997854,0.0071497299
997855,0.0066415453
997856,0.0071238796
997857,0.023851821
997858,0.0067114364
997859,0.017295927
997860,0.010088034
997861,0.0059283087
997862,0.02109375
997863,0.013890166
997864,0.0097325938
997865,0.011440142
997866,0.016797282
997867,0.0069264132
997868,0.0098218098
997869,0.032678939
997870,0.0073450427
997871,0.0068007526
997872,0.016773896
997873,0.0077435663
997874,0.0068933824
997875,0.017389275
997876,0.016947668
997877,0.02943735
997878,0.0070743337
997879,0.010595703
997880,0.0072387694
997881,0.014446663
997882,0.010541131
997883,0.0076279584
997884,0.0094961198
997885,0.030771218
997886,0.013993566
997887,0.010948989
997888,0.010663201
997889,0.018930234
997890,0.0096596591
997891,0.015429316
997892,0.0072567211
997893,0.023816636
997894,0.010903751
997895,0.021702666
997896,0.011065315
997897,0.021302706
997898,0.0070255054
997899,0.0071102367
997900,0.010228056
997901,0.013940429
997902,0.039499801
997903,0.020668657
997904,0.010686897
997905,0.014481129
997906,0.007525994
997907,0.013686236
997908,0.03961828
997909,0.011477482
997910,0.0070003732
997911,0.023747703
997912,0.010182818
997913,0.010251034
997914,0.012623895
997915,0.014046703
997916,0.02749167
997917,0.020967372
997918,0.014399989
997919,0.014045984
997920,0.0099076442
997921,0.0072258445
997922,0.0071102367
997923,0.0070140166
997924,0.0073450427
997925,0.021645179
997926,0.024310661
997927,0.0074778837
997928,0.00743121
997929,0.0068818936
997930,0.0063390187
997931,0.018785184
997932,0.0077493107
997933,0.0071640913
997934,0.010297708
997935,0.010080135
997936,0.0066644028
997937,0.015929457
997938,0.0074139764
997939,0.021507353
997940,0.011468865
997941,0.0073701749
997942,0.018795956
997943,0.0095286649
997944,0.0078814337
997945,0.010670382
997946,0.012976849
997947,0.016558848
997948,0.0069149244
997949,0.03424862
997950,0.019773794
997951,0.030238971
997952,0.0087028956
997953,0.012542371
997954,0.011374081
997955,0.0070319679
997956,0.0070714615
997957,0.020590154
997958,0.0072725182
997959,0.010745778
997960,0.0080070943
997961,0.0063136248
997962,0.0071403952
997963,0.0066624573
997964,0.0068467082
997965,0.022475298
997966,0.017532887
997967,0.011961618
997968,0.013545496
997969,0.00823831
997970,0.02678079
997971,0.0073816637
997972,0.028182445
997973,0.0072516948
997974,0.013987103
997975,0.0065170308
997976,0.013786765
997977,0.010546875
997978,0.021442523
997979,0.0069852942
997980,0.016333224
997981,0.0070535098
997982,0.022117704
997983,0.010523897
997984,0.018030798
997985,0.010599294
997986,0.017107077
997987,0.010696949
997988,0.013923196
997989,0.0072380514
997990,0.01070772
997991,0.014303768
997992,0.010921703
997993,0.0069278493
997994,0.0072954963
997995,0.0057425383
997996,0.013371008
997997,0.014170927
997998,0.02442986
997999,0.0075030159
998000,0.034212001
998001,0.018274726
998002,0.035168391
998003,0.023624914
998004,0.027102482
998005,0.0068251668
998006,0.01570686
998007,0.017782055
998008,0.01080035
998009,0.0082340017
998010,0.012128763
998011,0.010682588
998012,0.01527674
998013,0.020763442
998014,0.0067102769
998015,0.011582319
998016,0.016783232
998017,0.013809742
998018,0.0064848056
998019,0.011165125
998020,0.03954719
998021,0.011927705
998022,0.013740809
998023,0.014925609
998024,0.0070082722
998025,0.007525994
998026,0.0072380514
998027,0.0074139764
998028,0.024471506
998029,0.0070621264
998030,0.0085169179
998031,0.021129653
998032,0.010741469
998033,0.035732854
998034,0.0071619372
998035,0.013663258
998036,0.0072725182
998037,0.020400103
998038,0.023462564
998039,0.016913202
998040,0.019406337
998041,0.032003544
998042,0.0094687305
998043,0.0070901308
998044,0.0071612191
998045,0.0073752012
998046,0.0073213466
998047,0.010705566
998048,0.027429199
998049,0.010757267
998050,0.017063275
998051,0.017451746
998052,0.021995589
998053,0.0071224435
998054,0.0070456113
998055,0.0077809053
998056,0.012724034
998057,0.010495893
998058,0.0095162466
998059,0.011639395
998060,0.0062752785
998061,0.0093434751
998062,0.010403981
998063,0.0062897746
998064,0.0071468577
998065,0.013967716
998066,0.0072387694
998067,0.0073005226
998068,0.017830882
998069,0.0069307215
998070,0.0073579676
998071,0.013977051
998072,0.007173426
998073,0.01753217
998074,0.013936121
998075,0.0074491613
998076,0.010848461
998077,0.010615091
998078,0.014123535
998079,0.028106974
998080,0.013437289
998081,0.0063684196
998082,0.0072258445
998083,0.015372243
998084,0.014023007
998085,0.0076121609
998086,0.010075827
998087,0.020061178
998088,0.0076861214
998089,0.010691923
998090,0.0070886947
998091,0.015750138
998092,0.0072897519
998093,0.0023560359
998094,0.015880629
998095,0.0066652689
998096,0.0068402458
998097,0.0015990417
998098,0.010569853
998099,0.0071870694
998100,0.0075827204
998101,0.014166619
998102,0.03072438
998103,0.013768096
998104,0.0079546757
998105,0.01043773
998106,0.0072150733
998107,0.014394962
998108,0.0080422796
998109,0.0069558537
998110,0.010669664
998111,0.0072244084
998112,0.01780216
998113,0.0097261453
998114,0.010661765
998115,0.0072366153
998116,0.010687615
998117,0.011879596
998118,0.0062083439
998119,0.013126938
998120,0.0070377127
998121,0.010734289
998122,0.0099546555
998123,0.0071992762
998124,0.0071245977
998125,0.0066786823
998126,0.01048225
998127,0.0072007123
998128,0.0075970818
998129,0.013811897
998130,0.0065139621
998131,0.010523897
998132,0.040073529
998133,0.016865809
998134,0.030353861
998135,0.01056339
998136,0.035360456
998137,0.010462143
998138,0.0065544974
998139,0.0072272806
998140,0.0064215041
998141,0.0077730068
998142,0.0072653377
998143,0.029830962
998144,0.012757118
998145,0.036568027
998146,0.016823443
998147,0.011641808
998148,0.007195686
998149,0.01736127
998150,0.0061990176
998151,0.0071863509
998152,0.0072014304
998153,0.01750919
998154,0.017688707
998155,0.01004524
998156,0.022163661
998157,0.0071576289
998158,0.011503331
998159,0.0073450427
998160,0.017566636
998161,0.010470761
998162,0.027653953
998163,0.010849897
998164,0.0033543627
998165,0.013296461
998166,0.0074843462
998167,0.023364257
998168,0.010903033
998169,0.0069565717
998170,0.0094030043
998171,0.0072761085
998172,0.010332893
998173,0.0074865003
998174,0.014028033
998175,0.0071346508
998176,0.0083194505
998177,0.010778091
998178,0.0073601217
998179,0.010878619
998180,0.010781681
998181,0.010317096
998182,0.0082059968
998183,0.011432244
998184,0.0095126843
998185,0.0074505974
998186,0.0075913374
998187,0.017239919
998188,0.022231158
998189,0.0076530906
998190,0.0072380514
998191,0.016116543
998192,0.013947611
998193,0.0077205882
998194,0.010386747
998195,0.021139706
998196,0.0054838294
998197,0.0072344611
998198,0.013075344
998199,0.013775276
998200,0.011025104
998201,0.031826656
998202,0.0070219152
998203,0.014224782
998204,0.010564826
998205,0.0071985582
998206,0.0070571001
998207,0.006571691
998208,0.011440142
998209,0.0075382008
998210,0.013898782
998211,0.0064766593
998212,0.0096307229
998213,0.0077579273
998214,0.0075137867
998215,0.028152287
998216,0.010661765
998217,0.0278586
998218,0.0089707319
998219,0.0063031367
998220,0.011880314
998221,0.016422765
998222,0.016201222
998223,0.010811121
998224,0.0072502587
998225,0.017377786
998226,0.014114918
998227,0.0070082722
998228,0.039321002
998229,0.010984892
998230,0.0067346911
998231,0.010712029
998232,0.0073945886
998233,0.020484835
998234,0.023690257
998235,0.034221336
998236,0.0059189741
998237,0.0070657171
998238,0.0073292451
998239,0.014410041
998240,0.025473921
998241,0.01101146
998242,0.027056526
998243,0.015533088
998244,0.022967344
998245,0.0070592542
998246,0.010466452
998247,0.0087026376
998248,0.010376695
998249,0.01027832
998250,0.013763787
998251,0.007349351
998252,0.01081543
998253,0.0071159811
998254,0.0071639577
998255,0.013926068
998256,0.007100184
998257,0.020785702
998258,0.0058205999
998259,0.0069508273
998260,0.011099782
998261,0.0067950399
998262,0.0063993568
998263,0.018077178
998264,0.0072258445
998265,0.033476707
998266,0.007246668
998267,0.027852187
998268,0.0078354776
998269,0.017049633
998270,0.0072402055
998271,0.010853487
998272,0.01415154
998273,0.0064836997
998274,0.022248344
998275,0.015394584
998276,0.037418708
998277,0.010765165
998278,0.013905245
998279,0.019129137
998280,0.034020998
998281,0.0071834787
998282,0.00740895
998283,0.01739502
998284,0.0072969324
998285,0.014341826
998286,0.010640223
998287,0.010363052
998288,0.013204101
998289,0.0090669524
998290,0.0027086751
998291,0.0071619372
998292,0.010185691
998293,0.0071482938
998294,0.0071439855
998295,0.028371658
998296,0.0071504479
998297,0.0070937211
998298,0.023624197
998299,0.013915298
998300,0.016348805
998301,0.013947611
998302,0.010457835
998303,0.010867848
998304,0.0086547853
998305,0.0097311577
998306,0.0073802276
998307,0.0072875977
998308,0.014039522
998309,0.011394187
998310,0.038086157
998311,0.039369829
998312,0.010623707
998313,0.010677562
998314,0.031935252
998315,0.010202206
998316,0.007371611
998317,0.030636057
998318,0.017179601
998319,0.0072603114
998320,0.010648121
998321,0.020566693
998322,0.033895336
998323,0.0073120119
998324,0.01395445
998325,0.007400333
998326,0.0071978401
998327,0.013375316
998328,0.0065367203
998329,0.0074865003
998330,0.0063921195
998331,0.010592113
998332,0.007092285
998333,0.007114545
998334,0.0072409236
998335,0.0072639016
998336,0.013798254
998337,0.0074843462
998338,0.0070621264
998339,0.0069328756
998340,0.0028388714
998341,0.013997156
998342,0.027903983
998343,0.011523438
998344,0.013859289
998345,0.010765165
998346,0.010443474
998347,0.0073515051
998348,0.015306015
998349,0.021062156
998350,0.0073033948
998351,0.0076631433
998352,0.0044088634
998353,0.0073522232
998354,0.020271571
998355,0.014316694
998356,0.0081571694
998357,0.01037454
998358,0.0073938705
998359,0.0076279584
998360,0.01070054
998361,0.018589154
998362,0.017303107
998363,0.013595043
998364,0.039200369
998365,0.019493243
998366,0.010880773
998367,0.024162022
998368,0.0071640913
998369,0.011867388
998370,0.019867452
998371,0.028717954
998372,0.027976362
998373,0.0072373333
998374,0.0070700254
998375,0.0084400848
998376,0.006494543
998377,0.010788144
998378,0.0089348285
998379,0.0065982593
998380,0.0069946288
998381,0.01041547
998382,0.014648438
998383,0.0067533604
998384,0.02057172
998385,0.014811438
998386,0.010352281
998387,0.013476563
998388,0.010449937
998389,0.030828498
998390,0.039604634
998391,0.009255372
998392,0.0085477941
998393,0.010577751
998394,0.010569853
998395,0.010307761
998396,0.013956945
998397,0.013602941
998398,0.0072215362
998399,0.010695513
998400,0.0238152
998401,0.017090563
998402,0.010558364
998403,0.0063980762
998404,0.039491899
998405,0.014270738
998406,0.010615809
998407,0.0078239888
998408,0.010828354
998409,0.010887235
998410,0.0064483322
998411,0.020438878
998412,0.013158535
998413,0.020798627
998414,0.0099106729
998415,0.0068625058
998416,0.013903809
998417,0.016799748
998418,0.0071461396
998419,0.0098503558
998420,0.0074103861
998421,0.0070240693
998422,0.014861701
998423,0.017361989
998424,0.010755112
998425,0.010403262
998426,0.010308479
998427,0.01822797
998428,0.0099013383
998429,0.0072753904
998430,0.036989991
998431,0.0073005226
998432,0.017992446
998433,0.010717056
998434,0.0079352884
998435,0.0067591048
998436,0.0076983282
998437,0.023563879
998438,0.0068251668
998439,0.010684743
998440,0.0074103861
998441,0.010261087
998442,0.0064467485
998443,0.0084422389
998444,0.016492503
998445,0.010454245
998446,0.0087201288
998447,0.037792891
998448,0.0074685491
998449,0.0098860618
998450,0.0072014304
998451,0.010477941
998452,0.028241325
998453,0.0061099781
998454,0.0070176069
998455,0.0072416416
998456,0.013161519
998457,0.017237047
998458,0.0096997572
998459,0.011368336
998460,0.0064543681
998461,0.0070901308
998462,0.0070886947
998463,0.028258558
998464,0.010161994
998465,0.039622586
998466,0.03951057
998467,0.0073902803
998468,0.017164523
998469,0.0072732363
998470,0.010251034
998471,0.023790067
998472,0.010523897
998473,0.007019043
998474,0.0071095186
998475,0.013910271
998476,0.006901281
998477,0.017845243
998478,0.010765165
998479,0.0070728976
998480,0.0073270909
998481,0.013884421
998482,0.0092299515
998483,0.0063762162
998484,0.0099135451
998485,0.017491957
998486,0.015356446
998487,0.0070355586
998488,0.0063036769
998489,0.0064417282
998490,0.010526051
998491,0.0099336514
998492,0.010940372
998493,0.020720359
998494,0.0108341
998495,0.013099581
998496,0.010900161
998497,0.010167021
998498,0.0096514532
998499,0.010762293
998500,0.007114545
998501,0.0172392
998502,0.035963215
998503,0.0074742935
998504,0.0078512756
998505,0.0084530097
998506,0.013133329
998507,0.027142692
998508,0.010324994
998509,0.011586993
998510,0.013928222
998511,0.0073586856
998512,0.0072251265
998513,0.01063017
998514,0.0063088811
998515,0.007136805
998516,0.013641717
998517,0.0072215362
998518,0.0073450427
998519,0.0072516948
998520,0.0237635
998521,0.0071576289
998522,0.0073450427
998523,0.0073407344
998524,0.0072380514
998525,0.0075597428
998526,0.010519588
998527,0.0072890338
998528,0.010322122
998529,0.0097932573
998530,0.0069292854
998531,0.0073687383
998532,0.0073687383
998533,0.010790298
998534,0.021095186
998535,0.023427447
998536,0.0088579962
998537,0.017413689
998538,0.010880055
998539,0.0077938302
998540,0.0095822746
998541,0.010391774
998542,0.0167275
998543,0.0089994539
998544,0.0071949679
998545,0.0071116728
998546,0.010719928
998547,0.0071806065
998548,0.010730699
998549,0.0072057387
998550,0.010676126
998551,0.010885081
998552,0.0072050206
998553,0.0073156022
998554,0.0063049905
998555,0.0073184744
998556,0.017074764
998557,0.010862822
998558,0.0075446633
998559,0.0085650273
998560,0.010332175
998561,0.0073701749
998562,0.0070815142
998563,0.028463837
998564,0.0070484835
998565,0.0075525618
998566,0.013717831
998567,0.014253505
998568,0.02439611
998569,0.010619399
998570,0.016185327
998571,0.0071920957
998572,0.0075597428
998573,0.017371323
998574,0.0071691177
998575,0.0074333642
998576,0.010144761
998577,0.0073414524
998578,0.011089729
998579,0.017049633
998580,0.013947611
998581,0.030549891
998582,0.0071461396
998583,0.019980038
998584,0.010999971
998585,0.014395947
998586,0.0091983574
998587,0.0063928836
998588,0.014708037
998589,0.016631586
998590,0.0098955659
998591,0.010317096
998592,0.010447782
998593,0.0074527515
998594,0.010959042
998595,0.0070168888
998596,0.015540269
998597,0.027079504
998598,0.0063884137
998599,0.017899817
998600,0.017652804
998601,0.0071870694
998602,0.007400333
998603,0.013608686
998604,0.034021713
998605,0.0086081112
998606,0.028333956
998607,0.0074692671
998608,0.0071942499
998609,0.0072430777
998610,0.012568934
998611,0.015222886
998612,0.0070542279
998613,0.007673196
998614,0.023617733
998615,0.0071461396
998616,0.033732336
998617,0.018788775
998618,0.014109174
998619,0.023644302
998620,0.0099688359
998621,0.015940947
998622,0.0092518041
998623,0.0071123908
998624,0.034063362
998625,0.010462862
998626,0.013213752
998627,0.01437342
998628,0.007078642
998629,0.007042021
998630,0.0069896025
998631,0.010523179
998632,0.010812557
998633,0.0089254938
998634,0.010698386
998635,0.023935117
998636,0.0057595647
998637,0.039433736
998638,0.0067210477
998639,0.02366728
998640,0.017428769
998641,0.0071569108
998642,0.0072294348
998643,0.010581342
998644,0.0090568988
998645,0.0064691803
998646,0.0073795095
998647,0.0065342062
998648,0.010721364
998649,0.013766659
998650,0.010381721
998651,0.0069544176
998652,0.020359734
998653,0.00736443
998654,0.014030905
998655,0.0080243275
998656,0.021128217
998657,0.014028751
998658,0.010454963
998659,0.010352281
998660,0.010466452
998661,0.018120978
998662,0.0073141661
998663,0.010124655
998664,0.026667336
998665,0.017274385
998666,0.030577177
998667,0.007055664
998668,0.019933531
998669,0.010684025
998670,0.0072409236
998671,0.007151884
998672,0.0070886947
998673,0.0211534
998674,0.0078699449
998675,0.017957261
998676,0.018060662
998677,0.013524673
998678,0.017662138
998679,0.020672966
998680,0.013738655
998681,0.0074929632
998682,0.0072990865
998683,0.0071238796
998684,0.007365148
998685,0.0068359375
998686,0.0072660558
998687,0.0063447841
998688,0.0061753215
998689,0.010646685
998690,0.0111005
998691,0.0062797717
998692,0.0070714615
998693,0.0088967718
998694,0.006072639
998695,0.017405791
998696,0.01048943
998697,0.0073529412
998698,0.0064287973
998699,0.0071899416
998700,0.013923914
998701,0.0073177563
998702,0.0071504479
998703,0.020443186
998704,0.015031852
998705,0.0079288259
998706,0.017364861
998707,0.013488051
998708,0.010587086
998709,0.011445169
998710,0.027607996
998711,0.0073874081
998712,0.0071281884
998713,0.0065767965
998714,0.0076717599
998715,0.0043962235
998716,0.0070427391
998717,0.0045385654
998718,0.0071978401
998719,0.0080099665
998720,0.010861386
998721,0.0074269013
998722,0.019567378
998723,0.0070111444
998724,0.0076293945
998725,0.037162513
998726,0.0070585362
998727,0.014135025
998728,0.01046717
998729,0.023695285
998730,0.010845589
998731,0.0070886947
998732,0.010595703
998733,0.024455709
998734,0.0099059138
998735,0.015199738
998736,0.0075870291
998737,0.023647891
998738,0.010523897
998739,0.0068589156
998740,0.014675723
998741,0.038787484
998742,0.015693935
998743,0.012864775
998744,0.022401758
998745,0.017198989
998746,0.0072739543
998747,0.013448037
998748,0.014160156
998749,0.008062385
998750,0.014074707
998751,0.013878676
998752,0.013972742
998753,0.010562672
998754,0.027823415
998755,0.007078642
998756,0.013306382
998757,0.010557646
998758,0.0064403317
998759,0.014458152
998760,0.0070068361
998761,0.01451057
998762,0.0089800665
998763,0.0070865406
998764,0.0070434571
998765,0.0065953871
998766,0.01202608
998767,0.0059756194
998768,0.017164523
998769,0.014010082
998770,0.0078553809
998771,0.025631893
998772,0.0086763268
998773,0.0063993568
998774,0.010611501
998775,0.017325368
998776,0.020990349
998777,0.0074125403
998778,0.013629509
998779,0.024301328
998780,0.024244601
998781,0.014066808
998782,0.010945398
998783,0.007247386
998784,0.013900219
998785,0.0073378617
998786,0.0061078239
998787,0.019601656
998788,0.013556985
998789,0.015773775
998790,0.010719928
998791,0.010781681
998792,0.0069917566
998793,0.0088648461
998794,0.0072818534
998795,0.020278033
998796,0.037392292
998797,0.0075439452
998798,0.027228143
998799,0.014022289
998800,0.01027473
998801,0.0083625345
998802,0.010791016
998803,0.0091818413
998804,0.017203297
998805,0.022355469
998806,0.0020251528
998807,0.016001983
998808,0.0068467082
998809,0.013972742
998810,0.0071037742
998811,0.030625287
998812,0.010602884
998813,0.013553395
998814,0.024108168
998815,0.0096241673
998816,0.024310661
998817,0.0099846385
998818,0.010854205
998819,0.024149816
998820,0.0074908086
998821,0.021289062
998822,0.0073601217
998823,0.01484734
998824,0.014624024
998825,0.031215534
998826,0.037591912
998827,0.01423627
998828,0.010803223
998829,0.010333611
998830,0.012915039
998831,0.0073888442
998832,0.024489459
998833,0.0069185146
998834,0.024011949
998835,0.007525994
998836,0.010229493
998837,0.015857652
998838,0.007929544
998839,0.0071332147
998840,0.008414235
998841,0.0072265626
998842,0.01404024
998843,0.0058191638
998844,0.0089333924
998845,0.011086857
998846,0.010693359
998847,0.0070283776
998848,0.010354435
998849,0.01048943
998850,0.0070305318
998851,0.017768411
998852,0.013790355
998853,0.0098941578
998854,0.024164177
998855,0.0073529412
998856,0.0069623161
998857,0.0066427793
998858,0.013549087
998859,0.018004656
998860,0.0071784523
998861,0.0097620348
998862,0.0077442843
998863,0.0078002932
998864,0.017712802
998865,0.0072610294
998866,0.039145079
998867,0.010997817
998868,0.016446078
998869,0.0059283087
998870,0.02754768
998871,0.010771628
998872,0.014089786
998873,0.0071605011
998874,0.017713839
998875,0.0068416819
998876,0.010384593
998877,0.0071820426
998878,0.006570973
998879,0.022470273
998880,0.0071382411
998881,0.020958755
998882,0.02671401
998883,0.027685547
998884,0.014156566
998885,0.010982738
998886,0.011386288
998887,0.0074139764
998888,0.008723001
998889,0.010692641
998890,0.010004739
998891,0.022881292
998892,0.0107228
998893,0.014015826
998894,0.0070111444
998895,0.0074046417
998896,0.0071770162
998897,0.0073759193
998898,0.024159869
998899,0.014160874
998900,0.014695112
998901,0.011214672
998902,0.0070226332
998903,0.013867187
998904,0.022520918
998905,0.010259651
998906,0.013706342
998907,0.01726505
998908,0.009529002
998909,0.0074254652
998910,0.0070642806
998911,0.013984231
998912,0.012998334
998913,0.007217946
998914,0.0071195713
998915,0.0068309112
998916,0.010692641
998917,0.0072538489
998918,0.010526769
998919,0.010184254
998920,0.020213408
998921,0.014985434
998922,0.0071303425
998923,0.019588694
998924,0.0069221049
998925,0.0072646197
998926,0.0071231616
998927,0.0074635227
998928,0.013479481
998929,0.0098317014
998930,0.012866866
998931,0.0088831289
998932,0.0080702836
998933,0.02654383
998934,0.01429946
998935,0.013165186
998936,0.017252844
998937,0.020493452
998938,0.019697839
998939,0.007100184
998940,0.013872214
998941,0.021266084
998942,0.014305204
998943,0.010998535
998944,0.0053035445
998945,0.014145795
998946,0.013111508
998947,0.015581198
998948,0.0095398529
998949,0.037016027
998950,0.020683737
998951,0.01056339
998952,0.0074060778
998953,0.01496737
998954,0.016489545
998955,0.010484404
998956,0.010450655
998957,0.010383875
998958,0.007218664
998959,0.02391501
998960,0.0083346562
998961,0.0070003732
998962,0.012797655
998963,0.036402803
998964,0.010184254
998965,0.039751839
998966,0.007327809
998967,0.0073888442
998968,0.020695945
998969,0.0063332953
998970,0.0057674632
998971,0.013568474
998972,0.011094755
998973,0.01251106
998974,0.0070886947
998975,0.011482546
998976,0.0077744429
998977,0.01141142
998978,0.020132985
998979,0.007444853
998980,0.0073687383
998981,0.006865378
998982,0.006605478
998983,0.0072157914
998984,0.032546479
998985,0.039673571
998986,0.010285501
998987,0.0070075542
998988,0.0071698357
998989,0.0074254652
998990,0.012782197
998991,0.0071849148
998992,0.010500919
998993,0.013554113
998994,0.0068467082
998995,0.03997013
998996,0.0062817265
998997,0.017942181
998998,0.027064424
998999,0.010328584
999000,0.015629308
999001,0.010421933
999002,0.012339154
999003,0.024770938
999004,0.0071806065
999005,0.011092601
999006,0.013933249
999007,0.013648897
999008,0.012835454
999009,0.0093771545
999010,0.0074139764
999011,0.010251034
999012,0.01539522
999013,0.019232538
999014,0.013832721
999015,0.016045962
999016,0.0073069851
999017,0.0031654648
999018,0.0071949679
999019,0.0066509303
999020,0.0070118625
999021,0.007100184
999022,0.0062952056
999023,0.008061667
999024,0.0083374027
999025,0.0069221049
999026,0.0092715994
999027,0.0071949679
999028,0.0094231097
999029,0.0071346508
999030,0.0072753904
999031,0.026031591
999032,0.0074333642
999033,0.03974035
999034,0.0068883561
999035,0.027447868
999036,0.014201804
999037,0.011914062
999038,0.0072150733
999039,0.017392147
999040,0.030639589
999041,0.011073931
999042,0.014292279
999043,0.0087976791
999044,0.027345186
999045,0.010572007
999046,0.0037863723
999047,0.0079237996
999048,0.0053138528
999049,0.0075432272
999050,0.010876465
999051,0.023517923
999052,0.014084042
999053,0.024532542
999054,0.00913445
999055,0.0071798884
999056,0.0061920141
999057,0.010515998
999058,0.019544102
999059,0.013938275
999060,0.017463235
999061,0.0072251265
999062,0.0062758503
999063,0.0072416416
999064,0.014051011
999065,0.015039062
999066,0.028010109
999067,0.017500574
999068,0.021322602
999069,0.0067935721
999070,0.0072811353
999071,0.0098308353
999072,0.012304688
999073,0.0072251265
999074,0.013997156
999075,0.0073852539
999076,0.0064007929
999077,0.017248536
999078,0.010941808
999079,0.0072926241
999080,0.0073105758
999081,0.010921703
999082,0.024453679
999083,0.0070018093
999084,0.024530388
999085,0.0073988969
999086,0.01027473
999087,0.00736443
999088,0.0069070254
999089,0.0071820426
999090,0.0070663565
999091,0.0074857823
999092,0.017562328
999093,0.020761289
999094,0.0072423597
999095,0.0072854436
999096,0.0209566
999097,0.0071080825
999098,0.012874857
999099,0.0070542279
999100,0.020809397
999101,0.014073989
999102,0.0067019491
999103,0.0073098578
999104,0.0073141661
999105,0.0068337834
999106,0.036946695
999107,0.01105239
999108,0.027552705
999109,0.039236989
999110,0.010424805
999111,0.0063755284
999112,0.013936121
999113,0.009222053
999114,0.014292279
999115,0.029963234
999116,0.020670813
999117,0.010574879
999118,0.010280474
999119,0.01728731
999120,0.010971967
999121,0.0065372242
999122,0.0059893439
999123,0.011051672
999124,0.010619399
999125,0.024297019
999126,0.010505945
999127,0.0074017695
999128,0.0096540358
999129,0.010556928
999130,0.031199018
999131,0.0074563418
999132,0.0055620978
999133,0.024804687
999134,0.010283346
999135,0.0071612191
999136,0.0086210323
999137,0.0085255345
999138,0.008378597
999139,0.030732997
999140,0.0069860122
999141,0.013857853
999142,0.0069163395
999143,0.007159065
999144,0.021254595
999145,0.0015892425
999146,0.0074204388
999147,0.027607279
999148,0.010546875
999149,0.031159524
999150,0.03717472
999151,0.007365148
999152,0.0069802678
999153,0.0069544176
999154,0.017249972
999155,0.0068821134
999156,0.021993387
999157,0.026141711
999158,0.0070427391
999159,0.0080494601
999160,0.010572725
999161,0.023740521
999162,0.0079765795
999163,0.033250518
999164,0.0085901599
999165,0.0064682849
999166,0.0061250576
999167,0.0061950972
999168,0.0077069453
999169,0.007467831
999170,0.017093435
999171,0.0093886433
999172,0.013950483
999173,0.017181756
999174,0.0069407742
999175,0.0060381722
999176,0.013395973
999177,0.010276166
999178,0.020463293
999179,0.014348288
999180,0.011945657
999181,0.014275764
999182,0.005869946
999183,0.017102769
999184,0.0071698357
999185,0.011249856
999186,0.007246668
999187,0.010801787
999188,0.0071116728
999189,0.0064872839
999190,0.010844152
999191,0.010235237
999192,0.0073809456
999193,0.010582778
999194,0.0080796182
999195,0.0072854436
999196,0.0072437958
999197,0.0071346508
999198,0.0072610294
999199,0.031279441
999200,0.010531078
999201,0.007481474
999202,0.013878676
999203,0.010527487
999204,0.02581186
999205,0.019754259
999206,0.018858906
999207,0.006887638
999208,0.017038861
999209,0.0068201399
999210,0.0069536995
999211,0.0072315889
999212,0.020520052
999213,0.01044491
999214,0.0059247185
999215,0.013909553
999216,0.0087732654
999217,0.0073069851
999218,0.010851333
999219,0.010828354
999220,0.0071095186
999221,0.0079783723
999222,0.01372573
999223,0.0070010913
999224,0.010730699
999225,0.0076976102
999226,0.0068840478
999227,0.016445722
999228,0.0077234604
999229,0.010742188
999230,0.019864431
999231,0.0070908489
999232,0.011176614
999233,0.00823831
999234,0.0070068361
999235,0.015336339
999236,0.0073673022
999237,0.015446112
999238,0.0085147638
999239,0.0070693074
999240,0.0071116728
999241,0.0073213466
999242,0.010931755
999243,0.0098912856
999244,0.018518066
999245,0.0069522634
999246,0.0093484316
999247,0.0073292451
999248,0.010303453
999249,0.032535583
999250,0.039602481
999251,0.0064293663
999252,0.013706342
999253,0.010749368
999254,0.0076559628
999255,0.01377025
999256,0.014099121
999257,0.0071016201
999258,0.0072229723
999259,0.010642377
999260,0.017201142
999261,0.0059254365
999262,0.010653866
999263,0.0072423597
999264,0.0073084212
999265,0.010721364
999266,0.039535701
999267,0.025796484
999268,0.039349724
999269,0.015902171
999270,0.022562984
999271,0.027298512
999272,0.0073981788
999273,0.005514706
999274,0.013997156
999275,0.008003504
999276,0.019325959
999277,0.0065639182
999278,0.036138639
999279,0.0067066867
999280,0.0099156993
999281,0.0073565315
999282,0.0062479516
999283,0.029088361
999284,0.0062008318
999285,0.0077916761
999286,0.0096613634
999287,0.026447276
999288,0.010330738
999289,0.0073184744
999290,0.010590677
999291,0.0099810436
999292,0.010351563
999293,0.0072445138
999294,0.0073436066
999295,0.0066693476
999296,0.020537971
999297,0.016276702
999298,0.017225558
999299,0.010377413
999300,0.019588694
999301,0.0071482938
999302,0.012523696
999303,0.0069637522
999304,0.0070714615
999305,0.0072840075
999306,0.0095078414
999307,0.0070369947
999308,0.0097777816
999309,0.0064003938
999310,0.0071245977
999311,0.0068596336
999312,0.0204159
999313,0.033690754
999314,0.017507754
999315,0.01171875
999316,0.0075202491
999317,0.0099678943
999318,0.012507899
999319,0.0078469673
999320,0.017573098
999321,0.017693015
999322,0.0073033948
999323,0.0073759193
999324,0.0059742648
999325,0.013152177
999326,0.0067077447
999327,0.034556668
999328,0.0073658661
999329,0.016866527
999330,0.013795381
999331,0.010755112
999332,0.0068129594
999333,0.017876837
999334,0.0074046417
999335,0.019739999
999336,0.0071705538
999337,0.0072057387
999338,0.010605038
999339,0.0063632214
999340,0.014150104
999341,0.029758578
999342,0.0074333642
999343,0.020278033
999344,0.0072150733
999345,0.010594985
999346,0.020591108
999347,0.0097914748
999348,0.020983662
999349,0.019699764
999350,0.010824046
999351,0.0071116728
999352,0.010525333
999353,0.01955954
999354,0.010385311
999355,0.026035158
999356,0.016309312
999357,0.02758861
999358,0.013338695
999359,0.026793715
999360,0.0075676413
999361,0.0065027573
999362,0.0090418197
999363,0.029755715
999364,0.024362363
999365,0.007715242
999366,0.033276908
999367,0.023908548
999368,0.0109375
999369,0.024613684
999370,0.020685174
999371,0.0071461396
999372,0.017825857
999373,0.0072768265
999374,0.013900937
999375,0.013609404
999376,0.012581859
999377,0.0091947671
999378,0.023057193
999379,0.036764707
999380,0.0068883561
999381,0.012782587
999382,0.0071475757
999383,0.027045755
999384,0.010434858
999385,0.0072854436
999386,0.0070822323
999387,0.0091715539
999388,0.016243439
999389,0.0073601217
999390,0.0068976907
999391,0.0098352768
999392,0.007306267
999393,0.0071870694
999394,0.0098492317
999395,0.010905906
999396,0.011206055
999397,0.0072165094
999398,0.0078383498
999399,0.006997501
999400,0.010864258
999401,0.0064427941
999402,0.0071403952
999403,0.023460478
999404,0.010731417
999405,0.009062713
999406,0.0071339328
999407,0.010764447
999408,0.010576315
999409,0.010515998
999410,0.0069903205
999411,0.020797908
999412,0.010561954
999413,0.0072904699
999414,0.039694395
999415,0.013625919
999416,0.0070772059
999417,0.0070851045
999418,0.0073471968
999419,0.0069163605
999420,0.0071626552
999421,0.019578641
999422,0.013412655
999423,0.0072236904
999424,0.0064352597
999425,0.020514276
999426,0.0095143039
999427,0.028995875
999428,0.03647748
999429,0.0069687786
999430,0.010333611
999431,0.0071418313
999432,0.0075482535
999433,0.011504049
999434,0.02877626
999435,0.013177131
999436,0.013671875
999437,0.020600442
999438,0.010423369
999439,0.007151166
999440,0.0069587259
999441,0.0070886947
999442,0.039326027
999443,0.023115585
999444,0.006314361
999445,0.0077708527
999446,0.0061056698
999447,0.02731072
999448,0.0071468577
999449,0.014384191
999450,0.01418457
999451,0.010482968
999452,0.010750804
999453,0.010327866
999454,0.0069924747
999455,0.0069544176
999456,0.0055082431
999457,0.019152114
999458,0.019450484
999459,0.0070061181
999460,0.01406609
999461,0.0075712316
999462,0.0076760687
999463,0.007385972
999464,0.017099896
999465,0.0118751
999466,0.0074276193
999467,0.0072761085
999468,0.016988598
999469,0.007658835
999470,0.0069027171
999471,0.0088005513
999472,0.0068723108
999473,0.0076889936
999474,0.0042316588
999475,0.028294608
999476,0.039621152
999477,0.0094875218
999478,0.022644762
999479,0.010907342
999480,0.02091567
999481,0.0018209129
999482,0.015436653
999483,0.0073213466
999484,0.017458927
999485,0.020731129
999486,0.0072402055
999487,0.014155848
999488,0.016957721
999489,0.010781681
999490,0.022768613
999491,0.0067792106
999492,0.02021987
999493,0.0071123908
999494,0.010512408
999495,0.017258588
999496,0.030853631
999497,0.010460707
999498,0.006945801
999499,0.0083137061
999500,0.0071834787
999501,0.021018354
999502,0.0068897922
999503,0.0064852275
999504,0.010583496
999505,0.0072653377
999506,0.02007195
999507,0.007174144
999508,0.010597858
999509,0.035243854
999510,0.013616584
999511,0.010606474
999512,0.0071806065
999513,0.010893698
999514,0.0083316583
999515,0.010592113
999516,0.007151884
999517,0.010308479
999518,0.0098747537
999519,0.010684743
999520,0.0070542279
999521,0.0080663422
999522,0.0072380514
999523,0.006996783
999524,0.0074908086
999525,0.0071289064
999526,0.0090691065
999527,0.030715764
999528,0.017452464
999529,0.0055685602
999530,0.027751608
999531,0.0058507584
999532,0.015920645
999533,0.021564798
999534,0.0070097083
999535,0.010466452
999536,0.0080055362
999537,0.017238483
999538,0.017166676
999539,0.020963063
999540,0.014863138
999541,0.0091430666
999542,0.0071059284
999543,0.017944336
999544,0.0069292854
999545,0.017009176
999546,0.017635569
999547,0.010735725
999548,0.0070642806
999549,0.020658605
999550,0.022398466
999551,0.020902028
999552,0.013804716
999553,0.039848059
999554,0.0070233513
999555,0.039745376
999556,0.0063282857
999557,0.032908324
999558,0.0073163202
999559,0.0070958757
999560,0.0071195713
999561,0.007739258
999562,0.01060432
999563,0.0097929109
999564,0.031463265
999565,0.010754394
999566,0.007291906
999567,0.010381003
999568,0.019565716
999569,0.020919262
999570,0.027401913
999571,0.013775276
999572,0.034173943
999573,0.01389232
999574,0.007385972
999575,0.010192153
999576,0.0073830998
999577,0.020481244
999578,0.01110768
999579,0.012118713
999580,0.0066564223
999581,0.037230007
999582,0.0074951174
999583,0.010625862
999584,0.010404699
999585,0.013868623
999586,0.017387839
999587,0.0069249771
999588,0.010720646
999589,0.030652573
999590,0.014109892
999591,0.01071921
999592,0.0073299631
999593,0.020411415
999594,0.0072861616
999595,0.012431785
999596,0.0073077031
999597,0.010778091
999598,0.0072883158
999599,0.0071698357
999600,0.0098984512
999601,0.027854284
999602,0.0073953066
999603,0.0075152228
999604,0.017333984
999605,0.0059110788
999606,0.017164523
999607,0.020616958
999608,0.0084221335
999609,0.010403262
999610,0.017487649
999611,0.015321433
999612,0.010328584
999613,0.013088091
999614,0.0064177937
999615,0.010365924
999616,0.039309513
999617,0.0075942096
999618,0.007291188
999619,0.0060151941
999620,0.013747989
999621,0.013622329
999622,0.0072811353
999623,0.007423311
999624,0.0074807559
999625,0.016079364
999626,0.0071935318
999627,0.013476563
999628,0.0082993452
999629,0.0067066723
999630,0.010762293
999631,0.014281509
999632,0.0071856328
999633,0.010313505
999634,0.013857135
999635,0.013748707
999636,0.0091243964
999637,0.010346537
999638,0.0068596336
999639,0.0067670038
999640,0.0074908086
999641,0.0078024473
999642,0.0299978
999643,0.033538461
999644,0.014165901
999645,0.039855238
999646,0.016986443
999647,0.0074383905
999648,0.0070535098
999649,0.016380755
999650,0.01058924
999651,0.0094231097
999652,0.010294118
999653,0.010705566
999654,0.01312522
999655,0.0071827606
999656,0.0078778435
999657,0.0085966224
999658,0.017220531
999659,0.0080537684
999660,0.013625919
999661,0.010273294
999662,0.007247386
999663,0.0073809456
999664,0.0070111444
999665,0.007137523
999666,0.016947668
999667,0.0029190022
999668,0.0065779975
999669,0.0088924635
999670,0.0056877583
999671,0.023617482
999672,0.030766746
999673,0.020571003
999674,0.0074484432
999675,0.01071921
999676,0.0071497299
999677,0.026357852
999678,0.023795094
999679,0.0097716069
999680,0.032177836
999681,0.0069996552
999682,0.0060982569
999683,0.0072265626
999684,0.010299862
999685,0.016345933
999686,0.014085478
999687,0.00572797
999688,0.0064407606
999689,0.013629509
999690,0.017601822
999691,0.0082490807
999692,0.017451746
999693,0.0080006318
999694,0.0073342714
999695,0.037365723
999696,0.038947612
999697,0.02589296
999698,0.038465075
999699,0.0078010112
999700,0.0072610294
999701,0.038905244
999702,0.013791791
999703,0.0095315371
999704,0.0099250348
999705,0.010587804
999706,0.0076064165
999707,0.0069163605
999708,0.010254624
999709,0.010544003
999710,0.0099652456
999711,0.017410817
999712,0.014063218
999713,0.0073536593
999714,0.014362649
999715,0.0032603638
999716,0.015169277
999717,0.010773783
999718,0.012850369
999719,0.020398667
999720,0.0070671532
999721,0.030944824
999722,0.010284064
999723,0.0076538087
999724,0.010353717
999725,0.0069508273
999726,0.02089772
999727,0.0074333642
999728,0.0066863745
999729,0.0058306525
999730,0.007459214
999731,0.013686954
999732,0.010422651
999733,0.0062736962
999734,0.0080365352
999735,0.0071332147
999736,0.0084580369
999737,0.020588236
999738,0.039596736
999739,0.010078939
999740,0.0059943702
999741,0.022610294
999742,0.022883128
999743,0.037408356
999744,0.017282285
999745,0.014515596
999746,0.011285041
999747,0.0070585362
999748,0.038846362
999749,0.020862535
999750,0.011123477
999751,0.013141583
999752,0.0070671532
999753,0.029545976
999754,0.014198214
999755,0.020898437
999756,0.009251494
999757,0.0071102367
999758,0.016439281
999759,0.013354734
999760,0.0068704044
999761,0.0074491613
999762,0.0061729322
999763,0.010941808
999764,0.0078929225
999765,0.010494457
999766,0.020609058
999767,0.0074362364
999768,0.027652517
999769,0.018421128
999770,0.017178884
999771,0.00686466
999772,0.0064506717
999773,0.0093290443
999774,0.020486271
999775,0.0073787915
999776,0.010805377
999777,0.0068854839
999778,0.010509536
999779,0.0063317865
999780,0.010037096
999781,0.016463695
999782,0.012910731
999783,0.010493739
999784,0.026469152
999785,0.0072402055
999786,0.0099643553
999787,0.036938872
999788,0.039694395
999789,0.0074032056
999790,0.0072524128
999791,0.03701818
999792,0.020583928
999793,0.0071231616
999794,0.0061933491
999795,0.0067262445
999796,0.0073141661
999797,0.010477941
999798,0.0076573989
999799,0.014142923
999800,0.01329824
999801,0.010594985
999802,0.021373793
999803,0.0070269415
999804,0.0074139764
999805,0.0068818936
999806,0.01720617
999807,0.039682906
999808,0.01058206
999809,0.0073235007
999810,0.0072933421
999811,0.010475069
999812,0.0072509767
999813,0.010016946
999814,0.011776195
999815,0.012286582
999816,0.025866453
999817,0.011672869
999818,0.0064429268
999819,0.029659484
999820,0.007004682
999821,0.014108456
999822,0.014431583
999823,0.010283346
999824,0.010931755
999825,0.0074326461
999826,0.010215849
999827,0.010830509
999828,0.013740809
999829,0.0073421705
999830,0.020033199
999831,0.0019234511
999832,0.014573041
999833,0.0061193132
999834,0.0096911322
999835,0.020691637
999836,0.012760669
999837,0.0072969324
999838,0.0076071345
999839,0.014081888
999840,0.0070427391
999841,0.014038086
999842,0.0070578181
999843,0.01656994
999844,0.013235129
999845,0.016777173
999846,0.013660386
999847,0.039754711
999848,0.010365924
999849,0.0070312498
999850,0.017186739
999851,0.010493021
999852,0.0062198415
999853,0.013959818
999854,0.0094468063
999855,0.01062658
999856,0.0099882241
999857,0.007731359
999858,0.0074269013
999859,0.0087646488
999860,0.01954633
999861,0.0064747529
999862,0.0067863911
999863,0.0023014341
999864,0.0069852942
999865,0.007313448
999866,0.007159065
999867,0.030570714
999868,0.0071044923
999869,0.039712343
999870,0.0064674523
999871,0.020496324
999872,0.011376953
999873,0.007349351
999874,0.0071044923
999875,0.014247041
999876,0.010492302
999877,0.017511345
999878,0.0070657171
999879,0.007525994
999880,0.010608628
999881,0.014038086
999882,0.01091165
999883,0.014246323
999884,0.023990408
999885,0.010309197
999886,0.010746496
999887,0.013970588
999888,0.0081844553
999889,0.006103084
999890,0.019342277
999891,0.030665498
999892,0.013166977
999893,0.011013614
999894,0.0070405849
999895,0.0068467082
999896,0.010421215
999897,0.0075015798
999898,0.016957721
999899,0.017204734
999900,0.0075245579
999901,0.0070492015
999902,0.0074297735
999903,0.0071669635
999904,0.02124957
999905,0.01267971
999906,0.0086849434
999907,0.0073400163
999908,0.023943014
999909,0.0071806065
999910,0.0073823817
999911,0.0071978401
999912,0.0063963099
999913,0.0021858858
999914,0.010366642
999915,0.007092285
999916,0.010538259
999917,0.0075030159
999918,0.016788326
999919,0.025233824
999920,0.024333639
999921,0.0060977712
999922,0.02123449
999923,0.0064215581
999924,0.0061279298
999925,0.0092457486
999926,0.010581342
999927,0.020565256
999928,0.01181138
999929,0.010811121
999930,0.0076056984
999931,0.0070312498
999932,0.0070858225
999933,0.0072983685
999934,0.0073112939
999935,0.0070262235
999936,0.0069623161
999937,0.0062600528
999938,0.007408232
999939,0.010271139
999940,0.0061695771
999941,0.00870864
999942,0.0072732363
999943,0.0089499084
999944,0.0062758503
999945,0.016738597
999946,0.0070628445
999947,0.007444853
999948,0.0078814337
999949,0.0069730869
999950,0.0074204388
999951,0.023604017
999952,0.016733686
999953,0.013786765
999954,0.011890256
999955,0.0069185146
999956,0.014005055
999957,0.0062708342
999958,0.020427389
999959,0.0065342216
999960,0.0072402055
999961,0.010317096
999962,0.0072617475
999963,0.015764529
999964,0.010139016
999965,0.0069393381
999966,0.013660386
999967,0.0072387694
999968,0.011868824
999969,0.011361156
999970,0.010949707
999971,0.010681152
999972,0.0071576289
999973,0.0021206418
999974,0.027012724
999975,0.017081227
999976,0.0072093289
999977,0.010677562
999978,0.0069723688
999979,0.0060546873
999980,0.0072825714
999981,0.010869284
999982,0.0069623161
999983,0.011044491
999984,0.0076286765
999985,0.026164398
999986,0.017222686
999987,0.013627355
999988,0.007467831
999989,0.0076064165
999990,0.027447151
999991,0.007658835
999992,0.0072495406
999993,0.0074204388
999994,0.027885167
999995,0.015252327
999996,0.023426728
999997,0.013747271
999998,0.0072818534
999999,0.019746421
