LECROYHDO6104B,11090,Waveform
Segments,1,SegmentSize,1989
Segment,TrigTime,TimeSinceSegment1
#1,04-May-2026 18:45:31,0                 
Time,Ampl
998011,0.030272719
998012,0.0071490118
998013,0.021110984
998014,0.039267149
998015,0.0094460882
998016,0.010425523
998017,0.0061626802
998018,0.0074190027
998019,0.015207807
998020,0.0070958757
998021,0.0096567292
998022,0.0073048309
998023,0.020425236
998024,0.0077134077
998025,0.011580883
998026,0.007033404
998027,0.0075970818
998028,0.0073249368
998029,0.016869534
998030,0.027171416
998031,0.0072703641
998032,0.0072840075
998033,0.012857358
998034,0.025857229
998035,0.0074333642
998036,0.0074886545
998037,0.024521053
998038,0.013730038
998039,0.0072337431
998040,0.0077155619
998041,0.017547349
998042,0.017291619
998043,0.013832721
998044,0.018152574
998045,0.017226275
998046,0.0073953066
998047,0.013845646
998048,0.010327866
998049,0.0072380514
998050,0.019755285
998051,0.010601448
998052,0.020381434
998053,0.0071841967
998054,0.010581342
998055,0.020409439
998056,0.010260369
998057,0.0071949679
998058,0.01391458
998059,0.0023248421
998060,0.0068215765
998061,0.0043017659
998062,0.010665355
998063,0.010615809
998064,0.006960162
998065,0.017304543
998066,0.011243394
998067,0.0098632816
998068,0.0061566504
998069,0.020226333
998070,0.0095430259
998071,0.0070973118
998072,0.017217658
998073,0.0068502985
998074,0.0075159408
998075,0.0069637522
998076,0.010493021
998077,0.0071712718
998078,0.013267743
998079,0.03136402
998080,0.010743624
998081,0.0071942499
998082,0.0075310203
998083,0.011086857
998084,0.016626695
998085,0.018032657
998086,0.0097677791
998087,0.0070427391
998088,0.0073795095
998089,0.0068474263
998090,0.014142923
998091,0.013147563
998092,0.0071066464
998093,0.010640941
998094,0.010735007
998095,0.0064285179
998096,0.022894606
998097,0.0097519821
998098,0.010281192
998099,0.010249598
998100,0.0072567211
998101,0.014309512
998102,0.0068517351
998103,0.0070815142
998104,0.0062749675
998105,0.0074462891
998106,0.039453126
998107,0.0098704621
998108,0.016295319
998109,0.007349351
998110,0.014028033
998111,0.017589614
998112,0.030358266
998113,0.009429751
998114,0.01892449
998115,0.0063878666
998116,0.0027698637
998117,0.013579963
998118,0.0071131089
998119,0.0070448932
998120,0.016309587
998121,0.0158515
998122,0.01079711
998123,0.010447782
998124,0.039430149
998125,0.019419834
998126,0.016704964
998127,0.013397057
998128,0.01428079
998129,0.014435174
998130,0.024360927
998131,0.0078512756
998132,0.01567311
998133,0.011517959
998134,0.0076746321
998135,0.0073874081
998136,0.033559281
998137,0.014164465
998138,0.01043773
998139,0.0075834384
998140,0.020909926
998141,0.016964901
998142,0.0097766789
998143,0.013752297
998144,0.019456957
998145,0.00736443
998146,0.013924632
998147,0.0030316128
998148,0.014423684
998149,0.0095257927
998150,0.01051887
998151,0.037415989
998152,0.027529728
998153,0.0054974724
998154,0.005682359
998155,0.0092754178
998156,0.0040893122
998157,0.0063967453
998158,0.011229751
998159,0.013453584
998160,0.010007611
998161,0.0056870403
998162,0.010641659
998163,0.024152689
998164,0.016842831
998165,0.0046515907
998166,0.012985023
998167,0.0065142633
998168,0.010386029
998169,0.010387465
998170,0.013876522
998171,0.011261346
998172,0.0022684061
998173,0.010512408
998174,0.007349351
998175,0.010471479
998176,0.0065006032
998177,0.031907745
998178,0.013565602
998179,0.013791791
998180,0.0071131089
998181,0.017137911
998182,0.015758201
998183,0.0017778302
998184,0.010684743
998185,0.015555487
998186,0.0097720874
998187,0.0095085595
998188,0.010516716
998189,0.0072954963
998190,0.0073227827
998191,0.006512092
998192,0.010719928
998193,0.021026971
998194,0.014771944
998195,0.019120026
998196,0.0073206285
998197,0.010294118
998198,0.016534379
998199,0.024724266
998200,0.014756147
998201,0.039838005
998202,0.0070513557
998203,0.015350125
998204,0.01476899
998205,0.0075475355
998206,0.010638786
998207,0.0069443649
998208,0.010577751
998209,0.0059555951
998210,0.0097738728
998211,0.014422966
998212,0.0097103342
998213,0.0073191924
998214,0.03756319
998215,0.015556066
998216,0.025039399
998217,0.013809742
998218,0.007599236
998219,0.0095840981
998220,0.014057473
998221,0.012962045
998222,0.01404383
998223,0.010598576
998224,0.010284064
998225,0.0066453936
998226,0.036848001
998227,0.010664637
998228,0.010880055
998229,0.019827945
998230,0.016381113
998231,0.0096781496
998232,0.023394417
998233,0.032596387
998234,0.0065442547
998235,0.0072782626
998236,0.006471158
998237,0.010764447
998238,0.015864832
998239,0.0073299631
998240,0.024594296
998241,0.0068933824
998242,0.0072825714
998243,0.0095684528
998244,0.009379915
998245,0.011339614
998246,0.013894474
998247,0.0091672614
998248,0.030399816
998249,0.00731273
998250,0.030376839
998251,0.013363341
998252,0.01024529
998253,0.0071691177
998254,0.0076573989
998255,0.0062399469
998256,0.0070858225
998257,0.0071971221
998258,0.0072157914
998259,0.0089448821
998260,0.017618336
998261,0.025087066
998262,0.010862104
998263,0.017658548
998264,0.023055406
998265,0.0095595969
998266,0.010581342
998267,0.0039848848
998268,0.010880773
998269,0.039717373
998270,0.007372329
998271,0.027470129
998272,0.014032342
998273,0.035016853
998274,0.0024641037
998275,0.01385139
998276,0.0076573989
998277,0.014073989
998278,0.0072315889
998279,0.013269761
998280,0.012895965
998281,0.0072373333
998282,0.0070599723
998283,0.038595043
998284,0.013018062
998285,0.0064218142
998286,0.039464615
998287,0.014326747
998288,0.0077715707
998289,0.011167279
998290,0.012594545
998291,0.0072631836
998292,0.0083869481
998293,0.0108262
998294,0.039649874
998295,0.010554774
998296,0.019616824
998297,0.010509536
998298,0.020816579
998299,0.027144128
998300,0.010727108
998301,0.039705884
998302,0.0081234202
998303,0.0075252759
998304,0.0070937211
998305,0.0068962546
998306,0.0073845359
998307,0.0068854839
998308,0.0080896718
998309,0.014524213
998310,0.016256893
998311,0.0070348405
998312,0.0065945177
998313,0.0075712316
998314,0.019175109
998315,0.010670382
998316,0.007526712
998317,0.0022635919
998318,0.026875574
998319,0.027094582
998320,0.0066148294
998321,0.0085994946
998322,0.012895441
998323,0.010582778
998324,0.0072617475
998325,0.020180248
998326,0.014200368
998327,0.0075906194
998328,0.017056813
998329,0.019325001
998330,0.014096967
998331,0.020484835
998332,0.03968434
998333,0.023946606
998334,0.013471536
998335,0.007658117
998336,0.01372932
998337,0.017031681
998338,0.020797908
998339,0.0075618969
998340,0.013997156
998341,0.010659611
998342,0.01183005
998343,0.011700081
998344,0.019338809
998345,0.014039522
998346,0.013833439
998347,0.014707319
998348,0.031671502
998349,0.010572007
998350,0.0071942499
998351,0.0070132986
998352,0.010910932
998353,0.0071482938
998354,0.016908893
998355,0.031159524
998356,0.012411678
998357,0.0074721393
998358,0.007732077
998359,0.03049819
998360,0.0090917852
998361,0.011810662
998362,0.0070054
998363,0.0078239888
998364,0.019267004
998365,0.014188878
998366,0.029872041
998367,0.0069738054
998368,0.031344067
998369,0.020705279
998370,0.02001664
998371,0.0072272806
998372,0.010443474
998373,0.0072538489
998374,0.0080437157
998375,0.0029280651
998376,0.010584932
998377,0.010697667
998378,0.0068215765
998379,0.0071461396
998380,0.031060431
998381,0.0065536802
998382,0.0074017695
998383,0.010666791
998384,0.007137523
998385,0.0069365553
998386,0.010491584
998387,0.0070312498
998388,0.023049029
998389,0.0063000992
998390,0.019915413
998391,0.0074721393
998392,0.030706428
998393,0.010523897
998394,0.01759105
998395,0.033499684
998396,0.010594985
998397,0.0093764365
998398,0.0064934227
998399,0.010678998
998400,0.014338235
998401,0.007210765
998402,0.010592831
998403,0.0063741053
998404,0.011265654
998405,0.0067188265
998406,0.014248477
998407,0.0072064567
998408,0.013943302
998409,0.011921961
998410,0.02030101
998411,0.0080013499
998412,0.010661765
998413,0.0071253157
998414,0.022625187
998415,0.010394646
998416,0.0072897519
998417,0.007350069
998418,0.0018454376
998419,0.013754452
998420,0.010569853
998421,0.0084673716
998422,0.011702497
998423,0.010850033
998424,0.018360093
998425,0.020886948
998426,0.0068021887
998427,0.0075985179
998428,0.017873965
998429,0.01449549
998430,0.010154167
998431,0.010294118
998432,0.0073263729
998433,0.010827636
998434,0.0071655274
998435,0.013755888
998436,0.0073895622
998437,0.010496611
998438,0.0096351197
998439,0.030985754
998440,0.010206514
998441,0.015454101
998442,0.016900275
998443,0.014158002
998444,0.039609663
998445,0.0078728171
998446,0.0070872586
998447,0.016501753
998448,0.0072445138
998449,0.0062495377
998450,0.014023007
998451,0.011194565
998452,0.0073026768
998453,0.012160357
998454,0.007254567
998455,0.0098762065
998456,0.0073263729
998457,0.0072969324
998458,0.017273668
998459,0.0097405184
998460,0.014338235
998461,0.014145795
998462,0.013732192
998463,0.0069594439
998464,0.013633817
998465,0.01070772
998466,0.02240108
998467,0.013821231
998468,0.0068546073
998469,0.0059945942
998470,0.016361153
998471,0.030457979
998472,0.013055061
998473,0.02511489
998474,0.0070578181
998475,0.0063311406
998476,0.0071231616
998477,0.0074304915
998478,0.0071490118
998479,0.0076624253
998480,0.0075123506
998481,0.0069924747
998482,0.0075697955
998483,0.017293774
998484,0.0075008618
998485,0.0071411133
998486,0.0071806065
998487,0.0073069851
998488,0.01309856
998489,0.033458754
998490,0.0074218749
998491,0.010357307
998492,0.0072954963
998493,0.015940947
998494,0.0065039485
998495,0.0076351389
998496,0.0076631433
998497,0.023359232
998498,0.013972024
998499,0.010546875
998500,0.0077083814
998501,0.015344956
998502,0.013769049
998503,0.013798972
998504,0.011273553
998505,0.00828283
998506,0.010420497
998507,0.017145135
998508,0.010476505
998509,0.0067059686
998510,0.019064091
998511,0.015347573
998512,0.013699161
998513,0.0072351792
998514,0.01060432
998515,0.0009307884
998516,0.006049661
998517,0.0072265626
998518,0.013064449
998519,0.0068538892
998520,0.0073881261
998521,0.0065350723
998522,0.010342227
998523,0.0073041129
998524,0.0093455594
998525,0.014131434
998526,0.013775276
998527,0.031680837
998528,0.010543285
998529,0.02364861
998530,0.011468299
998531,0.01188534
998532,0.0069996552
998533,0.019210266
998534,0.010414752
998535,0.0067361272
998536,0.0073335534
998537,0.0075022979
998538,0.0069307215
998539,0.0071999943
998540,0.009592968
998541,0.014445227
998542,0.010976993
998543,0.023909984
998544,0.0068617878
998545,0.0073482925
998546,0.007100902
998547,0.020020967
998548,0.0073177563
998549,0.0070161708
998550,0.022325359
998551,0.0085047102
998552,0.0026926422
998553,0.0070728976
998554,0.0090805953
998555,0.017210478
998556,0.010560518
998557,0.0072122011
998558,0.026173202
998559,0.0069113337
998560,0.007328527
998561,0.026922248
998562,0.033153459
998563,0.03095416
998564,0.013264016
998565,0.017178884
998566,0.011041619
998567,0.01013758
998568,0.03708123
998569,0.0069536995
998570,0.010171995
998571,0.038706344
998572,0.0069536995
998573,0.010381003
998574,0.014103429
998575,0.017440258
998576,0.0077593634
998577,0.007247386
998578,0.0096047791
998579,0.0080386894
998580,0.013669003
998581,0.010607192
998582,0.0076408833
998583,0.010462143
998584,0.0075224033
998585,0.0077895219
998586,0.031225212
998587,0.026711857
998588,0.035032026
998589,0.03360524
998590,0.0076021082
998591,0.01789978
998592,0.0078455312
998593,0.0072495406
998594,0.0065649967
998595,0.0061494717
998596,0.027148437
998597,0.01058206
998598,0.020094281
998599,0.010785989
998600,0.0070499196
998601,0.005727252
998602,0.0093824659
998603,0.010112623
998604,0.039809283
998605,0.020912798
998606,0.012737824
998607,0.0079288259
998608,0.0071044923
998609,0.0096385162
998610,0.0071619372
998611,0.01647936
998612,0.0066009667
998613,0.033829495
998614,0.039866727
998615,0.028837316
998616,0.017332548
998617,0.0075669233
998618,0.0094054379
998619,0.020226499
998620,0.014039522
998621,0.0072954963
998622,0.0071231616
998623,0.010105268
998624,0.0065336027
998625,0.014124253
998626,0.0105081
998627,0.020303166
998628,0.007621496
998629,0.0079245176
998630,0.0074204388
998631,0.0062794406
998632,0.03043141
998633,0.0073622759
998634,0.0072251265
998635,0.007173426
998636,0.0078534298
998637,0.016900275
998638,0.0073673022
998639,0.0087072039
998640,0.0139591
998641,0.0072265626
998642,0.022983685
998643,0.007291188
998644,0.0067237047
998645,0.0071253157
998646,0.036967918
998647,0.013311407
998648,0.0070807962
998649,0.0084667262
998650,0.011468147
998651,0.0075166589
998652,0.007218664
998653,0.010562672
998654,0.010420497
998655,0.010126092
998656,0.019731987
998657,0.013686236
998658,0.02294491
998659,0.013277394
998660,0.013759478
998661,0.010002874
998662,0.01391817
998663,0.0073357075
998664,0.017061122
998665,0.0065005478
998666,0.016957721
998667,0.022598805
998668,0.014058909
998669,0.0074563418
998670,0.0072739543
998671,0.0073270909
998672,0.0072825714
998673,0.010539695
998674,0.0069206688
998675,0.0137365
998676,0.0061480352
998677,0.015197754
998678,0.012339154
998679,0.01008947
998680,0.026989028
998681,0.026165688
998682,0.0091215242
998683,0.0082842661
998684,0.012943761
998685,0.0070477654
998686,0.013006951
998687,0.010591395
998688,0.019164171
998689,0.0064065559
998690,0.013770968
998691,0.0072581572
998692,0.017178884
998693,0.012757066
998694,0.019302411
998695,0.0075022979
998696,0.0070298137
998697,0.0082849842
998698,0.032279547
998699,0.0078505576
998700,0.0070010913
998701,0.01727654
998702,0.010930319
998703,0.019842889
998704,0.018651959
998705,0.01044491
998706,0.010600012
998707,0.010576315
998708,0.029305981
998709,0.0089269299
998710,0.010806813
998711,0.023324545
998712,0.010492302
998713,0.0089678597
998714,0.016855039
998715,0.0069163605
998716,0.0060195024
998717,0.010504509
998718,0.0071231616
998719,0.017239919
998720,0.018352194
998721,0.01389591
998722,0.0071559041
998723,0.020362046
998724,0.0099516027
998725,0.020132266
998726,0.0072150733
998727,0.0071612191
998728,0.010646685
998729,0.0021128382
998730,0.013214482
998731,0.0073802276
998732,0.010661765
998733,0.013159832
998734,0.0073795095
998735,0.0084228516
998736,0.0084795784
998737,0.017025217
998738,0.039447382
998739,0.0072215362
998740,0.0068021887
998741,0.030274874
998742,0.020563103
998743,0.0072954963
998744,0.033957805
998745,0.010622271
998746,0.0080781821
998747,0.013786765
998748,0.017463954
998749,0.0070578181
998750,0.013667567
998751,0.0075597428
998752,0.013125794
998753,0.010279756
998754,0.01741728
998755,0.01008229
998756,0.017496984
998757,0.0072043026
998758,0.017440258
998759,0.0080889538
998760,0.0063167796
998761,0.010302017
998762,0.025783405
998763,0.033680636
998764,0.0076150335
998765,0.009679094
998766,0.010397518
998767,0.013926786
998768,0.024154512
998769,0.019503616
998770,0.0084415209
998771,0.020569567
998772,0.0091911769
998773,0.012654488
998774,0.0061208834
998775,0.01051528
998776,0.015386604
998777,0.0082993452
998778,0.0071102367
998779,0.0075733857
998780,0.010435576
998781,0.0086971503
998782,0.02330035
998783,0.007481474
998784,0.0072631836
998785,0.0080810543
998786,0.024616556
998787,0.0171875
998788,0.0065372242
998789,0.011224724
998790,0.020378562
998791,0.0066564223
998792,0.0012734844
998793,0.039533548
998794,0.0068660961
998795,0.010856359
998796,0.010216567
998797,0.0073874081
998798,0.01764706
998799,0.01084128
998800,0.0055750231
998801,0.014047421
998802,0.0073249368
998803,0.011539953
998804,0.010378849
998805,0.0052173394
998806,0.0065435614
998807,0.0056913486
998808,0.01060432
998809,0.0077191521
998810,0.0072244084
998811,0.010213695
998812,0.014135025
998813,0.014006491
998814,0.017280849
998815,0.016130514
998816,0.0071712718
998817,0.010960478
998818,0.0062866211
998819,0.028644219
998820,0.0074441349
998821,0.0072301528
998822,0.010869147
998823,0.011067469
998824,0.0095660044
998825,0.0096533233
998826,0.010595703
998827,0.0074412627
998828,0.010887953
998829,0.019354163
998830,0.021798886
998831,0.0067160213
998832,0.0071949679
998833,0.019910386
998834,0.017865349
998835,0.0071691177
998836,0.02063491
998837,0.027377499
998838,0.010716338
998839,0.0064165397
998840,0.0071820426
998841,0.037461225
998842,0.01060791
998843,0.039200369
998844,0.0072114831
998845,0.0074556237
998846,0.023794375
998847,0.00736443
998848,0.010852051
998849,0.0074419808
998850,0.0061927768
998851,0.010673254
998852,0.024510534
998853,0.03555312
998854,0.039413631
998855,0.0076652975
998856,0.0070829503
998857,0.010601448
998858,0.013920324
998859,0.010026281
998860,0.018027632
998861,0.010279856
998862,0.039590992
998863,0.013953355
998864,0.013803998
998865,0.033919748
998866,0.010368078
998867,0.0070496858
998868,0.030170921
998869,0.0066775167
998870,0.0091841351
998871,0.037344899
998872,0.013885139
998873,0.030307904
998874,0.0072394875
998875,0.0076688877
998876,0.013908835
998877,0.030388327
998878,0.010627298
998879,0.028670482
998880,0.035174541
998881,0.014120663
998882,0.013902373
998883,0.010605756
998884,0.013784611
998885,0.0070872586
998886,0.010922421
998887,0.018462775
998888,0.016277226
998889,0.017297363
998890,0.024655331
998891,0.010661047
998892,0.010213695
998893,0.0083036534
998894,0.0068510165
998895,0.017439539
998896,0.01044491
998897,0.007255285
998898,0.022589471
998899,0.039671414
998900,0.023655791
998901,0.013855699
998902,0.0074247471
998903,0.0075051701
998904,0.039224781
998905,0.0068969727
998906,0.0075417911
998907,0.0068761487
998908,0.0073084212
998909,0.010498047
998910,0.010391774
998911,0.0061264937
998912,0.0026001313
998913,0.0076401653
998914,0.0094633214
998915,0.011355411
998916,0.027409812
998917,0.013646025
998918,0.0075949277
998919,0.0099530388
998920,0.027471565
998921,0.017744714
998922,0.0069572898
998923,0.014295151
998924,0.010073673
998925,0.0072768265
998926,0.02386331
998927,0.017141543
998928,0.0071526021
998929,0.0069673425
998930,0.017428769
998931,0.0073988969
998932,0.017288029
998933,0.0098972647
998934,0.020388614
998935,0.0059569525
998936,0.030820599
998937,0.0053362828
998938,0.010516716
998939,0.014034496
998940,0.01148897
998941,0.0059448243
998942,0.022178022
998943,0.0069400561
998944,0.013572064
998945,0.020261003
998946,0.010622271
998947,0.0072150733
998948,0.013997156
998949,0.0074570598
998950,0.0073816637
998951,0.019278493
998952,0.01041188
998953,0.0071461396
998954,0.010857077
998955,0.016096704
998956,0.012520165
998957,0.010577751
998958,0.016217524
998959,0.0077959844
998960,0.0088127581
998961,0.0073191924
998962,0.0052238903
998963,0.0072782626
998964,0.014298995
998965,0.0072940602
998966,0.013815487
998967,0.028467515
998968,0.006769876
998969,0.010299144
998970,0.0075367647
998971,0.00951574
998972,0.0068546073
998973,0.013832721
998974,0.017695168
998975,0.014372702
998976,0.014096967
998977,0.0071109547
998978,0.016506726
998979,0.0067325369
998980,0.011125632
998981,0.0071942499
998982,0.0073335534
998983,0.009662224
998984,0.010784553
998985,0.0065436866
998986,0.0074111042
998987,0.014028033
998988,0.0063303299
998989,0.014298742
998990,0.020158118
998991,0.011302275
998992,0.017652804
998993,0.0095631322
998994,0.020496324
998995,0.0087560313
998996,0.0094906073
998997,0.0082261031
998998,0.01029699
998999,0.010535386
999000,0.0093203988
999001,0.0094748102
999002,0.017693015
999003,0.0072524128
999004,0.0069544176
999005,0.010329302
999006,0.009895972
999007,0.011149328
999008,0.014015826
999009,0.033340693
999010,0.039660644
999011,0.0074477252
999012,0.013693416
999013,0.012660429
999014,0.034108598
999015,0.0071942499
999016,0.0074836281
999017,0.010770191
999018,0.0075396369
999019,0.0070276596
999020,0.017388556
999021,0.027809054
999022,0.00696088
999023,0.013875804
999024,0.0092098461
999025,0.0082950369
999026,0.023948042
999027,0.022921214
999028,0.014538259
999029,0.0072954963
999030,0.010555492
999031,0.015536679
999032,0.014191751
999033,0.0080114026
999034,0.010028435
999035,0.010714902
999036,0.0076760687
999037,0.0069953469
999038,0.026063448
999039,0.021254595
999040,0.028598033
999041,0.0071565011
999042,0.010581342
999043,0.0072157914
999044,0.015120204
999045,0.012507899
999046,0.010612937
999047,0.010569853
999048,0.024540441
999049,0.032446288
999050,0.0070980298
999051,0.017012293
999052,0.0070664352
999053,0.017363425
999054,0.011917653
999055,0.035087317
999056,0.039745376
999057,0.010351563
999058,0.0078986669
999059,0.017254997
999060,0.020744773
999061,0.019728351
999062,0.014032342
999063,0.0078699449
999064,0.010536104
999065,0.010256778
999066,0.019577706
999067,0.0071231616
999068,0.010405417
999069,0.007115263
999070,0.017430922
999071,0.010445628
999072,0.0074283374
999073,0.017578125
999074,0.0077292048
999075,0.01388873
999076,0.011563648
999077,0.014023725
999078,0.0071310606
999079,0.025937399
999080,0.0088357367
999081,0.011019359
999082,0.010747932
999083,0.039549343
999084,0.013427016
999085,0.010534668
999086,0.0076056984
999087,0.007467831
999088,0.010712029
999089,0.0079252357
999090,0.0084975297
999091,0.011242676
999092,0.039039522
999093,0.017136518
999094,0.02712187
999095,0.011033002
999096,0.017604694
999097,0.030387608
999098,0.014051011
999099,0.015102969
999100,0.017543659
999101,0.0073816637
999102,0.032116704
999103,0.007797421
999104,0.01037454
999105,0.014293715
999106,0.010340791
999107,0.016062446
999108,0.010615091
999109,0.010642377
999110,0.013134669
999111,0.0062813065
999112,0.010894416
999113,0.0072488226
999114,0.0069213868
999115,0.015567555
999116,0.022909008
999117,0.0057459213
999118,0.012909897
999119,0.0071942499
999120,0.0067820828
999121,0.0063726394
999122,0.012528004
999123,0.020243566
999124,0.011079676
999125,0.00665471
999126,0.0076703238
999127,0.026927993
999128,0.0088120401
999129,0.007210765
999130,0.0093021896
999131,0.0084824506
999132,0.007233025
999133,0.0070147347
999134,0.010468607
999135,0.032842178
999136,0.0074462891
999137,0.010797478
999138,0.025991913
999139,0.020759853
999140,0.0081887636
999141,0.022727555
999142,0.0071281884
999143,0.0071533201
999144,0.0073730471
999145,0.010721364
999146,0.0070542279
999147,0.0072768265
999148,0.013738655
999149,0.0078584561
999150,0.011064596
999151,0.0065372242
999152,0.011061724
999153,0.020738309
999154,0.0056410846
999155,0.023191204
999156,0.0092500579
999157,0.0068941005
999158,0.014200368
999159,0.017591769
999160,0.020351993
999161,0.026505055
999162,0.017660702
999163,0.014182416
999164,0.015722964
999165,0.0071992762
999166,0.010443474
999167,0.031867061
999168,0.0071310606
999169,0.010588522
999170,0.013604377
999171,0.020524206
999172,0.033524815
999173,0.010383157
999174,0.010532514
999175,0.013735064
999176,0.0076997643
999177,0.013834875
999178,0.027107509
999179,0.0072423597
999180,0.013637408
999181,0.019704379
999182,0.0073184744
999183,0.0077715707
999184,0.0067318189
999185,0.036929142
999186,0.017061122
999187,0.011356847
999188,0.013844928
999189,0.0069766776
999190,0.0028994814
999191,0.011606014
999192,0.0063174977
999193,0.020975454
999194,0.012183336
999195,0.011313763
999196,0.0061939913
999197,0.0065870667
999198,0.0072495406
999199,0.017584588
999200,0.0063950485
999201,0.017722456
999202,0.0085449219
999203,0.0073773554
999204,0.0070736157
999205,0.035773065
999206,0.0097659286
999207,0.017081944
999208,0.013589298
999209,0.0071999943
999210,0.016067326
999211,0.0071583469
999212,0.01741728
999213,0.0070606903
999214,0.033050898
999215,0.0075202491
999216,0.013798254
999217,0.012092141
999218,0.0079216454
999219,0.0071971221
999220,0.010714902
999221,0.017063275
999222,0.010755112
999223,0.0076193418
999224,0.0071210074
999225,0.014028751
999226,0.0070657171
999227,0.010543285
999228,0.039544318
999229,0.0063452609
999230,0.013258272
999231,0.010260369
999232,0.010826918
999233,0.01546559
999234,0.0024384505
999235,0.036611643
999236,0.007371611
999237,0.010428395
999238,0.016962746
999239,0.0073385797
999240,0.0070104264
999241,0.039912682
999242,0.0073184744
999243,0.0077105355
999244,0.01159668
999245,0.020743337
999246,0.0060597141
999247,0.0071827606
999248,0.039418656
999249,0.0072768265
999250,0.010638786
999251,0.013836311
999252,0.010689051
999253,0.0070657171
999254,0.0017765656
999255,0.0065873242
999256,0.0086224722
999257,0.00736443
999258,0.022753179
999259,0.010515998
999260,0.012938848
999261,0.012097886
999262,0.010237391
999263,0.0070132986
999264,0.0073105758
999265,0.014316694
999266,0.0083129881
999267,0.0062633641
999268,0.0099932505
999269,0.0053487951
999270,0.0071533201
999271,0.0071131089
999272,0.010492302
999273,0.0062392289
999274,0.0096694045
999275,0.02432215
999276,0.007313448
999277,0.0069551356
999278,0.029569738
999279,0.023259038
999280,0.010602166
999281,0.030478084
999282,0.0076344209
999283,0.018566895
999284,0.0069867303
999285,0.0097979745
999286,0.010615091
999287,0.010636632
999288,0.010413316
999289,0.011037311
999290,0.0074922452
999291,0.0072674919
999292,0.0081341909
999293,0.013970588
999294,0.0070542279
999295,0.0073213466
999296,0.0062348195
999297,0.0012186451
999298,0.007313448
999299,0.036718749
999300,0.017309571
999301,0.013821949
999302,0.013631663
999303,0.0075310203
999304,0.01750919
999305,0.01152272
999306,0.0087560313
999307,0.010557646
999308,0.0077794692
999309,0.010638786
999310,0.0071605011
999311,0.025517004
999312,0.011350385
999313,0.01403306
999314,0.0072739543
999315,0.013600653
999316,0.010752958
999317,0.014157284
999318,0.039528523
999319,0.0097864
999320,0.0089642694
999321,0.023614861
999322,0.01051169
999323,0.022684477
999324,0.010247444
999325,0.016934743
999326,0.010581342
999327,0.013347757
999328,0.0070089903
999329,0.0069422103
999330,0.016610678
999331,0.021804631
999332,0.010409008
999333,0.010588522
999334,0.0072043026
999335,0.0071382411
999336,0.010565544
999337,0.0064245849
999338,0.010948989
999339,0.013430607
999340,0.019577924
999341,0.0030032888
999342,0.02060475
999343,0.014720243
999344,0.0086253444
999345,0.027481617
999346,0.026910041
999347,0.013261144
999348,0.0065835821
999349,0.025161564
999350,0.0071238796
999351,0.0073184744
999352,0.0094834268
999353,0.0072423597
999354,0.0076209488
999355,0.01269307
999356,0.0075008618
999357,0.0072488226
999358,0.0073349895
999359,0.019417796
999360,0.017344037
999361,0.027619485
999362,0.024025591
999363,0.007136805
999364,0.010305607
999365,0.023770681
999366,0.0072122011
999367,0.0072667738
999368,0.010443474
999369,0.0088809747
999370,0.0071705538
999371,0.01389591
999372,0.0064162216
999373,0.0057940315
999374,0.021914493
999375,0.0073299631
999376,0.011155791
999377,0.023854693
999378,0.0073220646
999379,0.020438878
999380,0.0061860927
999381,0.0070312498
999382,0.0075288662
999383,0.016291359
999384,0.0073299631
999385,0.01576574
999386,0.013862879
999387,0.032705508
999388,0.0075346106
999389,0.0068014706
999390,0.007372329
999391,0.0073658661
999392,0.01718032
999393,0.0099573471
999394,0.0072265626
999395,0.0019282878
999396,0.010403981
999397,0.0072531309
999398,0.0069874483
999399,0.0074297735
999400,0.010685461
999401,0.006615493
999402,0.020944394
999403,0.022850845
999404,0.014079734
999405,0.019519379
999406,0.0075066062
999407,0.0075482535
999408,0.0078247068
999409,0.023619886
999410,0.015683163
999411,0.016926127
999412,0.027441407
999413,0.0062556188
999414,0.0067012203
999415,0.014855239
999416,0.0070176069
999417,0.0062521682
999418,0.0069221049
999419,0.020672249
999420,0.017872529
999421,0.010664637
999422,0.006685379
999423,0.034039665
999424,0.010969095
999425,0.010855641
999426,0.0018109392
999427,0.0061379825
999428,0.039389934
999429,0.033755314
999430,0.010409008
999431,0.0085521024
999432,0.0083180144
999433,0.013706342
999434,0.02194537
999435,0.0078189624
999436,0.017148007
999437,0.0096848942
999438,0.011091165
999439,0.020709587
999440,0.020358456
999441,0.0078189624
999442,0.013809742
999443,0.011001407
999444,0.0072495406
999445,0.0076408833
999446,0.027326517
999447,0.017368451
999448,0.0087459786
999449,0.013951201
999450,0.035656855
999451,0.013383411
999452,0.020518061
999453,0.013856417
999454,0.008165068
999455,0.011015768
999456,0.014174517
999457,0.010790298
999458,0.007541073
999459,0.010643813
999460,0.01312831
999461,0.0067792106
999462,0.0072725182
999463,0.0070362766
999464,0.023085263
999465,0.019450827
999466,0.010526769
999467,0.012811844
999468,0.0071461396
999469,0.0072043026
999470,0.030032169
999471,0.0072516948
999472,0.0086138556
999473,0.0073515051
999474,0.0071999943
999475,0.0097907567
999476,0.0072962143
999477,0.014073989
999478,0.039559398
999479,0.0030621458
999480,0.0079029752
999481,0.0072409236
999482,0.017205451
999483,0.033367135
999484,0.017280849
999485,0.0070362766
999486,0.0071310606
999487,0.024949018
999488,0.014119945
999489,0.0064335479
999490,0.023967428
999491,0.007100902
999492,0.032225754
999493,0.010664637
999494,0.010373104
999495,0.010474351
999496,0.016993023
999497,0.0063555548
999498,0.012889054
999499,0.0080149928
999500,0.0074240291
999501,0.013809742
999502,0.010477941
999503,0.010493021
999504,0.0072610294
999505,0.0069529815
999506,0.010688333
999507,0.02018684
999508,0.028367704
999509,0.01437342
999510,0.0088802557
999511,0.031018067
999512,0.027370319
999513,0.0084277466
999514,0.033819221
999515,0.013816205
999516,0.013813333
999517,0.013438972
999518,0.0074103861
999519,0.010594267
999520,0.010780963
999521,0.011753217
999522,0.0072308709
999523,0.0063469382
999524,0.013972024
999525,0.0066427793
999526,0.012752757
999527,0.013819795
999528,0.0094508007
999529,0.0094547691
999530,0.01060073
999531,0.0074699852
999532,0.017225558
999533,0.010447064
999534,0.01750919
999535,0.0072904699
999536,0.0039821872
999537,0.0071849148
999538,0.0068739946
999539,0.0072143553
999540,0.0073077031
999541,0.0070807962
999542,0.010546875
999543,0.019449916
999544,0.0074175666
999545,0.038702033
999546,0.010517434
999547,0.0084537286
999548,0.033995863
999549,0.0075604608
999550,0.017489804
999551,0.014277918
999552,0.0071037742
999553,0.033218075
999554,0.0070348405
999555,0.012704358
999556,0.010370232
999557,0.007019761
999558,0.0067002242
999559,0.014288689
999560,0.0075066062
999561,0.0099379597
999562,0.007255285
999563,0.0061557954
999564,0.016928999
999565,0.019528488
999566,0.01634006
999567,0.026650822
999568,0.0090202782
999569,0.0080702836
999570,0.0073069851
999571,0.0074699852
999572,0.033136584
999573,0.014214011
999574,0.016137883
999575,0.010413616
999576,0.0064254124
999577,0.02054587
999578,0.0090303309
999579,0.0093081547
999580,0.01391458
999581,0.01496223
999582,0.010482968
999583,0.010827636
999584,0.017496265
999585,0.010528924
999586,0.0083079617
999587,0.0069170785
999588,0.006519991
999589,0.0059794565
999590,0.0071633733
999591,0.017026654
999592,0.0075367647
999593,0.017370606
999594,0.027016314
999595,0.0075022979
999596,0.0025286046
999597,0.010303453
999598,0.0067196116
999599,0.011923636
999600,0.0105081
999601,0.017880429
999602,0.007827579
999603,0.015992647
999604,0.0088500977
999605,0.0073242188
999606,0.016880887
999607,0.014179544
999608,0.018039837
999609,0.019432157
999610,0.010855641
999611,0.024368107
999612,0.013660386
999613,0.039911967
999614,0.0188017
999615,0.017334703
999616,0.008165068
999617,0.010404699
999618,0.0070915669
999619,0.017130774
999620,0.03883272
999621,0.0069213868
999622,0.010368796
999623,0.011086857
999624,0.013383601
999625,0.0096866386
999626,0.026153388
999627,0.019980038
999628,0.0065644686
999629,0.014063936
999630,0.0072832895
999631,0.010365206
999632,0.010431267
999633,0.010510254
999634,0.013903809
999635,0.0073945886
999636,0.018536067
999637,0.015027573
999638,0.0059685204
999639,0.010298426
999640,0.0071238796
999641,0.0068273209
999642,0.014292279
999643,0.0068380916
999644,0.0072789812
999645,0.032988425
999646,0.011320226
999647,0.0076495004
999648,0.0072617475
999649,0.010365206
999650,0.010798914
999651,0.010612219
999652,0.0078598922
999653,0.00646111
999654,0.0070427391
999655,0.017542223
999656,0.016982134
999657,0.0072875977
999658,0.0074836281
999659,0.0074333642
999660,0.025483189
999661,0.023489606
999662,0.039892577
999663,0.010456399
999664,0.0076430375
999665,0.010648839
999666,0.011226879
999667,0.0023493674
999668,0.01761331
999669,0.015683517
999670,0.007004682
999671,0.011776195
999672,0.0063890116
999673,0.0069996552
999674,0.030910358
999675,0.010244572
999676,0.014252787
999677,0.027033547
999678,0.0072380514
999679,0.009541912
999680,0.0074060778
999681,0.0094773313
999682,0.0075087603
999683,0.0071806065
999684,0.010496611
999685,0.0071849148
999686,0.0088948859
999687,0.0072035845
999688,0.009237132
999689,0.038694851
999690,0.014282227
999691,0.025772681
999692,0.010624425
999693,0.013567756
999694,0.013821949
999695,0.020560231
999696,0.0020125264
999697,0.0073543773
999698,0.014343262
999699,0.012418859
999700,0.010066492
999701,0.010234519
999702,0.013230247
999703,0.010307761
999704,0.024009794
999705,0.039234836
999706,0.0060187844
999707,0.01934447
999708,0.010577751
999709,0.0072976504
999710,0.0076889936
999711,0.010712029
999712,0.017377067
999713,0.0065730773
999714,0.014377729
999715,0.0068969727
999716,0.0070958757
999717,0.01997504
999718,0.007077924
999719,0.0022333779
999720,0.0065946691
999721,0.007196404
999722,0.010653866
999723,0.0082713338
999724,0.013848518
999725,0.012185361
999726,0.025420066
999727,0.0069522634
999728,0.0070477654
999729,0.010772346
999730,0.020312499
999731,0.0071748621
999732,0.0070312498
999733,0.011260627
999734,0.0069702147
999735,0.010550465
999736,0.0061121322
999737,0.0063943304
999738,0.0076286765
999739,0.012970019
999740,0.0073306812
999741,0.0070657171
999742,0.038775276
999743,0.013556985
999744,0.01041547
999745,0.01090447
999746,0.0074405447
999747,0.0084163891
999748,0.028435396
999749,0.0083984379
999750,0.029740173
999751,0.0047455365
999752,0.009155361
999753,0.007033404
999754,0.016716791
999755,0.02594425
999756,0.016255239
999757,0.0061853747
999758,0.0072035845
999759,0.01070772
999760,0.010593549
999761,0.0072954963
999762,0.0070463293
999763,0.0068158316
999764,0.010468607
999765,0.0079618562
999766,0.0077514648
999767,0.0072979331
999768,0.032722007
999769,0.01051528
999770,0.015112305
999771,0.03171315
999772,0.0080997245
999773,0.025733432
999774,0.010365924
999775,0.0077812318
999776,0.0075726677
999777,0.0065146969
999778,0.0070039639
999779,0.0072165094
999780,0.01741728
999781,0.0072560031
999782,0.011068905
999783,0.0066183652
999784,0.017611874
999785,0.0075726677
999786,0.0056956573
999787,0.016908174
999788,0.006314165
999789,0.0070793601
999790,0.0070535098
999791,0.010792452
999792,0.0063648899
999793,0.013723576
999794,0.0073213466
999795,0.0072351792
999796,0.0072236904
999797,0.010284783
999798,0.0068660961
999799,0.017270794
999800,0.01058565
999801,0.034249339
999802,0.0072538489
999803,0.013019547
999804,0.0077397125
999805,0.0072617475
999806,0.0070772059
999807,0.0073170383
999808,0.030399816
999809,0.03676255
999810,0.0070118625
999811,0.0096388916
999812,0.013595043
999813,0.010663201
999814,0.010502355
999815,0.019406479
999816,0.0075008618
999817,0.012244064
999818,0.0060116039
999819,0.006365608
999820,0.0073098578
999821,0.010414752
999822,0.03072438
999823,0.027550552
999824,0.0073759193
999825,0.01372932
999826,0.010294118
999827,0.0070010913
999828,0.0071648094
999829,0.0091646081
999830,0.0065770503
999831,0.0073464788
999832,0.039430149
999833,0.0071691177
999834,0.008707922
999835,0.0066323359
999836,0.0073752012
999837,0.017104205
999838,0.020885512
999839,0.0072380514
999840,0.017425178
999841,0.0072035845
999842,0.0096054971
999843,0.0063937865
999844,0.00743121
999845,0.029388787
999846,0.0056970934
999847,0.025945758
999848,0.010409726
999849,0.0069939108
999850,0.0077134077
999851,0.0075870291
999852,0.0067217657
999853,0.0073098578
999854,0.010766601
999855,0.013228453
999856,0.0071702679
999857,0.017596794
999858,0.0095236385
999859,0.011661305
999860,0.0099264709
999861,0.017308135
999862,0.022856412
999863,0.0073443246
999864,0.011453786
999865,0.016988598
999866,0.0070125805
999867,0.0096416809
999868,0.0072660558
999869,0.007004682
999870,0.0072078928
999871,0.0071942499
999872,0.0065329159
999873,0.0072653377
999874,0.016914638
999875,0.0075080423
999876,0.0096825678
999877,0.0080372533
999878,0.013036522
999879,0.013430607
999880,0.022944024
999881,0.012487949
999882,0.0088964868
999883,0.008987247
999884,0.010146197
999885,0.0362477
999886,0.0069493088
999887,0.0055980007
999888,0.0024176021
999889,0.0086626839
999890,0.014073989
999891,0.0074154125
999892,0.0077823414
999893,0.0076796589
999894,0.010430549
999895,0.017822266
999896,0.010882927
999897,0.0067003835
999898,0.029244713
999899,0.017456774
999900,0.017383531
999901,0.0072445138
999902,0.036940631
999903,0.036502238
999904,0.039617561
999905,0.011741728
999906,0.029291103
999907,0.011105526
999908,0.023517923
999909,0.0072373333
999910,0.0370785
999911,0.014177389
999912,0.010735007
999913,0.0067454618
999914,0.0072631836
999915,0.0071705538
999916,0.0070980298
999917,0.0394402
999918,0.0010956752
999919,0.0073802276
999920,0.007004682
999921,0.019668832
999922,0.0079618562
999923,0.027726477
999924,0.034133732
999925,0.0071454216
999926,0.0070226332
999927,0.013747271
999928,0.0064258175
999929,0.019226404
999930,0.019569496
999931,0.010664637
999932,0.0070879767
999933,0.010577751
999934,0.010640941
999935,0.01020795
999936,0.0062435376
999937,0.0071698357
999938,0.0071849148
999939,0.010661765
999940,0.0094496841
999941,0.032119807
999942,0.014038804
999943,0.0059570312
999944,0.0072150733
999945,0.0070183249
999946,0.006473456
999947,0.027607996
999948,0.008223231
999949,0.022978514
999950,0.020675121
999951,0.0065606665
999952,0.014045984
999953,0.0066636028
999954,0.0075482535
999955,0.013838465
999956,0.013791791
999957,0.030175781
999958,0.0071899416
999959,0.01128935
999960,0.0066168848
999961,0.0021916521
999962,0.0019888156
999963,0.022576544
999964,0.011169434
999965,0.011371926
999966,0.015997546
999967,0.0021394603
999968,0.0087251551
999969,0.0081891883
999970,0.0071159811
999971,0.023634249
999972,0.006982422
999973,0.010434858
999974,0.0070958757
999975,0.010203642
999976,0.0075834384
999977,0.014407169
999978,0.030647548
999979,0.020691637
999980,0.014269302
999981,0.0074132583
999982,0.009296013
999983,0.039265711
999984,0.0083187325
999985,0.010823328
999986,0.037316177
999987,0.011233341
999988,0.0075173769
999989,0.0085937502
999990,0.022789761
999991,0.0088127581
999992,0.007151884
999993,0.010332175
999994,0.013801126
999995,0.010362334
999996,0.0041137999
999997,0.0061759716
999998,0.011478918
999999,0.0072732363
