LECROYHDO6104B,11090,Waveform
Segments,1,SegmentSize,11132
Segment,TrigTime,TimeSinceSegment1
#1,04-May-2026 18:45:31,0                 
Time,Ampl
988868,0.030272719
988869,0.0071490118
988870,0.021110984
988871,0.039267149
988872,0.0094460882
988873,0.010425523
988874,0.0061626802
988875,0.0074190027
988876,0.015207807
988877,0.0070958757
988878,0.0096567292
988879,0.0073048309
988880,0.020425236
988881,0.0077134077
988882,0.011580883
988883,0.007033404
988884,0.0075970818
988885,0.0073249368
988886,0.016869534
988887,0.027171416
988888,0.0072703641
988889,0.0072840075
988890,0.012857358
988891,0.025857229
988892,0.0074333642
988893,0.0074886545
988894,0.024521053
988895,0.013730038
988896,0.0072337431
988897,0.0077155619
988898,0.017547349
988899,0.017291619
988900,0.013832721
988901,0.018152574
988902,0.017226275
988903,0.0073953066
988904,0.013845646
988905,0.010327866
988906,0.0072380514
988907,0.019755285
988908,0.010601448
988909,0.020381434
988910,0.0071841967
988911,0.010581342
988912,0.020409439
988913,0.010260369
988914,0.0071949679
988915,0.01391458
988916,0.0023248421
988917,0.0068215765
988918,0.0043017659
988919,0.010665355
988920,0.010615809
988921,0.006960162
988922,0.017304543
988923,0.011243394
988924,0.0098632816
988925,0.0061566504
988926,0.020226333
988927,0.0095430259
988928,0.0070973118
988929,0.017217658
988930,0.0068502985
988931,0.0075159408
988932,0.0069637522
988933,0.010493021
988934,0.0071712718
988935,0.013267743
988936,0.03136402
988937,0.010743624
988938,0.0071942499
988939,0.0075310203
988940,0.011086857
988941,0.016626695
988942,0.018032657
988943,0.0097677791
988944,0.0070427391
988945,0.0073795095
988946,0.0068474263
988947,0.014142923
988948,0.013147563
988949,0.0071066464
988950,0.010640941
988951,0.010735007
988952,0.0064285179
988953,0.022894606
988954,0.0097519821
988955,0.010281192
988956,0.010249598
988957,0.0072567211
988958,0.014309512
988959,0.0068517351
988960,0.0070815142
988961,0.0062749675
988962,0.0074462891
988963,0.039453126
988964,0.0098704621
988965,0.016295319
988966,0.007349351
988967,0.014028033
988968,0.017589614
988969,0.030358266
988970,0.009429751
988971,0.01892449
988972,0.0063878666
988973,0.0027698637
988974,0.013579963
988975,0.0071131089
988976,0.0070448932
988977,0.016309587
988978,0.0158515
988979,0.01079711
988980,0.010447782
988981,0.039430149
988982,0.019419834
988983,0.016704964
988984,0.013397057
988985,0.01428079
988986,0.014435174
988987,0.024360927
988988,0.0078512756
988989,0.01567311
988990,0.011517959
988991,0.0076746321
988992,0.0073874081
988993,0.033559281
988994,0.014164465
988995,0.01043773
988996,0.0075834384
988997,0.020909926
988998,0.016964901
988999,0.0097766789
989000,0.013752297
989001,0.019456957
989002,0.00736443
989003,0.013924632
989004,0.0030316128
989005,0.014423684
989006,0.0095257927
989007,0.01051887
989008,0.037415989
989009,0.027529728
989010,0.0054974724
989011,0.005682359
989012,0.0092754178
989013,0.0040893122
989014,0.0063967453
989015,0.011229751
989016,0.013453584
989017,0.010007611
989018,0.0056870403
989019,0.010641659
989020,0.024152689
989021,0.016842831
989022,0.0046515907
989023,0.012985023
989024,0.0065142633
989025,0.010386029
989026,0.010387465
989027,0.013876522
989028,0.011261346
989029,0.0022684061
989030,0.010512408
989031,0.007349351
989032,0.010471479
989033,0.0065006032
989034,0.031907745
989035,0.013565602
989036,0.013791791
989037,0.0071131089
989038,0.017137911
989039,0.015758201
989040,0.0017778302
989041,0.010684743
989042,0.015555487
989043,0.0097720874
989044,0.0095085595
989045,0.010516716
989046,0.0072954963
989047,0.0073227827
989048,0.006512092
989049,0.010719928
989050,0.021026971
989051,0.014771944
989052,0.019120026
989053,0.0073206285
989054,0.010294118
989055,0.016534379
989056,0.024724266
989057,0.014756147
989058,0.039838005
989059,0.0070513557
989060,0.015350125
989061,0.01476899
989062,0.0075475355
989063,0.010638786
989064,0.0069443649
989065,0.010577751
989066,0.0059555951
989067,0.0097738728
989068,0.014422966
989069,0.0097103342
989070,0.0073191924
989071,0.03756319
989072,0.015556066
989073,0.025039399
989074,0.013809742
989075,0.007599236
989076,0.0095840981
989077,0.014057473
989078,0.012962045
989079,0.01404383
989080,0.010598576
989081,0.010284064
989082,0.0066453936
989083,0.036848001
989084,0.010664637
989085,0.010880055
989086,0.019827945
989087,0.016381113
989088,0.0096781496
989089,0.023394417
989090,0.032596387
989091,0.0065442547
989092,0.0072782626
989093,0.006471158
989094,0.010764447
989095,0.015864832
989096,0.0073299631
989097,0.024594296
989098,0.0068933824
989099,0.0072825714
989100,0.0095684528
989101,0.009379915
989102,0.011339614
989103,0.013894474
989104,0.0091672614
989105,0.030399816
989106,0.00731273
989107,0.030376839
989108,0.013363341
989109,0.01024529
989110,0.0071691177
989111,0.0076573989
989112,0.0062399469
989113,0.0070858225
989114,0.0071971221
989115,0.0072157914
989116,0.0089448821
989117,0.017618336
989118,0.025087066
989119,0.010862104
989120,0.017658548
989121,0.023055406
989122,0.0095595969
989123,0.010581342
989124,0.0039848848
989125,0.010880773
989126,0.039717373
989127,0.007372329
989128,0.027470129
989129,0.014032342
989130,0.035016853
989131,0.0024641037
989132,0.01385139
989133,0.0076573989
989134,0.014073989
989135,0.0072315889
989136,0.013269761
989137,0.012895965
989138,0.0072373333
989139,0.0070599723
989140,0.038595043
989141,0.013018062
989142,0.0064218142
989143,0.039464615
989144,0.014326747
989145,0.0077715707
989146,0.011167279
989147,0.012594545
989148,0.0072631836
989149,0.0083869481
989150,0.0108262
989151,0.039649874
989152,0.010554774
989153,0.019616824
989154,0.010509536
989155,0.020816579
989156,0.027144128
989157,0.010727108
989158,0.039705884
989159,0.0081234202
989160,0.0075252759
989161,0.0070937211
989162,0.0068962546
989163,0.0073845359
989164,0.0068854839
989165,0.0080896718
989166,0.014524213
989167,0.016256893
989168,0.0070348405
989169,0.0065945177
989170,0.0075712316
989171,0.019175109
989172,0.010670382
989173,0.007526712
989174,0.0022635919
989175,0.026875574
989176,0.027094582
989177,0.0066148294
989178,0.0085994946
989179,0.012895441
989180,0.010582778
989181,0.0072617475
989182,0.020180248
989183,0.014200368
989184,0.0075906194
989185,0.017056813
989186,0.019325001
989187,0.014096967
989188,0.020484835
989189,0.03968434
989190,0.023946606
989191,0.013471536
989192,0.007658117
989193,0.01372932
989194,0.017031681
989195,0.020797908
989196,0.0075618969
989197,0.013997156
989198,0.010659611
989199,0.01183005
989200,0.011700081
989201,0.019338809
989202,0.014039522
989203,0.013833439
989204,0.014707319
989205,0.031671502
989206,0.010572007
989207,0.0071942499
989208,0.0070132986
989209,0.010910932
989210,0.0071482938
989211,0.016908893
989212,0.031159524
989213,0.012411678
989214,0.0074721393
989215,0.007732077
989216,0.03049819
989217,0.0090917852
989218,0.011810662
989219,0.0070054
989220,0.0078239888
989221,0.019267004
989222,0.014188878
989223,0.029872041
989224,0.0069738054
989225,0.031344067
989226,0.020705279
989227,0.02001664
989228,0.0072272806
989229,0.010443474
989230,0.0072538489
989231,0.0080437157
989232,0.0029280651
989233,0.010584932
989234,0.010697667
989235,0.0068215765
989236,0.0071461396
989237,0.031060431
989238,0.0065536802
989239,0.0074017695
989240,0.010666791
989241,0.007137523
989242,0.0069365553
989243,0.010491584
989244,0.0070312498
989245,0.023049029
989246,0.0063000992
989247,0.019915413
989248,0.0074721393
989249,0.030706428
989250,0.010523897
989251,0.01759105
989252,0.033499684
989253,0.010594985
989254,0.0093764365
989255,0.0064934227
989256,0.010678998
989257,0.014338235
989258,0.007210765
989259,0.010592831
989260,0.0063741053
989261,0.011265654
989262,0.0067188265
989263,0.014248477
989264,0.0072064567
989265,0.013943302
989266,0.011921961
989267,0.02030101
989268,0.0080013499
989269,0.010661765
989270,0.0071253157
989271,0.022625187
989272,0.010394646
989273,0.0072897519
989274,0.007350069
989275,0.0018454376
989276,0.013754452
989277,0.010569853
989278,0.0084673716
989279,0.011702497
989280,0.010850033
989281,0.018360093
989282,0.020886948
989283,0.0068021887
989284,0.0075985179
989285,0.017873965
989286,0.01449549
989287,0.010154167
989288,0.010294118
989289,0.0073263729
989290,0.010827636
989291,0.0071655274
989292,0.013755888
989293,0.0073895622
989294,0.010496611
989295,0.0096351197
989296,0.030985754
989297,0.010206514
989298,0.015454101
989299,0.016900275
989300,0.014158002
989301,0.039609663
989302,0.0078728171
989303,0.0070872586
989304,0.016501753
989305,0.0072445138
989306,0.0062495377
989307,0.014023007
989308,0.011194565
989309,0.0073026768
989310,0.012160357
989311,0.007254567
989312,0.0098762065
989313,0.0073263729
989314,0.0072969324
989315,0.017273668
989316,0.0097405184
989317,0.014338235
989318,0.014145795
989319,0.013732192
989320,0.0069594439
989321,0.013633817
989322,0.01070772
989323,0.02240108
989324,0.013821231
989325,0.0068546073
989326,0.0059945942
989327,0.016361153
989328,0.030457979
989329,0.013055061
989330,0.02511489
989331,0.0070578181
989332,0.0063311406
989333,0.0071231616
989334,0.0074304915
989335,0.0071490118
989336,0.0076624253
989337,0.0075123506
989338,0.0069924747
989339,0.0075697955
989340,0.017293774
989341,0.0075008618
989342,0.0071411133
989343,0.0071806065
989344,0.0073069851
989345,0.01309856
989346,0.033458754
989347,0.0074218749
989348,0.010357307
989349,0.0072954963
989350,0.015940947
989351,0.0065039485
989352,0.0076351389
989353,0.0076631433
989354,0.023359232
989355,0.013972024
989356,0.010546875
989357,0.0077083814
989358,0.015344956
989359,0.013769049
989360,0.013798972
989361,0.011273553
989362,0.00828283
989363,0.010420497
989364,0.017145135
989365,0.010476505
989366,0.0067059686
989367,0.019064091
989368,0.015347573
989369,0.013699161
989370,0.0072351792
989371,0.01060432
989372,0.0009307884
989373,0.006049661
989374,0.0072265626
989375,0.013064449
989376,0.0068538892
989377,0.0073881261
989378,0.0065350723
989379,0.010342227
989380,0.0073041129
989381,0.0093455594
989382,0.014131434
989383,0.013775276
989384,0.031680837
989385,0.010543285
989386,0.02364861
989387,0.011468299
989388,0.01188534
989389,0.0069996552
989390,0.019210266
989391,0.010414752
989392,0.0067361272
989393,0.0073335534
989394,0.0075022979
989395,0.0069307215
989396,0.0071999943
989397,0.009592968
989398,0.014445227
989399,0.010976993
989400,0.023909984
989401,0.0068617878
989402,0.0073482925
989403,0.007100902
989404,0.020020967
989405,0.0073177563
989406,0.0070161708
989407,0.022325359
989408,0.0085047102
989409,0.0026926422
989410,0.0070728976
989411,0.0090805953
989412,0.017210478
989413,0.010560518
989414,0.0072122011
989415,0.026173202
989416,0.0069113337
989417,0.007328527
989418,0.026922248
989419,0.033153459
989420,0.03095416
989421,0.013264016
989422,0.017178884
989423,0.011041619
989424,0.01013758
989425,0.03708123
989426,0.0069536995
989427,0.010171995
989428,0.038706344
989429,0.0069536995
989430,0.010381003
989431,0.014103429
989432,0.017440258
989433,0.0077593634
989434,0.007247386
989435,0.0096047791
989436,0.0080386894
989437,0.013669003
989438,0.010607192
989439,0.0076408833
989440,0.010462143
989441,0.0075224033
989442,0.0077895219
989443,0.031225212
989444,0.026711857
989445,0.035032026
989446,0.03360524
989447,0.0076021082
989448,0.01789978
989449,0.0078455312
989450,0.0072495406
989451,0.0065649967
989452,0.0061494717
989453,0.027148437
989454,0.01058206
989455,0.020094281
989456,0.010785989
989457,0.0070499196
989458,0.005727252
989459,0.0093824659
989460,0.010112623
989461,0.039809283
989462,0.020912798
989463,0.012737824
989464,0.0079288259
989465,0.0071044923
989466,0.0096385162
989467,0.0071619372
989468,0.01647936
989469,0.0066009667
989470,0.033829495
989471,0.039866727
989472,0.028837316
989473,0.017332548
989474,0.0075669233
989475,0.0094054379
989476,0.020226499
989477,0.014039522
989478,0.0072954963
989479,0.0071231616
989480,0.010105268
989481,0.0065336027
989482,0.014124253
989483,0.0105081
989484,0.020303166
989485,0.007621496
989486,0.0079245176
989487,0.0074204388
989488,0.0062794406
989489,0.03043141
989490,0.0073622759
989491,0.0072251265
989492,0.007173426
989493,0.0078534298
989494,0.016900275
989495,0.0073673022
989496,0.0087072039
989497,0.0139591
989498,0.0072265626
989499,0.022983685
989500,0.007291188
989501,0.0067237047
989502,0.0071253157
989503,0.036967918
989504,0.013311407
989505,0.0070807962
989506,0.0084667262
989507,0.011468147
989508,0.0075166589
989509,0.007218664
989510,0.010562672
989511,0.010420497
989512,0.010126092
989513,0.019731987
989514,0.013686236
989515,0.02294491
989516,0.013277394
989517,0.013759478
989518,0.010002874
989519,0.01391817
989520,0.0073357075
989521,0.017061122
989522,0.0065005478
989523,0.016957721
989524,0.022598805
989525,0.014058909
989526,0.0074563418
989527,0.0072739543
989528,0.0073270909
989529,0.0072825714
989530,0.010539695
989531,0.0069206688
989532,0.0137365
989533,0.0061480352
989534,0.015197754
989535,0.012339154
989536,0.01008947
989537,0.026989028
989538,0.026165688
989539,0.0091215242
989540,0.0082842661
989541,0.012943761
989542,0.0070477654
989543,0.013006951
989544,0.010591395
989545,0.019164171
989546,0.0064065559
989547,0.013770968
989548,0.0072581572
989549,0.017178884
989550,0.012757066
989551,0.019302411
989552,0.0075022979
989553,0.0070298137
989554,0.0082849842
989555,0.032279547
989556,0.0078505576
989557,0.0070010913
989558,0.01727654
989559,0.010930319
989560,0.019842889
989561,0.018651959
989562,0.01044491
989563,0.010600012
989564,0.010576315
989565,0.029305981
989566,0.0089269299
989567,0.010806813
989568,0.023324545
989569,0.010492302
989570,0.0089678597
989571,0.016855039
989572,0.0069163605
989573,0.0060195024
989574,0.010504509
989575,0.0071231616
989576,0.017239919
989577,0.018352194
989578,0.01389591
989579,0.0071559041
989580,0.020362046
989581,0.0099516027
989582,0.020132266
989583,0.0072150733
989584,0.0071612191
989585,0.010646685
989586,0.0021128382
989587,0.013214482
989588,0.0073802276
989589,0.010661765
989590,0.013159832
989591,0.0073795095
989592,0.0084228516
989593,0.0084795784
989594,0.017025217
989595,0.039447382
989596,0.0072215362
989597,0.0068021887
989598,0.030274874
989599,0.020563103
989600,0.0072954963
989601,0.033957805
989602,0.010622271
989603,0.0080781821
989604,0.013786765
989605,0.017463954
989606,0.0070578181
989607,0.013667567
989608,0.0075597428
989609,0.013125794
989610,0.010279756
989611,0.01741728
989612,0.01008229
989613,0.017496984
989614,0.0072043026
989615,0.017440258
989616,0.0080889538
989617,0.0063167796
989618,0.010302017
989619,0.025783405
989620,0.033680636
989621,0.0076150335
989622,0.009679094
989623,0.010397518
989624,0.013926786
989625,0.024154512
989626,0.019503616
989627,0.0084415209
989628,0.020569567
989629,0.0091911769
989630,0.012654488
989631,0.0061208834
989632,0.01051528
989633,0.015386604
989634,0.0082993452
989635,0.0071102367
989636,0.0075733857
989637,0.010435576
989638,0.0086971503
989639,0.02330035
989640,0.007481474
989641,0.0072631836
989642,0.0080810543
989643,0.024616556
989644,0.0171875
989645,0.0065372242
989646,0.011224724
989647,0.020378562
989648,0.0066564223
989649,0.0012734844
989650,0.039533548
989651,0.0068660961
989652,0.010856359
989653,0.010216567
989654,0.0073874081
989655,0.01764706
989656,0.01084128
989657,0.0055750231
989658,0.014047421
989659,0.0073249368
989660,0.011539953
989661,0.010378849
989662,0.0052173394
989663,0.0065435614
989664,0.0056913486
989665,0.01060432
989666,0.0077191521
989667,0.0072244084
989668,0.010213695
989669,0.014135025
989670,0.014006491
989671,0.017280849
989672,0.016130514
989673,0.0071712718
989674,0.010960478
989675,0.0062866211
989676,0.028644219
989677,0.0074441349
989678,0.0072301528
989679,0.010869147
989680,0.011067469
989681,0.0095660044
989682,0.0096533233
989683,0.010595703
989684,0.0074412627
989685,0.010887953
989686,0.019354163
989687,0.021798886
989688,0.0067160213
989689,0.0071949679
989690,0.019910386
989691,0.017865349
989692,0.0071691177
989693,0.02063491
989694,0.027377499
989695,0.010716338
989696,0.0064165397
989697,0.0071820426
989698,0.037461225
989699,0.01060791
989700,0.039200369
989701,0.0072114831
989702,0.0074556237
989703,0.023794375
989704,0.00736443
989705,0.010852051
989706,0.0074419808
989707,0.0061927768
989708,0.010673254
989709,0.024510534
989710,0.03555312
989711,0.039413631
989712,0.0076652975
989713,0.0070829503
989714,0.010601448
989715,0.013920324
989716,0.010026281
989717,0.018027632
989718,0.010279856
989719,0.039590992
989720,0.013953355
989721,0.013803998
989722,0.033919748
989723,0.010368078
989724,0.0070496858
989725,0.030170921
989726,0.0066775167
989727,0.0091841351
989728,0.037344899
989729,0.013885139
989730,0.030307904
989731,0.0072394875
989732,0.0076688877
989733,0.013908835
989734,0.030388327
989735,0.010627298
989736,0.028670482
989737,0.035174541
989738,0.014120663
989739,0.013902373
989740,0.010605756
989741,0.013784611
989742,0.0070872586
989743,0.010922421
989744,0.018462775
989745,0.016277226
989746,0.017297363
989747,0.024655331
989748,0.010661047
989749,0.010213695
989750,0.0083036534
989751,0.0068510165
989752,0.017439539
989753,0.01044491
989754,0.007255285
989755,0.022589471
989756,0.039671414
989757,0.023655791
989758,0.013855699
989759,0.0074247471
989760,0.0075051701
989761,0.039224781
989762,0.0068969727
989763,0.0075417911
989764,0.0068761487
989765,0.0073084212
989766,0.010498047
989767,0.010391774
989768,0.0061264937
989769,0.0026001313
989770,0.0076401653
989771,0.0094633214
989772,0.011355411
989773,0.027409812
989774,0.013646025
989775,0.0075949277
989776,0.0099530388
989777,0.027471565
989778,0.017744714
989779,0.0069572898
989780,0.014295151
989781,0.010073673
989782,0.0072768265
989783,0.02386331
989784,0.017141543
989785,0.0071526021
989786,0.0069673425
989787,0.017428769
989788,0.0073988969
989789,0.017288029
989790,0.0098972647
989791,0.020388614
989792,0.0059569525
989793,0.030820599
989794,0.0053362828
989795,0.010516716
989796,0.014034496
989797,0.01148897
989798,0.0059448243
989799,0.022178022
989800,0.0069400561
989801,0.013572064
989802,0.020261003
989803,0.010622271
989804,0.0072150733
989805,0.013997156
989806,0.0074570598
989807,0.0073816637
989808,0.019278493
989809,0.01041188
989810,0.0071461396
989811,0.010857077
989812,0.016096704
989813,0.012520165
989814,0.010577751
989815,0.016217524
989816,0.0077959844
989817,0.0088127581
989818,0.0073191924
989819,0.0052238903
989820,0.0072782626
989821,0.014298995
989822,0.0072940602
989823,0.013815487
989824,0.028467515
989825,0.006769876
989826,0.010299144
989827,0.0075367647
989828,0.00951574
989829,0.0068546073
989830,0.013832721
989831,0.017695168
989832,0.014372702
989833,0.014096967
989834,0.0071109547
989835,0.016506726
989836,0.0067325369
989837,0.011125632
989838,0.0071942499
989839,0.0073335534
989840,0.009662224
989841,0.010784553
989842,0.0065436866
989843,0.0074111042
989844,0.014028033
989845,0.0063303299
989846,0.014298742
989847,0.020158118
989848,0.011302275
989849,0.017652804
989850,0.0095631322
989851,0.020496324
989852,0.0087560313
989853,0.0094906073
989854,0.0082261031
989855,0.01029699
989856,0.010535386
989857,0.0093203988
989858,0.0094748102
989859,0.017693015
989860,0.0072524128
989861,0.0069544176
989862,0.010329302
989863,0.009895972
989864,0.011149328
989865,0.014015826
989866,0.033340693
989867,0.039660644
989868,0.0074477252
989869,0.013693416
989870,0.012660429
989871,0.034108598
989872,0.0071942499
989873,0.0074836281
989874,0.010770191
989875,0.0075396369
989876,0.0070276596
989877,0.017388556
989878,0.027809054
989879,0.00696088
989880,0.013875804
989881,0.0092098461
989882,0.0082950369
989883,0.023948042
989884,0.022921214
989885,0.014538259
989886,0.0072954963
989887,0.010555492
989888,0.015536679
989889,0.014191751
989890,0.0080114026
989891,0.010028435
989892,0.010714902
989893,0.0076760687
989894,0.0069953469
989895,0.026063448
989896,0.021254595
989897,0.028598033
989898,0.0071565011
989899,0.010581342
989900,0.0072157914
989901,0.015120204
989902,0.012507899
989903,0.010612937
989904,0.010569853
989905,0.024540441
989906,0.032446288
989907,0.0070980298
989908,0.017012293
989909,0.0070664352
989910,0.017363425
989911,0.011917653
989912,0.035087317
989913,0.039745376
989914,0.010351563
989915,0.0078986669
989916,0.017254997
989917,0.020744773
989918,0.019728351
989919,0.014032342
989920,0.0078699449
989921,0.010536104
989922,0.010256778
989923,0.019577706
989924,0.0071231616
989925,0.010405417
989926,0.007115263
989927,0.017430922
989928,0.010445628
989929,0.0074283374
989930,0.017578125
989931,0.0077292048
989932,0.01388873
989933,0.011563648
989934,0.014023725
989935,0.0071310606
989936,0.025937399
989937,0.0088357367
989938,0.011019359
989939,0.010747932
989940,0.039549343
989941,0.013427016
989942,0.010534668
989943,0.0076056984
989944,0.007467831
989945,0.010712029
989946,0.0079252357
989947,0.0084975297
989948,0.011242676
989949,0.039039522
989950,0.017136518
989951,0.02712187
989952,0.011033002
989953,0.017604694
989954,0.030387608
989955,0.014051011
989956,0.015102969
989957,0.017543659
989958,0.0073816637
989959,0.032116704
989960,0.007797421
989961,0.01037454
989962,0.014293715
989963,0.010340791
989964,0.016062446
989965,0.010615091
989966,0.010642377
989967,0.013134669
989968,0.0062813065
989969,0.010894416
989970,0.0072488226
989971,0.0069213868
989972,0.015567555
989973,0.022909008
989974,0.0057459213
989975,0.012909897
989976,0.0071942499
989977,0.0067820828
989978,0.0063726394
989979,0.012528004
989980,0.020243566
989981,0.011079676
989982,0.00665471
989983,0.0076703238
989984,0.026927993
989985,0.0088120401
989986,0.007210765
989987,0.0093021896
989988,0.0084824506
989989,0.007233025
989990,0.0070147347
989991,0.010468607
989992,0.032842178
989993,0.0074462891
989994,0.010797478
989995,0.025991913
989996,0.020759853
989997,0.0081887636
989998,0.022727555
989999,0.0071281884
990000,0.0071533201
990001,0.0073730471
990002,0.010721364
990003,0.0070542279
990004,0.0072768265
990005,0.013738655
990006,0.0078584561
990007,0.011064596
990008,0.0065372242
990009,0.011061724
990010,0.020738309
990011,0.0056410846
990012,0.023191204
990013,0.0092500579
990014,0.0068941005
990015,0.014200368
990016,0.017591769
990017,0.020351993
990018,0.026505055
990019,0.017660702
990020,0.014182416
990021,0.015722964
990022,0.0071992762
990023,0.010443474
990024,0.031867061
990025,0.0071310606
990026,0.010588522
990027,0.013604377
990028,0.020524206
990029,0.033524815
990030,0.010383157
990031,0.010532514
990032,0.013735064
990033,0.0076997643
990034,0.013834875
990035,0.027107509
990036,0.0072423597
990037,0.013637408
990038,0.019704379
990039,0.0073184744
990040,0.0077715707
990041,0.0067318189
990042,0.036929142
990043,0.017061122
990044,0.011356847
990045,0.013844928
990046,0.0069766776
990047,0.0028994814
990048,0.011606014
990049,0.0063174977
990050,0.020975454
990051,0.012183336
990052,0.011313763
990053,0.0061939913
990054,0.0065870667
990055,0.0072495406
990056,0.017584588
990057,0.0063950485
990058,0.017722456
990059,0.0085449219
990060,0.0073773554
990061,0.0070736157
990062,0.035773065
990063,0.0097659286
990064,0.017081944
990065,0.013589298
990066,0.0071999943
990067,0.016067326
990068,0.0071583469
990069,0.01741728
990070,0.0070606903
990071,0.033050898
990072,0.0075202491
990073,0.013798254
990074,0.012092141
990075,0.0079216454
990076,0.0071971221
990077,0.010714902
990078,0.017063275
990079,0.010755112
990080,0.0076193418
990081,0.0071210074
990082,0.014028751
990083,0.0070657171
990084,0.010543285
990085,0.039544318
990086,0.0063452609
990087,0.013258272
990088,0.010260369
990089,0.010826918
990090,0.01546559
990091,0.0024384505
990092,0.036611643
990093,0.007371611
990094,0.010428395
990095,0.016962746
990096,0.0073385797
990097,0.0070104264
990098,0.039912682
990099,0.0073184744
990100,0.0077105355
990101,0.01159668
990102,0.020743337
990103,0.0060597141
990104,0.0071827606
990105,0.039418656
990106,0.0072768265
990107,0.010638786
990108,0.013836311
990109,0.010689051
990110,0.0070657171
990111,0.0017765656
990112,0.0065873242
990113,0.0086224722
990114,0.00736443
990115,0.022753179
990116,0.010515998
990117,0.012938848
990118,0.012097886
990119,0.010237391
990120,0.0070132986
990121,0.0073105758
990122,0.014316694
990123,0.0083129881
990124,0.0062633641
990125,0.0099932505
990126,0.0053487951
990127,0.0071533201
990128,0.0071131089
990129,0.010492302
990130,0.0062392289
990131,0.0096694045
990132,0.02432215
990133,0.007313448
990134,0.0069551356
990135,0.029569738
990136,0.023259038
990137,0.010602166
990138,0.030478084
990139,0.0076344209
990140,0.018566895
990141,0.0069867303
990142,0.0097979745
990143,0.010615091
990144,0.010636632
990145,0.010413316
990146,0.011037311
990147,0.0074922452
990148,0.0072674919
990149,0.0081341909
990150,0.013970588
990151,0.0070542279
990152,0.0073213466
990153,0.0062348195
990154,0.0012186451
990155,0.007313448
990156,0.036718749
990157,0.017309571
990158,0.013821949
990159,0.013631663
990160,0.0075310203
990161,0.01750919
990162,0.01152272
990163,0.0087560313
990164,0.010557646
990165,0.0077794692
990166,0.010638786
990167,0.0071605011
990168,0.025517004
990169,0.011350385
990170,0.01403306
990171,0.0072739543
990172,0.013600653
990173,0.010752958
990174,0.014157284
990175,0.039528523
990176,0.0097864
990177,0.0089642694
990178,0.023614861
990179,0.01051169
990180,0.022684477
990181,0.010247444
990182,0.016934743
990183,0.010581342
990184,0.013347757
990185,0.0070089903
990186,0.0069422103
990187,0.016610678
990188,0.021804631
990189,0.010409008
990190,0.010588522
990191,0.0072043026
990192,0.0071382411
990193,0.010565544
990194,0.0064245849
990195,0.010948989
990196,0.013430607
990197,0.019577924
990198,0.0030032888
990199,0.02060475
990200,0.014720243
990201,0.0086253444
990202,0.027481617
990203,0.026910041
990204,0.013261144
990205,0.0065835821
990206,0.025161564
990207,0.0071238796
990208,0.0073184744
990209,0.0094834268
990210,0.0072423597
990211,0.0076209488
990212,0.01269307
990213,0.0075008618
990214,0.0072488226
990215,0.0073349895
990216,0.019417796
990217,0.017344037
990218,0.027619485
990219,0.024025591
990220,0.007136805
990221,0.010305607
990222,0.023770681
990223,0.0072122011
990224,0.0072667738
990225,0.010443474
990226,0.0088809747
990227,0.0071705538
990228,0.01389591
990229,0.0064162216
990230,0.0057940315
990231,0.021914493
990232,0.0073299631
990233,0.011155791
990234,0.023854693
990235,0.0073220646
990236,0.020438878
990237,0.0061860927
990238,0.0070312498
990239,0.0075288662
990240,0.016291359
990241,0.0073299631
990242,0.01576574
990243,0.013862879
990244,0.032705508
990245,0.0075346106
990246,0.0068014706
990247,0.007372329
990248,0.0073658661
990249,0.01718032
990250,0.0099573471
990251,0.0072265626
990252,0.0019282878
990253,0.010403981
990254,0.0072531309
990255,0.0069874483
990256,0.0074297735
990257,0.010685461
990258,0.006615493
990259,0.020944394
990260,0.022850845
990261,0.014079734
990262,0.019519379
990263,0.0075066062
990264,0.0075482535
990265,0.0078247068
990266,0.023619886
990267,0.015683163
990268,0.016926127
990269,0.027441407
990270,0.0062556188
990271,0.0067012203
990272,0.014855239
990273,0.0070176069
990274,0.0062521682
990275,0.0069221049
990276,0.020672249
990277,0.017872529
990278,0.010664637
990279,0.006685379
990280,0.034039665
990281,0.010969095
990282,0.010855641
990283,0.0018109392
990284,0.0061379825
990285,0.039389934
990286,0.033755314
990287,0.010409008
990288,0.0085521024
990289,0.0083180144
990290,0.013706342
990291,0.02194537
990292,0.0078189624
990293,0.017148007
990294,0.0096848942
990295,0.011091165
990296,0.020709587
990297,0.020358456
990298,0.0078189624
990299,0.013809742
990300,0.011001407
990301,0.0072495406
990302,0.0076408833
990303,0.027326517
990304,0.017368451
990305,0.0087459786
990306,0.013951201
990307,0.035656855
990308,0.013383411
990309,0.020518061
990310,0.013856417
990311,0.008165068
990312,0.011015768
990313,0.014174517
990314,0.010790298
990315,0.007541073
990316,0.010643813
990317,0.01312831
990318,0.0067792106
990319,0.0072725182
990320,0.0070362766
990321,0.023085263
990322,0.019450827
990323,0.010526769
990324,0.012811844
990325,0.0071461396
990326,0.0072043026
990327,0.030032169
990328,0.0072516948
990329,0.0086138556
990330,0.0073515051
990331,0.0071999943
990332,0.0097907567
990333,0.0072962143
990334,0.014073989
990335,0.039559398
990336,0.0030621458
990337,0.0079029752
990338,0.0072409236
990339,0.017205451
990340,0.033367135
990341,0.017280849
990342,0.0070362766
990343,0.0071310606
990344,0.024949018
990345,0.014119945
990346,0.0064335479
990347,0.023967428
990348,0.007100902
990349,0.032225754
990350,0.010664637
990351,0.010373104
990352,0.010474351
990353,0.016993023
990354,0.0063555548
990355,0.012889054
990356,0.0080149928
990357,0.0074240291
990358,0.013809742
990359,0.010477941
990360,0.010493021
990361,0.0072610294
990362,0.0069529815
990363,0.010688333
990364,0.02018684
990365,0.028367704
990366,0.01437342
990367,0.0088802557
990368,0.031018067
990369,0.027370319
990370,0.0084277466
990371,0.033819221
990372,0.013816205
990373,0.013813333
990374,0.013438972
990375,0.0074103861
990376,0.010594267
990377,0.010780963
990378,0.011753217
990379,0.0072308709
990380,0.0063469382
990381,0.013972024
990382,0.0066427793
990383,0.012752757
990384,0.013819795
990385,0.0094508007
990386,0.0094547691
990387,0.01060073
990388,0.0074699852
990389,0.017225558
990390,0.010447064
990391,0.01750919
990392,0.0072904699
990393,0.0039821872
990394,0.0071849148
990395,0.0068739946
990396,0.0072143553
990397,0.0073077031
990398,0.0070807962
990399,0.010546875
990400,0.019449916
990401,0.0074175666
990402,0.038702033
990403,0.010517434
990404,0.0084537286
990405,0.033995863
990406,0.0075604608
990407,0.017489804
990408,0.014277918
990409,0.0071037742
990410,0.033218075
990411,0.0070348405
990412,0.012704358
990413,0.010370232
990414,0.007019761
990415,0.0067002242
990416,0.014288689
990417,0.0075066062
990418,0.0099379597
990419,0.007255285
990420,0.0061557954
990421,0.016928999
990422,0.019528488
990423,0.01634006
990424,0.026650822
990425,0.0090202782
990426,0.0080702836
990427,0.0073069851
990428,0.0074699852
990429,0.033136584
990430,0.014214011
990431,0.016137883
990432,0.010413616
990433,0.0064254124
990434,0.02054587
990435,0.0090303309
990436,0.0093081547
990437,0.01391458
990438,0.01496223
990439,0.010482968
990440,0.010827636
990441,0.017496265
990442,0.010528924
990443,0.0083079617
990444,0.0069170785
990445,0.006519991
990446,0.0059794565
990447,0.0071633733
990448,0.017026654
990449,0.0075367647
990450,0.017370606
990451,0.027016314
990452,0.0075022979
990453,0.0025286046
990454,0.010303453
990455,0.0067196116
990456,0.011923636
990457,0.0105081
990458,0.017880429
990459,0.007827579
990460,0.015992647
990461,0.0088500977
990462,0.0073242188
990463,0.016880887
990464,0.014179544
990465,0.018039837
990466,0.019432157
990467,0.010855641
990468,0.024368107
990469,0.013660386
990470,0.039911967
990471,0.0188017
990472,0.017334703
990473,0.008165068
990474,0.010404699
990475,0.0070915669
990476,0.017130774
990477,0.03883272
990478,0.0069213868
990479,0.010368796
990480,0.011086857
990481,0.013383601
990482,0.0096866386
990483,0.026153388
990484,0.019980038
990485,0.0065644686
990486,0.014063936
990487,0.0072832895
990488,0.010365206
990489,0.010431267
990490,0.010510254
990491,0.013903809
990492,0.0073945886
990493,0.018536067
990494,0.015027573
990495,0.0059685204
990496,0.010298426
990497,0.0071238796
990498,0.0068273209
990499,0.014292279
990500,0.0068380916
990501,0.0072789812
990502,0.032988425
990503,0.011320226
990504,0.0076495004
990505,0.0072617475
990506,0.010365206
990507,0.010798914
990508,0.010612219
990509,0.0078598922
990510,0.00646111
990511,0.0070427391
990512,0.017542223
990513,0.016982134
990514,0.0072875977
990515,0.0074836281
990516,0.0074333642
990517,0.025483189
990518,0.023489606
990519,0.039892577
990520,0.010456399
990521,0.0076430375
990522,0.010648839
990523,0.011226879
990524,0.0023493674
990525,0.01761331
990526,0.015683517
990527,0.007004682
990528,0.011776195
990529,0.0063890116
990530,0.0069996552
990531,0.030910358
990532,0.010244572
990533,0.014252787
990534,0.027033547
990535,0.0072380514
990536,0.009541912
990537,0.0074060778
990538,0.0094773313
990539,0.0075087603
990540,0.0071806065
990541,0.010496611
990542,0.0071849148
990543,0.0088948859
990544,0.0072035845
990545,0.009237132
990546,0.038694851
990547,0.014282227
990548,0.025772681
990549,0.010624425
990550,0.013567756
990551,0.013821949
990552,0.020560231
990553,0.0020125264
990554,0.0073543773
990555,0.014343262
990556,0.012418859
990557,0.010066492
990558,0.010234519
990559,0.013230247
990560,0.010307761
990561,0.024009794
990562,0.039234836
990563,0.0060187844
990564,0.01934447
990565,0.010577751
990566,0.0072976504
990567,0.0076889936
990568,0.010712029
990569,0.017377067
990570,0.0065730773
990571,0.014377729
990572,0.0068969727
990573,0.0070958757
990574,0.01997504
990575,0.007077924
990576,0.0022333779
990577,0.0065946691
990578,0.007196404
990579,0.010653866
990580,0.0082713338
990581,0.013848518
990582,0.012185361
990583,0.025420066
990584,0.0069522634
990585,0.0070477654
990586,0.010772346
990587,0.020312499
990588,0.0071748621
990589,0.0070312498
990590,0.011260627
990591,0.0069702147
990592,0.010550465
990593,0.0061121322
990594,0.0063943304
990595,0.0076286765
990596,0.012970019
990597,0.0073306812
990598,0.0070657171
990599,0.038775276
990600,0.013556985
990601,0.01041547
990602,0.01090447
990603,0.0074405447
990604,0.0084163891
990605,0.028435396
990606,0.0083984379
990607,0.029740173
990608,0.0047455365
990609,0.009155361
990610,0.007033404
990611,0.016716791
990612,0.02594425
990613,0.016255239
990614,0.0061853747
990615,0.0072035845
990616,0.01070772
990617,0.010593549
990618,0.0072954963
990619,0.0070463293
990620,0.0068158316
990621,0.010468607
990622,0.0079618562
990623,0.0077514648
990624,0.0072979331
990625,0.032722007
990626,0.01051528
990627,0.015112305
990628,0.03171315
990629,0.0080997245
990630,0.025733432
990631,0.010365924
990632,0.0077812318
990633,0.0075726677
990634,0.0065146969
990635,0.0070039639
990636,0.0072165094
990637,0.01741728
990638,0.0072560031
990639,0.011068905
990640,0.0066183652
990641,0.017611874
990642,0.0075726677
990643,0.0056956573
990644,0.016908174
990645,0.006314165
990646,0.0070793601
990647,0.0070535098
990648,0.010792452
990649,0.0063648899
990650,0.013723576
990651,0.0073213466
990652,0.0072351792
990653,0.0072236904
990654,0.010284783
990655,0.0068660961
990656,0.017270794
990657,0.01058565
990658,0.034249339
990659,0.0072538489
990660,0.013019547
990661,0.0077397125
990662,0.0072617475
990663,0.0070772059
990664,0.0073170383
990665,0.030399816
990666,0.03676255
990667,0.0070118625
990668,0.0096388916
990669,0.013595043
990670,0.010663201
990671,0.010502355
990672,0.019406479
990673,0.0075008618
990674,0.012244064
990675,0.0060116039
990676,0.006365608
990677,0.0073098578
990678,0.010414752
990679,0.03072438
990680,0.027550552
990681,0.0073759193
990682,0.01372932
990683,0.010294118
990684,0.0070010913
990685,0.0071648094
990686,0.0091646081
990687,0.0065770503
990688,0.0073464788
990689,0.039430149
990690,0.0071691177
990691,0.008707922
990692,0.0066323359
990693,0.0073752012
990694,0.017104205
990695,0.020885512
990696,0.0072380514
990697,0.017425178
990698,0.0072035845
990699,0.0096054971
990700,0.0063937865
990701,0.00743121
990702,0.029388787
990703,0.0056970934
990704,0.025945758
990705,0.010409726
990706,0.0069939108
990707,0.0077134077
990708,0.0075870291
990709,0.0067217657
990710,0.0073098578
990711,0.010766601
990712,0.013228453
990713,0.0071702679
990714,0.017596794
990715,0.0095236385
990716,0.011661305
990717,0.0099264709
990718,0.017308135
990719,0.022856412
990720,0.0073443246
990721,0.011453786
990722,0.016988598
990723,0.0070125805
990724,0.0096416809
990725,0.0072660558
990726,0.007004682
990727,0.0072078928
990728,0.0071942499
990729,0.0065329159
990730,0.0072653377
990731,0.016914638
990732,0.0075080423
990733,0.0096825678
990734,0.0080372533
990735,0.013036522
990736,0.013430607
990737,0.022944024
990738,0.012487949
990739,0.0088964868
990740,0.008987247
990741,0.010146197
990742,0.0362477
990743,0.0069493088
990744,0.0055980007
990745,0.0024176021
990746,0.0086626839
990747,0.014073989
990748,0.0074154125
990749,0.0077823414
990750,0.0076796589
990751,0.010430549
990752,0.017822266
990753,0.010882927
990754,0.0067003835
990755,0.029244713
990756,0.017456774
990757,0.017383531
990758,0.0072445138
990759,0.036940631
990760,0.036502238
990761,0.039617561
990762,0.011741728
990763,0.029291103
990764,0.011105526
990765,0.023517923
990766,0.0072373333
990767,0.0370785
990768,0.014177389
990769,0.010735007
990770,0.0067454618
990771,0.0072631836
990772,0.0071705538
990773,0.0070980298
990774,0.0394402
990775,0.0010956752
990776,0.0073802276
990777,0.007004682
990778,0.019668832
990779,0.0079618562
990780,0.027726477
990781,0.034133732
990782,0.0071454216
990783,0.0070226332
990784,0.013747271
990785,0.0064258175
990786,0.019226404
990787,0.019569496
990788,0.010664637
990789,0.0070879767
990790,0.010577751
990791,0.010640941
990792,0.01020795
990793,0.0062435376
990794,0.0071698357
990795,0.0071849148
990796,0.010661765
990797,0.0094496841
990798,0.032119807
990799,0.014038804
990800,0.0059570312
990801,0.0072150733
990802,0.0070183249
990803,0.006473456
990804,0.027607996
990805,0.008223231
990806,0.022978514
990807,0.020675121
990808,0.0065606665
990809,0.014045984
990810,0.0066636028
990811,0.0075482535
990812,0.013838465
990813,0.013791791
990814,0.030175781
990815,0.0071899416
990816,0.01128935
990817,0.0066168848
990818,0.0021916521
990819,0.0019888156
990820,0.022576544
990821,0.011169434
990822,0.011371926
990823,0.015997546
990824,0.0021394603
990825,0.0087251551
990826,0.0081891883
990827,0.0071159811
990828,0.023634249
990829,0.006982422
990830,0.010434858
990831,0.0070958757
990832,0.010203642
990833,0.0075834384
990834,0.014407169
990835,0.030647548
990836,0.020691637
990837,0.014269302
990838,0.0074132583
990839,0.009296013
990840,0.039265711
990841,0.0083187325
990842,0.010823328
990843,0.037316177
990844,0.011233341
990845,0.0075173769
990846,0.0085937502
990847,0.022789761
990848,0.0088127581
990849,0.007151884
990850,0.010332175
990851,0.013801126
990852,0.010362334
990853,0.0041137999
990854,0.0061759716
990855,0.011478918
990856,0.0072732363
990857,0.008048024
990858,0.0072509767
990859,0.0074800379
990860,0.010581342
990861,0.0072136372
990862,0.0071633733
990863,0.0063177366
990864,0.0075482535
990865,0.007233025
990866,0.010541849
990867,0.015579856
990868,0.017348345
990869,0.012050813
990870,0.023219511
990871,0.010616527
990872,0.0070477654
990873,0.0072423597
990874,0.0072150733
990875,0.007078642
990876,0.013699161
990877,0.0063212207
990878,0.0074348003
990879,0.0082756495
990880,0.010597858
990881,0.014533548
990882,0.036646225
990883,0.039270736
990884,0.010306325
990885,0.0070527918
990886,0.0079503674
990887,0.015148904
990888,0.020762006
990889,0.0071669635
990890,0.007313448
990891,0.0096995635
990892,0.0086231902
990893,0.010788144
990894,0.0176169
990895,0.013564884
990896,0.0071755801
990897,0.00936478
990898,0.007291906
990899,0.0084537286
990900,0.016075224
990901,0.0140625
990902,0.010609346
990903,0.0072229723
990904,0.0072157914
990905,0.010386747
990906,0.0070147347
990907,0.0073299631
990908,0.0073005226
990909,0.014484719
990910,0.010413316
990911,0.024479406
990912,0.0077385399
990913,0.010453527
990914,0.007254567
990915,0.011040901
990916,0.020969525
990917,0.016627485
990918,0.0073823817
990919,0.007291906
990920,0.0074987076
990921,0.023827011
990922,0.0073436066
990923,0.013993566
990924,0.0065515894
990925,0.017352654
990926,0.010754394
990927,0.028970251
990928,0.0071762982
990929,0.010067929
990930,0.016009558
990931,0.014199994
990932,0.01047866
990933,0.025298713
990934,0.0082059968
990935,0.010653866
990936,0.0073988969
990937,0.038790356
990938,0.0081621958
990939,0.0074369544
990940,0.0084458292
990941,0.0071310606
990942,0.0073321173
990943,0.013947611
990944,0.0073342714
990945,0.0074757296
990946,0.013901655
990947,0.012550265
990948,0.026653621
990949,0.013648179
990950,0.0064114607
990951,0.0072208182
990952,0.0073364256
990953,0.014397116
990954,0.032718759
990955,0.01060432
990956,0.0064194622
990957,0.015100202
990958,0.0096880747
990959,0.0075137867
990960,0.0056877583
990961,0.013643871
990962,0.0072287167
990963,0.02053079
990964,0.0071267523
990965,0.017711684
990966,0.0071619372
990967,0.01051528
990968,0.010793888
990969,0.0070879767
990970,0.015365062
990971,0.01204127
990972,0.0081478339
990973,0.010018382
990974,0.0081456797
990975,0.0070578181
990976,0.012832568
990977,0.034363512
990978,0.0085219443
990979,0.010746496
990980,0.010230929
990981,0.028252814
990982,0.0176687
990983,0.019614054
990984,0.0074886545
990985,0.016565777
990986,0.039627615
990987,0.020622702
990988,0.019037813
990989,0.0062306123
990990,0.0021069546
990991,0.007041303
990992,0.013704906
990993,0.0061401366
990994,0.0073895622
990995,0.0058708638
990996,0.01952653
990997,0.014214011
990998,0.036995921
990999,0.010661765
991000,0.018037684
991001,0.0079719098
991002,0.016074559
991003,0.010846307
991004,0.010542567
991005,0.0072423597
991006,0.021065746
991007,0.0026932654
991008,0.017826574
991009,0.014170209
991010,0.0069422103
991011,0.010493739
991012,0.010801069
991013,0.0055725924
991014,0.039717373
991015,0.039280791
991016,0.0014612217
991017,0.017629825
991018,0.030914666
991019,0.034779269
991020,0.026348518
991021,0.024925321
991022,0.0070815142
991023,0.017586024
991024,0.039938536
991025,0.010593549
991026,0.019905211
991027,0.0070836684
991028,0.0081571694
991029,0.026824592
991030,0.0076925838
991031,0.011845847
991032,0.0071770162
991033,0.007210047
991034,0.010386029
991035,0.039768353
991036,0.017209759
991037,0.0065785316
991038,0.013651052
991039,0.0061882148
991040,0.035627786
991041,0.0075252759
991042,0.010638786
991043,0.0059204102
991044,0.0071935318
991045,0.0087696752
991046,0.011960018
991047,0.0062176874
991048,0.014352596
991049,0.0070542279
991050,0.01071921
991051,0.0070298137
991052,0.030384736
991053,0.012041017
991054,0.007115263
991055,0.0080006318
991056,0.0068359375
991057,0.010799632
991058,0.0070743337
991059,0.0067512062
991060,0.012672335
991061,0.010617963
991062,0.011091165
991063,0.0072193821
991064,0.036084123
991065,0.018066376
991066,0.017359834
991067,0.01079317
991068,0.010243854
991069,0.016904583
991070,0.017784208
991071,0.019424651
991072,0.010257496
991073,0.0072509767
991074,0.019853646
991075,0.01027473
991076,0.0074283374
991077,0.010075827
991078,0.010975097
991079,0.020714615
991080,0.0072761085
991081,0.010559082
991082,0.018969726
991083,0.0072495406
991084,0.010454963
991085,0.0070743337
991086,0.021569824
991087,0.013263835
991088,0.0070211971
991089,0.0078196805
991090,0.0079367245
991091,0.0073838178
991092,0.008767521
991093,0.0079403147
991094,0.01913129
991095,0.0095911361
991096,0.0070592542
991097,0.020154526
991098,0.013490924
991099,0.009911906
991100,0.020814659
991101,0.0096688522
991102,0.0070240693
991103,0.0071023381
991104,0.0068991268
991105,0.0070549459
991106,0.026027691
991107,0.019786419
991108,0.011193847
991109,0.010842716
991110,0.0072847256
991111,0.0070441752
991112,0.0066511529
991113,0.010923139
991114,0.010025447
991115,0.013885858
991116,0.0079898611
991117,0.0080982884
991118,0.039728861
991119,0.0075087603
991120,0.0065917969
991121,0.010896571
991122,0.012507442
991123,0.020273007
991124,0.015846515
991125,0.030723661
991126,0.029738231
991127,0.017247079
991128,0.0061710132
991129,0.010673254
991130,0.019069657
991131,0.010039206
991132,0.0081916358
991133,0.017319623
991134,0.0075137867
991135,0.024373852
991136,0.0086684283
991137,0.010575597
991138,0.010753676
991139,0.0079474952
991140,0.010774501
991141,0.0094733741
991142,0.0076502184
991143,0.0073098578
991144,0.010951143
991145,0.014226936
991146,0.0071626552
991147,0.026359288
991148,0.0072380514
991149,0.0073019587
991150,0.010141263
991151,0.0073120119
991152,0.0074355183
991153,0.013821231
991154,0.017130055
991155,0.0071245977
991156,0.007100184
991157,0.017378503
991158,0.0087316176
991159,0.014876063
991160,0.014453843
991161,0.023701029
991162,0.029808367
991163,0.017367734
991164,0.023018153
991165,0.017491957
991166,0.006652114
991167,0.0069529815
991168,0.017743278
991169,0.010650275
991170,0.013926068
991171,0.0028027459
991172,0.026017614
991173,0.007151884
991174,0.016717888
991175,0.014333209
991176,0.0071813245
991177,0.0057967422
991178,0.0071475757
991179,0.014005055
991180,0.010454963
991181,0.023792939
991182,0.013284709
991183,0.014160874
991184,0.010317096
991185,0.0072265626
991186,0.030412024
991187,0.0077679805
991188,0.010272576
991189,0.020305319
991190,0.010849179
991191,0.039550781
991192,0.01187842
991193,0.0072229723
991194,0.017198989
991195,0.013184478
991196,0.017418716
991197,0.019060202
991198,0.011094111
991199,0.012133789
991200,0.0074628047
991201,0.0073012407
991202,0.031021273
991203,0.014402143
991204,0.014246323
991205,0.010562672
991206,0.0072581572
991207,0.0068818936
991208,0.0072114831
991209,0.0077213063
991210,0.020691637
991211,0.014221909
991212,0.039294433
991213,0.010919549
991214,0.00736443
991215,0.007100184
991216,0.016547194
991217,0.017164523
991218,0.0071870694
991219,0.0069558537
991220,0.0092141544
991221,0.010331457
991222,0.0073615578
991223,0.020400103
991224,0.030310767
991225,0.0077579273
991226,0.0069809859
991227,0.010887235
991228,0.0061013615
991229,0.028034722
991230,0.0092723174
991231,0.016520089
991232,0.0072308709
991233,0.010397518
991234,0.012446864
991235,0.013419836
991236,0.006887638
991237,0.039621871
991238,0.022966452
991239,0.01074865
991240,0.01071921
991241,0.019186581
991242,0.019008115
991243,0.010785271
991244,0.033707205
991245,0.0079058483
991246,0.020858226
991247,0.0072086109
991248,0.014522777
991249,0.0060317097
991250,0.02315243
991251,0.010271139
991252,0.010582778
991253,0.01947083
991254,0.016800465
991255,0.0160027
991256,0.026872702
991257,0.010237803
991258,0.0052820542
991259,0.017348345
991260,0.020535098
991261,0.011997358
991262,0.010757985
991263,0.011344641
991264,0.027000517
991265,0.010737161
991266,0.0070772059
991267,0.010525333
991268,0.01384421
991269,0.0076789409
991270,0.016130311
991271,0.010689769
991272,0.022897169
991273,0.020936495
991274,0.009809427
991275,0.017670037
991276,0.020456113
991277,0.0069149244
991278,0.0071748621
991279,0.021885052
991280,0.027287023
991281,0.013717831
991282,0.010621553
991283,0.014023007
991284,0.0070800781
991285,0.0074046417
991286,0.0076013901
991287,0.0080595128
991288,0.0078922044
991289,0.0067612594
991290,0.013926786
991291,0.012796593
991292,0.006147366
991293,0.024161305
991294,0.012516649
991295,0.012606991
991296,0.019683477
991297,0.0069048712
991298,0.0070657171
991299,0.007217946
991300,0.011045209
991301,0.0095895464
991302,0.0069996552
991303,0.014832261
991304,0.010358025
991305,0.010692641
991306,0.011242676
991307,0.013661104
991308,0.010581342
991309,0.014125689
991310,0.012922963
991311,0.013798254
991312,0.0072969324
991313,0.006602278
991314,0.0070204791
991315,0.0072861616
991316,0.014163028
991317,0.014123535
991318,0.012442555
991319,0.017153751
991320,0.012172564
991321,0.0071231616
991322,0.013427734
991323,0.0068847658
991324,0.010531796
991325,0.0072603114
991326,0.014154412
991327,0.0073357075
991328,0.011295094
991329,0.0074491613
991330,0.011470301
991331,0.021124627
991332,0.010801787
991333,0.0070384308
991334,0.028961327
991335,0.017439539
991336,0.0099104857
991337,0.013797536
991338,0.0072157914
991339,0.004939321
991340,0.011259191
991341,0.0093800267
991342,0.0071238796
991343,0.017085535
991344,0.032485746
991345,0.0021573079
991346,0.010253906
991347,0.0074786018
991348,0.0074527515
991349,0.0075640511
991350,0.0073091397
991351,0.01323092
991352,0.0065755895
991353,0.039119944
991354,0.0073005226
991355,0.012301055
991356,0.010576315
991357,0.0071238796
991358,0.009557277
991359,0.0088206576
991360,0.017099179
991361,0.027135512
991362,0.0069508273
991363,0.0095648644
991364,0.018410357
991365,0.017816521
991366,0.010271139
991367,0.011191693
991368,0.0068739946
991369,0.014154412
991370,0.01247997
991371,0.0070269415
991372,0.0019011195
991373,0.0070362766
991374,0.016046595
991375,0.016814826
991376,0.0071159811
991377,0.020198328
991378,0.0044746879
991379,0.0072150733
991380,0.0020531171
991381,0.0068933824
991382,0.010520306
991383,0.0092385681
991384,0.011702235
991385,0.018508732
991386,0.007541073
991387,0.020837696
991388,0.0068337834
991389,0.0072129192
991390,0.010645967
991391,0.0078031654
991392,0.014889706
991393,0.010349409
991394,0.039048858
991395,0.0071016201
991396,0.016796876
991397,0.0071231616
991398,0.010345099
991399,0.0101821
991400,0.0065602022
991401,0.0073529412
991402,0.0072933421
991403,0.029058265
991404,0.0099530388
991405,0.017464671
991406,0.032218665
991407,0.0064947475
991408,0.0067626955
991409,0.037180465
991410,0.0073306812
991411,0.0075942096
991412,0.0071116728
991413,0.0071576289
991414,0.03938419
991415,0.010399672
991416,0.0069852942
991417,0.0062614656
991418,0.017092716
991419,0.010396082
991420,0.010612937
991421,0.01014337
991422,0.013737218
991423,0.014582376
991424,0.008341711
991425,0.017334703
991426,0.010666073
991427,0.0075647691
991428,0.021647498
991429,0.0075224033
991430,0.010638786
991431,0.0062475614
991432,0.0072244084
991433,0.0068452721
991434,0.013840619
991435,0.015148654
991436,0.010732135
991437,0.0069558537
991438,0.0095961904
991439,0.0072265626
991440,0.01017851
991441,0.0071389591
991442,0.0276956
991443,0.021691177
991444,0.010756548
991445,0.015719784
991446,0.013697725
991447,0.0068474263
991448,0.010868566
991449,0.020824477
991450,0.017225558
991451,0.01342199
991452,0.01081543
991453,0.0071978401
991454,0.020405848
991455,0.0096155535
991456,0.012936733
991457,0.03669421
991458,0.0081475005
991459,0.011902574
991460,0.011086857
991461,0.010631606
991462,0.0068258848
991463,0.005837115
991464,0.010397518
991465,0.016562069
991466,0.0079963235
991467,0.005646111
991468,0.011201747
991469,0.016247977
991470,0.017535759
991471,0.010523897
991472,0.01169649
991473,0.016007008
991474,0.016938332
991475,0.01083769
991476,0.0072610294
991477,0.005991498
991478,0.0071949679
991479,0.0068840478
991480,0.010770191
991481,0.0073608398
991482,0.010697667
991483,0.007033404
991484,0.020763442
991485,0.0071820426
991486,0.016983571
991487,0.031690888
991488,0.017252844
991489,0.019863354
991490,0.010477223
991491,0.007732077
991492,0.013984231
991493,0.013557703
991494,0.013592889
991495,0.013949765
991496,0.037179746
991497,0.0069989371
991498,0.0071949679
991499,0.010960478
991500,0.013986385
991501,0.0072746724
991502,0.011655561
991503,0.0065529761
991504,0.0061919042
991505,0.0071116728
991506,0.011797018
991507,0.021635167
991508,0.006208993
991509,0.011702235
991510,0.013898064
991511,0.039799232
991512,0.007372329
991513,0.013875086
991514,0.017796416
991515,0.007151166
991516,0.0024774582
991517,0.008165068
991518,0.022484718
991519,0.0070154527
991520,0.0073909983
991521,0.0069077434
991522,0.0073342714
991523,0.0059010223
991524,0.01709128
991525,0.0066585764
991526,0.014053165
991527,0.034154557
991528,0.0090260226
991529,0.0071683996
991530,0.01013399
991531,0.0025556432
991532,0.0070384308
991533,0.0071289064
991534,0.0069450829
991535,0.0073802276
991536,0.014682905
991537,0.0071238796
991538,0.013521801
991539,0.0068826117
991540,0.0092012295
991541,0.010609346
991542,0.010477941
991543,0.0073184744
991544,0.007210047
991545,0.010757985
991546,0.03800695
991547,0.0072840075
991548,0.026135972
991549,0.0071231616
991550,0.011376235
991551,0.01327617
991552,0.006322972
991553,0.007092285
991554,0.006189683
991555,0.010461425
991556,0.039568014
991557,0.02086756
991558,0.0070772059
991559,0.0094094668
991560,0.0073206285
991561,0.0083065256
991562,0.0071770162
991563,0.010847025
991564,0.007400333
991565,0.017555147
991566,0.010548311
991567,0.026327934
991568,0.013961254
991569,0.02433005
991570,0.032528322
991571,0.0076753506
991572,0.01148179
991573,0.0093182735
991574,0.010495893
991575,0.0062514362
991576,0.0076868394
991577,0.0067095589
991578,0.024442067
991579,0.0070994659
991580,0.019714104
991581,0.014397116
991582,0.017428769
991583,0.039631203
991584,0.013580682
991585,0.010492302
991586,0.0069285673
991587,0.010271139
991588,0.0061920858
991589,0.023713235
991590,0.03968434
991591,0.018390235
991592,0.0073112939
991593,0.0071382411
991594,0.0070075542
991595,0.024119603
991596,0.0063447841
991597,0.0066325292
991598,0.0069623161
991599,0.020704562
991600,0.0067734662
991601,0.0071138269
991602,0.039493337
991603,0.0073091397
991604,0.017796416
991605,0.012673771
991606,0.0071396772
991607,0.018108772
991608,0.014365521
991609,0.006828757
991610,0.010477941
991611,0.026264437
991612,0.0073694563
991613,0.023795094
991614,0.01053395
991615,0.0096399644
991616,0.010780963
991617,0.0071920957
991618,0.0055721509
991619,0.017150879
991620,0.010836254
991621,0.0073414524
991622,0.020484835
991623,0.0070851045
991624,0.01074506
991625,0.021855943
991626,0.023086201
991627,0.0069687786
991628,0.0010451025
991629,0.0161657
991630,0.0072380514
991631,0.0067741843
991632,0.010350127
991633,0.010655303
991634,0.0072409236
991635,0.017323932
991636,0.010900879
991637,0.010574879
991638,0.013984949
991639,0.025751092
991640,0.0024217512
991641,0.0071166991
991642,0.011454504
991643,0.017371323
991644,0.017018037
991645,0.010373104
991646,0.014101993
991647,0.010910214
991648,0.0069867303
991649,0.007077924
991650,0.0071920957
991651,0.010538259
991652,0.039579503
991653,0.0065982593
991654,0.030550608
991655,0.0074843462
991656,0.03990335
991657,0.013706342
991658,0.016758099
991659,0.014063936
991660,0.011098346
991661,0.0071468577
991662,0.037805893
991663,0.017318904
991664,0.0068718405
991665,0.023995433
991666,0.0071605011
991667,0.0073184744
991668,0.0094669117
991669,0.014104865
991670,0.0080099665
991671,0.020773495
991672,0.0065447935
991673,0.033464499
991674,0.013511029
991675,0.017428769
991676,0.008180147
991677,0.0077263326
991678,0.014068244
991679,0.010653866
991680,0.0074742935
991681,0.032474294
991682,0.029423254
991683,0.010596422
991684,0.021599265
991685,0.018359374
991686,0.010422651
991687,0.0066901711
991688,0.0067985984
991689,0.015800925
991690,0.01428079
991691,0.0073766373
991692,0.029051216
991693,0.0068596336
991694,0.0072028665
991695,0.02770637
991696,0.010499483
991697,0.0054271026
991698,0.010573443
991699,0.0062966738
991700,0.0073306812
991701,0.0073515051
991702,0.013427016
991703,0.011702235
991704,0.014592429
991705,0.0072043026
991706,0.007100184
991707,0.0074635227
991708,0.011103372
991709,0.01361443
991710,0.0070247874
991711,0.01238511
991712,0.0064235255
991713,0.010722082
991714,0.025178658
991715,0.0073098578
991716,0.039914839
991717,0.0072861616
991718,0.016882325
991719,0.0080681294
991720,0.0071648094
991721,0.033194508
991722,0.013839183
991723,0.033690687
991724,0.0075482535
991725,0.0063189338
991726,0.011117733
991727,0.0070427391
991728,0.011094037
991729,0.007444853
991730,0.02089772
991731,0.020694509
991732,0.014020135
991733,0.0079977596
991734,0.0075934916
991735,0.010410444
991736,0.0089096967
991737,0.011579601
991738,0.010312069
991739,0.0073069851
991740,0.014211857
991741,0.013846364
991742,0.0020959862
991743,0.0069206688
991744,0.0078828698
991745,0.0071849148
991746,0.0070585362
991747,0.0065831803
991748,0.011311609
991749,0.0078527117
991750,0.0073270909
991751,0.014023007
991752,0.0070168888
991753,0.006289863
991754,0.028030934
991755,0.0076789409
991756,0.013922478
991757,0.011657445
991758,0.0074060778
991759,0.0036310693
991760,0.0071691177
991761,0.024063649
991762,0.010477941
991763,0.016948385
991764,0.0073579676
991765,0.010392492
991766,0.0069422103
991767,0.007100184
991768,0.0072825714
991769,0.036328126
991770,0.019300666
991771,0.010617245
991772,0.010798196
991773,0.0059512868
991774,0.014235552
991775,0.03371295
991776,0.0069443649
991777,0.0072437958
991778,0.0072904699
991779,0.0069508273
991780,0.010687615
991781,0.033052597
991782,0.00736443
991783,0.017575253
991784,0.010689051
991785,0.036086898
991786,0.0071920957
991787,0.01384421
991788,0.0067856731
991789,0.0070377127
991790,0.0070527918
991791,0.01361443
991792,0.039924175
991793,0.020968089
991794,0.021511095
991795,0.0076064165
991796,0.0072610294
991797,0.017048197
991798,0.037396599
991799,0.0092780618
991800,0.0072265626
991801,0.013068629
991802,0.016431972
991803,0.014056037
991804,0.0070994659
991805,0.013772404
991806,0.013556985
991807,0.010472915
991808,0.0076121609
991809,0.008326631
991810,0.027214499
991811,0.020772059
991812,0.03929228
991813,0.0073816637
991814,0.010807531
991815,0.018821085
991816,0.027564194
991817,0.0070434571
991818,0.0068933824
991819,0.0096644275
991820,0.0078370664
991821,0.0068610697
991822,0.017444566
991823,0.013993566
991824,0.0074477252
991825,0.0073471968
991826,0.0073809456
991827,0.01083769
991828,0.010342945
991829,0.0081341909
991830,0.018175552
991831,0.036266711
991832,0.039590992
991833,0.039789896
991834,0.0064690085
991835,0.0069048712
991836,0.0071583469
991837,0.0084996838
991838,0.0062097884
991839,0.013977051
991840,0.010503791
991841,0.0071353689
991842,0.0073141661
991843,0.0071533201
991844,0.010631606
991845,0.010538977
991846,0.010594267
991847,0.020461857
991848,0.0076243682
991849,0.0174101
991850,0.0076293945
991851,0.007291188
991852,0.0065946691
991853,0.038706344
991854,0.031954419
991855,0.0068531712
991856,0.0073414524
991857,0.014234834
991858,0.021778546
991859,0.013738655
991860,0.0069393381
991861,0.0070233513
991862,0.033994429
991863,0.039374139
991864,0.0073148841
991865,0.0060008331
991866,0.0069745234
991867,0.011923397
991868,0.0066903667
991869,0.0077076633
991870,0.028265741
991871,0.0066822725
991872,0.024093807
991873,0.017247817
991874,0.0072811353
991875,0.039886117
991876,0.017682243
991877,0.02576636
991878,0.0070872586
991879,0.0071116728
991880,0.020500632
991881,0.0096966913
991882,0.01415872
991883,0.0079273898
991884,0.013765223
991885,0.010639505
991886,0.0074118222
991887,0.010850615
991888,0.0081183938
991889,0.0073988969
991890,0.010710592
991891,0.017267922
991892,0.017233456
991893,0.010716338
991894,0.015664494
991895,0.017233456
991896,0.0072883158
991897,0.0071310606
991898,0.0055228462
991899,0.0070168888
991900,0.0069838581
991901,0.0095940083
991902,0.0077026365
991903,0.014182416
991904,0.017543659
991905,0.0074707032
991906,0.0072366153
991907,0.030618824
991908,0.0094619999
991909,0.012841769
991910,0.014981617
991911,0.016121954
991912,0.0078469673
991913,0.0059729018
991914,0.013915298
991915,0.019102164
991916,0.009815379
991917,0.010619399
991918,0.0073213466
991919,0.020724667
991920,0.010750086
991921,0.016283147
991922,0.0073364256
991923,0.026497157
991924,0.0081492709
991925,0.007291188
991926,0.024023438
991927,0.010551183
991928,0.030677706
991929,0.0070628445
991930,0.0068754307
991931,0.0065869419
991932,0.015689626
991933,0.010485122
991934,0.010654585
991935,0.009707462
991936,0.016493136
991937,0.0099063646
991938,0.0073816637
991939,0.014146513
991940,0.016487153
991941,0.027688419
991942,0.015489287
991943,0.007210047
991944,0.0074254652
991945,0.010479378
991946,0.010399672
991947,0.010573443
991948,0.027299948
991949,0.0066291243
991950,0.0041209273
991951,0.0061665121
991952,0.017210478
991953,0.017178165
991954,0.020018095
991955,0.0068969727
991956,0.0072258445
991957,0.0064212279
991958,0.012505027
991959,0.0062794406
991960,0.0074958354
991961,0.0069960649
991962,0.0064185048
991963,0.0067950082
991964,0.010495175
991965,0.011447046
991966,0.024824275
991967,0.0073874081
991968,0.017833754
991969,0.030819163
991970,0.020648552
991971,0.012761374
991972,0.0096284756
991973,0.0074139764
991974,0.0031845339
991975,0.039372701
991976,0.0074462891
991977,0.0069206688
991978,0.0068933824
991979,0.017454095
991980,0.0066054398
991981,0.009632417
991982,0.013524693
991983,0.0072516948
991984,0.016088149
991985,0.02690286
991986,0.020695226
991987,0.013997156
991988,0.018590871
991989,0.0072725182
991990,0.0018719144
991991,0.039533548
991992,0.0087036137
991993,0.007422593
991994,0.0073184744
991995,0.013913143
991996,0.0069048712
991997,0.013582118
991998,0.0086634019
991999,0.0072057387
992000,0.0070750518
992001,0.013100947
992002,0.010286219
992003,0.017786363
992004,0.007115263
992005,0.022030992
992006,0.033046223
992007,0.040579043
992008,0.0073385797
992009,0.010255342
992010,0.007210765
992011,0.017049633
992012,0.0094145201
992013,0.025367647
992014,0.013986385
992015,0.0096870651
992016,0.0079403147
992017,0.010817584
992018,0.0066242609
992019,0.0070843864
992020,0.012151022
992021,0.02354449
992022,0.037189797
992023,0.0087732654
992024,0.0090346392
992025,0.0073120119
992026,0.0072883158
992027,0.0076983282
992028,0.007159783
992029,0.016978545
992030,0.0071030562
992031,0.0069565717
992032,0.007467831
992033,0.020115752
992034,0.018434772
992035,0.013476563
992036,0.0072560031
992037,0.010890108
992038,0.025271446
992039,0.012650792
992040,0.013683364
992041,0.01738712
992042,0.0097561646
992043,0.010725672
992044,0.007115263
992045,0.0072201001
992046,0.0035958835
992047,0.0067691579
992048,0.014015826
992049,0.0072732363
992050,0.021725643
992051,0.013335687
992052,0.014041676
992053,0.013645307
992054,0.010294836
992055,0.0096414005
992056,0.0068711224
992057,0.013903091
992058,0.013987822
992059,0.010581342
992060,0.037660845
992061,0.0075389189
992062,0.0071770162
992063,0.026115675
992064,0.0077335131
992065,0.01361802
992066,0.0081717791
992067,0.0072165094
992068,0.017084099
992069,0.036696024
992070,0.0072933421
992071,0.010402544
992072,0.014045266
992073,0.010948271
992074,0.0071317786
992075,0.011661305
992076,0.0078871781
992077,0.010662483
992078,0.007444853
992079,0.01350644
992080,0.015778881
992081,0.010595703
992082,0.015571145
992083,0.0073565315
992084,0.0072825714
992085,0.0071698357
992086,0.0072143553
992087,0.0072452319
992088,0.0069070254
992089,0.0081988163
992090,0.020880487
992091,0.0081571694
992092,0.0066755353
992093,0.0074247471
992094,0.010830509
992095,0.017183192
992096,0.029146001
992097,0.007371611
992098,0.0066786376
992099,0.0073845359
992100,0.018281825
992101,0.0072861616
992102,0.014096967
992103,0.0071827606
992104,0.032373048
992105,0.017865349
992106,0.010309197
992107,0.0073005226
992108,0.010470043
992109,0.010743624
992110,0.0080587948
992111,0.010471479
992112,0.017235611
992113,0.0066241096
992114,0.0065156827
992115,0.013074448
992116,0.020751234
992117,0.0077342312
992118,0.018110208
992119,0.021276137
992120,0.010213695
992121,0.020309681
992122,0.036712289
992123,0.0071806065
992124,0.010312069
992125,0.0072495406
992126,0.0073220646
992127,0.013811897
992128,0.0086713005
992129,0.01071131
992130,0.02642037
992131,0.0080537684
992132,0.0069278493
992133,0.0076071345
992134,0.014123535
992135,0.0099028619
992136,0.010181382
992137,0.0074750115
992138,0.0092856502
992139,0.017935719
992140,0.0073421705
992141,0.010523897
992142,0.010373104
992143,0.039161593
992144,0.0060482249
992145,0.0064824629
992146,0.0073759193
992147,0.0074699852
992148,0.014005055
992149,0.010500919
992150,0.0074728574
992151,0.010466452
992152,0.010916676
992153,0.014188878
992154,0.013196288
992155,0.0072495406
992156,0.014387784
992157,0.023323329
992158,0.010398954
992159,0.0070362766
992160,0.013333637
992161,0.031543259
992162,0.0073364256
992163,0.017348345
992164,0.011137838
992165,0.010516716
992166,0.0072983685
992167,0.027283434
992168,0.010745778
992169,0.011540671
992170,0.015656594
992171,0.0073773554
992172,0.0072682099
992173,0.010258933
992174,0.0078290151
992175,0.010546875
992176,0.0077686985
992177,0.0071030562
992178,0.0095329732
992179,0.016762407
992180,0.014042394
992181,0.0027526831
992182,0.0062291762
992183,0.017497702
992184,0.011093319
992185,0.020379998
992186,0.0066758026
992187,0.015923712
992188,0.023348719
992189,0.013970588
992190,0.026089694
992191,0.010994945
992192,0.011512667
992193,0.013798972
992194,0.010477941
992195,0.02378935
992196,0.0072064567
992197,0.027778896
992198,0.023759192
992199,0.0069551356
992200,0.0068145334
992201,0.015019675
992202,0.021041332
992203,0.0071928138
992204,0.011560776
992205,0.011684283
992206,0.017372759
992207,0.0098704621
992208,0.007092285
992209,0.0064962949
992210,0.01071921
992211,0.026925121
992212,0.030259794
992213,0.022612453
992214,0.006585849
992215,0.0019426341
992216,0.0068628723
992217,0.007042021
992218,0.024098834
992219,0.035878159
992220,0.007658117
992221,0.010164867
992222,0.0073184744
992223,0.017283002
992224,0.018201131
992225,0.010320686
992226,0.0071461396
992227,0.0077270507
992228,0.0062354803
992229,0.0064466535
992230,0.0062440643
992231,0.038833439
992232,0.0064919866
992233,0.010983456
992234,0.0072308709
992235,0.020553768
992236,0.0075784121
992237,0.010622271
992238,0.010747932
992239,0.0080832085
992240,0.017173139
992241,0.017451027
992242,0.014097685
992243,0.023346307
992244,0.0074269013
992245,0.025080394
992246,0.039005056
992247,0.027397605
992248,0.010472915
992249,0.0021852124
992250,0.017486213
992251,0.0057528163
992252,0.0072610294
992253,0.013924632
992254,0.01658969
992255,0.013936121
992256,0.0079855528
992257,0.039438765
992258,0.010443474
992259,0.0072251265
992260,0.01048943
992261,0.010699822
992262,0.0069206688
992263,0.010304889
992264,0.012101476
992265,0.019856172
992266,0.011054544
992267,0.015417794
992268,0.0070621264
992269,0.013824822
992270,0.0080221733
992271,0.021141142
992272,0.026803769
992273,0.0072021484
992274,0.0071346508
992275,0.008032945
992276,0.0073680202
992277,0.011753935
992278,0.003637892
992279,0.016925408
992280,0.0070721796
992281,0.0069321576
992282,0.014320284
992283,0.03741483
992284,0.013664695
992285,0.0072725182
992286,0.0070542279
992287,0.011547133
992288,0.0076868394
992289,0.0070664352
992290,0.0068614483
992291,0.013947611
992292,0.017079791
992293,0.011216826
992294,0.0094893035
992295,0.0064852512
992296,0.0071037742
992297,0.010525333
992298,0.01048225
992299,0.012168974
992300,0.0092764711
992301,0.0078376317
992302,0.0061279298
992303,0.019688351
992304,0.010433421
992305,0.01044491
992306,0.0068919463
992307,0.025511976
992308,0.013108244
992309,0.0076387292
992310,0.017258588
992311,0.017321777
992312,0.010541849
992313,0.0139591
992314,0.010548311
992315,0.013933249
992316,0.014512061
992317,0.017483341
992318,0.021989677
992319,0.010584932
992320,0.010910214
992321,0.0065476727
992322,0.020614803
992323,0.0076631433
992324,0.0087617766
992325,0.0076286765
992326,0.0072538489
992327,0.0069429288
992328,0.0072035845
992329,0.037201144
992330,0.022968786
992331,0.010358025
992332,0.0070685893
992333,0.0072416416
992334,0.01399572
992335,0.010793888
992336,0.0061962963
992337,0.03062026
992338,0.011284323
992339,0.027686264
992340,0.0069694966
992341,0.0068969727
992342,0.0071999943
992343,0.0073414524
992344,0.017051786
992345,0.0071712718
992346,0.020676557
992347,0.01059714
992348,0.032020628
992349,0.024482938
992350,0.0071841967
992351,0.006828757
992352,0.01415513
992353,0.0072035845
992354,0.019679463
992355,0.010794606
992356,0.0076322667
992357,0.012546674
992358,0.01392176
992359,0.007092285
992360,0.010880055
992361,0.0061559342
992362,0.010654585
992363,0.0072315889
992364,0.0060891546
992365,0.0076559628
992366,0.010370232
992367,0.011144302
992368,0.0059082033
992369,0.0072402055
992370,0.0077636717
992371,0.0080494601
992372,0.029003188
992373,0.0064223344
992374,0.0074175666
992375,0.039471075
992376,0.012050494
992377,0.020451086
992378,0.0068818936
992379,0.0072962143
992380,0.012371467
992381,0.019096496
992382,0.007100184
992383,0.0071181352
992384,0.0072229723
992385,0.030813418
992386,0.0073249368
992387,0.02046473
992388,0.010460707
992389,0.011816201
992390,0.017027372
992391,0.010220157
992392,0.0070219152
992393,0.016199449
992394,0.039590992
992395,0.0095790504
992396,0.017462518
992397,0.0063597844
992398,0.01082261
992399,0.014046703
992400,0.010368078
992401,0.0074218749
992402,0.0073033948
992403,0.01811308
992404,0.018306239
992405,0.01396269
992406,0.016327981
992407,0.010808967
992408,0.0068151136
992409,0.0071920957
992410,0.029582608
992411,0.016646082
992412,0.022174647
992413,0.0093678189
992414,0.010914522
992415,0.0071920957
992416,0.017928539
992417,0.035110522
992418,0.010517434
992419,0.02077565
992420,0.0072344611
992421,0.017474724
992422,0.013663976
992423,0.0074362364
992424,0.012641458
992425,0.039657053
992426,0.014305204
992427,0.0069163605
992428,0.0070664352
992429,0.010765165
992430,0.010329302
992431,0.0024333922
992432,0.01071921
992433,0.013845646
992434,0.0094597312
992435,0.0079273898
992436,0.023897059
992437,0.023790067
992438,0.013854262
992439,0.014263557
992440,0.0074290554
992441,0.039636947
992442,0.017204734
992443,0.013678337
992444,0.013331134
992445,0.039705884
992446,0.013888088
992447,0.010868566
992448,0.0066166651
992449,0.010673254
992450,0.0069055893
992451,0.0072150733
992452,0.0082691861
992453,0.010426241
992454,0.01353688
992455,0.01539689
992456,0.0070233513
992457,0.010758703
992458,0.014026597
992459,0.0079963235
992460,0.014096967
992461,0.0095044831
992462,0.01372932
992463,0.010605756
992464,0.0029225582
992465,0.0071798884
992466,0.016166417
992467,0.023130888
992468,0.011316636
992469,0.0066801184
992470,0.010632324
992471,0.01288776
992472,0.0082411822
992473,0.0073802276
992474,0.027297076
992475,0.010410444
992476,0.0021332896
992477,0.0074190027
992478,0.0062184674
992479,0.018681066
992480,0.0074750115
992481,0.0078311693
992482,0.016808365
992483,0.006996783
992484,0.010890826
992485,0.030816291
992486,0.0072567211
992487,0.010586368
992488,0.0063799955
992489,0.0076495004
992490,0.021047793
992491,0.0073077031
992492,0.026091453
992493,0.010618681
992494,0.010928883
992495,0.0070542279
992496,0.022891775
992497,0.0061251111
992498,0.0073335534
992499,0.010895853
992500,0.0092146341
992501,0.010888672
992502,0.013565459
992503,0.023924345
992504,0.0072631836
992505,0.0068143955
992506,0.013534008
992507,0.0071949679
992508,0.01103013
992509,0.010962632
992510,0.016622482
992511,0.0074563418
992512,0.017983111
992513,0.0064747529
992514,0.013932531
992515,0.012204159
992516,0.010891544
992517,0.0086713005
992518,0.0073486329
992519,0.0078282971
992520,0.020711023
992521,0.019351289
992522,0.017566636
992523,0.014007928
992524,0.019106897
992525,0.0081384219
992526,0.010409008
992527,0.010733571
992528,0.039471075
992529,0.028326418
992530,0.013804716
992531,0.0070527918
992532,0.0079273898
992533,0.0060215369
992534,0.0060426476
992535,0.02463307
992536,0.0072301528
992537,0.0085722078
992538,0.011664895
992539,0.0075870291
992540,0.020580336
992541,0.0072847256
992542,0.0023991552
992543,0.039257813
992544,0.0065253242
992545,0.00630537
992546,0.0064524929
992547,0.0071131089
992548,0.010519588
992549,0.0084985737
992550,0.0072617475
992551,0.0061415727
992552,0.030422794
992553,0.010622271
992554,0.007100902
992555,0.009475952
992556,0.011090447
992557,0.014487592
992558,0.0074039237
992559,0.0084329043
992560,0.0083251949
992561,0.0074405447
992562,0.010469325
992563,0.017693015
992564,0.010770191
992565,0.027829159
992566,0.0065155737
992567,0.010332175
992568,0.0072617475
992569,0.0067540784
992570,0.0064772717
992571,0.0071066464
992572,0.010691923
992573,0.031496625
992574,0.021248851
992575,0.0020705357
992576,0.0070693074
992577,0.0071576289
992578,0.027225828
992579,0.01058924
992580,0.0070434571
992581,0.011902574
992582,0.0071461396
992583,0.030030016
992584,0.028759766
992585,0.013538316
992586,0.0070772059
992587,0.018448185
992588,0.039212573
992589,0.013924632
992590,0.031586051
992591,0.010685461
992592,0.010440602
992593,0.03214255
992594,0.01071131
992595,0.0063234698
992596,0.007798139
992597,0.022776455
992598,0.011470301
992599,0.010158404
992600,0.014583094
992601,0.0072114831
992602,0.026334874
992603,0.011015768
992604,0.025022978
992605,0.010354435
992606,0.015418199
992607,0.034888197
992608,0.027253274
992609,0.0077923941
992610,0.0069888844
992611,0.0070441752
992612,0.0076861214
992613,0.0097024357
992614,0.016989315
992615,0.0072150733
992616,0.0087759681
992617,0.0083711511
992618,0.010505945
992619,0.010736443
992620,0.023661535
992621,0.020479808
992622,0.0071648094
992623,0.013597197
992624,0.007422593
992625,0.03559266
992626,0.019679965
992627,0.010354435
992628,0.033916734
992629,0.039774816
992630,0.014028033
992631,0.020329734
992632,0.018226534
992633,0.0072840075
992634,0.0073759193
992635,0.0021431986
992636,0.010664637
992637,0.013879557
992638,0.013666131
992639,0.0072387694
992640,0.010843434
992641,0.006856523
992642,0.007841222
992643,0.0072165094
992644,0.024494486
992645,0.0061428486
992646,0.011203901
992647,0.0058435774
992648,0.011103372
992649,0.0074132583
992650,0.0073098578
992651,0.010324276
992652,0.0072646197
992653,0.018440517
992654,0.010376695
992655,0.023920037
992656,0.0070125805
992657,0.016962029
992658,0.0088465074
992659,0.01157509
992660,0.023713235
992661,0.0096815079
992662,0.024399702
992663,0.020186121
992664,0.0062521542
992665,0.0073888442
992666,0.0072495406
992667,0.024943274
992668,0.0086210361
992669,0.010500919
992670,0.010536104
992671,0.0086124195
992672,0.013641717
992673,0.0072308709
992674,0.011592371
992675,0.022153607
992676,0.017395739
992677,0.039855238
992678,0.03347886
992679,0.0074261832
992680,0.007313448
992681,0.0072998046
992682,0.015871529
992683,0.017369887
992684,0.007136805
992685,0.022531578
992686,0.010653866
992687,0.013038729
992688,0.015330595
992689,0.021013327
992690,0.0097886026
992691,0.024244601
992692,0.019149959
992693,0.013286277
992694,0.007174144
992695,0.017536478
992696,0.010943962
992697,0.0070154527
992698,0.010775937
992699,0.027641745
992700,0.039303768
992701,0.0080307908
992702,0.010542567
992703,0.0072165094
992704,0.0087854723
992705,0.027600816
992706,0.010775937
992707,0.013054343
992708,0.0096949991
992709,0.0072574392
992710,0.010629452
992711,0.0074470071
992712,0.014080452
992713,0.010046119
992714,0.007137523
992715,0.0072883158
992716,0.011777032
992717,0.013907399
992718,0.0070678713
992719,0.013620174
992720,0.0080537684
992721,0.017085535
992722,0.01762215
992723,0.0072150733
992724,0.020326143
992725,0.022405647
992726,0.011595244
992727,0.016862219
992728,0.010235237
992729,0.0072847256
992730,0.0071231616
992731,0.013983513
992732,0.010750086
992733,0.010378849
992734,0.006050379
992735,0.007372329
992736,0.0073069851
992737,0.013752297
992738,0.02386331
992739,0.01568819
992740,0.0061164405
992741,0.0067648496
992742,0.0094647575
992743,0.0076401653
992744,0.0072495406
992745,0.031177476
992746,0.01372932
992747,0.0078491215
992748,0.010880055
992749,0.017374914
992750,0.007210047
992751,0.011240521
992752,0.010615809
992753,0.016891658
992754,0.014105584
992755,0.023161765
992756,0.014085478
992757,0.015214269
992758,0.025985939
992759,0.010379567
992760,0.0070377127
992761,0.0072789812
992762,0.013829849
992763,0.014198214
992764,0.0073479149
992765,0.020201918
992766,0.0063332953
992767,0.0077126897
992768,0.0063914577
992769,0.006502036
992770,0.010262619
992771,0.010721364
992772,0.0069163605
992773,0.015001997
992774,0.010661765
992775,0.0061947093
992776,0.0077837775
992777,0.010740033
992778,0.027725041
992779,0.028231379
992780,0.0066724718
992781,0.013904527
992782,0.0095975986
992783,0.020551614
992784,0.0069091795
992785,0.010420497
992786,0.0078922044
992787,0.01532126
992788,0.0072667738
992789,0.0099656247
992790,0.0095053092
992791,0.017512782
992792,0.013209766
992793,0.0066140569
992794,0.015762867
992795,0.02176011
992796,0.0070851045
992797,0.022884592
992798,0.0074261832
992799,0.0072725182
992800,0.010650994
992801,0.010662483
992802,0.0074793198
992803,0.0085467333
992804,0.0071482938
992805,0.0070111444
992806,0.0070657171
992807,0.020627011
992808,0.033827923
992809,0.0063769338
992810,0.039975874
992811,0.022912597
992812,0.010799632
992813,0.010573443
992814,0.0071691177
992815,0.010555492
992816,0.0059038945
992817,0.01048225
992818,0.014399271
992819,0.0075468174
992820,0.01047866
992821,0.0070054
992822,0.024270451
992823,0.006209827
992824,0.017405791
992825,0.0073263729
992826,0.011062485
992827,0.010635196
992828,0.013798254
992829,0.019171759
992830,0.010732853
992831,0.0088680489
992832,0.017158778
992833,0.01040039
992834,0.019642103
992835,0.006997501
992836,0.023943014
992837,0.0098819509
992838,0.007077924
992839,0.0070657171
992840,0.013913143
992841,0.0139591
992842,0.0070772059
992843,0.0069673425
992844,0.0074075139
992845,0.0073658661
992846,0.021909466
992847,0.026962157
992848,0.010477941
992849,0.013763787
992850,0.0071705538
992851,0.0075353286
992852,0.0075252759
992853,0.016970646
992854,0.014310231
992855,0.010561236
992856,0.010328584
992857,0.012548579
992858,0.017155187
992859,0.0070951572
992860,0.017589614
992861,0.007078642
992862,0.010546875
992863,0.0088809747
992864,0.010745778
992865,0.0057489914
992866,0.010625862
992867,0.01013399
992868,0.0073112939
992869,0.027527574
992870,0.010638068
992871,0.015562706
992872,0.0093527399
992873,0.007093003
992874,0.0105598
992875,0.017634852
992876,0.014287971
992877,0.0069192327
992878,0.0095918542
992879,0.016208904
992880,0.021029124
992881,0.010869284
992882,0.0071324967
992883,0.0073550954
992884,0.0071691177
992885,0.0071296245
992886,0.007159065
992887,0.010535386
992888,0.010164867
992889,0.01327241
992890,0.010594267
992891,0.011339614
992892,0.013674029
992893,0.02009421
992894,0.0068854839
992895,0.017322496
992896,0.0064384956
992897,0.007217946
992898,0.010515998
992899,0.019359633
992900,0.0074642408
992901,0.020744458
992902,0.0070958757
992903,0.0071202894
992904,0.013634535
992905,0.016916791
992906,0.01048943
992907,0.021836225
992908,0.0073313992
992909,0.0087431064
992910,0.0072538489
992911,0.0069034351
992912,0.0070886947
992913,0.014028033
992914,0.033980783
992915,0.0079388786
992916,0.0070312498
992917,0.017160214
992918,0.020477654
992919,0.02034984
992920,0.0071755801
992921,0.004175195
992922,0.022889625
992923,0.0067506703
992924,0.021487247
992925,0.0090785399
992926,0.0072933421
992927,0.0068818936
992928,0.020690918
992929,0.0062396666
992930,0.007291906
992931,0.0080501782
992932,0.007034122
992933,0.037139095
992934,0.010592113
992935,0.010701976
992936,0.0084637813
992937,0.0070010913
992938,0.020920698
992939,0.0070255054
992940,0.030853631
992941,0.0061717313
992942,0.007371611
992943,0.023825252
992944,0.014051011
992945,0.016946232
992946,0.014032342
992947,0.016039321
992948,0.013698443
992949,0.010895853
992950,0.027353803
992951,0.0076078526
992952,0.017176012
992953,0.0071497299
992954,0.0066415453
992955,0.0071238796
992956,0.023851821
992957,0.0067114364
992958,0.017295927
992959,0.010088034
992960,0.0059283087
992961,0.02109375
992962,0.013890166
992963,0.0097325938
992964,0.011440142
992965,0.016797282
992966,0.0069264132
992967,0.0098218098
992968,0.032678939
992969,0.0073450427
992970,0.0068007526
992971,0.016773896
992972,0.0077435663
992973,0.0068933824
992974,0.017389275
992975,0.016947668
992976,0.02943735
992977,0.0070743337
992978,0.010595703
992979,0.0072387694
992980,0.014446663
992981,0.010541131
992982,0.0076279584
992983,0.0094961198
992984,0.030771218
992985,0.013993566
992986,0.010948989
992987,0.010663201
992988,0.018930234
992989,0.0096596591
992990,0.015429316
992991,0.0072567211
992992,0.023816636
992993,0.010903751
992994,0.021702666
992995,0.011065315
992996,0.021302706
992997,0.0070255054
992998,0.0071102367
992999,0.010228056
993000,0.013940429
993001,0.039499801
993002,0.020668657
993003,0.010686897
993004,0.014481129
993005,0.007525994
993006,0.013686236
993007,0.03961828
993008,0.011477482
993009,0.0070003732
993010,0.023747703
993011,0.010182818
993012,0.010251034
993013,0.012623895
993014,0.014046703
993015,0.02749167
993016,0.020967372
993017,0.014399989
993018,0.014045984
993019,0.0099076442
993020,0.0072258445
993021,0.0071102367
993022,0.0070140166
993023,0.0073450427
993024,0.021645179
993025,0.024310661
993026,0.0074778837
993027,0.00743121
993028,0.0068818936
993029,0.0063390187
993030,0.018785184
993031,0.0077493107
993032,0.0071640913
993033,0.010297708
993034,0.010080135
993035,0.0066644028
993036,0.015929457
993037,0.0074139764
993038,0.021507353
993039,0.011468865
993040,0.0073701749
993041,0.018795956
993042,0.0095286649
993043,0.0078814337
993044,0.010670382
993045,0.012976849
993046,0.016558848
993047,0.0069149244
993048,0.03424862
993049,0.019773794
993050,0.030238971
993051,0.0087028956
993052,0.012542371
993053,0.011374081
993054,0.0070319679
993055,0.0070714615
993056,0.020590154
993057,0.0072725182
993058,0.010745778
993059,0.0080070943
993060,0.0063136248
993061,0.0071403952
993062,0.0066624573
993063,0.0068467082
993064,0.022475298
993065,0.017532887
993066,0.011961618
993067,0.013545496
993068,0.00823831
993069,0.02678079
993070,0.0073816637
993071,0.028182445
993072,0.0072516948
993073,0.013987103
993074,0.0065170308
993075,0.013786765
993076,0.010546875
993077,0.021442523
993078,0.0069852942
993079,0.016333224
993080,0.0070535098
993081,0.022117704
993082,0.010523897
993083,0.018030798
993084,0.010599294
993085,0.017107077
993086,0.010696949
993087,0.013923196
993088,0.0072380514
993089,0.01070772
993090,0.014303768
993091,0.010921703
993092,0.0069278493
993093,0.0072954963
993094,0.0057425383
993095,0.013371008
993096,0.014170927
993097,0.02442986
993098,0.0075030159
993099,0.034212001
993100,0.018274726
993101,0.035168391
993102,0.023624914
993103,0.027102482
993104,0.0068251668
993105,0.01570686
993106,0.017782055
993107,0.01080035
993108,0.0082340017
993109,0.012128763
993110,0.010682588
993111,0.01527674
993112,0.020763442
993113,0.0067102769
993114,0.011582319
993115,0.016783232
993116,0.013809742
993117,0.0064848056
993118,0.011165125
993119,0.03954719
993120,0.011927705
993121,0.013740809
993122,0.014925609
993123,0.0070082722
993124,0.007525994
993125,0.0072380514
993126,0.0074139764
993127,0.024471506
993128,0.0070621264
993129,0.0085169179
993130,0.021129653
993131,0.010741469
993132,0.035732854
993133,0.0071619372
993134,0.013663258
993135,0.0072725182
993136,0.020400103
993137,0.023462564
993138,0.016913202
993139,0.019406337
993140,0.032003544
993141,0.0094687305
993142,0.0070901308
993143,0.0071612191
993144,0.0073752012
993145,0.0073213466
993146,0.010705566
993147,0.027429199
993148,0.010757267
993149,0.017063275
993150,0.017451746
993151,0.021995589
993152,0.0071224435
993153,0.0070456113
993154,0.0077809053
993155,0.012724034
993156,0.010495893
993157,0.0095162466
993158,0.011639395
993159,0.0062752785
993160,0.0093434751
993161,0.010403981
993162,0.0062897746
993163,0.0071468577
993164,0.013967716
993165,0.0072387694
993166,0.0073005226
993167,0.017830882
993168,0.0069307215
993169,0.0073579676
993170,0.013977051
993171,0.007173426
993172,0.01753217
993173,0.013936121
993174,0.0074491613
993175,0.010848461
993176,0.010615091
993177,0.014123535
993178,0.028106974
993179,0.013437289
993180,0.0063684196
993181,0.0072258445
993182,0.015372243
993183,0.014023007
993184,0.0076121609
993185,0.010075827
993186,0.020061178
993187,0.0076861214
993188,0.010691923
993189,0.0070886947
993190,0.015750138
993191,0.0072897519
993192,0.0023560359
993193,0.015880629
993194,0.0066652689
993195,0.0068402458
993196,0.0015990417
993197,0.010569853
993198,0.0071870694
993199,0.0075827204
993200,0.014166619
993201,0.03072438
993202,0.013768096
993203,0.0079546757
993204,0.01043773
993205,0.0072150733
993206,0.014394962
993207,0.0080422796
993208,0.0069558537
993209,0.010669664
993210,0.0072244084
993211,0.01780216
993212,0.0097261453
993213,0.010661765
993214,0.0072366153
993215,0.010687615
993216,0.011879596
993217,0.0062083439
993218,0.013126938
993219,0.0070377127
993220,0.010734289
993221,0.0099546555
993222,0.0071992762
993223,0.0071245977
993224,0.0066786823
993225,0.01048225
993226,0.0072007123
993227,0.0075970818
993228,0.013811897
993229,0.0065139621
993230,0.010523897
993231,0.040073529
993232,0.016865809
993233,0.030353861
993234,0.01056339
993235,0.035360456
993236,0.010462143
993237,0.0065544974
993238,0.0072272806
993239,0.0064215041
993240,0.0077730068
993241,0.0072653377
993242,0.029830962
993243,0.012757118
993244,0.036568027
993245,0.016823443
993246,0.011641808
993247,0.007195686
993248,0.01736127
993249,0.0061990176
993250,0.0071863509
993251,0.0072014304
993252,0.01750919
993253,0.017688707
993254,0.01004524
993255,0.022163661
993256,0.0071576289
993257,0.011503331
993258,0.0073450427
993259,0.017566636
993260,0.010470761
993261,0.027653953
993262,0.010849897
993263,0.0033543627
993264,0.013296461
993265,0.0074843462
993266,0.023364257
993267,0.010903033
993268,0.0069565717
993269,0.0094030043
993270,0.0072761085
993271,0.010332893
993272,0.0074865003
993273,0.014028033
993274,0.0071346508
993275,0.0083194505
993276,0.010778091
993277,0.0073601217
993278,0.010878619
993279,0.010781681
993280,0.010317096
993281,0.0082059968
993282,0.011432244
993283,0.0095126843
993284,0.0074505974
993285,0.0075913374
993286,0.017239919
993287,0.022231158
993288,0.0076530906
993289,0.0072380514
993290,0.016116543
993291,0.013947611
993292,0.0077205882
993293,0.010386747
993294,0.021139706
993295,0.0054838294
993296,0.0072344611
993297,0.013075344
993298,0.013775276
993299,0.011025104
993300,0.031826656
993301,0.0070219152
993302,0.014224782
993303,0.010564826
993304,0.0071985582
993305,0.0070571001
993306,0.006571691
993307,0.011440142
993308,0.0075382008
993309,0.013898782
993310,0.0064766593
993311,0.0096307229
993312,0.0077579273
993313,0.0075137867
993314,0.028152287
993315,0.010661765
993316,0.0278586
993317,0.0089707319
993318,0.0063031367
993319,0.011880314
993320,0.016422765
993321,0.016201222
993322,0.010811121
993323,0.0072502587
993324,0.017377786
993325,0.014114918
993326,0.0070082722
993327,0.039321002
993328,0.010984892
993329,0.0067346911
993330,0.010712029
993331,0.0073945886
993332,0.020484835
993333,0.023690257
993334,0.034221336
993335,0.0059189741
993336,0.0070657171
993337,0.0073292451
993338,0.014410041
993339,0.025473921
993340,0.01101146
993341,0.027056526
993342,0.015533088
993343,0.022967344
993344,0.0070592542
993345,0.010466452
993346,0.0087026376
993347,0.010376695
993348,0.01027832
993349,0.013763787
993350,0.007349351
993351,0.01081543
993352,0.0071159811
993353,0.0071639577
993354,0.013926068
993355,0.007100184
993356,0.020785702
993357,0.0058205999
993358,0.0069508273
993359,0.011099782
993360,0.0067950399
993361,0.0063993568
993362,0.018077178
993363,0.0072258445
993364,0.033476707
993365,0.007246668
993366,0.027852187
993367,0.0078354776
993368,0.017049633
993369,0.0072402055
993370,0.010853487
993371,0.01415154
993372,0.0064836997
993373,0.022248344
993374,0.015394584
993375,0.037418708
993376,0.010765165
993377,0.013905245
993378,0.019129137
993379,0.034020998
993380,0.0071834787
993381,0.00740895
993382,0.01739502
993383,0.0072969324
993384,0.014341826
993385,0.010640223
993386,0.010363052
993387,0.013204101
993388,0.0090669524
993389,0.0027086751
993390,0.0071619372
993391,0.010185691
993392,0.0071482938
993393,0.0071439855
993394,0.028371658
993395,0.0071504479
993396,0.0070937211
993397,0.023624197
993398,0.013915298
993399,0.016348805
993400,0.013947611
993401,0.010457835
993402,0.010867848
993403,0.0086547853
993404,0.0097311577
993405,0.0073802276
993406,0.0072875977
993407,0.014039522
993408,0.011394187
993409,0.038086157
993410,0.039369829
993411,0.010623707
993412,0.010677562
993413,0.031935252
993414,0.010202206
993415,0.007371611
993416,0.030636057
993417,0.017179601
993418,0.0072603114
993419,0.010648121
993420,0.020566693
993421,0.033895336
993422,0.0073120119
993423,0.01395445
993424,0.007400333
993425,0.0071978401
993426,0.013375316
993427,0.0065367203
993428,0.0074865003
993429,0.0063921195
993430,0.010592113
993431,0.007092285
993432,0.007114545
993433,0.0072409236
993434,0.0072639016
993435,0.013798254
993436,0.0074843462
993437,0.0070621264
993438,0.0069328756
993439,0.0028388714
993440,0.013997156
993441,0.027903983
993442,0.011523438
993443,0.013859289
993444,0.010765165
993445,0.010443474
993446,0.0073515051
993447,0.015306015
993448,0.021062156
993449,0.0073033948
993450,0.0076631433
993451,0.0044088634
993452,0.0073522232
993453,0.020271571
993454,0.014316694
993455,0.0081571694
993456,0.01037454
993457,0.0073938705
993458,0.0076279584
993459,0.01070054
993460,0.018589154
993461,0.017303107
993462,0.013595043
993463,0.039200369
993464,0.019493243
993465,0.010880773
993466,0.024162022
993467,0.0071640913
993468,0.011867388
993469,0.019867452
993470,0.028717954
993471,0.027976362
993472,0.0072373333
993473,0.0070700254
993474,0.0084400848
993475,0.006494543
993476,0.010788144
993477,0.0089348285
993478,0.0065982593
993479,0.0069946288
993480,0.01041547
993481,0.014648438
993482,0.0067533604
993483,0.02057172
993484,0.014811438
993485,0.010352281
993486,0.013476563
993487,0.010449937
993488,0.030828498
993489,0.039604634
993490,0.009255372
993491,0.0085477941
993492,0.010577751
993493,0.010569853
993494,0.010307761
993495,0.013956945
993496,0.013602941
993497,0.0072215362
993498,0.010695513
993499,0.0238152
993500,0.017090563
993501,0.010558364
993502,0.0063980762
993503,0.039491899
993504,0.014270738
993505,0.010615809
993506,0.0078239888
993507,0.010828354
993508,0.010887235
993509,0.0064483322
993510,0.020438878
993511,0.013158535
993512,0.020798627
993513,0.0099106729
993514,0.0068625058
993515,0.013903809
993516,0.016799748
993517,0.0071461396
993518,0.0098503558
993519,0.0074103861
993520,0.0070240693
993521,0.014861701
993522,0.017361989
993523,0.010755112
993524,0.010403262
993525,0.010308479
993526,0.01822797
993527,0.0099013383
993528,0.0072753904
993529,0.036989991
993530,0.0073005226
993531,0.017992446
993532,0.010717056
993533,0.0079352884
993534,0.0067591048
993535,0.0076983282
993536,0.023563879
993537,0.0068251668
993538,0.010684743
993539,0.0074103861
993540,0.010261087
993541,0.0064467485
993542,0.0084422389
993543,0.016492503
993544,0.010454245
993545,0.0087201288
993546,0.037792891
993547,0.0074685491
993548,0.0098860618
993549,0.0072014304
993550,0.010477941
993551,0.028241325
993552,0.0061099781
993553,0.0070176069
993554,0.0072416416
993555,0.013161519
993556,0.017237047
993557,0.0096997572
993558,0.011368336
993559,0.0064543681
993560,0.0070901308
993561,0.0070886947
993562,0.028258558
993563,0.010161994
993564,0.039622586
993565,0.03951057
993566,0.0073902803
993567,0.017164523
993568,0.0072732363
993569,0.010251034
993570,0.023790067
993571,0.010523897
993572,0.007019043
993573,0.0071095186
993574,0.013910271
993575,0.006901281
993576,0.017845243
993577,0.010765165
993578,0.0070728976
993579,0.0073270909
993580,0.013884421
993581,0.0092299515
993582,0.0063762162
993583,0.0099135451
993584,0.017491957
993585,0.015356446
993586,0.0070355586
993587,0.0063036769
993588,0.0064417282
993589,0.010526051
993590,0.0099336514
993591,0.010940372
993592,0.020720359
993593,0.0108341
993594,0.013099581
993595,0.010900161
993596,0.010167021
993597,0.0096514532
993598,0.010762293
993599,0.007114545
993600,0.0172392
993601,0.035963215
993602,0.0074742935
993603,0.0078512756
993604,0.0084530097
993605,0.013133329
993606,0.027142692
993607,0.010324994
993608,0.011586993
993609,0.013928222
993610,0.0073586856
993611,0.0072251265
993612,0.01063017
993613,0.0063088811
993614,0.007136805
993615,0.013641717
993616,0.0072215362
993617,0.0073450427
993618,0.0072516948
993619,0.0237635
993620,0.0071576289
993621,0.0073450427
993622,0.0073407344
993623,0.0072380514
993624,0.0075597428
993625,0.010519588
993626,0.0072890338
993627,0.010322122
993628,0.0097932573
993629,0.0069292854
993630,0.0073687383
993631,0.0073687383
993632,0.010790298
993633,0.021095186
993634,0.023427447
993635,0.0088579962
993636,0.017413689
993637,0.010880055
993638,0.0077938302
993639,0.0095822746
993640,0.010391774
993641,0.0167275
993642,0.0089994539
993643,0.0071949679
993644,0.0071116728
993645,0.010719928
993646,0.0071806065
993647,0.010730699
993648,0.0072057387
993649,0.010676126
993650,0.010885081
993651,0.0072050206
993652,0.0073156022
993653,0.0063049905
993654,0.0073184744
993655,0.017074764
993656,0.010862822
993657,0.0075446633
993658,0.0085650273
993659,0.010332175
993660,0.0073701749
993661,0.0070815142
993662,0.028463837
993663,0.0070484835
993664,0.0075525618
993665,0.013717831
993666,0.014253505
993667,0.02439611
993668,0.010619399
993669,0.016185327
993670,0.0071920957
993671,0.0075597428
993672,0.017371323
993673,0.0071691177
993674,0.0074333642
993675,0.010144761
993676,0.0073414524
993677,0.011089729
993678,0.017049633
993679,0.013947611
993680,0.030549891
993681,0.0071461396
993682,0.019980038
993683,0.010999971
993684,0.014395947
993685,0.0091983574
993686,0.0063928836
993687,0.014708037
993688,0.016631586
993689,0.0098955659
993690,0.010317096
993691,0.010447782
993692,0.0074527515
993693,0.010959042
993694,0.0070168888
993695,0.015540269
993696,0.027079504
993697,0.0063884137
993698,0.017899817
993699,0.017652804
993700,0.0071870694
993701,0.007400333
993702,0.013608686
993703,0.034021713
993704,0.0086081112
993705,0.028333956
993706,0.0074692671
993707,0.0071942499
993708,0.0072430777
993709,0.012568934
993710,0.015222886
993711,0.0070542279
993712,0.007673196
993713,0.023617733
993714,0.0071461396
993715,0.033732336
993716,0.018788775
993717,0.014109174
993718,0.023644302
993719,0.0099688359
993720,0.015940947
993721,0.0092518041
993722,0.0071123908
993723,0.034063362
993724,0.010462862
993725,0.013213752
993726,0.01437342
993727,0.007078642
993728,0.007042021
993729,0.0069896025
993730,0.010523179
993731,0.010812557
993732,0.0089254938
993733,0.010698386
993734,0.023935117
993735,0.0057595647
993736,0.039433736
993737,0.0067210477
993738,0.02366728
993739,0.017428769
993740,0.0071569108
993741,0.0072294348
993742,0.010581342
993743,0.0090568988
993744,0.0064691803
993745,0.0073795095
993746,0.0065342062
993747,0.010721364
993748,0.013766659
993749,0.010381721
993750,0.0069544176
993751,0.020359734
993752,0.00736443
993753,0.014030905
993754,0.0080243275
993755,0.021128217
993756,0.014028751
993757,0.010454963
993758,0.010352281
993759,0.010466452
993760,0.018120978
993761,0.0073141661
993762,0.010124655
993763,0.026667336
993764,0.017274385
993765,0.030577177
993766,0.007055664
993767,0.019933531
993768,0.010684025
993769,0.0072409236
993770,0.007151884
993771,0.0070886947
993772,0.0211534
993773,0.0078699449
993774,0.017957261
993775,0.018060662
993776,0.013524673
993777,0.017662138
993778,0.020672966
993779,0.013738655
993780,0.0074929632
993781,0.0072990865
993782,0.0071238796
993783,0.007365148
993784,0.0068359375
993785,0.0072660558
993786,0.0063447841
993787,0.0061753215
993788,0.010646685
993789,0.0111005
993790,0.0062797717
993791,0.0070714615
993792,0.0088967718
993793,0.006072639
993794,0.017405791
993795,0.01048943
993796,0.0073529412
993797,0.0064287973
993798,0.0071899416
993799,0.013923914
993800,0.0073177563
993801,0.0071504479
993802,0.020443186
993803,0.015031852
993804,0.0079288259
993805,0.017364861
993806,0.013488051
993807,0.010587086
993808,0.011445169
993809,0.027607996
993810,0.0073874081
993811,0.0071281884
993812,0.0065767965
993813,0.0076717599
993814,0.0043962235
993815,0.0070427391
993816,0.0045385654
993817,0.0071978401
993818,0.0080099665
993819,0.010861386
993820,0.0074269013
993821,0.019567378
993822,0.0070111444
993823,0.0076293945
993824,0.037162513
993825,0.0070585362
993826,0.014135025
993827,0.01046717
993828,0.023695285
993829,0.010845589
993830,0.0070886947
993831,0.010595703
993832,0.024455709
993833,0.0099059138
993834,0.015199738
993835,0.0075870291
993836,0.023647891
993837,0.010523897
993838,0.0068589156
993839,0.014675723
993840,0.038787484
993841,0.015693935
993842,0.012864775
993843,0.022401758
993844,0.017198989
993845,0.0072739543
993846,0.013448037
993847,0.014160156
993848,0.008062385
993849,0.014074707
993850,0.013878676
993851,0.013972742
993852,0.010562672
993853,0.027823415
993854,0.007078642
993855,0.013306382
993856,0.010557646
993857,0.0064403317
993858,0.014458152
993859,0.0070068361
993860,0.01451057
993861,0.0089800665
993862,0.0070865406
993863,0.0070434571
993864,0.0065953871
993865,0.01202608
993866,0.0059756194
993867,0.017164523
993868,0.014010082
993869,0.0078553809
993870,0.025631893
993871,0.0086763268
993872,0.0063993568
993873,0.010611501
993874,0.017325368
993875,0.020990349
993876,0.0074125403
993877,0.013629509
993878,0.024301328
993879,0.024244601
993880,0.014066808
993881,0.010945398
993882,0.007247386
993883,0.013900219
993884,0.0073378617
993885,0.0061078239
993886,0.019601656
993887,0.013556985
993888,0.015773775
993889,0.010719928
993890,0.010781681
993891,0.0069917566
993892,0.0088648461
993893,0.0072818534
993894,0.020278033
993895,0.037392292
993896,0.0075439452
993897,0.027228143
993898,0.014022289
993899,0.01027473
993900,0.0083625345
993901,0.010791016
993902,0.0091818413
993903,0.017203297
993904,0.022355469
993905,0.0020251528
993906,0.016001983
993907,0.0068467082
993908,0.013972742
993909,0.0071037742
993910,0.030625287
993911,0.010602884
993912,0.013553395
993913,0.024108168
993914,0.0096241673
993915,0.024310661
993916,0.0099846385
993917,0.010854205
993918,0.024149816
993919,0.0074908086
993920,0.021289062
993921,0.0073601217
993922,0.01484734
993923,0.014624024
993924,0.031215534
993925,0.037591912
993926,0.01423627
993927,0.010803223
993928,0.010333611
993929,0.012915039
993930,0.0073888442
993931,0.024489459
993932,0.0069185146
993933,0.024011949
993934,0.007525994
993935,0.010229493
993936,0.015857652
993937,0.007929544
993938,0.0071332147
993939,0.008414235
993940,0.0072265626
993941,0.01404024
993942,0.0058191638
993943,0.0089333924
993944,0.011086857
993945,0.010693359
993946,0.0070283776
993947,0.010354435
993948,0.01048943
993949,0.0070305318
993950,0.017768411
993951,0.013790355
993952,0.0098941578
993953,0.024164177
993954,0.0073529412
993955,0.0069623161
993956,0.0066427793
993957,0.013549087
993958,0.018004656
993959,0.0071784523
993960,0.0097620348
993961,0.0077442843
993962,0.0078002932
993963,0.017712802
993964,0.0072610294
993965,0.039145079
993966,0.010997817
993967,0.016446078
993968,0.0059283087
993969,0.02754768
993970,0.010771628
993971,0.014089786
993972,0.0071605011
993973,0.017713839
993974,0.0068416819
993975,0.010384593
993976,0.0071820426
993977,0.006570973
993978,0.022470273
993979,0.0071382411
993980,0.020958755
993981,0.02671401
993982,0.027685547
993983,0.014156566
993984,0.010982738
993985,0.011386288
993986,0.0074139764
993987,0.008723001
993988,0.010692641
993989,0.010004739
993990,0.022881292
993991,0.0107228
993992,0.014015826
993993,0.0070111444
993994,0.0074046417
993995,0.0071770162
993996,0.0073759193
993997,0.024159869
993998,0.014160874
993999,0.014695112
994000,0.011214672
994001,0.0070226332
994002,0.013867187
994003,0.022520918
994004,0.010259651
994005,0.013706342
994006,0.01726505
994007,0.009529002
994008,0.0074254652
994009,0.0070642806
994010,0.013984231
994011,0.012998334
994012,0.007217946
994013,0.0071195713
994014,0.0068309112
994015,0.010692641
994016,0.0072538489
994017,0.010526769
994018,0.010184254
994019,0.020213408
994020,0.014985434
994021,0.0071303425
994022,0.019588694
994023,0.0069221049
994024,0.0072646197
994025,0.0071231616
994026,0.0074635227
994027,0.013479481
994028,0.0098317014
994029,0.012866866
994030,0.0088831289
994031,0.0080702836
994032,0.02654383
994033,0.01429946
994034,0.013165186
994035,0.017252844
994036,0.020493452
994037,0.019697839
994038,0.007100184
994039,0.013872214
994040,0.021266084
994041,0.014305204
994042,0.010998535
994043,0.0053035445
994044,0.014145795
994045,0.013111508
994046,0.015581198
994047,0.0095398529
994048,0.037016027
994049,0.020683737
994050,0.01056339
994051,0.0074060778
994052,0.01496737
994053,0.016489545
994054,0.010484404
994055,0.010450655
994056,0.010383875
994057,0.007218664
994058,0.02391501
994059,0.0083346562
994060,0.0070003732
994061,0.012797655
994062,0.036402803
994063,0.010184254
994064,0.039751839
994065,0.007327809
994066,0.0073888442
994067,0.020695945
994068,0.0063332953
994069,0.0057674632
994070,0.013568474
994071,0.011094755
994072,0.01251106
994073,0.0070886947
994074,0.011482546
994075,0.0077744429
994076,0.01141142
994077,0.020132985
994078,0.007444853
994079,0.0073687383
994080,0.006865378
994081,0.006605478
994082,0.0072157914
994083,0.032546479
994084,0.039673571
994085,0.010285501
994086,0.0070075542
994087,0.0071698357
994088,0.0074254652
994089,0.012782197
994090,0.0071849148
994091,0.010500919
994092,0.013554113
994093,0.0068467082
994094,0.03997013
994095,0.0062817265
994096,0.017942181
994097,0.027064424
994098,0.010328584
994099,0.015629308
994100,0.010421933
994101,0.012339154
994102,0.024770938
994103,0.0071806065
994104,0.011092601
994105,0.013933249
994106,0.013648897
994107,0.012835454
994108,0.0093771545
994109,0.0074139764
994110,0.010251034
994111,0.01539522
994112,0.019232538
994113,0.013832721
994114,0.016045962
994115,0.0073069851
994116,0.0031654648
994117,0.0071949679
994118,0.0066509303
994119,0.0070118625
994120,0.007100184
994121,0.0062952056
994122,0.008061667
994123,0.0083374027
994124,0.0069221049
994125,0.0092715994
994126,0.0071949679
994127,0.0094231097
994128,0.0071346508
994129,0.0072753904
994130,0.026031591
994131,0.0074333642
994132,0.03974035
994133,0.0068883561
994134,0.027447868
994135,0.014201804
994136,0.011914062
994137,0.0072150733
994138,0.017392147
994139,0.030639589
994140,0.011073931
994141,0.014292279
994142,0.0087976791
994143,0.027345186
994144,0.010572007
994145,0.0037863723
994146,0.0079237996
994147,0.0053138528
994148,0.0075432272
994149,0.010876465
994150,0.023517923
994151,0.014084042
994152,0.024532542
994153,0.00913445
994154,0.0071798884
994155,0.0061920141
994156,0.010515998
994157,0.019544102
994158,0.013938275
994159,0.017463235
994160,0.0072251265
994161,0.0062758503
994162,0.0072416416
994163,0.014051011
994164,0.015039062
994165,0.028010109
994166,0.017500574
994167,0.021322602
994168,0.0067935721
994169,0.0072811353
994170,0.0098308353
994171,0.012304688
994172,0.0072251265
994173,0.013997156
994174,0.0073852539
994175,0.0064007929
994176,0.017248536
994177,0.010941808
994178,0.0072926241
994179,0.0073105758
994180,0.010921703
994181,0.024453679
994182,0.0070018093
994183,0.024530388
994184,0.0073988969
994185,0.01027473
994186,0.00736443
994187,0.0069070254
994188,0.0071820426
994189,0.0070663565
994190,0.0074857823
994191,0.017562328
994192,0.020761289
994193,0.0072423597
994194,0.0072854436
994195,0.0209566
994196,0.0071080825
994197,0.012874857
994198,0.0070542279
994199,0.020809397
994200,0.014073989
994201,0.0067019491
994202,0.0073098578
994203,0.0073141661
994204,0.0068337834
994205,0.036946695
994206,0.01105239
994207,0.027552705
994208,0.039236989
994209,0.010424805
994210,0.0063755284
994211,0.013936121
994212,0.009222053
994213,0.014292279
994214,0.029963234
994215,0.020670813
994216,0.010574879
994217,0.010280474
994218,0.01728731
994219,0.010971967
994220,0.0065372242
994221,0.0059893439
994222,0.011051672
994223,0.010619399
994224,0.024297019
994225,0.010505945
994226,0.0074017695
994227,0.0096540358
994228,0.010556928
994229,0.031199018
994230,0.0074563418
994231,0.0055620978
994232,0.024804687
994233,0.010283346
994234,0.0071612191
994235,0.0086210323
994236,0.0085255345
994237,0.008378597
994238,0.030732997
994239,0.0069860122
994240,0.013857853
994241,0.0069163395
994242,0.007159065
994243,0.021254595
994244,0.0015892425
994245,0.0074204388
994246,0.027607279
994247,0.010546875
994248,0.031159524
994249,0.03717472
994250,0.007365148
994251,0.0069802678
994252,0.0069544176
994253,0.017249972
994254,0.0068821134
994255,0.021993387
994256,0.026141711
994257,0.0070427391
994258,0.0080494601
994259,0.010572725
994260,0.023740521
994261,0.0079765795
994262,0.033250518
994263,0.0085901599
994264,0.0064682849
994265,0.0061250576
994266,0.0061950972
994267,0.0077069453
994268,0.007467831
994269,0.017093435
994270,0.0093886433
994271,0.013950483
994272,0.017181756
994273,0.0069407742
994274,0.0060381722
994275,0.013395973
994276,0.010276166
994277,0.020463293
994278,0.014348288
994279,0.011945657
994280,0.014275764
994281,0.005869946
994282,0.017102769
994283,0.0071698357
994284,0.011249856
994285,0.007246668
994286,0.010801787
994287,0.0071116728
994288,0.0064872839
994289,0.010844152
994290,0.010235237
994291,0.0073809456
994292,0.010582778
994293,0.0080796182
994294,0.0072854436
994295,0.0072437958
994296,0.0071346508
994297,0.0072610294
994298,0.031279441
994299,0.010531078
994300,0.007481474
994301,0.013878676
994302,0.010527487
994303,0.02581186
994304,0.019754259
994305,0.018858906
994306,0.006887638
994307,0.017038861
994308,0.0068201399
994309,0.0069536995
994310,0.0072315889
994311,0.020520052
994312,0.01044491
994313,0.0059247185
994314,0.013909553
994315,0.0087732654
994316,0.0073069851
994317,0.010851333
994318,0.010828354
994319,0.0071095186
994320,0.0079783723
994321,0.01372573
994322,0.0070010913
994323,0.010730699
994324,0.0076976102
994325,0.0068840478
994326,0.016445722
994327,0.0077234604
994328,0.010742188
994329,0.019864431
994330,0.0070908489
994331,0.011176614
994332,0.00823831
994333,0.0070068361
994334,0.015336339
994335,0.0073673022
994336,0.015446112
994337,0.0085147638
994338,0.0070693074
994339,0.0071116728
994340,0.0073213466
994341,0.010931755
994342,0.0098912856
994343,0.018518066
994344,0.0069522634
994345,0.0093484316
994346,0.0073292451
994347,0.010303453
994348,0.032535583
994349,0.039602481
994350,0.0064293663
994351,0.013706342
994352,0.010749368
994353,0.0076559628
994354,0.01377025
994355,0.014099121
994356,0.0071016201
994357,0.0072229723
994358,0.010642377
994359,0.017201142
994360,0.0059254365
994361,0.010653866
994362,0.0072423597
994363,0.0073084212
994364,0.010721364
994365,0.039535701
994366,0.025796484
994367,0.039349724
994368,0.015902171
994369,0.022562984
994370,0.027298512
994371,0.0073981788
994372,0.005514706
994373,0.013997156
994374,0.008003504
994375,0.019325959
994376,0.0065639182
994377,0.036138639
994378,0.0067066867
994379,0.0099156993
994380,0.0073565315
994381,0.0062479516
994382,0.029088361
994383,0.0062008318
994384,0.0077916761
994385,0.0096613634
994386,0.026447276
994387,0.010330738
994388,0.0073184744
994389,0.010590677
994390,0.0099810436
994391,0.010351563
994392,0.0072445138
994393,0.0073436066
994394,0.0066693476
994395,0.020537971
994396,0.016276702
994397,0.017225558
994398,0.010377413
994399,0.019588694
994400,0.0071482938
994401,0.012523696
994402,0.0069637522
994403,0.0070714615
994404,0.0072840075
994405,0.0095078414
994406,0.0070369947
994407,0.0097777816
994408,0.0064003938
994409,0.0071245977
994410,0.0068596336
994411,0.0204159
994412,0.033690754
994413,0.017507754
994414,0.01171875
994415,0.0075202491
994416,0.0099678943
994417,0.012507899
994418,0.0078469673
994419,0.017573098
994420,0.017693015
994421,0.0073033948
994422,0.0073759193
994423,0.0059742648
994424,0.013152177
994425,0.0067077447
994426,0.034556668
994427,0.0073658661
994428,0.016866527
994429,0.013795381
994430,0.010755112
994431,0.0068129594
994432,0.017876837
994433,0.0074046417
994434,0.019739999
994435,0.0071705538
994436,0.0072057387
994437,0.010605038
994438,0.0063632214
994439,0.014150104
994440,0.029758578
994441,0.0074333642
994442,0.020278033
994443,0.0072150733
994444,0.010594985
994445,0.020591108
994446,0.0097914748
994447,0.020983662
994448,0.019699764
994449,0.010824046
994450,0.0071116728
994451,0.010525333
994452,0.01955954
994453,0.010385311
994454,0.026035158
994455,0.016309312
994456,0.02758861
994457,0.013338695
994458,0.026793715
994459,0.0075676413
994460,0.0065027573
994461,0.0090418197
994462,0.029755715
994463,0.024362363
994464,0.007715242
994465,0.033276908
994466,0.023908548
994467,0.0109375
994468,0.024613684
994469,0.020685174
994470,0.0071461396
994471,0.017825857
994472,0.0072768265
994473,0.013900937
994474,0.013609404
994475,0.012581859
994476,0.0091947671
994477,0.023057193
994478,0.036764707
994479,0.0068883561
994480,0.012782587
994481,0.0071475757
994482,0.027045755
994483,0.010434858
994484,0.0072854436
994485,0.0070822323
994486,0.0091715539
994487,0.016243439
994488,0.0073601217
994489,0.0068976907
994490,0.0098352768
994491,0.007306267
994492,0.0071870694
994493,0.0098492317
994494,0.010905906
994495,0.011206055
994496,0.0072165094
994497,0.0078383498
994498,0.006997501
994499,0.010864258
994500,0.0064427941
994501,0.0071403952
994502,0.023460478
994503,0.010731417
994504,0.009062713
994505,0.0071339328
994506,0.010764447
994507,0.010576315
994508,0.010515998
994509,0.0069903205
994510,0.020797908
994511,0.010561954
994512,0.0072904699
994513,0.039694395
994514,0.013625919
994515,0.0070772059
994516,0.0070851045
994517,0.0073471968
994518,0.0069163605
994519,0.0071626552
994520,0.019578641
994521,0.013412655
994522,0.0072236904
994523,0.0064352597
994524,0.020514276
994525,0.0095143039
994526,0.028995875
994527,0.03647748
994528,0.0069687786
994529,0.010333611
994530,0.0071418313
994531,0.0075482535
994532,0.011504049
994533,0.02877626
994534,0.013177131
994535,0.013671875
994536,0.020600442
994537,0.010423369
994538,0.007151166
994539,0.0069587259
994540,0.0070886947
994541,0.039326027
994542,0.023115585
994543,0.006314361
994544,0.0077708527
994545,0.0061056698
994546,0.02731072
994547,0.0071468577
994548,0.014384191
994549,0.01418457
994550,0.010482968
994551,0.010750804
994552,0.010327866
994553,0.0069924747
994554,0.0069544176
994555,0.0055082431
994556,0.019152114
994557,0.019450484
994558,0.0070061181
994559,0.01406609
994560,0.0075712316
994561,0.0076760687
994562,0.007385972
994563,0.017099896
994564,0.0118751
994565,0.0074276193
994566,0.0072761085
994567,0.016988598
994568,0.007658835
994569,0.0069027171
994570,0.0088005513
994571,0.0068723108
994572,0.0076889936
994573,0.0042316588
994574,0.028294608
994575,0.039621152
994576,0.0094875218
994577,0.022644762
994578,0.010907342
994579,0.02091567
994580,0.0018209129
994581,0.015436653
994582,0.0073213466
994583,0.017458927
994584,0.020731129
994585,0.0072402055
994586,0.014155848
994587,0.016957721
994588,0.010781681
994589,0.022768613
994590,0.0067792106
994591,0.02021987
994592,0.0071123908
994593,0.010512408
994594,0.017258588
994595,0.030853631
994596,0.010460707
994597,0.006945801
994598,0.0083137061
994599,0.0071834787
994600,0.021018354
994601,0.0068897922
994602,0.0064852275
994603,0.010583496
994604,0.0072653377
994605,0.02007195
994606,0.007174144
994607,0.010597858
994608,0.035243854
994609,0.013616584
994610,0.010606474
994611,0.0071806065
994612,0.010893698
994613,0.0083316583
994614,0.010592113
994615,0.007151884
994616,0.010308479
994617,0.0098747537
994618,0.010684743
994619,0.0070542279
994620,0.0080663422
994621,0.0072380514
994622,0.006996783
994623,0.0074908086
994624,0.0071289064
994625,0.0090691065
994626,0.030715764
994627,0.017452464
994628,0.0055685602
994629,0.027751608
994630,0.0058507584
994631,0.015920645
994632,0.021564798
994633,0.0070097083
994634,0.010466452
994635,0.0080055362
994636,0.017238483
994637,0.017166676
994638,0.020963063
994639,0.014863138
994640,0.0091430666
994641,0.0071059284
994642,0.017944336
994643,0.0069292854
994644,0.017009176
994645,0.017635569
994646,0.010735725
994647,0.0070642806
994648,0.020658605
994649,0.022398466
994650,0.020902028
994651,0.013804716
994652,0.039848059
994653,0.0070233513
994654,0.039745376
994655,0.0063282857
994656,0.032908324
994657,0.0073163202
994658,0.0070958757
994659,0.0071195713
994660,0.007739258
994661,0.01060432
994662,0.0097929109
994663,0.031463265
994664,0.010754394
994665,0.007291906
994666,0.010381003
994667,0.019565716
994668,0.020919262
994669,0.027401913
994670,0.013775276
994671,0.034173943
994672,0.01389232
994673,0.007385972
994674,0.010192153
994675,0.0073830998
994676,0.020481244
994677,0.01110768
994678,0.012118713
994679,0.0066564223
994680,0.037230007
994681,0.0074951174
994682,0.010625862
994683,0.010404699
994684,0.013868623
994685,0.017387839
994686,0.0069249771
994687,0.010720646
994688,0.030652573
994689,0.014109892
994690,0.01071921
994691,0.0073299631
994692,0.020411415
994693,0.0072861616
994694,0.012431785
994695,0.0073077031
994696,0.010778091
994697,0.0072883158
994698,0.0071698357
994699,0.0098984512
994700,0.027854284
994701,0.0073953066
994702,0.0075152228
994703,0.017333984
994704,0.0059110788
994705,0.017164523
994706,0.020616958
994707,0.0084221335
994708,0.010403262
994709,0.017487649
994710,0.015321433
994711,0.010328584
994712,0.013088091
994713,0.0064177937
994714,0.010365924
994715,0.039309513
994716,0.0075942096
994717,0.007291188
994718,0.0060151941
994719,0.013747989
994720,0.013622329
994721,0.0072811353
994722,0.007423311
994723,0.0074807559
994724,0.016079364
994725,0.0071935318
994726,0.013476563
994727,0.0082993452
994728,0.0067066723
994729,0.010762293
994730,0.014281509
994731,0.0071856328
994732,0.010313505
994733,0.013857135
994734,0.013748707
994735,0.0091243964
994736,0.010346537
994737,0.0068596336
994738,0.0067670038
994739,0.0074908086
994740,0.0078024473
994741,0.0299978
994742,0.033538461
994743,0.014165901
994744,0.039855238
994745,0.016986443
994746,0.0074383905
994747,0.0070535098
994748,0.016380755
994749,0.01058924
994750,0.0094231097
994751,0.010294118
994752,0.010705566
994753,0.01312522
994754,0.0071827606
994755,0.0078778435
994756,0.0085966224
994757,0.017220531
994758,0.0080537684
994759,0.013625919
994760,0.010273294
994761,0.007247386
994762,0.0073809456
994763,0.0070111444
994764,0.007137523
994765,0.016947668
994766,0.0029190022
994767,0.0065779975
994768,0.0088924635
994769,0.0056877583
994770,0.023617482
994771,0.030766746
994772,0.020571003
994773,0.0074484432
994774,0.01071921
994775,0.0071497299
994776,0.026357852
994777,0.023795094
994778,0.0097716069
994779,0.032177836
994780,0.0069996552
994781,0.0060982569
994782,0.0072265626
994783,0.010299862
994784,0.016345933
994785,0.014085478
994786,0.00572797
994787,0.0064407606
994788,0.013629509
994789,0.017601822
994790,0.0082490807
994791,0.017451746
994792,0.0080006318
994793,0.0073342714
994794,0.037365723
994795,0.038947612
994796,0.02589296
994797,0.038465075
994798,0.0078010112
994799,0.0072610294
994800,0.038905244
994801,0.013791791
994802,0.0095315371
994803,0.0099250348
994804,0.010587804
994805,0.0076064165
994806,0.0069163605
994807,0.010254624
994808,0.010544003
994809,0.0099652456
994810,0.017410817
994811,0.014063218
994812,0.0073536593
994813,0.014362649
994814,0.0032603638
994815,0.015169277
994816,0.010773783
994817,0.012850369
994818,0.020398667
994819,0.0070671532
994820,0.030944824
994821,0.010284064
994822,0.0076538087
994823,0.010353717
994824,0.0069508273
994825,0.02089772
994826,0.0074333642
994827,0.0066863745
994828,0.0058306525
994829,0.007459214
994830,0.013686954
994831,0.010422651
994832,0.0062736962
994833,0.0080365352
994834,0.0071332147
994835,0.0084580369
994836,0.020588236
994837,0.039596736
994838,0.010078939
994839,0.0059943702
994840,0.022610294
994841,0.022883128
994842,0.037408356
994843,0.017282285
994844,0.014515596
994845,0.011285041
994846,0.0070585362
994847,0.038846362
994848,0.020862535
994849,0.011123477
994850,0.013141583
994851,0.0070671532
994852,0.029545976
994853,0.014198214
994854,0.020898437
994855,0.009251494
994856,0.0071102367
994857,0.016439281
994858,0.013354734
994859,0.0068704044
994860,0.0074491613
994861,0.0061729322
994862,0.010941808
994863,0.0078929225
994864,0.010494457
994865,0.020609058
994866,0.0074362364
994867,0.027652517
994868,0.018421128
994869,0.017178884
994870,0.00686466
994871,0.0064506717
994872,0.0093290443
994873,0.020486271
994874,0.0073787915
994875,0.010805377
994876,0.0068854839
994877,0.010509536
994878,0.0063317865
994879,0.010037096
994880,0.016463695
994881,0.012910731
994882,0.010493739
994883,0.026469152
994884,0.0072402055
994885,0.0099643553
994886,0.036938872
994887,0.039694395
994888,0.0074032056
994889,0.0072524128
994890,0.03701818
994891,0.020583928
994892,0.0071231616
994893,0.0061933491
994894,0.0067262445
994895,0.0073141661
994896,0.010477941
994897,0.0076573989
994898,0.014142923
994899,0.01329824
994900,0.010594985
994901,0.021373793
994902,0.0070269415
994903,0.0074139764
994904,0.0068818936
994905,0.01720617
994906,0.039682906
994907,0.01058206
994908,0.0073235007
994909,0.0072933421
994910,0.010475069
994911,0.0072509767
994912,0.010016946
994913,0.011776195
994914,0.012286582
994915,0.025866453
994916,0.011672869
994917,0.0064429268
994918,0.029659484
994919,0.007004682
994920,0.014108456
994921,0.014431583
994922,0.010283346
994923,0.010931755
994924,0.0074326461
994925,0.010215849
994926,0.010830509
994927,0.013740809
994928,0.0073421705
994929,0.020033199
994930,0.0019234511
994931,0.014573041
994932,0.0061193132
994933,0.0096911322
994934,0.020691637
994935,0.012760669
994936,0.0072969324
994937,0.0076071345
994938,0.014081888
994939,0.0070427391
994940,0.014038086
994941,0.0070578181
994942,0.01656994
994943,0.013235129
994944,0.016777173
994945,0.013660386
994946,0.039754711
994947,0.010365924
994948,0.0070312498
994949,0.017186739
994950,0.010493021
994951,0.0062198415
994952,0.013959818
994953,0.0094468063
994954,0.01062658
994955,0.0099882241
994956,0.007731359
994957,0.0074269013
994958,0.0087646488
994959,0.01954633
994960,0.0064747529
994961,0.0067863911
994962,0.0023014341
994963,0.0069852942
994964,0.007313448
994965,0.007159065
994966,0.030570714
994967,0.0071044923
994968,0.039712343
994969,0.0064674523
994970,0.020496324
994971,0.011376953
994972,0.007349351
994973,0.0071044923
994974,0.014247041
994975,0.010492302
994976,0.017511345
994977,0.0070657171
994978,0.007525994
994979,0.010608628
994980,0.014038086
994981,0.01091165
994982,0.014246323
994983,0.023990408
994984,0.010309197
994985,0.010746496
994986,0.013970588
994987,0.0081844553
994988,0.006103084
994989,0.019342277
994990,0.030665498
994991,0.013166977
994992,0.011013614
994993,0.0070405849
994994,0.0068467082
994995,0.010421215
994996,0.0075015798
994997,0.016957721
994998,0.017204734
994999,0.0075245579
995000,0.0070492015
995001,0.0074297735
995002,0.0071669635
995003,0.02124957
995004,0.01267971
995005,0.0086849434
995006,0.0073400163
995007,0.023943014
995008,0.0071806065
995009,0.0073823817
995010,0.0071978401
995011,0.0063963099
995012,0.0021858858
995013,0.010366642
995014,0.007092285
995015,0.010538259
995016,0.0075030159
995017,0.016788326
995018,0.025233824
995019,0.024333639
995020,0.0060977712
995021,0.02123449
995022,0.0064215581
995023,0.0061279298
995024,0.0092457486
995025,0.010581342
995026,0.020565256
995027,0.01181138
995028,0.010811121
995029,0.0076056984
995030,0.0070312498
995031,0.0070858225
995032,0.0072983685
995033,0.0073112939
995034,0.0070262235
995035,0.0069623161
995036,0.0062600528
995037,0.007408232
995038,0.010271139
995039,0.0061695771
995040,0.00870864
995041,0.0072732363
995042,0.0089499084
995043,0.0062758503
995044,0.016738597
995045,0.0070628445
995046,0.007444853
995047,0.0078814337
995048,0.0069730869
995049,0.0074204388
995050,0.023604017
995051,0.016733686
995052,0.013786765
995053,0.011890256
995054,0.0069185146
995055,0.014005055
995056,0.0062708342
995057,0.020427389
995058,0.0065342216
995059,0.0072402055
995060,0.010317096
995061,0.0072617475
995062,0.015764529
995063,0.010139016
995064,0.0069393381
995065,0.013660386
995066,0.0072387694
995067,0.011868824
995068,0.011361156
995069,0.010949707
995070,0.010681152
995071,0.0071576289
995072,0.0021206418
995073,0.027012724
995074,0.017081227
995075,0.0072093289
995076,0.010677562
995077,0.0069723688
995078,0.0060546873
995079,0.0072825714
995080,0.010869284
995081,0.0069623161
995082,0.011044491
995083,0.0076286765
995084,0.026164398
995085,0.017222686
995086,0.013627355
995087,0.007467831
995088,0.0076064165
995089,0.027447151
995090,0.007658835
995091,0.0072495406
995092,0.0074204388
995093,0.027885167
995094,0.015252327
995095,0.023426728
995096,0.013747271
995097,0.0072818534
995098,0.019746421
995099,0.0074340822
995100,0.013824822
995101,0.022759674
995102,0.0075762579
995103,0.016000547
995104,0.005786851
995105,0.010999253
995106,0.010705566
995107,0.011272117
995108,0.007269646
995109,0.0074412627
995110,0.031244256
995111,0.0054364372
995112,0.014444509
995113,0.031621665
995114,0.0071691177
995115,0.010737879
995116,0.0071633733
995117,0.010675408
995118,0.017461799
995119,0.021472886
995120,0.0081995344
995121,0.01098202
995122,0.0070585362
995123,0.0076394472
995124,0.0076200599
995125,0.0073981788
995126,0.0073687383
995127,0.014168495
995128,0.0072524128
995129,0.029689636
995130,0.0094733741
995131,0.013885858
995132,0.0071217255
995133,0.0073996149
995134,0.0071346508
995135,0.0096636601
995136,0.020868996
995137,0.007055664
995138,0.014402861
995139,0.0075511257
995140,0.019769348
995141,0.013853544
995142,0.013803998
995143,0.020641372
995144,0.010383157
995145,0.010914522
995146,0.012925092
995147,0.0070427391
995148,0.0076976102
995149,0.024139142
995150,0.019496784
995151,0.0076444736
995152,0.0107228
995153,0.023920037
995154,0.007004682
995155,0.015177649
995156,0.039919864
995157,0.012942325
995158,0.0086511951
995159,0.010330738
995160,0.0074750115
995161,0.013585708
995162,0.0071490118
995163,0.007313448
995164,0.010359461
995165,0.020661477
995166,0.039395679
995167,0.010541849
995168,0.0072581572
995169,0.01252944
995170,0.027916044
995171,0.0098711802
995172,0.0098037757
995173,0.0069300034
995174,0.027535472
995175,0.007151166
995176,0.023076519
995177,0.014173799
995178,0.013855699
995179,0.0071569108
995180,0.024956916
995181,0.017936436
995182,0.020033581
995183,0.0072639016
995184,0.007100184
995185,0.010373104
995186,0.027876532
995187,0.0062290407
995188,0.0073069851
995189,0.017886173
995190,0.014517033
995191,0.010558364
995192,0.014005055
995193,0.009397978
995194,0.027704934
995195,0.010670382
995196,0.014136461
995197,0.0075496896
995198,0.010636632
995199,0.0071052103
995200,0.0075798482
995201,0.007055664
995202,0.024942353
995203,0.01075224
995204,0.017474724
995205,0.03878174
995206,0.0033480725
995207,0.030450799
995208,0.023423139
995209,0.01117087
995210,0.028535288
995211,0.024140481
995212,0.006358427
995213,0.023624914
995214,0.017486932
995215,0.0073105758
995216,0.017727481
995217,0.017449591
995218,0.020201698
995219,0.0079812445
995220,0.027510339
995221,0.007218664
995222,0.017592486
995223,0.0069987648
995224,0.010513844
995225,0.017489085
995226,0.0067935358
995227,0.011280528
995228,0.007041303
995229,0.0071332147
995230,0.013798254
995231,0.013895192
995232,0.0081004426
995233,0.01080035
995234,0.010612219
995235,0.01167134
995236,0.009869026
995237,0.0075303023
995238,0.010111731
995239,0.0072445138
995240,0.0070132986
995241,0.012940099
995242,0.0072617475
995243,0.0074527515
995244,0.0074908086
995245,0.017298082
995246,0.0076940199
995247,0.007195686
995248,0.0068488624
995249,0.0087983971
995250,0.01041547
995251,0.010351563
995252,0.034650736
995253,0.01047866
995254,0.010577033
995255,0.0059757009
995256,0.0067885453
995257,0.010712747
995258,0.010481532
995259,0.02782126
995260,0.0072976504
995261,0.016719325
995262,0.0074793198
995263,0.011249856
995264,0.017597513
995265,0.0070578181
995266,0.0062553319
995267,0.0071253157
995268,0.0078584561
995269,0.013568474
995270,0.0070499196
995271,0.0070269415
995272,0.0080882357
995273,0.014247041
995274,0.0073974608
995275,0.0072007123
995276,0.0068253935
995277,0.0071281884
995278,0.0067828009
995279,0.01391458
995280,0.0073960247
995281,0.0071669635
995282,0.0077658258
995283,0.0073385797
995284,0.023791503
995285,0.0072832895
995286,0.010452091
995287,0.0070664352
995288,0.013912425
995289,0.0065904064
995290,0.010662483
995291,0.0076164696
995292,0.010546875
995293,0.010271857
995294,0.0070994659
995295,0.017662857
995296,0.013918823
995297,0.011372644
995298,0.0076638614
995299,0.016815308
995300,0.021098776
995301,0.0070664352
995302,0.007233025
995303,0.01933567
995304,0.0071834787
995305,0.010414752
995306,0.01408117
995307,0.0093276082
995308,0.0065376582
995309,0.010526769
995310,0.010414752
995311,0.013785329
995312,0.0086425785
995313,0.0071066464
995314,0.01438491
995315,0.0070664352
995316,0.0071396772
995317,0.0072531309
995318,0.0070405849
995319,0.014073989
995320,0.0071899416
995321,0.0098409411
995322,0.024187874
995323,0.010697667
995324,0.017452464
995325,0.0075482535
995326,0.028429532
995327,0.020809397
995328,0.01237434
995329,0.010757985
995330,0.014085478
995331,0.020852482
995332,0.016363641
995333,0.012945916
995334,0.012269503
995335,0.014985926
995336,0.0085090185
995337,0.0074771657
995338,0.023864027
995339,0.010431985
995340,0.023862591
995341,0.014216883
995342,0.023279527
995343,0.033179279
995344,0.010493739
995345,0.010388183
995346,0.0071353689
995347,0.019130461
995348,0.031208353
995349,0.0092543662
995350,0.017051786
995351,0.010551183
995352,0.014760455
995353,0.010799632
995354,0.019831399
995355,0.014226936
995356,0.0065160049
995357,0.03953642
995358,0.007870663
995359,0.0070348405
995360,0.0059074853
995361,0.009369256
995362,0.010443474
995363,0.010660329
995364,0.0070714615
995365,0.013113188
995366,0.014257813
995367,0.0089894012
995368,0.014269302
995369,0.024088062
995370,0.0063173962
995371,0.0085865697
995372,0.024963379
995373,0.013520365
995374,0.01043773
995375,0.006901999
995376,0.0069845761
995377,0.014093377
995378,0.020477654
995379,0.01368839
995380,0.0064130342
995381,0.013709215
995382,0.0160597
995383,0.0098948758
995384,0.010216567
995385,0.010897289
995386,0.031089155
995387,0.0073414524
995388,0.010625144
995389,0.0075662052
995390,0.013501694
995391,0.009296013
995392,0.013187968
995393,0.011895393
995394,0.0062471754
995395,0.01041188
995396,0.0053313547
995397,0.03967429
995398,0.010502355
995399,0.0073838178
995400,0.0064036651
995401,0.01062658
995402,0.013091228
995403,0.0088518178
995404,0.011073213
995405,0.0095481081
995406,0.010328584
995407,0.034295581
995408,0.0074929632
995409,0.030941952
995410,0.028792441
995411,0.017903406
995412,0.027193675
995413,0.021887925
995414,0.010697667
995415,0.016109716
995416,0.011124083
995417,0.013388241
995418,0.010443474
995419,0.0074477252
995420,0.017176729
995421,0.0082210768
995422,0.020620547
995423,0.010516716
995424,0.01105239
995425,0.019261871
995426,0.0070348405
995427,0.0073191924
995428,0.0075697955
995429,0.016773896
995430,0.010101678
995431,0.025411127
995432,0.011744143
995433,0.0072653377
995434,0.010813275
995435,0.016900612
995436,0.0080193011
995437,0.0093864892
995438,0.0070915669
995439,0.020717487
995440,0.013511029
995441,0.0071971221
995442,0.017292337
995443,0.0072610294
995444,0.0073996149
995445,0.0099178534
995446,0.010186409
995447,0.035218325
995448,0.017242791
995449,0.013905245
995450,0.0068474263
995451,0.016675815
995452,0.014016544
995453,0.0067776423
995454,0.013639562
995455,0.0071727079
995456,0.0072495406
995457,0.0072581572
995458,0.0073299631
995459,0.037060548
995460,0.013913143
995461,0.0081248563
995462,0.0070657171
995463,0.010508818
995464,0.010620117
995465,0.009098026
995466,0.010890826
995467,0.0061326488
995468,0.0077335131
995469,0.0072574392
995470,0.0088903094
995471,0.012714178
995472,0.010436294
995473,0.007100184
995474,0.014152976
995475,0.0072172275
995476,0.014085478
995477,0.0072172275
995478,0.037010282
995479,0.014626178
995480,0.0069852942
995481,0.013953355
995482,0.0068488624
995483,0.0068410067
995484,0.012026631
995485,0.017107788
995486,0.020581055
995487,0.017520681
995488,0.010798914
995489,0.0074908086
995490,0.0069400561
995491,0.013049317
995492,0.010167739
995493,0.020677993
995494,0.010722082
995495,0.007563333
995496,0.026851626
995497,0.007540355
995498,0.013821231
995499,0.032229435
995500,0.039333209
995501,0.0071949679
995502,0.0070082722
995503,0.016039625
995504,0.0072610294
995505,0.025161564
995506,0.017302595
995507,0.0065444047
995508,0.016235052
995509,0.023976764
995510,0.0073586856
995511,0.0074628047
995512,0.020188993
995513,0.010642377
995514,0.010366642
995515,0.013601505
995516,0.017385684
995517,0.010922421
995518,0.010457835
995519,0.010977123
995520,0.01051169
995521,0.017964441
995522,0.010377413
995523,0.010267549
995524,0.020402258
995525,0.010635914
995526,0.026005656
995527,0.0074125403
995528,0.0074764476
995529,0.0069630342
995530,0.015548906
995531,0.013964844
995532,0.0069565717
995533,0.0070015583
995534,0.017670754
995535,0.021166274
995536,0.021009486
995537,0.013660386
995538,0.021187099
995539,0.0057981154
995540,0.0072093289
995541,0.026051929
995542,0.020372098
995543,0.023806583
995544,0.022914425
995545,0.0087459786
995546,0.0097225411
995547,0.0072954963
995548,0.014082606
995549,0.0069393381
995550,0.01001551
995551,0.0074714213
995552,0.0073759193
995553,0.02051284
995554,0.010344381
995555,0.0074419808
995556,0.014234834
995557,0.0073428885
995558,0.011894475
995559,0.0080272006
995560,0.039401423
995561,0.017453182
995562,0.0070211971
995563,0.010217285
995564,0.010505227
995565,0.01043773
995566,0.0056367163
995567,0.019400321
995568,0.007196404
995569,0.020785114
995570,0.0067219129
995571,0.011417164
995572,0.0072129192
995573,0.0074175666
995574,0.0074376725
995575,0.010586368
995576,0.010504509
995577,0.0073349895
995578,0.010763729
995579,0.010521024
995580,0.0072222543
995581,0.010513844
995582,0.007518095
995583,0.0066925003
995584,0.010291246
995585,0.0070829503
995586,0.039736759
995587,0.0072150733
995588,0.014180262
995589,0.013758042
995590,0.0073077031
995591,0.007327809
995592,0.011460966
995593,0.0083596623
995594,0.010714184
995595,0.011382697
995596,0.013926786
995597,0.010223029
995598,0.010255557
995599,0.010424805
995600,0.010420497
995601,0.0072854436
995602,0.015903607
995603,0.0070427391
995604,0.0069551356
995605,0.019664092
995606,0.023912856
995607,0.0067544077
995608,0.013408361
995609,0.010644531
995610,0.0071231616
995611,0.038982078
995612,0.0071044923
995613,0.0095990347
995614,0.017153034
995615,0.016363166
995616,0.010493021
995617,0.0093326177
995618,0.0072861616
995619,0.011035156
995620,0.030776799
995621,0.016605871
995622,0.0073069851
995623,0.032569796
995624,0.0072639016
995625,0.024597887
995626,0.020408003
995627,0.013945456
995628,0.0073184744
995629,0.010432703
995630,0.014124253
995631,0.0074304915
995632,0.0075245579
995633,0.017070455
995634,0.020726103
995635,0.024011949
995636,0.0041448311
995637,0.0069587259
995638,0.0072308709
995639,0.0072954963
995640,0.014338235
995641,0.010294118
995642,0.012891944
995643,0.024069393
995644,0.0072768265
995645,0.020947983
995646,0.013951919
995647,0.010942526
995648,0.023554768
995649,0.011390597
995650,0.028111357
995651,0.017005112
995652,0.0077385399
995653,0.0065242993
995654,0.023606244
995655,0.0070800781
995656,0.014165901
995657,0.0071231616
995658,0.019603109
995659,0.0058363969
995660,0.010611501
995661,0.0071705538
995662,0.024310661
995663,0.0077040726
995664,0.0068948185
995665,0.0071877874
995666,0.013379624
995667,0.015383417
995668,0.029178316
995669,0.0073838178
995670,0.012858657
995671,0.013866469
995672,0.019047277
995673,0.014005055
995674,0.013844928
995675,0.0072739543
995676,0.014396398
995677,0.02093865
995678,0.0056640627
995679,0.010584214
995680,0.0067734662
995681,0.010467889
995682,0.0071942499
995683,0.0140625
995684,0.0061250576
995685,0.009897748
995686,0.01047866
995687,0.0065846164
995688,0.017509909
995689,0.020326143
995690,0.013253513
995691,0.026083132
995692,0.020243566
995693,0.03028349
995694,0.027313592
995695,0.0077220243
995696,0.023832249
995697,0.025574449
995698,0.017598949
995699,0.013838465
995700,0.010394646
995701,0.011042337
995702,0.0093907481
995703,0.031685144
995704,0.012434568
995705,0.013719267
995706,0.018007886
995707,0.010569853
995708,0.0073364256
995709,0.0080055837
995710,0.011216108
995711,0.0097081801
995712,0.038555428
995713,0.010523897
995714,0.0099565685
995715,0.011521284
995716,0.0064298678
995717,0.010613655
995718,0.0071188533
995719,0.010621553
995720,0.03098001
995721,0.0072840075
995722,0.0017560192
995723,0.0077665439
995724,0.012389002
995725,0.0069860122
995726,0.006542705
995727,0.0072222543
995728,0.010642377
995729,0.010347255
995730,0.0072818534
995731,0.006996783
995732,0.0077442843
995733,0.0097426474
995734,0.0064120889
995735,0.01032643
995736,0.02995372
995737,0.002673394
995738,0.035015021
995739,0.030659037
995740,0.0060554054
995741,0.0025216201
995742,0.024179975
995743,0.007114545
995744,0.017118566
995745,0.0088393996
995746,0.013995002
995747,0.0067655677
995748,0.01071921
995749,0.010596422
995750,0.0071202894
995751,0.007305549
995752,0.0074376725
995753,0.0020481679
995754,0.01741728
995755,0.010783835
995756,0.0092967311
995757,0.017284438
995758,0.014183134
995759,0.022661949
995760,0.0063826074
995761,0.017561609
995762,0.015235093
995763,0.0071935318
995764,0.02421516
995765,0.0071188533
995766,0.0071088006
995767,0.010428395
995768,0.020554526
995769,0.010438448
995770,0.015671674
995771,0.0070161708
995772,0.013161848
995773,0.014284381
995774,0.0069867303
995775,0.011629711
995776,0.020965936
995777,0.0072265626
995778,0.017999491
995779,0.00570571
995780,0.010605038
995781,0.0070269415
995782,0.013932531
995783,0.0072998046
995784,0.011231905
995785,0.0070542279
995786,0.01735409
995787,0.0081112133
995788,0.017889045
995789,0.026664464
995790,0.036022339
995791,0.025488963
995792,0.0069917566
995793,0.013823385
995794,0.020464011
995795,0.030320112
995796,0.0076013901
995797,0.0078347595
995798,0.036969353
995799,0.0071806065
995800,0.0072574392
995801,0.0078699449
995802,0.0061250576
995803,0.013941147
995804,0.011104808
995805,0.02325655
995806,0.039912682
995807,0.0066485237
995808,0.010699104
995809,0.016727932
995810,0.0072531309
995811,0.0068862019
995812,0.0075195311
995813,0.0099401679
995814,0.0072057387
995815,0.0073235007
995816,0.0036974023
995817,0.021195715
995818,0.0078821518
995819,0.039502673
995820,0.0070937211
995821,0.0071281884
995822,0.017167395
995823,0.010416231
995824,0.010886517
995825,0.010994945
995826,0.011891085
995827,0.010578469
995828,0.0095538329
995829,0.023833152
995830,0.01750919
995831,0.026945226
995832,0.013982077
995833,0.01090447
995834,0.0071626552
995835,0.0069572898
995836,0.010592831
995837,0.010602166
995838,0.0064503313
995839,0.02392219
995840,0.010100959
995841,0.007233025
995842,0.013673311
995843,0.0022563592
995844,0.010321404
995845,0.0073098578
995846,0.0084221335
995847,0.010029153
995848,0.017672909
995849,0.0089075426
995850,0.010406854
995851,0.01129653
995852,0.0071231616
995853,0.014321002
995854,0.0075640511
995855,0.0088443533
995856,0.010510254
995857,0.010684025
995858,0.029813878
995859,0.0071691177
995860,0.011628993
995861,0.014182416
995862,0.0075755399
995863,0.0069113337
995864,0.0070168888
995865,0.0068969727
995866,0.0075482535
995867,0.014185288
995868,0.0074462891
995869,0.0070800781
995870,0.0070448932
995871,0.0016758314
995872,0.0082936008
995873,0.010677562
995874,0.0094259819
995875,0.0079733459
995876,0.020634191
995877,0.007813218
995878,0.010724236
995879,0.030503217
995880,0.035902936
995881,0.014030187
995882,0.0070506376
995883,0.0071396772
995884,0.0075137867
995885,0.013671875
995886,0.016919663
995887,0.010504509
995888,0.030473059
995889,0.01384421
995890,0.02393727
995891,0.024057904
995892,0.010589959
995893,0.028652292
995894,0.012931154
995895,0.0074240291
995896,0.00891471
995897,0.0071899416
995898,0.013845646
995899,0.0071497299
995900,0.0071561923
995901,0.0069429288
995902,0.013391654
995903,0.0070427391
995904,0.013136978
995905,0.0076552448
995906,0.0063081631
995907,0.0096737128
995908,0.017567562
995909,0.010537541
995910,0.0075482535
995911,0.0069666244
995912,0.039759018
995913,0.01071562
995914,0.0097701913
995915,0.010836972
995916,0.0072078928
995917,0.0074498793
995918,0.011112707
995919,0.0075762579
995920,0.0080429977
995921,0.027482621
995922,0.039466769
995923,0.012773581
995924,0.037779324
995925,0.010377413
995926,0.019982193
995927,0.01754294
995928,0.014237707
995929,0.0064137233
995930,0.0068933824
995931,0.022453038
995932,0.010360898
995933,0.019197743
995934,0.013725012
995935,0.0073629939
995936,0.023317168
995937,0.0073680202
995938,0.01114502
995939,0.010572007
995940,0.010300775
995941,0.019951316
995942,0.0073335534
995943,0.013916016
995944,0.0084443931
995945,0.028010109
995946,0.006358874
995947,0.0072703641
995948,0.007136805
995949,0.010560518
995950,0.0106711
995951,0.0069536995
995952,0.0078354776
995953,0.0065483451
995954,0.013824822
995955,0.0078627644
995956,0.014276482
995957,0.036721621
995958,0.010208668
995959,0.0020357573
995960,0.0073349895
995961,0.0070937211
995962,0.011971507
995963,0.0074936813
995964,0.0079934513
995965,0.027912455
995966,0.01372932
995967,0.01048943
995968,0.0055211685
995969,0.008781882
995970,0.020691637
995971,0.0075145047
995972,0.0074355183
995973,0.013674029
995974,0.0072308709
995975,0.0070326859
995976,0.010544003
995977,0.010627298
995978,0.0099523207
995979,0.013948329
995980,0.0070039639
995981,0.0090403836
995982,0.010629452
995983,0.0094496785
995984,0.030773927
995985,0.017293774
995986,0.013366699
995987,0.0096779373
995988,0.0071289064
995989,0.0076121609
995990,0.0080264825
995991,0.0067934622
995992,0.0080056582
995993,0.0082561141
995994,0.0092581054
995995,0.0073701749
995996,0.0073421705
995997,0.015454819
995998,0.020707434
995999,0.014234834
996000,0.0054644416
996001,0.024006205
996002,0.010673254
996003,0.008223949
996004,0.0073787915
996005,0.0082268212
996006,0.0072868797
996007,0.0071834787
996008,0.013017231
996009,0.011660587
996010,0.01113712
996011,0.010765883
996012,0.0062607708
996013,0.0016193592
996014,0.0070520737
996015,0.0071432674
996016,0.023828125
996017,0.010874311
996018,0.016882325
996019,0.010685461
996020,0.013859289
996021,0.0072725182
996022,0.010513126
996023,0.0078160902
996024,0.011004279
996025,0.0071920957
996026,0.020496324
996027,0.0075303023
996028,0.010655303
996029,0.0094781062
996030,0.0075008618
996031,0.013579963
996032,0.024287684
996033,0.0070398669
996034,0.0062022102
996035,0.010186409
996036,0.012719094
996037,0.017401483
996038,0.016142385
996039,0.025623078
996040,0.0095667224
996041,0.0070391488
996042,0.014005055
996043,0.010280474
996044,0.010571289
996045,0.0071123908
996046,0.0072430777
996047,0.024199363
996048,0.0072373333
996049,0.013932531
996050,0.0070542279
996051,0.010988482
996052,0.0107228
996053,0.0056181066
996054,0.012229291
996055,0.010616527
996056,0.017026654
996057,0.020612076
996058,0.013805434
996059,0.0073608398
996060,0.014035214
996061,0.020350846
996062,0.010812557
996063,0.020537253
996064,0.0074269013
996065,0.010515998
996066,0.010587086
996067,0.019439338
996068,0.007291188
996069,0.010498047
996070,0.0099402936
996071,0.0074039237
996072,0.006996783
996073,0.027251838
996074,0.0056475471
996075,0.0064521567
996076,0.0062747691
996077,0.011435834
996078,0.0063943304
996079,0.0076387292
996080,0.0390625
996081,0.0071439855
996082,0.0084903492
996083,0.022521731
996084,0.007042021
996085,0.005551327
996086,0.010328584
996087,0.010610783
996088,0.0069285673
996089,0.017198989
996090,0.014005773
996091,0.015590533
996092,0.033985812
996093,0.0080236094
996094,0.0072423597
996095,0.0064073545
996096,0.017365579
996097,0.033010527
996098,0.010467889
996099,0.0079525216
996100,0.013583554
996101,0.0070082722
996102,0.017199706
996103,0.0083388388
996104,0.010470043
996105,0.014175235
996106,0.0072222543
996107,0.014136461
996108,0.011238902
996109,0.017460363
996110,0.0064122817
996111,0.0069285673
996112,0.0086799171
996113,0.0058148555
996114,0.0068711224
996115,0.010449219
996116,0.0081413714
996117,0.0070772059
996118,0.038625918
996119,0.027689856
996120,0.039652027
996121,0.010628016
996122,0.0068991268
996123,0.038120404
996124,0.023701746
996125,0.014432301
996126,0.013546932
996127,0.011830631
996128,0.02053079
996129,0.0075116325
996130,0.0072725182
996131,0.0072531309
996132,0.010452809
996133,0.0071432674
996134,0.0074053598
996135,0.0069486732
996136,0.016964182
996137,0.010749368
996138,0.0073098578
996139,0.0071238796
996140,0.019502917
996141,0.014013672
996142,0.0081600416
996143,0.010718492
996144,0.007137523
996145,0.030733714
996146,0.020565256
996147,0.007173426
996148,0.023185657
996149,0.0071396772
996150,0.0075482535
996151,0.014234116
996152,0.0061523439
996153,0.039443791
996154,0.013468664
996155,0.0088120401
996156,0.0073507871
996157,0.0070183249
996158,0.020909926
996159,0.017247099
996160,0.020993222
996161,0.030606618
996162,0.0077378219
996163,0.0064661363
996164,0.0072430777
996165,0.020004146
996166,0.028028781
996167,0.039368395
996168,0.020597864
996169,0.010474351
996170,0.0070958757
996171,0.034517176
996172,0.0071181352
996173,0.010482968
996174,0.0069393381
996175,0.0059132297
996176,0.025195312
996177,0.014411477
996178,0.0073227827
996179,0.010484404
996180,0.0090130977
996181,0.017400047
996182,0.0073378617
996183,0.013869341
996184,0.0091559915
996185,0.0070657171
996186,0.013979205
996187,0.0082340017
996188,0.010611501
996189,0.032625932
996190,0.0060069785
996191,0.010449219
996192,0.014092659
996193,0.006609668
996194,0.0061100945
996195,0.0076286765
996196,0.01613318
996197,0.0073005226
996198,0.011625402
996199,0.010214413
996200,0.033311293
996201,0.0075482535
996202,0.027929688
996203,0.014018699
996204,0.0070642806
996205,0.014005773
996206,0.019970704
996207,0.010309197
996208,0.0073385797
996209,0.0091710705
996210,0.0069572898
996211,0.0072265626
996212,0.0072272806
996213,0.010553338
996214,0.0072840075
996215,0.013904527
996216,0.0076976102
996217,0.037221678
996218,0.010794606
996219,0.010573443
996220,0.010477941
996221,0.010341509
996222,0.0070571001
996223,0.010468607
996224,0.0069027171
996225,0.0073299631
996226,0.0073335534
996227,0.0094186375
996228,0.010768037
996229,0.0071131089
996230,0.010631606
996231,0.0077844956
996232,0.0071281884
996233,0.010627298
996234,0.0069838581
996235,0.013480871
996236,0.0085700536
996237,0.01995777
996238,0.0070865406
996239,0.01063017
996240,0.010157686
996241,0.0064454046
996242,0.01060791
996243,0.014054601
996244,0.01199664
996245,0.0072344611
996246,0.0076530906
996247,0.039494772
996248,0.013496668
996249,0.0075367647
996250,0.037115838
996251,0.025672823
996252,0.007195686
996253,0.039676443
996254,0.0074620866
996255,0.015659466
996256,0.010493739
996257,0.0065769781
996258,0.0071928138
996259,0.010317096
996260,0.010439884
996261,0.020560231
996262,0.01430305
996263,0.0073680202
996264,0.0068639419
996265,0.021615664
996266,0.0076545267
996267,0.011457376
996268,0.0091028549
996269,0.022918137
996270,0.0059347712
996271,0.011920525
996272,0.01044491
996273,0.013076602
996274,0.0072753904
996275,0.010628734
996276,0.0071676816
996277,0.011583037
996278,0.010340073
996279,0.013863597
996280,0.0070312498
996281,0.027656106
996282,0.038570628
996283,0.0072143553
996284,0.010638786
996285,0.0072086109
996286,0.010639505
996287,0.016618079
996288,0.017364861
996289,0.0065552867
996290,0.035258722
996291,0.007077924
996292,0.014274328
996293,0.0083948392
996294,0.013867187
996295,0.012550983
996296,0.0065084971
996297,0.0063376036
996298,0.0021539538
996299,0.010426241
996300,0.036060289
996301,0.012890625
996302,0.014104147
996303,0.014903349
996304,0.0060755112
996305,0.0073694563
996306,0.007114545
996307,0.0078519937
996308,0.013414937
996309,0.019894589
996310,0.0072122011
996311,0.010760857
996312,0.0096536074
996313,0.010474351
996314,0.0072201001
996315,0.014282227
996316,0.0071985582
996317,0.020637782
996318,0.016595544
996319,0.010480814
996320,0.0079654474
996321,0.012227762
996322,0.036580592
996323,0.0070815142
996324,0.024253218
996325,0.033509739
996326,0.025454532
996327,0.008826402
996328,0.010699104
996329,0.010741469
996330,0.0083891023
996331,0.027907427
996332,0.0078448132
996333,0.014482565
996334,0.010574161
996335,0.032690212
996336,0.005139878
996337,0.032697611
996338,0.010363052
996339,0.0064323875
996340,0.0078239888
996341,0.010523897
996342,0.0063972026
996343,0.012111529
996344,0.0074383905
996345,0.0083812037
996346,0.0074606501
996347,0.0072725182
996348,0.0074125403
996349,0.006946519
996350,0.020696662
996351,0.013361673
996352,0.01716524
996353,0.013820513
996354,0.0076832492
996355,0.0085217841
996356,0.0071583469
996357,0.0074943993
996358,0.014017981
996359,0.0073479149
996360,0.0070944391
996361,0.017289465
996362,0.01060432
996363,0.007349351
996364,0.0069529815
996365,0.0071116728
996366,0.0072847256
996367,0.010732853
996368,0.0071727079
996369,0.0070980298
996370,0.032620922
996371,0.0094453702
996372,0.010234519
996373,0.01039321
996374,0.0072524128
996375,0.0019912701
996376,0.01415513
996377,0.0075719496
996378,0.0013803125
996379,0.0018543783
996380,0.010422651
996381,0.0070326859
996382,0.010468607
996383,0.010549029
996384,0.0073263729
996385,0.014270738
996386,0.021117445
996387,0.0065792422
996388,0.018288085
996389,0.0081505431
996390,0.007739258
996391,0.010811121
996392,0.026314549
996393,0.019101348
996394,0.003328748
996395,0.0070822323
996396,0.013938993
996397,0.0072631836
996398,0.011050235
996399,0.010483686
996400,0.01734332
996401,0.039671414
996402,0.0078053195
996403,0.012860467
996404,0.038729321
996405,0.010185691
996406,0.010307761
996407,0.027013442
996408,0.01175609
996409,0.0080451518
996410,0.010987764
996411,0.026686914
996412,0.038814049
996413,0.011209645
996414,0.010496611
996415,0.010376695
996416,0.0071569108
996417,0.0075109145
996418,0.0070657171
996419,0.014198214
996420,0.0070283776
996421,0.028522087
996422,0.015538094
996423,0.010432703
996424,0.0069544176
996425,0.0071841967
996426,0.021433124
996427,0.0064937696
996428,0.011029412
996429,0.017380659
996430,0.0094992248
996431,0.0062384065
996432,0.0073263729
996433,0.0072516948
996434,0.023690257
996435,0.0072337431
996436,0.014249913
996437,0.0092321057
996438,0.0108262
996439,0.0071238796
996440,0.012697467
996441,0.0071920957
996442,0.027269071
996443,0.01797593
996444,0.010277602
996445,0.0075195311
996446,0.017262178
996447,0.011064596
996448,0.028923262
996449,0.0073780734
996450,0.007459932
996451,0.020550895
996452,0.039430864
996453,0.012891937
996454,0.010111731
996455,0.010753676
996456,0.013670439
996457,0.021010455
996458,0.0069874483
996459,0.0074125403
996460,0.010760857
996461,0.0072954963
996462,0.013284355
996463,0.00647859
996464,0.010136862
996465,0.0070657171
996466,0.011500459
996467,0.0083582262
996468,0.010307761
996469,0.010813993
996470,0.021050666
996471,0.014112046
996472,0.013941865
996473,0.020421645
996474,0.010792452
996475,0.034110755
996476,0.012379366
996477,0.010256778
996478,0.02694379
996479,0.013871496
996480,0.0084616272
996481,0.007584875
996482,0.03949549
996483,0.0068718405
996484,0.0074735754
996485,0.007004682
996486,0.014371984
996487,0.015136001
996488,0.011640482
996489,0.011020795
996490,0.011951402
996491,0.010453527
996492,0.0070822323
996493,0.017567353
996494,0.013327206
996495,0.039331771
996496,0.013751579
996497,0.0043125716
996498,0.015625
996499,0.0069730869
996500,0.0022866547
996501,0.010661765
996502,0.017427333
996503,0.030833252
996504,0.010485122
996505,0.024628762
996506,0.0070793601
996507,0.01114143
996508,0.018511605
996509,0.039485436
996510,0.01621777
996511,0.0060460707
996512,0.0062018898
996513,0.0096744318
996514,0.016432818
996515,0.011661305
996516,0.012502872
996517,0.010644531
996518,0.0070434571
996519,0.0095190322
996520,0.013295362
996521,0.010668945
996522,0.0083309393
996523,0.021324966
996524,0.010569853
996525,0.0098262178
996526,0.014292997
996527,0.0068689683
996528,0.0073515051
996529,0.0069587259
996530,0.0077579273
996531,0.0069738054
996532,0.0074534696
996533,0.03684872
996534,0.0029598873
996535,0.016083706
996536,0.0065336339
996537,0.007019761
996538,0.0063968101
996539,0.0072861616
996540,0.030873736
996541,0.0075252759
996542,0.013776712
996543,0.022302821
996544,0.011486098
996545,0.033932675
996546,0.020660041
996547,0.007775879
996548,0.013683364
996549,0.0071102367
996550,0.0070484835
996551,0.0071576289
996552,0.006996783
996553,0.0073931525
996554,0.0068933824
996555,0.0071806065
996556,0.0068711224
996557,0.0071992762
996558,0.014896168
996559,0.0080559226
996560,0.0075137867
996561,0.0074987076
996562,0.013388241
996563,0.013678337
996564,0.010075827
996565,0.010500919
996566,0.0066249818
996567,0.0064151539
996568,0.0070693074
996569,0.0075202491
996570,0.009017406
996571,0.017057531
996572,0.0070571001
996573,0.0062614889
996574,0.0072531309
996575,0.021714872
996576,0.010617963
996577,0.006901281
996578,0.010901597
996579,0.0063736448
996580,0.0059268726
996581,0.010455681
996582,0.0076775048
996583,0.01039321
996584,0.010908778
996585,0.023932245
996586,0.014912684
996587,0.039552219
996588,0.033763211
996589,0.0073069851
996590,0.0082367854
996591,0.006901999
996592,0.017306698
996593,0.007306267
996594,0.020469038
996595,0.0076638614
996596,0.0075899013
996597,0.01087072
996598,0.0075303023
996599,0.0072366153
996600,0.01451057
996601,0.020579619
996602,0.0071016201
996603,0.0077672624
996604,0.01079317
996605,0.030885944
996606,0.017476879
996607,0.010631606
996608,0.013844928
996609,0.0076437555
996610,0.013649615
996611,0.01733291
996612,0.008429314
996613,0.022684094
996614,0.018544599
996615,0.021285472
996616,0.011953556
996617,0.022378847
996618,0.007077924
996619,0.033087272
996620,0.0071856328
996621,0.0085865697
996622,0.024242446
996623,0.025154976
996624,0.01396269
996625,0.017095588
996626,0.03430032
996627,0.0094518326
996628,0.010295554
996629,0.013639562
996630,0.0079733459
996631,0.0073895622
996632,0.016806209
996633,0.013476497
996634,0.010574161
996635,0.010819738
996636,0.0086418604
996637,0.006161775
996638,0.0060913088
996639,0.02605135
996640,0.0070542279
996641,0.008165786
996642,0.017749023
996643,0.0070104264
996644,0.0071095186
996645,0.016342342
996646,0.0070255054
996647,0.0070822323
996648,0.017666446
996649,0.0072122011
996650,0.017015165
996651,0.010314223
996652,0.039242733
996653,0.017092716
996654,0.015989549
996655,0.012685946
996656,0.0070025274
996657,0.0074218749
996658,0.033557128
996659,0.010873592
996660,0.016957721
996661,0.0139591
996662,0.0070211971
996663,0.0066054245
996664,0.0024376852
996665,0.013572782
996666,0.0075274301
996667,0.0072954963
996668,0.013544442
996669,0.0062112249
996670,0.0066399928
996671,0.0089211855
996672,0.010273294
996673,0.010709874
996674,0.020714615
996675,0.026074804
996676,0.036748189
996677,0.0071913777
996678,0.010428395
996679,0.011595267
996680,0.013209209
996681,0.014967974
996682,0.014426556
996683,0.011187385
996684,0.01072639
996685,0.01372573
996686,0.010602884
996687,0.0071640913
996688,0.011259191
996689,0.010038488
996690,0.012465533
996691,0.0095907198
996692,0.011251292
996693,0.0080451518
996694,0.010409008
996695,0.010234519
996696,0.017188936
996697,0.0070477654
996698,0.0078469673
996699,0.030284926
996700,0.021021226
996701,0.013401885
996702,0.0099476529
996703,0.013511029
996704,0.015101533
996705,0.017382812
996706,0.014080452
996707,0.030707864
996708,0.010579187
996709,0.0072351792
996710,0.012946504
996711,0.029812619
996712,0.0071490118
996713,0.008150707
996714,0.0092313876
996715,0.0069773956
996716,0.013203699
996717,0.010531796
996718,0.013737937
996719,0.0072610294
996720,0.0075216852
996721,0.0073830998
996722,0.0072703641
996723,0.0088278381
996724,0.0072409236
996725,0.01632553
996726,0.0072078928
996727,0.031760212
996728,0.010712029
996729,0.0070664352
996730,0.0076976102
996731,0.0081866095
996732,0.010444192
996733,0.013668285
996734,0.0074211569
996735,0.0070535098
996736,0.0066546872
996737,0.027561322
996738,0.013807588
996739,0.0073665841
996740,0.011882468
996741,0.0068589156
996742,0.039377011
996743,0.0074247471
996744,0.011954039
996745,0.010431267
996746,0.0072071748
996747,0.010638068
996748,0.016888786
996749,0.010661765
996750,0.0074793198
996751,0.024955982
996752,0.0072775446
996753,0.0075066062
996754,0.0075051701
996755,0.0072481045
996756,0.0092687272
996757,0.01553237
996758,0.0074039237
996759,0.019213572
996760,0.019124135
996761,0.010345099
996762,0.010502355
996763,0.0098970495
996764,0.016962029
996765,0.010444192
996766,0.0069910386
996767,0.021671789
996768,0.017619055
996769,0.010261805
996770,0.013847082
996771,0.0068323473
996772,0.010816866
996773,0.010337919
996774,0.012830962
996775,0.007445571
996776,0.010931755
996777,0.0073665841
996778,0.023487076
996779,0.0094180834
996780,0.010596422
996781,0.014078298
996782,0.0072646197
996783,0.019275544
996784,0.0072861616
996785,0.015521599
996786,0.024702005
996787,0.020706715
996788,0.013939711
996789,0.036719467
996790,0.034353457
996791,0.013363891
996792,0.035608135
996793,0.0093647782
996794,0.020158118
996795,0.0071403952
996796,0.017479032
996797,0.0071468577
996798,0.010951143
996799,0.039467487
996800,0.0069364659
996801,0.014315258
996802,0.023254978
996803,0.030748075
996804,0.010112449
996805,0.0069623161
996806,0.014055319
996807,0.010714902
996808,0.021220846
996809,0.013761632
996810,0.0073105758
996811,0.0071332147
996812,0.010460707
996813,0.010630888
996814,0.007019761
996815,0.010801069
996816,0.028351907
996817,0.0073529412
996818,0.026673082
996819,0.010475787
996820,0.0070592542
996821,0.012971206
996822,0.0070054
996823,0.036980122
996824,0.031308882
996825,0.0077923941
996826,0.013586415
996827,0.013822667
996828,0.0076660155
996829,0.016949821
996830,0.017066866
996831,0.014073989
996832,0.010667509
996833,0.010621553
996834,0.017635569
996835,0.010420497
996836,0.010428395
996837,0.021128217
996838,0.016865809
996839,0.017269358
996840,0.010095457
996841,0.005859375
996842,0.010667509
996843,0.0073263729
996844,0.0080494601
996845,0.0059168199
996846,0.017257152
996847,0.0067598233
996848,0.0071116728
996849,0.012953096
996850,0.0098188994
996851,0.0072157914
996852,0.0070018093
996853,0.02700698
996854,0.0072868797
996855,0.0065281182
996856,0.023899931
996857,0.0080494601
996858,0.010565544
996859,0.01650296
996860,0.01091524
996861,0.013366682
996862,0.0086591663
996863,0.0073888442
996864,0.010294118
996865,0.0072014304
996866,0.013671157
996867,0.0085418839
996868,0.010426241
996869,0.0068036248
996870,0.027746582
996871,0.012961249
996872,0.0071827606
996873,0.03968434
996874,0.039882526
996875,0.038238078
996876,0.01299259
996877,0.0072409236
996878,0.0070736157
996879,0.0069738054
996880,0.032271419
996881,0.0073637119
996882,0.039705884
996883,0.0082543138
996884,0.037454043
996885,0.023949478
996886,0.014352596
996887,0.0071231616
996888,0.027435662
996889,0.010796042
996890,0.0067333677
996891,0.013092401
996892,0.013558421
996893,0.021391746
996894,0.0071109547
996895,0.0072818534
996896,0.017725328
996897,0.036746107
996898,0.0086519131
996899,0.0073019909
996900,0.01979213
996901,0.013867187
996902,0.0071396772
996903,0.0070377127
996904,0.0067454618
996905,0.02400046
996906,0.028736915
996907,0.027688419
996908,0.039649874
996909,0.0073881261
996910,0.0072868797
996911,0.014030187
996912,0.011909036
996913,0.02036061
996914,0.023558851
996915,0.011814252
996916,0.01602855
996917,0.0075094784
996918,0.01079676
996919,0.0064108437
996920,0.013683364
996921,0.020122426
996922,0.027023738
996923,0.024116067
996924,0.007210765
996925,0.0068941005
996926,0.033631809
996927,0.017533606
996928,0.017844915
996929,0.010308479
996930,0.027534036
996931,0.010572007
996932,0.037901394
996933,0.019026512
996934,0.014102711
996935,0.0070980298
996936,0.014187442
996937,0.03929228
996938,0.007365148
996939,0.02081586
996940,0.017263614
996941,0.016486673
996942,0.016839959
996943,0.0071389591
996944,0.0062594516
996945,0.0072445138
996946,0.010708438
996947,0.010560518
996948,0.0064438763
996949,0.01430305
996950,0.0072409236
996951,0.020769905
996952,0.010174202
996953,0.014160874
996954,0.0070836684
996955,0.0073012407
996956,0.0070391488
996957,0.013821231
996958,0.0076401653
996959,0.0074606501
996960,0.0080731558
996961,0.010468607
996962,0.0070097083
996963,0.011368336
996964,0.0073658661
996965,0.0074807559
996966,0.0081040328
996967,0.0072976504
996968,0.0069199507
996969,0.017244944
996970,0.0069357478
996971,0.0063009821
996972,0.0099142632
996973,0.01071131
996974,0.023596276
996975,0.0069860122
996976,0.0070714615
996977,0.019628188
996978,0.0059979609
996979,0.0060668364
996980,0.024564138
996981,0.013677619
996982,0.0067670038
996983,0.010803941
996984,0.010526051
996985,0.0065404791
996986,0.014007928
996987,0.0074197208
996988,0.0074994257
996989,0.0156767
996990,0.0061999955
996991,0.0069788317
996992,0.012047621
996993,0.017041733
996994,0.0071195713
996995,0.0072818534
996996,0.0072840075
996997,0.0057322783
996998,0.0070980298
996999,0.0072524128
997000,0.010963351
997001,0.014165901
997002,0.012928027
997003,0.024032772
997004,0.014054601
997005,0.01048943
997006,0.0069364659
997007,0.010366642
997008,0.00731273
997009,0.0075762579
997010,0.010477941
997011,0.0069587259
997012,0.010868566
997013,0.0075482535
997014,0.0042628716
997015,0.011661305
997016,0.0068833297
997017,0.010279038
997018,0.0070664352
997019,0.013924632
997020,0.023347743
997021,0.0062625334
997022,0.024783865
997023,0.039338235
997024,0.0066555501
997025,0.0078986669
997026,0.010708438
997027,0.010312787
997028,0.027363138
997029,0.027137667
997030,0.013867187
997031,0.0072387694
997032,0.021342916
997033,0.017109232
997034,0.007195686
997035,0.012522978
997036,0.014148667
997037,0.013752297
997038,0.0095785568
997039,0.015947409
997040,0.039595302
997041,0.0066306926
997042,0.008459473
997043,0.005243795
997044,0.010525333
997045,0.0072875977
997046,0.0083754594
997047,0.006677845
997048,0.0072904699
997049,0.0074742935
997050,0.019866435
997051,0.020782111
997052,0.007459214
997053,0.02031609
997054,0.010426959
997055,0.0063038548
997056,0.0071806065
997057,0.017081944
997058,0.0052763098
997059,0.0074211569
997060,0.0073988969
997061,0.006996783
997062,0.010634478
997063,0.0075504077
997064,0.010824764
997065,0.010625862
997066,0.0070075542
997067,0.039710909
997068,0.010534668
997069,0.0063472982
997070,0.017204734
997071,0.019514017
997072,0.009383617
997073,0.0071023381
997074,0.022454474
997075,0.0098465225
997076,0.017510626
997077,0.0072495406
997078,0.0072624655
997079,0.014022289
997080,0.01033002
997081,0.0079194913
997082,0.0098446114
997083,0.0065427828
997084,0.020291677
997085,0.0077234604
997086,0.027478028
997087,0.010549747
997088,0.016860064
997089,0.0073005226
997090,0.009860782
997091,0.013510311
997092,0.012262322
997093,0.013821231
997094,0.0065372242
997095,0.0047184094
997096,0.0072840075
997097,0.0071116728
997098,0.011868106
997099,0.021444881
997100,0.0075058881
997101,0.020834114
997102,0.0095207663
997103,0.01071131
997104,0.011435834
997105,0.0096223187
997106,0.039135743
997107,0.0072610294
997108,0.013327206
997109,0.0078089098
997110,0.016886633
997111,0.029149093
997112,0.017399328
997113,0.031291649
997114,0.010619399
997115,0.0073041129
997116,0.0071691177
997117,0.016960593
997118,0.010382439
997119,0.017417997
997120,0.013796099
997121,0.020519301
997122,0.027596507
997123,0.0075654872
997124,0.016948385
997125,0.010803941
997126,0.013702033
997127,0.01349954
997128,0.022303205
997129,0.024230238
997130,0.026564419
997131,0.010026281
997132,0.010903033
997133,0.010926011
997134,0.014038804
997135,0.00698314
997136,0.0090992646
997137,0.0073795095
997138,0.016343947
997139,0.018047737
997140,0.0076536485
997141,0.0068933824
997142,0.0074541876
997143,0.0076681697
997144,0.014038086
997145,0.0069120517
997146,0.030471623
997147,0.0072136372
997148,0.010236673
997149,0.014879653
997150,0.010650275
997151,0.0056525734
997152,0.007093003
997153,0.0073328353
997154,0.017303826
997155,0.0072840075
997156,0.0063022114
997157,0.0073694563
997158,0.018582299
997159,0.013930377
997160,0.011094755
997161,0.015975123
997162,0.011096261
997163,0.020588236
997164,0.010846307
997165,0.020377126
997166,0.010426241
997167,0.014201804
997168,0.0071482938
997169,0.0075755399
997170,0.010618681
997171,0.0072617475
997172,0.0070283776
997173,0.0066715018
997174,0.015538404
997175,0.017601103
997176,0.026081039
997177,0.033584416
997178,0.020161707
997179,0.0075453813
997180,0.01081543
997181,0.0079395967
997182,0.0069716508
997183,0.0078347595
997184,0.010671818
997185,0.0075913374
997186,0.010549747
997187,0.037531596
997188,0.0023648224
997189,0.0064366958
997190,0.0072459499
997191,0.0071748621
997192,0.0074175666
997193,0.017087689
997194,0.0085757989
997195,0.0078189624
997196,0.0075949277
997197,0.0074132583
997198,0.039455999
997199,0.0072531309
997200,0.013088055
997201,0.006241173
997202,0.0098489197
997203,0.00857508
997204,0.0096580237
997205,0.029472189
997206,0.013659668
997207,0.0091359438
997208,0.010515998
997209,0.017602827
997210,0.0074771657
997211,0.0095795076
997212,0.013970588
997213,0.0072667738
997214,0.0073184744
997215,0.020442469
997216,0.0073199105
997217,0.0065364018
997218,0.0073098578
997219,0.016195089
997220,0.011662676
997221,0.015947938
997222,0.0071971221
997223,0.017946491
997224,0.0072524128
997225,0.013904527
997226,0.01039321
997227,0.01389232
997228,0.0059139477
997229,0.014234834
997230,0.011573419
997231,0.017722255
997232,0.0073852539
997233,0.010772346
997234,0.010145479
997235,0.010875747
997236,0.010861386
997237,0.0077471565
997238,0.010340791
997239,0.0066930433
997240,0.0072840075
997241,0.0093654236
997242,0.0027932166
997243,0.011879596
997244,0.0066436916
997245,0.0080896718
997246,0.0071425494
997247,0.0079561118
997248,0.0074398266
997249,0.0068818936
997250,0.0065720314
997251,0.0072516948
997252,0.0070628445
997253,0.019478831
997254,0.0071633733
997255,0.0072682099
997256,0.0081270104
997257,0.0068151136
997258,0.0071382411
997259,0.0063476814
997260,0.013401885
997261,0.011848719
997262,0.019712254
997263,0.0072624655
997264,0.0065379422
997265,0.010093778
997266,0.0088953357
997267,0.010541131
997268,0.010668227
997269,0.020573156
997270,0.010236673
997271,0.0076559628
997272,0.013558421
997273,0.0068826117
997274,0.0072222543
997275,0.0070614084
997276,0.03687026
997277,0.0075741038
997278,0.009413057
997279,0.01083769
997280,0.014875589
997281,0.018278953
997282,0.0062081981
997283,0.018223662
997284,0.01994198
997285,0.017382812
997286,0.0061014914
997287,0.017053222
997288,0.0080681294
997289,0.0072933421
997290,0.01439568
997291,0.013936121
997292,0.03102022
997293,0.01764706
997294,0.010750804
997295,0.027358111
997296,0.036538221
997297,0.026486386
997298,0.013846364
997299,0.0098870089
997300,0.011325971
997301,0.0080814725
997302,0.0091559915
997303,0.026268531
997304,0.008180147
997305,0.0075130686
997306,0.010549029
997307,0.0077478746
997308,0.010508818
997309,0.010442038
997310,0.0073199105
997311,0.0108262
997312,0.010202924
997313,0.010928883
997314,0.011465993
997315,0.010502355
997316,0.0073615578
997317,0.013582118
997318,0.0020060563
997319,0.0071662455
997320,0.020567412
997321,0.0061766454
997322,0.0063763787
997323,0.0066111637
997324,0.01037454
997325,0.035521112
997326,0.014186006
997327,0.0073479149
997328,0.038568474
997329,0.009027862
997330,0.020611214
997331,0.016857911
997332,0.006666244
997333,0.0081823012
997334,0.033599496
997335,0.013332624
997336,0.0074577779
997337,0.019341184
997338,0.0068309112
997339,0.013819077
997340,0.039269302
997341,0.034296732
997342,0.0062136496
997343,0.0073795095
997344,0.0061980491
997345,0.028959015
997346,0.0062631164
997347,0.017326804
997348,0.0070219152
997349,0.010638068
997350,0.0073694563
997351,0.013969152
997352,0.0073486329
997353,0.0069845761
997354,0.030347398
997355,0.010578469
997356,0.006996783
997357,0.0071626552
997358,0.022041304
997359,0.0071885055
997360,0.017882429
997361,0.0073328353
997362,0.016169026
997363,0.0094877239
997364,0.015533088
997365,0.039568014
997366,0.0072674919
997367,0.013034791
997368,0.014788459
997369,0.035395913
997370,0.007196404
997371,0.014071117
997372,0.0075719496
997373,0.010284783
997374,0.014188878
997375,0.0071612191
997376,0.010202206
997377,0.0075022979
997378,0.007019761
997379,0.005873736
997380,0.025689337
997381,0.010732135
997382,0.0072265626
997383,0.013773122
997384,0.017097743
997385,0.0067368452
997386,0.01082261
997387,0.0073077031
997388,0.013788201
997389,0.0072215362
997390,0.0065164007
997391,0.0072617475
997392,0.0066865808
997393,0.010901597
997394,0.0140625
997395,0.013765941
997396,0.031100644
997397,0.0090267407
997398,0.0094259819
997399,0.010582778
997400,0.0073680202
997401,0.0086152917
997402,0.0057408949
997403,0.0075697955
997404,0.017774874
997405,0.039523493
997406,0.025446631
997407,0.038729321
997408,0.023571059
997409,0.013923914
997410,0.0071238796
997411,0.0062375632
997412,0.0073838178
997413,0.012497846
997414,0.0078153722
997415,0.014124971
997416,0.0026026303
997417,0.024111759
997418,0.030073913
997419,0.011074649
997420,0.0070772059
997421,0.033950627
997422,0.0072387694
997423,0.020724667
997424,0.0019865299
997425,0.02507396
997426,0.007159065
997427,0.010767319
997428,0.0068625058
997429,0.0066506779
997430,0.0094353175
997431,0.005858657
997432,0.015250172
997433,0.0061963606
997434,0.0073450427
997435,0.0073141661
997436,0.0073759193
997437,0.0076882755
997438,0.0161964
997439,0.0065860525
997440,0.020439597
997441,0.013848518
997442,0.0082304114
997443,0.0072832895
997444,0.0069343117
997445,0.010756548
997446,0.037672333
997447,0.0080652572
997448,0.0081571694
997449,0.0071138269
997450,0.0070987479
997451,0.016140567
997452,0.0063192961
997453,0.010378849
997454,0.014282945
997455,0.010423369
997456,0.013292739
997457,0.0072315889
997458,0.0063838754
997459,0.013902373
997460,0.0071461396
997461,0.024798226
997462,0.0072402055
997463,0.0077184341
997464,0.03449348
997465,0.023844641
997466,0.036379106
997467,0.018421846
997468,0.01043773
997469,0.034172781
997470,0.0073795095
997471,0.013838465
997472,0.010039612
997473,0.0067626955
997474,0.0071346508
997475,0.01387006
997476,0.016548427
997477,0.007092285
997478,0.03938419
997479,0.0058428594
997480,0.017447438
997481,0.01217041
997482,0.014138615
997483,0.010628734
997484,0.014097685
997485,0.0069623161
997486,0.017470416
997487,0.020886948
997488,0.0070815142
997489,0.010409726
997490,0.020996813
997491,0.0037300889
997492,0.039724551
997493,0.016410874
997494,0.016852167
997495,0.0074541876
997496,0.0076056984
997497,0.0073414524
997498,0.0072351792
997499,0.0073069851
997500,0.017644187
997501,0.010263959
997502,0.0058475621
997503,0.017704504
997504,0.008963068
997505,0.0107228
997506,0.0074836281
997507,0.0071037742
997508,0.017277258
997509,0.021787396
997510,0.0073414524
997511,0.02426686
997512,0.0087021776
997513,0.0049918089
997514,0.027724529
997515,0.0069307215
997516,0.00578319
997517,0.007151884
997518,0.027284151
997519,0.0076380111
997520,0.0071892235
997521,0.034181125
997522,0.0071044923
997523,0.0071813245
997524,0.039336801
997525,0.011987421
997526,0.0075087603
997527,0.022169307
997528,0.0069479551
997529,0.010566263
997530,0.012181181
997531,0.0070807962
997532,0.027047191
997533,0.023469813
997534,0.020669376
997535,0.03340131
997536,0.01028981
997537,0.005991498
997538,0.013834157
997539,0.016182562
997540,0.020958036
997541,0.016773896
997542,0.03833726
997543,0.0089547215
997544,0.0072832895
997545,0.014815028
997546,0.0071885055
997547,0.0062169693
997548,0.0072538489
997549,0.024382468
997550,0.010914522
997551,0.01058206
997552,0.010723518
997553,0.010827636
997554,0.02091567
997555,0.0070915669
997556,0.010536822
997557,0.011210363
997558,0.0070901308
997559,0.0069730869
997560,0.010573443
997561,0.020770622
997562,0.0072078928
997563,0.0092234891
997564,0.037040442
997565,0.015872316
997566,0.017023064
997567,0.0064568473
997568,0.0073436066
997569,0.0069436468
997570,0.0074017695
997571,0.0073148841
997572,0.0073874081
997573,0.013618156
997574,0.011076085
997575,0.0081765568
997576,0.0072452319
997577,0.0067466204
997578,0.0071691177
997579,0.0072840075
997580,0.0071569108
997581,0.023276655
997582,0.010644531
997583,0.0071877874
997584,0.010799632
997585,0.011221134
997586,0.01396269
997587,0.014146513
997588,0.0021711823
997589,0.03926643
997590,0.0072811353
997591,0.006701488
997592,0.0077155619
997593,0.0076660155
997594,0.0071324967
997595,0.014030187
997596,0.0073515051
997597,0.0075116325
997598,0.0092407223
997599,0.015868422
997600,0.0073579676
997601,0.0069637522
997602,0.028766476
997603,0.020935196
997604,0.0062844669
997605,0.039369829
997606,0.0063476563
997607,0.028619744
997608,0.0071885055
997609,0.0074714213
997610,0.0067497701
997611,0.006725356
997612,0.010621553
997613,0.012884467
997614,0.0098230699
997615,0.0094152112
997616,0.014081888
997617,0.021098059
997618,0.019495456
997619,0.039545037
997620,0.010654585
997621,0.024490895
997622,0.0070542279
997623,0.0062136375
997624,0.007826861
997625,0.0086590936
997626,0.01160745
997627,0.014220473
997628,0.014042394
997629,0.013123995
997630,0.0074865003
997631,0.0071289064
997632,0.0061990176
997633,0.010431985
997634,0.017314596
997635,0.039352596
997636,0.017266486
997637,0.017094152
997638,0.0069436468
997639,0.0073342714
997640,0.007233025
997641,0.037379365
997642,0.010641659
997643,0.022068229
997644,0.0074922452
997645,0.040238682
997646,0.017158778
997647,0.0063648899
997648,0.013737937
997649,0.010717056
997650,0.013891602
997651,0.0072718002
997652,0.0075066062
997653,0.015656393
997654,0.010780963
997655,0.0074628047
997656,0.039177388
997657,0.008239028
997658,0.0072976504
997659,0.0068143955
997660,0.0059744413
997661,0.0077026365
997662,0.0071166991
997663,0.0071691177
997664,0.013304228
997665,0.0096376305
997666,0.0063060089
997667,0.006613045
997668,0.0079812445
997669,0.0071727079
997670,0.010519588
997671,0.0073177563
997672,0.012326947
997673,0.011514821
997674,0.010442756
997675,0.0071238796
997676,0.013834875
997677,0.0070542279
997678,0.013637408
997679,0.0075453813
997680,0.0066183652
997681,0.013983513
997682,0.0027998418
997683,0.0069888844
997684,0.0082031246
997685,0.026308643
997686,0.015425379
997687,0.01755802
997688,0.0064412113
997689,0.025995404
997690,0.0074807559
997691,0.032921173
997692,0.010220875
997693,0.0062574493
997694,0.013702033
997695,0.010514562
997696,0.0066391909
997697,0.0073766373
997698,0.0073184744
997699,0.0103968
997700,0.010858513
997701,0.0069723688
997702,0.007518813
997703,0.014975873
997704,0.0072251265
997705,0.012265194
997706,0.0056784237
997707,0.019145651
997708,0.021581313
997709,0.0072610294
997710,0.014086196
997711,0.010377413
997712,0.0072868797
997713,0.0091911769
997714,0.010243136
997715,0.006607437
997716,0.011012896
997717,0.014415068
997718,0.010284064
997719,0.010531078
997720,0.0075015798
997721,0.028265461
997722,0.0072811353
997723,0.039475385
997724,0.0071705538
997725,0.010000426
997726,0.01048943
997727,0.0078239888
997728,0.027179314
997729,0.0070089903
997730,0.010964069
997731,0.0073816637
997732,0.0074161305
997733,0.0071504479
997734,0.0069256951
997735,0.018119542
997736,0.021671789
997737,0.010230211
997738,0.01384421
997739,0.0088730752
997740,0.0071188533
997741,0.013855699
997742,0.012982167
997743,0.0074742935
997744,0.0064750742
997745,0.013896628
997746,0.0076681697
997747,0.0058543487
997748,0.0070843864
997749,0.010253906
997750,0.01778708
997751,0.025202492
997752,0.0072516948
997753,0.03476347
997754,0.0071274703
997755,0.013696109
997756,0.0073457109
997757,0.014046703
997758,0.0064012683
997759,0.013974897
997760,0.0072667738
997761,0.023958812
997762,0.01048943
997763,0.010739315
997764,0.0065256972
997765,0.015028995
997766,0.007255285
997767,0.01385498
997768,0.0082325656
997769,0.0089190314
997770,0.0055498909
997771,0.0073069851
997772,0.010437012
997773,0.019504741
997774,0.010424087
997775,0.01238511
997776,0.017529298
997777,0.010785989
997778,0.0070973118
997779,0.039316695
997780,0.017328957
997781,0.013522519
997782,0.010284783
997783,0.011010024
997784,0.0070728976
997785,0.0080882357
997786,0.0070700254
997787,0.0074498793
997788,0.012779943
997789,0.0018183928
997790,0.027563477
997791,0.017374914
997792,0.017442411
997793,0.0077277687
997794,0.03929228
997795,0.007423311
997796,0.010829072
997797,0.013937557
997798,0.008605239
997799,0.0099343695
997800,0.014211857
997801,0.010260369
997802,0.027045755
997803,0.010808967
997804,0.0071303425
997805,0.013407629
997806,0.0076760687
997807,0.010730699
997808,0.010430549
997809,0.010546875
997810,0.0071454216
997811,0.0076746321
997812,0.025136432
997813,0.011004997
997814,0.006996783
997815,0.0087057678
997816,0.0063325772
997817,0.0071576289
997818,0.017651368
997819,0.0071181352
997820,0.011774041
997821,0.014097685
997822,0.0071274703
997823,0.0067967726
997824,0.00870864
997825,0.010696231
997826,0.02053079
997827,0.010630888
997828,0.007313448
997829,0.007613597
997830,0.013982077
997831,0.039637666
997832,0.017088408
997833,0.0071123908
997834,0.013062191
997835,0.017606847
997836,0.0073694563
997837,0.014158002
997838,0.010493021
997839,0.039533548
997840,0.010416906
997841,0.013941147
997842,0.01084487
997843,0.01379969
997844,0.0064341505
997845,0.010827636
997846,0.031214815
997847,0.0086705824
997848,0.0063008862
997849,0.007137523
997850,0.025939941
997851,0.0072150733
997852,0.035607912
997853,0.006996783
997854,0.010623707
997855,0.017226994
997856,0.007444853
997857,0.022920497
997858,0.0057373047
997859,0.0073005226
997860,0.010417624
997861,0.0105598
997862,0.016315589
997863,0.020730412
997864,0.0079338523
997865,0.0068883561
997866,0.0075367647
997867,0.039098404
997868,0.032998342
997869,0.023415959
997870,0.0074620866
997871,0.017474724
997872,0.01724638
997873,0.001316631
997874,0.0064013735
997875,0.0071576289
997876,0.011055262
997877,0.0075195311
997878,0.017693732
997879,0.0070183249
997880,0.032025505
997881,0.03919965
997882,0.0069917566
997883,0.015955308
997884,0.014193187
997885,0.025884245
997886,0.013606532
997887,0.0064496361
997888,0.010539695
997889,0.0075539984
997890,0.006982422
997891,0.010865694
997892,0.0067464667
997893,0.031196864
997894,0.016324056
997895,0.0061399117
997896,0.013640998
997897,0.0070973118
997898,0.010202924
997899,0.0070894128
997900,0.016957721
997901,0.010699104
997902,0.010236673
997903,0.010103832
997904,0.007444853
997905,0.0074520335
997906,0.021557618
997907,0.017221967
997908,0.0054946002
997909,0.0023305367
997910,0.018398868
997911,0.033725154
997912,0.007408232
997913,0.0064545572
997914,0.016650176
997915,0.0086777629
997916,0.016998651
997917,0.012480612
997918,0.0072236904
997919,0.01053036
997920,0.016877297
997921,0.0077888039
997922,0.0070678713
997923,0.0073565315
997924,0.022520537
997925,0.018497244
997926,0.0071188533
997927,0.025082577
997928,0.0070427391
997929,0.025073241
997930,0.023155937
997931,0.0072524128
997932,0.010852769
997933,0.0054630055
997934,0.018282697
997935,0.0072495406
997936,0.017178165
997937,0.0071827606
997938,0.0072208182
997939,0.0069809859
997940,0.015914379
997941,0.020978861
997942,0.010344381
997943,0.029505113
997944,0.01974236
997945,0.0071131089
997946,0.019072181
997947,0.01160745
997948,0.014052447
997949,0.0072660558
997950,0.0072768265
997951,0.017254997
997952,0.017494829
997953,0.011516257
997954,0.013776712
997955,0.0073608398
997956,0.020066205
997957,0.0070219152
997958,0.0068962546
997959,0.011167279
997960,0.0027412698
997961,0.023786969
997962,0.013930377
997963,0.023298914
997964,0.010358743
997965,0.014065372
997966,0.01037454
997967,0.0063376036
997968,0.0071131089
997969,0.0073371436
997970,0.018203557
997971,0.012612018
997972,0.0072236904
997973,0.0067179394
997974,0.0072516948
997975,0.019473806
997976,0.0072617475
997977,0.0072459499
997978,0.0072021484
997979,0.029917279
997980,0.010435576
997981,0.011029412
997982,0.020772059
997983,0.016727941
997984,0.01058565
997985,0.010969095
997986,0.017474724
997987,0.0078426581
997988,0.01328125
997989,0.006652832
997990,0.010661765
997991,0.0023584266
997992,0.0068933824
997993,0.023793658
997994,0.0072452319
997995,0.017089125
997996,0.022001088
997997,0.0071576289
997998,0.010294118
997999,0.02004936
998000,0.013576373
998001,0.011471737
998002,0.011249856
998003,0.010984174
998004,0.0074951174
998005,0.0065659466
998006,0.035191435
998007,0.023739085
998008,0.0075863111
998009,0.01041188
998010,0.023897776
998011,0.0071705538
998012,0.0084415209
998013,0.010617245
998014,0.031102797
998015,0.0094943065
998016,0.014272892
998017,0.01051528
998018,0.0096887928
998019,0.013322057
998020,0.017471135
998021,0.014016544
998022,0.020290241
998023,0.010857077
998024,0.015205652
998025,0.0059512868
998026,0.020659324
998027,0.0070456113
998028,0.0071095186
998029,0.019697839
998030,0.010660329
998031,0.020029064
998032,0.0072998046
998033,0.0069414922
998034,0.0075712316
998035,0.0077600814
998036,0.010576315
998037,0.013960536
998038,0.010712747
998039,0.039280791
998040,0.0074857823
998041,0.013590734
998042,0.013823385
998043,0.0075863111
998044,0.02555641
998045,0.01063376
998046,0.010361616
998047,0.010466452
998048,0.0070772059
998049,0.0059921597
998050,0.013620174
998051,0.017141543
998052,0.0055829217
998053,0.013039958
998054,0.010946834
998055,0.0099918144
998056,0.010740033
998057,0.0075719496
998058,0.014476103
998059,0.039280791
998060,0.019688081
998061,0.0041208616
998062,0.0076645794
998063,0.016151121
998064,0.0065083788
998065,0.0070614084
998066,0.014111328
998067,0.0068862019
998068,0.01094468
998069,0.024544749
998070,0.01059714
998071,0.0078103459
998072,0.0065787327
998073,0.010459989
998074,0.0060884366
998075,0.023997588
998076,0.007444853
998077,0.016001696
998078,0.0070937211
998079,0.0073084212
998080,0.0071332147
998081,0.010948989
998082,0.013661104
998083,0.009263576
998084,0.0070441752
998085,0.0072962143
998086,0.010904211
998087,0.0072660558
998088,0.030488502
998089,0.0078613283
998090,0.010420497
998091,0.013384086
998092,0.0071655274
998093,0.0072631836
998094,0.010528924
998095,0.01790197
998096,0.0073328353
998097,0.0072516948
998098,0.024075856
998099,0.020734001
998100,0.017601103
998101,0.0070772059
998102,0.0026745393
998103,0.010742906
998104,0.013839183
998105,0.0073529412
998106,0.01669132
998107,0.0069508273
998108,0.0080537684
998109,0.030342372
998110,0.0073077031
998111,0.0071138269
998112,0.010836254
998113,0.0075030159
998114,0.022597773
998115,0.034240723
998116,0.0075618969
998117,0.0071806065
998118,0.0071727079
998119,0.0073292451
998120,0.0071698357
998121,0.0071892235
998122,0.030874453
998123,0.012770738
998124,0.010081572
998125,0.0069199507
998126,0.019881168
998127,0.010779527
998128,0.010301298
998129,0.017253561
998130,0.011027258
998131,0.0025208818
998132,0.035687275
998133,0.0078361956
998134,0.0074994257
998135,0.0060886876
998136,0.0083101159
998137,0.010845589
998138,0.010366642
998139,0.0074635227
998140,0.0070434571
998141,0.0063490923
998142,0.0072416416
998143,0.010894416
998144,0.012271261
998145,0.0085528204
998146,0.001331397
998147,0.0072567211
998148,0.010373822
998149,0.017095588
998150,0.039744657
998151,0.0094611673
998152,0.0067964443
998153,0.0097387657
998154,0.036733828
998155,0.027786301
998156,0.030338064
998157,0.012818101
998158,0.0097634709
998159,0.0068732766
998160,0.010329302
998161,0.018114399
998162,0.027178597
998163,0.014196778
998164,0.020993939
998165,0.017571662
998166,0.007350069
998167,0.014649874
998168,0.0069888844
998169,0.0070750518
998170,0.030353142
998171,0.039747529
998172,0.007217946
998173,0.020565256
998174,0.026768517
998175,0.017277258
998176,0.039491899
998177,0.010462862
998178,0.0070326859
998179,0.0064150132
998180,0.0091567095
998181,0.0066264072
998182,0.0072380514
998183,0.0095409267
998184,0.0071138269
998185,0.017476879
998186,0.010523897
998187,0.012873858
998188,0.024541877
998189,0.0071705538
998190,0.0392255
998191,0.024516495
998192,0.014711627
998193,0.0071023381
998194,0.010549747
998195,0.031991757
998196,0.0073220646
998197,0.0094626034
998198,0.0067591048
998199,0.007269646
998200,0.010648839
998201,0.0087897805
998202,0.0078010112
998203,0.010666791
998204,0.025991641
998205,0.009927907
998206,0.010690487
998207,0.011335306
998208,0.0074075139
998209,0.01728731
998210,0.011179486
998211,0.007503734
998212,0.01028981
998213,0.0061505809
998214,0.014533548
998215,0.017506318
998216,0.022999249
998217,0.0055950815
998218,0.0074218749
998219,0.0070736157
998220,0.0074520335
998221,0.02235279
998222,0.013253964
998223,0.007232307
998224,0.0060242987
998225,0.010337919
998226,0.007269646
998227,0.007400333
998228,0.01100787
998229,0.0087007415
998230,0.034271598
998231,0.0077026365
998232,0.0069156424
998233,0.01474035
998234,0.010806095
998235,0.004668239
998236,0.007459932
998237,0.0070262235
998238,0.0072315889
998239,0.022337431
998240,0.0068057789
998241,0.0069508273
998242,0.00736443
998243,0.014222628
998244,0.0067985984
998245,0.014428711
998246,0.016791236
998247,0.0082756495
998248,0.022846511
998249,0.0089657055
998250,0.0071044923
998251,0.0085406136
998252,0.0072366153
998253,0.010583496
998254,0.013419118
998255,0.014694394
998256,0.017477596
998257,0.030526195
998258,0.0072674919
998259,0.024290556
998260,0.0077610491
998261,0.017428769
998262,0.009675107
998263,0.0095049692
998264,0.010579905
998265,0.0073902803
998266,0.0069702147
998267,0.0071116728
998268,0.0072674919
998269,0.0068581975
998270,0.034553416
998271,0.015017138
998272,0.0073457607
998273,0.0087021776
998274,0.0073371436
998275,0.0075956457
998276,0.0031180007
998277,0.022431228
998278,0.01129653
998279,0.026128074
998280,0.0063516367
998281,0.014096249
998282,0.011419319
998283,0.010580419
998284,0.0075166589
998285,0.01377384
998286,0.01653914
998287,0.0072294348
998288,0.013323355
998289,0.0066829459
998290,0.01113353
998291,0.017026654
998292,0.010617245
998293,0.0072746724
998294,0.023701029
998295,0.009897748
998296,0.010418342
998297,0.010717774
998298,0.019060921
998299,0.0074908086
998300,0.0062076342
998301,0.0080085304
998302,0.017283002
998303,0.0086555034
998304,0.0069759595
998305,0.036085419
998306,0.017262178
998307,0.0075956457
998308,0.0071727079
998309,0.007210765
998310,0.022521973
998311,0.013596479
998312,0.010346537
998313,0.017309571
998314,0.020197609
998315,0.013689826
998316,0.013740809
998317,0.018865608
998318,0.010926011
998319,0.0075051701
998320,0.0076760687
998321,0.014992389
998322,0.011053826
998323,0.0069443649
998324,0.018841285
998325,0.0071727079
998326,0.00457924
998327,0.007034122
998328,0.0068704044
998329,0.0072265626
998330,0.0070527918
998331,0.010500919
998332,0.0087826001
998333,0.010630888
998334,0.0091975164
998335,0.011572984
998336,0.0073270909
998337,0.017797852
998338,0.0074951174
998339,0.0069450829
998340,0.023655791
998341,0.022681976
998342,0.039308079
998343,0.010684743
998344,0.007291188
998345,0.0082505168
998346,0.0070434571
998347,0.013642435
998348,0.0065907971
998349,0.0063878675
998350,0.01074506
998351,0.011868693
998352,0.0024736836
998353,0.028097713
998354,0.010526051
998355,0.0072035845
998356,0.0075791301
998357,0.013351295
998358,0.013857853
998359,0.028183881
998360,0.00556497
998361,0.018150914
998362,0.023918476
998363,0.013845646
998364,0.010640941
998365,0.013694853
998366,0.0071324967
998367,0.020727539
998368,0.0071310606
998369,0.024379596
998370,0.0057333568
998371,0.010857795
998372,0.010898725
998373,0.0072129192
998374,0.01029699
998375,0.0069357478
998376,0.0080128387
998377,0.010483686
998378,0.017966596
998379,0.0070003732
998380,0.01291786
998381,0.0099379597
998382,0.0074872184
998383,0.0073917164
998384,0.01051887
998385,0.01682057
998386,0.0082641598
998387,0.0074470071
998388,0.017903406
998389,0.017446719
998390,0.012143842
998391,0.007327809
998392,0.0076782228
998393,0.0059792912
998394,0.0140625
998395,0.023984661
998396,0.0063157906
998397,0.011132812
998398,0.01730239
998399,0.0098106032
998400,0.027476592
998401,0.013929659
998402,0.010572725
998403,0.010309915
998404,0.030834962
998405,0.0055922563
998406,0.0096211052
998407,0.0068955366
998408,0.0157314
998409,0.019319525
998410,0.00688692
998411,0.0073184744
998412,0.010167739
998413,0.0067038145
998414,0.0071605011
998415,0.036316715
998416,0.015214987
998417,0.010584214
998418,0.0061727464
998419,0.013248937
998420,0.0061163302
998421,0.0072279987
998422,0.0070736157
998423,0.0059613395
998424,0.01058206
998425,0.029722806
998426,0.037077781
998427,0.027024213
998428,0.010689769
998429,0.017499138
998430,0.0073550954
998431,0.0075367647
998432,0.011517693
998433,0.0074139764
998434,0.013752297
998435,0.0071245977
998436,0.0066289324
998437,0.024284812
998438,0.007159065
998439,0.0072387694
998440,0.010618681
998441,0.010947553
998442,0.010569853
998443,0.0073773554
998444,0.014361213
998445,0.010551902
998446,0.0071174172
998447,0.010525333
998448,0.0055441465
998449,0.0069091795
998450,0.0074132583
998451,0.010313505
998452,0.0070671532
998453,0.0075504077
998454,0.023908548
998455,0.010694077
998456,0.021765452
998457,0.030603746
998458,0.0075970818
998459,0.010342945
998460,0.0073335534
998461,0.013717831
998462,0.020739745
998463,0.007151166
998464,0.0068481443
998465,0.0073673022
998466,0.010954733
998467,0.013419118
998468,0.0072129192
998469,0.01909826
998470,0.0071195713
998471,0.0068761487
998472,0.0075985179
998473,0.015386604
998474,0.0073888442
998475,0.0073565315
998476,0.007753619
998477,0.013918888
998478,0.010966223
998479,0.024467917
998480,0.017052505
998481,0.010622271
998482,0.0071662455
998483,0.016965618
998484,0.020588236
998485,0.011873852
998486,0.015952436
998487,0.0071059284
998488,0.0072114831
998489,0.013885139
998490,0.013944738
998491,0.0082016885
998492,0.029223004
998493,0.0069637522
998494,0.007100184
998495,0.011980124
998496,0.01060073
998497,0.010007558
998498,0.013867187
998499,0.0069730869
998500,0.010064338
998501,0.0130533
998502,0.013836311
998503,0.014005055
998504,0.0095818015
998505,0.0092888325
998506,0.01636751
998507,0.010636632
998508,0.025915228
998509,0.007350069
998510,0.01349954
998511,0.007385972
998512,0.0086526312
998513,0.0076164696
998514,0.020909926
998515,0.0075618969
998516,0.039942123
998517,0.0074577779
998518,0.018737793
998519,0.014022289
998520,0.0072366153
998521,0.0072962143
998522,0.020465447
998523,0.01071562
998524,0.0077873678
998525,0.014855239
998526,0.030796904
998527,0.030261949
998528,0.010722082
998529,0.0077442843
998530,0.011738161
998531,0.010592831
998532,0.0072035845
998533,0.014238425
998534,0.0070592542
998535,0.0070822323
998536,0.014267148
998537,0.0062880572
998538,0.0060037053
998539,0.013650463
998540,0.0072380514
998541,0.013163156
998542,0.034000892
998543,0.0088421991
998544,0.013882266
998545,0.011152918
998546,0.0070549459
998547,0.023805147
998548,0.0073457607
998549,0.020425236
998550,0.0072890338
998551,0.039659925
998552,0.0071102367
998553,0.0074405447
998554,0.010908778
998555,0.011800609
998556,0.012710392
998557,0.0061925552
998558,0.010290528
998559,0.0074563418
998560,0.0099092033
998561,0.0071461396
998562,0.023805147
998563,0.025538519
998564,0.017330393
998565,0.0067696469
998566,0.0072035845
998567,0.0073874081
998568,0.0074886545
998569,0.01028981
998570,0.0088809747
998571,0.014634077
998572,0.0070542279
998573,0.030933335
998574,0.0071353689
998575,0.007313448
998576,0.0072718002
998577,0.016873281
998578,0.010627298
998579,0.013080193
998580,0.006960162
998581,0.0063451668
998582,0.0086727366
998583,0.017293774
998584,0.0068725585
998585,0.0021981415
998586,0.035509739
998587,0.022504903
998588,0.014208267
998589,0.0080142748
998590,0.010436294
998591,0.010836254
998592,0.0074039237
998593,0.017784994
998594,0.01736917
998595,0.010190717
998596,0.0097605987
998597,0.0072595933
998598,0.022053797
998599,0.020705998
998600,0.020866124
998601,0.030149402
998602,0.010909496
998603,0.015496467
998604,0.0071841967
998605,0.0069407742
998606,0.0068984088
998607,0.010803941
998608,0.031852614
998609,0.0083216047
998610,0.010320686
998611,0.020352712
998612,0.0067066867
998613,0.017852424
998614,0.011109835
998615,0.010282628
998616,0.01780216
998617,0.0072976504
998618,0.0072035845
998619,0.0081744026
998620,0.028777717
998621,0.0084831687
998622,0.0076308306
998623,0.0075022979
998624,0.0109375
998625,0.016178625
998626,0.039545037
998627,0.0073895622
998628,0.0072560031
998629,0.010690487
998630,0.010495893
998631,0.012067948
998632,0.03934326
998633,0.010386747
998634,0.01873133
998635,0.00738669
998636,0.010851333
998637,0.0072423597
998638,0.0081248563
998639,0.017162368
998640,0.013746553
998641,0.0088522518
998642,0.0066595953
998643,0.0069759595
998644,0.013697725
998645,0.030930463
998646,0.039142922
998647,0.020174632
998648,0.013813333
998649,0.039616842
998650,0.0073529412
998651,0.026585616
998652,0.0020118344
998653,0.029519677
998654,0.019732308
998655,0.010892262
998656,0.033453304
998657,0.013752297
998658,0.019796215
998659,0.0071310606
998660,0.023508588
998661,0.011457376
998662,0.010972685
998663,0.013508875
998664,0.013713523
998665,0.0076064165
998666,0.0071533201
998667,0.015360754
998668,0.0072423597
998669,0.0070247874
998670,0.0069328756
998671,0.0070635625
998672,0.0092127183
998673,0.020392923
998674,0.0059857536
998675,0.014608226
998676,0.013824822
998677,0.0072064567
998678,0.024269015
998679,0.015922388
998680,0.020157399
998681,0.0070082722
998682,0.009753284
998683,0.011589499
998684,0.0074017695
998685,0.030550608
998686,0.010620835
998687,0.006880457
998688,0.019258387
998689,0.023939425
998690,0.022756496
998691,0.010765883
998692,0.0076056984
998693,0.0079726279
998694,0.027741555
998695,0.023793658
998696,0.010645967
998697,0.0073026768
998698,0.0070621264
998699,0.017991727
998700,0.0074527515
998701,0.0071324967
998702,0.0074660853
998703,0.010510254
998704,0.017741125
998705,0.0073759193
998706,0.023840817
998707,0.010549029
998708,0.010753676
998709,0.0095454659
998710,0.0071784523
998711,0.0070082722
998712,0.0073967427
998713,0.021273674
998714,0.017396456
998715,0.010521743
998716,0.010514562
998717,0.0099649141
998718,0.02036061
998719,0.020497041
998720,0.0118258
998721,0.006784237
998722,0.010569853
998723,0.0072703641
998724,0.023943389
998725,0.010516716
998726,0.0072172275
998727,0.025987389
998728,0.0073881261
998729,0.02776956
998730,0.0059807273
998731,0.014098403
998732,0.0075453813
998733,0.010926011
998734,0.0061071059
998735,0.0049084597
998736,0.017049633
998737,0.03957304
998738,0.0063483743
998739,0.014636949
998740,0.0073349895
998741,0.019710146
998742,0.010439884
998743,0.0071748621
998744,0.007518813
998745,0.0062564625
998746,0.0070348405
998747,0.0071612191
998748,0.016590791
998749,0.014415068
998750,0.014312385
998751,0.014161592
998752,0.017504882
998753,0.020806525
998754,0.0094152112
998755,0.02957261
998756,0.024307789
998757,0.0094439341
998758,0.039533548
998759,0.016888786
998760,0.0088142725
998761,0.0061042337
998762,0.015849035
998763,0.0061050788
998764,0.0073752012
998765,0.0078440951
998766,0.017693732
998767,0.0071540382
998768,0.0071023381
998769,0.034189742
998770,0.006652114
998771,0.0070815142
998772,0.0072035845
998773,0.033573646
998774,0.017003676
998775,0.017189654
998776,0.010307761
998777,0.017079072
998778,0.011201747
998779,0.00743121
998780,0.019128565
998781,0.0075173769
998782,0.030721508
998783,0.014191751
998784,0.007092285
998785,0.0076516545
998786,0.010435576
998787,0.0075137867
998788,0.0136848
998789,0.0091717886
998790,0.0073170383
998791,0.0079309801
998792,0.013477281
998793,0.013429969
998794,0.0020057128
998795,0.017443847
998796,0.0071827606
998797,0.0072488226
998798,0.012338409
998799,0.01037454
998800,0.017095588
998801,0.0083395569
998802,0.0072861616
998803,0.0070369947
998804,0.0066442154
998805,0.0072215362
998806,0.010190717
998807,0.0076143155
998808,0.010635914
998809,0.009955911
998810,0.0073436066
998811,0.007246668
998812,0.0069738054
998813,0.013286277
998814,0.0098575372
998815,0.010154095
998816,0.0087826001
998817,0.006675092
998818,0.0065135132
998819,0.0076444736
998820,0.0068847658
998821,0.013076191
998822,0.017341884
998823,0.01060791
998824,0.011008588
998825,0.022070313
998826,0.0013338558
998827,0.014053165
998828,0.010930319
998829,0.02494471
998830,0.010742188
998831,0.013982077
998832,0.030664062
998833,0.025407858
998834,0.016579302
998835,0.024090935
998836,0.035870105
998837,0.014864184
998838,0.007210765
998839,0.011639764
998840,0.010926011
998841,0.0071181352
998842,0.01312991
998843,0.017476879
998844,0.016296387
998845,0.0062428312
998846,0.028002929
998847,0.011684283
998848,0.0068948185
998849,0.020293113
998850,0.017980238
998851,0.007151884
998852,0.0076889936
998853,0.013631663
998854,0.0022746397
998855,0.014010082
998856,0.0072136372
998857,0.0088909771
998858,0.0070082722
998859,0.01074865
998860,0.0073629939
998861,0.027872242
998862,0.0086993054
998863,0.0057746437
998864,0.0070132986
998865,0.0074915267
998866,0.0068244487
998867,0.0072215362
998868,0.0076372931
998869,0.0073400163
998870,0.0073773554
998871,0.0076495004
998872,0.028155159
998873,0.0072804173
998874,0.0071978401
998875,0.013890884
998876,0.0056145163
998877,0.0078125
998878,0.0072265626
998879,0.0072344611
998880,0.0066362517
998881,0.010526769
998882,0.031026684
998883,0.017388556
998884,0.0028175747
998885,0.013626637
998886,0.014072553
998887,0.0070377127
998888,0.007467831
998889,0.0073443246
998890,0.023446836
998891,0.018876379
998892,0.0073953066
998893,0.02585814
998894,0.0063342843
998895,0.017199706
998896,0.010600012
998897,0.0078814337
998898,0.014659926
998899,0.012472713
998900,0.010763011
998901,0.028780589
998902,0.016985007
998903,0.0072028665
998904,0.0095769009
998905,0.017840218
998906,0.010188563
998907,0.010577751
998908,0.0069364659
998909,0.01063017
998910,0.0070520737
998911,0.01048943
998912,0.017211914
998913,0.017073328
998914,0.019203758
998915,0.030703556
998916,0.010592831
998917,0.0071712718
998918,0.010639505
998919,0.0073428885
998920,0.0071346508
998921,0.01458453
998922,0.03975543
998923,0.006725356
998924,0.03929228
998925,0.0073105758
998926,0.0072050206
998927,0.0077809053
998928,0.0091683539
998929,0.0071231616
998930,0.013940429
998931,0.0069335937
998932,0.007400333
998933,0.0089789545
998934,0.0072244084
998935,0.006263643
998936,0.027470848
998937,0.0072904699
998938,0.017994599
998939,0.025417937
998940,0.0070908489
998941,0.0077579273
998942,0.0080523323
998943,0.0073220646
998944,0.018081486
998945,0.0070987479
998946,0.0022915846
998947,0.0074053598
998948,0.0070549459
998949,0.0082375919
998950,0.010571289
998951,0.016936896
998952,0.0071245977
998953,0.0070132986
998954,0.0096794581
998955,0.010504509
998956,0.0075496896
998957,0.0073874081
998958,0.010717056
998959,0.014035214
998960,0.0060661766
998961,0.017153034
998962,0.0072746724
998963,0.0063763787
998964,0.0069350298
998965,0.020471191
998966,0.0075123506
998967,0.0073206285
998968,0.020622702
998969,0.0068818163
998970,0.0069917566
998971,0.0019312486
998972,0.0072258445
998973,0.010596422
998974,0.017530015
998975,0.0071533201
998976,0.017787799
998977,0.013719267
998978,0.015273868
998979,0.010238109
998980,0.0074340822
998981,0.0075755399
998982,0.01270312
998983,0.01503978
998984,0.013779584
998985,0.013735782
998986,0.0072954963
998987,0.0071454216
998988,0.0073019587
998989,0.014109174
998990,0.020306038
998991,0.011010742
998992,0.025625262
998993,0.0075080423
998994,0.010619399
998995,0.013717831
998996,0.0093750283
998997,0.02144897
998998,0.014502672
998999,0.010181382
999000,0.0075288662
999001,0.0072251265
999002,0.0071403952
999003,0.010986328
999004,0.0070915669
999005,0.0070082722
999006,0.010420497
999007,0.01384421
999008,0.023543773
999009,0.007365148
999010,0.017141543
999011,0.0075281481
999012,0.039441638
999013,0.020716051
999014,0.016945513
999015,0.0072122011
999016,0.0094547048
999017,0.0084494194
999018,0.0071971221
999019,0.031146599
999020,0.011539953
999021,0.017359834
999022,0.0080599515
999023,0.0071755801
999024,0.0075058881
999025,0.021413287
999026,0.013821231
999027,0.030352812
999028,0.0085032741
999029,0.010353717
999030,0.0055491729
999031,0.030888097
999032,0.0073802276
999033,0.010409726
999034,0.0071231616
999035,0.0073673022
999036,0.012244371
999037,0.010073673
999038,0.036729645
999039,0.0073357075
999040,0.014266429
999041,0.011066751
999042,0.017397892
999043,0.020540126
999044,0.01070772
999045,0.011236213
999046,0.01063017
999047,0.0069307215
999048,0.017077636
999049,0.010662483
999050,0.012716854
999051,0.00736443
999052,0.013506721
999053,0.0099724261
999054,0.0075094784
999055,0.039738197
999056,0.0071253157
999057,0.036286831
999058,0.01070772
999059,0.0070018093
999060,0.010391056
999061,0.01736127
999062,0.0090361359
999063,0.0064510568
999064,0.022659173
999065,0.031356271
999066,0.0070707435
999067,0.010679716
999068,0.039430149
999069,0.0073227827
999070,0.0072739543
999071,0.010468607
999072,0.013878676
999073,0.020726103
999074,0.023701029
999075,0.0065415325
999076,0.014430865
999077,0.013896628
999078,0.0072416416
999079,0.010307761
999080,0.014227654
999081,0.028332558
999082,0.0074355183
999083,0.010661047
999084,0.01058206
999085,0.0070951572
999086,0.016595278
999087,0.0072035845
999088,0.023161
999089,0.010759421
999090,0.012066292
999091,0.024310661
999092,0.006409226
999093,0.027249299
999094,0.010658893
999095,0.012355669
999096,0.019465188
999097,0.011756808
999098,0.0017623515
999099,0.0076171877
999100,0.032245949
999101,0.014357623
999102,0.0094293207
999103,0.0070614084
999104,0.012555012
999105,0.013753734
999106,0.039315257
999107,0.014121381
999108,0.0073414524
999109,0.0079460591
999110,0.0075252759
999111,0.017866785
999112,0.0073450427
999113,0.039338235
999114,0.017182473
999115,0.0072883158
999116,0.011620375
999117,0.020124368
999118,0.02109734
999119,0.010601448
999120,0.0072718002
999121,0.0080092484
999122,0.012151954
999123,0.039464615
999124,0.0073270909
999125,0.01047866
999126,0.0073809456
999127,0.019886138
999128,0.017579561
999129,0.0070649991
999130,0.0069745234
999131,0.0081550609
999132,0.0050656856
999133,0.010258933
999134,0.017164523
999135,0.017110668
999136,0.013836311
999137,0.012324075
999138,0.007958984
999139,0.0022972217
999140,0.0069170785
999141,0.016890941
999142,0.0069795498
999143,0.0041350941
999144,0.017405791
999145,0.013422883
999146,0.0072538489
999147,0.0070599723
999148,0.014096967
999149,0.0070082722
999150,0.0188588
999151,0.010285501
999152,0.017773438
999153,0.0071906596
999154,0.0070434571
999155,0.01408835
999156,0.017109949
999157,0.010309915
999158,0.010573443
999159,0.0297502
999160,0.0059489356
999161,0.017514218
999162,0.0071583469
999163,0.0076092887
999164,0.010701976
999165,0.0076617072
999166,0.0081492709
999167,0.0072229723
999168,0.010724236
999169,0.010490148
999170,0.0071102367
999171,0.0073507871
999172,0.010995663
999173,0.010601448
999174,0.010312069
999175,0.017192526
999176,0.0094676297
999177,0.036706686
999178,0.010321404
999179,0.0072524128
999180,0.0072847256
999181,0.013772404
999182,0.029299878
999183,0.020394359
999184,0.010560518
999185,0.014073989
999186,0.020634191
999187,0.010473633
999188,0.013691262
999189,0.027217371
999190,0.0064645736
999191,0.028205423
999192,0.02143842
999193,0.0070032454
999194,0.013769532
999195,0.011045927
999196,0.011461684
999197,0.0056590359
999198,0.014249913
999199,0.0082569793
999200,0.0071245977
999201,0.0070003732
999202,0.013916016
999203,0.0074613681
999204,0.0072976504
999205,0.039229091
999206,0.026047496
999207,0.027366728
999208,0.0072868797
999209,0.0073227827
999210,0.032927424
999211,0.0075726677
999212,0.01048943
999213,0.013845646
999214,0.031713866
999215,0.007210765
999216,0.006751067
999217,0.0076337028
999218,0.0064381319
999219,0.023481106
999220,0.010501637
999221,0.030080296
999222,0.038711369
999223,0.0071626552
999224,0.029322535
999225,0.0139591
999226,0.011149328
999227,0.025412375
999228,0.0077442843
999229,0.0077859317
999230,0.014207548
999231,0.010315659
999232,0.010490866
999233,0.010597858
999234,0.0074685491
999235,0.02563254
999236,0.016409121
999237,0.015119486
999238,0.01753217
999239,0.0064590448
999240,0.0082052788
999241,0.014038934
999242,0.020869715
999243,0.013730038
999244,0.010301298
999245,0.0054572611
999246,0.010641659
999247,0.0072538489
999248,0.023302505
999249,0.0070822323
999250,0.010116649
999251,0.011048081
999252,0.015667874
999253,0.01719109
999254,0.0073486329
999255,0.010636632
999256,0.01112994
999257,0.0072035845
999258,0.0070384308
999259,0.0074541876
999260,0.035569854
999261,0.023786478
999262,0.0056748334
999263,0.015696088
999264,0.014017262
999265,0.030603746
999266,0.0064180261
999267,0.0073299631
999268,0.0099179521
999269,0.0065896427
999270,0.0070707435
999271,0.0094341021
999272,0.013834157
999273,0.010661765
999274,0.0075367647
999275,0.02777674
999276,0.017865349
999277,0.01372932
999278,0.017079072
999279,0.010918112
999280,0.023729751
999281,0.017190373
999282,0.015379423
999283,0.0070125805
999284,0.0071935318
999285,0.013768814
999286,0.0099099549
999287,0.010994227
999288,0.0063598631
999289,0.010630888
999290,0.028354779
999291,0.0082548251
999292,0.01345741
999293,0.010580624
999294,0.0063936207
999295,0.019055894
999296,0.01659134
999297,0.01058565
999298,0.0055721509
999299,0.0093477136
999300,0.013627355
999301,0.0075762579
999302,0.0066908891
999303,0.013748305
999304,0.0080006318
999305,0.0072287167
999306,0.0071806065
999307,0.015425639
999308,0.020726103
999309,0.0099107027
999310,0.014593865
999311,0.017247817
999312,0.0061480352
999313,0.013882984
999314,0.0097386381
999315,0.016105337
999316,0.021239134
999317,0.0070858225
999318,0.015493595
999319,0.010801787
999320,0.0076243682
999321,0.0059505687
999322,0.017903406
999323,0.0096609751
999324,0.010638786
999325,0.012151706
999326,0.017480468
999327,0.0065831481
999328,0.017233456
999329,0.0085248165
999330,0.02519962
999331,0.010661765
999332,0.0069773956
999333,0.006036018
999334,0.017160932
999335,0.007114545
999336,0.010500919
999337,0.010555492
999338,0.011493997
999339,0.024230238
999340,0.030173628
999341,0.0073256548
999342,0.0070858225
999343,0.0072897519
999344,0.0070132986
999345,0.028346162
999346,0.010351563
999347,0.0080422796
999348,0.010427677
999349,0.013760196
999350,0.013689826
999351,0.010471479
999352,0.020662913
999353,0.011546415
999354,0.0071016201
999355,0.010650275
999356,0.0066104666
999357,0.010928883
999358,0.01025606
999359,0.013785329
999360,0.0202091
999361,0.014654182
999362,0.0071073645
999363,0.0061020795
999364,0.012089987
999365,0.014246323
999366,0.0088515338
999367,0.007218664
999368,0.010569853
999369,0.007423311
999370,0.010655303
999371,0.013182158
999372,0.007092285
999373,0.0072423597
999374,0.0084295915
999375,0.007518095
999376,0.0073658661
999377,0.0073579676
999378,0.020714615
999379,0.0073471968
999380,0.012971048
999381,0.0092536481
999382,0.0074577779
999383,0.0074527515
999384,0.0066492418
999385,0.0070484835
999386,0.0089089787
999387,0.0064197727
999388,0.0072610294
999389,0.0070492015
999390,0.014167337
999391,0.016760651
999392,0.01598469
999393,0.0037345914
999394,0.019636087
999395,0.00956026
999396,0.036919806
999397,0.0070843864
999398,0.0066763717
999399,0.017394301
999400,0.004512005
999401,0.0074994257
999402,0.0073888442
999403,0.010315659
999404,0.026910041
999405,0.0071253157
999406,0.007034122
999407,0.007210047
999408,0.021228027
999409,0.010515998
999410,0.0098080831
999411,0.0070384308
999412,0.025478229
999413,0.0071475757
999414,0.038959101
999415,0.0072883158
999416,0.0064780158
999417,0.020957319
999418,0.0070068361
999419,0.032253902
999420,0.0072157914
999421,0.0095931236
999422,0.0096265031
999423,0.015227194
999424,0.0066176471
999425,0.017228061
999426,0.010185691
999427,0.035063349
999428,0.010592831
999429,0.033684351
999430,0.010476505
999431,0.020188993
999432,0.031870406
999433,0.0098644318
999434,0.0062379362
999435,0.010677562
999436,0.013602941
999437,0.010587086
999438,0.010398954
999439,0.0070908489
999440,0.01027832
999441,0.0074283374
999442,0.0070886947
999443,0.0070161708
999444,0.0057215071
999445,0.023164552
999446,0.010699822
999447,0.010018382
999448,0.0090683885
999449,0.01741728
999450,0.026964614
999451,0.0085298428
999452,0.0076322667
999453,0.010806095
999454,0.012775735
999455,0.029893469
999456,0.0068696863
999457,0.0071863509
999458,0.0089860037
999459,0.0071023381
999460,0.014007928
999461,0.004481215
999462,0.010319968
999463,0.0070599723
999464,0.010974839
999465,0.007174144
999466,0.0070283776
999467,0.037141688
999468,0.010879337
999469,0.0063627353
999470,0.006923541
999471,0.020900592
999472,0.010607192
999473,0.014131434
999474,0.013983322
999475,0.022839356
999476,0.0071317786
999477,0.010827636
999478,0.007915901
999479,0.0072768265
999480,0.010453527
999481,0.020542998
999482,0.0069673425
999483,0.027389705
999484,0.0072272806
999485,0.0070398669
999486,0.024487317
999487,0.010473633
999488,0.010677562
999489,0.0078340415
999490,0.0080753099
999491,0.019615263
999492,0.020392923
999493,0.010426397
999494,0.013166361
999495,0.010574879
999496,0.0077923941
999497,0.0096162688
999498,0.013812615
999499,0.0072796992
999500,0.0071382411
999501,0.019791907
999502,0.013774856
999503,0.013350902
999504,0.0096148327
999505,0.0077335131
999506,0.0060776654
999507,0.0071655274
999508,0.01753217
999509,0.012998334
999510,0.0089384187
999511,0.0098915184
999512,0.024630198
999513,0.0071942499
999514,0.011730957
999515,0.023556698
999516,0.0071691177
999517,0.010686179
999518,0.018338634
999519,0.0070944391
999520,0.010762293
999521,0.013660386
999522,0.014676441
999523,0.010629452
999524,0.023847513
999525,0.024221621
999526,0.0073019587
999527,0.0082562612
999528,0.0024615154
999529,0.02534467
999530,0.015245864
999531,0.017627671
999532,0.011779785
999533,0.0078376317
999534,0.039602481
999535,0.010550465
999536,0.0068732766
999537,0.0076696058
999538,0.0070369947
999539,0.013526827
999540,0.010593549
999541,0.017145852
999542,0.0071712718
999543,0.007159065
999544,0.029920267
999545,0.024310661
999546,0.0192354
999547,0.0054342831
999548,0.017279413
999549,0.0073270909
999550,0.013653206
999551,0.03938419
999552,0.013717831
999553,0.0070707435
999554,0.010689769
999555,0.010352281
999556,0.007328527
999557,0.0069623161
999558,0.0072394875
999559,0.0096758679
999560,0.0073665841
999561,0.0070520737
999562,0.015705423
999563,0.0075094784
999564,0.023819508
999565,0.0073608398
999566,0.0055579906
999567,0.0086892517
999568,0.0074046417
999569,0.0029003955
999570,0.0071712718
999571,0.0068761487
999572,0.007268928
999573,0.010880055
999574,0.0075942096
999575,0.0070685893
999576,0.01372932
999577,0.013986385
999578,0.013788919
999579,0.017526425
999580,0.0059636673
999581,0.011098346
999582,0.0073988969
999583,0.010786708
999584,0.0075231218
999585,0.010829072
999586,0.0071906596
999587,0.0069565717
999588,0.010658893
999589,0.030778952
999590,0.0075475355
999591,0.017546531
999592,0.012074908
999593,0.0074462891
999594,0.0063383216
999595,0.0071202894
999596,0.014556525
999597,0.0072531309
999598,0.0109892
999599,0.0072502587
999600,0.024391992
999601,0.0069063073
999602,0.038460765
999603,0.010523897
999604,0.0083230408
999605,0.0072035845
999606,0.013890166
999607,0.020945111
999608,0.001920197
999609,0.0072150733
999610,0.033101372
999611,0.0070305318
999612,0.00686466
999613,0.014354751
999614,0.010477941
999615,0.021029843
999616,0.0071382411
999617,0.0073069851
999618,0.014502672
999619,0.0070894128
999620,0.022105498
999621,0.017229147
999622,0.016947668
999623,0.012412396
999624,0.013217271
999625,0.023171892
999626,0.0080221733
999627,0.01036377
999628,0.010617963
999629,0.010343663
999630,0.010605756
999631,0.0074053598
999632,0.023368565
999633,0.010360898
999634,0.011236213
999635,0.0072143553
999636,0.017644905
999637,0.010691205
999638,0.0066951974
999639,0.0074405447
999640,0.017601103
999641,0.0074563418
999642,0.010484404
999643,0.010502355
999644,0.0072244084
999645,0.0071497299
999646,0.0072624655
999647,0.020716768
999648,0.0074218749
999649,0.0075812843
999650,0.0075030159
999651,0.010867848
999652,0.0025033499
999653,0.0073069851
999654,0.019419931
999655,0.013987822
999656,0.027562041
999657,0.013017527
999658,0.020658605
999659,0.026666619
999660,0.0033044943
999661,0.0086167278
999662,0.028903274
999663,0.007077924
999664,0.006463524
999665,0.0073199105
999666,0.0068122414
999667,0.014372702
999668,0.0065968232
999669,0.0094871288
999670,0.010460707
999671,0.010901597
999672,0.013753734
999673,0.010594985
999674,0.010540413
999675,0.0073069851
999676,0.023679486
999677,0.011634737
999678,0.0064777229
999679,0.030981446
999680,0.010602884
999681,0.0075985179
999682,0.0095419902
999683,0.0075669233
999684,0.010480814
999685,0.010512408
999686,0.016058601
999687,0.0062981099
999688,0.010640941
999689,0.011682847
999690,0.006227022
999691,0.0068639419
999692,0.039051011
999693,0.021485094
999694,0.0073407344
999695,0.029126694
999696,0.014259249
999697,0.0071849148
999698,0.022569008
999699,0.025741396
999700,0.0055455826
999701,0.0071856328
999702,0.0073098578
999703,0.035455421
999704,0.010817584
999705,0.030748075
999706,0.010681442
999707,0.013469382
999708,0.0088644587
999709,0.013033348
999710,0.0070937211
999711,0.016891425
999712,0.0076487823
999713,0.035192348
999714,0.031216251
999715,0.017543659
999716,0.010696231
999717,0.010565544
999718,0.0099548204
999719,0.016448628
999720,0.00731273
999721,0.017647777
999722,0.016800649
999723,0.012550318
999724,0.007576976
999725,0.02066076
999726,0.0068689683
999727,0.022076437
999728,0.0076401653
999729,0.010345099
999730,0.02079552
999731,0.023123629
999732,0.010372386
999733,0.010503073
999734,0.0064582624
999735,0.010516716
999736,0.030445771
999737,0.0072861616
999738,0.017329676
999739,0.007100184
999740,0.018264979
999741,0.020326143
999742,0.0062583787
999743,0.013442095
999744,0.021226456
999745,0.018599838
999746,0.010575597
999747,0.024388213
999748,0.0070405849
999749,0.0071238796
999750,0.015728401
999751,0.0077959844
999752,0.020981733
999753,0.0066733528
999754,0.0058945599
999755,0.028363068
999756,0.0075051701
999757,0.035702381
999758,0.006733973
999759,0.017359117
999760,0.0070204791
999761,0.0067041353
999762,0.013809742
999763,0.013250373
999764,0.015189137
999765,0.031752642
999766,0.0061552161
999767,0.019657629
999768,0.011460966
999769,0.0072394875
999770,0.0078239888
999771,0.0073443246
999772,0.018339988
999773,0.013131064
999774,0.020157399
999775,0.013910271
999776,0.027365291
999777,0.019554751
999778,0.032666244
999779,0.0098352749
999780,0.010654585
999781,0.010351563
999782,0.020317527
999783,0.016791131
999784,0.0016053455
999785,0.017767694
999786,0.024065804
999787,0.014052447
999788,0.0074951174
999789,0.034725603
999790,0.0097785164
999791,0.0074857823
999792,0.006828757
999793,0.029949592
999794,0.024742216
999795,0.019116282
999796,0.0061810664
999797,0.0076200599
999798,0.010521743
999799,0.016222427
999800,0.013408347
999801,0.0069486732
999802,0.0070585362
999803,0.009788285
999804,0.020325426
999805,0.017492676
999806,0.006468365
999807,0.02868679
999808,0.010871438
999809,0.0064108926
999810,0.0069623161
999811,0.0070829503
999812,0.013482307
999813,0.014163746
999814,0.013821231
999815,0.006086282
999816,0.010557646
999817,0.007093003
999818,0.0071526021
999819,0.013947611
999820,0.039294433
999821,0.01408117
999822,0.0096137179
999823,0.019680606
999824,0.011236213
999825,0.0063675279
999826,0.0069637522
999827,0.020680146
999828,0.038473692
999829,0.015114459
999830,0.0074742935
999831,0.0070606903
999832,0.016636029
999833,0.019111153
999834,0.024162022
999835,0.019175092
999836,0.017221967
999837,0.0089786304
999838,0.013620893
999839,0.0073874081
999840,0.0069429288
999841,0.013793227
999842,0.017084099
999843,0.02044175
999844,0.014177389
999845,0.013694853
999846,0.0021510541
999847,0.025040103
999848,0.010253188
999849,0.011869542
999850,0.019712025
999851,0.017116413
999852,0.0071245977
999853,0.010872156
999854,0.0073601217
999855,0.0042495644
999856,0.0096790195
999857,0.0076258043
999858,0.013471099
999859,0.00994155
999860,0.010606474
999861,0.0072624655
999862,0.010444192
999863,0.0022029714
999864,0.010541131
999865,0.013836311
999866,0.014315258
999867,0.0071296245
999868,0.0073436066
999869,0.012741269
999870,0.007100902
999871,0.010493739
999872,0.0136848
999873,0.010376695
999874,0.016637465
999875,0.01038962
999876,0.019972857
999877,0.0072560031
999878,0.010802505
999879,0.01101146
999880,0.010892262
999881,0.010795324
999882,0.012466918
999883,0.010294118
999884,0.010963351
999885,0.013903091
999886,0.037450455
999887,0.0070082722
999888,0.008870203
999889,0.0069357478
999890,0.017100615
999891,0.010713466
999892,0.0089786304
999893,0.0090547446
999894,0.0076502184
999895,0.013819077
999896,0.0073191924
999897,0.018357335
999898,0.0099307792
999899,0.010581342
999900,0.021870691
999901,0.01717242
999902,0.0071576289
999903,0.0031300448
999904,0.007247386
999905,0.0105081
999906,0.020659324
999907,0.0073191924
999908,0.0074039237
999909,0.0072682099
999910,0.0076056984
999911,0.010304889
999912,0.01783591
999913,0.024868594
999914,0.0072150733
999915,0.012934516
999916,0.0068108053
999917,0.0071820426
999918,0.013712087
999919,0.035601452
999920,0.023494333
999921,0.010818302
999922,0.010437012
999923,0.0072071748
999924,0.022509316
999925,0.039502673
999926,0.0062317187
999927,0.0072043026
999928,0.022420319
999929,0.010381003
999930,0.014028033
999931,0.035624642
999932,0.039328184
999933,0.010762293
999934,0.0075597428
999935,0.0098406095
999936,0.020955883
999937,0.010852769
999938,0.006996783
999939,0.0064568017
999940,0.020761289
999941,0.027938304
999942,0.019237181
999943,0.014705164
999944,0.0071985582
999945,0.0078950766
999946,0.010592831
999947,0.0081241382
999948,0.019370405
999949,0.0062959557
999950,0.0088235298
999951,0.010853487
999952,0.0071030562
999953,0.0055852192
999954,0.014103896
999955,0.0070886947
999956,0.007503734
999957,0.0074132583
999958,0.0073507871
999959,0.013926068
999960,0.034501377
999961,0.0056762695
999962,0.011423627
999963,0.0071863509
999964,0.020789852
999965,0.020984052
999966,0.023951631
999967,0.0070326859
999968,0.0071820426
999969,0.017046761
999970,0.0080458699
999971,0.0076315487
999972,0.01333939
999973,0.028001493
999974,0.015860524
999975,0.0094787721
999976,0.011368336
999977,0.0085205082
999978,0.014102711
999979,0.02377427
999980,0.0072215362
999981,0.010564108
999982,0.0082289753
999983,0.010757985
999984,0.009222771
999985,0.039477538
999986,0.026274001
999987,0.017739689
999988,0.017071174
999989,0.0083919745
999990,0.011667768
999991,0.02400046
999992,0.0076114428
999993,0.037944481
999994,0.03426281
999995,0.021373793
999996,0.0079733459
999997,0.013877958
999998,0.010341509
999999,0.006462581
